3 4 0 0
3 5 0 0
4 5 0 0
3 6 0 0
4 6 0 0
5 6 0 0
3 7 0 0
4 7 0 0
5 7 0 0
6 7 0 0
3 8 0 0
6 8 0 0
7 8 0 0
3 9 0 0
4 9 0 0
5 9 0 0
6 9 0 0
7 9 0 0
8 9 0 0
3 10 0 0
4 10 0 0
5 10 0 0
6 10 0 0
7 10 0 0
9 10 0 0
3 11 0 0
4 11 0 0
5 11 0 0
6 11 0 0
7 11 0 0
8 11 0 0
9 11 0 0
10 11 0 0
3 12 0 0
4 12 0 0
5 12 0 0
6 12 0 0
7 12 0 0
9 12 0 0
10 12 0 0
11 12 0 0
3 13 0 0
4 13 0 0
5 13 0 0
6 13 0 0
7 13 0 0
8 13 0 0
9 13 0 0
10 13 0 0
11 13 0 0
12 13 0 0
3 14 0 0
4 14 0 0
5 14 0 0
6 14 0 0
7 14 0 0
8 14 0 0
9 14 0 0
10 14 0 0
11 14 0 0
12 14 0 0
13 14 0 0
3 15 0 0
4 15 0 0
5 15 0 0
6 15 0 0
7 15 0 0
8 15 0 0
9 15 0 0
10 15 0 0
11 15 0 0
12 15 0 0
13 15 0 0
14 15 0 0
16 17 0 0
2 18 0 0
3 18 0 0
4 18 0 0
5 18 0 0
6 18 0 0
7 18 0 0
8 18 0 0
9 18 0 0
10 18 0 0
11 18 0 0
12 18 0 0
13 18 0 0
14 18 0 0
15 18 0 0
2 19 0 0
3 19 0 0
4 19 0 0
5 19 0 0
6 19 0 0
7 19 0 0
8 19 0 0
9 19 0 0
10 19 0 0
11 19 0 0
12 19 0 0
13 19 0 0
14 19 0 0
15 19 0 0
18 19 0 0
16 20 0 0
17 20 0 0
4 21 0 0
5 21 0 0
6 21 0 0
7 21 0 0
10 21 0 0
11 21 0 0
12 21 0 0
13 21 0 0
14 21 0 0
15 21 0 0
18 21 0 0
19 21 0 0
3 22 0 0
4 22 0 0
5 22 0 0
6 22 0 0
7 22 0 0
8 22 0 0
9 22 0 0
10 22 0 0
11 22 0 0
12 22 0 0
13 22 0 0
14 22 0 0
15 22 0 0
18 22 0 0
19 22 0 0
21 22 0 0
2 23 0 0
3 23 0 0
4 23 0 0
5 23 0 0
6 23 0 0
7 23 0 0
9 23 0 0
10 23 0 0
11 23 0 0
12 23 0 0
13 23 0 0
14 23 0 0
15 23 0 0
18 23 0 0
19 23 0 0
21 23 0 0
22 23 0 0
2 24 0 0
3 24 0 0
4 24 0 0
5 24 0 0
6 24 0 0
7 24 0 0
10 24 0 0
11 24 0 0
12 24 0 0
13 24 0 0
14 24 0 0
15 24 0 0
18 24 0 0
19 24 0 0
21 24 0 0
22 24 0 0
23 24 0 0
2 25 0 0
3 25 0 0
4 25 0 0
5 25 0 0
6 25 0 0
7 25 0 0
8 25 0 0
9 25 0 0
10 25 0 0
11 25 0 0
12 25 0 0
13 25 0 0
14 25 0 0
15 25 0 0
18 25 0 0
19 25 0 0
21 25 0 0
22 25 0 0
23 25 0 0
24 25 0 0
2 26 0 0
3 26 0 0
4 26 0 0
5 26 0 0
6 26 0 0
7 26 0 0
9 26 0 0
10 26 0 0
11 26 0 0
12 26 0 0
13 26 0 0
14 26 0 0
15 26 0 0
18 26 0 0
19 26 0 0
21 26 0 0
22 26 0 0
23 26 0 0
24 26 0 0
25 26 0 0
16 27 0 0
17 27 0 0
20 27 0 0
2 28 0 0
16 28 0 0
17 28 0 0
20 28 0 0
21 28 0 0
24 28 0 0
26 28 0 0
27 28 0 0
2 29 0 0
10 29 0 0
12 29 0 0
14 29 0 0
18 29 0 0
19 29 0 0
21 29 0 0
22 29 0 0
23 29 0 0
24 29 0 0
25 29 0 0
26 29 0 0
28 29 0 0
2 30 0 0
10 30 0 0
17 30 0 0
21 30 0 0
23 30 0 0
24 30 0 0
26 30 0 0
27 30 0 0
28 30 0 0
29 30 0 0
16 32 0 0
17 32 0 0
20 32 0 0
27 32 0 0
28 32 0 0
2 33 0 0
7 33 0 0
8 33 0 0
9 33 0 0
10 33 0 0
11 33 0 0
12 33 0 0
13 33 0 0
14 33 0 0
15 33 0 0
18 33 0 0
19 33 0 0
21 33 0 0
22 33 0 0
23 33 0 0
24 33 0 0
25 33 0 0
26 33 0 0
29 33 0 0
2 34 0 0
10 34 0 0
14 34 0 0
18 34 0 0
19 34 0 0
21 34 0 0
22 34 0 0
23 34 0 0
24 34 0 0
25 34 0 0
26 34 0 0
28 34 0 0
29 34 0 0
30 34 0 0
33 34 0 0
2 35 0 0
10 35 0 0
17 35 0 0
18 35 0 0
21 35 0 0
23 35 0 0
24 35 0 0
26 35 0 0
27 35 0 0
28 35 0 0
29 35 0 0
30 35 0 0
34 35 0 0
2 36 0 0
7 36 0 0
8 36 0 0
9 36 0 0
11 36 0 0
13 36 0 0
14 36 0 0
15 36 0 0
18 36 0 0
19 36 0 0
22 36 0 0
25 36 0 0
31 36 0 0
33 36 0 0
16 37 0 0
17 37 0 0
20 37 0 0
27 37 0 0
28 37 0 0
32 37 0 0
2 38 0 0
10 38 0 0
16 38 0 0
17 38 0 0
20 38 0 0
21 38 0 0
23 38 0 0
24 38 0 0
26 38 0 0
27 38 0 0
28 38 0 0
29 38 0 0
30 38 0 0
34 38 0 0
35 38 0 0
37 38 0 0
2 39 0 0
3 39 0 0
4 39 0 0
5 39 0 0
6 39 0 0
7 39 0 0
8 39 0 0
9 39 0 0
10 39 0 0
11 39 0 0
12 39 0 0
13 39 0 0
14 39 0 0
15 39 0 0
18 39 0 0
19 39 0 0
21 39 0 0
22 39 0 0
23 39 0 0
24 39 0 0
25 39 0 0
26 39 0 0
28 39 0 0
29 39 0 0
30 39 0 0
33 39 0 0
34 39 0 0
35 39 0 0
36 39 0 0
38 39 0 0
2 40 0 0
10 40 0 0
16 40 0 0
17 40 0 0
20 40 0 0
21 40 0 0
23 40 0 0
24 40 0 0
26 40 0 0
27 40 0 0
28 40 0 0
29 40 0 0
30 40 0 0
34 40 0 0
35 40 0 0
37 40 0 0
38 40 0 0
39 40 0 0
2 41 0 0
4 41 0 0
5 41 0 0
6 41 0 0
7 41 0 0
10 41 0 0
11 41 0 0
12 41 0 0
13 41 0 0
14 41 0 0
15 41 0 0
17 41 0 0
18 41 0 0
19 41 0 0
21 41 0 0
22 41 0 0
23 41 0 0
24 41 0 0
25 41 0 0
26 41 0 0
27 41 0 0
28 41 0 0
29 41 0 0
30 41 0 0
33 41 0 0
34 41 0 0
35 41 0 0
38 41 0 0
39 41 0 0
40 41 0 0
16 42 0 0
17 42 0 0
20 42 0 0
27 42 0 0
28 42 0 0
30 42 0 0
32 42 0 0
37 42 0 0
38 42 0 0
40 42 0 0
2 43 0 0
10 43 0 0
12 43 0 0
17 43 0 0
18 43 0 0
21 43 0 0
23 43 0 0
24 43 0 0
26 43 0 0
27 43 0 0
28 43 0 0
29 43 0 0
30 43 0 0
34 43 0 0
35 43 0 0
38 43 0 0
39 43 0 0
40 43 0 0
41 43 0 0
42 43 0 0
16 44 0 0
17 44 0 0
20 44 0 0
27 44 0 0
28 44 0 0
30 44 0 0
32 44 0 0
35 44 0 0
37 44 0 0
38 44 0 0
40 44 0 0
41 44 0 0
42 44 0 0
43 44 0 0
2 45 0 0
31 45 0 0
33 45 0 0
36 45 0 0
39 45 0 0
31 46 0 0
31 47 0 0
33 47 0 0
36 47 0 0
45 47 0 0
46 47 0 0
2 48 0 0
31 48 0 0
33 48 0 0
36 48 0 0
39 48 0 0
45 48 0 0
47 48 0 0
2 49 0 0
33 49 0 0
34 49 0 0
39 49 0 0
45 49 0 0
47 49 0 0
48 49 0 0
2 50 0 0
33 50 0 0
36 50 0 0
39 50 0 0
45 50 0 0
47 50 0 0
48 50 0 0
49 50 0 0
31 51 0 0
46 51 0 0
16 52 0 0
17 52 0 0
27 52 0 0
28 52 0 0
32 52 0 0
37 52 0 0
42 52 0 0
44 52 0 0
16 53 0 0
17 53 0 0
27 53 0 0
28 53 0 0
30 53 0 0
32 53 0 0
37 53 0 0
38 53 0 0
42 53 0 0
44 53 0 0
52 53 0 0
2 54 0 0
17 54 0 0
27 54 0 0
28 54 0 0
29 54 0 0
30 54 0 0
34 54 0 0
35 54 0 0
38 54 0 0
39 54 0 0
40 54 0 0
41 54 0 0
42 54 0 0
43 54 0 0
44 54 0 0
52 54 0 0
53 54 0 0
19 55 0 0
31 55 0 0
33 55 0 0
36 55 0 0
39 55 0 0
45 55 0 0
47 55 0 0
48 55 0 0
49 55 0 0
50 55 0 0
31 56 0 0
45 56 0 0
46 56 0 0
47 56 0 0
51 56 0 0
55 56 0 0
31 57 0 0
36 57 0 0
45 57 0 0
46 57 0 0
47 57 0 0
48 57 0 0
50 57 0 0
51 57 0 0
55 57 0 0
56 57 0 0
31 58 0 0
33 58 0 0
36 58 0 0
45 58 0 0
46 58 0 0
47 58 0 0
48 58 0 0
49 58 0 0
50 58 0 0
51 58 0 0
55 58 0 0
56 58 0 0
57 58 0 0
31 59 0 0
46 59 0 0
47 59 0 0
51 59 0 0
55 59 0 0
56 59 0 0
57 59 0 0
58 59 0 0
2 60 0 0
18 60 0 0
19 60 0 0
25 60 0 0
26 60 0 0
29 60 0 0
33 60 0 0
34 60 0 0
35 60 0 0
36 60 0 0
39 60 0 0
41 60 0 0
45 60 0 0
48 60 0 0
49 60 0 0
50 60 0 0
55 60 0 0
2 61 0 0
18 61 0 0
19 61 0 0
29 61 0 0
33 61 0 0
34 61 0 0
36 61 0 0
39 61 0 0
41 61 0 0
45 61 0 0
47 61 0 0
48 61 0 0
49 61 0 0
50 61 0 0
55 61 0 0
58 61 0 0
60 61 0 0
2 62 0 0
18 62 0 0
19 62 0 0
31 62 0 0
33 62 0 0
36 62 0 0
39 62 0 0
45 62 0 0
47 62 0 0
48 62 0 0
49 62 0 0
50 62 0 0
55 62 0 0
56 62 0 0
57 62 0 0
58 62 0 0
59 62 0 0
60 62 0 0
61 62 0 0
2 63 0 0
18 63 0 0
21 63 0 0
23 63 0 0
24 63 0 0
26 63 0 0
28 63 0 0
29 63 0 0
30 63 0 0
33 63 0 0
34 63 0 0
35 63 0 0
38 63 0 0
39 63 0 0
40 63 0 0
41 63 0 0
43 63 0 0
44 63 0 0
54 63 0 0
60 63 0 0
2 64 0 0
18 64 0 0
19 64 0 0
21 64 0 0
23 64 0 0
24 64 0 0
25 64 0 0
26 64 0 0
28 64 0 0
29 64 0 0
30 64 0 0
33 64 0 0
34 64 0 0
35 64 0 0
38 64 0 0
39 64 0 0
40 64 0 0
41 64 0 0
43 64 0 0
49 64 0 0
54 64 0 0
60 64 0 0
61 64 0 0
63 64 0 0
2 65 0 0
18 65 0 0
19 65 0 0
29 65 0 0
33 65 0 0
34 65 0 0
36 65 0 0
39 65 0 0
41 65 0 0
45 65 0 0
47 65 0 0
48 65 0 0
49 65 0 0
50 65 0 0
55 65 0 0
60 65 0 0
61 65 0 0
62 65 0 0
63 65 0 0
64 65 0 0
2 66 0 0
16 66 0 0
17 66 0 0
27 66 0 0
28 66 0 0
30 66 0 0
32 66 0 0
35 66 0 0
37 66 0 0
38 66 0 0
40 66 0 0
42 66 0 0
43 66 0 0
44 66 0 0
52 66 0 0
53 66 0 0
54 66 0 0
63 66 0 0
2 67 0 0
27 67 0 0
28 67 0 0
29 67 0 0
30 67 0 0
34 67 0 0
35 67 0 0
38 67 0 0
39 67 0 0
40 67 0 0
41 67 0 0
43 67 0 0
44 67 0 0
53 67 0 0
54 67 0 0
60 67 0 0
63 67 0 0
64 67 0 0
66 67 0 0
46 68 0 0
51 68 0 0
59 68 0 0
2 69 0 0
54 69 0 0
66 69 0 0
67 69 0 0
46 70 0 0
47 70 0 0
51 70 0 0
59 70 0 0
68 70 0 0
2 71 0 0
49 71 0 0
60 71 0 0
61 71 0 0
64 71 0 0
65 71 0 0
67 71 0 0
69 71 0 0
2 72 0 0
54 72 0 0
60 72 0 0
63 72 0 0
67 72 0 0
69 72 0 0
71 72 0 0
1 73 0 0
31 73 0 0
45 73 0 0
46 73 0 0
47 73 0 0
48 73 0 0
49 73 0 0
50 73 0 0
55 73 0 0
56 73 0 0
57 73 0 0
58 73 0 0
59 73 0 0
61 73 0 0
62 73 0 0
68 73 0 0
70 73 0 0
2 74 0 0
33 74 0 0
45 74 0 0
47 74 0 0
48 74 0 0
49 74 0 0
50 74 0 0
60 74 0 0
61 74 0 0
62 74 0 0
64 74 0 0
65 74 0 0
71 74 0 0
72 74 0 0
73 74 0 0
2 75 0 0
54 75 0 0
63 75 0 0
66 75 0 0
67 75 0 0
69 75 0 0
71 75 0 0
72 75 0 0
2 76 0 0
49 76 0 0
54 76 0 0
60 76 0 0
63 76 0 0
64 76 0 0
67 76 0 0
69 76 0 0
71 76 0 0
72 76 0 0
74 76 0 0
75 76 0 0
2 77 0 0
49 77 0 0
50 77 0 0
60 77 0 0
61 77 0 0
63 77 0 0
64 77 0 0
65 77 0 0
67 77 0 0
69 77 0 0
71 77 0 0
72 77 0 0
74 77 0 0
75 77 0 0
76 77 0 0
1 78 0 0
31 78 0 0
46 78 0 0
47 78 0 0
51 78 0 0
56 78 0 0
57 78 0 0
58 78 0 0
59 78 0 0
68 78 0 0
70 78 0 0
73 78 0 0
2 79 0 0
53 79 0 0
66 79 0 0
69 79 0 0
72 79 0 0
75 79 0 0
2 80 0 0
54 80 0 0
66 80 0 0
67 80 0 0
69 80 0 0
71 80 0 0
72 80 0 0
75 80 0 0
76 80 0 0
77 80 0 0
79 80 0 0
2 81 0 0
45 81 0 0
48 81 0 0
49 81 0 0
50 81 0 0
60 81 0 0
61 81 0 0
64 81 0 0
65 81 0 0
71 81 0 0
72 81 0 0
74 81 0 0
75 81 0 0
76 81 0 0
77 81 0 0
80 81 0 0
2 82 0 0
69 82 0 0
71 82 0 0
72 82 0 0
74 82 0 0
75 82 0 0
76 82 0 0
77 82 0 0
80 82 0 0
81 82 0 0
1 83 0 0
70 83 0 0
73 83 0 0
78 83 0 0
1 84 0 0
2 84 0 0
50 84 0 0
73 84 0 0
74 84 0 0
81 84 0 0
83 84 0 0
1 85 0 0
2 85 0 0
49 85 0 0
71 85 0 0
73 85 0 0
74 85 0 0
77 85 0 0
81 85 0 0
82 85 0 0
83 85 0 0
84 85 0 0
2 86 0 0
71 86 0 0
72 86 0 0
74 86 0 0
76 86 0 0
77 86 0 0
80 86 0 0
81 86 0 0
82 86 0 0
84 86 0 0
85 86 0 0
2 87 0 0
69 87 0 0
71 87 0 0
72 87 0 0
75 87 0 0
76 87 0 0
77 87 0 0
79 87 0 0
80 87 0 0
82 87 0 0
86 87 0 0
79 88 0 0
79 89 0 0
88 89 0 0
1 90 0 0
70 90 0 0
73 90 0 0
78 90 0 0
83 90 0 0
84 90 0 0
69 91 0 0
75 91 0 0
79 91 0 0
80 91 0 0
87 91 0 0
88 91 0 0
89 91 0 0
69 92 0 0
72 92 0 0
75 92 0 0
79 92 0 0
80 92 0 0
87 92 0 0
88 92 0 0
89 92 0 0
91 92 0 0
1 93 0 0
73 93 0 0
74 93 0 0
83 93 0 0
84 93 0 0
85 93 0 0
90 93 0 0
1 94 0 0
68 94 0 0
70 94 0 0
73 94 0 0
78 94 0 0
83 94 0 0
84 94 0 0
90 94 0 0
93 94 0 0
1 95 0 0
68 95 0 0
70 95 0 0
73 95 0 0
78 95 0 0
83 95 0 0
84 95 0 0
85 95 0 0
90 95 0 0
93 95 0 0
94 95 0 0
1 96 0 0
2 96 0 0
73 96 0 0
74 96 0 0
77 96 0 0
81 96 0 0
82 96 0 0
83 96 0 0
84 96 0 0
85 96 0 0
86 96 0 0
90 96 0 0
93 96 0 0
94 96 0 0
95 96 0 0
2 97 0 0
69 97 0 0
71 97 0 0
72 97 0 0
75 97 0 0
76 97 0 0
77 97 0 0
79 97 0 0
80 97 0 0
81 97 0 0
82 97 0 0
86 97 0 0
87 97 0 0
91 97 0 0
92 97 0 0
1 98 0 0
2 98 0 0
71 98 0 0
74 98 0 0
76 98 0 0
77 98 0 0
81 98 0 0
82 98 0 0
84 98 0 0
85 98 0 0
86 98 0 0
93 98 0 0
96 98 0 0
2 99 0 0
69 99 0 0
71 99 0 0
72 99 0 0
75 99 0 0
76 99 0 0
79 99 0 0
80 99 0 0
82 99 0 0
87 99 0 0
88 99 0 0
89 99 0 0
91 99 0 0
92 99 0 0
97 99 0 0
1 100 0 0
2 100 0 0
71 100 0 0
74 100 0 0
77 100 0 0
81 100 0 0
82 100 0 0
83 100 0 0
84 100 0 0
85 100 0 0
86 100 0 0
93 100 0 0
95 100 0 0
96 100 0 0
98 100 0 0
1 101 0 0
68 101 0 0
70 101 0 0
73 101 0 0
78 101 0 0
83 101 0 0
90 101 0 0
93 101 0 0
94 101 0 0
95 101 0 0
2 102 0 0
69 102 0 0
71 102 0 0
72 102 0 0
75 102 0 0
76 102 0 0
77 102 0 0
80 102 0 0
81 102 0 0
82 102 0 0
86 102 0 0
87 102 0 0
91 102 0 0
92 102 0 0
97 102 0 0
99 102 0 0
2 103 0 0
69 103 0 0
71 103 0 0
72 103 0 0
75 103 0 0
76 103 0 0
79 103 0 0
80 103 0 0
82 103 0 0
86 103 0 0
87 103 0 0
91 103 0 0
92 103 0 0
97 103 0 0
99 103 0 0
102 103 0 0
1 104 0 0
2 104 0 0
71 104 0 0
74 104 0 0
77 104 0 0
81 104 0 0
82 104 0 0
83 104 0 0
84 104 0 0
85 104 0 0
86 104 0 0
90 104 0 0
93 104 0 0
95 104 0 0
96 104 0 0
98 104 0 0
100 104 0 0
88 105 0 0
89 105 0 0
91 105 0 0
92 105 0 0
99 105 0 0
103 105 0 0
1 106 0 0
90 106 0 0
94 106 0 0
95 106 0 0
101 106 0 0
1 107 0 0
83 107 0 0
90 107 0 0
94 107 0 0
95 107 0 0
101 107 0 0
106 107 0 0
106 108 0 0
107 108 0 0
1 110 0 0
90 110 0 0
106 110 0 0
107 110 0 0
108 110 0 0
90 111 0 0
101 111 0 0
106 111 0 0
107 111 0 0
108 111 0 0
110 111 0 0
82 112 0 0
86 112 0 0
97 112 0 0
98 112 0 0
102 112 0 0
103 112 0 0
104 112 0 0
109 112 0 0
1 113 0 0
90 113 0 0
94 113 0 0
95 113 0 0
101 113 0 0
106 113 0 0
107 113 0 0
108 113 0 0
110 113 0 0
111 113 0 0
1 114 0 0
90 114 0 0
94 114 0 0
95 114 0 0
101 114 0 0
106 114 0 0
107 114 0 0
108 114 0 0
110 114 0 0
111 114 0 0
113 114 0 0
1 115 0 0
83 115 0 0
90 115 0 0
93 115 0 0
94 115 0 0
95 115 0 0
101 115 0 0
104 115 0 0
106 115 0 0
107 115 0 0
108 115 0 0
110 115 0 0
111 115 0 0
113 115 0 0
114 115 0 0
82 116 0 0
86 116 0 0
96 116 0 0
98 116 0 0
100 116 0 0
102 116 0 0
104 116 0 0
109 116 0 0
112 116 0 0
102 117 0 0
103 117 0 0
104 117 0 0
109 117 0 0
112 117 0 0
116 117 0 0
1 118 0 0
93 118 0 0
96 118 0 0
100 118 0 0
104 118 0 0
109 118 0 0
112 118 0 0
115 118 0 0
116 118 0 0
117 118 0 0
87 119 0 0
88 119 0 0
89 119 0 0
91 119 0 0
92 119 0 0
97 119 0 0
99 119 0 0
102 119 0 0
103 119 0 0
105 119 0 0
1 120 0 0
82 120 0 0
84 120 0 0
85 120 0 0
86 120 0 0
93 120 0 0
96 120 0 0
98 120 0 0
100 120 0 0
102 120 0 0
104 120 0 0
109 120 0 0
112 120 0 0
116 120 0 0
117 120 0 0
118 120 0 0
1 121 0 0
83 121 0 0
84 121 0 0
85 121 0 0
90 121 0 0
93 121 0 0
94 121 0 0
95 121 0 0
96 121 0 0
98 121 0 0
100 121 0 0
101 121 0 0
104 121 0 0
107 121 0 0
110 121 0 0
114 121 0 0
115 121 0 0
118 121 0 0
120 121 0 0
1 122 0 0
82 122 0 0
84 122 0 0
85 122 0 0
86 122 0 0
93 122 0 0
96 122 0 0
98 122 0 0
100 122 0 0
102 122 0 0
104 122 0 0
109 122 0 0
112 122 0 0
116 122 0 0
117 122 0 0
118 122 0 0
120 122 0 0
121 122 0 0
1 123 0 0
83 123 0 0
84 123 0 0
90 123 0 0
93 123 0 0
94 123 0 0
95 123 0 0
101 123 0 0
106 123 0 0
107 123 0 0
108 123 0 0
110 123 0 0
111 123 0 0
113 123 0 0
114 123 0 0
115 123 0 0
121 123 0 0
1 124 0 0
70 124 0 0
83 124 0 0
90 124 0 0
94 124 0 0
95 124 0 0
101 124 0 0
106 124 0 0
107 124 0 0
108 124 0 0
110 124 0 0
111 124 0 0
113 124 0 0
114 124 0 0
115 124 0 0
123 124 0 0
1 125 0 0
83 125 0 0
84 125 0 0
85 125 0 0
86 125 0 0
90 125 0 0
93 125 0 0
94 125 0 0
95 125 0 0
96 125 0 0
98 125 0 0
100 125 0 0
104 125 0 0
109 125 0 0
114 125 0 0
115 125 0 0
116 125 0 0
118 125 0 0
120 125 0 0
121 125 0 0
122 125 0 0
123 125 0 0
1 126 0 0
81 126 0 0
83 126 0 0
84 126 0 0
85 126 0 0
86 126 0 0
90 126 0 0
93 126 0 0
95 126 0 0
96 126 0 0
98 126 0 0
100 126 0 0
104 126 0 0
112 126 0 0
115 126 0 0
116 126 0 0
117 126 0 0
118 126 0 0
120 126 0 0
121 126 0 0
122 126 0 0
123 126 0 0
125 126 0 0
1 127 0 0
81 127 0 0
82 127 0 0
84 127 0 0
85 127 0 0
86 127 0 0
93 127 0 0
96 127 0 0
98 127 0 0
100 127 0 0
104 127 0 0
109 127 0 0
112 127 0 0
116 127 0 0
117 127 0 0
118 127 0 0
120 127 0 0
121 127 0 0
122 127 0 0
125 127 0 0
126 127 0 0
1 128 0 0
81 128 0 0
82 128 0 0
84 128 0 0
85 128 0 0
86 128 0 0
93 128 0 0
96 128 0 0
98 128 0 0
100 128 0 0
102 128 0 0
104 128 0 0
109 128 0 0
112 128 0 0
116 128 0 0
117 128 0 0
118 128 0 0
120 128 0 0
121 128 0 0
122 128 0 0
125 128 0 0
126 128 0 0
127 128 0 0
1 129 0 0
83 129 0 0
84 129 0 0
90 129 0 0
93 129 0 0
94 129 0 0
95 129 0 0
96 129 0 0
101 129 0 0
106 129 0 0
107 129 0 0
108 129 0 0
110 129 0 0
111 129 0 0
113 129 0 0
114 129 0 0
115 129 0 0
121 129 0 0
123 129 0 0
124 129 0 0
125 129 0 0
126 129 0 0
1 130 0 0
83 130 0 0
84 130 0 0
85 130 0 0
90 130 0 0
93 130 0 0
94 130 0 0
95 130 0 0
96 130 0 0
100 130 0 0
101 130 0 0
104 130 0 0
106 130 0 0
107 130 0 0
108 130 0 0
110 130 0 0
113 130 0 0
114 130 0 0
115 130 0 0
118 130 0 0
120 130 0 0
121 130 0 0
123 130 0 0
124 130 0 0
125 130 0 0
126 130 0 0
127 130 0 0
129 130 0 0
1 131 0 0
81 131 0 0
82 131 0 0
84 131 0 0
85 131 0 0
86 131 0 0
93 131 0 0
96 131 0 0
98 131 0 0
100 131 0 0
102 131 0 0
104 131 0 0
109 131 0 0
112 131 0 0
116 131 0 0
117 131 0 0
118 131 0 0
120 131 0 0
121 131 0 0
122 131 0 0
125 131 0 0
126 131 0 0
127 131 0 0
128 131 0 0
1 132 0 0
83 132 0 0
84 132 0 0
85 132 0 0
86 132 0 0
90 132 0 0
93 132 0 0
95 132 0 0
96 132 0 0
98 132 0 0
100 132 0 0
104 132 0 0
109 132 0 0
112 132 0 0
115 132 0 0
116 132 0 0
117 132 0 0
118 132 0 0
120 132 0 0
121 132 0 0
122 132 0 0
123 132 0 0
125 132 0 0
126 132 0 0
127 132 0 0
128 132 0 0
129 132 0 0
130 132 0 0
131 132 0 0
46 133 0 0
68 133 0 0
70 133 0 0
73 133 0 0
78 133 0 0
83 133 0 0
90 133 0 0
94 133 0 0
95 133 0 0
101 133 0 0
124 133 0 0
1 134 0 0
46 134 0 0
68 134 0 0
70 134 0 0
73 134 0 0
78 134 0 0
83 134 0 0
90 134 0 0
94 134 0 0
95 134 0 0
101 134 0 0
124 134 0 0
129 134 0 0
133 134 0 0
1 135 0 0
46 135 0 0
47 135 0 0
59 135 0 0
68 135 0 0
70 135 0 0
73 135 0 0
78 135 0 0
83 135 0 0
84 135 0 0
90 135 0 0
93 135 0 0
94 135 0 0
95 135 0 0
101 135 0 0
123 135 0 0
124 135 0 0
129 135 0 0
130 135 0 0
133 135 0 0
134 135 0 0
79 136 0 0
88 136 0 0
89 136 0 0
91 136 0 0
92 136 0 0
99 136 0 0
53 137 0 0
69 137 0 0
79 137 0 0
88 137 0 0
89 137 0 0
91 137 0 0
92 137 0 0
99 137 0 0
136 137 0 0
2 138 0 0
48 138 0 0
49 138 0 0
50 138 0 0
60 138 0 0
61 138 0 0
71 138 0 0
72 138 0 0
74 138 0 0
76 138 0 0
77 138 0 0
80 138 0 0
81 138 0 0
82 138 0 0
84 138 0 0
85 138 0 0
86 138 0 0
93 138 0 0
96 138 0 0
98 138 0 0
100 138 0 0
102 138 0 0
104 138 0 0
120 138 0 0
125 138 0 0
126 138 0 0
127 138 0 0
128 138 0 0
131 138 0 0
132 138 0 0
1 139 0 0
46 139 0 0
47 139 0 0
48 139 0 0
50 139 0 0
68 139 0 0
70 139 0 0
73 139 0 0
78 139 0 0
83 139 0 0
84 139 0 0
85 139 0 0
90 139 0 0
93 139 0 0
94 139 0 0
95 139 0 0
96 139 0 0
100 139 0 0
101 139 0 0
121 139 0 0
123 139 0 0
124 139 0 0
125 139 0 0
126 139 0 0
129 139 0 0
130 139 0 0
133 139 0 0
134 139 0 0
135 139 0 0
1 140 0 0
2 140 0 0
45 140 0 0
47 140 0 0
48 140 0 0
49 140 0 0
50 140 0 0
61 140 0 0
73 140 0 0
74 140 0 0
78 140 0 0
81 140 0 0
83 140 0 0
84 140 0 0
85 140 0 0
90 140 0 0
93 140 0 0
94 140 0 0
95 140 0 0
96 140 0 0
98 140 0 0
100 140 0 0
101 140 0 0
104 140 0 0
121 140 0 0
125 140 0 0
126 140 0 0
129 140 0 0
130 140 0 0
132 140 0 0
134 140 0 0
135 140 0 0
138 140 0 0
139 140 0 0
2 141 0 0
49 141 0 0
60 141 0 0
69 141 0 0
71 141 0 0
72 141 0 0
74 141 0 0
75 141 0 0
76 141 0 0
77 141 0 0
80 141 0 0
81 141 0 0
82 141 0 0
85 141 0 0
86 141 0 0
87 141 0 0
96 141 0 0
97 141 0 0
98 141 0 0
99 141 0 0
100 141 0 0
102 141 0 0
103 141 0 0
104 141 0 0
120 141 0 0
126 141 0 0
127 141 0 0
128 141 0 0
131 141 0 0
138 141 0 0
2 142 0 0
60 142 0 0
69 142 0 0
71 142 0 0
72 142 0 0
74 142 0 0
75 142 0 0
76 142 0 0
77 142 0 0
79 142 0 0
80 142 0 0
81 142 0 0
82 142 0 0
86 142 0 0
87 142 0 0
92 142 0 0
97 142 0 0
98 142 0 0
99 142 0 0
102 142 0 0
103 142 0 0
104 142 0 0
128 142 0 0
131 142 0 0
138 142 0 0
141 142 0 0
2 143 0 0
53 143 0 0
66 143 0 0
69 143 0 0
72 143 0 0
75 143 0 0
79 143 0 0
80 143 0 0
87 143 0 0
88 143 0 0
89 143 0 0
91 143 0 0
92 143 0 0
97 143 0 0
99 143 0 0
102 143 0 0
103 143 0 0
119 143 0 0
136 143 0 0
137 143 0 0
142 143 0 0
2 144 0 0
69 144 0 0
71 144 0 0
72 144 0 0
75 144 0 0
76 144 0 0
77 144 0 0
79 144 0 0
80 144 0 0
82 144 0 0
87 144 0 0
91 144 0 0
92 144 0 0
97 144 0 0
99 144 0 0
102 144 0 0
103 144 0 0
136 144 0 0
137 144 0 0
141 144 0 0
142 144 0 0
143 144 0 0
2 145 0 0
49 145 0 0
50 145 0 0
60 145 0 0
71 145 0 0
72 145 0 0
74 145 0 0
76 145 0 0
77 145 0 0
80 145 0 0
81 145 0 0
82 145 0 0
84 145 0 0
85 145 0 0
86 145 0 0
87 145 0 0
93 145 0 0
96 145 0 0
97 145 0 0
98 145 0 0
100 145 0 0
102 145 0 0
104 145 0 0
116 145 0 0
120 145 0 0
122 145 0 0
125 145 0 0
126 145 0 0
127 145 0 0
128 145 0 0
131 145 0 0
132 145 0 0
138 145 0 0
140 145 0 0
141 145 0 0
142 145 0 0
1 146 0 0
2 146 0 0
48 146 0 0
49 146 0 0
50 146 0 0
60 146 0 0
61 146 0 0
71 146 0 0
73 146 0 0
74 146 0 0
76 146 0 0
77 146 0 0
81 146 0 0
82 146 0 0
84 146 0 0
85 146 0 0
86 146 0 0
93 146 0 0
96 146 0 0
98 146 0 0
100 146 0 0
104 146 0 0
120 146 0 0
125 146 0 0
126 146 0 0
127 146 0 0
128 146 0 0
131 146 0 0
132 146 0 0
138 146 0 0
139 146 0 0
140 146 0 0
141 146 0 0
142 146 0 0
145 146 0 0
1 147 0 0
47 147 0 0
48 147 0 0
49 147 0 0
50 147 0 0
70 147 0 0
73 147 0 0
74 147 0 0
78 147 0 0
83 147 0 0
84 147 0 0
85 147 0 0
90 147 0 0
93 147 0 0
94 147 0 0
95 147 0 0
96 147 0 0
98 147 0 0
100 147 0 0
101 147 0 0
104 147 0 0
121 147 0 0
123 147 0 0
125 147 0 0
126 147 0 0
127 147 0 0
129 147 0 0
130 147 0 0
132 147 0 0
134 147 0 0
135 147 0 0
138 147 0 0
139 147 0 0
140 147 0 0
146 147 0 0
1 148 0 0
46 148 0 0
68 148 0 0
70 148 0 0
73 148 0 0
78 148 0 0
83 148 0 0
84 148 0 0
90 148 0 0
93 148 0 0
94 148 0 0
95 148 0 0
101 148 0 0
106 148 0 0
107 148 0 0
123 148 0 0
124 148 0 0
129 148 0 0
130 148 0 0
133 148 0 0
134 148 0 0
135 148 0 0
139 148 0 0
140 148 0 0
147 148 0 0
69 149 0 0
75 149 0 0
79 149 0 0
80 149 0 0
87 149 0 0
88 149 0 0
89 149 0 0
91 149 0 0
92 149 0 0
97 149 0 0
99 149 0 0
103 149 0 0
105 149 0 0
119 149 0 0
136 149 0 0
137 149 0 0
143 149 0 0
144 149 0 0
2 150 0 0
69 150 0 0
72 150 0 0
75 150 0 0
76 150 0 0
79 150 0 0
80 150 0 0
82 150 0 0
87 150 0 0
88 150 0 0
89 150 0 0
91 150 0 0
92 150 0 0
97 150 0 0
99 150 0 0
102 150 0 0
103 150 0 0
119 150 0 0
136 150 0 0
137 150 0 0
142 150 0 0
143 150 0 0
144 150 0 0
149 150 0 0
1 151 0 0
68 151 0 0
70 151 0 0
73 151 0 0
78 151 0 0
83 151 0 0
84 151 0 0
90 151 0 0
93 151 0 0
94 151 0 0
95 151 0 0
96 151 0 0
101 151 0 0
107 151 0 0
121 151 0 0
123 151 0 0
124 151 0 0
125 151 0 0
129 151 0 0
130 151 0 0
133 151 0 0
134 151 0 0
135 151 0 0
139 151 0 0
140 151 0 0
147 151 0 0
148 151 0 0
1 152 0 0
2 152 0 0
49 152 0 0
50 152 0 0
73 152 0 0
74 152 0 0
78 152 0 0
81 152 0 0
83 152 0 0
84 152 0 0
85 152 0 0
86 152 0 0
90 152 0 0
93 152 0 0
94 152 0 0
95 152 0 0
96 152 0 0
98 152 0 0
100 152 0 0
101 152 0 0
104 152 0 0
121 152 0 0
125 152 0 0
126 152 0 0
127 152 0 0
128 152 0 0
129 152 0 0
130 152 0 0
132 152 0 0
135 152 0 0
138 152 0 0
139 152 0 0
140 152 0 0
145 152 0 0
146 152 0 0
147 152 0 0
148 152 0 0
151 152 0 0
1 153 0 0
2 153 0 0
48 153 0 0
49 153 0 0
50 153 0 0
73 153 0 0
74 153 0 0
77 153 0 0
81 153 0 0
83 153 0 0
84 153 0 0
85 153 0 0
86 153 0 0
90 153 0 0
93 153 0 0
94 153 0 0
95 153 0 0
96 153 0 0
98 153 0 0
100 153 0 0
104 153 0 0
120 153 0 0
121 153 0 0
125 153 0 0
126 153 0 0
127 153 0 0
128 153 0 0
130 153 0 0
131 153 0 0
132 153 0 0
135 153 0 0
138 153 0 0
139 153 0 0
140 153 0 0
141 153 0 0
145 153 0 0
146 153 0 0
147 153 0 0
151 153 0 0
152 153 0 0
27 154 0 0
32 154 0 0
52 154 0 0
53 154 0 0
66 154 0 0
79 154 0 0
136 154 0 0
137 154 0 0
143 154 0 0
149 154 0 0
31 155 0 0
45 155 0 0
46 155 0 0
47 155 0 0
48 155 0 0
49 155 0 0
50 155 0 0
55 155 0 0
56 155 0 0
57 155 0 0
58 155 0 0
59 155 0 0
61 155 0 0
62 155 0 0
68 155 0 0
70 155 0 0
73 155 0 0
78 155 0 0
83 155 0 0
84 155 0 0
94 155 0 0
95 155 0 0
134 155 0 0
135 155 0 0
139 155 0 0
140 155 0 0
147 155 0 0
148 155 0 0
151 155 0 0
152 155 0 0
153 155 0 0
31 156 0 0
46 156 0 0
47 156 0 0
51 156 0 0
55 156 0 0
56 156 0 0
57 156 0 0
58 156 0 0
59 156 0 0
68 156 0 0
70 156 0 0
73 156 0 0
78 156 0 0
83 156 0 0
94 156 0 0
133 156 0 0
134 156 0 0
135 156 0 0
139 156 0 0
140 156 0 0
147 156 0 0
148 156 0 0
151 156 0 0
155 156 0 0
31 157 0 0
46 157 0 0
51 157 0 0
56 157 0 0
57 157 0 0
58 157 0 0
59 157 0 0
68 157 0 0
70 157 0 0
73 157 0 0
78 157 0 0
133 157 0 0
134 157 0 0
135 157 0 0
139 157 0 0
148 157 0 0
151 157 0 0
155 157 0 0
156 157 0 0
2 158 0 0
27 158 0 0
28 158 0 0
32 158 0 0
42 158 0 0
44 158 0 0
52 158 0 0
53 158 0 0
54 158 0 0
66 158 0 0
67 158 0 0
69 158 0 0
75 158 0 0
79 158 0 0
80 158 0 0
136 158 0 0
137 158 0 0
143 158 0 0
144 158 0 0
149 158 0 0
150 158 0 0
154 158 0 0
2 159 0 0
28 159 0 0
29 159 0 0
30 159 0 0
34 159 0 0
35 159 0 0
43 159 0 0
53 159 0 0
54 159 0 0
60 159 0 0
63 159 0 0
64 159 0 0
66 159 0 0
67 159 0 0
69 159 0 0
71 159 0 0
72 159 0 0
75 159 0 0
76 159 0 0
77 159 0 0
79 159 0 0
80 159 0 0
81 159 0 0
82 159 0 0
87 159 0 0
97 159 0 0
141 159 0 0
142 159 0 0
143 159 0 0
144 159 0 0
150 159 0 0
158 159 0 0
31 160 0 0
45 160 0 0
46 160 0 0
47 160 0 0
48 160 0 0
50 160 0 0
51 160 0 0
55 160 0 0
56 160 0 0
57 160 0 0
58 160 0 0
59 160 0 0
62 160 0 0
68 160 0 0
70 160 0 0
73 160 0 0
78 160 0 0
83 160 0 0
94 160 0 0
95 160 0 0
133 160 0 0
134 160 0 0
135 160 0 0
139 160 0 0
140 160 0 0
147 160 0 0
148 160 0 0
151 160 0 0
152 160 0 0
155 160 0 0
156 160 0 0
157 160 0 0
2 161 0 0
27 161 0 0
28 161 0 0
30 161 0 0
32 161 0 0
35 161 0 0
38 161 0 0
42 161 0 0
43 161 0 0
44 161 0 0
52 161 0 0
53 161 0 0
54 161 0 0
63 161 0 0
64 161 0 0
66 161 0 0
67 161 0 0
69 161 0 0
71 161 0 0
72 161 0 0
75 161 0 0
76 161 0 0
77 161 0 0
79 161 0 0
80 161 0 0
87 161 0 0
137 161 0 0
141 161 0 0
142 161 0 0
143 161 0 0
144 161 0 0
149 161 0 0
150 161 0 0
154 161 0 0
158 161 0 0
159 161 0 0
2 162 0 0
33 162 0 0
39 162 0 0
45 162 0 0
47 162 0 0
48 162 0 0
49 162 0 0
50 162 0 0
55 162 0 0
58 162 0 0
60 162 0 0
61 162 0 0
62 162 0 0
65 162 0 0
71 162 0 0
73 162 0 0
74 162 0 0
77 162 0 0
81 162 0 0
84 162 0 0
85 162 0 0
86 162 0 0
96 162 0 0
98 162 0 0
100 162 0 0
138 162 0 0
139 162 0 0
140 162 0 0
141 162 0 0
145 162 0 0
146 162 0 0
147 162 0 0
152 162 0 0
153 162 0 0
155 162 0 0
160 162 0 0
31 163 0 0
46 163 0 0
47 163 0 0
51 163 0 0
56 163 0 0
57 163 0 0
58 163 0 0
59 163 0 0
68 163 0 0
70 163 0 0
73 163 0 0
78 163 0 0
83 163 0 0
94 163 0 0
95 163 0 0
101 163 0 0
133 163 0 0
134 163 0 0
135 163 0 0
139 163 0 0
147 163 0 0
148 163 0 0
151 163 0 0
155 163 0 0
156 163 0 0
157 163 0 0
160 163 0 0
2 164 0 0
35 164 0 0
54 164 0 0
60 164 0 0
63 164 0 0
64 164 0 0
66 164 0 0
67 164 0 0
69 164 0 0
71 164 0 0
72 164 0 0
75 164 0 0
76 164 0 0
77 164 0 0
79 164 0 0
80 164 0 0
81 164 0 0
82 164 0 0
86 164 0 0
87 164 0 0
92 164 0 0
97 164 0 0
99 164 0 0
102 164 0 0
103 164 0 0
138 164 0 0
141 164 0 0
142 164 0 0
143 164 0 0
144 164 0 0
145 164 0 0
149 164 0 0
150 164 0 0
158 164 0 0
159 164 0 0
161 164 0 0
2 165 0 0
52 165 0 0
53 165 0 0
54 165 0 0
63 165 0 0
66 165 0 0
67 165 0 0
69 165 0 0
72 165 0 0
75 165 0 0
76 165 0 0
79 165 0 0
80 165 0 0
87 165 0 0
91 165 0 0
92 165 0 0
97 165 0 0
99 165 0 0
103 165 0 0
136 165 0 0
137 165 0 0
142 165 0 0
143 165 0 0
144 165 0 0
149 165 0 0
150 165 0 0
154 165 0 0
158 165 0 0
159 165 0 0
161 165 0 0
164 165 0 0
2 166 0 0
52 166 0 0
53 166 0 0
54 166 0 0
66 166 0 0
67 166 0 0
69 166 0 0
75 166 0 0
79 166 0 0
80 166 0 0
87 166 0 0
91 166 0 0
92 166 0 0
99 166 0 0
136 166 0 0
137 166 0 0
143 166 0 0
144 166 0 0
149 166 0 0
150 166 0 0
154 166 0 0
158 166 0 0
159 166 0 0
161 166 0 0
164 166 0 0
165 166 0 0
2 167 0 0
33 167 0 0
45 167 0 0
47 167 0 0
48 167 0 0
49 167 0 0
50 167 0 0
55 167 0 0
60 167 0 0
61 167 0 0
62 167 0 0
64 167 0 0
65 167 0 0
71 167 0 0
73 167 0 0
74 167 0 0
76 167 0 0
77 167 0 0
81 167 0 0
84 167 0 0
85 167 0 0
86 167 0 0
96 167 0 0
98 167 0 0
100 167 0 0
104 167 0 0
138 167 0 0
140 167 0 0
141 167 0 0
142 167 0 0
145 167 0 0
146 167 0 0
147 167 0 0
152 167 0 0
153 167 0 0
155 167 0 0
162 167 0 0
16 168 0 1
17 168 0 1
20 168 0 1
21 168 0 1
24 168 0 1
27 168 0 1
28 168 0 1
32 168 0 1
37 168 0 1
38 168 0 1
40 168 0 1
41 168 0 1
42 168 0 1
43 168 0 1
44 168 0 1
8 169 0 1
31 169 0 1
51 169 0 1
56 169 0 1
57 169 0 1
58 169 0 1
59 169 0 1
71 170 0 1
72 170 0 1
80 170 0 1
82 170 0 1
86 170 0 1
87 170 0 1
88 170 0 1
89 170 0 1
91 170 0 1
92 170 0 1
97 170 0 1
98 170 0 1
99 170 0 1
102 170 0 1
103 170 0 1
104 170 0 1
105 170 0 1
109 170 0 1
112 170 0 1
116 170 0 1
117 170 0 1
119 170 0 1
120 170 0 1
122 170 0 1
127 170 0 1
128 170 0 1
131 170 0 1
138 170 0 1
141 170 0 1
142 170 0 1
143 170 0 1
144 170 0 1
145 170 0 1
149 170 0 1
150 170 0 1
8 172 0 1
8 173 0 1
8 174 0 1
9 174 0 1
3 175 0 1
4 175 0 1
5 175 0 1
6 175 0 1
7 175 0 1
9 175 0 1
10 175 0 1
11 175 0 1
12 175 0 1
13 175 0 1
14 175 0 1
15 175 0 1
18 175 0 1
21 175 0 1
22 175 0 1
23 175 0 1
24 175 0 1
25 175 0 1
26 175 0 1
39 175 0 1
41 175 0 1
3 176 0 1
7 176 0 1
8 176 0 1
9 176 0 1
13 176 0 1
15 176 0 1
22 176 0 1
3 177 0 1
5 177 0 1
6 177 0 1
7 177 0 1
8 177 0 1
9 177 0 1
11 177 0 1
12 177 0 1
13 177 0 1
14 177 0 1
15 177 0 1
19 177 0 1
22 177 0 1
25 177 0 1
36 177 0 1
39 177 0 1
16 178 0 1
17 178 0 1
20 178 0 1
27 178 0 1
32 178 0 1
37 178 0 1
42 178 0 1
44 178 0 1
16 179 0 1
17 179 0 1
20 179 0 1
27 179 0 1
32 179 0 1
37 179 0 1
42 179 0 1
44 179 0 1
3 180 0 1
7 180 0 1
8 180 0 1
9 180 0 1
11 180 0 1
13 180 0 1
15 180 0 1
19 180 0 1
22 180 0 1
36 180 0 1
8 181 0 1
9 181 0 1
15 181 0 1
36 181 0 1
3 182 0 1
6 182 0 1
7 182 0 1
8 182 0 1
9 182 0 1
11 182 0 1
12 182 0 1
13 182 0 1
14 182 0 1
15 182 0 1
18 182 0 1
19 182 0 1
22 182 0 1
25 182 0 1
33 182 0 1
36 182 0 1
39 182 0 1
8 183 0 1
3 184 0 1
4 184 0 1
5 184 0 1
6 184 0 1
7 184 0 1
8 184 0 1
9 184 0 1
10 184 0 1
11 184 0 1
12 184 0 1
13 184 0 1
14 184 0 1
15 184 0 1
18 184 0 1
19 184 0 1
22 184 0 1
23 184 0 1
24 184 0 1
25 184 0 1
26 184 0 1
33 184 0 1
36 184 0 1
39 184 0 1
3 185 0 1
4 185 0 1
5 185 0 1
6 185 0 1
7 185 0 1
9 185 0 1
10 185 0 1
11 185 0 1
12 185 0 1
13 185 0 1
14 185 0 1
15 185 0 1
18 185 0 1
19 185 0 1
21 185 0 1
22 185 0 1
23 185 0 1
24 185 0 1
25 185 0 1
26 185 0 1
29 185 0 1
39 185 0 1
40 185 0 1
41 185 0 1
43 185 0 1
4 186 0 1
5 186 0 1
6 186 0 1
7 186 0 1
10 186 0 1
11 186 0 1
12 186 0 1
14 186 0 1
18 186 0 1
21 186 0 1
23 186 0 1
24 186 0 1
25 186 0 1
26 186 0 1
38 186 0 1
39 186 0 1
40 186 0 1
41 186 0 1
43 186 0 1
3 187 0 1
4 187 0 1
5 187 0 1
6 187 0 1
7 187 0 1
10 187 0 1
11 187 0 1
12 187 0 1
13 187 0 1
14 187 0 1
18 187 0 1
21 187 0 1
22 187 0 1
23 187 0 1
24 187 0 1
25 187 0 1
26 187 0 1
39 187 0 1
40 187 0 1
41 187 0 1
43 187 0 1
4 188 0 1
5 188 0 1
6 188 0 1
10 188 0 1
11 188 0 1
12 188 0 1
14 188 0 1
17 188 0 1
18 188 0 1
20 188 0 1
21 188 0 1
23 188 0 1
24 188 0 1
26 188 0 1
28 188 0 1
29 188 0 1
30 188 0 1
34 188 0 1
35 188 0 1
38 188 0 1
39 188 0 1
40 188 0 1
41 188 0 1
43 188 0 1
44 188 0 1
8 190 0 1
16 191 0 1
17 191 0 1
20 191 0 1
37 191 0 1
42 191 0 1
3 192 0 1
4 192 0 1
5 192 0 1
6 192 0 1
7 192 0 1
8 192 0 1
9 192 0 1
11 192 0 1
12 192 0 1
13 192 0 1
14 192 0 1
15 192 0 1
18 192 0 1
19 192 0 1
22 192 0 1
25 192 0 1
36 192 0 1
39 192 0 1
3 193 0 1
7 193 0 1
8 193 0 1
9 193 0 1
13 193 0 1
15 193 0 1
22 193 0 1
3 194 0 1
7 194 0 1
8 194 0 1
9 194 0 1
11 194 0 1
13 194 0 1
15 194 0 1
22 194 0 1
36 194 0 1
3 195 0 1
5 195 0 1
6 195 0 1
7 195 0 1
8 195 0 1
9 195 0 1
11 195 0 1
12 195 0 1
13 195 0 1
14 195 0 1
15 195 0 1
18 195 0 1
19 195 0 1
22 195 0 1
25 195 0 1
36 195 0 1
39 195 0 1
3 196 0 1
4 196 0 1
5 196 0 1
6 196 0 1
7 196 0 1
8 196 0 1
9 196 0 1
11 196 0 1
12 196 0 1
13 196 0 1
14 196 0 1
15 196 0 1
18 196 0 1
19 196 0 1
22 196 0 1
23 196 0 1
25 196 0 1
36 196 0 1
39 196 0 1
16 197 0 1
17 197 0 1
20 197 0 1
27 197 0 1
32 197 0 1
37 197 0 1
42 197 0 1
44 197 0 1
8 199 0 1
9 199 0 1
3 200 0 1
4 200 0 1
5 200 0 1
6 200 0 1
7 200 0 1
9 200 0 1
10 200 0 1
11 200 0 1
12 200 0 1
13 200 0 1
14 200 0 1
15 200 0 1
18 200 0 1
19 200 0 1
21 200 0 1
22 200 0 1
23 200 0 1
24 200 0 1
25 200 0 1
26 200 0 1
29 200 0 1
33 200 0 1
39 200 0 1
41 200 0 1
43 200 0 1
3 201 0 1
4 201 0 1
5 201 0 1
6 201 0 1
7 201 0 1
10 201 0 1
11 201 0 1
12 201 0 1
13 201 0 1
14 201 0 1
18 201 0 1
19 201 0 1
21 201 0 1
22 201 0 1
23 201 0 1
24 201 0 1
25 201 0 1
26 201 0 1
29 201 0 1
30 201 0 1
38 201 0 1
39 201 0 1
40 201 0 1
41 201 0 1
43 201 0 1
16 202 0 1
17 202 0 1
20 202 0 1
27 202 0 1
28 202 0 1
30 202 0 1
32 202 0 1
35 202 0 1
37 202 0 1
38 202 0 1
40 202 0 1
41 202 0 1
42 202 0 1
43 202 0 1
44 202 0 1
52 202 0 1
53 202 0 1
54 202 0 1
63 202 0 1
66 202 0 1
67 202 0 1
158 202 0 1
161 202 0 1
31 203 0 1
46 203 0 1
51 203 0 1
56 203 0 1
57 203 0 1
58 203 0 1
59 203 0 1
156 203 0 1
157 203 0 1
2 204 0 1
5 204 0 1
10 204 0 1
11 204 0 1
12 204 0 1
13 204 0 1
14 204 0 1
15 204 0 1
18 204 0 1
19 204 0 1
21 204 0 1
22 204 0 1
23 204 0 1
24 204 0 1
25 204 0 1
26 204 0 1
28 204 0 1
29 204 0 1
30 204 0 1
33 204 0 1
34 204 0 1
35 204 0 1
36 204 0 1
38 204 0 1
39 204 0 1
40 204 0 1
41 204 0 1
43 204 0 1
54 204 0 1
60 204 0 1
61 204 0 1
63 204 0 1
64 204 0 1
65 204 0 1
67 204 0 1
8 205 0 1
31 205 0 1
36 205 0 1
45 205 0 1
47 205 0 1
51 205 0 1
55 205 0 1
56 205 0 1
57 205 0 1
58 205 0 1
59 205 0 1
62 205 0 1
156 205 0 1
16 206 0 1
17 206 0 1
20 206 0 1
27 206 0 1
28 206 0 1
30 206 0 1
32 206 0 1
35 206 0 1
37 206 0 1
38 206 0 1
40 206 0 1
41 206 0 1
42 206 0 1
43 206 0 1
44 206 0 1
52 206 0 1
53 206 0 1
54 206 0 1
63 206 0 1
66 206 0 1
67 206 0 1
158 206 0 1
161 206 0 1
8 207 0 1
31 207 0 1
33 207 0 1
36 207 0 1
45 207 0 1
47 207 0 1
48 207 0 1
51 207 0 1
55 207 0 1
56 207 0 1
57 207 0 1
58 207 0 1
59 207 0 1
61 207 0 1
62 207 0 1
155 207 0 1
156 207 0 1
160 207 0 1
2 208 0 1
3 208 0 1
6 208 0 1
7 208 0 1
8 208 0 1
9 208 0 1
11 208 0 1
12 208 0 1
13 208 0 1
14 208 0 1
15 208 0 1
18 208 0 1
19 208 0 1
22 208 0 1
23 208 0 1
25 208 0 1
26 208 0 1
33 208 0 1
34 208 0 1
36 208 0 1
39 208 0 1
41 208 0 1
45 208 0 1
48 208 0 1
55 208 0 1
57 208 0 1
58 208 0 1
60 208 0 1
61 208 0 1
62 208 0 1
64 208 0 1
65 208 0 1
31 209 0 1
51 209 0 1
56 209 0 1
57 209 0 1
59 209 0 1
8 210 0 1
31 210 0 1
51 210 0 1
55 210 0 1
56 210 0 1
57 210 0 1
58 210 0 1
59 210 0 1
3 211 0 1
7 211 0 1
8 211 0 1
9 211 0 1
11 211 0 1
13 211 0 1
14 211 0 1
15 211 0 1
18 211 0 1
19 211 0 1
22 211 0 1
25 211 0 1
31 211 0 1
33 211 0 1
36 211 0 1
39 211 0 1
45 211 0 1
55 211 0 1
56 211 0 1
57 211 0 1
58 211 0 1
61 211 0 1
62 211 0 1
65 211 0 1
2 212 0 1
5 212 0 1
10 212 0 1
12 212 0 1
14 212 0 1
17 212 0 1
18 212 0 1
21 212 0 1
23 212 0 1
24 212 0 1
26 212 0 1
27 212 0 1
28 212 0 1
29 212 0 1
30 212 0 1
34 212 0 1
35 212 0 1
38 212 0 1
39 212 0 1
40 212 0 1
41 212 0 1
42 212 0 1
43 212 0 1
44 212 0 1
54 212 0 1
63 212 0 1
64 212 0 1
67 212 0 1
31 213 0 1
46 213 0 1
51 213 0 1
56 213 0 1
57 213 0 1
58 213 0 1
59 213 0 1
8 214 0 1
9 214 0 1
31 214 0 1
36 214 0 1
45 214 0 1
47 214 0 1
55 214 0 1
56 214 0 1
57 214 0 1
58 214 0 1
59 214 0 1
62 214 0 1
8 215 0 1
31 215 0 1
36 215 0 1
46 215 0 1
47 215 0 1
51 215 0 1
55 215 0 1
56 215 0 1
57 215 0 1
58 215 0 1
59 215 0 1
62 215 0 1
156 215 0 1
160 215 0 1
16 216 0 1
17 216 0 1
20 216 0 1
27 216 0 1
28 216 0 1
30 216 0 1
32 216 0 1
35 216 0 1
37 216 0 1
38 216 0 1
40 216 0 1
41 216 0 1
42 216 0 1
43 216 0 1
44 216 0 1
52 216 0 1
53 216 0 1
54 216 0 1
66 216 0 1
7 217 0 1
8 217 0 1
9 217 0 1
13 217 0 1
15 217 0 1
19 217 0 1
22 217 0 1
25 217 0 1
31 217 0 1
33 217 0 1
36 217 0 1
39 217 0 1
45 217 0 1
47 217 0 1
55 217 0 1
56 217 0 1
57 217 0 1
58 217 0 1
59 217 0 1
61 217 0 1
62 217 0 1
16 218 0 1
17 218 0 1
20 218 0 1
27 218 0 1
28 218 0 1
30 218 0 1
32 218 0 1
37 218 0 1
38 218 0 1
40 218 0 1
41 218 0 1
42 218 0 1
43 218 0 1
44 218 0 1
3 219 0 1
5 219 0 1
6 219 0 1
7 219 0 1
8 219 0 1
9 219 0 1
11 219 0 1
12 219 0 1
13 219 0 1
14 219 0 1
15 219 0 1
18 219 0 1
19 219 0 1
22 219 0 1
23 219 0 1
25 219 0 1
26 219 0 1
31 219 0 1
33 219 0 1
36 219 0 1
39 219 0 1
55 219 0 1
58 219 0 1
61 219 0 1
62 219 0 1
3 220 0 1
6 220 0 1
7 220 0 1
8 220 0 1
9 220 0 1
11 220 0 1
13 220 0 1
14 220 0 1
15 220 0 1
18 220 0 1
19 220 0 1
22 220 0 1
25 220 0 1
33 220 0 1
36 220 0 1
39 220 0 1
3 221 0 1
4 221 0 1
5 221 0 1
6 221 0 1
7 221 0 1
10 221 0 1
11 221 0 1
12 221 0 1
13 221 0 1
14 221 0 1
15 221 0 1
18 221 0 1
19 221 0 1
21 221 0 1
22 221 0 1
23 221 0 1
24 221 0 1
25 221 0 1
26 221 0 1
28 221 0 1
29 221 0 1
30 221 0 1
34 221 0 1
35 221 0 1
38 221 0 1
39 221 0 1
40 221 0 1
41 221 0 1
43 221 0 1
63 221 0 1
8 222 0 1
31 222 0 1
36 222 0 1
51 222 0 1
55 222 0 1
56 222 0 1
57 222 0 1
58 222 0 1
59 222 0 1
3 223 0 1
7 223 0 1
8 223 0 1
9 223 0 1
13 223 0 1
15 223 0 1
22 223 0 1
36 223 0 1
4 224 0 1
5 224 0 1
10 224 0 1
12 224 0 1
16 224 0 1
17 224 0 1
20 224 0 1
21 224 0 1
23 224 0 1
24 224 0 1
26 224 0 1
27 224 0 1
28 224 0 1
29 224 0 1
30 224 0 1
34 224 0 1
35 224 0 1
37 224 0 1
38 224 0 1
39 224 0 1
40 224 0 1
41 224 0 1
42 224 0 1
43 224 0 1
44 224 0 1
54 224 0 1
63 224 0 1
16 225 0 1
17 225 0 1
20 225 0 1
21 225 0 1
27 225 0 1
28 225 0 1
30 225 0 1
32 225 0 1
35 225 0 1
37 225 0 1
38 225 0 1
40 225 0 1
41 225 0 1
42 225 0 1
43 225 0 1
44 225 0 1
2 226 0 1
4 226 0 1
5 226 0 1
10 226 0 1
12 226 0 1
16 226 0 1
17 226 0 1
20 226 0 1
21 226 0 1
23 226 0 1
24 226 0 1
26 226 0 1
27 226 0 1
28 226 0 1
29 226 0 1
30 226 0 1
34 226 0 1
35 226 0 1
38 226 0 1
39 226 0 1
40 226 0 1
41 226 0 1
42 226 0 1
43 226 0 1
44 226 0 1
54 226 0 1
63 226 0 1
64 226 0 1
67 226 0 1
2 227 0 1
16 227 0 1
17 227 0 1
27 227 0 1
28 227 0 1
30 227 0 1
32 227 0 1
35 227 0 1
37 227 0 1
38 227 0 1
40 227 0 1
42 227 0 1
44 227 0 1
52 227 0 1
53 227 0 1
54 227 0 1
63 227 0 1
66 227 0 1
67 227 0 1
79 227 0 1
154 227 0 1
158 227 0 1
159 227 0 1
161 227 0 1
165 227 0 1
166 227 0 1
31 228 0 1
46 228 0 1
51 228 0 1
56 228 0 1
57 228 0 1
58 228 0 1
59 228 0 1
68 228 0 1
70 228 0 1
73 228 0 1
78 228 0 1
133 228 0 1
135 228 0 1
155 228 0 1
156 228 0 1
157 228 0 1
160 228 0 1
163 228 0 1
31 229 0 1
45 229 0 1
46 229 0 1
47 229 0 1
51 229 0 1
55 229 0 1
56 229 0 1
57 229 0 1
58 229 0 1
59 229 0 1
62 229 0 1
68 229 0 1
70 229 0 1
73 229 0 1
78 229 0 1
135 229 0 1
155 229 0 1
156 229 0 1
157 229 0 1
160 229 0 1
163 229 0 1
31 230 0 1
33 230 0 1
36 230 0 1
45 230 0 1
46 230 0 1
47 230 0 1
48 230 0 1
49 230 0 1
50 230 0 1
55 230 0 1
56 230 0 1
57 230 0 1
58 230 0 1
59 230 0 1
61 230 0 1
62 230 0 1
65 230 0 1
73 230 0 1
78 230 0 1
135 230 0 1
139 230 0 1
155 230 0 1
156 230 0 1
157 230 0 1
160 230 0 1
162 230 0 1
163 230 0 1
31 231 0 1
33 231 0 1
36 231 0 1
45 231 0 1
47 231 0 1
48 231 0 1
49 231 0 1
50 231 0 1
55 231 0 1
56 231 0 1
57 231 0 1
58 231 0 1
59 231 0 1
60 231 0 1
61 231 0 1
62 231 0 1
65 231 0 1
73 231 0 1
74 231 0 1
78 231 0 1
140 231 0 1
155 231 0 1
156 231 0 1
160 231 0 1
162 231 0 1
167 231 0 1
31 232 0 1
45 232 0 1
46 232 0 1
47 232 0 1
51 232 0 1
55 232 0 1
56 232 0 1
57 232 0 1
58 232 0 1
59 232 0 1
62 232 0 1
68 232 0 1
70 232 0 1
73 232 0 1
78 232 0 1
134 232 0 1
135 232 0 1
155 232 0 1
156 232 0 1
157 232 0 1
160 232 0 1
163 232 0 1
2 233 0 1
16 233 0 1
17 233 0 1
27 233 0 1
28 233 0 1
30 233 0 1
32 233 0 1
35 233 0 1
37 233 0 1
38 233 0 1
40 233 0 1
41 233 0 1
42 233 0 1
43 233 0 1
44 233 0 1
52 233 0 1
53 233 0 1
54 233 0 1
63 233 0 1
66 233 0 1
67 233 0 1
154 233 0 1
158 233 0 1
159 233 0 1
161 233 0 1
164 233 0 1
165 233 0 1
166 233 0 1
27 234 0 1
28 234 0 1
32 234 0 1
37 234 0 1
42 234 0 1
44 234 0 1
52 234 0 1
53 234 0 1
54 234 0 1
66 234 0 1
79 234 0 1
136 234 0 1
137 234 0 1
143 234 0 1
154 234 0 1
158 234 0 1
161 234 0 1
165 234 0 1
166 234 0 1
31 235 0 1
46 235 0 1
47 235 0 1
51 235 0 1
56 235 0 1
57 235 0 1
58 235 0 1
59 235 0 1
68 235 0 1
70 235 0 1
73 235 0 1
78 235 0 1
133 235 0 1
134 235 0 1
135 235 0 1
139 235 0 1
148 235 0 1
155 235 0 1
156 235 0 1
157 235 0 1
160 235 0 1
163 235 0 1
31 236 0 1
45 236 0 1
46 236 0 1
47 236 0 1
48 236 0 1
49 236 0 1
50 236 0 1
51 236 0 1
55 236 0 1
56 236 0 1
57 236 0 1
58 236 0 1
59 236 0 1
61 236 0 1
62 236 0 1
68 236 0 1
70 236 0 1
73 236 0 1
78 236 0 1
83 236 0 1
134 236 0 1
135 236 0 1
139 236 0 1
140 236 0 1
147 236 0 1
148 236 0 1
151 236 0 1
155 236 0 1
156 236 0 1
157 236 0 1
160 236 0 1
162 236 0 1
163 236 0 1
31 237 0 1
45 237 0 1
46 237 0 1
47 237 0 1
48 237 0 1
49 237 0 1
50 237 0 1
55 237 0 1
56 237 0 1
57 237 0 1
58 237 0 1
59 237 0 1
61 237 0 1
62 237 0 1
70 237 0 1
73 237 0 1
78 237 0 1
83 237 0 1
134 237 0 1
135 237 0 1
139 237 0 1
140 237 0 1
147 237 0 1
148 237 0 1
151 237 0 1
152 237 0 1
155 237 0 1
156 237 0 1
157 237 0 1
160 237 0 1
162 237 0 1
163 237 0 1
167 237 0 1
2 238 0 1
33 238 0 1
39 238 0 1
45 238 0 1
47 238 0 1
48 238 0 1
49 238 0 1
50 238 0 1
55 238 0 1
60 238 0 1
61 238 0 1
62 238 0 1
64 238 0 1
65 238 0 1
71 238 0 1
73 238 0 1
74 238 0 1
76 238 0 1
77 238 0 1
81 238 0 1
84 238 0 1
85 238 0 1
86 238 0 1
96 238 0 1
98 238 0 1
100 238 0 1
138 238 0 1
140 238 0 1
141 238 0 1
145 238 0 1
146 238 0 1
147 238 0 1
152 238 0 1
153 238 0 1
155 238 0 1
162 238 0 1
167 238 0 1
2 239 0 1
27 239 0 1
32 239 0 1
52 239 0 1
53 239 0 1
54 239 0 1
66 239 0 1
67 239 0 1
69 239 0 1
75 239 0 1
79 239 0 1
80 239 0 1
91 239 0 1
136 239 0 1
137 239 0 1
143 239 0 1
144 239 0 1
149 239 0 1
150 239 0 1
154 239 0 1
158 239 0 1
159 239 0 1
161 239 0 1
164 239 0 1
165 239 0 1
166 239 0 1
2 240 0 1
27 240 0 1
28 240 0 1
30 240 0 1
32 240 0 1
35 240 0 1
44 240 0 1
52 240 0 1
53 240 0 1
54 240 0 1
63 240 0 1
66 240 0 1
67 240 0 1
69 240 0 1
75 240 0 1
79 240 0 1
80 240 0 1
136 240 0 1
137 240 0 1
143 240 0 1
144 240 0 1
149 240 0 1
150 240 0 1
154 240 0 1
158 240 0 1
159 240 0 1
161 240 0 1
164 240 0 1
165 240 0 1
166 240 0 1
2 241 0 1
31 241 0 1
33 241 0 1
45 241 0 1
47 241 0 1
48 241 0 1
49 241 0 1
50 241 0 1
55 241 0 1
56 241 0 1
57 241 0 1
58 241 0 1
59 241 0 1
60 241 0 1
61 241 0 1
62 241 0 1
65 241 0 1
73 241 0 1
74 241 0 1
78 241 0 1
83 241 0 1
84 241 0 1
135 241 0 1
139 241 0 1
140 241 0 1
146 241 0 1
147 241 0 1
151 241 0 1
152 241 0 1
153 241 0 1
155 241 0 1
156 241 0 1
160 241 0 1
162 241 0 1
167 241 0 1
2 242 0 1
28 242 0 1
30 242 0 1
35 242 0 1
53 242 0 1
54 242 0 1
63 242 0 1
64 242 0 1
66 242 0 1
67 242 0 1
69 242 0 1
71 242 0 1
72 242 0 1
75 242 0 1
76 242 0 1
77 242 0 1
79 242 0 1
80 242 0 1
87 242 0 1
141 242 0 1
142 242 0 1
143 242 0 1
144 242 0 1
149 242 0 1
150 242 0 1
158 242 0 1
159 242 0 1
161 242 0 1
164 242 0 1
165 242 0 1
166 242 0 1
2 243 0 1
27 243 0 1
28 243 0 1
29 243 0 1
30 243 0 1
34 243 0 1
35 243 0 1
38 243 0 1
39 243 0 1
40 243 0 1
41 243 0 1
43 243 0 1
44 243 0 1
53 243 0 1
54 243 0 1
60 243 0 1
63 243 0 1
64 243 0 1
66 243 0 1
67 243 0 1
69 243 0 1
71 243 0 1
72 243 0 1
75 243 0 1
76 243 0 1
77 243 0 1
79 243 0 1
80 243 0 1
142 243 0 1
144 243 0 1
158 243 0 1
159 243 0 1
161 243 0 1
164 243 0 1
165 243 0 1
166 243 0 1
31 244 0 1
46 244 0 1
47 244 0 1
51 244 0 1
56 244 0 1
57 244 0 1
58 244 0 1
59 244 0 1
68 244 0 1
70 244 0 1
73 244 0 1
78 244 0 1
133 244 0 1
134 244 0 1
135 244 0 1
139 244 0 1
148 244 0 1
155 244 0 1
156 244 0 1
157 244 0 1
160 244 0 1
163 244 0 1
2 245 0 1
27 245 0 1
28 245 0 1
29 245 0 1
30 245 0 1
34 245 0 1
35 245 0 1
38 245 0 1
40 245 0 1
43 245 0 1
44 245 0 1
52 245 0 1
53 245 0 1
54 245 0 1
63 245 0 1
64 245 0 1
66 245 0 1
67 245 0 1
69 245 0 1
71 245 0 1
72 245 0 1
75 245 0 1
76 245 0 1
79 245 0 1
80 245 0 1
142 245 0 1
143 245 0 1
144 245 0 1
158 245 0 1
159 245 0 1
161 245 0 1
164 245 0 1
165 245 0 1
166 245 0 1
2 246 0 1
27 246 0 1
28 246 0 1
30 246 0 1
32 246 0 1
35 246 0 1
38 246 0 1
42 246 0 1
43 246 0 1
44 246 0 1
52 246 0 1
53 246 0 1
54 246 0 1
63 246 0 1
66 246 0 1
67 246 0 1
69 246 0 1
72 246 0 1
75 246 0 1
79 246 0 1
80 246 0 1
137 246 0 1
143 246 0 1
144 246 0 1
150 246 0 1
154 246 0 1
158 246 0 1
159 246 0 1
161 246 0 1
164 246 0 1
165 246 0 1
166 246 0 1
52 247 0 1
53 247 0 1
66 247 0 1
69 247 0 1
75 247 0 1
79 247 0 1
80 247 0 1
87 247 0 1
88 247 0 1
91 247 0 1
92 247 0 1
99 247 0 1
136 247 0 1
137 247 0 1
143 247 0 1
144 247 0 1
149 247 0 1
150 247 0 1
154 247 0 1
158 247 0 1
159 247 0 1
161 247 0 1
164 247 0 1
165 247 0 1
166 247 0 1
52 248 0 1
53 248 0 1
66 248 0 1
69 248 0 1
75 248 0 1
79 248 0 1
88 248 0 1
89 248 0 1
91 248 0 1
92 248 0 1
99 248 0 1
136 248 0 1
137 248 0 1
143 248 0 1
144 248 0 1
149 248 0 1
150 248 0 1
154 248 0 1
158 248 0 1
161 248 0 1
165 248 0 1
166 248 0 1
2 249 0 1
53 249 0 1
66 249 0 1
69 249 0 1
72 249 0 1
75 249 0 1
79 249 0 1
80 249 0 1
87 249 0 1
88 249 0 1
89 249 0 1
91 249 0 1
92 249 0 1
97 249 0 1
99 249 0 1
102 249 0 1
103 249 0 1
136 249 0 1
137 249 0 1
142 249 0 1
143 249 0 1
144 249 0 1
149 249 0 1
150 249 0 1
154 249 0 1
158 249 0 1
159 249 0 1
161 249 0 1
164 249 0 1
165 249 0 1
166 249 0 1
1 250 0 1
2 250 0 1
45 250 0 1
47 250 0 1
48 250 0 1
49 250 0 1
50 250 0 1
55 250 0 1
60 250 0 1
61 250 0 1
62 250 0 1
65 250 0 1
71 250 0 1
73 250 0 1
74 250 0 1
77 250 0 1
81 250 0 1
83 250 0 1
84 250 0 1
85 250 0 1
86 250 0 1
93 250 0 1
96 250 0 1
98 250 0 1
100 250 0 1
104 250 0 1
126 250 0 1
138 250 0 1
139 250 0 1
140 250 0 1
141 250 0 1
145 250 0 1
146 250 0 1
147 250 0 1
152 250 0 1
153 250 0 1
155 250 0 1
162 250 0 1
167 250 0 1
2 251 0 1
69 251 0 1
71 251 0 1
72 251 0 1
75 251 0 1
76 251 0 1
79 251 0 1
80 251 0 1
82 251 0 1
87 251 0 1
88 251 0 1
89 251 0 1
91 251 0 1
92 251 0 1
97 251 0 1
99 251 0 1
102 251 0 1
103 251 0 1
119 251 0 1
136 251 0 1
137 251 0 1
141 251 0 1
142 251 0 1
143 251 0 1
144 251 0 1
149 251 0 1
150 251 0 1
158 251 0 1
159 251 0 1
161 251 0 1
164 251 0 1
165 251 0 1
166 251 0 1
1 252 0 1
46 252 0 1
68 252 0 1
70 252 0 1
73 252 0 1
78 252 0 1
83 252 0 1
90 252 0 1
94 252 0 1
95 252 0 1
101 252 0 1
107 252 0 1
124 252 0 1
129 252 0 1
133 252 0 1
134 252 0 1
135 252 0 1
139 252 0 1
140 252 0 1
147 252 0 1
148 252 0 1
151 252 0 1
152 252 0 1
155 252 0 1
156 252 0 1
157 252 0 1
160 252 0 1
163 252 0 1
1 253 0 1
2 253 0 1
45 253 0 1
47 253 0 1
48 253 0 1
49 253 0 1
50 253 0 1
73 253 0 1
74 253 0 1
78 253 0 1
81 253 0 1
83 253 0 1
84 253 0 1
85 253 0 1
90 253 0 1
93 253 0 1
94 253 0 1
95 253 0 1
96 253 0 1
98 253 0 1
100 253 0 1
101 253 0 1
104 253 0 1
121 253 0 1
125 253 0 1
126 253 0 1
127 253 0 1
129 253 0 1
130 253 0 1
132 253 0 1
134 253 0 1
135 253 0 1
138 253 0 1
139 253 0 1
140 253 0 1
145 253 0 1
146 253 0 1
147 253 0 1
148 253 0 1
151 253 0 1
152 253 0 1
153 253 0 1
155 253 0 1
160 253 0 1
162 253 0 1
167 253 0 1
1 254 0 1
45 254 0 1
47 254 0 1
48 254 0 1
49 254 0 1
50 254 0 1
55 254 0 1
61 254 0 1
62 254 0 1
70 254 0 1
73 254 0 1
74 254 0 1
78 254 0 1
83 254 0 1
84 254 0 1
85 254 0 1
90 254 0 1
93 254 0 1
94 254 0 1
95 254 0 1
96 254 0 1
98 254 0 1
100 254 0 1
101 254 0 1
104 254 0 1
134 254 0 1
135 254 0 1
139 254 0 1
140 254 0 1
146 254 0 1
147 254 0 1
148 254 0 1
151 254 0 1
152 254 0 1
153 254 0 1
155 254 0 1
156 254 0 1
160 254 0 1
162 254 0 1
163 254 0 1
167 254 0 1
1 255 0 1
2 255 0 1
45 255 0 1
47 255 0 1
48 255 0 1
49 255 0 1
50 255 0 1
60 255 0 1
61 255 0 1
62 255 0 1
73 255 0 1
74 255 0 1
81 255 0 1
83 255 0 1
84 255 0 1
85 255 0 1
86 255 0 1
90 255 0 1
93 255 0 1
94 255 0 1
95 255 0 1
96 255 0 1
98 255 0 1
100 255 0 1
104 255 0 1
125 255 0 1
126 255 0 1
135 255 0 1
138 255 0 1
139 255 0 1
140 255 0 1
145 255 0 1
146 255 0 1
147 255 0 1
151 255 0 1
152 255 0 1
153 255 0 1
155 255 0 1
160 255 0 1
162 255 0 1
167 255 0 1
1 256 0 1
2 256 0 1
45 256 0 1
48 256 0 1
49 256 0 1
50 256 0 1
60 256 0 1
61 256 0 1
71 256 0 1
73 256 0 1
74 256 0 1
77 256 0 1
81 256 0 1
82 256 0 1
83 256 0 1
84 256 0 1
85 256 0 1
86 256 0 1
93 256 0 1
95 256 0 1
96 256 0 1
98 256 0 1
100 256 0 1
104 256 0 1
125 256 0 1
126 256 0 1
127 256 0 1
128 256 0 1
131 256 0 1
132 256 0 1
138 256 0 1
139 256 0 1
140 256 0 1
141 256 0 1
142 256 0 1
145 256 0 1
146 256 0 1
147 256 0 1
152 256 0 1
153 256 0 1
162 256 0 1
167 256 0 1
79 257 0 1
88 257 0 1
89 257 0 1
91 257 0 1
92 257 0 1
99 257 0 1
105 257 0 1
119 257 0 1
136 257 0 1
137 257 0 1
143 257 0 1
144 257 0 1
149 257 0 1
150 257 0 1
165 257 0 1
166 257 0 1
2 258 0 1
69 258 0 1
71 258 0 1
72 258 0 1
75 258 0 1
76 258 0 1
77 258 0 1
79 258 0 1
80 258 0 1
82 258 0 1
87 258 0 1
89 258 0 1
91 258 0 1
92 258 0 1
97 258 0 1
99 258 0 1
102 258 0 1
103 258 0 1
119 258 0 1
136 258 0 1
137 258 0 1
141 258 0 1
142 258 0 1
143 258 0 1
144 258 0 1
149 258 0 1
150 258 0 1
158 258 0 1
159 258 0 1
161 258 0 1
164 258 0 1
165 258 0 1
166 258 0 1
2 259 0 1
69 259 0 1
71 259 0 1
72 259 0 1
75 259 0 1
76 259 0 1
77 259 0 1
79 259 0 1
80 259 0 1
81 259 0 1
82 259 0 1
86 259 0 1
87 259 0 1
91 259 0 1
92 259 0 1
97 259 0 1
99 259 0 1
102 259 0 1
103 259 0 1
119 259 0 1
141 259 0 1
142 259 0 1
143 259 0 1
144 259 0 1
145 259 0 1
149 259 0 1
150 259 0 1
159 259 0 1
161 259 0 1
164 259 0 1
165 259 0 1
166 259 0 1
2 260 0 1
69 260 0 1
71 260 0 1
72 260 0 1
75 260 0 1
76 260 0 1
79 260 0 1
80 260 0 1
82 260 0 1
87 260 0 1
88 260 0 1
89 260 0 1
91 260 0 1
92 260 0 1
97 260 0 1
99 260 0 1
102 260 0 1
103 260 0 1
105 260 0 1
119 260 0 1
136 260 0 1
137 260 0 1
141 260 0 1
142 260 0 1
143 260 0 1
144 260 0 1
149 260 0 1
150 260 0 1
159 260 0 1
161 260 0 1
164 260 0 1
165 260 0 1
166 260 0 1
69 261 0 1
75 261 0 1
79 261 0 1
80 261 0 1
87 261 0 1
88 261 0 1
89 261 0 1
91 261 0 1
92 261 0 1
97 261 0 1
99 261 0 1
103 261 0 1
105 261 0 1
119 261 0 1
136 261 0 1
137 261 0 1
143 261 0 1
144 261 0 1
149 261 0 1
150 261 0 1
158 261 0 1
165 261 0 1
166 261 0 1
1 262 0 1
68 262 0 1
70 262 0 1
73 262 0 1
78 262 0 1
83 262 0 1
84 262 0 1
90 262 0 1
93 262 0 1
94 262 0 1
95 262 0 1
101 262 0 1
106 262 0 1
107 262 0 1
113 262 0 1
114 262 0 1
115 262 0 1
123 262 0 1
124 262 0 1
129 262 0 1
130 262 0 1
133 262 0 1
134 262 0 1
135 262 0 1
139 262 0 1
140 262 0 1
147 262 0 1
148 262 0 1
151 262 0 1
152 262 0 1
155 262 0 1
156 262 0 1
160 262 0 1
163 262 0 1
2 263 0 1
35 263 0 1
52 263 0 1
53 263 0 1
54 263 0 1
63 263 0 1
66 263 0 1
67 263 0 1
69 263 0 1
71 263 0 1
72 263 0 1
75 263 0 1
76 263 0 1
79 263 0 1
80 263 0 1
87 263 0 1
91 263 0 1
92 263 0 1
97 263 0 1
99 263 0 1
137 263 0 1
141 263 0 1
142 263 0 1
143 263 0 1
144 263 0 1
149 263 0 1
150 263 0 1
154 263 0 1
158 263 0 1
159 263 0 1
161 263 0 1
164 263 0 1
165 263 0 1
166 263 0 1
2 264 0 1
53 264 0 1
54 264 0 1
63 264 0 1
66 264 0 1
67 264 0 1
69 264 0 1
71 264 0 1
72 264 0 1
75 264 0 1
76 264 0 1
77 264 0 1
79 264 0 1
80 264 0 1
82 264 0 1
87 264 0 1
91 264 0 1
92 264 0 1
97 264 0 1
99 264 0 1
102 264 0 1
103 264 0 1
137 264 0 1
141 264 0 1
142 264 0 1
143 264 0 1
144 264 0 1
149 264 0 1
150 264 0 1
158 264 0 1
159 264 0 1
161 264 0 1
164 264 0 1
165 264 0 1
166 264 0 1
2 265 0 1
52 265 0 1
53 265 0 1
54 265 0 1
63 265 0 1
66 265 0 1
67 265 0 1
69 265 0 1
71 265 0 1
72 265 0 1
75 265 0 1
76 265 0 1
79 265 0 1
80 265 0 1
87 265 0 1
91 265 0 1
92 265 0 1
97 265 0 1
99 265 0 1
103 265 0 1
136 265 0 1
137 265 0 1
142 265 0 1
143 265 0 1
144 265 0 1
149 265 0 1
150 265 0 1
154 265 0 1
158 265 0 1
159 265 0 1
161 265 0 1
164 265 0 1
165 265 0 1
166 265 0 1
2 266 0 1
33 266 0 1
45 266 0 1
48 266 0 1
49 266 0 1
50 266 0 1
60 266 0 1
61 266 0 1
62 266 0 1
64 266 0 1
65 266 0 1
71 266 0 1
72 266 0 1
74 266 0 1
76 266 0 1
77 266 0 1
81 266 0 1
82 266 0 1
84 266 0 1
85 266 0 1
86 266 0 1
96 266 0 1
98 266 0 1
100 266 0 1
104 266 0 1
138 266 0 1
140 266 0 1
141 266 0 1
142 266 0 1
145 266 0 1
146 266 0 1
147 266 0 1
152 266 0 1
153 266 0 1
162 266 0 1
164 266 0 1
167 266 0 1
2 267 0 1
69 267 0 1
71 267 0 1
72 267 0 1
75 267 0 1
76 267 0 1
77 267 0 1
80 267 0 1
81 267 0 1
82 267 0 1
86 267 0 1
87 267 0 1
92 267 0 1
97 267 0 1
98 267 0 1
99 267 0 1
102 267 0 1
103 267 0 1
104 267 0 1
112 267 0 1
116 267 0 1
117 267 0 1
120 267 0 1
122 267 0 1
127 267 0 1
128 267 0 1
131 267 0 1
138 267 0 1
141 267 0 1
142 267 0 1
144 267 0 1
145 267 0 1
150 267 0 1
1 268 0 1
68 268 0 1
70 268 0 1
78 268 0 1
83 268 0 1
90 268 0 1
93 268 0 1
94 268 0 1
95 268 0 1
101 268 0 1
106 268 0 1
107 268 0 1
108 268 0 1
111 268 0 1
113 268 0 1
114 268 0 1
115 268 0 1
121 268 0 1
123 268 0 1
124 268 0 1
129 268 0 1
130 268 0 1
133 268 0 1
134 268 0 1
135 268 0 1
139 268 0 1
140 268 0 1
147 268 0 1
148 268 0 1
151 268 0 1
152 268 0 1
1 269 0 1
81 269 0 1
83 269 0 1
84 269 0 1
85 269 0 1
86 269 0 1
90 269 0 1
93 269 0 1
95 269 0 1
96 269 0 1
98 269 0 1
100 269 0 1
104 269 0 1
115 269 0 1
116 269 0 1
118 269 0 1
120 269 0 1
121 269 0 1
122 269 0 1
123 269 0 1
125 269 0 1
126 269 0 1
127 269 0 1
128 269 0 1
129 269 0 1
130 269 0 1
131 269 0 1
132 269 0 1
138 269 0 1
139 269 0 1
140 269 0 1
145 269 0 1
146 269 0 1
147 269 0 1
151 269 0 1
152 269 0 1
153 269 0 1
1 270 0 1
46 270 0 1
68 270 0 1
70 270 0 1
73 270 0 1
78 270 0 1
83 270 0 1
90 270 0 1
94 270 0 1
95 270 0 1
101 270 0 1
106 270 0 1
107 270 0 1
108 270 0 1
111 270 0 1
113 270 0 1
114 270 0 1
115 270 0 1
123 270 0 1
124 270 0 1
129 270 0 1
130 270 0 1
133 270 0 1
134 270 0 1
135 270 0 1
139 270 0 1
147 270 0 1
148 270 0 1
151 270 0 1
156 270 0 1
157 270 0 1
160 270 0 1
163 270 0 1
1 271 0 1
71 271 0 1
77 271 0 1
81 271 0 1
82 271 0 1
84 271 0 1
85 271 0 1
86 271 0 1
93 271 0 1
96 271 0 1
98 271 0 1
100 271 0 1
102 271 0 1
104 271 0 1
109 271 0 1
112 271 0 1
116 271 0 1
117 271 0 1
118 271 0 1
120 271 0 1
121 271 0 1
122 271 0 1
125 271 0 1
126 271 0 1
127 271 0 1
128 271 0 1
131 271 0 1
132 271 0 1
138 271 0 1
141 271 0 1
142 271 0 1
145 271 0 1
146 271 0 1
152 271 0 1
153 271 0 1
69 272 0 1
75 272 0 1
79 272 0 1
80 272 0 1
87 272 0 1
88 272 0 1
89 272 0 1
91 272 0 1
92 272 0 1
97 272 0 1
99 272 0 1
102 272 0 1
103 272 0 1
105 272 0 1
119 272 0 1
136 272 0 1
137 272 0 1
142 272 0 1
143 272 0 1
144 272 0 1
149 272 0 1
150 272 0 1
165 272 0 1
69 273 0 1
72 273 0 1
75 273 0 1
79 273 0 1
80 273 0 1
82 273 0 1
87 273 0 1
88 273 0 1
89 273 0 1
91 273 0 1
92 273 0 1
97 273 0 1
99 273 0 1
102 273 0 1
103 273 0 1
105 273 0 1
119 273 0 1
137 273 0 1
142 273 0 1
143 273 0 1
144 273 0 1
149 273 0 1
150 273 0 1
1 274 0 1
90 274 0 1
94 274 0 1
101 274 0 1
106 274 0 1
107 274 0 1
108 274 0 1
110 274 0 1
111 274 0 1
113 274 0 1
114 274 0 1
115 274 0 1
123 274 0 1
124 274 0 1
129 274 0 1
130 274 0 1
1 275 0 1
83 275 0 1
90 275 0 1
94 275 0 1
95 275 0 1
101 275 0 1
106 275 0 1
107 275 0 1
108 275 0 1
110 275 0 1
111 275 0 1
113 275 0 1
114 275 0 1
115 275 0 1
123 275 0 1
124 275 0 1
129 275 0 1
130 275 0 1
135 275 0 1
148 275 0 1
151 275 0 1
1 276 0 1
83 276 0 1
84 276 0 1
85 276 0 1
90 276 0 1
93 276 0 1
94 276 0 1
95 276 0 1
96 276 0 1
98 276 0 1
100 276 0 1
101 276 0 1
104 276 0 1
107 276 0 1
110 276 0 1
114 276 0 1
115 276 0 1
118 276 0 1
120 276 0 1
121 276 0 1
122 276 0 1
123 276 0 1
125 276 0 1
126 276 0 1
127 276 0 1
128 276 0 1
129 276 0 1
130 276 0 1
131 276 0 1
132 276 0 1
139 276 0 1
140 276 0 1
147 276 0 1
151 276 0 1
152 276 0 1
153 276 0 1
1 277 0 1
84 277 0 1
85 277 0 1
86 277 0 1
93 277 0 1
95 277 0 1
96 277 0 1
98 277 0 1
100 277 0 1
104 277 0 1
109 277 0 1
112 277 0 1
115 277 0 1
116 277 0 1
117 277 0 1
118 277 0 1
120 277 0 1
121 277 0 1
122 277 0 1
123 277 0 1
125 277 0 1
126 277 0 1
127 277 0 1
128 277 0 1
129 277 0 1
130 277 0 1
131 277 0 1
132 277 0 1
145 277 0 1
146 277 0 1
147 277 0 1
152 277 0 1
153 277 0 1
1 278 0 1
83 278 0 1
90 278 0 1
94 278 0 1
95 278 0 1
101 278 0 1
106 278 0 1
107 278 0 1
108 278 0 1
110 278 0 1
111 278 0 1
113 278 0 1
114 278 0 1
115 278 0 1
121 278 0 1
123 278 0 1
124 278 0 1
129 278 0 1
130 278 0 1
148 278 0 1
82 279 0 1
86 279 0 1
87 279 0 1
97 279 0 1
98 279 0 1
99 279 0 1
102 279 0 1
103 279 0 1
104 279 0 1
109 279 0 1
112 279 0 1
116 279 0 1
117 279 0 1
118 279 0 1
120 279 0 1
122 279 0 1
127 279 0 1
128 279 0 1
131 279 0 1
141 279 0 1
142 279 0 1
145 279 0 1
88 280 0 1
89 280 0 1
91 280 0 1
92 280 0 1
99 280 0 1
103 280 0 1
105 280 0 1
119 280 0 1
149 280 0 1
89 281 0 1
105 281 0 1
119 281 0 1
109 282 0 1
112 282 0 1
116 282 0 1
117 282 0 1
118 282 0 1
120 282 0 1
122 282 0 1
127 282 0 1
128 282 0 1
131 282 0 1
109 283 0 1
112 283 0 1
116 283 0 1
117 283 0 1
120 283 0 1
122 283 0 1
131 283 0 1
1 284 0 1
90 284 0 1
95 284 0 1
106 284 0 1
107 284 0 1
108 284 0 1
110 284 0 1
113 284 0 1
114 284 0 1
115 284 0 1
118 284 0 1
121 284 0 1
123 284 0 1
125 284 0 1
129 284 0 1
130 284 0 1
132 284 0 1
1 285 0 1
90 285 0 1
104 285 0 1
107 285 0 1
109 285 0 1
110 285 0 1
114 285 0 1
115 285 0 1
116 285 0 1
118 285 0 1
120 285 0 1
121 285 0 1
122 285 0 1
123 285 0 1
125 285 0 1
126 285 0 1
127 285 0 1
128 285 0 1
129 285 0 1
130 285 0 1
131 285 0 1
132 285 0 1
89 286 0 1
105 286 0 1
119 286 0 1
1 287 0 1
104 287 0 1
109 287 0 1
112 287 0 1
115 287 0 1
116 287 0 1
117 287 0 1
118 287 0 1
120 287 0 1
121 287 0 1
122 287 0 1
125 287 0 1
126 287 0 1
127 287 0 1
128 287 0 1
130 287 0 1
131 287 0 1
132 287 0 1
103 288 0 1
105 288 0 1
109 288 0 1
112 288 0 1
116 288 0 1
117 288 0 1
119 288 0 1
122 288 0 1
102 289 0 1
105 289 0 1
109 289 0 1
112 289 0 1
116 289 0 1
117 289 0 1
122 289 0 1
131 289 0 1
103 290 0 1
105 290 0 1
112 290 0 1
117 290 0 1
119 290 0 1
1 291 0 1
84 291 0 1
90 291 0 1
93 291 0 1
95 291 0 1
96 291 0 1
100 291 0 1
104 291 0 1
107 291 0 1
109 291 0 1
110 291 0 1
114 291 0 1
115 291 0 1
116 291 0 1
118 291 0 1
120 291 0 1
121 291 0 1
122 291 0 1
123 291 0 1
125 291 0 1
126 291 0 1
127 291 0 1
128 291 0 1
129 291 0 1
130 291 0 1
131 291 0 1
132 291 0 1
1 292 0 1
84 292 0 1
90 292 0 1
93 292 0 1
95 292 0 1
96 292 0 1
98 292 0 1
100 292 0 1
104 292 0 1
109 292 0 1
112 292 0 1
114 292 0 1
115 292 0 1
116 292 0 1
117 292 0 1
118 292 0 1
120 292 0 1
121 292 0 1
122 292 0 1
123 292 0 1
125 292 0 1
126 292 0 1
127 292 0 1
128 292 0 1
129 292 0 1
130 292 0 1
131 292 0 1
132 292 0 1
1 293 0 1
90 293 0 1
93 293 0 1
95 293 0 1
96 293 0 1
100 293 0 1
101 293 0 1
104 293 0 1
107 293 0 1
110 293 0 1
113 293 0 1
114 293 0 1
115 293 0 1
118 293 0 1
120 293 0 1
121 293 0 1
123 293 0 1
125 293 0 1
126 293 0 1
127 293 0 1
129 293 0 1
130 293 0 1
132 293 0 1
147 293 0 1
88 294 0 1
89 294 0 1
91 294 0 1
105 294 0 1
119 294 0 1
88 295 0 1
89 295 0 1
91 295 0 1
92 295 0 1
99 295 0 1
105 295 0 1
119 295 0 1
87 296 0 1
89 296 0 1
91 296 0 1
92 296 0 1
97 296 0 1
99 296 0 1
102 296 0 1
103 296 0 1
105 296 0 1
112 296 0 1
116 296 0 1
117 296 0 1
119 296 0 1
86 297 0 1
98 297 0 1
100 297 0 1
102 297 0 1
104 297 0 1
109 297 0 1
112 297 0 1
116 297 0 1
117 297 0 1
118 297 0 1
120 297 0 1
122 297 0 1
125 297 0 1
126 297 0 1
127 297 0 1
128 297 0 1
131 297 0 1
132 297 0 1
1 298 0 1
90 298 0 1
93 298 0 1
95 298 0 1
96 298 0 1
100 298 0 1
104 298 0 1
109 298 0 1
110 298 0 1
114 298 0 1
115 298 0 1
116 298 0 1
117 298 0 1
118 298 0 1
120 298 0 1
121 298 0 1
122 298 0 1
123 298 0 1
125 298 0 1
126 298 0 1
127 298 0 1
128 298 0 1
129 298 0 1
130 298 0 1
131 298 0 1
132 298 0 1
88 299 0 1
89 299 0 1
91 299 0 1
92 299 0 1
99 299 0 1
105 299 0 1
119 299 0 1
102 300 0 1
103 300 0 1
109 300 0 1
112 300 0 1
116 300 0 1
117 300 0 1
118 300 0 1
120 300 0 1
122 300 0 1
127 300 0 1
128 300 0 1
131 300 0 1
1 301 0 1
90 301 0 1
95 301 0 1
101 301 0 1
106 301 0 1
107 301 0 1
108 301 0 1
110 301 0 1
111 301 0 1
113 301 0 1
114 301 0 1
115 301 0 1
123 301 0 1
124 301 0 1
129 301 0 1
130 301 0 1
1 302 0 1
90 302 0 1
101 302 0 1
106 302 0 1
107 302 0 1
108 302 0 1
110 302 0 1
111 302 0 1
113 302 0 1
114 302 0 1
115 302 0 1
123 302 0 1
124 302 0 1
129 302 0 1
130 302 0 1
1 303 0 1
90 303 0 1
95 303 0 1
101 303 0 1
106 303 0 1
107 303 0 1
108 303 0 1
110 303 0 1
111 303 0 1
113 303 0 1
114 303 0 1
115 303 0 1
121 303 0 1
123 303 0 1
124 303 0 1
129 303 0 1
130 303 0 1
1 304 0 1
104 304 0 1
109 304 0 1
115 304 0 1
116 304 0 1
117 304 0 1
118 304 0 1
120 304 0 1
121 304 0 1
122 304 0 1
123 304 0 1
125 304 0 1
126 304 0 1
127 304 0 1
128 304 0 1
129 304 0 1
130 304 0 1
131 304 0 1
132 304 0 1
99 305 0 1
102 305 0 1
103 305 0 1
105 305 0 1
112 305 0 1
117 305 0 1
119 305 0 1
102 306 0 1
103 306 0 1
105 306 0 1
109 306 0 1
112 306 0 1
116 306 0 1
117 306 0 1
119 306 0 1
122 306 0 1
131 306 0 1
104 307 0 1
109 307 0 1
112 307 0 1
116 307 0 1
117 307 0 1
118 307 0 1
120 307 0 1
122 307 0 1
126 307 0 1
127 307 0 1
128 307 0 1
131 307 0 1
132 307 0 1
1 308 0 1
104 308 0 1
109 308 0 1
112 308 0 1
116 308 0 1
117 308 0 1
118 308 0 1
120 308 0 1
121 308 0 1
122 308 0 1
125 308 0 1
126 308 0 1
127 308 0 1
128 308 0 1
131 308 0 1
132 308 0 1
1 309 0 1
68 309 0 1
70 309 0 1
83 309 0 1
90 309 0 1
94 309 0 1
95 309 0 1
101 309 0 1
106 309 0 1
107 309 0 1
108 309 0 1
110 309 0 1
111 309 0 1
113 309 0 1
114 309 0 1
115 309 0 1
123 309 0 1
124 309 0 1
129 309 0 1
130 309 0 1
133 309 0 1
134 309 0 1
135 309 0 1
139 309 0 1
148 309 0 1
151 309 0 1
79 310 0 1
87 310 0 1
88 310 0 1
89 310 0 1
91 310 0 1
92 310 0 1
97 310 0 1
99 310 0 1
102 310 0 1
103 310 0 1
105 310 0 1
119 310 0 1
136 310 0 1
137 310 0 1
143 310 0 1
144 310 0 1
149 310 0 1
150 310 0 1
69 311 0 1
79 311 0 1
80 311 0 1
82 311 0 1
87 311 0 1
88 311 0 1
89 311 0 1
91 311 0 1
92 311 0 1
97 311 0 1
99 311 0 1
102 311 0 1
103 311 0 1
105 311 0 1
112 311 0 1
119 311 0 1
141 311 0 1
142 311 0 1
143 311 0 1
144 311 0 1
149 311 0 1
150 311 0 1
1 312 0 1
71 312 0 1
72 312 0 1
77 312 0 1
80 312 0 1
81 312 0 1
82 312 0 1
84 312 0 1
85 312 0 1
86 312 0 1
87 312 0 1
96 312 0 1
97 312 0 1
98 312 0 1
100 312 0 1
102 312 0 1
103 312 0 1
104 312 0 1
109 312 0 1
112 312 0 1
116 312 0 1
117 312 0 1
118 312 0 1
120 312 0 1
122 312 0 1
125 312 0 1
126 312 0 1
127 312 0 1
128 312 0 1
131 312 0 1
132 312 0 1
138 312 0 1
141 312 0 1
142 312 0 1
145 312 0 1
146 312 0 1
153 312 0 1
69 313 0 1
71 313 0 1
72 313 0 1
80 313 0 1
82 313 0 1
86 313 0 1
87 313 0 1
91 313 0 1
92 313 0 1
97 313 0 1
99 313 0 1
102 313 0 1
103 313 0 1
105 313 0 1
112 313 0 1
116 313 0 1
117 313 0 1
119 313 0 1
120 313 0 1
122 313 0 1
127 313 0 1
128 313 0 1
131 313 0 1
141 313 0 1
142 313 0 1
144 313 0 1
145 313 0 1
150 313 0 1
1 314 0 1
90 314 0 1
94 314 0 1
95 314 0 1
101 314 0 1
106 314 0 1
107 314 0 1
108 314 0 1
110 314 0 1
111 314 0 1
113 314 0 1
114 314 0 1
115 314 0 1
123 314 0 1
124 314 0 1
129 314 0 1
130 314 0 1
133 314 0 1
134 314 0 1
135 314 0 1
148 314 0 1
151 314 0 1
88 315 0 1
89 315 0 1
91 315 0 1
92 315 0 1
99 315 0 1
105 315 0 1
119 315 0 1
136 315 0 1
137 315 0 1
149 315 0 1
150 315 0 1
1 316 0 1
83 316 0 1
84 316 0 1
85 316 0 1
86 316 0 1
90 316 0 1
93 316 0 1
95 316 0 1
96 316 0 1
98 316 0 1
100 316 0 1
104 316 0 1
109 316 0 1
112 316 0 1
115 316 0 1
116 316 0 1
117 316 0 1
118 316 0 1
120 316 0 1
121 316 0 1
122 316 0 1
123 316 0 1
125 316 0 1
126 316 0 1
127 316 0 1
128 316 0 1
129 316 0 1
130 316 0 1
131 316 0 1
132 316 0 1
138 316 0 1
140 316 0 1
145 316 0 1
146 316 0 1
147 316 0 1
152 316 0 1
153 316 0 1
1 317 0 1
83 317 0 1
84 317 0 1
90 317 0 1
93 317 0 1
94 317 0 1
95 317 0 1
101 317 0 1
106 317 0 1
107 317 0 1
108 317 0 1
110 317 0 1
111 317 0 1
113 317 0 1
114 317 0 1
115 317 0 1
121 317 0 1
123 317 0 1
124 317 0 1
125 317 0 1
129 317 0 1
130 317 0 1
134 317 0 1
135 317 0 1
139 317 0 1
147 317 0 1
148 317 0 1
151 317 0 1
152 317 0 1
1 318 0 1
82 318 0 1
84 318 0 1
85 318 0 1
86 318 0 1
93 318 0 1
96 318 0 1
98 318 0 1
100 318 0 1
104 318 0 1
109 318 0 1
112 318 0 1
115 318 0 1
116 318 0 1
117 318 0 1
118 318 0 1
120 318 0 1
121 318 0 1
122 318 0 1
125 318 0 1
126 318 0 1
127 318 0 1
128 318 0 1
130 318 0 1
131 318 0 1
132 318 0 1
138 318 0 1
141 318 0 1
145 318 0 1
146 318 0 1
147 318 0 1
152 318 0 1
153 318 0 1
82 319 0 1
85 319 0 1
86 319 0 1
87 319 0 1
97 319 0 1
98 319 0 1
99 319 0 1
100 319 0 1
102 319 0 1
103 319 0 1
104 319 0 1
109 319 0 1
112 319 0 1
116 319 0 1
117 319 0 1
118 319 0 1
120 319 0 1
122 319 0 1
126 319 0 1
127 319 0 1
128 319 0 1
131 319 0 1
132 319 0 1
138 319 0 1
141 319 0 1
142 319 0 1
145 319 0 1
88 320 0 1
89 320 0 1
91 320 0 1
92 320 0 1
99 320 0 1
103 320 0 1
105 320 0 1
119 320 0 1
136 320 0 1
137 320 0 1
143 320 0 1
149 320 0 1
150 320 0 1
16 321 0 1
17 321 0 1
20 321 0 1
27 321 0 1
28 321 0 1
30 321 0 1
32 321 0 1
35 321 0 1
37 321 0 1
38 321 0 1
40 321 0 1
42 321 0 1
44 321 0 1
52 321 0 1
53 321 0 1
54 321 0 1
66 321 0 1
67 321 0 1
154 321 0 1
158 321 0 1
161 321 0 1
166 321 0 1
2 322 0 1
7 322 0 1
8 322 0 1
9 322 0 1
11 322 0 1
13 322 0 1
14 322 0 1
15 322 0 1
18 322 0 1
19 322 0 1
22 322 0 1
25 322 0 1
31 322 0 1
33 322 0 1
36 322 0 1
39 322 0 1
45 322 0 1
47 322 0 1
48 322 0 1
49 322 0 1
50 322 0 1
55 322 0 1
56 322 0 1
57 322 0 1
58 322 0 1
60 322 0 1
61 322 0 1
62 322 0 1
65 322 0 1
162 322 0 1
31 323 0 1
46 323 0 1
51 323 0 1
56 323 0 1
57 323 0 1
58 323 0 1
59 323 0 1
68 323 0 1
78 323 0 1
156 323 0 1
157 323 0 1
160 323 0 1
163 323 0 1
31 324 0 1
46 324 0 1
47 324 0 1
51 324 0 1
55 324 0 1
56 324 0 1
57 324 0 1
58 324 0 1
59 324 0 1
155 324 0 1
156 324 0 1
157 324 0 1
160 324 0 1
8 325 0 1
9 325 0 1
13 325 0 1
15 325 0 1
18 325 0 1
19 325 0 1
22 325 0 1
25 325 0 1
31 325 0 1
33 325 0 1
36 325 0 1
39 325 0 1
45 325 0 1
47 325 0 1
48 325 0 1
49 325 0 1
50 325 0 1
55 325 0 1
56 325 0 1
57 325 0 1
58 325 0 1
59 325 0 1
60 325 0 1
61 325 0 1
62 325 0 1
65 325 0 1
155 325 0 1
160 325 0 1
162 325 0 1
31 326 0 1
36 326 0 1
45 326 0 1
46 326 0 1
47 326 0 1
51 326 0 1
55 326 0 1
56 326 0 1
57 326 0 1
58 326 0 1
59 326 0 1
62 326 0 1
155 326 0 1
156 326 0 1
157 326 0 1
160 326 0 1
2 327 0 1
16 327 0 1
17 327 0 1
20 327 0 1
21 327 0 1
24 327 0 1
27 327 0 1
28 327 0 1
29 327 0 1
30 327 0 1
32 327 0 1
34 327 0 1
35 327 0 1
37 327 0 1
38 327 0 1
39 327 0 1
40 327 0 1
41 327 0 1
42 327 0 1
43 327 0 1
44 327 0 1
52 327 0 1
53 327 0 1
54 327 0 1
63 327 0 1
64 327 0 1
66 327 0 1
67 327 0 1
158 327 0 1
159 327 0 1
161 327 0 1
164 327 0 1
165 327 0 1
166 327 0 1
16 328 0 1
17 328 0 1
20 328 0 1
27 328 0 1
28 328 0 1
30 328 0 1
32 328 0 1
35 328 0 1
37 328 0 1
38 328 0 1
40 328 0 1
42 328 0 1
43 328 0 1
44 328 0 1
52 328 0 1
53 328 0 1
54 328 0 1
63 328 0 1
66 328 0 1
67 328 0 1
154 328 0 1
158 328 0 1
159 328 0 1
161 328 0 1
165 328 0 1
166 328 0 1
2 329 0 1
9 329 0 1
15 329 0 1
18 329 0 1
19 329 0 1
22 329 0 1
25 329 0 1
31 329 0 1
33 329 0 1
34 329 0 1
36 329 0 1
39 329 0 1
45 329 0 1
47 329 0 1
48 329 0 1
49 329 0 1
50 329 0 1
55 329 0 1
57 329 0 1
58 329 0 1
60 329 0 1
61 329 0 1
62 329 0 1
64 329 0 1
65 329 0 1
162 329 0 1
167 329 0 1
2 330 0 1
16 330 0 1
17 330 0 1
20 330 0 1
27 330 0 1
28 330 0 1
30 330 0 1
32 330 0 1
35 330 0 1
37 330 0 1
38 330 0 1
40 330 0 1
41 330 0 1
42 330 0 1
43 330 0 1
44 330 0 1
52 330 0 1
53 330 0 1
54 330 0 1
63 330 0 1
66 330 0 1
67 330 0 1
154 330 0 1
158 330 0 1
159 330 0 1
161 330 0 1
164 330 0 1
165 330 0 1
166 330 0 1
2 331 0 1
15 331 0 1
18 331 0 1
19 331 0 1
22 331 0 1
25 331 0 1
33 331 0 1
34 331 0 1
36 331 0 1
39 331 0 1
41 331 0 1
45 331 0 1
47 331 0 1
48 331 0 1
49 331 0 1
50 331 0 1
55 331 0 1
57 331 0 1
58 331 0 1
60 331 0 1
61 331 0 1
62 331 0 1
64 331 0 1
65 331 0 1
74 331 0 1
162 331 0 1
167 331 0 1
16 332 0 1
17 332 0 1
20 332 0 1
27 332 0 1
28 332 0 1
30 332 0 1
32 332 0 1
35 332 0 1
37 332 0 1
38 332 0 1
40 332 0 1
42 332 0 1
44 332 0 1
52 332 0 1
53 332 0 1
54 332 0 1
66 332 0 1
67 332 0 1
154 332 0 1
158 332 0 1
159 332 0 1
161 332 0 1
165 332 0 1
166 332 0 1
