1 2 0 0
1 3 0 0
2 3 0 0
1 4 0 0
2 4 0 0
3 4 0 0
1 5 0 0
3 5 0 0
1 6 0 0
3 6 0 0
5 6 0 0
1 7 0 0
2 7 0 0
3 7 0 0
4 7 0 0
1 8 0 0
2 8 0 0
3 8 0 0
4 8 0 0
5 8 0 0
6 8 0 0
7 8 0 0
3 9 0 0
4 10 0 0
4 11 0 0
10 11 0 0
4 12 0 0
10 12 0 0
11 12 0 0
4 13 0 0
10 13 0 0
11 13 0 0
12 13 0 0
2 14 0 0
4 14 0 0
13 14 0 0
2 15 0 0
4 15 0 0
10 15 0 0
12 15 0 0
13 15 0 0
14 15 0 0
3 16 0 0
9 16 0 0
2 17 0 0
4 17 0 0
10 17 0 0
12 17 0 0
13 17 0 0
14 17 0 0
15 17 0 0
1 18 0 0
2 18 0 0
3 18 0 0
4 18 0 0
7 18 0 0
8 18 0 0
14 18 0 0
3 19 0 0
9 19 0 0
16 19 0 0
1 20 0 0
2 20 0 0
3 20 0 0
4 20 0 0
7 20 0 0
8 20 0 0
14 20 0 0
18 20 0 0
1 21 0 0
2 21 0 0
3 21 0 0
4 21 0 0
7 21 0 0
8 21 0 0
14 21 0 0
18 21 0 0
20 21 0 0
1 22 0 0
2 22 0 0
3 22 0 0
4 22 0 0
5 22 0 0
6 22 0 0
7 22 0 0
8 22 0 0
18 22 0 0
20 22 0 0
21 22 0 0
1 23 0 0
2 23 0 0
3 23 0 0
4 23 0 0
5 23 0 0
6 23 0 0
7 23 0 0
8 23 0 0
18 23 0 0
20 23 0 0
21 23 0 0
22 23 0 0
1 24 0 0
2 24 0 0
3 24 0 0
4 24 0 0
5 24 0 0
7 24 0 0
8 24 0 0
14 24 0 0
18 24 0 0
20 24 0 0
21 24 0 0
22 24 0 0
23 24 0 0
