1 3 0 0
1 4 0 0
3 4 0 0
1 5 0 0
3 5 0 0
4 5 0 0
6 8 0 0
4 9 0 0
5 9 0 0
8 9 0 0
6 10 0 0
8 10 0 0
9 10 0 0
4 11 0 0
5 11 0 0
6 11 0 0
8 11 0 0
9 11 0 0
10 11 0 0
8 12 0 0
9 12 0 0
10 12 0 0
11 12 0 0
8 13 0 0
9 13 0 0
10 13 0 0
11 13 0 0
12 13 0 0
7 14 0 0
8 15 0 0
9 15 0 0
10 15 0 0
11 15 0 0
12 15 0 0
13 15 0 0
1 16 0 0
4 16 0 0
5 16 0 0
8 16 0 0
9 16 0 0
10 16 0 0
11 16 0 0
12 16 0 0
13 16 0 0
15 16 0 0
1 17 0 0
8 17 0 0
9 17 0 0
10 17 0 0
11 17 0 0
12 17 0 0
13 17 0 0
15 17 0 0
16 17 0 0
7 18 0 0
14 18 0 0
7 19 0 0
14 19 0 0
18 19 0 0
8 20 0 0
9 20 0 0
10 20 0 0
11 20 0 0
12 20 0 0
13 20 0 0
15 20 0 0
16 20 0 0
17 20 0 0
15 21 0 0
20 21 0 0
1 22 0 0
14 23 0 0
18 23 0 0
2 24 0 0
2 25 0 0
13 25 0 0
15 25 0 0
21 26 0 0
24 26 0 0
23 27 0 0
24 27 0 0
26 27 0 0
2 28 0 0
21 28 0 0
24 28 0 0
26 28 0 0
27 28 0 0
2 29 0 0
23 29 0 0
24 29 0 0
27 29 0 0
28 29 0 0
2 30 0 0
14 30 0 0
18 30 0 0
19 30 0 0
23 30 0 0
24 30 0 0
26 30 0 0
27 30 0 0
28 30 0 0
29 30 0 0
7 31 0 0
14 31 0 0
18 31 0 0
19 31 0 0
23 31 0 0
27 31 0 0
30 31 0 0
2 32 0 0
2 33 0 0
24 33 0 0
30 33 0 0
32 33 0 0
2 35 0 0
2 36 0 0
24 36 0 0
1 37 0 1
2 37 0 1
12 37 0 1
17 37 0 1
22 37 0 1
25 37 0 1
34 37 0 1
2 38 0 1
12 38 0 1
13 38 0 1
15 38 0 1
17 38 0 1
20 38 0 1
21 38 0 1
25 38 0 1
26 38 0 1
28 38 0 1
30 38 0 1
32 38 0 1
33 38 0 1
7 39 0 1
18 39 0 1
6 40 0 1
7 40 0 1
18 40 0 1
6 41 0 1
7 41 0 1
18 41 0 1
7 42 0 1
18 42 0 1
6 43 0 1
8 43 0 1
9 43 0 1
10 43 0 1
11 43 0 1
17 43 0 1
20 43 0 1
4 44 0 1
5 44 0 1
8 44 0 1
9 44 0 1
10 44 0 1
11 44 0 1
13 44 0 1
16 44 0 1
17 44 0 1
20 44 0 1
1 45 0 1
3 45 0 1
4 45 0 1
5 45 0 1
8 45 0 1
9 45 0 1
10 45 0 1
11 45 0 1
12 45 0 1
13 45 0 1
16 45 0 1
17 45 0 1
20 45 0 1
6 46 0 1
8 46 0 1
19 46 0 1
20 46 0 1
1 47 0 1
9 47 0 1
11 47 0 1
12 47 0 1
13 47 0 1
16 47 0 1
17 47 0 1
22 47 0 1
1 48 0 1
12 48 0 1
16 48 0 1
17 48 0 1
22 48 0 1
14 49 0 1
18 49 0 1
19 49 0 1
21 49 0 1
23 49 0 1
26 49 0 1
27 49 0 1
28 49 0 1
30 49 0 1
31 49 0 1
8 50 0 1
9 50 0 1
11 50 0 1
12 50 0 1
13 50 0 1
15 50 0 1
16 50 0 1
17 50 0 1
20 50 0 1
25 50 0 1
19 51 0 1
21 51 0 1
26 51 0 1
28 51 0 1
30 51 0 1
1 52 0 1
12 52 0 1
13 52 0 1
16 52 0 1
17 52 0 1
22 52 0 1
8 53 0 1
9 53 0 1
12 53 0 1
13 53 0 1
15 53 0 1
16 53 0 1
17 53 0 1
20 53 0 1
21 53 0 1
25 53 0 1
19 54 0 1
20 54 0 1
21 54 0 1
26 54 0 1
28 54 0 1
30 54 0 1
12 55 0 1
13 55 0 1
15 55 0 1
16 55 0 1
17 55 0 1
20 55 0 1
21 55 0 1
25 55 0 1
6 56 0 1
8 56 0 1
13 56 0 1
15 56 0 1
18 56 0 1
19 56 0 1
20 56 0 1
21 56 0 1
6 57 0 1
18 57 0 1
19 57 0 1
20 57 0 1
21 57 0 1
6 58 0 1
8 58 0 1
9 58 0 1
10 58 0 1
11 58 0 1
12 58 0 1
13 58 0 1
15 58 0 1
16 58 0 1
17 58 0 1
20 58 0 1
21 58 0 1
19 59 0 1
21 59 0 1
26 59 0 1
28 59 0 1
30 59 0 1
1 60 0 1
12 60 0 1
13 60 0 1
15 60 0 1
16 60 0 1
17 60 0 1
22 60 0 1
25 60 0 1
12 61 0 1
13 61 0 1
15 61 0 1
20 61 0 1
21 61 0 1
25 61 0 1
26 61 0 1
12 62 0 1
13 62 0 1
15 62 0 1
16 62 0 1
17 62 0 1
20 62 0 1
21 62 0 1
25 62 0 1
14 63 0 1
19 63 0 1
21 63 0 1
26 63 0 1
28 63 0 1
30 63 0 1
15 64 0 1
21 64 0 1
25 64 0 1
26 64 0 1
28 64 0 1
30 64 0 1
25 65 0 1
21 66 0 1
26 66 0 1
28 66 0 1
30 66 0 1
32 66 0 1
25 67 0 1
2 68 0 1
26 68 0 1
28 68 0 1
30 68 0 1
32 68 0 1
33 68 0 1
2 69 0 1
24 69 0 1
30 69 0 1
36 69 0 1
2 70 0 1
33 70 0 1
35 70 0 1
2 71 0 1
34 72 0 1
2 73 0 1
34 73 0 1
34 74 0 1
2 75 0 1
34 75 0 1
34 76 0 1
2 77 0 1
25 77 0 1
2 78 0 1
25 78 0 1
2 79 0 1
24 79 0 1
26 79 0 1
28 79 0 1
30 79 0 1
32 79 0 1
33 79 0 1
2 80 0 1
25 80 0 1
2 81 0 1
24 81 0 1
26 81 0 1
28 81 0 1
30 81 0 1
32 81 0 1
33 81 0 1
2 82 0 1
21 82 0 1
24 82 0 1
26 82 0 1
28 82 0 1
30 82 0 1
32 82 0 1
33 82 0 1
2 83 0 1
24 83 0 1
26 83 0 1
27 83 0 1
28 83 0 1
29 83 0 1
30 83 0 1
32 83 0 1
33 83 0 1
