2 3 0 0
2 4 0 0
3 4 0 0
1 5 0 0
3 5 0 0
2 6 0 0
2 7 0 0
4 7 0 0
6 7 0 0
1 8 0 0
2 8 0 0
3 8 0 0
4 8 0 0
5 8 0 0
1 9 0 0
5 9 0 0
8 9 0 0
1 10 0 0
3 10 0 0
5 10 0 0
8 10 0 0
9 10 0 0
2 11 0 0
3 11 0 0
4 11 0 0
7 11 0 0
8 11 0 0
2 12 0 0
3 12 0 0
4 12 0 0
5 12 0 0
8 12 0 0
10 12 0 0
11 12 0 0
2 13 0 0
3 13 0 0
4 13 0 0
5 13 0 0
7 13 0 0
8 13 0 0
10 13 0 0
11 13 0 0
12 13 0 0
1 14 0 0
5 14 0 0
8 14 0 0
9 14 0 0
10 14 0 0
2 15 0 0
3 15 0 0
4 15 0 0
7 15 0 0
8 15 0 0
10 15 0 0
11 15 0 0
12 15 0 0
13 15 0 0
1 16 0 0
3 16 0 0
5 16 0 0
8 16 0 0
9 16 0 0
10 16 0 0
12 16 0 0
13 16 0 0
14 16 0 0
1 17 0 0
3 17 0 0
5 17 0 0
8 17 0 0
9 17 0 0
10 17 0 0
12 17 0 0
13 17 0 0
14 17 0 0
15 17 0 0
16 17 0 0
1 18 0 0
3 18 0 0
4 18 0 0
8 18 0 0
10 18 0 0
12 18 0 0
13 18 0 0
15 18 0 0
16 18 0 0
17 18 0 0
1 19 0 0
3 19 0 0
5 19 0 0
8 19 0 0
10 19 0 0
12 19 0 0
13 19 0 0
14 19 0 0
15 19 0 0
16 19 0 0
17 19 0 0
18 19 0 0
1 20 0 0
3 20 0 0
4 20 0 0
5 20 0 0
8 20 0 0
10 20 0 0
12 20 0 0
13 20 0 0
14 20 0 0
15 20 0 0
16 20 0 0
17 20 0 0
18 20 0 0
19 20 0 0
1 21 0 0
3 21 0 0
5 21 0 0
8 21 0 0
9 21 0 0
10 21 0 0
12 21 0 0
13 21 0 0
14 21 0 0
16 21 0 0
17 21 0 0
18 21 0 0
19 21 0 0
20 21 0 0
1 22 0 0
3 22 0 0
5 22 0 0
8 22 0 0
9 22 0 0
10 22 0 0
12 22 0 0
13 22 0 0
14 22 0 0
16 22 0 0
17 22 0 0
18 22 0 0
19 22 0 0
20 22 0 0
21 22 0 0
1 23 0 0
3 23 0 0
5 23 0 0
8 23 0 0
9 23 0 0
10 23 0 0
12 23 0 0
13 23 0 0
14 23 0 0
15 23 0 0
16 23 0 0
17 23 0 0
18 23 0 0
19 23 0 0
20 23 0 0
21 23 0 0
22 23 0 0
1 24 0 0
3 24 0 0
4 24 0 0
5 24 0 0
8 24 0 0
10 24 0 0
11 24 0 0
12 24 0 0
13 24 0 0
15 24 0 0
16 24 0 0
17 24 0 0
18 24 0 0
19 24 0 0
20 24 0 0
21 24 0 0
22 24 0 0
23 24 0 0
2 25 0 0
3 25 0 0
4 25 0 0
7 25 0 0
8 25 0 0
10 25 0 0
11 25 0 0
12 25 0 0
13 25 0 0
15 25 0 0
16 25 0 0
17 25 0 0
18 25 0 0
19 25 0 0
20 25 0 0
21 25 0 0
22 25 0 0
23 25 0 0
24 25 0 0
1 26 0 0
3 26 0 0
4 26 0 0
5 26 0 0
8 26 0 0
9 26 0 0
10 26 0 0
11 26 0 0
12 26 0 0
13 26 0 0
14 26 0 0
15 26 0 0
16 26 0 0
17 26 0 0
18 26 0 0
19 26 0 0
20 26 0 0
21 26 0 0
22 26 0 0
23 26 0 0
24 26 0 0
25 26 0 0
2 27 0 0
3 27 0 0
4 27 0 0
7 27 0 0
8 27 0 0
10 27 0 0
11 27 0 0
12 27 0 0
13 27 0 0
15 27 0 0
16 27 0 0
17 27 0 0
18 27 0 0
19 27 0 0
20 27 0 0
21 27 0 0
22 27 0 0
23 27 0 0
24 27 0 0
25 27 0 0
26 27 0 0
15 28 0 0
18 28 0 0
19 28 0 0
20 28 0 0
24 28 0 0
25 28 0 0
26 28 0 0
27 28 0 0
18 29 0 0
27 29 0 0
28 29 0 0
1 30 0 0
18 30 0 0
19 30 0 0
20 30 0 0
21 30 0 0
22 30 0 0
26 30 0 0
18 31 0 0
19 31 0 0
20 31 0 0
21 31 0 0
24 31 0 0
25 31 0 0
26 31 0 0
27 31 0 0
28 31 0 0
29 31 0 0
30 31 0 0
1 32 0 0
16 32 0 0
17 32 0 0
18 32 0 0
19 32 0 0
20 32 0 0
21 32 0 0
22 32 0 0
23 32 0 0
24 32 0 0
25 32 0 0
26 32 0 0
27 32 0 0
28 32 0 0
30 32 0 0
31 32 0 0
15 33 0 0
18 33 0 0
19 33 0 0
20 33 0 0
21 33 0 0
23 33 0 0
24 33 0 0
25 33 0 0
26 33 0 0
27 33 0 0
28 33 0 0
29 33 0 0
30 33 0 0
31 33 0 0
32 33 0 0
1 34 0 0
22 34 0 0
30 34 0 0
1 35 0 0
16 35 0 0
18 35 0 0
19 35 0 0
20 35 0 0
21 35 0 0
22 35 0 0
23 35 0 0
24 35 0 0
26 35 0 0
30 35 0 0
31 35 0 0
32 35 0 0
33 35 0 0
34 35 0 0
1 36 0 0
34 36 0 0
1 37 0 0
30 37 0 0
34 37 0 0
36 37 0 0
1 38 0 0
22 38 0 0
30 38 0 0
34 38 0 0
35 38 0 0
36 38 0 0
37 38 0 0
1 39 0 0
34 39 0 0
36 39 0 0
37 39 0 0
38 39 0 0
1 40 0 0
30 40 0 0
34 40 0 0
35 40 0 0
36 40 0 0
37 40 0 0
38 40 0 0
39 40 0 0
1 41 0 0
10 41 0 0
18 41 0 0
19 41 0 0
20 41 0 0
21 41 0 0
22 41 0 0
23 41 0 0
26 41 0 0
30 41 0 0
32 41 0 0
34 41 0 0
35 41 0 0
36 41 0 0
37 41 0 0
38 41 0 0
39 41 0 0
40 41 0 0
1 42 0 0
30 42 0 0
34 42 0 0
35 42 0 0
36 42 0 0
37 42 0 0
38 42 0 0
39 42 0 0
40 42 0 0
41 42 0 0
1 43 0 0
30 43 0 0
32 43 0 0
34 43 0 0
35 43 0 0
37 43 0 0
38 43 0 0
40 43 0 0
41 43 0 0
42 43 0 0
31 44 0 0
30 45 0 0
35 45 0 0
41 45 0 0
43 45 0 0
44 45 0 0
1 46 0 0
37 46 0 0
39 46 0 0
30 47 0 0
35 47 0 0
41 47 0 0
43 47 0 0
44 47 0 0
45 47 0 0
1 48 0 0
37 48 0 0
39 48 0 0
42 48 0 0
46 48 0 0
1 49 0 0
37 49 0 0
38 49 0 0
39 49 0 0
40 49 0 0
41 49 0 0
42 49 0 0
43 49 0 0
46 49 0 0
47 49 0 0
48 49 0 0
30 50 0 0
41 50 0 0
42 50 0 0
43 50 0 0
45 50 0 0
46 50 0 0
47 50 0 0
48 50 0 0
49 50 0 0
1 51 0 0
37 51 0 0
39 51 0 0
46 51 0 0
48 51 0 0
49 51 0 0
1 52 0 0
36 52 0 0
37 52 0 0
38 52 0 0
39 52 0 0
40 52 0 0
42 52 0 0
46 52 0 0
48 52 0 0
49 52 0 0
50 52 0 0
51 52 0 0
30 53 0 0
34 53 0 0
35 53 0 0
37 53 0 0
38 53 0 0
39 53 0 0
40 53 0 0
41 53 0 0
42 53 0 0
43 53 0 0
45 53 0 0
46 53 0 0
47 53 0 0
48 53 0 0
49 53 0 0
50 53 0 0
52 53 0 0
1 54 0 0
36 54 0 0
37 54 0 0
38 54 0 0
39 54 0 0
40 54 0 0
42 54 0 0
46 54 0 0
48 54 0 0
49 54 0 0
51 54 0 0
52 54 0 0
53 54 0 0
1 55 0 0
37 55 0 0
39 55 0 0
46 55 0 0
48 55 0 0
49 55 0 0
51 55 0 0
52 55 0 0
53 55 0 0
54 55 0 0
1 56 0 0
30 56 0 0
37 56 0 0
38 56 0 0
39 56 0 0
40 56 0 0
41 56 0 0
42 56 0 0
43 56 0 0
45 56 0 0
46 56 0 0
47 56 0 0
48 56 0 0
49 56 0 0
50 56 0 0
51 56 0 0
52 56 0 0
53 56 0 0
54 56 0 0
55 56 0 0
1 57 0 0
36 57 0 0
37 57 0 0
39 57 0 0
46 57 0 0
48 57 0 0
51 57 0 0
52 57 0 0
54 57 0 0
55 57 0 0
30 58 0 0
32 58 0 0
34 58 0 0
35 58 0 0
37 58 0 0
38 58 0 0
39 58 0 0
40 58 0 0
41 58 0 0
42 58 0 0
43 58 0 0
45 58 0 0
47 58 0 0
48 58 0 0
49 58 0 0
50 58 0 0
53 58 0 0
56 58 0 0
1 59 0 0
30 59 0 0
34 59 0 0
36 59 0 0
37 59 0 0
38 59 0 0
39 59 0 0
40 59 0 0
41 59 0 0
42 59 0 0
43 59 0 0
45 59 0 0
46 59 0 0
47 59 0 0
48 59 0 0
49 59 0 0
50 59 0 0
51 59 0 0
52 59 0 0
53 59 0 0
54 59 0 0
55 59 0 0
56 59 0 0
57 59 0 0
58 59 0 0
1 60 0 0
34 60 0 0
36 60 0 0
37 60 0 0
38 60 0 0
39 60 0 0
40 60 0 0
41 60 0 0
42 60 0 0
46 60 0 0
48 60 0 0
49 60 0 0
50 60 0 0
51 60 0 0
52 60 0 0
53 60 0 0
54 60 0 0
55 60 0 0
56 60 0 0
57 60 0 0
59 60 0 0
1 61 0 0
30 61 0 0
32 61 0 0
34 61 0 0
35 61 0 0
36 61 0 0
37 61 0 0
38 61 0 0
39 61 0 0
40 61 0 0
41 61 0 0
42 61 0 0
43 61 0 0
45 61 0 0
47 61 0 0
48 61 0 0
49 61 0 0
50 61 0 0
52 61 0 0
53 61 0 0
56 61 0 0
58 61 0 0
59 61 0 0
60 61 0 0
1 62 0 0
30 62 0 0
34 62 0 0
36 62 0 0
37 62 0 0
38 62 0 0
39 62 0 0
40 62 0 0
41 62 0 0
42 62 0 0
43 62 0 0
46 62 0 0
47 62 0 0
48 62 0 0
49 62 0 0
50 62 0 0
51 62 0 0
52 62 0 0
53 62 0 0
54 62 0 0
55 62 0 0
56 62 0 0
57 62 0 0
58 62 0 0
59 62 0 0
60 62 0 0
61 62 0 0
1 63 0 0
34 63 0 0
36 63 0 0
37 63 0 0
39 63 0 0
40 63 0 0
42 63 0 0
46 63 0 0
48 63 0 0
51 63 0 0
52 63 0 0
54 63 0 0
55 63 0 0
57 63 0 0
59 63 0 0
60 63 0 0
62 63 0 0
1 64 0 0
34 64 0 0
36 64 0 0
37 64 0 0
39 64 0 0
40 64 0 0
42 64 0 0
46 64 0 0
48 64 0 0
49 64 0 0
51 64 0 0
52 64 0 0
54 64 0 0
55 64 0 0
56 64 0 0
57 64 0 0
59 64 0 0
60 64 0 0
62 64 0 0
63 64 0 0
30 65 0 0
34 65 0 0
35 65 0 0
37 65 0 0
38 65 0 0
39 65 0 0
40 65 0 0
41 65 0 0
42 65 0 0
43 65 0 0
45 65 0 0
47 65 0 0
48 65 0 0
49 65 0 0
50 65 0 0
52 65 0 0
53 65 0 0
56 65 0 0
58 65 0 0
59 65 0 0
60 65 0 0
61 65 0 0
62 65 0 0
1 66 0 0
46 66 0 0
48 66 0 0
49 66 0 0
51 66 0 0
52 66 0 0
54 66 0 0
55 66 0 0
57 66 0 0
59 66 0 0
60 66 0 0
63 66 0 0
64 66 0 0
1 67 0 0
46 67 0 0
48 67 0 0
49 67 0 0
51 67 0 0
52 67 0 0
54 67 0 0
55 67 0 0
56 67 0 0
57 67 0 0
59 67 0 0
60 67 0 0
62 67 0 0
63 67 0 0
64 67 0 0
66 67 0 0
1 68 0 0
46 68 0 0
48 68 0 0
49 68 0 0
50 68 0 0
51 68 0 0
52 68 0 0
53 68 0 0
54 68 0 0
55 68 0 0
56 68 0 0
57 68 0 0
58 68 0 0
59 68 0 0
60 68 0 0
61 68 0 0
62 68 0 0
63 68 0 0
64 68 0 0
65 68 0 0
66 68 0 0
67 68 0 0
46 69 0 0
48 69 0 0
49 69 0 0
50 69 0 0
56 69 0 0
59 69 0 0
66 69 0 0
67 69 0 0
68 69 0 0
46 70 0 0
48 70 0 0
49 70 0 0
66 70 0 0
67 70 0 0
68 70 0 0
69 70 0 0
46 71 0 0
48 71 0 0
49 71 0 0
51 71 0 0
52 71 0 0
55 71 0 0
66 71 0 0
67 71 0 0
68 71 0 0
69 71 0 0
70 71 0 0
46 72 0 0
48 72 0 0
51 72 0 0
55 72 0 0
66 72 0 0
67 72 0 0
68 72 0 0
69 72 0 0
70 72 0 0
71 72 0 0
46 73 0 0
48 73 0 0
49 73 0 0
50 73 0 0
51 73 0 0
52 73 0 0
53 73 0 0
54 73 0 0
55 73 0 0
56 73 0 0
59 73 0 0
66 73 0 0
67 73 0 0
68 73 0 0
69 73 0 0
70 73 0 0
71 73 0 0
72 73 0 0
46 74 0 0
48 74 0 0
51 74 0 0
52 74 0 0
54 74 0 0
55 74 0 0
57 74 0 0
60 74 0 0
66 74 0 0
67 74 0 0
68 74 0 0
69 74 0 0
70 74 0 0
71 74 0 0
72 74 0 0
73 74 0 0
46 75 0 0
48 75 0 0
49 75 0 0
51 75 0 0
52 75 0 0
54 75 0 0
55 75 0 0
56 75 0 0
57 75 0 0
59 75 0 0
60 75 0 0
66 75 0 0
67 75 0 0
68 75 0 0
69 75 0 0
70 75 0 0
71 75 0 0
72 75 0 0
73 75 0 0
74 75 0 0
46 76 0 0
48 76 0 0
51 76 0 0
55 76 0 0
66 76 0 0
67 76 0 0
68 76 0 0
69 76 0 0
70 76 0 0
71 76 0 0
72 76 0 0
73 76 0 0
74 76 0 0
75 76 0 0
46 77 0 0
48 77 0 0
49 77 0 0
51 77 0 0
52 77 0 0
54 77 0 0
55 77 0 0
66 77 0 0
67 77 0 0
68 77 0 0
69 77 0 0
70 77 0 0
71 77 0 0
72 77 0 0
73 77 0 0
74 77 0 0
75 77 0 0
76 77 0 0
69 78 0 0
70 78 0 0
71 78 0 0
72 78 0 0
73 78 0 0
75 78 0 0
77 78 0 0
69 79 0 0
70 79 0 0
71 79 0 0
72 79 0 0
73 79 0 0
74 79 0 0
75 79 0 0
76 79 0 0
77 79 0 0
78 79 0 0
69 80 0 0
70 80 0 0
71 80 0 0
72 80 0 0
73 80 0 0
74 80 0 0
75 80 0 0
76 80 0 0
77 80 0 0
78 80 0 0
79 80 0 0
69 81 0 0
70 81 0 0
71 81 0 0
73 81 0 0
78 81 0 0
80 81 0 0
69 82 0 0
70 82 0 0
71 82 0 0
72 82 0 0
78 82 0 0
79 82 0 0
80 82 0 0
81 82 0 0
70 83 0 0
78 83 0 0
79 83 0 0
80 83 0 0
81 83 0 0
82 83 0 0
69 84 0 0
70 84 0 0
71 84 0 0
72 84 0 0
73 84 0 0
75 84 0 0
76 84 0 0
77 84 0 0
78 84 0 0
79 84 0 0
80 84 0 0
81 84 0 0
82 84 0 0
83 84 0 0
69 85 0 0
70 85 0 0
71 85 0 0
72 85 0 0
74 85 0 0
75 85 0 0
76 85 0 0
77 85 0 0
79 85 0 0
80 85 0 0
82 85 0 0
83 85 0 0
84 85 0 0
43 86 0 0
45 86 0 0
47 86 0 0
49 86 0 0
50 86 0 0
53 86 0 0
56 86 0 0
58 86 0 0
59 86 0 0
61 86 0 0
65 86 0 0
68 86 0 0
69 86 0 0
73 86 0 0
1 87 0 0
46 87 0 0
48 87 0 0
49 87 0 0
51 87 0 0
52 87 0 0
54 87 0 0
55 87 0 0
56 87 0 0
57 87 0 0
59 87 0 0
60 87 0 0
63 87 0 0
64 87 0 0
66 87 0 0
67 87 0 0
68 87 0 0
69 87 0 0
70 87 0 0
71 87 0 0
72 87 0 0
73 87 0 0
74 87 0 0
75 87 0 0
76 87 0 0
77 87 0 0
79 87 0 0
80 87 0 0
85 87 0 0
46 88 0 0
47 88 0 0
48 88 0 0
49 88 0 0
50 88 0 0
51 88 0 0
52 88 0 0
53 88 0 0
54 88 0 0
55 88 0 0
56 88 0 0
58 88 0 0
59 88 0 0
60 88 0 0
61 88 0 0
62 88 0 0
64 88 0 0
65 88 0 0
66 88 0 0
67 88 0 0
68 88 0 0
69 88 0 0
70 88 0 0
71 88 0 0
72 88 0 0
73 88 0 0
74 88 0 0
75 88 0 0
76 88 0 0
77 88 0 0
78 88 0 0
80 88 0 0
86 88 0 0
87 88 0 0
1 89 0 0
46 89 0 0
48 89 0 0
49 89 0 0
51 89 0 0
52 89 0 0
53 89 0 0
54 89 0 0
55 89 0 0
56 89 0 0
57 89 0 0
59 89 0 0
60 89 0 0
62 89 0 0
63 89 0 0
64 89 0 0
66 89 0 0
67 89 0 0
68 89 0 0
69 89 0 0
70 89 0 0
71 89 0 0
72 89 0 0
73 89 0 0
74 89 0 0
75 89 0 0
76 89 0 0
77 89 0 0
80 89 0 0
87 89 0 0
88 89 0 0
1 90 0 0
46 90 0 0
48 90 0 0
49 90 0 0
50 90 0 0
51 90 0 0
52 90 0 0
53 90 0 0
54 90 0 0
55 90 0 0
56 90 0 0
57 90 0 0
59 90 0 0
60 90 0 0
61 90 0 0
62 90 0 0
63 90 0 0
64 90 0 0
65 90 0 0
66 90 0 0
67 90 0 0
68 90 0 0
69 90 0 0
70 90 0 0
71 90 0 0
72 90 0 0
73 90 0 0
74 90 0 0
75 90 0 0
76 90 0 0
77 90 0 0
78 90 0 0
80 90 0 0
87 90 0 0
88 90 0 0
89 90 0 0
46 91 0 0
48 91 0 0
49 91 0 0
50 91 0 0
51 91 0 0
52 91 0 0
53 91 0 0
54 91 0 0
55 91 0 0
56 91 0 0
57 91 0 0
59 91 0 0
60 91 0 0
61 91 0 0
62 91 0 0
64 91 0 0
65 91 0 0
66 91 0 0
67 91 0 0
68 91 0 0
69 91 0 0
70 91 0 0
71 91 0 0
72 91 0 0
73 91 0 0
74 91 0 0
75 91 0 0
76 91 0 0
77 91 0 0
78 91 0 0
80 91 0 0
84 91 0 0
86 91 0 0
87 91 0 0
88 91 0 0
89 91 0 0
90 91 0 0
45 92 0 0
47 92 0 0
49 92 0 0
50 92 0 0
53 92 0 0
56 92 0 0
58 92 0 0
59 92 0 0
61 92 0 0
65 92 0 0
68 92 0 0
69 92 0 0
70 92 0 0
73 92 0 0
78 92 0 0
86 92 0 0
88 92 0 0
91 92 0 0
46 93 0 0
48 93 0 0
49 93 0 0
50 93 0 0
51 93 0 0
52 93 0 0
53 93 0 0
54 93 0 0
55 93 0 0
56 93 0 0
59 93 0 0
60 93 0 0
62 93 0 0
65 93 0 0
66 93 0 0
67 93 0 0
68 93 0 0
69 93 0 0
70 93 0 0
71 93 0 0
72 93 0 0
73 93 0 0
74 93 0 0
75 93 0 0
76 93 0 0
77 93 0 0
78 93 0 0
80 93 0 0
84 93 0 0
86 93 0 0
87 93 0 0
88 93 0 0
89 93 0 0
90 93 0 0
91 93 0 0
92 93 0 0
1 94 0 0
30 94 0 0
34 94 0 0
35 94 0 0
36 94 0 0
37 94 0 0
38 94 0 0
39 94 0 0
40 94 0 0
41 94 0 0
42 94 0 0
43 94 0 0
45 94 0 0
46 94 0 0
47 94 0 0
48 94 0 0
49 94 0 0
50 94 0 0
52 94 0 0
53 94 0 0
54 94 0 0
55 94 0 0
56 94 0 0
58 94 0 0
59 94 0 0
60 94 0 0
61 94 0 0
62 94 0 0
64 94 0 0
65 94 0 0
68 94 0 0
86 94 0 0
88 94 0 0
90 94 0 0
91 94 0 0
1 95 0 0
30 95 0 0
32 95 0 0
34 95 0 0
35 95 0 0
36 95 0 0
37 95 0 0
38 95 0 0
39 95 0 0
40 95 0 0
41 95 0 0
42 95 0 0
43 95 0 0
45 95 0 0
47 95 0 0
49 95 0 0
50 95 0 0
52 95 0 0
53 95 0 0
56 95 0 0
58 95 0 0
59 95 0 0
60 95 0 0
61 95 0 0
62 95 0 0
65 95 0 0
94 95 0 0
1 96 0 0
19 96 0 0
21 96 0 0
30 96 0 0
32 96 0 0
34 96 0 0
35 96 0 0
36 96 0 0
37 96 0 0
38 96 0 0
39 96 0 0
40 96 0 0
41 96 0 0
42 96 0 0
43 96 0 0
45 96 0 0
47 96 0 0
49 96 0 0
50 96 0 0
53 96 0 0
56 96 0 0
58 96 0 0
59 96 0 0
61 96 0 0
62 96 0 0
65 96 0 0
94 96 0 0
95 96 0 0
1 97 0 0
19 97 0 0
30 97 0 0
32 97 0 0
33 97 0 0
34 97 0 0
35 97 0 0
37 97 0 0
38 97 0 0
40 97 0 0
41 97 0 0
42 97 0 0
43 97 0 0
45 97 0 0
47 97 0 0
49 97 0 0
50 97 0 0
53 97 0 0
56 97 0 0
58 97 0 0
59 97 0 0
61 97 0 0
62 97 0 0
65 97 0 0
86 97 0 0
94 97 0 0
95 97 0 0
96 97 0 0
1 98 0 0
34 98 0 0
36 98 0 0
37 98 0 0
38 98 0 0
39 98 0 0
40 98 0 0
41 98 0 0
42 98 0 0
43 98 0 0
46 98 0 0
48 98 0 0
49 98 0 0
50 98 0 0
51 98 0 0
52 98 0 0
53 98 0 0
54 98 0 0
55 98 0 0
56 98 0 0
57 98 0 0
58 98 0 0
59 98 0 0
60 98 0 0
61 98 0 0
62 98 0 0
63 98 0 0
64 98 0 0
65 98 0 0
66 98 0 0
67 98 0 0
68 98 0 0
87 98 0 0
88 98 0 0
89 98 0 0
90 98 0 0
91 98 0 0
94 98 0 0
95 98 0 0
96 98 0 0
97 98 0 0
1 99 0 0
3 99 0 0
8 99 0 0
10 99 0 0
12 99 0 0
13 99 0 0
15 99 0 0
16 99 0 0
17 99 0 0
18 99 0 0
19 99 0 0
20 99 0 0
21 99 0 0
22 99 0 0
23 99 0 0
24 99 0 0
25 99 0 0
26 99 0 0
27 99 0 0
28 99 0 0
30 99 0 0
31 99 0 0
32 99 0 0
33 99 0 0
35 99 0 0
41 99 0 0
96 99 0 0
97 99 0 0
1 100 0 0
5 100 0 0
8 100 0 0
9 100 0 0
10 100 0 0
14 100 0 0
16 100 0 0
17 100 0 0
18 100 0 0
19 100 0 0
20 100 0 0
21 100 0 0
22 100 0 0
23 100 0 0
24 100 0 0
26 100 0 0
30 100 0 0
32 100 0 0
33 100 0 0
34 100 0 0
35 100 0 0
38 100 0 0
40 100 0 0
41 100 0 0
42 100 0 0
43 100 0 0
61 100 0 0
94 100 0 0
95 100 0 0
96 100 0 0
97 100 0 0
99 100 0 0
1 101 0 0
5 101 0 0
9 101 0 0
10 101 0 0
14 101 0 0
16 101 0 0
17 101 0 0
18 101 0 0
19 101 0 0
20 101 0 0
21 101 0 0
22 101 0 0
23 101 0 0
26 101 0 0
30 101 0 0
32 101 0 0
34 101 0 0
35 101 0 0
36 101 0 0
37 101 0 0
38 101 0 0
39 101 0 0
40 101 0 0
41 101 0 0
42 101 0 0
43 101 0 0
53 101 0 0
58 101 0 0
59 101 0 0
61 101 0 0
62 101 0 0
65 101 0 0
94 101 0 0
95 101 0 0
96 101 0 0
97 101 0 0
98 101 0 0
99 101 0 0
100 101 0 0
1 102 0 0
8 102 0 0
10 102 0 0
14 102 0 0
16 102 0 0
17 102 0 0
18 102 0 0
19 102 0 0
20 102 0 0
21 102 0 0
22 102 0 0
23 102 0 0
24 102 0 0
25 102 0 0
26 102 0 0
27 102 0 0
30 102 0 0
31 102 0 0
32 102 0 0
33 102 0 0
34 102 0 0
35 102 0 0
38 102 0 0
41 102 0 0
43 102 0 0
58 102 0 0
61 102 0 0
94 102 0 0
95 102 0 0
96 102 0 0
97 102 0 0
99 102 0 0
100 102 0 0
101 102 0 0
1 103 0 0
8 103 0 0
10 103 0 0
12 103 0 0
13 103 0 0
15 103 0 0
16 103 0 0
17 103 0 0
18 103 0 0
19 103 0 0
20 103 0 0
21 103 0 0
22 103 0 0
23 103 0 0
24 103 0 0
25 103 0 0
26 103 0 0
27 103 0 0
28 103 0 0
29 103 0 0
30 103 0 0
31 103 0 0
32 103 0 0
33 103 0 0
35 103 0 0
41 103 0 0
97 103 0 0
99 103 0 0
100 103 0 0
101 103 0 0
102 103 0 0
44 105 0 1
2 106 0 1
4 106 0 1
6 106 0 1
7 106 0 1
11 106 0 1
15 106 0 1
2 107 0 1
3 107 0 1
4 107 0 1
7 107 0 1
8 107 0 1
11 107 0 1
12 107 0 1
13 107 0 1
15 107 0 1
18 107 0 1
20 107 0 1
24 107 0 1
25 107 0 1
26 107 0 1
27 107 0 1
29 107 0 1
6 108 0 1
7 108 0 1
2 109 0 1
6 109 0 1
7 109 0 1
1 110 0 1
12 110 0 1
15 110 0 1
16 110 0 1
17 110 0 1
18 110 0 1
19 110 0 1
20 110 0 1
21 110 0 1
22 110 0 1
23 110 0 1
24 110 0 1
25 110 0 1
26 110 0 1
27 110 0 1
28 110 0 1
29 110 0 1
30 110 0 1
31 110 0 1
32 110 0 1
33 110 0 1
35 110 0 1
41 110 0 1
43 110 0 1
96 110 0 1
97 110 0 1
99 110 0 1
100 110 0 1
101 110 0 1
102 110 0 1
103 110 0 1
15 111 0 1
18 111 0 1
19 111 0 1
20 111 0 1
21 111 0 1
24 111 0 1
25 111 0 1
26 111 0 1
27 111 0 1
28 111 0 1
29 111 0 1
31 111 0 1
32 111 0 1
33 111 0 1
35 111 0 1
99 111 0 1
102 111 0 1
103 111 0 1
6 112 0 1
28 112 0 1
29 112 0 1
15 113 0 1
25 113 0 1
27 113 0 1
28 113 0 1
29 113 0 1
31 113 0 1
33 113 0 1
6 114 0 1
7 114 0 1
29 114 0 1
6 115 0 1
7 115 0 1
6 116 0 1
29 116 0 1
28 117 0 1
29 117 0 1
31 117 0 1
29 118 0 1
28 120 0 1
29 120 0 1
31 120 0 1
44 120 0 1
6 121 0 1
29 121 0 1
6 122 0 1
28 123 0 1
29 123 0 1
30 124 0 1
31 124 0 1
43 124 0 1
44 124 0 1
45 124 0 1
47 124 0 1
50 124 0 1
53 124 0 1
58 124 0 1
61 124 0 1
65 124 0 1
86 124 0 1
92 124 0 1
96 124 0 1
97 124 0 1
31 125 0 1
44 125 0 1
45 125 0 1
47 125 0 1
86 125 0 1
97 125 0 1
28 126 0 1
29 126 0 1
31 126 0 1
44 126 0 1
28 130 0 1
29 130 0 1
31 130 0 1
33 130 0 1
44 130 0 1
28 132 0 1
29 132 0 1
29 134 0 1
29 136 0 1
44 137 0 1
45 137 0 1
47 137 0 1
86 137 0 1
92 137 0 1
44 138 0 1
44 139 0 1
46 140 0 1
48 140 0 1
49 140 0 1
50 140 0 1
51 140 0 1
52 140 0 1
53 140 0 1
54 140 0 1
55 140 0 1
56 140 0 1
59 140 0 1
60 140 0 1
66 140 0 1
67 140 0 1
68 140 0 1
69 140 0 1
70 140 0 1
71 140 0 1
72 140 0 1
73 140 0 1
74 140 0 1
75 140 0 1
76 140 0 1
77 140 0 1
78 140 0 1
79 140 0 1
80 140 0 1
84 140 0 1
86 140 0 1
87 140 0 1
88 140 0 1
89 140 0 1
90 140 0 1
91 140 0 1
92 140 0 1
93 140 0 1
44 141 0 1
45 141 0 1
47 141 0 1
50 141 0 1
53 141 0 1
58 141 0 1
65 141 0 1
86 141 0 1
92 141 0 1
44 142 0 1
44 143 0 1
44 144 0 1
45 144 0 1
47 144 0 1
50 144 0 1
86 144 0 1
92 144 0 1
44 145 0 1
45 145 0 1
47 145 0 1
86 145 0 1
92 145 0 1
44 146 0 1
44 147 0 1
44 148 0 1
45 148 0 1
47 148 0 1
86 148 0 1
92 148 0 1
43 150 0 1
44 150 0 1
45 150 0 1
47 150 0 1
50 150 0 1
53 150 0 1
58 150 0 1
61 150 0 1
65 150 0 1
86 150 0 1
92 150 0 1
97 150 0 1
44 151 0 1
44 153 0 1
28 154 0 1
29 154 0 1
31 154 0 1
44 154 0 1
43 155 0 1
44 155 0 1
45 155 0 1
47 155 0 1
50 155 0 1
53 155 0 1
58 155 0 1
65 155 0 1
86 155 0 1
92 155 0 1
47 156 0 1
69 156 0 1
78 156 0 1
81 156 0 1
86 156 0 1
92 156 0 1
86 157 0 1
92 157 0 1
78 158 0 1
81 158 0 1
86 158 0 1
92 158 0 1
86 159 0 1
92 159 0 1
45 160 0 1
47 160 0 1
49 160 0 1
50 160 0 1
53 160 0 1
56 160 0 1
69 160 0 1
73 160 0 1
78 160 0 1
81 160 0 1
86 160 0 1
88 160 0 1
92 160 0 1
93 160 0 1
44 161 0 1
45 161 0 1
47 161 0 1
50 161 0 1
86 161 0 1
92 161 0 1
44 162 0 1
44 163 0 1
44 164 0 1
44 165 0 1
45 165 0 1
47 165 0 1
86 165 0 1
92 165 0 1
45 166 0 1
47 166 0 1
49 166 0 1
50 166 0 1
53 166 0 1
56 166 0 1
68 166 0 1
69 166 0 1
70 166 0 1
71 166 0 1
73 166 0 1
78 166 0 1
81 166 0 1
84 166 0 1
86 166 0 1
88 166 0 1
90 166 0 1
91 166 0 1
92 166 0 1
93 166 0 1
44 168 0 1
86 168 0 1
92 168 0 1
44 169 0 1
44 170 0 1
81 171 0 1
70 172 0 1
71 172 0 1
72 172 0 1
78 172 0 1
79 172 0 1
80 172 0 1
81 172 0 1
82 172 0 1
83 172 0 1
84 172 0 1
85 172 0 1
70 173 0 1
78 173 0 1
80 173 0 1
81 173 0 1
82 173 0 1
83 173 0 1
84 173 0 1
72 174 0 1
78 174 0 1
79 174 0 1
80 174 0 1
81 174 0 1
82 174 0 1
83 174 0 1
84 174 0 1
85 174 0 1
78 175 0 1
80 175 0 1
81 175 0 1
82 175 0 1
83 175 0 1
84 175 0 1
78 176 0 1
81 176 0 1
82 176 0 1
83 176 0 1
84 176 0 1
81 179 0 1
78 180 0 1
81 180 0 1
82 180 0 1
83 180 0 1
84 180 0 1
81 181 0 1
82 181 0 1
83 181 0 1
81 182 0 1
81 186 0 1
78 188 0 1
81 188 0 1
82 188 0 1
81 189 0 1
69 190 0 1
70 190 0 1
71 190 0 1
73 190 0 1
75 190 0 1
78 190 0 1
80 190 0 1
81 190 0 1
82 190 0 1
83 190 0 1
84 190 0 1
86 190 0 1
88 190 0 1
91 190 0 1
92 190 0 1
93 190 0 1
69 191 0 1
70 191 0 1
71 191 0 1
73 191 0 1
78 191 0 1
80 191 0 1
81 191 0 1
82 191 0 1
83 191 0 1
84 191 0 1
86 191 0 1
88 191 0 1
92 191 0 1
93 191 0 1
92 192 0 1
69 196 0 1
78 196 0 1
81 196 0 1
82 196 0 1
84 196 0 1
86 196 0 1
92 196 0 1
78 197 0 1
81 197 0 1
82 197 0 1
84 197 0 1
92 197 0 1
78 198 0 1
81 198 0 1
92 198 0 1
