1 2 0 0
3 4 0 0
1 5 0 0
3 5 0 0
4 5 0 0
3 7 0 0
4 7 0 0
5 7 0 0
6 7 0 0
1 8 0 0
3 8 0 0
4 8 0 0
5 8 0 0
7 8 0 0
1 9 0 0
3 9 0 0
4 9 0 0
5 9 0 0
7 9 0 0
8 9 0 0
1 10 0 0
3 10 0 0
4 10 0 0
5 10 0 0
6 10 0 0
7 10 0 0
8 10 0 0
9 10 0 0
1 11 0 0
4 11 0 0
5 11 0 0
6 11 0 0
7 11 0 0
8 11 0 0
9 11 0 0
10 11 0 0
1 12 0 0
3 12 0 0
4 12 0 0
5 12 0 0
6 12 0 0
7 12 0 0
8 12 0 0
9 12 0 0
10 12 0 0
11 12 0 0
1 13 0 0
3 13 0 0
4 13 0 0
5 13 0 0
8 13 0 0
9 13 0 0
10 13 0 0
11 13 0 0
12 13 0 0
1 14 0 0
3 14 0 0
4 14 0 0
5 14 0 0
6 14 0 0
7 14 0 0
8 14 0 0
9 14 0 0
10 14 0 0
11 14 0 0
12 14 0 0
13 14 0 0
1 15 0 0
3 15 0 0
4 15 0 0
5 15 0 0
7 15 0 0
8 15 0 0
9 15 0 0
10 15 0 0
11 15 0 0
12 15 0 0
13 15 0 0
14 15 0 0
1 16 0 0
3 16 0 0
4 16 0 0
5 16 0 0
6 16 0 0
7 16 0 0
8 16 0 0
9 16 0 0
10 16 0 0
11 16 0 0
12 16 0 0
13 16 0 0
14 16 0 0
15 16 0 0
1 17 0 0
3 17 0 0
4 17 0 0
5 17 0 0
6 17 0 0
7 17 0 0
8 17 0 0
9 17 0 0
10 17 0 0
11 17 0 0
12 17 0 0
13 17 0 0
14 17 0 0
15 17 0 0
16 17 0 0
1 18 0 0
5 18 0 0
6 18 0 0
10 18 0 0
11 18 0 0
12 18 0 0
13 18 0 0
14 18 0 0
15 18 0 0
16 18 0 0
17 18 0 0
1 19 0 0
5 19 0 0
11 19 0 0
12 19 0 0
13 19 0 0
14 19 0 0
15 19 0 0
16 19 0 0
17 19 0 0
18 19 0 0
1 20 0 0
4 20 0 0
5 20 0 0
6 20 0 0
7 20 0 0
8 20 0 0
9 20 0 0
10 20 0 0
11 20 0 0
12 20 0 0
13 20 0 0
14 20 0 0
15 20 0 0
16 20 0 0
17 20 0 0
18 20 0 0
19 20 0 0
1 21 0 0
4 21 0 0
5 21 0 0
6 21 0 0
7 21 0 0
8 21 0 0
9 21 0 0
10 21 0 0
11 21 0 0
12 21 0 0
13 21 0 0
14 21 0 0
15 21 0 0
16 21 0 0
17 21 0 0
18 21 0 0
19 21 0 0
20 21 0 0
1 22 0 0
3 22 0 0
4 22 0 0
5 22 0 0
7 22 0 0
8 22 0 0
9 22 0 0
10 22 0 0
11 22 0 0
12 22 0 0
13 22 0 0
14 22 0 0
15 22 0 0
16 22 0 0
17 22 0 0
18 22 0 0
19 22 0 0
20 22 0 0
21 22 0 0
1 23 0 0
3 23 0 0
4 23 0 0
5 23 0 0
8 23 0 0
9 23 0 0
10 23 0 0
12 23 0 0
13 23 0 0
14 23 0 0
15 23 0 0
16 23 0 0
17 23 0 0
18 23 0 0
19 23 0 0
20 23 0 0
21 23 0 0
22 23 0 0
1 24 0 0
5 24 0 0
6 24 0 0
7 24 0 0
8 24 0 0
9 24 0 0
10 24 0 0
11 24 0 0
12 24 0 0
13 24 0 0
14 24 0 0
15 24 0 0
16 24 0 0
17 24 0 0
18 24 0 0
19 24 0 0
20 24 0 0
21 24 0 0
22 24 0 0
23 24 0 0
1 25 0 0
5 25 0 0
6 25 0 0
7 25 0 0
8 25 0 0
9 25 0 0
10 25 0 0
11 25 0 0
12 25 0 0
13 25 0 0
14 25 0 0
15 25 0 0
16 25 0 0
17 25 0 0
18 25 0 0
19 25 0 0
20 25 0 0
21 25 0 0
22 25 0 0
23 25 0 0
24 25 0 0
1 26 0 0
5 26 0 0
8 26 0 0
9 26 0 0
10 26 0 0
11 26 0 0
12 26 0 0
13 26 0 0
14 26 0 0
15 26 0 0
16 26 0 0
17 26 0 0
18 26 0 0
19 26 0 0
20 26 0 0
21 26 0 0
22 26 0 0
23 26 0 0
24 26 0 0
25 26 0 0
1 27 0 0
6 27 0 0
7 27 0 0
10 27 0 0
11 27 0 0
12 27 0 0
14 27 0 0
15 27 0 0
16 27 0 0
17 27 0 0
18 27 0 0
19 27 0 0
20 27 0 0
21 27 0 0
22 27 0 0
24 27 0 0
25 27 0 0
26 27 0 0
27 29 0 0
28 29 0 0
1 30 0 0
11 30 0 0
12 30 0 0
18 30 0 0
19 30 0 0
20 30 0 0
24 30 0 0
25 30 0 0
27 30 0 0
29 30 0 0
1 31 0 0
12 31 0 0
13 31 0 0
15 31 0 0
18 31 0 0
19 31 0 0
21 31 0 0
22 31 0 0
23 31 0 0
24 31 0 0
25 31 0 0
26 31 0 0
1 32 0 0
11 32 0 0
12 32 0 0
18 32 0 0
19 32 0 0
20 32 0 0
21 32 0 0
22 32 0 0
24 32 0 0
25 32 0 0
26 32 0 0
27 32 0 0
29 32 0 0
30 32 0 0
31 32 0 0
1 33 0 0
11 33 0 0
12 33 0 0
13 33 0 0
15 33 0 0
16 33 0 0
17 33 0 0
18 33 0 0
19 33 0 0
20 33 0 0
21 33 0 0
22 33 0 0
23 33 0 0
24 33 0 0
25 33 0 0
26 33 0 0
27 33 0 0
30 33 0 0
31 33 0 0
32 33 0 0
1 34 0 0
12 34 0 0
18 34 0 0
19 34 0 0
20 34 0 0
21 34 0 0
22 34 0 0
23 34 0 0
24 34 0 0
25 34 0 0
26 34 0 0
27 34 0 0
30 34 0 0
31 34 0 0
32 34 0 0
33 34 0 0
1 35 0 0
11 35 0 0
12 35 0 0
18 35 0 0
19 35 0 0
20 35 0 0
21 35 0 0
24 35 0 0
25 35 0 0
27 35 0 0
29 35 0 0
30 35 0 0
31 35 0 0
32 35 0 0
33 35 0 0
34 35 0 0
28 36 0 0
29 36 0 0
30 36 0 0
35 36 0 0
1 37 0 0
2 37 0 0
18 37 0 0
19 37 0 0
27 37 0 0
30 37 0 0
31 37 0 0
32 37 0 0
33 37 0 0
34 37 0 0
35 37 0 0
36 37 0 0
1 38 0 0
2 38 0 0
18 38 0 0
19 38 0 0
25 38 0 0
27 38 0 0
30 38 0 0
31 38 0 0
32 38 0 0
33 38 0 0
34 38 0 0
35 38 0 0
37 38 0 0
1 39 0 0
2 39 0 0
18 39 0 0
19 39 0 0
21 39 0 0
23 39 0 0
24 39 0 0
25 39 0 0
26 39 0 0
27 39 0 0
30 39 0 0
31 39 0 0
32 39 0 0
33 39 0 0
34 39 0 0
35 39 0 0
37 39 0 0
38 39 0 0
27 40 0 0
28 40 0 0
29 40 0 0
30 40 0 0
32 40 0 0
34 40 0 0
35 40 0 0
36 40 0 0
37 40 0 0
38 40 0 0
1 41 0 0
2 41 0 0
12 41 0 0
13 41 0 0
18 41 0 0
19 41 0 0
20 41 0 0
21 41 0 0
22 41 0 0
23 41 0 0
24 41 0 0
25 41 0 0
26 41 0 0
27 41 0 0
30 41 0 0
31 41 0 0
32 41 0 0
33 41 0 0
34 41 0 0
35 41 0 0
37 41 0 0
38 41 0 0
39 41 0 0
40 41 0 0
27 42 0 0
28 42 0 0
29 42 0 0
30 42 0 0
32 42 0 0
35 42 0 0
36 42 0 0
37 42 0 0
40 42 0 0
27 43 0 0
28 43 0 0
29 43 0 0
30 43 0 0
32 43 0 0
34 43 0 0
35 43 0 0
36 43 0 0
37 43 0 0
38 43 0 0
40 43 0 0
41 43 0 0
42 43 0 0
1 44 0 0
2 44 0 0
18 44 0 0
19 44 0 0
21 44 0 0
25 44 0 0
26 44 0 0
31 44 0 0
32 44 0 0
33 44 0 0
34 44 0 0
35 44 0 0
37 44 0 0
38 44 0 0
39 44 0 0
41 44 0 0
1 45 0 0
2 45 0 0
18 45 0 0
19 45 0 0
25 45 0 0
27 45 0 0
29 45 0 0
30 45 0 0
32 45 0 0
33 45 0 0
34 45 0 0
35 45 0 0
36 45 0 0
37 45 0 0
38 45 0 0
39 45 0 0
40 45 0 0
41 45 0 0
42 45 0 0
43 45 0 0
44 45 0 0
6 46 0 0
11 46 0 0
18 46 0 0
20 46 0 0
24 46 0 0
27 46 0 0
28 46 0 0
29 46 0 0
30 46 0 0
32 46 0 0
35 46 0 0
36 46 0 0
37 46 0 0
40 46 0 0
42 46 0 0
43 46 0 0
45 46 0 0
1 47 0 0
6 47 0 0
11 47 0 0
12 47 0 0
16 47 0 0
18 47 0 0
19 47 0 0
20 47 0 0
21 47 0 0
24 47 0 0
25 47 0 0
27 47 0 0
29 47 0 0
30 47 0 0
32 47 0 0
33 47 0 0
34 47 0 0
35 47 0 0
36 47 0 0
37 47 0 0
38 47 0 0
40 47 0 0
41 47 0 0
42 47 0 0
43 47 0 0
45 47 0 0
46 47 0 0
1 48 0 0
6 48 0 0
11 48 0 0
12 48 0 0
13 48 0 0
14 48 0 0
15 48 0 0
16 48 0 0
17 48 0 0
18 48 0 0
19 48 0 0
20 48 0 0
21 48 0 0
22 48 0 0
23 48 0 0
24 48 0 0
25 48 0 0
26 48 0 0
27 48 0 0
30 48 0 0
31 48 0 0
32 48 0 0
33 48 0 0
34 48 0 0
35 48 0 0
37 48 0 0
38 48 0 0
39 48 0 0
40 48 0 0
41 48 0 0
43 48 0 0
44 48 0 0
45 48 0 0
46 48 0 0
47 48 0 0
1 49 0 0
11 49 0 0
12 49 0 0
13 49 0 0
14 49 0 0
15 49 0 0
16 49 0 0
17 49 0 0
18 49 0 0
19 49 0 0
20 49 0 0
21 49 0 0
22 49 0 0
23 49 0 0
24 49 0 0
25 49 0 0
26 49 0 0
27 49 0 0
30 49 0 0
31 49 0 0
32 49 0 0
33 49 0 0
34 49 0 0
35 49 0 0
37 49 0 0
38 49 0 0
39 49 0 0
41 49 0 0
44 49 0 0
45 49 0 0
47 49 0 0
48 49 0 0
20 50 0 0
27 50 0 0
28 50 0 0
29 50 0 0
30 50 0 0
32 50 0 0
35 50 0 0
36 50 0 0
37 50 0 0
40 50 0 0
42 50 0 0
43 50 0 0
45 50 0 0
46 50 0 0
47 50 0 0
1 51 0 0
11 51 0 0
12 51 0 0
16 51 0 0
18 51 0 0
19 51 0 0
20 51 0 0
21 51 0 0
24 51 0 0
25 51 0 0
27 51 0 0
29 51 0 0
30 51 0 0
32 51 0 0
33 51 0 0
34 51 0 0
35 51 0 0
36 51 0 0
37 51 0 0
38 51 0 0
39 51 0 0
40 51 0 0
41 51 0 0
42 51 0 0
43 51 0 0
44 51 0 0
45 51 0 0
46 51 0 0
47 51 0 0
48 51 0 0
49 51 0 0
50 51 0 0
28 52 0 0
36 52 0 0
2 53 0 0
32 53 0 0
34 53 0 0
35 53 0 0
36 53 0 0
37 53 0 0
38 53 0 0
39 53 0 0
40 53 0 0
41 53 0 0
42 53 0 0
43 53 0 0
44 53 0 0
45 53 0 0
28 54 0 0
36 54 0 0
37 54 0 0
40 54 0 0
42 54 0 0
43 54 0 0
45 54 0 0
53 54 0 0
2 55 0 0
30 55 0 0
35 55 0 0
36 55 0 0
37 55 0 0
38 55 0 0
40 55 0 0
41 55 0 0
42 55 0 0
43 55 0 0
45 55 0 0
53 55 0 0
54 55 0 0
2 56 0 0
36 56 0 0
37 56 0 0
38 56 0 0
40 56 0 0
42 56 0 0
43 56 0 0
45 56 0 0
53 56 0 0
54 56 0 0
55 56 0 0
1 57 0 0
2 57 0 0
38 57 0 0
39 57 0 0
41 57 0 0
44 57 0 0
2 58 0 0
36 58 0 0
37 58 0 0
42 58 0 0
43 58 0 0
45 58 0 0
53 58 0 0
54 58 0 0
55 58 0 0
56 58 0 0
2 59 0 0
36 59 0 0
37 59 0 0
45 59 0 0
53 59 0 0
54 59 0 0
55 59 0 0
56 59 0 0
58 59 0 0
2 60 0 0
36 60 0 0
52 60 0 0
53 60 0 0
54 60 0 0
55 60 0 0
56 60 0 0
58 60 0 0
59 60 0 0
2 61 0 0
37 61 0 0
38 61 0 0
45 61 0 0
53 61 0 0
54 61 0 0
55 61 0 0
56 61 0 0
57 61 0 0
58 61 0 0
59 61 0 0
28 62 0 0
29 62 0 0
30 62 0 0
36 62 0 0
37 62 0 0
40 62 0 0
42 62 0 0
43 62 0 0
45 62 0 0
50 62 0 0
53 62 0 0
54 62 0 0
55 62 0 0
56 62 0 0
58 62 0 0
59 62 0 0
60 62 0 0
2 63 0 0
28 63 0 0
29 63 0 0
30 63 0 0
35 63 0 0
36 63 0 0
37 63 0 0
38 63 0 0
40 63 0 0
42 63 0 0
43 63 0 0
45 63 0 0
53 63 0 0
54 63 0 0
55 63 0 0
56 63 0 0
58 63 0 0
59 63 0 0
60 63 0 0
61 63 0 0
62 63 0 0
1 64 0 0
2 64 0 0
27 64 0 0
29 64 0 0
30 64 0 0
32 64 0 0
33 64 0 0
34 64 0 0
35 64 0 0
36 64 0 0
37 64 0 0
38 64 0 0
39 64 0 0
40 64 0 0
41 64 0 0
42 64 0 0
43 64 0 0
44 64 0 0
45 64 0 0
47 64 0 0
48 64 0 0
49 64 0 0
50 64 0 0
51 64 0 0
53 64 0 0
54 64 0 0
55 64 0 0
56 64 0 0
58 64 0 0
59 64 0 0
60 64 0 0
61 64 0 0
62 64 0 0
63 64 0 0
1 65 0 0
2 65 0 0
18 65 0 0
19 65 0 0
21 65 0 0
30 65 0 0
31 65 0 0
32 65 0 0
33 65 0 0
34 65 0 0
35 65 0 0
37 65 0 0
38 65 0 0
39 65 0 0
41 65 0 0
44 65 0 0
45 65 0 0
48 65 0 0
49 65 0 0
51 65 0 0
53 65 0 0
55 65 0 0
56 65 0 0
57 65 0 0
61 65 0 0
64 65 0 0
1 66 0 0
2 66 0 0
18 66 0 0
19 66 0 0
27 66 0 0
30 66 0 0
31 66 0 0
32 66 0 0
33 66 0 0
34 66 0 0
35 66 0 0
37 66 0 0
38 66 0 0
39 66 0 0
40 66 0 0
41 66 0 0
43 66 0 0
44 66 0 0
45 66 0 0
47 66 0 0
48 66 0 0
49 66 0 0
51 66 0 0
53 66 0 0
54 66 0 0
55 66 0 0
56 66 0 0
57 66 0 0
59 66 0 0
61 66 0 0
63 66 0 0
64 66 0 0
65 66 0 0
28 67 0 0
29 67 0 0
30 67 0 0
35 67 0 0
36 67 0 0
37 67 0 0
40 67 0 0
42 67 0 0
43 67 0 0
45 67 0 0
46 67 0 0
50 67 0 0
51 67 0 0
52 67 0 0
53 67 0 0
54 67 0 0
55 67 0 0
56 67 0 0
58 67 0 0
59 67 0 0
60 67 0 0
62 67 0 0
63 67 0 0
64 67 0 0
66 67 0 0
2 68 0 0
29 68 0 0
30 68 0 0
32 68 0 0
34 68 0 0
35 68 0 0
36 68 0 0
37 68 0 0
38 68 0 0
40 68 0 0
41 68 0 0
42 68 0 0
43 68 0 0
45 68 0 0
50 68 0 0
51 68 0 0
53 68 0 0
54 68 0 0
55 68 0 0
56 68 0 0
58 68 0 0
59 68 0 0
60 68 0 0
61 68 0 0
62 68 0 0
63 68 0 0
64 68 0 0
65 68 0 0
66 68 0 0
67 68 0 0
1 69 0 0
2 69 0 0
30 69 0 0
31 69 0 0
32 69 0 0
33 69 0 0
34 69 0 0
35 69 0 0
37 69 0 0
38 69 0 0
39 69 0 0
40 69 0 0
41 69 0 0
43 69 0 0
44 69 0 0
45 69 0 0
49 69 0 0
51 69 0 0
53 69 0 0
54 69 0 0
55 69 0 0
56 69 0 0
57 69 0 0
58 69 0 0
59 69 0 0
61 69 0 0
62 69 0 0
63 69 0 0
64 69 0 0
65 69 0 0
66 69 0 0
67 69 0 0
68 69 0 0
52 70 0 0
2 71 0 0
53 71 0 0
54 71 0 0
55 71 0 0
56 71 0 0
58 71 0 0
59 71 0 0
60 71 0 0
61 71 0 0
62 71 0 0
63 71 0 0
64 71 0 0
68 71 0 0
69 71 0 0
52 72 0 0
60 72 0 0
70 72 0 0
2 73 0 0
52 73 0 0
54 73 0 0
56 73 0 0
58 73 0 0
59 73 0 0
60 73 0 0
62 73 0 0
70 73 0 0
71 73 0 0
72 73 0 0
2 74 0 0
53 74 0 0
54 74 0 0
55 74 0 0
56 74 0 0
58 74 0 0
59 74 0 0
60 74 0 0
61 74 0 0
64 74 0 0
69 74 0 0
71 74 0 0
73 74 0 0
2 75 0 0
53 75 0 0
54 75 0 0
55 75 0 0
56 75 0 0
58 75 0 0
59 75 0 0
60 75 0 0
61 75 0 0
63 75 0 0
69 75 0 0
71 75 0 0
73 75 0 0
74 75 0 0
52 76 0 0
58 76 0 0
60 76 0 0
70 76 0 0
72 76 0 0
73 76 0 0
75 76 0 0
2 77 0 0
55 77 0 0
56 77 0 0
58 77 0 0
59 77 0 0
60 77 0 0
61 77 0 0
71 77 0 0
73 77 0 0
74 77 0 0
75 77 0 0
76 77 0 0
70 78 0 0
72 78 0 0
73 78 0 0
76 78 0 0
2 79 0 0
72 79 0 0
73 79 0 0
75 79 0 0
76 79 0 0
77 79 0 0
78 79 0 0
2 80 0 0
71 80 0 0
72 80 0 0
73 80 0 0
74 80 0 0
75 80 0 0
76 80 0 0
77 80 0 0
78 80 0 0
79 80 0 0
2 81 0 0
71 81 0 0
74 81 0 0
75 81 0 0
77 81 0 0
80 81 0 0
2 82 0 0
71 82 0 0
73 82 0 0
74 82 0 0
75 82 0 0
76 82 0 0
77 82 0 0
79 82 0 0
80 82 0 0
81 82 0 0
2 83 0 0
71 83 0 0
73 83 0 0
74 83 0 0
75 83 0 0
77 83 0 0
79 83 0 0
80 83 0 0
81 83 0 0
82 83 0 0
76 84 0 0
78 84 0 0
79 84 0 0
80 84 0 0
82 84 0 0
73 85 0 0
76 85 0 0
78 85 0 0
79 85 0 0
80 85 0 0
82 85 0 0
83 85 0 0
84 85 0 0
2 86 0 0
71 86 0 0
74 86 0 0
75 86 0 0
77 86 0 0
79 86 0 0
80 86 0 0
81 86 0 0
82 86 0 0
83 86 0 0
85 86 0 0
2 87 0 0
71 87 0 0
73 87 0 0
74 87 0 0
75 87 0 0
77 87 0 0
79 87 0 0
80 87 0 0
81 87 0 0
82 87 0 0
83 87 0 0
85 87 0 0
86 87 0 0
72 88 0 0
73 88 0 0
76 88 0 0
78 88 0 0
79 88 0 0
80 88 0 0
82 88 0 0
84 88 0 0
85 88 0 0
86 88 0 0
87 88 0 0
2 89 0 0
73 89 0 0
75 89 0 0
76 89 0 0
77 89 0 0
78 89 0 0
79 89 0 0
80 89 0 0
81 89 0 0
82 89 0 0
83 89 0 0
84 89 0 0
85 89 0 0
86 89 0 0
87 89 0 0
88 89 0 0
2 90 0 0
71 90 0 0
74 90 0 0
75 90 0 0
77 90 0 0
80 90 0 0
81 90 0 0
82 90 0 0
83 90 0 0
85 90 0 0
86 90 0 0
87 90 0 0
89 90 0 0
2 91 0 0
71 91 0 0
73 91 0 0
74 91 0 0
75 91 0 0
76 91 0 0
77 91 0 0
79 91 0 0
80 91 0 0
81 91 0 0
82 91 0 0
83 91 0 0
84 91 0 0
85 91 0 0
86 91 0 0
87 91 0 0
88 91 0 0
89 91 0 0
90 91 0 0
2 92 0 0
56 92 0 0
58 92 0 0
59 92 0 0
60 92 0 0
71 92 0 0
72 92 0 0
73 92 0 0
74 92 0 0
75 92 0 0
76 92 0 0
77 92 0 0
78 92 0 0
79 92 0 0
80 92 0 0
81 92 0 0
82 92 0 0
83 92 0 0
84 92 0 0
85 92 0 0
86 92 0 0
87 92 0 0
88 92 0 0
89 92 0 0
90 92 0 0
91 92 0 0
2 93 0 0
58 93 0 0
59 93 0 0
60 93 0 0
61 93 0 0
71 93 0 0
73 93 0 0
74 93 0 0
75 93 0 0
77 93 0 0
79 93 0 0
80 93 0 0
81 93 0 0
82 93 0 0
83 93 0 0
85 93 0 0
86 93 0 0
87 93 0 0
89 93 0 0
90 93 0 0
91 93 0 0
92 93 0 0
2 94 0 0
59 94 0 0
71 94 0 0
73 94 0 0
74 94 0 0
75 94 0 0
77 94 0 0
79 94 0 0
80 94 0 0
81 94 0 0
82 94 0 0
83 94 0 0
86 94 0 0
87 94 0 0
89 94 0 0
90 94 0 0
91 94 0 0
92 94 0 0
93 94 0 0
2 95 0 0
59 95 0 0
61 95 0 0
71 95 0 0
74 95 0 0
75 95 0 0
77 95 0 0
80 95 0 0
81 95 0 0
82 95 0 0
83 95 0 0
86 95 0 0
87 95 0 0
89 95 0 0
90 95 0 0
91 95 0 0
92 95 0 0
93 95 0 0
94 95 0 0
2 96 0 0
53 96 0 0
54 96 0 0
55 96 0 0
56 96 0 0
58 96 0 0
59 96 0 0
60 96 0 0
61 96 0 0
62 96 0 0
63 96 0 0
64 96 0 0
67 96 0 0
68 96 0 0
69 96 0 0
71 96 0 0
73 96 0 0
74 96 0 0
75 96 0 0
76 96 0 0
77 96 0 0
81 96 0 0
82 96 0 0
83 96 0 0
87 96 0 0
92 96 0 0
93 96 0 0
94 96 0 0
95 96 0 0
2 97 0 0
36 97 0 0
52 97 0 0
53 97 0 0
54 97 0 0
55 97 0 0
56 97 0 0
58 97 0 0
59 97 0 0
60 97 0 0
62 97 0 0
63 97 0 0
64 97 0 0
67 97 0 0
68 97 0 0
71 97 0 0
72 97 0 0
73 97 0 0
74 97 0 0
75 97 0 0
76 97 0 0
77 97 0 0
79 97 0 0
80 97 0 0
82 97 0 0
92 97 0 0
93 97 0 0
94 97 0 0
95 97 0 0
96 97 0 0
2 98 0 0
37 98 0 0
45 98 0 0
53 98 0 0
54 98 0 0
55 98 0 0
56 98 0 0
58 98 0 0
59 98 0 0
60 98 0 0
61 98 0 0
62 98 0 0
63 98 0 0
64 98 0 0
66 98 0 0
67 98 0 0
68 98 0 0
69 98 0 0
71 98 0 0
73 98 0 0
74 98 0 0
75 98 0 0
77 98 0 0
83 98 0 0
92 98 0 0
93 98 0 0
94 98 0 0
95 98 0 0
96 98 0 0
97 98 0 0
1 99 0 0
2 99 0 0
37 99 0 0
53 99 0 0
55 99 0 0
57 99 0 0
59 99 0 0
61 99 0 0
64 99 0 0
65 99 0 0
66 99 0 0
69 99 0 0
71 99 0 0
74 99 0 0
95 99 0 0
96 99 0 0
98 99 0 0
2 100 0 0
37 100 0 0
53 100 0 0
54 100 0 0
55 100 0 0
56 100 0 0
57 100 0 0
58 100 0 0
59 100 0 0
61 100 0 0
63 100 0 0
64 100 0 0
65 100 0 0
66 100 0 0
68 100 0 0
69 100 0 0
71 100 0 0
74 100 0 0
75 100 0 0
77 100 0 0
81 100 0 0
83 100 0 0
92 100 0 0
93 100 0 0
94 100 0 0
95 100 0 0
96 100 0 0
97 100 0 0
98 100 0 0
99 100 0 0
2 101 0 0
53 101 0 0
54 101 0 0
55 101 0 0
56 101 0 0
58 101 0 0
59 101 0 0
60 101 0 0
61 101 0 0
62 101 0 0
63 101 0 0
64 101 0 0
66 101 0 0
67 101 0 0
68 101 0 0
69 101 0 0
71 101 0 0
73 101 0 0
74 101 0 0
75 101 0 0
77 101 0 0
81 101 0 0
82 101 0 0
83 101 0 0
92 101 0 0
93 101 0 0
94 101 0 0
95 101 0 0
96 101 0 0
97 101 0 0
98 101 0 0
99 101 0 0
100 101 0 0
2 102 0 0
37 102 0 0
38 102 0 0
41 102 0 0
45 102 0 0
53 102 0 0
54 102 0 0
55 102 0 0
56 102 0 0
57 102 0 0
58 102 0 0
59 102 0 0
60 102 0 0
61 102 0 0
62 102 0 0
63 102 0 0
64 102 0 0
65 102 0 0
66 102 0 0
67 102 0 0
68 102 0 0
69 102 0 0
71 102 0 0
74 102 0 0
75 102 0 0
77 102 0 0
81 102 0 0
92 102 0 0
93 102 0 0
94 102 0 0
95 102 0 0
96 102 0 0
97 102 0 0
98 102 0 0
99 102 0 0
100 102 0 0
101 102 0 0
2 103 0 0
53 103 0 0
54 103 0 0
55 103 0 0
56 103 0 0
58 103 0 0
59 103 0 0
60 103 0 0
61 103 0 0
62 103 0 0
63 103 0 0
64 103 0 0
67 103 0 0
68 103 0 0
69 103 0 0
71 103 0 0
73 103 0 0
74 103 0 0
75 103 0 0
77 103 0 0
80 103 0 0
81 103 0 0
82 103 0 0
83 103 0 0
87 103 0 0
92 103 0 0
93 103 0 0
94 103 0 0
95 103 0 0
96 103 0 0
97 103 0 0
98 103 0 0
99 103 0 0
100 103 0 0
101 103 0 0
102 103 0 0
2 104 0 0
53 104 0 0
54 104 0 0
55 104 0 0
56 104 0 0
58 104 0 0
59 104 0 0
60 104 0 0
62 104 0 0
63 104 0 0
64 104 0 0
67 104 0 0
68 104 0 0
71 104 0 0
72 104 0 0
73 104 0 0
74 104 0 0
75 104 0 0
76 104 0 0
77 104 0 0
79 104 0 0
80 104 0 0
81 104 0 0
82 104 0 0
83 104 0 0
87 104 0 0
89 104 0 0
91 104 0 0
92 104 0 0
93 104 0 0
94 104 0 0
95 104 0 0
96 104 0 0
97 104 0 0
98 104 0 0
100 104 0 0
101 104 0 0
102 104 0 0
103 104 0 0
2 105 0 0
53 105 0 0
54 105 0 0
55 105 0 0
56 105 0 0
58 105 0 0
59 105 0 0
60 105 0 0
61 105 0 0
62 105 0 0
63 105 0 0
64 105 0 0
65 105 0 0
68 105 0 0
69 105 0 0
71 105 0 0
73 105 0 0
74 105 0 0
75 105 0 0
77 105 0 0
81 105 0 0
82 105 0 0
83 105 0 0
87 105 0 0
90 105 0 0
91 105 0 0
92 105 0 0
93 105 0 0
94 105 0 0
95 105 0 0
96 105 0 0
97 105 0 0
98 105 0 0
99 105 0 0
100 105 0 0
101 105 0 0
102 105 0 0
103 105 0 0
104 105 0 0
6 108 0 1
7 108 0 1
11 108 0 1
6 116 0 1
27 116 0 1
29 116 0 1
46 116 0 1
47 116 0 1
50 116 0 1
6 123 0 1
28 126 0 1
29 126 0 1
40 126 0 1
46 126 0 1
50 126 0 1
28 127 0 1
29 127 0 1
28 128 0 1
28 129 0 1
28 131 0 1
29 131 0 1
29 132 0 1
46 132 0 1
50 132 0 1
28 139 0 1
29 139 0 1
36 139 0 1
42 139 0 1
50 139 0 1
52 139 0 1
67 139 0 1
28 141 0 1
29 141 0 1
36 141 0 1
52 141 0 1
28 142 0 1
29 142 0 1
30 142 0 1
36 142 0 1
40 142 0 1
42 142 0 1
43 142 0 1
46 142 0 1
50 142 0 1
62 142 0 1
67 142 0 1
28 143 0 1
29 143 0 1
36 143 0 1
52 143 0 1
67 143 0 1
52 144 0 1
28 145 0 1
52 145 0 1
52 146 0 1
28 147 0 1
52 147 0 1
52 149 0 1
28 151 0 1
52 151 0 1
70 151 0 1
52 152 0 1
28 153 0 1
36 153 0 1
52 153 0 1
54 153 0 1
60 153 0 1
62 153 0 1
67 153 0 1
70 153 0 1
72 153 0 1
73 153 0 1
76 153 0 1
97 153 0 1
52 154 0 1
60 154 0 1
70 154 0 1
72 154 0 1
73 154 0 1
76 154 0 1
52 155 0 1
70 155 0 1
72 155 0 1
73 155 0 1
76 155 0 1
78 155 0 1
52 156 0 1
70 156 0 1
72 156 0 1
78 156 0 1
52 157 0 1
70 157 0 1
72 157 0 1
52 158 0 1
70 158 0 1
72 158 0 1
76 158 0 1
78 158 0 1
70 159 0 1
52 160 0 1
70 160 0 1
72 160 0 1
76 160 0 1
78 160 0 1
52 161 0 1
70 161 0 1
72 161 0 1
52 162 0 1
70 162 0 1
72 162 0 1
52 163 0 1
70 163 0 1
72 163 0 1
78 163 0 1
70 165 0 1
72 165 0 1
78 165 0 1
84 165 0 1
70 166 0 1
72 166 0 1
78 166 0 1
78 171 0 1
70 175 0 1
72 175 0 1
76 175 0 1
78 175 0 1
79 175 0 1
84 175 0 1
88 175 0 1
70 177 0 1
72 177 0 1
78 177 0 1
70 178 0 1
52 179 0 1
70 179 0 1
72 179 0 1
76 179 0 1
78 179 0 1
70 180 0 1
72 180 0 1
70 181 0 1
52 182 0 1
70 182 0 1
72 182 0 1
76 182 0 1
78 182 0 1
70 183 0 1
70 184 0 1
72 184 0 1
78 184 0 1
52 185 0 1
70 185 0 1
52 188 0 1
70 188 0 1
28 189 0 1
36 189 0 1
52 189 0 1
60 189 0 1
70 189 0 1
72 189 0 1
28 190 0 1
36 190 0 1
42 190 0 1
52 190 0 1
54 190 0 1
58 190 0 1
60 190 0 1
62 190 0 1
63 190 0 1
67 190 0 1
70 190 0 1
72 190 0 1
73 190 0 1
97 190 0 1
104 190 0 1
70 191 0 1
28 192 0 1
28 193 0 1
29 193 0 1
28 194 0 1
28 198 0 1
29 198 0 1
36 198 0 1
40 198 0 1
42 198 0 1
43 198 0 1
46 198 0 1
50 198 0 1
67 198 0 1
