1 3 0 0
1 5 0 0
3 5 0 0
1 6 0 0
3 6 0 0
5 6 0 0
1 7 0 0
3 7 0 0
5 7 0 0
6 7 0 0
4 8 0 0
1 9 0 0
3 9 0 0
5 9 0 0
6 9 0 0
7 9 0 0
4 10 0 0
8 10 0 0
1 11 0 0
3 11 0 0
5 11 0 0
6 11 0 0
7 11 0 0
9 11 0 0
1 12 0 0
3 12 0 0
5 12 0 0
6 12 0 0
7 12 0 0
9 12 0 0
11 12 0 0
1 13 0 0
3 13 0 0
5 13 0 0
6 13 0 0
7 13 0 0
9 13 0 0
11 13 0 0
12 13 0 0
4 14 0 0
5 14 0 0
6 14 0 0
7 14 0 0
8 14 0 0
10 14 0 0
11 14 0 0
12 14 0 0
13 14 0 0
1 15 0 0
3 15 0 0
5 15 0 0
6 15 0 0
7 15 0 0
9 15 0 0
11 15 0 0
12 15 0 0
13 15 0 0
14 15 0 0
1 16 0 0
3 16 0 0
5 16 0 0
6 16 0 0
7 16 0 0
9 16 0 0
11 16 0 0
12 16 0 0
13 16 0 0
14 16 0 0
15 16 0 0
4 17 0 0
5 17 0 0
8 17 0 0
10 17 0 0
14 17 0 0
16 17 0 0
1 18 0 0
3 18 0 0
6 18 0 0
7 18 0 0
9 18 0 0
11 18 0 0
12 18 0 0
13 18 0 0
15 18 0 0
16 18 0 0
1 19 0 0
3 19 0 0
5 19 0 0
6 19 0 0
7 19 0 0
9 19 0 0
11 19 0 0
12 19 0 0
13 19 0 0
15 19 0 0
16 19 0 0
18 19 0 0
4 20 0 0
8 20 0 0
10 20 0 0
14 20 0 0
17 20 0 0
4 21 0 0
8 21 0 0
10 21 0 0
14 21 0 0
17 21 0 0
20 21 0 0
4 22 0 0
5 22 0 0
7 22 0 0
10 22 0 0
11 22 0 0
12 22 0 0
14 22 0 0
15 22 0 0
16 22 0 0
17 22 0 0
20 22 0 0
21 22 0 0
8 24 0 0
23 24 0 0
23 25 0 0
24 25 0 0
8 26 0 0
10 26 0 0
23 26 0 0
24 26 0 0
25 26 0 0
8 27 0 0
10 27 0 0
17 27 0 0
20 27 0 0
21 27 0 0
23 27 0 0
24 27 0 0
25 27 0 0
26 27 0 0
2 29 0 0
2 30 0 0
23 30 0 0
24 30 0 0
25 30 0 0
29 30 0 0
1 31 0 0
28 31 0 0
28 32 0 0
31 32 0 0
2 33 0 0
23 33 0 0
29 33 0 0
30 33 0 0
4 34 0 0
8 34 0 0
10 34 0 0
14 34 0 0
17 34 0 0
20 34 0 0
21 34 0 0
22 34 0 0
23 34 0 0
24 34 0 0
25 34 0 0
26 34 0 0
27 34 0 0
4 35 0 0
8 35 0 0
10 35 0 0
14 35 0 0
17 35 0 0
20 35 0 0
21 35 0 0
22 35 0 0
26 35 0 0
27 35 0 0
34 35 0 0
4 36 0 0
8 36 0 0
10 36 0 0
17 36 0 0
20 36 0 0
21 36 0 0
23 36 0 0
24 36 0 0
25 36 0 0
26 36 0 0
27 36 0 0
34 36 0 0
35 36 0 0
28 37 0 0
31 37 0 0
32 37 0 0
2 38 0 0
29 38 0 0
33 38 0 0
28 39 0 0
31 39 0 0
32 39 0 0
37 39 0 0
2 40 0 0
2 41 0 0
40 41 0 0
2 42 0 0
40 42 0 0
41 42 0 0
2 43 0 0
29 43 0 0
30 43 0 0
33 43 0 0
38 43 0 0
28 44 0 0
31 44 0 0
32 44 0 0
37 44 0 0
39 44 0 0
2 45 0 0
38 45 0 0
40 45 0 0
42 45 0 0
43 45 0 0
2 46 0 0
29 46 0 0
30 46 0 0
33 46 0 0
38 46 0 0
43 46 0 0
45 46 0 0
2 47 0 0
29 47 0 0
30 47 0 0
33 47 0 0
38 47 0 0
43 47 0 0
45 47 0 0
46 47 0 0
28 48 0 0
31 48 0 0
32 48 0 0
37 48 0 0
39 48 0 0
44 48 0 0
1 49 0 0
28 49 0 0
31 49 0 0
32 49 0 0
37 49 0 0
39 49 0 0
44 49 0 0
48 49 0 0
2 50 0 0
40 50 0 0
41 50 0 0
42 50 0 0
28 51 0 0
31 51 0 0
32 51 0 0
37 51 0 0
39 51 0 0
40 51 0 0
41 51 0 0
42 51 0 0
44 51 0 0
48 51 0 0
49 51 0 0
2 52 0 0
29 52 0 0
30 52 0 0
33 52 0 0
38 52 0 0
43 52 0 0
45 52 0 0
46 52 0 0
47 52 0 0
2 53 0 0
40 53 0 0
41 53 0 0
42 53 0 0
45 53 0 0
50 53 0 0
2 54 0 0
40 54 0 0
41 54 0 0
42 54 0 0
50 54 0 0
51 54 0 0
53 54 0 0
2 55 0 0
2 56 0 0
41 56 0 0
2 57 0 0
56 57 0 0
2 58 0 0
56 58 0 0
57 58 0 0
37 59 0 0
39 59 0 0
41 59 0 0
44 59 0 0
51 59 0 0
56 59 0 0
58 59 0 0
2 60 0 0
40 60 0 0
41 60 0 0
56 60 0 0
58 60 0 0
59 60 0 0
39 61 0 0
40 61 0 0
41 61 0 0
56 61 0 0
59 61 0 0
60 61 0 0
2 62 0 0
40 62 0 0
41 62 0 0
56 62 0 0
57 62 0 0
58 62 0 0
59 62 0 0
60 62 0 0
61 62 0 0
2 63 0 0
38 63 0 0
43 63 0 0
45 63 0 0
46 63 0 0
47 63 0 0
52 63 0 0
57 63 0 0
37 64 0 0
39 64 0 0
44 64 0 0
48 64 0 0
49 64 0 0
51 64 0 0
59 64 0 0
61 64 0 0
37 65 0 0
39 65 0 0
44 65 0 0
48 65 0 0
49 65 0 0
51 65 0 0
59 65 0 0
61 65 0 0
64 65 0 0
2 66 0 0
39 66 0 0
40 66 0 0
41 66 0 0
42 66 0 0
44 66 0 0
50 66 0 0
51 66 0 0
53 66 0 0
54 66 0 0
56 66 0 0
59 66 0 0
60 66 0 0
61 66 0 0
62 66 0 0
64 66 0 0
65 66 0 0
2 67 0 0
40 67 0 0
41 67 0 0
42 67 0 0
45 67 0 0
50 67 0 0
53 67 0 0
54 67 0 0
56 67 0 0
57 67 0 0
58 67 0 0
59 67 0 0
60 67 0 0
61 67 0 0
62 67 0 0
66 67 0 0
1 68 0 1
9 68 0 1
11 68 0 1
12 68 0 1
13 68 0 1
15 68 0 1
28 68 0 1
31 68 0 1
32 68 0 1
35 68 0 1
44 68 0 1
48 68 0 1
49 68 0 1
50 68 0 1
51 68 0 1
53 68 0 1
54 68 0 1
4 69 0 1
8 69 0 1
10 69 0 1
14 69 0 1
17 69 0 1
20 69 0 1
21 69 0 1
23 69 0 1
24 69 0 1
25 69 0 1
26 69 0 1
27 69 0 1
29 69 0 1
30 69 0 1
33 69 0 1
34 69 0 1
35 69 0 1
36 69 0 1
47 69 0 1
5 70 0 1
6 70 0 1
7 70 0 1
11 70 0 1
12 70 0 1
13 70 0 1
14 70 0 1
15 70 0 1
16 70 0 1
17 70 0 1
22 70 0 1
4 71 0 1
8 71 0 1
10 71 0 1
20 71 0 1
21 71 0 1
4 72 0 1
8 72 0 1
10 72 0 1
20 72 0 1
21 72 0 1
4 73 0 1
8 73 0 1
10 73 0 1
20 73 0 1
21 73 0 1
36 73 0 1
4 74 0 1
8 74 0 1
10 74 0 1
20 74 0 1
21 74 0 1
36 74 0 1
5 75 0 1
6 75 0 1
7 75 0 1
11 75 0 1
12 75 0 1
13 75 0 1
14 75 0 1
15 75 0 1
16 75 0 1
17 75 0 1
22 75 0 1
35 75 0 1
4 78 0 1
8 78 0 1
10 78 0 1
17 78 0 1
20 78 0 1
21 78 0 1
27 78 0 1
34 78 0 1
36 78 0 1
1 79 0 1
3 79 0 1
6 79 0 1
9 79 0 1
13 79 0 1
15 79 0 1
18 79 0 1
19 79 0 1
4 80 0 1
8 80 0 1
10 80 0 1
20 80 0 1
21 80 0 1
23 80 0 1
24 80 0 1
25 80 0 1
26 80 0 1
27 80 0 1
34 80 0 1
35 80 0 1
36 80 0 1
5 81 0 1
7 81 0 1
11 81 0 1
12 81 0 1
13 81 0 1
14 81 0 1
15 81 0 1
16 81 0 1
17 81 0 1
22 81 0 1
35 81 0 1
26 82 0 1
35 82 0 1
8 83 0 1
10 83 0 1
17 83 0 1
20 83 0 1
21 83 0 1
22 83 0 1
25 83 0 1
26 83 0 1
27 83 0 1
34 83 0 1
35 83 0 1
36 83 0 1
11 84 0 1
12 84 0 1
13 84 0 1
17 84 0 1
22 84 0 1
35 84 0 1
1 85 0 1
9 85 0 1
11 85 0 1
12 85 0 1
13 85 0 1
15 85 0 1
1 86 0 1
11 86 0 1
12 86 0 1
13 86 0 1
22 86 0 1
35 86 0 1
12 87 0 1
13 87 0 1
17 87 0 1
22 87 0 1
35 87 0 1
17 88 0 1
22 88 0 1
26 88 0 1
27 88 0 1
34 88 0 1
35 88 0 1
12 89 0 1
14 89 0 1
17 89 0 1
22 89 0 1
34 89 0 1
35 89 0 1
1 90 0 1
5 90 0 1
6 90 0 1
7 90 0 1
9 90 0 1
11 90 0 1
12 90 0 1
13 90 0 1
14 90 0 1
15 90 0 1
16 90 0 1
17 90 0 1
18 90 0 1
19 90 0 1
22 90 0 1
35 90 0 1
8 91 0 1
10 91 0 1
21 91 0 1
23 91 0 1
24 91 0 1
25 91 0 1
26 91 0 1
27 91 0 1
34 91 0 1
35 91 0 1
36 91 0 1
10 92 0 1
17 92 0 1
25 92 0 1
26 92 0 1
27 92 0 1
34 92 0 1
35 92 0 1
36 92 0 1
28 93 0 1
31 93 0 1
32 93 0 1
37 93 0 1
39 93 0 1
40 93 0 1
42 93 0 1
44 93 0 1
48 93 0 1
49 93 0 1
50 93 0 1
51 93 0 1
54 93 0 1
64 93 0 1
31 94 0 1
32 94 0 1
37 94 0 1
39 94 0 1
40 94 0 1
41 94 0 1
42 94 0 1
44 94 0 1
48 94 0 1
49 94 0 1
50 94 0 1
51 94 0 1
53 94 0 1
54 94 0 1
64 94 0 1
66 94 0 1
31 95 0 1
32 95 0 1
39 95 0 1
40 95 0 1
41 95 0 1
42 95 0 1
44 95 0 1
48 95 0 1
49 95 0 1
50 95 0 1
51 95 0 1
53 95 0 1
54 95 0 1
31 96 0 1
32 96 0 1
39 96 0 1
40 96 0 1
41 96 0 1
42 96 0 1
44 96 0 1
48 96 0 1
49 96 0 1
50 96 0 1
51 96 0 1
53 96 0 1
54 96 0 1
2 97 0 1
29 97 0 1
30 97 0 1
33 97 0 1
38 97 0 1
43 97 0 1
47 97 0 1
52 97 0 1
31 98 0 1
32 98 0 1
40 98 0 1
42 98 0 1
44 98 0 1
49 98 0 1
50 98 0 1
51 98 0 1
53 98 0 1
54 98 0 1
2 99 0 1
23 99 0 1
24 99 0 1
25 99 0 1
26 99 0 1
29 99 0 1
30 99 0 1
33 99 0 1
38 99 0 1
43 99 0 1
45 99 0 1
46 99 0 1
47 99 0 1
52 99 0 1
42 100 0 1
50 100 0 1
51 100 0 1
53 100 0 1
54 100 0 1
2 101 0 1
23 101 0 1
24 101 0 1
25 101 0 1
26 101 0 1
29 101 0 1
30 101 0 1
33 101 0 1
43 101 0 1
45 101 0 1
46 101 0 1
47 101 0 1
52 101 0 1
40 102 0 1
42 102 0 1
50 102 0 1
53 102 0 1
54 102 0 1
2 103 0 1
37 103 0 1
39 103 0 1
40 103 0 1
41 103 0 1
42 103 0 1
44 103 0 1
48 103 0 1
50 103 0 1
51 103 0 1
53 103 0 1
54 103 0 1
56 103 0 1
59 103 0 1
60 103 0 1
61 103 0 1
62 103 0 1
64 103 0 1
65 103 0 1
66 103 0 1
67 103 0 1
37 104 0 1
39 104 0 1
44 104 0 1
51 104 0 1
56 104 0 1
59 104 0 1
60 104 0 1
61 104 0 1
64 104 0 1
65 104 0 1
66 104 0 1
28 105 0 1
37 105 0 1
39 105 0 1
44 105 0 1
48 105 0 1
49 105 0 1
51 105 0 1
59 105 0 1
64 105 0 1
65 105 0 1
2 106 0 1
39 106 0 1
40 106 0 1
41 106 0 1
42 106 0 1
51 106 0 1
53 106 0 1
54 106 0 1
56 106 0 1
58 106 0 1
59 106 0 1
60 106 0 1
61 106 0 1
62 106 0 1
64 106 0 1
65 106 0 1
66 106 0 1
67 106 0 1
37 107 0 1
39 107 0 1
41 107 0 1
44 107 0 1
51 107 0 1
56 107 0 1
59 107 0 1
60 107 0 1
61 107 0 1
62 107 0 1
64 107 0 1
65 107 0 1
66 107 0 1
67 107 0 1
2 108 0 1
29 108 0 1
30 108 0 1
33 108 0 1
38 108 0 1
43 108 0 1
45 108 0 1
46 108 0 1
47 108 0 1
52 108 0 1
63 108 0 1
2 109 0 1
29 109 0 1
30 109 0 1
33 109 0 1
38 109 0 1
43 109 0 1
45 109 0 1
46 109 0 1
47 109 0 1
52 109 0 1
55 109 0 1
63 109 0 1
2 110 0 1
40 110 0 1
41 110 0 1
42 110 0 1
45 110 0 1
46 110 0 1
50 110 0 1
52 110 0 1
53 110 0 1
54 110 0 1
63 110 0 1
67 110 0 1
23 111 0 1
24 111 0 1
29 111 0 1
30 111 0 1
33 111 0 1
47 111 0 1
1 112 0 1
28 112 0 1
31 112 0 1
32 112 0 1
48 112 0 1
49 112 0 1
51 112 0 1
23 113 0 1
24 113 0 1
25 113 0 1
26 113 0 1
27 113 0 1
29 113 0 1
30 113 0 1
33 113 0 1
43 113 0 1
46 113 0 1
47 113 0 1
52 113 0 1
50 114 0 1
24 115 0 1
25 115 0 1
26 115 0 1
27 115 0 1
50 115 0 1
2 116 0 1
23 116 0 1
24 116 0 1
25 116 0 1
26 116 0 1
27 116 0 1
30 116 0 1
33 116 0 1
40 116 0 1
42 116 0 1
43 116 0 1
45 116 0 1
46 116 0 1
47 116 0 1
50 116 0 1
52 116 0 1
53 116 0 1
54 116 0 1
2 117 0 1
23 117 0 1
24 117 0 1
25 117 0 1
26 117 0 1
29 117 0 1
30 117 0 1
33 117 0 1
43 117 0 1
46 117 0 1
47 117 0 1
52 117 0 1
25 118 0 1
26 118 0 1
27 118 0 1
35 118 0 1
42 118 0 1
50 118 0 1
53 118 0 1
54 118 0 1
23 119 0 1
24 119 0 1
25 119 0 1
26 119 0 1
27 119 0 1
34 119 0 1
35 119 0 1
36 119 0 1
1 120 0 1
28 120 0 1
31 120 0 1
32 120 0 1
48 120 0 1
49 120 0 1
23 121 0 1
24 121 0 1
25 121 0 1
26 121 0 1
27 121 0 1
29 121 0 1
30 121 0 1
33 121 0 1
47 121 0 1
23 122 0 1
24 122 0 1
25 122 0 1
26 122 0 1
27 122 0 1
34 122 0 1
35 122 0 1
36 122 0 1
23 123 0 1
24 123 0 1
25 123 0 1
26 123 0 1
27 123 0 1
30 123 0 1
33 123 0 1
36 123 0 1
46 123 0 1
47 123 0 1
