1 5 0 0
4 5 0 0
4 6 0 0
5 6 0 0
3 7 0 0
3 8 0 0
7 8 0 0
3 9 0 0
7 9 0 0
8 9 0 0
4 10 0 0
5 10 0 0
6 10 0 0
1 11 0 0
4 11 0 0
5 11 0 0
6 11 0 0
10 11 0 0
3 12 0 0
7 12 0 0
8 12 0 0
9 12 0 0
1 13 0 0
5 13 0 0
11 13 0 0
1 14 0 0
13 14 0 0
3 15 0 0
7 15 0 0
8 15 0 0
9 15 0 0
12 15 0 0
1 16 0 0
4 16 0 0
5 16 0 0
6 16 0 0
10 16 0 0
11 16 0 0
13 16 0 0
1 17 0 0
9 17 0 0
13 17 0 0
14 17 0 0
1 18 0 0
5 18 0 0
11 18 0 0
13 18 0 0
14 18 0 0
16 18 0 0
17 18 0 0
1 19 0 0
5 19 0 0
11 19 0 0
13 19 0 0
14 19 0 0
16 19 0 0
18 19 0 0
1 20 0 0
4 20 0 0
5 20 0 0
6 20 0 0
10 20 0 0
11 20 0 0
13 20 0 0
16 20 0 0
18 20 0 0
19 20 0 0
1 21 0 0
3 21 0 0
7 21 0 0
8 21 0 0
9 21 0 0
12 21 0 0
14 21 0 0
15 21 0 0
17 21 0 0
1 22 0 0
4 22 0 0
5 22 0 0
6 22 0 0
10 22 0 0
11 22 0 0
13 22 0 0
16 22 0 0
19 22 0 0
20 22 0 0
1 23 0 0
13 23 0 0
14 23 0 0
17 23 0 0
18 23 0 0
21 23 0 0
1 24 0 0
5 24 0 0
11 24 0 0
13 24 0 0
16 24 0 0
18 24 0 0
19 24 0 0
20 24 0 0
22 24 0 0
1 25 0 0
4 25 0 0
5 25 0 0
6 25 0 0
10 25 0 0
11 25 0 0
16 25 0 0
19 25 0 0
20 25 0 0
22 25 0 0
24 25 0 0
22 26 0 0
25 26 0 0
27 28 0 0
1 29 0 0
24 29 0 0
25 29 0 0
26 29 0 0
1 30 0 0
1 31 0 0
23 31 0 0
30 31 0 0
1 32 0 0
23 32 0 0
30 32 0 0
31 32 0 0
27 33 0 0
28 33 0 0
1 34 0 0
22 34 0 0
24 34 0 0
25 34 0 0
26 34 0 0
29 34 0 0
1 35 0 0
17 35 0 0
23 35 0 0
30 35 0 0
31 35 0 0
32 35 0 0
8 36 0 0
27 36 0 0
28 36 0 0
33 36 0 0
1 37 0 0
23 37 0 0
30 37 0 0
31 37 0 0
32 37 0 0
35 37 0 0
25 38 0 0
26 38 0 0
29 38 0 0
34 38 0 0
1 39 0 0
22 39 0 0
24 39 0 0
25 39 0 0
26 39 0 0
29 39 0 0
34 39 0 0
38 39 0 0
27 40 0 0
28 40 0 0
31 40 0 0
33 40 0 0
36 40 0 0
27 41 0 0
28 41 0 0
31 41 0 0
32 41 0 0
33 41 0 0
36 41 0 0
40 41 0 0
28 42 0 0
31 42 0 0
32 42 0 0
33 42 0 0
35 42 0 0
36 42 0 0
40 42 0 0
41 42 0 0
1 43 0 0
23 43 0 0
30 43 0 0
31 43 0 0
32 43 0 0
35 43 0 0
37 43 0 0
1 44 0 0
18 44 0 0
19 44 0 0
23 44 0 0
24 44 0 0
30 44 0 0
35 44 0 0
37 44 0 0
43 44 0 0
22 45 0 0
25 45 0 0
26 45 0 0
29 45 0 0
34 45 0 0
38 45 0 0
39 45 0 0
1 46 0 0
22 46 0 0
24 46 0 0
25 46 0 0
26 46 0 0
29 46 0 0
34 46 0 0
38 46 0 0
39 46 0 0
45 46 0 0
8 47 0 0
9 47 0 0
15 47 0 0
21 47 0 0
27 47 0 0
28 47 0 0
31 47 0 0
32 47 0 0
33 47 0 0
36 47 0 0
40 47 0 0
41 47 0 0
42 47 0 0
1 48 0 0
17 48 0 0
23 48 0 0
30 48 0 0
31 48 0 0
32 48 0 0
35 48 0 0
37 48 0 0
43 48 0 0
44 48 0 0
8 49 0 0
9 49 0 0
21 49 0 0
28 49 0 0
31 49 0 0
32 49 0 0
33 49 0 0
35 49 0 0
36 49 0 0
40 49 0 0
41 49 0 0
42 49 0 0
47 49 0 0
1 50 0 0
18 50 0 0
23 50 0 0
24 50 0 0
30 50 0 0
32 50 0 0
35 50 0 0
37 50 0 0
43 50 0 0
44 50 0 0
48 50 0 0
1 51 0 0
17 51 0 0
23 51 0 0
30 51 0 0
31 51 0 0
32 51 0 0
35 51 0 0
37 51 0 0
43 51 0 0
44 51 0 0
48 51 0 0
50 51 0 0
9 52 0 0
21 52 0 0
23 52 0 0
28 52 0 0
31 52 0 0
32 52 0 0
33 52 0 0
35 52 0 0
36 52 0 0
40 52 0 0
41 52 0 0
42 52 0 0
47 52 0 0
49 52 0 0
51 52 0 0
8 53 0 0
9 53 0 0
12 53 0 0
15 53 0 0
21 53 0 0
28 53 0 0
31 53 0 0
32 53 0 0
33 53 0 0
36 53 0 0
40 53 0 0
41 53 0 0
42 53 0 0
47 53 0 0
49 53 0 0
52 53 0 0
1 54 0 0
8 54 0 0
9 54 0 0
15 54 0 0
17 54 0 0
21 54 0 0
23 54 0 0
28 54 0 0
31 54 0 0
32 54 0 0
33 54 0 0
35 54 0 0
36 54 0 0
40 54 0 0
41 54 0 0
42 54 0 0
47 54 0 0
49 54 0 0
51 54 0 0
52 54 0 0
53 54 0 0
1 55 0 0
13 55 0 0
14 55 0 0
17 55 0 0
18 55 0 0
19 55 0 0
23 55 0 0
24 55 0 0
30 55 0 0
32 55 0 0
35 55 0 0
37 55 0 0
43 55 0 0
44 55 0 0
48 55 0 0
50 55 0 0
51 55 0 0
1 56 0 0
10 56 0 0
11 56 0 0
16 56 0 0
20 56 0 0
22 56 0 0
24 56 0 0
25 56 0 0
26 56 0 0
29 56 0 0
34 56 0 0
38 56 0 0
39 56 0 0
45 56 0 0
46 56 0 0
1 57 0 0
4 57 0 0
6 57 0 0
10 57 0 0
16 57 0 0
20 57 0 0
22 57 0 0
24 57 0 0
25 57 0 0
26 57 0 0
29 57 0 0
34 57 0 0
38 57 0 0
39 57 0 0
45 57 0 0
46 57 0 0
56 57 0 0
1 58 0 0
13 58 0 0
14 58 0 0
17 58 0 0
18 58 0 0
19 58 0 0
23 58 0 0
24 58 0 0
30 58 0 0
35 58 0 0
37 58 0 0
43 58 0 0
44 58 0 0
48 58 0 0
50 58 0 0
51 58 0 0
55 58 0 0
8 59 0 0
9 59 0 0
15 59 0 0
27 59 0 0
28 59 0 0
33 59 0 0
36 59 0 0
40 59 0 0
41 59 0 0
42 59 0 0
47 59 0 0
49 59 0 0
52 59 0 0
53 59 0 0
54 59 0 0
1 60 0 0
11 60 0 0
16 60 0 0
18 60 0 0
19 60 0 0
20 60 0 0
22 60 0 0
24 60 0 0
25 60 0 0
26 60 0 0
29 60 0 0
30 60 0 0
34 60 0 0
39 60 0 0
43 60 0 0
44 60 0 0
45 60 0 0
46 60 0 0
50 60 0 0
55 60 0 0
56 60 0 0
57 60 0 0
58 60 0 0
1 61 0 0
10 61 0 0
16 61 0 0
20 61 0 0
22 61 0 0
24 61 0 0
25 61 0 0
26 61 0 0
29 61 0 0
34 61 0 0
38 61 0 0
39 61 0 0
45 61 0 0
46 61 0 0
56 61 0 0
57 61 0 0
60 61 0 0
1 62 0 0
13 62 0 0
16 62 0 0
18 62 0 0
19 62 0 0
23 62 0 0
24 62 0 0
30 62 0 0
35 62 0 0
37 62 0 0
39 62 0 0
43 62 0 0
44 62 0 0
48 62 0 0
50 62 0 0
51 62 0 0
55 62 0 0
58 62 0 0
60 62 0 0
28 63 0 0
31 63 0 0
32 63 0 0
35 63 0 0
36 63 0 0
40 63 0 0
41 63 0 0
42 63 0 0
47 63 0 0
49 63 0 0
52 63 0 0
54 63 0 0
1 64 0 0
30 64 0 0
31 64 0 0
32 64 0 0
35 64 0 0
37 64 0 0
42 64 0 0
43 64 0 0
44 64 0 0
48 64 0 0
50 64 0 0
51 64 0 0
52 64 0 0
54 64 0 0
63 64 0 0
1 65 0 0
30 65 0 0
35 65 0 0
37 65 0 0
39 65 0 0
43 65 0 0
44 65 0 0
48 65 0 0
50 65 0 0
51 65 0 0
60 65 0 0
62 65 0 0
64 65 0 0
2 66 0 0
26 66 0 0
29 66 0 0
34 66 0 0
38 66 0 0
39 66 0 0
45 66 0 0
46 66 0 0
56 66 0 0
61 66 0 0
2 67 0 0
29 67 0 0
34 67 0 0
39 67 0 0
65 67 0 0
66 67 0 0
1 68 0 0
30 68 0 0
43 68 0 0
50 68 0 0
64 68 0 0
65 68 0 0
67 68 0 0
31 69 0 0
32 69 0 0
42 69 0 0
63 69 0 0
64 69 0 0
2 70 0 0
29 70 0 0
39 70 0 0
65 70 0 0
66 70 0 0
67 70 0 0
68 70 0 0
32 71 0 0
63 71 0 0
64 71 0 0
69 71 0 0
2 72 0 0
29 72 0 0
39 72 0 0
65 72 0 0
66 72 0 0
67 72 0 0
68 72 0 0
70 72 0 0
2 73 0 0
65 73 0 0
66 73 0 0
67 73 0 0
68 73 0 0
70 73 0 0
72 73 0 0
63 74 0 0
64 74 0 0
69 74 0 0
71 74 0 0
63 75 0 0
69 75 0 0
71 75 0 0
74 75 0 0
2 76 0 0
66 76 0 0
67 76 0 0
70 76 0 0
72 76 0 0
73 76 0 0
2 77 0 0
66 77 0 0
67 77 0 0
68 77 0 0
70 77 0 0
72 77 0 0
73 77 0 0
76 77 0 0
63 78 0 0
69 78 0 0
71 78 0 0
74 78 0 0
75 78 0 0
64 79 0 0
69 79 0 0
71 79 0 0
74 79 0 0
75 79 0 0
78 79 0 0
2 80 0 0
65 80 0 0
66 80 0 0
67 80 0 0
68 80 0 0
70 80 0 0
72 80 0 0
73 80 0 0
76 80 0 0
77 80 0 0
2 81 0 0
65 81 0 0
66 81 0 0
67 81 0 0
68 81 0 0
70 81 0 0
72 81 0 0
73 81 0 0
76 81 0 0
77 81 0 0
80 81 0 0
2 82 0 0
65 82 0 0
66 82 0 0
67 82 0 0
68 82 0 0
70 82 0 0
72 82 0 0
73 82 0 0
76 82 0 0
77 82 0 0
80 82 0 0
81 82 0 0
65 83 0 0
67 83 0 0
68 83 0 0
70 83 0 0
72 83 0 0
73 83 0 0
76 83 0 0
77 83 0 0
80 83 0 0
81 83 0 0
82 83 0 0
2 84 0 0
66 84 0 0
67 84 0 0
68 84 0 0
70 84 0 0
72 84 0 0
73 84 0 0
76 84 0 0
77 84 0 0
80 84 0 0
81 84 0 0
82 84 0 0
83 84 0 0
68 85 0 0
74 85 0 0
79 85 0 0
82 85 0 0
83 85 0 0
65 86 0 0
68 86 0 0
70 86 0 0
73 86 0 0
77 86 0 0
79 86 0 0
80 86 0 0
81 86 0 0
82 86 0 0
83 86 0 0
85 86 0 0
2 87 0 0
66 87 0 0
67 87 0 0
70 87 0 0
72 87 0 0
73 87 0 0
76 87 0 0
77 87 0 0
80 87 0 0
81 87 0 0
82 87 0 0
84 87 0 0
69 88 0 0
71 88 0 0
74 88 0 0
75 88 0 0
78 88 0 0
79 88 0 0
85 88 0 0
74 89 0 0
78 89 0 0
79 89 0 0
83 89 0 0
85 89 0 0
86 89 0 0
88 89 0 0
2 90 0 0
68 90 0 0
70 90 0 0
72 90 0 0
73 90 0 0
76 90 0 0
77 90 0 0
80 90 0 0
81 90 0 0
82 90 0 0
83 90 0 0
84 90 0 0
86 90 0 0
87 90 0 0
74 91 0 0
78 91 0 0
79 91 0 0
85 91 0 0
88 91 0 0
89 91 0 0
83 92 0 0
85 92 0 0
86 92 0 0
89 92 0 0
90 92 0 0
91 92 0 0
74 93 0 0
79 93 0 0
82 93 0 0
83 93 0 0
85 93 0 0
86 93 0 0
88 93 0 0
89 93 0 0
90 93 0 0
91 93 0 0
92 93 0 0
2 94 0 0
72 94 0 0
73 94 0 0
76 94 0 0
77 94 0 0
80 94 0 0
81 94 0 0
82 94 0 0
83 94 0 0
84 94 0 0
87 94 0 0
90 94 0 0
2 95 0 0
76 95 0 0
77 95 0 0
80 95 0 0
81 95 0 0
82 95 0 0
83 95 0 0
84 95 0 0
85 95 0 0
86 95 0 0
90 95 0 0
92 95 0 0
93 95 0 0
94 95 0 0
2 96 0 0
76 96 0 0
77 96 0 0
84 96 0 0
87 96 0 0
94 96 0 0
74 97 0 0
78 97 0 0
79 97 0 0
85 97 0 0
86 97 0 0
88 97 0 0
89 97 0 0
91 97 0 0
92 97 0 0
93 97 0 0
79 98 0 0
88 98 0 0
89 98 0 0
91 98 0 0
92 98 0 0
93 98 0 0
97 98 0 0
88 99 0 0
91 99 0 0
97 99 0 0
98 99 0 0
2 100 0 0
94 100 0 0
96 100 0 0
88 101 0 0
89 101 0 0
91 101 0 0
93 101 0 0
97 101 0 0
98 101 0 0
99 101 0 0
2 102 0 0
90 102 0 0
92 102 0 0
94 102 0 0
95 102 0 0
100 102 0 0
2 103 0 0
90 103 0 0
94 103 0 0
95 103 0 0
96 103 0 0
100 103 0 0
102 103 0 0
2 104 0 0
90 104 0 0
94 104 0 0
95 104 0 0
96 104 0 0
100 104 0 0
102 104 0 0
103 104 0 0
86 105 0 0
89 105 0 0
90 105 0 0
91 105 0 0
92 105 0 0
93 105 0 0
94 105 0 0
95 105 0 0
97 105 0 0
102 105 0 0
103 105 0 0
104 105 0 0
2 106 0 0
94 106 0 0
96 106 0 0
100 106 0 0
102 106 0 0
103 106 0 0
104 106 0 0
2 107 0 0
90 107 0 0
92 107 0 0
94 107 0 0
95 107 0 0
96 107 0 0
100 107 0 0
102 107 0 0
103 107 0 0
104 107 0 0
105 107 0 0
106 107 0 0
2 108 0 0
90 108 0 0
94 108 0 0
95 108 0 0
96 108 0 0
100 108 0 0
102 108 0 0
103 108 0 0
104 108 0 0
105 108 0 0
106 108 0 0
107 108 0 0
85 109 0 0
88 109 0 0
89 109 0 0
91 109 0 0
92 109 0 0
93 109 0 0
95 109 0 0
97 109 0 0
98 109 0 0
99 109 0 0
101 109 0 0
102 109 0 0
105 109 0 0
89 110 0 0
91 110 0 0
92 110 0 0
93 110 0 0
95 110 0 0
97 110 0 0
98 110 0 0
101 110 0 0
102 110 0 0
105 110 0 0
107 110 0 0
109 110 0 0
2 111 0 0
76 111 0 0
77 111 0 0
81 111 0 0
83 111 0 0
86 111 0 0
87 111 0 0
90 111 0 0
92 111 0 0
93 111 0 0
94 111 0 0
95 111 0 0
96 111 0 0
100 111 0 0
102 111 0 0
103 111 0 0
104 111 0 0
105 111 0 0
106 111 0 0
107 111 0 0
108 111 0 0
109 111 0 0
110 111 0 0
2 112 0 0
76 112 0 0
77 112 0 0
87 112 0 0
90 112 0 0
92 112 0 0
94 112 0 0
95 112 0 0
96 112 0 0
100 112 0 0
102 112 0 0
103 112 0 0
104 112 0 0
105 112 0 0
106 112 0 0
107 112 0 0
108 112 0 0
111 112 0 0
74 113 0 0
75 113 0 0
78 113 0 0
79 113 0 0
85 113 0 0
86 113 0 0
88 113 0 0
89 113 0 0
91 113 0 0
92 113 0 0
93 113 0 0
97 113 0 0
98 113 0 0
99 113 0 0
101 113 0 0
105 113 0 0
109 113 0 0
110 113 0 0
2 114 0 0
76 114 0 0
77 114 0 0
80 114 0 0
81 114 0 0
84 114 0 0
87 114 0 0
90 114 0 0
94 114 0 0
95 114 0 0
96 114 0 0
100 114 0 0
102 114 0 0
103 114 0 0
104 114 0 0
105 114 0 0
106 114 0 0
107 114 0 0
108 114 0 0
111 114 0 0
112 114 0 0
2 115 0 0
87 115 0 0
90 115 0 0
94 115 0 0
96 115 0 0
100 115 0 0
102 115 0 0
103 115 0 0
104 115 0 0
106 115 0 0
107 115 0 0
108 115 0 0
111 115 0 0
112 115 0 0
114 115 0 0
79 116 0 0
85 116 0 0
88 116 0 0
89 116 0 0
91 116 0 0
92 116 0 0
93 116 0 0
97 116 0 0
98 116 0 0
99 116 0 0
101 116 0 0
105 116 0 0
109 116 0 0
110 116 0 0
111 116 0 0
113 116 0 0
2 117 0 0
76 117 0 0
87 117 0 0
90 117 0 0
94 117 0 0
95 117 0 0
96 117 0 0
100 117 0 0
102 117 0 0
103 117 0 0
104 117 0 0
106 117 0 0
107 117 0 0
108 117 0 0
111 117 0 0
112 117 0 0
114 117 0 0
115 117 0 0
69 118 0 0
71 118 0 0
74 118 0 0
75 118 0 0
78 118 0 0
79 118 0 0
85 118 0 0
88 118 0 0
89 118 0 0
91 118 0 0
93 118 0 0
97 118 0 0
98 118 0 0
101 118 0 0
113 118 0 0
116 118 0 0
68 119 0 0
74 119 0 0
79 119 0 0
81 119 0 0
82 119 0 0
83 119 0 0
85 119 0 0
86 119 0 0
88 119 0 0
89 119 0 0
90 119 0 0
91 119 0 0
92 119 0 0
93 119 0 0
95 119 0 0
97 119 0 0
105 119 0 0
109 119 0 0
110 119 0 0
111 119 0 0
113 119 0 0
116 119 0 0
118 119 0 0
2 120 0 0
65 120 0 0
67 120 0 0
68 120 0 0
70 120 0 0
72 120 0 0
73 120 0 0
76 120 0 0
77 120 0 0
80 120 0 0
81 120 0 0
82 120 0 0
83 120 0 0
84 120 0 0
85 120 0 0
86 120 0 0
87 120 0 0
90 120 0 0
92 120 0 0
93 120 0 0
94 120 0 0
95 120 0 0
105 120 0 0
111 120 0 0
112 120 0 0
114 120 0 0
119 120 0 0
68 121 0 0
70 121 0 0
73 121 0 0
79 121 0 0
80 121 0 0
81 121 0 0
82 121 0 0
83 121 0 0
85 121 0 0
86 121 0 0
89 121 0 0
90 121 0 0
91 121 0 0
92 121 0 0
93 121 0 0
95 121 0 0
97 121 0 0
105 121 0 0
109 121 0 0
111 121 0 0
113 121 0 0
116 121 0 0
119 121 0 0
120 121 0 0
68 122 0 0
69 122 0 0
74 122 0 0
78 122 0 0
79 122 0 0
82 122 0 0
83 122 0 0
85 122 0 0
86 122 0 0
88 122 0 0
89 122 0 0
91 122 0 0
92 122 0 0
93 122 0 0
95 122 0 0
97 122 0 0
109 122 0 0
113 122 0 0
116 122 0 0
118 122 0 0
119 122 0 0
120 122 0 0
121 122 0 0
2 123 0 0
67 123 0 0
70 123 0 0
72 123 0 0
73 123 0 0
76 123 0 0
77 123 0 0
80 123 0 0
81 123 0 0
82 123 0 0
83 123 0 0
84 123 0 0
87 123 0 0
90 123 0 0
94 123 0 0
95 123 0 0
96 123 0 0
104 123 0 0
111 123 0 0
112 123 0 0
114 123 0 0
115 123 0 0
117 123 0 0
120 123 0 0
2 124 0 0
67 124 0 0
68 124 0 0
70 124 0 0
72 124 0 0
73 124 0 0
76 124 0 0
77 124 0 0
80 124 0 0
81 124 0 0
82 124 0 0
83 124 0 0
84 124 0 0
86 124 0 0
87 124 0 0
90 124 0 0
94 124 0 0
95 124 0 0
96 124 0 0
104 124 0 0
106 124 0 0
107 124 0 0
108 124 0 0
111 124 0 0
112 124 0 0
114 124 0 0
115 124 0 0
117 124 0 0
119 124 0 0
120 124 0 0
121 124 0 0
123 124 0 0
69 125 0 0
71 125 0 0
74 125 0 0
75 125 0 0
78 125 0 0
79 125 0 0
85 125 0 0
86 125 0 0
88 125 0 0
89 125 0 0
91 125 0 0
92 125 0 0
93 125 0 0
97 125 0 0
98 125 0 0
101 125 0 0
109 125 0 0
113 125 0 0
116 125 0 0
118 125 0 0
119 125 0 0
121 125 0 0
122 125 0 0
68 126 0 0
74 126 0 0
79 126 0 0
82 126 0 0
83 126 0 0
85 126 0 0
86 126 0 0
88 126 0 0
89 126 0 0
90 126 0 0
91 126 0 0
92 126 0 0
93 126 0 0
95 126 0 0
97 126 0 0
98 126 0 0
101 126 0 0
105 126 0 0
109 126 0 0
110 126 0 0
111 126 0 0
113 126 0 0
116 126 0 0
118 126 0 0
119 126 0 0
120 126 0 0
121 126 0 0
122 126 0 0
125 126 0 0
69 127 0 0
71 127 0 0
74 127 0 0
75 127 0 0
78 127 0 0
79 127 0 0
85 127 0 0
88 127 0 0
89 127 0 0
91 127 0 0
92 127 0 0
93 127 0 0
97 127 0 0
98 127 0 0
99 127 0 0
101 127 0 0
109 127 0 0
110 127 0 0
113 127 0 0
116 127 0 0
118 127 0 0
119 127 0 0
122 127 0 0
125 127 0 0
126 127 0 0
28 128 0 0
30 128 0 0
31 128 0 0
32 128 0 0
33 128 0 0
35 128 0 0
36 128 0 0
37 128 0 0
40 128 0 0
41 128 0 0
42 128 0 0
43 128 0 0
47 128 0 0
48 128 0 0
49 128 0 0
51 128 0 0
52 128 0 0
53 128 0 0
54 128 0 0
63 128 0 0
64 128 0 0
69 128 0 0
71 128 0 0
25 129 0 0
26 129 0 0
29 129 0 0
34 129 0 0
38 129 0 0
39 129 0 0
45 129 0 0
46 129 0 0
56 129 0 0
57 129 0 0
61 129 0 0
66 129 0 0
67 129 0 0
72 129 0 0
1 130 0 0
30 130 0 0
31 130 0 0
32 130 0 0
35 130 0 0
37 130 0 0
43 130 0 0
44 130 0 0
48 130 0 0
50 130 0 0
51 130 0 0
55 130 0 0
58 130 0 0
62 130 0 0
64 130 0 0
65 130 0 0
68 130 0 0
82 130 0 0
128 130 0 0
75 131 0 1
78 131 0 1
88 131 0 1
91 131 0 1
97 131 0 1
98 131 0 1
99 131 0 1
101 131 0 1
109 131 0 1
113 131 0 1
116 131 0 1
127 131 0 1
30 132 0 1
32 132 0 1
63 132 0 1
64 132 0 1
65 132 0 1
68 132 0 1
69 132 0 1
71 132 0 1
74 132 0 1
75 132 0 1
78 132 0 1
79 132 0 1
81 132 0 1
82 132 0 1
83 132 0 1
85 132 0 1
86 132 0 1
88 132 0 1
89 132 0 1
91 132 0 1
92 132 0 1
93 132 0 1
97 132 0 1
113 132 0 1
118 132 0 1
119 132 0 1
120 132 0 1
121 132 0 1
122 132 0 1
125 132 0 1
126 132 0 1
127 132 0 1
128 132 0 1
130 132 0 1
27 133 0 1
28 133 0 1
31 133 0 1
32 133 0 1
33 133 0 1
36 133 0 1
40 133 0 1
41 133 0 1
42 133 0 1
47 133 0 1
49 133 0 1
52 133 0 1
63 133 0 1
64 133 0 1
69 133 0 1
71 133 0 1
74 133 0 1
75 133 0 1
78 133 0 1
79 133 0 1
88 133 0 1
118 133 0 1
127 133 0 1
128 133 0 1
1 134 0 1
9 134 0 1
14 134 0 1
17 134 0 1
18 134 0 1
21 134 0 1
23 134 0 1
1 135 0 1
4 135 0 1
5 135 0 1
6 135 0 1
10 135 0 1
11 135 0 1
16 135 0 1
20 135 0 1
22 135 0 1
24 135 0 1
25 135 0 1
57 135 0 1
1 136 0 1
11 136 0 1
13 136 0 1
14 136 0 1
17 136 0 1
18 136 0 1
19 136 0 1
23 136 0 1
44 136 0 1
48 136 0 1
55 136 0 1
58 136 0 1
62 136 0 1
1 137 0 1
11 137 0 1
13 137 0 1
14 137 0 1
17 137 0 1
18 137 0 1
19 137 0 1
23 137 0 1
55 137 0 1
58 137 0 1
62 137 0 1
1 138 0 1
13 138 0 1
14 138 0 1
17 138 0 1
18 138 0 1
19 138 0 1
21 138 0 1
23 138 0 1
55 138 0 1
58 138 0 1
1 139 0 1
3 139 0 1
8 139 0 1
9 139 0 1
12 139 0 1
14 139 0 1
15 139 0 1
17 139 0 1
21 139 0 1
23 139 0 1
47 139 0 1
53 139 0 1
54 139 0 1
1 140 0 1
5 140 0 1
11 140 0 1
13 140 0 1
14 140 0 1
16 140 0 1
18 140 0 1
19 140 0 1
20 140 0 1
22 140 0 1
24 140 0 1
58 140 0 1
1 141 0 1
4 141 0 1
5 141 0 1
6 141 0 1
10 141 0 1
11 141 0 1
16 141 0 1
19 141 0 1
20 141 0 1
22 141 0 1
24 141 0 1
25 141 0 1
57 141 0 1
3 142 0 1
7 142 0 1
8 142 0 1
9 142 0 1
12 142 0 1
15 142 0 1
1 143 0 1
5 143 0 1
11 143 0 1
13 143 0 1
14 143 0 1
16 143 0 1
17 143 0 1
18 143 0 1
19 143 0 1
20 143 0 1
24 143 0 1
3 144 0 1
7 144 0 1
8 144 0 1
9 144 0 1
12 144 0 1
15 144 0 1
21 144 0 1
3 145 0 1
7 145 0 1
8 145 0 1
9 145 0 1
12 145 0 1
15 145 0 1
21 145 0 1
53 145 0 1
1 146 0 1
3 146 0 1
7 146 0 1
8 146 0 1
9 146 0 1
12 146 0 1
14 146 0 1
15 146 0 1
17 146 0 1
21 146 0 1
23 146 0 1
53 146 0 1
54 146 0 1
1 147 0 1
5 147 0 1
11 147 0 1
13 147 0 1
14 147 0 1
17 147 0 1
18 147 0 1
19 147 0 1
23 147 0 1
55 147 0 1
58 147 0 1
3 148 0 1
7 148 0 1
8 148 0 1
9 148 0 1
12 148 0 1
15 148 0 1
21 148 0 1
53 148 0 1
54 148 0 1
1 149 0 1
8 149 0 1
9 149 0 1
14 149 0 1
15 149 0 1
17 149 0 1
18 149 0 1
21 149 0 1
23 149 0 1
53 149 0 1
54 149 0 1
1 150 0 1
16 150 0 1
20 150 0 1
22 150 0 1
24 150 0 1
25 150 0 1
26 150 0 1
29 150 0 1
34 150 0 1
38 150 0 1
39 150 0 1
45 150 0 1
46 150 0 1
56 150 0 1
57 150 0 1
60 150 0 1
61 150 0 1
62 150 0 1
66 150 0 1
67 150 0 1
129 150 0 1
1 151 0 1
18 151 0 1
23 151 0 1
24 151 0 1
30 151 0 1
35 151 0 1
37 151 0 1
43 151 0 1
44 151 0 1
48 151 0 1
50 151 0 1
51 151 0 1
55 151 0 1
58 151 0 1
60 151 0 1
62 151 0 1
64 151 0 1
65 151 0 1
130 151 0 1
8 152 0 1
27 152 0 1
28 152 0 1
33 152 0 1
36 152 0 1
40 152 0 1
41 152 0 1
47 152 0 1
53 152 0 1
54 152 0 1
59 152 0 1
1 153 0 1
9 153 0 1
14 153 0 1
17 153 0 1
21 153 0 1
23 153 0 1
30 153 0 1
31 153 0 1
32 153 0 1
35 153 0 1
37 153 0 1
41 153 0 1
42 153 0 1
43 153 0 1
44 153 0 1
47 153 0 1
48 153 0 1
49 153 0 1
50 153 0 1
51 153 0 1
52 153 0 1
53 153 0 1
54 153 0 1
55 153 0 1
58 153 0 1
63 153 0 1
64 153 0 1
128 153 0 1
130 153 0 1
8 154 0 1
9 154 0 1
27 154 0 1
28 154 0 1
33 154 0 1
36 154 0 1
40 154 0 1
41 154 0 1
42 154 0 1
47 154 0 1
49 154 0 1
52 154 0 1
53 154 0 1
54 154 0 1
59 154 0 1
128 154 0 1
27 155 0 1
28 155 0 1
33 155 0 1
36 155 0 1
40 155 0 1
41 155 0 1
47 155 0 1
49 155 0 1
53 155 0 1
54 155 0 1
59 155 0 1
1 156 0 1
9 156 0 1
17 156 0 1
21 156 0 1
23 156 0 1
31 156 0 1
32 156 0 1
35 156 0 1
36 156 0 1
37 156 0 1
40 156 0 1
41 156 0 1
42 156 0 1
47 156 0 1
48 156 0 1
49 156 0 1
51 156 0 1
52 156 0 1
53 156 0 1
54 156 0 1
63 156 0 1
64 156 0 1
128 156 0 1
1 157 0 1
17 157 0 1
21 157 0 1
23 157 0 1
31 157 0 1
32 157 0 1
35 157 0 1
36 157 0 1
37 157 0 1
40 157 0 1
41 157 0 1
42 157 0 1
43 157 0 1
47 157 0 1
48 157 0 1
49 157 0 1
50 157 0 1
51 157 0 1
52 157 0 1
53 157 0 1
54 157 0 1
55 157 0 1
63 157 0 1
64 157 0 1
128 157 0 1
130 157 0 1
1 158 0 1
8 158 0 1
9 158 0 1
14 158 0 1
15 158 0 1
17 158 0 1
21 158 0 1
23 158 0 1
31 158 0 1
32 158 0 1
35 158 0 1
36 158 0 1
37 158 0 1
40 158 0 1
41 158 0 1
42 158 0 1
43 158 0 1
47 158 0 1
48 158 0 1
49 158 0 1
50 158 0 1
51 158 0 1
52 158 0 1
53 158 0 1
54 158 0 1
55 158 0 1
58 158 0 1
128 158 0 1
3 159 0 1
7 159 0 1
8 159 0 1
9 159 0 1
12 159 0 1
15 159 0 1
27 159 0 1
28 159 0 1
33 159 0 1
36 159 0 1
40 159 0 1
41 159 0 1
47 159 0 1
49 159 0 1
53 159 0 1
54 159 0 1
59 159 0 1
1 160 0 1
8 160 0 1
9 160 0 1
12 160 0 1
14 160 0 1
15 160 0 1
17 160 0 1
21 160 0 1
23 160 0 1
28 160 0 1
31 160 0 1
32 160 0 1
33 160 0 1
35 160 0 1
36 160 0 1
40 160 0 1
41 160 0 1
42 160 0 1
47 160 0 1
49 160 0 1
51 160 0 1
52 160 0 1
53 160 0 1
54 160 0 1
128 160 0 1
7 161 0 1
8 161 0 1
9 161 0 1
12 161 0 1
15 161 0 1
17 161 0 1
21 161 0 1
28 161 0 1
31 161 0 1
33 161 0 1
36 161 0 1
40 161 0 1
41 161 0 1
42 161 0 1
47 161 0 1
49 161 0 1
52 161 0 1
53 161 0 1
54 161 0 1
59 161 0 1
128 161 0 1
7 162 0 1
8 162 0 1
9 162 0 1
12 162 0 1
15 162 0 1
27 162 0 1
28 162 0 1
33 162 0 1
36 162 0 1
40 162 0 1
41 162 0 1
47 162 0 1
49 162 0 1
53 162 0 1
54 162 0 1
59 162 0 1
7 163 0 1
8 163 0 1
9 163 0 1
12 163 0 1
15 163 0 1
27 163 0 1
28 163 0 1
33 163 0 1
36 163 0 1
40 163 0 1
41 163 0 1
42 163 0 1
47 163 0 1
49 163 0 1
52 163 0 1
53 163 0 1
54 163 0 1
59 163 0 1
25 164 0 1
26 164 0 1
29 164 0 1
34 164 0 1
38 164 0 1
39 164 0 1
45 164 0 1
46 164 0 1
56 164 0 1
57 164 0 1
60 164 0 1
61 164 0 1
66 164 0 1
67 164 0 1
72 164 0 1
129 164 0 1
1 165 0 1
24 165 0 1
29 165 0 1
30 165 0 1
34 165 0 1
37 165 0 1
39 165 0 1
43 165 0 1
44 165 0 1
48 165 0 1
50 165 0 1
51 165 0 1
55 165 0 1
56 165 0 1
58 165 0 1
60 165 0 1
62 165 0 1
65 165 0 1
66 165 0 1
67 165 0 1
68 165 0 1
70 165 0 1
82 165 0 1
130 165 0 1
1 166 0 1
24 166 0 1
25 166 0 1
26 166 0 1
29 166 0 1
34 166 0 1
38 166 0 1
39 166 0 1
45 166 0 1
46 166 0 1
56 166 0 1
57 166 0 1
60 166 0 1
61 166 0 1
62 166 0 1
65 166 0 1
66 166 0 1
67 166 0 1
68 166 0 1
70 166 0 1
72 166 0 1
73 166 0 1
129 166 0 1
27 167 0 1
28 167 0 1
33 167 0 1
36 167 0 1
40 167 0 1
41 167 0 1
47 167 0 1
59 167 0 1
27 168 0 1
28 168 0 1
33 168 0 1
36 168 0 1
40 168 0 1
41 168 0 1
42 168 0 1
47 168 0 1
49 168 0 1
52 168 0 1
53 168 0 1
54 168 0 1
59 168 0 1
63 168 0 1
128 168 0 1
27 169 0 1
28 169 0 1
31 169 0 1
32 169 0 1
33 169 0 1
36 169 0 1
40 169 0 1
41 169 0 1
42 169 0 1
47 169 0 1
49 169 0 1
52 169 0 1
53 169 0 1
54 169 0 1
59 169 0 1
63 169 0 1
69 169 0 1
71 169 0 1
128 169 0 1
1 170 0 1
23 170 0 1
30 170 0 1
31 170 0 1
32 170 0 1
35 170 0 1
37 170 0 1
43 170 0 1
44 170 0 1
48 170 0 1
50 170 0 1
51 170 0 1
55 170 0 1
58 170 0 1
62 170 0 1
64 170 0 1
65 170 0 1
68 170 0 1
128 170 0 1
130 170 0 1
1 171 0 1
24 171 0 1
25 171 0 1
29 171 0 1
30 171 0 1
34 171 0 1
35 171 0 1
37 171 0 1
39 171 0 1
43 171 0 1
44 171 0 1
46 171 0 1
48 171 0 1
50 171 0 1
51 171 0 1
55 171 0 1
56 171 0 1
58 171 0 1
60 171 0 1
62 171 0 1
65 171 0 1
68 171 0 1
130 171 0 1
1 172 0 1
22 172 0 1
24 172 0 1
25 172 0 1
29 172 0 1
30 172 0 1
34 172 0 1
39 172 0 1
43 172 0 1
44 172 0 1
45 172 0 1
46 172 0 1
48 172 0 1
50 172 0 1
55 172 0 1
56 172 0 1
57 172 0 1
58 172 0 1
60 172 0 1
61 172 0 1
62 172 0 1
65 172 0 1
66 172 0 1
67 172 0 1
68 172 0 1
70 172 0 1
130 172 0 1
1 173 0 1
24 173 0 1
25 173 0 1
29 173 0 1
30 173 0 1
34 173 0 1
37 173 0 1
39 173 0 1
43 173 0 1
44 173 0 1
46 173 0 1
48 173 0 1
50 173 0 1
55 173 0 1
56 173 0 1
58 173 0 1
60 173 0 1
61 173 0 1
62 173 0 1
65 173 0 1
66 173 0 1
67 173 0 1
68 173 0 1
70 173 0 1
130 173 0 1
1 174 0 1
8 174 0 1
9 174 0 1
14 174 0 1
15 174 0 1
17 174 0 1
21 174 0 1
23 174 0 1
35 174 0 1
47 174 0 1
49 174 0 1
51 174 0 1
52 174 0 1
53 174 0 1
54 174 0 1
55 174 0 1
58 174 0 1
3 175 0 1
7 175 0 1
8 175 0 1
9 175 0 1
12 175 0 1
15 175 0 1
21 175 0 1
28 175 0 1
33 175 0 1
36 175 0 1
40 175 0 1
41 175 0 1
47 175 0 1
49 175 0 1
52 175 0 1
53 175 0 1
54 175 0 1
59 175 0 1
3 176 0 1
7 176 0 1
8 176 0 1
9 176 0 1
12 176 0 1
15 176 0 1
21 176 0 1
33 176 0 1
36 176 0 1
40 176 0 1
47 176 0 1
53 176 0 1
54 176 0 1
59 176 0 1
1 177 0 1
4 177 0 1
5 177 0 1
6 177 0 1
10 177 0 1
11 177 0 1
13 177 0 1
16 177 0 1
18 177 0 1
19 177 0 1
20 177 0 1
22 177 0 1
24 177 0 1
25 177 0 1
26 177 0 1
34 177 0 1
39 177 0 1
45 177 0 1
46 177 0 1
56 177 0 1
57 177 0 1
60 177 0 1
61 177 0 1
62 177 0 1
3 178 0 1
7 178 0 1
8 178 0 1
9 178 0 1
12 178 0 1
15 178 0 1
17 178 0 1
21 178 0 1
33 178 0 1
36 178 0 1
40 178 0 1
41 178 0 1
42 178 0 1
47 178 0 1
49 178 0 1
52 178 0 1
53 178 0 1
54 178 0 1
59 178 0 1
1 179 0 1
3 179 0 1
7 179 0 1
8 179 0 1
9 179 0 1
12 179 0 1
14 179 0 1
15 179 0 1
17 179 0 1
21 179 0 1
23 179 0 1
36 179 0 1
41 179 0 1
42 179 0 1
47 179 0 1
49 179 0 1
52 179 0 1
53 179 0 1
54 179 0 1
3 180 0 1
7 180 0 1
8 180 0 1
9 180 0 1
12 180 0 1
15 180 0 1
27 180 0 1
28 180 0 1
33 180 0 1
36 180 0 1
40 180 0 1
47 180 0 1
53 180 0 1
54 180 0 1
59 180 0 1
1 181 0 1
8 181 0 1
9 181 0 1
12 181 0 1
14 181 0 1
15 181 0 1
17 181 0 1
21 181 0 1
23 181 0 1
31 181 0 1
35 181 0 1
41 181 0 1
42 181 0 1
47 181 0 1
49 181 0 1
51 181 0 1
52 181 0 1
53 181 0 1
54 181 0 1
128 181 0 1
2 182 0 1
29 182 0 1
38 182 0 1
66 182 0 1
67 182 0 1
70 182 0 1
72 182 0 1
73 182 0 1
76 182 0 1
77 182 0 1
80 182 0 1
84 182 0 1
87 182 0 1
123 182 0 1
129 182 0 1
2 183 0 1
29 183 0 1
34 183 0 1
38 183 0 1
39 183 0 1
45 183 0 1
46 183 0 1
56 183 0 1
66 183 0 1
67 183 0 1
68 183 0 1
70 183 0 1
72 183 0 1
73 183 0 1
76 183 0 1
77 183 0 1
80 183 0 1
81 183 0 1
82 183 0 1
84 183 0 1
87 183 0 1
120 183 0 1
123 183 0 1
129 183 0 1
2 184 0 1
29 184 0 1
38 184 0 1
39 184 0 1
66 184 0 1
67 184 0 1
70 184 0 1
72 184 0 1
73 184 0 1
76 184 0 1
77 184 0 1
80 184 0 1
81 184 0 1
82 184 0 1
84 184 0 1
87 184 0 1
120 184 0 1
123 184 0 1
124 184 0 1
129 184 0 1
31 185 0 1
32 185 0 1
41 185 0 1
42 185 0 1
63 185 0 1
64 185 0 1
69 185 0 1
71 185 0 1
74 185 0 1
75 185 0 1
78 185 0 1
79 185 0 1
118 185 0 1
128 185 0 1
30 186 0 1
32 186 0 1
63 186 0 1
64 186 0 1
65 186 0 1
68 186 0 1
69 186 0 1
71 186 0 1
74 186 0 1
79 186 0 1
82 186 0 1
83 186 0 1
85 186 0 1
86 186 0 1
89 186 0 1
118 186 0 1
119 186 0 1
121 186 0 1
122 186 0 1
125 186 0 1
126 186 0 1
127 186 0 1
128 186 0 1
130 186 0 1
30 187 0 1
64 187 0 1
65 187 0 1
68 187 0 1
70 187 0 1
73 187 0 1
79 187 0 1
81 187 0 1
82 187 0 1
83 187 0 1
85 187 0 1
86 187 0 1
89 187 0 1
119 187 0 1
120 187 0 1
121 187 0 1
122 187 0 1
125 187 0 1
126 187 0 1
130 187 0 1
27 188 0 1
28 188 0 1
33 188 0 1
36 188 0 1
40 188 0 1
41 188 0 1
42 188 0 1
47 188 0 1
49 188 0 1
59 188 0 1
63 188 0 1
71 188 0 1
128 188 0 1
1 189 0 1
30 189 0 1
31 189 0 1
32 189 0 1
35 189 0 1
37 189 0 1
43 189 0 1
44 189 0 1
48 189 0 1
50 189 0 1
51 189 0 1
63 189 0 1
64 189 0 1
65 189 0 1
68 189 0 1
69 189 0 1
71 189 0 1
74 189 0 1
79 189 0 1
82 189 0 1
85 189 0 1
119 189 0 1
122 189 0 1
128 189 0 1
130 189 0 1
1 190 0 1
30 190 0 1
34 190 0 1
39 190 0 1
43 190 0 1
44 190 0 1
50 190 0 1
65 190 0 1
66 190 0 1
67 190 0 1
68 190 0 1
70 190 0 1
72 190 0 1
73 190 0 1
77 190 0 1
80 190 0 1
81 190 0 1
82 190 0 1
83 190 0 1
84 190 0 1
86 190 0 1
119 190 0 1
120 190 0 1
121 190 0 1
130 190 0 1
1 191 0 1
29 191 0 1
30 191 0 1
34 191 0 1
39 191 0 1
65 191 0 1
66 191 0 1
67 191 0 1
68 191 0 1
70 191 0 1
72 191 0 1
73 191 0 1
76 191 0 1
77 191 0 1
80 191 0 1
81 191 0 1
82 191 0 1
83 191 0 1
84 191 0 1
86 191 0 1
120 191 0 1
130 191 0 1
27 192 0 1
28 192 0 1
31 192 0 1
32 192 0 1
33 192 0 1
36 192 0 1
40 192 0 1
41 192 0 1
42 192 0 1
47 192 0 1
49 192 0 1
52 192 0 1
54 192 0 1
59 192 0 1
63 192 0 1
69 192 0 1
71 192 0 1
75 192 0 1
128 192 0 1
1 193 0 1
26 193 0 1
29 193 0 1
34 193 0 1
38 193 0 1
39 193 0 1
45 193 0 1
46 193 0 1
56 193 0 1
60 193 0 1
61 193 0 1
65 193 0 1
66 193 0 1
67 193 0 1
68 193 0 1
70 193 0 1
72 193 0 1
73 193 0 1
77 193 0 1
80 193 0 1
81 193 0 1
82 193 0 1
84 193 0 1
120 193 0 1
129 193 0 1
1 194 0 1
29 194 0 1
30 194 0 1
34 194 0 1
39 194 0 1
45 194 0 1
46 194 0 1
50 194 0 1
56 194 0 1
60 194 0 1
61 194 0 1
62 194 0 1
65 194 0 1
66 194 0 1
67 194 0 1
68 194 0 1
70 194 0 1
72 194 0 1
73 194 0 1
80 194 0 1
81 194 0 1
82 194 0 1
83 194 0 1
84 194 0 1
120 194 0 1
129 194 0 1
1 195 0 1
24 195 0 1
25 195 0 1
26 195 0 1
29 195 0 1
34 195 0 1
38 195 0 1
39 195 0 1
45 195 0 1
46 195 0 1
56 195 0 1
57 195 0 1
60 195 0 1
61 195 0 1
65 195 0 1
66 195 0 1
67 195 0 1
68 195 0 1
70 195 0 1
72 195 0 1
73 195 0 1
80 195 0 1
81 195 0 1
82 195 0 1
84 195 0 1
129 195 0 1
1 196 0 1
24 196 0 1
25 196 0 1
26 196 0 1
29 196 0 1
30 196 0 1
34 196 0 1
38 196 0 1
39 196 0 1
43 196 0 1
44 196 0 1
45 196 0 1
46 196 0 1
50 196 0 1
56 196 0 1
57 196 0 1
60 196 0 1
61 196 0 1
62 196 0 1
65 196 0 1
66 196 0 1
67 196 0 1
68 196 0 1
70 196 0 1
72 196 0 1
73 196 0 1
80 196 0 1
81 196 0 1
82 196 0 1
84 196 0 1
120 196 0 1
129 196 0 1
130 196 0 1
27 197 0 1
28 197 0 1
31 197 0 1
33 197 0 1
36 197 0 1
40 197 0 1
41 197 0 1
42 197 0 1
47 197 0 1
49 197 0 1
52 197 0 1
53 197 0 1
54 197 0 1
59 197 0 1
63 197 0 1
69 197 0 1
71 197 0 1
128 197 0 1
1 198 0 1
30 198 0 1
31 198 0 1
32 198 0 1
35 198 0 1
37 198 0 1
43 198 0 1
44 198 0 1
48 198 0 1
50 198 0 1
51 198 0 1
54 198 0 1
55 198 0 1
58 198 0 1
62 198 0 1
63 198 0 1
64 198 0 1
65 198 0 1
68 198 0 1
69 198 0 1
128 198 0 1
130 198 0 1
27 199 0 1
28 199 0 1
31 199 0 1
32 199 0 1
33 199 0 1
36 199 0 1
40 199 0 1
41 199 0 1
42 199 0 1
47 199 0 1
49 199 0 1
52 199 0 1
53 199 0 1
54 199 0 1
59 199 0 1
63 199 0 1
64 199 0 1
69 199 0 1
71 199 0 1
74 199 0 1
75 199 0 1
78 199 0 1
128 199 0 1
30 200 0 1
31 200 0 1
32 200 0 1
35 200 0 1
37 200 0 1
41 200 0 1
42 200 0 1
43 200 0 1
47 200 0 1
48 200 0 1
49 200 0 1
50 200 0 1
51 200 0 1
52 200 0 1
54 200 0 1
63 200 0 1
64 200 0 1
69 200 0 1
71 200 0 1
128 200 0 1
130 200 0 1
1 201 0 1
29 201 0 1
30 201 0 1
34 201 0 1
37 201 0 1
39 201 0 1
43 201 0 1
44 201 0 1
48 201 0 1
50 201 0 1
56 201 0 1
60 201 0 1
62 201 0 1
65 201 0 1
66 201 0 1
67 201 0 1
68 201 0 1
70 201 0 1
72 201 0 1
73 201 0 1
80 201 0 1
81 201 0 1
82 201 0 1
83 201 0 1
84 201 0 1
120 201 0 1
130 201 0 1
1 202 0 1
30 202 0 1
31 202 0 1
32 202 0 1
35 202 0 1
37 202 0 1
43 202 0 1
44 202 0 1
48 202 0 1
50 202 0 1
51 202 0 1
55 202 0 1
58 202 0 1
62 202 0 1
64 202 0 1
65 202 0 1
68 202 0 1
82 202 0 1
128 202 0 1
130 202 0 1
27 203 0 1
28 203 0 1
33 203 0 1
36 203 0 1
40 203 0 1
41 203 0 1
47 203 0 1
59 203 0 1
1 204 0 1
2 204 0 1
29 204 0 1
34 204 0 1
38 204 0 1
39 204 0 1
45 204 0 1
46 204 0 1
56 204 0 1
60 204 0 1
61 204 0 1
65 204 0 1
66 204 0 1
67 204 0 1
68 204 0 1
70 204 0 1
72 204 0 1
73 204 0 1
76 204 0 1
77 204 0 1
80 204 0 1
81 204 0 1
82 204 0 1
83 204 0 1
84 204 0 1
120 204 0 1
129 204 0 1
1 205 0 1
30 205 0 1
31 205 0 1
32 205 0 1
35 205 0 1
37 205 0 1
43 205 0 1
44 205 0 1
48 205 0 1
50 205 0 1
51 205 0 1
63 205 0 1
64 205 0 1
65 205 0 1
68 205 0 1
69 205 0 1
71 205 0 1
74 205 0 1
128 205 0 1
130 205 0 1
64 206 0 1
65 206 0 1
68 206 0 1
74 206 0 1
79 206 0 1
81 206 0 1
82 206 0 1
83 206 0 1
85 206 0 1
86 206 0 1
88 206 0 1
89 206 0 1
90 206 0 1
91 206 0 1
92 206 0 1
93 206 0 1
95 206 0 1
97 206 0 1
113 206 0 1
118 206 0 1
119 206 0 1
120 206 0 1
121 206 0 1
122 206 0 1
125 206 0 1
126 206 0 1
127 206 0 1
63 207 0 1
69 207 0 1
71 207 0 1
74 207 0 1
75 207 0 1
78 207 0 1
88 207 0 1
118 207 0 1
127 207 0 1
69 208 0 1
71 208 0 1
74 208 0 1
75 208 0 1
78 208 0 1
79 208 0 1
88 208 0 1
91 208 0 1
98 208 0 1
113 208 0 1
118 208 0 1
125 208 0 1
127 208 0 1
69 209 0 1
71 209 0 1
74 209 0 1
75 209 0 1
78 209 0 1
79 209 0 1
88 209 0 1
113 209 0 1
118 209 0 1
127 209 0 1
2 210 0 1
76 210 0 1
77 210 0 1
80 210 0 1
81 210 0 1
82 210 0 1
83 210 0 1
84 210 0 1
87 210 0 1
90 210 0 1
94 210 0 1
95 210 0 1
96 210 0 1
100 210 0 1
102 210 0 1
103 210 0 1
104 210 0 1
105 210 0 1
106 210 0 1
107 210 0 1
108 210 0 1
111 210 0 1
112 210 0 1
114 210 0 1
115 210 0 1
117 210 0 1
120 210 0 1
123 210 0 1
124 210 0 1
74 211 0 1
75 211 0 1
78 211 0 1
79 211 0 1
88 211 0 1
89 211 0 1
91 211 0 1
97 211 0 1
98 211 0 1
99 211 0 1
101 211 0 1
109 211 0 1
113 211 0 1
116 211 0 1
118 211 0 1
125 211 0 1
127 211 0 1
75 212 0 1
78 212 0 1
88 212 0 1
113 212 0 1
2 213 0 1
94 213 0 1
96 213 0 1
100 213 0 1
102 213 0 1
103 213 0 1
104 213 0 1
106 213 0 1
107 213 0 1
108 213 0 1
111 213 0 1
112 213 0 1
114 213 0 1
115 213 0 1
117 213 0 1
88 215 0 1
89 215 0 1
91 215 0 1
92 215 0 1
93 215 0 1
97 215 0 1
98 215 0 1
99 215 0 1
101 215 0 1
105 215 0 1
109 215 0 1
110 215 0 1
113 215 0 1
116 215 0 1
126 215 0 1
127 215 0 1
88 216 0 1
91 216 0 1
93 216 0 1
97 216 0 1
98 216 0 1
99 216 0 1
101 216 0 1
109 216 0 1
110 216 0 1
113 216 0 1
116 216 0 1
127 216 0 1
88 217 0 1
89 217 0 1
91 217 0 1
92 217 0 1
93 217 0 1
97 217 0 1
98 217 0 1
99 217 0 1
101 217 0 1
105 217 0 1
109 217 0 1
110 217 0 1
113 217 0 1
116 217 0 1
126 217 0 1
127 217 0 1
90 218 0 1
92 218 0 1
93 218 0 1
95 218 0 1
102 218 0 1
103 218 0 1
104 218 0 1
105 218 0 1
107 218 0 1
108 218 0 1
109 218 0 1
110 218 0 1
111 218 0 1
112 218 0 1
114 218 0 1
116 218 0 1
78 220 0 1
88 220 0 1
89 220 0 1
91 220 0 1
97 220 0 1
98 220 0 1
99 220 0 1
101 220 0 1
109 220 0 1
113 220 0 1
116 220 0 1
118 220 0 1
125 220 0 1
127 220 0 1
69 222 0 1
71 222 0 1
74 222 0 1
75 222 0 1
78 222 0 1
79 222 0 1
88 222 0 1
89 222 0 1
91 222 0 1
97 222 0 1
98 222 0 1
99 222 0 1
101 222 0 1
109 222 0 1
113 222 0 1
116 222 0 1
118 222 0 1
125 222 0 1
127 222 0 1
69 223 0 1
71 223 0 1
74 223 0 1
75 223 0 1
78 223 0 1
79 223 0 1
88 223 0 1
89 223 0 1
91 223 0 1
97 223 0 1
98 223 0 1
101 223 0 1
113 223 0 1
116 223 0 1
118 223 0 1
122 223 0 1
125 223 0 1
126 223 0 1
127 223 0 1
74 224 0 1
75 224 0 1
78 224 0 1
79 224 0 1
85 224 0 1
86 224 0 1
88 224 0 1
89 224 0 1
91 224 0 1
92 224 0 1
93 224 0 1
97 224 0 1
98 224 0 1
101 224 0 1
105 224 0 1
109 224 0 1
110 224 0 1
113 224 0 1
116 224 0 1
118 224 0 1
119 224 0 1
121 224 0 1
122 224 0 1
125 224 0 1
126 224 0 1
127 224 0 1
63 225 0 1
64 225 0 1
69 225 0 1
71 225 0 1
74 225 0 1
75 225 0 1
78 225 0 1
79 225 0 1
88 225 0 1
113 225 0 1
118 225 0 1
125 225 0 1
127 225 0 1
128 225 0 1
30 226 0 1
64 226 0 1
65 226 0 1
67 226 0 1
68 226 0 1
70 226 0 1
72 226 0 1
73 226 0 1
79 226 0 1
80 226 0 1
81 226 0 1
82 226 0 1
83 226 0 1
85 226 0 1
86 226 0 1
89 226 0 1
90 226 0 1
119 226 0 1
120 226 0 1
121 226 0 1
122 226 0 1
125 226 0 1
126 226 0 1
130 226 0 1
