1 2 0 0
3 4 0 0
3 5 0 0
4 5 0 0
3 6 0 0
4 6 0 0
5 6 0 0
3 7 0 0
4 7 0 0
5 7 0 0
6 7 0 0
1 8 0 0
3 8 0 0
4 8 0 0
5 8 0 0
6 8 0 0
7 8 0 0
1 10 0 0
3 10 0 0
4 10 0 0
5 10 0 0
6 10 0 0
7 10 0 0
8 10 0 0
3 11 0 0
4 11 0 0
5 11 0 0
6 11 0 0
7 11 0 0
8 11 0 0
10 11 0 0
3 12 0 0
4 12 0 0
5 12 0 0
6 12 0 0
7 12 0 0
8 12 0 0
10 12 0 0
11 12 0 0
1 13 0 0
8 13 0 0
10 13 0 0
11 13 0 0
12 13 0 0
1 14 0 0
8 14 0 0
13 14 0 0
1 15 0 0
7 15 0 0
8 15 0 0
10 15 0 0
11 15 0 0
12 15 0 0
13 15 0 0
14 15 0 0
1 16 0 0
4 16 0 0
6 16 0 0
7 16 0 0
8 16 0 0
10 16 0 0
11 16 0 0
12 16 0 0
13 16 0 0
14 16 0 0
15 16 0 0
1 17 0 0
13 17 0 0
14 17 0 0
15 17 0 0
16 17 0 0
1 18 0 0
17 18 0 0
1 19 0 0
13 19 0 0
14 19 0 0
17 19 0 0
18 19 0 0
1 20 0 0
13 20 0 0
14 20 0 0
17 20 0 0
18 20 0 0
19 20 0 0
1 21 0 0
13 21 0 0
14 21 0 0
15 21 0 0
17 21 0 0
18 21 0 0
19 21 0 0
20 21 0 0
1 22 0 0
2 22 0 0
1 23 0 0
2 23 0 0
17 23 0 0
22 23 0 0
1 24 0 0
18 24 0 0
20 24 0 0
1 25 0 0
13 25 0 0
14 25 0 0
15 25 0 0
17 25 0 0
22 25 0 0
23 25 0 0
1 26 0 0
18 26 0 0
20 26 0 0
24 26 0 0
1 27 0 0
14 27 0 0
17 27 0 0
18 27 0 0
19 27 0 0
20 27 0 0
21 27 0 0
23 27 0 0
24 27 0 0
25 27 0 0
26 27 0 0
28 29 0 0
1 31 0 0
2 31 0 0
22 31 0 0
23 31 0 0
2 32 0 0
30 32 0 0
1 33 0 0
2 33 0 0
22 33 0 0
23 33 0 0
31 33 0 0
1 34 0 0
2 34 0 0
23 34 0 0
31 34 0 0
2 35 0 0
22 35 0 0
31 35 0 0
33 35 0 0
2 36 0 0
30 36 0 0
32 36 0 0
1 37 0 0
2 37 0 0
23 37 0 0
27 37 0 0
31 37 0 0
34 37 0 0
1 38 0 0
2 38 0 0
18 38 0 0
24 38 0 0
26 38 0 0
27 38 0 0
30 38 0 0
32 38 0 0
34 38 0 0
36 38 0 0
37 38 0 0
1 39 0 0
2 39 0 0
22 39 0 0
33 39 0 0
35 39 0 0
1 40 0 0
2 40 0 0
26 40 0 0
30 40 0 0
32 40 0 0
34 40 0 0
36 40 0 0
37 40 0 0
38 40 0 0
1 41 0 0
2 41 0 0
23 41 0 0
27 41 0 0
31 41 0 0
34 41 0 0
37 41 0 0
38 41 0 0
40 41 0 0
1 42 0 0
2 42 0 0
26 42 0 0
30 42 0 0
32 42 0 0
34 42 0 0
36 42 0 0
37 42 0 0
38 42 0 0
40 42 0 0
41 42 0 0
1 43 0 0
2 43 0 0
22 43 0 0
23 43 0 0
25 43 0 0
31 43 0 0
33 43 0 0
35 43 0 0
39 43 0 0
1 44 0 0
2 44 0 0
22 44 0 0
23 44 0 0
25 44 0 0
31 44 0 0
33 44 0 0
35 44 0 0
39 44 0 0
43 44 0 0
1 45 0 0
2 45 0 0
22 45 0 0
23 45 0 0
25 45 0 0
31 45 0 0
33 45 0 0
35 45 0 0
39 45 0 0
43 45 0 0
44 45 0 0
1 46 0 0
2 46 0 0
18 46 0 0
24 46 0 0
26 46 0 0
30 46 0 0
32 46 0 0
36 46 0 0
37 46 0 0
38 46 0 0
40 46 0 0
42 46 0 0
1 47 0 0
2 47 0 0
18 47 0 0
24 47 0 0
26 47 0 0
27 47 0 0
30 47 0 0
32 47 0 0
34 47 0 0
36 47 0 0
37 47 0 0
38 47 0 0
40 47 0 0
41 47 0 0
42 47 0 0
46 47 0 0
1 48 0 0
2 48 0 0
23 48 0 0
25 48 0 0
27 48 0 0
31 48 0 0
33 48 0 0
34 48 0 0
37 48 0 0
38 48 0 0
41 48 0 0
45 48 0 0
47 48 0 0
2 49 0 0
32 49 0 0
34 49 0 0
36 49 0 0
2 50 0 0
32 50 0 0
34 50 0 0
36 50 0 0
42 50 0 0
49 50 0 0
2 51 0 0
31 51 0 0
34 51 0 0
49 51 0 0
2 52 0 0
31 52 0 0
34 52 0 0
49 52 0 0
50 52 0 0
51 52 0 0
2 53 0 0
30 53 0 0
32 53 0 0
36 53 0 0
40 53 0 0
42 53 0 0
49 53 0 0
50 53 0 0
2 54 0 0
30 54 0 0
32 54 0 0
36 54 0 0
40 54 0 0
42 54 0 0
49 54 0 0
50 54 0 0
53 54 0 0
29 55 0 0
30 55 0 0
32 55 0 0
36 55 0 0
38 55 0 0
40 55 0 0
42 55 0 0
46 55 0 0
49 55 0 0
50 55 0 0
53 55 0 0
54 55 0 0
1 56 0 0
2 56 0 0
23 56 0 0
31 56 0 0
33 56 0 0
34 56 0 0
35 56 0 0
37 56 0 0
39 56 0 0
41 56 0 0
43 56 0 0
44 56 0 0
45 56 0 0
48 56 0 0
51 56 0 0
52 56 0 0
30 57 0 0
32 57 0 0
36 57 0 0
40 57 0 0
42 57 0 0
46 57 0 0
49 57 0 0
50 57 0 0
53 57 0 0
54 57 0 0
55 57 0 0
1 58 0 0
2 58 0 0
30 58 0 0
32 58 0 0
34 58 0 0
36 58 0 0
37 58 0 0
38 58 0 0
40 58 0 0
41 58 0 0
42 58 0 0
46 58 0 0
47 58 0 0
49 58 0 0
50 58 0 0
52 58 0 0
53 58 0 0
54 58 0 0
55 58 0 0
57 58 0 0
9 59 0 1
18 59 0 1
20 59 0 1
24 59 0 1
26 59 0 1
1 60 0 1
9 60 0 1
13 60 0 1
14 60 0 1
16 60 0 1
17 60 0 1
19 60 0 1
20 60 0 1
21 60 0 1
28 60 0 1
3 61 0 1
4 61 0 1
5 61 0 1
6 61 0 1
7 61 0 1
8 61 0 1
10 61 0 1
11 61 0 1
12 61 0 1
16 61 0 1
3 62 0 1
11 62 0 1
3 63 0 1
4 63 0 1
5 63 0 1
10 63 0 1
11 63 0 1
12 63 0 1
3 64 0 1
11 64 0 1
3 66 0 1
4 66 0 1
8 66 0 1
10 66 0 1
11 66 0 1
12 66 0 1
16 66 0 1
19 67 0 1
20 67 0 1
21 67 0 1
9 68 0 1
21 69 0 1
19 70 0 1
21 70 0 1
14 71 0 1
19 71 0 1
20 71 0 1
21 71 0 1
3 72 0 1
4 72 0 1
5 72 0 1
6 72 0 1
7 72 0 1
8 72 0 1
10 72 0 1
11 72 0 1
12 72 0 1
13 72 0 1
14 72 0 1
16 72 0 1
4 73 0 1
5 73 0 1
6 73 0 1
7 73 0 1
8 73 0 1
10 73 0 1
11 73 0 1
12 73 0 1
13 73 0 1
15 73 0 1
16 73 0 1
1 74 0 1
6 74 0 1
7 74 0 1
8 74 0 1
10 74 0 1
11 74 0 1
12 74 0 1
13 74 0 1
15 74 0 1
16 74 0 1
14 75 0 1
17 75 0 1
19 75 0 1
20 75 0 1
21 75 0 1
9 76 0 1
9 77 0 1
1 78 0 1
7 78 0 1
8 78 0 1
10 78 0 1
12 78 0 1
13 78 0 1
15 78 0 1
16 78 0 1
25 78 0 1
18 79 0 1
24 79 0 1
26 79 0 1
28 80 0 1
29 80 0 1
28 81 0 1
29 81 0 1
18 82 0 1
24 82 0 1
26 82 0 1
30 82 0 1
40 82 0 1
42 82 0 1
46 82 0 1
28 83 0 1
28 84 0 1
29 84 0 1
30 84 0 1
32 84 0 1
42 84 0 1
55 84 0 1
28 85 0 1
29 85 0 1
30 85 0 1
32 85 0 1
53 85 0 1
55 85 0 1
57 85 0 1
28 86 0 1
29 86 0 1
28 87 0 1
29 87 0 1
30 87 0 1
32 87 0 1
36 87 0 1
42 87 0 1
53 87 0 1
54 87 0 1
55 87 0 1
57 87 0 1
29 88 0 1
53 88 0 1
55 88 0 1
57 88 0 1
29 89 0 1
30 89 0 1
32 89 0 1
53 89 0 1
55 89 0 1
57 89 0 1
29 90 0 1
30 90 0 1
32 90 0 1
36 90 0 1
42 90 0 1
53 90 0 1
54 90 0 1
55 90 0 1
57 90 0 1
1 91 0 1
2 91 0 1
22 91 0 1
23 91 0 1
25 91 0 1
31 91 0 1
33 91 0 1
35 91 0 1
39 91 0 1
43 91 0 1
44 91 0 1
45 91 0 1
48 91 0 1
56 91 0 1
24 92 0 1
26 92 0 1
29 92 0 1
30 92 0 1
32 92 0 1
36 92 0 1
38 92 0 1
40 92 0 1
42 92 0 1
46 92 0 1
47 92 0 1
53 92 0 1
54 92 0 1
55 92 0 1
57 92 0 1
18 93 0 1
24 93 0 1
26 93 0 1
30 93 0 1
40 93 0 1
42 93 0 1
46 93 0 1
28 94 0 1
24 95 0 1
26 95 0 1
9 96 0 1
24 96 0 1
26 96 0 1
1 97 0 1
15 97 0 1
16 97 0 1
22 97 0 1
23 97 0 1
25 97 0 1
43 97 0 1
44 97 0 1
45 97 0 1
14 98 0 1
19 98 0 1
20 98 0 1
21 98 0 1
1 99 0 1
3 99 0 1
4 99 0 1
6 99 0 1
7 99 0 1
8 99 0 1
10 99 0 1
11 99 0 1
12 99 0 1
13 99 0 1
14 99 0 1
15 99 0 1
16 99 0 1
19 99 0 1
21 99 0 1
9 100 0 1
19 100 0 1
20 100 0 1
21 100 0 1
9 101 0 1
18 101 0 1
19 101 0 1
20 101 0 1
24 101 0 1
9 102 0 1
18 102 0 1
19 102 0 1
20 102 0 1
24 102 0 1
26 102 0 1
