1 3 0 0
1 4 0 0
1 5 0 0
4 5 0 0
1 7 0 0
3 7 0 0
4 7 0 0
5 7 0 0
6 8 0 0
1 9 0 0
8 9 0 0
1 10 0 0
3 10 0 0
8 10 0 0
9 10 0 0
1 11 0 0
3 11 0 0
8 11 0 0
9 11 0 0
10 11 0 0
1 12 0 0
3 12 0 0
5 12 0 0
7 12 0 0
1 13 0 0
8 13 0 0
9 13 0 0
10 13 0 0
11 13 0 0
1 14 0 0
3 14 0 0
10 14 0 0
11 14 0 0
13 14 0 0
1 15 0 0
8 15 0 0
9 15 0 0
10 15 0 0
11 15 0 0
13 15 0 0
14 15 0 0
1 16 0 0
3 16 0 0
9 16 0 0
10 16 0 0
11 16 0 0
13 16 0 0
14 16 0 0
15 16 0 0
2 17 0 0
7 17 0 0
3 18 0 0
9 18 0 0
10 18 0 0
11 18 0 0
16 18 0 0
1 19 0 0
2 19 0 0
3 19 0 0
12 19 0 0
8 20 0 0
9 20 0 0
10 20 0 0
18 20 0 0
2 21 0 0
3 21 0 0
17 21 0 0
19 21 0 0
2 22 0 0
3 22 0 0
7 22 0 0
17 22 0 0
19 22 0 0
21 22 0 0
2 23 0 0
3 23 0 0
12 23 0 0
17 23 0 0
19 23 0 0
21 23 0 0
22 23 0 0
2 24 0 0
3 24 0 0
17 24 0 0
19 24 0 0
21 24 0 0
22 24 0 0
23 24 0 0
2 25 0 0
3 25 0 0
17 25 0 0
19 25 0 0
21 25 0 0
22 25 0 0
23 25 0 0
24 25 0 0
2 26 0 0
21 26 0 0
24 26 0 0
25 26 0 0
2 27 0 0
21 27 0 0
24 27 0 0
25 27 0 0
26 27 0 0
2 28 0 0
2 29 0 0
28 29 0 0
2 30 0 0
3 30 0 0
19 30 0 0
21 30 0 0
22 30 0 0
23 30 0 0
24 30 0 0
25 30 0 0
26 30 0 0
27 30 0 0
1 31 0 0
3 31 0 0
8 31 0 0
9 31 0 0
10 31 0 0
11 31 0 0
13 31 0 0
14 31 0 0
15 31 0 0
16 31 0 0
18 31 0 0
20 31 0 0
1 32 0 0
3 32 0 0
8 32 0 0
9 32 0 0
10 32 0 0
11 32 0 0
13 32 0 0
15 32 0 0
16 32 0 0
18 32 0 0
20 32 0 0
31 32 0 0
1 33 0 0
2 33 0 0
3 33 0 0
7 33 0 0
12 33 0 0
17 33 0 0
19 33 0 0
21 33 0 0
22 33 0 0
23 33 0 0
24 33 0 0
1 34 0 0
2 34 0 0
3 34 0 0
7 34 0 0
12 34 0 0
17 34 0 0
19 34 0 0
21 34 0 0
22 34 0 0
23 34 0 0
24 34 0 0
25 34 0 0
30 34 0 0
33 34 0 0
2 35 0 1
20 35 0 1
26 35 0 1
27 35 0 1
28 35 0 1
30 35 0 1
3 37 0 1
18 37 0 1
20 37 0 1
31 37 0 1
20 38 0 1
2 39 0 1
3 39 0 1
18 39 0 1
19 39 0 1
27 39 0 1
30 39 0 1
31 39 0 1
20 40 0 1
2 43 0 1
26 43 0 1
27 43 0 1
30 43 0 1
2 48 0 1
26 48 0 1
27 48 0 1
30 48 0 1
2 52 0 1
26 52 0 1
27 52 0 1
2 53 0 1
26 53 0 1
28 53 0 1
29 53 0 1
2 55 0 1
26 55 0 1
