1 2 0 0
1 3 0 0
2 3 0 0
4 5 0 0
4 6 0 0
5 6 0 0
2 7 0 0
3 7 0 0
4 7 0 0
5 7 0 0
6 7 0 0
1 8 0 0
2 8 0 0
3 8 0 0
4 8 0 0
5 8 0 0
6 8 0 0
7 8 0 0
1 9 0 0
2 9 0 0
3 9 0 0
8 9 0 0
1 10 0 0
2 10 0 0
9 10 0 0
1 11 0 0
2 11 0 0
3 11 0 0
7 11 0 0
8 11 0 0
9 11 0 0
1 12 0 0
2 12 0 0
3 12 0 0
9 12 0 0
10 12 0 0
11 12 0 0
5 13 0 0
1 14 0 0
2 14 0 0
9 14 0 0
10 14 0 0
12 14 0 0
1 15 0 0
2 15 0 0
3 15 0 0
8 15 0 0
9 15 0 0
10 15 0 0
11 15 0 0
12 15 0 0
14 15 0 0
1 16 0 0
2 16 0 0
3 16 0 0
7 16 0 0
8 16 0 0
9 16 0 0
11 16 0 0
12 16 0 0
15 16 0 0
2 17 0 0
3 17 0 0
4 17 0 0
6 17 0 0
7 17 0 0
8 17 0 0
11 17 0 0
15 17 0 0
16 17 0 0
4 18 0 0
5 18 0 0
13 18 0 0
1 19 0 0
2 19 0 0
3 19 0 0
9 19 0 0
10 19 0 0
11 19 0 0
12 19 0 0
14 19 0 0
15 19 0 0
16 19 0 0
4 20 0 0
5 20 0 0
6 20 0 0
7 20 0 0
13 20 0 0
18 20 0 0
1 21 0 0
9 21 0 0
10 21 0 0
12 21 0 0
14 21 0 0
15 21 0 0
19 21 0 0
13 22 0 0
18 22 0 0
1 23 0 0
2 23 0 0
9 23 0 0
10 23 0 0
11 23 0 0
12 23 0 0
14 23 0 0
15 23 0 0
16 23 0 0
19 23 0 0
21 23 0 0
2 24 0 0
9 24 0 0
10 24 0 0
11 24 0 0
12 24 0 0
14 24 0 0
15 24 0 0
16 24 0 0
19 24 0 0
21 24 0 0
23 24 0 0
10 25 0 0
11 25 0 0
12 25 0 0
14 25 0 0
15 25 0 0
19 25 0 0
21 25 0 0
23 25 0 0
24 25 0 0
1 26 0 0
2 26 0 0
3 26 0 0
8 26 0 0
9 26 0 0
10 26 0 0
11 26 0 0
12 26 0 0
15 26 0 0
16 26 0 0
17 26 0 0
19 26 0 0
23 26 0 0
24 26 0 0
25 26 0 0
2 27 0 0
3 27 0 0
7 27 0 0
8 27 0 0
11 27 0 0
15 27 0 0
16 27 0 0
17 27 0 0
26 27 0 0
4 28 0 0
6 28 0 0
7 28 0 0
8 28 0 0
17 28 0 0
27 28 0 0
4 29 0 0
5 29 0 0
6 29 0 0
7 29 0 0
17 29 0 0
20 29 0 0
27 29 0 0
28 29 0 0
4 30 0 0
5 30 0 0
6 30 0 0
7 30 0 0
13 30 0 0
20 30 0 0
27 30 0 0
28 30 0 0
29 30 0 0
5 31 0 0
13 31 0 0
18 31 0 0
20 31 0 0
22 31 0 0
29 31 0 0
30 31 0 0
2 32 0 0
3 32 0 0
8 32 0 0
11 32 0 0
12 32 0 0
15 32 0 0
16 32 0 0
17 32 0 0
24 32 0 0
26 32 0 0
27 32 0 0
28 32 0 0
22 33 0 0
24 34 0 0
25 34 0 0
26 34 0 0
27 34 0 0
32 34 0 0
33 35 0 0
27 36 0 0
28 36 0 0
32 36 0 0
34 36 0 0
17 37 0 0
27 37 0 0
28 37 0 0
29 37 0 0
30 37 0 0
32 37 0 0
36 37 0 0
10 38 0 0
12 38 0 0
14 38 0 0
19 38 0 0
21 38 0 0
23 38 0 0
24 38 0 0
25 38 0 0
26 38 0 0
34 38 0 0
11 39 0 0
17 39 0 0
26 39 0 0
27 39 0 0
28 39 0 0
29 39 0 0
32 39 0 0
34 39 0 0
36 39 0 0
37 39 0 0
13 40 0 0
20 40 0 0
29 40 0 0
30 40 0 0
31 40 0 0
37 40 0 0
20 41 0 0
27 41 0 0
28 41 0 0
29 41 0 0
30 41 0 0
31 41 0 0
36 41 0 0
37 41 0 0
39 41 0 0
40 41 0 0
20 42 0 0
28 42 0 0
29 42 0 0
30 42 0 0
31 42 0 0
37 42 0 0
40 42 0 0
41 42 0 0
13 43 0 0
22 43 0 0
31 43 0 0
33 43 0 0
35 43 0 0
40 43 0 0
42 43 0 0
10 44 0 0
21 44 0 0
24 44 0 0
25 44 0 0
26 44 0 0
34 44 0 0
38 44 0 0
28 45 0 0
29 45 0 0
30 45 0 0
31 45 0 0
37 45 0 0
40 45 0 0
41 45 0 0
42 45 0 0
43 45 0 0
10 46 0 0
12 46 0 0
24 46 0 0
25 46 0 0
26 46 0 0
32 46 0 0
34 46 0 0
38 46 0 0
44 46 0 0
10 47 0 0
12 47 0 0
24 47 0 0
25 47 0 0
26 47 0 0
34 47 0 0
38 47 0 0
44 47 0 0
46 47 0 0
1 48 0 0
9 48 0 0
10 48 0 0
12 48 0 0
14 48 0 0
15 48 0 0
19 48 0 0
21 48 0 0
23 48 0 0
24 48 0 0
25 48 0 0
26 48 0 0
38 48 0 0
44 48 0 0
46 48 0 0
47 48 0 0
1 49 0 0
9 49 0 0
10 49 0 0
12 49 0 0
14 49 0 0
19 49 0 0
21 49 0 0
23 49 0 0
24 49 0 0
25 49 0 0
38 49 0 0
44 49 0 0
46 49 0 0
47 49 0 0
48 49 0 0
4 50 0 0
5 50 0 0
6 50 0 0
7 50 0 0
13 50 0 0
18 50 0 0
20 50 0 0
22 50 0 0
28 50 0 0
29 50 0 0
30 50 0 0
31 50 0 0
40 50 0 0
41 50 0 0
42 50 0 0
45 50 0 0
1 51 0 0
2 51 0 0
3 51 0 0
8 51 0 0
9 51 0 0
10 51 0 0
11 51 0 0
12 51 0 0
14 51 0 0
15 51 0 0
16 51 0 0
17 51 0 0
19 51 0 0
21 51 0 0
23 51 0 0
24 51 0 0
25 51 0 0
26 51 0 0
27 51 0 0
32 51 0 0
34 51 0 0
38 51 0 0
39 51 0 0
46 51 0 0
47 51 0 0
48 51 0 0
1 52 0 0
2 52 0 0
3 52 0 0
6 52 0 0
7 52 0 0
8 52 0 0
9 52 0 0
11 52 0 0
12 52 0 0
15 52 0 0
16 52 0 0
17 52 0 0
26 52 0 0
27 52 0 0
28 52 0 0
32 52 0 0
36 52 0 0
37 52 0 0
39 52 0 0
51 52 0 0
1 53 0 0
2 53 0 0
9 53 0 0
10 53 0 0
11 53 0 0
12 53 0 0
14 53 0 0
15 53 0 0
16 53 0 0
19 53 0 0
21 53 0 0
23 53 0 0
24 53 0 0
25 53 0 0
26 53 0 0
34 53 0 0
38 53 0 0
44 53 0 0
46 53 0 0
47 53 0 0
48 53 0 0
49 53 0 0
51 53 0 0
4 54 0 0
5 54 0 0
6 54 0 0
7 54 0 0
13 54 0 0
17 54 0 0
18 54 0 0
20 54 0 0
28 54 0 0
29 54 0 0
30 54 0 0
31 54 0 0
37 54 0 0
40 54 0 0
41 54 0 0
42 54 0 0
45 54 0 0
50 54 0 0
5 55 0 0
13 55 0 0
18 55 0 0
20 55 0 0
22 55 0 0
30 55 0 0
31 55 0 0
33 55 0 0
35 55 0 0
40 55 0 0
42 55 0 0
43 55 0 0
45 55 0 0
50 55 0 0
54 55 0 0
2 56 0 0
3 56 0 0
6 56 0 0
7 56 0 0
8 56 0 0
11 56 0 0
15 56 0 0
16 56 0 0
17 56 0 0
26 56 0 0
27 56 0 0
28 56 0 0
29 56 0 0
32 56 0 0
36 56 0 0
37 56 0 0
39 56 0 0
41 56 0 0
51 56 0 0
52 56 0 0
34 57 0 0
44 57 0 0
46 57 0 0
47 57 0 0
25 58 0 0
34 58 0 0
38 58 0 0
44 58 0 0
46 58 0 0
47 58 0 0
57 58 0 0
34 59 0 0
38 59 0 0
44 59 0 0
46 59 0 0
47 59 0 0
57 59 0 0
58 59 0 0
33 60 0 0
35 60 0 0
43 60 0 0
34 61 0 0
36 61 0 0
44 61 0 0
46 61 0 0
47 61 0 0
57 61 0 0
58 61 0 0
59 61 0 0
34 62 0 0
36 62 0 0
39 62 0 0
58 62 0 0
59 62 0 0
61 62 0 0
36 63 0 0
37 63 0 0
39 63 0 0
59 63 0 0
61 63 0 0
62 63 0 0
34 64 0 0
36 64 0 0
58 64 0 0
59 64 0 0
61 64 0 0
62 64 0 0
63 64 0 0
36 65 0 0
39 65 0 0
59 65 0 0
61 65 0 0
62 65 0 0
63 65 0 0
64 65 0 0
36 66 0 0
45 66 0 0
62 66 0 0
63 66 0 0
64 66 0 0
65 66 0 0
45 67 0 0
63 67 0 0
65 67 0 0
66 67 0 0
36 68 0 0
37 68 0 0
39 68 0 0
41 68 0 0
42 68 0 0
45 68 0 0
62 68 0 0
63 68 0 0
64 68 0 0
65 68 0 0
66 68 0 0
67 68 0 0
27 69 0 0
28 69 0 0
29 69 0 0
30 69 0 0
32 69 0 0
36 69 0 0
37 69 0 0
39 69 0 0
41 69 0 0
42 69 0 0
45 69 0 0
56 69 0 0
62 69 0 0
63 69 0 0
64 69 0 0
65 69 0 0
66 69 0 0
67 69 0 0
68 69 0 0
30 70 0 0
31 70 0 0
33 70 0 0
35 70 0 0
40 70 0 0
41 70 0 0
42 70 0 0
43 70 0 0
45 70 0 0
55 70 0 0
60 70 0 0
67 70 0 0
24 71 0 0
25 71 0 0
26 71 0 0
27 71 0 0
32 71 0 0
34 71 0 0
36 71 0 0
37 71 0 0
39 71 0 0
46 71 0 0
47 71 0 0
57 71 0 0
58 71 0 0
59 71 0 0
61 71 0 0
62 71 0 0
63 71 0 0
64 71 0 0
65 71 0 0
68 71 0 0
69 71 0 0
27 72 0 0
28 72 0 0
32 72 0 0
36 72 0 0
37 72 0 0
39 72 0 0
41 72 0 0
45 72 0 0
56 72 0 0
61 72 0 0
62 72 0 0
63 72 0 0
64 72 0 0
65 72 0 0
66 72 0 0
67 72 0 0
68 72 0 0
69 72 0 0
71 72 0 0
24 73 0 0
25 73 0 0
34 73 0 0
38 73 0 0
44 73 0 0
46 73 0 0
47 73 0 0
57 73 0 0
58 73 0 0
59 73 0 0
27 74 0 0
28 74 0 0
32 74 0 0
36 74 0 0
37 74 0 0
39 74 0 0
41 74 0 0
42 74 0 0
45 74 0 0
62 74 0 0
63 74 0 0
64 74 0 0
65 74 0 0
66 74 0 0
67 74 0 0
68 74 0 0
69 74 0 0
71 74 0 0
72 74 0 0
33 75 0 0
35 75 0 0
43 75 0 0
60 75 0 0
70 75 0 0
60 76 0 0
75 76 0 0
59 77 0 0
61 77 0 0
62 77 0 0
63 77 0 0
64 77 0 0
65 77 0 0
66 77 0 0
67 77 0 0
68 77 0 0
71 77 0 0
72 77 0 0
74 77 0 0
60 78 0 0
75 78 0 0
76 78 0 0
60 79 0 0
75 79 0 0
76 79 0 0
78 79 0 0
60 80 0 0
67 80 0 0
70 80 0 0
76 80 0 0
78 80 0 0
79 80 0 0
61 81 0 0
62 81 0 0
63 81 0 0
64 81 0 0
65 81 0 0
66 81 0 0
67 81 0 0
68 81 0 0
71 81 0 0
72 81 0 0
74 81 0 0
77 81 0 0
60 82 0 0
75 82 0 0
76 82 0 0
78 82 0 0
79 82 0 0
80 82 0 0
57 83 0 0
57 84 0 0
58 84 0 0
59 84 0 0
61 84 0 0
83 84 0 0
60 85 0 0
70 85 0 0
75 85 0 0
76 85 0 0
78 85 0 0
79 85 0 0
80 85 0 0
82 85 0 0
60 86 0 0
66 86 0 0
67 86 0 0
78 86 0 0
80 86 0 0
81 86 0 0
82 86 0 0
85 86 0 0
60 87 0 0
67 87 0 0
76 87 0 0
78 87 0 0
79 87 0 0
80 87 0 0
82 87 0 0
85 87 0 0
86 87 0 0
60 88 0 0
76 88 0 0
78 88 0 0
79 88 0 0
80 88 0 0
82 88 0 0
85 88 0 0
86 88 0 0
87 88 0 0
66 89 0 0
67 89 0 0
80 89 0 0
81 89 0 0
85 89 0 0
86 89 0 0
87 89 0 0
59 90 0 0
61 90 0 0
62 90 0 0
63 90 0 0
64 90 0 0
65 90 0 0
66 90 0 0
71 90 0 0
72 90 0 0
77 90 0 0
81 90 0 0
66 91 0 0
67 91 0 0
80 91 0 0
81 91 0 0
85 91 0 0
86 91 0 0
87 91 0 0
89 91 0 0
65 92 0 0
77 92 0 0
81 92 0 0
90 92 0 0
66 93 0 0
67 93 0 0
77 93 0 0
80 93 0 0
81 93 0 0
85 93 0 0
86 93 0 0
87 93 0 0
89 93 0 0
91 93 0 0
92 93 0 0
57 94 0 0
83 94 0 0
84 94 0 0
65 95 0 0
66 95 0 0
77 95 0 0
81 95 0 0
86 95 0 0
89 95 0 0
90 95 0 0
91 95 0 0
92 95 0 0
93 95 0 0
60 96 0 0
67 96 0 0
76 96 0 0
78 96 0 0
79 96 0 0
80 96 0 0
82 96 0 0
85 96 0 0
86 96 0 0
87 96 0 0
88 96 0 0
89 96 0 0
91 96 0 0
93 96 0 0
67 97 0 0
80 97 0 0
81 97 0 0
86 97 0 0
87 97 0 0
89 97 0 0
91 97 0 0
92 97 0 0
93 97 0 0
95 97 0 0
96 97 0 0
77 98 0 0
81 98 0 0
86 98 0 0
89 98 0 0
90 98 0 0
91 98 0 0
92 98 0 0
93 98 0 0
95 98 0 0
97 98 0 0
84 99 0 0
90 99 0 0
92 99 0 0
95 99 0 0
98 99 0 0
83 100 0 0
94 100 0 0
83 101 0 0
84 101 0 0
94 101 0 0
99 101 0 0
100 101 0 0
92 102 0 0
99 102 0 0
101 102 0 0
83 103 0 0
84 103 0 0
94 103 0 0
100 103 0 0
101 103 0 0
91 104 0 0
92 104 0 0
93 104 0 0
95 104 0 0
97 104 0 0
98 104 0 0
99 104 0 0
83 105 0 0
84 105 0 0
94 105 0 0
99 105 0 0
100 105 0 0
101 105 0 0
102 105 0 0
103 105 0 0
84 106 0 0
92 106 0 0
94 106 0 0
99 106 0 0
100 106 0 0
101 106 0 0
102 106 0 0
103 106 0 0
105 106 0 0
83 107 0 0
84 107 0 0
94 107 0 0
99 107 0 0
100 107 0 0
101 107 0 0
102 107 0 0
103 107 0 0
105 107 0 0
106 107 0 0
91 108 0 0
93 108 0 0
95 108 0 0
96 108 0 0
97 108 0 0
98 108 0 0
104 108 0 0
83 109 0 0
84 109 0 0
94 109 0 0
100 109 0 0
101 109 0 0
103 109 0 0
105 109 0 0
107 109 0 0
83 110 0 0
84 110 0 0
94 110 0 0
99 110 0 0
100 110 0 0
101 110 0 0
102 110 0 0
103 110 0 0
105 110 0 0
106 110 0 0
107 110 0 0
109 110 0 0
84 111 0 0
94 111 0 0
99 111 0 0
100 111 0 0
101 111 0 0
102 111 0 0
103 111 0 0
105 111 0 0
106 111 0 0
107 111 0 0
109 111 0 0
110 111 0 0
99 113 0 0
102 113 0 0
104 113 0 0
106 113 0 0
111 113 0 0
99 114 0 0
100 114 0 0
101 114 0 0
102 114 0 0
103 114 0 0
105 114 0 0
106 114 0 0
107 114 0 0
109 114 0 0
110 114 0 0
111 114 0 0
113 114 0 0
96 115 0 0
108 115 0 0
112 115 0 0
99 116 0 0
101 116 0 0
102 116 0 0
105 116 0 0
106 116 0 0
107 116 0 0
110 116 0 0
111 116 0 0
113 116 0 0
114 116 0 0
94 117 0 0
99 117 0 0
100 117 0 0
101 117 0 0
102 117 0 0
103 117 0 0
105 117 0 0
106 117 0 0
107 117 0 0
109 117 0 0
110 117 0 0
111 117 0 0
113 117 0 0
114 117 0 0
116 117 0 0
83 118 0 0
94 118 0 0
99 118 0 0
100 118 0 0
101 118 0 0
102 118 0 0
103 118 0 0
105 118 0 0
106 118 0 0
107 118 0 0
109 118 0 0
110 118 0 0
111 118 0 0
114 118 0 0
116 118 0 0
117 118 0 0
92 119 0 0
95 119 0 0
98 119 0 0
99 119 0 0
102 119 0 0
104 119 0 0
106 119 0 0
107 119 0 0
111 119 0 0
113 119 0 0
114 119 0 0
116 119 0 0
117 119 0 0
94 120 0 0
99 120 0 0
100 120 0 0
101 120 0 0
102 120 0 0
103 120 0 0
105 120 0 0
106 120 0 0
107 120 0 0
109 120 0 0
110 120 0 0
111 120 0 0
114 120 0 0
116 120 0 0
117 120 0 0
118 120 0 0
92 121 0 0
99 121 0 0
101 121 0 0
102 121 0 0
105 121 0 0
106 121 0 0
107 121 0 0
110 121 0 0
111 121 0 0
113 121 0 0
114 121 0 0
116 121 0 0
117 121 0 0
118 121 0 0
119 121 0 0
120 121 0 0
92 122 0 0
95 122 0 0
98 122 0 0
99 122 0 0
101 122 0 0
102 122 0 0
104 122 0 0
105 122 0 0
106 122 0 0
107 122 0 0
110 122 0 0
111 122 0 0
113 122 0 0
114 122 0 0
116 122 0 0
117 122 0 0
118 122 0 0
119 122 0 0
120 122 0 0
121 122 0 0
92 123 0 0
95 123 0 0
98 123 0 0
99 123 0 0
104 123 0 0
108 123 0 0
113 123 0 0
116 123 0 0
119 123 0 0
121 123 0 0
122 123 0 0
99 124 0 0
100 124 0 0
101 124 0 0
102 124 0 0
103 124 0 0
105 124 0 0
106 124 0 0
107 124 0 0
109 124 0 0
110 124 0 0
111 124 0 0
114 124 0 0
116 124 0 0
117 124 0 0
118 124 0 0
119 124 0 0
120 124 0 0
121 124 0 0
122 124 0 0
83 125 0 0
84 125 0 0
94 125 0 0
99 125 0 0
100 125 0 0
101 125 0 0
102 125 0 0
103 125 0 0
105 125 0 0
106 125 0 0
107 125 0 0
109 125 0 0
110 125 0 0
111 125 0 0
117 125 0 0
118 125 0 0
120 125 0 0
121 125 0 0
122 125 0 0
124 125 0 0
78 126 0 0
80 126 0 0
82 126 0 0
85 126 0 0
86 126 0 0
87 126 0 0
89 126 0 0
91 126 0 0
93 126 0 0
96 126 0 0
97 126 0 0
98 126 0 0
108 126 0 0
115 126 0 0
57 127 0 0
83 127 0 0
84 127 0 0
94 127 0 0
99 127 0 0
100 127 0 0
101 127 0 0
102 127 0 0
103 127 0 0
105 127 0 0
106 127 0 0
107 127 0 0
109 127 0 0
110 127 0 0
111 127 0 0
114 127 0 0
117 127 0 0
118 127 0 0
120 127 0 0
124 127 0 0
125 127 0 0
83 128 0 0
84 128 0 0
90 128 0 0
92 128 0 0
94 128 0 0
99 128 0 0
101 128 0 0
102 128 0 0
103 128 0 0
105 128 0 0
106 128 0 0
107 128 0 0
110 128 0 0
111 128 0 0
117 128 0 0
118 128 0 0
119 128 0 0
120 128 0 0
121 128 0 0
122 128 0 0
124 128 0 0
125 128 0 0
127 128 0 0
80 129 0 0
81 129 0 0
86 129 0 0
87 129 0 0
89 129 0 0
91 129 0 0
92 129 0 0
93 129 0 0
95 129 0 0
96 129 0 0
97 129 0 0
98 129 0 0
104 129 0 0
108 129 0 0
123 129 0 0
126 129 0 0
77 130 0 0
81 130 0 0
86 130 0 0
89 130 0 0
90 130 0 0
91 130 0 0
92 130 0 0
93 130 0 0
95 130 0 0
96 130 0 0
97 130 0 0
98 130 0 0
104 130 0 0
108 130 0 0
119 130 0 0
122 130 0 0
123 130 0 0
126 130 0 0
129 130 0 0
78 131 0 0
80 131 0 0
82 131 0 0
85 131 0 0
86 131 0 0
87 131 0 0
88 131 0 0
89 131 0 0
91 131 0 0
93 131 0 0
96 131 0 0
97 131 0 0
108 131 0 0
115 131 0 0
126 131 0 0
129 131 0 0
130 131 0 0
77 132 0 0
81 132 0 0
86 132 0 0
89 132 0 0
90 132 0 0
91 132 0 0
92 132 0 0
93 132 0 0
95 132 0 0
97 132 0 0
98 132 0 0
99 132 0 0
104 132 0 0
108 132 0 0
119 132 0 0
122 132 0 0
123 132 0 0
126 132 0 0
129 132 0 0
130 132 0 0
81 133 0 0
86 133 0 0
89 133 0 0
91 133 0 0
92 133 0 0
93 133 0 0
95 133 0 0
96 133 0 0
97 133 0 0
98 133 0 0
104 133 0 0
108 133 0 0
123 133 0 0
126 133 0 0
129 133 0 0
130 133 0 0
131 133 0 0
132 133 0 0
80 134 0 0
86 134 0 0
87 134 0 0
89 134 0 0
91 134 0 0
93 134 0 0
95 134 0 0
96 134 0 0
97 134 0 0
98 134 0 0
104 134 0 0
108 134 0 0
115 134 0 0
123 134 0 0
126 134 0 0
129 134 0 0
130 134 0 0
131 134 0 0
132 134 0 0
133 134 0 0
83 135 0 0
84 135 0 0
94 135 0 0
99 135 0 0
100 135 0 0
101 135 0 0
102 135 0 0
103 135 0 0
105 135 0 0
106 135 0 0
107 135 0 0
109 135 0 0
110 135 0 0
111 135 0 0
114 135 0 0
116 135 0 0
117 135 0 0
118 135 0 0
119 135 0 0
120 135 0 0
121 135 0 0
122 135 0 0
124 135 0 0
125 135 0 0
127 135 0 0
128 135 0 0
81 136 0 0
86 136 0 0
89 136 0 0
90 136 0 0
91 136 0 0
92 136 0 0
93 136 0 0
95 136 0 0
96 136 0 0
97 136 0 0
98 136 0 0
99 136 0 0
104 136 0 0
108 136 0 0
113 136 0 0
119 136 0 0
122 136 0 0
123 136 0 0
126 136 0 0
129 136 0 0
130 136 0 0
132 136 0 0
133 136 0 0
134 136 0 0
81 137 0 0
86 137 0 0
89 137 0 0
91 137 0 0
92 137 0 0
93 137 0 0
95 137 0 0
96 137 0 0
97 137 0 0
98 137 0 0
104 137 0 0
108 137 0 0
119 137 0 0
123 137 0 0
126 137 0 0
129 137 0 0
130 137 0 0
131 137 0 0
132 137 0 0
133 137 0 0
134 137 0 0
136 137 0 0
42 138 0 0
45 138 0 0
60 138 0 0
66 138 0 0
67 138 0 0
68 138 0 0
69 138 0 0
70 138 0 0
78 138 0 0
80 138 0 0
82 138 0 0
85 138 0 0
86 138 0 0
87 138 0 0
89 138 0 0
91 138 0 0
93 138 0 0
96 138 0 0
97 138 0 0
126 138 0 0
129 138 0 0
34 139 0 0
36 139 0 0
57 139 0 0
58 139 0 0
59 139 0 0
61 139 0 0
62 139 0 0
63 139 0 0
64 139 0 0
65 139 0 0
66 139 0 0
68 139 0 0
71 139 0 0
72 139 0 0
74 139 0 0
77 139 0 0
81 139 0 0
90 139 0 0
92 139 0 0
43 140 0 0
45 140 0 0
60 140 0 0
67 140 0 0
70 140 0 0
75 140 0 0
76 140 0 0
78 140 0 0
79 140 0 0
80 140 0 0
82 140 0 0
85 140 0 0
86 140 0 0
87 140 0 0
88 140 0 0
89 140 0 0
91 140 0 0
93 140 0 0
96 140 0 0
126 140 0 0
131 140 0 0
138 140 0 0
31 141 0 0
33 141 0 0
35 141 0 0
40 141 0 0
42 141 0 0
43 141 0 0
45 141 0 0
55 141 0 0
60 141 0 0
67 141 0 0
70 141 0 0
75 141 0 0
76 141 0 0
78 141 0 0
79 141 0 0
80 141 0 0
82 141 0 0
85 141 0 0
86 141 0 0
87 141 0 0
88 141 0 0
96 141 0 0
138 141 0 0
140 141 0 0
60 142 0 0
66 142 0 0
67 142 0 0
70 142 0 0
78 142 0 0
79 142 0 0
80 142 0 0
82 142 0 0
85 142 0 0
86 142 0 0
87 142 0 0
88 142 0 0
89 142 0 0
91 142 0 0
93 142 0 0
96 142 0 0
97 142 0 0
126 142 0 0
129 142 0 0
131 142 0 0
138 142 0 0
140 142 0 0
141 142 0 0
45 143 0 0
60 143 0 0
66 143 0 0
67 143 0 0
68 143 0 0
69 143 0 0
70 143 0 0
74 143 0 0
78 143 0 0
80 143 0 0
81 143 0 0
85 143 0 0
86 143 0 0
87 143 0 0
89 143 0 0
91 143 0 0
93 143 0 0
95 143 0 0
96 143 0 0
97 143 0 0
98 143 0 0
126 143 0 0
129 143 0 0
130 143 0 0
131 143 0 0
133 143 0 0
134 143 0 0
138 143 0 0
140 143 0 0
141 143 0 0
142 143 0 0
86 144 0 1
87 144 0 1
91 144 0 1
93 144 0 1
96 144 0 1
97 144 0 1
98 144 0 1
104 144 0 1
108 144 0 1
112 144 0 1
115 144 0 1
123 144 0 1
126 144 0 1
129 144 0 1
130 144 0 1
131 144 0 1
132 144 0 1
133 144 0 1
134 144 0 1
136 144 0 1
137 144 0 1
13 145 0 1
18 145 0 1
22 145 0 1
55 145 0 1
1 146 0 1
2 146 0 1
9 146 0 1
10 146 0 1
12 146 0 1
14 146 0 1
15 146 0 1
19 146 0 1
21 146 0 1
23 146 0 1
48 146 0 1
49 146 0 1
51 146 0 1
53 146 0 1
1 147 0 1
2 147 0 1
3 147 0 1
6 147 0 1
7 147 0 1
8 147 0 1
9 147 0 1
11 147 0 1
12 147 0 1
15 147 0 1
16 147 0 1
17 147 0 1
19 147 0 1
26 147 0 1
27 147 0 1
32 147 0 1
51 147 0 1
52 147 0 1
56 147 0 1
4 148 0 1
5 148 0 1
6 148 0 1
7 148 0 1
8 148 0 1
13 148 0 1
17 148 0 1
18 148 0 1
20 148 0 1
28 148 0 1
29 148 0 1
30 148 0 1
31 148 0 1
50 148 0 1
54 148 0 1
4 149 0 1
5 149 0 1
13 149 0 1
18 149 0 1
20 149 0 1
22 149 0 1
30 149 0 1
31 149 0 1
50 149 0 1
54 149 0 1
55 149 0 1
1 150 0 1
2 150 0 1
3 150 0 1
8 150 0 1
9 150 0 1
10 150 0 1
11 150 0 1
12 150 0 1
14 150 0 1
15 150 0 1
16 150 0 1
19 150 0 1
21 150 0 1
23 150 0 1
24 150 0 1
25 150 0 1
26 150 0 1
32 150 0 1
38 150 0 1
48 150 0 1
49 150 0 1
51 150 0 1
52 150 0 1
53 150 0 1
4 151 0 1
5 151 0 1
6 151 0 1
7 151 0 1
8 151 0 1
17 151 0 1
20 151 0 1
27 151 0 1
28 151 0 1
29 151 0 1
30 151 0 1
41 151 0 1
50 151 0 1
52 151 0 1
54 151 0 1
56 151 0 1
1 152 0 1
2 152 0 1
3 152 0 1
7 152 0 1
8 152 0 1
9 152 0 1
11 152 0 1
12 152 0 1
15 152 0 1
16 152 0 1
17 152 0 1
19 152 0 1
26 152 0 1
27 152 0 1
32 152 0 1
51 152 0 1
52 152 0 1
56 152 0 1
4 153 0 1
5 153 0 1
13 153 0 1
18 153 0 1
20 153 0 1
22 153 0 1
30 153 0 1
31 153 0 1
40 153 0 1
50 153 0 1
54 153 0 1
55 153 0 1
1 154 0 1
2 154 0 1
3 154 0 1
7 154 0 1
8 154 0 1
9 154 0 1
11 154 0 1
12 154 0 1
15 154 0 1
16 154 0 1
17 154 0 1
19 154 0 1
26 154 0 1
27 154 0 1
28 154 0 1
32 154 0 1
51 154 0 1
52 154 0 1
56 154 0 1
4 155 0 1
5 155 0 1
6 155 0 1
13 155 0 1
18 155 0 1
20 155 0 1
22 155 0 1
29 155 0 1
30 155 0 1
31 155 0 1
40 155 0 1
50 155 0 1
54 155 0 1
55 155 0 1
1 156 0 1
2 156 0 1
3 156 0 1
8 156 0 1
9 156 0 1
10 156 0 1
11 156 0 1
12 156 0 1
14 156 0 1
15 156 0 1
16 156 0 1
17 156 0 1
19 156 0 1
21 156 0 1
23 156 0 1
24 156 0 1
25 156 0 1
26 156 0 1
27 156 0 1
32 156 0 1
38 156 0 1
48 156 0 1
49 156 0 1
51 156 0 1
52 156 0 1
53 156 0 1
56 156 0 1
4 157 0 1
5 157 0 1
6 157 0 1
7 157 0 1
8 157 0 1
17 157 0 1
20 157 0 1
27 157 0 1
28 157 0 1
29 157 0 1
30 157 0 1
31 157 0 1
37 157 0 1
40 157 0 1
41 157 0 1
42 157 0 1
50 157 0 1
54 157 0 1
56 157 0 1
1 158 0 1
2 158 0 1
9 158 0 1
10 158 0 1
11 158 0 1
12 158 0 1
14 158 0 1
15 158 0 1
16 158 0 1
19 158 0 1
21 158 0 1
23 158 0 1
24 158 0 1
25 158 0 1
26 158 0 1
38 158 0 1
44 158 0 1
46 158 0 1
47 158 0 1
48 158 0 1
49 158 0 1
51 158 0 1
53 158 0 1
3 159 0 1
4 159 0 1
5 159 0 1
6 159 0 1
7 159 0 1
8 159 0 1
11 159 0 1
16 159 0 1
17 159 0 1
27 159 0 1
28 159 0 1
29 159 0 1
30 159 0 1
32 159 0 1
37 159 0 1
39 159 0 1
41 159 0 1
50 159 0 1
51 159 0 1
52 159 0 1
54 159 0 1
56 159 0 1
9 160 0 1
10 160 0 1
12 160 0 1
14 160 0 1
15 160 0 1
19 160 0 1
21 160 0 1
23 160 0 1
24 160 0 1
25 160 0 1
26 160 0 1
34 160 0 1
38 160 0 1
44 160 0 1
46 160 0 1
47 160 0 1
48 160 0 1
49 160 0 1
51 160 0 1
53 160 0 1
73 160 0 1
4 161 0 1
5 161 0 1
6 161 0 1
13 161 0 1
18 161 0 1
20 161 0 1
22 161 0 1
29 161 0 1
30 161 0 1
31 161 0 1
40 161 0 1
41 161 0 1
42 161 0 1
43 161 0 1
45 161 0 1
50 161 0 1
54 161 0 1
55 161 0 1
70 161 0 1
1 162 0 1
2 162 0 1
3 162 0 1
8 162 0 1
9 162 0 1
10 162 0 1
11 162 0 1
12 162 0 1
14 162 0 1
15 162 0 1
16 162 0 1
17 162 0 1
19 162 0 1
21 162 0 1
23 162 0 1
24 162 0 1
25 162 0 1
26 162 0 1
27 162 0 1
32 162 0 1
34 162 0 1
38 162 0 1
46 162 0 1
47 162 0 1
48 162 0 1
49 162 0 1
51 162 0 1
52 162 0 1
53 162 0 1
1 163 0 1
2 163 0 1
9 163 0 1
10 163 0 1
11 163 0 1
12 163 0 1
14 163 0 1
15 163 0 1
16 163 0 1
19 163 0 1
21 163 0 1
23 163 0 1
24 163 0 1
25 163 0 1
26 163 0 1
34 163 0 1
38 163 0 1
44 163 0 1
46 163 0 1
47 163 0 1
48 163 0 1
49 163 0 1
51 163 0 1
53 163 0 1
2 164 0 1
3 164 0 1
4 164 0 1
6 164 0 1
7 164 0 1
8 164 0 1
11 164 0 1
15 164 0 1
16 164 0 1
17 164 0 1
26 164 0 1
27 164 0 1
28 164 0 1
29 164 0 1
30 164 0 1
32 164 0 1
36 164 0 1
37 164 0 1
39 164 0 1
41 164 0 1
51 164 0 1
52 164 0 1
54 164 0 1
56 164 0 1
13 165 0 1
18 165 0 1
22 165 0 1
31 165 0 1
33 165 0 1
35 165 0 1
43 165 0 1
55 165 0 1
4 166 0 1
5 166 0 1
6 166 0 1
7 166 0 1
8 166 0 1
17 166 0 1
20 166 0 1
27 166 0 1
28 166 0 1
29 166 0 1
30 166 0 1
32 166 0 1
37 166 0 1
39 166 0 1
40 166 0 1
41 166 0 1
42 166 0 1
45 166 0 1
50 166 0 1
52 166 0 1
54 166 0 1
56 166 0 1
4 167 0 1
5 167 0 1
6 167 0 1
7 167 0 1
8 167 0 1
17 167 0 1
20 167 0 1
27 167 0 1
28 167 0 1
29 167 0 1
30 167 0 1
31 167 0 1
37 167 0 1
40 167 0 1
41 167 0 1
42 167 0 1
45 167 0 1
50 167 0 1
52 167 0 1
54 167 0 1
56 167 0 1
4 168 0 1
5 168 0 1
6 168 0 1
7 168 0 1
8 168 0 1
13 168 0 1
17 168 0 1
20 168 0 1
27 168 0 1
28 168 0 1
29 168 0 1
30 168 0 1
31 168 0 1
37 168 0 1
40 168 0 1
41 168 0 1
42 168 0 1
45 168 0 1
50 168 0 1
54 168 0 1
55 168 0 1
2 169 0 1
3 169 0 1
6 169 0 1
7 169 0 1
8 169 0 1
11 169 0 1
15 169 0 1
16 169 0 1
17 169 0 1
26 169 0 1
27 169 0 1
28 169 0 1
29 169 0 1
32 169 0 1
36 169 0 1
37 169 0 1
39 169 0 1
51 169 0 1
52 169 0 1
56 169 0 1
13 170 0 1
22 170 0 1
31 170 0 1
33 170 0 1
35 170 0 1
43 170 0 1
55 170 0 1
75 170 0 1
141 170 0 1
2 171 0 1
10 171 0 1
11 171 0 1
12 171 0 1
15 171 0 1
16 171 0 1
17 171 0 1
19 171 0 1
23 171 0 1
24 171 0 1
25 171 0 1
26 171 0 1
27 171 0 1
32 171 0 1
34 171 0 1
36 171 0 1
38 171 0 1
39 171 0 1
44 171 0 1
46 171 0 1
47 171 0 1
48 171 0 1
51 171 0 1
52 171 0 1
53 171 0 1
56 171 0 1
58 171 0 1
59 171 0 1
61 171 0 1
71 171 0 1
20 172 0 1
28 172 0 1
29 172 0 1
30 172 0 1
31 172 0 1
37 172 0 1
40 172 0 1
41 172 0 1
42 172 0 1
45 172 0 1
50 172 0 1
54 172 0 1
55 172 0 1
68 172 0 1
69 172 0 1
70 172 0 1
74 172 0 1
141 172 0 1
17 173 0 1
20 173 0 1
27 173 0 1
28 173 0 1
29 173 0 1
30 173 0 1
31 173 0 1
36 173 0 1
37 173 0 1
39 173 0 1
40 173 0 1
41 173 0 1
42 173 0 1
45 173 0 1
50 173 0 1
52 173 0 1
54 173 0 1
56 173 0 1
68 173 0 1
69 173 0 1
72 173 0 1
74 173 0 1
11 174 0 1
15 174 0 1
16 174 0 1
17 174 0 1
24 174 0 1
25 174 0 1
26 174 0 1
27 174 0 1
28 174 0 1
32 174 0 1
34 174 0 1
36 174 0 1
37 174 0 1
39 174 0 1
46 174 0 1
51 174 0 1
52 174 0 1
56 174 0 1
62 174 0 1
63 174 0 1
68 174 0 1
69 174 0 1
71 174 0 1
72 174 0 1
74 174 0 1
17 175 0 1
27 175 0 1
28 175 0 1
29 175 0 1
30 175 0 1
32 175 0 1
36 175 0 1
37 175 0 1
39 175 0 1
40 175 0 1
41 175 0 1
42 175 0 1
45 175 0 1
52 175 0 1
54 175 0 1
56 175 0 1
63 175 0 1
68 175 0 1
69 175 0 1
71 175 0 1
72 175 0 1
74 175 0 1
20 176 0 1
28 176 0 1
29 176 0 1
30 176 0 1
31 176 0 1
37 176 0 1
40 176 0 1
41 176 0 1
42 176 0 1
45 176 0 1
50 176 0 1
54 176 0 1
55 176 0 1
68 176 0 1
69 176 0 1
70 176 0 1
74 176 0 1
141 176 0 1
31 177 0 1
33 177 0 1
35 177 0 1
43 177 0 1
55 177 0 1
60 177 0 1
70 177 0 1
75 177 0 1
140 177 0 1
141 177 0 1
24 178 0 1
25 178 0 1
26 178 0 1
34 178 0 1
38 178 0 1
44 178 0 1
46 178 0 1
47 178 0 1
53 178 0 1
57 178 0 1
58 178 0 1
59 178 0 1
61 178 0 1
64 178 0 1
71 178 0 1
73 178 0 1
139 178 0 1
26 179 0 1
27 179 0 1
28 179 0 1
32 179 0 1
34 179 0 1
36 179 0 1
37 179 0 1
39 179 0 1
52 179 0 1
56 179 0 1
59 179 0 1
61 179 0 1
62 179 0 1
63 179 0 1
64 179 0 1
65 179 0 1
66 179 0 1
68 179 0 1
69 179 0 1
71 179 0 1
72 179 0 1
74 179 0 1
139 179 0 1
29 180 0 1
30 180 0 1
31 180 0 1
37 180 0 1
40 180 0 1
41 180 0 1
42 180 0 1
43 180 0 1
45 180 0 1
54 180 0 1
60 180 0 1
66 180 0 1
67 180 0 1
68 180 0 1
69 180 0 1
70 180 0 1
74 180 0 1
138 180 0 1
140 180 0 1
141 180 0 1
142 180 0 1
143 180 0 1
13 181 0 1
30 181 0 1
31 181 0 1
33 181 0 1
35 181 0 1
40 181 0 1
41 181 0 1
42 181 0 1
43 181 0 1
45 181 0 1
50 181 0 1
54 181 0 1
55 181 0 1
60 181 0 1
70 181 0 1
75 181 0 1
140 181 0 1
141 181 0 1
27 182 0 1
28 182 0 1
29 182 0 1
30 182 0 1
31 182 0 1
36 182 0 1
37 182 0 1
39 182 0 1
40 182 0 1
41 182 0 1
42 182 0 1
45 182 0 1
50 182 0 1
54 182 0 1
56 182 0 1
66 182 0 1
67 182 0 1
68 182 0 1
69 182 0 1
70 182 0 1
72 182 0 1
74 182 0 1
138 182 0 1
13 183 0 1
22 183 0 1
30 183 0 1
31 183 0 1
33 183 0 1
35 183 0 1
40 183 0 1
42 183 0 1
43 183 0 1
45 183 0 1
50 183 0 1
54 183 0 1
55 183 0 1
60 183 0 1
70 183 0 1
75 183 0 1
141 183 0 1
11 184 0 1
12 184 0 1
15 184 0 1
16 184 0 1
17 184 0 1
24 184 0 1
25 184 0 1
26 184 0 1
27 184 0 1
28 184 0 1
32 184 0 1
34 184 0 1
36 184 0 1
37 184 0 1
39 184 0 1
46 184 0 1
47 184 0 1
51 184 0 1
52 184 0 1
53 184 0 1
56 184 0 1
59 184 0 1
61 184 0 1
62 184 0 1
63 184 0 1
64 184 0 1
65 184 0 1
68 184 0 1
69 184 0 1
71 184 0 1
72 184 0 1
74 184 0 1
139 184 0 1
11 185 0 1
12 185 0 1
24 185 0 1
25 185 0 1
26 185 0 1
27 185 0 1
32 185 0 1
34 185 0 1
36 185 0 1
38 185 0 1
39 185 0 1
44 185 0 1
46 185 0 1
47 185 0 1
51 185 0 1
52 185 0 1
53 185 0 1
56 185 0 1
58 185 0 1
59 185 0 1
61 185 0 1
62 185 0 1
71 185 0 1
72 185 0 1
73 185 0 1
13 186 0 1
31 186 0 1
33 186 0 1
35 186 0 1
40 186 0 1
42 186 0 1
43 186 0 1
45 186 0 1
55 186 0 1
60 186 0 1
70 186 0 1
75 186 0 1
138 186 0 1
140 186 0 1
141 186 0 1
1 187 0 1
2 187 0 1
3 187 0 1
8 187 0 1
9 187 0 1
11 187 0 1
12 187 0 1
15 187 0 1
16 187 0 1
17 187 0 1
19 187 0 1
24 187 0 1
25 187 0 1
26 187 0 1
27 187 0 1
28 187 0 1
32 187 0 1
34 187 0 1
36 187 0 1
37 187 0 1
39 187 0 1
46 187 0 1
47 187 0 1
51 187 0 1
52 187 0 1
53 187 0 1
56 187 0 1
71 187 0 1
13 188 0 1
18 188 0 1
20 188 0 1
22 188 0 1
31 188 0 1
33 188 0 1
35 188 0 1
40 188 0 1
42 188 0 1
43 188 0 1
50 188 0 1
55 188 0 1
70 188 0 1
75 188 0 1
141 188 0 1
1 189 0 1
2 189 0 1
3 189 0 1
8 189 0 1
9 189 0 1
11 189 0 1
12 189 0 1
15 189 0 1
16 189 0 1
17 189 0 1
19 189 0 1
24 189 0 1
25 189 0 1
26 189 0 1
27 189 0 1
32 189 0 1
34 189 0 1
36 189 0 1
38 189 0 1
39 189 0 1
44 189 0 1
46 189 0 1
47 189 0 1
51 189 0 1
52 189 0 1
53 189 0 1
56 189 0 1
71 189 0 1
2 190 0 1
3 190 0 1
8 190 0 1
9 190 0 1
11 190 0 1
12 190 0 1
15 190 0 1
16 190 0 1
17 190 0 1
19 190 0 1
24 190 0 1
25 190 0 1
26 190 0 1
27 190 0 1
28 190 0 1
32 190 0 1
34 190 0 1
36 190 0 1
37 190 0 1
39 190 0 1
46 190 0 1
47 190 0 1
51 190 0 1
52 190 0 1
53 190 0 1
56 190 0 1
71 190 0 1
72 190 0 1
1 191 0 1
2 191 0 1
3 191 0 1
9 191 0 1
10 191 0 1
11 191 0 1
12 191 0 1
14 191 0 1
15 191 0 1
16 191 0 1
17 191 0 1
19 191 0 1
23 191 0 1
24 191 0 1
25 191 0 1
26 191 0 1
27 191 0 1
32 191 0 1
34 191 0 1
38 191 0 1
39 191 0 1
44 191 0 1
46 191 0 1
47 191 0 1
48 191 0 1
51 191 0 1
52 191 0 1
53 191 0 1
56 191 0 1
71 191 0 1
13 192 0 1
18 192 0 1
22 192 0 1
31 192 0 1
33 192 0 1
35 192 0 1
40 192 0 1
43 192 0 1
55 192 0 1
75 192 0 1
141 192 0 1
1 193 0 1
2 193 0 1
3 193 0 1
9 193 0 1
10 193 0 1
11 193 0 1
12 193 0 1
14 193 0 1
15 193 0 1
16 193 0 1
19 193 0 1
21 193 0 1
23 193 0 1
24 193 0 1
25 193 0 1
26 193 0 1
27 193 0 1
32 193 0 1
34 193 0 1
38 193 0 1
44 193 0 1
46 193 0 1
47 193 0 1
48 193 0 1
49 193 0 1
51 193 0 1
52 193 0 1
53 193 0 1
1 194 0 1
2 194 0 1
3 194 0 1
8 194 0 1
9 194 0 1
10 194 0 1
11 194 0 1
12 194 0 1
14 194 0 1
15 194 0 1
16 194 0 1
17 194 0 1
19 194 0 1
21 194 0 1
23 194 0 1
24 194 0 1
25 194 0 1
26 194 0 1
27 194 0 1
32 194 0 1
34 194 0 1
38 194 0 1
39 194 0 1
44 194 0 1
46 194 0 1
47 194 0 1
48 194 0 1
49 194 0 1
51 194 0 1
52 194 0 1
53 194 0 1
56 194 0 1
71 194 0 1
4 195 0 1
5 195 0 1
6 195 0 1
7 195 0 1
17 195 0 1
20 195 0 1
27 195 0 1
28 195 0 1
29 195 0 1
30 195 0 1
31 195 0 1
37 195 0 1
40 195 0 1
41 195 0 1
42 195 0 1
45 195 0 1
50 195 0 1
54 195 0 1
55 195 0 1
56 195 0 1
69 195 0 1
70 195 0 1
13 196 0 1
18 196 0 1
20 196 0 1
22 196 0 1
30 196 0 1
31 196 0 1
33 196 0 1
35 196 0 1
40 196 0 1
42 196 0 1
43 196 0 1
45 196 0 1
50 196 0 1
54 196 0 1
55 196 0 1
70 196 0 1
75 196 0 1
141 196 0 1
2 197 0 1
3 197 0 1
11 197 0 1
12 197 0 1
15 197 0 1
16 197 0 1
17 197 0 1
19 197 0 1
24 197 0 1
25 197 0 1
26 197 0 1
27 197 0 1
32 197 0 1
34 197 0 1
36 197 0 1
37 197 0 1
39 197 0 1
46 197 0 1
47 197 0 1
51 197 0 1
52 197 0 1
53 197 0 1
56 197 0 1
71 197 0 1
72 197 0 1
4 198 0 1
6 198 0 1
7 198 0 1
17 198 0 1
27 198 0 1
28 198 0 1
29 198 0 1
30 198 0 1
32 198 0 1
36 198 0 1
37 198 0 1
39 198 0 1
40 198 0 1
41 198 0 1
42 198 0 1
45 198 0 1
50 198 0 1
52 198 0 1
54 198 0 1
56 198 0 1
68 198 0 1
69 198 0 1
72 198 0 1
74 198 0 1
13 199 0 1
18 199 0 1
22 199 0 1
31 199 0 1
33 199 0 1
35 199 0 1
40 199 0 1
43 199 0 1
55 199 0 1
70 199 0 1
75 199 0 1
141 199 0 1
4 200 0 1
5 200 0 1
13 200 0 1
18 200 0 1
20 200 0 1
22 200 0 1
28 200 0 1
29 200 0 1
30 200 0 1
31 200 0 1
37 200 0 1
40 200 0 1
41 200 0 1
42 200 0 1
43 200 0 1
45 200 0 1
50 200 0 1
54 200 0 1
55 200 0 1
70 200 0 1
141 200 0 1
37 201 0 1
40 201 0 1
41 201 0 1
42 201 0 1
45 201 0 1
63 201 0 1
66 201 0 1
67 201 0 1
68 201 0 1
69 201 0 1
70 201 0 1
72 201 0 1
74 201 0 1
80 201 0 1
81 201 0 1
85 201 0 1
86 201 0 1
87 201 0 1
89 201 0 1
91 201 0 1
93 201 0 1
96 201 0 1
138 201 0 1
140 201 0 1
141 201 0 1
142 201 0 1
143 201 0 1
34 202 0 1
36 202 0 1
39 202 0 1
46 202 0 1
57 202 0 1
58 202 0 1
59 202 0 1
61 202 0 1
62 202 0 1
63 202 0 1
64 202 0 1
65 202 0 1
71 202 0 1
72 202 0 1
74 202 0 1
77 202 0 1
81 202 0 1
90 202 0 1
139 202 0 1
38 203 0 1
44 203 0 1
46 203 0 1
47 203 0 1
57 203 0 1
58 203 0 1
59 203 0 1
61 203 0 1
73 203 0 1
83 203 0 1
84 203 0 1
94 203 0 1
36 204 0 1
45 204 0 1
62 204 0 1
63 204 0 1
64 204 0 1
65 204 0 1
66 204 0 1
67 204 0 1
68 204 0 1
69 204 0 1
70 204 0 1
72 204 0 1
74 204 0 1
77 204 0 1
80 204 0 1
81 204 0 1
86 204 0 1
87 204 0 1
89 204 0 1
90 204 0 1
91 204 0 1
93 204 0 1
95 204 0 1
96 204 0 1
97 204 0 1
98 204 0 1
129 204 0 1
130 204 0 1
138 204 0 1
140 204 0 1
142 204 0 1
143 204 0 1
34 205 0 1
44 205 0 1
57 205 0 1
58 205 0 1
59 205 0 1
61 205 0 1
62 205 0 1
63 205 0 1
64 205 0 1
65 205 0 1
71 205 0 1
72 205 0 1
77 205 0 1
84 205 0 1
90 205 0 1
128 205 0 1
139 205 0 1
36 206 0 1
59 206 0 1
61 206 0 1
62 206 0 1
63 206 0 1
64 206 0 1
65 206 0 1
66 206 0 1
68 206 0 1
69 206 0 1
71 206 0 1
72 206 0 1
74 206 0 1
77 206 0 1
81 206 0 1
90 206 0 1
92 206 0 1
95 206 0 1
139 206 0 1
24 207 0 1
25 207 0 1
26 207 0 1
27 207 0 1
32 207 0 1
34 207 0 1
36 207 0 1
38 207 0 1
39 207 0 1
44 207 0 1
46 207 0 1
47 207 0 1
57 207 0 1
58 207 0 1
59 207 0 1
61 207 0 1
62 207 0 1
63 207 0 1
64 207 0 1
65 207 0 1
71 207 0 1
72 207 0 1
73 207 0 1
139 207 0 1
28 208 0 1
29 208 0 1
30 208 0 1
31 208 0 1
36 208 0 1
37 208 0 1
39 208 0 1
40 208 0 1
41 208 0 1
42 208 0 1
43 208 0 1
45 208 0 1
54 208 0 1
60 208 0 1
63 208 0 1
66 208 0 1
67 208 0 1
68 208 0 1
69 208 0 1
70 208 0 1
72 208 0 1
74 208 0 1
78 208 0 1
80 208 0 1
82 208 0 1
85 208 0 1
86 208 0 1
87 208 0 1
89 208 0 1
91 208 0 1
96 208 0 1
138 208 0 1
140 208 0 1
141 208 0 1
142 208 0 1
143 208 0 1
29 209 0 1
30 209 0 1
31 209 0 1
37 209 0 1
40 209 0 1
41 209 0 1
42 209 0 1
43 209 0 1
45 209 0 1
60 209 0 1
66 209 0 1
67 209 0 1
68 209 0 1
69 209 0 1
70 209 0 1
74 209 0 1
80 209 0 1
85 209 0 1
86 209 0 1
138 209 0 1
140 209 0 1
141 209 0 1
142 209 0 1
143 209 0 1
27 210 0 1
28 210 0 1
29 210 0 1
30 210 0 1
36 210 0 1
37 210 0 1
39 210 0 1
40 210 0 1
41 210 0 1
42 210 0 1
45 210 0 1
62 210 0 1
63 210 0 1
65 210 0 1
66 210 0 1
67 210 0 1
68 210 0 1
69 210 0 1
70 210 0 1
72 210 0 1
74 210 0 1
138 210 0 1
143 210 0 1
11 211 0 1
12 211 0 1
15 211 0 1
16 211 0 1
17 211 0 1
24 211 0 1
25 211 0 1
26 211 0 1
27 211 0 1
32 211 0 1
34 211 0 1
36 211 0 1
37 211 0 1
38 211 0 1
39 211 0 1
44 211 0 1
46 211 0 1
47 211 0 1
51 211 0 1
52 211 0 1
53 211 0 1
56 211 0 1
57 211 0 1
58 211 0 1
59 211 0 1
61 211 0 1
62 211 0 1
63 211 0 1
64 211 0 1
65 211 0 1
68 211 0 1
69 211 0 1
71 211 0 1
72 211 0 1
74 211 0 1
139 211 0 1
31 212 0 1
33 212 0 1
35 212 0 1
40 212 0 1
42 212 0 1
43 212 0 1
45 212 0 1
60 212 0 1
67 212 0 1
70 212 0 1
75 212 0 1
78 212 0 1
79 212 0 1
80 212 0 1
82 212 0 1
85 212 0 1
86 212 0 1
87 212 0 1
88 212 0 1
96 212 0 1
138 212 0 1
140 212 0 1
141 212 0 1
142 212 0 1
143 212 0 1
36 213 0 1
37 213 0 1
39 213 0 1
40 213 0 1
41 213 0 1
42 213 0 1
45 213 0 1
62 213 0 1
63 213 0 1
64 213 0 1
65 213 0 1
66 213 0 1
67 213 0 1
68 213 0 1
69 213 0 1
70 213 0 1
71 213 0 1
72 213 0 1
74 213 0 1
77 213 0 1
81 213 0 1
138 213 0 1
143 213 0 1
27 214 0 1
28 214 0 1
36 214 0 1
37 214 0 1
39 214 0 1
41 214 0 1
45 214 0 1
62 214 0 1
63 214 0 1
64 214 0 1
65 214 0 1
66 214 0 1
67 214 0 1
68 214 0 1
69 214 0 1
71 214 0 1
72 214 0 1
74 214 0 1
77 214 0 1
81 214 0 1
138 214 0 1
139 214 0 1
143 214 0 1
24 215 0 1
25 215 0 1
34 215 0 1
38 215 0 1
44 215 0 1
46 215 0 1
47 215 0 1
57 215 0 1
58 215 0 1
59 215 0 1
61 215 0 1
71 215 0 1
73 215 0 1
84 215 0 1
139 215 0 1
27 216 0 1
34 216 0 1
36 216 0 1
37 216 0 1
39 216 0 1
59 216 0 1
61 216 0 1
62 216 0 1
63 216 0 1
64 216 0 1
65 216 0 1
66 216 0 1
68 216 0 1
69 216 0 1
71 216 0 1
72 216 0 1
74 216 0 1
77 216 0 1
81 216 0 1
90 216 0 1
139 216 0 1
24 217 0 1
25 217 0 1
34 217 0 1
38 217 0 1
44 217 0 1
46 217 0 1
47 217 0 1
57 217 0 1
58 217 0 1
59 217 0 1
61 217 0 1
62 217 0 1
64 217 0 1
71 217 0 1
73 217 0 1
139 217 0 1
36 218 0 1
37 218 0 1
39 218 0 1
40 218 0 1
41 218 0 1
42 218 0 1
45 218 0 1
62 218 0 1
63 218 0 1
64 218 0 1
65 218 0 1
66 218 0 1
67 218 0 1
68 218 0 1
69 218 0 1
70 218 0 1
71 218 0 1
72 218 0 1
74 218 0 1
77 218 0 1
80 218 0 1
81 218 0 1
86 218 0 1
89 218 0 1
90 218 0 1
91 218 0 1
93 218 0 1
96 218 0 1
138 218 0 1
140 218 0 1
141 218 0 1
142 218 0 1
143 218 0 1
57 219 0 1
83 219 0 1
84 219 0 1
94 219 0 1
100 219 0 1
103 219 0 1
105 219 0 1
107 219 0 1
109 219 0 1
110 219 0 1
125 219 0 1
127 219 0 1
135 219 0 1
57 220 0 1
58 220 0 1
59 220 0 1
61 220 0 1
83 220 0 1
84 220 0 1
94 220 0 1
99 220 0 1
101 220 0 1
103 220 0 1
105 220 0 1
106 220 0 1
107 220 0 1
110 220 0 1
111 220 0 1
125 220 0 1
127 220 0 1
128 220 0 1
135 220 0 1
139 220 0 1
61 221 0 1
62 221 0 1
63 221 0 1
64 221 0 1
65 221 0 1
66 221 0 1
77 221 0 1
81 221 0 1
89 221 0 1
90 221 0 1
91 221 0 1
92 221 0 1
93 221 0 1
95 221 0 1
97 221 0 1
98 221 0 1
99 221 0 1
104 221 0 1
106 221 0 1
122 221 0 1
128 221 0 1
129 221 0 1
130 221 0 1
132 221 0 1
133 221 0 1
136 221 0 1
137 221 0 1
139 221 0 1
62 222 0 1
63 222 0 1
64 222 0 1
65 222 0 1
66 222 0 1
67 222 0 1
77 222 0 1
81 222 0 1
86 222 0 1
89 222 0 1
90 222 0 1
91 222 0 1
92 222 0 1
93 222 0 1
95 222 0 1
96 222 0 1
97 222 0 1
98 222 0 1
104 222 0 1
108 222 0 1
129 222 0 1
130 222 0 1
132 222 0 1
133 222 0 1
134 222 0 1
136 222 0 1
137 222 0 1
138 222 0 1
139 222 0 1
143 222 0 1
66 223 0 1
67 223 0 1
80 223 0 1
81 223 0 1
85 223 0 1
86 223 0 1
87 223 0 1
89 223 0 1
91 223 0 1
93 223 0 1
95 223 0 1
96 223 0 1
97 223 0 1
98 223 0 1
126 223 0 1
129 223 0 1
130 223 0 1
131 223 0 1
132 223 0 1
133 223 0 1
134 223 0 1
136 223 0 1
137 223 0 1
138 223 0 1
140 223 0 1
141 223 0 1
142 223 0 1
143 223 0 1
62 224 0 1
63 224 0 1
64 224 0 1
65 224 0 1
66 224 0 1
67 224 0 1
68 224 0 1
72 224 0 1
77 224 0 1
81 224 0 1
86 224 0 1
89 224 0 1
90 224 0 1
91 224 0 1
92 224 0 1
93 224 0 1
95 224 0 1
96 224 0 1
97 224 0 1
98 224 0 1
104 224 0 1
108 224 0 1
126 224 0 1
129 224 0 1
130 224 0 1
132 224 0 1
133 224 0 1
134 224 0 1
136 224 0 1
137 224 0 1
138 224 0 1
142 224 0 1
143 224 0 1
60 225 0 1
76 225 0 1
78 225 0 1
79 225 0 1
82 225 0 1
85 225 0 1
87 225 0 1
88 225 0 1
96 225 0 1
140 225 0 1
141 225 0 1
62 226 0 1
63 226 0 1
64 226 0 1
65 226 0 1
66 226 0 1
67 226 0 1
72 226 0 1
77 226 0 1
81 226 0 1
89 226 0 1
90 226 0 1
91 226 0 1
92 226 0 1
93 226 0 1
95 226 0 1
97 226 0 1
98 226 0 1
99 226 0 1
104 226 0 1
129 226 0 1
130 226 0 1
132 226 0 1
133 226 0 1
136 226 0 1
137 226 0 1
139 226 0 1
143 226 0 1
59 227 0 1
61 227 0 1
62 227 0 1
63 227 0 1
64 227 0 1
65 227 0 1
66 227 0 1
71 227 0 1
77 227 0 1
81 227 0 1
90 227 0 1
92 227 0 1
95 227 0 1
98 227 0 1
99 227 0 1
106 227 0 1
128 227 0 1
130 227 0 1
132 227 0 1
135 227 0 1
136 227 0 1
139 227 0 1
57 228 0 1
58 228 0 1
59 228 0 1
83 228 0 1
84 228 0 1
94 228 0 1
100 228 0 1
103 228 0 1
105 228 0 1
107 228 0 1
109 228 0 1
110 228 0 1
125 228 0 1
127 228 0 1
128 228 0 1
135 228 0 1
59 229 0 1
61 229 0 1
62 229 0 1
63 229 0 1
64 229 0 1
65 229 0 1
71 229 0 1
77 229 0 1
81 229 0 1
84 229 0 1
90 229 0 1
92 229 0 1
95 229 0 1
98 229 0 1
99 229 0 1
106 229 0 1
107 229 0 1
122 229 0 1
128 229 0 1
130 229 0 1
132 229 0 1
135 229 0 1
139 229 0 1
57 230 0 1
83 230 0 1
84 230 0 1
94 230 0 1
99 230 0 1
100 230 0 1
101 230 0 1
102 230 0 1
103 230 0 1
105 230 0 1
106 230 0 1
107 230 0 1
109 230 0 1
110 230 0 1
111 230 0 1
117 230 0 1
118 230 0 1
120 230 0 1
122 230 0 1
125 230 0 1
127 230 0 1
128 230 0 1
135 230 0 1
59 231 0 1
61 231 0 1
77 231 0 1
83 231 0 1
84 231 0 1
90 231 0 1
92 231 0 1
94 231 0 1
99 231 0 1
101 231 0 1
102 231 0 1
103 231 0 1
105 231 0 1
106 231 0 1
107 231 0 1
110 231 0 1
111 231 0 1
117 231 0 1
121 231 0 1
122 231 0 1
125 231 0 1
127 231 0 1
128 231 0 1
135 231 0 1
139 231 0 1
67 232 0 1
78 232 0 1
80 232 0 1
82 232 0 1
85 232 0 1
86 232 0 1
87 232 0 1
89 232 0 1
91 232 0 1
93 232 0 1
95 232 0 1
96 232 0 1
97 232 0 1
98 232 0 1
108 232 0 1
126 232 0 1
129 232 0 1
130 232 0 1
131 232 0 1
132 232 0 1
133 232 0 1
134 232 0 1
136 232 0 1
137 232 0 1
138 232 0 1
140 232 0 1
142 232 0 1
143 232 0 1
60 233 0 1
76 233 0 1
78 233 0 1
79 233 0 1
80 233 0 1
82 233 0 1
85 233 0 1
86 233 0 1
87 233 0 1
88 233 0 1
96 233 0 1
126 233 0 1
131 233 0 1
140 233 0 1
141 233 0 1
142 233 0 1
57 234 0 1
58 234 0 1
59 234 0 1
61 234 0 1
64 234 0 1
77 234 0 1
83 234 0 1
84 234 0 1
90 234 0 1
92 234 0 1
94 234 0 1
99 234 0 1
101 234 0 1
102 234 0 1
103 234 0 1
105 234 0 1
106 234 0 1
107 234 0 1
110 234 0 1
111 234 0 1
117 234 0 1
122 234 0 1
125 234 0 1
127 234 0 1
128 234 0 1
135 234 0 1
139 234 0 1
59 235 0 1
61 235 0 1
62 235 0 1
64 235 0 1
65 235 0 1
77 235 0 1
81 235 0 1
84 235 0 1
90 235 0 1
92 235 0 1
94 235 0 1
95 235 0 1
99 235 0 1
101 235 0 1
102 235 0 1
105 235 0 1
106 235 0 1
107 235 0 1
110 235 0 1
111 235 0 1
117 235 0 1
119 235 0 1
121 235 0 1
122 235 0 1
125 235 0 1
127 235 0 1
128 235 0 1
135 235 0 1
139 235 0 1
60 236 0 1
76 236 0 1
78 236 0 1
79 236 0 1
80 236 0 1
82 236 0 1
85 236 0 1
87 236 0 1
88 236 0 1
96 236 0 1
131 236 0 1
140 236 0 1
141 236 0 1
83 237 0 1
84 237 0 1
94 237 0 1
100 237 0 1
101 237 0 1
103 237 0 1
105 237 0 1
107 237 0 1
109 237 0 1
110 237 0 1
117 237 0 1
118 237 0 1
120 237 0 1
125 237 0 1
127 237 0 1
128 237 0 1
135 237 0 1
57 238 0 1
83 238 0 1
84 238 0 1
94 238 0 1
99 238 0 1
100 238 0 1
101 238 0 1
102 238 0 1
103 238 0 1
105 238 0 1
106 238 0 1
107 238 0 1
109 238 0 1
110 238 0 1
111 238 0 1
117 238 0 1
118 238 0 1
120 238 0 1
122 238 0 1
125 238 0 1
127 238 0 1
128 238 0 1
135 238 0 1
60 239 0 1
76 239 0 1
78 239 0 1
79 239 0 1
80 239 0 1
82 239 0 1
85 239 0 1
86 239 0 1
87 239 0 1
88 239 0 1
96 239 0 1
126 239 0 1
131 239 0 1
140 239 0 1
141 239 0 1
142 239 0 1
78 240 0 1
80 240 0 1
82 240 0 1
85 240 0 1
86 240 0 1
87 240 0 1
88 240 0 1
89 240 0 1
91 240 0 1
93 240 0 1
96 240 0 1
97 240 0 1
108 240 0 1
112 240 0 1
115 240 0 1
126 240 0 1
129 240 0 1
131 240 0 1
133 240 0 1
134 240 0 1
137 240 0 1
76 241 0 1
78 241 0 1
79 241 0 1
80 241 0 1
82 241 0 1
85 241 0 1
86 241 0 1
87 241 0 1
88 241 0 1
96 241 0 1
112 241 0 1
115 241 0 1
126 241 0 1
131 241 0 1
134 241 0 1
77 242 0 1
81 242 0 1
90 242 0 1
92 242 0 1
93 242 0 1
95 242 0 1
97 242 0 1
98 242 0 1
99 242 0 1
102 242 0 1
104 242 0 1
106 242 0 1
108 242 0 1
111 242 0 1
113 242 0 1
116 242 0 1
117 242 0 1
119 242 0 1
121 242 0 1
122 242 0 1
123 242 0 1
128 242 0 1
130 242 0 1
132 242 0 1
133 242 0 1
135 242 0 1
136 242 0 1
137 242 0 1
89 243 0 1
91 243 0 1
92 243 0 1
93 243 0 1
95 243 0 1
96 243 0 1
97 243 0 1
98 243 0 1
104 243 0 1
108 243 0 1
119 243 0 1
123 243 0 1
126 243 0 1
129 243 0 1
130 243 0 1
131 243 0 1
132 243 0 1
133 243 0 1
134 243 0 1
136 243 0 1
137 243 0 1
86 244 0 1
87 244 0 1
89 244 0 1
91 244 0 1
93 244 0 1
95 244 0 1
96 244 0 1
97 244 0 1
98 244 0 1
104 244 0 1
108 244 0 1
112 244 0 1
115 244 0 1
123 244 0 1
126 244 0 1
129 244 0 1
130 244 0 1
131 244 0 1
132 244 0 1
133 244 0 1
134 244 0 1
136 244 0 1
137 244 0 1
86 245 0 1
87 245 0 1
89 245 0 1
91 245 0 1
93 245 0 1
95 245 0 1
96 245 0 1
97 245 0 1
98 245 0 1
104 245 0 1
108 245 0 1
115 245 0 1
123 245 0 1
126 245 0 1
129 245 0 1
130 245 0 1
131 245 0 1
132 245 0 1
133 245 0 1
134 245 0 1
136 245 0 1
137 245 0 1
77 246 0 1
81 246 0 1
90 246 0 1
92 246 0 1
95 246 0 1
98 246 0 1
99 246 0 1
102 246 0 1
104 246 0 1
106 246 0 1
107 246 0 1
111 246 0 1
113 246 0 1
116 246 0 1
117 246 0 1
119 246 0 1
121 246 0 1
122 246 0 1
123 246 0 1
128 246 0 1
130 246 0 1
132 246 0 1
133 246 0 1
135 246 0 1
136 246 0 1
137 246 0 1
85 247 0 1
96 247 0 1
112 247 0 1
115 247 0 1
82 248 0 1
85 248 0 1
87 248 0 1
88 248 0 1
96 248 0 1
108 248 0 1
112 248 0 1
115 248 0 1
126 248 0 1
129 248 0 1
131 248 0 1
134 248 0 1
90 249 0 1
92 249 0 1
95 249 0 1
98 249 0 1
99 249 0 1
102 249 0 1
104 249 0 1
106 249 0 1
107 249 0 1
108 249 0 1
111 249 0 1
113 249 0 1
116 249 0 1
117 249 0 1
119 249 0 1
121 249 0 1
122 249 0 1
123 249 0 1
128 249 0 1
130 249 0 1
132 249 0 1
133 249 0 1
135 249 0 1
136 249 0 1
137 249 0 1
92 250 0 1
93 250 0 1
95 250 0 1
97 250 0 1
98 250 0 1
99 250 0 1
104 250 0 1
108 250 0 1
113 250 0 1
119 250 0 1
121 250 0 1
122 250 0 1
123 250 0 1
129 250 0 1
130 250 0 1
132 250 0 1
133 250 0 1
134 250 0 1
136 250 0 1
137 250 0 1
89 251 0 1
91 251 0 1
93 251 0 1
95 251 0 1
96 251 0 1
97 251 0 1
98 251 0 1
104 251 0 1
108 251 0 1
112 251 0 1
115 251 0 1
123 251 0 1
126 251 0 1
129 251 0 1
130 251 0 1
131 251 0 1
132 251 0 1
133 251 0 1
134 251 0 1
136 251 0 1
137 251 0 1
92 252 0 1
95 252 0 1
97 252 0 1
98 252 0 1
99 252 0 1
102 252 0 1
104 252 0 1
108 252 0 1
113 252 0 1
116 252 0 1
119 252 0 1
121 252 0 1
122 252 0 1
123 252 0 1
129 252 0 1
130 252 0 1
132 252 0 1
133 252 0 1
134 252 0 1
136 252 0 1
137 252 0 1
92 253 0 1
95 253 0 1
98 253 0 1
99 253 0 1
102 253 0 1
104 253 0 1
106 253 0 1
108 253 0 1
111 253 0 1
113 253 0 1
116 253 0 1
117 253 0 1
119 253 0 1
121 253 0 1
122 253 0 1
123 253 0 1
130 253 0 1
132 253 0 1
133 253 0 1
136 253 0 1
137 253 0 1
99 254 0 1
102 254 0 1
104 254 0 1
108 254 0 1
113 254 0 1
116 254 0 1
117 254 0 1
119 254 0 1
121 254 0 1
122 254 0 1
123 254 0 1
132 254 0 1
136 254 0 1
137 254 0 1
93 255 0 1
97 255 0 1
98 255 0 1
104 255 0 1
108 255 0 1
112 255 0 1
115 255 0 1
119 255 0 1
123 255 0 1
126 255 0 1
129 255 0 1
130 255 0 1
131 255 0 1
132 255 0 1
133 255 0 1
134 255 0 1
136 255 0 1
137 255 0 1
92 256 0 1
95 256 0 1
97 256 0 1
98 256 0 1
104 256 0 1
108 256 0 1
113 256 0 1
116 256 0 1
119 256 0 1
121 256 0 1
122 256 0 1
123 256 0 1
129 256 0 1
130 256 0 1
132 256 0 1
133 256 0 1
134 256 0 1
136 256 0 1
137 256 0 1
96 257 0 1
97 257 0 1
104 257 0 1
108 257 0 1
112 257 0 1
115 257 0 1
123 257 0 1
126 257 0 1
129 257 0 1
130 257 0 1
131 257 0 1
133 257 0 1
134 257 0 1
136 257 0 1
137 257 0 1
93 258 0 1
95 258 0 1
97 258 0 1
98 258 0 1
104 258 0 1
108 258 0 1
113 258 0 1
119 258 0 1
122 258 0 1
123 258 0 1
126 258 0 1
129 258 0 1
130 258 0 1
132 258 0 1
133 258 0 1
134 258 0 1
136 258 0 1
137 258 0 1
92 259 0 1
93 259 0 1
95 259 0 1
97 259 0 1
98 259 0 1
104 259 0 1
108 259 0 1
113 259 0 1
119 259 0 1
122 259 0 1
123 259 0 1
129 259 0 1
130 259 0 1
132 259 0 1
133 259 0 1
134 259 0 1
136 259 0 1
137 259 0 1
96 260 0 1
112 260 0 1
115 260 0 1
131 260 0 1
96 261 0 1
112 261 0 1
115 261 0 1
131 261 0 1
96 262 0 1
112 262 0 1
115 262 0 1
131 262 0 1
97 263 0 1
104 263 0 1
108 263 0 1
113 263 0 1
115 263 0 1
119 263 0 1
123 263 0 1
129 263 0 1
130 263 0 1
132 263 0 1
133 263 0 1
134 263 0 1
136 263 0 1
137 263 0 1
104 264 0 1
108 264 0 1
112 264 0 1
113 264 0 1
119 264 0 1
122 264 0 1
123 264 0 1
129 264 0 1
130 264 0 1
132 264 0 1
133 264 0 1
134 264 0 1
136 264 0 1
137 264 0 1
64 265 0 1
65 265 0 1
66 265 0 1
77 265 0 1
81 265 0 1
89 265 0 1
90 265 0 1
91 265 0 1
92 265 0 1
93 265 0 1
95 265 0 1
97 265 0 1
98 265 0 1
99 265 0 1
102 265 0 1
104 265 0 1
106 265 0 1
108 265 0 1
119 265 0 1
122 265 0 1
123 265 0 1
128 265 0 1
129 265 0 1
130 265 0 1
132 265 0 1
133 265 0 1
136 265 0 1
137 265 0 1
139 265 0 1
62 266 0 1
64 266 0 1
65 266 0 1
77 266 0 1
81 266 0 1
90 266 0 1
92 266 0 1
95 266 0 1
98 266 0 1
99 266 0 1
102 266 0 1
104 266 0 1
106 266 0 1
107 266 0 1
111 266 0 1
116 266 0 1
117 266 0 1
119 266 0 1
121 266 0 1
122 266 0 1
123 266 0 1
125 266 0 1
128 266 0 1
130 266 0 1
132 266 0 1
133 266 0 1
135 266 0 1
136 266 0 1
137 266 0 1
139 266 0 1
76 267 0 1
78 267 0 1
79 267 0 1
80 267 0 1
82 267 0 1
85 267 0 1
86 267 0 1
87 267 0 1
88 267 0 1
96 267 0 1
115 267 0 1
126 267 0 1
131 267 0 1
140 267 0 1
141 267 0 1
142 267 0 1
76 268 0 1
78 268 0 1
79 268 0 1
80 268 0 1
82 268 0 1
85 268 0 1
86 268 0 1
87 268 0 1
88 268 0 1
96 268 0 1
115 268 0 1
126 268 0 1
131 268 0 1
134 268 0 1
140 268 0 1
141 268 0 1
142 268 0 1
76 269 0 1
78 269 0 1
79 269 0 1
80 269 0 1
82 269 0 1
85 269 0 1
86 269 0 1
87 269 0 1
88 269 0 1
96 269 0 1
115 269 0 1
126 269 0 1
131 269 0 1
141 269 0 1
80 270 0 1
86 270 0 1
87 270 0 1
89 270 0 1
91 270 0 1
93 270 0 1
95 270 0 1
96 270 0 1
97 270 0 1
98 270 0 1
104 270 0 1
108 270 0 1
115 270 0 1
123 270 0 1
126 270 0 1
129 270 0 1
130 270 0 1
131 270 0 1
132 270 0 1
133 270 0 1
134 270 0 1
136 270 0 1
137 270 0 1
142 270 0 1
143 270 0 1
60 271 0 1
70 271 0 1
75 271 0 1
76 271 0 1
78 271 0 1
79 271 0 1
80 271 0 1
82 271 0 1
85 271 0 1
86 271 0 1
87 271 0 1
88 271 0 1
96 271 0 1
138 271 0 1
140 271 0 1
141 271 0 1
142 271 0 1
60 272 0 1
70 272 0 1
75 272 0 1
76 272 0 1
78 272 0 1
79 272 0 1
80 272 0 1
82 272 0 1
85 272 0 1
86 272 0 1
87 272 0 1
88 272 0 1
89 272 0 1
91 272 0 1
96 272 0 1
126 272 0 1
138 272 0 1
140 272 0 1
141 272 0 1
142 272 0 1
143 272 0 1
44 273 0 1
57 273 0 1
58 273 0 1
59 273 0 1
61 273 0 1
71 273 0 1
73 273 0 1
83 273 0 1
84 273 0 1
94 273 0 1
105 273 0 1
106 273 0 1
107 273 0 1
125 273 0 1
127 273 0 1
128 273 0 1
135 273 0 1
139 273 0 1
34 274 0 1
57 274 0 1
58 274 0 1
59 274 0 1
61 274 0 1
62 274 0 1
63 274 0 1
64 274 0 1
65 274 0 1
66 274 0 1
68 274 0 1
71 274 0 1
72 274 0 1
73 274 0 1
77 274 0 1
81 274 0 1
83 274 0 1
84 274 0 1
90 274 0 1
92 274 0 1
94 274 0 1
95 274 0 1
98 274 0 1
99 274 0 1
102 274 0 1
105 274 0 1
106 274 0 1
107 274 0 1
111 274 0 1
117 274 0 1
122 274 0 1
125 274 0 1
127 274 0 1
128 274 0 1
130 274 0 1
132 274 0 1
135 274 0 1
139 274 0 1
57 275 0 1
58 275 0 1
59 275 0 1
61 275 0 1
62 275 0 1
63 275 0 1
64 275 0 1
65 275 0 1
71 275 0 1
72 275 0 1
77 275 0 1
81 275 0 1
84 275 0 1
90 275 0 1
92 275 0 1
128 275 0 1
139 275 0 1
34 276 0 1
44 276 0 1
46 276 0 1
47 276 0 1
57 276 0 1
58 276 0 1
59 276 0 1
61 276 0 1
64 276 0 1
71 276 0 1
73 276 0 1
83 276 0 1
84 276 0 1
94 276 0 1
125 276 0 1
127 276 0 1
128 276 0 1
135 276 0 1
139 276 0 1
36 277 0 1
37 277 0 1
39 277 0 1
61 277 0 1
62 277 0 1
63 277 0 1
64 277 0 1
65 277 0 1
66 277 0 1
67 277 0 1
68 277 0 1
69 277 0 1
71 277 0 1
72 277 0 1
74 277 0 1
77 277 0 1
81 277 0 1
86 277 0 1
89 277 0 1
90 277 0 1
91 277 0 1
92 277 0 1
93 277 0 1
95 277 0 1
97 277 0 1
98 277 0 1
130 277 0 1
132 277 0 1
138 277 0 1
139 277 0 1
143 277 0 1
45 278 0 1
60 278 0 1
66 278 0 1
67 278 0 1
70 278 0 1
78 278 0 1
79 278 0 1
80 278 0 1
82 278 0 1
85 278 0 1
86 278 0 1
87 278 0 1
88 278 0 1
89 278 0 1
91 278 0 1
93 278 0 1
96 278 0 1
97 278 0 1
126 278 0 1
131 278 0 1
138 278 0 1
140 278 0 1
141 278 0 1
142 278 0 1
143 278 0 1
44 279 0 1
57 279 0 1
58 279 0 1
59 279 0 1
61 279 0 1
73 279 0 1
83 279 0 1
84 279 0 1
94 279 0 1
125 279 0 1
127 279 0 1
57 280 0 1
58 280 0 1
59 280 0 1
61 280 0 1
62 280 0 1
63 280 0 1
64 280 0 1
65 280 0 1
71 280 0 1
72 280 0 1
77 280 0 1
81 280 0 1
84 280 0 1
90 280 0 1
92 280 0 1
128 280 0 1
139 280 0 1
60 281 0 1
75 281 0 1
76 281 0 1
78 281 0 1
79 281 0 1
80 281 0 1
82 281 0 1
85 281 0 1
87 281 0 1
88 281 0 1
96 281 0 1
140 281 0 1
141 281 0 1
59 282 0 1
61 282 0 1
62 282 0 1
63 282 0 1
64 282 0 1
65 282 0 1
66 282 0 1
68 282 0 1
71 282 0 1
72 282 0 1
74 282 0 1
77 282 0 1
81 282 0 1
90 282 0 1
92 282 0 1
95 282 0 1
98 282 0 1
130 282 0 1
139 282 0 1
63 283 0 1
65 283 0 1
66 283 0 1
67 283 0 1
68 283 0 1
72 283 0 1
74 283 0 1
77 283 0 1
80 283 0 1
81 283 0 1
86 283 0 1
87 283 0 1
89 283 0 1
90 283 0 1
91 283 0 1
92 283 0 1
93 283 0 1
95 283 0 1
96 283 0 1
97 283 0 1
98 283 0 1
126 283 0 1
129 283 0 1
130 283 0 1
132 283 0 1
133 283 0 1
134 283 0 1
136 283 0 1
137 283 0 1
138 283 0 1
140 283 0 1
142 283 0 1
143 283 0 1
57 284 0 1
58 284 0 1
59 284 0 1
61 284 0 1
62 284 0 1
64 284 0 1
65 284 0 1
71 284 0 1
73 284 0 1
77 284 0 1
83 284 0 1
84 284 0 1
90 284 0 1
94 284 0 1
99 284 0 1
105 284 0 1
106 284 0 1
107 284 0 1
111 284 0 1
125 284 0 1
127 284 0 1
128 284 0 1
135 284 0 1
139 284 0 1
