2 3 0 0
2 5 0 0
3 5 0 0
2 6 0 0
3 6 0 0
4 6 0 0
5 6 0 0
3 7 0 0
4 7 0 0
6 7 0 0
4 8 0 0
6 8 0 0
7 8 0 0
2 9 0 0
3 9 0 0
5 9 0 0
6 9 0 0
4 10 0 0
6 10 0 0
7 10 0 0
8 10 0 0
2 12 0 0
6 12 0 0
2 13 0 0
4 13 0 0
6 13 0 0
12 13 0 0
2 14 0 0
5 14 0 0
6 14 0 0
9 14 0 0
12 14 0 0
13 14 0 0
2 15 0 0
6 15 0 0
12 15 0 0
13 15 0 0
14 15 0 0
11 16 0 0
2 17 0 0
4 17 0 0
6 17 0 0
7 17 0 0
8 17 0 0
10 17 0 0
12 17 0 0
13 17 0 0
14 17 0 0
15 17 0 0
2 18 0 0
3 18 0 0
5 18 0 0
6 18 0 0
9 18 0 0
12 18 0 0
14 18 0 0
15 18 0 0
17 18 0 0
2 19 0 0
3 19 0 0
5 19 0 0
6 19 0 0
9 19 0 0
12 19 0 0
14 19 0 0
15 19 0 0
17 19 0 0
18 19 0 0
4 21 0 0
6 21 0 0
7 21 0 0
8 21 0 0
10 21 0 0
12 21 0 0
13 21 0 0
14 21 0 0
15 21 0 0
17 21 0 0
20 21 0 0
2 22 0 0
5 22 0 0
6 22 0 0
7 22 0 0
12 22 0 0
13 22 0 0
14 22 0 0
15 22 0 0
17 22 0 0
18 22 0 0
19 22 0 0
21 22 0 0
2 23 0 0
12 23 0 0
13 23 0 0
14 23 0 0
15 23 0 0
20 24 0 0
23 24 0 0
11 25 0 0
16 25 0 0
11 26 0 0
24 26 0 0
25 26 0 0
2 27 0 0
12 27 0 0
13 27 0 0
14 27 0 0
15 27 0 0
17 27 0 0
21 27 0 0
22 27 0 0
23 27 0 0
20 28 0 0
23 28 0 0
24 28 0 0
26 28 0 0
27 28 0 0
11 29 0 0
16 29 0 0
25 29 0 0
26 29 0 0
2 30 0 0
6 30 0 0
12 30 0 0
13 30 0 0
14 30 0 0
15 30 0 0
17 30 0 0
18 30 0 0
19 30 0 0
22 30 0 0
23 30 0 0
27 30 0 0
2 31 0 0
5 31 0 0
9 31 0 0
12 31 0 0
14 31 0 0
15 31 0 0
17 31 0 0
18 31 0 0
19 31 0 0
22 31 0 0
30 31 0 0
11 32 0 0
16 32 0 0
25 32 0 0
26 32 0 0
29 32 0 0
11 33 0 0
16 33 0 0
25 33 0 0
26 33 0 0
29 33 0 0
32 33 0 0
20 34 0 0
24 34 0 0
25 34 0 0
26 34 0 0
28 34 0 0
29 34 0 0
32 34 0 0
33 34 0 0
1 35 0 0
11 35 0 0
25 35 0 0
26 35 0 0
29 35 0 0
32 35 0 0
33 35 0 0
34 35 0 0
23 36 0 0
24 36 0 0
27 36 0 0
28 36 0 0
23 37 0 0
24 37 0 0
27 37 0 0
28 37 0 0
36 37 0 0
23 38 0 0
24 38 0 0
27 38 0 0
28 38 0 0
36 38 0 0
37 38 0 0
1 39 0 0
25 39 0 0
33 39 0 0
35 39 0 0
1 40 0 0
11 40 0 0
25 40 0 0
26 40 0 0
29 40 0 0
32 40 0 0
33 40 0 0
34 40 0 0
35 40 0 0
39 40 0 0
2 41 0 0
12 41 0 0
14 41 0 0
15 41 0 0
23 41 0 0
27 41 0 0
30 41 0 0
36 41 0 0
37 41 0 0
38 41 0 0
2 42 0 0
23 43 0 0
24 43 0 0
28 43 0 0
36 43 0 0
37 43 0 0
38 43 0 0
41 43 0 0
1 44 0 0
35 44 0 0
39 44 0 0
40 44 0 0
1 46 0 0
1 47 0 0
44 47 0 0
46 47 0 0
1 48 0 0
40 48 0 0
44 48 0 0
46 48 0 0
47 48 0 0
1 49 0 0
24 49 0 0
36 49 0 0
37 49 0 0
38 49 0 0
43 49 0 0
47 49 0 0
1 50 0 0
35 50 0 0
39 50 0 0
40 50 0 0
44 50 0 0
47 50 0 0
48 50 0 0
49 50 0 0
1 51 0 0
35 51 0 0
39 51 0 0
40 51 0 0
44 51 0 0
48 51 0 0
50 51 0 0
1 52 0 0
35 52 0 0
39 52 0 0
40 52 0 0
44 52 0 0
47 52 0 0
48 52 0 0
49 52 0 0
50 52 0 0
51 52 0 0
1 53 0 0
11 53 0 0
25 53 0 0
26 53 0 0
29 53 0 0
32 53 0 0
33 53 0 0
34 53 0 0
35 53 0 0
39 53 0 0
40 53 0 0
50 53 0 0
51 53 0 0
52 53 0 0
1 54 0 0
11 54 0 0
25 54 0 0
26 54 0 0
29 54 0 0
32 54 0 0
33 54 0 0
34 54 0 0
35 54 0 0
39 54 0 0
40 54 0 0
44 54 0 0
50 54 0 0
51 54 0 0
52 54 0 0
53 54 0 0
2 55 0 0
12 55 0 0
13 55 0 0
14 55 0 0
15 55 0 0
23 55 0 0
24 55 0 0
27 55 0 0
28 55 0 0
30 55 0 0
36 55 0 0
37 55 0 0
38 55 0 0
41 55 0 0
43 55 0 0
2 56 0 0
12 56 0 0
13 56 0 0
14 56 0 0
15 56 0 0
23 56 0 0
27 56 0 0
28 56 0 0
30 56 0 0
36 56 0 0
37 56 0 0
38 56 0 0
41 56 0 0
43 56 0 0
55 56 0 0
4 57 0 1
6 57 0 1
7 57 0 1
8 57 0 1
10 57 0 1
11 57 0 1
13 57 0 1
16 57 0 1
17 57 0 1
20 57 0 1
21 57 0 1
25 57 0 1
26 57 0 1
29 57 0 1
32 57 0 1
33 57 0 1
34 57 0 1
2 58 0 1
42 58 0 1
45 58 0 1
2 59 0 1
41 59 0 1
42 59 0 1
45 59 0 1
55 59 0 1
56 59 0 1
3 60 0 1
4 60 0 1
6 60 0 1
7 60 0 1
8 60 0 1
9 60 0 1
10 60 0 1
16 61 0 1
16 62 0 1
2 63 0 1
3 63 0 1
4 63 0 1
5 63 0 1
6 63 0 1
7 63 0 1
8 63 0 1
9 63 0 1
10 63 0 1
14 63 0 1
17 63 0 1
18 63 0 1
19 63 0 1
22 63 0 1
16 64 0 1
4 65 0 1
6 65 0 1
7 65 0 1
8 65 0 1
10 65 0 1
21 65 0 1
16 66 0 1
4 67 0 1
7 67 0 1
8 67 0 1
10 67 0 1
13 67 0 1
20 67 0 1
21 67 0 1
20 68 0 1
21 68 0 1
24 68 0 1
26 68 0 1
28 68 0 1
34 68 0 1
11 69 0 1
16 69 0 1
25 69 0 1
26 69 0 1
29 69 0 1
32 69 0 1
33 69 0 1
34 69 0 1
53 69 0 1
54 69 0 1
16 70 0 1
20 70 0 1
24 70 0 1
25 70 0 1
26 70 0 1
28 70 0 1
29 70 0 1
32 70 0 1
33 70 0 1
34 70 0 1
20 71 0 1
24 71 0 1
26 71 0 1
28 71 0 1
32 71 0 1
34 71 0 1
11 72 0 1
16 72 0 1
25 72 0 1
26 72 0 1
29 72 0 1
32 72 0 1
33 72 0 1
34 72 0 1
35 72 0 1
53 72 0 1
54 72 0 1
24 73 0 1
26 73 0 1
28 73 0 1
34 73 0 1
36 73 0 1
37 73 0 1
38 73 0 1
40 73 0 1
43 73 0 1
49 73 0 1
50 73 0 1
52 73 0 1
54 73 0 1
24 74 0 1
25 74 0 1
26 74 0 1
28 74 0 1
29 74 0 1
32 74 0 1
33 74 0 1
34 74 0 1
35 74 0 1
39 74 0 1
40 74 0 1
49 74 0 1
50 74 0 1
52 74 0 1
53 74 0 1
54 74 0 1
20 75 0 1
24 75 0 1
26 75 0 1
28 75 0 1
34 75 0 1
37 75 0 1
40 75 0 1
43 75 0 1
49 75 0 1
54 75 0 1
20 76 0 1
21 76 0 1
24 76 0 1
26 76 0 1
28 76 0 1
34 76 0 1
4 77 0 1
7 77 0 1
8 77 0 1
10 77 0 1
13 77 0 1
17 77 0 1
20 77 0 1
21 77 0 1
2 78 0 1
3 78 0 1
5 78 0 1
6 78 0 1
7 78 0 1
9 78 0 1
12 78 0 1
13 78 0 1
14 78 0 1
15 78 0 1
17 78 0 1
18 78 0 1
19 78 0 1
22 78 0 1
2 79 0 1
3 79 0 1
5 79 0 1
6 79 0 1
7 79 0 1
9 79 0 1
14 79 0 1
17 79 0 1
18 79 0 1
19 79 0 1
22 79 0 1
2 80 0 1
27 80 0 1
41 80 0 1
42 80 0 1
55 80 0 1
56 80 0 1
1 81 0 1
24 81 0 1
26 81 0 1
28 81 0 1
35 81 0 1
39 81 0 1
40 81 0 1
43 81 0 1
44 81 0 1
47 81 0 1
49 81 0 1
50 81 0 1
51 81 0 1
52 81 0 1
53 81 0 1
54 81 0 1
1 82 0 1
40 82 0 1
43 82 0 1
44 82 0 1
47 82 0 1
48 82 0 1
49 82 0 1
50 82 0 1
52 82 0 1
1 83 0 1
40 83 0 1
43 83 0 1
44 83 0 1
46 83 0 1
47 83 0 1
48 83 0 1
49 83 0 1
50 83 0 1
52 83 0 1
1 84 0 1
38 84 0 1
43 84 0 1
47 84 0 1
49 84 0 1
52 84 0 1
43 85 0 1
45 85 0 1
1 86 0 1
44 86 0 1
46 86 0 1
47 86 0 1
48 86 0 1
52 86 0 1
1 87 0 1
46 87 0 1
47 87 0 1
48 87 0 1
45 89 0 1
1 90 0 1
46 90 0 1
47 90 0 1
48 90 0 1
46 91 0 1
47 91 0 1
45 92 0 1
47 92 0 1
45 93 0 1
45 94 0 1
45 95 0 1
1 96 0 1
46 96 0 1
47 96 0 1
1 97 0 1
37 97 0 1
38 97 0 1
43 97 0 1
45 97 0 1
46 97 0 1
47 97 0 1
49 97 0 1
52 97 0 1
1 98 0 1
43 98 0 1
44 98 0 1
46 98 0 1
47 98 0 1
48 98 0 1
49 98 0 1
52 98 0 1
1 99 0 1
24 99 0 1
26 99 0 1
28 99 0 1
34 99 0 1
36 99 0 1
37 99 0 1
38 99 0 1
40 99 0 1
43 99 0 1
44 99 0 1
49 99 0 1
50 99 0 1
52 99 0 1
54 99 0 1
