1 3 0 0
1 4 0 0
1 5 0 0
4 5 0 0
4 6 0 0
1 7 0 0
4 7 0 0
5 7 0 0
6 8 0 0
1 9 0 0
4 9 0 0
5 9 0 0
6 9 0 0
7 9 0 0
1 10 0 0
4 10 0 0
5 10 0 0
7 10 0 0
9 10 0 0
6 11 0 0
8 11 0 0
4 12 0 0
5 12 0 0
6 12 0 0
9 12 0 0
10 12 0 0
1 13 0 0
4 13 0 0
5 13 0 0
7 13 0 0
9 13 0 0
10 13 0 0
12 13 0 0
4 14 0 0
5 14 0 0
6 14 0 0
9 14 0 0
12 14 0 0
13 14 0 0
8 15 0 0
11 15 0 0
1 16 0 0
3 16 0 0
4 16 0 0
7 16 0 0
10 16 0 0
8 17 0 0
11 17 0 0
15 17 0 0
4 18 0 0
9 18 0 0
12 18 0 0
13 18 0 0
14 18 0 0
1 19 0 0
3 19 0 0
4 19 0 0
5 19 0 0
7 19 0 0
10 19 0 0
16 19 0 0
4 20 0 0
6 20 0 0
8 20 0 0
12 20 0 0
14 20 0 0
17 20 0 0
18 20 0 0
1 21 0 0
3 21 0 0
7 21 0 0
10 21 0 0
16 21 0 0
19 21 0 0
6 22 0 0
8 22 0 0
11 22 0 0
15 22 0 0
17 22 0 0
18 22 0 0
20 22 0 0
4 23 0 0
6 23 0 0
8 23 0 0
11 23 0 0
14 23 0 0
15 23 0 0
17 23 0 0
18 23 0 0
20 23 0 0
22 23 0 0
4 24 0 0
6 24 0 0
8 24 0 0
11 24 0 0
12 24 0 0
14 24 0 0
17 24 0 0
18 24 0 0
20 24 0 0
22 24 0 0
23 24 0 0
6 25 0 0
8 25 0 0
11 25 0 0
15 25 0 0
17 25 0 0
20 25 0 0
22 25 0 0
23 25 0 0
24 25 0 0
4 26 0 0
6 26 0 0
8 26 0 0
11 26 0 0
12 26 0 0
14 26 0 0
15 26 0 0
17 26 0 0
18 26 0 0
20 26 0 0
22 26 0 0
23 26 0 0
24 26 0 0
25 26 0 0
6 27 0 0
8 27 0 0
11 27 0 0
15 27 0 0
17 27 0 0
20 27 0 0
22 27 0 0
23 27 0 0
24 27 0 0
25 27 0 0
26 27 0 0
4 28 0 0
6 28 0 0
8 28 0 0
11 28 0 0
14 28 0 0
15 28 0 0
17 28 0 0
18 28 0 0
20 28 0 0
22 28 0 0
23 28 0 0
24 28 0 0
25 28 0 0
26 28 0 0
27 28 0 0
6 29 0 0
8 29 0 0
11 29 0 0
15 29 0 0
17 29 0 0
20 29 0 0
22 29 0 0
23 29 0 0
24 29 0 0
25 29 0 0
26 29 0 0
27 29 0 0
28 29 0 0
15 30 0 0
17 30 0 0
25 30 0 0
29 30 0 0
15 31 0 0
17 31 0 0
20 31 0 0
22 31 0 0
23 31 0 0
24 31 0 0
25 31 0 0
26 31 0 0
27 31 0 0
28 31 0 0
29 31 0 0
30 31 0 0
15 32 0 0
17 32 0 0
30 32 0 0
31 32 0 0
31 33 0 0
32 33 0 0
3 34 0 0
3 35 0 0
34 35 0 0
15 36 0 0
17 36 0 0
22 36 0 0
23 36 0 0
29 36 0 0
30 36 0 0
31 36 0 0
32 36 0 0
33 36 0 0
3 37 0 0
16 37 0 0
19 37 0 0
21 37 0 0
34 37 0 0
35 37 0 0
4 38 0 0
37 38 0 0
15 39 0 0
17 39 0 0
22 39 0 0
23 39 0 0
29 39 0 0
30 39 0 0
31 39 0 0
32 39 0 0
33 39 0 0
36 39 0 0
15 40 0 0
17 40 0 0
29 40 0 0
30 40 0 0
31 40 0 0
32 40 0 0
33 40 0 0
36 40 0 0
39 40 0 0
1 41 0 0
3 41 0 0
16 41 0 0
19 41 0 0
21 41 0 0
34 41 0 0
35 41 0 0
37 41 0 0
38 41 0 0
1 42 0 0
3 42 0 0
4 42 0 0
16 42 0 0
19 42 0 0
21 42 0 0
34 42 0 0
35 42 0 0
37 42 0 0
38 42 0 0
41 42 0 0
15 43 0 0
17 43 0 0
18 43 0 0
20 43 0 0
22 43 0 0
23 43 0 0
24 43 0 0
25 43 0 0
26 43 0 0
27 43 0 0
28 43 0 0
29 43 0 0
31 43 0 0
32 43 0 0
33 43 0 0
36 43 0 0
39 43 0 0
17 44 0 0
18 44 0 0
20 44 0 0
22 44 0 0
23 44 0 0
24 44 0 0
26 44 0 0
27 44 0 0
28 44 0 0
29 44 0 0
31 44 0 0
33 44 0 0
36 44 0 0
39 44 0 0
43 44 0 0
15 45 0 0
17 45 0 0
20 45 0 0
22 45 0 0
23 45 0 0
28 45 0 0
29 45 0 0
31 45 0 0
32 45 0 0
33 45 0 0
36 45 0 0
39 45 0 0
40 45 0 0
43 45 0 0
44 45 0 0
4 46 0 0
18 46 0 0
37 46 0 0
38 46 0 0
41 46 0 0
42 46 0 0
1 47 0 0
3 47 0 0
4 47 0 0
16 47 0 0
19 47 0 0
34 47 0 0
35 47 0 0
37 47 0 0
38 47 0 0
41 47 0 0
42 47 0 0
46 47 0 0
33 48 0 0
32 49 0 0
33 49 0 0
48 49 0 0
3 50 0 0
34 50 0 0
35 50 0 0
37 50 0 0
34 51 0 0
37 51 0 0
38 51 0 0
46 51 0 0
47 51 0 0
50 51 0 0
32 52 0 0
33 52 0 0
36 52 0 0
39 52 0 0
45 52 0 0
49 52 0 0
32 53 0 0
33 53 0 0
39 53 0 0
48 53 0 0
49 53 0 0
52 53 0 0
37 54 0 0
38 54 0 0
47 54 0 0
51 54 0 0
33 55 0 0
36 55 0 0
39 55 0 0
45 55 0 0
52 55 0 0
53 55 0 0
33 56 0 0
48 56 0 0
49 56 0 0
52 56 0 0
53 56 0 0
33 57 0 0
48 57 0 0
49 57 0 0
52 57 0 0
53 57 0 0
55 57 0 0
56 57 0 0
33 58 0 0
48 58 0 0
49 58 0 0
52 58 0 0
53 58 0 0
55 58 0 0
56 58 0 0
57 58 0 0
33 59 0 0
48 59 0 0
52 59 0 0
53 59 0 0
55 59 0 0
56 59 0 0
57 59 0 0
58 59 0 0
33 60 0 0
48 60 0 0
49 60 0 0
52 60 0 0
53 60 0 0
55 60 0 0
56 60 0 0
57 60 0 0
58 60 0 0
59 60 0 0
2 61 0 0
50 61 0 0
51 61 0 0
54 61 0 0
2 62 0 0
2 63 0 0
51 63 0 0
54 63 0 0
61 63 0 0
62 63 0 0
2 64 0 0
50 64 0 0
61 64 0 0
63 64 0 0
2 65 0 0
50 65 0 0
61 65 0 0
63 65 0 0
64 65 0 0
2 66 0 0
54 66 0 0
61 66 0 0
62 66 0 0
63 66 0 0
64 66 0 0
65 66 0 0
2 67 0 0
62 67 0 0
2 68 0 0
62 68 0 0
66 68 0 0
67 68 0 0
2 69 0 0
61 69 0 0
62 69 0 0
63 69 0 0
65 69 0 0
66 69 0 0
67 69 0 0
68 69 0 0
2 70 0 0
64 70 0 0
65 70 0 0
2 71 0 0
64 71 0 0
65 71 0 0
66 71 0 0
70 71 0 0
2 72 0 0
62 72 0 0
67 72 0 0
68 72 0 0
69 72 0 0
2 73 0 0
62 73 0 0
66 73 0 0
67 73 0 0
68 73 0 0
69 73 0 0
72 73 0 0
2 74 0 0
61 74 0 0
63 74 0 0
64 74 0 0
65 74 0 0
66 74 0 0
70 74 0 0
71 74 0 0
2 75 0 0
61 75 0 0
63 75 0 0
64 75 0 0
65 75 0 0
66 75 0 0
70 75 0 0
71 75 0 0
74 75 0 0
2 76 0 0
62 76 0 0
63 76 0 0
66 76 0 0
67 76 0 0
68 76 0 0
69 76 0 0
72 76 0 0
73 76 0 0
2 77 0 0
62 77 0 0
63 77 0 0
65 77 0 0
66 77 0 0
67 77 0 0
68 77 0 0
69 77 0 0
72 77 0 0
73 77 0 0
76 77 0 0
2 78 0 0
62 78 0 0
63 78 0 0
65 78 0 0
66 78 0 0
67 78 0 0
68 78 0 0
69 78 0 0
72 78 0 0
73 78 0 0
74 78 0 0
76 78 0 0
77 78 0 0
2 79 0 0
62 79 0 0
66 79 0 0
67 79 0 0
68 79 0 0
69 79 0 0
72 79 0 0
73 79 0 0
76 79 0 0
77 79 0 0
78 79 0 0
2 80 0 0
62 80 0 0
63 80 0 0
66 80 0 0
67 80 0 0
68 80 0 0
69 80 0 0
72 80 0 0
73 80 0 0
76 80 0 0
77 80 0 0
78 80 0 0
79 80 0 0
55 81 0 0
62 81 0 0
68 81 0 0
3 82 0 0
34 82 0 0
35 82 0 0
50 82 0 0
51 82 0 0
54 82 0 0
61 82 0 0
63 82 0 0
64 82 0 0
65 82 0 0
32 83 0 0
33 83 0 0
48 83 0 0
49 83 0 0
52 83 0 0
53 83 0 0
56 83 0 0
57 83 0 0
58 83 0 0
59 83 0 0
60 83 0 0
32 84 0 0
33 84 0 0
39 84 0 0
48 84 0 0
49 84 0 0
52 84 0 0
53 84 0 0
55 84 0 0
56 84 0 0
57 84 0 0
58 84 0 0
59 84 0 0
60 84 0 0
83 84 0 0
33 85 0 0
36 85 0 0
39 85 0 0
52 85 0 0
53 85 0 0
55 85 0 0
56 85 0 0
57 85 0 0
58 85 0 0
59 85 0 0
60 85 0 0
81 85 0 0
83 85 0 0
84 85 0 0
51 86 0 0
54 86 0 0
61 86 0 0
62 86 0 0
63 86 0 0
65 86 0 0
66 86 0 0
69 86 0 0
81 86 0 0
33 87 0 0
48 87 0 0
49 87 0 0
52 87 0 0
53 87 0 0
56 87 0 0
57 87 0 0
58 87 0 0
59 87 0 0
60 87 0 0
83 87 0 0
84 87 0 0
85 87 0 0
55 88 0 0
62 88 0 0
68 88 0 0
81 88 0 0
85 88 0 0
6 89 0 0
8 89 0 0
11 89 0 0
15 89 0 0
17 89 0 0
18 89 0 0
20 89 0 0
22 89 0 0
23 89 0 0
24 89 0 0
25 89 0 0
26 89 0 0
27 89 0 0
28 89 0 0
29 89 0 0
31 89 0 0
36 89 0 0
39 89 0 0
43 89 0 0
44 89 0 0
45 89 0 0
1 90 0 0
4 90 0 0
9 90 0 0
12 90 0 0
13 90 0 0
14 90 0 0
16 90 0 0
18 90 0 0
37 90 0 0
38 90 0 0
42 90 0 0
46 90 0 0
47 90 0 0
4 91 0 0
9 91 0 0
12 91 0 0
13 91 0 0
14 91 0 0
18 91 0 0
20 91 0 0
23 91 0 0
24 91 0 0
38 91 0 0
44 91 0 0
46 91 0 0
90 91 0 0
4 92 0 0
12 92 0 0
14 92 0 0
18 92 0 0
20 92 0 0
23 92 0 0
24 92 0 0
38 92 0 0
44 92 0 0
46 92 0 0
89 92 0 0
90 92 0 0
91 92 0 0
11 93 0 0
15 93 0 0
17 93 0 0
20 93 0 0
22 93 0 0
23 93 0 0
24 93 0 0
25 93 0 0
26 93 0 0
27 93 0 0
28 93 0 0
29 93 0 0
30 93 0 0
31 93 0 0
32 93 0 0
36 93 0 0
39 93 0 0
40 93 0 0
43 93 0 0
44 93 0 0
45 93 0 0
89 93 0 0
1 94 0 0
3 94 0 0
16 94 0 0
19 94 0 0
21 94 0 0
34 94 0 0
35 94 0 0
37 94 0 0
41 94 0 0
42 94 0 0
47 94 0 0
15 95 0 0
17 95 0 0
20 95 0 0
22 95 0 0
23 95 0 0
24 95 0 0
25 95 0 0
26 95 0 0
27 95 0 0
28 95 0 0
29 95 0 0
30 95 0 0
31 95 0 0
32 95 0 0
33 95 0 0
36 95 0 0
39 95 0 0
40 95 0 0
43 95 0 0
44 95 0 0
45 95 0 0
89 95 0 0
93 95 0 0
4 96 0 0
13 96 0 0
18 96 0 0
37 96 0 0
38 96 0 0
42 96 0 0
46 96 0 0
47 96 0 0
90 96 0 0
91 96 0 0
92 96 0 0
4 97 0 0
12 97 0 0
14 97 0 0
18 97 0 0
20 97 0 0
38 97 0 0
46 97 0 0
90 97 0 0
91 97 0 0
92 97 0 0
96 97 0 0
17 98 0 0
18 98 0 0
20 98 0 0
22 98 0 0
23 98 0 0
24 98 0 0
25 98 0 0
26 98 0 0
27 98 0 0
28 98 0 0
29 98 0 0
31 98 0 0
36 98 0 0
39 98 0 0
43 98 0 0
44 98 0 0
45 98 0 0
89 98 0 0
91 98 0 0
92 98 0 0
93 98 0 0
95 98 0 0
97 98 0 0
15 99 0 0
17 99 0 0
20 99 0 0
22 99 0 0
23 99 0 0
24 99 0 0
25 99 0 0
26 99 0 0
27 99 0 0
28 99 0 0
29 99 0 0
30 99 0 0
31 99 0 0
32 99 0 0
36 99 0 0
39 99 0 0
43 99 0 0
44 99 0 0
45 99 0 0
89 99 0 0
93 99 0 0
95 99 0 0
98 99 0 0
18 100 0 1
23 100 0 1
31 100 0 1
33 100 0 1
36 100 0 1
39 100 0 1
43 100 0 1
44 100 0 1
45 100 0 1
46 100 0 1
52 100 0 1
55 100 0 1
59 100 0 1
81 100 0 1
84 100 0 1
85 100 0 1
88 100 0 1
89 100 0 1
91 100 0 1
92 100 0 1
96 100 0 1
97 100 0 1
98 100 0 1
99 100 0 1
33 101 0 1
48 101 0 1
52 101 0 1
53 101 0 1
55 101 0 1
56 101 0 1
57 101 0 1
58 101 0 1
59 101 0 1
60 101 0 1
62 101 0 1
67 101 0 1
68 101 0 1
72 101 0 1
76 101 0 1
79 101 0 1
81 101 0 1
83 101 0 1
84 101 0 1
85 101 0 1
87 101 0 1
88 101 0 1
4 102 0 1
6 102 0 1
8 102 0 1
9 102 0 1
12 102 0 1
13 102 0 1
14 102 0 1
18 102 0 1
20 102 0 1
22 102 0 1
23 102 0 1
24 102 0 1
26 102 0 1
27 102 0 1
28 102 0 1
91 102 0 1
92 102 0 1
4 103 0 1
5 103 0 1
6 103 0 1
9 103 0 1
12 103 0 1
13 103 0 1
14 103 0 1
18 103 0 1
20 103 0 1
24 103 0 1
26 103 0 1
4 104 0 1
6 104 0 1
8 104 0 1
11 104 0 1
12 104 0 1
14 104 0 1
20 104 0 1
22 104 0 1
23 104 0 1
24 104 0 1
25 104 0 1
26 104 0 1
27 104 0 1
28 104 0 1
29 104 0 1
4 105 0 1
5 105 0 1
6 105 0 1
8 105 0 1
9 105 0 1
12 105 0 1
13 105 0 1
14 105 0 1
18 105 0 1
20 105 0 1
24 105 0 1
26 105 0 1
8 106 0 1
11 106 0 1
15 106 0 1
17 106 0 1
25 106 0 1
26 106 0 1
27 106 0 1
28 106 0 1
29 106 0 1
15 107 0 1
17 107 0 1
25 107 0 1
29 107 0 1
30 107 0 1
32 107 0 1
40 107 0 1
93 107 0 1
95 107 0 1
11 108 0 1
15 108 0 1
17 108 0 1
25 108 0 1
29 108 0 1
30 108 0 1
31 108 0 1
32 108 0 1
40 108 0 1
93 108 0 1
95 108 0 1
15 109 0 1
17 109 0 1
25 109 0 1
29 109 0 1
30 109 0 1
31 109 0 1
32 109 0 1
39 109 0 1
40 109 0 1
93 109 0 1
95 109 0 1
8 110 0 1
11 110 0 1
15 110 0 1
17 110 0 1
22 110 0 1
25 110 0 1
26 110 0 1
27 110 0 1
28 110 0 1
29 110 0 1
30 110 0 1
31 110 0 1
40 110 0 1
89 110 0 1
93 110 0 1
95 110 0 1
4 111 0 1
6 111 0 1
8 111 0 1
9 111 0 1
12 111 0 1
13 111 0 1
14 111 0 1
18 111 0 1
20 111 0 1
22 111 0 1
23 111 0 1
24 111 0 1
26 111 0 1
27 111 0 1
28 111 0 1
29 111 0 1
43 111 0 1
44 111 0 1
89 111 0 1
90 111 0 1
91 111 0 1
92 111 0 1
96 111 0 1
97 111 0 1
98 111 0 1
99 111 0 1
1 112 0 1
3 112 0 1
16 112 0 1
19 112 0 1
21 112 0 1
34 112 0 1
35 112 0 1
37 112 0 1
38 112 0 1
41 112 0 1
42 112 0 1
47 112 0 1
50 112 0 1
94 112 0 1
1 113 0 1
3 113 0 1
16 113 0 1
19 113 0 1
21 113 0 1
34 113 0 1
35 113 0 1
37 113 0 1
38 113 0 1
41 113 0 1
42 113 0 1
47 113 0 1
50 113 0 1
51 113 0 1
94 113 0 1
4 114 0 1
18 114 0 1
20 114 0 1
22 114 0 1
23 114 0 1
31 114 0 1
36 114 0 1
39 114 0 1
43 114 0 1
44 114 0 1
45 114 0 1
46 114 0 1
55 114 0 1
89 114 0 1
91 114 0 1
92 114 0 1
95 114 0 1
96 114 0 1
97 114 0 1
98 114 0 1
99 114 0 1
4 115 0 1
18 115 0 1
20 115 0 1
22 115 0 1
23 115 0 1
43 115 0 1
44 115 0 1
45 115 0 1
46 115 0 1
89 115 0 1
90 115 0 1
91 115 0 1
92 115 0 1
96 115 0 1
97 115 0 1
98 115 0 1
99 115 0 1
15 116 0 1
17 116 0 1
22 116 0 1
23 116 0 1
25 116 0 1
29 116 0 1
30 116 0 1
31 116 0 1
32 116 0 1
33 116 0 1
36 116 0 1
39 116 0 1
40 116 0 1
43 116 0 1
44 116 0 1
45 116 0 1
89 116 0 1
93 116 0 1
95 116 0 1
98 116 0 1
99 116 0 1
30 117 0 1
32 117 0 1
33 117 0 1
39 117 0 1
40 117 0 1
48 117 0 1
49 117 0 1
53 117 0 1
83 117 0 1
87 117 0 1
15 118 0 1
17 118 0 1
30 118 0 1
32 118 0 1
33 118 0 1
36 118 0 1
39 118 0 1
40 118 0 1
48 118 0 1
49 118 0 1
53 118 0 1
83 118 0 1
93 118 0 1
95 118 0 1
4 119 0 1
18 119 0 1
23 119 0 1
31 119 0 1
36 119 0 1
39 119 0 1
43 119 0 1
44 119 0 1
45 119 0 1
46 119 0 1
55 119 0 1
89 119 0 1
91 119 0 1
92 119 0 1
96 119 0 1
97 119 0 1
98 119 0 1
99 119 0 1
15 120 0 1
17 120 0 1
25 120 0 1
29 120 0 1
30 120 0 1
31 120 0 1
32 120 0 1
33 120 0 1
36 120 0 1
39 120 0 1
40 120 0 1
93 120 0 1
95 120 0 1
15 121 0 1
17 121 0 1
22 121 0 1
25 121 0 1
29 121 0 1
30 121 0 1
31 121 0 1
32 121 0 1
33 121 0 1
36 121 0 1
39 121 0 1
40 121 0 1
43 121 0 1
45 121 0 1
89 121 0 1
93 121 0 1
95 121 0 1
99 121 0 1
4 122 0 1
12 122 0 1
14 122 0 1
17 122 0 1
18 122 0 1
20 122 0 1
22 122 0 1
23 122 0 1
24 122 0 1
26 122 0 1
27 122 0 1
28 122 0 1
29 122 0 1
31 122 0 1
36 122 0 1
43 122 0 1
44 122 0 1
45 122 0 1
46 122 0 1
89 122 0 1
90 122 0 1
91 122 0 1
92 122 0 1
95 122 0 1
96 122 0 1
97 122 0 1
98 122 0 1
99 122 0 1
15 123 0 1
17 123 0 1
30 123 0 1
32 123 0 1
33 123 0 1
40 123 0 1
49 123 0 1
93 123 0 1
95 123 0 1
3 124 0 1
34 124 0 1
35 124 0 1
37 124 0 1
38 124 0 1
41 124 0 1
42 124 0 1
47 124 0 1
50 124 0 1
51 124 0 1
54 124 0 1
82 124 0 1
86 124 0 1
94 124 0 1
3 125 0 1
34 125 0 1
35 125 0 1
37 125 0 1
38 125 0 1
41 125 0 1
42 125 0 1
46 125 0 1
47 125 0 1
50 125 0 1
51 125 0 1
54 125 0 1
82 125 0 1
86 125 0 1
94 125 0 1
4 126 0 1
37 126 0 1
38 126 0 1
42 126 0 1
46 126 0 1
47 126 0 1
51 126 0 1
54 126 0 1
81 126 0 1
86 126 0 1
88 126 0 1
90 126 0 1
91 126 0 1
92 126 0 1
96 126 0 1
97 126 0 1
3 127 0 1
34 127 0 1
35 127 0 1
37 127 0 1
38 127 0 1
41 127 0 1
42 127 0 1
46 127 0 1
47 127 0 1
50 127 0 1
51 127 0 1
54 127 0 1
86 127 0 1
90 127 0 1
94 127 0 1
96 127 0 1
4 128 0 1
18 128 0 1
38 128 0 1
44 128 0 1
46 128 0 1
54 128 0 1
81 128 0 1
88 128 0 1
90 128 0 1
91 128 0 1
92 128 0 1
96 128 0 1
97 128 0 1
98 128 0 1
31 129 0 1
32 129 0 1
33 129 0 1
36 129 0 1
39 129 0 1
40 129 0 1
43 129 0 1
44 129 0 1
45 129 0 1
52 129 0 1
53 129 0 1
55 129 0 1
59 129 0 1
84 129 0 1
85 129 0 1
89 129 0 1
93 129 0 1
95 129 0 1
98 129 0 1
99 129 0 1
17 130 0 1
30 130 0 1
31 130 0 1
32 130 0 1
33 130 0 1
36 130 0 1
39 130 0 1
40 130 0 1
43 130 0 1
44 130 0 1
45 130 0 1
49 130 0 1
52 130 0 1
53 130 0 1
55 130 0 1
83 130 0 1
84 130 0 1
85 130 0 1
89 130 0 1
93 130 0 1
95 130 0 1
98 130 0 1
99 130 0 1
23 131 0 1
31 131 0 1
33 131 0 1
36 131 0 1
39 131 0 1
43 131 0 1
44 131 0 1
45 131 0 1
52 131 0 1
55 131 0 1
84 131 0 1
85 131 0 1
89 131 0 1
93 131 0 1
95 131 0 1
98 131 0 1
99 131 0 1
4 132 0 1
18 132 0 1
43 132 0 1
44 132 0 1
45 132 0 1
46 132 0 1
55 132 0 1
81 132 0 1
88 132 0 1
91 132 0 1
92 132 0 1
96 132 0 1
97 132 0 1
98 132 0 1
99 132 0 1
30 133 0 1
31 133 0 1
32 133 0 1
33 133 0 1
36 133 0 1
39 133 0 1
40 133 0 1
45 133 0 1
48 133 0 1
49 133 0 1
52 133 0 1
53 133 0 1
58 133 0 1
60 133 0 1
83 133 0 1
84 133 0 1
85 133 0 1
87 133 0 1
93 133 0 1
95 133 0 1
3 134 0 1
34 134 0 1
35 134 0 1
37 134 0 1
41 134 0 1
42 134 0 1
47 134 0 1
50 134 0 1
51 134 0 1
54 134 0 1
82 134 0 1
94 134 0 1
31 135 0 1
32 135 0 1
33 135 0 1
36 135 0 1
39 135 0 1
43 135 0 1
44 135 0 1
45 135 0 1
52 135 0 1
55 135 0 1
59 135 0 1
84 135 0 1
85 135 0 1
89 135 0 1
95 135 0 1
98 135 0 1
99 135 0 1
31 136 0 1
32 136 0 1
33 136 0 1
36 136 0 1
39 136 0 1
43 136 0 1
44 136 0 1
45 136 0 1
52 136 0 1
53 136 0 1
55 136 0 1
58 136 0 1
59 136 0 1
84 136 0 1
85 136 0 1
89 136 0 1
93 136 0 1
95 136 0 1
98 136 0 1
99 136 0 1
3 137 0 1
34 137 0 1
35 137 0 1
37 137 0 1
38 137 0 1
41 137 0 1
42 137 0 1
46 137 0 1
47 137 0 1
50 137 0 1
51 137 0 1
54 137 0 1
82 137 0 1
86 137 0 1
94 137 0 1
38 138 0 1
43 138 0 1
44 138 0 1
45 138 0 1
46 138 0 1
55 138 0 1
81 138 0 1
88 138 0 1
92 138 0 1
96 138 0 1
97 138 0 1
98 138 0 1
34 139 0 1
35 139 0 1
50 139 0 1
51 139 0 1
54 139 0 1
61 139 0 1
63 139 0 1
64 139 0 1
65 139 0 1
66 139 0 1
82 139 0 1
86 139 0 1
54 140 0 1
62 140 0 1
68 140 0 1
69 140 0 1
81 140 0 1
86 140 0 1
88 140 0 1
55 141 0 1
59 141 0 1
62 141 0 1
68 141 0 1
81 141 0 1
85 141 0 1
88 141 0 1
51 142 0 1
54 142 0 1
62 142 0 1
63 142 0 1
66 142 0 1
68 142 0 1
69 142 0 1
81 142 0 1
86 142 0 1
88 142 0 1
2 143 0 1
51 143 0 1
54 143 0 1
61 143 0 1
62 143 0 1
63 143 0 1
64 143 0 1
65 143 0 1
66 143 0 1
69 143 0 1
77 143 0 1
82 143 0 1
86 143 0 1
2 144 0 1
3 144 0 1
34 144 0 1
35 144 0 1
37 144 0 1
41 144 0 1
47 144 0 1
50 144 0 1
51 144 0 1
54 144 0 1
61 144 0 1
63 144 0 1
64 144 0 1
65 144 0 1
66 144 0 1
69 144 0 1
82 144 0 1
86 144 0 1
52 145 0 1
55 145 0 1
59 145 0 1
81 145 0 1
84 145 0 1
85 145 0 1
88 145 0 1
33 146 0 1
52 146 0 1
55 146 0 1
57 146 0 1
58 146 0 1
59 146 0 1
62 146 0 1
68 146 0 1
81 146 0 1
84 146 0 1
85 146 0 1
88 146 0 1
32 147 0 1
33 147 0 1
36 147 0 1
39 147 0 1
40 147 0 1
45 147 0 1
48 147 0 1
49 147 0 1
52 147 0 1
53 147 0 1
55 147 0 1
56 147 0 1
57 147 0 1
58 147 0 1
59 147 0 1
60 147 0 1
83 147 0 1
84 147 0 1
85 147 0 1
87 147 0 1
3 148 0 1
34 148 0 1
35 148 0 1
37 148 0 1
41 148 0 1
42 148 0 1
47 148 0 1
50 148 0 1
51 148 0 1
54 148 0 1
64 148 0 1
82 148 0 1
86 148 0 1
38 149 0 1
44 149 0 1
46 149 0 1
55 149 0 1
81 149 0 1
86 149 0 1
88 149 0 1
3 150 0 1
34 150 0 1
35 150 0 1
37 150 0 1
38 150 0 1
41 150 0 1
42 150 0 1
47 150 0 1
50 150 0 1
51 150 0 1
54 150 0 1
82 150 0 1
86 150 0 1
38 151 0 1
46 151 0 1
47 151 0 1
51 151 0 1
54 151 0 1
81 151 0 1
86 151 0 1
88 151 0 1
96 151 0 1
97 151 0 1
3 152 0 1
34 152 0 1
35 152 0 1
37 152 0 1
41 152 0 1
42 152 0 1
47 152 0 1
50 152 0 1
51 152 0 1
54 152 0 1
82 152 0 1
86 152 0 1
94 152 0 1
37 153 0 1
38 153 0 1
42 153 0 1
46 153 0 1
47 153 0 1
51 153 0 1
54 153 0 1
81 153 0 1
86 153 0 1
88 153 0 1
96 153 0 1
97 153 0 1
31 154 0 1
32 154 0 1
33 154 0 1
36 154 0 1
39 154 0 1
43 154 0 1
44 154 0 1
45 154 0 1
52 154 0 1
53 154 0 1
55 154 0 1
57 154 0 1
58 154 0 1
59 154 0 1
60 154 0 1
83 154 0 1
84 154 0 1
85 154 0 1
87 154 0 1
99 154 0 1
3 155 0 1
34 155 0 1
37 155 0 1
38 155 0 1
41 155 0 1
42 155 0 1
46 155 0 1
47 155 0 1
51 155 0 1
54 155 0 1
81 155 0 1
86 155 0 1
96 155 0 1
97 155 0 1
31 156 0 1
33 156 0 1
36 156 0 1
39 156 0 1
43 156 0 1
44 156 0 1
45 156 0 1
52 156 0 1
55 156 0 1
58 156 0 1
59 156 0 1
81 156 0 1
84 156 0 1
85 156 0 1
88 156 0 1
95 156 0 1
98 156 0 1
99 156 0 1
32 157 0 1
33 157 0 1
36 157 0 1
39 157 0 1
40 157 0 1
45 157 0 1
48 157 0 1
49 157 0 1
52 157 0 1
53 157 0 1
55 157 0 1
56 157 0 1
57 157 0 1
58 157 0 1
59 157 0 1
60 157 0 1
83 157 0 1
84 157 0 1
85 157 0 1
87 157 0 1
44 158 0 1
46 158 0 1
55 158 0 1
81 158 0 1
85 158 0 1
88 158 0 1
38 159 0 1
46 159 0 1
51 159 0 1
54 159 0 1
62 159 0 1
81 159 0 1
86 159 0 1
88 159 0 1
56 160 0 1
57 160 0 1
58 160 0 1
59 160 0 1
60 160 0 1
87 160 0 1
2 161 0 1
61 161 0 1
63 161 0 1
64 161 0 1
65 161 0 1
66 161 0 1
69 161 0 1
70 161 0 1
71 161 0 1
74 161 0 1
75 161 0 1
76 161 0 1
77 161 0 1
78 161 0 1
80 161 0 1
2 162 0 1
62 162 0 1
67 162 0 1
68 162 0 1
69 162 0 1
72 162 0 1
73 162 0 1
76 162 0 1
77 162 0 1
78 162 0 1
79 162 0 1
80 162 0 1
2 163 0 1
62 163 0 1
67 163 0 1
68 163 0 1
72 163 0 1
73 163 0 1
76 163 0 1
77 163 0 1
79 163 0 1
80 163 0 1
67 164 0 1
67 165 0 1
68 165 0 1
72 165 0 1
73 165 0 1
76 165 0 1
79 165 0 1
2 166 0 1
62 166 0 1
67 166 0 1
68 166 0 1
69 166 0 1
72 166 0 1
73 166 0 1
76 166 0 1
77 166 0 1
78 166 0 1
79 166 0 1
80 166 0 1
81 166 0 1
88 166 0 1
62 167 0 1
67 167 0 1
68 167 0 1
69 167 0 1
72 167 0 1
73 167 0 1
76 167 0 1
77 167 0 1
79 167 0 1
81 167 0 1
88 167 0 1
62 168 0 1
67 168 0 1
68 168 0 1
69 168 0 1
72 168 0 1
73 168 0 1
76 168 0 1
77 168 0 1
78 168 0 1
79 168 0 1
80 168 0 1
88 168 0 1
48 169 0 1
49 169 0 1
52 169 0 1
53 169 0 1
56 169 0 1
57 169 0 1
58 169 0 1
59 169 0 1
60 169 0 1
83 169 0 1
84 169 0 1
85 169 0 1
87 169 0 1
55 170 0 1
62 170 0 1
67 170 0 1
68 170 0 1
76 170 0 1
79 170 0 1
81 170 0 1
85 170 0 1
88 170 0 1
2 171 0 1
51 171 0 1
54 171 0 1
61 171 0 1
62 171 0 1
63 171 0 1
64 171 0 1
65 171 0 1
66 171 0 1
67 171 0 1
68 171 0 1
69 171 0 1
72 171 0 1
73 171 0 1
76 171 0 1
77 171 0 1
78 171 0 1
79 171 0 1
80 171 0 1
81 171 0 1
86 171 0 1
88 171 0 1
2 172 0 1
50 172 0 1
51 172 0 1
54 172 0 1
61 172 0 1
63 172 0 1
64 172 0 1
65 172 0 1
66 172 0 1
69 172 0 1
70 172 0 1
74 172 0 1
75 172 0 1
77 172 0 1
78 172 0 1
82 172 0 1
86 172 0 1
48 173 0 1
52 173 0 1
53 173 0 1
56 173 0 1
57 173 0 1
58 173 0 1
59 173 0 1
60 173 0 1
83 173 0 1
84 173 0 1
85 173 0 1
87 173 0 1
55 174 0 1
62 174 0 1
67 174 0 1
68 174 0 1
76 174 0 1
79 174 0 1
81 174 0 1
85 174 0 1
88 174 0 1
2 175 0 1
54 175 0 1
62 175 0 1
63 175 0 1
66 175 0 1
67 175 0 1
68 175 0 1
69 175 0 1
72 175 0 1
76 175 0 1
77 175 0 1
78 175 0 1
79 175 0 1
80 175 0 1
81 175 0 1
86 175 0 1
88 175 0 1
2 176 0 1
62 176 0 1
63 176 0 1
66 176 0 1
67 176 0 1
68 176 0 1
69 176 0 1
72 176 0 1
73 176 0 1
76 176 0 1
77 176 0 1
78 176 0 1
79 176 0 1
80 176 0 1
81 176 0 1
86 176 0 1
88 176 0 1
