2 3 0 0
1 4 0 0
1 5 0 0
4 5 0 0
1 6 0 0
4 6 0 0
5 6 0 0
1 7 0 0
4 7 0 0
5 7 0 0
6 7 0 0
1 8 0 0
2 8 0 0
3 8 0 0
1 9 0 0
4 9 0 0
6 9 0 0
7 9 0 0
8 9 0 0
1 10 0 0
2 10 0 0
3 10 0 0
4 10 0 0
6 10 0 0
7 10 0 0
8 10 0 0
9 10 0 0
1 11 0 0
2 11 0 0
3 11 0 0
8 11 0 0
9 11 0 0
10 11 0 0
1 12 0 0
4 12 0 0
5 12 0 0
6 12 0 0
7 12 0 0
1 13 0 0
4 13 0 0
6 13 0 0
7 13 0 0
8 13 0 0
9 13 0 0
10 13 0 0
11 13 0 0
5 14 0 0
7 14 0 0
12 14 0 0
4 15 0 0
5 15 0 0
6 15 0 0
7 15 0 0
12 15 0 0
14 15 0 0
1 16 0 0
2 16 0 0
3 16 0 0
8 16 0 0
9 16 0 0
10 16 0 0
11 16 0 0
13 16 0 0
1 17 0 0
2 17 0 0
3 17 0 0
8 17 0 0
9 17 0 0
10 17 0 0
11 17 0 0
13 17 0 0
16 17 0 0
1 18 0 0
4 18 0 0
6 18 0 0
7 18 0 0
8 18 0 0
9 18 0 0
10 18 0 0
11 18 0 0
13 18 0 0
16 18 0 0
17 18 0 0
1 19 0 0
4 19 0 0
5 19 0 0
6 19 0 0
7 19 0 0
9 19 0 0
10 19 0 0
11 19 0 0
12 19 0 0
13 19 0 0
14 19 0 0
15 19 0 0
17 19 0 0
18 19 0 0
2 20 0 0
3 20 0 0
8 20 0 0
10 20 0 0
11 20 0 0
13 20 0 0
16 20 0 0
17 20 0 0
18 20 0 0
1 21 0 0
4 21 0 0
6 21 0 0
7 21 0 0
8 21 0 0
9 21 0 0
10 21 0 0
11 21 0 0
13 21 0 0
16 21 0 0
17 21 0 0
18 21 0 0
19 21 0 0
20 21 0 0
1 22 0 0
2 22 0 0
3 22 0 0
8 22 0 0
9 22 0 0
10 22 0 0
11 22 0 0
13 22 0 0
16 22 0 0
17 22 0 0
18 22 0 0
19 22 0 0
20 22 0 0
21 22 0 0
2 23 0 0
3 23 0 0
8 23 0 0
11 23 0 0
16 23 0 0
17 23 0 0
20 23 0 0
22 23 0 0
5 24 0 0
6 24 0 0
7 24 0 0
12 24 0 0
14 24 0 0
15 24 0 0
19 24 0 0
4 25 0 0
5 25 0 0
6 25 0 0
7 25 0 0
12 25 0 0
14 25 0 0
15 25 0 0
19 25 0 0
24 25 0 0
1 26 0 0
4 26 0 0
6 26 0 0
7 26 0 0
8 26 0 0
9 26 0 0
10 26 0 0
11 26 0 0
13 26 0 0
16 26 0 0
17 26 0 0
18 26 0 0
19 26 0 0
21 26 0 0
22 26 0 0
1 27 0 0
2 27 0 0
3 27 0 0
8 27 0 0
9 27 0 0
10 27 0 0
11 27 0 0
13 27 0 0
16 27 0 0
17 27 0 0
18 27 0 0
20 27 0 0
21 27 0 0
22 27 0 0
23 27 0 0
26 27 0 0
1 28 0 0
4 28 0 0
5 28 0 0
6 28 0 0
7 28 0 0
9 28 0 0
12 28 0 0
13 28 0 0
14 28 0 0
15 28 0 0
18 28 0 0
19 28 0 0
21 28 0 0
24 28 0 0
25 28 0 0
26 28 0 0
2 30 0 0
3 30 0 0
8 30 0 0
11 30 0 0
16 30 0 0
17 30 0 0
20 30 0 0
22 30 0 0
23 30 0 0
27 30 0 0
5 31 0 0
12 31 0 0
14 31 0 0
15 31 0 0
19 31 0 0
24 31 0 0
25 31 0 0
28 31 0 0
1 32 0 0
12 32 0 0
14 32 0 0
15 32 0 0
24 32 0 0
25 32 0 0
28 32 0 0
31 32 0 0
1 33 0 0
11 33 0 0
13 33 0 0
16 33 0 0
17 33 0 0
23 33 0 0
27 33 0 0
30 33 0 0
12 34 0 0
14 34 0 0
15 34 0 0
24 34 0 0
25 34 0 0
31 34 0 0
32 34 0 0
1 35 0 0
9 35 0 0
10 35 0 0
11 35 0 0
13 35 0 0
16 35 0 0
17 35 0 0
18 35 0 0
19 35 0 0
21 35 0 0
22 35 0 0
26 35 0 0
27 35 0 0
28 35 0 0
33 35 0 0
3 36 0 0
8 36 0 0
11 36 0 0
16 36 0 0
17 36 0 0
20 36 0 0
22 36 0 0
23 36 0 0
27 36 0 0
30 36 0 0
33 36 0 0
1 37 0 0
8 37 0 0
10 37 0 0
11 37 0 0
13 37 0 0
16 37 0 0
17 37 0 0
18 37 0 0
20 37 0 0
21 37 0 0
22 37 0 0
23 37 0 0
26 37 0 0
27 37 0 0
30 37 0 0
33 37 0 0
35 37 0 0
36 37 0 0
1 38 0 0
6 38 0 0
7 38 0 0
12 38 0 0
13 38 0 0
15 38 0 0
19 38 0 0
21 38 0 0
25 38 0 0
26 38 0 0
28 38 0 0
31 38 0 0
32 38 0 0
35 38 0 0
1 39 0 0
5 39 0 0
7 39 0 0
12 39 0 0
15 39 0 0
19 39 0 0
24 39 0 0
25 39 0 0
26 39 0 0
28 39 0 0
31 39 0 0
32 39 0 0
34 39 0 0
35 39 0 0
38 39 0 0
1 40 0 0
2 40 0 0
3 40 0 0
8 40 0 0
10 40 0 0
11 40 0 0
13 40 0 0
16 40 0 0
17 40 0 0
18 40 0 0
20 40 0 0
21 40 0 0
22 40 0 0
23 40 0 0
26 40 0 0
27 40 0 0
30 40 0 0
33 40 0 0
35 40 0 0
36 40 0 0
37 40 0 0
2 41 0 0
3 41 0 0
8 41 0 0
11 41 0 0
16 41 0 0
17 41 0 0
20 41 0 0
22 41 0 0
23 41 0 0
27 41 0 0
30 41 0 0
33 41 0 0
36 41 0 0
37 41 0 0
40 41 0 0
1 42 0 0
8 42 0 0
9 42 0 0
10 42 0 0
11 42 0 0
13 42 0 0
16 42 0 0
17 42 0 0
18 42 0 0
19 42 0 0
21 42 0 0
22 42 0 0
26 42 0 0
27 42 0 0
30 42 0 0
33 42 0 0
35 42 0 0
36 42 0 0
37 42 0 0
38 42 0 0
39 42 0 0
40 42 0 0
41 42 0 0
1 43 0 0
5 43 0 0
6 43 0 0
7 43 0 0
12 43 0 0
14 43 0 0
15 43 0 0
19 43 0 0
24 43 0 0
25 43 0 0
28 43 0 0
31 43 0 0
32 43 0 0
34 43 0 0
35 43 0 0
38 43 0 0
39 43 0 0
1 44 0 0
4 44 0 0
6 44 0 0
7 44 0 0
12 44 0 0
13 44 0 0
18 44 0 0
19 44 0 0
21 44 0 0
26 44 0 0
28 44 0 0
32 44 0 0
35 44 0 0
38 44 0 0
39 44 0 0
42 44 0 0
43 44 0 0
12 45 0 0
14 45 0 0
15 45 0 0
24 45 0 0
25 45 0 0
31 45 0 0
32 45 0 0
34 45 0 0
43 45 0 0
12 46 0 0
14 46 0 0
15 46 0 0
24 46 0 0
25 46 0 0
28 46 0 0
31 46 0 0
32 46 0 0
34 46 0 0
38 46 0 0
39 46 0 0
43 46 0 0
45 46 0 0
1 47 0 0
5 47 0 0
12 47 0 0
14 47 0 0
15 47 0 0
19 47 0 0
24 47 0 0
25 47 0 0
28 47 0 0
31 47 0 0
32 47 0 0
34 47 0 0
38 47 0 0
39 47 0 0
43 47 0 0
44 47 0 0
45 47 0 0
46 47 0 0
1 48 0 0
12 48 0 0
14 48 0 0
15 48 0 0
19 48 0 0
24 48 0 0
25 48 0 0
28 48 0 0
31 48 0 0
32 48 0 0
34 48 0 0
35 48 0 0
38 48 0 0
39 48 0 0
43 48 0 0
44 48 0 0
45 48 0 0
46 48 0 0
47 48 0 0
1 49 0 0
10 49 0 0
11 49 0 0
13 49 0 0
16 49 0 0
17 49 0 0
18 49 0 0
19 49 0 0
21 49 0 0
22 49 0 0
26 49 0 0
27 49 0 0
30 49 0 0
33 49 0 0
35 49 0 0
36 49 0 0
37 49 0 0
38 49 0 0
40 49 0 0
41 49 0 0
42 49 0 0
44 49 0 0
1 50 0 0
2 50 0 0
3 50 0 0
8 50 0 0
10 50 0 0
11 50 0 0
13 50 0 0
16 50 0 0
17 50 0 0
18 50 0 0
20 50 0 0
21 50 0 0
22 50 0 0
23 50 0 0
27 50 0 0
30 50 0 0
33 50 0 0
36 50 0 0
37 50 0 0
40 50 0 0
41 50 0 0
42 50 0 0
49 50 0 0
1 51 0 0
2 51 0 0
3 51 0 0
8 51 0 0
9 51 0 0
10 51 0 0
11 51 0 0
13 51 0 0
16 51 0 0
17 51 0 0
18 51 0 0
20 51 0 0
21 51 0 0
22 51 0 0
23 51 0 0
26 51 0 0
27 51 0 0
30 51 0 0
33 51 0 0
35 51 0 0
36 51 0 0
37 51 0 0
40 51 0 0
41 51 0 0
42 51 0 0
49 51 0 0
50 51 0 0
1 52 0 0
2 52 0 0
3 52 0 0
8 52 0 0
10 52 0 0
11 52 0 0
13 52 0 0
16 52 0 0
17 52 0 0
18 52 0 0
20 52 0 0
22 52 0 0
23 52 0 0
27 52 0 0
30 52 0 0
33 52 0 0
36 52 0 0
37 52 0 0
40 52 0 0
41 52 0 0
42 52 0 0
49 52 0 0
50 52 0 0
51 52 0 0
5 53 0 0
12 53 0 0
14 53 0 0
15 53 0 0
19 53 0 0
24 53 0 0
25 53 0 0
28 53 0 0
31 53 0 0
32 53 0 0
34 53 0 0
39 53 0 0
43 53 0 0
45 53 0 0
46 53 0 0
47 53 0 0
48 53 0 0
31 54 0 0
32 54 0 0
34 54 0 0
45 54 0 0
46 54 0 0
53 54 0 0
45 55 0 0
54 55 0 0
45 56 0 0
54 56 0 0
55 56 0 0
33 57 0 0
36 57 0 0
37 57 0 0
40 57 0 0
41 57 0 0
42 57 0 0
49 57 0 0
1 58 0 0
32 58 0 0
35 58 0 0
38 58 0 0
39 58 0 0
43 58 0 0
44 58 0 0
46 58 0 0
47 58 0 0
48 58 0 0
1 59 0 0
33 59 0 0
35 59 0 0
37 59 0 0
40 59 0 0
42 59 0 0
49 59 0 0
57 59 0 0
33 60 0 0
36 60 0 0
37 60 0 0
41 60 0 0
57 60 0 0
59 60 0 0
31 61 0 0
32 61 0 0
34 61 0 0
45 61 0 0
46 61 0 0
47 61 0 0
48 61 0 0
54 61 0 0
55 61 0 0
56 61 0 0
58 61 0 0
32 62 0 0
38 62 0 0
39 62 0 0
43 62 0 0
44 62 0 0
46 62 0 0
47 62 0 0
48 62 0 0
58 62 0 0
61 62 0 0
32 63 0 0
34 63 0 0
38 63 0 0
39 63 0 0
43 63 0 0
46 63 0 0
47 63 0 0
48 63 0 0
58 63 0 0
61 63 0 0
62 63 0 0
32 64 0 0
34 64 0 0
39 64 0 0
43 64 0 0
45 64 0 0
46 64 0 0
47 64 0 0
48 64 0 0
54 64 0 0
56 64 0 0
58 64 0 0
61 64 0 0
62 64 0 0
63 64 0 0
1 65 0 0
35 65 0 0
38 65 0 0
39 65 0 0
42 65 0 0
44 65 0 0
48 65 0 0
49 65 0 0
58 65 0 0
59 65 0 0
62 65 0 0
63 65 0 0
64 65 0 0
33 66 0 0
35 66 0 0
42 66 0 0
49 66 0 0
57 66 0 0
58 66 0 0
59 66 0 0
62 66 0 0
65 66 0 0
32 67 0 0
38 67 0 0
39 67 0 0
47 67 0 0
48 67 0 0
58 67 0 0
61 67 0 0
62 67 0 0
63 67 0 0
64 67 0 0
65 67 0 0
66 67 0 0
33 68 0 0
35 68 0 0
37 68 0 0
42 68 0 0
49 68 0 0
57 68 0 0
59 68 0 0
60 68 0 0
65 68 0 0
66 68 0 0
67 68 0 0
31 69 0 0
32 69 0 0
34 69 0 0
45 69 0 0
46 69 0 0
47 69 0 0
53 69 0 0
54 69 0 0
55 69 0 0
56 69 0 0
61 69 0 0
63 69 0 0
64 69 0 0
31 70 0 0
32 70 0 0
34 70 0 0
45 70 0 0
46 70 0 0
47 70 0 0
48 70 0 0
53 70 0 0
54 70 0 0
55 70 0 0
56 70 0 0
61 70 0 0
62 70 0 0
63 70 0 0
64 70 0 0
69 70 0 0
31 71 0 0
32 71 0 0
34 71 0 0
38 71 0 0
39 71 0 0
43 71 0 0
45 71 0 0
46 71 0 0
47 71 0 0
48 71 0 0
53 71 0 0
54 71 0 0
58 71 0 0
61 71 0 0
62 71 0 0
63 71 0 0
64 71 0 0
65 71 0 0
67 71 0 0
69 71 0 0
70 71 0 0
1 72 0 0
35 72 0 0
38 72 0 0
39 72 0 0
42 72 0 0
43 72 0 0
44 72 0 0
47 72 0 0
48 72 0 0
49 72 0 0
58 72 0 0
59 72 0 0
62 72 0 0
63 72 0 0
65 72 0 0
66 72 0 0
67 72 0 0
68 72 0 0
71 72 0 0
1 73 0 0
31 73 0 0
32 73 0 0
34 73 0 0
38 73 0 0
39 73 0 0
43 73 0 0
44 73 0 0
46 73 0 0
47 73 0 0
48 73 0 0
58 73 0 0
61 73 0 0
62 73 0 0
63 73 0 0
64 73 0 0
65 73 0 0
67 73 0 0
70 73 0 0
71 73 0 0
72 73 0 0
1 74 0 0
35 74 0 0
38 74 0 0
39 74 0 0
42 74 0 0
43 74 0 0
44 74 0 0
48 74 0 0
49 74 0 0
58 74 0 0
59 74 0 0
62 74 0 0
65 74 0 0
66 74 0 0
67 74 0 0
68 74 0 0
72 74 0 0
73 74 0 0
31 75 0 0
32 75 0 0
34 75 0 0
38 75 0 0
39 75 0 0
43 75 0 0
44 75 0 0
45 75 0 0
46 75 0 0
47 75 0 0
48 75 0 0
58 75 0 0
61 75 0 0
62 75 0 0
63 75 0 0
64 75 0 0
65 75 0 0
67 75 0 0
69 75 0 0
70 75 0 0
71 75 0 0
72 75 0 0
73 75 0 0
74 75 0 0
1 76 0 0
33 76 0 0
35 76 0 0
37 76 0 0
38 76 0 0
39 76 0 0
40 76 0 0
42 76 0 0
44 76 0 0
49 76 0 0
57 76 0 0
58 76 0 0
59 76 0 0
60 76 0 0
62 76 0 0
65 76 0 0
66 76 0 0
67 76 0 0
68 76 0 0
72 76 0 0
73 76 0 0
74 76 0 0
75 76 0 0
12 77 0 0
24 77 0 0
25 77 0 0
31 77 0 0
32 77 0 0
34 77 0 0
38 77 0 0
39 77 0 0
43 77 0 0
44 77 0 0
45 77 0 0
46 77 0 0
47 77 0 0
48 77 0 0
53 77 0 0
54 77 0 0
56 77 0 0
58 77 0 0
61 77 0 0
62 77 0 0
63 77 0 0
64 77 0 0
67 77 0 0
69 77 0 0
70 77 0 0
71 77 0 0
73 77 0 0
75 77 0 0
1 78 0 0
19 78 0 0
32 78 0 0
35 78 0 0
38 78 0 0
39 78 0 0
42 78 0 0
43 78 0 0
44 78 0 0
47 78 0 0
48 78 0 0
49 78 0 0
58 78 0 0
59 78 0 0
62 78 0 0
63 78 0 0
64 78 0 0
65 78 0 0
66 78 0 0
67 78 0 0
68 78 0 0
71 78 0 0
72 78 0 0
73 78 0 0
74 78 0 0
75 78 0 0
76 78 0 0
77 78 0 0
1 79 0 0
13 79 0 0
19 79 0 0
26 79 0 0
33 79 0 0
35 79 0 0
37 79 0 0
38 79 0 0
39 79 0 0
40 79 0 0
42 79 0 0
43 79 0 0
44 79 0 0
49 79 0 0
51 79 0 0
57 79 0 0
58 79 0 0
59 79 0 0
62 79 0 0
65 79 0 0
66 79 0 0
67 79 0 0
68 79 0 0
72 79 0 0
73 79 0 0
74 79 0 0
76 79 0 0
78 79 0 0
1 80 0 0
11 80 0 0
13 80 0 0
18 80 0 0
19 80 0 0
21 80 0 0
26 80 0 0
33 80 0 0
35 80 0 0
37 80 0 0
38 80 0 0
39 80 0 0
40 80 0 0
42 80 0 0
43 80 0 0
44 80 0 0
48 80 0 0
49 80 0 0
51 80 0 0
58 80 0 0
59 80 0 0
62 80 0 0
65 80 0 0
66 80 0 0
67 80 0 0
68 80 0 0
72 80 0 0
73 80 0 0
74 80 0 0
75 80 0 0
76 80 0 0
78 80 0 0
79 80 0 0
1 81 0 0
12 81 0 0
19 81 0 0
28 81 0 0
31 81 0 0
32 81 0 0
35 81 0 0
38 81 0 0
39 81 0 0
42 81 0 0
43 81 0 0
44 81 0 0
46 81 0 0
47 81 0 0
48 81 0 0
58 81 0 0
62 81 0 0
63 81 0 0
64 81 0 0
65 81 0 0
66 81 0 0
67 81 0 0
71 81 0 0
72 81 0 0
73 81 0 0
74 81 0 0
75 81 0 0
76 81 0 0
77 81 0 0
78 81 0 0
79 81 0 0
80 81 0 0
1 82 0 0
11 82 0 0
13 82 0 0
18 82 0 0
19 82 0 0
26 82 0 0
33 82 0 0
35 82 0 0
37 82 0 0
38 82 0 0
39 82 0 0
40 82 0 0
42 82 0 0
44 82 0 0
49 82 0 0
51 82 0 0
57 82 0 0
58 82 0 0
59 82 0 0
65 82 0 0
66 82 0 0
67 82 0 0
68 82 0 0
72 82 0 0
74 82 0 0
76 82 0 0
78 82 0 0
79 82 0 0
80 82 0 0
81 82 0 0
1 83 0 0
8 83 0 0
11 83 0 0
13 83 0 0
16 83 0 0
17 83 0 0
20 83 0 0
22 83 0 0
23 83 0 0
27 83 0 0
30 83 0 0
33 83 0 0
35 83 0 0
36 83 0 0
37 83 0 0
40 83 0 0
41 83 0 0
42 83 0 0
49 83 0 0
50 83 0 0
51 83 0 0
52 83 0 0
57 83 0 0
59 83 0 0
60 83 0 0
66 83 0 0
68 83 0 0
76 83 0 0
79 83 0 0
80 83 0 0
82 83 0 0
1 84 0 0
11 84 0 0
13 84 0 0
16 84 0 0
33 84 0 0
35 84 0 0
36 84 0 0
37 84 0 0
40 84 0 0
41 84 0 0
42 84 0 0
44 84 0 0
49 84 0 0
50 84 0 0
51 84 0 0
52 84 0 0
57 84 0 0
59 84 0 0
60 84 0 0
65 84 0 0
66 84 0 0
68 84 0 0
72 84 0 0
74 84 0 0
76 84 0 0
78 84 0 0
79 84 0 0
80 84 0 0
81 84 0 0
82 84 0 0
83 84 0 0
11 85 0 0
16 85 0 0
30 85 0 0
33 85 0 0
36 85 0 0
37 85 0 0
40 85 0 0
41 85 0 0
42 85 0 0
49 85 0 0
50 85 0 0
51 85 0 0
52 85 0 0
57 85 0 0
59 85 0 0
60 85 0 0
68 85 0 0
76 85 0 0
79 85 0 0
82 85 0 0
83 85 0 0
84 85 0 0
1 86 0 0
31 86 0 0
32 86 0 0
34 86 0 0
38 86 0 0
39 86 0 0
43 86 0 0
44 86 0 0
45 86 0 0
46 86 0 0
47 86 0 0
48 86 0 0
53 86 0 0
58 86 0 0
61 86 0 0
62 86 0 0
63 86 0 0
64 86 0 0
65 86 0 0
67 86 0 0
69 86 0 0
70 86 0 0
71 86 0 0
72 86 0 0
73 86 0 0
74 86 0 0
75 86 0 0
77 86 0 0
78 86 0 0
81 86 0 0
1 87 0 0
13 87 0 0
33 87 0 0
35 87 0 0
37 87 0 0
38 87 0 0
40 87 0 0
42 87 0 0
44 87 0 0
49 87 0 0
51 87 0 0
57 87 0 0
59 87 0 0
60 87 0 0
65 87 0 0
66 87 0 0
67 87 0 0
68 87 0 0
72 87 0 0
74 87 0 0
76 87 0 0
78 87 0 0
79 87 0 0
80 87 0 0
81 87 0 0
82 87 0 0
83 87 0 0
84 87 0 0
85 87 0 0
1 88 0 0
16 88 0 0
30 88 0 0
33 88 0 0
35 88 0 0
36 88 0 0
37 88 0 0
40 88 0 0
41 88 0 0
42 88 0 0
49 88 0 0
50 88 0 0
51 88 0 0
52 88 0 0
57 88 0 0
59 88 0 0
60 88 0 0
66 88 0 0
68 88 0 0
76 88 0 0
79 88 0 0
80 88 0 0
82 88 0 0
83 88 0 0
84 88 0 0
85 88 0 0
87 88 0 0
1 89 0 0
11 89 0 0
16 89 0 0
30 89 0 0
33 89 0 0
35 89 0 0
36 89 0 0
37 89 0 0
40 89 0 0
41 89 0 0
42 89 0 0
49 89 0 0
50 89 0 0
51 89 0 0
52 89 0 0
57 89 0 0
59 89 0 0
60 89 0 0
65 89 0 0
66 89 0 0
68 89 0 0
72 89 0 0
74 89 0 0
76 89 0 0
79 89 0 0
80 89 0 0
82 89 0 0
83 89 0 0
84 89 0 0
85 89 0 0
87 89 0 0
88 89 0 0
57 90 0 0
60 90 0 0
83 90 0 0
89 90 0 0
57 91 0 0
60 91 0 0
68 91 0 0
83 91 0 0
89 91 0 0
90 91 0 0
57 92 0 0
60 92 0 0
83 92 0 0
85 92 0 0
88 92 0 0
89 92 0 0
90 92 0 0
91 92 0 0
57 93 0 0
59 93 0 0
60 93 0 0
65 93 0 0
66 93 0 0
68 93 0 0
72 93 0 0
74 93 0 0
76 93 0 0
79 93 0 0
83 93 0 0
84 93 0 0
87 93 0 0
88 93 0 0
89 93 0 0
90 93 0 0
91 93 0 0
92 93 0 0
55 94 0 0
56 94 0 0
54 95 0 0
55 95 0 0
56 95 0 0
61 95 0 0
69 95 0 0
70 95 0 0
94 95 0 0
54 96 0 0
55 96 0 0
56 96 0 0
94 96 0 0
95 96 0 0
58 97 0 0
59 97 0 0
62 97 0 0
65 97 0 0
66 97 0 0
67 97 0 0
68 97 0 0
72 97 0 0
73 97 0 0
74 97 0 0
75 97 0 0
76 97 0 0
78 97 0 0
79 97 0 0
80 97 0 0
81 97 0 0
82 97 0 0
84 97 0 0
87 97 0 0
89 97 0 0
93 97 0 0
54 98 0 0
55 98 0 0
56 98 0 0
61 98 0 0
64 98 0 0
69 98 0 0
70 98 0 0
77 98 0 0
94 98 0 0
95 98 0 0
96 98 0 0
57 99 0 0
58 99 0 0
59 99 0 0
62 99 0 0
65 99 0 0
66 99 0 0
67 99 0 0
68 99 0 0
72 99 0 0
74 99 0 0
76 99 0 0
78 99 0 0
79 99 0 0
80 99 0 0
82 99 0 0
84 99 0 0
87 99 0 0
89 99 0 0
93 99 0 0
97 99 0 0
54 100 0 0
55 100 0 0
56 100 0 0
61 100 0 0
62 100 0 0
63 100 0 0
64 100 0 0
69 100 0 0
70 100 0 0
71 100 0 0
75 100 0 0
77 100 0 0
86 100 0 0
95 100 0 0
96 100 0 0
98 100 0 0
54 101 0 0
56 101 0 0
58 101 0 0
61 101 0 0
62 101 0 0
63 101 0 0
64 101 0 0
67 101 0 0
69 101 0 0
70 101 0 0
71 101 0 0
73 101 0 0
75 101 0 0
77 101 0 0
86 101 0 0
98 101 0 0
100 101 0 0
54 102 0 0
55 102 0 0
56 102 0 0
61 102 0 0
64 102 0 0
69 102 0 0
70 102 0 0
94 102 0 0
95 102 0 0
96 102 0 0
98 102 0 0
100 102 0 0
101 102 0 0
54 103 0 0
55 103 0 0
56 103 0 0
58 103 0 0
61 103 0 0
62 103 0 0
63 103 0 0
64 103 0 0
67 103 0 0
69 103 0 0
70 103 0 0
71 103 0 0
73 103 0 0
75 103 0 0
77 103 0 0
86 103 0 0
95 103 0 0
98 103 0 0
100 103 0 0
101 103 0 0
102 103 0 0
58 104 0 0
61 104 0 0
62 104 0 0
63 104 0 0
64 104 0 0
67 104 0 0
69 104 0 0
70 104 0 0
71 104 0 0
73 104 0 0
75 104 0 0
77 104 0 0
86 104 0 0
98 104 0 0
100 104 0 0
101 104 0 0
102 104 0 0
103 104 0 0
57 105 0 0
59 105 0 0
60 105 0 0
68 105 0 0
83 105 0 0
85 105 0 0
88 105 0 0
89 105 0 0
90 105 0 0
91 105 0 0
92 105 0 0
93 105 0 0
58 106 0 0
59 106 0 0
62 106 0 0
65 106 0 0
66 106 0 0
67 106 0 0
68 106 0 0
72 106 0 0
73 106 0 0
74 106 0 0
75 106 0 0
76 106 0 0
89 106 0 0
93 106 0 0
97 106 0 0
99 106 0 0
57 107 0 0
59 107 0 0
65 107 0 0
66 107 0 0
68 107 0 0
74 107 0 0
76 107 0 0
83 107 0 0
87 107 0 0
89 107 0 0
91 107 0 0
93 107 0 0
97 107 0 0
99 107 0 0
105 107 0 0
106 107 0 0
57 108 0 0
59 108 0 0
60 108 0 0
65 108 0 0
66 108 0 0
68 108 0 0
74 108 0 0
76 108 0 0
83 108 0 0
89 108 0 0
90 108 0 0
91 108 0 0
92 108 0 0
93 108 0 0
97 108 0 0
99 108 0 0
105 108 0 0
106 108 0 0
107 108 0 0
55 109 0 0
56 109 0 0
61 109 0 0
63 109 0 0
64 109 0 0
69 109 0 0
70 109 0 0
95 109 0 0
96 109 0 0
98 109 0 0
100 109 0 0
101 109 0 0
102 109 0 0
103 109 0 0
104 109 0 0
55 110 0 0
56 110 0 0
94 110 0 0
95 110 0 0
96 110 0 0
98 110 0 0
100 110 0 0
102 110 0 0
109 110 0 0
58 111 0 0
62 111 0 0
63 111 0 0
64 111 0 0
65 111 0 0
66 111 0 0
67 111 0 0
68 111 0 0
71 111 0 0
72 111 0 0
73 111 0 0
74 111 0 0
75 111 0 0
76 111 0 0
78 111 0 0
81 111 0 0
86 111 0 0
93 111 0 0
97 111 0 0
99 111 0 0
101 111 0 0
103 111 0 0
104 111 0 0
106 111 0 0
107 111 0 0
108 111 0 0
54 112 0 0
55 112 0 0
56 112 0 0
61 112 0 0
63 112 0 0
64 112 0 0
69 112 0 0
70 112 0 0
71 112 0 0
77 112 0 0
94 112 0 0
95 112 0 0
96 112 0 0
98 112 0 0
100 112 0 0
101 112 0 0
102 112 0 0
103 112 0 0
104 112 0 0
109 112 0 0
110 112 0 0
55 113 0 0
56 113 0 0
94 113 0 0
95 113 0 0
96 113 0 0
98 113 0 0
102 113 0 0
109 113 0 0
110 113 0 0
112 113 0 0
58 114 0 0
61 114 0 0
62 114 0 0
63 114 0 0
64 114 0 0
65 114 0 0
67 114 0 0
71 114 0 0
73 114 0 0
75 114 0 0
76 114 0 0
77 114 0 0
86 114 0 0
97 114 0 0
99 114 0 0
100 114 0 0
101 114 0 0
103 114 0 0
104 114 0 0
106 114 0 0
109 114 0 0
111 114 0 0
112 114 0 0
57 115 0 0
59 115 0 0
60 115 0 0
65 115 0 0
66 115 0 0
68 115 0 0
74 115 0 0
76 115 0 0
83 115 0 0
87 115 0 0
88 115 0 0
89 115 0 0
90 115 0 0
91 115 0 0
92 115 0 0
93 115 0 0
97 115 0 0
99 115 0 0
105 115 0 0
106 115 0 0
107 115 0 0
108 115 0 0
111 115 0 0
90 116 0 0
91 116 0 0
92 116 0 0
105 116 0 0
108 116 0 0
115 116 0 0
106 117 0 0
107 117 0 0
111 117 0 0
109 118 0 0
114 118 0 0
109 119 0 0
112 119 0 0
118 119 0 0
109 120 0 0
112 120 0 0
118 120 0 0
119 120 0 0
106 121 0 0
107 121 0 0
111 121 0 0
117 121 0 0
111 122 0 0
114 122 0 0
117 122 0 0
118 122 0 0
119 122 0 0
121 122 0 0
95 123 0 0
102 123 0 0
109 123 0 0
110 123 0 0
112 123 0 0
113 123 0 0
119 123 0 0
120 123 0 0
95 124 0 0
98 124 0 0
100 124 0 0
102 124 0 0
109 124 0 0
110 124 0 0
112 124 0 0
113 124 0 0
118 124 0 0
119 124 0 0
120 124 0 0
123 124 0 0
94 125 0 0
95 125 0 0
96 125 0 0
102 125 0 0
110 125 0 0
113 125 0 0
120 125 0 0
123 125 0 0
124 125 0 0
56 126 0 0
94 126 0 0
95 126 0 0
96 126 0 0
98 126 0 0
100 126 0 0
102 126 0 0
103 126 0 0
109 126 0 0
110 126 0 0
112 126 0 0
113 126 0 0
118 126 0 0
119 126 0 0
120 126 0 0
123 126 0 0
124 126 0 0
125 126 0 0
89 127 0 0
90 127 0 0
91 127 0 0
92 127 0 0
93 127 0 0
99 127 0 0
105 127 0 0
107 127 0 0
108 127 0 0
115 127 0 0
116 127 0 0
67 128 0 0
97 128 0 0
99 128 0 0
104 128 0 0
106 128 0 0
107 128 0 0
111 128 0 0
114 128 0 0
117 128 0 0
118 128 0 0
121 128 0 0
122 128 0 0
66 129 0 0
93 129 0 0
97 129 0 0
99 129 0 0
106 129 0 0
107 129 0 0
108 129 0 0
111 129 0 0
115 129 0 0
117 129 0 0
121 129 0 0
127 129 0 0
128 129 0 0
68 130 0 0
89 130 0 0
90 130 0 0
91 130 0 0
93 130 0 0
97 130 0 0
99 130 0 0
105 130 0 0
106 130 0 0
107 130 0 0
108 130 0 0
111 130 0 0
115 130 0 0
116 130 0 0
117 130 0 0
121 130 0 0
127 130 0 0
129 130 0 0
94 131 0 0
95 131 0 0
96 131 0 0
102 131 0 0
110 131 0 0
113 131 0 0
120 131 0 0
123 131 0 0
124 131 0 0
125 131 0 0
126 131 0 0
95 132 0 0
98 132 0 0
100 132 0 0
101 132 0 0
102 132 0 0
103 132 0 0
104 132 0 0
109 132 0 0
110 132 0 0
112 132 0 0
118 132 0 0
119 132 0 0
120 132 0 0
123 132 0 0
124 132 0 0
126 132 0 0
131 132 0 0
91 133 0 0
93 133 0 0
97 133 0 0
99 133 0 0
106 133 0 0
107 133 0 0
108 133 0 0
111 133 0 0
115 133 0 0
116 133 0 0
117 133 0 0
121 133 0 0
127 133 0 0
128 133 0 0
129 133 0 0
130 133 0 0
94 134 0 0
95 134 0 0
96 134 0 0
102 134 0 0
109 134 0 0
110 134 0 0
112 134 0 0
113 134 0 0
120 134 0 0
123 134 0 0
124 134 0 0
125 134 0 0
126 134 0 0
131 134 0 0
132 134 0 0
98 135 0 0
100 135 0 0
101 135 0 0
102 135 0 0
103 135 0 0
104 135 0 0
109 135 0 0
112 135 0 0
114 135 0 0
118 135 0 0
119 135 0 0
120 135 0 0
122 135 0 0
123 135 0 0
124 135 0 0
126 135 0 0
132 135 0 0
134 135 0 0
100 136 0 0
101 136 0 0
103 136 0 0
104 136 0 0
109 136 0 0
111 136 0 0
112 136 0 0
114 136 0 0
118 136 0 0
119 136 0 0
120 136 0 0
122 136 0 0
124 136 0 0
126 136 0 0
128 136 0 0
132 136 0 0
135 136 0 0
93 137 0 0
97 137 0 0
99 137 0 0
106 137 0 0
107 137 0 0
108 137 0 0
111 137 0 0
115 137 0 0
117 137 0 0
121 137 0 0
122 137 0 0
127 137 0 0
128 137 0 0
129 137 0 0
130 137 0 0
133 137 0 0
104 138 0 0
106 138 0 0
111 138 0 0
114 138 0 0
117 138 0 0
118 138 0 0
121 138 0 0
122 138 0 0
128 138 0 0
129 138 0 0
133 138 0 0
135 138 0 0
136 138 0 0
137 138 0 0
93 139 0 0
97 139 0 0
99 139 0 0
106 139 0 0
107 139 0 0
108 139 0 0
111 139 0 0
114 139 0 0
117 139 0 0
121 139 0 0
122 139 0 0
128 139 0 0
129 139 0 0
130 139 0 0
133 139 0 0
137 139 0 0
138 139 0 0
101 140 0 0
103 140 0 0
104 140 0 0
109 140 0 0
111 140 0 0
114 140 0 0
117 140 0 0
118 140 0 0
119 140 0 0
121 140 0 0
122 140 0 0
128 140 0 0
132 140 0 0
135 140 0 0
136 140 0 0
137 140 0 0
138 140 0 0
139 140 0 0
118 141 0 0
119 141 0 0
120 141 0 0
122 141 0 0
124 141 0 0
126 141 0 0
132 141 0 0
135 141 0 0
136 141 0 0
140 141 0 0
118 142 0 0
119 142 0 0
120 142 0 0
123 142 0 0
124 142 0 0
126 142 0 0
131 142 0 0
132 142 0 0
134 142 0 0
135 142 0 0
136 142 0 0
141 142 0 0
116 143 0 0
120 144 0 0
123 144 0 0
124 144 0 0
134 144 0 0
142 144 0 0
143 145 0 0
118 146 0 0
119 146 0 0
120 146 0 0
122 146 0 0
135 146 0 0
136 146 0 0
140 146 0 0
141 146 0 0
142 146 0 0
118 147 0 0
119 147 0 0
120 147 0 0
124 147 0 0
135 147 0 0
141 147 0 0
142 147 0 0
144 147 0 0
146 147 0 0
123 148 0 0
142 148 0 0
144 148 0 0
117 149 0 0
117 150 0 0
145 150 0 0
149 150 0 0
117 151 0 0
143 151 0 0
145 151 0 0
149 151 0 0
150 151 0 0
118 152 0 0
119 152 0 0
122 152 0 0
141 152 0 0
142 152 0 0
146 152 0 0
147 152 0 0
119 153 0 0
120 153 0 0
123 153 0 0
124 153 0 0
141 153 0 0
142 153 0 0
144 153 0 0
147 153 0 0
148 153 0 0
152 153 0 0
143 154 0 0
145 154 0 0
149 154 0 0
150 154 0 0
151 154 0 0
118 155 0 0
122 155 0 0
141 155 0 0
146 155 0 0
147 155 0 0
149 155 0 0
152 155 0 0
118 156 0 0
119 156 0 0
141 156 0 0
142 156 0 0
146 156 0 0
147 156 0 0
152 156 0 0
153 156 0 0
155 156 0 0
142 157 0 0
144 157 0 0
148 157 0 0
153 157 0 0
116 158 0 0
117 158 0 0
127 158 0 0
129 158 0 0
130 158 0 0
133 158 0 0
143 158 0 0
145 158 0 0
149 158 0 0
150 158 0 0
151 158 0 0
154 158 0 0
120 159 0 0
123 159 0 0
124 159 0 0
125 159 0 0
131 159 0 0
134 159 0 0
142 159 0 0
144 159 0 0
148 159 0 0
153 159 0 0
157 159 0 0
119 160 0 0
120 160 0 0
123 160 0 0
124 160 0 0
125 160 0 0
126 160 0 0
131 160 0 0
134 160 0 0
141 160 0 0
142 160 0 0
144 160 0 0
148 160 0 0
153 160 0 0
157 160 0 0
159 160 0 0
117 161 0 0
121 161 0 0
127 161 0 0
129 161 0 0
130 161 0 0
133 161 0 0
137 161 0 0
139 161 0 0
143 161 0 0
145 161 0 0
149 161 0 0
150 161 0 0
151 161 0 0
154 161 0 0
158 161 0 0
118 162 0 0
119 162 0 0
120 162 0 0
123 162 0 0
124 162 0 0
126 162 0 0
132 162 0 0
135 162 0 0
136 162 0 0
141 162 0 0
142 162 0 0
144 162 0 0
146 162 0 0
147 162 0 0
152 162 0 0
153 162 0 0
155 162 0 0
156 162 0 0
157 162 0 0
160 162 0 0
118 163 0 0
119 163 0 0
120 163 0 0
123 163 0 0
124 163 0 0
126 163 0 0
132 163 0 0
134 163 0 0
135 163 0 0
136 163 0 0
141 163 0 0
142 163 0 0
144 163 0 0
146 163 0 0
147 163 0 0
148 163 0 0
152 163 0 0
153 163 0 0
156 163 0 0
157 163 0 0
159 163 0 0
160 163 0 0
162 163 0 0
119 164 0 0
120 164 0 0
123 164 0 0
124 164 0 0
131 164 0 0
134 164 0 0
141 164 0 0
142 164 0 0
144 164 0 0
147 164 0 0
148 164 0 0
153 164 0 0
157 164 0 0
159 164 0 0
160 164 0 0
162 164 0 0
163 164 0 0
119 165 0 0
120 165 0 0
123 165 0 0
124 165 0 0
126 165 0 0
132 165 0 0
134 165 0 0
135 165 0 0
141 165 0 0
142 165 0 0
144 165 0 0
146 165 0 0
147 165 0 0
148 165 0 0
153 165 0 0
156 165 0 0
157 165 0 0
159 165 0 0
160 165 0 0
162 165 0 0
163 165 0 0
164 165 0 0
117 166 0 0
121 166 0 0
129 166 0 0
133 166 0 0
137 166 0 0
139 166 0 0
143 166 0 0
145 166 0 0
149 166 0 0
150 166 0 0
151 166 0 0
154 166 0 0
158 166 0 0
161 166 0 0
109 167 0 0
110 167 0 0
112 167 0 0
113 167 0 0
118 167 0 0
119 167 0 0
120 167 0 0
123 167 0 0
124 167 0 0
125 167 0 0
126 167 0 0
131 167 0 0
132 167 0 0
134 167 0 0
135 167 0 0
136 167 0 0
141 167 0 0
142 167 0 0
144 167 0 0
147 167 0 0
148 167 0 0
153 167 0 0
157 167 0 0
159 167 0 0
160 167 0 0
162 167 0 0
163 167 0 0
164 167 0 0
165 167 0 0
118 168 0 0
119 168 0 0
120 168 0 0
122 168 0 0
124 168 0 0
128 168 0 0
132 168 0 0
135 168 0 0
136 168 0 0
138 168 0 0
140 168 0 0
141 168 0 0
146 168 0 0
147 168 0 0
152 168 0 0
155 168 0 0
156 168 0 0
162 168 0 0
163 168 0 0
117 169 0 0
121 169 0 0
127 169 0 0
129 169 0 0
130 169 0 0
133 169 0 0
137 169 0 0
139 169 0 0
143 169 0 0
145 169 0 0
149 169 0 0
150 169 0 0
151 169 0 0
154 169 0 0
158 169 0 0
161 169 0 0
166 169 0 0
123 170 0 0
124 170 0 0
125 170 0 0
131 170 0 0
134 170 0 0
142 170 0 0
144 170 0 0
148 170 0 0
153 170 0 0
157 170 0 0
159 170 0 0
160 170 0 0
163 170 0 0
164 170 0 0
165 170 0 0
167 170 0 0
118 171 0 0
119 171 0 0
120 171 0 0
123 171 0 0
124 171 0 0
126 171 0 0
131 171 0 0
132 171 0 0
134 171 0 0
135 171 0 0
136 171 0 0
141 171 0 0
142 171 0 0
144 171 0 0
146 171 0 0
147 171 0 0
148 171 0 0
152 171 0 0
153 171 0 0
156 171 0 0
157 171 0 0
159 171 0 0
160 171 0 0
162 171 0 0
163 171 0 0
164 171 0 0
165 171 0 0
167 171 0 0
168 171 0 0
170 171 0 0
56 172 0 0
61 172 0 0
62 172 0 0
63 172 0 0
64 172 0 0
95 172 0 0
98 172 0 0
100 172 0 0
101 172 0 0
102 172 0 0
103 172 0 0
104 172 0 0
109 172 0 0
111 172 0 0
112 172 0 0
114 172 0 0
118 172 0 0
119 172 0 0
120 172 0 0
121 172 0 0
122 172 0 0
123 172 0 0
124 172 0 0
126 172 0 0
128 172 0 0
132 172 0 0
135 172 0 0
136 172 0 0
138 172 0 0
139 172 0 0
140 172 0 0
141 172 0 0
146 172 0 0
147 172 0 0
152 172 0 0
162 172 0 0
167 172 0 0
168 172 0 0
171 172 0 0
58 173 0 0
61 173 0 0
62 173 0 0
63 173 0 0
64 173 0 0
65 173 0 0
67 173 0 0
71 173 0 0
73 173 0 0
75 173 0 0
76 173 0 0
97 173 0 0
99 173 0 0
100 173 0 0
101 173 0 0
103 173 0 0
104 173 0 0
106 173 0 0
109 173 0 0
111 173 0 0
114 173 0 0
117 173 0 0
118 173 0 0
119 173 0 0
121 173 0 0
122 173 0 0
128 173 0 0
129 173 0 0
132 173 0 0
135 173 0 0
136 173 0 0
137 173 0 0
138 173 0 0
139 173 0 0
140 173 0 0
168 173 0 0
172 173 0 0
62 174 0 0
65 174 0 0
66 174 0 0
67 174 0 0
68 174 0 0
74 174 0 0
76 174 0 0
89 174 0 0
93 174 0 0
97 174 0 0
99 174 0 0
106 174 0 0
107 174 0 0
108 174 0 0
111 174 0 0
114 174 0 0
115 174 0 0
117 174 0 0
121 174 0 0
122 174 0 0
128 174 0 0
129 174 0 0
130 174 0 0
133 174 0 0
137 174 0 0
138 174 0 0
139 174 0 0
140 174 0 0
173 174 0 0
59 175 0 0
65 175 0 0
66 175 0 0
67 175 0 0
68 175 0 0
76 175 0 0
89 175 0 0
91 175 0 0
93 175 0 0
97 175 0 0
99 175 0 0
106 175 0 0
107 175 0 0
108 175 0 0
111 175 0 0
114 175 0 0
115 175 0 0
117 175 0 0
121 175 0 0
122 175 0 0
127 175 0 0
128 175 0 0
129 175 0 0
130 175 0 0
133 175 0 0
137 175 0 0
138 175 0 0
139 175 0 0
169 175 0 0
173 175 0 0
174 175 0 0
57 176 0 0
59 176 0 0
60 176 0 0
65 176 0 0
66 176 0 0
68 176 0 0
76 176 0 0
83 176 0 0
89 176 0 0
90 176 0 0
91 176 0 0
92 176 0 0
93 176 0 0
97 176 0 0
99 176 0 0
105 176 0 0
106 176 0 0
107 176 0 0
108 176 0 0
111 176 0 0
115 176 0 0
116 176 0 0
117 176 0 0
121 176 0 0
127 176 0 0
129 176 0 0
130 176 0 0
133 176 0 0
137 176 0 0
139 176 0 0
169 176 0 0
174 176 0 0
175 176 0 0
55 177 0 0
56 177 0 0
94 177 0 0
95 177 0 0
96 177 0 0
98 177 0 0
102 177 0 0
109 177 0 0
110 177 0 0
112 177 0 0
113 177 0 0
120 177 0 0
123 177 0 0
124 177 0 0
125 177 0 0
126 177 0 0
131 177 0 0
132 177 0 0
134 177 0 0
167 177 0 0
170 177 0 0
56 178 0 0
95 178 0 0
98 178 0 0
100 178 0 0
101 178 0 0
102 178 0 0
103 178 0 0
104 178 0 0
109 178 0 0
110 178 0 0
112 178 0 0
114 178 0 0
118 178 0 0
119 178 0 0
120 178 0 0
123 178 0 0
124 178 0 0
126 178 0 0
132 178 0 0
134 178 0 0
135 178 0 0
136 178 0 0
140 178 0 0
141 178 0 0
142 178 0 0
162 178 0 0
167 178 0 0
168 178 0 0
171 178 0 0
172 178 0 0
173 178 0 0
177 178 0 0
57 179 0 0
60 179 0 0
89 179 0 0
90 179 0 0
91 179 0 0
92 179 0 0
93 179 0 0
99 179 0 0
105 179 0 0
107 179 0 0
108 179 0 0
115 179 0 0
116 179 0 0
127 179 0 0
129 179 0 0
130 179 0 0
133 179 0 0
169 179 0 0
175 179 0 0
176 179 0 0
57 180 0 0
60 180 0 0
66 180 0 0
68 180 0 0
76 180 0 0
89 180 0 0
90 180 0 0
91 180 0 0
92 180 0 0
93 180 0 0
97 180 0 0
99 180 0 0
105 180 0 0
106 180 0 0
107 180 0 0
108 180 0 0
115 180 0 0
116 180 0 0
117 180 0 0
121 180 0 0
127 180 0 0
129 180 0 0
130 180 0 0
133 180 0 0
137 180 0 0
139 180 0 0
169 180 0 0
174 180 0 0
175 180 0 0
176 180 0 0
179 180 0 0
66 181 0 0
68 181 0 0
76 181 0 0
89 181 0 0
91 181 0 0
93 181 0 0
97 181 0 0
99 181 0 0
106 181 0 0
107 181 0 0
108 181 0 0
111 181 0 0
115 181 0 0
117 181 0 0
121 181 0 0
127 181 0 0
128 181 0 0
129 181 0 0
130 181 0 0
133 181 0 0
137 181 0 0
139 181 0 0
169 181 0 0
174 181 0 0
175 181 0 0
176 181 0 0
179 181 0 0
180 181 0 0
62 182 0 0
63 182 0 0
67 182 0 0
100 182 0 0
101 182 0 0
103 182 0 0
104 182 0 0
106 182 0 0
109 182 0 0
111 182 0 0
112 182 0 0
114 182 0 0
118 182 0 0
119 182 0 0
121 182 0 0
122 182 0 0
128 182 0 0
132 182 0 0
135 182 0 0
136 182 0 0
138 182 0 0
139 182 0 0
140 182 0 0
168 182 0 0
172 182 0 0
173 182 0 0
174 182 0 0
175 182 0 0
178 182 0 0
45 183 0 0
46 183 0 0
54 183 0 0
55 183 0 0
56 183 0 0
61 183 0 0
63 183 0 0
64 183 0 0
69 183 0 0
70 183 0 0
71 183 0 0
75 183 0 0
77 183 0 0
94 183 0 0
95 183 0 0
96 183 0 0
98 183 0 0
100 183 0 0
101 183 0 0
102 183 0 0
103 183 0 0
104 183 0 0
109 183 0 0
110 183 0 0
112 183 0 0
113 183 0 0
126 183 0 0
132 183 0 0
172 183 0 0
177 183 0 0
178 183 0 0
32 184 0 0
34 184 0 0
45 184 0 0
46 184 0 0
54 184 0 0
55 184 0 0
56 184 0 0
61 184 0 0
62 184 0 0
63 184 0 0
64 184 0 0
69 184 0 0
70 184 0 0
71 184 0 0
73 184 0 0
75 184 0 0
77 184 0 0
86 184 0 0
95 184 0 0
98 184 0 0
100 184 0 0
101 184 0 0
102 184 0 0
103 184 0 0
104 184 0 0
109 184 0 0
112 184 0 0
114 184 0 0
126 184 0 0
132 184 0 0
172 184 0 0
173 184 0 0
178 184 0 0
183 184 0 0
32 185 0 0
39 185 0 0
47 185 0 0
48 185 0 0
58 185 0 0
61 185 0 0
62 185 0 0
63 185 0 0
64 185 0 0
65 185 0 0
67 185 0 0
70 185 0 0
71 185 0 0
72 185 0 0
73 185 0 0
74 185 0 0
75 185 0 0
76 185 0 0
77 185 0 0
78 185 0 0
81 185 0 0
86 185 0 0
97 185 0 0
100 185 0 0
101 185 0 0
103 185 0 0
104 185 0 0
106 185 0 0
111 185 0 0
114 185 0 0
128 185 0 0
172 185 0 0
173 185 0 0
174 185 0 0
182 185 0 0
183 185 0 0
184 185 0 0
35 186 0 0
49 186 0 0
57 186 0 0
58 186 0 0
59 186 0 0
62 186 0 0
65 186 0 0
66 186 0 0
67 186 0 0
68 186 0 0
72 186 0 0
73 186 0 0
74 186 0 0
76 186 0 0
78 186 0 0
79 186 0 0
80 186 0 0
81 186 0 0
82 186 0 0
84 186 0 0
87 186 0 0
88 186 0 0
89 186 0 0
93 186 0 0
97 186 0 0
99 186 0 0
106 186 0 0
107 186 0 0
108 186 0 0
111 186 0 0
115 186 0 0
129 186 0 0
130 186 0 0
173 186 0 0
174 186 0 0
175 186 0 0
176 186 0 0
180 186 0 0
181 186 0 0
185 186 0 0
33 187 0 0
36 187 0 0
37 187 0 0
40 187 0 0
49 187 0 0
57 187 0 0
59 187 0 0
60 187 0 0
66 187 0 0
68 187 0 0
76 187 0 0
83 187 0 0
84 187 0 0
85 187 0 0
87 187 0 0
88 187 0 0
89 187 0 0
90 187 0 0
91 187 0 0
92 187 0 0
93 187 0 0
99 187 0 0
105 187 0 0
107 187 0 0
108 187 0 0
115 187 0 0
127 187 0 0
175 187 0 0
176 187 0 0
179 187 0 0
180 187 0 0
186 187 0 0
39 188 0 0
48 188 0 0
58 188 0 0
61 188 0 0
62 188 0 0
63 188 0 0
64 188 0 0
65 188 0 0
66 188 0 0
67 188 0 0
71 188 0 0
72 188 0 0
73 188 0 0
74 188 0 0
75 188 0 0
76 188 0 0
77 188 0 0
78 188 0 0
79 188 0 0
80 188 0 0
81 188 0 0
86 188 0 0
97 188 0 0
99 188 0 0
101 188 0 0
103 188 0 0
104 188 0 0
106 188 0 0
111 188 0 0
114 188 0 0
128 188 0 0
138 188 0 0
172 188 0 0
173 188 0 0
174 188 0 0
175 188 0 0
182 188 0 0
185 188 0 0
186 188 0 0
33 189 0 0
57 189 0 0
59 189 0 0
60 189 0 0
65 189 0 0
66 189 0 0
68 189 0 0
74 189 0 0
76 189 0 0
79 189 0 0
82 189 0 0
83 189 0 0
84 189 0 0
85 189 0 0
87 189 0 0
88 189 0 0
89 189 0 0
90 189 0 0
91 189 0 0
92 189 0 0
93 189 0 0
97 189 0 0
99 189 0 0
105 189 0 0
106 189 0 0
107 189 0 0
108 189 0 0
115 189 0 0
127 189 0 0
129 189 0 0
130 189 0 0
133 189 0 0
174 189 0 0
175 189 0 0
176 189 0 0
179 189 0 0
180 189 0 0
181 189 0 0
186 189 0 0
187 189 0 0
58 190 0 0
59 190 0 0
62 190 0 0
63 190 0 0
65 190 0 0
66 190 0 0
67 190 0 0
68 190 0 0
72 190 0 0
73 190 0 0
74 190 0 0
75 190 0 0
76 190 0 0
78 190 0 0
79 190 0 0
80 190 0 0
81 190 0 0
82 190 0 0
84 190 0 0
86 190 0 0
87 190 0 0
89 190 0 0
93 190 0 0
97 190 0 0
99 190 0 0
106 190 0 0
107 190 0 0
108 190 0 0
111 190 0 0
114 190 0 0
115 190 0 0
128 190 0 0
129 190 0 0
139 190 0 0
173 190 0 0
174 190 0 0
175 190 0 0
176 190 0 0
180 190 0 0
181 190 0 0
185 190 0 0
186 190 0 0
188 190 0 0
189 190 0 0
58 191 0 0
59 191 0 0
62 191 0 0
65 191 0 0
66 191 0 0
67 191 0 0
68 191 0 0
72 191 0 0
73 191 0 0
74 191 0 0
75 191 0 0
76 191 0 0
78 191 0 0
79 191 0 0
80 191 0 0
81 191 0 0
82 191 0 0
84 191 0 0
87 191 0 0
89 191 0 0
93 191 0 0
97 191 0 0
99 191 0 0
106 191 0 0
107 191 0 0
108 191 0 0
111 191 0 0
114 191 0 0
115 191 0 0
128 191 0 0
129 191 0 0
130 191 0 0
133 191 0 0
137 191 0 0
173 191 0 0
174 191 0 0
175 191 0 0
176 191 0 0
180 191 0 0
181 191 0 0
185 191 0 0
186 191 0 0
188 191 0 0
189 191 0 0
190 191 0 0
49 192 0 0
57 192 0 0
59 192 0 0
60 192 0 0
65 192 0 0
66 192 0 0
67 192 0 0
68 192 0 0
72 192 0 0
74 192 0 0
76 192 0 0
79 192 0 0
80 192 0 0
82 192 0 0
83 192 0 0
84 192 0 0
85 192 0 0
87 192 0 0
88 192 0 0
89 192 0 0
91 192 0 0
93 192 0 0
97 192 0 0
99 192 0 0
105 192 0 0
106 192 0 0
107 192 0 0
108 192 0 0
111 192 0 0
115 192 0 0
127 192 0 0
129 192 0 0
130 192 0 0
133 192 0 0
137 192 0 0
174 192 0 0
175 192 0 0
176 192 0 0
179 192 0 0
180 192 0 0
181 192 0 0
186 192 0 0
187 192 0 0
188 192 0 0
189 192 0 0
190 192 0 0
191 192 0 0
4 193 0 1
5 193 0 1
6 193 0 1
7 193 0 1
12 193 0 1
14 193 0 1
15 193 0 1
19 193 0 1
24 193 0 1
25 193 0 1
28 193 0 1
31 193 0 1
34 193 0 1
43 193 0 1
45 193 0 1
46 193 0 1
47 193 0 1
53 193 0 1
12 194 0 1
14 194 0 1
15 194 0 1
24 194 0 1
25 194 0 1
29 194 0 1
31 194 0 1
32 194 0 1
34 194 0 1
45 194 0 1
46 194 0 1
47 194 0 1
48 194 0 1
53 194 0 1
54 194 0 1
55 194 0 1
56 194 0 1
61 194 0 1
64 194 0 1
69 194 0 1
70 194 0 1
71 194 0 1
77 194 0 1
86 194 0 1
183 194 0 1
184 194 0 1
104 195 0 1
106 195 0 1
111 195 0 1
114 195 0 1
117 195 0 1
118 195 0 1
119 195 0 1
120 195 0 1
121 195 0 1
122 195 0 1
128 195 0 1
129 195 0 1
132 195 0 1
133 195 0 1
135 195 0 1
136 195 0 1
137 195 0 1
138 195 0 1
139 195 0 1
140 195 0 1
141 195 0 1
146 195 0 1
147 195 0 1
149 195 0 1
150 195 0 1
152 195 0 1
155 195 0 1
156 195 0 1
161 195 0 1
162 195 0 1
166 195 0 1
168 195 0 1
169 195 0 1
171 195 0 1
172 195 0 1
173 195 0 1
174 195 0 1
175 195 0 1
178 195 0 1
181 195 0 1
182 195 0 1
2 196 0 1
3 196 0 1
8 196 0 1
10 196 0 1
11 196 0 1
16 196 0 1
17 196 0 1
20 196 0 1
22 196 0 1
23 196 0 1
27 196 0 1
30 196 0 1
36 196 0 1
37 196 0 1
40 196 0 1
41 196 0 1
50 196 0 1
51 196 0 1
52 196 0 1
83 196 0 1
1 197 0 1
2 197 0 1
3 197 0 1
8 197 0 1
9 197 0 1
10 197 0 1
11 197 0 1
13 197 0 1
16 197 0 1
17 197 0 1
18 197 0 1
20 197 0 1
21 197 0 1
22 197 0 1
23 197 0 1
26 197 0 1
27 197 0 1
30 197 0 1
36 197 0 1
37 197 0 1
40 197 0 1
41 197 0 1
42 197 0 1
50 197 0 1
51 197 0 1
52 197 0 1
83 197 0 1
1 198 0 1
2 198 0 1
3 198 0 1
4 198 0 1
6 198 0 1
8 198 0 1
9 198 0 1
10 198 0 1
11 198 0 1
13 198 0 1
16 198 0 1
17 198 0 1
18 198 0 1
19 198 0 1
20 198 0 1
21 198 0 1
22 198 0 1
23 198 0 1
26 198 0 1
27 198 0 1
42 198 0 1
50 198 0 1
51 198 0 1
29 199 0 1
1 200 0 1
4 200 0 1
5 200 0 1
6 200 0 1
7 200 0 1
12 200 0 1
14 200 0 1
15 200 0 1
19 200 0 1
24 200 0 1
25 200 0 1
28 200 0 1
31 200 0 1
43 200 0 1
53 200 0 1
14 201 0 1
24 201 0 1
29 201 0 1
45 201 0 1
53 201 0 1
29 202 0 1
29 203 0 1
2 204 0 1
3 204 0 1
8 204 0 1
11 204 0 1
16 204 0 1
17 204 0 1
20 204 0 1
22 204 0 1
23 204 0 1
27 204 0 1
30 204 0 1
33 204 0 1
36 204 0 1
37 204 0 1
40 204 0 1
41 204 0 1
49 204 0 1
50 204 0 1
51 204 0 1
52 204 0 1
83 204 0 1
85 204 0 1
88 204 0 1
1 205 0 1
4 205 0 1
5 205 0 1
6 205 0 1
7 205 0 1
12 205 0 1
14 205 0 1
15 205 0 1
19 205 0 1
24 205 0 1
25 205 0 1
28 205 0 1
31 205 0 1
32 205 0 1
34 205 0 1
38 205 0 1
39 205 0 1
43 205 0 1
44 205 0 1
45 205 0 1
46 205 0 1
47 205 0 1
48 205 0 1
53 205 0 1
77 205 0 1
78 205 0 1
81 205 0 1
86 205 0 1
1 206 0 1
4 206 0 1
5 206 0 1
6 206 0 1
7 206 0 1
12 206 0 1
14 206 0 1
15 206 0 1
19 206 0 1
24 206 0 1
25 206 0 1
28 206 0 1
31 206 0 1
32 206 0 1
34 206 0 1
38 206 0 1
39 206 0 1
43 206 0 1
44 206 0 1
45 206 0 1
46 206 0 1
47 206 0 1
48 206 0 1
53 206 0 1
73 206 0 1
75 206 0 1
77 206 0 1
78 206 0 1
81 206 0 1
86 206 0 1
1 207 0 1
2 207 0 1
3 207 0 1
8 207 0 1
9 207 0 1
10 207 0 1
11 207 0 1
13 207 0 1
16 207 0 1
17 207 0 1
18 207 0 1
19 207 0 1
20 207 0 1
21 207 0 1
22 207 0 1
23 207 0 1
26 207 0 1
27 207 0 1
30 207 0 1
33 207 0 1
35 207 0 1
36 207 0 1
37 207 0 1
40 207 0 1
41 207 0 1
42 207 0 1
44 207 0 1
49 207 0 1
50 207 0 1
51 207 0 1
52 207 0 1
59 207 0 1
76 207 0 1
79 207 0 1
80 207 0 1
82 207 0 1
83 207 0 1
84 207 0 1
85 207 0 1
87 207 0 1
88 207 0 1
89 207 0 1
1 208 0 1
4 208 0 1
6 208 0 1
8 208 0 1
9 208 0 1
10 208 0 1
11 208 0 1
13 208 0 1
16 208 0 1
17 208 0 1
18 208 0 1
19 208 0 1
20 208 0 1
21 208 0 1
22 208 0 1
26 208 0 1
27 208 0 1
33 208 0 1
35 208 0 1
37 208 0 1
38 208 0 1
40 208 0 1
42 208 0 1
44 208 0 1
49 208 0 1
50 208 0 1
51 208 0 1
52 208 0 1
72 208 0 1
76 208 0 1
78 208 0 1
79 208 0 1
80 208 0 1
81 208 0 1
82 208 0 1
83 208 0 1
84 208 0 1
87 208 0 1
88 208 0 1
89 208 0 1
1 209 0 1
4 209 0 1
5 209 0 1
6 209 0 1
7 209 0 1
9 209 0 1
10 209 0 1
12 209 0 1
13 209 0 1
15 209 0 1
18 209 0 1
19 209 0 1
21 209 0 1
25 209 0 1
26 209 0 1
28 209 0 1
32 209 0 1
35 209 0 1
38 209 0 1
39 209 0 1
42 209 0 1
43 209 0 1
44 209 0 1
47 209 0 1
48 209 0 1
49 209 0 1
72 209 0 1
78 209 0 1
79 209 0 1
80 209 0 1
81 209 0 1
82 209 0 1
86 209 0 1
29 210 0 1
45 210 0 1
54 210 0 1
2 211 0 1
3 211 0 1
8 211 0 1
11 211 0 1
16 211 0 1
17 211 0 1
20 211 0 1
22 211 0 1
23 211 0 1
27 211 0 1
30 211 0 1
33 211 0 1
36 211 0 1
37 211 0 1
40 211 0 1
41 211 0 1
49 211 0 1
50 211 0 1
51 211 0 1
52 211 0 1
83 211 0 1
85 211 0 1
88 211 0 1
1 212 0 1
4 212 0 1
5 212 0 1
6 212 0 1
7 212 0 1
12 212 0 1
14 212 0 1
15 212 0 1
19 212 0 1
24 212 0 1
25 212 0 1
26 212 0 1
28 212 0 1
31 212 0 1
32 212 0 1
34 212 0 1
35 212 0 1
38 212 0 1
39 212 0 1
43 212 0 1
44 212 0 1
46 212 0 1
47 212 0 1
48 212 0 1
53 212 0 1
58 212 0 1
71 212 0 1
72 212 0 1
73 212 0 1
75 212 0 1
77 212 0 1
78 212 0 1
80 212 0 1
81 212 0 1
86 212 0 1
1 213 0 1
4 213 0 1
5 213 0 1
6 213 0 1
7 213 0 1
12 213 0 1
14 213 0 1
15 213 0 1
19 213 0 1
24 213 0 1
25 213 0 1
28 213 0 1
31 213 0 1
32 213 0 1
34 213 0 1
38 213 0 1
39 213 0 1
43 213 0 1
44 213 0 1
45 213 0 1
46 213 0 1
47 213 0 1
48 213 0 1
53 213 0 1
71 213 0 1
73 213 0 1
75 213 0 1
77 213 0 1
78 213 0 1
81 213 0 1
86 213 0 1
1 214 0 1
4 214 0 1
5 214 0 1
6 214 0 1
7 214 0 1
12 214 0 1
14 214 0 1
15 214 0 1
19 214 0 1
24 214 0 1
25 214 0 1
26 214 0 1
28 214 0 1
31 214 0 1
32 214 0 1
34 214 0 1
38 214 0 1
39 214 0 1
43 214 0 1
44 214 0 1
46 214 0 1
47 214 0 1
48 214 0 1
53 214 0 1
81 214 0 1
12 215 0 1
14 215 0 1
24 215 0 1
25 215 0 1
29 215 0 1
31 215 0 1
34 215 0 1
45 215 0 1
46 215 0 1
53 215 0 1
5 216 0 1
12 216 0 1
14 216 0 1
15 216 0 1
24 216 0 1
25 216 0 1
31 216 0 1
32 216 0 1
34 216 0 1
45 216 0 1
46 216 0 1
47 216 0 1
53 216 0 1
29 217 0 1
1 218 0 1
2 218 0 1
3 218 0 1
8 218 0 1
9 218 0 1
10 218 0 1
11 218 0 1
13 218 0 1
16 218 0 1
17 218 0 1
18 218 0 1
19 218 0 1
20 218 0 1
21 218 0 1
22 218 0 1
23 218 0 1
26 218 0 1
27 218 0 1
30 218 0 1
33 218 0 1
35 218 0 1
36 218 0 1
37 218 0 1
40 218 0 1
41 218 0 1
42 218 0 1
49 218 0 1
50 218 0 1
51 218 0 1
52 218 0 1
80 218 0 1
82 218 0 1
83 218 0 1
84 218 0 1
85 218 0 1
89 218 0 1
5 219 0 1
12 219 0 1
14 219 0 1
15 219 0 1
24 219 0 1
25 219 0 1
29 219 0 1
31 219 0 1
32 219 0 1
34 219 0 1
43 219 0 1
45 219 0 1
46 219 0 1
47 219 0 1
48 219 0 1
53 219 0 1
54 219 0 1
69 219 0 1
70 219 0 1
77 219 0 1
1 220 0 1
11 220 0 1
13 220 0 1
16 220 0 1
18 220 0 1
26 220 0 1
33 220 0 1
35 220 0 1
37 220 0 1
38 220 0 1
40 220 0 1
41 220 0 1
42 220 0 1
44 220 0 1
49 220 0 1
50 220 0 1
51 220 0 1
52 220 0 1
57 220 0 1
59 220 0 1
65 220 0 1
66 220 0 1
68 220 0 1
72 220 0 1
74 220 0 1
76 220 0 1
78 220 0 1
79 220 0 1
80 220 0 1
81 220 0 1
82 220 0 1
83 220 0 1
84 220 0 1
85 220 0 1
87 220 0 1
88 220 0 1
89 220 0 1
93 220 0 1
97 220 0 1
99 220 0 1
186 220 0 1
187 220 0 1
189 220 0 1
190 220 0 1
191 220 0 1
192 220 0 1
1 221 0 1
13 221 0 1
19 221 0 1
26 221 0 1
28 221 0 1
32 221 0 1
35 221 0 1
38 221 0 1
39 221 0 1
42 221 0 1
43 221 0 1
44 221 0 1
47 221 0 1
48 221 0 1
49 221 0 1
58 221 0 1
59 221 0 1
62 221 0 1
63 221 0 1
65 221 0 1
66 221 0 1
67 221 0 1
68 221 0 1
71 221 0 1
72 221 0 1
73 221 0 1
74 221 0 1
75 221 0 1
76 221 0 1
77 221 0 1
78 221 0 1
79 221 0 1
80 221 0 1
81 221 0 1
82 221 0 1
84 221 0 1
86 221 0 1
87 221 0 1
89 221 0 1
97 221 0 1
99 221 0 1
185 221 0 1
186 221 0 1
188 221 0 1
190 221 0 1
191 221 0 1
192 221 0 1
29 222 0 1
31 222 0 1
32 222 0 1
34 222 0 1
45 222 0 1
46 222 0 1
53 222 0 1
54 222 0 1
55 222 0 1
56 222 0 1
61 222 0 1
69 222 0 1
70 222 0 1
77 222 0 1
98 222 0 1
100 222 0 1
102 222 0 1
183 222 0 1
184 222 0 1
1 223 0 1
31 223 0 1
32 223 0 1
34 223 0 1
38 223 0 1
39 223 0 1
43 223 0 1
44 223 0 1
46 223 0 1
47 223 0 1
48 223 0 1
58 223 0 1
61 223 0 1
62 223 0 1
63 223 0 1
64 223 0 1
65 223 0 1
67 223 0 1
69 223 0 1
70 223 0 1
71 223 0 1
72 223 0 1
73 223 0 1
74 223 0 1
75 223 0 1
76 223 0 1
77 223 0 1
78 223 0 1
80 223 0 1
81 223 0 1
86 223 0 1
97 223 0 1
100 223 0 1
101 223 0 1
103 223 0 1
104 223 0 1
106 223 0 1
111 223 0 1
114 223 0 1
173 223 0 1
184 223 0 1
185 223 0 1
188 223 0 1
190 223 0 1
191 223 0 1
29 224 0 1
54 224 0 1
55 224 0 1
56 224 0 1
69 224 0 1
94 224 0 1
95 224 0 1
96 224 0 1
98 224 0 1
102 224 0 1
110 224 0 1
112 224 0 1
113 224 0 1
177 224 0 1
183 224 0 1
33 225 0 1
37 225 0 1
49 225 0 1
57 225 0 1
59 225 0 1
60 225 0 1
65 225 0 1
66 225 0 1
68 225 0 1
72 225 0 1
74 225 0 1
76 225 0 1
79 225 0 1
80 225 0 1
82 225 0 1
83 225 0 1
84 225 0 1
85 225 0 1
87 225 0 1
88 225 0 1
89 225 0 1
90 225 0 1
91 225 0 1
92 225 0 1
93 225 0 1
97 225 0 1
99 225 0 1
105 225 0 1
106 225 0 1
107 225 0 1
108 225 0 1
115 225 0 1
127 225 0 1
130 225 0 1
174 225 0 1
175 225 0 1
176 225 0 1
179 225 0 1
180 225 0 1
181 225 0 1
186 225 0 1
187 225 0 1
189 225 0 1
190 225 0 1
191 225 0 1
192 225 0 1
54 226 0 1
55 226 0 1
56 226 0 1
61 226 0 1
69 226 0 1
70 226 0 1
94 226 0 1
95 226 0 1
96 226 0 1
98 226 0 1
100 226 0 1
101 226 0 1
102 226 0 1
103 226 0 1
109 226 0 1
110 226 0 1
112 226 0 1
113 226 0 1
126 226 0 1
172 226 0 1
177 226 0 1
178 226 0 1
183 226 0 1
184 226 0 1
54 227 0 1
55 227 0 1
56 227 0 1
94 227 0 1
95 227 0 1
96 227 0 1
98 227 0 1
102 227 0 1
110 227 0 1
112 227 0 1
113 227 0 1
125 227 0 1
131 227 0 1
177 227 0 1
183 227 0 1
45 228 0 1
54 228 0 1
55 228 0 1
56 228 0 1
61 228 0 1
69 228 0 1
70 228 0 1
94 228 0 1
95 228 0 1
96 228 0 1
98 228 0 1
100 228 0 1
102 228 0 1
103 228 0 1
109 228 0 1
110 228 0 1
112 228 0 1
113 228 0 1
177 228 0 1
183 228 0 1
184 228 0 1
54 229 0 1
55 229 0 1
56 229 0 1
69 229 0 1
70 229 0 1
94 229 0 1
95 229 0 1
96 229 0 1
98 229 0 1
100 229 0 1
102 229 0 1
110 229 0 1
112 229 0 1
113 229 0 1
177 229 0 1
183 229 0 1
184 229 0 1
29 230 0 1
54 230 0 1
55 230 0 1
56 230 0 1
94 230 0 1
95 230 0 1
96 230 0 1
98 230 0 1
102 230 0 1
110 230 0 1
113 230 0 1
177 230 0 1
31 231 0 1
32 231 0 1
34 231 0 1
45 231 0 1
46 231 0 1
47 231 0 1
48 231 0 1
53 231 0 1
54 231 0 1
55 231 0 1
56 231 0 1
58 231 0 1
61 231 0 1
62 231 0 1
63 231 0 1
64 231 0 1
69 231 0 1
70 231 0 1
71 231 0 1
73 231 0 1
75 231 0 1
77 231 0 1
86 231 0 1
95 231 0 1
98 231 0 1
100 231 0 1
101 231 0 1
102 231 0 1
103 231 0 1
104 231 0 1
109 231 0 1
112 231 0 1
114 231 0 1
172 231 0 1
183 231 0 1
184 231 0 1
185 231 0 1
45 232 0 1
54 232 0 1
55 232 0 1
56 232 0 1
61 232 0 1
69 232 0 1
70 232 0 1
94 232 0 1
95 232 0 1
96 232 0 1
98 232 0 1
100 232 0 1
102 232 0 1
110 232 0 1
112 232 0 1
113 232 0 1
177 232 0 1
183 232 0 1
184 232 0 1
54 233 0 1
55 233 0 1
56 233 0 1
94 233 0 1
95 233 0 1
96 233 0 1
98 233 0 1
102 233 0 1
110 233 0 1
112 233 0 1
113 233 0 1
177 233 0 1
183 233 0 1
45 234 0 1
54 234 0 1
55 234 0 1
56 234 0 1
61 234 0 1
64 234 0 1
69 234 0 1
70 234 0 1
77 234 0 1
94 234 0 1
95 234 0 1
96 234 0 1
98 234 0 1
100 234 0 1
101 234 0 1
102 234 0 1
103 234 0 1
104 234 0 1
109 234 0 1
110 234 0 1
112 234 0 1
113 234 0 1
126 234 0 1
172 234 0 1
177 234 0 1
178 234 0 1
183 234 0 1
184 234 0 1
32 235 0 1
34 235 0 1
45 235 0 1
46 235 0 1
54 235 0 1
55 235 0 1
56 235 0 1
61 235 0 1
62 235 0 1
63 235 0 1
64 235 0 1
69 235 0 1
70 235 0 1
71 235 0 1
75 235 0 1
77 235 0 1
86 235 0 1
95 235 0 1
96 235 0 1
98 235 0 1
100 235 0 1
101 235 0 1
102 235 0 1
103 235 0 1
104 235 0 1
109 235 0 1
112 235 0 1
114 235 0 1
172 235 0 1
178 235 0 1
183 235 0 1
184 235 0 1
185 235 0 1
1 236 0 1
13 236 0 1
19 236 0 1
35 236 0 1
37 236 0 1
38 236 0 1
39 236 0 1
42 236 0 1
43 236 0 1
44 236 0 1
48 236 0 1
49 236 0 1
58 236 0 1
59 236 0 1
62 236 0 1
65 236 0 1
66 236 0 1
67 236 0 1
68 236 0 1
72 236 0 1
73 236 0 1
74 236 0 1
75 236 0 1
76 236 0 1
78 236 0 1
79 236 0 1
80 236 0 1
81 236 0 1
82 236 0 1
84 236 0 1
86 236 0 1
87 236 0 1
88 236 0 1
89 236 0 1
97 236 0 1
99 236 0 1
106 236 0 1
111 236 0 1
185 236 0 1
186 236 0 1
188 236 0 1
190 236 0 1
191 236 0 1
192 236 0 1
1 237 0 1
12 237 0 1
31 237 0 1
32 237 0 1
34 237 0 1
38 237 0 1
39 237 0 1
43 237 0 1
44 237 0 1
45 237 0 1
46 237 0 1
47 237 0 1
48 237 0 1
53 237 0 1
58 237 0 1
61 237 0 1
62 237 0 1
63 237 0 1
64 237 0 1
65 237 0 1
67 237 0 1
69 237 0 1
70 237 0 1
71 237 0 1
72 237 0 1
73 237 0 1
74 237 0 1
75 237 0 1
77 237 0 1
78 237 0 1
80 237 0 1
81 237 0 1
86 237 0 1
101 237 0 1
103 237 0 1
104 237 0 1
111 237 0 1
114 237 0 1
184 237 0 1
185 237 0 1
188 237 0 1
1 238 0 1
19 238 0 1
32 238 0 1
35 238 0 1
38 238 0 1
39 238 0 1
42 238 0 1
43 238 0 1
44 238 0 1
47 238 0 1
48 238 0 1
49 238 0 1
58 238 0 1
59 238 0 1
62 238 0 1
63 238 0 1
65 238 0 1
66 238 0 1
67 238 0 1
68 238 0 1
71 238 0 1
72 238 0 1
73 238 0 1
74 238 0 1
75 238 0 1
76 238 0 1
77 238 0 1
78 238 0 1
79 238 0 1
80 238 0 1
81 238 0 1
82 238 0 1
84 238 0 1
86 238 0 1
87 238 0 1
89 238 0 1
97 238 0 1
99 238 0 1
106 238 0 1
111 238 0 1
185 238 0 1
186 238 0 1
188 238 0 1
190 238 0 1
191 238 0 1
192 238 0 1
1 239 0 1
32 239 0 1
35 239 0 1
38 239 0 1
39 239 0 1
42 239 0 1
43 239 0 1
44 239 0 1
46 239 0 1
47 239 0 1
48 239 0 1
58 239 0 1
62 239 0 1
63 239 0 1
64 239 0 1
65 239 0 1
66 239 0 1
67 239 0 1
68 239 0 1
71 239 0 1
72 239 0 1
73 239 0 1
74 239 0 1
75 239 0 1
76 239 0 1
77 239 0 1
78 239 0 1
79 239 0 1
80 239 0 1
81 239 0 1
82 239 0 1
86 239 0 1
87 239 0 1
97 239 0 1
99 239 0 1
101 239 0 1
104 239 0 1
106 239 0 1
111 239 0 1
114 239 0 1
185 239 0 1
186 239 0 1
188 239 0 1
190 239 0 1
191 239 0 1
29 240 0 1
54 240 0 1
55 240 0 1
56 240 0 1
69 240 0 1
94 240 0 1
95 240 0 1
96 240 0 1
113 240 0 1
1 241 0 1
13 241 0 1
18 241 0 1
19 241 0 1
21 241 0 1
26 241 0 1
28 241 0 1
32 241 0 1
35 241 0 1
38 241 0 1
39 241 0 1
42 241 0 1
43 241 0 1
44 241 0 1
47 241 0 1
48 241 0 1
49 241 0 1
58 241 0 1
59 241 0 1
62 241 0 1
65 241 0 1
66 241 0 1
67 241 0 1
68 241 0 1
72 241 0 1
73 241 0 1
74 241 0 1
75 241 0 1
76 241 0 1
78 241 0 1
79 241 0 1
80 241 0 1
81 241 0 1
82 241 0 1
84 241 0 1
86 241 0 1
87 241 0 1
89 241 0 1
186 241 0 1
190 241 0 1
12 242 0 1
14 242 0 1
24 242 0 1
25 242 0 1
31 242 0 1
32 242 0 1
34 242 0 1
39 242 0 1
43 242 0 1
45 242 0 1
46 242 0 1
47 242 0 1
48 242 0 1
53 242 0 1
54 242 0 1
55 242 0 1
56 242 0 1
61 242 0 1
63 242 0 1
64 242 0 1
69 242 0 1
70 242 0 1
71 242 0 1
75 242 0 1
77 242 0 1
86 242 0 1
183 242 0 1
184 242 0 1
29 243 0 1
34 243 0 1
45 243 0 1
46 243 0 1
53 243 0 1
54 243 0 1
55 243 0 1
56 243 0 1
61 243 0 1
69 243 0 1
70 243 0 1
77 243 0 1
94 243 0 1
95 243 0 1
96 243 0 1
98 243 0 1
100 243 0 1
102 243 0 1
110 243 0 1
112 243 0 1
113 243 0 1
183 243 0 1
184 243 0 1
29 244 0 1
31 244 0 1
34 244 0 1
45 244 0 1
46 244 0 1
53 244 0 1
54 244 0 1
55 244 0 1
56 244 0 1
61 244 0 1
69 244 0 1
70 244 0 1
77 244 0 1
183 244 0 1
184 244 0 1
12 245 0 1
14 245 0 1
24 245 0 1
25 245 0 1
31 245 0 1
32 245 0 1
34 245 0 1
45 245 0 1
46 245 0 1
47 245 0 1
48 245 0 1
53 245 0 1
54 245 0 1
55 245 0 1
56 245 0 1
61 245 0 1
63 245 0 1
64 245 0 1
69 245 0 1
70 245 0 1
71 245 0 1
75 245 0 1
77 245 0 1
86 245 0 1
98 245 0 1
100 245 0 1
112 245 0 1
183 245 0 1
184 245 0 1
12 246 0 1
14 246 0 1
24 246 0 1
25 246 0 1
31 246 0 1
32 246 0 1
34 246 0 1
39 246 0 1
43 246 0 1
45 246 0 1
46 246 0 1
47 246 0 1
48 246 0 1
53 246 0 1
54 246 0 1
55 246 0 1
56 246 0 1
58 246 0 1
61 246 0 1
62 246 0 1
63 246 0 1
64 246 0 1
69 246 0 1
70 246 0 1
71 246 0 1
73 246 0 1
75 246 0 1
77 246 0 1
86 246 0 1
98 246 0 1
100 246 0 1
101 246 0 1
103 246 0 1
104 246 0 1
112 246 0 1
183 246 0 1
184 246 0 1
185 246 0 1
29 247 0 1
54 247 0 1
55 247 0 1
56 247 0 1
94 247 0 1
96 247 0 1
29 248 0 1
54 248 0 1
1 249 0 1
8 249 0 1
9 249 0 1
10 249 0 1
11 249 0 1
13 249 0 1
16 249 0 1
17 249 0 1
18 249 0 1
19 249 0 1
20 249 0 1
21 249 0 1
22 249 0 1
23 249 0 1
26 249 0 1
27 249 0 1
30 249 0 1
33 249 0 1
35 249 0 1
36 249 0 1
37 249 0 1
40 249 0 1
41 249 0 1
42 249 0 1
44 249 0 1
49 249 0 1
50 249 0 1
51 249 0 1
52 249 0 1
59 249 0 1
76 249 0 1
79 249 0 1
80 249 0 1
82 249 0 1
83 249 0 1
84 249 0 1
85 249 0 1
87 249 0 1
88 249 0 1
89 249 0 1
5 250 0 1
12 250 0 1
14 250 0 1
15 250 0 1
24 250 0 1
25 250 0 1
28 250 0 1
31 250 0 1
32 250 0 1
34 250 0 1
39 250 0 1
43 250 0 1
45 250 0 1
46 250 0 1
47 250 0 1
48 250 0 1
53 250 0 1
54 250 0 1
61 250 0 1
69 250 0 1
70 250 0 1
71 250 0 1
75 250 0 1
77 250 0 1
86 250 0 1
1 251 0 1
4 251 0 1
5 251 0 1
6 251 0 1
7 251 0 1
12 251 0 1
13 251 0 1
15 251 0 1
18 251 0 1
19 251 0 1
21 251 0 1
25 251 0 1
26 251 0 1
28 251 0 1
31 251 0 1
32 251 0 1
35 251 0 1
38 251 0 1
39 251 0 1
42 251 0 1
43 251 0 1
44 251 0 1
47 251 0 1
48 251 0 1
49 251 0 1
58 251 0 1
62 251 0 1
65 251 0 1
67 251 0 1
71 251 0 1
72 251 0 1
73 251 0 1
74 251 0 1
75 251 0 1
76 251 0 1
77 251 0 1
78 251 0 1
79 251 0 1
80 251 0 1
81 251 0 1
82 251 0 1
84 251 0 1
86 251 0 1
87 251 0 1
1 252 0 1
5 252 0 1
7 252 0 1
12 252 0 1
14 252 0 1
15 252 0 1
19 252 0 1
24 252 0 1
25 252 0 1
28 252 0 1
31 252 0 1
32 252 0 1
34 252 0 1
38 252 0 1
39 252 0 1
43 252 0 1
44 252 0 1
45 252 0 1
46 252 0 1
47 252 0 1
48 252 0 1
53 252 0 1
58 252 0 1
61 252 0 1
62 252 0 1
63 252 0 1
64 252 0 1
69 252 0 1
70 252 0 1
71 252 0 1
73 252 0 1
75 252 0 1
77 252 0 1
78 252 0 1
81 252 0 1
86 252 0 1
5 253 0 1
12 253 0 1
14 253 0 1
15 253 0 1
19 253 0 1
24 253 0 1
25 253 0 1
28 253 0 1
31 253 0 1
32 253 0 1
34 253 0 1
38 253 0 1
39 253 0 1
43 253 0 1
45 253 0 1
46 253 0 1
47 253 0 1
48 253 0 1
53 253 0 1
54 253 0 1
61 253 0 1
63 253 0 1
64 253 0 1
69 253 0 1
70 253 0 1
71 253 0 1
73 253 0 1
75 253 0 1
77 253 0 1
81 253 0 1
86 253 0 1
29 254 0 1
1 255 0 1
5 255 0 1
12 255 0 1
14 255 0 1
15 255 0 1
19 255 0 1
24 255 0 1
25 255 0 1
28 255 0 1
31 255 0 1
32 255 0 1
34 255 0 1
38 255 0 1
39 255 0 1
43 255 0 1
44 255 0 1
45 255 0 1
46 255 0 1
47 255 0 1
48 255 0 1
53 255 0 1
54 255 0 1
58 255 0 1
61 255 0 1
62 255 0 1
63 255 0 1
64 255 0 1
67 255 0 1
69 255 0 1
70 255 0 1
71 255 0 1
73 255 0 1
75 255 0 1
77 255 0 1
78 255 0 1
81 255 0 1
86 255 0 1
185 255 0 1
57 256 0 1
59 256 0 1
60 256 0 1
68 256 0 1
83 256 0 1
85 256 0 1
88 256 0 1
89 256 0 1
90 256 0 1
91 256 0 1
92 256 0 1
93 256 0 1
99 256 0 1
105 256 0 1
107 256 0 1
108 256 0 1
115 256 0 1
116 256 0 1
127 256 0 1
130 256 0 1
133 256 0 1
175 256 0 1
176 256 0 1
179 256 0 1
180 256 0 1
181 256 0 1
187 256 0 1
189 256 0 1
192 256 0 1
57 257 0 1
59 257 0 1
60 257 0 1
65 257 0 1
66 257 0 1
68 257 0 1
72 257 0 1
74 257 0 1
76 257 0 1
83 257 0 1
84 257 0 1
87 257 0 1
88 257 0 1
89 257 0 1
90 257 0 1
91 257 0 1
93 257 0 1
97 257 0 1
99 257 0 1
105 257 0 1
106 257 0 1
107 257 0 1
108 257 0 1
111 257 0 1
115 257 0 1
121 257 0 1
127 257 0 1
129 257 0 1
130 257 0 1
133 257 0 1
137 257 0 1
139 257 0 1
174 257 0 1
175 257 0 1
176 257 0 1
179 257 0 1
180 257 0 1
181 257 0 1
186 257 0 1
187 257 0 1
189 257 0 1
190 257 0 1
191 257 0 1
192 257 0 1
54 258 0 1
56 258 0 1
58 258 0 1
61 258 0 1
62 258 0 1
63 258 0 1
64 258 0 1
67 258 0 1
69 258 0 1
70 258 0 1
71 258 0 1
73 258 0 1
75 258 0 1
77 258 0 1
86 258 0 1
95 258 0 1
98 258 0 1
100 258 0 1
101 258 0 1
102 258 0 1
103 258 0 1
104 258 0 1
109 258 0 1
111 258 0 1
112 258 0 1
114 258 0 1
124 258 0 1
126 258 0 1
132 258 0 1
135 258 0 1
136 258 0 1
140 258 0 1
172 258 0 1
173 258 0 1
178 258 0 1
182 258 0 1
183 258 0 1
184 258 0 1
185 258 0 1
188 258 0 1
58 259 0 1
59 259 0 1
62 259 0 1
65 259 0 1
66 259 0 1
67 259 0 1
68 259 0 1
72 259 0 1
74 259 0 1
76 259 0 1
79 259 0 1
87 259 0 1
89 259 0 1
93 259 0 1
97 259 0 1
99 259 0 1
106 259 0 1
107 259 0 1
108 259 0 1
111 259 0 1
114 259 0 1
115 259 0 1
117 259 0 1
121 259 0 1
127 259 0 1
128 259 0 1
129 259 0 1
130 259 0 1
133 259 0 1
137 259 0 1
138 259 0 1
139 259 0 1
173 259 0 1
174 259 0 1
175 259 0 1
176 259 0 1
179 259 0 1
180 259 0 1
181 259 0 1
185 259 0 1
186 259 0 1
188 259 0 1
189 259 0 1
190 259 0 1
191 259 0 1
192 259 0 1
54 260 0 1
55 260 0 1
56 260 0 1
61 260 0 1
69 260 0 1
70 260 0 1
94 260 0 1
95 260 0 1
96 260 0 1
98 260 0 1
100 260 0 1
101 260 0 1
102 260 0 1
103 260 0 1
104 260 0 1
109 260 0 1
110 260 0 1
112 260 0 1
113 260 0 1
120 260 0 1
123 260 0 1
124 260 0 1
125 260 0 1
126 260 0 1
131 260 0 1
132 260 0 1
134 260 0 1
135 260 0 1
136 260 0 1
167 260 0 1
172 260 0 1
177 260 0 1
178 260 0 1
183 260 0 1
184 260 0 1
54 261 0 1
55 261 0 1
56 261 0 1
61 261 0 1
63 261 0 1
64 261 0 1
69 261 0 1
70 261 0 1
71 261 0 1
75 261 0 1
95 261 0 1
98 261 0 1
100 261 0 1
101 261 0 1
102 261 0 1
103 261 0 1
104 261 0 1
109 261 0 1
110 261 0 1
112 261 0 1
114 261 0 1
118 261 0 1
119 261 0 1
120 261 0 1
124 261 0 1
126 261 0 1
132 261 0 1
135 261 0 1
136 261 0 1
140 261 0 1
172 261 0 1
173 261 0 1
178 261 0 1
182 261 0 1
183 261 0 1
184 261 0 1
185 261 0 1
57 262 0 1
59 262 0 1
60 262 0 1
66 262 0 1
68 262 0 1
76 262 0 1
83 262 0 1
88 262 0 1
89 262 0 1
90 262 0 1
91 262 0 1
92 262 0 1
93 262 0 1
99 262 0 1
105 262 0 1
107 262 0 1
108 262 0 1
115 262 0 1
116 262 0 1
127 262 0 1
129 262 0 1
130 262 0 1
133 262 0 1
175 262 0 1
176 262 0 1
179 262 0 1
180 262 0 1
181 262 0 1
186 262 0 1
187 262 0 1
189 262 0 1
191 262 0 1
192 262 0 1
57 263 0 1
60 263 0 1
68 263 0 1
83 263 0 1
89 263 0 1
90 263 0 1
91 263 0 1
92 263 0 1
93 263 0 1
105 263 0 1
107 263 0 1
108 263 0 1
115 263 0 1
116 263 0 1
127 263 0 1
130 263 0 1
176 263 0 1
179 263 0 1
180 263 0 1
181 263 0 1
187 263 0 1
189 263 0 1
192 263 0 1
61 264 0 1
62 264 0 1
63 264 0 1
64 264 0 1
67 264 0 1
100 264 0 1
101 264 0 1
103 264 0 1
104 264 0 1
109 264 0 1
111 264 0 1
112 264 0 1
114 264 0 1
118 264 0 1
119 264 0 1
120 264 0 1
122 264 0 1
124 264 0 1
128 264 0 1
132 264 0 1
135 264 0 1
136 264 0 1
138 264 0 1
140 264 0 1
168 264 0 1
172 264 0 1
173 264 0 1
178 264 0 1
182 264 0 1
183 264 0 1
184 264 0 1
185 264 0 1
188 264 0 1
55 265 0 1
56 265 0 1
94 265 0 1
95 265 0 1
96 265 0 1
98 265 0 1
100 265 0 1
101 265 0 1
102 265 0 1
103 265 0 1
104 265 0 1
109 265 0 1
110 265 0 1
112 265 0 1
113 265 0 1
119 265 0 1
120 265 0 1
123 265 0 1
124 265 0 1
125 265 0 1
126 265 0 1
131 265 0 1
132 265 0 1
134 265 0 1
135 265 0 1
136 265 0 1
142 265 0 1
167 265 0 1
171 265 0 1
172 265 0 1
177 265 0 1
178 265 0 1
183 265 0 1
184 265 0 1
55 266 0 1
56 266 0 1
94 266 0 1
95 266 0 1
96 266 0 1
98 266 0 1
100 266 0 1
102 266 0 1
103 266 0 1
109 266 0 1
110 266 0 1
112 266 0 1
113 266 0 1
119 266 0 1
120 266 0 1
123 266 0 1
124 266 0 1
125 266 0 1
126 266 0 1
131 266 0 1
132 266 0 1
134 266 0 1
135 266 0 1
167 266 0 1
171 266 0 1
172 266 0 1
177 266 0 1
178 266 0 1
183 266 0 1
184 266 0 1
62 267 0 1
65 267 0 1
66 267 0 1
67 267 0 1
68 267 0 1
76 267 0 1
93 267 0 1
97 267 0 1
99 267 0 1
106 267 0 1
107 267 0 1
108 267 0 1
111 267 0 1
114 267 0 1
115 267 0 1
117 267 0 1
121 267 0 1
122 267 0 1
128 267 0 1
129 267 0 1
130 267 0 1
133 267 0 1
137 267 0 1
138 267 0 1
139 267 0 1
140 267 0 1
173 267 0 1
174 267 0 1
175 267 0 1
176 267 0 1
180 267 0 1
181 267 0 1
182 267 0 1
185 267 0 1
186 267 0 1
188 267 0 1
190 267 0 1
191 267 0 1
192 267 0 1
90 268 0 1
91 268 0 1
92 268 0 1
105 268 0 1
108 268 0 1
115 268 0 1
116 268 0 1
127 268 0 1
130 268 0 1
176 268 0 1
179 268 0 1
180 268 0 1
187 268 0 1
57 269 0 1
60 269 0 1
83 269 0 1
89 269 0 1
90 269 0 1
91 269 0 1
92 269 0 1
93 269 0 1
105 269 0 1
107 269 0 1
108 269 0 1
115 269 0 1
116 269 0 1
127 269 0 1
130 269 0 1
133 269 0 1
175 269 0 1
176 269 0 1
179 269 0 1
180 269 0 1
181 269 0 1
187 269 0 1
189 269 0 1
60 270 0 1
68 270 0 1
89 270 0 1
90 270 0 1
91 270 0 1
92 270 0 1
93 270 0 1
99 270 0 1
105 270 0 1
107 270 0 1
108 270 0 1
115 270 0 1
116 270 0 1
127 270 0 1
129 270 0 1
130 270 0 1
133 270 0 1
137 270 0 1
158 270 0 1
169 270 0 1
174 270 0 1
175 270 0 1
176 270 0 1
179 270 0 1
180 270 0 1
181 270 0 1
187 270 0 1
189 270 0 1
192 270 0 1
94 271 0 1
95 271 0 1
96 271 0 1
98 271 0 1
100 271 0 1
102 271 0 1
109 271 0 1
110 271 0 1
112 271 0 1
113 271 0 1
119 271 0 1
120 271 0 1
123 271 0 1
124 271 0 1
125 271 0 1
126 271 0 1
131 271 0 1
132 271 0 1
134 271 0 1
135 271 0 1
142 271 0 1
159 271 0 1
160 271 0 1
163 271 0 1
164 271 0 1
167 271 0 1
170 271 0 1
171 271 0 1
172 271 0 1
177 271 0 1
178 271 0 1
183 271 0 1
100 272 0 1
101 272 0 1
103 272 0 1
104 272 0 1
106 272 0 1
109 272 0 1
111 272 0 1
112 272 0 1
114 272 0 1
117 272 0 1
118 272 0 1
119 272 0 1
121 272 0 1
122 272 0 1
128 272 0 1
132 272 0 1
135 272 0 1
136 272 0 1
138 272 0 1
139 272 0 1
140 272 0 1
141 272 0 1
168 272 0 1
172 272 0 1
173 272 0 1
174 272 0 1
175 272 0 1
178 272 0 1
182 272 0 1
185 272 0 1
188 272 0 1
58 273 0 1
61 273 0 1
62 273 0 1
63 273 0 1
64 273 0 1
67 273 0 1
71 273 0 1
73 273 0 1
75 273 0 1
98 273 0 1
100 273 0 1
101 273 0 1
103 273 0 1
104 273 0 1
109 273 0 1
111 273 0 1
112 273 0 1
114 273 0 1
118 273 0 1
119 273 0 1
122 273 0 1
128 273 0 1
132 273 0 1
135 273 0 1
136 273 0 1
138 273 0 1
140 273 0 1
168 273 0 1
172 273 0 1
173 273 0 1
178 273 0 1
182 273 0 1
183 273 0 1
184 273 0 1
185 273 0 1
188 273 0 1
57 274 0 1
60 274 0 1
68 274 0 1
83 274 0 1
89 274 0 1
90 274 0 1
91 274 0 1
92 274 0 1
93 274 0 1
105 274 0 1
107 274 0 1
108 274 0 1
115 274 0 1
116 274 0 1
127 274 0 1
130 274 0 1
133 274 0 1
175 274 0 1
176 274 0 1
179 274 0 1
180 274 0 1
181 274 0 1
187 274 0 1
189 274 0 1
192 274 0 1
58 275 0 1
59 275 0 1
62 275 0 1
65 275 0 1
66 275 0 1
67 275 0 1
68 275 0 1
72 275 0 1
74 275 0 1
76 275 0 1
89 275 0 1
93 275 0 1
97 275 0 1
99 275 0 1
106 275 0 1
107 275 0 1
108 275 0 1
111 275 0 1
114 275 0 1
115 275 0 1
117 275 0 1
121 275 0 1
122 275 0 1
128 275 0 1
129 275 0 1
130 275 0 1
133 275 0 1
137 275 0 1
138 275 0 1
139 275 0 1
173 275 0 1
174 275 0 1
175 275 0 1
176 275 0 1
180 275 0 1
181 275 0 1
182 275 0 1
185 275 0 1
186 275 0 1
188 275 0 1
189 275 0 1
190 275 0 1
191 275 0 1
192 275 0 1
55 276 0 1
56 276 0 1
94 276 0 1
95 276 0 1
96 276 0 1
98 276 0 1
100 276 0 1
102 276 0 1
109 276 0 1
110 276 0 1
112 276 0 1
113 276 0 1
120 276 0 1
123 276 0 1
124 276 0 1
125 276 0 1
126 276 0 1
131 276 0 1
132 276 0 1
134 276 0 1
135 276 0 1
167 276 0 1
172 276 0 1
177 276 0 1
178 276 0 1
183 276 0 1
184 276 0 1
94 277 0 1
95 277 0 1
96 277 0 1
102 277 0 1
110 277 0 1
113 277 0 1
120 277 0 1
123 277 0 1
124 277 0 1
125 277 0 1
126 277 0 1
131 277 0 1
134 277 0 1
142 277 0 1
144 277 0 1
159 277 0 1
160 277 0 1
164 277 0 1
165 277 0 1
167 277 0 1
170 277 0 1
177 277 0 1
90 278 0 1
91 278 0 1
92 278 0 1
105 278 0 1
115 278 0 1
116 278 0 1
127 278 0 1
130 278 0 1
143 278 0 1
145 278 0 1
158 278 0 1
161 278 0 1
169 278 0 1
176 278 0 1
179 278 0 1
180 278 0 1
103 279 0 1
104 279 0 1
109 279 0 1
111 279 0 1
114 279 0 1
117 279 0 1
118 279 0 1
119 279 0 1
121 279 0 1
122 279 0 1
128 279 0 1
132 279 0 1
135 279 0 1
136 279 0 1
137 279 0 1
138 279 0 1
139 279 0 1
140 279 0 1
141 279 0 1
146 279 0 1
162 279 0 1
168 279 0 1
172 279 0 1
173 279 0 1
178 279 0 1
182 279 0 1
94 280 0 1
95 280 0 1
96 280 0 1
98 280 0 1
100 280 0 1
102 280 0 1
103 280 0 1
109 280 0 1
110 280 0 1
112 280 0 1
113 280 0 1
118 280 0 1
119 280 0 1
120 280 0 1
123 280 0 1
124 280 0 1
125 280 0 1
126 280 0 1
131 280 0 1
132 280 0 1
134 280 0 1
135 280 0 1
136 280 0 1
141 280 0 1
142 280 0 1
160 280 0 1
162 280 0 1
163 280 0 1
164 280 0 1
165 280 0 1
167 280 0 1
170 280 0 1
171 280 0 1
172 280 0 1
177 280 0 1
178 280 0 1
183 280 0 1
90 281 0 1
91 281 0 1
92 281 0 1
93 281 0 1
105 281 0 1
107 281 0 1
108 281 0 1
115 281 0 1
116 281 0 1
127 281 0 1
129 281 0 1
130 281 0 1
133 281 0 1
143 281 0 1
158 281 0 1
161 281 0 1
169 281 0 1
175 281 0 1
176 281 0 1
179 281 0 1
180 281 0 1
181 281 0 1
187 281 0 1
189 281 0 1
95 282 0 1
96 282 0 1
98 282 0 1
100 282 0 1
101 282 0 1
102 282 0 1
103 282 0 1
104 282 0 1
109 282 0 1
110 282 0 1
112 282 0 1
113 282 0 1
118 282 0 1
119 282 0 1
120 282 0 1
123 282 0 1
124 282 0 1
125 282 0 1
126 282 0 1
131 282 0 1
132 282 0 1
134 282 0 1
135 282 0 1
136 282 0 1
140 282 0 1
141 282 0 1
142 282 0 1
160 282 0 1
162 282 0 1
163 282 0 1
164 282 0 1
165 282 0 1
167 282 0 1
168 282 0 1
171 282 0 1
172 282 0 1
177 282 0 1
178 282 0 1
183 282 0 1
95 283 0 1
98 283 0 1
100 283 0 1
101 283 0 1
102 283 0 1
103 283 0 1
104 283 0 1
109 283 0 1
112 283 0 1
118 283 0 1
119 283 0 1
120 283 0 1
123 283 0 1
124 283 0 1
126 283 0 1
131 283 0 1
132 283 0 1
134 283 0 1
135 283 0 1
136 283 0 1
140 283 0 1
141 283 0 1
142 283 0 1
160 283 0 1
162 283 0 1
163 283 0 1
164 283 0 1
165 283 0 1
167 283 0 1
168 283 0 1
171 283 0 1
172 283 0 1
173 283 0 1
177 283 0 1
178 283 0 1
182 283 0 1
90 284 0 1
91 284 0 1
92 284 0 1
105 284 0 1
115 284 0 1
116 284 0 1
127 284 0 1
130 284 0 1
143 284 0 1
158 284 0 1
176 284 0 1
179 284 0 1
180 284 0 1
90 285 0 1
91 285 0 1
92 285 0 1
93 285 0 1
105 285 0 1
107 285 0 1
108 285 0 1
115 285 0 1
116 285 0 1
127 285 0 1
129 285 0 1
130 285 0 1
133 285 0 1
143 285 0 1
145 285 0 1
158 285 0 1
161 285 0 1
169 285 0 1
175 285 0 1
176 285 0 1
179 285 0 1
180 285 0 1
181 285 0 1
91 286 0 1
93 286 0 1
99 286 0 1
106 286 0 1
107 286 0 1
108 286 0 1
115 286 0 1
116 286 0 1
117 286 0 1
121 286 0 1
127 286 0 1
129 286 0 1
130 286 0 1
133 286 0 1
137 286 0 1
139 286 0 1
151 286 0 1
158 286 0 1
161 286 0 1
166 286 0 1
169 286 0 1
174 286 0 1
175 286 0 1
176 286 0 1
179 286 0 1
180 286 0 1
181 286 0 1
192 286 0 1
99 287 0 1
106 287 0 1
107 287 0 1
111 287 0 1
114 287 0 1
117 287 0 1
118 287 0 1
121 287 0 1
122 287 0 1
128 287 0 1
129 287 0 1
130 287 0 1
133 287 0 1
136 287 0 1
137 287 0 1
138 287 0 1
139 287 0 1
140 287 0 1
161 287 0 1
166 287 0 1
168 287 0 1
169 287 0 1
172 287 0 1
173 287 0 1
174 287 0 1
175 287 0 1
176 287 0 1
180 287 0 1
181 287 0 1
182 287 0 1
90 288 0 1
91 288 0 1
105 288 0 1
107 288 0 1
108 288 0 1
115 288 0 1
116 288 0 1
117 288 0 1
127 288 0 1
129 288 0 1
130 288 0 1
133 288 0 1
137 288 0 1
143 288 0 1
145 288 0 1
151 288 0 1
158 288 0 1
161 288 0 1
166 288 0 1
169 288 0 1
175 288 0 1
176 288 0 1
179 288 0 1
180 288 0 1
181 288 0 1
120 289 0 1
123 289 0 1
124 289 0 1
125 289 0 1
126 289 0 1
131 289 0 1
134 289 0 1
142 289 0 1
144 289 0 1
148 289 0 1
153 289 0 1
157 289 0 1
159 289 0 1
160 289 0 1
162 289 0 1
163 289 0 1
164 289 0 1
165 289 0 1
167 289 0 1
170 289 0 1
171 289 0 1
177 289 0 1
116 290 0 1
127 290 0 1
143 290 0 1
145 290 0 1
158 290 0 1
161 290 0 1
169 290 0 1
179 290 0 1
117 291 0 1
121 291 0 1
127 291 0 1
129 291 0 1
130 291 0 1
133 291 0 1
137 291 0 1
139 291 0 1
145 291 0 1
149 291 0 1
150 291 0 1
151 291 0 1
154 291 0 1
158 291 0 1
161 291 0 1
166 291 0 1
169 291 0 1
175 291 0 1
176 291 0 1
179 291 0 1
180 291 0 1
181 291 0 1
118 292 0 1
119 292 0 1
120 292 0 1
122 292 0 1
124 292 0 1
128 292 0 1
132 292 0 1
135 292 0 1
136 292 0 1
138 292 0 1
140 292 0 1
141 292 0 1
142 292 0 1
146 292 0 1
147 292 0 1
152 292 0 1
155 292 0 1
156 292 0 1
162 292 0 1
163 292 0 1
168 292 0 1
171 292 0 1
172 292 0 1
173 292 0 1
178 292 0 1
182 292 0 1
118 293 0 1
119 293 0 1
120 293 0 1
122 293 0 1
124 293 0 1
132 293 0 1
135 293 0 1
136 293 0 1
138 293 0 1
140 293 0 1
141 293 0 1
142 293 0 1
146 293 0 1
147 293 0 1
152 293 0 1
153 293 0 1
155 293 0 1
156 293 0 1
162 293 0 1
163 293 0 1
165 293 0 1
167 293 0 1
168 293 0 1
171 293 0 1
172 293 0 1
178 293 0 1
182 293 0 1
116 294 0 1
127 294 0 1
130 294 0 1
133 294 0 1
143 294 0 1
145 294 0 1
150 294 0 1
151 294 0 1
154 294 0 1
158 294 0 1
161 294 0 1
166 294 0 1
169 294 0 1
179 294 0 1
116 295 0 1
127 295 0 1
143 295 0 1
145 295 0 1
151 295 0 1
158 295 0 1
161 295 0 1
166 295 0 1
169 295 0 1
179 295 0 1
117 296 0 1
118 296 0 1
121 296 0 1
122 296 0 1
128 296 0 1
136 296 0 1
137 296 0 1
138 296 0 1
139 296 0 1
140 296 0 1
141 296 0 1
146 296 0 1
147 296 0 1
149 296 0 1
152 296 0 1
155 296 0 1
156 296 0 1
166 296 0 1
168 296 0 1
172 296 0 1
120 297 0 1
123 297 0 1
124 297 0 1
142 297 0 1
144 297 0 1
147 297 0 1
148 297 0 1
153 297 0 1
157 297 0 1
159 297 0 1
160 297 0 1
162 297 0 1
163 297 0 1
164 297 0 1
165 297 0 1
167 297 0 1
170 297 0 1
171 297 0 1
119 298 0 1
120 298 0 1
141 298 0 1
142 298 0 1
144 298 0 1
146 298 0 1
147 298 0 1
148 298 0 1
152 298 0 1
153 298 0 1
155 298 0 1
156 298 0 1
157 298 0 1
160 298 0 1
162 298 0 1
163 298 0 1
164 298 0 1
165 298 0 1
167 298 0 1
168 298 0 1
171 298 0 1
143 299 0 1
145 299 0 1
149 299 0 1
150 299 0 1
151 299 0 1
154 299 0 1
158 299 0 1
161 299 0 1
166 299 0 1
169 299 0 1
117 300 0 1
145 300 0 1
149 300 0 1
150 300 0 1
151 300 0 1
154 300 0 1
158 300 0 1
161 300 0 1
166 300 0 1
169 300 0 1
117 301 0 1
149 301 0 1
150 301 0 1
151 301 0 1
154 301 0 1
155 301 0 1
158 301 0 1
161 301 0 1
166 301 0 1
169 301 0 1
143 302 0 1
145 302 0 1
151 302 0 1
154 302 0 1
158 302 0 1
120 303 0 1
141 303 0 1
142 303 0 1
144 303 0 1
146 303 0 1
147 303 0 1
148 303 0 1
152 303 0 1
153 303 0 1
156 303 0 1
157 303 0 1
159 303 0 1
160 303 0 1
162 303 0 1
163 303 0 1
164 303 0 1
165 303 0 1
167 303 0 1
170 303 0 1
171 303 0 1
117 304 0 1
121 304 0 1
149 304 0 1
150 304 0 1
151 304 0 1
152 304 0 1
154 304 0 1
155 304 0 1
161 304 0 1
166 304 0 1
169 304 0 1
145 305 0 1
149 305 0 1
150 305 0 1
151 305 0 1
154 305 0 1
158 305 0 1
161 305 0 1
166 305 0 1
169 305 0 1
143 306 0 1
145 306 0 1
149 306 0 1
150 306 0 1
151 306 0 1
154 306 0 1
158 306 0 1
161 306 0 1
166 306 0 1
169 306 0 1
116 307 0 1
143 307 0 1
145 307 0 1
150 307 0 1
151 307 0 1
154 307 0 1
158 307 0 1
161 307 0 1
169 307 0 1
118 308 0 1
119 308 0 1
120 308 0 1
122 308 0 1
124 308 0 1
135 308 0 1
136 308 0 1
141 308 0 1
142 308 0 1
146 308 0 1
147 308 0 1
152 308 0 1
153 308 0 1
155 308 0 1
156 308 0 1
162 308 0 1
163 308 0 1
165 308 0 1
167 308 0 1
168 308 0 1
171 308 0 1
172 308 0 1
143 309 0 1
145 309 0 1
149 309 0 1
150 309 0 1
151 309 0 1
154 309 0 1
158 309 0 1
161 309 0 1
166 309 0 1
169 309 0 1
117 310 0 1
121 310 0 1
149 310 0 1
150 310 0 1
151 310 0 1
154 310 0 1
155 310 0 1
158 310 0 1
161 310 0 1
166 310 0 1
169 310 0 1
143 311 0 1
145 311 0 1
149 311 0 1
150 311 0 1
151 311 0 1
154 311 0 1
158 311 0 1
161 311 0 1
166 311 0 1
169 311 0 1
143 312 0 1
145 312 0 1
149 312 0 1
150 312 0 1
151 312 0 1
154 312 0 1
158 312 0 1
161 312 0 1
166 312 0 1
169 312 0 1
118 313 0 1
119 313 0 1
120 313 0 1
123 313 0 1
124 313 0 1
132 313 0 1
135 313 0 1
136 313 0 1
141 313 0 1
142 313 0 1
144 313 0 1
146 313 0 1
147 313 0 1
152 313 0 1
153 313 0 1
155 313 0 1
156 313 0 1
157 313 0 1
160 313 0 1
162 313 0 1
163 313 0 1
164 313 0 1
165 313 0 1
167 313 0 1
168 313 0 1
171 313 0 1
172 313 0 1
118 314 0 1
119 314 0 1
120 314 0 1
122 314 0 1
124 314 0 1
132 314 0 1
135 314 0 1
136 314 0 1
140 314 0 1
141 314 0 1
142 314 0 1
144 314 0 1
146 314 0 1
147 314 0 1
152 314 0 1
153 314 0 1
155 314 0 1
156 314 0 1
160 314 0 1
162 314 0 1
163 314 0 1
164 314 0 1
165 314 0 1
167 314 0 1
168 314 0 1
171 314 0 1
172 314 0 1
118 315 0 1
119 315 0 1
120 315 0 1
122 315 0 1
124 315 0 1
132 315 0 1
135 315 0 1
136 315 0 1
140 315 0 1
141 315 0 1
142 315 0 1
146 315 0 1
147 315 0 1
152 315 0 1
153 315 0 1
155 315 0 1
156 315 0 1
162 315 0 1
163 315 0 1
165 315 0 1
167 315 0 1
168 315 0 1
171 315 0 1
172 315 0 1
117 316 0 1
118 316 0 1
119 316 0 1
121 316 0 1
122 316 0 1
136 316 0 1
138 316 0 1
139 316 0 1
140 316 0 1
141 316 0 1
146 316 0 1
147 316 0 1
149 316 0 1
152 316 0 1
155 316 0 1
156 316 0 1
162 316 0 1
166 316 0 1
168 316 0 1
172 316 0 1
116 317 0 1
143 317 0 1
145 317 0 1
150 317 0 1
151 317 0 1
154 317 0 1
158 317 0 1
161 317 0 1
166 317 0 1
169 317 0 1
117 318 0 1
118 318 0 1
121 318 0 1
122 318 0 1
128 318 0 1
137 318 0 1
138 318 0 1
139 318 0 1
140 318 0 1
146 318 0 1
149 318 0 1
150 318 0 1
152 318 0 1
155 318 0 1
156 318 0 1
166 318 0 1
168 318 0 1
172 318 0 1
116 319 0 1
127 319 0 1
143 319 0 1
145 319 0 1
149 319 0 1
150 319 0 1
151 319 0 1
154 319 0 1
158 319 0 1
161 319 0 1
166 319 0 1
169 319 0 1
117 320 0 1
121 320 0 1
122 320 0 1
128 320 0 1
129 320 0 1
130 320 0 1
133 320 0 1
137 320 0 1
138 320 0 1
139 320 0 1
140 320 0 1
145 320 0 1
146 320 0 1
149 320 0 1
150 320 0 1
151 320 0 1
152 320 0 1
154 320 0 1
155 320 0 1
158 320 0 1
161 320 0 1
166 320 0 1
168 320 0 1
169 320 0 1
175 320 0 1
181 320 0 1
119 321 0 1
120 321 0 1
123 321 0 1
124 321 0 1
134 321 0 1
141 321 0 1
142 321 0 1
144 321 0 1
146 321 0 1
147 321 0 1
148 321 0 1
152 321 0 1
153 321 0 1
156 321 0 1
157 321 0 1
159 321 0 1
160 321 0 1
162 321 0 1
163 321 0 1
164 321 0 1
165 321 0 1
167 321 0 1
170 321 0 1
171 321 0 1
117 322 0 1
121 322 0 1
129 322 0 1
137 322 0 1
139 322 0 1
149 322 0 1
150 322 0 1
151 322 0 1
154 322 0 1
155 322 0 1
158 322 0 1
161 322 0 1
166 322 0 1
169 322 0 1
118 323 0 1
119 323 0 1
122 323 0 1
135 323 0 1
136 323 0 1
138 323 0 1
140 323 0 1
141 323 0 1
146 323 0 1
147 323 0 1
152 323 0 1
155 323 0 1
156 323 0 1
162 323 0 1
168 323 0 1
171 323 0 1
172 323 0 1
96 324 0 1
110 324 0 1
113 324 0 1
120 324 0 1
123 324 0 1
124 324 0 1
125 324 0 1
126 324 0 1
131 324 0 1
132 324 0 1
134 324 0 1
142 324 0 1
144 324 0 1
148 324 0 1
153 324 0 1
157 324 0 1
159 324 0 1
160 324 0 1
162 324 0 1
163 324 0 1
164 324 0 1
165 324 0 1
167 324 0 1
170 324 0 1
171 324 0 1
177 324 0 1
178 324 0 1
90 325 0 1
91 325 0 1
105 325 0 1
108 325 0 1
115 325 0 1
116 325 0 1
127 325 0 1
129 325 0 1
130 325 0 1
133 325 0 1
143 325 0 1
145 325 0 1
150 325 0 1
151 325 0 1
154 325 0 1
158 325 0 1
161 325 0 1
166 325 0 1
169 325 0 1
175 325 0 1
176 325 0 1
179 325 0 1
180 325 0 1
181 325 0 1
91 326 0 1
93 326 0 1
107 326 0 1
108 326 0 1
115 326 0 1
116 326 0 1
117 326 0 1
121 326 0 1
127 326 0 1
129 326 0 1
130 326 0 1
133 326 0 1
137 326 0 1
139 326 0 1
143 326 0 1
145 326 0 1
149 326 0 1
150 326 0 1
151 326 0 1
158 326 0 1
161 326 0 1
166 326 0 1
169 326 0 1
174 326 0 1
175 326 0 1
176 326 0 1
179 326 0 1
180 326 0 1
181 326 0 1
109 327 0 1
118 327 0 1
119 327 0 1
120 327 0 1
122 327 0 1
123 327 0 1
124 327 0 1
126 327 0 1
132 327 0 1
135 327 0 1
136 327 0 1
138 327 0 1
140 327 0 1
141 327 0 1
142 327 0 1
146 327 0 1
147 327 0 1
152 327 0 1
153 327 0 1
155 327 0 1
156 327 0 1
160 327 0 1
162 327 0 1
163 327 0 1
164 327 0 1
165 327 0 1
167 327 0 1
168 327 0 1
171 327 0 1
172 327 0 1
173 327 0 1
178 327 0 1
182 327 0 1
91 328 0 1
115 328 0 1
116 328 0 1
117 328 0 1
127 328 0 1
129 328 0 1
130 328 0 1
133 328 0 1
137 328 0 1
143 328 0 1
145 328 0 1
149 328 0 1
150 328 0 1
151 328 0 1
154 328 0 1
158 328 0 1
161 328 0 1
166 328 0 1
169 328 0 1
175 328 0 1
176 328 0 1
179 328 0 1
180 328 0 1
181 328 0 1
107 329 0 1
108 329 0 1
115 329 0 1
116 329 0 1
117 329 0 1
121 329 0 1
127 329 0 1
129 329 0 1
130 329 0 1
133 329 0 1
137 329 0 1
139 329 0 1
145 329 0 1
149 329 0 1
150 329 0 1
151 329 0 1
154 329 0 1
158 329 0 1
161 329 0 1
166 329 0 1
169 329 0 1
174 329 0 1
175 329 0 1
176 329 0 1
179 329 0 1
180 329 0 1
181 329 0 1
118 330 0 1
119 330 0 1
120 330 0 1
122 330 0 1
124 330 0 1
128 330 0 1
132 330 0 1
135 330 0 1
136 330 0 1
138 330 0 1
140 330 0 1
141 330 0 1
142 330 0 1
146 330 0 1
147 330 0 1
152 330 0 1
155 330 0 1
156 330 0 1
162 330 0 1
163 330 0 1
167 330 0 1
168 330 0 1
171 330 0 1
172 330 0 1
173 330 0 1
178 330 0 1
182 330 0 1
118 331 0 1
119 331 0 1
120 331 0 1
123 331 0 1
124 331 0 1
126 331 0 1
131 331 0 1
132 331 0 1
134 331 0 1
135 331 0 1
136 331 0 1
141 331 0 1
142 331 0 1
144 331 0 1
146 331 0 1
147 331 0 1
148 331 0 1
152 331 0 1
153 331 0 1
156 331 0 1
157 331 0 1
159 331 0 1
160 331 0 1
162 331 0 1
163 331 0 1
164 331 0 1
165 331 0 1
167 331 0 1
168 331 0 1
170 331 0 1
171 331 0 1
172 331 0 1
178 331 0 1
117 332 0 1
121 332 0 1
122 332 0 1
127 332 0 1
128 332 0 1
129 332 0 1
130 332 0 1
133 332 0 1
137 332 0 1
138 332 0 1
139 332 0 1
149 332 0 1
150 332 0 1
151 332 0 1
154 332 0 1
158 332 0 1
161 332 0 1
166 332 0 1
169 332 0 1
174 332 0 1
175 332 0 1
176 332 0 1
180 332 0 1
181 332 0 1
117 333 0 1
118 333 0 1
121 333 0 1
122 333 0 1
128 333 0 1
129 333 0 1
130 333 0 1
133 333 0 1
136 333 0 1
137 333 0 1
138 333 0 1
139 333 0 1
140 333 0 1
141 333 0 1
146 333 0 1
149 333 0 1
150 333 0 1
151 333 0 1
152 333 0 1
154 333 0 1
155 333 0 1
156 333 0 1
158 333 0 1
161 333 0 1
166 333 0 1
168 333 0 1
169 333 0 1
172 333 0 1
173 333 0 1
174 333 0 1
175 333 0 1
181 333 0 1
182 333 0 1
33 334 0 1
57 334 0 1
59 334 0 1
60 334 0 1
68 334 0 1
83 334 0 1
85 334 0 1
88 334 0 1
89 334 0 1
90 334 0 1
91 334 0 1
92 334 0 1
93 334 0 1
105 334 0 1
107 334 0 1
108 334 0 1
115 334 0 1
116 334 0 1
127 334 0 1
176 334 0 1
179 334 0 1
180 334 0 1
187 334 0 1
189 334 0 1
192 334 0 1
57 335 0 1
59 335 0 1
60 335 0 1
68 335 0 1
83 335 0 1
85 335 0 1
88 335 0 1
89 335 0 1
90 335 0 1
91 335 0 1
92 335 0 1
93 335 0 1
105 335 0 1
108 335 0 1
115 335 0 1
116 335 0 1
127 335 0 1
176 335 0 1
179 335 0 1
180 335 0 1
187 335 0 1
189 335 0 1
192 335 0 1
57 336 0 1
59 336 0 1
60 336 0 1
68 336 0 1
76 336 0 1
83 336 0 1
85 336 0 1
88 336 0 1
89 336 0 1
90 336 0 1
91 336 0 1
92 336 0 1
93 336 0 1
99 336 0 1
105 336 0 1
107 336 0 1
108 336 0 1
115 336 0 1
116 336 0 1
127 336 0 1
130 336 0 1
175 336 0 1
176 336 0 1
179 336 0 1
180 336 0 1
181 336 0 1
187 336 0 1
189 336 0 1
192 336 0 1
55 337 0 1
56 337 0 1
94 337 0 1
95 337 0 1
96 337 0 1
98 337 0 1
102 337 0 1
110 337 0 1
113 337 0 1
125 337 0 1
131 337 0 1
177 337 0 1
183 337 0 1
54 338 0 1
55 338 0 1
56 338 0 1
61 338 0 1
69 338 0 1
70 338 0 1
94 338 0 1
95 338 0 1
96 338 0 1
98 338 0 1
100 338 0 1
101 338 0 1
102 338 0 1
103 338 0 1
109 338 0 1
110 338 0 1
112 338 0 1
113 338 0 1
125 338 0 1
126 338 0 1
131 338 0 1
172 338 0 1
177 338 0 1
178 338 0 1
183 338 0 1
184 338 0 1
32 339 0 1
47 339 0 1
48 339 0 1
58 339 0 1
61 339 0 1
62 339 0 1
63 339 0 1
64 339 0 1
65 339 0 1
67 339 0 1
69 339 0 1
70 339 0 1
71 339 0 1
73 339 0 1
75 339 0 1
77 339 0 1
78 339 0 1
81 339 0 1
86 339 0 1
97 339 0 1
98 339 0 1
100 339 0 1
101 339 0 1
103 339 0 1
104 339 0 1
106 339 0 1
109 339 0 1
111 339 0 1
112 339 0 1
114 339 0 1
128 339 0 1
140 339 0 1
172 339 0 1
173 339 0 1
178 339 0 1
182 339 0 1
183 339 0 1
184 339 0 1
185 339 0 1
188 339 0 1
190 339 0 1
57 340 0 1
58 340 0 1
59 340 0 1
65 340 0 1
66 340 0 1
67 340 0 1
68 340 0 1
72 340 0 1
74 340 0 1
76 340 0 1
78 340 0 1
79 340 0 1
80 340 0 1
82 340 0 1
83 340 0 1
84 340 0 1
87 340 0 1
88 340 0 1
89 340 0 1
93 340 0 1
97 340 0 1
99 340 0 1
106 340 0 1
107 340 0 1
108 340 0 1
111 340 0 1
115 340 0 1
127 340 0 1
129 340 0 1
130 340 0 1
133 340 0 1
174 340 0 1
175 340 0 1
176 340 0 1
179 340 0 1
180 340 0 1
181 340 0 1
186 340 0 1
187 340 0 1
188 340 0 1
189 340 0 1
190 340 0 1
191 340 0 1
192 340 0 1
54 341 0 1
55 341 0 1
56 341 0 1
61 341 0 1
69 341 0 1
70 341 0 1
94 341 0 1
95 341 0 1
96 341 0 1
98 341 0 1
100 341 0 1
102 341 0 1
103 341 0 1
109 341 0 1
110 341 0 1
112 341 0 1
113 341 0 1
125 341 0 1
126 341 0 1
131 341 0 1
132 341 0 1
134 341 0 1
172 341 0 1
177 341 0 1
178 341 0 1
183 341 0 1
184 341 0 1
58 342 0 1
59 342 0 1
62 342 0 1
65 342 0 1
66 342 0 1
67 342 0 1
68 342 0 1
72 342 0 1
73 342 0 1
74 342 0 1
75 342 0 1
76 342 0 1
78 342 0 1
79 342 0 1
80 342 0 1
87 342 0 1
89 342 0 1
93 342 0 1
97 342 0 1
99 342 0 1
106 342 0 1
107 342 0 1
108 342 0 1
111 342 0 1
114 342 0 1
115 342 0 1
121 342 0 1
128 342 0 1
129 342 0 1
130 342 0 1
133 342 0 1
137 342 0 1
138 342 0 1
139 342 0 1
173 342 0 1
174 342 0 1
175 342 0 1
176 342 0 1
180 342 0 1
181 342 0 1
185 342 0 1
186 342 0 1
188 342 0 1
189 342 0 1
190 342 0 1
191 342 0 1
192 342 0 1
58 343 0 1
61 343 0 1
62 343 0 1
63 343 0 1
64 343 0 1
65 343 0 1
67 343 0 1
70 343 0 1
71 343 0 1
73 343 0 1
75 343 0 1
77 343 0 1
86 343 0 1
97 343 0 1
98 343 0 1
100 343 0 1
101 343 0 1
103 343 0 1
104 343 0 1
106 343 0 1
109 343 0 1
111 343 0 1
112 343 0 1
114 343 0 1
128 343 0 1
132 343 0 1
135 343 0 1
136 343 0 1
138 343 0 1
140 343 0 1
172 343 0 1
173 343 0 1
178 343 0 1
182 343 0 1
183 343 0 1
184 343 0 1
185 343 0 1
188 343 0 1
190 343 0 1
