2 3 0 0
2 4 0 0
3 4 0 0
2 5 0 0
3 5 0 0
4 5 0 0
3 7 0 0
4 7 0 0
5 7 0 0
2 8 0 0
3 8 0 0
4 8 0 0
5 8 0 0
7 8 0 0
2 9 0 0
3 9 0 0
4 9 0 0
5 9 0 0
7 9 0 0
8 9 0 0
2 10 0 0
3 10 0 0
4 10 0 0
5 10 0 0
7 10 0 0
8 10 0 0
9 10 0 0
6 11 0 0
6 12 0 0
11 12 0 0
1 13 0 0
1 14 0 0
13 14 0 0
11 15 0 0
12 15 0 0
13 15 0 0
14 15 0 0
6 16 0 0
11 16 0 0
12 16 0 0
14 16 0 0
15 16 0 0
1 17 0 0
11 17 0 0
12 17 0 0
13 17 0 0
14 17 0 0
15 17 0 0
16 17 0 0
1 18 0 0
1 19 0 0
17 19 0 0
1 20 0 0
17 21 0 0
19 21 0 0
1 22 0 0
19 22 0 0
21 22 0 0
1 23 0 0
20 23 0 0
22 23 0 0
1 24 0 0
19 24 0 0
21 24 0 0
22 24 0 0
23 24 0 0
1 25 0 0
13 25 0 0
14 25 0 0
15 25 0 0
17 25 0 0
19 25 0 0
21 25 0 0
24 25 0 0
13 26 0 0
14 26 0 0
15 26 0 0
17 26 0 0
19 26 0 0
21 26 0 0
25 26 0 0
1 27 0 1
2 27 0 1
4 27 0 1
5 27 0 1
6 27 0 1
8 27 0 1
9 27 0 1
16 27 0 1
18 27 0 1
3 32 0 1
4 32 0 1
5 32 0 1
7 32 0 1
8 32 0 1
9 32 0 1
10 32 0 1
6 33 0 1
16 33 0 1
1 34 0 1
7 34 0 1
19 35 0 1
25 35 0 1
26 35 0 1
25 36 0 1
19 37 0 1
25 37 0 1
1 39 0 1
7 39 0 1
8 39 0 1
10 39 0 1
1 40 0 1
7 40 0 1
18 40 0 1
1 41 0 1
7 41 0 1
8 41 0 1
9 41 0 1
10 41 0 1
18 41 0 1
6 42 0 1
16 42 0 1
