2 3 0 0
2 4 0 0
3 4 0 0
2 5 0 0
3 5 0 0
4 5 0 0
2 6 0 0
3 6 0 0
4 6 0 0
5 6 0 0
2 7 0 0
3 7 0 0
4 7 0 0
5 7 0 0
6 7 0 0
2 8 0 0
3 8 0 0
4 8 0 0
5 8 0 0
6 8 0 0
7 8 0 0
1 9 0 0
1 10 0 0
9 10 0 0
1 11 0 0
9 11 0 0
10 11 0 0
1 12 0 0
9 12 0 0
10 12 0 0
11 12 0 0
1 13 0 0
9 13 0 0
10 13 0 0
11 13 0 0
12 13 0 0
1 15 0 0
13 15 0 0
14 16 0 0
15 16 0 0
1 17 0 0
15 17 0 0
16 17 0 0
1 18 0 0
12 18 0 0
13 18 0 0
15 18 0 0
17 18 0 0
14 19 0 0
1 20 0 0
13 20 0 0
15 20 0 0
16 20 0 0
17 20 0 0
18 20 0 0
1 21 0 0
9 21 0 0
10 21 0 0
11 21 0 0
12 21 0 0
13 21 0 0
15 21 0 0
18 21 0 0
20 21 0 0
1 22 0 0
10 22 0 0
11 22 0 0
12 22 0 0
13 22 0 0
15 22 0 0
17 22 0 0
18 22 0 0
20 22 0 0
21 22 0 0
14 23 0 0
19 23 0 0
14 24 0 0
16 24 0 0
19 24 0 0
23 24 0 0
14 25 0 0
19 25 0 0
23 25 0 0
24 25 0 0
