1 2 0 0
1 3 0 0
2 3 0 0
1 4 0 0
2 4 0 0
3 4 0 0
1 5 0 0
2 5 0 0
3 5 0 0
4 5 0 0
1 6 0 0
2 6 0 0
4 6 0 0
5 6 0 0
1 7 0 0
2 7 0 0
3 7 0 0
4 7 0 0
5 7 0 0
6 7 0 0
1 8 0 0
6 8 0 0
7 8 0 0
1 9 0 0
6 9 0 0
7 9 0 0
8 9 0 0
1 10 0 0
2 10 0 0
5 10 0 0
6 10 0 0
7 10 0 0
8 10 0 0
9 10 0 0
1 11 0 0
2 11 0 0
3 11 0 0
4 11 0 0
5 11 0 0
6 11 0 0
7 11 0 0
8 11 0 0
10 11 0 0
1 12 0 0
6 12 0 0
7 12 0 0
8 12 0 0
9 12 0 0
10 12 0 0
1 13 0 0
2 13 0 0
3 13 0 0
4 13 0 0
5 13 0 0
6 13 0 0
7 13 0 0
8 13 0 0
10 13 0 0
11 13 0 0
12 13 0 0
1 14 0 0
8 14 0 0
1 15 0 0
14 15 0 0
1 16 0 0
1 17 0 0
1 18 0 0
16 18 0 0
1 19 0 0
15 19 0 0
16 19 0 0
18 19 0 0
1 20 0 0
14 20 0 0
15 20 0 0
16 20 0 0
18 20 0 0
19 20 0 0
1 21 0 0
17 21 0 0
1 22 0 0
17 22 0 0
19 22 0 0
20 22 0 0
21 22 0 0
1 23 0 0
14 23 0 0
15 23 0 0
18 23 0 0
19 23 0 0
20 23 0 0
22 23 0 0
1 24 0 0
17 24 0 0
21 24 0 0
22 24 0 0
1 25 0 0
14 25 0 0
15 25 0 0
19 25 0 0
20 25 0 0
23 25 0 0
16 26 0 1
1 28 0 1
2 28 0 1
3 28 0 1
4 28 0 1
5 28 0 1
6 28 0 1
2 29 0 1
2 31 0 1
5 31 0 1
6 31 0 1
1 33 0 1
2 33 0 1
4 33 0 1
5 33 0 1
6 33 0 1
7 33 0 1
10 33 0 1
12 36 0 1
14 36 0 1
14 45 0 1
14 47 0 1
9 48 0 1
12 48 0 1
9 49 0 1
10 49 0 1
12 49 0 1
12 50 0 1
