3 4 0 0
2 6 0 0
5 7 0 0
2 8 0 0
3 8 0 0
4 8 0 0
3 9 0 0
4 9 0 0
8 9 0 0
3 10 0 0
4 10 0 0
8 10 0 0
9 10 0 0
5 11 0 0
7 11 0 0
3 12 0 0
4 12 0 0
5 12 0 0
8 12 0 0
9 12 0 0
10 12 0 0
11 12 0 0
3 13 0 0
4 13 0 0
8 13 0 0
9 13 0 0
10 13 0 0
12 13 0 0
2 14 0 0
3 14 0 0
4 14 0 0
8 14 0 0
9 14 0 0
10 14 0 0
13 14 0 0
2 15 0 0
6 15 0 0
8 15 0 0
14 15 0 0
2 16 0 0
6 16 0 0
15 16 0 0
2 17 0 0
6 17 0 0
15 17 0 0
16 17 0 0
3 18 0 0
4 18 0 0
8 18 0 0
9 18 0 0
10 18 0 0
12 18 0 0
13 18 0 0
14 18 0 0
15 18 0 0
5 19 0 0
7 19 0 0
11 19 0 0
5 20 0 0
7 20 0 0
11 20 0 0
19 20 0 0
2 21 0 0
6 21 0 0
15 21 0 0
16 21 0 0
17 21 0 0
5 22 0 0
7 22 0 0
11 22 0 0
19 22 0 0
20 22 0 0
3 23 0 0
4 23 0 0
8 23 0 0
9 23 0 0
10 23 0 0
13 23 0 0
14 23 0 0
18 23 0 0
2 24 0 0
8 24 0 0
14 24 0 0
15 24 0 0
18 24 0 0
21 24 0 0
23 24 0 0
2 25 0 0
8 25 0 0
10 25 0 0
13 25 0 0
14 25 0 0
15 25 0 0
18 25 0 0
21 25 0 0
23 25 0 0
24 25 0 0
2 26 0 0
8 26 0 0
10 26 0 0
13 26 0 0
14 26 0 0
15 26 0 0
18 26 0 0
21 26 0 0
23 26 0 0
24 26 0 0
25 26 0 0
5 27 0 0
7 27 0 0
11 27 0 0
19 27 0 0
20 27 0 0
22 27 0 0
2 28 0 0
6 28 0 0
8 28 0 0
14 28 0 0
15 28 0 0
16 28 0 0
17 28 0 0
21 28 0 0
23 28 0 0
24 28 0 0
25 28 0 0
26 28 0 0
2 29 0 0
8 29 0 0
10 29 0 0
14 29 0 0
15 29 0 0
16 29 0 0
18 29 0 0
21 29 0 0
23 29 0 0
24 29 0 0
25 29 0 0
26 29 0 0
28 29 0 0
2 30 0 0
3 30 0 0
4 30 0 0
8 30 0 0
9 30 0 0
10 30 0 0
13 30 0 0
14 30 0 0
15 30 0 0
18 30 0 0
23 30 0 0
24 30 0 0
25 30 0 0
26 30 0 0
28 30 0 0
29 30 0 0
3 31 0 0
4 31 0 0
8 31 0 0
9 31 0 0
10 31 0 0
12 31 0 0
13 31 0 0
14 31 0 0
18 31 0 0
23 31 0 0
24 31 0 0
25 31 0 0
26 31 0 0
29 31 0 0
30 31 0 0
2 32 0 0
6 32 0 0
15 32 0 0
16 32 0 0
17 32 0 0
21 32 0 0
28 32 0 0
3 33 0 0
4 33 0 0
8 33 0 0
9 33 0 0
10 33 0 0
13 33 0 0
14 33 0 0
15 33 0 0
18 33 0 0
23 33 0 0
24 33 0 0
25 33 0 0
26 33 0 0
28 33 0 0
29 33 0 0
30 33 0 0
31 33 0 0
2 34 0 0
6 34 0 0
8 34 0 0
14 34 0 0
15 34 0 0
16 34 0 0
17 34 0 0
18 34 0 0
21 34 0 0
23 34 0 0
24 34 0 0
25 34 0 0
26 34 0 0
28 34 0 0
29 34 0 0
30 34 0 0
31 34 0 0
33 34 0 0
3 35 0 0
4 35 0 0
8 35 0 0
9 35 0 0
10 35 0 0
12 35 0 0
13 35 0 0
14 35 0 0
18 35 0 0
23 35 0 0
30 35 0 0
31 35 0 0
33 35 0 0
5 36 0 0
7 36 0 0
11 36 0 0
12 36 0 0
19 36 0 0
20 36 0 0
22 36 0 0
27 36 0 0
4 37 0 0
5 37 0 0
7 37 0 0
9 37 0 0
11 37 0 0
12 37 0 0
22 37 0 0
27 37 0 0
35 37 0 0
36 37 0 0
1 38 0 0
16 38 0 0
17 38 0 0
21 38 0 0
32 38 0 0
1 39 0 0
16 39 0 0
17 39 0 0
21 39 0 0
24 39 0 0
28 39 0 0
32 39 0 0
34 39 0 0
38 39 0 0
9 40 0 0
23 40 0 0
30 40 0 0
31 40 0 0
33 40 0 0
35 40 0 0
37 40 0 0
12 41 0 0
22 41 0 0
35 41 0 0
36 41 0 0
37 41 0 0
40 41 0 0
1 42 0 0
18 42 0 0
23 42 0 0
24 42 0 0
25 42 0 0
26 42 0 0
30 42 0 0
31 42 0 0
33 42 0 0
35 42 0 0
40 42 0 0
1 43 0 0
23 43 0 0
24 43 0 0
25 43 0 0
26 43 0 0
28 43 0 0
29 43 0 0
30 43 0 0
31 43 0 0
33 43 0 0
34 43 0 0
40 43 0 0
42 43 0 0
1 44 0 0
21 44 0 0
24 44 0 0
26 44 0 0
38 44 0 0
39 44 0 0
43 44 0 0
1 45 0 0
24 45 0 0
26 45 0 0
38 45 0 0
39 45 0 0
42 45 0 0
43 45 0 0
44 45 0 0
1 46 0 0
23 46 0 0
26 46 0 0
40 46 0 0
42 46 0 0
43 46 0 0
45 46 0 0
20 47 0 0
1 48 0 0
21 48 0 0
32 48 0 0
38 48 0 0
39 48 0 0
44 48 0 0
23 49 0 0
31 49 0 0
35 49 0 0
37 49 0 0
40 49 0 0
41 49 0 0
42 49 0 0
46 49 0 0
35 50 0 0
37 50 0 0
40 50 0 0
41 50 0 0
42 50 0 0
46 50 0 0
49 50 0 0
1 51 0 0
21 51 0 0
24 51 0 0
25 51 0 0
26 51 0 0
28 51 0 0
34 51 0 0
38 51 0 0
39 51 0 0
42 51 0 0
43 51 0 0
44 51 0 0
45 51 0 0
46 51 0 0
48 51 0 0
1 52 0 0
21 52 0 0
23 52 0 0
24 52 0 0
25 52 0 0
26 52 0 0
28 52 0 0
29 52 0 0
34 52 0 0
39 52 0 0
42 52 0 0
43 52 0 0
44 52 0 0
45 52 0 0
46 52 0 0
51 52 0 0
1 53 0 0
23 53 0 0
24 53 0 0
25 53 0 0
26 53 0 0
40 53 0 0
42 53 0 0
43 53 0 0
44 53 0 0
45 53 0 0
46 53 0 0
49 53 0 0
51 53 0 0
52 53 0 0
1 54 0 0
21 54 0 0
24 54 0 0
25 54 0 0
26 54 0 0
28 54 0 0
29 54 0 0
34 54 0 0
38 54 0 0
39 54 0 0
43 54 0 0
44 54 0 0
45 54 0 0
48 54 0 0
51 54 0 0
52 54 0 0
53 54 0 0
1 55 0 0
23 55 0 0
24 55 0 0
26 55 0 0
31 55 0 0
40 55 0 0
42 55 0 0
43 55 0 0
45 55 0 0
46 55 0 0
49 55 0 0
50 55 0 0
51 55 0 0
52 55 0 0
53 55 0 0
23 56 0 0
35 56 0 0
40 56 0 0
41 56 0 0
42 56 0 0
43 56 0 0
46 56 0 0
49 56 0 0
50 56 0 0
53 56 0 0
55 56 0 0
19 57 0 0
20 57 0 0
22 57 0 0
27 57 0 0
47 57 0 0
1 58 0 0
21 58 0 0
24 58 0 0
38 58 0 0
39 58 0 0
44 58 0 0
45 58 0 0
48 58 0 0
51 58 0 0
52 58 0 0
54 58 0 0
1 59 0 0
23 59 0 0
24 59 0 0
25 59 0 0
26 59 0 0
40 59 0 0
42 59 0 0
43 59 0 0
44 59 0 0
45 59 0 0
46 59 0 0
49 59 0 0
51 59 0 0
52 59 0 0
53 59 0 0
55 59 0 0
56 59 0 0
37 60 0 0
40 60 0 0
41 60 0 0
42 60 0 0
46 60 0 0
49 60 0 0
50 60 0 0
55 60 0 0
56 60 0 0
3 61 0 0
4 61 0 0
9 61 0 0
10 61 0 0
12 61 0 0
13 61 0 0
18 61 0 0
23 61 0 0
30 61 0 0
31 61 0 0
33 61 0 0
35 61 0 0
36 61 0 0
37 61 0 0
40 61 0 0
41 61 0 0
42 61 0 0
49 61 0 0
50 61 0 0
55 61 0 0
56 61 0 0
60 61 0 0
5 62 0 0
7 62 0 0
11 62 0 0
19 62 0 0
20 62 0 0
22 62 0 0
27 62 0 0
36 62 0 0
37 62 0 0
47 62 0 0
57 62 0 0
3 63 0 0
4 63 0 0
8 63 0 0
9 63 0 0
10 63 0 0
12 63 0 0
13 63 0 0
18 63 0 0
23 63 0 0
26 63 0 0
30 63 0 0
31 63 0 0
33 63 0 0
35 63 0 0
37 63 0 0
40 63 0 0
41 63 0 0
42 63 0 0
43 63 0 0
46 63 0 0
49 63 0 0
50 63 0 0
53 63 0 0
55 63 0 0
56 63 0 0
59 63 0 0
60 63 0 0
61 63 0 0
6 64 0 0
16 64 0 0
17 64 0 0
21 64 0 0
28 64 0 0
32 64 0 0
38 64 0 0
39 64 0 0
44 64 0 0
48 64 0 0
54 64 0 0
58 64 0 0
2 65 0 0
6 65 0 0
15 65 0 0
16 65 0 0
17 65 0 0
21 65 0 0
24 65 0 0
25 65 0 0
26 65 0 0
28 65 0 0
29 65 0 0
32 65 0 0
34 65 0 0
38 65 0 0
39 65 0 0
43 65 0 0
44 65 0 0
45 65 0 0
48 65 0 0
51 65 0 0
52 65 0 0
54 65 0 0
58 65 0 0
64 65 0 0
6 66 0 0
16 66 0 0
17 66 0 0
21 66 0 0
28 66 0 0
32 66 0 0
34 66 0 0
38 66 0 0
39 66 0 0
44 66 0 0
48 66 0 0
51 66 0 0
54 66 0 0
58 66 0 0
64 66 0 0
65 66 0 0
2 67 0 0
8 67 0 0
14 67 0 0
15 67 0 0
18 67 0 0
21 67 0 0
23 67 0 0
24 67 0 0
25 67 0 0
26 67 0 0
28 67 0 0
29 67 0 0
30 67 0 0
31 67 0 0
33 67 0 0
34 67 0 0
42 67 0 0
43 67 0 0
44 67 0 0
45 67 0 0
46 67 0 0
51 67 0 0
52 67 0 0
53 67 0 0
54 67 0 0
55 67 0 0
58 67 0 0
59 67 0 0
65 67 0 0
1 68 0 0
2 68 0 0
15 68 0 0
16 68 0 0
17 68 0 0
21 68 0 0
23 68 0 0
24 68 0 0
25 68 0 0
26 68 0 0
28 68 0 0
29 68 0 0
32 68 0 0
34 68 0 0
38 68 0 0
39 68 0 0
42 68 0 0
43 68 0 0
44 68 0 0
45 68 0 0
46 68 0 0
48 68 0 0
51 68 0 0
52 68 0 0
53 68 0 0
54 68 0 0
58 68 0 0
59 68 0 0
64 68 0 0
65 68 0 0
66 68 0 0
67 68 0 0
11 69 0 0
19 69 0 0
20 69 0 0
22 69 0 0
27 69 0 0
36 69 0 0
47 69 0 0
57 69 0 0
62 69 0 0
12 70 0 0
22 70 0 0
27 70 0 0
35 70 0 0
36 70 0 0
37 70 0 0
40 70 0 0
41 70 0 0
49 70 0 0
50 70 0 0
56 70 0 0
60 70 0 0
61 70 0 0
62 70 0 0
63 70 0 0
11 71 0 0
12 71 0 0
20 71 0 0
22 71 0 0
27 71 0 0
36 71 0 0
37 71 0 0
40 71 0 0
41 71 0 0
49 71 0 0
50 71 0 0
57 71 0 0
60 71 0 0
61 71 0 0
62 71 0 0
63 71 0 0
70 71 0 0
5 72 0 0
7 72 0 0
11 72 0 0
19 72 0 0
20 72 0 0
22 72 0 0
27 72 0 0
36 72 0 0
37 72 0 0
41 72 0 0
47 72 0 0
57 72 0 0
62 72 0 0
69 72 0 0
70 72 0 0
71 72 0 0
9 73 0 0
12 73 0 0
31 73 0 0
35 73 0 0
36 73 0 0
37 73 0 0
40 73 0 0
41 73 0 0
49 73 0 0
50 73 0 0
55 73 0 0
56 73 0 0
60 73 0 0
61 73 0 0
63 73 0 0
70 73 0 0
71 73 0 0
72 73 0 0
1 74 0 0
16 74 0 0
17 74 0 0
21 74 0 0
24 74 0 0
25 74 0 0
28 74 0 0
29 74 0 0
32 74 0 0
34 74 0 0
38 74 0 0
39 74 0 0
44 74 0 0
45 74 0 0
48 74 0 0
51 74 0 0
52 74 0 0
54 74 0 0
58 74 0 0
64 74 0 0
65 74 0 0
66 74 0 0
67 74 0 0
68 74 0 0
9 75 0 0
10 75 0 0
13 75 0 0
14 75 0 0
18 75 0 0
23 75 0 0
24 75 0 0
25 75 0 0
26 75 0 0
30 75 0 0
31 75 0 0
33 75 0 0
35 75 0 0
40 75 0 0
41 75 0 0
42 75 0 0
43 75 0 0
46 75 0 0
49 75 0 0
50 75 0 0
52 75 0 0
53 75 0 0
55 75 0 0
56 75 0 0
59 75 0 0
60 75 0 0
61 75 0 0
63 75 0 0
67 75 0 0
73 75 0 0
60 76 0 0
1 77 0 0
46 77 0 0
55 77 0 0
59 77 0 0
1 78 0 0
45 78 0 0
46 78 0 0
53 78 0 0
59 78 0 0
77 78 0 0
1 79 0 0
44 79 0 0
45 79 0 0
48 79 0 0
54 79 0 0
58 79 0 0
1 80 0 0
44 80 0 0
45 80 0 0
48 80 0 0
51 80 0 0
52 80 0 0
54 80 0 0
58 80 0 0
68 80 0 0
79 80 0 0
40 81 0 0
46 81 0 0
49 81 0 0
50 81 0 0
55 81 0 0
56 81 0 0
60 81 0 0
76 81 0 0
77 81 0 0
46 82 0 0
49 82 0 0
50 82 0 0
55 82 0 0
56 82 0 0
60 82 0 0
76 82 0 0
77 82 0 0
81 82 0 0
1 83 0 0
42 83 0 0
45 83 0 0
46 83 0 0
53 83 0 0
55 83 0 0
56 83 0 0
59 83 0 0
77 83 0 0
78 83 0 0
81 83 0 0
82 83 0 0
1 84 0 0
44 84 0 0
45 84 0 0
48 84 0 0
58 84 0 0
79 84 0 0
80 84 0 0
1 85 0 0
44 85 0 0
45 85 0 0
51 85 0 0
54 85 0 0
58 85 0 0
78 85 0 0
79 85 0 0
80 85 0 0
84 85 0 0
47 86 0 0
57 86 0 0
41 87 0 0
49 87 0 0
50 87 0 0
56 87 0 0
60 87 0 0
70 87 0 0
76 87 0 0
81 87 0 0
82 87 0 0
47 88 0 0
57 88 0 0
60 88 0 0
76 88 0 0
86 88 0 0
87 88 0 0
1 89 0 0
42 89 0 0
43 89 0 0
44 89 0 0
45 89 0 0
46 89 0 0
51 89 0 0
52 89 0 0
53 89 0 0
55 89 0 0
59 89 0 0
68 89 0 0
77 89 0 0
78 89 0 0
83 89 0 0
85 89 0 0
40 90 0 0
41 90 0 0
42 90 0 0
46 90 0 0
49 90 0 0
50 90 0 0
53 90 0 0
55 90 0 0
56 90 0 0
59 90 0 0
60 90 0 0
73 90 0 0
75 90 0 0
76 90 0 0
77 90 0 0
78 90 0 0
81 90 0 0
82 90 0 0
83 90 0 0
87 90 0 0
89 90 0 0
1 91 0 0
38 91 0 0
39 91 0 0
44 91 0 0
45 91 0 0
48 91 0 0
51 91 0 0
54 91 0 0
58 91 0 0
68 91 0 0
79 91 0 0
80 91 0 0
84 91 0 0
85 91 0 0
1 92 0 0
38 92 0 0
39 92 0 0
44 92 0 0
45 92 0 0
48 92 0 0
51 92 0 0
52 92 0 0
54 92 0 0
58 92 0 0
68 92 0 0
74 92 0 0
79 92 0 0
80 92 0 0
84 92 0 0
85 92 0 0
91 92 0 0
1 93 0 0
42 93 0 0
43 93 0 0
44 93 0 0
45 93 0 0
46 93 0 0
51 93 0 0
52 93 0 0
53 93 0 0
55 93 0 0
59 93 0 0
68 93 0 0
77 93 0 0
78 93 0 0
80 93 0 0
83 93 0 0
85 93 0 0
89 93 0 0
90 93 0 0
92 93 0 0
47 94 0 0
57 94 0 0
62 94 0 0
69 94 0 0
72 94 0 0
86 94 0 0
88 94 0 0
40 95 0 0
41 95 0 0
42 95 0 0
46 95 0 0
49 95 0 0
50 95 0 0
55 95 0 0
56 95 0 0
60 95 0 0
61 95 0 0
63 95 0 0
70 95 0 0
73 95 0 0
75 95 0 0
76 95 0 0
77 95 0 0
81 95 0 0
82 95 0 0
83 95 0 0
87 95 0 0
90 95 0 0
40 96 0 0
41 96 0 0
42 96 0 0
43 96 0 0
46 96 0 0
49 96 0 0
50 96 0 0
53 96 0 0
55 96 0 0
56 96 0 0
59 96 0 0
60 96 0 0
61 96 0 0
63 96 0 0
73 96 0 0
75 96 0 0
77 96 0 0
78 96 0 0
81 96 0 0
82 96 0 0
83 96 0 0
87 96 0 0
89 96 0 0
90 96 0 0
93 96 0 0
95 96 0 0
1 97 0 0
38 97 0 0
39 97 0 0
43 97 0 0
44 97 0 0
45 97 0 0
48 97 0 0
51 97 0 0
52 97 0 0
53 97 0 0
54 97 0 0
58 97 0 0
59 97 0 0
64 97 0 0
65 97 0 0
66 97 0 0
68 97 0 0
74 97 0 0
78 97 0 0
79 97 0 0
80 97 0 0
84 97 0 0
85 97 0 0
89 97 0 0
91 97 0 0
92 97 0 0
93 97 0 0
1 98 0 0
21 98 0 0
38 98 0 0
39 98 0 0
44 98 0 0
45 98 0 0
48 98 0 0
51 98 0 0
54 98 0 0
58 98 0 0
64 98 0 0
65 98 0 0
66 98 0 0
68 98 0 0
74 98 0 0
79 98 0 0
80 98 0 0
84 98 0 0
85 98 0 0
91 98 0 0
92 98 0 0
97 98 0 0
40 99 0 0
41 99 0 0
42 99 0 0
46 99 0 0
49 99 0 0
50 99 0 0
55 99 0 0
56 99 0 0
59 99 0 0
60 99 0 0
61 99 0 0
63 99 0 0
70 99 0 0
73 99 0 0
75 99 0 0
76 99 0 0
77 99 0 0
81 99 0 0
82 99 0 0
83 99 0 0
87 99 0 0
90 99 0 0
95 99 0 0
96 99 0 0
1 100 0 0
24 100 0 0
26 100 0 0
42 100 0 0
43 100 0 0
44 100 0 0
45 100 0 0
46 100 0 0
51 100 0 0
52 100 0 0
53 100 0 0
54 100 0 0
55 100 0 0
56 100 0 0
58 100 0 0
59 100 0 0
67 100 0 0
68 100 0 0
75 100 0 0
77 100 0 0
78 100 0 0
80 100 0 0
83 100 0 0
85 100 0 0
89 100 0 0
90 100 0 0
92 100 0 0
93 100 0 0
96 100 0 0
97 100 0 0
1 101 0 0
24 101 0 0
38 101 0 0
39 101 0 0
43 101 0 0
44 101 0 0
45 101 0 0
46 101 0 0
48 101 0 0
51 101 0 0
52 101 0 0
53 101 0 0
54 101 0 0
58 101 0 0
59 101 0 0
65 101 0 0
66 101 0 0
67 101 0 0
68 101 0 0
74 101 0 0
78 101 0 0
79 101 0 0
80 101 0 0
84 101 0 0
85 101 0 0
89 101 0 0
91 101 0 0
92 101 0 0
93 101 0 0
97 101 0 0
98 101 0 0
100 101 0 0
1 102 0 0
24 102 0 0
26 102 0 0
39 102 0 0
42 102 0 0
43 102 0 0
44 102 0 0
45 102 0 0
46 102 0 0
51 102 0 0
52 102 0 0
53 102 0 0
54 102 0 0
55 102 0 0
58 102 0 0
59 102 0 0
65 102 0 0
67 102 0 0
68 102 0 0
74 102 0 0
77 102 0 0
78 102 0 0
80 102 0 0
83 102 0 0
84 102 0 0
85 102 0 0
89 102 0 0
92 102 0 0
93 102 0 0
97 102 0 0
98 102 0 0
100 102 0 0
101 102 0 0
86 103 0 0
86 104 0 0
88 104 0 0
94 104 0 0
103 104 0 0
94 105 0 0
103 105 0 0
104 105 0 0
1 106 0 0
77 106 0 0
78 106 0 0
80 106 0 0
84 106 0 0
85 106 0 0
93 106 0 0
103 107 0 0
104 107 0 0
105 107 0 0
1 108 0 0
79 108 0 0
80 108 0 0
84 108 0 0
85 108 0 0
91 108 0 0
92 108 0 0
106 108 0 0
76 109 0 0
86 109 0 0
88 109 0 0
94 109 0 0
103 109 0 0
104 109 0 0
105 109 0 0
107 109 0 0
76 110 0 0
81 110 0 0
82 110 0 0
87 110 0 0
90 110 0 0
109 110 0 0
76 111 0 0
86 111 0 0
87 111 0 0
88 111 0 0
94 111 0 0
103 111 0 0
104 111 0 0
105 111 0 0
107 111 0 0
109 111 0 0
110 111 0 0
1 112 0 0
78 112 0 0
79 112 0 0
80 112 0 0
84 112 0 0
85 112 0 0
91 112 0 0
92 112 0 0
97 112 0 0
106 112 0 0
108 112 0 0
1 113 0 0
77 113 0 0
78 113 0 0
81 113 0 0
82 113 0 0
83 113 0 0
89 113 0 0
90 113 0 0
93 113 0 0
106 113 0 0
1 114 0 0
77 114 0 0
78 114 0 0
80 114 0 0
83 114 0 0
85 114 0 0
89 114 0 0
93 114 0 0
106 114 0 0
112 114 0 0
113 114 0 0
1 115 0 0
79 115 0 0
80 115 0 0
84 115 0 0
85 115 0 0
91 115 0 0
92 115 0 0
97 115 0 0
106 115 0 0
108 115 0 0
112 115 0 0
77 116 0 0
82 116 0 0
110 116 0 0
113 116 0 0
76 117 0 0
104 117 0 0
105 117 0 0
107 117 0 0
109 117 0 0
110 117 0 0
111 117 0 0
1 118 0 0
77 118 0 0
78 118 0 0
83 118 0 0
93 118 0 0
106 118 0 0
113 118 0 0
114 118 0 0
116 118 0 0
1 119 0 0
78 119 0 0
84 119 0 0
85 119 0 0
106 119 0 0
108 119 0 0
112 119 0 0
113 119 0 0
114 119 0 0
115 119 0 0
118 119 0 0
1 120 0 0
79 120 0 0
80 120 0 0
84 120 0 0
85 120 0 0
92 120 0 0
106 120 0 0
108 120 0 0
112 120 0 0
115 120 0 0
119 120 0 0
1 121 0 0
77 121 0 0
78 121 0 0
83 121 0 0
106 121 0 0
113 121 0 0
114 121 0 0
116 121 0 0
118 121 0 0
119 121 0 0
1 122 0 0
77 122 0 0
78 122 0 0
106 122 0 0
112 122 0 0
113 122 0 0
114 122 0 0
116 122 0 0
118 122 0 0
119 122 0 0
121 122 0 0
113 123 0 0
114 123 0 0
116 123 0 0
118 123 0 0
121 123 0 0
122 123 0 0
1 124 0 0
106 124 0 0
108 124 0 0
112 124 0 0
114 124 0 0
115 124 0 0
118 124 0 0
119 124 0 0
120 124 0 0
122 124 0 0
1 125 0 0
106 125 0 0
108 125 0 0
112 125 0 0
114 125 0 0
115 125 0 0
119 125 0 0
120 125 0 0
122 125 0 0
124 125 0 0
103 126 0 0
104 126 0 0
105 126 0 0
107 126 0 0
104 127 0 0
105 127 0 0
109 127 0 0
117 127 0 0
126 127 0 0
117 128 0 0
127 128 0 0
116 129 0 0
117 129 0 0
123 129 0 0
127 129 0 0
128 129 0 0
1 130 0 0
106 130 0 0
112 130 0 0
118 130 0 0
119 130 0 0
120 130 0 0
122 130 0 0
124 130 0 0
125 130 0 0
1 131 0 0
108 131 0 0
120 131 0 0
124 131 0 0
125 131 0 0
130 131 0 0
1 132 0 0
106 132 0 0
108 132 0 0
112 132 0 0
119 132 0 0
120 132 0 0
122 132 0 0
124 132 0 0
125 132 0 0
130 132 0 0
131 132 0 0
113 133 0 0
116 133 0 0
118 133 0 0
121 133 0 0
122 133 0 0
123 133 0 0
129 133 0 0
1 134 0 0
106 134 0 0
108 134 0 0
112 134 0 0
114 134 0 0
118 134 0 0
119 134 0 0
120 134 0 0
122 134 0 0
124 134 0 0
125 134 0 0
130 134 0 0
131 134 0 0
132 134 0 0
1 135 0 0
106 135 0 0
108 135 0 0
112 135 0 0
115 135 0 0
119 135 0 0
120 135 0 0
124 135 0 0
125 135 0 0
130 135 0 0
131 135 0 0
132 135 0 0
134 135 0 0
1 136 0 0
106 136 0 0
112 136 0 0
113 136 0 0
114 136 0 0
118 136 0 0
119 136 0 0
120 136 0 0
121 136 0 0
122 136 0 0
123 136 0 0
124 136 0 0
125 136 0 0
130 136 0 0
132 136 0 0
133 136 0 0
134 136 0 0
135 136 0 0
1 137 0 0
106 137 0 0
112 137 0 0
114 137 0 0
118 137 0 0
119 137 0 0
120 137 0 0
121 137 0 0
122 137 0 0
123 137 0 0
124 137 0 0
125 137 0 0
130 137 0 0
132 137 0 0
133 137 0 0
134 137 0 0
135 137 0 0
136 137 0 0
116 138 0 0
117 138 0 0
127 138 0 0
128 138 0 0
129 138 0 0
133 138 0 0
126 139 0 0
127 139 0 0
128 139 0 0
138 139 0 0
126 140 0 0
127 140 0 0
128 140 0 0
138 140 0 0
139 140 0 0
124 141 0 0
125 141 0 0
130 141 0 0
131 141 0 0
132 141 0 0
134 141 0 0
135 141 0 0
124 142 0 0
125 142 0 0
130 142 0 0
131 142 0 0
132 142 0 0
134 142 0 0
135 142 0 0
137 142 0 0
141 142 0 0
123 143 0 0
127 143 0 0
128 143 0 0
129 143 0 0
133 143 0 0
138 143 0 0
124 144 0 0
125 144 0 0
130 144 0 0
132 144 0 0
134 144 0 0
136 144 0 0
137 144 0 0
142 144 0 0
124 145 0 0
125 145 0 0
130 145 0 0
131 145 0 0
132 145 0 0
134 145 0 0
135 145 0 0
136 145 0 0
137 145 0 0
141 145 0 0
142 145 0 0
144 145 0 0
127 146 0 0
128 146 0 0
129 146 0 0
138 146 0 0
139 146 0 0
140 146 0 0
143 146 0 0
124 147 0 0
125 147 0 0
130 147 0 0
132 147 0 0
134 147 0 0
135 147 0 0
136 147 0 0
137 147 0 0
141 147 0 0
142 147 0 0
144 147 0 0
145 147 0 0
124 148 0 0
125 148 0 0
130 148 0 0
131 148 0 0
132 148 0 0
134 148 0 0
135 148 0 0
136 148 0 0
137 148 0 0
141 148 0 0
142 148 0 0
144 148 0 0
145 148 0 0
147 148 0 0
1 149 0 0
124 149 0 0
125 149 0 0
130 149 0 0
131 149 0 0
132 149 0 0
134 149 0 0
135 149 0 0
136 149 0 0
137 149 0 0
141 149 0 0
142 149 0 0
144 149 0 0
145 149 0 0
147 149 0 0
148 149 0 0
127 150 0 0
128 150 0 0
129 150 0 0
133 150 0 0
138 150 0 0
139 150 0 0
140 150 0 0
143 150 0 0
146 150 0 0
116 151 0 0
118 151 0 0
121 151 0 0
123 151 0 0
129 151 0 0
133 151 0 0
136 151 0 0
143 151 0 0
144 151 0 0
150 151 0 0
117 152 0 0
126 152 0 0
127 152 0 0
128 152 0 0
129 152 0 0
138 152 0 0
139 152 0 0
140 152 0 0
143 152 0 0
146 152 0 0
150 152 0 0
113 153 0 0
116 153 0 0
118 153 0 0
121 153 0 0
122 153 0 0
123 153 0 0
129 153 0 0
130 153 0 0
133 153 0 0
134 153 0 0
136 153 0 0
137 153 0 0
143 153 0 0
144 153 0 0
147 153 0 0
151 153 0 0
105 154 0 0
107 154 0 0
117 154 0 0
126 154 0 0
127 154 0 0
128 154 0 0
129 154 0 0
138 154 0 0
139 154 0 0
140 154 0 0
143 154 0 0
146 154 0 0
150 154 0 0
152 154 0 0
117 155 0 0
126 155 0 0
127 155 0 0
128 155 0 0
129 155 0 0
138 155 0 0
139 155 0 0
140 155 0 0
143 155 0 0
146 155 0 0
150 155 0 0
152 155 0 0
154 155 0 0
117 156 0 0
127 156 0 0
128 156 0 0
129 156 0 0
138 156 0 0
139 156 0 0
140 156 0 0
143 156 0 0
146 156 0 0
150 156 0 0
152 156 0 0
154 156 0 0
155 156 0 0
1 157 0 0
108 157 0 0
120 157 0 0
124 157 0 0
125 157 0 0
130 157 0 0
131 157 0 0
132 157 0 0
134 157 0 0
135 157 0 0
136 157 0 0
137 157 0 0
141 157 0 0
142 157 0 0
144 157 0 0
145 157 0 0
147 157 0 0
148 157 0 0
149 157 0 0
1 158 0 0
106 158 0 0
108 158 0 0
112 158 0 0
115 158 0 0
119 158 0 0
120 158 0 0
122 158 0 0
124 158 0 0
125 158 0 0
130 158 0 0
131 158 0 0
132 158 0 0
134 158 0 0
135 158 0 0
136 158 0 0
137 158 0 0
141 158 0 0
142 158 0 0
144 158 0 0
145 158 0 0
147 158 0 0
148 158 0 0
149 158 0 0
157 158 0 0
116 159 0 0
117 159 0 0
127 159 0 0
128 159 0 0
129 159 0 0
133 159 0 0
138 159 0 0
139 159 0 0
143 159 0 0
146 159 0 0
150 159 0 0
151 159 0 0
152 159 0 0
154 159 0 0
155 159 0 0
156 159 0 0
1 160 0 0
106 160 0 0
119 160 0 0
122 160 0 0
124 160 0 0
125 160 0 0
130 160 0 0
132 160 0 0
134 160 0 0
135 160 0 0
136 160 0 0
137 160 0 0
141 160 0 0
142 160 0 0
144 160 0 0
145 160 0 0
147 160 0 0
148 160 0 0
149 160 0 0
153 160 0 0
157 160 0 0
158 160 0 0
116 161 0 0
121 161 0 0
123 161 0 0
129 161 0 0
133 161 0 0
136 161 0 0
137 161 0 0
143 161 0 0
144 161 0 0
147 161 0 0
151 161 0 0
153 161 0 0
159 161 0 0
160 161 0 0
116 162 0 0
123 162 0 0
127 162 0 0
128 162 0 0
129 162 0 0
133 162 0 0
138 162 0 0
143 162 0 0
146 162 0 0
150 162 0 0
151 162 0 0
152 162 0 0
153 162 0 0
156 162 0 0
159 162 0 0
161 162 0 0
127 163 0 0
128 163 0 0
129 163 0 0
133 163 0 0
138 163 0 0
139 163 0 0
143 163 0 0
146 163 0 0
150 163 0 0
151 163 0 0
152 163 0 0
154 163 0 0
155 163 0 0
156 163 0 0
159 163 0 0
161 163 0 0
162 163 0 0
1 164 0 0
79 164 0 0
84 164 0 0
85 164 0 0
106 164 0 0
108 164 0 0
112 164 0 0
115 164 0 0
119 164 0 0
120 164 0 0
124 164 0 0
125 164 0 0
130 164 0 0
131 164 0 0
132 164 0 0
134 164 0 0
135 164 0 0
137 164 0 0
141 164 0 0
142 164 0 0
145 164 0 0
147 164 0 0
148 164 0 0
149 164 0 0
157 164 0 0
158 164 0 0
160 164 0 0
104 165 0 0
105 165 0 0
107 165 0 0
109 165 0 0
110 165 0 0
111 165 0 0
117 165 0 0
127 165 0 0
128 165 0 0
129 165 0 0
138 165 0 0
139 165 0 0
146 165 0 0
150 165 0 0
152 165 0 0
154 165 0 0
155 165 0 0
156 165 0 0
159 165 0 0
163 165 0 0
110 166 0 0
113 166 0 0
116 166 0 0
117 166 0 0
118 166 0 0
121 166 0 0
123 166 0 0
127 166 0 0
128 166 0 0
129 166 0 0
133 166 0 0
138 166 0 0
143 166 0 0
146 166 0 0
150 166 0 0
151 166 0 0
152 166 0 0
153 166 0 0
155 166 0 0
156 166 0 0
159 166 0 0
161 166 0 0
162 166 0 0
163 166 0 0
165 166 0 0
1 167 0 0
79 167 0 0
80 167 0 0
84 167 0 0
85 167 0 0
91 167 0 0
92 167 0 0
97 167 0 0
106 167 0 0
108 167 0 0
112 167 0 0
114 167 0 0
115 167 0 0
118 167 0 0
119 167 0 0
120 167 0 0
122 167 0 0
124 167 0 0
125 167 0 0
130 167 0 0
131 167 0 0
132 167 0 0
134 167 0 0
135 167 0 0
136 167 0 0
137 167 0 0
148 167 0 0
149 167 0 0
157 167 0 0
158 167 0 0
160 167 0 0
164 167 0 0
76 168 0 0
103 168 0 0
104 168 0 0
105 168 0 0
107 168 0 0
109 168 0 0
110 168 0 0
111 168 0 0
117 168 0 0
126 168 0 0
127 168 0 0
128 168 0 0
129 168 0 0
138 168 0 0
139 168 0 0
146 168 0 0
152 168 0 0
154 168 0 0
155 168 0 0
156 168 0 0
159 168 0 0
165 168 0 0
166 168 0 0
1 169 0 0
78 169 0 0
106 169 0 0
108 169 0 0
112 169 0 0
113 169 0 0
114 169 0 0
115 169 0 0
118 169 0 0
119 169 0 0
120 169 0 0
121 169 0 0
122 169 0 0
123 169 0 0
124 169 0 0
125 169 0 0
130 169 0 0
132 169 0 0
134 169 0 0
135 169 0 0
136 169 0 0
137 169 0 0
144 169 0 0
147 169 0 0
149 169 0 0
153 169 0 0
157 169 0 0
158 169 0 0
160 169 0 0
164 169 0 0
167 169 0 0
109 170 0 0
110 170 0 0
111 170 0 0
116 170 0 0
117 170 0 0
127 170 0 0
128 170 0 0
129 170 0 0
138 170 0 0
139 170 0 0
143 170 0 0
146 170 0 0
150 170 0 0
152 170 0 0
154 170 0 0
155 170 0 0
156 170 0 0
159 170 0 0
162 170 0 0
163 170 0 0
165 170 0 0
166 170 0 0
168 170 0 0
1 171 0 0
78 171 0 0
106 171 0 0
112 171 0 0
113 171 0 0
114 171 0 0
116 171 0 0
118 171 0 0
119 171 0 0
121 171 0 0
122 171 0 0
123 171 0 0
124 171 0 0
125 171 0 0
130 171 0 0
132 171 0 0
133 171 0 0
134 171 0 0
136 171 0 0
137 171 0 0
144 171 0 0
147 171 0 0
149 171 0 0
151 171 0 0
153 171 0 0
158 171 0 0
160 171 0 0
161 171 0 0
167 171 0 0
169 171 0 0
1 172 0 0
106 172 0 0
108 172 0 0
112 172 0 0
114 172 0 0
115 172 0 0
118 172 0 0
119 172 0 0
120 172 0 0
122 172 0 0
124 172 0 0
125 172 0 0
130 172 0 0
131 172 0 0
132 172 0 0
134 172 0 0
135 172 0 0
136 172 0 0
137 172 0 0
144 172 0 0
147 172 0 0
148 172 0 0
149 172 0 0
157 172 0 0
158 172 0 0
160 172 0 0
164 172 0 0
167 172 0 0
169 172 0 0
171 172 0 0
1 173 0 0
106 173 0 0
108 173 0 0
112 173 0 0
114 173 0 0
115 173 0 0
119 173 0 0
120 173 0 0
122 173 0 0
124 173 0 0
125 173 0 0
130 173 0 0
131 173 0 0
132 173 0 0
134 173 0 0
135 173 0 0
136 173 0 0
137 173 0 0
142 173 0 0
145 173 0 0
147 173 0 0
148 173 0 0
149 173 0 0
157 173 0 0
158 173 0 0
160 173 0 0
164 173 0 0
167 173 0 0
169 173 0 0
171 173 0 0
172 173 0 0
1 174 0 0
106 174 0 0
108 174 0 0
112 174 0 0
113 174 0 0
114 174 0 0
115 174 0 0
118 174 0 0
119 174 0 0
120 174 0 0
121 174 0 0
122 174 0 0
123 174 0 0
124 174 0 0
125 174 0 0
130 174 0 0
131 174 0 0
132 174 0 0
134 174 0 0
135 174 0 0
136 174 0 0
137 174 0 0
142 174 0 0
144 174 0 0
145 174 0 0
147 174 0 0
148 174 0 0
149 174 0 0
153 174 0 0
157 174 0 0
158 174 0 0
160 174 0 0
164 174 0 0
167 174 0 0
169 174 0 0
171 174 0 0
172 174 0 0
173 174 0 0
1 175 0 0
106 175 0 0
113 175 0 0
114 175 0 0
116 175 0 0
118 175 0 0
119 175 0 0
121 175 0 0
122 175 0 0
123 175 0 0
124 175 0 0
130 175 0 0
133 175 0 0
134 175 0 0
136 175 0 0
137 175 0 0
144 175 0 0
147 175 0 0
151 175 0 0
153 175 0 0
160 175 0 0
161 175 0 0
162 175 0 0
166 175 0 0
169 175 0 0
171 175 0 0
172 175 0 0
174 175 0 0
1 176 0 0
106 176 0 0
108 176 0 0
112 176 0 0
114 176 0 0
115 176 0 0
118 176 0 0
119 176 0 0
120 176 0 0
122 176 0 0
124 176 0 0
125 176 0 0
130 176 0 0
131 176 0 0
132 176 0 0
134 176 0 0
135 176 0 0
136 176 0 0
137 176 0 0
141 176 0 0
142 176 0 0
144 176 0 0
145 176 0 0
147 176 0 0
148 176 0 0
149 176 0 0
157 176 0 0
158 176 0 0
160 176 0 0
164 176 0 0
167 176 0 0
169 176 0 0
171 176 0 0
172 176 0 0
173 176 0 0
174 176 0 0
175 176 0 0
1 177 0 0
106 177 0 0
108 177 0 0
112 177 0 0
114 177 0 0
115 177 0 0
119 177 0 0
120 177 0 0
122 177 0 0
124 177 0 0
125 177 0 0
130 177 0 0
131 177 0 0
132 177 0 0
134 177 0 0
135 177 0 0
136 177 0 0
137 177 0 0
141 177 0 0
142 177 0 0
144 177 0 0
145 177 0 0
147 177 0 0
148 177 0 0
149 177 0 0
157 177 0 0
158 177 0 0
160 177 0 0
164 177 0 0
167 177 0 0
169 177 0 0
171 177 0 0
172 177 0 0
173 177 0 0
174 177 0 0
176 177 0 0
1 178 0 0
106 178 0 0
112 178 0 0
113 178 0 0
114 178 0 0
118 178 0 0
119 178 0 0
121 178 0 0
122 178 0 0
123 178 0 0
124 178 0 0
125 178 0 0
130 178 0 0
132 178 0 0
133 178 0 0
134 178 0 0
136 178 0 0
137 178 0 0
144 178 0 0
147 178 0 0
149 178 0 0
151 178 0 0
153 178 0 0
158 178 0 0
160 178 0 0
161 178 0 0
167 178 0 0
169 178 0 0
171 178 0 0
172 178 0 0
173 178 0 0
174 178 0 0
175 178 0 0
176 178 0 0
177 178 0 0
60 179 0 0
76 179 0 0
81 179 0 0
82 179 0 0
87 179 0 0
88 179 0 0
90 179 0 0
95 179 0 0
104 179 0 0
109 179 0 0
110 179 0 0
111 179 0 0
117 179 0 0
165 179 0 0
168 179 0 0
170 179 0 0
1 180 0 0
79 180 0 0
80 180 0 0
84 180 0 0
85 180 0 0
91 180 0 0
92 180 0 0
97 180 0 0
98 180 0 0
108 180 0 0
112 180 0 0
115 180 0 0
120 180 0 0
164 180 0 0
167 180 0 0
173 180 0 0
177 180 0 0
1 181 0 0
44 181 0 0
78 181 0 0
79 181 0 0
80 181 0 0
84 181 0 0
85 181 0 0
89 181 0 0
91 181 0 0
92 181 0 0
93 181 0 0
97 181 0 0
101 181 0 0
102 181 0 0
106 181 0 0
108 181 0 0
112 181 0 0
114 181 0 0
115 181 0 0
119 181 0 0
120 181 0 0
122 181 0 0
125 181 0 0
164 181 0 0
167 181 0 0
169 181 0 0
172 181 0 0
173 181 0 0
174 181 0 0
176 181 0 0
177 181 0 0
180 181 0 0
1 182 0 0
44 182 0 0
45 182 0 0
58 182 0 0
78 182 0 0
79 182 0 0
80 182 0 0
84 182 0 0
85 182 0 0
91 182 0 0
92 182 0 0
93 182 0 0
97 182 0 0
98 182 0 0
101 182 0 0
102 182 0 0
106 182 0 0
108 182 0 0
112 182 0 0
114 182 0 0
115 182 0 0
119 182 0 0
120 182 0 0
164 182 0 0
167 182 0 0
169 182 0 0
172 182 0 0
173 182 0 0
177 182 0 0
180 182 0 0
181 182 0 0
1 183 0 0
46 183 0 0
59 183 0 0
77 183 0 0
78 183 0 0
81 183 0 0
82 183 0 0
83 183 0 0
89 183 0 0
90 183 0 0
93 183 0 0
96 183 0 0
100 183 0 0
102 183 0 0
106 183 0 0
113 183 0 0
114 183 0 0
116 183 0 0
118 183 0 0
119 183 0 0
121 183 0 0
122 183 0 0
169 183 0 0
171 183 0 0
175 183 0 0
181 183 0 0
60 184 0 0
76 184 0 0
77 184 0 0
81 184 0 0
82 184 0 0
83 184 0 0
87 184 0 0
90 184 0 0
95 184 0 0
96 184 0 0
99 184 0 0
110 184 0 0
113 184 0 0
116 184 0 0
118 184 0 0
121 184 0 0
166 184 0 0
179 184 0 0
183 184 0 0
1 185 0 0
44 185 0 0
45 185 0 0
78 185 0 0
79 185 0 0
80 185 0 0
84 185 0 0
85 185 0 0
89 185 0 0
91 185 0 0
92 185 0 0
93 185 0 0
97 185 0 0
100 185 0 0
101 185 0 0
102 185 0 0
106 185 0 0
108 185 0 0
112 185 0 0
114 185 0 0
115 185 0 0
119 185 0 0
120 185 0 0
122 185 0 0
164 185 0 0
167 185 0 0
169 185 0 0
172 185 0 0
173 185 0 0
176 185 0 0
180 185 0 0
181 185 0 0
182 185 0 0
183 185 0 0
1 186 0 0
79 186 0 0
80 186 0 0
84 186 0 0
85 186 0 0
91 186 0 0
92 186 0 0
97 186 0 0
98 186 0 0
101 186 0 0
106 186 0 0
108 186 0 0
112 186 0 0
114 186 0 0
115 186 0 0
119 186 0 0
120 186 0 0
164 186 0 0
167 186 0 0
169 186 0 0
172 186 0 0
173 186 0 0
176 186 0 0
177 186 0 0
180 186 0 0
181 186 0 0
182 186 0 0
185 186 0 0
1 187 0 0
77 187 0 0
78 187 0 0
81 187 0 0
82 187 0 0
83 187 0 0
89 187 0 0
90 187 0 0
93 187 0 0
96 187 0 0
100 187 0 0
106 187 0 0
113 187 0 0
114 187 0 0
116 187 0 0
118 187 0 0
119 187 0 0
121 187 0 0
122 187 0 0
123 187 0 0
136 187 0 0
167 187 0 0
169 187 0 0
171 187 0 0
172 187 0 0
174 187 0 0
175 187 0 0
178 187 0 0
181 187 0 0
183 187 0 0
184 187 0 0
185 187 0 0
1 188 0 0
79 188 0 0
80 188 0 0
84 188 0 0
85 188 0 0
91 188 0 0
92 188 0 0
97 188 0 0
106 188 0 0
108 188 0 0
112 188 0 0
115 188 0 0
119 188 0 0
120 188 0 0
125 188 0 0
135 188 0 0
164 188 0 0
167 188 0 0
169 188 0 0
172 188 0 0
173 188 0 0
174 188 0 0
176 188 0 0
177 188 0 0
180 188 0 0
181 188 0 0
182 188 0 0
185 188 0 0
186 188 0 0
1 189 0 0
79 189 0 0
80 189 0 0
84 189 0 0
85 189 0 0
91 189 0 0
92 189 0 0
97 189 0 0
106 189 0 0
108 189 0 0
112 189 0 0
114 189 0 0
115 189 0 0
119 189 0 0
120 189 0 0
122 189 0 0
124 189 0 0
125 189 0 0
134 189 0 0
135 189 0 0
158 189 0 0
164 189 0 0
167 189 0 0
169 189 0 0
172 189 0 0
173 189 0 0
174 189 0 0
176 189 0 0
177 189 0 0
180 189 0 0
181 189 0 0
182 189 0 0
185 189 0 0
186 189 0 0
188 189 0 0
22 190 0 1
40 190 0 1
41 190 0 1
47 190 0 1
49 190 0 1
50 190 0 1
57 190 0 1
60 190 0 1
61 190 0 1
62 190 0 1
69 190 0 1
70 190 0 1
71 190 0 1
72 190 0 1
73 190 0 1
76 190 0 1
81 190 0 1
86 190 0 1
87 190 0 1
88 190 0 1
90 190 0 1
94 190 0 1
95 190 0 1
99 190 0 1
104 190 0 1
109 190 0 1
111 190 0 1
179 190 0 1
5 191 0 1
7 191 0 1
11 191 0 1
19 191 0 1
20 191 0 1
22 191 0 1
27 191 0 1
36 191 0 1
62 191 0 1
69 191 0 1
2 192 0 1
6 192 0 1
8 192 0 1
14 192 0 1
15 192 0 1
16 192 0 1
17 192 0 1
21 192 0 1
24 192 0 1
25 192 0 1
26 192 0 1
28 192 0 1
29 192 0 1
30 192 0 1
32 192 0 1
33 192 0 1
34 192 0 1
65 192 0 1
67 192 0 1
2 193 0 1
3 193 0 1
4 193 0 1
8 193 0 1
9 193 0 1
10 193 0 1
13 193 0 1
14 193 0 1
15 193 0 1
18 193 0 1
23 193 0 1
24 193 0 1
25 193 0 1
26 193 0 1
28 193 0 1
29 193 0 1
30 193 0 1
31 193 0 1
33 193 0 1
34 193 0 1
35 193 0 1
67 193 0 1
3 194 0 1
4 194 0 1
8 194 0 1
9 194 0 1
10 194 0 1
12 194 0 1
13 194 0 1
14 194 0 1
15 194 0 1
18 194 0 1
23 194 0 1
24 194 0 1
25 194 0 1
26 194 0 1
29 194 0 1
30 194 0 1
31 194 0 1
33 194 0 1
34 194 0 1
35 194 0 1
63 194 0 1
67 194 0 1
75 194 0 1
3 195 0 1
4 195 0 1
8 195 0 1
9 195 0 1
10 195 0 1
12 195 0 1
13 195 0 1
14 195 0 1
18 195 0 1
23 195 0 1
30 195 0 1
31 195 0 1
33 195 0 1
35 195 0 1
61 195 0 1
63 195 0 1
3 196 0 1
4 196 0 1
5 196 0 1
7 196 0 1
9 196 0 1
10 196 0 1
11 196 0 1
12 196 0 1
13 196 0 1
31 196 0 1
35 196 0 1
36 196 0 1
37 196 0 1
61 196 0 1
63 196 0 1
4 197 0 1
5 197 0 1
7 197 0 1
9 197 0 1
11 197 0 1
12 197 0 1
22 197 0 1
27 197 0 1
35 197 0 1
36 197 0 1
37 197 0 1
71 197 0 1
5 198 0 1
7 198 0 1
11 198 0 1
12 198 0 1
19 198 0 1
20 198 0 1
22 198 0 1
27 198 0 1
36 198 0 1
37 198 0 1
62 198 0 1
5 199 0 1
7 199 0 1
11 199 0 1
19 199 0 1
20 199 0 1
22 199 0 1
27 199 0 1
36 199 0 1
37 199 0 1
62 199 0 1
72 199 0 1
3 200 0 1
4 200 0 1
8 200 0 1
9 200 0 1
10 200 0 1
12 200 0 1
13 200 0 1
14 200 0 1
18 200 0 1
23 200 0 1
26 200 0 1
30 200 0 1
31 200 0 1
33 200 0 1
35 200 0 1
61 200 0 1
63 200 0 1
75 200 0 1
2 201 0 1
6 201 0 1
8 201 0 1
14 201 0 1
15 201 0 1
16 201 0 1
17 201 0 1
18 201 0 1
21 201 0 1
23 201 0 1
24 201 0 1
25 201 0 1
26 201 0 1
28 201 0 1
29 201 0 1
30 201 0 1
32 201 0 1
33 201 0 1
34 201 0 1
39 201 0 1
54 201 0 1
64 201 0 1
65 201 0 1
66 201 0 1
67 201 0 1
68 201 0 1
74 201 0 1
5 202 0 1
7 202 0 1
11 202 0 1
19 202 0 1
20 202 0 1
22 202 0 1
27 202 0 1
36 202 0 1
62 202 0 1
69 202 0 1
72 202 0 1
5 203 0 1
7 203 0 1
11 203 0 1
12 203 0 1
19 203 0 1
20 203 0 1
22 203 0 1
27 203 0 1
36 203 0 1
37 203 0 1
41 203 0 1
62 203 0 1
70 203 0 1
71 203 0 1
72 203 0 1
73 203 0 1
5 204 0 1
7 204 0 1
11 204 0 1
19 204 0 1
20 204 0 1
22 204 0 1
27 204 0 1
36 204 0 1
37 204 0 1
62 204 0 1
69 204 0 1
71 204 0 1
72 204 0 1
3 205 0 1
4 205 0 1
8 205 0 1
9 205 0 1
10 205 0 1
12 205 0 1
13 205 0 1
14 205 0 1
18 205 0 1
23 205 0 1
30 205 0 1
31 205 0 1
33 205 0 1
35 205 0 1
37 205 0 1
40 205 0 1
41 205 0 1
49 205 0 1
61 205 0 1
63 205 0 1
70 205 0 1
73 205 0 1
75 205 0 1
2 206 0 1
3 206 0 1
4 206 0 1
8 206 0 1
9 206 0 1
10 206 0 1
13 206 0 1
14 206 0 1
15 206 0 1
18 206 0 1
23 206 0 1
24 206 0 1
25 206 0 1
26 206 0 1
28 206 0 1
29 206 0 1
30 206 0 1
31 206 0 1
33 206 0 1
34 206 0 1
35 206 0 1
42 206 0 1
43 206 0 1
63 206 0 1
67 206 0 1
75 206 0 1
5 207 0 1
7 207 0 1
11 207 0 1
19 207 0 1
20 207 0 1
22 207 0 1
27 207 0 1
36 207 0 1
62 207 0 1
69 207 0 1
72 207 0 1
2 208 0 1
6 208 0 1
14 208 0 1
15 208 0 1
16 208 0 1
17 208 0 1
21 208 0 1
24 208 0 1
25 208 0 1
26 208 0 1
28 208 0 1
29 208 0 1
32 208 0 1
34 208 0 1
64 208 0 1
65 208 0 1
66 208 0 1
67 208 0 1
68 208 0 1
74 208 0 1
5 209 0 1
7 209 0 1
11 209 0 1
19 209 0 1
20 209 0 1
22 209 0 1
27 209 0 1
36 209 0 1
37 209 0 1
62 209 0 1
69 209 0 1
71 209 0 1
72 209 0 1
5 210 0 1
7 210 0 1
11 210 0 1
12 210 0 1
19 210 0 1
20 210 0 1
22 210 0 1
27 210 0 1
36 210 0 1
37 210 0 1
62 210 0 1
71 210 0 1
72 210 0 1
2 211 0 1
3 211 0 1
4 211 0 1
8 211 0 1
9 211 0 1
10 211 0 1
13 211 0 1
14 211 0 1
15 211 0 1
18 211 0 1
21 211 0 1
23 211 0 1
24 211 0 1
25 211 0 1
26 211 0 1
28 211 0 1
29 211 0 1
30 211 0 1
31 211 0 1
33 211 0 1
34 211 0 1
43 211 0 1
65 211 0 1
67 211 0 1
68 211 0 1
75 211 0 1
2 212 0 1
3 212 0 1
4 212 0 1
8 212 0 1
9 212 0 1
10 212 0 1
13 212 0 1
14 212 0 1
15 212 0 1
18 212 0 1
23 212 0 1
24 212 0 1
25 212 0 1
26 212 0 1
28 212 0 1
29 212 0 1
30 212 0 1
31 212 0 1
33 212 0 1
34 212 0 1
35 212 0 1
63 212 0 1
67 212 0 1
75 212 0 1
5 213 0 1
7 213 0 1
9 213 0 1
11 213 0 1
12 213 0 1
19 213 0 1
20 213 0 1
22 213 0 1
27 213 0 1
35 213 0 1
36 213 0 1
37 213 0 1
61 213 0 1
62 213 0 1
70 213 0 1
71 213 0 1
72 213 0 1
3 214 0 1
4 214 0 1
5 214 0 1
7 214 0 1
9 214 0 1
11 214 0 1
12 214 0 1
13 214 0 1
22 214 0 1
27 214 0 1
35 214 0 1
36 214 0 1
37 214 0 1
41 214 0 1
61 214 0 1
63 214 0 1
70 214 0 1
71 214 0 1
72 214 0 1
73 214 0 1
3 215 0 1
4 215 0 1
8 215 0 1
9 215 0 1
10 215 0 1
12 215 0 1
13 215 0 1
14 215 0 1
18 215 0 1
23 215 0 1
25 215 0 1
26 215 0 1
29 215 0 1
30 215 0 1
31 215 0 1
33 215 0 1
35 215 0 1
61 215 0 1
63 215 0 1
67 215 0 1
75 215 0 1
5 216 0 1
7 216 0 1
11 216 0 1
19 216 0 1
20 216 0 1
22 216 0 1
27 216 0 1
36 216 0 1
62 216 0 1
69 216 0 1
72 216 0 1
2 217 0 1
8 217 0 1
10 217 0 1
13 217 0 1
14 217 0 1
15 217 0 1
16 217 0 1
18 217 0 1
21 217 0 1
23 217 0 1
24 217 0 1
25 217 0 1
26 217 0 1
28 217 0 1
29 217 0 1
30 217 0 1
31 217 0 1
33 217 0 1
34 217 0 1
65 217 0 1
67 217 0 1
68 217 0 1
5 218 0 1
7 218 0 1
11 218 0 1
19 218 0 1
20 218 0 1
22 218 0 1
27 218 0 1
36 218 0 1
37 218 0 1
62 218 0 1
69 218 0 1
71 218 0 1
72 218 0 1
1 219 0 1
14 219 0 1
15 219 0 1
21 219 0 1
23 219 0 1
24 219 0 1
25 219 0 1
26 219 0 1
28 219 0 1
29 219 0 1
30 219 0 1
33 219 0 1
34 219 0 1
38 219 0 1
39 219 0 1
42 219 0 1
43 219 0 1
44 219 0 1
45 219 0 1
46 219 0 1
51 219 0 1
52 219 0 1
53 219 0 1
54 219 0 1
55 219 0 1
58 219 0 1
59 219 0 1
64 219 0 1
65 219 0 1
66 219 0 1
67 219 0 1
68 219 0 1
74 219 0 1
75 219 0 1
97 219 0 1
100 219 0 1
101 219 0 1
102 219 0 1
1 220 0 1
14 220 0 1
15 220 0 1
18 220 0 1
21 220 0 1
23 220 0 1
24 220 0 1
25 220 0 1
26 220 0 1
28 220 0 1
29 220 0 1
30 220 0 1
31 220 0 1
33 220 0 1
34 220 0 1
39 220 0 1
42 220 0 1
43 220 0 1
44 220 0 1
45 220 0 1
46 220 0 1
51 220 0 1
52 220 0 1
53 220 0 1
54 220 0 1
55 220 0 1
58 220 0 1
59 220 0 1
65 220 0 1
67 220 0 1
68 220 0 1
74 220 0 1
75 220 0 1
97 220 0 1
100 220 0 1
101 220 0 1
102 220 0 1
9 221 0 1
12 221 0 1
31 221 0 1
35 221 0 1
36 221 0 1
37 221 0 1
40 221 0 1
41 221 0 1
49 221 0 1
50 221 0 1
55 221 0 1
56 221 0 1
60 221 0 1
61 221 0 1
63 221 0 1
70 221 0 1
71 221 0 1
72 221 0 1
73 221 0 1
75 221 0 1
95 221 0 1
96 221 0 1
99 221 0 1
8 222 0 1
9 222 0 1
10 222 0 1
13 222 0 1
14 222 0 1
18 222 0 1
23 222 0 1
24 222 0 1
25 222 0 1
26 222 0 1
29 222 0 1
30 222 0 1
31 222 0 1
33 222 0 1
34 222 0 1
35 222 0 1
40 222 0 1
42 222 0 1
43 222 0 1
45 222 0 1
46 222 0 1
49 222 0 1
50 222 0 1
51 222 0 1
52 222 0 1
53 222 0 1
55 222 0 1
56 222 0 1
59 222 0 1
61 222 0 1
63 222 0 1
67 222 0 1
68 222 0 1
73 222 0 1
75 222 0 1
96 222 0 1
99 222 0 1
100 222 0 1
102 222 0 1
4 223 0 1
9 223 0 1
10 223 0 1
12 223 0 1
13 223 0 1
18 223 0 1
23 223 0 1
30 223 0 1
31 223 0 1
33 223 0 1
35 223 0 1
37 223 0 1
40 223 0 1
41 223 0 1
42 223 0 1
46 223 0 1
49 223 0 1
50 223 0 1
53 223 0 1
55 223 0 1
56 223 0 1
59 223 0 1
60 223 0 1
61 223 0 1
63 223 0 1
70 223 0 1
71 223 0 1
73 223 0 1
75 223 0 1
90 223 0 1
95 223 0 1
96 223 0 1
99 223 0 1
5 224 0 1
7 224 0 1
11 224 0 1
19 224 0 1
20 224 0 1
22 224 0 1
27 224 0 1
36 224 0 1
47 224 0 1
57 224 0 1
62 224 0 1
69 224 0 1
72 224 0 1
7 225 0 1
11 225 0 1
19 225 0 1
20 225 0 1
22 225 0 1
27 225 0 1
36 225 0 1
47 225 0 1
57 225 0 1
62 225 0 1
69 225 0 1
72 225 0 1
94 225 0 1
2 226 0 1
6 226 0 1
15 226 0 1
16 226 0 1
17 226 0 1
21 226 0 1
24 226 0 1
25 226 0 1
26 226 0 1
28 226 0 1
29 226 0 1
32 226 0 1
34 226 0 1
38 226 0 1
39 226 0 1
43 226 0 1
44 226 0 1
45 226 0 1
48 226 0 1
51 226 0 1
52 226 0 1
54 226 0 1
58 226 0 1
64 226 0 1
65 226 0 1
66 226 0 1
67 226 0 1
68 226 0 1
74 226 0 1
1 227 0 1
2 227 0 1
6 227 0 1
14 227 0 1
15 227 0 1
16 227 0 1
17 227 0 1
21 227 0 1
24 227 0 1
25 227 0 1
26 227 0 1
28 227 0 1
29 227 0 1
30 227 0 1
32 227 0 1
34 227 0 1
38 227 0 1
39 227 0 1
43 227 0 1
44 227 0 1
45 227 0 1
48 227 0 1
51 227 0 1
52 227 0 1
53 227 0 1
54 227 0 1
58 227 0 1
59 227 0 1
64 227 0 1
65 227 0 1
66 227 0 1
67 227 0 1
68 227 0 1
74 227 0 1
97 227 0 1
98 227 0 1
100 227 0 1
101 227 0 1
102 227 0 1
2 228 0 1
8 228 0 1
10 228 0 1
14 228 0 1
15 228 0 1
18 228 0 1
21 228 0 1
23 228 0 1
24 228 0 1
25 228 0 1
26 228 0 1
28 228 0 1
29 228 0 1
30 228 0 1
31 228 0 1
33 228 0 1
34 228 0 1
39 228 0 1
42 228 0 1
43 228 0 1
44 228 0 1
45 228 0 1
51 228 0 1
52 228 0 1
53 228 0 1
54 228 0 1
55 228 0 1
59 228 0 1
65 228 0 1
67 228 0 1
68 228 0 1
74 228 0 1
75 228 0 1
100 228 0 1
102 228 0 1
3 229 0 1
4 229 0 1
8 229 0 1
9 229 0 1
10 229 0 1
13 229 0 1
14 229 0 1
18 229 0 1
23 229 0 1
24 229 0 1
25 229 0 1
26 229 0 1
29 229 0 1
30 229 0 1
31 229 0 1
33 229 0 1
34 229 0 1
35 229 0 1
40 229 0 1
42 229 0 1
43 229 0 1
46 229 0 1
49 229 0 1
50 229 0 1
52 229 0 1
53 229 0 1
55 229 0 1
56 229 0 1
59 229 0 1
61 229 0 1
63 229 0 1
67 229 0 1
73 229 0 1
75 229 0 1
100 229 0 1
3 230 0 1
4 230 0 1
8 230 0 1
9 230 0 1
10 230 0 1
12 230 0 1
13 230 0 1
18 230 0 1
23 230 0 1
30 230 0 1
31 230 0 1
33 230 0 1
35 230 0 1
37 230 0 1
40 230 0 1
41 230 0 1
42 230 0 1
49 230 0 1
50 230 0 1
55 230 0 1
56 230 0 1
60 230 0 1
61 230 0 1
63 230 0 1
70 230 0 1
71 230 0 1
73 230 0 1
75 230 0 1
99 230 0 1
4 231 0 1
5 231 0 1
7 231 0 1
9 231 0 1
11 231 0 1
12 231 0 1
22 231 0 1
27 231 0 1
35 231 0 1
36 231 0 1
37 231 0 1
40 231 0 1
41 231 0 1
49 231 0 1
50 231 0 1
56 231 0 1
60 231 0 1
61 231 0 1
62 231 0 1
63 231 0 1
70 231 0 1
71 231 0 1
72 231 0 1
73 231 0 1
5 232 0 1
7 232 0 1
9 232 0 1
11 232 0 1
12 232 0 1
20 232 0 1
22 232 0 1
27 232 0 1
35 232 0 1
36 232 0 1
37 232 0 1
40 232 0 1
41 232 0 1
49 232 0 1
50 232 0 1
60 232 0 1
61 232 0 1
62 232 0 1
63 232 0 1
70 232 0 1
71 232 0 1
72 232 0 1
73 232 0 1
3 233 0 1
4 233 0 1
8 233 0 1
9 233 0 1
10 233 0 1
13 233 0 1
14 233 0 1
15 233 0 1
18 233 0 1
23 233 0 1
24 233 0 1
25 233 0 1
26 233 0 1
28 233 0 1
29 233 0 1
30 233 0 1
31 233 0 1
33 233 0 1
34 233 0 1
35 233 0 1
40 233 0 1
42 233 0 1
43 233 0 1
46 233 0 1
49 233 0 1
51 233 0 1
52 233 0 1
53 233 0 1
55 233 0 1
56 233 0 1
59 233 0 1
61 233 0 1
63 233 0 1
67 233 0 1
68 233 0 1
75 233 0 1
100 233 0 1
2 234 0 1
8 234 0 1
9 234 0 1
10 234 0 1
13 234 0 1
14 234 0 1
15 234 0 1
18 234 0 1
21 234 0 1
23 234 0 1
24 234 0 1
25 234 0 1
26 234 0 1
28 234 0 1
29 234 0 1
30 234 0 1
31 234 0 1
33 234 0 1
34 234 0 1
42 234 0 1
43 234 0 1
45 234 0 1
46 234 0 1
51 234 0 1
52 234 0 1
53 234 0 1
54 234 0 1
55 234 0 1
59 234 0 1
63 234 0 1
65 234 0 1
67 234 0 1
68 234 0 1
75 234 0 1
100 234 0 1
102 234 0 1
3 235 0 1
4 235 0 1
9 235 0 1
12 235 0 1
13 235 0 1
22 235 0 1
23 235 0 1
31 235 0 1
35 235 0 1
36 235 0 1
37 235 0 1
40 235 0 1
41 235 0 1
49 235 0 1
50 235 0 1
56 235 0 1
60 235 0 1
61 235 0 1
63 235 0 1
70 235 0 1
71 235 0 1
72 235 0 1
73 235 0 1
75 235 0 1
99 235 0 1
5 236 0 1
7 236 0 1
11 236 0 1
19 236 0 1
20 236 0 1
22 236 0 1
27 236 0 1
36 236 0 1
47 236 0 1
57 236 0 1
62 236 0 1
69 236 0 1
71 236 0 1
72 236 0 1
94 236 0 1
3 237 0 1
4 237 0 1
8 237 0 1
9 237 0 1
10 237 0 1
12 237 0 1
13 237 0 1
14 237 0 1
18 237 0 1
23 237 0 1
26 237 0 1
30 237 0 1
31 237 0 1
33 237 0 1
35 237 0 1
37 237 0 1
40 237 0 1
41 237 0 1
42 237 0 1
43 237 0 1
46 237 0 1
49 237 0 1
50 237 0 1
53 237 0 1
55 237 0 1
56 237 0 1
59 237 0 1
60 237 0 1
61 237 0 1
63 237 0 1
67 237 0 1
70 237 0 1
73 237 0 1
75 237 0 1
96 237 0 1
99 237 0 1
7 238 0 1
11 238 0 1
19 238 0 1
20 238 0 1
22 238 0 1
27 238 0 1
36 238 0 1
47 238 0 1
57 238 0 1
62 238 0 1
69 238 0 1
71 238 0 1
72 238 0 1
94 238 0 1
5 239 0 1
7 239 0 1
11 239 0 1
19 239 0 1
20 239 0 1
22 239 0 1
27 239 0 1
36 239 0 1
37 239 0 1
47 239 0 1
57 239 0 1
62 239 0 1
69 239 0 1
70 239 0 1
71 239 0 1
72 239 0 1
8 240 0 1
9 240 0 1
10 240 0 1
13 240 0 1
14 240 0 1
15 240 0 1
18 240 0 1
23 240 0 1
24 240 0 1
25 240 0 1
26 240 0 1
28 240 0 1
29 240 0 1
30 240 0 1
31 240 0 1
33 240 0 1
34 240 0 1
35 240 0 1
40 240 0 1
42 240 0 1
43 240 0 1
45 240 0 1
46 240 0 1
51 240 0 1
52 240 0 1
53 240 0 1
55 240 0 1
56 240 0 1
59 240 0 1
63 240 0 1
65 240 0 1
67 240 0 1
68 240 0 1
75 240 0 1
100 240 0 1
102 240 0 1
5 241 0 1
7 241 0 1
11 241 0 1
12 241 0 1
19 241 0 1
20 241 0 1
22 241 0 1
27 241 0 1
36 241 0 1
37 241 0 1
41 241 0 1
50 241 0 1
57 241 0 1
60 241 0 1
61 241 0 1
62 241 0 1
69 241 0 1
70 241 0 1
71 241 0 1
72 241 0 1
73 241 0 1
5 242 0 1
7 242 0 1
11 242 0 1
19 242 0 1
20 242 0 1
22 242 0 1
27 242 0 1
36 242 0 1
37 242 0 1
41 242 0 1
47 242 0 1
57 242 0 1
62 242 0 1
69 242 0 1
70 242 0 1
71 242 0 1
72 242 0 1
3 243 0 1
4 243 0 1
8 243 0 1
9 243 0 1
10 243 0 1
13 243 0 1
14 243 0 1
18 243 0 1
23 243 0 1
24 243 0 1
25 243 0 1
26 243 0 1
29 243 0 1
30 243 0 1
31 243 0 1
33 243 0 1
35 243 0 1
40 243 0 1
41 243 0 1
42 243 0 1
43 243 0 1
46 243 0 1
49 243 0 1
50 243 0 1
52 243 0 1
53 243 0 1
55 243 0 1
56 243 0 1
59 243 0 1
60 243 0 1
61 243 0 1
63 243 0 1
67 243 0 1
73 243 0 1
75 243 0 1
96 243 0 1
99 243 0 1
100 243 0 1
2 244 0 1
6 244 0 1
15 244 0 1
16 244 0 1
17 244 0 1
21 244 0 1
24 244 0 1
25 244 0 1
26 244 0 1
28 244 0 1
29 244 0 1
32 244 0 1
34 244 0 1
38 244 0 1
39 244 0 1
48 244 0 1
51 244 0 1
52 244 0 1
54 244 0 1
58 244 0 1
64 244 0 1
65 244 0 1
66 244 0 1
67 244 0 1
68 244 0 1
74 244 0 1
3 245 0 1
4 245 0 1
8 245 0 1
9 245 0 1
10 245 0 1
12 245 0 1
13 245 0 1
14 245 0 1
18 245 0 1
23 245 0 1
24 245 0 1
25 245 0 1
26 245 0 1
28 245 0 1
29 245 0 1
30 245 0 1
31 245 0 1
33 245 0 1
34 245 0 1
35 245 0 1
40 245 0 1
42 245 0 1
43 245 0 1
46 245 0 1
49 245 0 1
52 245 0 1
53 245 0 1
55 245 0 1
56 245 0 1
59 245 0 1
61 245 0 1
63 245 0 1
67 245 0 1
73 245 0 1
75 245 0 1
2 246 0 1
3 246 0 1
8 246 0 1
9 246 0 1
10 246 0 1
13 246 0 1
14 246 0 1
15 246 0 1
18 246 0 1
21 246 0 1
23 246 0 1
24 246 0 1
25 246 0 1
26 246 0 1
28 246 0 1
29 246 0 1
30 246 0 1
31 246 0 1
33 246 0 1
34 246 0 1
42 246 0 1
43 246 0 1
51 246 0 1
52 246 0 1
53 246 0 1
65 246 0 1
67 246 0 1
68 246 0 1
75 246 0 1
2 247 0 1
3 247 0 1
4 247 0 1
8 247 0 1
9 247 0 1
10 247 0 1
13 247 0 1
14 247 0 1
15 247 0 1
18 247 0 1
23 247 0 1
24 247 0 1
25 247 0 1
26 247 0 1
28 247 0 1
29 247 0 1
30 247 0 1
31 247 0 1
33 247 0 1
34 247 0 1
35 247 0 1
42 247 0 1
43 247 0 1
52 247 0 1
53 247 0 1
55 247 0 1
59 247 0 1
63 247 0 1
65 247 0 1
67 247 0 1
68 247 0 1
75 247 0 1
5 248 0 1
7 248 0 1
11 248 0 1
19 248 0 1
20 248 0 1
22 248 0 1
27 248 0 1
36 248 0 1
62 248 0 1
69 248 0 1
72 248 0 1
5 249 0 1
7 249 0 1
11 249 0 1
19 249 0 1
20 249 0 1
22 249 0 1
27 249 0 1
36 249 0 1
37 249 0 1
62 249 0 1
69 249 0 1
70 249 0 1
71 249 0 1
72 249 0 1
2 250 0 1
3 250 0 1
8 250 0 1
10 250 0 1
13 250 0 1
14 250 0 1
15 250 0 1
18 250 0 1
21 250 0 1
23 250 0 1
24 250 0 1
25 250 0 1
26 250 0 1
28 250 0 1
29 250 0 1
30 250 0 1
31 250 0 1
33 250 0 1
34 250 0 1
42 250 0 1
43 250 0 1
52 250 0 1
65 250 0 1
67 250 0 1
68 250 0 1
75 250 0 1
3 251 0 1
4 251 0 1
8 251 0 1
9 251 0 1
10 251 0 1
12 251 0 1
13 251 0 1
18 251 0 1
23 251 0 1
30 251 0 1
31 251 0 1
33 251 0 1
35 251 0 1
36 251 0 1
37 251 0 1
40 251 0 1
41 251 0 1
49 251 0 1
50 251 0 1
56 251 0 1
60 251 0 1
61 251 0 1
63 251 0 1
70 251 0 1
71 251 0 1
73 251 0 1
75 251 0 1
3 252 0 1
4 252 0 1
5 252 0 1
9 252 0 1
10 252 0 1
11 252 0 1
12 252 0 1
13 252 0 1
18 252 0 1
22 252 0 1
27 252 0 1
31 252 0 1
33 252 0 1
35 252 0 1
36 252 0 1
37 252 0 1
40 252 0 1
41 252 0 1
49 252 0 1
50 252 0 1
61 252 0 1
63 252 0 1
70 252 0 1
71 252 0 1
73 252 0 1
75 252 0 1
4 253 0 1
5 253 0 1
7 253 0 1
9 253 0 1
11 253 0 1
12 253 0 1
19 253 0 1
20 253 0 1
22 253 0 1
27 253 0 1
35 253 0 1
36 253 0 1
37 253 0 1
41 253 0 1
50 253 0 1
61 253 0 1
62 253 0 1
63 253 0 1
70 253 0 1
71 253 0 1
72 253 0 1
73 253 0 1
5 254 0 1
7 254 0 1
11 254 0 1
12 254 0 1
19 254 0 1
20 254 0 1
22 254 0 1
27 254 0 1
36 254 0 1
37 254 0 1
41 254 0 1
62 254 0 1
69 254 0 1
70 254 0 1
71 254 0 1
72 254 0 1
73 254 0 1
2 255 0 1
6 255 0 1
14 255 0 1
15 255 0 1
16 255 0 1
17 255 0 1
21 255 0 1
24 255 0 1
25 255 0 1
26 255 0 1
28 255 0 1
29 255 0 1
30 255 0 1
32 255 0 1
33 255 0 1
34 255 0 1
38 255 0 1
39 255 0 1
52 255 0 1
54 255 0 1
64 255 0 1
65 255 0 1
66 255 0 1
67 255 0 1
68 255 0 1
74 255 0 1
5 256 0 1
7 256 0 1
11 256 0 1
19 256 0 1
20 256 0 1
22 256 0 1
27 256 0 1
36 256 0 1
37 256 0 1
57 256 0 1
62 256 0 1
69 256 0 1
71 256 0 1
72 256 0 1
3 257 0 1
4 257 0 1
5 257 0 1
9 257 0 1
11 257 0 1
12 257 0 1
13 257 0 1
22 257 0 1
27 257 0 1
31 257 0 1
35 257 0 1
36 257 0 1
37 257 0 1
40 257 0 1
41 257 0 1
49 257 0 1
50 257 0 1
56 257 0 1
60 257 0 1
61 257 0 1
63 257 0 1
70 257 0 1
71 257 0 1
72 257 0 1
73 257 0 1
75 257 0 1
3 258 0 1
4 258 0 1
8 258 0 1
9 258 0 1
10 258 0 1
12 258 0 1
13 258 0 1
14 258 0 1
18 258 0 1
23 258 0 1
30 258 0 1
31 258 0 1
33 258 0 1
35 258 0 1
37 258 0 1
40 258 0 1
41 258 0 1
42 258 0 1
49 258 0 1
50 258 0 1
55 258 0 1
56 258 0 1
60 258 0 1
61 258 0 1
63 258 0 1
70 258 0 1
71 258 0 1
73 258 0 1
75 258 0 1
2 259 0 1
3 259 0 1
8 259 0 1
9 259 0 1
10 259 0 1
13 259 0 1
14 259 0 1
15 259 0 1
18 259 0 1
21 259 0 1
23 259 0 1
24 259 0 1
25 259 0 1
26 259 0 1
28 259 0 1
29 259 0 1
30 259 0 1
31 259 0 1
33 259 0 1
34 259 0 1
42 259 0 1
43 259 0 1
51 259 0 1
52 259 0 1
53 259 0 1
55 259 0 1
59 259 0 1
63 259 0 1
65 259 0 1
67 259 0 1
68 259 0 1
75 259 0 1
2 260 0 1
6 260 0 1
14 260 0 1
15 260 0 1
16 260 0 1
17 260 0 1
21 260 0 1
23 260 0 1
24 260 0 1
25 260 0 1
26 260 0 1
28 260 0 1
29 260 0 1
30 260 0 1
32 260 0 1
34 260 0 1
38 260 0 1
39 260 0 1
43 260 0 1
44 260 0 1
48 260 0 1
51 260 0 1
52 260 0 1
54 260 0 1
58 260 0 1
64 260 0 1
65 260 0 1
66 260 0 1
67 260 0 1
68 260 0 1
74 260 0 1
3 261 0 1
4 261 0 1
8 261 0 1
9 261 0 1
10 261 0 1
12 261 0 1
13 261 0 1
14 261 0 1
18 261 0 1
23 261 0 1
24 261 0 1
25 261 0 1
26 261 0 1
30 261 0 1
31 261 0 1
33 261 0 1
35 261 0 1
40 261 0 1
41 261 0 1
42 261 0 1
43 261 0 1
49 261 0 1
50 261 0 1
53 261 0 1
55 261 0 1
56 261 0 1
59 261 0 1
61 261 0 1
63 261 0 1
67 261 0 1
73 261 0 1
75 261 0 1
1 262 0 1
17 262 0 1
21 262 0 1
24 262 0 1
32 262 0 1
38 262 0 1
39 262 0 1
44 262 0 1
45 262 0 1
48 262 0 1
51 262 0 1
52 262 0 1
54 262 0 1
58 262 0 1
64 262 0 1
65 262 0 1
66 262 0 1
68 262 0 1
74 262 0 1
79 262 0 1
91 262 0 1
92 262 0 1
97 262 0 1
98 262 0 1
101 262 0 1
102 262 0 1
1 263 0 1
24 263 0 1
39 263 0 1
42 263 0 1
43 263 0 1
44 263 0 1
45 263 0 1
46 263 0 1
51 263 0 1
52 263 0 1
53 263 0 1
54 263 0 1
55 263 0 1
58 263 0 1
59 263 0 1
67 263 0 1
68 263 0 1
74 263 0 1
77 263 0 1
78 263 0 1
79 263 0 1
80 263 0 1
83 263 0 1
84 263 0 1
85 263 0 1
89 263 0 1
92 263 0 1
93 263 0 1
96 263 0 1
97 263 0 1
100 263 0 1
101 263 0 1
102 263 0 1
181 263 0 1
182 263 0 1
183 263 0 1
185 263 0 1
187 263 0 1
1 264 0 1
21 264 0 1
38 264 0 1
39 264 0 1
44 264 0 1
45 264 0 1
48 264 0 1
51 264 0 1
52 264 0 1
54 264 0 1
58 264 0 1
64 264 0 1
65 264 0 1
66 264 0 1
68 264 0 1
74 264 0 1
79 264 0 1
80 264 0 1
84 264 0 1
85 264 0 1
91 264 0 1
92 264 0 1
97 264 0 1
98 264 0 1
100 264 0 1
101 264 0 1
102 264 0 1
180 264 0 1
181 264 0 1
182 264 0 1
185 264 0 1
186 264 0 1
188 264 0 1
189 264 0 1
40 265 0 1
41 265 0 1
42 265 0 1
46 265 0 1
49 265 0 1
50 265 0 1
55 265 0 1
56 265 0 1
59 265 0 1
60 265 0 1
61 265 0 1
63 265 0 1
70 265 0 1
71 265 0 1
73 265 0 1
75 265 0 1
76 265 0 1
81 265 0 1
82 265 0 1
83 265 0 1
87 265 0 1
90 265 0 1
95 265 0 1
96 265 0 1
99 265 0 1
184 265 0 1
1 266 0 1
23 266 0 1
24 266 0 1
26 266 0 1
40 266 0 1
42 266 0 1
43 266 0 1
44 266 0 1
45 266 0 1
46 266 0 1
49 266 0 1
51 266 0 1
52 266 0 1
53 266 0 1
55 266 0 1
56 266 0 1
59 266 0 1
60 266 0 1
63 266 0 1
67 266 0 1
68 266 0 1
75 266 0 1
77 266 0 1
78 266 0 1
81 266 0 1
82 266 0 1
83 266 0 1
89 266 0 1
90 266 0 1
93 266 0 1
95 266 0 1
96 266 0 1
99 266 0 1
100 266 0 1
101 266 0 1
102 266 0 1
183 266 0 1
47 267 0 1
57 267 0 1
62 267 0 1
69 267 0 1
71 267 0 1
72 267 0 1
86 267 0 1
88 267 0 1
94 267 0 1
47 268 0 1
57 268 0 1
62 268 0 1
69 268 0 1
72 268 0 1
86 268 0 1
88 268 0 1
94 268 0 1
1 269 0 1
40 269 0 1
42 269 0 1
43 269 0 1
44 269 0 1
45 269 0 1
46 269 0 1
49 269 0 1
51 269 0 1
52 269 0 1
53 269 0 1
55 269 0 1
56 269 0 1
59 269 0 1
67 269 0 1
68 269 0 1
75 269 0 1
77 269 0 1
78 269 0 1
81 269 0 1
82 269 0 1
83 269 0 1
89 269 0 1
90 269 0 1
93 269 0 1
95 269 0 1
96 269 0 1
97 269 0 1
99 269 0 1
100 269 0 1
101 269 0 1
102 269 0 1
183 269 0 1
187 269 0 1
40 270 0 1
41 270 0 1
42 270 0 1
46 270 0 1
49 270 0 1
50 270 0 1
55 270 0 1
56 270 0 1
59 270 0 1
60 270 0 1
61 270 0 1
63 270 0 1
70 270 0 1
73 270 0 1
75 270 0 1
76 270 0 1
77 270 0 1
81 270 0 1
82 270 0 1
83 270 0 1
87 270 0 1
90 270 0 1
95 270 0 1
96 270 0 1
99 270 0 1
179 270 0 1
184 270 0 1
23 271 0 1
31 271 0 1
35 271 0 1
40 271 0 1
41 271 0 1
42 271 0 1
43 271 0 1
46 271 0 1
49 271 0 1
50 271 0 1
53 271 0 1
55 271 0 1
56 271 0 1
59 271 0 1
60 271 0 1
61 271 0 1
63 271 0 1
70 271 0 1
73 271 0 1
75 271 0 1
81 271 0 1
82 271 0 1
83 271 0 1
87 271 0 1
89 271 0 1
90 271 0 1
95 271 0 1
96 271 0 1
99 271 0 1
100 271 0 1
1 272 0 1
23 272 0 1
24 272 0 1
25 272 0 1
26 272 0 1
29 272 0 1
30 272 0 1
31 272 0 1
34 272 0 1
40 272 0 1
42 272 0 1
43 272 0 1
44 272 0 1
45 272 0 1
46 272 0 1
49 272 0 1
51 272 0 1
52 272 0 1
53 272 0 1
54 272 0 1
55 272 0 1
56 272 0 1
59 272 0 1
63 272 0 1
65 272 0 1
67 272 0 1
68 272 0 1
75 272 0 1
83 272 0 1
89 272 0 1
90 272 0 1
93 272 0 1
96 272 0 1
97 272 0 1
100 272 0 1
101 272 0 1
102 272 0 1
1 273 0 1
21 273 0 1
38 273 0 1
39 273 0 1
44 273 0 1
45 273 0 1
48 273 0 1
51 273 0 1
52 273 0 1
54 273 0 1
58 273 0 1
64 273 0 1
65 273 0 1
66 273 0 1
68 273 0 1
74 273 0 1
79 273 0 1
80 273 0 1
84 273 0 1
85 273 0 1
91 273 0 1
92 273 0 1
97 273 0 1
98 273 0 1
101 273 0 1
102 273 0 1
182 273 0 1
20 274 0 1
22 274 0 1
27 274 0 1
47 274 0 1
57 274 0 1
62 274 0 1
69 274 0 1
70 274 0 1
71 274 0 1
72 274 0 1
86 274 0 1
88 274 0 1
94 274 0 1
1 275 0 1
23 275 0 1
26 275 0 1
40 275 0 1
42 275 0 1
43 275 0 1
45 275 0 1
46 275 0 1
49 275 0 1
50 275 0 1
51 275 0 1
52 275 0 1
53 275 0 1
55 275 0 1
56 275 0 1
59 275 0 1
60 275 0 1
61 275 0 1
63 275 0 1
67 275 0 1
73 275 0 1
75 275 0 1
77 275 0 1
78 275 0 1
81 275 0 1
82 275 0 1
83 275 0 1
89 275 0 1
90 275 0 1
93 275 0 1
95 275 0 1
96 275 0 1
99 275 0 1
100 275 0 1
102 275 0 1
183 275 0 1
23 276 0 1
26 276 0 1
31 276 0 1
40 276 0 1
41 276 0 1
42 276 0 1
43 276 0 1
46 276 0 1
49 276 0 1
50 276 0 1
52 276 0 1
53 276 0 1
55 276 0 1
56 276 0 1
59 276 0 1
60 276 0 1
61 276 0 1
63 276 0 1
67 276 0 1
70 276 0 1
73 276 0 1
75 276 0 1
77 276 0 1
78 276 0 1
81 276 0 1
82 276 0 1
83 276 0 1
87 276 0 1
89 276 0 1
90 276 0 1
93 276 0 1
95 276 0 1
96 276 0 1
99 276 0 1
100 276 0 1
102 276 0 1
183 276 0 1
184 276 0 1
22 277 0 1
36 277 0 1
37 277 0 1
40 277 0 1
41 277 0 1
49 277 0 1
50 277 0 1
56 277 0 1
60 277 0 1
61 277 0 1
62 277 0 1
63 277 0 1
70 277 0 1
71 277 0 1
72 277 0 1
73 277 0 1
76 277 0 1
81 277 0 1
82 277 0 1
87 277 0 1
88 277 0 1
90 277 0 1
95 277 0 1
99 277 0 1
179 277 0 1
23 278 0 1
40 278 0 1
41 278 0 1
42 278 0 1
43 278 0 1
46 278 0 1
49 278 0 1
50 278 0 1
53 278 0 1
55 278 0 1
56 278 0 1
59 278 0 1
60 278 0 1
61 278 0 1
63 278 0 1
70 278 0 1
73 278 0 1
75 278 0 1
81 278 0 1
82 278 0 1
83 278 0 1
87 278 0 1
89 278 0 1
90 278 0 1
95 278 0 1
96 278 0 1
99 278 0 1
100 278 0 1
19 279 0 1
20 279 0 1
22 279 0 1
27 279 0 1
36 279 0 1
47 279 0 1
57 279 0 1
62 279 0 1
69 279 0 1
72 279 0 1
86 279 0 1
94 279 0 1
9 280 0 1
12 280 0 1
13 280 0 1
18 280 0 1
23 280 0 1
26 280 0 1
30 280 0 1
31 280 0 1
33 280 0 1
35 280 0 1
37 280 0 1
40 280 0 1
41 280 0 1
42 280 0 1
43 280 0 1
46 280 0 1
49 280 0 1
50 280 0 1
53 280 0 1
55 280 0 1
56 280 0 1
59 280 0 1
60 280 0 1
61 280 0 1
63 280 0 1
70 280 0 1
71 280 0 1
73 280 0 1
75 280 0 1
90 280 0 1
95 280 0 1
96 280 0 1
99 280 0 1
100 280 0 1
1 281 0 1
14 281 0 1
18 281 0 1
23 281 0 1
24 281 0 1
25 281 0 1
26 281 0 1
28 281 0 1
29 281 0 1
30 281 0 1
31 281 0 1
33 281 0 1
34 281 0 1
40 281 0 1
42 281 0 1
43 281 0 1
44 281 0 1
45 281 0 1
46 281 0 1
51 281 0 1
52 281 0 1
53 281 0 1
54 281 0 1
55 281 0 1
56 281 0 1
59 281 0 1
63 281 0 1
65 281 0 1
67 281 0 1
68 281 0 1
75 281 0 1
89 281 0 1
93 281 0 1
96 281 0 1
97 281 0 1
100 281 0 1
101 281 0 1
102 281 0 1
18 282 0 1
23 282 0 1
24 282 0 1
25 282 0 1
26 282 0 1
29 282 0 1
30 282 0 1
31 282 0 1
33 282 0 1
34 282 0 1
35 282 0 1
40 282 0 1
42 282 0 1
43 282 0 1
45 282 0 1
46 282 0 1
49 282 0 1
50 282 0 1
51 282 0 1
52 282 0 1
53 282 0 1
55 282 0 1
56 282 0 1
59 282 0 1
60 282 0 1
61 282 0 1
63 282 0 1
67 282 0 1
68 282 0 1
73 282 0 1
75 282 0 1
89 282 0 1
90 282 0 1
93 282 0 1
95 282 0 1
96 282 0 1
99 282 0 1
100 282 0 1
102 282 0 1
12 283 0 1
22 283 0 1
27 283 0 1
35 283 0 1
36 283 0 1
37 283 0 1
40 283 0 1
41 283 0 1
49 283 0 1
50 283 0 1
56 283 0 1
60 283 0 1
61 283 0 1
62 283 0 1
63 283 0 1
70 283 0 1
71 283 0 1
72 283 0 1
73 283 0 1
95 283 0 1
99 283 0 1
11 284 0 1
19 284 0 1
20 284 0 1
22 284 0 1
27 284 0 1
36 284 0 1
37 284 0 1
40 284 0 1
41 284 0 1
47 284 0 1
49 284 0 1
50 284 0 1
57 284 0 1
60 284 0 1
61 284 0 1
62 284 0 1
63 284 0 1
69 284 0 1
70 284 0 1
71 284 0 1
72 284 0 1
73 284 0 1
87 284 0 1
88 284 0 1
94 284 0 1
95 284 0 1
99 284 0 1
7 285 0 1
11 285 0 1
19 285 0 1
20 285 0 1
22 285 0 1
27 285 0 1
36 285 0 1
37 285 0 1
41 285 0 1
47 285 0 1
57 285 0 1
62 285 0 1
69 285 0 1
70 285 0 1
71 285 0 1
72 285 0 1
86 285 0 1
88 285 0 1
94 285 0 1
9 286 0 1
12 286 0 1
23 286 0 1
31 286 0 1
35 286 0 1
36 286 0 1
37 286 0 1
40 286 0 1
41 286 0 1
42 286 0 1
46 286 0 1
49 286 0 1
50 286 0 1
55 286 0 1
56 286 0 1
60 286 0 1
61 286 0 1
63 286 0 1
70 286 0 1
71 286 0 1
73 286 0 1
75 286 0 1
87 286 0 1
90 286 0 1
95 286 0 1
96 286 0 1
99 286 0 1
22 287 0 1
27 287 0 1
36 287 0 1
37 287 0 1
40 287 0 1
41 287 0 1
49 287 0 1
50 287 0 1
56 287 0 1
60 287 0 1
61 287 0 1
62 287 0 1
63 287 0 1
70 287 0 1
71 287 0 1
72 287 0 1
73 287 0 1
87 287 0 1
88 287 0 1
95 287 0 1
99 287 0 1
22 288 0 1
27 288 0 1
35 288 0 1
36 288 0 1
37 288 0 1
40 288 0 1
41 288 0 1
49 288 0 1
50 288 0 1
56 288 0 1
60 288 0 1
61 288 0 1
62 288 0 1
63 288 0 1
70 288 0 1
71 288 0 1
72 288 0 1
73 288 0 1
87 288 0 1
88 288 0 1
90 288 0 1
95 288 0 1
99 288 0 1
23 289 0 1
26 289 0 1
30 289 0 1
31 289 0 1
33 289 0 1
35 289 0 1
40 289 0 1
41 289 0 1
42 289 0 1
43 289 0 1
46 289 0 1
49 289 0 1
50 289 0 1
52 289 0 1
53 289 0 1
55 289 0 1
56 289 0 1
59 289 0 1
60 289 0 1
61 289 0 1
63 289 0 1
67 289 0 1
73 289 0 1
75 289 0 1
81 289 0 1
89 289 0 1
90 289 0 1
95 289 0 1
96 289 0 1
99 289 0 1
100 289 0 1
19 290 0 1
20 290 0 1
22 290 0 1
27 290 0 1
36 290 0 1
37 290 0 1
41 290 0 1
47 290 0 1
57 290 0 1
62 290 0 1
69 290 0 1
70 290 0 1
71 290 0 1
72 290 0 1
86 290 0 1
88 290 0 1
94 290 0 1
19 291 0 1
20 291 0 1
22 291 0 1
27 291 0 1
36 291 0 1
37 291 0 1
41 291 0 1
47 291 0 1
49 291 0 1
50 291 0 1
57 291 0 1
60 291 0 1
61 291 0 1
62 291 0 1
69 291 0 1
70 291 0 1
71 291 0 1
72 291 0 1
73 291 0 1
86 291 0 1
87 291 0 1
88 291 0 1
94 291 0 1
95 291 0 1
99 291 0 1
47 292 0 1
57 292 0 1
86 292 0 1
88 292 0 1
94 292 0 1
103 292 0 1
104 292 0 1
105 292 0 1
107 292 0 1
109 292 0 1
111 292 0 1
47 293 0 1
57 293 0 1
76 293 0 1
86 293 0 1
87 293 0 1
88 293 0 1
94 293 0 1
103 293 0 1
104 293 0 1
105 293 0 1
109 293 0 1
111 293 0 1
179 293 0 1
1 294 0 1
42 294 0 1
43 294 0 1
45 294 0 1
46 294 0 1
52 294 0 1
53 294 0 1
55 294 0 1
56 294 0 1
59 294 0 1
77 294 0 1
78 294 0 1
81 294 0 1
82 294 0 1
83 294 0 1
89 294 0 1
90 294 0 1
93 294 0 1
95 294 0 1
96 294 0 1
99 294 0 1
100 294 0 1
101 294 0 1
102 294 0 1
113 294 0 1
114 294 0 1
118 294 0 1
183 294 0 1
184 294 0 1
187 294 0 1
49 295 0 1
50 295 0 1
56 295 0 1
60 295 0 1
76 295 0 1
77 295 0 1
81 295 0 1
82 295 0 1
83 295 0 1
87 295 0 1
88 295 0 1
90 295 0 1
95 295 0 1
96 295 0 1
99 295 0 1
110 295 0 1
179 295 0 1
184 295 0 1
47 296 0 1
57 296 0 1
86 296 0 1
88 296 0 1
94 296 0 1
103 296 0 1
104 296 0 1
105 296 0 1
107 296 0 1
109 296 0 1
111 296 0 1
179 296 0 1
1 297 0 1
48 297 0 1
58 297 0 1
79 297 0 1
80 297 0 1
84 297 0 1
85 297 0 1
91 297 0 1
92 297 0 1
97 297 0 1
98 297 0 1
108 297 0 1
112 297 0 1
115 297 0 1
120 297 0 1
164 297 0 1
167 297 0 1
180 297 0 1
181 297 0 1
182 297 0 1
185 297 0 1
186 297 0 1
188 297 0 1
189 297 0 1
1 298 0 1
79 298 0 1
80 298 0 1
84 298 0 1
85 298 0 1
91 298 0 1
92 298 0 1
97 298 0 1
108 298 0 1
112 298 0 1
115 298 0 1
120 298 0 1
125 298 0 1
135 298 0 1
164 298 0 1
167 298 0 1
172 298 0 1
173 298 0 1
176 298 0 1
177 298 0 1
180 298 0 1
181 298 0 1
182 298 0 1
185 298 0 1
186 298 0 1
188 298 0 1
189 298 0 1
86 299 0 1
94 299 0 1
103 299 0 1
104 299 0 1
105 299 0 1
107 299 0 1
109 299 0 1
111 299 0 1
126 299 0 1
168 299 0 1
86 300 0 1
88 300 0 1
94 300 0 1
103 300 0 1
104 300 0 1
105 300 0 1
107 300 0 1
109 300 0 1
111 300 0 1
117 300 0 1
126 300 0 1
165 300 0 1
168 300 0 1
179 300 0 1
86 301 0 1
88 301 0 1
94 301 0 1
103 301 0 1
104 301 0 1
105 301 0 1
107 301 0 1
109 301 0 1
111 301 0 1
117 301 0 1
168 301 0 1
179 301 0 1
76 302 0 1
86 302 0 1
87 302 0 1
88 302 0 1
94 302 0 1
103 302 0 1
104 302 0 1
105 302 0 1
107 302 0 1
109 302 0 1
110 302 0 1
111 302 0 1
117 302 0 1
165 302 0 1
168 302 0 1
179 302 0 1
76 303 0 1
81 303 0 1
82 303 0 1
87 303 0 1
88 303 0 1
90 303 0 1
95 303 0 1
99 303 0 1
109 303 0 1
110 303 0 1
111 303 0 1
116 303 0 1
117 303 0 1
165 303 0 1
166 303 0 1
168 303 0 1
170 303 0 1
179 303 0 1
184 303 0 1
1 304 0 1
77 304 0 1
78 304 0 1
82 304 0 1
83 304 0 1
89 304 0 1
90 304 0 1
93 304 0 1
96 304 0 1
100 304 0 1
102 304 0 1
106 304 0 1
113 304 0 1
114 304 0 1
116 304 0 1
118 304 0 1
119 304 0 1
121 304 0 1
122 304 0 1
169 304 0 1
171 304 0 1
175 304 0 1
178 304 0 1
181 304 0 1
183 304 0 1
184 304 0 1
185 304 0 1
187 304 0 1
1 305 0 1
77 305 0 1
78 305 0 1
81 305 0 1
82 305 0 1
83 305 0 1
89 305 0 1
90 305 0 1
93 305 0 1
95 305 0 1
96 305 0 1
106 305 0 1
110 305 0 1
113 305 0 1
114 305 0 1
116 305 0 1
118 305 0 1
121 305 0 1
122 305 0 1
123 305 0 1
166 305 0 1
171 305 0 1
175 305 0 1
183 305 0 1
184 305 0 1
187 305 0 1
76 306 0 1
81 306 0 1
82 306 0 1
87 306 0 1
88 306 0 1
90 306 0 1
95 306 0 1
110 306 0 1
111 306 0 1
116 306 0 1
117 306 0 1
165 306 0 1
166 306 0 1
168 306 0 1
170 306 0 1
179 306 0 1
184 306 0 1
1 307 0 1
44 307 0 1
45 307 0 1
46 307 0 1
59 307 0 1
77 307 0 1
78 307 0 1
80 307 0 1
83 307 0 1
84 307 0 1
85 307 0 1
89 307 0 1
93 307 0 1
96 307 0 1
97 307 0 1
100 307 0 1
101 307 0 1
102 307 0 1
106 307 0 1
112 307 0 1
113 307 0 1
114 307 0 1
118 307 0 1
119 307 0 1
121 307 0 1
122 307 0 1
167 307 0 1
169 307 0 1
171 307 0 1
181 307 0 1
182 307 0 1
183 307 0 1
185 307 0 1
187 307 0 1
189 307 0 1
47 308 0 1
57 308 0 1
86 308 0 1
88 308 0 1
94 308 0 1
103 308 0 1
104 308 0 1
105 308 0 1
107 308 0 1
109 308 0 1
111 308 0 1
47 309 0 1
57 309 0 1
76 309 0 1
86 309 0 1
88 309 0 1
94 309 0 1
103 309 0 1
104 309 0 1
105 309 0 1
107 309 0 1
109 309 0 1
111 309 0 1
179 309 0 1
49 310 0 1
50 310 0 1
56 310 0 1
60 310 0 1
76 310 0 1
81 310 0 1
82 310 0 1
87 310 0 1
88 310 0 1
90 310 0 1
95 310 0 1
96 310 0 1
99 310 0 1
104 310 0 1
109 310 0 1
110 310 0 1
111 310 0 1
117 310 0 1
179 310 0 1
184 310 0 1
47 311 0 1
57 311 0 1
60 311 0 1
76 311 0 1
86 311 0 1
87 311 0 1
88 311 0 1
94 311 0 1
103 311 0 1
104 311 0 1
105 311 0 1
107 311 0 1
109 311 0 1
110 311 0 1
111 311 0 1
117 311 0 1
168 311 0 1
179 311 0 1
60 312 0 1
76 312 0 1
81 312 0 1
82 312 0 1
86 312 0 1
87 312 0 1
88 312 0 1
94 312 0 1
95 312 0 1
104 312 0 1
105 312 0 1
109 312 0 1
110 312 0 1
111 312 0 1
117 312 0 1
165 312 0 1
168 312 0 1
179 312 0 1
184 312 0 1
47 313 0 1
57 313 0 1
76 313 0 1
86 313 0 1
87 313 0 1
88 313 0 1
94 313 0 1
103 313 0 1
104 313 0 1
105 313 0 1
107 313 0 1
109 313 0 1
111 313 0 1
117 313 0 1
179 313 0 1
46 314 0 1
56 314 0 1
60 314 0 1
76 314 0 1
77 314 0 1
78 314 0 1
81 314 0 1
82 314 0 1
83 314 0 1
87 314 0 1
89 314 0 1
90 314 0 1
95 314 0 1
96 314 0 1
99 314 0 1
110 314 0 1
113 314 0 1
116 314 0 1
118 314 0 1
121 314 0 1
179 314 0 1
183 314 0 1
184 314 0 1
187 314 0 1
1 315 0 1
46 315 0 1
60 315 0 1
76 315 0 1
77 315 0 1
78 315 0 1
81 315 0 1
82 315 0 1
83 315 0 1
87 315 0 1
89 315 0 1
90 315 0 1
93 315 0 1
95 315 0 1
96 315 0 1
99 315 0 1
110 315 0 1
113 315 0 1
116 315 0 1
118 315 0 1
121 315 0 1
166 315 0 1
175 315 0 1
179 315 0 1
183 315 0 1
184 315 0 1
187 315 0 1
50 316 0 1
60 316 0 1
76 316 0 1
77 316 0 1
81 316 0 1
82 316 0 1
87 316 0 1
88 316 0 1
90 316 0 1
95 316 0 1
96 316 0 1
99 316 0 1
110 316 0 1
111 316 0 1
116 316 0 1
117 316 0 1
165 316 0 1
166 316 0 1
170 316 0 1
179 316 0 1
184 316 0 1
47 317 0 1
76 317 0 1
86 317 0 1
88 317 0 1
94 317 0 1
103 317 0 1
104 317 0 1
105 317 0 1
107 317 0 1
109 317 0 1
111 317 0 1
117 317 0 1
168 317 0 1
179 317 0 1
76 318 0 1
81 318 0 1
82 318 0 1
87 318 0 1
88 318 0 1
94 318 0 1
95 318 0 1
104 318 0 1
105 318 0 1
109 318 0 1
110 318 0 1
111 318 0 1
117 318 0 1
165 318 0 1
168 318 0 1
179 318 0 1
184 318 0 1
60 319 0 1
76 319 0 1
81 319 0 1
82 319 0 1
87 319 0 1
88 319 0 1
90 319 0 1
95 319 0 1
99 319 0 1
109 319 0 1
110 319 0 1
111 319 0 1
116 319 0 1
117 319 0 1
165 319 0 1
166 319 0 1
168 319 0 1
170 319 0 1
179 319 0 1
184 319 0 1
76 320 0 1
87 320 0 1
88 320 0 1
94 320 0 1
103 320 0 1
104 320 0 1
105 320 0 1
107 320 0 1
109 320 0 1
110 320 0 1
111 320 0 1
117 320 0 1
165 320 0 1
168 320 0 1
170 320 0 1
179 320 0 1
76 321 0 1
87 321 0 1
88 321 0 1
104 321 0 1
105 321 0 1
107 321 0 1
109 321 0 1
110 321 0 1
111 321 0 1
117 321 0 1
127 321 0 1
165 321 0 1
166 321 0 1
168 321 0 1
170 321 0 1
179 321 0 1
184 321 0 1
76 322 0 1
81 322 0 1
82 322 0 1
87 322 0 1
88 322 0 1
104 322 0 1
105 322 0 1
109 322 0 1
110 322 0 1
111 322 0 1
116 322 0 1
117 322 0 1
165 322 0 1
166 322 0 1
168 322 0 1
170 322 0 1
179 322 0 1
184 322 0 1
76 323 0 1
81 323 0 1
82 323 0 1
87 323 0 1
90 323 0 1
109 323 0 1
110 323 0 1
111 323 0 1
116 323 0 1
117 323 0 1
127 323 0 1
129 323 0 1
138 323 0 1
165 323 0 1
166 323 0 1
168 323 0 1
170 323 0 1
179 323 0 1
184 323 0 1
1 324 0 1
77 324 0 1
78 324 0 1
81 324 0 1
82 324 0 1
83 324 0 1
87 324 0 1
89 324 0 1
90 324 0 1
93 324 0 1
95 324 0 1
96 324 0 1
110 324 0 1
113 324 0 1
114 324 0 1
116 324 0 1
118 324 0 1
121 324 0 1
122 324 0 1
123 324 0 1
133 324 0 1
166 324 0 1
171 324 0 1
175 324 0 1
183 324 0 1
184 324 0 1
187 324 0 1
76 325 0 1
77 325 0 1
81 325 0 1
82 325 0 1
83 325 0 1
87 325 0 1
90 325 0 1
95 325 0 1
96 325 0 1
99 325 0 1
110 325 0 1
113 325 0 1
116 325 0 1
117 325 0 1
118 325 0 1
121 325 0 1
123 325 0 1
133 325 0 1
166 325 0 1
170 325 0 1
175 325 0 1
179 325 0 1
183 325 0 1
184 325 0 1
187 325 0 1
1 326 0 1
77 326 0 1
78 326 0 1
82 326 0 1
83 326 0 1
89 326 0 1
93 326 0 1
106 326 0 1
113 326 0 1
114 326 0 1
116 326 0 1
118 326 0 1
119 326 0 1
121 326 0 1
122 326 0 1
123 326 0 1
133 326 0 1
136 326 0 1
169 326 0 1
171 326 0 1
172 326 0 1
174 326 0 1
175 326 0 1
178 326 0 1
183 326 0 1
184 326 0 1
185 326 0 1
187 326 0 1
76 327 0 1
77 327 0 1
81 327 0 1
82 327 0 1
83 327 0 1
87 327 0 1
90 327 0 1
110 327 0 1
113 327 0 1
116 327 0 1
117 327 0 1
118 327 0 1
121 327 0 1
123 327 0 1
133 327 0 1
138 327 0 1
165 327 0 1
166 327 0 1
170 327 0 1
175 327 0 1
179 327 0 1
183 327 0 1
184 327 0 1
187 327 0 1
76 328 0 1
77 328 0 1
78 328 0 1
81 328 0 1
82 328 0 1
83 328 0 1
87 328 0 1
90 328 0 1
110 328 0 1
113 328 0 1
116 328 0 1
118 328 0 1
121 328 0 1
123 328 0 1
133 328 0 1
166 328 0 1
170 328 0 1
175 328 0 1
179 328 0 1
183 328 0 1
184 328 0 1
187 328 0 1
1 329 0 1
77 329 0 1
78 329 0 1
106 329 0 1
108 329 0 1
112 329 0 1
113 329 0 1
114 329 0 1
115 329 0 1
118 329 0 1
119 329 0 1
120 329 0 1
121 329 0 1
122 329 0 1
123 329 0 1
124 329 0 1
125 329 0 1
130 329 0 1
132 329 0 1
133 329 0 1
134 329 0 1
135 329 0 1
136 329 0 1
137 329 0 1
147 329 0 1
153 329 0 1
158 329 0 1
160 329 0 1
164 329 0 1
167 329 0 1
169 329 0 1
171 329 0 1
172 329 0 1
173 329 0 1
174 329 0 1
175 329 0 1
176 329 0 1
177 329 0 1
178 329 0 1
181 329 0 1
182 329 0 1
183 329 0 1
185 329 0 1
186 329 0 1
187 329 0 1
188 329 0 1
189 329 0 1
1 330 0 1
77 330 0 1
78 330 0 1
106 330 0 1
113 330 0 1
114 330 0 1
116 330 0 1
118 330 0 1
119 330 0 1
121 330 0 1
122 330 0 1
123 330 0 1
124 330 0 1
125 330 0 1
130 330 0 1
133 330 0 1
134 330 0 1
136 330 0 1
137 330 0 1
151 330 0 1
153 330 0 1
160 330 0 1
161 330 0 1
167 330 0 1
169 330 0 1
171 330 0 1
172 330 0 1
173 330 0 1
174 330 0 1
175 330 0 1
176 330 0 1
178 330 0 1
183 330 0 1
187 330 0 1
1 331 0 1
77 331 0 1
78 331 0 1
83 331 0 1
106 331 0 1
113 331 0 1
114 331 0 1
116 331 0 1
118 331 0 1
119 331 0 1
121 331 0 1
122 331 0 1
123 331 0 1
133 331 0 1
134 331 0 1
136 331 0 1
137 331 0 1
151 331 0 1
153 331 0 1
161 331 0 1
166 331 0 1
169 331 0 1
171 331 0 1
174 331 0 1
175 331 0 1
178 331 0 1
183 331 0 1
184 331 0 1
187 331 0 1
1 332 0 1
106 332 0 1
108 332 0 1
112 332 0 1
114 332 0 1
115 332 0 1
119 332 0 1
120 332 0 1
122 332 0 1
124 332 0 1
125 332 0 1
130 332 0 1
131 332 0 1
132 332 0 1
134 332 0 1
135 332 0 1
136 332 0 1
137 332 0 1
141 332 0 1
142 332 0 1
144 332 0 1
145 332 0 1
147 332 0 1
148 332 0 1
149 332 0 1
157 332 0 1
158 332 0 1
160 332 0 1
164 332 0 1
167 332 0 1
169 332 0 1
171 332 0 1
172 332 0 1
173 332 0 1
174 332 0 1
176 332 0 1
177 332 0 1
178 332 0 1
181 332 0 1
185 332 0 1
186 332 0 1
188 332 0 1
189 332 0 1
103 333 0 1
104 333 0 1
105 333 0 1
107 333 0 1
109 333 0 1
126 333 0 1
139 333 0 1
140 333 0 1
152 333 0 1
154 333 0 1
155 333 0 1
168 333 0 1
103 334 0 1
104 334 0 1
105 334 0 1
107 334 0 1
109 334 0 1
111 334 0 1
117 334 0 1
126 334 0 1
127 334 0 1
128 334 0 1
139 334 0 1
140 334 0 1
152 334 0 1
154 334 0 1
155 334 0 1
165 334 0 1
168 334 0 1
103 335 0 1
104 335 0 1
105 335 0 1
107 335 0 1
109 335 0 1
111 335 0 1
117 335 0 1
126 335 0 1
127 335 0 1
128 335 0 1
139 335 0 1
140 335 0 1
152 335 0 1
154 335 0 1
155 335 0 1
165 335 0 1
168 335 0 1
110 336 0 1
111 336 0 1
116 336 0 1
117 336 0 1
121 336 0 1
123 336 0 1
127 336 0 1
128 336 0 1
129 336 0 1
133 336 0 1
138 336 0 1
143 336 0 1
146 336 0 1
150 336 0 1
151 336 0 1
152 336 0 1
153 336 0 1
154 336 0 1
155 336 0 1
156 336 0 1
159 336 0 1
161 336 0 1
162 336 0 1
163 336 0 1
165 336 0 1
166 336 0 1
168 336 0 1
170 336 0 1
175 336 0 1
179 336 0 1
184 336 0 1
110 337 0 1
113 337 0 1
116 337 0 1
118 337 0 1
121 337 0 1
122 337 0 1
123 337 0 1
129 337 0 1
133 337 0 1
136 337 0 1
138 337 0 1
151 337 0 1
153 337 0 1
159 337 0 1
161 337 0 1
162 337 0 1
163 337 0 1
166 337 0 1
170 337 0 1
171 337 0 1
175 337 0 1
178 337 0 1
183 337 0 1
184 337 0 1
187 337 0 1
1 338 0 1
77 338 0 1
78 338 0 1
106 338 0 1
113 338 0 1
114 338 0 1
116 338 0 1
118 338 0 1
119 338 0 1
121 338 0 1
122 338 0 1
123 338 0 1
124 338 0 1
130 338 0 1
133 338 0 1
134 338 0 1
136 338 0 1
137 338 0 1
151 338 0 1
153 338 0 1
160 338 0 1
161 338 0 1
166 338 0 1
169 338 0 1
171 338 0 1
172 338 0 1
174 338 0 1
175 338 0 1
178 338 0 1
183 338 0 1
187 338 0 1
103 339 0 1
104 339 0 1
105 339 0 1
107 339 0 1
109 339 0 1
111 339 0 1
117 339 0 1
126 339 0 1
127 339 0 1
128 339 0 1
138 339 0 1
139 339 0 1
140 339 0 1
146 339 0 1
152 339 0 1
154 339 0 1
155 339 0 1
156 339 0 1
165 339 0 1
168 339 0 1
170 339 0 1
1 340 0 1
78 340 0 1
106 340 0 1
112 340 0 1
113 340 0 1
114 340 0 1
118 340 0 1
119 340 0 1
121 340 0 1
122 340 0 1
123 340 0 1
124 340 0 1
125 340 0 1
130 340 0 1
132 340 0 1
133 340 0 1
134 340 0 1
136 340 0 1
137 340 0 1
144 340 0 1
147 340 0 1
149 340 0 1
151 340 0 1
153 340 0 1
158 340 0 1
160 340 0 1
161 340 0 1
167 340 0 1
169 340 0 1
171 340 0 1
172 340 0 1
173 340 0 1
174 340 0 1
175 340 0 1
176 340 0 1
177 340 0 1
178 340 0 1
183 340 0 1
187 340 0 1
1 341 0 1
106 341 0 1
112 341 0 1
113 341 0 1
114 341 0 1
118 341 0 1
119 341 0 1
120 341 0 1
121 341 0 1
122 341 0 1
123 341 0 1
124 341 0 1
125 341 0 1
130 341 0 1
132 341 0 1
133 341 0 1
134 341 0 1
135 341 0 1
136 341 0 1
137 341 0 1
144 341 0 1
147 341 0 1
149 341 0 1
153 341 0 1
158 341 0 1
160 341 0 1
164 341 0 1
167 341 0 1
169 341 0 1
171 341 0 1
172 341 0 1
173 341 0 1
174 341 0 1
175 341 0 1
176 341 0 1
177 341 0 1
178 341 0 1
181 341 0 1
183 341 0 1
185 341 0 1
187 341 0 1
189 341 0 1
1 342 0 1
78 342 0 1
106 342 0 1
113 342 0 1
114 342 0 1
116 342 0 1
118 342 0 1
119 342 0 1
121 342 0 1
122 342 0 1
123 342 0 1
124 342 0 1
125 342 0 1
130 342 0 1
132 342 0 1
133 342 0 1
134 342 0 1
136 342 0 1
137 342 0 1
144 342 0 1
147 342 0 1
151 342 0 1
153 342 0 1
160 342 0 1
161 342 0 1
167 342 0 1
169 342 0 1
171 342 0 1
172 342 0 1
173 342 0 1
174 342 0 1
175 342 0 1
176 342 0 1
177 342 0 1
178 342 0 1
183 342 0 1
187 342 0 1
1 343 0 1
106 343 0 1
113 343 0 1
114 343 0 1
116 343 0 1
118 343 0 1
119 343 0 1
121 343 0 1
122 343 0 1
123 343 0 1
129 343 0 1
133 343 0 1
136 343 0 1
137 343 0 1
151 343 0 1
153 343 0 1
161 343 0 1
162 343 0 1
166 343 0 1
169 343 0 1
171 343 0 1
174 343 0 1
175 343 0 1
178 343 0 1
187 343 0 1
103 344 0 1
104 344 0 1
105 344 0 1
107 344 0 1
109 344 0 1
111 344 0 1
117 344 0 1
126 344 0 1
127 344 0 1
128 344 0 1
139 344 0 1
140 344 0 1
152 344 0 1
154 344 0 1
155 344 0 1
156 344 0 1
165 344 0 1
168 344 0 1
170 344 0 1
107 345 0 1
126 345 0 1
139 345 0 1
140 345 0 1
152 345 0 1
154 345 0 1
155 345 0 1
124 346 0 1
125 346 0 1
130 346 0 1
131 346 0 1
132 346 0 1
134 346 0 1
135 346 0 1
136 346 0 1
137 346 0 1
141 346 0 1
142 346 0 1
144 346 0 1
145 346 0 1
147 346 0 1
148 346 0 1
149 346 0 1
157 346 0 1
158 346 0 1
160 346 0 1
164 346 0 1
167 346 0 1
169 346 0 1
172 346 0 1
173 346 0 1
174 346 0 1
176 346 0 1
177 346 0 1
124 347 0 1
125 347 0 1
130 347 0 1
131 347 0 1
132 347 0 1
134 347 0 1
135 347 0 1
136 347 0 1
137 347 0 1
141 347 0 1
142 347 0 1
144 347 0 1
145 347 0 1
147 347 0 1
148 347 0 1
149 347 0 1
157 347 0 1
158 347 0 1
160 347 0 1
164 347 0 1
172 347 0 1
174 347 0 1
176 347 0 1
177 347 0 1
124 348 0 1
125 348 0 1
130 348 0 1
132 348 0 1
134 348 0 1
136 348 0 1
137 348 0 1
142 348 0 1
144 348 0 1
145 348 0 1
147 348 0 1
148 348 0 1
149 348 0 1
151 348 0 1
153 348 0 1
158 348 0 1
160 348 0 1
161 348 0 1
174 348 0 1
175 348 0 1
178 348 0 1
123 349 0 1
129 349 0 1
133 349 0 1
138 349 0 1
143 349 0 1
150 349 0 1
151 349 0 1
153 349 0 1
159 349 0 1
161 349 0 1
162 349 0 1
163 349 0 1
166 349 0 1
175 349 0 1
126 350 0 1
127 350 0 1
128 350 0 1
139 350 0 1
140 350 0 1
146 350 0 1
152 350 0 1
154 350 0 1
155 350 0 1
156 350 0 1
123 351 0 1
127 351 0 1
128 351 0 1
129 351 0 1
133 351 0 1
138 351 0 1
143 351 0 1
146 351 0 1
150 351 0 1
151 351 0 1
152 351 0 1
153 351 0 1
156 351 0 1
159 351 0 1
161 351 0 1
162 351 0 1
163 351 0 1
166 351 0 1
170 351 0 1
123 352 0 1
130 352 0 1
133 352 0 1
134 352 0 1
136 352 0 1
137 352 0 1
143 352 0 1
144 352 0 1
145 352 0 1
147 352 0 1
149 352 0 1
151 352 0 1
153 352 0 1
160 352 0 1
161 352 0 1
162 352 0 1
171 352 0 1
174 352 0 1
175 352 0 1
178 352 0 1
126 353 0 1
127 353 0 1
128 353 0 1
139 353 0 1
140 353 0 1
146 353 0 1
152 353 0 1
154 353 0 1
155 353 0 1
156 353 0 1
127 354 0 1
128 354 0 1
129 354 0 1
138 354 0 1
139 354 0 1
140 354 0 1
143 354 0 1
146 354 0 1
150 354 0 1
152 354 0 1
154 354 0 1
155 354 0 1
156 354 0 1
159 354 0 1
162 354 0 1
163 354 0 1
165 354 0 1
166 354 0 1
170 354 0 1
123 355 0 1
129 355 0 1
133 355 0 1
136 355 0 1
137 355 0 1
143 355 0 1
144 355 0 1
147 355 0 1
151 355 0 1
153 355 0 1
160 355 0 1
161 355 0 1
162 355 0 1
171 355 0 1
175 355 0 1
178 355 0 1
1 356 0 1
118 356 0 1
119 356 0 1
121 356 0 1
122 356 0 1
123 356 0 1
124 356 0 1
125 356 0 1
130 356 0 1
132 356 0 1
133 356 0 1
134 356 0 1
136 356 0 1
137 356 0 1
144 356 0 1
145 356 0 1
147 356 0 1
148 356 0 1
149 356 0 1
151 356 0 1
153 356 0 1
157 356 0 1
158 356 0 1
160 356 0 1
161 356 0 1
162 356 0 1
167 356 0 1
169 356 0 1
171 356 0 1
172 356 0 1
173 356 0 1
174 356 0 1
175 356 0 1
176 356 0 1
177 356 0 1
178 356 0 1
116 357 0 1
123 357 0 1
127 357 0 1
128 357 0 1
129 357 0 1
133 357 0 1
138 357 0 1
143 357 0 1
146 357 0 1
150 357 0 1
151 357 0 1
152 357 0 1
153 357 0 1
155 357 0 1
156 357 0 1
159 357 0 1
161 357 0 1
162 357 0 1
163 357 0 1
165 357 0 1
166 357 0 1
170 357 0 1
175 357 0 1
116 358 0 1
123 358 0 1
127 358 0 1
128 358 0 1
129 358 0 1
133 358 0 1
138 358 0 1
143 358 0 1
146 358 0 1
150 358 0 1
151 358 0 1
152 358 0 1
153 358 0 1
155 358 0 1
156 358 0 1
159 358 0 1
161 358 0 1
162 358 0 1
163 358 0 1
165 358 0 1
166 358 0 1
170 358 0 1
117 359 0 1
126 359 0 1
127 359 0 1
128 359 0 1
129 359 0 1
138 359 0 1
139 359 0 1
140 359 0 1
143 359 0 1
146 359 0 1
150 359 0 1
152 359 0 1
154 359 0 1
155 359 0 1
156 359 0 1
159 359 0 1
163 359 0 1
165 359 0 1
168 359 0 1
170 359 0 1
1 360 0 1
106 360 0 1
114 360 0 1
118 360 0 1
119 360 0 1
121 360 0 1
122 360 0 1
123 360 0 1
124 360 0 1
125 360 0 1
130 360 0 1
132 360 0 1
133 360 0 1
134 360 0 1
135 360 0 1
136 360 0 1
137 360 0 1
142 360 0 1
144 360 0 1
145 360 0 1
147 360 0 1
148 360 0 1
149 360 0 1
151 360 0 1
153 360 0 1
157 360 0 1
158 360 0 1
160 360 0 1
161 360 0 1
164 360 0 1
167 360 0 1
169 360 0 1
171 360 0 1
172 360 0 1
173 360 0 1
174 360 0 1
175 360 0 1
176 360 0 1
177 360 0 1
178 360 0 1
116 361 0 1
118 361 0 1
121 361 0 1
123 361 0 1
129 361 0 1
133 361 0 1
138 361 0 1
143 361 0 1
150 361 0 1
151 361 0 1
153 361 0 1
156 361 0 1
159 361 0 1
161 361 0 1
162 361 0 1
163 361 0 1
166 361 0 1
170 361 0 1
171 361 0 1
175 361 0 1
178 361 0 1
116 362 0 1
117 362 0 1
121 362 0 1
123 362 0 1
127 362 0 1
128 362 0 1
129 362 0 1
133 362 0 1
138 362 0 1
143 362 0 1
146 362 0 1
150 362 0 1
151 362 0 1
152 362 0 1
153 362 0 1
155 362 0 1
156 362 0 1
159 362 0 1
161 362 0 1
162 362 0 1
163 362 0 1
165 362 0 1
166 362 0 1
170 362 0 1
175 362 0 1
113 363 0 1
116 363 0 1
118 363 0 1
121 363 0 1
123 363 0 1
128 363 0 1
129 363 0 1
133 363 0 1
138 363 0 1
143 363 0 1
146 363 0 1
150 363 0 1
151 363 0 1
153 363 0 1
156 363 0 1
159 363 0 1
161 363 0 1
162 363 0 1
163 363 0 1
166 363 0 1
170 363 0 1
171 363 0 1
175 363 0 1
110 364 0 1
116 364 0 1
117 364 0 1
118 364 0 1
121 364 0 1
123 364 0 1
127 364 0 1
128 364 0 1
129 364 0 1
133 364 0 1
138 364 0 1
143 364 0 1
146 364 0 1
150 364 0 1
151 364 0 1
153 364 0 1
156 364 0 1
159 364 0 1
161 364 0 1
162 364 0 1
163 364 0 1
165 364 0 1
166 364 0 1
170 364 0 1
175 364 0 1
103 365 0 1
104 365 0 1
105 365 0 1
107 365 0 1
109 365 0 1
111 365 0 1
117 365 0 1
126 365 0 1
127 365 0 1
128 365 0 1
129 365 0 1
138 365 0 1
139 365 0 1
140 365 0 1
146 365 0 1
150 365 0 1
152 365 0 1
154 365 0 1
155 365 0 1
156 365 0 1
159 365 0 1
165 365 0 1
168 365 0 1
170 365 0 1
106 366 0 1
113 366 0 1
114 366 0 1
116 366 0 1
118 366 0 1
119 366 0 1
121 366 0 1
122 366 0 1
123 366 0 1
124 366 0 1
130 366 0 1
133 366 0 1
134 366 0 1
136 366 0 1
137 366 0 1
144 366 0 1
147 366 0 1
149 366 0 1
151 366 0 1
153 366 0 1
160 366 0 1
161 366 0 1
162 366 0 1
166 366 0 1
169 366 0 1
171 366 0 1
172 366 0 1
174 366 0 1
175 366 0 1
178 366 0 1
103 367 0 1
104 367 0 1
105 367 0 1
107 367 0 1
109 367 0 1
117 367 0 1
126 367 0 1
127 367 0 1
128 367 0 1
138 367 0 1
139 367 0 1
140 367 0 1
146 367 0 1
152 367 0 1
154 367 0 1
155 367 0 1
156 367 0 1
165 367 0 1
168 367 0 1
170 367 0 1
110 368 0 1
116 368 0 1
117 368 0 1
123 368 0 1
127 368 0 1
128 368 0 1
129 368 0 1
133 368 0 1
138 368 0 1
139 368 0 1
143 368 0 1
146 368 0 1
150 368 0 1
151 368 0 1
152 368 0 1
154 368 0 1
155 368 0 1
156 368 0 1
159 368 0 1
162 368 0 1
163 368 0 1
165 368 0 1
166 368 0 1
168 368 0 1
170 368 0 1
103 369 0 1
104 369 0 1
105 369 0 1
107 369 0 1
109 369 0 1
111 369 0 1
117 369 0 1
126 369 0 1
127 369 0 1
128 369 0 1
129 369 0 1
138 369 0 1
139 369 0 1
140 369 0 1
143 369 0 1
146 369 0 1
150 369 0 1
152 369 0 1
154 369 0 1
155 369 0 1
156 369 0 1
159 369 0 1
163 369 0 1
165 369 0 1
166 369 0 1
168 369 0 1
170 369 0 1
103 370 0 1
104 370 0 1
105 370 0 1
107 370 0 1
117 370 0 1
126 370 0 1
127 370 0 1
128 370 0 1
138 370 0 1
139 370 0 1
140 370 0 1
146 370 0 1
152 370 0 1
154 370 0 1
155 370 0 1
156 370 0 1
165 370 0 1
168 370 0 1
170 370 0 1
1 371 0 1
106 371 0 1
108 371 0 1
112 371 0 1
119 371 0 1
120 371 0 1
122 371 0 1
124 371 0 1
125 371 0 1
130 371 0 1
131 371 0 1
132 371 0 1
134 371 0 1
135 371 0 1
136 371 0 1
137 371 0 1
141 371 0 1
142 371 0 1
144 371 0 1
145 371 0 1
147 371 0 1
148 371 0 1
149 371 0 1
157 371 0 1
158 371 0 1
160 371 0 1
164 371 0 1
167 371 0 1
169 371 0 1
171 371 0 1
172 371 0 1
173 371 0 1
174 371 0 1
176 371 0 1
177 371 0 1
178 371 0 1
116 372 0 1
118 372 0 1
121 372 0 1
122 372 0 1
123 372 0 1
129 372 0 1
130 372 0 1
133 372 0 1
136 372 0 1
137 372 0 1
143 372 0 1
144 372 0 1
147 372 0 1
151 372 0 1
153 372 0 1
160 372 0 1
161 372 0 1
162 372 0 1
166 372 0 1
169 372 0 1
171 372 0 1
174 372 0 1
175 372 0 1
178 372 0 1
116 373 0 1
118 373 0 1
119 373 0 1
121 373 0 1
122 373 0 1
123 373 0 1
124 373 0 1
130 373 0 1
132 373 0 1
133 373 0 1
134 373 0 1
136 373 0 1
137 373 0 1
144 373 0 1
147 373 0 1
149 373 0 1
151 373 0 1
153 373 0 1
158 373 0 1
160 373 0 1
161 373 0 1
162 373 0 1
169 373 0 1
171 373 0 1
172 373 0 1
174 373 0 1
175 373 0 1
176 373 0 1
178 373 0 1
116 374 0 1
121 374 0 1
123 374 0 1
128 374 0 1
129 374 0 1
133 374 0 1
138 374 0 1
143 374 0 1
146 374 0 1
150 374 0 1
151 374 0 1
153 374 0 1
156 374 0 1
159 374 0 1
161 374 0 1
162 374 0 1
163 374 0 1
166 374 0 1
170 374 0 1
175 374 0 1
105 375 0 1
107 375 0 1
117 375 0 1
126 375 0 1
127 375 0 1
128 375 0 1
129 375 0 1
138 375 0 1
139 375 0 1
140 375 0 1
143 375 0 1
146 375 0 1
150 375 0 1
152 375 0 1
154 375 0 1
155 375 0 1
156 375 0 1
159 375 0 1
163 375 0 1
165 375 0 1
168 375 0 1
170 375 0 1
116 376 0 1
117 376 0 1
127 376 0 1
128 376 0 1
129 376 0 1
133 376 0 1
138 376 0 1
139 376 0 1
140 376 0 1
143 376 0 1
146 376 0 1
150 376 0 1
151 376 0 1
152 376 0 1
154 376 0 1
155 376 0 1
156 376 0 1
159 376 0 1
162 376 0 1
163 376 0 1
165 376 0 1
166 376 0 1
168 376 0 1
170 376 0 1
76 377 0 1
88 377 0 1
103 377 0 1
104 377 0 1
105 377 0 1
107 377 0 1
109 377 0 1
110 377 0 1
111 377 0 1
117 377 0 1
127 377 0 1
128 377 0 1
129 377 0 1
138 377 0 1
152 377 0 1
154 377 0 1
155 377 0 1
156 377 0 1
165 377 0 1
166 377 0 1
168 377 0 1
170 377 0 1
179 377 0 1
1 378 0 1
76 378 0 1
77 378 0 1
78 378 0 1
81 378 0 1
82 378 0 1
83 378 0 1
90 378 0 1
110 378 0 1
113 378 0 1
114 378 0 1
116 378 0 1
118 378 0 1
121 378 0 1
122 378 0 1
123 378 0 1
129 378 0 1
133 378 0 1
138 378 0 1
153 378 0 1
166 378 0 1
170 378 0 1
171 378 0 1
175 378 0 1
178 378 0 1
179 378 0 1
183 378 0 1
184 378 0 1
187 378 0 1
1 379 0 1
77 379 0 1
78 379 0 1
80 379 0 1
83 379 0 1
84 379 0 1
85 379 0 1
93 379 0 1
106 379 0 1
108 379 0 1
112 379 0 1
113 379 0 1
114 379 0 1
115 379 0 1
118 379 0 1
119 379 0 1
120 379 0 1
121 379 0 1
122 379 0 1
124 379 0 1
125 379 0 1
130 379 0 1
132 379 0 1
134 379 0 1
136 379 0 1
137 379 0 1
158 379 0 1
164 379 0 1
167 379 0 1
169 379 0 1
171 379 0 1
172 379 0 1
173 379 0 1
174 379 0 1
175 379 0 1
176 379 0 1
177 379 0 1
178 379 0 1
181 379 0 1
182 379 0 1
183 379 0 1
185 379 0 1
186 379 0 1
187 379 0 1
188 379 0 1
189 379 0 1
76 380 0 1
86 380 0 1
88 380 0 1
94 380 0 1
103 380 0 1
104 380 0 1
105 380 0 1
107 380 0 1
109 380 0 1
111 380 0 1
117 380 0 1
126 380 0 1
127 380 0 1
128 380 0 1
138 380 0 1
139 380 0 1
152 380 0 1
154 380 0 1
155 380 0 1
156 380 0 1
165 380 0 1
168 380 0 1
170 380 0 1
179 380 0 1
76 381 0 1
81 381 0 1
82 381 0 1
87 381 0 1
109 381 0 1
110 381 0 1
111 381 0 1
116 381 0 1
117 381 0 1
127 381 0 1
128 381 0 1
129 381 0 1
133 381 0 1
138 381 0 1
165 381 0 1
166 381 0 1
168 381 0 1
170 381 0 1
179 381 0 1
184 381 0 1
76 382 0 1
87 382 0 1
88 382 0 1
104 382 0 1
105 382 0 1
109 382 0 1
110 382 0 1
111 382 0 1
117 382 0 1
127 382 0 1
128 382 0 1
129 382 0 1
138 382 0 1
156 382 0 1
165 382 0 1
166 382 0 1
168 382 0 1
170 382 0 1
179 382 0 1
184 382 0 1
76 383 0 1
81 383 0 1
82 383 0 1
87 383 0 1
90 383 0 1
110 383 0 1
113 383 0 1
116 383 0 1
117 383 0 1
118 383 0 1
121 383 0 1
123 383 0 1
129 383 0 1
133 383 0 1
138 383 0 1
165 383 0 1
166 383 0 1
168 383 0 1
170 383 0 1
179 383 0 1
184 383 0 1
76 384 0 1
81 384 0 1
82 384 0 1
87 384 0 1
109 384 0 1
110 384 0 1
111 384 0 1
116 384 0 1
117 384 0 1
127 384 0 1
128 384 0 1
129 384 0 1
133 384 0 1
138 384 0 1
156 384 0 1
159 384 0 1
165 384 0 1
166 384 0 1
168 384 0 1
170 384 0 1
179 384 0 1
184 384 0 1
1 385 0 1
77 385 0 1
78 385 0 1
82 385 0 1
83 385 0 1
106 385 0 1
110 385 0 1
113 385 0 1
114 385 0 1
116 385 0 1
118 385 0 1
119 385 0 1
121 385 0 1
122 385 0 1
123 385 0 1
133 385 0 1
136 385 0 1
151 385 0 1
153 385 0 1
161 385 0 1
166 385 0 1
169 385 0 1
171 385 0 1
175 385 0 1
178 385 0 1
183 385 0 1
184 385 0 1
187 385 0 1
76 386 0 1
81 386 0 1
82 386 0 1
110 386 0 1
111 386 0 1
116 386 0 1
117 386 0 1
121 386 0 1
123 386 0 1
127 386 0 1
128 386 0 1
129 386 0 1
133 386 0 1
138 386 0 1
156 386 0 1
159 386 0 1
163 386 0 1
165 386 0 1
166 386 0 1
168 386 0 1
170 386 0 1
179 386 0 1
184 386 0 1
76 387 0 1
104 387 0 1
105 387 0 1
109 387 0 1
110 387 0 1
111 387 0 1
116 387 0 1
117 387 0 1
127 387 0 1
128 387 0 1
129 387 0 1
138 387 0 1
146 387 0 1
150 387 0 1
152 387 0 1
154 387 0 1
155 387 0 1
156 387 0 1
159 387 0 1
163 387 0 1
165 387 0 1
166 387 0 1
168 387 0 1
170 387 0 1
179 387 0 1
184 387 0 1
76 388 0 1
103 388 0 1
104 388 0 1
105 388 0 1
107 388 0 1
109 388 0 1
110 388 0 1
111 388 0 1
117 388 0 1
126 388 0 1
127 388 0 1
128 388 0 1
138 388 0 1
152 388 0 1
154 388 0 1
155 388 0 1
156 388 0 1
165 388 0 1
168 388 0 1
170 388 0 1
179 388 0 1
1 389 0 1
42 389 0 1
43 389 0 1
44 389 0 1
45 389 0 1
46 389 0 1
51 389 0 1
52 389 0 1
53 389 0 1
55 389 0 1
56 389 0 1
59 389 0 1
68 389 0 1
75 389 0 1
77 389 0 1
78 389 0 1
81 389 0 1
82 389 0 1
83 389 0 1
89 389 0 1
90 389 0 1
93 389 0 1
96 389 0 1
97 389 0 1
99 389 0 1
100 389 0 1
101 389 0 1
102 389 0 1
113 389 0 1
114 389 0 1
183 389 0 1
185 389 0 1
187 389 0 1
41 390 0 1
49 390 0 1
50 390 0 1
57 390 0 1
60 390 0 1
70 390 0 1
71 390 0 1
73 390 0 1
76 390 0 1
81 390 0 1
82 390 0 1
87 390 0 1
88 390 0 1
90 390 0 1
94 390 0 1
95 390 0 1
99 390 0 1
109 390 0 1
110 390 0 1
111 390 0 1
179 390 0 1
184 390 0 1
40 391 0 1
41 391 0 1
42 391 0 1
43 391 0 1
46 391 0 1
49 391 0 1
50 391 0 1
53 391 0 1
55 391 0 1
56 391 0 1
59 391 0 1
60 391 0 1
61 391 0 1
63 391 0 1
70 391 0 1
73 391 0 1
75 391 0 1
76 391 0 1
77 391 0 1
78 391 0 1
81 391 0 1
82 391 0 1
83 391 0 1
87 391 0 1
89 391 0 1
90 391 0 1
93 391 0 1
95 391 0 1
96 391 0 1
99 391 0 1
100 391 0 1
183 391 0 1
184 391 0 1
187 391 0 1
1 392 0 1
42 392 0 1
43 392 0 1
44 392 0 1
45 392 0 1
46 392 0 1
51 392 0 1
52 392 0 1
53 392 0 1
55 392 0 1
56 392 0 1
59 392 0 1
68 392 0 1
75 392 0 1
77 392 0 1
78 392 0 1
83 392 0 1
85 392 0 1
89 392 0 1
90 392 0 1
93 392 0 1
96 392 0 1
97 392 0 1
100 392 0 1
101 392 0 1
102 392 0 1
183 392 0 1
185 392 0 1
187 392 0 1
40 393 0 1
41 393 0 1
46 393 0 1
49 393 0 1
50 393 0 1
55 393 0 1
56 393 0 1
60 393 0 1
61 393 0 1
63 393 0 1
70 393 0 1
71 393 0 1
73 393 0 1
75 393 0 1
76 393 0 1
77 393 0 1
81 393 0 1
82 393 0 1
83 393 0 1
87 393 0 1
88 393 0 1
90 393 0 1
95 393 0 1
96 393 0 1
99 393 0 1
110 393 0 1
179 393 0 1
184 393 0 1
40 394 0 1
41 394 0 1
49 394 0 1
50 394 0 1
56 394 0 1
60 394 0 1
70 394 0 1
71 394 0 1
72 394 0 1
73 394 0 1
76 394 0 1
81 394 0 1
82 394 0 1
87 394 0 1
88 394 0 1
90 394 0 1
94 394 0 1
95 394 0 1
96 394 0 1
99 394 0 1
110 394 0 1
179 394 0 1
184 394 0 1
40 395 0 1
41 395 0 1
49 395 0 1
50 395 0 1
56 395 0 1
60 395 0 1
70 395 0 1
71 395 0 1
73 395 0 1
76 395 0 1
81 395 0 1
82 395 0 1
87 395 0 1
88 395 0 1
90 395 0 1
95 395 0 1
96 395 0 1
99 395 0 1
110 395 0 1
179 395 0 1
184 395 0 1
40 396 0 1
42 396 0 1
43 396 0 1
46 396 0 1
49 396 0 1
50 396 0 1
53 396 0 1
55 396 0 1
56 396 0 1
59 396 0 1
60 396 0 1
75 396 0 1
77 396 0 1
78 396 0 1
81 396 0 1
82 396 0 1
83 396 0 1
87 396 0 1
89 396 0 1
90 396 0 1
93 396 0 1
95 396 0 1
96 396 0 1
99 396 0 1
100 396 0 1
113 396 0 1
183 396 0 1
184 396 0 1
187 396 0 1
47 397 0 1
50 397 0 1
57 397 0 1
60 397 0 1
76 397 0 1
81 397 0 1
86 397 0 1
87 397 0 1
88 397 0 1
94 397 0 1
95 397 0 1
104 397 0 1
109 397 0 1
110 397 0 1
111 397 0 1
179 397 0 1
1 398 0 1
42 398 0 1
43 398 0 1
44 398 0 1
45 398 0 1
46 398 0 1
51 398 0 1
52 398 0 1
53 398 0 1
54 398 0 1
55 398 0 1
58 398 0 1
59 398 0 1
68 398 0 1
77 398 0 1
78 398 0 1
80 398 0 1
83 398 0 1
84 398 0 1
85 398 0 1
89 398 0 1
92 398 0 1
93 398 0 1
96 398 0 1
97 398 0 1
100 398 0 1
101 398 0 1
102 398 0 1
106 398 0 1
112 398 0 1
113 398 0 1
114 398 0 1
118 398 0 1
181 398 0 1
182 398 0 1
183 398 0 1
185 398 0 1
186 398 0 1
187 398 0 1
189 398 0 1
