1 2 0 0
3 4 0 0
5 6 0 0
4 7 0 0
6 7 0 0
5 8 0 0
6 8 0 0
5 10 0 0
8 10 0 0
9 10 0 0
3 11 0 0
4 11 0 0
7 11 0 0
9 12 0 0
10 12 0 0
3 13 0 0
4 13 0 0
7 13 0 0
11 13 0 0
5 14 0 0
8 14 0 0
9 14 0 0
10 14 0 0
12 14 0 0
9 15 0 0
10 15 0 0
12 15 0 0
14 15 0 0
3 16 0 0
4 16 0 0
7 16 0 0
11 16 0 0
13 16 0 0
5 17 0 0
6 17 0 0
8 17 0 0
9 18 0 0
10 18 0 0
12 18 0 0
14 18 0 0
15 18 0 0
3 19 0 0
4 19 0 0
7 19 0 0
11 19 0 0
13 19 0 0
16 19 0 0
3 20 0 0
4 20 0 0
7 20 0 0
11 20 0 0
13 20 0 0
16 20 0 0
19 20 0 0
5 21 0 0
6 21 0 0
7 21 0 0
8 21 0 0
16 21 0 0
17 21 0 0
20 21 0 0
5 22 0 0
6 22 0 0
7 22 0 0
8 22 0 0
17 22 0 0
21 22 0 0
5 23 0 0
6 23 0 0
8 23 0 0
10 23 0 0
17 23 0 0
21 23 0 0
22 23 0 0
5 24 0 0
6 24 0 0
8 24 0 0
9 24 0 0
10 24 0 0
12 24 0 0
14 24 0 0
15 24 0 0
17 24 0 0
18 24 0 0
21 24 0 0
22 24 0 0
23 24 0 0
3 25 0 0
4 25 0 0
7 25 0 0
11 25 0 0
13 25 0 0
16 25 0 0
19 25 0 0
20 25 0 0
9 26 0 0
10 26 0 0
12 26 0 0
14 26 0 0
15 26 0 0
18 26 0 0
24 26 0 0
5 27 0 0
6 27 0 0
8 27 0 0
10 27 0 0
14 27 0 0
17 27 0 0
21 27 0 0
22 27 0 0
23 27 0 0
24 27 0 0
26 27 0 0
5 28 0 0
6 28 0 0
8 28 0 0
10 28 0 0
14 28 0 0
15 28 0 0
17 28 0 0
21 28 0 0
22 28 0 0
23 28 0 0
24 28 0 0
26 28 0 0
27 28 0 0
5 29 0 0
6 29 0 0
8 29 0 0
9 29 0 0
10 29 0 0
14 29 0 0
15 29 0 0
17 29 0 0
18 29 0 0
22 29 0 0
23 29 0 0
24 29 0 0
26 29 0 0
27 29 0 0
28 29 0 0
4 30 0 0
6 30 0 0
7 30 0 0
11 30 0 0
13 30 0 0
16 30 0 0
19 30 0 0
20 30 0 0
21 30 0 0
22 30 0 0
25 30 0 0
5 31 0 0
6 31 0 0
7 31 0 0
8 31 0 0
16 31 0 0
17 31 0 0
20 31 0 0
21 31 0 0
22 31 0 0
23 31 0 0
24 31 0 0
27 31 0 0
28 31 0 0
29 31 0 0
30 31 0 0
4 32 0 0
11 32 0 0
13 32 0 0
16 32 0 0
19 32 0 0
20 32 0 0
25 32 0 0
30 32 0 0
11 33 0 0
13 33 0 0
16 33 0 0
19 33 0 0
20 33 0 0
25 33 0 0
30 33 0 0
32 33 0 0
14 34 0 0
15 34 0 0
17 34 0 0
24 34 0 0
26 34 0 0
27 34 0 0
28 34 0 0
29 34 0 0
14 35 0 0
15 35 0 0
17 35 0 0
24 35 0 0
26 35 0 0
27 35 0 0
28 35 0 0
29 35 0 0
31 35 0 0
34 35 0 0
11 36 0 0
13 36 0 0
16 36 0 0
32 36 0 0
33 36 0 0
11 37 0 0
13 37 0 0
16 37 0 0
19 37 0 0
20 37 0 0
25 37 0 0
30 37 0 0
32 37 0 0
33 37 0 0
36 37 0 0
14 38 0 0
17 38 0 0
28 38 0 0
29 38 0 0
31 38 0 0
34 38 0 0
35 38 0 0
17 39 0 0
28 39 0 0
31 39 0 0
34 39 0 0
35 39 0 0
38 39 0 0
9 40 0 0
10 40 0 0
12 40 0 0
14 40 0 0
15 40 0 0
18 40 0 0
24 40 0 0
26 40 0 0
28 40 0 0
29 40 0 0
34 40 0 0
35 40 0 0
38 40 0 0
8 41 0 0
10 41 0 0
14 41 0 0
15 41 0 0
17 41 0 0
23 41 0 0
24 41 0 0
26 41 0 0
27 41 0 0
28 41 0 0
29 41 0 0
31 41 0 0
34 41 0 0
35 41 0 0
38 41 0 0
39 41 0 0
40 41 0 0
6 42 0 0
8 42 0 0
16 42 0 0
17 42 0 0
21 42 0 0
22 42 0 0
23 42 0 0
27 42 0 0
28 42 0 0
30 42 0 0
31 42 0 0
35 42 0 0
37 42 0 0
38 42 0 0
39 42 0 0
11 43 0 0
13 43 0 0
16 43 0 0
19 43 0 0
20 43 0 0
25 43 0 0
30 43 0 0
32 43 0 0
33 43 0 0
36 43 0 0
37 43 0 0
3 44 0 0
4 44 0 0
7 44 0 0
11 44 0 0
13 44 0 0
16 44 0 0
19 44 0 0
20 44 0 0
25 44 0 0
30 44 0 0
32 44 0 0
33 44 0 0
36 44 0 0
37 44 0 0
43 44 0 0
6 45 0 0
7 45 0 0
8 45 0 0
16 45 0 0
17 45 0 0
20 45 0 0
21 45 0 0
22 45 0 0
23 45 0 0
27 45 0 0
30 45 0 0
31 45 0 0
37 45 0 0
39 45 0 0
42 45 0 0
43 45 0 0
44 45 0 0
4 46 0 0
7 46 0 0
11 46 0 0
13 46 0 0
16 46 0 0
17 46 0 0
19 46 0 0
20 46 0 0
21 46 0 0
22 46 0 0
25 46 0 0
30 46 0 0
31 46 0 0
32 46 0 0
33 46 0 0
36 46 0 0
37 46 0 0
39 46 0 0
42 46 0 0
43 46 0 0
44 46 0 0
45 46 0 0
5 47 0 0
6 47 0 0
8 47 0 0
9 47 0 0
10 47 0 0
14 47 0 0
15 47 0 0
17 47 0 0
21 47 0 0
22 47 0 0
23 47 0 0
24 47 0 0
26 47 0 0
27 47 0 0
28 47 0 0
29 47 0 0
31 47 0 0
34 47 0 0
35 47 0 0
38 47 0 0
39 47 0 0
40 47 0 0
41 47 0 0
42 47 0 0
45 47 0 0
5 48 0 0
6 48 0 0
7 48 0 0
8 48 0 0
11 48 0 0
13 48 0 0
16 48 0 0
17 48 0 0
19 48 0 0
20 48 0 0
21 48 0 0
22 48 0 0
23 48 0 0
24 48 0 0
25 48 0 0
27 48 0 0
28 48 0 0
29 48 0 0
30 48 0 0
31 48 0 0
32 48 0 0
33 48 0 0
34 48 0 0
35 48 0 0
36 48 0 0
37 48 0 0
38 48 0 0
39 48 0 0
41 48 0 0
42 48 0 0
43 48 0 0
44 48 0 0
45 48 0 0
46 48 0 0
47 48 0 0
9 49 0 0
10 49 0 0
12 49 0 0
14 49 0 0
15 49 0 0
18 49 0 0
24 49 0 0
26 49 0 0
28 49 0 0
29 49 0 0
34 49 0 0
35 49 0 0
38 49 0 0
40 49 0 0
41 49 0 0
47 49 0 0
5 50 0 0
6 50 0 0
8 50 0 0
10 50 0 0
14 50 0 0
17 50 0 0
21 50 0 0
22 50 0 0
23 50 0 0
24 50 0 0
27 50 0 0
28 50 0 0
29 50 0 0
31 50 0 0
34 50 0 0
35 50 0 0
38 50 0 0
39 50 0 0
40 50 0 0
41 50 0 0
42 50 0 0
45 50 0 0
46 50 0 0
47 50 0 0
48 50 0 0
49 50 0 0
5 51 0 0
6 51 0 0
8 51 0 0
9 51 0 0
10 51 0 0
14 51 0 0
15 51 0 0
17 51 0 0
23 51 0 0
24 51 0 0
26 51 0 0
27 51 0 0
28 51 0 0
29 51 0 0
31 51 0 0
34 51 0 0
35 51 0 0
38 51 0 0
39 51 0 0
40 51 0 0
41 51 0 0
47 51 0 0
48 51 0 0
49 51 0 0
50 51 0 0
5 52 0 0
6 52 0 0
8 52 0 0
17 52 0 0
21 52 0 0
22 52 0 0
23 52 0 0
24 52 0 0
27 52 0 0
28 52 0 0
29 52 0 0
30 52 0 0
31 52 0 0
34 52 0 0
35 52 0 0
38 52 0 0
39 52 0 0
41 52 0 0
42 52 0 0
45 52 0 0
46 52 0 0
47 52 0 0
48 52 0 0
50 52 0 0
51 52 0 0
40 53 0 0
2 54 0 0
33 54 0 0
36 54 0 0
37 54 0 0
43 54 0 0
46 54 0 0
2 55 0 0
36 55 0 0
54 55 0 0
2 56 0 0
36 56 0 0
46 56 0 0
54 56 0 0
55 56 0 0
2 57 0 0
54 57 0 0
55 57 0 0
56 57 0 0
39 58 0 0
2 59 0 0
54 59 0 0
55 59 0 0
56 59 0 0
57 59 0 0
2 60 0 0
54 60 0 0
55 60 0 0
56 60 0 0
57 60 0 0
59 60 0 0
2 61 0 0
36 61 0 0
37 61 0 0
43 61 0 0
46 61 0 0
54 61 0 0
55 61 0 0
56 61 0 0
57 61 0 0
59 61 0 0
60 61 0 0
34 62 0 0
35 62 0 0
38 62 0 0
39 62 0 0
41 62 0 0
53 62 0 0
58 62 0 0
2 63 0 0
32 63 0 0
33 63 0 0
36 63 0 0
37 63 0 0
43 63 0 0
46 63 0 0
54 63 0 0
55 63 0 0
56 63 0 0
57 63 0 0
59 63 0 0
60 63 0 0
61 63 0 0
2 64 0 0
36 64 0 0
37 64 0 0
43 64 0 0
46 64 0 0
54 64 0 0
55 64 0 0
56 64 0 0
57 64 0 0
59 64 0 0
60 64 0 0
61 64 0 0
63 64 0 0
35 65 0 0
38 65 0 0
39 65 0 0
58 65 0 0
62 65 0 0
35 66 0 0
38 66 0 0
39 66 0 0
58 66 0 0
62 66 0 0
65 66 0 0
58 68 0 0
62 68 0 0
65 68 0 0
66 68 0 0
67 69 0 0
58 70 0 0
62 70 0 0
65 70 0 0
66 70 0 0
68 70 0 0
67 71 0 0
69 71 0 0
67 72 0 0
69 72 0 0
71 72 0 0
67 73 0 0
69 73 0 0
71 73 0 0
72 73 0 0
2 74 0 0
54 74 0 0
55 74 0 0
56 74 0 0
57 74 0 0
59 74 0 0
60 74 0 0
61 74 0 0
63 74 0 0
64 74 0 0
2 75 0 0
54 75 0 0
55 75 0 0
56 75 0 0
57 75 0 0
59 75 0 0
60 75 0 0
61 75 0 0
63 75 0 0
64 75 0 0
74 75 0 0
53 76 0 0
67 76 0 0
69 76 0 0
71 76 0 0
72 76 0 0
73 76 0 0
67 77 0 0
69 77 0 0
71 77 0 0
72 77 0 0
73 77 0 0
76 77 0 0
1 78 0 0
2 78 0 0
74 78 0 0
75 78 0 0
1 79 0 0
2 79 0 0
78 79 0 0
1 80 0 0
2 80 0 0
78 80 0 0
80 81 0 0
1 82 0 0
2 82 0 0
78 82 0 0
79 82 0 0
80 82 0 0
1 83 0 0
2 83 0 0
78 83 0 0
79 83 0 0
80 83 0 0
81 83 0 0
82 83 0 0
70 84 0 0
80 84 0 0
81 84 0 0
83 84 0 0
69 85 0 0
71 85 0 0
72 85 0 0
77 85 0 0
67 86 0 0
69 86 0 0
71 86 0 0
72 86 0 0
73 86 0 0
76 86 0 0
77 86 0 0
85 86 0 0
67 87 0 0
69 87 0 0
71 87 0 0
72 87 0 0
73 87 0 0
76 87 0 0
77 87 0 0
85 87 0 0
86 87 0 0
1 88 0 0
2 88 0 0
59 88 0 0
60 88 0 0
74 88 0 0
75 88 0 0
78 88 0 0
79 88 0 0
80 88 0 0
82 88 0 0
83 88 0 0
84 88 0 0
67 89 0 0
69 89 0 0
71 89 0 0
72 89 0 0
73 89 0 0
76 89 0 0
77 89 0 0
85 89 0 0
86 89 0 0
87 89 0 0
34 90 0 0
35 90 0 0
38 90 0 0
39 90 0 0
40 90 0 0
41 90 0 0
47 90 0 0
49 90 0 0
50 90 0 0
51 90 0 0
52 90 0 0
53 90 0 0
58 90 0 0
62 90 0 0
65 90 0 0
66 90 0 0
34 91 0 0
35 91 0 0
38 91 0 0
39 91 0 0
41 91 0 0
42 91 0 0
46 91 0 0
47 91 0 0
48 91 0 0
50 91 0 0
51 91 0 0
52 91 0 0
58 91 0 0
62 91 0 0
65 91 0 0
66 91 0 0
90 91 0 0
11 92 0 0
13 92 0 0
16 92 0 0
19 92 0 0
20 92 0 0
25 92 0 0
32 92 0 0
33 92 0 0
36 92 0 0
37 92 0 0
43 92 0 0
44 92 0 0
46 92 0 0
48 92 0 0
54 92 0 0
55 92 0 0
56 92 0 0
57 92 0 0
59 92 0 0
60 92 0 0
61 92 0 0
63 92 0 0
64 92 0 0
34 93 0 0
35 93 0 0
38 93 0 0
39 93 0 0
40 93 0 0
41 93 0 0
53 93 0 0
58 93 0 0
62 93 0 0
65 93 0 0
66 93 0 0
90 93 0 0
91 93 0 0
9 94 0 1
12 94 0 1
14 94 0 1
15 94 0 1
18 94 0 1
24 94 0 1
26 94 0 1
34 94 0 1
35 94 0 1
40 94 0 1
41 94 0 1
47 94 0 1
49 94 0 1
51 94 0 1
53 94 0 1
67 94 0 1
69 94 0 1
71 94 0 1
72 94 0 1
73 94 0 1
76 94 0 1
86 94 0 1
87 94 0 1
89 94 0 1
90 94 0 1
93 94 0 1
3 95 0 1
4 95 0 1
7 95 0 1
11 95 0 1
13 95 0 1
16 95 0 1
19 95 0 1
20 95 0 1
21 95 0 1
25 95 0 1
30 95 0 1
31 95 0 1
32 95 0 1
43 95 0 1
44 95 0 1
45 95 0 1
46 95 0 1
48 95 0 1
9 96 0 1
10 96 0 1
12 96 0 1
15 96 0 1
18 96 0 1
24 96 0 1
26 96 0 1
3 97 0 1
4 97 0 1
6 97 0 1
7 97 0 1
11 97 0 1
13 97 0 1
16 97 0 1
19 97 0 1
20 97 0 1
21 97 0 1
22 97 0 1
25 97 0 1
30 97 0 1
31 97 0 1
44 97 0 1
45 97 0 1
46 97 0 1
48 97 0 1
9 98 0 1
12 98 0 1
18 98 0 1
24 98 0 1
5 99 0 1
6 99 0 1
8 99 0 1
10 99 0 1
14 99 0 1
17 99 0 1
21 99 0 1
22 99 0 1
23 99 0 1
24 99 0 1
27 99 0 1
28 99 0 1
29 99 0 1
31 99 0 1
34 99 0 1
35 99 0 1
38 99 0 1
39 99 0 1
41 99 0 1
42 99 0 1
45 99 0 1
46 99 0 1
47 99 0 1
48 99 0 1
50 99 0 1
51 99 0 1
52 99 0 1
9 100 0 1
10 100 0 1
12 100 0 1
14 100 0 1
15 100 0 1
18 100 0 1
24 100 0 1
26 100 0 1
29 100 0 1
34 100 0 1
40 100 0 1
41 100 0 1
47 100 0 1
49 100 0 1
51 100 0 1
9 101 0 1
12 101 0 1
14 101 0 1
15 101 0 1
18 101 0 1
24 101 0 1
26 101 0 1
40 101 0 1
49 101 0 1
9 102 0 1
10 102 0 1
12 102 0 1
15 102 0 1
18 102 0 1
24 102 0 1
26 102 0 1
49 102 0 1
5 103 0 1
6 103 0 1
8 103 0 1
10 103 0 1
14 103 0 1
15 103 0 1
17 103 0 1
22 103 0 1
23 103 0 1
24 103 0 1
26 103 0 1
27 103 0 1
28 103 0 1
29 103 0 1
31 103 0 1
34 103 0 1
35 103 0 1
38 103 0 1
39 103 0 1
40 103 0 1
41 103 0 1
42 103 0 1
47 103 0 1
48 103 0 1
49 103 0 1
50 103 0 1
51 103 0 1
52 103 0 1
62 103 0 1
90 103 0 1
91 103 0 1
93 103 0 1
6 104 0 1
8 104 0 1
14 104 0 1
17 104 0 1
21 104 0 1
22 104 0 1
23 104 0 1
24 104 0 1
27 104 0 1
28 104 0 1
29 104 0 1
31 104 0 1
34 104 0 1
35 104 0 1
38 104 0 1
39 104 0 1
40 104 0 1
41 104 0 1
42 104 0 1
45 104 0 1
46 104 0 1
47 104 0 1
48 104 0 1
50 104 0 1
51 104 0 1
52 104 0 1
62 104 0 1
65 104 0 1
90 104 0 1
91 104 0 1
93 104 0 1
9 105 0 1
10 105 0 1
12 105 0 1
14 105 0 1
15 105 0 1
18 105 0 1
24 105 0 1
26 105 0 1
29 105 0 1
34 105 0 1
35 105 0 1
40 105 0 1
41 105 0 1
47 105 0 1
49 105 0 1
51 105 0 1
53 105 0 1
9 106 0 1
12 106 0 1
14 106 0 1
15 106 0 1
18 106 0 1
26 106 0 1
29 106 0 1
34 106 0 1
35 106 0 1
40 106 0 1
41 106 0 1
47 106 0 1
49 106 0 1
51 106 0 1
53 106 0 1
90 106 0 1
16 107 0 1
32 107 0 1
33 107 0 1
36 107 0 1
37 107 0 1
42 107 0 1
43 107 0 1
44 107 0 1
45 107 0 1
46 107 0 1
48 107 0 1
54 107 0 1
56 107 0 1
59 107 0 1
61 107 0 1
63 107 0 1
64 107 0 1
92 107 0 1
14 108 0 1
15 108 0 1
34 108 0 1
35 108 0 1
38 108 0 1
39 108 0 1
40 108 0 1
41 108 0 1
47 108 0 1
49 108 0 1
50 108 0 1
51 108 0 1
53 108 0 1
62 108 0 1
65 108 0 1
66 108 0 1
90 108 0 1
91 108 0 1
93 108 0 1
34 109 0 1
40 109 0 1
41 109 0 1
49 109 0 1
53 109 0 1
90 109 0 1
36 110 0 1
37 110 0 1
39 110 0 1
42 110 0 1
43 110 0 1
45 110 0 1
46 110 0 1
48 110 0 1
52 110 0 1
54 110 0 1
56 110 0 1
64 110 0 1
65 110 0 1
91 110 0 1
92 110 0 1
16 111 0 1
17 111 0 1
30 111 0 1
31 111 0 1
36 111 0 1
37 111 0 1
39 111 0 1
42 111 0 1
43 111 0 1
44 111 0 1
45 111 0 1
46 111 0 1
48 111 0 1
52 111 0 1
54 111 0 1
91 111 0 1
92 111 0 1
16 112 0 1
17 112 0 1
31 112 0 1
37 112 0 1
38 112 0 1
39 112 0 1
42 112 0 1
45 112 0 1
46 112 0 1
47 112 0 1
48 112 0 1
50 112 0 1
52 112 0 1
65 112 0 1
91 112 0 1
92 112 0 1
17 113 0 1
24 113 0 1
27 113 0 1
28 113 0 1
29 113 0 1
31 113 0 1
34 113 0 1
35 113 0 1
38 113 0 1
39 113 0 1
40 113 0 1
41 113 0 1
42 113 0 1
45 113 0 1
46 113 0 1
47 113 0 1
48 113 0 1
50 113 0 1
51 113 0 1
52 113 0 1
62 113 0 1
65 113 0 1
66 113 0 1
90 113 0 1
91 113 0 1
93 113 0 1
14 114 0 1
15 114 0 1
17 114 0 1
24 114 0 1
28 114 0 1
29 114 0 1
34 114 0 1
35 114 0 1
38 114 0 1
39 114 0 1
40 114 0 1
41 114 0 1
42 114 0 1
47 114 0 1
48 114 0 1
49 114 0 1
50 114 0 1
51 114 0 1
52 114 0 1
62 114 0 1
65 114 0 1
66 114 0 1
90 114 0 1
91 114 0 1
93 114 0 1
16 115 0 1
31 115 0 1
33 115 0 1
36 115 0 1
37 115 0 1
39 115 0 1
42 115 0 1
43 115 0 1
44 115 0 1
45 115 0 1
46 115 0 1
48 115 0 1
52 115 0 1
54 115 0 1
56 115 0 1
61 115 0 1
63 115 0 1
64 115 0 1
91 115 0 1
92 115 0 1
12 116 0 1
14 116 0 1
15 116 0 1
26 116 0 1
29 116 0 1
34 116 0 1
35 116 0 1
38 116 0 1
40 116 0 1
41 116 0 1
47 116 0 1
49 116 0 1
51 116 0 1
53 116 0 1
62 116 0 1
66 116 0 1
90 116 0 1
93 116 0 1
2 117 0 1
36 117 0 1
37 117 0 1
43 117 0 1
46 117 0 1
54 117 0 1
55 117 0 1
56 117 0 1
57 117 0 1
59 117 0 1
60 117 0 1
61 117 0 1
63 117 0 1
64 117 0 1
74 117 0 1
92 117 0 1
2 118 0 1
36 118 0 1
37 118 0 1
46 118 0 1
54 118 0 1
56 118 0 1
59 118 0 1
60 118 0 1
61 118 0 1
63 118 0 1
64 118 0 1
74 118 0 1
92 118 0 1
38 119 0 1
39 119 0 1
58 119 0 1
62 119 0 1
65 119 0 1
66 119 0 1
90 119 0 1
91 119 0 1
93 119 0 1
38 120 0 1
39 120 0 1
46 120 0 1
58 120 0 1
59 120 0 1
62 120 0 1
65 120 0 1
66 120 0 1
90 120 0 1
91 120 0 1
93 120 0 1
40 121 0 1
53 121 0 1
62 121 0 1
66 121 0 1
68 121 0 1
76 121 0 1
90 121 0 1
93 121 0 1
39 122 0 1
42 122 0 1
46 122 0 1
54 122 0 1
58 122 0 1
59 122 0 1
62 122 0 1
65 122 0 1
91 122 0 1
92 122 0 1
53 123 0 1
73 123 0 1
76 123 0 1
38 124 0 1
39 124 0 1
42 124 0 1
46 124 0 1
58 124 0 1
62 124 0 1
65 124 0 1
66 124 0 1
90 124 0 1
91 124 0 1
93 124 0 1
34 125 0 1
35 125 0 1
38 125 0 1
40 125 0 1
53 125 0 1
62 125 0 1
65 125 0 1
66 125 0 1
68 125 0 1
90 125 0 1
93 125 0 1
33 126 0 1
36 126 0 1
37 126 0 1
42 126 0 1
43 126 0 1
46 126 0 1
54 126 0 1
56 126 0 1
59 126 0 1
61 126 0 1
63 126 0 1
64 126 0 1
92 126 0 1
34 127 0 1
35 127 0 1
38 127 0 1
40 127 0 1
41 127 0 1
49 127 0 1
53 127 0 1
62 127 0 1
66 127 0 1
90 127 0 1
93 127 0 1
36 128 0 1
37 128 0 1
38 128 0 1
39 128 0 1
42 128 0 1
45 128 0 1
46 128 0 1
52 128 0 1
54 128 0 1
56 128 0 1
58 128 0 1
59 128 0 1
62 128 0 1
64 128 0 1
65 128 0 1
66 128 0 1
74 128 0 1
91 128 0 1
92 128 0 1
93 128 0 1
36 129 0 1
37 129 0 1
39 129 0 1
42 129 0 1
43 129 0 1
45 129 0 1
46 129 0 1
48 129 0 1
52 129 0 1
54 129 0 1
56 129 0 1
59 129 0 1
61 129 0 1
64 129 0 1
91 129 0 1
92 129 0 1
12 130 0 1
14 130 0 1
15 130 0 1
34 130 0 1
35 130 0 1
38 130 0 1
40 130 0 1
41 130 0 1
47 130 0 1
49 130 0 1
51 130 0 1
53 130 0 1
62 130 0 1
66 130 0 1
90 130 0 1
93 130 0 1
36 131 0 1
37 131 0 1
39 131 0 1
43 131 0 1
46 131 0 1
54 131 0 1
56 131 0 1
59 131 0 1
61 131 0 1
63 131 0 1
64 131 0 1
74 131 0 1
92 131 0 1
35 132 0 1
38 132 0 1
39 132 0 1
42 132 0 1
46 132 0 1
52 132 0 1
58 132 0 1
62 132 0 1
65 132 0 1
66 132 0 1
90 132 0 1
91 132 0 1
93 132 0 1
34 133 0 1
35 133 0 1
38 133 0 1
39 133 0 1
40 133 0 1
41 133 0 1
53 133 0 1
58 133 0 1
62 133 0 1
65 133 0 1
66 133 0 1
90 133 0 1
91 133 0 1
93 133 0 1
53 134 0 1
67 134 0 1
68 134 0 1
69 134 0 1
71 134 0 1
72 134 0 1
73 134 0 1
76 134 0 1
86 134 0 1
87 134 0 1
89 134 0 1
53 135 0 1
67 135 0 1
69 135 0 1
71 135 0 1
72 135 0 1
73 135 0 1
76 135 0 1
77 135 0 1
86 135 0 1
87 135 0 1
89 135 0 1
58 136 0 1
59 136 0 1
62 136 0 1
65 136 0 1
66 136 0 1
70 136 0 1
74 136 0 1
88 136 0 1
53 137 0 1
62 137 0 1
66 137 0 1
68 137 0 1
70 137 0 1
76 137 0 1
93 137 0 1
53 138 0 1
62 138 0 1
66 138 0 1
68 138 0 1
70 138 0 1
72 138 0 1
76 138 0 1
87 138 0 1
53 139 0 1
67 139 0 1
68 139 0 1
69 139 0 1
71 139 0 1
72 139 0 1
73 139 0 1
76 139 0 1
77 139 0 1
86 139 0 1
87 139 0 1
89 139 0 1
1 140 0 1
2 140 0 1
54 140 0 1
55 140 0 1
56 140 0 1
57 140 0 1
58 140 0 1
59 140 0 1
60 140 0 1
61 140 0 1
63 140 0 1
64 140 0 1
74 140 0 1
75 140 0 1
78 140 0 1
88 140 0 1
92 140 0 1
58 141 0 1
62 141 0 1
65 141 0 1
66 141 0 1
68 141 0 1
70 141 0 1
2 142 0 1
56 142 0 1
58 142 0 1
59 142 0 1
60 142 0 1
74 142 0 1
75 142 0 1
78 142 0 1
88 142 0 1
68 143 0 1
70 143 0 1
72 143 0 1
76 143 0 1
77 143 0 1
86 143 0 1
87 143 0 1
89 143 0 1
1 144 0 1
2 144 0 1
78 144 0 1
80 144 0 1
81 144 0 1
82 144 0 1
83 144 0 1
84 144 0 1
88 144 0 1
1 145 0 1
2 145 0 1
74 145 0 1
78 145 0 1
80 145 0 1
81 145 0 1
83 145 0 1
84 145 0 1
88 145 0 1
68 146 0 1
72 146 0 1
76 146 0 1
77 146 0 1
85 146 0 1
86 146 0 1
87 146 0 1
89 146 0 1
67 147 0 1
68 147 0 1
69 147 0 1
71 147 0 1
72 147 0 1
73 147 0 1
76 147 0 1
77 147 0 1
85 147 0 1
86 147 0 1
87 147 0 1
89 147 0 1
68 148 0 1
70 148 0 1
72 148 0 1
76 148 0 1
77 148 0 1
86 148 0 1
87 148 0 1
89 148 0 1
68 149 0 1
70 149 0 1
76 149 0 1
77 149 0 1
84 149 0 1
87 149 0 1
89 149 0 1
1 150 0 1
78 150 0 1
80 150 0 1
81 150 0 1
82 150 0 1
83 150 0 1
84 150 0 1
88 150 0 1
1 151 0 1
80 151 0 1
81 151 0 1
83 151 0 1
84 151 0 1
88 151 0 1
80 152 0 1
81 152 0 1
84 152 0 1
77 153 0 1
85 153 0 1
86 153 0 1
87 153 0 1
89 153 0 1
77 154 0 1
84 154 0 1
89 154 0 1
77 155 0 1
85 155 0 1
89 155 0 1
69 156 0 1
71 156 0 1
72 156 0 1
77 156 0 1
84 156 0 1
85 156 0 1
86 156 0 1
87 156 0 1
89 156 0 1
68 157 0 1
70 157 0 1
77 157 0 1
81 157 0 1
84 157 0 1
89 157 0 1
71 158 0 1
72 158 0 1
77 158 0 1
85 158 0 1
86 158 0 1
87 158 0 1
89 158 0 1
53 159 0 1
67 159 0 1
68 159 0 1
69 159 0 1
70 159 0 1
71 159 0 1
72 159 0 1
73 159 0 1
76 159 0 1
77 159 0 1
86 159 0 1
87 159 0 1
89 159 0 1
58 160 0 1
62 160 0 1
65 160 0 1
66 160 0 1
68 160 0 1
70 160 0 1
84 160 0 1
1 161 0 1
2 161 0 1
58 161 0 1
59 161 0 1
65 161 0 1
68 161 0 1
70 161 0 1
74 161 0 1
78 161 0 1
80 161 0 1
81 161 0 1
83 161 0 1
84 161 0 1
88 161 0 1
2 162 0 1
56 162 0 1
58 162 0 1
59 162 0 1
74 162 0 1
78 162 0 1
84 162 0 1
88 162 0 1
1 163 0 1
2 163 0 1
59 163 0 1
74 163 0 1
78 163 0 1
83 163 0 1
84 163 0 1
88 163 0 1
2 164 0 1
36 164 0 1
46 164 0 1
54 164 0 1
55 164 0 1
56 164 0 1
57 164 0 1
59 164 0 1
60 164 0 1
61 164 0 1
63 164 0 1
64 164 0 1
74 164 0 1
75 164 0 1
92 164 0 1
39 165 0 1
56 165 0 1
58 165 0 1
59 165 0 1
62 165 0 1
65 165 0 1
74 165 0 1
91 165 0 1
2 166 0 1
36 166 0 1
46 166 0 1
54 166 0 1
55 166 0 1
56 166 0 1
57 166 0 1
59 166 0 1
60 166 0 1
61 166 0 1
63 166 0 1
64 166 0 1
74 166 0 1
75 166 0 1
88 166 0 1
92 166 0 1
53 167 0 1
62 167 0 1
66 167 0 1
67 167 0 1
68 167 0 1
69 167 0 1
70 167 0 1
72 167 0 1
73 167 0 1
76 167 0 1
86 167 0 1
87 167 0 1
90 167 0 1
93 167 0 1
2 168 0 1
36 168 0 1
46 168 0 1
54 168 0 1
55 168 0 1
56 168 0 1
57 168 0 1
59 168 0 1
60 168 0 1
61 168 0 1
63 168 0 1
64 168 0 1
74 168 0 1
75 168 0 1
92 168 0 1
2 169 0 1
36 169 0 1
46 169 0 1
54 169 0 1
56 169 0 1
58 169 0 1
59 169 0 1
60 169 0 1
61 169 0 1
64 169 0 1
65 169 0 1
74 169 0 1
92 169 0 1
39 170 0 1
58 170 0 1
59 170 0 1
62 170 0 1
65 170 0 1
66 170 0 1
70 170 0 1
74 170 0 1
90 170 0 1
91 170 0 1
93 170 0 1
53 171 0 1
58 171 0 1
62 171 0 1
65 171 0 1
66 171 0 1
68 171 0 1
70 171 0 1
76 171 0 1
90 171 0 1
91 171 0 1
93 171 0 1
53 172 0 1
66 172 0 1
68 172 0 1
73 172 0 1
76 172 0 1
93 172 0 1
2 173 0 1
36 173 0 1
46 173 0 1
54 173 0 1
55 173 0 1
56 173 0 1
57 173 0 1
59 173 0 1
60 173 0 1
61 173 0 1
63 173 0 1
64 173 0 1
74 173 0 1
75 173 0 1
88 173 0 1
92 173 0 1
2 174 0 1
54 174 0 1
56 174 0 1
58 174 0 1
59 174 0 1
64 174 0 1
65 174 0 1
74 174 0 1
88 174 0 1
92 174 0 1
