3 6 0 0
4 8 0 0
6 9 0 0
7 9 0 0
7 10 0 0
1 11 0 0
8 11 0 0
1 12 0 0
8 12 0 0
11 12 0 0
2 13 0 0
7 13 0 0
10 13 0 0
2 14 0 0
7 14 0 0
10 14 0 0
13 14 0 0
2 15 0 0
14 15 0 0
2 16 0 0
7 16 0 0
10 16 0 0
13 16 0 0
14 16 0 0
15 16 0 0
1 18 0 0
8 18 0 0
11 18 0 0
12 18 0 0
2 19 0 0
10 19 0 0
13 19 0 0
14 19 0 0
1 20 0 0
11 20 0 0
12 20 0 0
18 20 0 0
2 21 0 0
10 21 0 0
13 21 0 0
14 21 0 0
19 21 0 0
1 22 0 0
17 22 0 0
18 22 0 0
20 22 0 0
1 23 0 0
18 23 0 0
20 23 0 0
22 23 0 0
1 24 0 0
8 24 0 0
11 24 0 0
12 24 0 0
18 24 0 0
20 24 0 0
22 24 0 0
23 24 0 0
1 25 0 0
11 25 0 0
12 25 0 0
18 25 0 0
20 25 0 0
22 25 0 0
23 25 0 0
24 25 0 0
1 26 0 0
17 26 0 0
18 26 0 0
20 26 0 0
22 26 0 0
23 26 0 0
24 26 0 0
25 26 0 0
1 27 0 0
8 27 0 0
11 27 0 0
12 27 0 0
18 27 0 0
20 27 0 0
22 27 0 0
23 27 0 0
24 27 0 0
25 27 0 0
26 27 0 0
2 28 0 0
19 28 0 0
21 28 0 0
26 28 0 0
1 29 0 0
17 29 0 0
18 29 0 0
20 29 0 0
22 29 0 0
23 29 0 0
24 29 0 0
25 29 0 0
26 29 0 0
2 30 0 0
17 30 0 0
19 30 0 0
21 30 0 0
22 30 0 0
26 30 0 0
28 30 0 0
29 30 0 0
2 31 0 0
15 31 0 0
16 31 0 0
2 32 0 0
14 32 0 0
16 32 0 0
19 32 0 0
21 32 0 0
28 32 0 0
31 32 0 0
1 33 0 0
22 33 0 0
26 33 0 0
28 33 0 0
29 33 0 0
30 33 0 0
1 34 0 0
2 34 0 0
28 34 0 0
30 34 0 0
33 34 0 0
2 35 0 0
32 35 0 0
34 35 0 0
1 36 0 0
22 36 0 0
26 36 0 0
29 36 0 0
30 36 0 0
33 36 0 0
34 36 0 0
1 37 0 0
2 37 0 0
21 37 0 0
28 37 0 0
30 37 0 0
33 37 0 0
34 37 0 0
36 37 0 0
1 38 0 0
22 38 0 0
26 38 0 0
28 38 0 0
29 38 0 0
30 38 0 0
33 38 0 0
34 38 0 0
36 38 0 0
37 38 0 0
1 39 0 0
22 39 0 0
23 39 0 0
26 39 0 0
29 39 0 0
33 39 0 0
34 39 0 0
36 39 0 0
37 39 0 0
38 39 0 0
1 40 0 0
22 40 0 0
23 40 0 0
26 40 0 0
28 40 0 0
29 40 0 0
30 40 0 0
33 40 0 0
34 40 0 0
36 40 0 0
37 40 0 0
38 40 0 0
39 40 0 0
1 41 0 0
22 41 0 0
26 41 0 0
28 41 0 0
29 41 0 0
30 41 0 0
33 41 0 0
34 41 0 0
36 41 0 0
37 41 0 0
38 41 0 0
39 41 0 0
40 41 0 0
3 42 0 1
4 42 0 1
6 42 0 1
8 42 0 1
9 42 0 1
11 42 0 1
12 42 0 1
17 42 0 1
18 42 0 1
24 42 0 1
25 42 0 1
26 42 0 1
27 42 0 1
2 43 0 1
5 43 0 1
6 43 0 1
7 43 0 1
9 43 0 1
10 43 0 1
13 43 0 1
14 43 0 1
15 43 0 1
16 43 0 1
5 44 0 1
4 45 0 1
3 46 0 1
6 46 0 1
3 47 0 1
6 47 0 1
4 48 0 1
4 49 0 1
4 50 0 1
3 51 0 1
6 51 0 1
9 51 0 1
6 52 0 1
7 52 0 1
9 52 0 1
5 53 0 1
6 54 0 1
9 54 0 1
5 55 0 1
5 56 0 1
4 57 0 1
8 57 0 1
11 57 0 1
12 57 0 1
18 57 0 1
27 57 0 1
7 58 0 1
10 58 0 1
13 58 0 1
14 58 0 1
17 58 0 1
19 58 0 1
21 58 0 1
26 58 0 1
28 58 0 1
30 58 0 1
19 59 0 1
21 59 0 1
22 59 0 1
26 59 0 1
28 59 0 1
29 59 0 1
30 59 0 1
33 59 0 1
34 59 0 1
36 59 0 1
37 59 0 1
38 59 0 1
39 59 0 1
40 59 0 1
41 59 0 1
2 60 0 1
19 60 0 1
21 60 0 1
28 60 0 1
30 60 0 1
32 60 0 1
34 60 0 1
35 60 0 1
37 60 0 1
41 60 0 1
8 61 0 1
11 61 0 1
12 61 0 1
17 61 0 1
18 61 0 1
20 61 0 1
22 61 0 1
24 61 0 1
25 61 0 1
26 61 0 1
27 61 0 1
7 62 0 1
9 62 0 1
10 62 0 1
13 62 0 1
17 62 0 1
26 62 0 1
7 63 0 1
9 63 0 1
10 63 0 1
13 63 0 1
14 63 0 1
17 63 0 1
19 63 0 1
21 63 0 1
26 63 0 1
28 63 0 1
30 63 0 1
9 64 0 1
17 64 0 1
26 64 0 1
8 65 0 1
11 65 0 1
12 65 0 1
18 65 0 1
24 65 0 1
25 65 0 1
26 65 0 1
27 65 0 1
4 66 0 1
9 66 0 1
12 66 0 1
7 67 0 1
9 67 0 1
14 67 0 1
6 68 0 1
7 68 0 1
9 68 0 1
