2 3 0 0
4 5 0 0
2 6 0 0
3 6 0 0
2 7 0 0
3 7 0 0
2 8 0 0
3 8 0 0
6 8 0 0
7 8 0 0
4 9 0 0
5 9 0 0
4 10 0 0
5 10 0 0
9 10 0 0
4 11 0 0
5 11 0 0
9 11 0 0
10 11 0 0
2 12 0 0
3 12 0 0
6 12 0 0
7 12 0 0
8 12 0 0
4 13 0 0
5 13 0 0
9 13 0 0
10 13 0 0
11 13 0 0
4 14 0 0
5 14 0 0
9 14 0 0
10 14 0 0
11 14 0 0
13 14 0 0
5 15 0 0
7 15 0 0
9 15 0 0
10 15 0 0
11 15 0 0
14 15 0 0
4 16 0 0
5 16 0 0
9 16 0 0
10 16 0 0
11 16 0 0
13 16 0 0
14 16 0 0
15 16 0 0
3 17 0 0
6 17 0 0
7 17 0 0
8 17 0 0
12 17 0 0
15 17 0 0
7 18 0 0
10 18 0 0
12 18 0 0
14 18 0 0
15 18 0 0
17 18 0 0
7 19 0 0
12 19 0 0
14 19 0 0
15 19 0 0
17 19 0 0
18 19 0 0
6 20 0 0
12 20 0 0
17 20 0 0
1 21 0 0
12 21 0 0
15 21 0 0
17 21 0 0
18 21 0 0
19 21 0 0
20 21 0 0
1 22 0 0
10 22 0 0
11 22 0 0
13 22 0 0
14 22 0 0
15 22 0 0
16 22 0 0
1 23 0 0
12 23 0 0
17 23 0 0
19 23 0 0
20 23 0 0
21 23 0 0
1 25 0 0
16 25 0 0
22 25 0 0
1 26 0 0
10 26 0 0
13 26 0 0
14 26 0 0
15 26 0 0
16 26 0 0
18 26 0 0
22 26 0 0
25 26 0 0
1 27 0 0
10 27 0 0
13 27 0 0
14 27 0 0
16 27 0 0
22 27 0 0
25 27 0 0
26 27 0 0
4 28 0 0
5 28 0 0
9 28 0 0
10 28 0 0
11 28 0 0
13 28 0 0
14 28 0 0
16 28 0 0
22 28 0 0
25 28 0 0
26 28 0 0
27 28 0 0
6 29 0 0
8 29 0 0
12 29 0 0
17 29 0 0
20 29 0 0
21 29 0 0
23 29 0 0
4 30 0 0
5 30 0 0
9 30 0 0
10 30 0 0
11 30 0 0
13 30 0 0
14 30 0 0
15 30 0 0
16 30 0 0
18 30 0 0
22 30 0 0
25 30 0 0
26 30 0 0
27 30 0 0
28 30 0 0
5 31 0 0
9 31 0 0
10 31 0 0
11 31 0 0
13 31 0 0
14 31 0 0
15 31 0 0
16 31 0 0
18 31 0 0
19 31 0 0
22 31 0 0
25 31 0 0
26 31 0 0
27 31 0 0
28 31 0 0
30 31 0 0
7 32 0 0
8 32 0 0
12 32 0 0
15 32 0 0
17 32 0 0
18 32 0 0
19 32 0 0
20 32 0 0
21 32 0 0
23 32 0 0
29 32 0 0
1 33 0 0
4 33 0 0
5 33 0 0
9 33 0 0
10 33 0 0
11 33 0 0
13 33 0 0
14 33 0 0
15 33 0 0
16 33 0 0
22 33 0 0
25 33 0 0
26 33 0 0
27 33 0 0
28 33 0 0
30 33 0 0
31 33 0 0
24 34 0 0
1 35 0 0
22 35 0 0
25 35 0 0
26 35 0 0
27 35 0 0
33 35 0 0
1 36 0 0
20 36 0 0
23 36 0 0
1 37 0 0
21 37 0 0
23 37 0 0
36 37 0 0
1 38 0 0
20 38 0 0
21 38 0 0
23 38 0 0
36 38 0 0
37 38 0 0
1 39 0 0
25 39 0 0
26 39 0 0
35 39 0 0
37 39 0 0
38 39 0 0
1 40 0 0
21 40 0 0
25 40 0 0
36 40 0 0
37 40 0 0
38 40 0 0
39 40 0 0
1 41 0 0
25 41 0 0
26 41 0 0
27 41 0 0
35 41 0 0
37 41 0 0
39 41 0 0
40 41 0 0
1 42 0 0
20 42 0 0
21 42 0 0
23 42 0 0
29 42 0 0
32 42 0 0
36 42 0 0
37 42 0 0
38 42 0 0
40 42 0 0
1 43 0 0
22 43 0 0
25 43 0 0
26 43 0 0
27 43 0 0
28 43 0 0
30 43 0 0
31 43 0 0
33 43 0 0
35 43 0 0
41 43 0 0
1 44 0 0
21 44 0 0
23 44 0 0
32 44 0 0
36 44 0 0
37 44 0 0
38 44 0 0
39 44 0 0
40 44 0 0
41 44 0 0
42 44 0 0
1 45 0 0
22 45 0 0
25 45 0 0
26 45 0 0
27 45 0 0
30 45 0 0
31 45 0 0
33 45 0 0
35 45 0 0
37 45 0 0
39 45 0 0
40 45 0 0
41 45 0 0
43 45 0 0
44 45 0 0
1 46 0 0
18 46 0 0
19 46 0 0
21 46 0 0
22 46 0 0
25 46 0 0
26 46 0 0
27 46 0 0
31 46 0 0
32 46 0 0
37 46 0 0
38 46 0 0
39 46 0 0
40 46 0 0
41 46 0 0
42 46 0 0
44 46 0 0
45 46 0 0
1 47 0 0
10 47 0 0
11 47 0 0
13 47 0 0
14 47 0 0
16 47 0 0
22 47 0 0
25 47 0 0
26 47 0 0
27 47 0 0
28 47 0 0
30 47 0 0
31 47 0 0
33 47 0 0
35 47 0 0
41 47 0 0
43 47 0 0
45 47 0 0
1 48 0 0
20 48 0 0
21 48 0 0
23 48 0 0
32 48 0 0
36 48 0 0
37 48 0 0
38 48 0 0
39 48 0 0
40 48 0 0
41 48 0 0
42 48 0 0
44 48 0 0
46 48 0 0
1 49 0 0
21 49 0 0
25 49 0 0
26 49 0 0
37 49 0 0
38 49 0 0
39 49 0 0
40 49 0 0
41 49 0 0
42 49 0 0
44 49 0 0
45 49 0 0
46 49 0 0
48 49 0 0
1 50 0 0
22 50 0 0
25 50 0 0
26 50 0 0
27 50 0 0
35 50 0 0
37 50 0 0
38 50 0 0
39 50 0 0
40 50 0 0
41 50 0 0
43 50 0 0
44 50 0 0
45 50 0 0
46 50 0 0
47 50 0 0
48 50 0 0
49 50 0 0
1 51 0 0
34 51 0 0
36 51 0 0
42 51 0 0
1 52 0 0
36 52 0 0
37 52 0 0
38 52 0 0
40 52 0 0
42 52 0 0
44 52 0 0
48 52 0 0
51 52 0 0
1 53 0 0
37 53 0 0
38 53 0 0
39 53 0 0
40 53 0 0
41 53 0 0
44 53 0 0
45 53 0 0
46 53 0 0
48 53 0 0
49 53 0 0
50 53 0 0
52 53 0 0
1 54 0 0
34 54 0 0
36 54 0 0
38 54 0 0
42 54 0 0
51 54 0 0
52 54 0 0
1 55 0 0
23 55 0 0
34 55 0 0
36 55 0 0
37 55 0 0
38 55 0 0
42 55 0 0
48 55 0 0
51 55 0 0
52 55 0 0
54 55 0 0
1 56 0 0
25 56 0 0
36 56 0 0
37 56 0 0
38 56 0 0
39 56 0 0
40 56 0 0
41 56 0 0
42 56 0 0
44 56 0 0
45 56 0 0
46 56 0 0
48 56 0 0
49 56 0 0
50 56 0 0
52 56 0 0
53 56 0 0
1 57 0 0
25 57 0 0
26 57 0 0
35 57 0 0
37 57 0 0
38 57 0 0
39 57 0 0
40 57 0 0
41 57 0 0
44 57 0 0
45 57 0 0
46 57 0 0
48 57 0 0
49 57 0 0
50 57 0 0
53 57 0 0
56 57 0 0
1 58 0 0
23 58 0 0
36 58 0 0
37 58 0 0
38 58 0 0
39 58 0 0
40 58 0 0
42 58 0 0
44 58 0 0
48 58 0 0
49 58 0 0
51 58 0 0
52 58 0 0
53 58 0 0
54 58 0 0
55 58 0 0
56 58 0 0
34 60 0 0
59 60 0 0
34 61 0 0
51 61 0 0
59 61 0 0
60 61 0 0
34 62 0 0
59 62 0 0
60 62 0 0
61 62 0 0
34 63 0 0
51 63 0 0
59 63 0 0
60 63 0 0
61 63 0 0
62 63 0 0
1 64 0 0
34 64 0 0
51 64 0 0
54 64 0 0
59 64 0 0
60 64 0 0
61 64 0 0
62 64 0 0
63 64 0 0
1 65 0 0
51 65 0 0
52 65 0 0
54 65 0 0
55 65 0 0
60 65 0 0
61 65 0 0
63 65 0 0
64 65 0 0
1 66 0 0
51 66 0 0
59 66 0 0
60 66 0 0
61 66 0 0
62 66 0 0
63 66 0 0
64 66 0 0
65 66 0 0
34 67 0 0
51 67 0 0
54 67 0 0
55 67 0 0
59 67 0 0
60 67 0 0
61 67 0 0
62 67 0 0
63 67 0 0
64 67 0 0
65 67 0 0
66 67 0 0
34 68 0 0
51 68 0 0
54 68 0 0
55 68 0 0
59 68 0 0
60 68 0 0
61 68 0 0
62 68 0 0
63 68 0 0
64 68 0 0
65 68 0 0
66 68 0 0
67 68 0 0
1 69 0 0
34 69 0 0
36 69 0 0
42 69 0 0
51 69 0 0
52 69 0 0
54 69 0 0
55 69 0 0
58 69 0 0
61 69 0 0
63 69 0 0
64 69 0 0
65 69 0 0
66 69 0 0
67 69 0 0
68 69 0 0
1 70 0 0
36 70 0 0
37 70 0 0
38 70 0 0
42 70 0 0
51 70 0 0
52 70 0 0
54 70 0 0
55 70 0 0
58 70 0 0
65 70 0 0
66 70 0 0
69 70 0 0
1 71 0 0
36 71 0 0
37 71 0 0
38 71 0 0
39 71 0 0
40 71 0 0
42 71 0 0
48 71 0 0
52 71 0 0
53 71 0 0
55 71 0 0
56 71 0 0
57 71 0 0
58 71 0 0
69 71 0 0
70 71 0 0
1 72 0 0
34 72 0 0
36 72 0 0
51 72 0 0
52 72 0 0
54 72 0 0
55 72 0 0
60 72 0 0
61 72 0 0
63 72 0 0
64 72 0 0
65 72 0 0
66 72 0 0
67 72 0 0
68 72 0 0
69 72 0 0
70 72 0 0
34 73 0 0
51 73 0 0
59 73 0 0
60 73 0 0
61 73 0 0
62 73 0 0
63 73 0 0
64 73 0 0
65 73 0 0
66 73 0 0
67 73 0 0
68 73 0 0
69 73 0 0
72 73 0 0
1 74 0 0
36 74 0 0
51 74 0 0
52 74 0 0
54 74 0 0
55 74 0 0
58 74 0 0
63 74 0 0
64 74 0 0
65 74 0 0
66 74 0 0
67 74 0 0
68 74 0 0
69 74 0 0
70 74 0 0
71 74 0 0
72 74 0 0
73 74 0 0
34 75 0 0
51 75 0 0
54 75 0 0
55 75 0 0
59 75 0 0
60 75 0 0
61 75 0 0
62 75 0 0
63 75 0 0
64 75 0 0
65 75 0 0
66 75 0 0
67 75 0 0
68 75 0 0
69 75 0 0
72 75 0 0
73 75 0 0
74 75 0 0
1 76 0 0
36 76 0 0
37 76 0 0
38 76 0 0
42 76 0 0
48 76 0 0
51 76 0 0
52 76 0 0
54 76 0 0
55 76 0 0
56 76 0 0
58 76 0 0
65 76 0 0
66 76 0 0
69 76 0 0
70 76 0 0
71 76 0 0
72 76 0 0
74 76 0 0
75 76 0 0
1 77 0 0
34 77 0 0
36 77 0 0
38 77 0 0
42 77 0 0
51 77 0 0
52 77 0 0
54 77 0 0
55 77 0 0
58 77 0 0
64 77 0 0
65 77 0 0
66 77 0 0
67 77 0 0
68 77 0 0
69 77 0 0
70 77 0 0
71 77 0 0
72 77 0 0
74 77 0 0
75 77 0 0
76 77 0 0
1 78 0 0
34 78 0 0
36 78 0 0
38 78 0 0
42 78 0 0
51 78 0 0
52 78 0 0
54 78 0 0
55 78 0 0
58 78 0 0
63 78 0 0
64 78 0 0
65 78 0 0
66 78 0 0
67 78 0 0
68 78 0 0
69 78 0 0
70 78 0 0
71 78 0 0
72 78 0 0
73 78 0 0
74 78 0 0
75 78 0 0
76 78 0 0
77 78 0 0
34 79 0 0
51 79 0 0
54 79 0 0
59 79 0 0
60 79 0 0
61 79 0 0
62 79 0 0
63 79 0 0
64 79 0 0
65 79 0 0
66 79 0 0
67 79 0 0
68 79 0 0
69 79 0 0
72 79 0 0
73 79 0 0
75 79 0 0
78 79 0 0
1 80 0 0
34 80 0 0
36 80 0 0
42 80 0 0
51 80 0 0
52 80 0 0
54 80 0 0
55 80 0 0
58 80 0 0
60 80 0 0
61 80 0 0
62 80 0 0
63 80 0 0
64 80 0 0
65 80 0 0
66 80 0 0
67 80 0 0
68 80 0 0
69 80 0 0
70 80 0 0
72 80 0 0
73 80 0 0
74 80 0 0
75 80 0 0
76 80 0 0
77 80 0 0
78 80 0 0
79 80 0 0
1 81 0 0
36 81 0 0
37 81 0 0
38 81 0 0
39 81 0 0
40 81 0 0
42 81 0 0
44 81 0 0
48 81 0 0
49 81 0 0
50 81 0 0
52 81 0 0
53 81 0 0
55 81 0 0
56 81 0 0
57 81 0 0
58 81 0 0
70 81 0 0
71 81 0 0
74 81 0 0
76 81 0 0
77 81 0 0
78 81 0 0
1 82 0 0
34 82 0 0
36 82 0 0
42 82 0 0
51 82 0 0
52 82 0 0
54 82 0 0
55 82 0 0
60 82 0 0
61 82 0 0
62 82 0 0
63 82 0 0
64 82 0 0
65 82 0 0
66 82 0 0
67 82 0 0
68 82 0 0
69 82 0 0
70 82 0 0
72 82 0 0
73 82 0 0
74 82 0 0
75 82 0 0
76 82 0 0
77 82 0 0
78 82 0 0
79 82 0 0
80 82 0 0
1 83 0 0
36 83 0 0
38 83 0 0
42 83 0 0
51 83 0 0
52 83 0 0
54 83 0 0
55 83 0 0
58 83 0 0
63 83 0 0
64 83 0 0
65 83 0 0
66 83 0 0
67 83 0 0
68 83 0 0
69 83 0 0
70 83 0 0
71 83 0 0
72 83 0 0
74 83 0 0
75 83 0 0
76 83 0 0
77 83 0 0
78 83 0 0
80 83 0 0
81 83 0 0
82 83 0 0
2 85 0 1
3 85 0 1
7 85 0 1
8 85 0 1
7 86 0 1
9 86 0 1
2 88 0 1
2 91 0 1
2 94 0 1
2 95 0 1
2 96 0 1
2 97 0 1
3 97 0 1
2 98 0 1
3 98 0 1
7 101 0 1
8 101 0 1
4 102 0 1
5 102 0 1
9 102 0 1
4 103 0 1
5 103 0 1
9 103 0 1
4 104 0 1
5 104 0 1
9 104 0 1
10 104 0 1
11 104 0 1
2 105 0 1
3 105 0 1
7 105 0 1
8 105 0 1
2 106 0 1
3 106 0 1
6 106 0 1
8 106 0 1
2 109 0 1
3 109 0 1
7 109 0 1
8 109 0 1
4 110 0 1
5 110 0 1
9 110 0 1
2 111 0 1
3 111 0 1
6 111 0 1
7 111 0 1
8 111 0 1
4 112 0 1
4 113 0 1
9 113 0 1
2 115 0 1
3 115 0 1
4 119 0 1
4 120 0 1
5 120 0 1
9 120 0 1
11 120 0 1
4 122 0 1
5 122 0 1
9 122 0 1
10 122 0 1
11 122 0 1
13 122 0 1
14 122 0 1
16 122 0 1
4 123 0 1
5 123 0 1
9 123 0 1
10 123 0 1
11 123 0 1
13 123 0 1
14 123 0 1
15 123 0 1
16 123 0 1
18 123 0 1
28 123 0 1
30 123 0 1
31 123 0 1
5 124 0 1
7 124 0 1
9 124 0 1
10 124 0 1
11 124 0 1
14 124 0 1
15 124 0 1
18 124 0 1
19 124 0 1
31 124 0 1
32 124 0 1
6 125 0 1
7 126 0 1
8 126 0 1
12 126 0 1
15 126 0 1
17 126 0 1
18 126 0 1
19 126 0 1
32 126 0 1
4 127 0 1
5 127 0 1
7 127 0 1
9 127 0 1
10 127 0 1
11 127 0 1
14 127 0 1
15 127 0 1
16 127 0 1
18 127 0 1
19 127 0 1
30 127 0 1
7 128 0 1
8 128 0 1
9 128 0 1
10 128 0 1
14 128 0 1
15 128 0 1
17 128 0 1
18 128 0 1
19 128 0 1
32 128 0 1
2 129 0 1
3 129 0 1
7 129 0 1
8 129 0 1
12 129 0 1
15 129 0 1
17 129 0 1
18 129 0 1
19 129 0 1
32 129 0 1
2 130 0 1
3 130 0 1
6 130 0 1
2 131 0 1
3 131 0 1
6 131 0 1
8 131 0 1
12 131 0 1
2 132 0 1
3 132 0 1
6 132 0 1
7 132 0 1
8 132 0 1
12 132 0 1
17 132 0 1
4 133 0 1
5 133 0 1
7 133 0 1
9 133 0 1
10 133 0 1
11 133 0 1
13 133 0 1
14 133 0 1
15 133 0 1
16 133 0 1
18 133 0 1
19 133 0 1
30 133 0 1
31 133 0 1
33 133 0 1
3 134 0 1
6 134 0 1
5 135 0 1
7 135 0 1
9 135 0 1
10 135 0 1
11 135 0 1
14 135 0 1
15 135 0 1
16 135 0 1
17 135 0 1
18 135 0 1
19 135 0 1
30 135 0 1
31 135 0 1
32 135 0 1
7 137 0 1
8 137 0 1
9 137 0 1
10 137 0 1
12 137 0 1
14 137 0 1
15 137 0 1
17 137 0 1
18 137 0 1
19 137 0 1
31 137 0 1
32 137 0 1
2 138 0 1
3 138 0 1
7 138 0 1
8 138 0 1
12 138 0 1
15 138 0 1
17 138 0 1
18 138 0 1
19 138 0 1
32 138 0 1
2 139 0 1
3 139 0 1
6 139 0 1
8 139 0 1
12 139 0 1
29 139 0 1
4 140 0 1
5 140 0 1
9 140 0 1
10 140 0 1
11 140 0 1
13 140 0 1
14 140 0 1
15 140 0 1
16 140 0 1
22 140 0 1
28 140 0 1
30 140 0 1
31 140 0 1
33 140 0 1
4 141 0 1
5 141 0 1
9 141 0 1
10 141 0 1
11 141 0 1
13 141 0 1
14 141 0 1
15 141 0 1
16 141 0 1
18 141 0 1
19 141 0 1
22 141 0 1
28 141 0 1
30 141 0 1
31 141 0 1
33 141 0 1
2 142 0 1
3 142 0 1
6 142 0 1
7 142 0 1
8 142 0 1
12 142 0 1
15 142 0 1
17 142 0 1
18 142 0 1
19 142 0 1
21 142 0 1
29 142 0 1
32 142 0 1
24 143 0 1
3 144 0 1
6 144 0 1
20 144 0 1
29 144 0 1
12 145 0 1
14 145 0 1
15 145 0 1
17 145 0 1
18 145 0 1
19 145 0 1
21 145 0 1
22 145 0 1
23 145 0 1
25 145 0 1
26 145 0 1
31 145 0 1
32 145 0 1
37 145 0 1
39 145 0 1
40 145 0 1
44 145 0 1
45 145 0 1
46 145 0 1
48 145 0 1
49 145 0 1
50 145 0 1
6 146 0 1
20 146 0 1
24 146 0 1
29 146 0 1
6 147 0 1
24 147 0 1
3 148 0 1
6 148 0 1
8 148 0 1
12 148 0 1
17 148 0 1
20 148 0 1
21 148 0 1
23 148 0 1
29 148 0 1
32 148 0 1
24 149 0 1
3 150 0 1
6 150 0 1
12 150 0 1
20 150 0 1
24 150 0 1
29 150 0 1
6 151 0 1
12 151 0 1
20 151 0 1
23 151 0 1
24 151 0 1
29 151 0 1
7 152 0 1
12 152 0 1
15 152 0 1
17 152 0 1
18 152 0 1
19 152 0 1
20 152 0 1
21 152 0 1
23 152 0 1
29 152 0 1
31 152 0 1
32 152 0 1
44 152 0 1
46 152 0 1
20 153 0 1
23 153 0 1
24 153 0 1
29 153 0 1
34 153 0 1
36 153 0 1
42 153 0 1
51 153 0 1
54 153 0 1
55 153 0 1
24 154 0 1
24 155 0 1
34 155 0 1
24 156 0 1
1 157 0 1
20 157 0 1
23 157 0 1
34 157 0 1
36 157 0 1
37 157 0 1
38 157 0 1
42 157 0 1
48 157 0 1
51 157 0 1
52 157 0 1
54 157 0 1
55 157 0 1
58 157 0 1
69 157 0 1
70 157 0 1
75 157 0 1
76 157 0 1
77 157 0 1
78 157 0 1
80 157 0 1
82 157 0 1
83 157 0 1
24 158 0 1
34 158 0 1
42 158 0 1
51 158 0 1
54 158 0 1
55 158 0 1
67 158 0 1
68 158 0 1
75 158 0 1
77 158 0 1
78 158 0 1
79 158 0 1
80 158 0 1
82 158 0 1
24 159 0 1
34 159 0 1
60 159 0 1
62 159 0 1
67 159 0 1
68 159 0 1
73 159 0 1
75 159 0 1
79 159 0 1
82 159 0 1
24 160 0 1
34 160 0 1
36 160 0 1
42 160 0 1
51 160 0 1
54 160 0 1
55 160 0 1
68 160 0 1
75 160 0 1
77 160 0 1
78 160 0 1
79 160 0 1
80 160 0 1
82 160 0 1
34 161 0 1
59 161 0 1
60 161 0 1
61 161 0 1
62 161 0 1
63 161 0 1
67 161 0 1
73 161 0 1
75 161 0 1
79 161 0 1
34 162 0 1
51 162 0 1
54 162 0 1
59 162 0 1
60 162 0 1
61 162 0 1
62 162 0 1
63 162 0 1
64 162 0 1
65 162 0 1
66 162 0 1
67 162 0 1
68 162 0 1
69 162 0 1
72 162 0 1
73 162 0 1
75 162 0 1
77 162 0 1
78 162 0 1
79 162 0 1
80 162 0 1
82 162 0 1
24 163 0 1
34 163 0 1
51 163 0 1
54 163 0 1
59 163 0 1
60 163 0 1
61 163 0 1
62 163 0 1
63 163 0 1
64 163 0 1
66 163 0 1
67 163 0 1
68 163 0 1
69 163 0 1
72 163 0 1
73 163 0 1
75 163 0 1
78 163 0 1
79 163 0 1
80 163 0 1
82 163 0 1
34 164 0 1
59 164 0 1
60 164 0 1
61 164 0 1
62 164 0 1
63 164 0 1
64 164 0 1
67 164 0 1
68 164 0 1
73 164 0 1
75 164 0 1
79 164 0 1
24 165 0 1
34 165 0 1
59 165 0 1
60 165 0 1
61 165 0 1
62 165 0 1
67 165 0 1
73 165 0 1
75 165 0 1
79 165 0 1
24 166 0 1
34 166 0 1
36 166 0 1
42 166 0 1
51 166 0 1
52 166 0 1
54 166 0 1
55 166 0 1
60 166 0 1
61 166 0 1
62 166 0 1
63 166 0 1
64 166 0 1
65 166 0 1
66 166 0 1
67 166 0 1
68 166 0 1
69 166 0 1
72 166 0 1
73 166 0 1
74 166 0 1
75 166 0 1
76 166 0 1
77 166 0 1
78 166 0 1
79 166 0 1
80 166 0 1
82 166 0 1
83 166 0 1
24 167 0 1
34 167 0 1
59 167 0 1
60 167 0 1
61 167 0 1
62 167 0 1
63 167 0 1
67 167 0 1
68 167 0 1
73 167 0 1
75 167 0 1
79 167 0 1
82 167 0 1
24 168 0 1
34 168 0 1
1 169 0 1
12 169 0 1
17 169 0 1
19 169 0 1
20 169 0 1
21 169 0 1
23 169 0 1
29 169 0 1
32 169 0 1
36 169 0 1
37 169 0 1
38 169 0 1
39 169 0 1
40 169 0 1
42 169 0 1
44 169 0 1
46 169 0 1
48 169 0 1
49 169 0 1
52 169 0 1
54 169 0 1
55 169 0 1
56 169 0 1
58 169 0 1
24 170 0 1
34 170 0 1
20 171 0 1
24 171 0 1
29 171 0 1
34 171 0 1
36 171 0 1
42 171 0 1
51 171 0 1
54 171 0 1
55 171 0 1
78 171 0 1
80 171 0 1
20 172 0 1
23 172 0 1
24 172 0 1
29 172 0 1
34 172 0 1
36 172 0 1
42 172 0 1
51 172 0 1
52 172 0 1
54 172 0 1
55 172 0 1
58 172 0 1
77 172 0 1
78 172 0 1
80 172 0 1
24 173 0 1
34 173 0 1
24 174 0 1
34 174 0 1
51 174 0 1
54 174 0 1
75 174 0 1
79 174 0 1
24 175 0 1
34 175 0 1
24 176 0 1
34 176 0 1
6 177 0 1
20 177 0 1
24 177 0 1
29 177 0 1
42 177 0 1
24 178 0 1
24 179 0 1
12 180 0 1
17 180 0 1
18 180 0 1
19 180 0 1
20 180 0 1
21 180 0 1
23 180 0 1
29 180 0 1
32 180 0 1
37 180 0 1
38 180 0 1
42 180 0 1
44 180 0 1
46 180 0 1
48 180 0 1
6 181 0 1
8 181 0 1
12 181 0 1
17 181 0 1
19 181 0 1
20 181 0 1
21 181 0 1
23 181 0 1
29 181 0 1
32 181 0 1
38 181 0 1
42 181 0 1
44 181 0 1
48 181 0 1
6 182 0 1
12 182 0 1
17 182 0 1
20 182 0 1
21 182 0 1
23 182 0 1
29 182 0 1
32 182 0 1
42 182 0 1
48 182 0 1
55 182 0 1
6 183 0 1
12 183 0 1
20 183 0 1
23 183 0 1
24 183 0 1
29 183 0 1
42 183 0 1
24 184 0 1
1 185 0 1
12 185 0 1
15 185 0 1
17 185 0 1
18 185 0 1
19 185 0 1
20 185 0 1
21 185 0 1
23 185 0 1
29 185 0 1
32 185 0 1
37 185 0 1
38 185 0 1
39 185 0 1
40 185 0 1
42 185 0 1
44 185 0 1
46 185 0 1
48 185 0 1
49 185 0 1
50 185 0 1
56 185 0 1
24 186 0 1
34 186 0 1
24 187 0 1
24 188 0 1
20 189 0 1
23 189 0 1
24 189 0 1
29 189 0 1
34 189 0 1
42 189 0 1
54 189 0 1
55 189 0 1
1 190 0 1
12 190 0 1
17 190 0 1
20 190 0 1
21 190 0 1
23 190 0 1
29 190 0 1
32 190 0 1
36 190 0 1
38 190 0 1
42 190 0 1
48 190 0 1
54 190 0 1
55 190 0 1
58 190 0 1
2 193 0 1
3 193 0 1
6 193 0 1
8 193 0 1
12 193 0 1
17 193 0 1
20 193 0 1
29 193 0 1
4 195 0 1
5 195 0 1
7 195 0 1
9 195 0 1
10 195 0 1
11 195 0 1
13 195 0 1
14 195 0 1
15 195 0 1
16 195 0 1
18 195 0 1
19 195 0 1
30 195 0 1
31 195 0 1
32 195 0 1
33 195 0 1
7 196 0 1
8 196 0 1
12 196 0 1
14 196 0 1
15 196 0 1
17 196 0 1
18 196 0 1
19 196 0 1
21 196 0 1
31 196 0 1
32 196 0 1
6 197 0 1
2 198 0 1
3 198 0 1
6 198 0 1
29 198 0 1
5 199 0 1
7 199 0 1
9 199 0 1
10 199 0 1
11 199 0 1
14 199 0 1
15 199 0 1
16 199 0 1
18 199 0 1
19 199 0 1
22 199 0 1
30 199 0 1
31 199 0 1
32 199 0 1
33 199 0 1
3 201 0 1
7 201 0 1
8 201 0 1
12 201 0 1
15 201 0 1
17 201 0 1
18 201 0 1
19 201 0 1
20 201 0 1
21 201 0 1
29 201 0 1
32 201 0 1
2 202 0 1
3 202 0 1
6 202 0 1
8 202 0 1
20 202 0 1
29 202 0 1
2 203 0 1
3 203 0 1
6 203 0 1
7 203 0 1
8 203 0 1
12 203 0 1
17 203 0 1
20 203 0 1
21 203 0 1
23 203 0 1
29 203 0 1
32 203 0 1
3 204 0 1
6 204 0 1
29 204 0 1
2 205 0 1
3 205 0 1
6 205 0 1
8 205 0 1
12 205 0 1
20 205 0 1
29 205 0 1
6 206 0 1
24 207 0 1
4 208 0 1
5 208 0 1
9 208 0 1
10 208 0 1
11 208 0 1
4 209 0 1
5 209 0 1
9 209 0 1
10 209 0 1
11 209 0 1
4 210 0 1
5 210 0 1
9 210 0 1
10 210 0 1
11 210 0 1
14 210 0 1
2 214 0 1
3 214 0 1
7 214 0 1
8 214 0 1
2 215 0 1
3 215 0 1
6 215 0 1
7 215 0 1
8 215 0 1
5 216 0 1
7 216 0 1
9 216 0 1
10 216 0 1
11 216 0 1
14 216 0 1
15 216 0 1
2 217 0 1
3 217 0 1
6 217 0 1
7 217 0 1
8 217 0 1
12 217 0 1
17 217 0 1
2 218 0 1
7 218 0 1
8 218 0 1
2 219 0 1
3 219 0 1
7 219 0 1
8 219 0 1
12 219 0 1
17 219 0 1
32 219 0 1
