1 3 0 0
1 4 0 0
3 4 0 0
1 5 0 0
3 5 0 0
4 5 0 0
1 6 0 0
3 6 0 0
4 6 0 0
5 6 0 0
1 7 0 0
3 7 0 0
4 7 0 0
5 7 0 0
6 7 0 0
6 9 0 0
7 9 0 0
8 9 0 0
1 10 0 0
4 10 0 0
1 11 0 0
10 11 0 0
1 12 0 0
10 12 0 0
11 12 0 0
1 13 0 0
10 13 0 0
11 13 0 0
12 13 0 0
6 14 0 0
7 14 0 0
8 14 0 0
9 14 0 0
1 15 0 0
3 15 0 0
4 15 0 0
5 15 0 0
6 15 0 0
7 15 0 0
9 15 0 0
10 15 0 0
14 15 0 0
1 16 0 0
4 16 0 0
10 16 0 0
11 16 0 0
12 16 0 0
13 16 0 0
1 17 0 0
3 17 0 0
4 17 0 0
5 17 0 0
6 17 0 0
7 17 0 0
9 17 0 0
14 17 0 0
15 17 0 0
1 18 0 0
3 18 0 0
4 18 0 0
5 18 0 0
6 18 0 0
7 18 0 0
9 18 0 0
10 18 0 0
14 18 0 0
15 18 0 0
17 18 0 0
1 19 0 0
3 19 0 0
4 19 0 0
10 19 0 0
11 19 0 0
12 19 0 0
13 19 0 0
16 19 0 0
1 20 0 0
3 20 0 0
4 20 0 0
5 20 0 0
6 20 0 0
7 20 0 0
10 20 0 0
13 20 0 0
14 20 0 0
15 20 0 0
16 20 0 0
17 20 0 0
18 20 0 0
19 20 0 0
1 21 0 0
3 21 0 0
4 21 0 0
5 21 0 0
6 21 0 0
7 21 0 0
10 21 0 0
11 21 0 0
12 21 0 0
13 21 0 0
15 21 0 0
16 21 0 0
17 21 0 0
18 21 0 0
19 21 0 0
20 21 0 0
1 22 0 0
10 22 0 0
11 22 0 0
12 22 0 0
13 22 0 0
16 22 0 0
19 22 0 0
21 22 0 0
1 23 0 0
4 23 0 0
10 23 0 0
11 23 0 0
12 23 0 0
13 23 0 0
16 23 0 0
19 23 0 0
20 23 0 0
21 23 0 0
22 23 0 0
1 24 0 0
3 24 0 0
4 24 0 0
5 24 0 0
6 24 0 0
7 24 0 0
10 24 0 0
11 24 0 0
12 24 0 0
13 24 0 0
15 24 0 0
16 24 0 0
17 24 0 0
18 24 0 0
19 24 0 0
20 24 0 0
21 24 0 0
22 24 0 0
23 24 0 0
6 26 0 0
8 26 0 0
9 26 0 0
14 26 0 0
15 26 0 0
17 26 0 0
25 26 0 0
1 27 0 0
3 27 0 0
4 27 0 0
5 27 0 0
6 27 0 0
7 27 0 0
9 27 0 0
10 27 0 0
14 27 0 0
15 27 0 0
17 27 0 0
18 27 0 0
20 27 0 0
21 27 0 0
24 27 0 0
26 27 0 0
2 28 0 0
2 29 0 0
13 29 0 0
28 29 0 0
2 30 0 0
10 30 0 0
11 30 0 0
12 30 0 0
13 30 0 0
23 30 0 0
28 30 0 0
29 30 0 0
2 31 0 0
13 31 0 0
29 31 0 0
30 31 0 0
2 33 0 0
29 33 0 0
30 33 0 0
31 33 0 0
2 34 0 0
28 34 0 0
29 34 0 0
30 34 0 0
31 34 0 0
33 34 0 0
2 35 0 0
31 35 0 0
33 35 0 0
2 36 0 0
28 36 0 0
29 36 0 0
30 36 0 0
31 36 0 0
33 36 0 0
34 36 0 0
35 36 0 0
2 37 0 0
28 37 0 0
29 37 0 0
30 37 0 0
31 37 0 0
33 37 0 0
34 37 0 0
36 37 0 0
2 38 0 0
28 38 0 0
29 38 0 0
30 38 0 0
31 38 0 0
33 38 0 0
34 38 0 0
36 38 0 0
37 38 0 0
2 39 0 0
28 39 0 0
29 39 0 0
30 39 0 0
31 39 0 0
33 39 0 0
34 39 0 0
36 39 0 0
37 39 0 0
38 39 0 0
1 40 0 0
2 40 0 0
10 40 0 0
11 40 0 0
12 40 0 0
13 40 0 0
16 40 0 0
19 40 0 0
21 40 0 0
22 40 0 0
23 40 0 0
28 40 0 0
29 40 0 0
30 40 0 0
31 40 0 0
33 40 0 0
34 40 0 0
36 40 0 0
37 40 0 0
38 40 0 0
39 40 0 0
8 41 0 0
9 41 0 0
14 41 0 0
15 41 0 0
32 41 0 0
35 41 0 0
10 42 0 0
13 42 0 0
14 42 0 0
15 42 0 0
20 42 0 0
21 42 0 0
29 42 0 0
30 42 0 0
31 42 0 0
33 42 0 0
34 42 0 0
35 42 0 0
36 42 0 0
38 42 0 0
39 42 0 0
40 42 0 0
8 43 0 0
9 43 0 0
14 43 0 0
15 43 0 0
17 43 0 0
18 43 0 0
20 43 0 0
26 43 0 0
27 43 0 0
31 43 0 0
35 43 0 0
41 43 0 0
42 43 0 0
1 44 0 0
2 44 0 0
10 44 0 0
11 44 0 0
12 44 0 0
13 44 0 0
14 44 0 0
15 44 0 0
16 44 0 0
17 44 0 0
18 44 0 0
19 44 0 0
20 44 0 0
21 44 0 0
22 44 0 0
23 44 0 0
24 44 0 0
29 44 0 0
30 44 0 0
31 44 0 0
33 44 0 0
34 44 0 0
35 44 0 0
36 44 0 0
37 44 0 0
38 44 0 0
39 44 0 0
40 44 0 0
42 44 0 0
43 44 0 0
1 45 0 0
10 45 0 0
11 45 0 0
12 45 0 0
13 45 0 0
16 45 0 0
19 45 0 0
20 45 0 0
21 45 0 0
22 45 0 0
23 45 0 0
24 45 0 0
28 45 0 0
29 45 0 0
30 45 0 0
31 45 0 0
36 45 0 0
37 45 0 0
38 45 0 0
40 45 0 0
42 45 0 0
44 45 0 0
6 46 0 0
7 46 0 0
8 46 0 0
9 46 0 0
14 46 0 0
15 46 0 0
17 46 0 0
18 46 0 0
20 46 0 0
21 46 0 0
24 46 0 0
26 46 0 0
27 46 0 0
31 46 0 0
35 46 0 0
41 46 0 0
42 46 0 0
43 46 0 0
44 46 0 0
1 47 0 0
7 47 0 0
9 47 0 0
10 47 0 0
13 47 0 0
14 47 0 0
15 47 0 0
17 47 0 0
18 47 0 0
20 47 0 0
21 47 0 0
24 47 0 0
27 47 0 0
31 47 0 0
35 47 0 0
36 47 0 0
40 47 0 0
41 47 0 0
42 47 0 0
43 47 0 0
44 47 0 0
45 47 0 0
46 47 0 0
1 48 0 0
2 48 0 0
10 48 0 0
11 48 0 0
12 48 0 0
13 48 0 0
16 48 0 0
19 48 0 0
21 48 0 0
22 48 0 0
23 48 0 0
28 48 0 0
29 48 0 0
30 48 0 0
37 48 0 0
38 48 0 0
39 48 0 0
40 48 0 0
44 48 0 0
45 48 0 0
1 49 0 0
2 49 0 0
10 49 0 0
11 49 0 0
12 49 0 0
13 49 0 0
16 49 0 0
19 49 0 0
20 49 0 0
21 49 0 0
22 49 0 0
23 49 0 0
24 49 0 0
28 49 0 0
29 49 0 0
30 49 0 0
31 49 0 0
34 49 0 0
36 49 0 0
37 49 0 0
38 49 0 0
39 49 0 0
40 49 0 0
42 49 0 0
44 49 0 0
45 49 0 0
47 49 0 0
48 49 0 0
8 50 0 0
9 50 0 0
14 50 0 0
15 50 0 0
17 50 0 0
32 50 0 0
35 50 0 0
41 50 0 0
43 50 0 0
46 50 0 0
47 50 0 0
32 51 0 0
2 52 0 0
29 52 0 0
31 52 0 0
33 52 0 0
34 52 0 0
35 52 0 0
36 52 0 0
37 52 0 0
38 52 0 0
39 52 0 0
40 52 0 0
2 54 0 0
52 54 0 0
53 54 0 0
32 55 0 0
33 55 0 0
35 55 0 0
43 55 0 0
52 55 0 0
53 55 0 0
2 56 0 0
28 56 0 0
29 56 0 0
30 56 0 0
31 56 0 0
33 56 0 0
34 56 0 0
36 56 0 0
37 56 0 0
38 56 0 0
39 56 0 0
40 56 0 0
52 56 0 0
2 57 0 0
31 57 0 0
33 57 0 0
35 57 0 0
36 57 0 0
52 57 0 0
53 57 0 0
55 57 0 0
56 57 0 0
8 58 0 1
25 58 0 1
32 58 0 1
41 58 0 1
50 58 0 1
51 59 0 1
2 60 0 1
53 60 0 1
54 60 0 1
5 61 0 1
6 61 0 1
7 61 0 1
8 61 0 1
9 61 0 1
14 61 0 1
15 61 0 1
17 61 0 1
18 61 0 1
26 61 0 1
27 61 0 1
41 61 0 1
43 61 0 1
46 61 0 1
47 61 0 1
50 61 0 1
25 62 0 1
25 63 0 1
8 64 0 1
25 64 0 1
26 64 0 1
8 65 0 1
9 65 0 1
25 65 0 1
26 65 0 1
41 65 0 1
50 65 0 1
8 66 0 1
9 66 0 1
14 66 0 1
25 66 0 1
26 66 0 1
41 66 0 1
43 66 0 1
50 66 0 1
8 67 0 1
9 67 0 1
14 67 0 1
32 67 0 1
35 67 0 1
41 67 0 1
43 67 0 1
46 67 0 1
50 67 0 1
55 67 0 1
8 68 0 1
9 68 0 1
25 68 0 1
26 68 0 1
32 68 0 1
41 68 0 1
43 68 0 1
50 68 0 1
32 69 0 1
51 69 0 1
32 70 0 1
51 70 0 1
51 71 0 1
32 72 0 1
35 72 0 1
51 72 0 1
53 72 0 1
55 72 0 1
57 72 0 1
32 73 0 1
51 73 0 1
32 74 0 1
51 74 0 1
53 74 0 1
32 75 0 1
51 75 0 1
51 76 0 1
32 77 0 1
51 77 0 1
53 77 0 1
55 77 0 1
57 77 0 1
32 78 0 1
51 78 0 1
53 78 0 1
51 79 0 1
2 80 0 1
33 80 0 1
52 80 0 1
53 80 0 1
54 80 0 1
55 80 0 1
56 80 0 1
57 80 0 1
51 81 0 1
51 82 0 1
51 83 0 1
32 84 0 1
51 84 0 1
51 85 0 1
8 86 0 1
9 86 0 1
14 86 0 1
32 86 0 1
35 86 0 1
41 86 0 1
43 86 0 1
46 86 0 1
47 86 0 1
50 86 0 1
55 86 0 1
57 86 0 1
2 87 0 1
29 87 0 1
31 87 0 1
33 87 0 1
34 87 0 1
35 87 0 1
36 87 0 1
38 87 0 1
39 87 0 1
40 87 0 1
41 87 0 1
42 87 0 1
43 87 0 1
44 87 0 1
46 87 0 1
47 87 0 1
49 87 0 1
50 87 0 1
52 87 0 1
55 87 0 1
56 87 0 1
57 87 0 1
8 88 0 1
32 88 0 1
41 88 0 1
43 88 0 1
50 88 0 1
32 89 0 1
51 89 0 1
2 90 0 1
52 90 0 1
53 90 0 1
54 90 0 1
2 93 0 1
54 93 0 1
2 94 0 1
54 94 0 1
2 95 0 1
52 95 0 1
54 95 0 1
