1 2 0 0
1 3 0 0
2 3 0 0
1 5 0 0
2 5 0 0
3 5 0 0
1 6 0 0
1 7 0 0
1 8 0 0
1 9 0 0
6 9 0 0
7 9 0 0
1 10 0 0
7 10 0 0
9 10 0 0
1 11 0 0
7 11 0 0
8 11 0 0
9 11 0 0
10 11 0 0
1 12 0 0
5 12 0 0
6 12 0 0
7 12 0 0
9 12 0 0
10 12 0 0
11 12 0 0
7 13 0 0
9 13 0 0
10 13 0 0
11 13 0 0
14 15 0 0
14 16 0 0
15 16 0 0
14 17 0 0
15 17 0 0
16 17 0 0
8 18 0 0
14 18 0 0
15 18 0 0
16 18 0 0
17 18 0 0
1 19 0 0
7 19 0 0
8 19 0 0
9 19 0 0
10 19 0 0
11 19 0 0
12 19 0 0
13 19 0 0
14 19 0 0
15 19 0 0
18 19 0 0
1 20 0 0
6 20 0 0
7 20 0 0
9 20 0 0
10 20 0 0
11 20 0 0
12 20 0 0
13 20 0 0
19 20 0 0
1 21 0 0
7 21 0 0
8 21 0 0
10 21 0 0
11 21 0 0
13 21 0 0
18 21 0 0
19 21 0 0
1 22 0 0
6 22 0 0
7 22 0 0
9 22 0 0
10 22 0 0
11 22 0 0
12 22 0 0
13 22 0 0
19 22 0 0
20 22 0 0
21 22 0 0
1 23 0 0
6 23 0 0
7 23 0 0
9 23 0 0
10 23 0 0
11 23 0 0
12 23 0 0
13 23 0 0
19 23 0 0
20 23 0 0
22 23 0 0
6 24 0 0
9 24 0 0
12 24 0 0
20 24 0 0
22 24 0 0
23 24 0 0
1 25 0 0
8 25 0 0
11 25 0 0
14 25 0 0
15 25 0 0
18 25 0 0
19 25 0 0
21 25 0 0
1 26 0 0
7 26 0 0
9 26 0 0
10 26 0 0
11 26 0 0
12 26 0 0
13 26 0 0
19 26 0 0
20 26 0 0
21 26 0 0
22 26 0 0
23 26 0 0
25 26 0 0
1 27 0 0
2 27 0 0
3 27 0 0
5 27 0 0
6 27 0 0
9 27 0 0
10 27 0 0
12 27 0 0
23 27 0 0
4 28 0 0
6 28 0 0
13 29 0 1
19 29 0 1
20 29 0 1
4 30 0 1
28 30 0 1
4 31 0 1
28 31 0 1
28 32 0 1
28 33 0 1
28 34 0 1
20 36 0 1
24 36 0 1
13 45 0 1
19 45 0 1
13 46 0 1
19 46 0 1
20 46 0 1
22 46 0 1
23 46 0 1
26 46 0 1
13 47 0 1
14 47 0 1
15 47 0 1
16 47 0 1
18 47 0 1
19 47 0 1
26 47 0 1
14 49 0 1
15 49 0 1
16 49 0 1
17 49 0 1
14 50 0 1
15 50 0 1
16 50 0 1
17 50 0 1
14 51 0 1
15 51 0 1
16 51 0 1
17 51 0 1
14 52 0 1
16 52 0 1
17 52 0 1
16 53 0 1
17 53 0 1
