2 4 0 0
2 5 0 0
3 5 0 0
2 6 0 0
3 6 0 0
4 6 0 0
5 6 0 0
2 7 0 0
3 7 0 0
5 7 0 0
6 7 0 0
2 8 0 0
4 8 0 0
5 8 0 0
6 8 0 0
7 8 0 0
2 9 0 0
3 9 0 0
5 9 0 0
6 9 0 0
7 9 0 0
8 9 0 0
2 10 0 0
3 10 0 0
5 10 0 0
6 10 0 0
7 10 0 0
8 10 0 0
9 10 0 0
3 11 0 0
5 11 0 0
7 11 0 0
9 11 0 0
10 11 0 0
3 12 0 0
5 12 0 0
6 12 0 0
7 12 0 0
9 12 0 0
10 12 0 0
11 12 0 0
2 13 0 0
4 13 0 0
5 13 0 0
6 13 0 0
7 13 0 0
8 13 0 0
9 13 0 0
10 13 0 0
2 14 0 0
3 14 0 0
5 14 0 0
6 14 0 0
7 14 0 0
8 14 0 0
9 14 0 0
10 14 0 0
11 14 0 0
12 14 0 0
13 14 0 0
2 15 0 0
3 15 0 0
5 15 0 0
6 15 0 0
7 15 0 0
8 15 0 0
9 15 0 0
10 15 0 0
11 15 0 0
12 15 0 0
13 15 0 0
14 15 0 0
2 16 0 0
3 16 0 0
5 16 0 0
6 16 0 0
7 16 0 0
8 16 0 0
9 16 0 0
10 16 0 0
11 16 0 0
12 16 0 0
13 16 0 0
14 16 0 0
15 16 0 0
2 17 0 0
5 17 0 0
6 17 0 0
7 17 0 0
8 17 0 0
9 17 0 0
10 17 0 0
11 17 0 0
12 17 0 0
13 17 0 0
14 17 0 0
15 17 0 0
16 17 0 0
2 18 0 0
5 18 0 0
6 18 0 0
7 18 0 0
8 18 0 0
10 18 0 0
13 18 0 0
14 18 0 0
15 18 0 0
16 18 0 0
17 18 0 0
2 19 0 0
5 19 0 0
6 19 0 0
7 19 0 0
8 19 0 0
9 19 0 0
10 19 0 0
13 19 0 0
14 19 0 0
15 19 0 0
16 19 0 0
17 19 0 0
18 19 0 0
2 20 0 0
3 20 0 0
5 20 0 0
6 20 0 0
7 20 0 0
8 20 0 0
9 20 0 0
10 20 0 0
11 20 0 0
12 20 0 0
13 20 0 0
14 20 0 0
15 20 0 0
16 20 0 0
17 20 0 0
18 20 0 0
19 20 0 0
2 21 0 0
3 21 0 0
4 21 0 0
5 21 0 0
6 21 0 0
7 21 0 0
8 21 0 0
9 21 0 0
10 21 0 0
11 21 0 0
12 21 0 0
13 21 0 0
14 21 0 0
15 21 0 0
16 21 0 0
17 21 0 0
18 21 0 0
19 21 0 0
20 21 0 0
2 22 0 0
4 22 0 0
5 22 0 0
6 22 0 0
7 22 0 0
8 22 0 0
10 22 0 0
13 22 0 0
14 22 0 0
15 22 0 0
16 22 0 0
17 22 0 0
18 22 0 0
19 22 0 0
20 22 0 0
21 22 0 0
3 23 0 0
5 23 0 0
6 23 0 0
7 23 0 0
9 23 0 0
10 23 0 0
11 23 0 0
12 23 0 0
14 23 0 0
15 23 0 0
16 23 0 0
17 23 0 0
19 23 0 0
20 23 0 0
21 23 0 0
2 24 0 0
3 24 0 0
5 24 0 0
6 24 0 0
7 24 0 0
8 24 0 0
9 24 0 0
10 24 0 0
11 24 0 0
12 24 0 0
13 24 0 0
14 24 0 0
15 24 0 0
16 24 0 0
17 24 0 0
18 24 0 0
19 24 0 0
20 24 0 0
21 24 0 0
22 24 0 0
23 24 0 0
2 25 0 0
4 25 0 0
5 25 0 0
6 25 0 0
7 25 0 0
8 25 0 0
9 25 0 0
10 25 0 0
13 25 0 0
14 25 0 0
15 25 0 0
16 25 0 0
17 25 0 0
18 25 0 0
19 25 0 0
20 25 0 0
21 25 0 0
22 25 0 0
23 25 0 0
24 25 0 0
16 26 0 0
23 26 0 0
2 27 0 0
15 27 0 0
16 27 0 0
17 27 0 0
18 27 0 0
19 27 0 0
20 27 0 0
21 27 0 0
23 27 0 0
24 27 0 0
26 27 0 0
2 28 0 0
15 28 0 0
16 28 0 0
17 28 0 0
18 28 0 0
19 28 0 0
21 28 0 0
24 28 0 0
25 28 0 0
26 28 0 0
27 28 0 0
2 29 0 0
15 29 0 0
16 29 0 0
17 29 0 0
18 29 0 0
19 29 0 0
21 29 0 0
22 29 0 0
24 29 0 0
25 29 0 0
27 29 0 0
28 29 0 0
2 30 0 0
15 30 0 0
16 30 0 0
17 30 0 0
18 30 0 0
19 30 0 0
21 30 0 0
27 30 0 0
28 30 0 0
29 30 0 0
2 31 0 0
15 31 0 0
16 31 0 0
17 31 0 0
18 31 0 0
19 31 0 0
21 31 0 0
25 31 0 0
27 31 0 0
28 31 0 0
29 31 0 0
30 31 0 0
2 32 0 0
10 32 0 0
12 32 0 0
13 32 0 0
14 32 0 0
15 32 0 0
16 32 0 0
17 32 0 0
18 32 0 0
19 32 0 0
20 32 0 0
21 32 0 0
23 32 0 0
24 32 0 0
25 32 0 0
26 32 0 0
27 32 0 0
28 32 0 0
29 32 0 0
30 32 0 0
31 32 0 0
2 33 0 0
10 33 0 0
13 33 0 0
14 33 0 0
15 33 0 0
16 33 0 0
17 33 0 0
18 33 0 0
19 33 0 0
20 33 0 0
21 33 0 0
22 33 0 0
23 33 0 0
24 33 0 0
25 33 0 0
27 33 0 0
28 33 0 0
29 33 0 0
30 33 0 0
31 33 0 0
32 33 0 0
2 34 0 0
10 34 0 0
13 34 0 0
14 34 0 0
15 34 0 0
16 34 0 0
17 34 0 0
18 34 0 0
19 34 0 0
20 34 0 0
21 34 0 0
22 34 0 0
23 34 0 0
24 34 0 0
25 34 0 0
26 34 0 0
27 34 0 0
28 34 0 0
29 34 0 0
30 34 0 0
31 34 0 0
32 34 0 0
33 34 0 0
2 35 0 0
9 35 0 0
10 35 0 0
11 35 0 0
12 35 0 0
13 35 0 0
14 35 0 0
15 35 0 0
16 35 0 0
17 35 0 0
18 35 0 0
19 35 0 0
20 35 0 0
21 35 0 0
23 35 0 0
24 35 0 0
25 35 0 0
26 35 0 0
27 35 0 0
28 35 0 0
29 35 0 0
30 35 0 0
31 35 0 0
32 35 0 0
33 35 0 0
34 35 0 0
2 36 0 0
8 36 0 0
10 36 0 0
13 36 0 0
14 36 0 0
15 36 0 0
16 36 0 0
17 36 0 0
18 36 0 0
19 36 0 0
20 36 0 0
21 36 0 0
22 36 0 0
23 36 0 0
24 36 0 0
25 36 0 0
27 36 0 0
28 36 0 0
29 36 0 0
30 36 0 0
31 36 0 0
32 36 0 0
33 36 0 0
34 36 0 0
35 36 0 0
2 37 0 0
18 37 0 0
27 37 0 0
28 37 0 0
29 37 0 0
30 37 0 0
31 37 0 0
32 37 0 0
33 37 0 0
34 37 0 0
36 37 0 0
2 38 0 0
28 38 0 0
29 38 0 0
30 38 0 0
31 38 0 0
33 38 0 0
34 38 0 0
36 38 0 0
37 38 0 0
2 39 0 0
27 39 0 0
28 39 0 0
29 39 0 0
30 39 0 0
31 39 0 0
32 39 0 0
33 39 0 0
34 39 0 0
36 39 0 0
37 39 0 0
38 39 0 0
2 40 0 0
26 40 0 0
27 40 0 0
28 40 0 0
29 40 0 0
30 40 0 0
31 40 0 0
37 40 0 0
39 40 0 0
2 41 0 0
27 41 0 0
28 41 0 0
29 41 0 0
30 41 0 0
31 41 0 0
32 41 0 0
33 41 0 0
34 41 0 0
36 41 0 0
37 41 0 0
38 41 0 0
39 41 0 0
40 41 0 0
2 42 0 0
27 42 0 0
28 42 0 0
29 42 0 0
30 42 0 0
31 42 0 0
37 42 0 0
38 42 0 0
39 42 0 0
40 42 0 0
41 42 0 0
2 43 0 0
27 43 0 0
28 43 0 0
30 43 0 0
31 43 0 0
37 43 0 0
38 43 0 0
39 43 0 0
40 43 0 0
41 43 0 0
42 43 0 0
40 44 0 0
42 44 0 0
43 44 0 0
40 45 0 0
43 45 0 0
44 45 0 0
39 46 0 0
40 46 0 0
41 46 0 0
42 46 0 0
43 46 0 0
44 46 0 0
45 46 0 0
1 47 0 0
38 47 0 0
1 48 0 0
38 48 0 0
41 48 0 0
42 48 0 0
43 48 0 0
46 48 0 0
47 48 0 0
44 49 0 0
45 49 0 0
46 49 0 0
1 50 0 0
42 50 0 0
46 50 0 0
47 50 0 0
48 50 0 0
49 50 0 0
1 51 0 0
47 51 0 0
48 51 0 0
50 51 0 0
1 52 0 0
46 52 0 0
47 52 0 0
48 52 0 0
49 52 0 0
50 52 0 0
51 52 0 0
1 53 0 0
40 53 0 0
42 53 0 0
43 53 0 0
44 53 0 0
46 53 0 0
47 53 0 0
48 53 0 0
49 53 0 0
50 53 0 0
51 53 0 0
52 53 0 0
1 54 0 0
47 54 0 0
48 54 0 0
50 54 0 0
51 54 0 0
52 54 0 0
53 54 0 0
1 55 0 0
47 55 0 0
48 55 0 0
50 55 0 0
51 55 0 0
52 55 0 0
53 55 0 0
54 55 0 0
1 56 0 0
42 56 0 0
43 56 0 0
46 56 0 0
47 56 0 0
48 56 0 0
49 56 0 0
50 56 0 0
51 56 0 0
52 56 0 0
53 56 0 0
54 56 0 0
55 56 0 0
1 57 0 0
2 57 0 0
37 57 0 0
38 57 0 0
39 57 0 0
41 57 0 0
42 57 0 0
43 57 0 0
46 57 0 0
47 57 0 0
48 57 0 0
50 57 0 0
51 57 0 0
52 57 0 0
53 57 0 0
54 57 0 0
55 57 0 0
56 57 0 0
1 58 0 0
42 58 0 0
43 58 0 0
44 58 0 0
46 58 0 0
47 58 0 0
48 58 0 0
49 58 0 0
50 58 0 0
51 58 0 0
52 58 0 0
53 58 0 0
54 58 0 0
55 58 0 0
56 58 0 0
57 58 0 0
1 59 0 0
50 59 0 0
51 59 0 0
52 59 0 0
54 59 0 0
55 59 0 0
57 59 0 0
1 60 0 0
51 60 0 0
52 60 0 0
54 60 0 0
59 60 0 0
1 61 0 0
52 61 0 0
54 61 0 0
57 61 0 0
59 61 0 0
60 61 0 0
1 62 0 0
49 62 0 0
50 62 0 0
51 62 0 0
52 62 0 0
53 62 0 0
54 62 0 0
56 62 0 0
57 62 0 0
58 62 0 0
59 62 0 0
60 62 0 0
61 62 0 0
1 63 0 0
50 63 0 0
51 63 0 0
52 63 0 0
54 63 0 0
55 63 0 0
56 63 0 0
57 63 0 0
58 63 0 0
59 63 0 0
60 63 0 0
61 63 0 0
62 63 0 0
1 64 0 0
50 64 0 0
51 64 0 0
52 64 0 0
54 64 0 0
55 64 0 0
56 64 0 0
57 64 0 0
59 64 0 0
60 64 0 0
61 64 0 0
62 64 0 0
63 64 0 0
1 65 0 0
49 65 0 0
50 65 0 0
51 65 0 0
52 65 0 0
54 65 0 0
56 65 0 0
57 65 0 0
58 65 0 0
59 65 0 0
60 65 0 0
61 65 0 0
62 65 0 0
63 65 0 0
64 65 0 0
1 66 0 0
49 66 0 0
50 66 0 0
52 66 0 0
61 66 0 0
62 66 0 0
63 66 0 0
64 66 0 0
65 66 0 0
1 67 0 0
50 67 0 0
51 67 0 0
52 67 0 0
54 67 0 0
57 67 0 0
59 67 0 0
60 67 0 0
61 67 0 0
62 67 0 0
63 67 0 0
64 67 0 0
65 67 0 0
66 67 0 0
1 68 0 0
47 68 0 0
48 68 0 0
50 68 0 0
51 68 0 0
52 68 0 0
53 68 0 0
54 68 0 0
55 68 0 0
56 68 0 0
57 68 0 0
58 68 0 0
59 68 0 0
60 68 0 0
61 68 0 0
62 68 0 0
63 68 0 0
64 68 0 0
65 68 0 0
66 68 0 0
67 68 0 0
1 69 0 0
49 69 0 0
50 69 0 0
52 69 0 0
53 69 0 0
56 69 0 0
57 69 0 0
58 69 0 0
61 69 0 0
62 69 0 0
63 69 0 0
65 69 0 0
66 69 0 0
68 69 0 0
1 70 0 0
44 70 0 0
46 70 0 0
48 70 0 0
49 70 0 0
50 70 0 0
52 70 0 0
53 70 0 0
56 70 0 0
57 70 0 0
58 70 0 0
61 70 0 0
62 70 0 0
63 70 0 0
65 70 0 0
66 70 0 0
68 70 0 0
69 70 0 0
1 71 0 0
46 71 0 0
48 71 0 0
49 71 0 0
50 71 0 0
51 71 0 0
52 71 0 0
53 71 0 0
55 71 0 0
56 71 0 0
57 71 0 0
58 71 0 0
61 71 0 0
62 71 0 0
63 71 0 0
64 71 0 0
65 71 0 0
66 71 0 0
67 71 0 0
68 71 0 0
69 71 0 0
70 71 0 0
1 72 0 0
47 72 0 0
48 72 0 0
50 72 0 0
51 72 0 0
52 72 0 0
54 72 0 0
55 72 0 0
56 72 0 0
57 72 0 0
58 72 0 0
59 72 0 0
60 72 0 0
61 72 0 0
62 72 0 0
63 72 0 0
64 72 0 0
65 72 0 0
67 72 0 0
68 72 0 0
1 73 0 0
46 73 0 0
48 73 0 0
49 73 0 0
50 73 0 0
52 73 0 0
53 73 0 0
56 73 0 0
57 73 0 0
58 73 0 0
61 73 0 0
62 73 0 0
63 73 0 0
65 73 0 0
66 73 0 0
68 73 0 0
69 73 0 0
70 73 0 0
71 73 0 0
1 74 0 0
46 74 0 0
47 74 0 0
48 74 0 0
49 74 0 0
50 74 0 0
51 74 0 0
52 74 0 0
53 74 0 0
54 74 0 0
55 74 0 0
56 74 0 0
57 74 0 0
58 74 0 0
59 74 0 0
60 74 0 0
61 74 0 0
62 74 0 0
63 74 0 0
64 74 0 0
65 74 0 0
66 74 0 0
67 74 0 0
68 74 0 0
69 74 0 0
70 74 0 0
71 74 0 0
72 74 0 0
73 74 0 0
1 75 0 0
44 75 0 0
46 75 0 0
48 75 0 0
49 75 0 0
50 75 0 0
52 75 0 0
53 75 0 0
56 75 0 0
57 75 0 0
58 75 0 0
61 75 0 0
62 75 0 0
63 75 0 0
65 75 0 0
66 75 0 0
68 75 0 0
69 75 0 0
70 75 0 0
71 75 0 0
73 75 0 0
74 75 0 0
1 76 0 0
46 76 0 0
48 76 0 0
49 76 0 0
50 76 0 0
51 76 0 0
52 76 0 0
53 76 0 0
56 76 0 0
57 76 0 0
58 76 0 0
61 76 0 0
62 76 0 0
63 76 0 0
64 76 0 0
65 76 0 0
66 76 0 0
67 76 0 0
68 76 0 0
69 76 0 0
70 76 0 0
71 76 0 0
73 76 0 0
74 76 0 0
75 76 0 0
37 77 0 0
38 77 0 0
39 77 0 0
40 77 0 0
41 77 0 0
42 77 0 0
43 77 0 0
44 77 0 0
45 77 0 0
46 77 0 0
48 77 0 0
50 77 0 0
53 77 0 0
56 77 0 0
57 77 0 0
58 77 0 0
70 77 0 0
1 78 0 0
2 78 0 0
37 78 0 0
38 78 0 0
39 78 0 0
40 78 0 0
41 78 0 0
42 78 0 0
43 78 0 0
44 78 0 0
46 78 0 0
47 78 0 0
48 78 0 0
50 78 0 0
52 78 0 0
53 78 0 0
55 78 0 0
56 78 0 0
57 78 0 0
58 78 0 0
71 78 0 0
77 78 0 0
1 79 0 0
2 79 0 0
27 79 0 0
28 79 0 0
29 79 0 0
30 79 0 0
31 79 0 0
33 79 0 0
34 79 0 0
36 79 0 0
37 79 0 0
38 79 0 0
39 79 0 0
40 79 0 0
41 79 0 0
42 79 0 0
43 79 0 0
46 79 0 0
47 79 0 0
48 79 0 0
50 79 0 0
51 79 0 0
52 79 0 0
53 79 0 0
54 79 0 0
55 79 0 0
56 79 0 0
57 79 0 0
58 79 0 0
72 79 0 0
77 79 0 0
78 79 0 0
1 80 0 0
2 80 0 0
29 80 0 0
30 80 0 0
31 80 0 0
36 80 0 0
37 80 0 0
38 80 0 0
39 80 0 0
41 80 0 0
42 80 0 0
43 80 0 0
47 80 0 0
48 80 0 0
50 80 0 0
51 80 0 0
52 80 0 0
53 80 0 0
54 80 0 0
55 80 0 0
56 80 0 0
57 80 0 0
58 80 0 0
72 80 0 0
77 80 0 0
78 80 0 0
79 80 0 0
1 81 0 0
2 81 0 0
37 81 0 0
38 81 0 0
39 81 0 0
41 81 0 0
42 81 0 0
43 81 0 0
46 81 0 0
47 81 0 0
48 81 0 0
50 81 0 0
51 81 0 0
52 81 0 0
53 81 0 0
54 81 0 0
55 81 0 0
56 81 0 0
57 81 0 0
58 81 0 0
77 81 0 0
78 81 0 0
79 81 0 0
80 81 0 0
39 82 0 0
40 82 0 0
41 82 0 0
42 82 0 0
43 82 0 0
44 82 0 0
45 82 0 0
46 82 0 0
49 82 0 0
53 82 0 0
56 82 0 0
58 82 0 0
70 82 0 0
77 82 0 0
78 82 0 0
79 82 0 0
1 83 0 0
2 83 0 0
37 83 0 0
38 83 0 0
39 83 0 0
40 83 0 0
41 83 0 0
42 83 0 0
43 83 0 0
46 83 0 0
47 83 0 0
48 83 0 0
50 83 0 0
51 83 0 0
52 83 0 0
53 83 0 0
54 83 0 0
55 83 0 0
56 83 0 0
57 83 0 0
58 83 0 0
70 83 0 0
71 83 0 0
74 83 0 0
77 83 0 0
78 83 0 0
79 83 0 0
80 83 0 0
81 83 0 0
82 83 0 0
2 84 0 0
16 84 0 0
17 84 0 0
26 84 0 0
27 84 0 0
28 84 0 0
29 84 0 0
30 84 0 0
31 84 0 0
32 84 0 0
33 84 0 0
34 84 0 0
35 84 0 0
36 84 0 0
37 84 0 0
39 84 0 0
40 84 0 0
41 84 0 0
42 84 0 0
43 84 0 0
77 84 0 0
79 84 0 0
82 84 0 0
2 85 0 0
15 85 0 0
16 85 0 0
17 85 0 0
18 85 0 0
19 85 0 0
21 85 0 0
26 85 0 0
27 85 0 0
28 85 0 0
29 85 0 0
30 85 0 0
31 85 0 0
32 85 0 0
33 85 0 0
34 85 0 0
35 85 0 0
36 85 0 0
37 85 0 0
38 85 0 0
39 85 0 0
40 85 0 0
41 85 0 0
42 85 0 0
43 85 0 0
77 85 0 0
78 85 0 0
79 85 0 0
80 85 0 0
81 85 0 0
84 85 0 0
2 86 0 0
17 86 0 0
18 86 0 0
19 86 0 0
27 86 0 0
28 86 0 0
29 86 0 0
30 86 0 0
31 86 0 0
32 86 0 0
33 86 0 0
34 86 0 0
36 86 0 0
37 86 0 0
38 86 0 0
39 86 0 0
41 86 0 0
42 86 0 0
43 86 0 0
78 86 0 0
79 86 0 0
80 86 0 0
81 86 0 0
84 86 0 0
85 86 0 0
26 87 0 0
27 87 0 0
28 87 0 0
30 87 0 0
32 87 0 0
33 87 0 0
34 87 0 0
35 87 0 0
40 87 0 0
41 87 0 0
42 87 0 0
43 87 0 0
82 87 0 0
84 87 0 0
85 87 0 0
2 88 0 0
17 88 0 0
18 88 0 0
19 88 0 0
27 88 0 0
28 88 0 0
29 88 0 0
30 88 0 0
31 88 0 0
32 88 0 0
33 88 0 0
34 88 0 0
35 88 0 0
36 88 0 0
37 88 0 0
38 88 0 0
39 88 0 0
40 88 0 0
41 88 0 0
42 88 0 0
43 88 0 0
77 88 0 0
78 88 0 0
79 88 0 0
80 88 0 0
81 88 0 0
83 88 0 0
84 88 0 0
85 88 0 0
86 88 0 0
87 88 0 0
3 91 0 1
11 91 0 1
12 91 0 1
23 91 0 1
26 103 0 1
26 104 0 1
27 104 0 1
35 104 0 1
40 104 0 1
84 104 0 1
87 104 0 1
26 105 0 1
87 105 0 1
26 110 0 1
26 113 0 1
11 117 0 1
12 117 0 1
23 117 0 1
26 117 0 1
87 117 0 1
39 122 0 1
40 122 0 1
41 122 0 1
42 122 0 1
43 122 0 1
44 122 0 1
45 122 0 1
46 122 0 1
53 122 0 1
58 122 0 1
77 122 0 1
78 122 0 1
79 122 0 1
82 122 0 1
83 122 0 1
84 122 0 1
85 122 0 1
87 122 0 1
45 123 0 1
87 123 0 1
26 127 0 1
27 127 0 1
40 127 0 1
44 127 0 1
45 127 0 1
82 127 0 1
84 127 0 1
87 127 0 1
26 131 0 1
26 135 0 1
45 135 0 1
87 135 0 1
45 136 0 1
45 138 0 1
44 139 0 1
45 139 0 1
45 140 0 1
45 149 0 1
49 149 0 1
49 157 0 1
66 157 0 1
69 157 0 1
70 157 0 1
75 157 0 1
44 172 0 1
45 172 0 1
82 172 0 1
45 174 0 1
45 175 0 1
40 177 0 1
43 177 0 1
44 177 0 1
45 177 0 1
46 177 0 1
77 177 0 1
82 177 0 1
87 177 0 1
44 179 0 1
45 179 0 1
