1 2 0 0
1 3 0 0
2 3 0 0
5 6 0 0
4 7 0 0
5 7 0 0
4 8 0 0
5 8 0 0
6 8 0 0
7 8 0 0
4 9 0 0
5 9 0 0
6 9 0 0
7 9 0 0
8 9 0 0
4 10 0 0
5 10 0 0
6 10 0 0
8 10 0 0
9 10 0 0
4 11 0 0
6 11 0 0
8 11 0 0
9 11 0 0
10 11 0 0
4 12 0 0
7 12 0 0
8 12 0 0
4 13 0 0
6 13 0 0
7 13 0 0
8 13 0 0
9 13 0 0
10 13 0 0
11 13 0 0
12 13 0 0
4 14 0 0
7 14 0 0
12 14 0 0
4 15 0 0
7 15 0 0
12 15 0 0
14 15 0 0
4 16 0 0
6 16 0 0
7 16 0 0
8 16 0 0
9 16 0 0
10 16 0 0
11 16 0 0
12 16 0 0
13 16 0 0
4 17 0 0
6 17 0 0
7 17 0 0
8 17 0 0
9 17 0 0
10 17 0 0
11 17 0 0
12 17 0 0
13 17 0 0
15 17 0 0
16 17 0 0
4 18 0 0
7 18 0 0
12 18 0 0
14 18 0 0
15 18 0 0
16 18 0 0
17 18 0 0
4 19 0 0
8 19 0 0
9 19 0 0
11 19 0 0
13 19 0 0
16 19 0 0
17 19 0 0
4 20 0 0
8 20 0 0
10 20 0 0
11 20 0 0
13 20 0 0
16 20 0 0
19 20 0 0
4 21 0 0
7 21 0 0
12 21 0 0
14 21 0 0
15 21 0 0
17 21 0 0
18 21 0 0
4 22 0 0
6 22 0 0
8 22 0 0
10 22 0 0
11 22 0 0
13 22 0 0
16 22 0 0
17 22 0 0
19 22 0 0
20 22 0 0
4 23 0 0
11 23 0 0
13 23 0 0
16 23 0 0
17 23 0 0
19 23 0 0
20 23 0 0
22 23 0 0
4 24 0 0
7 24 0 0
8 24 0 0
11 24 0 0
12 24 0 0
13 24 0 0
15 24 0 0
16 24 0 0
17 24 0 0
18 24 0 0
19 24 0 0
21 24 0 0
23 24 0 0
4 25 0 0
7 25 0 0
8 25 0 0
11 25 0 0
12 25 0 0
13 25 0 0
14 25 0 0
15 25 0 0
16 25 0 0
17 25 0 0
18 25 0 0
19 25 0 0
21 25 0 0
23 25 0 0
24 25 0 0
4 26 0 0
11 26 0 0
13 26 0 0
16 26 0 0
17 26 0 0
19 26 0 0
20 26 0 0
22 26 0 0
23 26 0 0
24 26 0 0
4 27 0 0
11 27 0 0
13 27 0 0
16 27 0 0
17 27 0 0
19 27 0 0
20 27 0 0
22 27 0 0
23 27 0 0
24 27 0 0
25 27 0 0
26 27 0 0
4 28 0 0
8 28 0 0
11 28 0 0
13 28 0 0
16 28 0 0
17 28 0 0
19 28 0 0
20 28 0 0
22 28 0 0
23 28 0 0
24 28 0 0
25 28 0 0
26 28 0 0
27 28 0 0
4 29 0 0
8 29 0 0
11 29 0 0
13 29 0 0
16 29 0 0
17 29 0 0
19 29 0 0
20 29 0 0
22 29 0 0
23 29 0 0
24 29 0 0
25 29 0 0
26 29 0 0
27 29 0 0
28 29 0 0
4 30 0 0
11 30 0 0
13 30 0 0
16 30 0 0
17 30 0 0
19 30 0 0
21 30 0 0
22 30 0 0
23 30 0 0
24 30 0 0
25 30 0 0
26 30 0 0
27 30 0 0
28 30 0 0
29 30 0 0
1 31 0 0
3 31 0 0
1 32 0 0
2 32 0 0
3 32 0 0
4 32 0 0
19 32 0 0
20 32 0 0
22 32 0 0
23 32 0 0
26 32 0 0
27 32 0 0
28 32 0 0
29 32 0 0
30 32 0 0
1 33 0 0
2 33 0 0
3 33 0 0
4 33 0 0
20 33 0 0
22 33 0 0
23 33 0 0
26 33 0 0
27 33 0 0
28 33 0 0
29 33 0 0
32 33 0 0
4 34 0 0
11 34 0 0
13 34 0 0
16 34 0 0
17 34 0 0
19 34 0 0
21 34 0 0
23 34 0 0
24 34 0 0
25 34 0 0
26 34 0 0
27 34 0 0
28 34 0 0
29 34 0 0
30 34 0 0
32 34 0 0
33 34 0 0
4 35 0 0
11 35 0 0
13 35 0 0
16 35 0 0
17 35 0 0
19 35 0 0
20 35 0 0
22 35 0 0
23 35 0 0
24 35 0 0
25 35 0 0
26 35 0 0
27 35 0 0
28 35 0 0
29 35 0 0
30 35 0 0
32 35 0 0
33 35 0 0
34 35 0 0
1 36 0 0
2 36 0 0
4 36 0 0
19 36 0 0
20 36 0 0
22 36 0 0
23 36 0 0
24 36 0 0
26 36 0 0
27 36 0 0
28 36 0 0
29 36 0 0
30 36 0 0
32 36 0 0
33 36 0 0
34 36 0 0
35 36 0 0
1 37 0 0
2 37 0 0
4 37 0 0
19 37 0 0
20 37 0 0
22 37 0 0
23 37 0 0
24 37 0 0
26 37 0 0
27 37 0 0
28 37 0 0
29 37 0 0
30 37 0 0
32 37 0 0
33 37 0 0
34 37 0 0
35 37 0 0
36 37 0 0
1 38 0 0
2 38 0 0
4 38 0 0
19 38 0 0
20 38 0 0
22 38 0 0
23 38 0 0
24 38 0 0
26 38 0 0
27 38 0 0
28 38 0 0
29 38 0 0
30 38 0 0
32 38 0 0
33 38 0 0
34 38 0 0
35 38 0 0
36 38 0 0
37 38 0 0
1 39 0 0
2 39 0 0
3 39 0 0
31 39 0 0
1 40 0 0
2 40 0 0
4 40 0 0
23 40 0 0
27 40 0 0
28 40 0 0
29 40 0 0
30 40 0 0
32 40 0 0
33 40 0 0
34 40 0 0
35 40 0 0
36 40 0 0
37 40 0 0
38 40 0 0
1 41 0 0
2 41 0 0
3 41 0 0
31 41 0 0
32 41 0 0
33 41 0 0
38 41 0 0
39 41 0 0
4 42 0 0
23 42 0 0
29 42 0 0
30 42 0 0
34 42 0 0
35 42 0 0
36 42 0 0
37 42 0 0
40 42 0 0
1 43 0 0
3 43 0 0
31 43 0 0
39 43 0 0
1 44 0 0
2 44 0 0
3 44 0 0
31 44 0 0
39 44 0 0
41 44 0 0
43 44 0 0
4 45 0 0
40 45 0 0
42 45 0 0
43 46 0 0
4 47 0 0
45 47 0 0
1 48 0 0
2 48 0 0
44 48 0 0
4 49 0 0
42 49 0 0
45 49 0 0
47 49 0 0
4 50 0 0
45 50 0 0
47 50 0 0
1 51 0 0
2 51 0 0
44 51 0 0
48 51 0 0
1 52 0 0
2 52 0 0
48 52 0 0
49 52 0 0
51 52 0 0
1 53 0 0
2 53 0 0
3 53 0 0
39 53 0 0
43 53 0 0
44 53 0 0
46 53 0 0
51 53 0 0
4 54 0 0
42 54 0 0
45 54 0 0
47 54 0 0
49 54 0 0
50 54 0 0
4 55 0 0
42 55 0 0
45 55 0 0
47 55 0 0
49 55 0 0
54 55 0 0
1 56 0 0
2 56 0 0
48 56 0 0
51 56 0 0
52 56 0 0
4 57 0 0
42 57 0 0
45 57 0 0
47 57 0 0
49 57 0 0
50 57 0 0
54 57 0 0
55 57 0 0
1 58 0 0
2 58 0 0
48 58 0 0
49 58 0 0
51 58 0 0
52 58 0 0
56 58 0 0
4 59 0 0
45 59 0 0
47 59 0 0
49 59 0 0
50 59 0 0
54 59 0 0
55 59 0 0
57 59 0 0
4 60 0 0
45 60 0 0
47 60 0 0
50 60 0 0
54 60 0 0
55 60 0 0
57 60 0 0
59 60 0 0
1 61 0 0
2 61 0 0
3 61 0 0
31 61 0 0
39 61 0 0
41 61 0 0
43 61 0 0
44 61 0 0
46 61 0 0
51 61 0 0
53 61 0 0
4 62 0 0
40 62 0 0
42 62 0 0
45 62 0 0
49 62 0 0
52 62 0 0
54 62 0 0
55 62 0 0
57 62 0 0
59 62 0 0
60 62 0 0
4 63 0 0
45 63 0 0
47 63 0 0
49 63 0 0
50 63 0 0
54 63 0 0
55 63 0 0
57 63 0 0
59 63 0 0
60 63 0 0
62 63 0 0
4 64 0 0
42 64 0 0
45 64 0 0
47 64 0 0
49 64 0 0
50 64 0 0
54 64 0 0
55 64 0 0
57 64 0 0
59 64 0 0
60 64 0 0
62 64 0 0
63 64 0 0
4 65 0 0
42 65 0 0
45 65 0 0
47 65 0 0
49 65 0 0
50 65 0 0
54 65 0 0
55 65 0 0
57 65 0 0
59 65 0 0
60 65 0 0
62 65 0 0
63 65 0 0
64 65 0 0
4 66 0 0
42 66 0 0
45 66 0 0
47 66 0 0
49 66 0 0
50 66 0 0
54 66 0 0
55 66 0 0
57 66 0 0
59 66 0 0
60 66 0 0
62 66 0 0
63 66 0 0
64 66 0 0
65 66 0 0
4 67 0 0
40 67 0 0
42 67 0 0
45 67 0 0
47 67 0 0
49 67 0 0
50 67 0 0
54 67 0 0
55 67 0 0
57 67 0 0
59 67 0 0
60 67 0 0
62 67 0 0
63 67 0 0
64 67 0 0
65 67 0 0
66 67 0 0
1 68 0 0
3 68 0 0
39 68 0 0
43 68 0 0
44 68 0 0
46 68 0 0
53 68 0 0
61 68 0 0
4 69 0 0
45 69 0 0
47 69 0 0
49 69 0 0
50 69 0 0
54 69 0 0
55 69 0 0
57 69 0 0
59 69 0 0
60 69 0 0
62 69 0 0
63 69 0 0
64 69 0 0
65 69 0 0
66 69 0 0
67 69 0 0
1 70 0 0
3 70 0 0
31 70 0 0
39 70 0 0
41 70 0 0
43 70 0 0
44 70 0 0
53 70 0 0
61 70 0 0
68 70 0 0
1 71 0 0
2 71 0 0
4 71 0 0
23 71 0 0
29 71 0 0
32 71 0 0
33 71 0 0
34 71 0 0
35 71 0 0
36 71 0 0
37 71 0 0
38 71 0 0
40 71 0 0
42 71 0 0
45 71 0 0
49 71 0 0
55 71 0 0
56 71 0 0
57 71 0 0
58 71 0 0
62 71 0 0
65 71 0 0
67 71 0 0
1 72 0 0
2 72 0 0
3 72 0 0
31 72 0 0
32 72 0 0
33 72 0 0
39 72 0 0
41 72 0 0
43 72 0 0
44 72 0 0
48 72 0 0
51 72 0 0
53 72 0 0
61 72 0 0
68 72 0 0
70 72 0 0
4 73 0 0
34 73 0 0
35 73 0 0
40 73 0 0
42 73 0 0
45 73 0 0
49 73 0 0
54 73 0 0
55 73 0 0
57 73 0 0
59 73 0 0
60 73 0 0
62 73 0 0
63 73 0 0
64 73 0 0
65 73 0 0
66 73 0 0
67 73 0 0
69 73 0 0
71 73 0 0
1 74 0 0
2 74 0 0
4 74 0 0
32 74 0 0
33 74 0 0
34 74 0 0
35 74 0 0
36 74 0 0
37 74 0 0
38 74 0 0
40 74 0 0
42 74 0 0
49 74 0 0
52 74 0 0
55 74 0 0
56 74 0 0
58 74 0 0
62 74 0 0
67 74 0 0
71 74 0 0
73 74 0 0
4 75 0 0
34 75 0 0
35 75 0 0
40 75 0 0
42 75 0 0
45 75 0 0
49 75 0 0
54 75 0 0
55 75 0 0
57 75 0 0
59 75 0 0
62 75 0 0
63 75 0 0
64 75 0 0
65 75 0 0
66 75 0 0
67 75 0 0
69 75 0 0
71 75 0 0
73 75 0 0
74 75 0 0
1 76 0 0
2 76 0 0
4 76 0 0
19 76 0 0
20 76 0 0
23 76 0 0
24 76 0 0
25 76 0 0
26 76 0 0
27 76 0 0
28 76 0 0
29 76 0 0
30 76 0 0
32 76 0 0
33 76 0 0
34 76 0 0
35 76 0 0
36 76 0 0
37 76 0 0
38 76 0 0
40 76 0 0
42 76 0 0
45 76 0 0
62 76 0 0
65 76 0 0
67 76 0 0
71 76 0 0
73 76 0 0
74 76 0 0
75 76 0 0
1 77 0 0
2 77 0 0
3 77 0 0
4 77 0 0
19 77 0 0
20 77 0 0
23 77 0 0
24 77 0 0
26 77 0 0
27 77 0 0
28 77 0 0
29 77 0 0
30 77 0 0
32 77 0 0
33 77 0 0
34 77 0 0
35 77 0 0
36 77 0 0
37 77 0 0
38 77 0 0
40 77 0 0
41 77 0 0
42 77 0 0
56 77 0 0
58 77 0 0
71 77 0 0
72 77 0 0
74 77 0 0
75 77 0 0
76 77 0 0
1 78 0 0
2 78 0 0
3 78 0 0
20 78 0 0
26 78 0 0
27 78 0 0
31 78 0 0
32 78 0 0
33 78 0 0
36 78 0 0
37 78 0 0
38 78 0 0
39 78 0 0
41 78 0 0
72 78 0 0
74 78 0 0
76 78 0 0
77 78 0 0
1 79 0 0
2 79 0 0
3 79 0 0
31 79 0 0
39 79 0 0
41 79 0 0
43 79 0 0
44 79 0 0
61 79 0 0
68 79 0 0
70 79 0 0
72 79 0 0
78 79 0 0
1 80 0 0
2 80 0 0
3 80 0 0
26 80 0 0
31 80 0 0
32 80 0 0
33 80 0 0
36 80 0 0
37 80 0 0
38 80 0 0
39 80 0 0
41 80 0 0
44 80 0 0
72 80 0 0
74 80 0 0
76 80 0 0
77 80 0 0
78 80 0 0
79 80 0 0
1 81 0 0
2 81 0 0
3 81 0 0
31 81 0 0
32 81 0 0
33 81 0 0
36 81 0 0
38 81 0 0
39 81 0 0
41 81 0 0
44 81 0 0
70 81 0 0
72 81 0 0
77 81 0 0
78 81 0 0
79 81 0 0
80 81 0 0
5 82 0 1
6 82 0 1
9 82 0 1
10 82 0 1
3 83 0 1
6 83 0 1
9 83 0 1
10 83 0 1
20 83 0 1
22 83 0 1
31 83 0 1
39 83 0 1
41 83 0 1
43 83 0 1
70 83 0 1
72 83 0 1
79 83 0 1
81 83 0 1
5 85 0 1
5 87 0 1
5 89 0 1
5 91 0 1
6 91 0 1
9 91 0 1
5 92 0 1
4 93 0 1
7 93 0 1
12 93 0 1
14 93 0 1
15 93 0 1
18 93 0 1
21 93 0 1
6 95 0 1
10 95 0 1
6 96 0 1
10 96 0 1
4 97 0 1
7 97 0 1
12 97 0 1
14 97 0 1
15 97 0 1
18 97 0 1
21 97 0 1
7 98 0 1
12 98 0 1
14 98 0 1
15 98 0 1
6 99 0 1
9 99 0 1
10 99 0 1
6 101 0 1
10 101 0 1
5 102 0 1
7 102 0 1
5 103 0 1
6 103 0 1
9 103 0 1
10 103 0 1
5 104 0 1
6 104 0 1
8 104 0 1
9 104 0 1
10 104 0 1
6 109 0 1
4 110 0 1
7 110 0 1
12 110 0 1
14 110 0 1
15 110 0 1
18 110 0 1
21 110 0 1
4 111 0 1
7 111 0 1
12 111 0 1
14 111 0 1
15 111 0 1
18 111 0 1
21 111 0 1
25 111 0 1
4 112 0 1
7 112 0 1
12 112 0 1
14 112 0 1
15 112 0 1
18 112 0 1
21 112 0 1
25 112 0 1
1 113 0 1
3 113 0 1
31 113 0 1
39 113 0 1
41 113 0 1
43 113 0 1
44 113 0 1
70 113 0 1
72 113 0 1
79 113 0 1
81 113 0 1
31 114 0 1
39 114 0 1
43 114 0 1
61 114 0 1
68 114 0 1
70 114 0 1
79 114 0 1
31 115 0 1
39 115 0 1
43 115 0 1
70 115 0 1
79 115 0 1
3 116 0 1
31 116 0 1
39 116 0 1
43 116 0 1
70 116 0 1
79 116 0 1
31 117 0 1
39 117 0 1
43 117 0 1
70 117 0 1
79 117 0 1
39 118 0 1
43 118 0 1
44 118 0 1
46 118 0 1
53 118 0 1
61 118 0 1
68 118 0 1
70 118 0 1
2 119 0 1
4 119 0 1
40 119 0 1
42 119 0 1
45 119 0 1
49 119 0 1
52 119 0 1
54 119 0 1
55 119 0 1
56 119 0 1
57 119 0 1
58 119 0 1
59 119 0 1
62 119 0 1
64 119 0 1
65 119 0 1
67 119 0 1
71 119 0 1
73 119 0 1
74 119 0 1
75 119 0 1
76 119 0 1
1 120 0 1
2 120 0 1
40 120 0 1
42 120 0 1
48 120 0 1
49 120 0 1
52 120 0 1
55 120 0 1
56 120 0 1
57 120 0 1
58 120 0 1
62 120 0 1
65 120 0 1
67 120 0 1
71 120 0 1
74 120 0 1
75 120 0 1
76 120 0 1
77 120 0 1
1 121 0 1
43 121 0 1
44 121 0 1
46 121 0 1
53 121 0 1
61 121 0 1
68 121 0 1
70 121 0 1
1 122 0 1
2 122 0 1
43 122 0 1
44 122 0 1
46 122 0 1
48 122 0 1
51 122 0 1
53 122 0 1
61 122 0 1
68 122 0 1
70 122 0 1
2 123 0 1
4 123 0 1
40 123 0 1
42 123 0 1
45 123 0 1
49 123 0 1
52 123 0 1
54 123 0 1
55 123 0 1
56 123 0 1
57 123 0 1
58 123 0 1
59 123 0 1
62 123 0 1
64 123 0 1
65 123 0 1
67 123 0 1
71 123 0 1
73 123 0 1
74 123 0 1
75 123 0 1
76 123 0 1
77 123 0 1
1 124 0 1
2 124 0 1
40 124 0 1
42 124 0 1
48 124 0 1
49 124 0 1
52 124 0 1
55 124 0 1
56 124 0 1
58 124 0 1
62 124 0 1
65 124 0 1
67 124 0 1
71 124 0 1
74 124 0 1
75 124 0 1
76 124 0 1
77 124 0 1
31 125 0 1
39 125 0 1
79 125 0 1
31 126 0 1
31 127 0 1
4 128 0 1
7 128 0 1
12 128 0 1
14 128 0 1
15 128 0 1
18 128 0 1
21 128 0 1
20 129 0 1
22 129 0 1
26 129 0 1
4 130 0 1
7 130 0 1
12 130 0 1
14 130 0 1
15 130 0 1
18 130 0 1
21 130 0 1
4 131 0 1
7 131 0 1
12 131 0 1
14 131 0 1
15 131 0 1
17 131 0 1
18 131 0 1
21 131 0 1
6 133 0 1
10 133 0 1
20 133 0 1
22 133 0 1
6 134 0 1
8 134 0 1
9 134 0 1
10 134 0 1
11 134 0 1
13 134 0 1
20 134 0 1
22 134 0 1
4 135 0 1
6 135 0 1
8 135 0 1
9 135 0 1
10 135 0 1
11 135 0 1
13 135 0 1
16 135 0 1
17 135 0 1
19 135 0 1
20 135 0 1
22 135 0 1
26 135 0 1
27 135 0 1
28 135 0 1
