1 3 0 0
2 3 0 0
1 4 0 0
3 4 0 0
1 5 0 0
3 5 0 0
4 5 0 0
1 6 0 0
3 6 0 0
4 6 0 0
5 6 0 0
1 7 0 0
3 7 0 0
1 8 0 0
3 8 0 0
4 8 0 0
6 8 0 0
7 8 0 0
1 9 0 0
3 9 0 0
4 9 0 0
5 9 0 0
6 9 0 0
7 9 0 0
8 9 0 0
1 10 0 0
3 10 0 0
4 10 0 0
5 10 0 0
6 10 0 0
7 10 0 0
8 10 0 0
9 10 0 0
1 11 0 0
3 11 0 0
7 11 0 0
8 11 0 0
9 11 0 0
10 11 0 0
1 12 0 0
3 12 0 0
4 12 0 0
5 12 0 0
6 12 0 0
7 12 0 0
8 12 0 0
9 12 0 0
10 12 0 0
11 12 0 0
1 13 0 0
3 13 0 0
4 13 0 0
6 13 0 0
7 13 0 0
8 13 0 0
9 13 0 0
10 13 0 0
12 13 0 0
3 14 0 0
5 14 0 0
6 14 0 0
1 15 0 0
3 15 0 0
4 15 0 0
5 15 0 0
6 15 0 0
7 15 0 0
8 15 0 0
9 15 0 0
10 15 0 0
11 15 0 0
12 15 0 0
13 15 0 0
14 15 0 0
1 16 0 0
3 16 0 0
4 16 0 0
5 16 0 0
6 16 0 0
9 16 0 0
10 16 0 0
12 16 0 0
13 16 0 0
14 16 0 0
15 16 0 0
3 17 0 0
5 17 0 0
14 17 0 0
16 17 0 0
3 18 0 0
10 18 0 0
12 18 0 0
13 18 0 0
1 19 0 0
3 19 0 0
7 19 0 0
8 19 0 0
11 19 0 0
1 20 0 0
3 20 0 0
7 20 0 0
8 20 0 0
9 20 0 0
10 20 0 0
11 20 0 0
12 20 0 0
13 20 0 0
18 20 0 0
19 20 0 0
3 21 0 0
14 21 0 0
16 21 0 0
17 21 0 0
3 22 0 0
14 22 0 0
16 22 0 0
17 22 0 0
18 22 0 0
21 22 0 0
1 23 0 0
3 23 0 0
7 23 0 0
8 23 0 0
9 23 0 0
10 23 0 0
11 23 0 0
12 23 0 0
13 23 0 0
15 23 0 0
19 23 0 0
20 23 0 0
1 24 0 0
3 24 0 0
7 24 0 0
8 24 0 0
9 24 0 0
10 24 0 0
11 24 0 0
12 24 0 0
13 24 0 0
19 24 0 0
20 24 0 0
23 24 0 0
3 25 0 0
19 25 0 0
20 25 0 0
23 25 0 0
24 25 0 0
3 26 0 0
18 26 0 0
19 26 0 0
20 26 0 0
23 26 0 0
24 26 0 0
25 26 0 0
3 27 0 0
18 27 0 0
22 27 0 0
3 28 0 0
18 28 0 0
26 28 0 0
27 28 0 0
3 29 0 0
18 29 0 0
26 29 0 0
27 29 0 0
28 29 0 0
2 30 0 0
3 30 0 0
19 30 0 0
20 30 0 0
23 30 0 0
24 30 0 0
25 30 0 0
26 30 0 0
3 31 0 0
18 31 0 0
26 31 0 0
27 31 0 0
28 31 0 0
29 31 0 0
2 32 0 0
3 32 0 0
26 32 0 0
29 32 0 0
30 32 0 0
3 33 0 0
3 34 0 0
33 34 0 0
3 35 0 0
33 35 0 0
34 35 0 0
3 36 0 0
27 36 0 0
28 36 0 0
29 36 0 0
31 36 0 0
32 36 0 0
33 36 0 0
34 36 0 0
35 36 0 0
2 37 0 0
3 37 0 0
2 38 0 0
3 38 0 0
37 38 0 0
2 39 0 0
3 39 0 0
35 39 0 0
36 39 0 0
37 39 0 0
38 39 0 0
2 40 0 0
3 40 0 0
35 40 0 0
36 40 0 0
37 40 0 0
38 40 0 0
39 40 0 0
2 41 0 0
3 41 0 0
35 41 0 0
36 41 0 0
37 41 0 0
38 41 0 0
39 41 0 0
40 41 0 0
2 42 0 0
3 42 0 0
32 42 0 0
34 42 0 0
35 42 0 0
36 42 0 0
37 42 0 0
38 42 0 0
39 42 0 0
40 42 0 0
41 42 0 0
2 43 0 0
3 43 0 0
32 43 0 0
35 43 0 0
36 43 0 0
37 43 0 0
38 43 0 0
39 43 0 0
40 43 0 0
41 43 0 0
42 43 0 0
2 44 0 0
3 44 0 0
32 44 0 0
34 44 0 0
35 44 0 0
36 44 0 0
37 44 0 0
38 44 0 0
39 44 0 0
40 44 0 0
41 44 0 0
42 44 0 0
43 44 0 0
2 45 0 0
3 45 0 0
32 45 0 0
33 45 0 0
34 45 0 0
35 45 0 0
36 45 0 0
37 45 0 0
38 45 0 0
39 45 0 0
40 45 0 0
41 45 0 0
42 45 0 0
43 45 0 0
44 45 0 0
2 46 0 0
3 46 0 0
32 46 0 0
34 46 0 0
35 46 0 0
36 46 0 0
37 46 0 0
38 46 0 0
39 46 0 0
40 46 0 0
41 46 0 0
42 46 0 0
43 46 0 0
44 46 0 0
45 46 0 0
2 47 0 0
3 47 0 0
26 47 0 0
27 47 0 0
28 47 0 0
29 47 0 0
31 47 0 0
32 47 0 0
33 47 0 0
34 47 0 0
35 47 0 0
36 47 0 0
44 47 0 0
45 47 0 0
46 47 0 0
1 48 0 0
3 48 0 0
7 48 0 0
8 48 0 0
11 48 0 0
19 48 0 0
20 48 0 0
23 48 0 0
24 48 0 0
25 48 0 0
26 48 0 0
30 48 0 0
1 49 0 0
3 49 0 0
7 49 0 0
8 49 0 0
11 49 0 0
19 49 0 0
20 49 0 0
23 49 0 0
24 49 0 0
25 49 0 0
26 49 0 0
30 49 0 0
48 49 0 0
1 50 0 0
3 50 0 0
7 50 0 0
8 50 0 0
9 50 0 0
10 50 0 0
11 50 0 0
12 50 0 0
13 50 0 0
18 50 0 0
19 50 0 0
20 50 0 0
23 50 0 0
24 50 0 0
25 50 0 0
26 50 0 0
28 50 0 0
29 50 0 0
30 50 0 0
31 50 0 0
47 50 0 0
48 50 0 0
49 50 0 0
3 51 0 0
19 51 0 0
20 51 0 0
23 51 0 0
24 51 0 0
25 51 0 0
26 51 0 0
30 51 0 0
48 51 0 0
49 51 0 0
50 51 0 0
3 52 0 0
12 52 0 0
13 52 0 0
18 52 0 0
19 52 0 0
20 52 0 0
23 52 0 0
24 52 0 0
25 52 0 0
26 52 0 0
28 52 0 0
29 52 0 0
30 52 0 0
31 52 0 0
47 52 0 0
48 52 0 0
49 52 0 0
50 52 0 0
51 52 0 0
3 53 0 1
14 53 0 1
17 53 0 1
21 53 0 1
22 53 0 1
27 53 0 1
3 54 0 1
17 54 0 1
21 54 0 1
22 54 0 1
21 55 0 1
22 55 0 1
22 57 0 1
27 57 0 1
3 58 0 1
27 58 0 1
28 58 0 1
29 58 0 1
31 58 0 1
33 58 0 1
34 58 0 1
35 58 0 1
36 58 0 1
47 58 0 1
27 60 0 1
28 60 0 1
33 60 0 1
34 60 0 1
35 60 0 1
36 60 0 1
33 61 0 1
34 61 0 1
35 61 0 1
33 62 0 1
34 62 0 1
35 62 0 1
27 64 0 1
33 64 0 1
34 64 0 1
35 64 0 1
27 65 0 1
33 65 0 1
34 65 0 1
35 65 0 1
36 65 0 1
3 66 0 1
27 66 0 1
33 66 0 1
34 66 0 1
35 66 0 1
36 66 0 1
33 67 0 1
34 67 0 1
35 67 0 1
36 67 0 1
33 68 0 1
34 68 0 1
35 68 0 1
33 69 0 1
34 69 0 1
35 69 0 1
33 71 0 1
35 71 0 1
33 74 0 1
34 74 0 1
27 76 0 1
27 77 0 1
