1 3 0 0
3 4 0 0
2 5 0 0
3 7 0 0
4 7 0 0
3 8 0 0
6 8 0 0
7 8 0 0
2 9 0 0
5 9 0 0
6 9 0 0
3 10 0 0
6 10 0 0
7 10 0 0
8 10 0 0
3 11 0 0
6 11 0 0
7 11 0 0
8 11 0 0
10 11 0 0
3 12 0 0
6 12 0 0
7 12 0 0
8 12 0 0
10 12 0 0
11 12 0 0
3 13 0 0
6 13 0 0
7 13 0 0
8 13 0 0
10 13 0 0
11 13 0 0
12 13 0 0
2 14 0 0
1 15 0 0
3 15 0 0
4 15 0 0
1 16 0 0
3 16 0 0
4 16 0 0
15 16 0 0
6 17 0 0
10 17 0 0
11 17 0 0
13 17 0 0
2 18 0 0
5 18 0 0
9 18 0 0
14 18 0 0
3 19 0 0
6 19 0 0
8 19 0 0
10 19 0 0
11 19 0 0
12 19 0 0
13 19 0 0
17 19 0 0
2 20 0 0
5 20 0 0
9 20 0 0
17 20 0 0
18 20 0 0
1 21 0 0
3 21 0 0
7 21 0 0
8 21 0 0
10 21 0 0
12 21 0 0
13 21 0 0
15 21 0 0
3 22 0 0
6 22 0 0
7 22 0 0
8 22 0 0
10 22 0 0
11 22 0 0
12 22 0 0
13 22 0 0
17 22 0 0
19 22 0 0
21 22 0 0
1 23 0 0
3 23 0 0
4 23 0 0
15 23 0 0
16 23 0 0
21 23 0 0
6 24 0 0
8 24 0 0
10 24 0 0
11 24 0 0
12 24 0 0
13 24 0 0
17 24 0 0
19 24 0 0
22 24 0 0
3 25 0 0
6 25 0 0
7 25 0 0
8 25 0 0
10 25 0 0
11 25 0 0
12 25 0 0
13 25 0 0
17 25 0 0
19 25 0 0
21 25 0 0
22 25 0 0
24 25 0 0
1 26 0 0
3 26 0 0
15 26 0 0
16 26 0 0
21 26 0 0
23 26 0 0
2 27 0 0
17 27 0 0
18 27 0 0
19 27 0 0
20 27 0 0
1 28 0 0
3 28 0 0
19 28 0 0
21 28 0 0
25 28 0 0
26 28 0 0
2 29 0 0
1 30 0 0
26 30 0 0
2 31 0 0
27 31 0 0
29 31 0 0
1 32 0 0
3 32 0 0
26 32 0 0
28 32 0 0
30 32 0 0
29 33 0 0
31 33 0 0
29 36 0 0
31 36 0 0
33 36 0 0
1 37 0 0
30 37 0 0
32 37 0 0
2 38 0 0
29 38 0 0
31 38 0 0
33 38 0 0
36 38 0 0
1 39 0 0
32 39 0 0
37 39 0 0
1 40 0 0
30 40 0 0
32 40 0 0
37 40 0 0
39 40 0 0
1 41 0 0
30 41 0 0
32 41 0 0
37 41 0 0
39 41 0 0
40 41 0 0
1 42 0 0
28 42 0 0
32 42 0 0
37 42 0 0
39 42 0 0
40 42 0 0
41 42 0 0
1 43 0 0
28 43 0 0
32 43 0 0
39 43 0 0
41 43 0 0
42 43 0 0
34 44 0 0
42 44 0 0
43 44 0 0
2 45 0 0
29 45 0 0
31 45 0 0
33 45 0 0
36 45 0 0
38 45 0 0
1 46 0 0
3 46 0 0
26 46 0 0
28 46 0 0
30 46 0 0
32 46 0 0
37 46 0 0
39 46 0 0
40 46 0 0
41 46 0 0
42 46 0 0
1 47 0 0
30 47 0 0
32 47 0 0
37 47 0 0
40 47 0 0
41 47 0 0
46 47 0 0
1 48 0 0
30 48 0 0
32 48 0 0
37 48 0 0
39 48 0 0
40 48 0 0
41 48 0 0
46 48 0 0
47 48 0 0
34 49 0 0
39 49 0 0
42 49 0 0
43 49 0 0
44 49 0 0
2 50 0 0
14 50 0 0
18 50 0 0
20 50 0 0
27 50 0 0
29 50 0 0
31 50 0 0
45 50 0 0
1 51 0 0
3 51 0 0
15 51 0 0
16 51 0 0
21 51 0 0
23 51 0 0
25 51 0 0
26 51 0 0
28 51 0 0
30 51 0 0
32 51 0 0
40 51 0 0
46 51 0 0
48 51 0 0
1 52 0 0
3 52 0 0
15 52 0 0
16 52 0 0
21 52 0 0
26 52 0 0
28 52 0 0
30 52 0 0
32 52 0 0
39 52 0 0
40 52 0 0
41 52 0 0
42 52 0 0
46 52 0 0
47 52 0 0
48 52 0 0
51 52 0 0
2 53 0 0
18 53 0 0
20 53 0 0
27 53 0 0
29 53 0 0
31 53 0 0
38 53 0 0
45 53 0 0
50 53 0 0
1 54 0 0
3 54 0 0
12 54 0 0
13 54 0 0
15 54 0 0
16 54 0 0
21 54 0 0
22 54 0 0
23 54 0 0
25 54 0 0
26 54 0 0
28 54 0 0
32 54 0 0
39 54 0 0
40 54 0 0
41 54 0 0
42 54 0 0
43 54 0 0
46 54 0 0
51 54 0 0
52 54 0 0
1 55 0 0
3 55 0 0
7 55 0 0
8 55 0 0
10 55 0 0
11 55 0 0
12 55 0 0
13 55 0 0
17 55 0 0
19 55 0 0
21 55 0 0
22 55 0 0
24 55 0 0
25 55 0 0
26 55 0 0
28 55 0 0
32 55 0 0
51 55 0 0
52 55 0 0
54 55 0 0
3 56 0 0
6 56 0 0
7 56 0 0
8 56 0 0
10 56 0 0
11 56 0 0
12 56 0 0
13 56 0 0
17 56 0 0
19 56 0 0
21 56 0 0
22 56 0 0
24 56 0 0
25 56 0 0
28 56 0 0
32 56 0 0
54 56 0 0
55 56 0 0
1 57 0 0
3 57 0 0
15 57 0 0
16 57 0 0
21 57 0 0
23 57 0 0
26 57 0 0
28 57 0 0
32 57 0 0
51 57 0 0
52 57 0 0
54 57 0 0
55 57 0 0
3 58 0 0
8 58 0 0
10 58 0 0
12 58 0 0
13 58 0 0
17 58 0 0
19 58 0 0
21 58 0 0
22 58 0 0
24 58 0 0
25 58 0 0
26 58 0 0
28 58 0 0
32 58 0 0
51 58 0 0
52 58 0 0
54 58 0 0
55 58 0 0
56 58 0 0
10 59 0 0
11 59 0 0
13 59 0 0
17 59 0 0
19 59 0 0
22 59 0 0
24 59 0 0
25 59 0 0
55 59 0 0
56 59 0 0
58 59 0 0
2 60 0 0
14 60 0 0
18 60 0 0
20 60 0 0
27 60 0 0
31 60 0 0
50 60 0 0
53 60 0 0
1 61 0 0
3 61 0 0
15 61 0 0
16 61 0 0
23 61 0 0
26 61 0 0
30 61 0 0
32 61 0 0
51 61 0 0
52 61 0 0
54 61 0 0
57 61 0 0
3 62 0 0
10 62 0 0
11 62 0 0
12 62 0 0
13 62 0 0
17 62 0 0
19 62 0 0
21 62 0 0
22 62 0 0
24 62 0 0
25 62 0 0
28 62 0 0
32 62 0 0
54 62 0 0
55 62 0 0
56 62 0 0
58 62 0 0
59 62 0 0
2 63 0 1
5 63 0 1
6 63 0 1
9 63 0 1
10 63 0 1
11 63 0 1
17 63 0 1
18 63 0 1
19 63 0 1
20 63 0 1
22 63 0 1
24 63 0 1
27 63 0 1
56 63 0 1
59 63 0 1
60 63 0 1
62 63 0 1
34 64 0 1
37 64 0 1
39 64 0 1
40 64 0 1
41 64 0 1
42 64 0 1
43 64 0 1
44 64 0 1
46 64 0 1
49 64 0 1
33 65 0 1
34 65 0 1
35 65 0 1
36 65 0 1
38 65 0 1
49 65 0 1
34 66 0 1
2 67 0 1
5 67 0 1
6 67 0 1
9 67 0 1
10 67 0 1
11 67 0 1
17 67 0 1
19 67 0 1
22 67 0 1
24 67 0 1
56 67 0 1
2 68 0 1
5 68 0 1
6 68 0 1
9 68 0 1
11 68 0 1
17 68 0 1
19 68 0 1
20 68 0 1
24 68 0 1
27 68 0 1
56 68 0 1
59 68 0 1
60 68 0 1
62 68 0 1
2 69 0 1
5 69 0 1
6 69 0 1
9 69 0 1
11 69 0 1
17 69 0 1
18 69 0 1
19 69 0 1
20 69 0 1
24 69 0 1
27 69 0 1
53 69 0 1
56 69 0 1
59 69 0 1
60 69 0 1
62 69 0 1
2 70 0 1
6 70 0 1
8 70 0 1
9 70 0 1
10 70 0 1
11 70 0 1
13 70 0 1
17 70 0 1
19 70 0 1
20 70 0 1
22 70 0 1
24 70 0 1
56 70 0 1
59 70 0 1
62 70 0 1
17 71 0 1
19 71 0 1
28 71 0 1
32 71 0 1
42 71 0 1
43 71 0 1
44 71 0 1
49 71 0 1
54 71 0 1
55 71 0 1
56 71 0 1
58 71 0 1
59 71 0 1
62 71 0 1
1 72 0 1
28 72 0 1
32 72 0 1
37 72 0 1
39 72 0 1
40 72 0 1
41 72 0 1
42 72 0 1
43 72 0 1
44 72 0 1
46 72 0 1
49 72 0 1
51 72 0 1
52 72 0 1
54 72 0 1
58 72 0 1
62 72 0 1
2 73 0 1
27 73 0 1
29 73 0 1
31 73 0 1
33 73 0 1
36 73 0 1
38 73 0 1
45 73 0 1
50 73 0 1
53 73 0 1
60 73 0 1
19 74 0 1
28 74 0 1
32 74 0 1
42 74 0 1
43 74 0 1
44 74 0 1
49 74 0 1
54 74 0 1
56 74 0 1
58 74 0 1
59 74 0 1
62 74 0 1
17 75 0 1
19 75 0 1
27 75 0 1
43 75 0 1
44 75 0 1
49 75 0 1
59 75 0 1
62 75 0 1
29 76 0 1
31 76 0 1
33 76 0 1
36 76 0 1
38 76 0 1
45 76 0 1
1 77 0 1
32 77 0 1
37 77 0 1
39 77 0 1
40 77 0 1
41 77 0 1
42 77 0 1
43 77 0 1
44 77 0 1
46 77 0 1
49 77 0 1
54 77 0 1
1 78 0 1
32 78 0 1
37 78 0 1
39 78 0 1
40 78 0 1
41 78 0 1
42 78 0 1
43 78 0 1
44 78 0 1
46 78 0 1
48 78 0 1
49 78 0 1
54 78 0 1
33 79 0 1
34 79 0 1
36 79 0 1
44 79 0 1
49 79 0 1
34 80 0 1
43 80 0 1
44 80 0 1
49 80 0 1
1 81 0 1
32 81 0 1
37 81 0 1
39 81 0 1
40 81 0 1
41 81 0 1
42 81 0 1
43 81 0 1
46 81 0 1
48 81 0 1
49 81 0 1
31 82 0 1
33 82 0 1
36 82 0 1
44 82 0 1
49 82 0 1
53 82 0 1
2 83 0 1
27 83 0 1
29 83 0 1
31 83 0 1
33 83 0 1
36 83 0 1
38 83 0 1
45 83 0 1
49 83 0 1
50 83 0 1
53 83 0 1
2 84 0 1
29 84 0 1
31 84 0 1
33 84 0 1
36 84 0 1
38 84 0 1
45 84 0 1
50 84 0 1
53 84 0 1
2 85 0 1
17 85 0 1
19 85 0 1
20 85 0 1
24 85 0 1
27 85 0 1
31 85 0 1
50 85 0 1
53 85 0 1
56 85 0 1
59 85 0 1
60 85 0 1
62 85 0 1
17 86 0 1
19 86 0 1
20 86 0 1
24 86 0 1
27 86 0 1
56 86 0 1
59 86 0 1
60 86 0 1
62 86 0 1
1 87 0 1
37 87 0 1
40 87 0 1
41 87 0 1
46 87 0 1
47 87 0 1
48 87 0 1
33 88 0 1
34 88 0 1
36 88 0 1
49 88 0 1
1 89 0 1
30 89 0 1
37 89 0 1
40 89 0 1
41 89 0 1
46 89 0 1
47 89 0 1
48 89 0 1
34 90 0 1
36 90 0 1
43 90 0 1
44 90 0 1
49 90 0 1
33 91 0 1
34 91 0 1
36 91 0 1
44 91 0 1
49 91 0 1
34 92 0 1
39 92 0 1
42 92 0 1
43 92 0 1
44 92 0 1
49 92 0 1
1 93 0 1
30 93 0 1
37 93 0 1
40 93 0 1
41 93 0 1
46 93 0 1
47 93 0 1
48 93 0 1
1 94 0 1
37 94 0 1
39 94 0 1
40 94 0 1
41 94 0 1
42 94 0 1
43 94 0 1
46 94 0 1
48 94 0 1
49 94 0 1
37 95 0 1
40 95 0 1
34 96 0 1
35 97 0 1
36 97 0 1
37 98 0 1
34 99 0 1
49 99 0 1
34 100 0 1
49 100 0 1
1 101 0 1
37 101 0 1
39 101 0 1
40 101 0 1
41 101 0 1
48 101 0 1
37 102 0 1
39 102 0 1
40 102 0 1
41 102 0 1
34 103 0 1
49 103 0 1
37 104 0 1
40 104 0 1
41 104 0 1
48 104 0 1
34 105 0 1
49 105 0 1
34 106 0 1
49 106 0 1
35 107 0 1
35 110 0 1
34 112 0 1
35 114 0 1
35 115 0 1
34 118 0 1
34 119 0 1
35 120 0 1
35 121 0 1
