1 2 0 0
2 4 0 0
2 5 0 0
4 5 0 0
1 6 0 0
2 6 0 0
4 6 0 0
5 6 0 0
3 7 0 0
4 7 0 0
1 8 0 0
2 8 0 0
4 8 0 0
5 8 0 0
6 8 0 0
3 9 0 0
7 9 0 0
3 10 0 0
7 10 0 0
9 10 0 0
2 11 0 0
4 11 0 0
5 11 0 0
6 11 0 0
7 11 0 0
8 11 0 0
2 12 0 0
4 12 0 0
5 12 0 0
6 12 0 0
8 12 0 0
11 12 0 0
1 13 0 0
2 13 0 0
4 13 0 0
5 13 0 0
6 13 0 0
8 13 0 0
11 13 0 0
12 13 0 0
3 14 0 0
7 14 0 0
9 14 0 0
10 14 0 0
3 15 0 0
7 15 0 0
9 15 0 0
10 15 0 0
11 15 0 0
14 15 0 0
2 16 0 0
4 16 0 0
5 16 0 0
6 16 0 0
8 16 0 0
11 16 0 0
12 16 0 0
13 16 0 0
3 17 0 0
7 17 0 0
9 17 0 0
10 17 0 0
14 17 0 0
15 17 0 0
3 18 0 0
7 18 0 0
9 18 0 0
10 18 0 0
14 18 0 0
15 18 0 0
17 18 0 0
3 19 0 0
7 19 0 0
9 19 0 0
10 19 0 0
14 19 0 0
15 19 0 0
17 19 0 0
18 19 0 0
3 20 0 0
7 20 0 0
9 20 0 0
10 20 0 0
14 20 0 0
15 20 0 0
17 20 0 0
18 20 0 0
19 20 0 0
3 21 0 0
7 21 0 0
9 21 0 0
10 21 0 0
14 21 0 0
15 21 0 0
17 21 0 0
18 21 0 0
19 21 0 0
20 21 0 0
3 22 0 0
7 22 0 0
9 22 0 0
10 22 0 0
14 22 0 0
15 22 0 0
17 22 0 0
18 22 0 0
19 22 0 0
20 22 0 0
21 22 0 0
3 23 0 0
7 23 0 0
9 23 0 0
10 23 0 0
14 23 0 0
15 23 0 0
17 23 0 0
18 23 0 0
19 23 0 0
20 23 0 0
21 23 0 0
22 23 0 0
2 24 0 0
4 24 0 0
11 24 0 0
12 24 0 0
16 24 0 0
1 25 0 0
2 25 0 0
12 25 0 0
13 25 0 0
24 25 0 0
1 26 0 0
2 26 0 0
25 26 0 0
1 27 0 0
2 27 0 0
25 27 0 0
26 27 0 0
1 28 0 0
2 28 0 0
25 28 0 0
26 28 0 0
27 28 0 0
1 29 0 0
1 30 0 0
26 30 0 0
27 30 0 0
28 30 0 0
29 30 0 0
1 31 0 0
27 32 0 0
30 32 0 0
31 32 0 0
1 33 0 0
29 33 0 0
31 33 0 0
32 33 0 0
1 34 0 0
29 34 0 0
31 34 0 0
32 34 0 0
33 34 0 0
1 35 0 0
26 35 0 0
27 35 0 0
28 35 0 0
29 35 0 0
30 35 0 0
31 35 0 0
32 35 0 0
33 35 0 0
34 35 0 0
1 36 0 0
27 36 0 0
29 36 0 0
30 36 0 0
31 36 0 0
32 36 0 0
33 36 0 0
34 36 0 0
35 36 0 0
1 37 0 0
27 37 0 0
29 37 0 0
30 37 0 0
31 37 0 0
32 37 0 0
33 37 0 0
34 37 0 0
35 37 0 0
36 37 0 0
31 38 0 0
32 38 0 0
33 38 0 0
34 38 0 0
36 38 0 0
37 38 0 0
31 39 0 0
32 39 0 0
33 39 0 0
34 39 0 0
35 39 0 0
36 39 0 0
37 39 0 0
38 39 0 0
31 40 0 0
32 40 0 0
33 40 0 0
34 40 0 0
36 40 0 0
37 40 0 0
38 40 0 0
39 40 0 0
38 41 0 0
39 41 0 0
40 41 0 0
31 42 0 0
32 42 0 0
38 42 0 0
39 42 0 0
40 42 0 0
41 42 0 0
31 43 0 0
32 43 0 0
38 43 0 0
39 43 0 0
40 43 0 0
41 43 0 0
42 43 0 0
1 44 0 0
26 44 0 0
27 44 0 0
28 44 0 0
29 44 0 0
30 44 0 0
31 44 0 0
32 44 0 0
33 44 0 0
34 44 0 0
35 44 0 0
36 44 0 0
37 44 0 0
1 45 0 0
27 45 0 0
29 45 0 0
30 45 0 0
31 45 0 0
32 45 0 0
33 45 0 0
34 45 0 0
35 45 0 0
36 45 0 0
37 45 0 0
38 45 0 0
44 45 0 0
1 46 0 0
27 46 0 0
29 46 0 0
30 46 0 0
31 46 0 0
32 46 0 0
33 46 0 0
34 46 0 0
35 46 0 0
36 46 0 0
37 46 0 0
38 46 0 0
39 46 0 0
44 46 0 0
45 46 0 0
1 47 0 0
29 47 0 0
31 47 0 0
33 47 0 0
34 47 0 0
36 47 0 0
37 47 0 0
44 47 0 0
45 47 0 0
46 47 0 0
1 48 0 0
2 48 0 0
12 48 0 0
16 48 0 0
24 48 0 0
25 48 0 0
26 48 0 0
27 48 0 0
28 48 0 0
1 49 0 0
2 49 0 0
16 49 0 0
24 49 0 0
25 49 0 0
26 49 0 0
27 49 0 0
28 49 0 0
48 49 0 0
1 50 0 0
2 50 0 0
4 50 0 0
5 50 0 0
6 50 0 0
8 50 0 0
11 50 0 0
12 50 0 0
13 50 0 0
16 50 0 0
24 50 0 0
25 50 0 0
48 50 0 0
49 50 0 0
1 51 0 0
2 51 0 0
5 51 0 0
6 51 0 0
8 51 0 0
12 51 0 0
13 51 0 0
25 51 0 0
48 51 0 0
50 51 0 0
1 52 0 0
2 52 0 0
4 52 0 0
5 52 0 0
6 52 0 0
8 52 0 0
11 52 0 0
12 52 0 0
13 52 0 0
16 52 0 0
24 52 0 0
25 52 0 0
48 52 0 0
49 52 0 0
50 52 0 0
51 52 0 0
2 53 0 0
4 53 0 0
5 53 0 0
8 53 0 0
11 53 0 0
12 53 0 0
16 53 0 0
24 53 0 0
25 53 0 0
28 53 0 0
48 53 0 0
49 53 0 0
50 53 0 0
52 53 0 0
41 54 0 1
43 54 0 1
2 56 0 1
4 56 0 1
5 56 0 1
7 56 0 1
11 56 0 1
12 56 0 1
15 56 0 1
16 56 0 1
18 56 0 1
21 56 0 1
24 56 0 1
48 56 0 1
49 56 0 1
50 56 0 1
52 56 0 1
53 56 0 1
2 57 0 1
18 57 0 1
21 57 0 1
23 57 0 1
24 57 0 1
49 57 0 1
50 57 0 1
52 57 0 1
53 57 0 1
2 58 0 1
24 58 0 1
49 58 0 1
53 58 0 1
18 59 0 1
2 60 0 1
18 60 0 1
24 60 0 1
49 60 0 1
50 60 0 1
52 60 0 1
53 60 0 1
2 61 0 1
18 61 0 1
24 61 0 1
49 61 0 1
50 61 0 1
53 61 0 1
2 62 0 1
24 62 0 1
48 62 0 1
49 62 0 1
50 62 0 1
52 62 0 1
53 62 0 1
24 64 0 1
49 64 0 1
24 66 0 1
26 66 0 1
49 66 0 1
49 67 0 1
26 76 0 1
27 76 0 1
28 76 0 1
30 76 0 1
32 76 0 1
26 77 0 1
26 79 0 1
31 83 0 1
32 83 0 1
33 83 0 1
34 83 0 1
35 83 0 1
36 83 0 1
37 83 0 1
38 83 0 1
39 83 0 1
40 83 0 1
41 83 0 1
42 83 0 1
43 83 0 1
45 83 0 1
30 85 0 1
32 85 0 1
35 85 0 1
36 85 0 1
37 85 0 1
39 85 0 1
42 85 0 1
43 85 0 1
44 85 0 1
41 91 0 1
42 91 0 1
43 91 0 1
41 92 0 1
42 92 0 1
43 92 0 1
41 94 0 1
43 94 0 1
