2 3 0 0
2 5 0 0
3 5 0 0
4 6 0 0
5 6 0 0
4 7 0 0
6 7 0 0
3 8 0 0
5 8 0 0
6 8 0 0
7 8 0 0
3 9 0 0
5 9 0 0
6 9 0 0
7 9 0 0
8 9 0 0
2 10 0 0
3 10 0 0
5 10 0 0
8 10 0 0
9 10 0 0
2 11 0 0
3 11 0 0
4 12 0 0
6 12 0 0
7 12 0 0
4 13 0 0
6 13 0 0
7 13 0 0
12 13 0 0
2 14 0 0
3 14 0 0
5 14 0 0
8 14 0 0
9 14 0 0
10 14 0 0
2 15 0 0
3 15 0 0
5 15 0 0
6 15 0 0
7 15 0 0
8 15 0 0
9 15 0 0
10 15 0 0
14 15 0 0
4 16 0 0
6 16 0 0
7 16 0 0
8 16 0 0
9 16 0 0
12 16 0 0
13 16 0 0
15 16 0 0
4 17 0 0
6 17 0 0
7 17 0 0
8 17 0 0
12 17 0 0
13 17 0 0
15 17 0 0
16 17 0 0
4 18 0 0
6 18 0 0
7 18 0 0
12 18 0 0
13 18 0 0
16 18 0 0
17 18 0 0
10 19 0 0
14 19 0 0
15 19 0 0
6 20 0 0
7 20 0 0
8 20 0 0
12 20 0 0
13 20 0 0
15 20 0 0
16 20 0 0
17 20 0 0
18 20 0 0
4 21 0 0
6 21 0 0
7 21 0 0
12 21 0 0
13 21 0 0
16 21 0 0
17 21 0 0
18 21 0 0
20 21 0 0
6 22 0 0
7 22 0 0
8 22 0 0
15 22 0 0
16 22 0 0
17 22 0 0
18 22 0 0
19 22 0 0
20 22 0 0
21 22 0 0
6 23 0 0
7 23 0 0
12 23 0 0
13 23 0 0
16 23 0 0
17 23 0 0
18 23 0 0
20 23 0 0
21 23 0 0
22 23 0 0
7 24 0 0
12 24 0 0
13 24 0 0
16 24 0 0
17 24 0 0
18 24 0 0
20 24 0 0
21 24 0 0
22 24 0 0
23 24 0 0
20 25 0 0
21 25 0 0
23 25 0 0
24 25 0 0
20 26 0 0
21 26 0 0
22 26 0 0
23 26 0 0
24 26 0 0
20 27 0 0
21 27 0 0
23 27 0 0
24 27 0 0
25 27 0 0
26 27 0 0
20 28 0 0
21 28 0 0
22 28 0 0
23 28 0 0
24 28 0 0
25 28 0 0
26 28 0 0
27 28 0 0
19 29 0 0
19 30 0 0
20 30 0 0
22 30 0 0
26 30 0 0
29 30 0 0
20 31 0 0
21 31 0 0
22 31 0 0
23 31 0 0
24 31 0 0
25 31 0 0
26 31 0 0
27 31 0 0
28 31 0 0
30 31 0 0
19 32 0 0
22 32 0 0
26 32 0 0
29 32 0 0
30 32 0 0
31 32 0 0
19 33 0 0
20 33 0 0
22 33 0 0
26 33 0 0
28 33 0 0
29 33 0 0
30 33 0 0
31 33 0 0
32 33 0 0
20 34 0 0
21 34 0 0
22 34 0 0
23 34 0 0
24 34 0 0
25 34 0 0
26 34 0 0
27 34 0 0
28 34 0 0
30 34 0 0
31 34 0 0
32 34 0 0
33 34 0 0
20 35 0 0
22 35 0 0
23 35 0 0
26 35 0 0
28 35 0 0
29 35 0 0
30 35 0 0
31 35 0 0
32 35 0 0
33 35 0 0
34 35 0 0
19 36 0 0
29 36 0 0
30 36 0 0
32 36 0 0
33 36 0 0
20 37 0 0
21 37 0 0
22 37 0 0
23 37 0 0
24 37 0 0
25 37 0 0
26 37 0 0
27 37 0 0
28 37 0 0
31 37 0 0
33 37 0 0
34 37 0 0
35 37 0 0
21 38 0 0
23 38 0 0
24 38 0 0
25 38 0 0
27 38 0 0
28 38 0 0
31 38 0 0
34 38 0 0
37 38 0 0
12 39 0 0
24 39 0 0
25 39 0 0
27 39 0 0
38 39 0 0
12 40 0 0
13 40 0 0
17 40 0 0
18 40 0 0
20 40 0 0
21 40 0 0
23 40 0 0
24 40 0 0
25 40 0 0
27 40 0 0
28 40 0 0
31 40 0 0
34 40 0 0
37 40 0 0
38 40 0 0
39 40 0 0
12 41 0 0
13 41 0 0
17 41 0 0
18 41 0 0
20 41 0 0
21 41 0 0
22 41 0 0
23 41 0 0
24 41 0 0
25 41 0 0
26 41 0 0
27 41 0 0
28 41 0 0
31 41 0 0
34 41 0 0
35 41 0 0
37 41 0 0
38 41 0 0
39 41 0 0
40 41 0 0
15 42 0 0
19 42 0 0
20 42 0 0
22 42 0 0
26 42 0 0
29 42 0 0
30 42 0 0
32 42 0 0
33 42 0 0
35 42 0 0
36 42 0 0
7 43 0 0
12 43 0 0
13 43 0 0
16 43 0 0
17 43 0 0
18 43 0 0
20 43 0 0
21 43 0 0
22 43 0 0
23 43 0 0
24 43 0 0
25 43 0 0
26 43 0 0
27 43 0 0
28 43 0 0
30 43 0 0
31 43 0 0
32 43 0 0
33 43 0 0
34 43 0 0
35 43 0 0
37 43 0 0
38 43 0 0
40 43 0 0
41 43 0 0
42 43 0 0
12 44 0 0
17 44 0 0
18 44 0 0
20 44 0 0
21 44 0 0
23 44 0 0
24 44 0 0
25 44 0 0
26 44 0 0
27 44 0 0
28 44 0 0
31 44 0 0
34 44 0 0
37 44 0 0
38 44 0 0
39 44 0 0
40 44 0 0
41 44 0 0
43 44 0 0
15 45 0 0
19 45 0 0
20 45 0 0
22 45 0 0
26 45 0 0
29 45 0 0
30 45 0 0
31 45 0 0
32 45 0 0
33 45 0 0
34 45 0 0
35 45 0 0
36 45 0 0
37 45 0 0
42 45 0 0
43 45 0 0
15 46 0 0
19 46 0 0
29 46 0 0
30 46 0 0
32 46 0 0
33 46 0 0
35 46 0 0
36 46 0 0
42 46 0 0
45 46 0 0
17 47 0 0
18 47 0 0
20 47 0 0
21 47 0 0
22 47 0 0
23 47 0 0
24 47 0 0
25 47 0 0
26 47 0 0
27 47 0 0
28 47 0 0
31 47 0 0
33 47 0 0
34 47 0 0
35 47 0 0
37 47 0 0
38 47 0 0
40 47 0 0
41 47 0 0
43 47 0 0
44 47 0 0
45 47 0 0
4 48 0 0
6 48 0 0
7 48 0 0
12 48 0 0
13 48 0 0
16 48 0 0
17 48 0 0
18 48 0 0
20 48 0 0
21 48 0 0
22 48 0 0
23 48 0 0
24 48 0 0
25 48 0 0
26 48 0 0
27 48 0 0
28 48 0 0
31 48 0 0
39 48 0 0
40 48 0 0
41 48 0 0
43 48 0 0
44 48 0 0
47 48 0 0
6 49 0 0
7 49 0 0
8 49 0 0
9 49 0 0
15 49 0 0
16 49 0 0
17 49 0 0
18 49 0 0
20 49 0 0
21 49 0 0
22 49 0 0
23 49 0 0
24 49 0 0
26 49 0 0
30 49 0 0
31 49 0 0
41 49 0 0
42 49 0 0
43 49 0 0
45 49 0 0
47 49 0 0
48 49 0 0
4 50 0 0
6 50 0 0
7 50 0 0
8 50 0 0
12 50 0 0
13 50 0 0
16 50 0 0
17 50 0 0
18 50 0 0
20 50 0 0
21 50 0 0
22 50 0 0
23 50 0 0
24 50 0 0
26 50 0 0
28 50 0 0
31 50 0 0
37 50 0 0
40 50 0 0
41 50 0 0
43 50 0 0
44 50 0 0
47 50 0 0
48 50 0 0
49 50 0 0
4 51 0 0
6 51 0 0
7 51 0 0
12 51 0 0
13 51 0 0
16 51 0 0
17 51 0 0
18 51 0 0
20 51 0 0
21 51 0 0
22 51 0 0
23 51 0 0
24 51 0 0
26 51 0 0
27 51 0 0
28 51 0 0
31 51 0 0
37 51 0 0
40 51 0 0
41 51 0 0
43 51 0 0
44 51 0 0
47 51 0 0
48 51 0 0
49 51 0 0
50 51 0 0
4 52 0 0
5 52 0 0
6 52 0 0
7 52 0 0
8 52 0 0
9 52 0 0
10 52 0 0
12 52 0 0
13 52 0 0
15 52 0 0
16 52 0 0
17 52 0 0
18 52 0 0
19 52 0 0
20 52 0 0
21 52 0 0
22 52 0 0
23 52 0 0
24 52 0 0
26 52 0 0
30 52 0 0
41 52 0 0
42 52 0 0
43 52 0 0
45 52 0 0
47 52 0 0
48 52 0 0
49 52 0 0
50 52 0 0
51 52 0 0
3 53 0 0
5 53 0 0
6 53 0 0
8 53 0 0
9 53 0 0
10 53 0 0
14 53 0 0
15 53 0 0
16 53 0 0
19 53 0 0
20 53 0 0
22 53 0 0
29 53 0 0
30 53 0 0
42 53 0 0
45 53 0 0
46 53 0 0
49 53 0 0
52 53 0 0
6 54 0 0
7 54 0 0
8 54 0 0
9 54 0 0
15 54 0 0
16 54 0 0
17 54 0 0
18 54 0 0
19 54 0 0
20 54 0 0
21 54 0 0
22 54 0 0
23 54 0 0
24 54 0 0
26 54 0 0
30 54 0 0
31 54 0 0
41 54 0 0
42 54 0 0
43 54 0 0
45 54 0 0
47 54 0 0
48 54 0 0
49 54 0 0
50 54 0 0
51 54 0 0
52 54 0 0
53 54 0 0
4 55 0 0
6 55 0 0
7 55 0 0
12 55 0 0
13 55 0 0
16 55 0 0
17 55 0 0
18 55 0 0
20 55 0 0
21 55 0 0
22 55 0 0
23 55 0 0
24 55 0 0
25 55 0 0
26 55 0 0
27 55 0 0
28 55 0 0
31 55 0 0
34 55 0 0
37 55 0 0
40 55 0 0
41 55 0 0
43 55 0 0
44 55 0 0
47 55 0 0
48 55 0 0
49 55 0 0
50 55 0 0
51 55 0 0
52 55 0 0
54 55 0 0
36 56 0 0
38 57 0 0
1 58 0 0
56 58 0 0
57 59 0 0
1 60 0 0
56 60 0 0
58 60 0 0
1 61 0 0
56 61 0 0
58 61 0 0
60 61 0 0
36 62 0 0
56 62 0 0
58 62 0 0
60 62 0 0
61 62 0 0
32 63 0 0
33 63 0 0
34 63 0 0
35 63 0 0
37 63 0 0
59 63 0 0
32 64 0 0
33 64 0 0
34 64 0 0
35 64 0 0
59 64 0 0
63 64 0 0
31 65 0 0
33 65 0 0
34 65 0 0
35 65 0 0
37 65 0 0
59 65 0 0
63 65 0 0
64 65 0 0
38 66 0 0
57 66 0 0
59 66 0 0
65 66 0 0
27 67 0 0
34 67 0 0
37 67 0 0
38 67 0 0
57 67 0 0
59 67 0 0
63 67 0 0
64 67 0 0
65 67 0 0
66 67 0 0
57 68 0 0
59 68 0 0
66 68 0 0
67 68 0 0
57 69 0 0
66 69 0 0
68 69 0 0
56 70 0 0
58 70 0 0
60 70 0 0
61 70 0 0
62 70 0 0
32 71 0 0
33 71 0 0
34 71 0 0
35 71 0 0
59 71 0 0
63 71 0 0
64 71 0 0
65 71 0 0
34 72 0 0
35 72 0 0
59 72 0 0
63 72 0 0
64 72 0 0
65 72 0 0
66 72 0 0
67 72 0 0
71 72 0 0
57 73 0 0
59 73 0 0
66 73 0 0
67 73 0 0
68 73 0 0
69 73 0 0
34 74 0 0
57 74 0 0
59 74 0 0
63 74 0 0
64 74 0 0
65 74 0 0
66 74 0 0
67 74 0 0
71 74 0 0
72 74 0 0
73 74 0 0
26 75 0 0
28 75 0 0
30 75 0 0
31 75 0 0
32 75 0 0
33 75 0 0
34 75 0 0
35 75 0 0
37 75 0 0
45 75 0 0
47 75 0 0
59 75 0 0
63 75 0 0
64 75 0 0
65 75 0 0
67 75 0 0
71 75 0 0
72 75 0 0
74 75 0 0
29 76 0 0
36 76 0 0
56 76 0 0
58 76 0 0
60 76 0 0
61 76 0 0
62 76 0 0
70 76 0 0
26 77 0 0
27 77 0 0
28 77 0 0
31 77 0 0
32 77 0 0
33 77 0 0
34 77 0 0
35 77 0 0
37 77 0 0
38 77 0 0
41 77 0 0
47 77 0 0
59 77 0 0
63 77 0 0
64 77 0 0
65 77 0 0
67 77 0 0
71 77 0 0
72 77 0 0
74 77 0 0
75 77 0 0
25 78 0 0
27 78 0 0
28 78 0 0
31 78 0 0
34 78 0 0
37 78 0 0
38 78 0 0
40 78 0 0
41 78 0 0
44 78 0 0
47 78 0 0
57 78 0 0
59 78 0 0
63 78 0 0
65 78 0 0
66 78 0 0
67 78 0 0
68 78 0 0
69 78 0 0
72 78 0 0
73 78 0 0
74 78 0 0
75 78 0 0
77 78 0 0
25 79 0 0
27 79 0 0
28 79 0 0
38 79 0 0
40 79 0 0
41 79 0 0
44 79 0 0
57 79 0 0
59 79 0 0
65 79 0 0
66 79 0 0
67 79 0 0
68 79 0 0
69 79 0 0
72 79 0 0
73 79 0 0
74 79 0 0
77 79 0 0
78 79 0 0
25 80 0 0
27 80 0 0
38 80 0 0
57 80 0 0
59 80 0 0
66 80 0 0
67 80 0 0
68 80 0 0
69 80 0 0
73 80 0 0
78 80 0 0
79 80 0 0
29 81 0 0
36 81 0 0
46 81 0 0
56 81 0 0
58 81 0 0
60 81 0 0
61 81 0 0
62 81 0 0
70 81 0 0
76 81 0 0
19 82 0 0
29 82 0 0
30 82 0 0
32 82 0 0
33 82 0 0
35 82 0 0
36 82 0 0
42 82 0 0
45 82 0 0
46 82 0 0
56 82 0 0
60 82 0 0
61 82 0 0
62 82 0 0
70 82 0 0
76 82 0 0
81 82 0 0
25 83 0 0
27 83 0 0
38 83 0 0
39 83 0 0
40 83 0 0
41 83 0 0
44 83 0 0
57 83 0 0
66 83 0 0
67 83 0 0
68 83 0 0
69 83 0 0
73 83 0 0
78 83 0 0
79 83 0 0
80 83 0 0
20 84 0 0
21 84 0 0
23 84 0 0
24 84 0 0
25 84 0 0
26 84 0 0
27 84 0 0
28 84 0 0
31 84 0 0
34 84 0 0
35 84 0 0
37 84 0 0
38 84 0 0
39 84 0 0
40 84 0 0
41 84 0 0
43 84 0 0
44 84 0 0
47 84 0 0
57 84 0 0
59 84 0 0
63 84 0 0
65 84 0 0
66 84 0 0
67 84 0 0
68 84 0 0
72 84 0 0
73 84 0 0
74 84 0 0
75 84 0 0
77 84 0 0
78 84 0 0
79 84 0 0
80 84 0 0
83 84 0 0
25 85 0 0
26 85 0 0
27 85 0 0
28 85 0 0
31 85 0 0
34 85 0 0
35 85 0 0
37 85 0 0
38 85 0 0
40 85 0 0
41 85 0 0
43 85 0 0
44 85 0 0
47 85 0 0
57 85 0 0
59 85 0 0
63 85 0 0
64 85 0 0
65 85 0 0
66 85 0 0
67 85 0 0
72 85 0 0
73 85 0 0
74 85 0 0
75 85 0 0
77 85 0 0
78 85 0 0
79 85 0 0
80 85 0 0
83 85 0 0
84 85 0 0
25 86 0 0
27 86 0 0
38 86 0 0
39 86 0 0
40 86 0 0
44 86 0 0
57 86 0 0
59 86 0 0
66 86 0 0
67 86 0 0
68 86 0 0
69 86 0 0
73 86 0 0
78 86 0 0
79 86 0 0
80 86 0 0
83 86 0 0
84 86 0 0
85 86 0 0
25 87 0 0
27 87 0 0
28 87 0 0
38 87 0 0
39 87 0 0
40 87 0 0
41 87 0 0
44 87 0 0
57 87 0 0
59 87 0 0
66 87 0 0
67 87 0 0
68 87 0 0
69 87 0 0
73 87 0 0
78 87 0 0
79 87 0 0
80 87 0 0
83 87 0 0
84 87 0 0
85 87 0 0
86 87 0 0
59 88 0 0
63 88 0 0
64 88 0 0
65 88 0 0
66 88 0 0
67 88 0 0
71 88 0 0
72 88 0 0
74 88 0 0
77 88 0 0
78 88 0 0
57 89 0 0
59 89 0 0
63 89 0 0
65 89 0 0
66 89 0 0
67 89 0 0
71 89 0 0
72 89 0 0
73 89 0 0
74 89 0 0
77 89 0 0
78 89 0 0
79 89 0 0
88 89 0 0
68 90 0 0
69 90 0 0
73 90 0 0
86 90 0 0
57 91 0 0
59 91 0 0
66 91 0 0
68 91 0 0
69 91 0 0
73 91 0 0
78 91 0 0
86 91 0 0
89 91 0 0
90 91 0 0
1 92 0 0
58 92 0 0
61 92 0 0
1 93 0 0
58 93 0 0
60 93 0 0
61 93 0 0
62 93 0 0
70 93 0 0
92 93 0 0
59 94 0 0
63 94 0 0
64 94 0 0
65 94 0 0
71 94 0 0
72 94 0 0
74 94 0 0
88 94 0 0
89 94 0 0
63 95 0 0
64 95 0 0
71 95 0 0
94 95 0 0
1 96 0 0
58 96 0 0
60 96 0 0
61 96 0 0
62 96 0 0
70 96 0 0
93 96 0 0
95 96 0 0
59 97 0 0
66 97 0 0
68 97 0 0
69 97 0 0
73 97 0 0
78 97 0 0
88 97 0 0
89 97 0 0
90 97 0 0
91 97 0 0
1 98 0 0
58 98 0 0
60 98 0 0
61 98 0 0
70 98 0 0
92 98 0 0
93 98 0 0
96 98 0 0
1 99 0 0
71 99 0 0
94 99 0 0
95 99 0 0
96 99 0 0
63 100 0 0
64 100 0 0
65 100 0 0
71 100 0 0
72 100 0 0
88 100 0 0
94 100 0 0
95 100 0 0
99 100 0 0
59 101 0 0
63 101 0 0
64 101 0 0
65 101 0 0
67 101 0 0
71 101 0 0
72 101 0 0
74 101 0 0
78 101 0 0
88 101 0 0
89 101 0 0
94 101 0 0
95 101 0 0
100 101 0 0
1 102 0 0
58 102 0 0
61 102 0 0
92 102 0 0
93 102 0 0
98 102 0 0
59 103 0 0
72 103 0 0
74 103 0 0
78 103 0 0
88 103 0 0
89 103 0 0
91 103 0 0
94 103 0 0
97 103 0 0
101 103 0 0
59 104 0 0
63 104 0 0
71 104 0 0
72 104 0 0
74 104 0 0
88 104 0 0
89 104 0 0
94 104 0 0
95 104 0 0
99 104 0 0
100 104 0 0
101 104 0 0
103 104 0 0
1 105 0 0
58 105 0 0
60 105 0 0
61 105 0 0
70 105 0 0
92 105 0 0
93 105 0 0
96 105 0 0
98 105 0 0
102 105 0 0
71 106 0 0
72 106 0 0
88 106 0 0
89 106 0 0
94 106 0 0
95 106 0 0
99 106 0 0
100 106 0 0
101 106 0 0
103 106 0 0
104 106 0 0
90 107 0 0
91 107 0 0
97 107 0 0
1 108 0 0
95 108 0 0
96 108 0 0
99 108 0 0
105 108 0 0
1 109 0 0
92 109 0 0
93 109 0 0
96 109 0 0
98 109 0 0
102 109 0 0
105 109 0 0
1 110 0 0
94 110 0 0
95 110 0 0
96 110 0 0
99 110 0 0
100 110 0 0
101 110 0 0
104 110 0 0
106 110 0 0
108 110 0 0
1 111 0 0
95 111 0 0
96 111 0 0
99 111 0 0
100 111 0 0
106 111 0 0
108 111 0 0
110 111 0 0
90 112 0 0
91 112 0 0
97 112 0 0
103 112 0 0
107 112 0 0
1 113 0 0
93 113 0 0
96 113 0 0
98 113 0 0
99 113 0 0
105 113 0 0
108 113 0 0
109 113 0 0
110 113 0 0
111 113 0 0
97 114 0 0
103 114 0 0
107 114 0 0
112 114 0 0
1 115 0 0
96 115 0 0
99 115 0 0
108 115 0 0
110 115 0 0
111 115 0 0
113 115 0 0
103 116 0 0
104 116 0 0
106 116 0 0
110 116 0 0
114 116 0 0
1 117 0 0
92 117 0 0
93 117 0 0
98 117 0 0
102 117 0 0
105 117 0 0
109 117 0 0
94 118 0 0
95 118 0 0
101 118 0 0
103 118 0 0
104 118 0 0
106 118 0 0
110 118 0 0
116 118 0 0
1 119 0 0
92 119 0 0
93 119 0 0
96 119 0 0
98 119 0 0
102 119 0 0
105 119 0 0
109 119 0 0
113 119 0 0
117 119 0 0
94 120 0 0
101 120 0 0
103 120 0 0
104 120 0 0
106 120 0 0
112 120 0 0
114 120 0 0
116 120 0 0
118 120 0 0
94 121 0 0
95 121 0 0
99 121 0 0
100 121 0 0
101 121 0 0
103 121 0 0
104 121 0 0
106 121 0 0
108 121 0 0
110 121 0 0
111 121 0 0
115 121 0 0
116 121 0 0
118 121 0 0
120 121 0 0
1 122 0 0
92 122 0 0
93 122 0 0
96 122 0 0
98 122 0 0
102 122 0 0
105 122 0 0
109 122 0 0
113 122 0 0
117 122 0 0
119 122 0 0
1 123 0 0
92 123 0 0
93 123 0 0
96 123 0 0
98 123 0 0
102 123 0 0
105 123 0 0
108 123 0 0
109 123 0 0
113 123 0 0
117 123 0 0
119 123 0 0
122 123 0 0
1 124 0 0
94 124 0 0
95 124 0 0
96 124 0 0
99 124 0 0
100 124 0 0
104 124 0 0
106 124 0 0
108 124 0 0
110 124 0 0
111 124 0 0
113 124 0 0
115 124 0 0
118 124 0 0
121 124 0 0
1 125 0 0
94 125 0 0
95 125 0 0
99 125 0 0
100 125 0 0
104 125 0 0
106 125 0 0
108 125 0 0
110 125 0 0
111 125 0 0
113 125 0 0
115 125 0 0
116 125 0 0
118 125 0 0
120 125 0 0
121 125 0 0
124 125 0 0
1 126 0 0
95 126 0 0
96 126 0 0
99 126 0 0
108 126 0 0
110 126 0 0
111 126 0 0
113 126 0 0
115 126 0 0
121 126 0 0
124 126 0 0
125 126 0 0
89 127 0 0
91 127 0 0
97 127 0 0
101 127 0 0
103 127 0 0
104 127 0 0
107 127 0 0
112 127 0 0
114 127 0 0
116 127 0 0
118 127 0 0
120 127 0 0
94 128 0 0
95 128 0 0
99 128 0 0
100 128 0 0
101 128 0 0
103 128 0 0
104 128 0 0
106 128 0 0
110 128 0 0
111 128 0 0
116 128 0 0
118 128 0 0
120 128 0 0
121 128 0 0
124 128 0 0
125 128 0 0
126 128 0 0
127 128 0 0
88 129 0 0
94 129 0 0
101 129 0 0
103 129 0 0
104 129 0 0
106 129 0 0
112 129 0 0
114 129 0 0
116 129 0 0
118 129 0 0
120 129 0 0
121 129 0 0
125 129 0 0
127 129 0 0
128 129 0 0
1 130 0 0
92 130 0 0
93 130 0 0
98 130 0 0
102 130 0 0
105 130 0 0
109 130 0 0
113 130 0 0
115 130 0 0
117 130 0 0
119 130 0 0
122 130 0 0
123 130 0 0
90 131 0 0
91 131 0 0
97 131 0 0
103 131 0 0
107 131 0 0
112 131 0 0
114 131 0 0
116 131 0 0
120 131 0 0
127 131 0 0
129 131 0 0
1 132 0 0
94 132 0 0
95 132 0 0
99 132 0 0
104 132 0 0
106 132 0 0
108 132 0 0
110 132 0 0
111 132 0 0
113 132 0 0
115 132 0 0
116 132 0 0
118 132 0 0
120 132 0 0
121 132 0 0
124 132 0 0
125 132 0 0
126 132 0 0
128 132 0 0
91 133 0 0
97 133 0 0
103 133 0 0
107 133 0 0
112 133 0 0
114 133 0 0
116 133 0 0
118 133 0 0
120 133 0 0
127 133 0 0
129 133 0 0
131 133 0 0
97 134 0 0
103 134 0 0
104 134 0 0
112 134 0 0
114 134 0 0
116 134 0 0
118 134 0 0
120 134 0 0
121 134 0 0
127 134 0 0
128 134 0 0
129 134 0 0
131 134 0 0
133 134 0 0
1 135 0 0
95 135 0 0
99 135 0 0
104 135 0 0
106 135 0 0
108 135 0 0
110 135 0 0
111 135 0 0
113 135 0 0
115 135 0 0
116 135 0 0
118 135 0 0
121 135 0 0
124 135 0 0
125 135 0 0
126 135 0 0
128 135 0 0
132 135 0 0
1 136 0 0
95 136 0 0
96 136 0 0
99 136 0 0
108 136 0 0
110 136 0 0
111 136 0 0
113 136 0 0
115 136 0 0
118 136 0 0
121 136 0 0
124 136 0 0
125 136 0 0
126 136 0 0
128 136 0 0
132 136 0 0
135 136 0 0
94 137 0 0
95 137 0 0
99 137 0 0
103 137 0 0
104 137 0 0
106 137 0 0
108 137 0 0
110 137 0 0
111 137 0 0
115 137 0 0
116 137 0 0
118 137 0 0
120 137 0 0
121 137 0 0
124 137 0 0
125 137 0 0
126 137 0 0
127 137 0 0
128 137 0 0
129 137 0 0
132 137 0 0
133 137 0 0
134 137 0 0
135 137 0 0
136 137 0 0
1 138 0 0
92 138 0 0
93 138 0 0
98 138 0 0
102 138 0 0
105 138 0 0
109 138 0 0
113 138 0 0
117 138 0 0
119 138 0 0
122 138 0 0
123 138 0 0
130 138 0 0
1 139 0 0
58 139 0 0
92 139 0 0
93 139 0 0
96 139 0 0
98 139 0 0
102 139 0 0
105 139 0 0
109 139 0 0
113 139 0 0
117 139 0 0
119 139 0 0
122 139 0 0
123 139 0 0
130 139 0 0
138 139 0 0
69 140 0 0
73 140 0 0
89 140 0 0
90 140 0 0
91 140 0 0
97 140 0 0
103 140 0 0
107 140 0 0
112 140 0 0
114 140 0 0
120 140 0 0
127 140 0 0
129 140 0 0
131 140 0 0
133 140 0 0
134 140 0 0
71 141 0 0
88 141 0 0
94 141 0 0
95 141 0 0
99 141 0 0
100 141 0 0
101 141 0 0
103 141 0 0
104 141 0 0
106 141 0 0
108 141 0 0
110 141 0 0
111 141 0 0
116 141 0 0
118 141 0 0
120 141 0 0
121 141 0 0
124 141 0 0
125 141 0 0
126 141 0 0
128 141 0 0
129 141 0 0
132 141 0 0
135 141 0 0
136 141 0 0
137 141 0 0
94 142 0 0
95 142 0 0
99 142 0 0
100 142 0 0
101 142 0 0
104 142 0 0
106 142 0 0
108 142 0 0
110 142 0 0
111 142 0 0
115 142 0 0
116 142 0 0
118 142 0 0
120 142 0 0
121 142 0 0
124 142 0 0
125 142 0 0
126 142 0 0
128 142 0 0
129 142 0 0
132 142 0 0
135 142 0 0
136 142 0 0
137 142 0 0
141 142 0 0
89 143 0 0
90 143 0 0
91 143 0 0
97 143 0 0
103 143 0 0
107 143 0 0
112 143 0 0
114 143 0 0
120 143 0 0
127 143 0 0
131 143 0 0
133 143 0 0
134 143 0 0
140 143 0 0
59 144 0 0
88 144 0 0
89 144 0 0
91 144 0 0
94 144 0 0
97 144 0 0
101 144 0 0
103 144 0 0
104 144 0 0
106 144 0 0
112 144 0 0
114 144 0 0
116 144 0 0
118 144 0 0
120 144 0 0
121 144 0 0
127 144 0 0
128 144 0 0
129 144 0 0
131 144 0 0
133 144 0 0
134 144 0 0
137 144 0 0
140 144 0 0
141 144 0 0
142 144 0 0
143 144 0 0
88 145 0 0
94 145 0 0
95 145 0 0
99 145 0 0
100 145 0 0
101 145 0 0
103 145 0 0
104 145 0 0
106 145 0 0
110 145 0 0
111 145 0 0
116 145 0 0
118 145 0 0
120 145 0 0
121 145 0 0
124 145 0 0
125 145 0 0
126 145 0 0
128 145 0 0
129 145 0 0
132 145 0 0
135 145 0 0
136 145 0 0
137 145 0 0
141 145 0 0
142 145 0 0
144 145 0 0
1 146 0 0
93 146 0 0
95 146 0 0
96 146 0 0
98 146 0 0
99 146 0 0
105 146 0 0
108 146 0 0
109 146 0 0
110 146 0 0
111 146 0 0
113 146 0 0
115 146 0 0
119 146 0 0
122 146 0 0
123 146 0 0
124 146 0 0
125 146 0 0
126 146 0 0
130 146 0 0
132 146 0 0
135 146 0 0
136 146 0 0
139 146 0 0
142 146 0 0
88 147 0 0
89 147 0 0
94 147 0 0
95 147 0 0
99 147 0 0
100 147 0 0
101 147 0 0
103 147 0 0
104 147 0 0
106 147 0 0
110 147 0 0
116 147 0 0
118 147 0 0
120 147 0 0
121 147 0 0
124 147 0 0
125 147 0 0
127 147 0 0
128 147 0 0
129 147 0 0
131 147 0 0
132 147 0 0
133 147 0 0
134 147 0 0
135 147 0 0
137 147 0 0
141 147 0 0
142 147 0 0
144 147 0 0
145 147 0 0
1 148 0 0
93 148 0 0
95 148 0 0
96 148 0 0
98 148 0 0
99 148 0 0
105 148 0 0
108 148 0 0
109 148 0 0
110 148 0 0
111 148 0 0
113 148 0 0
115 148 0 0
119 148 0 0
122 148 0 0
123 148 0 0
124 148 0 0
126 148 0 0
130 148 0 0
132 148 0 0
135 148 0 0
136 148 0 0
138 148 0 0
139 148 0 0
146 148 0 0
1 149 0 0
56 149 0 0
58 149 0 0
60 149 0 0
61 149 0 0
62 149 0 0
70 149 0 0
76 149 0 0
92 149 0 0
93 149 0 0
96 149 0 0
98 149 0 0
102 149 0 0
105 149 0 0
138 149 0 0
139 149 0 0
146 149 0 0
148 149 0 0
57 150 0 0
59 150 0 0
66 150 0 0
67 150 0 0
68 150 0 0
69 150 0 0
72 150 0 0
73 150 0 0
74 150 0 0
78 150 0 0
79 150 0 0
80 150 0 0
86 150 0 0
87 150 0 0
88 150 0 0
89 150 0 0
90 150 0 0
91 150 0 0
97 150 0 0
103 150 0 0
140 150 0 0
143 150 0 0
144 150 0 0
57 151 0 0
59 151 0 0
63 151 0 0
65 151 0 0
66 151 0 0
67 151 0 0
68 151 0 0
72 151 0 0
73 151 0 0
74 151 0 0
77 151 0 0
78 151 0 0
79 151 0 0
80 151 0 0
84 151 0 0
85 151 0 0
86 151 0 0
87 151 0 0
88 151 0 0
89 151 0 0
91 151 0 0
94 151 0 0
97 151 0 0
101 151 0 0
103 151 0 0
104 151 0 0
140 151 0 0
143 151 0 0
144 151 0 0
147 151 0 0
150 151 0 0
56 152 0 0
58 152 0 0
60 152 0 0
61 152 0 0
62 152 0 0
76 152 0 0
92 152 0 0
93 152 0 0
98 152 0 0
102 152 0 0
105 152 0 0
138 152 0 0
139 152 0 0
149 152 0 0
1 153 0 0
56 153 0 0
58 153 0 0
60 153 0 0
61 153 0 0
62 153 0 0
70 153 0 0
76 153 0 0
81 153 0 0
92 153 0 0
93 153 0 0
96 153 0 0
98 153 0 0
102 153 0 0
105 153 0 0
138 153 0 0
139 153 0 0
149 153 0 0
152 153 0 0
59 154 0 0
63 154 0 0
64 154 0 0
65 154 0 0
67 154 0 0
71 154 0 0
72 154 0 0
74 154 0 0
75 154 0 0
77 154 0 0
78 154 0 0
85 154 0 0
88 154 0 0
89 154 0 0
94 154 0 0
95 154 0 0
99 154 0 0
100 154 0 0
101 154 0 0
103 154 0 0
104 154 0 0
106 154 0 0
141 154 0 0
142 154 0 0
145 154 0 0
147 154 0 0
151 154 0 0
59 155 0 0
63 155 0 0
64 155 0 0
65 155 0 0
66 155 0 0
67 155 0 0
71 155 0 0
72 155 0 0
74 155 0 0
75 155 0 0
77 155 0 0
78 155 0 0
79 155 0 0
85 155 0 0
88 155 0 0
89 155 0 0
94 155 0 0
100 155 0 0
101 155 0 0
103 155 0 0
104 155 0 0
106 155 0 0
141 155 0 0
144 155 0 0
145 155 0 0
147 155 0 0
150 155 0 0
151 155 0 0
154 155 0 0
57 156 0 0
59 156 0 0
66 156 0 0
67 156 0 0
68 156 0 0
69 156 0 0
73 156 0 0
78 156 0 0
79 156 0 0
80 156 0 0
83 156 0 0
86 156 0 0
87 156 0 0
89 156 0 0
90 156 0 0
91 156 0 0
97 156 0 0
140 156 0 0
143 156 0 0
150 156 0 0
151 156 0 0
57 157 0 0
66 157 0 0
68 157 0 0
69 157 0 0
73 157 0 0
78 157 0 0
79 157 0 0
80 157 0 0
86 157 0 0
87 157 0 0
89 157 0 0
90 157 0 0
91 157 0 0
97 157 0 0
107 157 0 0
112 157 0 0
140 157 0 0
143 157 0 0
150 157 0 0
151 157 0 0
156 157 0 0
57 158 0 0
59 158 0 0
66 158 0 0
67 158 0 0
68 158 0 0
69 158 0 0
73 158 0 0
78 158 0 0
79 158 0 0
80 158 0 0
86 158 0 0
87 158 0 0
89 158 0 0
90 158 0 0
91 158 0 0
97 158 0 0
140 158 0 0
143 158 0 0
150 158 0 0
151 158 0 0
156 158 0 0
157 158 0 0
1 159 0 0
56 159 0 0
58 159 0 0
60 159 0 0
61 159 0 0
62 159 0 0
70 159 0 0
76 159 0 0
93 159 0 0
95 159 0 0
96 159 0 0
98 159 0 0
99 159 0 0
105 159 0 0
113 159 0 0
139 159 0 0
146 159 0 0
148 159 0 0
149 159 0 0
153 159 0 0
1 160 0 0
56 160 0 0
58 160 0 0
60 160 0 0
61 160 0 0
62 160 0 0
70 160 0 0
76 160 0 0
92 160 0 0
93 160 0 0
96 160 0 0
98 160 0 0
102 160 0 0
105 160 0 0
109 160 0 0
138 160 0 0
139 160 0 0
146 160 0 0
148 160 0 0
149 160 0 0
152 160 0 0
153 160 0 0
159 160 0 0
1 161 0 0
56 161 0 0
58 161 0 0
60 161 0 0
61 161 0 0
62 161 0 0
70 161 0 0
76 161 0 0
92 161 0 0
93 161 0 0
95 161 0 0
96 161 0 0
98 161 0 0
99 161 0 0
102 161 0 0
105 161 0 0
108 161 0 0
109 161 0 0
111 161 0 0
113 161 0 0
117 161 0 0
119 161 0 0
122 161 0 0
123 161 0 0
126 161 0 0
130 161 0 0
138 161 0 0
139 161 0 0
146 161 0 0
148 161 0 0
149 161 0 0
152 161 0 0
153 161 0 0
159 161 0 0
160 161 0 0
2 162 0 1
3 162 0 1
11 162 0 1
14 162 0 1
19 162 0 1
29 162 0 1
30 162 0 1
36 162 0 1
42 162 0 1
46 162 0 1
56 162 0 1
62 162 0 1
76 162 0 1
81 162 0 1
82 162 0 1
19 163 0 1
26 163 0 1
29 163 0 1
30 163 0 1
32 163 0 1
33 163 0 1
34 163 0 1
35 163 0 1
36 163 0 1
42 163 0 1
45 163 0 1
46 163 0 1
56 163 0 1
58 163 0 1
60 163 0 1
61 163 0 1
62 163 0 1
63 163 0 1
64 163 0 1
65 163 0 1
70 163 0 1
71 163 0 1
75 163 0 1
76 163 0 1
77 163 0 1
81 163 0 1
82 163 0 1
95 163 0 1
96 163 0 1
99 163 0 1
100 163 0 1
149 163 0 1
153 163 0 1
154 163 0 1
159 163 0 1
160 163 0 1
161 163 0 1
4 164 0 1
12 164 0 1
13 164 0 1
4 165 0 1
7 165 0 1
12 165 0 1
13 165 0 1
17 165 0 1
18 165 0 1
48 165 0 1
51 165 0 1
2 166 0 1
11 166 0 1
2 167 0 1
3 167 0 1
11 167 0 1
4 168 0 1
6 168 0 1
7 168 0 1
12 168 0 1
13 168 0 1
16 168 0 1
17 168 0 1
18 168 0 1
21 168 0 1
23 168 0 1
24 168 0 1
40 168 0 1
48 168 0 1
50 168 0 1
51 168 0 1
52 168 0 1
55 168 0 1
5 169 0 1
6 169 0 1
7 169 0 1
8 169 0 1
9 169 0 1
13 169 0 1
15 169 0 1
16 169 0 1
17 169 0 1
18 169 0 1
20 169 0 1
21 169 0 1
22 169 0 1
23 169 0 1
43 169 0 1
48 169 0 1
49 169 0 1
50 169 0 1
51 169 0 1
52 169 0 1
53 169 0 1
54 169 0 1
55 169 0 1
2 170 0 1
3 170 0 1
5 170 0 1
10 170 0 1
11 170 0 1
14 170 0 1
15 170 0 1
2 171 0 1
3 171 0 1
11 171 0 1
12 172 0 1
13 172 0 1
39 172 0 1
40 172 0 1
48 172 0 1
2 173 0 1
3 173 0 1
5 173 0 1
9 173 0 1
10 173 0 1
11 173 0 1
14 173 0 1
15 173 0 1
19 173 0 1
46 173 0 1
53 173 0 1
3 174 0 1
5 174 0 1
6 174 0 1
7 174 0 1
8 174 0 1
9 174 0 1
10 174 0 1
14 174 0 1
15 174 0 1
16 174 0 1
17 174 0 1
19 174 0 1
20 174 0 1
22 174 0 1
30 174 0 1
42 174 0 1
43 174 0 1
45 174 0 1
46 174 0 1
49 174 0 1
50 174 0 1
52 174 0 1
53 174 0 1
54 174 0 1
4 175 0 1
6 175 0 1
7 175 0 1
8 175 0 1
12 175 0 1
13 175 0 1
16 175 0 1
17 175 0 1
18 175 0 1
20 175 0 1
21 175 0 1
22 175 0 1
23 175 0 1
24 175 0 1
26 175 0 1
31 175 0 1
40 175 0 1
41 175 0 1
43 175 0 1
44 175 0 1
47 175 0 1
48 175 0 1
49 175 0 1
50 175 0 1
51 175 0 1
52 175 0 1
54 175 0 1
55 175 0 1
4 176 0 1
6 176 0 1
7 176 0 1
12 176 0 1
13 176 0 1
17 176 0 1
18 176 0 1
20 176 0 1
21 176 0 1
23 176 0 1
24 176 0 1
25 176 0 1
27 176 0 1
39 176 0 1
40 176 0 1
41 176 0 1
43 176 0 1
44 176 0 1
47 176 0 1
48 176 0 1
50 176 0 1
51 176 0 1
52 176 0 1
55 176 0 1
4 177 0 1
7 177 0 1
12 177 0 1
13 177 0 1
17 177 0 1
18 177 0 1
21 177 0 1
24 177 0 1
39 177 0 1
40 177 0 1
48 177 0 1
2 178 0 1
3 178 0 1
11 178 0 1
2 179 0 1
3 179 0 1
5 179 0 1
8 179 0 1
9 179 0 1
10 179 0 1
14 179 0 1
15 179 0 1
19 179 0 1
52 179 0 1
53 179 0 1
3 180 0 1
5 180 0 1
6 180 0 1
7 180 0 1
8 180 0 1
9 180 0 1
10 180 0 1
14 180 0 1
15 180 0 1
16 180 0 1
17 180 0 1
19 180 0 1
20 180 0 1
22 180 0 1
42 180 0 1
49 180 0 1
52 180 0 1
53 180 0 1
54 180 0 1
5 181 0 1
6 181 0 1
7 181 0 1
8 181 0 1
9 181 0 1
10 181 0 1
14 181 0 1
15 181 0 1
16 181 0 1
17 181 0 1
18 181 0 1
19 181 0 1
20 181 0 1
22 181 0 1
42 181 0 1
43 181 0 1
49 181 0 1
50 181 0 1
51 181 0 1
52 181 0 1
53 181 0 1
54 181 0 1
55 181 0 1
2 182 0 1
3 182 0 1
11 182 0 1
2 183 0 1
3 183 0 1
5 183 0 1
8 183 0 1
9 183 0 1
10 183 0 1
14 183 0 1
15 183 0 1
19 183 0 1
42 183 0 1
46 183 0 1
52 183 0 1
53 183 0 1
54 183 0 1
4 184 0 1
6 184 0 1
7 184 0 1
8 184 0 1
9 184 0 1
12 184 0 1
13 184 0 1
15 184 0 1
16 184 0 1
17 184 0 1
18 184 0 1
20 184 0 1
21 184 0 1
22 184 0 1
23 184 0 1
24 184 0 1
43 184 0 1
48 184 0 1
49 184 0 1
50 184 0 1
51 184 0 1
52 184 0 1
53 184 0 1
54 184 0 1
55 184 0 1
4 185 0 1
7 185 0 1
12 185 0 1
13 185 0 1
17 185 0 1
18 185 0 1
21 185 0 1
23 185 0 1
24 185 0 1
25 185 0 1
39 185 0 1
40 185 0 1
41 185 0 1
43 185 0 1
44 185 0 1
48 185 0 1
50 185 0 1
51 185 0 1
55 185 0 1
2 186 0 1
3 186 0 1
5 186 0 1
9 186 0 1
10 186 0 1
11 186 0 1
14 186 0 1
15 186 0 1
19 186 0 1
53 186 0 1
2 187 0 1
11 187 0 1
2 188 0 1
11 188 0 1
2 189 0 1
3 189 0 1
5 189 0 1
10 189 0 1
11 189 0 1
14 189 0 1
15 189 0 1
19 189 0 1
3 190 0 1
5 190 0 1
6 190 0 1
7 190 0 1
8 190 0 1
9 190 0 1
10 190 0 1
14 190 0 1
15 190 0 1
16 190 0 1
17 190 0 1
19 190 0 1
20 190 0 1
22 190 0 1
30 190 0 1
42 190 0 1
45 190 0 1
46 190 0 1
49 190 0 1
52 190 0 1
53 190 0 1
54 190 0 1
3 191 0 1
5 191 0 1
8 191 0 1
9 191 0 1
10 191 0 1
14 191 0 1
15 191 0 1
16 191 0 1
19 191 0 1
20 191 0 1
22 191 0 1
26 191 0 1
29 191 0 1
30 191 0 1
32 191 0 1
33 191 0 1
36 191 0 1
42 191 0 1
45 191 0 1
46 191 0 1
49 191 0 1
52 191 0 1
53 191 0 1
54 191 0 1
6 192 0 1
7 192 0 1
8 192 0 1
9 192 0 1
15 192 0 1
16 192 0 1
17 192 0 1
19 192 0 1
20 192 0 1
21 192 0 1
22 192 0 1
23 192 0 1
26 192 0 1
29 192 0 1
30 192 0 1
31 192 0 1
32 192 0 1
33 192 0 1
35 192 0 1
37 192 0 1
42 192 0 1
43 192 0 1
45 192 0 1
46 192 0 1
47 192 0 1
49 192 0 1
50 192 0 1
51 192 0 1
52 192 0 1
53 192 0 1
54 192 0 1
55 192 0 1
12 193 0 1
13 193 0 1
24 193 0 1
25 193 0 1
27 193 0 1
38 193 0 1
39 193 0 1
40 193 0 1
41 193 0 1
44 193 0 1
48 193 0 1
83 193 0 1
86 193 0 1
8 194 0 1
9 194 0 1
10 194 0 1
14 194 0 1
15 194 0 1
16 194 0 1
19 194 0 1
20 194 0 1
22 194 0 1
26 194 0 1
29 194 0 1
30 194 0 1
32 194 0 1
33 194 0 1
35 194 0 1
36 194 0 1
42 194 0 1
43 194 0 1
45 194 0 1
46 194 0 1
49 194 0 1
52 194 0 1
53 194 0 1
54 194 0 1
82 194 0 1
6 195 0 1
7 195 0 1
8 195 0 1
15 195 0 1
16 195 0 1
17 195 0 1
18 195 0 1
19 195 0 1
20 195 0 1
21 195 0 1
22 195 0 1
23 195 0 1
24 195 0 1
26 195 0 1
28 195 0 1
30 195 0 1
31 195 0 1
32 195 0 1
33 195 0 1
34 195 0 1
35 195 0 1
37 195 0 1
41 195 0 1
42 195 0 1
43 195 0 1
45 195 0 1
46 195 0 1
47 195 0 1
48 195 0 1
49 195 0 1
50 195 0 1
51 195 0 1
52 195 0 1
53 195 0 1
54 195 0 1
55 195 0 1
2 196 0 1
3 196 0 1
10 196 0 1
11 196 0 1
14 196 0 1
15 196 0 1
19 196 0 1
29 196 0 1
36 196 0 1
46 196 0 1
81 196 0 1
11 197 0 1
4 198 0 1
12 198 0 1
13 198 0 1
18 198 0 1
21 198 0 1
24 198 0 1
25 198 0 1
39 198 0 1
40 198 0 1
41 198 0 1
44 198 0 1
48 198 0 1
4 199 0 1
12 199 0 1
13 199 0 1
17 199 0 1
18 199 0 1
21 199 0 1
23 199 0 1
24 199 0 1
25 199 0 1
27 199 0 1
39 199 0 1
40 199 0 1
41 199 0 1
44 199 0 1
48 199 0 1
51 199 0 1
3 200 0 1
5 200 0 1
6 200 0 1
8 200 0 1
9 200 0 1
10 200 0 1
14 200 0 1
15 200 0 1
16 200 0 1
19 200 0 1
20 200 0 1
22 200 0 1
29 200 0 1
30 200 0 1
36 200 0 1
42 200 0 1
45 200 0 1
46 200 0 1
49 200 0 1
52 200 0 1
53 200 0 1
54 200 0 1
2 201 0 1
3 201 0 1
5 201 0 1
10 201 0 1
11 201 0 1
14 201 0 1
15 201 0 1
19 201 0 1
29 201 0 1
36 201 0 1
46 201 0 1
53 201 0 1
2 202 0 1
3 202 0 1
5 202 0 1
8 202 0 1
9 202 0 1
10 202 0 1
11 202 0 1
14 202 0 1
15 202 0 1
19 202 0 1
29 202 0 1
30 202 0 1
36 202 0 1
42 202 0 1
46 202 0 1
53 202 0 1
2 203 0 1
3 203 0 1
5 203 0 1
8 203 0 1
9 203 0 1
10 203 0 1
14 203 0 1
15 203 0 1
19 203 0 1
29 203 0 1
30 203 0 1
42 203 0 1
45 203 0 1
46 203 0 1
52 203 0 1
53 203 0 1
54 203 0 1
2 204 0 1
3 204 0 1
10 204 0 1
11 204 0 1
14 204 0 1
15 204 0 1
19 204 0 1
2 205 0 1
11 205 0 1
12 206 0 1
13 206 0 1
18 206 0 1
25 206 0 1
39 206 0 1
40 206 0 1
41 206 0 1
44 206 0 1
48 206 0 1
2 207 0 1
3 207 0 1
5 207 0 1
10 207 0 1
11 207 0 1
14 207 0 1
15 207 0 1
19 207 0 1
29 207 0 1
36 207 0 1
42 207 0 1
46 207 0 1
53 207 0 1
4 208 0 1
6 208 0 1
7 208 0 1
8 208 0 1
12 208 0 1
13 208 0 1
15 208 0 1
16 208 0 1
17 208 0 1
18 208 0 1
20 208 0 1
21 208 0 1
22 208 0 1
23 208 0 1
24 208 0 1
26 208 0 1
28 208 0 1
31 208 0 1
37 208 0 1
40 208 0 1
41 208 0 1
43 208 0 1
44 208 0 1
45 208 0 1
47 208 0 1
48 208 0 1
49 208 0 1
50 208 0 1
51 208 0 1
52 208 0 1
53 208 0 1
54 208 0 1
55 208 0 1
5 209 0 1
6 209 0 1
7 209 0 1
8 209 0 1
9 209 0 1
15 209 0 1
16 209 0 1
17 209 0 1
18 209 0 1
19 209 0 1
20 209 0 1
21 209 0 1
22 209 0 1
23 209 0 1
26 209 0 1
30 209 0 1
31 209 0 1
42 209 0 1
43 209 0 1
45 209 0 1
46 209 0 1
47 209 0 1
48 209 0 1
49 209 0 1
50 209 0 1
51 209 0 1
52 209 0 1
53 209 0 1
54 209 0 1
55 209 0 1
5 210 0 1
6 210 0 1
7 210 0 1
8 210 0 1
9 210 0 1
10 210 0 1
14 210 0 1
15 210 0 1
16 210 0 1
17 210 0 1
19 210 0 1
20 210 0 1
22 210 0 1
26 210 0 1
29 210 0 1
30 210 0 1
42 210 0 1
43 210 0 1
45 210 0 1
46 210 0 1
47 210 0 1
49 210 0 1
50 210 0 1
51 210 0 1
52 210 0 1
53 210 0 1
54 210 0 1
55 210 0 1
4 211 0 1
7 211 0 1
12 211 0 1
13 211 0 1
17 211 0 1
18 211 0 1
20 211 0 1
21 211 0 1
23 211 0 1
24 211 0 1
25 211 0 1
27 211 0 1
28 211 0 1
38 211 0 1
39 211 0 1
40 211 0 1
41 211 0 1
43 211 0 1
44 211 0 1
47 211 0 1
48 211 0 1
50 211 0 1
51 211 0 1
55 211 0 1
25 212 0 1
27 212 0 1
38 212 0 1
39 212 0 1
40 212 0 1
41 212 0 1
44 212 0 1
57 212 0 1
79 212 0 1
80 212 0 1
83 212 0 1
84 212 0 1
86 212 0 1
87 212 0 1
76 213 0 1
81 213 0 1
25 214 0 1
27 214 0 1
38 214 0 1
39 214 0 1
40 214 0 1
41 214 0 1
44 214 0 1
57 214 0 1
66 214 0 1
68 214 0 1
78 214 0 1
79 214 0 1
80 214 0 1
83 214 0 1
84 214 0 1
85 214 0 1
86 214 0 1
87 214 0 1
19 215 0 1
20 215 0 1
22 215 0 1
26 215 0 1
28 215 0 1
29 215 0 1
30 215 0 1
31 215 0 1
32 215 0 1
33 215 0 1
34 215 0 1
35 215 0 1
36 215 0 1
37 215 0 1
42 215 0 1
43 215 0 1
45 215 0 1
46 215 0 1
47 215 0 1
54 215 0 1
63 215 0 1
64 215 0 1
75 215 0 1
77 215 0 1
82 215 0 1
20 216 0 1
21 216 0 1
22 216 0 1
23 216 0 1
24 216 0 1
26 216 0 1
27 216 0 1
28 216 0 1
29 216 0 1
30 216 0 1
31 216 0 1
32 216 0 1
33 216 0 1
34 216 0 1
35 216 0 1
37 216 0 1
41 216 0 1
42 216 0 1
43 216 0 1
45 216 0 1
47 216 0 1
49 216 0 1
54 216 0 1
55 216 0 1
63 216 0 1
64 216 0 1
65 216 0 1
75 216 0 1
77 216 0 1
84 216 0 1
85 216 0 1
19 217 0 1
29 217 0 1
30 217 0 1
32 217 0 1
36 217 0 1
42 217 0 1
46 217 0 1
56 217 0 1
61 217 0 1
62 217 0 1
70 217 0 1
76 217 0 1
81 217 0 1
82 217 0 1
56 218 0 1
76 218 0 1
81 218 0 1
36 219 0 1
56 219 0 1
61 219 0 1
62 219 0 1
76 219 0 1
81 219 0 1
82 219 0 1
19 220 0 1
29 220 0 1
30 220 0 1
32 220 0 1
33 220 0 1
36 220 0 1
42 220 0 1
45 220 0 1
46 220 0 1
56 220 0 1
61 220 0 1
62 220 0 1
70 220 0 1
76 220 0 1
81 220 0 1
82 220 0 1
19 221 0 1
29 221 0 1
30 221 0 1
32 221 0 1
33 221 0 1
35 221 0 1
36 221 0 1
42 221 0 1
45 221 0 1
46 221 0 1
62 221 0 1
76 221 0 1
81 221 0 1
82 221 0 1
25 222 0 1
27 222 0 1
38 222 0 1
39 222 0 1
40 222 0 1
41 222 0 1
44 222 0 1
57 222 0 1
66 222 0 1
68 222 0 1
69 222 0 1
78 222 0 1
79 222 0 1
80 222 0 1
83 222 0 1
84 222 0 1
86 222 0 1
87 222 0 1
21 223 0 1
23 223 0 1
24 223 0 1
25 223 0 1
27 223 0 1
28 223 0 1
38 223 0 1
39 223 0 1
40 223 0 1
41 223 0 1
44 223 0 1
48 223 0 1
57 223 0 1
78 223 0 1
79 223 0 1
80 223 0 1
83 223 0 1
84 223 0 1
85 223 0 1
86 223 0 1
87 223 0 1
17 224 0 1
20 224 0 1
21 224 0 1
22 224 0 1
23 224 0 1
24 224 0 1
25 224 0 1
26 224 0 1
27 224 0 1
28 224 0 1
31 224 0 1
33 224 0 1
34 224 0 1
35 224 0 1
37 224 0 1
38 224 0 1
40 224 0 1
41 224 0 1
43 224 0 1
44 224 0 1
45 224 0 1
47 224 0 1
48 224 0 1
49 224 0 1
50 224 0 1
51 224 0 1
52 224 0 1
54 224 0 1
55 224 0 1
75 224 0 1
77 224 0 1
78 224 0 1
84 224 0 1
85 224 0 1
20 225 0 1
21 225 0 1
22 225 0 1
23 225 0 1
24 225 0 1
26 225 0 1
27 225 0 1
28 225 0 1
30 225 0 1
31 225 0 1
32 225 0 1
33 225 0 1
34 225 0 1
35 225 0 1
37 225 0 1
41 225 0 1
42 225 0 1
43 225 0 1
44 225 0 1
45 225 0 1
47 225 0 1
48 225 0 1
49 225 0 1
50 225 0 1
51 225 0 1
52 225 0 1
54 225 0 1
55 225 0 1
75 225 0 1
77 225 0 1
84 225 0 1
85 225 0 1
19 226 0 1
20 226 0 1
21 226 0 1
22 226 0 1
23 226 0 1
24 226 0 1
26 226 0 1
28 226 0 1
29 226 0 1
30 226 0 1
31 226 0 1
32 226 0 1
33 226 0 1
34 226 0 1
35 226 0 1
37 226 0 1
41 226 0 1
42 226 0 1
43 226 0 1
45 226 0 1
46 226 0 1
47 226 0 1
49 226 0 1
50 226 0 1
51 226 0 1
52 226 0 1
53 226 0 1
54 226 0 1
55 226 0 1
64 226 0 1
75 226 0 1
77 226 0 1
19 227 0 1
20 227 0 1
22 227 0 1
23 227 0 1
26 227 0 1
28 227 0 1
29 227 0 1
30 227 0 1
31 227 0 1
32 227 0 1
33 227 0 1
34 227 0 1
35 227 0 1
37 227 0 1
42 227 0 1
43 227 0 1
45 227 0 1
46 227 0 1
47 227 0 1
49 227 0 1
50 227 0 1
52 227 0 1
53 227 0 1
54 227 0 1
55 227 0 1
75 227 0 1
77 227 0 1
82 227 0 1
19 228 0 1
29 228 0 1
30 228 0 1
32 228 0 1
36 228 0 1
42 228 0 1
45 228 0 1
46 228 0 1
56 228 0 1
76 228 0 1
81 228 0 1
82 228 0 1
19 229 0 1
29 229 0 1
30 229 0 1
32 229 0 1
33 229 0 1
36 229 0 1
42 229 0 1
45 229 0 1
46 229 0 1
53 229 0 1
76 229 0 1
81 229 0 1
82 229 0 1
24 230 0 1
25 230 0 1
27 230 0 1
38 230 0 1
39 230 0 1
40 230 0 1
41 230 0 1
44 230 0 1
79 230 0 1
80 230 0 1
83 230 0 1
84 230 0 1
86 230 0 1
87 230 0 1
17 231 0 1
20 231 0 1
21 231 0 1
22 231 0 1
23 231 0 1
24 231 0 1
26 231 0 1
28 231 0 1
30 231 0 1
31 231 0 1
32 231 0 1
33 231 0 1
34 231 0 1
35 231 0 1
37 231 0 1
41 231 0 1
42 231 0 1
43 231 0 1
45 231 0 1
46 231 0 1
47 231 0 1
48 231 0 1
49 231 0 1
50 231 0 1
51 231 0 1
52 231 0 1
53 231 0 1
54 231 0 1
55 231 0 1
75 231 0 1
77 231 0 1
15 232 0 1
19 232 0 1
22 232 0 1
26 232 0 1
29 232 0 1
30 232 0 1
32 232 0 1
33 232 0 1
35 232 0 1
36 232 0 1
42 232 0 1
45 232 0 1
46 232 0 1
53 232 0 1
54 232 0 1
81 232 0 1
82 232 0 1
15 233 0 1
19 233 0 1
29 233 0 1
30 233 0 1
32 233 0 1
33 233 0 1
36 233 0 1
42 233 0 1
45 233 0 1
46 233 0 1
53 233 0 1
76 233 0 1
81 233 0 1
82 233 0 1
11 234 0 1
15 235 0 1
16 235 0 1
17 235 0 1
19 235 0 1
20 235 0 1
22 235 0 1
23 235 0 1
26 235 0 1
28 235 0 1
29 235 0 1
30 235 0 1
31 235 0 1
32 235 0 1
33 235 0 1
34 235 0 1
35 235 0 1
37 235 0 1
42 235 0 1
43 235 0 1
45 235 0 1
46 235 0 1
47 235 0 1
49 235 0 1
50 235 0 1
51 235 0 1
52 235 0 1
53 235 0 1
54 235 0 1
55 235 0 1
2 236 0 1
3 236 0 1
5 236 0 1
9 236 0 1
10 236 0 1
11 236 0 1
14 236 0 1
15 236 0 1
19 236 0 1
29 236 0 1
30 236 0 1
32 236 0 1
36 236 0 1
42 236 0 1
45 236 0 1
46 236 0 1
53 236 0 1
81 236 0 1
82 236 0 1
5 237 0 1
8 237 0 1
9 237 0 1
10 237 0 1
14 237 0 1
15 237 0 1
19 237 0 1
20 237 0 1
22 237 0 1
26 237 0 1
29 237 0 1
30 237 0 1
32 237 0 1
33 237 0 1
35 237 0 1
36 237 0 1
42 237 0 1
43 237 0 1
45 237 0 1
46 237 0 1
49 237 0 1
52 237 0 1
53 237 0 1
54 237 0 1
82 237 0 1
4 238 0 1
12 238 0 1
13 238 0 1
17 238 0 1
18 238 0 1
21 238 0 1
23 238 0 1
24 238 0 1
25 238 0 1
27 238 0 1
28 238 0 1
38 238 0 1
39 238 0 1
40 238 0 1
41 238 0 1
43 238 0 1
44 238 0 1
48 238 0 1
51 238 0 1
55 238 0 1
83 238 0 1
84 238 0 1
86 238 0 1
87 238 0 1
11 239 0 1
14 239 0 1
15 239 0 1
19 239 0 1
29 239 0 1
30 239 0 1
36 239 0 1
42 239 0 1
46 239 0 1
53 239 0 1
81 239 0 1
82 239 0 1
10 240 0 1
14 240 0 1
15 240 0 1
19 240 0 1
29 240 0 1
30 240 0 1
32 240 0 1
33 240 0 1
36 240 0 1
42 240 0 1
45 240 0 1
46 240 0 1
53 240 0 1
81 240 0 1
82 240 0 1
12 241 0 1
21 241 0 1
23 241 0 1
24 241 0 1
25 241 0 1
27 241 0 1
38 241 0 1
39 241 0 1
40 241 0 1
41 241 0 1
44 241 0 1
48 241 0 1
83 241 0 1
84 241 0 1
86 241 0 1
87 241 0 1
12 242 0 1
21 242 0 1
23 242 0 1
24 242 0 1
25 242 0 1
27 242 0 1
28 242 0 1
38 242 0 1
39 242 0 1
40 242 0 1
41 242 0 1
44 242 0 1
48 242 0 1
83 242 0 1
84 242 0 1
86 242 0 1
87 242 0 1
29 243 0 1
30 243 0 1
32 243 0 1
36 243 0 1
42 243 0 1
46 243 0 1
56 243 0 1
60 243 0 1
61 243 0 1
62 243 0 1
70 243 0 1
76 243 0 1
81 243 0 1
82 243 0 1
149 243 0 1
159 243 0 1
26 244 0 1
28 244 0 1
30 244 0 1
31 244 0 1
32 244 0 1
33 244 0 1
34 244 0 1
35 244 0 1
37 244 0 1
41 244 0 1
43 244 0 1
45 244 0 1
47 244 0 1
59 244 0 1
63 244 0 1
64 244 0 1
65 244 0 1
67 244 0 1
71 244 0 1
72 244 0 1
74 244 0 1
75 244 0 1
77 244 0 1
78 244 0 1
84 244 0 1
85 244 0 1
154 244 0 1
155 244 0 1
26 245 0 1
28 245 0 1
29 245 0 1
30 245 0 1
31 245 0 1
32 245 0 1
33 245 0 1
34 245 0 1
35 245 0 1
37 245 0 1
42 245 0 1
45 245 0 1
47 245 0 1
63 245 0 1
64 245 0 1
65 245 0 1
71 245 0 1
72 245 0 1
74 245 0 1
75 245 0 1
77 245 0 1
82 245 0 1
85 245 0 1
154 245 0 1
155 245 0 1
56 246 0 1
58 246 0 1
60 246 0 1
61 246 0 1
62 246 0 1
70 246 0 1
76 246 0 1
81 246 0 1
149 246 0 1
152 246 0 1
153 246 0 1
160 246 0 1
161 246 0 1
29 247 0 1
36 247 0 1
56 247 0 1
58 247 0 1
60 247 0 1
61 247 0 1
62 247 0 1
70 247 0 1
76 247 0 1
81 247 0 1
82 247 0 1
149 247 0 1
152 247 0 1
153 247 0 1
159 247 0 1
160 247 0 1
161 247 0 1
56 248 0 1
58 248 0 1
61 248 0 1
62 248 0 1
76 248 0 1
81 248 0 1
149 248 0 1
152 248 0 1
153 248 0 1
160 248 0 1
161 248 0 1
38 249 0 1
57 249 0 1
66 249 0 1
67 249 0 1
68 249 0 1
69 249 0 1
73 249 0 1
78 249 0 1
79 249 0 1
80 249 0 1
83 249 0 1
84 249 0 1
86 249 0 1
87 249 0 1
150 249 0 1
156 249 0 1
157 249 0 1
158 249 0 1
25 250 0 1
27 250 0 1
38 250 0 1
57 250 0 1
59 250 0 1
65 250 0 1
66 250 0 1
67 250 0 1
68 250 0 1
69 250 0 1
72 250 0 1
73 250 0 1
74 250 0 1
78 250 0 1
79 250 0 1
80 250 0 1
83 250 0 1
84 250 0 1
85 250 0 1
86 250 0 1
87 250 0 1
89 250 0 1
150 250 0 1
151 250 0 1
155 250 0 1
156 250 0 1
157 250 0 1
158 250 0 1
1 251 0 1
56 251 0 1
58 251 0 1
60 251 0 1
61 251 0 1
62 251 0 1
70 251 0 1
76 251 0 1
81 251 0 1
93 251 0 1
96 251 0 1
98 251 0 1
99 251 0 1
105 251 0 1
146 251 0 1
148 251 0 1
149 251 0 1
153 251 0 1
159 251 0 1
160 251 0 1
161 251 0 1
59 252 0 1
63 252 0 1
64 252 0 1
65 252 0 1
71 252 0 1
72 252 0 1
74 252 0 1
75 252 0 1
77 252 0 1
88 252 0 1
94 252 0 1
95 252 0 1
99 252 0 1
100 252 0 1
101 252 0 1
103 252 0 1
104 252 0 1
106 252 0 1
141 252 0 1
142 252 0 1
145 252 0 1
147 252 0 1
154 252 0 1
155 252 0 1
1 253 0 1
56 253 0 1
58 253 0 1
60 253 0 1
61 253 0 1
62 253 0 1
70 253 0 1
76 253 0 1
93 253 0 1
95 253 0 1
96 253 0 1
98 253 0 1
99 253 0 1
100 253 0 1
105 253 0 1
146 253 0 1
148 253 0 1
149 253 0 1
153 253 0 1
159 253 0 1
160 253 0 1
161 253 0 1
57 254 0 1
59 254 0 1
65 254 0 1
66 254 0 1
67 254 0 1
68 254 0 1
69 254 0 1
72 254 0 1
73 254 0 1
74 254 0 1
78 254 0 1
79 254 0 1
80 254 0 1
85 254 0 1
86 254 0 1
87 254 0 1
88 254 0 1
89 254 0 1
90 254 0 1
91 254 0 1
97 254 0 1
101 254 0 1
103 254 0 1
140 254 0 1
143 254 0 1
144 254 0 1
150 254 0 1
151 254 0 1
155 254 0 1
156 254 0 1
157 254 0 1
158 254 0 1
63 255 0 1
64 255 0 1
65 255 0 1
71 255 0 1
72 255 0 1
75 255 0 1
77 255 0 1
88 255 0 1
94 255 0 1
95 255 0 1
99 255 0 1
100 255 0 1
101 255 0 1
104 255 0 1
106 255 0 1
141 255 0 1
142 255 0 1
145 255 0 1
147 255 0 1
154 255 0 1
155 255 0 1
34 256 0 1
57 256 0 1
59 256 0 1
63 256 0 1
64 256 0 1
65 256 0 1
66 256 0 1
67 256 0 1
68 256 0 1
71 256 0 1
72 256 0 1
73 256 0 1
74 256 0 1
75 256 0 1
77 256 0 1
78 256 0 1
79 256 0 1
80 256 0 1
84 256 0 1
85 256 0 1
87 256 0 1
88 256 0 1
89 256 0 1
94 256 0 1
101 256 0 1
103 256 0 1
150 256 0 1
151 256 0 1
154 256 0 1
155 256 0 1
156 256 0 1
56 257 0 1
58 257 0 1
60 257 0 1
61 257 0 1
62 257 0 1
70 257 0 1
76 257 0 1
81 257 0 1
92 257 0 1
93 257 0 1
96 257 0 1
98 257 0 1
105 257 0 1
149 257 0 1
152 257 0 1
153 257 0 1
159 257 0 1
160 257 0 1
161 257 0 1
38 258 0 1
57 258 0 1
59 258 0 1
65 258 0 1
66 258 0 1
67 258 0 1
68 258 0 1
69 258 0 1
72 258 0 1
73 258 0 1
74 258 0 1
77 258 0 1
78 258 0 1
79 258 0 1
80 258 0 1
83 258 0 1
84 258 0 1
85 258 0 1
86 258 0 1
87 258 0 1
88 258 0 1
89 258 0 1
91 258 0 1
97 258 0 1
150 258 0 1
151 258 0 1
155 258 0 1
156 258 0 1
157 258 0 1
158 258 0 1
1 259 0 1
56 259 0 1
58 259 0 1
60 259 0 1
61 259 0 1
62 259 0 1
70 259 0 1
76 259 0 1
81 259 0 1
92 259 0 1
93 259 0 1
96 259 0 1
98 259 0 1
102 259 0 1
105 259 0 1
149 259 0 1
152 259 0 1
153 259 0 1
159 259 0 1
160 259 0 1
161 259 0 1
57 260 0 1
59 260 0 1
65 260 0 1
66 260 0 1
67 260 0 1
68 260 0 1
69 260 0 1
72 260 0 1
73 260 0 1
74 260 0 1
78 260 0 1
79 260 0 1
80 260 0 1
83 260 0 1
84 260 0 1
85 260 0 1
86 260 0 1
87 260 0 1
88 260 0 1
89 260 0 1
90 260 0 1
91 260 0 1
97 260 0 1
103 260 0 1
140 260 0 1
150 260 0 1
151 260 0 1
155 260 0 1
156 260 0 1
157 260 0 1
158 260 0 1
35 261 0 1
59 261 0 1
63 261 0 1
64 261 0 1
65 261 0 1
71 261 0 1
72 261 0 1
74 261 0 1
75 261 0 1
77 261 0 1
88 261 0 1
89 261 0 1
94 261 0 1
95 261 0 1
99 261 0 1
100 261 0 1
101 261 0 1
103 261 0 1
104 261 0 1
106 261 0 1
141 261 0 1
145 261 0 1
154 261 0 1
155 261 0 1
32 262 0 1
56 262 0 1
60 262 0 1
61 262 0 1
62 262 0 1
63 262 0 1
64 262 0 1
70 262 0 1
71 262 0 1
76 262 0 1
81 262 0 1
82 262 0 1
95 262 0 1
96 262 0 1
99 262 0 1
100 262 0 1
149 262 0 1
154 262 0 1
159 262 0 1
161 262 0 1
56 263 0 1
60 263 0 1
61 263 0 1
62 263 0 1
64 263 0 1
70 263 0 1
71 263 0 1
76 263 0 1
81 263 0 1
82 263 0 1
95 263 0 1
96 263 0 1
99 263 0 1
100 263 0 1
149 263 0 1
159 263 0 1
161 263 0 1
1 264 0 1
60 264 0 1
64 264 0 1
70 264 0 1
71 264 0 1
94 264 0 1
95 264 0 1
96 264 0 1
99 264 0 1
100 264 0 1
101 264 0 1
104 264 0 1
106 264 0 1
108 264 0 1
110 264 0 1
111 264 0 1
113 264 0 1
121 264 0 1
124 264 0 1
125 264 0 1
126 264 0 1
132 264 0 1
135 264 0 1
141 264 0 1
142 264 0 1
145 264 0 1
146 264 0 1
147 264 0 1
148 264 0 1
154 264 0 1
159 264 0 1
161 264 0 1
57 265 0 1
59 265 0 1
66 265 0 1
67 265 0 1
68 265 0 1
69 265 0 1
72 265 0 1
73 265 0 1
74 265 0 1
78 265 0 1
79 265 0 1
86 265 0 1
88 265 0 1
89 265 0 1
90 265 0 1
91 265 0 1
97 265 0 1
101 265 0 1
103 265 0 1
107 265 0 1
112 265 0 1
127 265 0 1
131 265 0 1
140 265 0 1
143 265 0 1
144 265 0 1
150 265 0 1
151 265 0 1
155 265 0 1
156 265 0 1
157 265 0 1
158 265 0 1
57 266 0 1
59 266 0 1
65 266 0 1
66 266 0 1
67 266 0 1
68 266 0 1
69 266 0 1
72 266 0 1
73 266 0 1
74 266 0 1
78 266 0 1
88 266 0 1
89 266 0 1
90 266 0 1
91 266 0 1
94 266 0 1
97 266 0 1
101 266 0 1
103 266 0 1
104 266 0 1
112 266 0 1
120 266 0 1
127 266 0 1
129 266 0 1
131 266 0 1
133 266 0 1
140 266 0 1
143 266 0 1
144 266 0 1
147 266 0 1
150 266 0 1
151 266 0 1
154 266 0 1
155 266 0 1
156 266 0 1
157 266 0 1
158 266 0 1
63 267 0 1
64 267 0 1
71 267 0 1
94 267 0 1
95 267 0 1
96 267 0 1
99 267 0 1
100 267 0 1
101 267 0 1
104 267 0 1
106 267 0 1
108 267 0 1
110 267 0 1
111 267 0 1
121 267 0 1
124 267 0 1
125 267 0 1
126 267 0 1
128 267 0 1
132 267 0 1
135 267 0 1
141 267 0 1
142 267 0 1
145 267 0 1
146 267 0 1
147 267 0 1
154 267 0 1
159 267 0 1
161 267 0 1
66 268 0 1
68 268 0 1
69 268 0 1
73 268 0 1
78 268 0 1
86 268 0 1
89 268 0 1
90 268 0 1
91 268 0 1
97 268 0 1
107 268 0 1
112 268 0 1
114 268 0 1
127 268 0 1
131 268 0 1
133 268 0 1
140 268 0 1
143 268 0 1
144 268 0 1
150 268 0 1
151 268 0 1
156 268 0 1
157 268 0 1
158 268 0 1
71 269 0 1
94 269 0 1
95 269 0 1
96 269 0 1
99 269 0 1
100 269 0 1
101 269 0 1
104 269 0 1
106 269 0 1
108 269 0 1
110 269 0 1
111 269 0 1
115 269 0 1
118 269 0 1
121 269 0 1
124 269 0 1
125 269 0 1
126 269 0 1
128 269 0 1
132 269 0 1
135 269 0 1
136 269 0 1
137 269 0 1
141 269 0 1
142 269 0 1
145 269 0 1
146 269 0 1
147 269 0 1
154 269 0 1
1 270 0 1
94 270 0 1
95 270 0 1
96 270 0 1
99 270 0 1
100 270 0 1
104 270 0 1
106 270 0 1
108 270 0 1
110 270 0 1
111 270 0 1
113 270 0 1
115 270 0 1
118 270 0 1
121 270 0 1
124 270 0 1
125 270 0 1
126 270 0 1
128 270 0 1
132 270 0 1
135 270 0 1
136 270 0 1
137 270 0 1
141 270 0 1
142 270 0 1
145 270 0 1
146 270 0 1
147 270 0 1
148 270 0 1
159 270 0 1
161 270 0 1
1 271 0 1
92 271 0 1
93 271 0 1
98 271 0 1
102 271 0 1
105 271 0 1
109 271 0 1
117 271 0 1
119 271 0 1
122 271 0 1
123 271 0 1
130 271 0 1
138 271 0 1
139 271 0 1
161 271 0 1
1 272 0 1
60 272 0 1
92 272 0 1
93 272 0 1
96 272 0 1
98 272 0 1
99 272 0 1
102 272 0 1
105 272 0 1
108 272 0 1
109 272 0 1
111 272 0 1
113 272 0 1
115 272 0 1
117 272 0 1
119 272 0 1
122 272 0 1
123 272 0 1
124 272 0 1
126 272 0 1
130 272 0 1
136 272 0 1
138 272 0 1
139 272 0 1
146 272 0 1
148 272 0 1
149 272 0 1
153 272 0 1
159 272 0 1
160 272 0 1
161 272 0 1
69 273 0 1
90 273 0 1
91 273 0 1
97 273 0 1
107 273 0 1
112 273 0 1
114 273 0 1
127 273 0 1
131 273 0 1
133 273 0 1
140 273 0 1
143 273 0 1
150 273 0 1
156 273 0 1
157 273 0 1
158 273 0 1
88 274 0 1
89 274 0 1
90 274 0 1
91 274 0 1
97 274 0 1
101 274 0 1
103 274 0 1
104 274 0 1
107 274 0 1
112 274 0 1
114 274 0 1
116 274 0 1
118 274 0 1
120 274 0 1
127 274 0 1
129 274 0 1
131 274 0 1
133 274 0 1
134 274 0 1
140 274 0 1
143 274 0 1
144 274 0 1
147 274 0 1
150 274 0 1
151 274 0 1
157 274 0 1
158 274 0 1
89 275 0 1
90 275 0 1
91 275 0 1
97 275 0 1
103 275 0 1
107 275 0 1
112 275 0 1
114 275 0 1
120 275 0 1
127 275 0 1
129 275 0 1
131 275 0 1
133 275 0 1
134 275 0 1
140 275 0 1
143 275 0 1
144 275 0 1
150 275 0 1
151 275 0 1
156 275 0 1
157 275 0 1
158 275 0 1
1 276 0 1
92 276 0 1
93 276 0 1
98 276 0 1
102 276 0 1
105 276 0 1
109 276 0 1
117 276 0 1
119 276 0 1
122 276 0 1
123 276 0 1
130 276 0 1
138 276 0 1
139 276 0 1
161 276 0 1
90 277 0 1
91 277 0 1
97 277 0 1
107 277 0 1
112 277 0 1
114 277 0 1
127 277 0 1
131 277 0 1
133 277 0 1
134 277 0 1
140 277 0 1
143 277 0 1
94 278 0 1
103 278 0 1
104 278 0 1
106 278 0 1
110 278 0 1
116 278 0 1
118 278 0 1
120 278 0 1
121 278 0 1
124 278 0 1
125 278 0 1
127 278 0 1
128 278 0 1
129 278 0 1
132 278 0 1
133 278 0 1
134 278 0 1
135 278 0 1
136 278 0 1
137 278 0 1
141 278 0 1
142 278 0 1
144 278 0 1
145 278 0 1
147 278 0 1
94 279 0 1
101 279 0 1
103 279 0 1
104 279 0 1
106 279 0 1
110 279 0 1
114 279 0 1
116 279 0 1
118 279 0 1
120 279 0 1
121 279 0 1
124 279 0 1
125 279 0 1
127 279 0 1
128 279 0 1
129 279 0 1
131 279 0 1
132 279 0 1
133 279 0 1
134 279 0 1
135 279 0 1
137 279 0 1
141 279 0 1
142 279 0 1
144 279 0 1
145 279 0 1
147 279 0 1
91 280 0 1
97 280 0 1
103 280 0 1
107 280 0 1
112 280 0 1
114 280 0 1
116 280 0 1
120 280 0 1
127 280 0 1
129 280 0 1
131 280 0 1
133 280 0 1
134 280 0 1
140 280 0 1
143 280 0 1
144 280 0 1
147 280 0 1
90 281 0 1
91 281 0 1
97 281 0 1
103 281 0 1
107 281 0 1
112 281 0 1
114 281 0 1
116 281 0 1
120 281 0 1
127 281 0 1
129 281 0 1
131 281 0 1
133 281 0 1
134 281 0 1
140 281 0 1
143 281 0 1
144 281 0 1
90 282 0 1
91 282 0 1
97 282 0 1
107 282 0 1
112 282 0 1
114 282 0 1
127 282 0 1
131 282 0 1
133 282 0 1
140 282 0 1
143 282 0 1
157 282 0 1
90 283 0 1
91 283 0 1
97 283 0 1
107 283 0 1
112 283 0 1
114 283 0 1
127 283 0 1
131 283 0 1
133 283 0 1
134 283 0 1
140 283 0 1
143 283 0 1
144 283 0 1
157 283 0 1
90 284 0 1
91 284 0 1
97 284 0 1
103 284 0 1
107 284 0 1
112 284 0 1
114 284 0 1
120 284 0 1
127 284 0 1
129 284 0 1
131 284 0 1
133 284 0 1
134 284 0 1
140 284 0 1
143 284 0 1
144 284 0 1
157 284 0 1
89 285 0 1
90 285 0 1
91 285 0 1
97 285 0 1
103 285 0 1
104 285 0 1
107 285 0 1
112 285 0 1
114 285 0 1
116 285 0 1
118 285 0 1
120 285 0 1
127 285 0 1
129 285 0 1
131 285 0 1
133 285 0 1
134 285 0 1
140 285 0 1
143 285 0 1
144 285 0 1
147 285 0 1
90 286 0 1
91 286 0 1
97 286 0 1
103 286 0 1
107 286 0 1
112 286 0 1
114 286 0 1
116 286 0 1
120 286 0 1
127 286 0 1
129 286 0 1
131 286 0 1
133 286 0 1
134 286 0 1
140 286 0 1
143 286 0 1
144 286 0 1
90 287 0 1
91 287 0 1
97 287 0 1
107 287 0 1
112 287 0 1
114 287 0 1
120 287 0 1
127 287 0 1
129 287 0 1
131 287 0 1
133 287 0 1
134 287 0 1
140 287 0 1
143 287 0 1
144 287 0 1
1 288 0 1
60 288 0 1
61 288 0 1
62 288 0 1
70 288 0 1
93 288 0 1
95 288 0 1
96 288 0 1
98 288 0 1
99 288 0 1
100 288 0 1
105 288 0 1
108 288 0 1
110 288 0 1
111 288 0 1
113 288 0 1
115 288 0 1
124 288 0 1
125 288 0 1
126 288 0 1
132 288 0 1
136 288 0 1
142 288 0 1
146 288 0 1
148 288 0 1
149 288 0 1
159 288 0 1
160 288 0 1
161 288 0 1
1 289 0 1
60 289 0 1
70 289 0 1
71 289 0 1
94 289 0 1
95 289 0 1
96 289 0 1
99 289 0 1
100 289 0 1
104 289 0 1
106 289 0 1
108 289 0 1
110 289 0 1
111 289 0 1
113 289 0 1
121 289 0 1
124 289 0 1
125 289 0 1
126 289 0 1
132 289 0 1
135 289 0 1
136 289 0 1
137 289 0 1
141 289 0 1
142 289 0 1
145 289 0 1
146 289 0 1
147 289 0 1
148 289 0 1
159 289 0 1
161 289 0 1
63 290 0 1
64 290 0 1
71 290 0 1
72 290 0 1
88 290 0 1
94 290 0 1
95 290 0 1
99 290 0 1
100 290 0 1
101 290 0 1
103 290 0 1
104 290 0 1
106 290 0 1
110 290 0 1
111 290 0 1
118 290 0 1
121 290 0 1
124 290 0 1
125 290 0 1
128 290 0 1
129 290 0 1
132 290 0 1
135 290 0 1
137 290 0 1
141 290 0 1
142 290 0 1
144 290 0 1
145 290 0 1
147 290 0 1
154 290 0 1
155 290 0 1
59 291 0 1
63 291 0 1
64 291 0 1
65 291 0 1
71 291 0 1
72 291 0 1
74 291 0 1
88 291 0 1
89 291 0 1
94 291 0 1
95 291 0 1
99 291 0 1
100 291 0 1
101 291 0 1
103 291 0 1
104 291 0 1
106 291 0 1
110 291 0 1
116 291 0 1
118 291 0 1
120 291 0 1
121 291 0 1
125 291 0 1
127 291 0 1
128 291 0 1
129 291 0 1
141 291 0 1
142 291 0 1
144 291 0 1
145 291 0 1
147 291 0 1
151 291 0 1
154 291 0 1
155 291 0 1
59 292 0 1
63 292 0 1
71 292 0 1
72 292 0 1
74 292 0 1
78 292 0 1
88 292 0 1
89 292 0 1
91 292 0 1
94 292 0 1
97 292 0 1
100 292 0 1
101 292 0 1
103 292 0 1
104 292 0 1
106 292 0 1
116 292 0 1
118 292 0 1
120 292 0 1
121 292 0 1
127 292 0 1
128 292 0 1
129 292 0 1
131 292 0 1
133 292 0 1
134 292 0 1
140 292 0 1
141 292 0 1
142 292 0 1
144 292 0 1
145 292 0 1
147 292 0 1
150 292 0 1
151 292 0 1
154 292 0 1
155 292 0 1
57 293 0 1
59 293 0 1
66 293 0 1
67 293 0 1
68 293 0 1
69 293 0 1
73 293 0 1
74 293 0 1
78 293 0 1
79 293 0 1
80 293 0 1
86 293 0 1
87 293 0 1
88 293 0 1
89 293 0 1
90 293 0 1
91 293 0 1
97 293 0 1
103 293 0 1
107 293 0 1
112 293 0 1
127 293 0 1
140 293 0 1
143 293 0 1
144 293 0 1
150 293 0 1
151 293 0 1
156 293 0 1
157 293 0 1
158 293 0 1
57 294 0 1
59 294 0 1
63 294 0 1
65 294 0 1
66 294 0 1
67 294 0 1
68 294 0 1
69 294 0 1
72 294 0 1
73 294 0 1
74 294 0 1
77 294 0 1
78 294 0 1
79 294 0 1
80 294 0 1
86 294 0 1
88 294 0 1
89 294 0 1
90 294 0 1
91 294 0 1
97 294 0 1
101 294 0 1
103 294 0 1
104 294 0 1
140 294 0 1
143 294 0 1
144 294 0 1
147 294 0 1
150 294 0 1
151 294 0 1
154 294 0 1
155 294 0 1
156 294 0 1
157 294 0 1
158 294 0 1
57 295 0 1
59 295 0 1
65 295 0 1
66 295 0 1
67 295 0 1
68 295 0 1
69 295 0 1
72 295 0 1
73 295 0 1
74 295 0 1
78 295 0 1
79 295 0 1
80 295 0 1
86 295 0 1
88 295 0 1
89 295 0 1
90 295 0 1
91 295 0 1
97 295 0 1
101 295 0 1
103 295 0 1
104 295 0 1
112 295 0 1
127 295 0 1
140 295 0 1
143 295 0 1
144 295 0 1
147 295 0 1
150 295 0 1
151 295 0 1
155 295 0 1
156 295 0 1
157 295 0 1
158 295 0 1
1 296 0 1
56 296 0 1
60 296 0 1
61 296 0 1
62 296 0 1
70 296 0 1
71 296 0 1
76 296 0 1
82 296 0 1
95 296 0 1
96 296 0 1
98 296 0 1
99 296 0 1
100 296 0 1
105 296 0 1
108 296 0 1
110 296 0 1
111 296 0 1
141 296 0 1
142 296 0 1
146 296 0 1
148 296 0 1
149 296 0 1
153 296 0 1
159 296 0 1
160 296 0 1
161 296 0 1
59 297 0 1
63 297 0 1
64 297 0 1
65 297 0 1
71 297 0 1
72 297 0 1
74 297 0 1
75 297 0 1
77 297 0 1
88 297 0 1
89 297 0 1
94 297 0 1
95 297 0 1
99 297 0 1
100 297 0 1
101 297 0 1
103 297 0 1
104 297 0 1
106 297 0 1
110 297 0 1
111 297 0 1
121 297 0 1
124 297 0 1
125 297 0 1
128 297 0 1
141 297 0 1
142 297 0 1
144 297 0 1
145 297 0 1
147 297 0 1
151 297 0 1
154 297 0 1
155 297 0 1
60 298 0 1
62 298 0 1
63 298 0 1
64 298 0 1
70 298 0 1
71 298 0 1
94 298 0 1
95 298 0 1
96 298 0 1
99 298 0 1
100 298 0 1
101 298 0 1
104 298 0 1
106 298 0 1
108 298 0 1
110 298 0 1
111 298 0 1
124 298 0 1
141 298 0 1
142 298 0 1
145 298 0 1
146 298 0 1
147 298 0 1
148 298 0 1
154 298 0 1
159 298 0 1
161 298 0 1
57 299 0 1
59 299 0 1
66 299 0 1
67 299 0 1
68 299 0 1
69 299 0 1
72 299 0 1
73 299 0 1
74 299 0 1
78 299 0 1
79 299 0 1
80 299 0 1
86 299 0 1
88 299 0 1
89 299 0 1
90 299 0 1
91 299 0 1
97 299 0 1
101 299 0 1
103 299 0 1
112 299 0 1
127 299 0 1
131 299 0 1
140 299 0 1
143 299 0 1
144 299 0 1
150 299 0 1
151 299 0 1
155 299 0 1
156 299 0 1
157 299 0 1
158 299 0 1
59 300 0 1
63 300 0 1
65 300 0 1
66 300 0 1
67 300 0 1
72 300 0 1
73 300 0 1
74 300 0 1
78 300 0 1
79 300 0 1
88 300 0 1
89 300 0 1
91 300 0 1
94 300 0 1
97 300 0 1
101 300 0 1
103 300 0 1
104 300 0 1
106 300 0 1
112 300 0 1
127 300 0 1
129 300 0 1
140 300 0 1
143 300 0 1
144 300 0 1
147 300 0 1
150 300 0 1
151 300 0 1
154 300 0 1
155 300 0 1
156 300 0 1
157 300 0 1
158 300 0 1
29 301 0 1
36 301 0 1
56 301 0 1
58 301 0 1
60 301 0 1
61 301 0 1
62 301 0 1
70 301 0 1
76 301 0 1
81 301 0 1
82 301 0 1
149 301 0 1
153 301 0 1
159 301 0 1
160 301 0 1
161 301 0 1
26 302 0 1
29 302 0 1
30 302 0 1
31 302 0 1
32 302 0 1
33 302 0 1
34 302 0 1
35 302 0 1
36 302 0 1
37 302 0 1
42 302 0 1
45 302 0 1
46 302 0 1
60 302 0 1
62 302 0 1
63 302 0 1
64 302 0 1
65 302 0 1
70 302 0 1
71 302 0 1
72 302 0 1
74 302 0 1
75 302 0 1
77 302 0 1
82 302 0 1
88 302 0 1
94 302 0 1
95 302 0 1
96 302 0 1
99 302 0 1
100 302 0 1
101 302 0 1
104 302 0 1
106 302 0 1
141 302 0 1
142 302 0 1
154 302 0 1
155 302 0 1
159 302 0 1
161 302 0 1
26 303 0 1
28 303 0 1
30 303 0 1
31 303 0 1
32 303 0 1
33 303 0 1
34 303 0 1
35 303 0 1
37 303 0 1
45 303 0 1
59 303 0 1
63 303 0 1
64 303 0 1
65 303 0 1
67 303 0 1
71 303 0 1
72 303 0 1
74 303 0 1
75 303 0 1
77 303 0 1
78 303 0 1
82 303 0 1
84 303 0 1
85 303 0 1
88 303 0 1
100 303 0 1
154 303 0 1
155 303 0 1
56 304 0 1
58 304 0 1
60 304 0 1
61 304 0 1
62 304 0 1
70 304 0 1
76 304 0 1
81 304 0 1
92 304 0 1
149 304 0 1
152 304 0 1
153 304 0 1
159 304 0 1
160 304 0 1
161 304 0 1
36 305 0 1
56 305 0 1
58 305 0 1
60 305 0 1
61 305 0 1
62 305 0 1
70 305 0 1
76 305 0 1
81 305 0 1
82 305 0 1
93 305 0 1
149 305 0 1
152 305 0 1
153 305 0 1
159 305 0 1
160 305 0 1
161 305 0 1
56 306 0 1
58 306 0 1
60 306 0 1
61 306 0 1
62 306 0 1
70 306 0 1
76 306 0 1
81 306 0 1
92 306 0 1
93 306 0 1
149 306 0 1
152 306 0 1
153 306 0 1
159 306 0 1
160 306 0 1
161 306 0 1
32 307 0 1
33 307 0 1
34 307 0 1
35 307 0 1
63 307 0 1
64 307 0 1
65 307 0 1
71 307 0 1
72 307 0 1
74 307 0 1
75 307 0 1
77 307 0 1
88 307 0 1
94 307 0 1
95 307 0 1
100 307 0 1
101 307 0 1
154 307 0 1
155 307 0 1
20 308 0 1
23 308 0 1
24 308 0 1
25 308 0 1
26 308 0 1
27 308 0 1
28 308 0 1
31 308 0 1
33 308 0 1
34 308 0 1
35 308 0 1
37 308 0 1
38 308 0 1
40 308 0 1
41 308 0 1
43 308 0 1
44 308 0 1
47 308 0 1
59 308 0 1
63 308 0 1
64 308 0 1
65 308 0 1
66 308 0 1
67 308 0 1
71 308 0 1
72 308 0 1
74 308 0 1
75 308 0 1
77 308 0 1
78 308 0 1
79 308 0 1
84 308 0 1
85 308 0 1
87 308 0 1
154 308 0 1
155 308 0 1
56 309 0 1
61 309 0 1
76 309 0 1
81 309 0 1
152 309 0 1
36 310 0 1
56 310 0 1
58 310 0 1
61 310 0 1
62 310 0 1
76 310 0 1
81 310 0 1
82 310 0 1
29 311 0 1
36 311 0 1
46 311 0 1
56 311 0 1
61 311 0 1
62 311 0 1
70 311 0 1
76 311 0 1
81 311 0 1
82 311 0 1
19 312 0 1
26 312 0 1
29 312 0 1
30 312 0 1
32 312 0 1
33 312 0 1
34 312 0 1
35 312 0 1
36 312 0 1
42 312 0 1
45 312 0 1
46 312 0 1
62 312 0 1
63 312 0 1
64 312 0 1
70 312 0 1
71 312 0 1
75 312 0 1
76 312 0 1
81 312 0 1
82 312 0 1
20 313 0 1
23 313 0 1
26 313 0 1
27 313 0 1
28 313 0 1
31 313 0 1
32 313 0 1
33 313 0 1
34 313 0 1
35 313 0 1
37 313 0 1
38 313 0 1
41 313 0 1
43 313 0 1
44 313 0 1
45 313 0 1
47 313 0 1
59 313 0 1
63 313 0 1
64 313 0 1
65 313 0 1
67 313 0 1
71 313 0 1
72 313 0 1
74 313 0 1
75 313 0 1
77 313 0 1
78 313 0 1
79 313 0 1
84 313 0 1
85 313 0 1
154 313 0 1
155 313 0 1
19 314 0 1
29 314 0 1
36 314 0 1
46 314 0 1
56 314 0 1
60 314 0 1
61 314 0 1
62 314 0 1
70 314 0 1
76 314 0 1
81 314 0 1
82 314 0 1
19 315 0 1
29 315 0 1
30 315 0 1
32 315 0 1
33 315 0 1
35 315 0 1
36 315 0 1
42 315 0 1
45 315 0 1
46 315 0 1
56 315 0 1
62 315 0 1
70 315 0 1
76 315 0 1
81 315 0 1
82 315 0 1
26 316 0 1
29 316 0 1
30 316 0 1
31 316 0 1
32 316 0 1
33 316 0 1
34 316 0 1
35 316 0 1
36 316 0 1
37 316 0 1
42 316 0 1
45 316 0 1
46 316 0 1
63 316 0 1
64 316 0 1
65 316 0 1
71 316 0 1
75 316 0 1
77 316 0 1
82 316 0 1
154 316 0 1
29 317 0 1
36 317 0 1
46 317 0 1
56 317 0 1
58 317 0 1
60 317 0 1
61 317 0 1
62 317 0 1
70 317 0 1
76 317 0 1
81 317 0 1
82 317 0 1
149 317 0 1
152 317 0 1
153 317 0 1
161 317 0 1
19 318 0 1
29 318 0 1
30 318 0 1
32 318 0 1
33 318 0 1
36 318 0 1
42 318 0 1
45 318 0 1
46 318 0 1
56 318 0 1
60 318 0 1
61 318 0 1
62 318 0 1
70 318 0 1
76 318 0 1
81 318 0 1
82 318 0 1
56 319 0 1
58 319 0 1
60 319 0 1
61 319 0 1
62 319 0 1
70 319 0 1
76 319 0 1
81 319 0 1
149 319 0 1
152 319 0 1
153 319 0 1
160 319 0 1
161 319 0 1
