3 4 0 0
3 5 0 0
4 5 0 0
3 6 0 0
4 6 0 0
5 6 0 0
1 7 0 0
1 8 0 0
7 8 0 0
5 9 0 0
6 9 0 0
5 10 0 0
6 10 0 0
9 10 0 0
9 11 0 0
10 11 0 0
1 12 0 0
7 12 0 0
8 12 0 0
1 13 0 0
7 13 0 0
12 13 0 0
9 14 0 0
10 14 0 0
11 14 0 0
8 15 0 0
11 15 0 0
9 16 0 0
10 16 0 0
11 16 0 0
14 16 0 0
15 16 0 0
1 17 0 0
7 17 0 0
8 17 0 0
12 17 0 0
13 17 0 0
1 18 0 0
7 18 0 0
8 18 0 0
15 18 0 0
17 18 0 0
1 19 0 0
7 19 0 0
8 19 0 0
12 19 0 0
15 19 0 0
17 19 0 0
18 19 0 0
3 20 0 0
4 20 0 0
5 20 0 0
6 20 0 0
9 20 0 0
10 20 0 0
11 20 0 0
14 20 0 0
16 20 0 0
4 21 0 0
5 21 0 0
6 21 0 0
9 21 0 0
10 21 0 0
14 21 0 0
20 21 0 0
9 22 0 0
10 22 0 0
14 22 0 0
1 23 0 0
8 23 0 0
12 23 0 0
15 23 0 0
19 23 0 0
9 24 0 0
14 24 0 0
22 24 0 0
11 25 0 0
15 25 0 0
16 25 0 0
23 25 0 0
1 26 0 0
12 26 0 0
23 26 0 0
25 26 0 0
1 27 0 0
12 27 0 0
13 27 0 0
26 27 0 0
9 28 0 0
10 28 0 0
14 28 0 0
20 28 0 0
21 28 0 0
22 28 0 0
24 28 0 0
8 29 0 0
11 29 0 0
15 29 0 0
16 29 0 0
18 29 0 0
19 29 0 0
23 29 0 0
25 29 0 0
26 29 0 0
1 30 0 0
27 30 0 0
2 31 0 0
25 31 0 0
1 32 0 0
2 32 0 0
23 32 0 0
26 32 0 0
31 32 0 0
1 33 0 0
2 33 0 0
23 33 0 0
26 33 0 0
27 33 0 0
31 33 0 0
32 33 0 0
25 34 0 0
31 34 0 0
23 35 0 0
25 35 0 0
26 35 0 0
29 35 0 0
31 35 0 0
32 35 0 0
34 35 0 0
1 36 0 0
2 36 0 0
23 36 0 0
25 36 0 0
26 36 0 0
27 36 0 0
29 36 0 0
32 36 0 0
33 36 0 0
35 36 0 0
15 37 0 0
16 37 0 0
23 37 0 0
25 37 0 0
26 37 0 0
29 37 0 0
31 37 0 0
32 37 0 0
34 37 0 0
35 37 0 0
36 37 0 0
23 38 0 0
25 38 0 0
26 38 0 0
29 38 0 0
31 38 0 0
32 38 0 0
34 38 0 0
35 38 0 0
36 38 0 0
37 38 0 0
1 39 0 0
2 39 0 0
23 39 0 0
26 39 0 0
27 39 0 0
32 39 0 0
33 39 0 0
36 39 0 0
1 40 0 0
2 40 0 0
12 40 0 0
13 40 0 0
23 40 0 0
26 40 0 0
27 40 0 0
30 40 0 0
32 40 0 0
33 40 0 0
36 40 0 0
39 40 0 0
1 41 0 0
2 41 0 0
23 41 0 0
25 41 0 0
26 41 0 0
29 41 0 0
31 41 0 0
32 41 0 0
33 41 0 0
34 41 0 0
35 41 0 0
36 41 0 0
37 41 0 0
38 41 0 0
39 41 0 0
40 41 0 0
1 42 0 0
2 42 0 0
23 42 0 0
26 42 0 0
27 42 0 0
32 42 0 0
33 42 0 0
36 42 0 0
38 42 0 0
39 42 0 0
40 42 0 0
41 42 0 0
31 43 0 0
34 43 0 0
35 43 0 0
37 43 0 0
30 44 0 0
40 44 0 0
31 45 0 0
34 45 0 0
43 45 0 0
40 46 0 0
44 46 0 0
2 47 0 0
33 47 0 0
40 47 0 0
44 47 0 0
46 47 0 0
2 48 0 0
32 48 0 0
33 48 0 0
40 48 0 0
44 48 0 0
46 48 0 0
47 48 0 0
2 49 0 0
31 49 0 0
34 49 0 0
35 49 0 0
37 49 0 0
41 49 0 0
43 49 0 0
45 49 0 0
31 50 0 0
34 50 0 0
43 50 0 0
45 50 0 0
49 50 0 0
43 51 0 0
45 51 0 0
49 51 0 0
50 51 0 0
2 52 0 0
31 52 0 0
32 52 0 0
33 52 0 0
34 52 0 0
35 52 0 0
40 52 0 0
41 52 0 0
43 52 0 0
45 52 0 0
47 52 0 0
48 52 0 0
49 52 0 0
50 52 0 0
2 53 0 0
30 53 0 0
32 53 0 0
33 53 0 0
40 53 0 0
44 53 0 0
46 53 0 0
47 53 0 0
48 53 0 0
49 53 0 0
52 53 0 0
24 54 0 0
50 54 0 0
51 54 0 0
2 55 0 0
26 55 0 0
31 55 0 0
32 55 0 0
33 55 0 0
35 55 0 0
36 55 0 0
38 55 0 0
39 55 0 0
40 55 0 0
41 55 0 0
42 55 0 0
47 55 0 0
48 55 0 0
49 55 0 0
52 55 0 0
53 55 0 0
2 56 0 0
31 56 0 0
32 56 0 0
33 56 0 0
34 56 0 0
35 56 0 0
37 56 0 0
38 56 0 0
41 56 0 0
43 56 0 0
45 56 0 0
49 56 0 0
50 56 0 0
52 56 0 0
55 56 0 0
43 57 0 0
45 57 0 0
50 57 0 0
51 57 0 0
54 57 0 0
30 58 0 0
40 58 0 0
44 58 0 0
46 58 0 0
47 58 0 0
53 58 0 0
2 59 0 0
31 59 0 0
32 59 0 0
33 59 0 0
34 59 0 0
35 59 0 0
36 59 0 0
40 59 0 0
41 59 0 0
42 59 0 0
48 59 0 0
49 59 0 0
52 59 0 0
53 59 0 0
55 59 0 0
56 59 0 0
1 60 0 1
7 60 0 1
12 60 0 1
13 60 0 1
17 60 0 1
27 60 0 1
40 60 0 1
3 61 0 1
4 61 0 1
5 61 0 1
6 61 0 1
20 61 0 1
3 62 0 1
6 62 0 1
20 62 0 1
3 63 0 1
4 63 0 1
5 63 0 1
6 63 0 1
3 64 0 1
4 64 0 1
6 64 0 1
20 64 0 1
3 65 0 1
7 65 0 1
20 65 0 1
3 66 0 1
4 66 0 1
5 66 0 1
6 66 0 1
20 66 0 1
3 67 0 1
4 67 0 1
6 67 0 1
20 67 0 1
3 68 0 1
4 68 0 1
5 68 0 1
6 68 0 1
20 68 0 1
21 68 0 1
7 69 0 1
17 69 0 1
18 70 0 1
19 70 0 1
7 71 0 1
17 71 0 1
7 72 0 1
17 72 0 1
18 72 0 1
7 73 0 1
17 73 0 1
7 75 0 1
17 75 0 1
18 75 0 1
19 75 0 1
7 76 0 1
7 77 0 1
8 77 0 1
17 77 0 1
18 77 0 1
19 77 0 1
9 78 0 1
10 78 0 1
14 78 0 1
16 78 0 1
22 78 0 1
24 78 0 1
28 78 0 1
9 79 0 1
10 79 0 1
11 79 0 1
14 79 0 1
16 79 0 1
22 79 0 1
24 79 0 1
25 79 0 1
28 79 0 1
34 79 0 1
37 79 0 1
9 80 0 1
10 80 0 1
11 80 0 1
14 80 0 1
15 80 0 1
16 80 0 1
20 80 0 1
21 80 0 1
22 80 0 1
24 80 0 1
25 80 0 1
28 80 0 1
1 81 0 1
12 81 0 1
13 81 0 1
17 81 0 1
27 81 0 1
40 81 0 1
1 82 0 1
12 82 0 1
13 82 0 1
27 82 0 1
30 82 0 1
40 82 0 1
1 83 0 1
12 83 0 1
13 83 0 1
27 83 0 1
30 83 0 1
40 83 0 1
1 84 0 1
27 84 0 1
30 84 0 1
40 84 0 1
58 84 0 1
27 85 0 1
30 85 0 1
40 85 0 1
44 85 0 1
46 85 0 1
53 85 0 1
58 85 0 1
25 86 0 1
31 86 0 1
34 86 0 1
35 86 0 1
37 86 0 1
38 86 0 1
43 86 0 1
45 86 0 1
49 86 0 1
50 86 0 1
51 86 0 1
56 86 0 1
57 86 0 1
30 87 0 1
40 87 0 1
44 87 0 1
46 87 0 1
47 87 0 1
53 87 0 1
58 87 0 1
31 88 0 1
34 88 0 1
35 88 0 1
37 88 0 1
43 88 0 1
45 88 0 1
49 88 0 1
50 88 0 1
51 88 0 1
54 88 0 1
57 88 0 1
2 89 0 1
31 89 0 1
32 89 0 1
33 89 0 1
34 89 0 1
35 89 0 1
40 89 0 1
41 89 0 1
43 89 0 1
48 89 0 1
49 89 0 1
50 89 0 1
52 89 0 1
53 89 0 1
55 89 0 1
56 89 0 1
59 89 0 1
2 90 0 1
30 90 0 1
33 90 0 1
40 90 0 1
44 90 0 1
46 90 0 1
47 90 0 1
48 90 0 1
53 90 0 1
58 90 0 1
31 91 0 1
34 91 0 1
35 91 0 1
37 91 0 1
43 91 0 1
45 91 0 1
49 91 0 1
50 91 0 1
51 91 0 1
52 91 0 1
54 91 0 1
56 91 0 1
57 91 0 1
22 92 0 1
24 92 0 1
28 92 0 1
34 92 0 1
43 92 0 1
45 92 0 1
50 92 0 1
51 92 0 1
54 92 0 1
57 92 0 1
9 93 0 1
11 93 0 1
14 93 0 1
15 93 0 1
16 93 0 1
25 93 0 1
29 93 0 1
31 93 0 1
34 93 0 1
35 93 0 1
37 93 0 1
38 93 0 1
41 93 0 1
1 94 0 1
8 94 0 1
15 94 0 1
23 94 0 1
25 94 0 1
26 94 0 1
29 94 0 1
32 94 0 1
33 94 0 1
34 94 0 1
35 94 0 1
36 94 0 1
37 94 0 1
38 94 0 1
39 94 0 1
40 94 0 1
41 94 0 1
42 94 0 1
9 95 0 1
14 95 0 1
16 95 0 1
22 95 0 1
24 95 0 1
28 95 0 1
54 95 0 1
57 95 0 1
9 96 0 1
10 96 0 1
14 96 0 1
16 96 0 1
22 96 0 1
24 96 0 1
25 96 0 1
28 96 0 1
31 96 0 1
34 96 0 1
35 96 0 1
37 96 0 1
38 96 0 1
41 96 0 1
43 96 0 1
45 96 0 1
49 96 0 1
50 96 0 1
51 96 0 1
54 96 0 1
56 96 0 1
57 96 0 1
1 97 0 1
15 97 0 1
23 97 0 1
25 97 0 1
26 97 0 1
29 97 0 1
31 97 0 1
32 97 0 1
33 97 0 1
34 97 0 1
35 97 0 1
36 97 0 1
37 97 0 1
38 97 0 1
39 97 0 1
40 97 0 1
41 97 0 1
42 97 0 1
55 97 0 1
56 97 0 1
3 98 0 1
6 98 0 1
9 98 0 1
10 98 0 1
11 98 0 1
14 98 0 1
15 98 0 1
16 98 0 1
20 98 0 1
8 99 0 1
11 99 0 1
15 99 0 1
16 99 0 1
18 99 0 1
19 99 0 1
29 99 0 1
7 100 0 1
8 100 0 1
17 100 0 1
18 100 0 1
19 100 0 1
3 101 0 1
6 101 0 1
8 101 0 1
9 101 0 1
10 101 0 1
11 101 0 1
15 101 0 1
16 101 0 1
18 101 0 1
19 101 0 1
20 101 0 1
25 101 0 1
29 101 0 1
7 102 0 1
8 102 0 1
17 102 0 1
18 102 0 1
19 102 0 1
8 103 0 1
17 103 0 1
18 103 0 1
19 103 0 1
