1 2 0 0
2 3 0 0
1 4 0 0
2 4 0 0
5 6 0 0
1 7 0 0
4 7 0 0
1 8 0 0
4 8 0 0
7 8 0 0
7 9 0 0
5 10 0 0
6 10 0 0
9 10 0 0
1 11 0 0
7 11 0 0
8 11 0 0
9 11 0 0
1 12 0 0
7 12 0 0
8 12 0 0
9 12 0 0
11 12 0 0
1 13 0 0
2 13 0 0
4 13 0 0
7 13 0 0
8 13 0 0
12 13 0 0
5 14 0 0
6 14 0 0
10 14 0 0
1 15 0 0
2 15 0 0
4 15 0 0
7 15 0 0
8 15 0 0
12 15 0 0
13 15 0 0
5 16 0 0
9 16 0 0
10 16 0 0
14 16 0 0
5 17 0 0
6 17 0 0
10 17 0 0
14 17 0 0
16 17 0 0
1 18 0 0
2 18 0 0
4 18 0 0
7 18 0 0
8 18 0 0
11 18 0 0
12 18 0 0
13 18 0 0
15 18 0 0
5 19 0 0
9 19 0 0
10 19 0 0
11 19 0 0
14 19 0 0
16 19 0 0
17 19 0 0
5 20 0 0
6 20 0 0
9 20 0 0
10 20 0 0
14 20 0 0
16 20 0 0
17 20 0 0
19 20 0 0
1 21 0 0
7 21 0 0
8 21 0 0
9 21 0 0
11 21 0 0
12 21 0 0
16 21 0 0
18 21 0 0
19 21 0 0
1 22 0 0
7 22 0 0
9 22 0 0
11 22 0 0
12 22 0 0
16 22 0 0
21 22 0 0
1 23 0 0
2 23 0 0
7 23 0 0
8 23 0 0
11 23 0 0
12 23 0 0
13 23 0 0
15 23 0 0
18 23 0 0
21 23 0 0
22 23 0 0
1 24 0 0
2 24 0 0
7 24 0 0
8 24 0 0
12 24 0 0
13 24 0 0
15 24 0 0
18 24 0 0
22 24 0 0
23 24 0 0
1 25 0 0
2 25 0 0
7 25 0 0
8 25 0 0
9 25 0 0
11 25 0 0
12 25 0 0
13 25 0 0
15 25 0 0
18 25 0 0
21 25 0 0
22 25 0 0
23 25 0 0
24 25 0 0
1 26 0 0
2 26 0 0
7 26 0 0
8 26 0 0
11 26 0 0
12 26 0 0
13 26 0 0
15 26 0 0
18 26 0 0
21 26 0 0
22 26 0 0
23 26 0 0
24 26 0 0
25 26 0 0
1 27 0 0
7 27 0 0
8 27 0 0
9 27 0 0
11 27 0 0
12 27 0 0
16 27 0 0
18 27 0 0
19 27 0 0
21 27 0 0
22 27 0 0
23 27 0 0
24 27 0 0
25 27 0 0
26 27 0 0
22 28 0 0
2 29 0 0
3 29 0 0
22 29 0 0
23 29 0 0
24 29 0 0
25 29 0 0
26 29 0 0
27 29 0 0
28 29 0 0
1 30 0 0
2 30 0 0
3 30 0 0
15 30 0 0
22 30 0 0
23 30 0 0
24 30 0 0
25 30 0 0
26 30 0 0
27 30 0 0
29 30 0 0
1 31 0 0
2 31 0 0
12 31 0 0
22 31 0 0
23 31 0 0
24 31 0 0
25 31 0 0
26 31 0 0
27 31 0 0
29 31 0 0
30 31 0 0
2 32 0 0
22 32 0 0
23 32 0 0
25 32 0 0
26 32 0 0
27 32 0 0
28 32 0 0
29 32 0 0
30 32 0 0
31 32 0 0
1 33 0 0
2 33 0 0
3 33 0 0
22 33 0 0
23 33 0 0
24 33 0 0
25 33 0 0
26 33 0 0
27 33 0 0
29 33 0 0
30 33 0 0
31 33 0 0
32 33 0 0
1 34 0 0
2 34 0 0
3 34 0 0
23 34 0 0
24 34 0 0
25 34 0 0
26 34 0 0
29 34 0 0
30 34 0 0
31 34 0 0
32 34 0 0
33 34 0 0
1 35 0 0
2 35 0 0
22 35 0 0
23 35 0 0
24 35 0 0
25 35 0 0
26 35 0 0
27 35 0 0
29 35 0 0
30 35 0 0
31 35 0 0
32 35 0 0
33 35 0 0
34 35 0 0
1 36 0 0
2 36 0 0
7 36 0 0
12 36 0 0
13 36 0 0
15 36 0 0
18 36 0 0
22 36 0 0
23 36 0 0
24 36 0 0
25 36 0 0
26 36 0 0
27 36 0 0
29 36 0 0
30 36 0 0
31 36 0 0
32 36 0 0
33 36 0 0
34 36 0 0
35 36 0 0
1 37 0 0
2 37 0 0
12 37 0 0
21 37 0 0
22 37 0 0
23 37 0 0
24 37 0 0
25 37 0 0
26 37 0 0
27 37 0 0
28 37 0 0
29 37 0 0
30 37 0 0
31 37 0 0
32 37 0 0
33 37 0 0
34 37 0 0
35 37 0 0
36 37 0 0
1 38 0 0
2 38 0 0
13 38 0 0
15 38 0 0
18 38 0 0
23 38 0 0
24 38 0 0
25 38 0 0
26 38 0 0
29 38 0 0
30 38 0 0
31 38 0 0
33 38 0 0
34 38 0 0
35 38 0 0
36 38 0 0
37 38 0 0
28 39 0 0
32 39 0 0
28 40 0 0
29 40 0 0
31 40 0 0
32 40 0 0
35 40 0 0
37 40 0 0
39 40 0 0
2 41 0 0
3 41 0 0
28 41 0 0
29 41 0 0
30 41 0 0
31 41 0 0
32 41 0 0
33 41 0 0
35 41 0 0
36 41 0 0
37 41 0 0
39 41 0 0
40 41 0 0
2 42 0 0
3 42 0 0
29 42 0 0
30 42 0 0
31 42 0 0
32 42 0 0
33 42 0 0
34 42 0 0
35 42 0 0
36 42 0 0
37 42 0 0
40 42 0 0
41 42 0 0
2 43 0 0
3 43 0 0
28 43 0 0
29 43 0 0
30 43 0 0
31 43 0 0
32 43 0 0
33 43 0 0
35 43 0 0
36 43 0 0
37 43 0 0
39 43 0 0
40 43 0 0
41 43 0 0
42 43 0 0
2 44 0 0
3 44 0 0
29 44 0 0
30 44 0 0
31 44 0 0
32 44 0 0
33 44 0 0
34 44 0 0
35 44 0 0
36 44 0 0
37 44 0 0
38 44 0 0
40 44 0 0
41 44 0 0
42 44 0 0
43 44 0 0
2 45 0 0
3 45 0 0
28 45 0 0
29 45 0 0
30 45 0 0
31 45 0 0
32 45 0 0
33 45 0 0
34 45 0 0
35 45 0 0
36 45 0 0
37 45 0 0
40 45 0 0
41 45 0 0
42 45 0 0
43 45 0 0
44 45 0 0
1 46 0 0
2 46 0 0
3 46 0 0
23 46 0 0
29 46 0 0
30 46 0 0
31 46 0 0
32 46 0 0
33 46 0 0
34 46 0 0
35 46 0 0
36 46 0 0
37 46 0 0
38 46 0 0
41 46 0 0
42 46 0 0
43 46 0 0
44 46 0 0
45 46 0 0
2 47 0 0
3 47 0 0
29 47 0 0
30 47 0 0
31 47 0 0
32 47 0 0
33 47 0 0
34 47 0 0
35 47 0 0
36 47 0 0
37 47 0 0
40 47 0 0
41 47 0 0
42 47 0 0
43 47 0 0
44 47 0 0
45 47 0 0
46 47 0 0
2 48 0 0
3 48 0 0
29 48 0 0
30 48 0 0
31 48 0 0
32 48 0 0
33 48 0 0
34 48 0 0
35 48 0 0
36 48 0 0
37 48 0 0
38 48 0 0
40 48 0 0
41 48 0 0
42 48 0 0
43 48 0 0
44 48 0 0
45 48 0 0
46 48 0 0
47 48 0 0
2 49 0 0
3 49 0 0
22 49 0 0
23 49 0 0
25 49 0 0
27 49 0 0
28 49 0 0
29 49 0 0
30 49 0 0
31 49 0 0
32 49 0 0
33 49 0 0
34 49 0 0
35 49 0 0
36 49 0 0
37 49 0 0
40 49 0 0
41 49 0 0
42 49 0 0
43 49 0 0
44 49 0 0
45 49 0 0
46 49 0 0
47 49 0 0
48 49 0 0
1 50 0 0
2 50 0 0
3 50 0 0
22 50 0 0
23 50 0 0
24 50 0 0
25 50 0 0
26 50 0 0
27 50 0 0
29 50 0 0
30 50 0 0
31 50 0 0
32 50 0 0
33 50 0 0
34 50 0 0
35 50 0 0
36 50 0 0
37 50 0 0
38 50 0 0
41 50 0 0
42 50 0 0
43 50 0 0
44 50 0 0
45 50 0 0
46 50 0 0
47 50 0 0
48 50 0 0
49 50 0 0
2 51 0 0
3 51 0 0
22 51 0 0
23 51 0 0
24 51 0 0
25 51 0 0
28 51 0 0
29 51 0 0
30 51 0 0
31 51 0 0
32 51 0 0
33 51 0 0
34 51 0 0
35 51 0 0
36 51 0 0
37 51 0 0
38 51 0 0
40 51 0 0
41 51 0 0
42 51 0 0
43 51 0 0
44 51 0 0
45 51 0 0
46 51 0 0
47 51 0 0
48 51 0 0
49 51 0 0
50 51 0 0
1 52 0 0
2 52 0 0
3 52 0 0
30 52 0 0
33 52 0 0
34 52 0 0
36 52 0 0
38 52 0 0
46 52 0 0
2 53 0 0
3 53 0 0
22 53 0 0
28 53 0 0
29 53 0 0
30 53 0 0
31 53 0 0
32 53 0 0
33 53 0 0
35 53 0 0
36 53 0 0
37 53 0 0
39 53 0 0
40 53 0 0
41 53 0 0
42 53 0 0
43 53 0 0
44 53 0 0
45 53 0 0
46 53 0 0
47 53 0 0
48 53 0 0
49 53 0 0
50 53 0 0
51 53 0 0
2 54 0 0
3 54 0 0
40 54 0 0
41 54 0 0
42 54 0 0
43 54 0 0
44 54 0 0
45 54 0 0
46 54 0 0
47 54 0 0
48 54 0 0
49 54 0 0
51 54 0 0
53 54 0 0
3 55 0 0
41 55 0 0
43 55 0 0
54 55 0 0
2 56 0 0
3 56 0 0
41 56 0 0
42 56 0 0
43 56 0 0
44 56 0 0
45 56 0 0
46 56 0 0
47 56 0 0
48 56 0 0
54 56 0 0
55 56 0 0
2 57 0 0
3 57 0 0
41 57 0 0
42 57 0 0
43 57 0 0
44 57 0 0
47 57 0 0
48 57 0 0
54 57 0 0
55 57 0 0
56 57 0 0
2 58 0 0
3 58 0 0
41 58 0 0
42 58 0 0
43 58 0 0
54 58 0 0
55 58 0 0
56 58 0 0
57 58 0 0
2 59 0 0
3 59 0 0
54 59 0 0
56 59 0 0
57 59 0 0
58 59 0 0
2 60 0 0
3 60 0 0
41 60 0 0
42 60 0 0
43 60 0 0
44 60 0 0
45 60 0 0
46 60 0 0
47 60 0 0
48 60 0 0
54 60 0 0
55 60 0 0
56 60 0 0
57 60 0 0
58 60 0 0
59 60 0 0
2 61 0 0
3 61 0 0
42 61 0 0
56 61 0 0
57 61 0 0
59 61 0 0
60 61 0 0
2 62 0 0
3 62 0 0
56 62 0 0
57 62 0 0
59 62 0 0
60 62 0 0
61 62 0 0
2 63 0 0
3 63 0 0
54 63 0 0
55 63 0 0
56 63 0 0
57 63 0 0
58 63 0 0
59 63 0 0
60 63 0 0
61 63 0 0
62 63 0 0
2 64 0 0
3 64 0 0
57 64 0 0
59 64 0 0
60 64 0 0
61 64 0 0
62 64 0 0
63 64 0 0
2 65 0 0
3 65 0 0
56 65 0 0
57 65 0 0
58 65 0 0
59 65 0 0
60 65 0 0
61 65 0 0
62 65 0 0
63 65 0 0
64 65 0 0
55 66 0 0
56 66 0 0
57 66 0 0
58 66 0 0
63 66 0 0
65 66 0 0
54 67 0 0
55 67 0 0
56 67 0 0
57 67 0 0
58 67 0 0
60 67 0 0
63 67 0 0
65 67 0 0
66 67 0 0
2 68 0 0
3 68 0 0
54 68 0 0
55 68 0 0
56 68 0 0
57 68 0 0
58 68 0 0
59 68 0 0
60 68 0 0
61 68 0 0
62 68 0 0
63 68 0 0
64 68 0 0
65 68 0 0
66 68 0 0
67 68 0 0
2 69 0 0
3 69 0 0
57 69 0 0
59 69 0 0
60 69 0 0
61 69 0 0
62 69 0 0
63 69 0 0
64 69 0 0
65 69 0 0
68 69 0 0
2 70 0 0
3 70 0 0
57 70 0 0
59 70 0 0
60 70 0 0
61 70 0 0
62 70 0 0
63 70 0 0
64 70 0 0
65 70 0 0
68 70 0 0
69 70 0 0
2 71 0 0
3 71 0 0
54 71 0 0
55 71 0 0
56 71 0 0
57 71 0 0
58 71 0 0
59 71 0 0
60 71 0 0
61 71 0 0
62 71 0 0
63 71 0 0
64 71 0 0
65 71 0 0
66 71 0 0
67 71 0 0
68 71 0 0
69 71 0 0
70 71 0 0
2 72 0 0
3 72 0 0
56 72 0 0
57 72 0 0
58 72 0 0
59 72 0 0
60 72 0 0
61 72 0 0
62 72 0 0
63 72 0 0
64 72 0 0
65 72 0 0
66 72 0 0
67 72 0 0
68 72 0 0
69 72 0 0
70 72 0 0
71 72 0 0
3 73 0 0
54 73 0 0
55 73 0 0
56 73 0 0
57 73 0 0
58 73 0 0
60 73 0 0
63 73 0 0
64 73 0 0
65 73 0 0
66 73 0 0
67 73 0 0
68 73 0 0
71 73 0 0
72 73 0 0
2 74 0 0
3 74 0 0
55 74 0 0
56 74 0 0
57 74 0 0
58 74 0 0
59 74 0 0
60 74 0 0
62 74 0 0
63 74 0 0
64 74 0 0
65 74 0 0
66 74 0 0
67 74 0 0
68 74 0 0
70 74 0 0
71 74 0 0
72 74 0 0
73 74 0 0
66 75 0 0
67 75 0 0
68 75 0 0
73 75 0 0
74 75 0 0
66 76 0 0
67 76 0 0
73 76 0 0
74 76 0 0
75 76 0 0
65 77 0 0
66 77 0 0
67 77 0 0
73 77 0 0
74 77 0 0
75 77 0 0
76 77 0 0
2 78 0 0
62 78 0 0
64 78 0 0
65 78 0 0
69 78 0 0
70 78 0 0
71 78 0 0
72 78 0 0
74 78 0 0
2 79 0 0
64 79 0 0
65 79 0 0
70 79 0 0
78 79 0 0
65 80 0 0
66 80 0 0
67 80 0 0
68 80 0 0
71 80 0 0
72 80 0 0
73 80 0 0
74 80 0 0
75 80 0 0
76 80 0 0
77 80 0 0
78 80 0 0
2 81 0 0
64 81 0 0
65 81 0 0
69 81 0 0
70 81 0 0
72 81 0 0
78 81 0 0
79 81 0 0
2 82 0 0
64 82 0 0
65 82 0 0
69 82 0 0
70 82 0 0
72 82 0 0
78 82 0 0
79 82 0 0
81 82 0 0
2 83 0 0
64 83 0 0
65 83 0 0
70 83 0 0
71 83 0 0
72 83 0 0
74 83 0 0
77 83 0 0
78 83 0 0
79 83 0 0
80 83 0 0
81 83 0 0
82 83 0 0
2 84 0 0
62 84 0 0
63 84 0 0
64 84 0 0
65 84 0 0
66 84 0 0
68 84 0 0
69 84 0 0
70 84 0 0
71 84 0 0
72 84 0 0
73 84 0 0
74 84 0 0
77 84 0 0
78 84 0 0
79 84 0 0
80 84 0 0
81 84 0 0
82 84 0 0
83 84 0 0
2 85 0 0
62 85 0 0
63 85 0 0
64 85 0 0
65 85 0 0
66 85 0 0
67 85 0 0
68 85 0 0
70 85 0 0
71 85 0 0
72 85 0 0
73 85 0 0
74 85 0 0
75 85 0 0
76 85 0 0
77 85 0 0
78 85 0 0
79 85 0 0
80 85 0 0
81 85 0 0
82 85 0 0
83 85 0 0
84 85 0 0
2 86 0 0
62 86 0 0
64 86 0 0
65 86 0 0
69 86 0 0
70 86 0 0
72 86 0 0
78 86 0 0
79 86 0 0
81 86 0 0
82 86 0 0
83 86 0 0
84 86 0 0
85 86 0 0
58 87 0 0
62 87 0 0
63 87 0 0
64 87 0 0
65 87 0 0
66 87 0 0
67 87 0 0
68 87 0 0
71 87 0 0
72 87 0 0
73 87 0 0
74 87 0 0
75 87 0 0
76 87 0 0
77 87 0 0
78 87 0 0
80 87 0 0
83 87 0 0
84 87 0 0
85 87 0 0
2 88 0 0
62 88 0 0
63 88 0 0
64 88 0 0
65 88 0 0
69 88 0 0
70 88 0 0
71 88 0 0
72 88 0 0
78 88 0 0
79 88 0 0
81 88 0 0
82 88 0 0
83 88 0 0
84 88 0 0
85 88 0 0
86 88 0 0
2 89 0 0
59 89 0 0
61 89 0 0
62 89 0 0
63 89 0 0
64 89 0 0
65 89 0 0
68 89 0 0
69 89 0 0
70 89 0 0
71 89 0 0
72 89 0 0
74 89 0 0
78 89 0 0
79 89 0 0
81 89 0 0
82 89 0 0
83 89 0 0
84 89 0 0
85 89 0 0
86 89 0 0
87 89 0 0
88 89 0 0
2 90 0 0
57 90 0 0
59 90 0 0
62 90 0 0
63 90 0 0
64 90 0 0
65 90 0 0
66 90 0 0
68 90 0 0
69 90 0 0
70 90 0 0
71 90 0 0
72 90 0 0
73 90 0 0
74 90 0 0
77 90 0 0
78 90 0 0
79 90 0 0
80 90 0 0
81 90 0 0
82 90 0 0
83 90 0 0
84 90 0 0
85 90 0 0
86 90 0 0
87 90 0 0
88 90 0 0
89 90 0 0
2 91 0 0
57 91 0 0
62 91 0 0
63 91 0 0
64 91 0 0
65 91 0 0
66 91 0 0
67 91 0 0
68 91 0 0
70 91 0 0
71 91 0 0
72 91 0 0
73 91 0 0
74 91 0 0
75 91 0 0
76 91 0 0
77 91 0 0
78 91 0 0
80 91 0 0
82 91 0 0
83 91 0 0
84 91 0 0
85 91 0 0
87 91 0 0
88 91 0 0
89 91 0 0
90 91 0 0
2 92 0 0
59 92 0 0
61 92 0 0
62 92 0 0
63 92 0 0
64 92 0 0
65 92 0 0
69 92 0 0
70 92 0 0
71 92 0 0
72 92 0 0
78 92 0 0
79 92 0 0
81 92 0 0
82 92 0 0
83 92 0 0
84 92 0 0
85 92 0 0
86 92 0 0
88 92 0 0
89 92 0 0
90 92 0 0
91 92 0 0
2 93 0 0
62 93 0 0
63 93 0 0
64 93 0 0
65 93 0 0
66 93 0 0
68 93 0 0
69 93 0 0
70 93 0 0
71 93 0 0
72 93 0 0
73 93 0 0
74 93 0 0
77 93 0 0
78 93 0 0
79 93 0 0
80 93 0 0
81 93 0 0
82 93 0 0
83 93 0 0
84 93 0 0
85 93 0 0
86 93 0 0
87 93 0 0
88 93 0 0
89 93 0 0
90 93 0 0
91 93 0 0
92 93 0 0
2 94 0 0
3 94 0 0
54 94 0 0
55 94 0 0
56 94 0 0
57 94 0 0
58 94 0 0
59 94 0 0
60 94 0 0
61 94 0 0
62 94 0 0
63 94 0 0
64 94 0 0
65 94 0 0
66 94 0 0
67 94 0 0
68 94 0 0
70 94 0 0
71 94 0 0
72 94 0 0
73 94 0 0
74 94 0 0
84 94 0 0
85 94 0 0
87 94 0 0
90 94 0 0
91 94 0 0
2 95 0 0
3 95 0 0
42 95 0 0
54 95 0 0
55 95 0 0
56 95 0 0
57 95 0 0
58 95 0 0
59 95 0 0
60 95 0 0
61 95 0 0
62 95 0 0
63 95 0 0
64 95 0 0
65 95 0 0
66 95 0 0
67 95 0 0
68 95 0 0
69 95 0 0
70 95 0 0
71 95 0 0
72 95 0 0
73 95 0 0
74 95 0 0
84 95 0 0
85 95 0 0
87 95 0 0
88 95 0 0
89 95 0 0
90 95 0 0
91 95 0 0
92 95 0 0
93 95 0 0
94 95 0 0
54 96 0 0
55 96 0 0
56 96 0 0
57 96 0 0
58 96 0 0
66 96 0 0
67 96 0 0
68 96 0 0
73 96 0 0
74 96 0 0
75 96 0 0
94 96 0 0
2 97 0 0
3 97 0 0
42 97 0 0
54 97 0 0
55 97 0 0
56 97 0 0
57 97 0 0
58 97 0 0
59 97 0 0
60 97 0 0
61 97 0 0
62 97 0 0
63 97 0 0
64 97 0 0
65 97 0 0
66 97 0 0
67 97 0 0
68 97 0 0
69 97 0 0
70 97 0 0
71 97 0 0
72 97 0 0
73 97 0 0
74 97 0 0
87 97 0 0
89 97 0 0
90 97 0 0
91 97 0 0
94 97 0 0
95 97 0 0
96 97 0 0
2 98 0 0
3 98 0 0
54 98 0 0
55 98 0 0
56 98 0 0
57 98 0 0
58 98 0 0
59 98 0 0
60 98 0 0
61 98 0 0
62 98 0 0
63 98 0 0
64 98 0 0
65 98 0 0
66 98 0 0
67 98 0 0
68 98 0 0
69 98 0 0
70 98 0 0
71 98 0 0
72 98 0 0
73 98 0 0
74 98 0 0
84 98 0 0
85 98 0 0
87 98 0 0
89 98 0 0
90 98 0 0
91 98 0 0
93 98 0 0
94 98 0 0
95 98 0 0
96 98 0 0
97 98 0 0
3 99 0 0
28 99 0 0
29 99 0 0
32 99 0 0
39 99 0 0
40 99 0 0
41 99 0 0
42 99 0 0
43 99 0 0
44 99 0 0
45 99 0 0
47 99 0 0
48 99 0 0
49 99 0 0
51 99 0 0
53 99 0 0
54 99 0 0
55 99 0 0
56 99 0 0
57 99 0 0
58 99 0 0
60 99 0 0
67 99 0 0
94 99 0 0
96 99 0 0
97 99 0 0
2 100 0 0
3 100 0 0
29 100 0 0
32 100 0 0
35 100 0 0
40 100 0 0
41 100 0 0
42 100 0 0
43 100 0 0
44 100 0 0
45 100 0 0
46 100 0 0
47 100 0 0
48 100 0 0
49 100 0 0
50 100 0 0
51 100 0 0
53 100 0 0
54 100 0 0
55 100 0 0
56 100 0 0
57 100 0 0
58 100 0 0
60 100 0 0
94 100 0 0
95 100 0 0
96 100 0 0
97 100 0 0
98 100 0 0
99 100 0 0
2 101 0 0
3 101 0 0
29 101 0 0
30 101 0 0
31 101 0 0
32 101 0 0
33 101 0 0
34 101 0 0
35 101 0 0
36 101 0 0
37 101 0 0
40 101 0 0
41 101 0 0
42 101 0 0
43 101 0 0
44 101 0 0
45 101 0 0
46 101 0 0
47 101 0 0
48 101 0 0
49 101 0 0
50 101 0 0
51 101 0 0
53 101 0 0
54 101 0 0
55 101 0 0
56 101 0 0
57 101 0 0
58 101 0 0
59 101 0 0
60 101 0 0
61 101 0 0
62 101 0 0
63 101 0 0
68 101 0 0
71 101 0 0
94 101 0 0
95 101 0 0
96 101 0 0
97 101 0 0
98 101 0 0
99 101 0 0
100 101 0 0
2 102 0 0
3 102 0 0
29 102 0 0
32 102 0 0
39 102 0 0
40 102 0 0
41 102 0 0
42 102 0 0
43 102 0 0
44 102 0 0
45 102 0 0
46 102 0 0
47 102 0 0
48 102 0 0
49 102 0 0
50 102 0 0
51 102 0 0
53 102 0 0
54 102 0 0
55 102 0 0
56 102 0 0
57 102 0 0
58 102 0 0
60 102 0 0
94 102 0 0
95 102 0 0
96 102 0 0
97 102 0 0
98 102 0 0
99 102 0 0
100 102 0 0
101 102 0 0
2 103 0 0
3 103 0 0
29 103 0 0
40 103 0 0
41 103 0 0
42 103 0 0
43 103 0 0
44 103 0 0
45 103 0 0
46 103 0 0
47 103 0 0
48 103 0 0
49 103 0 0
50 103 0 0
51 103 0 0
53 103 0 0
54 103 0 0
55 103 0 0
56 103 0 0
57 103 0 0
58 103 0 0
59 103 0 0
60 103 0 0
61 103 0 0
63 103 0 0
68 103 0 0
94 103 0 0
95 103 0 0
96 103 0 0
97 103 0 0
98 103 0 0
99 103 0 0
100 103 0 0
101 103 0 0
102 103 0 0
17 104 0 1
39 104 0 1
75 105 0 1
7 107 0 1
9 107 0 1
11 107 0 1
12 107 0 1
16 107 0 1
19 107 0 1
20 107 0 1
21 107 0 1
22 107 0 1
25 107 0 1
26 107 0 1
27 107 0 1
7 108 0 1
8 108 0 1
9 108 0 1
11 108 0 1
12 108 0 1
16 108 0 1
18 108 0 1
19 108 0 1
21 108 0 1
22 108 0 1
23 108 0 1
25 108 0 1
26 108 0 1
27 108 0 1
7 109 0 1
9 109 0 1
11 109 0 1
12 109 0 1
16 109 0 1
19 109 0 1
20 109 0 1
21 109 0 1
22 109 0 1
25 109 0 1
26 109 0 1
27 109 0 1
1 110 0 1
7 110 0 1
8 110 0 1
9 110 0 1
11 110 0 1
12 110 0 1
13 110 0 1
15 110 0 1
18 110 0 1
21 110 0 1
22 110 0 1
23 110 0 1
24 110 0 1
25 110 0 1
26 110 0 1
27 110 0 1
31 110 0 1
36 110 0 1
37 110 0 1
38 110 0 1
6 111 0 1
6 112 0 1
6 113 0 1
1 114 0 1
2 114 0 1
4 114 0 1
7 114 0 1
8 114 0 1
11 114 0 1
12 114 0 1
13 114 0 1
15 114 0 1
18 114 0 1
21 114 0 1
22 114 0 1
23 114 0 1
24 114 0 1
25 114 0 1
26 114 0 1
27 114 0 1
30 114 0 1
31 114 0 1
33 114 0 1
34 114 0 1
35 114 0 1
36 114 0 1
37 114 0 1
38 114 0 1
1 115 0 1
7 115 0 1
8 115 0 1
9 115 0 1
11 115 0 1
12 115 0 1
16 115 0 1
18 115 0 1
19 115 0 1
21 115 0 1
22 115 0 1
23 115 0 1
24 115 0 1
25 115 0 1
26 115 0 1
27 115 0 1
31 115 0 1
32 115 0 1
33 115 0 1
35 115 0 1
36 115 0 1
37 115 0 1
9 117 0 1
11 117 0 1
12 117 0 1
16 117 0 1
19 117 0 1
21 117 0 1
22 117 0 1
23 117 0 1
25 117 0 1
26 117 0 1
27 117 0 1
28 117 0 1
29 117 0 1
31 117 0 1
32 117 0 1
33 117 0 1
35 117 0 1
36 117 0 1
37 117 0 1
49 117 0 1
50 117 0 1
51 117 0 1
53 117 0 1
6 118 0 1
5 119 0 1
9 119 0 1
10 119 0 1
14 119 0 1
16 119 0 1
17 119 0 1
19 119 0 1
20 119 0 1
28 119 0 1
5 120 0 1
6 120 0 1
10 120 0 1
14 120 0 1
17 120 0 1
9 121 0 1
10 121 0 1
11 121 0 1
14 121 0 1
16 121 0 1
17 121 0 1
19 121 0 1
20 121 0 1
21 121 0 1
22 121 0 1
25 121 0 1
27 121 0 1
28 121 0 1
32 121 0 1
37 121 0 1
6 122 0 1
17 122 0 1
5 123 0 1
9 123 0 1
10 123 0 1
14 123 0 1
16 123 0 1
17 123 0 1
19 123 0 1
20 123 0 1
21 123 0 1
22 123 0 1
27 123 0 1
28 123 0 1
37 123 0 1
6 124 0 1
17 124 0 1
14 125 0 1
17 125 0 1
28 125 0 1
39 125 0 1
17 126 0 1
14 128 0 1
16 128 0 1
17 128 0 1
28 128 0 1
39 128 0 1
40 128 0 1
5 129 0 1
10 129 0 1
14 129 0 1
16 129 0 1
17 129 0 1
19 129 0 1
20 129 0 1
28 129 0 1
39 129 0 1
5 130 0 1
14 130 0 1
17 130 0 1
20 130 0 1
28 130 0 1
6 131 0 1
14 131 0 1
17 131 0 1
2 132 0 1
16 132 0 1
22 132 0 1
23 132 0 1
25 132 0 1
26 132 0 1
27 132 0 1
28 132 0 1
29 132 0 1
31 132 0 1
32 132 0 1
33 132 0 1
35 132 0 1
36 132 0 1
37 132 0 1
40 132 0 1
41 132 0 1
43 132 0 1
44 132 0 1
45 132 0 1
47 132 0 1
49 132 0 1
50 132 0 1
51 132 0 1
53 132 0 1
16 134 0 1
22 134 0 1
25 134 0 1
27 134 0 1
28 134 0 1
29 134 0 1
31 134 0 1
32 134 0 1
37 134 0 1
39 134 0 1
40 134 0 1
43 134 0 1
45 134 0 1
49 134 0 1
51 134 0 1
53 134 0 1
14 135 0 1
16 135 0 1
17 135 0 1
28 135 0 1
39 135 0 1
40 135 0 1
17 137 0 1
28 139 0 1
29 139 0 1
31 139 0 1
32 139 0 1
35 139 0 1
37 139 0 1
39 139 0 1
40 139 0 1
41 139 0 1
42 139 0 1
43 139 0 1
44 139 0 1
45 139 0 1
46 139 0 1
47 139 0 1
48 139 0 1
49 139 0 1
50 139 0 1
51 139 0 1
53 139 0 1
54 139 0 1
99 139 0 1
100 139 0 1
101 139 0 1
102 139 0 1
103 139 0 1
39 141 0 1
39 142 0 1
2 145 0 1
22 145 0 1
28 145 0 1
29 145 0 1
31 145 0 1
32 145 0 1
35 145 0 1
37 145 0 1
39 145 0 1
40 145 0 1
41 145 0 1
42 145 0 1
43 145 0 1
44 145 0 1
45 145 0 1
47 145 0 1
48 145 0 1
49 145 0 1
50 145 0 1
51 145 0 1
53 145 0 1
54 145 0 1
99 145 0 1
100 145 0 1
101 145 0 1
102 145 0 1
103 145 0 1
28 148 0 1
32 148 0 1
37 148 0 1
39 148 0 1
40 148 0 1
41 148 0 1
43 148 0 1
49 148 0 1
51 148 0 1
53 148 0 1
99 148 0 1
28 149 0 1
29 149 0 1
31 149 0 1
32 149 0 1
37 149 0 1
39 149 0 1
40 149 0 1
41 149 0 1
43 149 0 1
45 149 0 1
49 149 0 1
51 149 0 1
53 149 0 1
99 149 0 1
100 149 0 1
101 149 0 1
102 149 0 1
28 150 0 1
39 150 0 1
28 151 0 1
39 151 0 1
40 151 0 1
28 152 0 1
32 152 0 1
39 152 0 1
40 152 0 1
43 152 0 1
53 152 0 1
99 152 0 1
28 154 0 1
39 154 0 1
40 154 0 1
99 154 0 1
28 155 0 1
39 155 0 1
40 155 0 1
22 160 0 1
25 160 0 1
27 160 0 1
28 160 0 1
29 160 0 1
31 160 0 1
32 160 0 1
33 160 0 1
35 160 0 1
36 160 0 1
37 160 0 1
39 160 0 1
40 160 0 1
41 160 0 1
43 160 0 1
44 160 0 1
45 160 0 1
47 160 0 1
49 160 0 1
50 160 0 1
51 160 0 1
53 160 0 1
99 160 0 1
101 160 0 1
17 161 0 1
14 162 0 1
16 162 0 1
17 162 0 1
28 162 0 1
32 162 0 1
37 162 0 1
39 162 0 1
40 162 0 1
16 163 0 1
22 163 0 1
28 163 0 1
31 163 0 1
32 163 0 1
37 163 0 1
39 163 0 1
40 163 0 1
43 163 0 1
49 163 0 1
51 163 0 1
53 163 0 1
99 163 0 1
28 164 0 1
32 164 0 1
39 164 0 1
40 164 0 1
28 165 0 1
29 165 0 1
32 165 0 1
37 165 0 1
39 165 0 1
40 165 0 1
41 165 0 1
43 165 0 1
45 165 0 1
49 165 0 1
51 165 0 1
53 165 0 1
99 165 0 1
28 166 0 1
39 166 0 1
40 166 0 1
28 167 0 1
39 167 0 1
40 167 0 1
41 167 0 1
43 167 0 1
45 167 0 1
53 167 0 1
54 167 0 1
55 167 0 1
56 167 0 1
58 167 0 1
96 167 0 1
99 167 0 1
100 167 0 1
101 167 0 1
102 167 0 1
103 167 0 1
39 168 0 1
40 168 0 1
55 168 0 1
96 168 0 1
99 168 0 1
102 168 0 1
39 169 0 1
39 170 0 1
40 170 0 1
43 170 0 1
54 170 0 1
55 170 0 1
56 170 0 1
58 170 0 1
67 170 0 1
96 170 0 1
99 170 0 1
100 170 0 1
102 170 0 1
28 174 0 1
39 174 0 1
40 174 0 1
96 174 0 1
99 174 0 1
39 178 0 1
40 178 0 1
43 178 0 1
55 178 0 1
96 178 0 1
99 178 0 1
100 178 0 1
102 178 0 1
39 179 0 1
99 179 0 1
28 181 0 1
39 181 0 1
40 181 0 1
99 181 0 1
28 182 0 1
29 182 0 1
32 182 0 1
37 182 0 1
39 182 0 1
40 182 0 1
41 182 0 1
42 182 0 1
43 182 0 1
44 182 0 1
45 182 0 1
47 182 0 1
48 182 0 1
49 182 0 1
51 182 0 1
53 182 0 1
54 182 0 1
55 182 0 1
56 182 0 1
58 182 0 1
96 182 0 1
99 182 0 1
100 182 0 1
101 182 0 1
102 182 0 1
103 182 0 1
28 186 0 1
39 186 0 1
40 186 0 1
41 186 0 1
43 186 0 1
53 186 0 1
96 186 0 1
99 186 0 1
102 186 0 1
39 189 0 1
28 190 0 1
39 190 0 1
40 190 0 1
96 190 0 1
99 190 0 1
39 191 0 1
54 192 0 1
55 192 0 1
56 192 0 1
57 192 0 1
58 192 0 1
66 192 0 1
67 192 0 1
68 192 0 1
73 192 0 1
74 192 0 1
75 192 0 1
87 192 0 1
94 192 0 1
96 192 0 1
97 192 0 1
98 192 0 1
99 192 0 1
102 192 0 1
103 192 0 1
55 193 0 1
58 193 0 1
67 193 0 1
73 193 0 1
75 193 0 1
96 193 0 1
99 193 0 1
96 194 0 1
55 196 0 1
66 196 0 1
67 196 0 1
73 196 0 1
75 196 0 1
96 196 0 1
99 196 0 1
67 197 0 1
75 197 0 1
96 197 0 1
55 198 0 1
66 198 0 1
67 198 0 1
68 198 0 1
73 198 0 1
74 198 0 1
75 198 0 1
76 198 0 1
77 198 0 1
80 198 0 1
85 198 0 1
87 198 0 1
91 198 0 1
94 198 0 1
96 198 0 1
55 199 0 1
66 199 0 1
67 199 0 1
68 199 0 1
73 199 0 1
74 199 0 1
75 199 0 1
76 199 0 1
77 199 0 1
80 199 0 1
85 199 0 1
87 199 0 1
96 199 0 1
66 200 0 1
67 200 0 1
73 200 0 1
75 200 0 1
76 200 0 1
77 200 0 1
80 200 0 1
87 200 0 1
96 200 0 1
66 203 0 1
75 203 0 1
76 203 0 1
77 203 0 1
75 204 0 1
66 208 0 1
67 208 0 1
73 208 0 1
75 208 0 1
76 208 0 1
77 208 0 1
87 208 0 1
96 208 0 1
54 210 0 1
55 210 0 1
56 210 0 1
58 210 0 1
66 210 0 1
67 210 0 1
68 210 0 1
73 210 0 1
74 210 0 1
75 210 0 1
87 210 0 1
94 210 0 1
96 210 0 1
98 210 0 1
99 210 0 1
102 210 0 1
67 211 0 1
75 211 0 1
96 211 0 1
66 212 0 1
67 212 0 1
73 212 0 1
75 212 0 1
96 212 0 1
39 213 0 1
40 213 0 1
41 213 0 1
43 213 0 1
54 213 0 1
55 213 0 1
56 213 0 1
57 213 0 1
58 213 0 1
60 213 0 1
66 213 0 1
67 213 0 1
68 213 0 1
73 213 0 1
74 213 0 1
94 213 0 1
96 213 0 1
97 213 0 1
98 213 0 1
99 213 0 1
100 213 0 1
101 213 0 1
102 213 0 1
103 213 0 1
39 215 0 1
55 215 0 1
58 215 0 1
67 215 0 1
96 215 0 1
99 215 0 1
102 215 0 1
39 216 0 1
40 216 0 1
55 216 0 1
67 216 0 1
96 216 0 1
99 216 0 1
39 217 0 1
40 217 0 1
41 217 0 1
43 217 0 1
54 217 0 1
55 217 0 1
56 217 0 1
57 217 0 1
58 217 0 1
67 217 0 1
68 217 0 1
73 217 0 1
94 217 0 1
96 217 0 1
99 217 0 1
100 217 0 1
101 217 0 1
102 217 0 1
103 217 0 1
54 218 0 1
55 218 0 1
56 218 0 1
58 218 0 1
66 218 0 1
67 218 0 1
68 218 0 1
73 218 0 1
75 218 0 1
94 218 0 1
96 218 0 1
99 218 0 1
100 218 0 1
102 218 0 1
39 219 0 1
96 219 0 1
55 220 0 1
67 220 0 1
96 220 0 1
99 220 0 1
