3 5 0 0
4 5 0 0
3 6 0 0
4 6 0 0
5 6 0 0
3 7 0 0
4 7 0 0
5 7 0 0
6 7 0 0
3 8 0 0
4 8 0 0
5 8 0 0
6 8 0 0
7 8 0 0
3 9 0 0
5 9 0 0
6 9 0 0
7 9 0 0
8 9 0 0
3 10 0 0
4 10 0 0
5 10 0 0
6 10 0 0
7 10 0 0
8 10 0 0
9 10 0 0
3 11 0 0
4 11 0 0
5 11 0 0
6 11 0 0
7 11 0 0
8 11 0 0
9 11 0 0
10 11 0 0
1 12 0 0
4 13 0 0
5 13 0 0
6 13 0 0
7 13 0 0
8 13 0 0
9 13 0 0
10 13 0 0
11 13 0 0
12 14 0 0
3 15 0 0
4 15 0 0
5 15 0 0
6 15 0 0
7 15 0 0
8 15 0 0
9 15 0 0
10 15 0 0
11 15 0 0
13 15 0 0
3 16 0 0
5 16 0 0
6 16 0 0
9 16 0 0
15 16 0 0
3 17 0 0
5 17 0 0
6 17 0 0
8 17 0 0
9 17 0 0
11 17 0 0
15 17 0 0
16 17 0 0
3 18 0 0
5 18 0 0
6 18 0 0
7 18 0 0
8 18 0 0
9 18 0 0
10 18 0 0
11 18 0 0
13 18 0 0
15 18 0 0
16 18 0 0
17 18 0 0
3 19 0 0
4 19 0 0
5 19 0 0
6 19 0 0
7 19 0 0
8 19 0 0
9 19 0 0
10 19 0 0
11 19 0 0
13 19 0 0
15 19 0 0
16 19 0 0
17 19 0 0
18 19 0 0
1 20 0 0
12 20 0 0
3 22 0 0
9 22 0 0
15 22 0 0
16 22 0 0
17 22 0 0
3 23 0 0
9 23 0 0
15 23 0 0
16 23 0 0
17 23 0 0
18 23 0 0
22 23 0 0
1 24 0 0
12 24 0 0
14 24 0 0
20 24 0 0
1 25 0 0
12 25 0 0
14 25 0 0
20 25 0 0
24 25 0 0
3 26 0 0
4 26 0 0
5 26 0 0
6 26 0 0
7 26 0 0
8 26 0 0
9 26 0 0
10 26 0 0
11 26 0 0
13 26 0 0
15 26 0 0
16 26 0 0
17 26 0 0
18 26 0 0
19 26 0 0
22 26 0 0
23 26 0 0
3 27 0 0
5 27 0 0
6 27 0 0
7 27 0 0
8 27 0 0
9 27 0 0
10 27 0 0
11 27 0 0
15 27 0 0
16 27 0 0
17 27 0 0
18 27 0 0
19 27 0 0
22 27 0 0
23 27 0 0
26 27 0 0
3 28 0 0
4 28 0 0
5 28 0 0
6 28 0 0
7 28 0 0
8 28 0 0
9 28 0 0
10 28 0 0
11 28 0 0
13 28 0 0
15 28 0 0
19 28 0 0
21 28 0 0
26 28 0 0
27 28 0 0
1 29 0 0
12 29 0 0
14 29 0 0
20 29 0 0
24 29 0 0
25 29 0 0
1 30 0 0
12 30 0 0
14 30 0 0
20 30 0 0
24 30 0 0
25 30 0 0
29 30 0 0
1 31 0 0
12 31 0 0
14 31 0 0
20 31 0 0
24 31 0 0
25 31 0 0
29 31 0 0
30 31 0 0
1 32 0 0
12 32 0 0
14 32 0 0
20 32 0 0
24 32 0 0
25 32 0 0
29 32 0 0
30 32 0 0
31 32 0 0
2 33 0 0
22 33 0 0
23 33 0 0
2 34 0 0
33 34 0 0
2 35 0 0
33 35 0 0
34 35 0 0
2 36 0 0
33 36 0 0
34 36 0 0
35 36 0 0
1 37 0 0
2 38 0 0
35 38 0 0
2 39 0 0
35 39 0 0
38 39 0 0
2 40 0 0
22 40 0 0
23 40 0 0
33 40 0 0
34 40 0 0
35 40 0 0
36 40 0 0
2 41 0 0
22 41 0 0
33 41 0 0
34 41 0 0
35 41 0 0
36 41 0 0
40 41 0 0
1 42 0 0
31 42 0 0
32 42 0 0
37 42 0 0
1 43 0 0
32 43 0 0
37 43 0 0
42 43 0 0
2 44 0 0
33 44 0 0
34 44 0 0
35 44 0 0
36 44 0 0
40 44 0 0
41 44 0 0
2 45 0 0
33 45 0 0
34 45 0 0
35 45 0 0
36 45 0 0
38 45 0 0
39 45 0 0
40 45 0 0
41 45 0 0
44 45 0 0
1 46 0 0
25 46 0 0
29 46 0 0
30 46 0 0
31 46 0 0
32 46 0 0
37 46 0 0
42 46 0 0
43 46 0 0
2 47 0 0
22 47 0 0
23 47 0 0
27 47 0 0
33 47 0 0
34 47 0 0
35 47 0 0
36 47 0 0
40 47 0 0
41 47 0 0
44 47 0 0
45 47 0 0
2 48 0 0
3 48 0 0
22 48 0 0
23 48 0 0
26 48 0 0
27 48 0 0
33 48 0 0
34 48 0 0
35 48 0 0
36 48 0 0
40 48 0 0
41 48 0 0
44 48 0 0
45 48 0 0
47 48 0 0
2 49 0 0
22 49 0 0
23 49 0 0
33 49 0 0
34 49 0 0
35 49 0 0
36 49 0 0
40 49 0 0
41 49 0 0
44 49 0 0
45 49 0 0
47 49 0 0
48 49 0 0
1 50 0 0
37 50 0 0
42 50 0 0
43 50 0 0
2 51 0 0
38 51 0 0
39 51 0 0
37 52 0 0
42 52 0 0
43 52 0 0
50 52 0 0
2 53 0 0
38 53 0 0
39 53 0 0
51 53 0 0
2 54 0 0
38 54 0 0
39 54 0 0
51 54 0 0
53 54 0 0
2 55 0 0
35 55 0 0
38 55 0 0
39 55 0 0
51 55 0 0
53 55 0 0
54 55 0 0
2 56 0 0
51 56 0 0
53 56 0 0
54 56 0 0
55 56 0 0
2 57 0 0
2 58 0 0
55 58 0 0
57 58 0 0
2 59 0 0
39 59 0 0
51 59 0 0
53 59 0 0
54 59 0 0
55 59 0 0
56 59 0 0
2 60 0 0
51 60 0 0
53 60 0 0
54 60 0 0
55 60 0 0
56 60 0 0
59 60 0 0
2 62 0 0
56 62 0 0
59 62 0 0
60 62 0 0
2 63 0 0
56 63 0 0
59 63 0 0
60 63 0 0
62 63 0 0
61 64 0 0
61 65 0 0
64 65 0 0
2 66 0 0
57 66 0 0
58 66 0 0
2 67 0 0
58 67 0 0
60 67 0 0
62 67 0 0
63 67 0 0
2 68 0 0
56 68 0 0
60 68 0 0
62 68 0 0
63 68 0 0
67 68 0 0
56 69 0 0
60 69 0 0
62 69 0 0
63 69 0 0
67 69 0 0
68 69 0 0
61 70 0 0
64 70 0 0
65 70 0 0
2 71 0 0
57 71 0 0
58 71 0 0
63 71 0 0
66 71 0 0
67 71 0 0
68 71 0 0
2 72 0 0
57 72 0 0
58 72 0 0
66 72 0 0
71 72 0 0
2 73 0 0
57 73 0 0
58 73 0 0
62 73 0 0
63 73 0 0
66 73 0 0
67 73 0 0
68 73 0 0
71 73 0 0
72 73 0 0
2 74 0 0
57 74 0 0
58 74 0 0
63 74 0 0
66 74 0 0
67 74 0 0
68 74 0 0
71 74 0 0
72 74 0 0
73 74 0 0
2 75 0 0
57 75 0 0
58 75 0 0
66 75 0 0
71 75 0 0
72 75 0 0
73 75 0 0
74 75 0 0
2 76 0 0
51 76 0 0
53 76 0 0
54 76 0 0
55 76 0 0
56 76 0 0
59 76 0 0
60 76 0 0
62 76 0 0
63 76 0 0
67 76 0 0
68 76 0 0
69 76 0 0
71 76 0 0
73 76 0 0
2 77 0 0
51 77 0 0
53 77 0 0
54 77 0 0
55 77 0 0
56 77 0 0
58 77 0 0
59 77 0 0
60 77 0 0
62 77 0 0
63 77 0 0
67 77 0 0
68 77 0 0
69 77 0 0
71 77 0 0
73 77 0 0
74 77 0 0
76 77 0 0
2 78 0 0
55 78 0 0
57 78 0 0
58 78 0 0
63 78 0 0
66 78 0 0
67 78 0 0
68 78 0 0
71 78 0 0
72 78 0 0
73 78 0 0
74 78 0 0
75 78 0 0
76 78 0 0
77 78 0 0
2 79 0 0
57 79 0 0
58 79 0 0
66 79 0 0
71 79 0 0
72 79 0 0
74 79 0 0
75 79 0 0
78 79 0 0
2 80 0 0
51 80 0 0
53 80 0 0
54 80 0 0
55 80 0 0
56 80 0 0
59 80 0 0
60 80 0 0
62 80 0 0
63 80 0 0
67 80 0 0
68 80 0 0
69 80 0 0
71 80 0 0
73 80 0 0
76 80 0 0
77 80 0 0
2 81 0 0
51 81 0 0
53 81 0 0
54 81 0 0
55 81 0 0
56 81 0 0
57 81 0 0
58 81 0 0
59 81 0 0
60 81 0 0
62 81 0 0
63 81 0 0
67 81 0 0
68 81 0 0
71 81 0 0
73 81 0 0
74 81 0 0
75 81 0 0
76 81 0 0
77 81 0 0
78 81 0 0
80 81 0 0
2 82 0 0
51 82 0 0
53 82 0 0
54 82 0 0
55 82 0 0
56 82 0 0
58 82 0 0
59 82 0 0
60 82 0 0
62 82 0 0
63 82 0 0
67 82 0 0
68 82 0 0
69 82 0 0
71 82 0 0
73 82 0 0
74 82 0 0
76 82 0 0
77 82 0 0
78 82 0 0
80 82 0 0
81 82 0 0
2 83 0 0
51 83 0 0
53 83 0 0
54 83 0 0
55 83 0 0
57 83 0 0
58 83 0 0
60 83 0 0
63 83 0 0
66 83 0 0
67 83 0 0
68 83 0 0
71 83 0 0
72 83 0 0
73 83 0 0
74 83 0 0
75 83 0 0
76 83 0 0
77 83 0 0
78 83 0 0
79 83 0 0
80 83 0 0
81 83 0 0
82 83 0 0
2 84 0 0
57 84 0 0
58 84 0 0
66 84 0 0
71 84 0 0
72 84 0 0
73 84 0 0
74 84 0 0
75 84 0 0
78 84 0 0
79 84 0 0
83 84 0 0
2 85 0 0
57 85 0 0
58 85 0 0
63 85 0 0
66 85 0 0
67 85 0 0
68 85 0 0
71 85 0 0
72 85 0 0
73 85 0 0
74 85 0 0
75 85 0 0
77 85 0 0
78 85 0 0
79 85 0 0
81 85 0 0
83 85 0 0
84 85 0 0
2 86 0 0
57 86 0 0
58 86 0 0
66 86 0 0
71 86 0 0
72 86 0 0
74 86 0 0
75 86 0 0
78 86 0 0
79 86 0 0
83 86 0 0
84 86 0 0
85 86 0 0
2 87 0 0
38 87 0 0
39 87 0 0
51 87 0 0
53 87 0 0
54 87 0 0
55 87 0 0
56 87 0 0
59 87 0 0
60 87 0 0
76 87 0 0
77 87 0 0
80 87 0 0
81 87 0 0
82 87 0 0
83 87 0 0
2 88 0 0
38 88 0 0
39 88 0 0
51 88 0 0
53 88 0 0
54 88 0 0
55 88 0 0
56 88 0 0
59 88 0 0
60 88 0 0
62 88 0 0
63 88 0 0
68 88 0 0
71 88 0 0
73 88 0 0
76 88 0 0
77 88 0 0
78 88 0 0
80 88 0 0
81 88 0 0
82 88 0 0
83 88 0 0
87 88 0 0
1 89 0 0
37 89 0 0
42 89 0 0
43 89 0 0
46 89 0 0
50 89 0 0
52 89 0 0
2 90 0 0
35 90 0 0
38 90 0 0
39 90 0 0
45 90 0 0
51 90 0 0
53 90 0 0
54 90 0 0
55 90 0 0
59 90 0 0
60 90 0 0
87 90 0 0
88 90 0 0
2 91 0 0
35 91 0 0
38 91 0 0
39 91 0 0
41 91 0 0
45 91 0 0
51 91 0 0
53 91 0 0
54 91 0 0
55 91 0 0
57 91 0 0
58 91 0 0
59 91 0 0
60 91 0 0
76 91 0 0
77 91 0 0
78 91 0 0
80 91 0 0
81 91 0 0
82 91 0 0
83 91 0 0
87 91 0 0
88 91 0 0
90 91 0 0
2 92 0 0
35 92 0 0
38 92 0 0
39 92 0 0
45 92 0 0
51 92 0 0
53 92 0 0
54 92 0 0
55 92 0 0
56 92 0 0
59 92 0 0
60 92 0 0
77 92 0 0
80 92 0 0
81 92 0 0
82 92 0 0
83 92 0 0
87 92 0 0
88 92 0 0
90 92 0 0
91 92 0 0
1 93 0 1
4 93 0 1
14 93 0 1
21 93 0 1
24 93 0 1
25 93 0 1
28 93 0 1
29 93 0 1
30 93 0 1
31 93 0 1
32 93 0 1
42 93 0 1
46 93 0 1
2 94 0 1
4 94 0 1
10 94 0 1
21 94 0 1
26 94 0 1
28 94 0 1
38 94 0 1
39 94 0 1
45 94 0 1
51 94 0 1
53 94 0 1
54 94 0 1
55 94 0 1
90 94 0 1
91 94 0 1
92 94 0 1
2 95 0 1
3 95 0 1
5 95 0 1
6 95 0 1
7 95 0 1
8 95 0 1
9 95 0 1
10 95 0 1
11 95 0 1
15 95 0 1
19 95 0 1
22 95 0 1
23 95 0 1
26 95 0 1
27 95 0 1
28 95 0 1
33 95 0 1
35 95 0 1
36 95 0 1
38 95 0 1
39 95 0 1
40 95 0 1
41 95 0 1
44 95 0 1
45 95 0 1
47 95 0 1
48 95 0 1
49 95 0 1
90 95 0 1
52 96 0 1
53 96 0 1
54 96 0 1
56 96 0 1
59 96 0 1
60 96 0 1
62 96 0 1
63 96 0 1
64 96 0 1
65 96 0 1
69 96 0 1
70 96 0 1
76 96 0 1
77 96 0 1
80 96 0 1
82 96 0 1
87 96 0 1
88 96 0 1
2 97 0 1
21 97 0 1
37 97 0 1
38 97 0 1
39 97 0 1
42 97 0 1
51 97 0 1
52 97 0 1
53 97 0 1
54 97 0 1
55 97 0 1
56 97 0 1
59 97 0 1
60 97 0 1
87 97 0 1
88 97 0 1
89 97 0 1
90 97 0 1
91 97 0 1
92 97 0 1
1 98 0 1
12 98 0 1
14 98 0 1
20 98 0 1
24 98 0 1
25 98 0 1
29 98 0 1
30 98 0 1
31 98 0 1
32 98 0 1
12 99 0 1
14 99 0 1
24 99 0 1
25 99 0 1
29 99 0 1
30 99 0 1
31 99 0 1
32 99 0 1
4 100 0 1
5 100 0 1
6 100 0 1
7 100 0 1
8 100 0 1
10 100 0 1
11 100 0 1
13 100 0 1
14 100 0 1
15 100 0 1
19 100 0 1
28 100 0 1
1 101 0 1
12 101 0 1
14 101 0 1
20 101 0 1
24 101 0 1
25 101 0 1
29 101 0 1
30 101 0 1
31 101 0 1
32 101 0 1
1 102 0 1
12 102 0 1
20 102 0 1
24 102 0 1
25 102 0 1
29 102 0 1
30 102 0 1
31 102 0 1
32 102 0 1
1 103 0 1
12 103 0 1
14 103 0 1
20 103 0 1
24 103 0 1
25 103 0 1
29 103 0 1
30 103 0 1
31 103 0 1
32 103 0 1
1 104 0 1
12 104 0 1
20 104 0 1
25 104 0 1
30 104 0 1
4 105 0 1
7 105 0 1
8 105 0 1
10 105 0 1
11 105 0 1
13 105 0 1
14 105 0 1
15 105 0 1
28 105 0 1
1 106 0 1
12 106 0 1
14 106 0 1
20 106 0 1
24 106 0 1
25 106 0 1
29 106 0 1
30 106 0 1
31 106 0 1
32 106 0 1
1 107 0 1
12 107 0 1
14 107 0 1
20 107 0 1
24 107 0 1
25 107 0 1
29 107 0 1
30 107 0 1
31 107 0 1
32 107 0 1
4 108 0 1
13 108 0 1
14 108 0 1
24 108 0 1
31 108 0 1
3 109 0 1
5 109 0 1
6 109 0 1
9 109 0 1
15 109 0 1
16 109 0 1
17 109 0 1
18 109 0 1
19 109 0 1
22 109 0 1
23 109 0 1
26 109 0 1
27 109 0 1
48 109 0 1
49 109 0 1
1 110 0 1
12 110 0 1
14 110 0 1
21 110 0 1
24 110 0 1
25 110 0 1
29 110 0 1
30 110 0 1
31 110 0 1
32 110 0 1
4 111 0 1
10 111 0 1
13 111 0 1
14 111 0 1
21 111 0 1
24 111 0 1
25 111 0 1
29 111 0 1
31 111 0 1
1 112 0 1
12 112 0 1
14 112 0 1
24 112 0 1
25 112 0 1
29 112 0 1
30 112 0 1
31 112 0 1
32 112 0 1
4 113 0 1
7 113 0 1
8 113 0 1
10 113 0 1
11 113 0 1
13 113 0 1
14 113 0 1
15 113 0 1
21 113 0 1
28 113 0 1
3 114 0 1
9 114 0 1
22 114 0 1
23 114 0 1
26 114 0 1
27 114 0 1
33 114 0 1
36 114 0 1
40 114 0 1
41 114 0 1
44 114 0 1
45 114 0 1
47 114 0 1
48 114 0 1
49 114 0 1
1 115 0 1
24 115 0 1
25 115 0 1
29 115 0 1
30 115 0 1
31 115 0 1
32 115 0 1
37 115 0 1
42 115 0 1
43 115 0 1
46 115 0 1
2 116 0 1
3 116 0 1
9 116 0 1
22 116 0 1
23 116 0 1
26 116 0 1
27 116 0 1
33 116 0 1
34 116 0 1
35 116 0 1
36 116 0 1
40 116 0 1
41 116 0 1
44 116 0 1
45 116 0 1
47 116 0 1
48 116 0 1
49 116 0 1
1 117 0 1
14 117 0 1
21 117 0 1
24 117 0 1
25 117 0 1
29 117 0 1
30 117 0 1
31 117 0 1
32 117 0 1
42 117 0 1
43 117 0 1
46 117 0 1
4 118 0 1
14 118 0 1
21 118 0 1
24 118 0 1
31 118 0 1
1 119 0 1
21 119 0 1
24 119 0 1
25 119 0 1
29 119 0 1
30 119 0 1
31 119 0 1
32 119 0 1
37 119 0 1
42 119 0 1
43 119 0 1
46 119 0 1
3 120 0 1
5 120 0 1
6 120 0 1
7 120 0 1
8 120 0 1
9 120 0 1
10 120 0 1
11 120 0 1
15 120 0 1
17 120 0 1
18 120 0 1
19 120 0 1
22 120 0 1
23 120 0 1
26 120 0 1
27 120 0 1
28 120 0 1
47 120 0 1
48 120 0 1
3 121 0 1
4 121 0 1
5 121 0 1
6 121 0 1
7 121 0 1
8 121 0 1
9 121 0 1
10 121 0 1
11 121 0 1
13 121 0 1
15 121 0 1
17 121 0 1
18 121 0 1
19 121 0 1
22 121 0 1
26 121 0 1
27 121 0 1
28 121 0 1
45 121 0 1
47 121 0 1
48 121 0 1
1 122 0 1
14 122 0 1
21 122 0 1
24 122 0 1
25 122 0 1
29 122 0 1
30 122 0 1
31 122 0 1
32 122 0 1
42 122 0 1
46 122 0 1
4 123 0 1
5 123 0 1
6 123 0 1
7 123 0 1
8 123 0 1
10 123 0 1
11 123 0 1
13 123 0 1
21 123 0 1
26 123 0 1
28 123 0 1
4 124 0 1
5 124 0 1
6 124 0 1
7 124 0 1
8 124 0 1
10 124 0 1
11 124 0 1
13 124 0 1
15 124 0 1
21 124 0 1
28 124 0 1
3 125 0 1
5 125 0 1
9 125 0 1
15 125 0 1
16 125 0 1
17 125 0 1
22 125 0 1
23 125 0 1
26 125 0 1
27 125 0 1
33 125 0 1
40 125 0 1
41 125 0 1
47 125 0 1
48 125 0 1
49 125 0 1
3 126 0 1
4 126 0 1
5 126 0 1
6 126 0 1
7 126 0 1
8 126 0 1
9 126 0 1
10 126 0 1
11 126 0 1
15 126 0 1
19 126 0 1
22 126 0 1
23 126 0 1
26 126 0 1
27 126 0 1
28 126 0 1
47 126 0 1
48 126 0 1
4 127 0 1
14 127 0 1
21 127 0 1
28 127 0 1
31 127 0 1
4 128 0 1
14 128 0 1
21 128 0 1
24 128 0 1
29 128 0 1
31 128 0 1
32 128 0 1
1 129 0 1
14 129 0 1
21 129 0 1
24 129 0 1
25 129 0 1
29 129 0 1
30 129 0 1
31 129 0 1
32 129 0 1
42 129 0 1
43 129 0 1
46 129 0 1
2 130 0 1
22 130 0 1
33 130 0 1
34 130 0 1
35 130 0 1
36 130 0 1
40 130 0 1
41 130 0 1
44 130 0 1
45 130 0 1
47 130 0 1
48 130 0 1
49 130 0 1
90 130 0 1
91 130 0 1
92 130 0 1
2 131 0 1
33 131 0 1
34 131 0 1
35 131 0 1
36 131 0 1
38 131 0 1
39 131 0 1
40 131 0 1
41 131 0 1
44 131 0 1
45 131 0 1
47 131 0 1
48 131 0 1
49 131 0 1
90 131 0 1
91 131 0 1
92 131 0 1
1 132 0 1
21 132 0 1
31 132 0 1
32 132 0 1
37 132 0 1
42 132 0 1
43 132 0 1
46 132 0 1
89 132 0 1
1 133 0 1
37 133 0 1
42 133 0 1
43 133 0 1
46 133 0 1
50 133 0 1
52 133 0 1
89 133 0 1
1 134 0 1
21 134 0 1
32 134 0 1
37 134 0 1
42 134 0 1
43 134 0 1
46 134 0 1
52 134 0 1
89 134 0 1
2 135 0 1
35 135 0 1
38 135 0 1
39 135 0 1
41 135 0 1
45 135 0 1
47 135 0 1
51 135 0 1
55 135 0 1
90 135 0 1
91 135 0 1
92 135 0 1
2 136 0 1
35 136 0 1
38 136 0 1
39 136 0 1
41 136 0 1
45 136 0 1
51 136 0 1
53 136 0 1
55 136 0 1
90 136 0 1
91 136 0 1
92 136 0 1
21 137 0 1
37 137 0 1
42 137 0 1
43 137 0 1
46 137 0 1
52 137 0 1
89 137 0 1
21 138 0 1
38 138 0 1
39 138 0 1
51 138 0 1
53 138 0 1
90 138 0 1
92 138 0 1
1 139 0 1
21 139 0 1
31 139 0 1
32 139 0 1
37 139 0 1
42 139 0 1
43 139 0 1
46 139 0 1
89 139 0 1
2 140 0 1
27 140 0 1
28 140 0 1
35 140 0 1
38 140 0 1
39 140 0 1
41 140 0 1
45 140 0 1
47 140 0 1
48 140 0 1
90 140 0 1
91 140 0 1
2 141 0 1
28 141 0 1
35 141 0 1
38 141 0 1
39 141 0 1
41 141 0 1
45 141 0 1
47 141 0 1
90 141 0 1
92 141 0 1
2 142 0 1
35 142 0 1
36 142 0 1
38 142 0 1
39 142 0 1
40 142 0 1
41 142 0 1
45 142 0 1
47 142 0 1
48 142 0 1
51 142 0 1
55 142 0 1
90 142 0 1
91 142 0 1
92 142 0 1
1 143 0 1
21 143 0 1
37 143 0 1
42 143 0 1
43 143 0 1
46 143 0 1
89 143 0 1
1 144 0 1
21 144 0 1
37 144 0 1
42 144 0 1
43 144 0 1
46 144 0 1
52 144 0 1
89 144 0 1
21 145 0 1
28 145 0 1
35 145 0 1
38 145 0 1
39 145 0 1
45 145 0 1
47 145 0 1
90 145 0 1
1 146 0 1
21 146 0 1
24 146 0 1
29 146 0 1
31 146 0 1
32 146 0 1
37 146 0 1
42 146 0 1
46 146 0 1
8 147 0 1
10 147 0 1
11 147 0 1
21 147 0 1
26 147 0 1
27 147 0 1
28 147 0 1
38 147 0 1
45 147 0 1
47 147 0 1
2 148 0 1
3 148 0 1
9 148 0 1
22 148 0 1
23 148 0 1
26 148 0 1
27 148 0 1
33 148 0 1
35 148 0 1
36 148 0 1
40 148 0 1
41 148 0 1
44 148 0 1
45 148 0 1
47 148 0 1
48 148 0 1
49 148 0 1
1 149 0 1
21 149 0 1
31 149 0 1
32 149 0 1
37 149 0 1
42 149 0 1
43 149 0 1
46 149 0 1
2 150 0 1
35 150 0 1
38 150 0 1
39 150 0 1
45 150 0 1
51 150 0 1
53 150 0 1
54 150 0 1
55 150 0 1
87 150 0 1
88 150 0 1
90 150 0 1
91 150 0 1
92 150 0 1
2 151 0 1
35 151 0 1
38 151 0 1
39 151 0 1
45 151 0 1
51 151 0 1
53 151 0 1
54 151 0 1
55 151 0 1
59 151 0 1
60 151 0 1
82 151 0 1
83 151 0 1
87 151 0 1
88 151 0 1
90 151 0 1
91 151 0 1
92 151 0 1
38 152 0 1
39 152 0 1
51 152 0 1
52 152 0 1
53 152 0 1
54 152 0 1
55 152 0 1
56 152 0 1
59 152 0 1
60 152 0 1
80 152 0 1
87 152 0 1
88 152 0 1
89 152 0 1
90 152 0 1
92 152 0 1
1 153 0 1
50 153 0 1
1 154 0 1
43 154 0 1
50 154 0 1
1 155 0 1
37 155 0 1
42 155 0 1
43 155 0 1
50 155 0 1
52 155 0 1
89 155 0 1
1 156 0 1
37 156 0 1
42 156 0 1
43 156 0 1
46 156 0 1
50 156 0 1
52 156 0 1
89 156 0 1
37 157 0 1
42 157 0 1
52 157 0 1
89 157 0 1
2 158 0 1
35 158 0 1
38 158 0 1
39 158 0 1
41 158 0 1
45 158 0 1
47 158 0 1
51 158 0 1
53 158 0 1
54 158 0 1
55 158 0 1
87 158 0 1
88 158 0 1
90 158 0 1
91 158 0 1
92 158 0 1
38 159 0 1
39 159 0 1
51 159 0 1
53 159 0 1
54 159 0 1
55 159 0 1
59 159 0 1
87 159 0 1
88 159 0 1
90 159 0 1
91 159 0 1
92 159 0 1
37 160 0 1
38 160 0 1
42 160 0 1
43 160 0 1
46 160 0 1
52 160 0 1
53 160 0 1
89 160 0 1
1 161 0 1
37 161 0 1
42 161 0 1
43 161 0 1
46 161 0 1
50 161 0 1
52 161 0 1
89 161 0 1
2 162 0 1
38 162 0 1
39 162 0 1
51 162 0 1
53 162 0 1
54 162 0 1
55 162 0 1
56 162 0 1
59 162 0 1
60 162 0 1
76 162 0 1
77 162 0 1
80 162 0 1
82 162 0 1
87 162 0 1
88 162 0 1
90 162 0 1
91 162 0 1
92 162 0 1
37 163 0 1
50 163 0 1
52 163 0 1
89 163 0 1
37 164 0 1
38 164 0 1
39 164 0 1
51 164 0 1
52 164 0 1
53 164 0 1
54 164 0 1
56 164 0 1
59 164 0 1
60 164 0 1
87 164 0 1
88 164 0 1
89 164 0 1
1 165 0 1
43 165 0 1
50 165 0 1
52 165 0 1
89 165 0 1
37 166 0 1
50 166 0 1
52 166 0 1
56 166 0 1
59 166 0 1
89 166 0 1
1 167 0 1
37 167 0 1
43 167 0 1
50 167 0 1
52 167 0 1
89 167 0 1
2 168 0 1
39 168 0 1
51 168 0 1
53 168 0 1
54 168 0 1
55 168 0 1
56 168 0 1
59 168 0 1
60 168 0 1
62 168 0 1
63 168 0 1
67 168 0 1
68 168 0 1
69 168 0 1
71 168 0 1
73 168 0 1
76 168 0 1
77 168 0 1
80 168 0 1
81 168 0 1
82 168 0 1
83 168 0 1
87 168 0 1
88 168 0 1
90 168 0 1
91 168 0 1
92 168 0 1
50 169 0 1
52 169 0 1
61 169 0 1
70 169 0 1
50 170 0 1
52 170 0 1
64 170 0 1
65 170 0 1
70 170 0 1
89 170 0 1
50 171 0 1
52 171 0 1
61 171 0 1
70 171 0 1
50 172 0 1
61 172 0 1
70 172 0 1
50 173 0 1
52 173 0 1
61 173 0 1
64 173 0 1
65 173 0 1
70 173 0 1
89 173 0 1
50 174 0 1
52 174 0 1
61 174 0 1
64 174 0 1
65 174 0 1
70 174 0 1
50 175 0 1
61 175 0 1
70 175 0 1
50 176 0 1
52 176 0 1
56 176 0 1
64 176 0 1
65 176 0 1
70 176 0 1
50 177 0 1
52 177 0 1
61 177 0 1
64 177 0 1
65 177 0 1
70 177 0 1
50 178 0 1
61 178 0 1
70 178 0 1
50 179 0 1
52 179 0 1
61 179 0 1
64 179 0 1
65 179 0 1
70 179 0 1
50 180 0 1
61 180 0 1
64 180 0 1
65 180 0 1
70 180 0 1
2 181 0 1
57 181 0 1
58 181 0 1
62 181 0 1
63 181 0 1
66 181 0 1
67 181 0 1
68 181 0 1
71 181 0 1
72 181 0 1
73 181 0 1
74 181 0 1
75 181 0 1
76 181 0 1
77 181 0 1
78 181 0 1
79 181 0 1
80 181 0 1
81 181 0 1
82 181 0 1
83 181 0 1
84 181 0 1
85 181 0 1
86 181 0 1
56 182 0 1
59 182 0 1
60 182 0 1
62 182 0 1
63 182 0 1
67 182 0 1
68 182 0 1
69 182 0 1
76 182 0 1
77 182 0 1
80 182 0 1
81 182 0 1
82 182 0 1
2 183 0 1
56 183 0 1
59 183 0 1
60 183 0 1
62 183 0 1
63 183 0 1
67 183 0 1
68 183 0 1
69 183 0 1
71 183 0 1
73 183 0 1
76 183 0 1
77 183 0 1
80 183 0 1
81 183 0 1
82 183 0 1
83 183 0 1
56 184 0 1
59 184 0 1
60 184 0 1
62 184 0 1
63 184 0 1
67 184 0 1
68 184 0 1
69 184 0 1
73 184 0 1
76 184 0 1
77 184 0 1
80 184 0 1
81 184 0 1
82 184 0 1
56 185 0 1
59 185 0 1
60 185 0 1
62 185 0 1
63 185 0 1
67 185 0 1
68 185 0 1
69 185 0 1
76 185 0 1
77 185 0 1
80 185 0 1
81 185 0 1
82 185 0 1
88 185 0 1
2 186 0 1
54 186 0 1
56 186 0 1
59 186 0 1
60 186 0 1
62 186 0 1
63 186 0 1
67 186 0 1
68 186 0 1
69 186 0 1
76 186 0 1
77 186 0 1
80 186 0 1
81 186 0 1
82 186 0 1
87 186 0 1
88 186 0 1
52 187 0 1
61 187 0 1
64 187 0 1
65 187 0 1
70 187 0 1
2 188 0 1
51 188 0 1
53 188 0 1
54 188 0 1
55 188 0 1
56 188 0 1
59 188 0 1
60 188 0 1
62 188 0 1
63 188 0 1
67 188 0 1
68 188 0 1
69 188 0 1
76 188 0 1
77 188 0 1
80 188 0 1
81 188 0 1
82 188 0 1
83 188 0 1
87 188 0 1
88 188 0 1
61 189 0 1
70 189 0 1
61 190 0 1
64 190 0 1
65 190 0 1
70 190 0 1
61 191 0 1
64 191 0 1
65 191 0 1
70 191 0 1
51 192 0 1
52 192 0 1
53 192 0 1
54 192 0 1
56 192 0 1
59 192 0 1
60 192 0 1
80 192 0 1
87 192 0 1
88 192 0 1
89 192 0 1
50 193 0 1
52 193 0 1
61 193 0 1
64 193 0 1
70 193 0 1
89 193 0 1
2 194 0 1
38 194 0 1
39 194 0 1
51 194 0 1
53 194 0 1
54 194 0 1
55 194 0 1
56 194 0 1
59 194 0 1
60 194 0 1
76 194 0 1
77 194 0 1
80 194 0 1
82 194 0 1
87 194 0 1
88 194 0 1
90 194 0 1
92 194 0 1
37 195 0 1
50 195 0 1
52 195 0 1
70 195 0 1
89 195 0 1
37 196 0 1
52 196 0 1
56 196 0 1
59 196 0 1
60 196 0 1
70 196 0 1
87 196 0 1
89 196 0 1
37 197 0 1
50 197 0 1
52 197 0 1
56 197 0 1
59 197 0 1
64 197 0 1
65 197 0 1
70 197 0 1
89 197 0 1
37 198 0 1
50 198 0 1
52 198 0 1
70 198 0 1
89 198 0 1
50 199 0 1
61 199 0 1
50 200 0 1
52 200 0 1
61 200 0 1
70 200 0 1
50 201 0 1
52 201 0 1
64 201 0 1
70 201 0 1
89 201 0 1
1 202 0 1
37 202 0 1
42 202 0 1
43 202 0 1
46 202 0 1
50 202 0 1
21 203 0 1
38 203 0 1
39 203 0 1
51 203 0 1
53 203 0 1
54 203 0 1
55 203 0 1
87 203 0 1
88 203 0 1
90 203 0 1
91 203 0 1
92 203 0 1
1 204 0 1
21 204 0 1
37 204 0 1
42 204 0 1
43 204 0 1
46 204 0 1
52 204 0 1
89 204 0 1
