2 3 0 0
4 5 0 0
4 6 0 0
5 6 0 0
5 7 0 0
6 7 0 0
7 8 0 0
1 9 0 0
1 10 0 0
9 10 0 0
1 11 0 0
9 11 0 0
10 11 0 0
4 12 0 0
5 12 0 0
1 13 0 0
9 13 0 0
10 13 0 0
11 13 0 0
8 14 0 0
9 14 0 0
5 15 0 0
6 15 0 0
7 15 0 0
8 15 0 0
6 16 0 0
7 16 0 0
8 16 0 0
14 16 0 0
15 16 0 0
7 17 0 0
8 17 0 0
14 17 0 0
15 17 0 0
16 17 0 0
6 18 0 0
7 18 0 0
8 18 0 0
15 18 0 0
16 18 0 0
17 18 0 0
4 19 0 0
5 19 0 0
6 19 0 0
12 19 0 0
4 20 0 0
5 20 0 0
6 20 0 0
7 20 0 0
12 20 0 0
15 20 0 0
19 20 0 0
1 21 0 0
9 21 0 0
10 21 0 0
11 21 0 0
13 21 0 0
14 21 0 0
7 22 0 0
8 22 0 0
14 22 0 0
15 22 0 0
16 22 0 0
17 22 0 0
18 22 0 0
4 23 0 0
5 23 0 0
6 23 0 0
12 23 0 0
15 23 0 0
19 23 0 0
20 23 0 0
6 24 0 0
7 24 0 0
8 24 0 0
15 24 0 0
16 24 0 0
17 24 0 0
18 24 0 0
22 24 0 0
1 25 0 0
9 25 0 0
10 25 0 0
13 25 0 0
14 25 0 0
21 25 0 0
7 26 0 0
8 26 0 0
14 26 0 0
15 26 0 0
16 26 0 0
17 26 0 0
18 26 0 0
22 26 0 0
24 26 0 0
8 27 0 0
14 27 0 0
15 27 0 0
16 27 0 0
17 27 0 0
18 27 0 0
22 27 0 0
24 27 0 0
25 27 0 0
26 27 0 0
12 28 0 0
19 28 0 0
23 28 0 0
4 29 0 0
5 29 0 0
12 29 0 0
19 29 0 0
20 29 0 0
23 29 0 0
28 29 0 0
14 30 0 0
16 30 0 0
17 30 0 0
22 30 0 0
24 30 0 0
25 30 0 0
26 30 0 0
27 30 0 0
1 31 0 0
25 31 0 0
28 32 0 0
29 32 0 0
15 33 0 0
24 33 0 0
26 33 0 0
32 33 0 0
1 34 0 0
9 34 0 0
10 34 0 0
11 34 0 0
13 34 0 0
21 34 0 0
25 34 0 0
31 34 0 0
4 35 0 0
5 35 0 0
6 35 0 0
12 35 0 0
15 35 0 0
19 35 0 0
20 35 0 0
23 35 0 0
28 35 0 0
29 35 0 0
32 35 0 0
1 36 0 0
13 36 0 0
21 36 0 0
25 36 0 0
31 36 0 0
34 36 0 0
7 37 0 0
15 37 0 0
16 37 0 0
17 37 0 0
18 37 0 0
24 37 0 0
26 37 0 0
27 37 0 0
30 37 0 0
32 37 0 0
33 37 0 0
14 38 0 0
17 38 0 0
22 38 0 0
25 38 0 0
26 38 0 0
27 38 0 0
30 38 0 0
31 38 0 0
34 38 0 0
36 38 0 0
8 39 0 0
14 39 0 0
16 39 0 0
17 39 0 0
18 39 0 0
22 39 0 0
24 39 0 0
25 39 0 0
26 39 0 0
27 39 0 0
30 39 0 0
38 39 0 0
4 40 0 0
5 40 0 0
6 40 0 0
7 40 0 0
12 40 0 0
15 40 0 0
19 40 0 0
20 40 0 0
23 40 0 0
28 40 0 0
29 40 0 0
32 40 0 0
35 40 0 0
1 41 0 0
9 41 0 0
10 41 0 0
11 41 0 0
13 41 0 0
21 41 0 0
25 41 0 0
34 41 0 0
36 41 0 0
1 42 0 0
9 42 0 0
10 42 0 0
13 42 0 0
14 42 0 0
21 42 0 0
22 42 0 0
25 42 0 0
27 42 0 0
30 42 0 0
31 42 0 0
34 42 0 0
36 42 0 0
38 42 0 0
39 42 0 0
41 42 0 0
4 43 0 0
5 43 0 0
6 43 0 0
7 43 0 0
12 43 0 0
15 43 0 0
16 43 0 0
17 43 0 0
18 43 0 0
19 43 0 0
20 43 0 0
23 43 0 0
24 43 0 0
26 43 0 0
29 43 0 0
32 43 0 0
33 43 0 0
35 43 0 0
37 43 0 0
40 43 0 0
4 44 0 0
5 44 0 0
6 44 0 0
7 44 0 0
12 44 0 0
15 44 0 0
18 44 0 0
19 44 0 0
20 44 0 0
23 44 0 0
24 44 0 0
28 44 0 0
29 44 0 0
32 44 0 0
35 44 0 0
37 44 0 0
40 44 0 0
43 44 0 0
6 45 0 0
7 45 0 0
8 45 0 0
14 45 0 0
15 45 0 0
16 45 0 0
17 45 0 0
18 45 0 0
22 45 0 0
24 45 0 0
26 45 0 0
27 45 0 0
30 45 0 0
37 45 0 0
39 45 0 0
43 45 0 0
4 46 0 0
5 46 0 0
12 46 0 0
19 46 0 0
20 46 0 0
23 46 0 0
28 46 0 0
29 46 0 0
32 46 0 0
35 46 0 0
40 46 0 0
43 46 0 0
44 46 0 0
4 47 0 0
5 47 0 0
12 47 0 0
19 47 0 0
20 47 0 0
23 47 0 0
28 47 0 0
29 47 0 0
32 47 0 0
35 47 0 0
40 47 0 0
43 47 0 0
44 47 0 0
46 47 0 0
4 48 0 0
5 48 0 0
6 48 0 0
7 48 0 0
12 48 0 0
15 48 0 0
19 48 0 0
20 48 0 0
23 48 0 0
28 48 0 0
29 48 0 0
32 48 0 0
35 48 0 0
37 48 0 0
40 48 0 0
43 48 0 0
44 48 0 0
46 48 0 0
47 48 0 0
4 49 0 0
5 49 0 0
6 49 0 0
7 49 0 0
12 49 0 0
15 49 0 0
18 49 0 0
19 49 0 0
20 49 0 0
23 49 0 0
24 49 0 0
28 49 0 0
29 49 0 0
32 49 0 0
33 49 0 0
35 49 0 0
37 49 0 0
40 49 0 0
43 49 0 0
44 49 0 0
46 49 0 0
47 49 0 0
48 49 0 0
7 50 0 0
8 50 0 0
14 50 0 0
15 50 0 0
16 50 0 0
17 50 0 0
18 50 0 0
22 50 0 0
24 50 0 0
26 50 0 0
27 50 0 0
30 50 0 0
33 50 0 0
37 50 0 0
38 50 0 0
39 50 0 0
43 50 0 0
45 50 0 0
1 51 0 0
9 51 0 0
10 51 0 0
11 51 0 0
13 51 0 0
14 51 0 0
21 51 0 0
25 51 0 0
31 51 0 0
34 51 0 0
36 51 0 0
38 51 0 0
41 51 0 0
42 51 0 0
1 52 0 0
36 52 0 0
1 53 0 0
31 53 0 0
34 53 0 0
36 53 0 0
52 53 0 0
31 54 0 0
34 54 0 0
36 54 0 0
38 54 0 0
52 54 0 0
53 54 0 0
31 55 0 0
34 55 0 0
36 55 0 0
52 55 0 0
53 55 0 0
54 55 0 0
28 56 0 0
29 56 0 0
32 56 0 0
33 56 0 0
30 57 0 0
33 57 0 0
37 57 0 0
31 58 0 0
36 58 0 0
38 58 0 0
53 58 0 0
54 58 0 0
55 58 0 0
32 59 0 0
56 59 0 0
52 60 0 0
53 60 0 0
55 60 0 0
56 61 0 0
59 61 0 0
52 62 0 0
53 62 0 0
55 62 0 0
60 62 0 0
52 63 0 0
53 63 0 0
55 63 0 0
60 63 0 0
62 63 0 0
53 64 0 0
54 64 0 0
55 64 0 0
58 64 0 0
60 64 0 0
62 64 0 0
63 64 0 0
58 65 0 0
56 66 0 0
59 66 0 0
61 66 0 0
3 67 0 0
60 67 0 0
62 67 0 0
63 67 0 0
64 67 0 0
3 68 0 0
58 68 0 0
62 68 0 0
63 68 0 0
64 68 0 0
65 68 0 0
67 68 0 0
53 69 0 0
55 69 0 0
60 69 0 0
62 69 0 0
63 69 0 0
64 69 0 0
67 69 0 0
68 69 0 0
60 70 0 0
62 70 0 0
63 70 0 0
64 70 0 0
67 70 0 0
68 70 0 0
69 70 0 0
3 71 0 0
64 71 0 0
65 71 0 0
67 71 0 0
68 71 0 0
59 72 0 0
61 72 0 0
66 72 0 0
59 73 0 0
61 73 0 0
66 73 0 0
72 73 0 0
3 74 0 0
60 74 0 0
62 74 0 0
63 74 0 0
64 74 0 0
67 74 0 0
68 74 0 0
69 74 0 0
70 74 0 0
71 74 0 0
56 75 0 0
59 75 0 0
61 75 0 0
66 75 0 0
72 75 0 0
73 75 0 0
56 76 0 0
59 76 0 0
61 76 0 0
66 76 0 0
72 76 0 0
73 76 0 0
75 76 0 0
56 77 0 0
59 77 0 0
61 77 0 0
66 77 0 0
72 77 0 0
73 77 0 0
75 77 0 0
76 77 0 0
56 78 0 0
57 78 0 0
59 78 0 0
61 78 0 0
66 78 0 0
72 78 0 0
73 78 0 0
75 78 0 0
76 78 0 0
77 78 0 0
52 79 0 0
53 79 0 0
54 79 0 0
55 79 0 0
58 79 0 0
60 79 0 0
62 79 0 0
63 79 0 0
64 79 0 0
67 79 0 0
68 79 0 0
69 79 0 0
70 79 0 0
74 79 0 0
53 80 0 0
54 80 0 0
55 80 0 0
58 80 0 0
62 80 0 0
63 80 0 0
64 80 0 0
65 80 0 0
67 80 0 0
68 80 0 0
69 80 0 0
70 80 0 0
71 80 0 0
74 80 0 0
79 80 0 0
52 81 0 0
53 81 0 0
54 81 0 0
55 81 0 0
58 81 0 0
60 81 0 0
62 81 0 0
63 81 0 0
64 81 0 0
65 81 0 0
67 81 0 0
68 81 0 0
69 81 0 0
70 81 0 0
71 81 0 0
74 81 0 0
79 81 0 0
80 81 0 0
56 82 0 0
57 82 0 0
59 82 0 0
61 82 0 0
66 82 0 0
72 82 0 0
73 82 0 0
77 82 0 0
78 82 0 0
52 83 0 0
53 83 0 0
54 83 0 0
55 83 0 0
58 83 0 0
60 83 0 0
62 83 0 0
63 83 0 0
64 83 0 0
67 83 0 0
68 83 0 0
69 83 0 0
70 83 0 0
71 83 0 0
74 83 0 0
79 83 0 0
80 83 0 0
81 83 0 0
58 84 0 0
65 84 0 0
68 84 0 0
71 84 0 0
80 84 0 0
81 84 0 0
82 84 0 0
33 85 0 0
56 85 0 0
57 85 0 0
59 85 0 0
61 85 0 0
72 85 0 0
77 85 0 0
78 85 0 0
82 85 0 0
30 86 0 0
57 86 0 0
58 86 0 0
65 86 0 0
71 86 0 0
82 86 0 0
84 86 0 0
85 86 0 0
31 87 0 0
38 87 0 0
54 87 0 0
55 87 0 0
58 87 0 0
64 87 0 0
65 87 0 0
68 87 0 0
71 87 0 0
80 87 0 0
81 87 0 0
84 87 0 0
86 87 0 0
31 88 0 0
53 88 0 0
54 88 0 0
55 88 0 0
58 88 0 0
63 88 0 0
64 88 0 0
65 88 0 0
67 88 0 0
68 88 0 0
69 88 0 0
71 88 0 0
74 88 0 0
79 88 0 0
80 88 0 0
81 88 0 0
83 88 0 0
84 88 0 0
86 88 0 0
87 88 0 0
31 89 0 0
53 89 0 0
54 89 0 0
55 89 0 0
58 89 0 0
64 89 0 0
65 89 0 0
68 89 0 0
71 89 0 0
80 89 0 0
81 89 0 0
83 89 0 0
84 89 0 0
86 89 0 0
87 89 0 0
88 89 0 0
31 90 0 0
52 90 0 0
53 90 0 0
54 90 0 0
55 90 0 0
58 90 0 0
60 90 0 0
62 90 0 0
63 90 0 0
64 90 0 0
65 90 0 0
67 90 0 0
68 90 0 0
69 90 0 0
70 90 0 0
71 90 0 0
74 90 0 0
79 90 0 0
80 90 0 0
81 90 0 0
83 90 0 0
84 90 0 0
87 90 0 0
88 90 0 0
89 90 0 0
31 91 0 0
52 91 0 0
53 91 0 0
54 91 0 0
55 91 0 0
58 91 0 0
60 91 0 0
62 91 0 0
63 91 0 0
64 91 0 0
67 91 0 0
68 91 0 0
69 91 0 0
70 91 0 0
71 91 0 0
74 91 0 0
79 91 0 0
80 91 0 0
81 91 0 0
83 91 0 0
87 91 0 0
88 91 0 0
89 91 0 0
90 91 0 0
24 92 0 0
29 92 0 0
32 92 0 0
33 92 0 0
37 92 0 0
49 92 0 0
56 92 0 0
57 92 0 0
59 92 0 0
78 92 0 0
85 92 0 0
24 93 0 0
26 93 0 0
32 93 0 0
33 93 0 0
37 93 0 0
56 93 0 0
57 93 0 0
59 93 0 0
77 93 0 0
78 93 0 0
82 93 0 0
85 93 0 0
92 93 0 0
25 94 0 0
30 94 0 0
31 94 0 0
34 94 0 0
36 94 0 0
38 94 0 0
51 94 0 0
53 94 0 0
54 94 0 0
55 94 0 0
58 94 0 0
81 94 0 0
86 94 0 0
87 94 0 0
88 94 0 0
89 94 0 0
90 94 0 0
91 94 0 0
26 95 0 0
27 95 0 0
30 95 0 0
37 95 0 0
38 95 0 0
57 95 0 0
85 95 0 0
86 95 0 0
87 95 0 0
89 95 0 0
93 95 0 0
94 95 0 0
24 96 0 0
26 96 0 0
30 96 0 0
32 96 0 0
33 96 0 0
37 96 0 0
56 96 0 0
57 96 0 0
59 96 0 0
78 96 0 0
82 96 0 0
85 96 0 0
86 96 0 0
92 96 0 0
93 96 0 0
95 96 0 0
1 97 0 0
31 97 0 0
34 97 0 0
36 97 0 0
41 97 0 0
51 97 0 0
52 97 0 0
53 97 0 0
54 97 0 0
55 97 0 0
60 97 0 0
79 97 0 0
88 97 0 0
90 97 0 0
91 97 0 0
24 98 0 0
26 98 0 0
27 98 0 0
30 98 0 0
32 98 0 0
33 98 0 0
37 98 0 0
50 98 0 0
56 98 0 0
57 98 0 0
82 98 0 0
85 98 0 0
86 98 0 0
92 98 0 0
93 98 0 0
95 98 0 0
96 98 0 0
28 99 0 0
29 99 0 0
32 99 0 0
35 99 0 0
56 99 0 0
75 99 0 0
76 99 0 0
24 100 0 0
26 100 0 0
30 100 0 0
32 100 0 0
33 100 0 0
37 100 0 0
56 100 0 0
57 100 0 0
59 100 0 0
78 100 0 0
82 100 0 0
85 100 0 0
86 100 0 0
92 100 0 0
93 100 0 0
95 100 0 0
96 100 0 0
98 100 0 0
25 101 0 0
30 101 0 0
31 101 0 0
34 101 0 0
36 101 0 0
38 101 0 0
53 101 0 0
54 101 0 0
55 101 0 0
58 101 0 0
80 101 0 0
81 101 0 0
86 101 0 0
87 101 0 0
88 101 0 0
89 101 0 0
90 101 0 0
91 101 0 0
94 101 0 0
95 101 0 0
60 102 0 0
62 102 0 0
63 102 0 0
64 102 0 0
67 102 0 0
69 102 0 0
70 102 0 0
74 102 0 0
79 102 0 0
83 102 0 0
91 102 0 0
66 103 0 0
73 103 0 0
75 103 0 0
76 103 0 0
3 104 0 0
62 104 0 0
63 104 0 0
64 104 0 0
67 104 0 0
68 104 0 0
69 104 0 0
70 104 0 0
71 104 0 0
74 104 0 0
79 104 0 0
80 104 0 0
81 104 0 0
83 104 0 0
91 104 0 0
102 104 0 0
2 105 0 0
3 105 0 0
65 105 0 0
71 105 0 0
82 105 0 0
84 105 0 0
2 106 0 0
65 106 0 0
72 106 0 0
78 106 0 0
82 106 0 0
84 106 0 0
105 106 0 0
3 107 0 0
64 107 0 0
65 107 0 0
68 107 0 0
71 107 0 0
74 107 0 0
80 107 0 0
84 107 0 0
104 107 0 0
105 107 0 0
2 108 0 0
3 108 0 0
65 108 0 0
68 108 0 0
71 108 0 0
84 108 0 0
104 108 0 0
105 108 0 0
106 108 0 0
107 108 0 0
3 109 0 0
62 109 0 0
63 109 0 0
64 109 0 0
67 109 0 0
68 109 0 0
69 109 0 0
70 109 0 0
74 109 0 0
79 109 0 0
83 109 0 0
91 109 0 0
102 109 0 0
104 109 0 0
107 109 0 0
3 110 0 0
62 110 0 0
63 110 0 0
64 110 0 0
67 110 0 0
68 110 0 0
69 110 0 0
70 110 0 0
71 110 0 0
74 110 0 0
79 110 0 0
80 110 0 0
83 110 0 0
91 110 0 0
102 110 0 0
104 110 0 0
107 110 0 0
109 110 0 0
3 111 0 0
64 111 0 0
65 111 0 0
67 111 0 0
68 111 0 0
69 111 0 0
71 111 0 0
74 111 0 0
80 111 0 0
83 111 0 0
84 111 0 0
104 111 0 0
105 111 0 0
107 111 0 0
108 111 0 0
109 111 0 0
110 111 0 0
2 112 0 0
3 112 0 0
65 112 0 0
68 112 0 0
71 112 0 0
74 112 0 0
84 112 0 0
104 112 0 0
105 112 0 0
106 112 0 0
107 112 0 0
108 112 0 0
110 112 0 0
111 112 0 0
3 113 0 0
67 113 0 0
68 113 0 0
70 113 0 0
74 113 0 0
102 113 0 0
104 113 0 0
107 113 0 0
109 113 0 0
110 113 0 0
111 113 0 0
112 113 0 0
3 114 0 0
67 114 0 0
68 114 0 0
74 114 0 0
102 114 0 0
104 114 0 0
107 114 0 0
108 114 0 0
109 114 0 0
110 114 0 0
111 114 0 0
112 114 0 0
113 114 0 0
2 115 0 0
3 115 0 0
71 115 0 0
104 115 0 0
105 115 0 0
107 115 0 0
108 115 0 0
110 115 0 0
111 115 0 0
112 115 0 0
113 115 0 0
114 115 0 0
61 116 0 0
66 116 0 0
72 116 0 0
73 116 0 0
75 116 0 0
76 116 0 0
103 116 0 0
3 117 0 0
62 117 0 0
63 117 0 0
64 117 0 0
67 117 0 0
68 117 0 0
69 117 0 0
70 117 0 0
71 117 0 0
74 117 0 0
83 117 0 0
91 117 0 0
102 117 0 0
104 117 0 0
107 117 0 0
108 117 0 0
109 117 0 0
110 117 0 0
111 117 0 0
112 117 0 0
113 117 0 0
114 117 0 0
115 117 0 0
3 118 0 0
62 118 0 0
63 118 0 0
64 118 0 0
67 118 0 0
68 118 0 0
69 118 0 0
70 118 0 0
74 118 0 0
79 118 0 0
83 118 0 0
91 118 0 0
102 118 0 0
104 118 0 0
109 118 0 0
110 118 0 0
111 118 0 0
113 118 0 0
114 118 0 0
117 118 0 0
2 119 0 0
3 119 0 0
65 119 0 0
68 119 0 0
71 119 0 0
84 119 0 0
105 119 0 0
106 119 0 0
107 119 0 0
108 119 0 0
111 119 0 0
112 119 0 0
115 119 0 0
61 120 0 0
66 120 0 0
72 120 0 0
73 120 0 0
103 120 0 0
116 120 0 0
66 121 0 0
73 121 0 0
103 121 0 0
116 121 0 0
120 121 0 0
2 122 0 0
3 122 0 0
105 122 0 0
106 122 0 0
107 122 0 0
108 122 0 0
112 122 0 0
115 122 0 0
119 122 0 0
2 123 0 0
3 123 0 0
68 123 0 0
71 123 0 0
74 123 0 0
104 123 0 0
105 123 0 0
107 123 0 0
108 123 0 0
109 123 0 0
110 123 0 0
111 123 0 0
112 123 0 0
113 123 0 0
114 123 0 0
115 123 0 0
117 123 0 0
118 123 0 0
119 123 0 0
122 123 0 0
2 124 0 0
72 124 0 0
73 124 0 0
105 124 0 0
106 124 0 0
120 124 0 0
122 124 0 0
2 125 0 0
3 125 0 0
105 125 0 0
106 125 0 0
108 125 0 0
112 125 0 0
115 125 0 0
119 125 0 0
122 125 0 0
123 125 0 0
124 125 0 0
2 126 0 0
3 126 0 0
71 126 0 0
105 126 0 0
106 126 0 0
107 126 0 0
108 126 0 0
111 126 0 0
112 126 0 0
115 126 0 0
119 126 0 0
122 126 0 0
123 126 0 0
125 126 0 0
2 127 0 0
3 127 0 0
65 127 0 0
68 127 0 0
71 127 0 0
104 127 0 0
105 127 0 0
106 127 0 0
107 127 0 0
108 127 0 0
111 127 0 0
112 127 0 0
113 127 0 0
114 127 0 0
115 127 0 0
117 127 0 0
119 127 0 0
122 127 0 0
123 127 0 0
125 127 0 0
126 127 0 0
2 128 0 0
3 128 0 0
105 128 0 0
106 128 0 0
107 128 0 0
108 128 0 0
111 128 0 0
112 128 0 0
115 128 0 0
119 128 0 0
122 128 0 0
123 128 0 0
124 128 0 0
125 128 0 0
126 128 0 0
127 128 0 0
3 129 0 0
102 129 0 0
104 129 0 0
109 129 0 0
110 129 0 0
113 129 0 0
114 129 0 0
117 129 0 0
118 129 0 0
3 130 0 0
102 130 0 0
104 130 0 0
109 130 0 0
110 130 0 0
111 130 0 0
113 130 0 0
114 130 0 0
115 130 0 0
117 130 0 0
118 130 0 0
123 130 0 0
129 130 0 0
116 131 0 0
120 131 0 0
121 131 0 0
124 131 0 0
2 132 0 0
116 132 0 0
120 132 0 0
124 132 0 0
125 132 0 0
131 132 0 0
2 133 0 0
3 133 0 0
105 133 0 0
106 133 0 0
107 133 0 0
108 133 0 0
111 133 0 0
112 133 0 0
115 133 0 0
119 133 0 0
122 133 0 0
123 133 0 0
125 133 0 0
126 133 0 0
127 133 0 0
128 133 0 0
103 134 0 0
116 134 0 0
120 134 0 0
121 134 0 0
131 134 0 0
132 134 0 0
103 135 0 0
116 135 0 0
120 135 0 0
121 135 0 0
124 135 0 0
131 135 0 0
132 135 0 0
134 135 0 0
2 136 0 0
106 136 0 0
122 136 0 0
124 136 0 0
125 136 0 0
128 136 0 0
131 136 0 0
132 136 0 0
133 136 0 0
135 136 0 0
3 137 0 0
104 137 0 0
109 137 0 0
110 137 0 0
111 137 0 0
113 137 0 0
114 137 0 0
117 137 0 0
118 137 0 0
123 137 0 0
129 137 0 0
130 137 0 0
3 138 0 0
113 138 0 0
114 138 0 0
118 138 0 0
129 138 0 0
130 138 0 0
137 138 0 0
103 139 0 0
116 139 0 0
120 139 0 0
121 139 0 0
131 139 0 0
132 139 0 0
134 139 0 0
135 139 0 0
3 140 0 0
109 140 0 0
110 140 0 0
113 140 0 0
114 140 0 0
117 140 0 0
118 140 0 0
129 140 0 0
130 140 0 0
137 140 0 0
138 140 0 0
2 141 0 0
3 141 0 0
106 141 0 0
119 141 0 0
122 141 0 0
124 141 0 0
125 141 0 0
126 141 0 0
128 141 0 0
132 141 0 0
133 141 0 0
136 141 0 0
103 142 0 0
116 142 0 0
120 142 0 0
121 142 0 0
131 142 0 0
132 142 0 0
134 142 0 0
135 142 0 0
136 142 0 0
139 142 0 0
2 143 0 0
116 143 0 0
120 143 0 0
121 143 0 0
124 143 0 0
131 143 0 0
132 143 0 0
134 143 0 0
135 143 0 0
136 143 0 0
139 143 0 0
141 143 0 0
142 143 0 0
116 144 0 0
120 144 0 0
121 144 0 0
131 144 0 0
132 144 0 0
134 144 0 0
135 144 0 0
139 144 0 0
142 144 0 0
143 144 0 0
116 145 0 0
120 145 0 0
121 145 0 0
131 145 0 0
132 145 0 0
134 145 0 0
135 145 0 0
136 145 0 0
139 145 0 0
142 145 0 0
143 145 0 0
144 145 0 0
3 146 0 0
70 146 0 0
74 146 0 0
102 146 0 0
104 146 0 0
109 146 0 0
110 146 0 0
111 146 0 0
113 146 0 0
114 146 0 0
117 146 0 0
118 146 0 0
129 146 0 0
130 146 0 0
137 146 0 0
138 146 0 0
140 146 0 0
3 147 0 0
67 147 0 0
70 147 0 0
74 147 0 0
102 147 0 0
104 147 0 0
109 147 0 0
110 147 0 0
111 147 0 0
113 147 0 0
114 147 0 0
115 147 0 0
117 147 0 0
118 147 0 0
123 147 0 0
129 147 0 0
130 147 0 0
137 147 0 0
138 147 0 0
140 147 0 0
146 147 0 0
2 148 0 0
3 148 0 0
105 148 0 0
106 148 0 0
107 148 0 0
108 148 0 0
111 148 0 0
112 148 0 0
114 148 0 0
115 148 0 0
119 148 0 0
122 148 0 0
123 148 0 0
125 148 0 0
126 148 0 0
127 148 0 0
128 148 0 0
133 148 0 0
136 148 0 0
141 148 0 0
66 149 0 0
72 149 0 0
73 149 0 0
103 149 0 0
116 149 0 0
120 149 0 0
121 149 0 0
124 149 0 0
131 149 0 0
132 149 0 0
134 149 0 0
135 149 0 0
136 149 0 0
139 149 0 0
142 149 0 0
143 149 0 0
144 149 0 0
145 149 0 0
61 150 0 0
66 150 0 0
72 150 0 0
73 150 0 0
103 150 0 0
106 150 0 0
116 150 0 0
120 150 0 0
121 150 0 0
124 150 0 0
125 150 0 0
131 150 0 0
132 150 0 0
134 150 0 0
135 150 0 0
136 150 0 0
139 150 0 0
141 150 0 0
142 150 0 0
143 150 0 0
144 150 0 0
145 150 0 0
149 150 0 0
103 151 0 0
116 151 0 0
120 151 0 0
121 151 0 0
131 151 0 0
134 151 0 0
135 151 0 0
139 151 0 0
142 151 0 0
143 151 0 0
144 151 0 0
145 151 0 0
149 151 0 0
150 151 0 0
2 152 0 0
3 152 0 0
105 152 0 0
106 152 0 0
107 152 0 0
108 152 0 0
112 152 0 0
115 152 0 0
119 152 0 0
122 152 0 0
123 152 0 0
124 152 0 0
125 152 0 0
126 152 0 0
127 152 0 0
128 152 0 0
132 152 0 0
133 152 0 0
136 152 0 0
141 152 0 0
148 152 0 0
73 153 0 0
103 153 0 0
116 153 0 0
120 153 0 0
121 153 0 0
124 153 0 0
131 153 0 0
132 153 0 0
134 153 0 0
135 153 0 0
136 153 0 0
139 153 0 0
142 153 0 0
143 153 0 0
144 153 0 0
145 153 0 0
149 153 0 0
150 153 0 0
151 153 0 0
103 154 0 0
116 154 0 0
120 154 0 0
121 154 0 0
131 154 0 0
132 154 0 0
134 154 0 0
135 154 0 0
139 154 0 0
142 154 0 0
143 154 0 0
144 154 0 0
145 154 0 0
149 154 0 0
150 154 0 0
151 154 0 0
153 154 0 0
103 155 0 0
116 155 0 0
120 155 0 0
121 155 0 0
124 155 0 0
131 155 0 0
132 155 0 0
134 155 0 0
135 155 0 0
136 155 0 0
139 155 0 0
142 155 0 0
143 155 0 0
144 155 0 0
145 155 0 0
149 155 0 0
150 155 0 0
151 155 0 0
153 155 0 0
154 155 0 0
2 156 0 0
106 156 0 0
116 156 0 0
120 156 0 0
122 156 0 0
124 156 0 0
125 156 0 0
131 156 0 0
132 156 0 0
135 156 0 0
136 156 0 0
139 156 0 0
141 156 0 0
142 156 0 0
143 156 0 0
144 156 0 0
145 156 0 0
149 156 0 0
150 156 0 0
152 156 0 0
153 156 0 0
154 156 0 0
155 156 0 0
3 157 0 0
74 157 0 0
102 157 0 0
104 157 0 0
107 157 0 0
109 157 0 0
110 157 0 0
111 157 0 0
112 157 0 0
113 157 0 0
114 157 0 0
115 157 0 0
117 157 0 0
118 157 0 0
123 157 0 0
127 157 0 0
129 157 0 0
130 157 0 0
137 157 0 0
138 157 0 0
140 157 0 0
146 157 0 0
147 157 0 0
103 158 0 0
116 158 0 0
120 158 0 0
121 158 0 0
124 158 0 0
131 158 0 0
132 158 0 0
134 158 0 0
135 158 0 0
136 158 0 0
139 158 0 0
142 158 0 0
143 158 0 0
144 158 0 0
145 158 0 0
149 158 0 0
150 158 0 0
151 158 0 0
153 158 0 0
154 158 0 0
155 158 0 0
156 158 0 0
103 159 0 0
116 159 0 0
120 159 0 0
121 159 0 0
124 159 0 0
131 159 0 0
132 159 0 0
134 159 0 0
135 159 0 0
136 159 0 0
139 159 0 0
142 159 0 0
143 159 0 0
144 159 0 0
145 159 0 0
149 159 0 0
150 159 0 0
151 159 0 0
153 159 0 0
154 159 0 0
155 159 0 0
156 159 0 0
158 159 0 0
2 160 0 0
3 160 0 0
105 160 0 0
106 160 0 0
119 160 0 0
122 160 0 0
124 160 0 0
125 160 0 0
126 160 0 0
128 160 0 0
131 160 0 0
132 160 0 0
133 160 0 0
135 160 0 0
136 160 0 0
141 160 0 0
143 160 0 0
148 160 0 0
149 160 0 0
150 160 0 0
152 160 0 0
155 160 0 0
156 160 0 0
158 160 0 0
159 160 0 0
2 161 0 0
106 161 0 0
120 161 0 0
122 161 0 0
124 161 0 0
125 161 0 0
128 161 0 0
131 161 0 0
132 161 0 0
133 161 0 0
135 161 0 0
136 161 0 0
141 161 0 0
142 161 0 0
143 161 0 0
145 161 0 0
149 161 0 0
150 161 0 0
152 161 0 0
153 161 0 0
154 161 0 0
155 161 0 0
156 161 0 0
158 161 0 0
159 161 0 0
160 161 0 0
2 162 0 0
3 162 0 0
105 162 0 0
106 162 0 0
108 162 0 0
115 162 0 0
119 162 0 0
122 162 0 0
124 162 0 0
125 162 0 0
126 162 0 0
127 162 0 0
128 162 0 0
131 162 0 0
132 162 0 0
133 162 0 0
136 162 0 0
141 162 0 0
143 162 0 0
148 162 0 0
150 162 0 0
152 162 0 0
155 162 0 0
156 162 0 0
160 162 0 0
161 162 0 0
66 163 0 0
73 163 0 0
75 163 0 0
76 163 0 0
103 163 0 0
116 163 0 0
120 163 0 0
121 163 0 0
151 163 0 0
153 163 0 0
154 163 0 0
60 164 0 0
62 164 0 0
63 164 0 0
64 164 0 0
67 164 0 0
69 164 0 0
70 164 0 0
74 164 0 0
79 164 0 0
81 164 0 0
83 164 0 0
91 164 0 0
102 164 0 0
104 164 0 0
109 164 0 0
110 164 0 0
113 164 0 0
117 164 0 0
118 164 0 0
146 164 0 0
147 164 0 0
3 165 0 0
64 165 0 0
65 165 0 0
68 165 0 0
71 165 0 0
74 165 0 0
80 165 0 0
81 165 0 0
84 165 0 0
104 165 0 0
105 165 0 0
107 165 0 0
108 165 0 0
110 165 0 0
111 165 0 0
112 165 0 0
114 165 0 0
115 165 0 0
117 165 0 0
119 165 0 0
122 165 0 0
123 165 0 0
126 165 0 0
127 165 0 0
128 165 0 0
148 165 0 0
152 165 0 0
3 166 0 0
64 166 0 0
65 166 0 0
67 166 0 0
68 166 0 0
71 166 0 0
74 166 0 0
80 166 0 0
81 166 0 0
83 166 0 0
84 166 0 0
90 166 0 0
91 166 0 0
104 166 0 0
105 166 0 0
107 166 0 0
108 166 0 0
109 166 0 0
110 166 0 0
111 166 0 0
112 166 0 0
113 166 0 0
114 166 0 0
115 166 0 0
117 166 0 0
119 166 0 0
122 166 0 0
123 166 0 0
126 166 0 0
127 166 0 0
128 166 0 0
148 166 0 0
157 166 0 0
165 166 0 0
65 167 0 0
71 167 0 0
72 167 0 0
78 167 0 0
82 167 0 0
84 167 0 0
105 167 0 0
106 167 0 0
107 167 0 0
108 167 0 0
112 167 0 0
119 167 0 0
122 167 0 0
124 167 0 0
125 167 0 0
126 167 0 0
127 167 0 0
128 167 0 0
148 167 0 0
152 167 0 0
160 167 0 0
162 167 0 0
165 167 0 0
166 167 0 0
3 168 0 0
64 168 0 0
65 168 0 0
68 168 0 0
71 168 0 0
74 168 0 0
80 168 0 0
81 168 0 0
83 168 0 0
84 168 0 0
87 168 0 0
90 168 0 0
91 168 0 0
104 168 0 0
105 168 0 0
107 168 0 0
108 168 0 0
110 168 0 0
111 168 0 0
112 168 0 0
114 168 0 0
115 168 0 0
117 168 0 0
119 168 0 0
122 168 0 0
123 168 0 0
126 168 0 0
127 168 0 0
128 168 0 0
148 168 0 0
165 168 0 0
166 168 0 0
167 168 0 0
3 169 0 0
62 169 0 0
63 169 0 0
64 169 0 0
65 169 0 0
67 169 0 0
68 169 0 0
69 169 0 0
70 169 0 0
71 169 0 0
74 169 0 0
79 169 0 0
80 169 0 0
81 169 0 0
83 169 0 0
90 169 0 0
91 169 0 0
102 169 0 0
104 169 0 0
107 169 0 0
108 169 0 0
109 169 0 0
110 169 0 0
111 169 0 0
112 169 0 0
113 169 0 0
114 169 0 0
115 169 0 0
117 169 0 0
118 169 0 0
123 169 0 0
127 169 0 0
146 169 0 0
147 169 0 0
157 169 0 0
164 169 0 0
165 169 0 0
166 169 0 0
168 169 0 0
59 170 0 0
61 170 0 0
66 170 0 0
72 170 0 0
73 170 0 0
76 170 0 0
77 170 0 0
78 170 0 0
82 170 0 0
106 170 0 0
116 170 0 0
120 170 0 0
122 170 0 0
124 170 0 0
125 170 0 0
132 170 0 0
149 170 0 0
150 170 0 0
153 170 0 0
155 170 0 0
156 170 0 0
159 170 0 0
160 170 0 0
161 170 0 0
167 170 0 0
59 171 0 0
61 171 0 0
66 171 0 0
72 171 0 0
73 171 0 0
75 171 0 0
76 171 0 0
77 171 0 0
78 171 0 0
82 171 0 0
103 171 0 0
106 171 0 0
116 171 0 0
120 171 0 0
121 171 0 0
124 171 0 0
131 171 0 0
149 171 0 0
150 171 0 0
153 171 0 0
154 171 0 0
155 171 0 0
156 171 0 0
158 171 0 0
159 171 0 0
161 171 0 0
163 171 0 0
170 171 0 0
60 172 0 0
62 172 0 0
63 172 0 0
64 172 0 0
67 172 0 0
68 172 0 0
69 172 0 0
70 172 0 0
74 172 0 0
79 172 0 0
83 172 0 0
91 172 0 0
102 172 0 0
104 172 0 0
109 172 0 0
110 172 0 0
113 172 0 0
114 172 0 0
117 172 0 0
118 172 0 0
129 172 0 0
146 172 0 0
147 172 0 0
157 172 0 0
164 172 0 0
169 172 0 0
2 173 0 0
65 173 0 0
71 173 0 0
72 173 0 0
82 173 0 0
84 173 0 0
105 173 0 0
106 173 0 0
107 173 0 0
108 173 0 0
112 173 0 0
115 173 0 0
119 173 0 0
122 173 0 0
123 173 0 0
124 173 0 0
125 173 0 0
126 173 0 0
127 173 0 0
128 173 0 0
133 173 0 0
148 173 0 0
152 173 0 0
156 173 0 0
160 173 0 0
161 173 0 0
162 173 0 0
165 173 0 0
166 173 0 0
167 173 0 0
168 173 0 0
170 173 0 0
3 174 0 0
62 174 0 0
63 174 0 0
64 174 0 0
67 174 0 0
68 174 0 0
69 174 0 0
70 174 0 0
71 174 0 0
74 174 0 0
79 174 0 0
80 174 0 0
81 174 0 0
83 174 0 0
91 174 0 0
102 174 0 0
104 174 0 0
107 174 0 0
109 174 0 0
110 174 0 0
111 174 0 0
113 174 0 0
114 174 0 0
117 174 0 0
118 174 0 0
123 174 0 0
129 174 0 0
130 174 0 0
137 174 0 0
146 174 0 0
147 174 0 0
157 174 0 0
164 174 0 0
165 174 0 0
166 174 0 0
168 174 0 0
169 174 0 0
172 174 0 0
3 175 0 0
62 175 0 0
63 175 0 0
64 175 0 0
65 175 0 0
67 175 0 0
68 175 0 0
69 175 0 0
70 175 0 0
71 175 0 0
74 175 0 0
79 175 0 0
80 175 0 0
81 175 0 0
83 175 0 0
90 175 0 0
91 175 0 0
102 175 0 0
104 175 0 0
107 175 0 0
108 175 0 0
109 175 0 0
110 175 0 0
111 175 0 0
112 175 0 0
113 175 0 0
114 175 0 0
115 175 0 0
117 175 0 0
118 175 0 0
119 175 0 0
123 175 0 0
127 175 0 0
130 175 0 0
137 175 0 0
146 175 0 0
147 175 0 0
157 175 0 0
164 175 0 0
165 175 0 0
166 175 0 0
168 175 0 0
169 175 0 0
172 175 0 0
174 175 0 0
3 176 0 0
65 176 0 0
68 176 0 0
71 176 0 0
74 176 0 0
80 176 0 0
84 176 0 0
104 176 0 0
105 176 0 0
106 176 0 0
107 176 0 0
108 176 0 0
111 176 0 0
112 176 0 0
114 176 0 0
115 176 0 0
117 176 0 0
119 176 0 0
122 176 0 0
123 176 0 0
125 176 0 0
126 176 0 0
127 176 0 0
128 176 0 0
133 176 0 0
148 176 0 0
152 176 0 0
165 176 0 0
166 176 0 0
167 176 0 0
168 176 0 0
169 176 0 0
173 176 0 0
175 176 0 0
2 177 0 0
3 177 0 0
65 177 0 0
71 177 0 0
82 177 0 0
84 177 0 0
105 177 0 0
106 177 0 0
107 177 0 0
108 177 0 0
111 177 0 0
112 177 0 0
115 177 0 0
119 177 0 0
122 177 0 0
123 177 0 0
125 177 0 0
126 177 0 0
127 177 0 0
128 177 0 0
133 177 0 0
148 177 0 0
152 177 0 0
160 177 0 0
162 177 0 0
165 177 0 0
166 177 0 0
167 177 0 0
168 177 0 0
173 177 0 0
176 177 0 0
8 178 0 1
9 178 0 1
10 178 0 1
14 178 0 1
17 178 0 1
21 178 0 1
22 178 0 1
25 178 0 1
27 178 0 1
38 178 0 1
39 178 0 1
42 178 0 1
51 178 0 1
5 179 0 1
6 179 0 1
7 179 0 1
8 179 0 1
15 179 0 1
16 179 0 1
17 179 0 1
18 179 0 1
20 179 0 1
22 179 0 1
24 179 0 1
26 179 0 1
37 179 0 1
43 179 0 1
44 179 0 1
45 179 0 1
49 179 0 1
50 179 0 1
6 180 0 1
7 180 0 1
8 180 0 1
14 180 0 1
15 180 0 1
16 180 0 1
17 180 0 1
18 180 0 1
22 180 0 1
24 180 0 1
26 180 0 1
27 180 0 1
39 180 0 1
43 180 0 1
45 180 0 1
50 180 0 1
8 181 0 1
9 181 0 1
14 181 0 1
16 181 0 1
17 181 0 1
22 181 0 1
25 181 0 1
27 181 0 1
38 181 0 1
39 181 0 1
42 181 0 1
45 181 0 1
50 181 0 1
4 182 0 1
5 182 0 1
6 182 0 1
7 182 0 1
12 182 0 1
15 182 0 1
18 182 0 1
19 182 0 1
20 182 0 1
23 182 0 1
24 182 0 1
29 182 0 1
35 182 0 1
37 182 0 1
40 182 0 1
43 182 0 1
44 182 0 1
46 182 0 1
47 182 0 1
48 182 0 1
49 182 0 1
4 183 0 1
5 183 0 1
6 183 0 1
7 183 0 1
15 183 0 1
16 183 0 1
18 183 0 1
19 183 0 1
20 183 0 1
23 183 0 1
24 183 0 1
35 183 0 1
37 183 0 1
40 183 0 1
43 183 0 1
44 183 0 1
45 183 0 1
47 183 0 1
48 183 0 1
49 183 0 1
8 184 0 1
9 184 0 1
10 184 0 1
11 184 0 1
13 184 0 1
14 184 0 1
21 184 0 1
22 184 0 1
25 184 0 1
34 184 0 1
38 184 0 1
39 184 0 1
41 184 0 1
42 184 0 1
51 184 0 1
6 185 0 1
7 185 0 1
8 185 0 1
15 185 0 1
16 185 0 1
17 185 0 1
18 185 0 1
22 185 0 1
24 185 0 1
26 185 0 1
27 185 0 1
37 185 0 1
39 185 0 1
43 185 0 1
45 185 0 1
50 185 0 1
1 186 0 1
9 186 0 1
10 186 0 1
11 186 0 1
13 186 0 1
14 186 0 1
21 186 0 1
25 186 0 1
34 186 0 1
36 186 0 1
41 186 0 1
42 186 0 1
51 186 0 1
1 187 0 1
9 187 0 1
10 187 0 1
11 187 0 1
13 187 0 1
14 187 0 1
21 187 0 1
22 187 0 1
25 187 0 1
34 187 0 1
36 187 0 1
38 187 0 1
39 187 0 1
41 187 0 1
42 187 0 1
51 187 0 1
6 188 0 1
7 188 0 1
8 188 0 1
15 188 0 1
16 188 0 1
17 188 0 1
18 188 0 1
20 188 0 1
22 188 0 1
24 188 0 1
26 188 0 1
27 188 0 1
37 188 0 1
43 188 0 1
44 188 0 1
45 188 0 1
49 188 0 1
50 188 0 1
7 189 0 1
8 189 0 1
14 189 0 1
15 189 0 1
16 189 0 1
17 189 0 1
18 189 0 1
22 189 0 1
24 189 0 1
26 189 0 1
27 189 0 1
30 189 0 1
37 189 0 1
39 189 0 1
43 189 0 1
45 189 0 1
50 189 0 1
8 190 0 1
9 190 0 1
14 190 0 1
16 190 0 1
17 190 0 1
22 190 0 1
25 190 0 1
26 190 0 1
27 190 0 1
30 190 0 1
38 190 0 1
39 190 0 1
42 190 0 1
45 190 0 1
50 190 0 1
51 190 0 1
6 191 0 1
7 191 0 1
8 191 0 1
15 191 0 1
16 191 0 1
17 191 0 1
18 191 0 1
22 191 0 1
24 191 0 1
26 191 0 1
27 191 0 1
37 191 0 1
39 191 0 1
43 191 0 1
44 191 0 1
45 191 0 1
49 191 0 1
50 191 0 1
8 192 0 1
14 192 0 1
15 192 0 1
16 192 0 1
17 192 0 1
18 192 0 1
22 192 0 1
24 192 0 1
26 192 0 1
27 192 0 1
30 192 0 1
37 192 0 1
38 192 0 1
39 192 0 1
42 192 0 1
45 192 0 1
50 192 0 1
6 193 0 1
7 193 0 1
8 193 0 1
15 193 0 1
16 193 0 1
17 193 0 1
18 193 0 1
22 193 0 1
24 193 0 1
26 193 0 1
27 193 0 1
30 193 0 1
37 193 0 1
39 193 0 1
43 193 0 1
44 193 0 1
45 193 0 1
49 193 0 1
50 193 0 1
7 194 0 1
8 194 0 1
14 194 0 1
15 194 0 1
16 194 0 1
17 194 0 1
18 194 0 1
22 194 0 1
24 194 0 1
26 194 0 1
27 194 0 1
30 194 0 1
37 194 0 1
38 194 0 1
39 194 0 1
43 194 0 1
45 194 0 1
50 194 0 1
4 195 0 1
5 195 0 1
12 195 0 1
19 195 0 1
20 195 0 1
23 195 0 1
28 195 0 1
29 195 0 1
32 195 0 1
35 195 0 1
40 195 0 1
43 195 0 1
44 195 0 1
46 195 0 1
47 195 0 1
48 195 0 1
49 195 0 1
8 196 0 1
9 196 0 1
14 196 0 1
17 196 0 1
22 196 0 1
25 196 0 1
26 196 0 1
27 196 0 1
30 196 0 1
31 196 0 1
34 196 0 1
36 196 0 1
38 196 0 1
39 196 0 1
42 196 0 1
45 196 0 1
50 196 0 1
51 196 0 1
94 196 0 1
95 196 0 1
101 196 0 1
1 197 0 1
9 197 0 1
10 197 0 1
11 197 0 1
13 197 0 1
14 197 0 1
21 197 0 1
25 197 0 1
31 197 0 1
34 197 0 1
36 197 0 1
38 197 0 1
41 197 0 1
42 197 0 1
51 197 0 1
94 197 0 1
97 197 0 1
5 198 0 1
6 198 0 1
7 198 0 1
15 198 0 1
16 198 0 1
17 198 0 1
18 198 0 1
20 198 0 1
23 198 0 1
24 198 0 1
26 198 0 1
29 198 0 1
32 198 0 1
33 198 0 1
35 198 0 1
37 198 0 1
40 198 0 1
43 198 0 1
44 198 0 1
45 198 0 1
48 198 0 1
49 198 0 1
50 198 0 1
92 198 0 1
93 198 0 1
96 198 0 1
98 198 0 1
1 199 0 1
9 199 0 1
10 199 0 1
11 199 0 1
13 199 0 1
21 199 0 1
25 199 0 1
31 199 0 1
34 199 0 1
36 199 0 1
41 199 0 1
42 199 0 1
51 199 0 1
94 199 0 1
97 199 0 1
4 200 0 1
5 200 0 1
6 200 0 1
7 200 0 1
15 200 0 1
16 200 0 1
18 200 0 1
20 200 0 1
23 200 0 1
24 200 0 1
26 200 0 1
29 200 0 1
32 200 0 1
33 200 0 1
35 200 0 1
37 200 0 1
40 200 0 1
43 200 0 1
44 200 0 1
45 200 0 1
47 200 0 1
48 200 0 1
49 200 0 1
50 200 0 1
92 200 0 1
93 200 0 1
98 200 0 1
4 201 0 1
5 201 0 1
6 201 0 1
7 201 0 1
12 201 0 1
15 201 0 1
19 201 0 1
20 201 0 1
23 201 0 1
28 201 0 1
29 201 0 1
32 201 0 1
33 201 0 1
35 201 0 1
37 201 0 1
40 201 0 1
43 201 0 1
44 201 0 1
46 201 0 1
47 201 0 1
48 201 0 1
49 201 0 1
1 202 0 1
9 202 0 1
14 202 0 1
21 202 0 1
22 202 0 1
25 202 0 1
27 202 0 1
30 202 0 1
31 202 0 1
34 202 0 1
36 202 0 1
38 202 0 1
39 202 0 1
41 202 0 1
42 202 0 1
51 202 0 1
94 202 0 1
101 202 0 1
6 203 0 1
7 203 0 1
8 203 0 1
15 203 0 1
16 203 0 1
17 203 0 1
18 203 0 1
22 203 0 1
24 203 0 1
26 203 0 1
27 203 0 1
30 203 0 1
32 203 0 1
33 203 0 1
37 203 0 1
43 203 0 1
44 203 0 1
45 203 0 1
49 203 0 1
50 203 0 1
92 203 0 1
93 203 0 1
96 203 0 1
98 203 0 1
100 203 0 1
5 204 0 1
6 204 0 1
7 204 0 1
8 204 0 1
15 204 0 1
16 204 0 1
17 204 0 1
18 204 0 1
20 204 0 1
23 204 0 1
24 204 0 1
26 204 0 1
32 204 0 1
33 204 0 1
35 204 0 1
37 204 0 1
40 204 0 1
43 204 0 1
44 204 0 1
45 204 0 1
48 204 0 1
49 204 0 1
50 204 0 1
92 204 0 1
93 204 0 1
98 204 0 1
7 205 0 1
8 205 0 1
14 205 0 1
15 205 0 1
16 205 0 1
17 205 0 1
18 205 0 1
22 205 0 1
24 205 0 1
26 205 0 1
27 205 0 1
30 205 0 1
37 205 0 1
38 205 0 1
39 205 0 1
43 205 0 1
45 205 0 1
50 205 0 1
1 206 0 1
9 206 0 1
10 206 0 1
11 206 0 1
13 206 0 1
14 206 0 1
21 206 0 1
25 206 0 1
31 206 0 1
34 206 0 1
36 206 0 1
38 206 0 1
41 206 0 1
42 206 0 1
51 206 0 1
97 206 0 1
6 207 0 1
7 207 0 1
8 207 0 1
15 207 0 1
16 207 0 1
17 207 0 1
18 207 0 1
22 207 0 1
24 207 0 1
26 207 0 1
27 207 0 1
30 207 0 1
33 207 0 1
37 207 0 1
39 207 0 1
43 207 0 1
44 207 0 1
45 207 0 1
49 207 0 1
50 207 0 1
92 207 0 1
96 207 0 1
98 207 0 1
7 208 0 1
8 208 0 1
14 208 0 1
15 208 0 1
16 208 0 1
17 208 0 1
18 208 0 1
22 208 0 1
24 208 0 1
26 208 0 1
27 208 0 1
30 208 0 1
37 208 0 1
38 208 0 1
39 208 0 1
42 208 0 1
43 208 0 1
45 208 0 1
50 208 0 1
8 209 0 1
9 209 0 1
14 209 0 1
16 209 0 1
17 209 0 1
22 209 0 1
25 209 0 1
26 209 0 1
27 209 0 1
30 209 0 1
31 209 0 1
38 209 0 1
39 209 0 1
42 209 0 1
45 209 0 1
50 209 0 1
51 209 0 1
8 210 0 1
9 210 0 1
14 210 0 1
16 210 0 1
17 210 0 1
18 210 0 1
22 210 0 1
24 210 0 1
25 210 0 1
26 210 0 1
27 210 0 1
30 210 0 1
38 210 0 1
39 210 0 1
42 210 0 1
45 210 0 1
50 210 0 1
8 211 0 1
9 211 0 1
14 211 0 1
17 211 0 1
21 211 0 1
22 211 0 1
25 211 0 1
26 211 0 1
27 211 0 1
30 211 0 1
31 211 0 1
34 211 0 1
36 211 0 1
38 211 0 1
39 211 0 1
42 211 0 1
45 211 0 1
50 211 0 1
51 211 0 1
4 212 0 1
5 212 0 1
6 212 0 1
7 212 0 1
12 212 0 1
15 212 0 1
18 212 0 1
19 212 0 1
20 212 0 1
23 212 0 1
24 212 0 1
28 212 0 1
29 212 0 1
32 212 0 1
33 212 0 1
35 212 0 1
37 212 0 1
40 212 0 1
43 212 0 1
44 212 0 1
46 212 0 1
47 212 0 1
48 212 0 1
49 212 0 1
8 213 0 1
14 213 0 1
16 213 0 1
17 213 0 1
18 213 0 1
22 213 0 1
24 213 0 1
25 213 0 1
26 213 0 1
27 213 0 1
30 213 0 1
31 213 0 1
37 213 0 1
38 213 0 1
39 213 0 1
42 213 0 1
45 213 0 1
50 213 0 1
94 213 0 1
95 213 0 1
98 213 0 1
1 214 0 1
13 214 0 1
21 214 0 1
25 214 0 1
31 214 0 1
34 214 0 1
36 214 0 1
41 214 0 1
42 214 0 1
51 214 0 1
52 214 0 1
53 214 0 1
54 214 0 1
55 214 0 1
94 214 0 1
97 214 0 1
101 214 0 1
23 215 0 1
28 215 0 1
29 215 0 1
32 215 0 1
35 215 0 1
40 215 0 1
46 215 0 1
47 215 0 1
48 215 0 1
49 215 0 1
56 215 0 1
99 215 0 1
28 216 0 1
29 216 0 1
32 216 0 1
33 216 0 1
35 216 0 1
37 216 0 1
40 216 0 1
43 216 0 1
44 216 0 1
46 216 0 1
47 216 0 1
48 216 0 1
49 216 0 1
56 216 0 1
92 216 0 1
93 216 0 1
99 216 0 1
15 217 0 1
24 217 0 1
26 217 0 1
27 217 0 1
30 217 0 1
32 217 0 1
33 217 0 1
37 217 0 1
43 217 0 1
45 217 0 1
49 217 0 1
50 217 0 1
56 217 0 1
57 217 0 1
85 217 0 1
92 217 0 1
93 217 0 1
95 217 0 1
96 217 0 1
98 217 0 1
100 217 0 1
1 218 0 1
13 218 0 1
25 218 0 1
31 218 0 1
34 218 0 1
36 218 0 1
41 218 0 1
51 218 0 1
52 218 0 1
53 218 0 1
54 218 0 1
55 218 0 1
58 218 0 1
88 218 0 1
91 218 0 1
94 218 0 1
97 218 0 1
101 218 0 1
15 219 0 1
24 219 0 1
26 219 0 1
29 219 0 1
32 219 0 1
33 219 0 1
35 219 0 1
37 219 0 1
43 219 0 1
44 219 0 1
45 219 0 1
48 219 0 1
49 219 0 1
50 219 0 1
56 219 0 1
57 219 0 1
85 219 0 1
92 219 0 1
93 219 0 1
96 219 0 1
98 219 0 1
100 219 0 1
14 220 0 1
17 220 0 1
22 220 0 1
24 220 0 1
25 220 0 1
26 220 0 1
27 220 0 1
30 220 0 1
31 220 0 1
37 220 0 1
38 220 0 1
39 220 0 1
42 220 0 1
45 220 0 1
50 220 0 1
57 220 0 1
86 220 0 1
87 220 0 1
94 220 0 1
95 220 0 1
96 220 0 1
98 220 0 1
100 220 0 1
101 220 0 1
1 221 0 1
25 221 0 1
31 221 0 1
34 221 0 1
36 221 0 1
41 221 0 1
42 221 0 1
51 221 0 1
52 221 0 1
53 221 0 1
54 221 0 1
55 221 0 1
58 221 0 1
88 221 0 1
90 221 0 1
91 221 0 1
94 221 0 1
97 221 0 1
101 221 0 1
1 222 0 1
25 222 0 1
31 222 0 1
34 222 0 1
36 222 0 1
41 222 0 1
51 222 0 1
52 222 0 1
53 222 0 1
54 222 0 1
55 222 0 1
58 222 0 1
88 222 0 1
90 222 0 1
91 222 0 1
94 222 0 1
97 222 0 1
101 222 0 1
28 223 0 1
29 223 0 1
32 223 0 1
33 223 0 1
35 223 0 1
37 223 0 1
40 223 0 1
43 223 0 1
44 223 0 1
47 223 0 1
48 223 0 1
49 223 0 1
56 223 0 1
92 223 0 1
93 223 0 1
96 223 0 1
98 223 0 1
99 223 0 1
100 223 0 1
24 224 0 1
25 224 0 1
26 224 0 1
27 224 0 1
30 224 0 1
31 224 0 1
37 224 0 1
38 224 0 1
39 224 0 1
50 224 0 1
57 224 0 1
58 224 0 1
86 224 0 1
87 224 0 1
89 224 0 1
94 224 0 1
95 224 0 1
96 224 0 1
98 224 0 1
100 224 0 1
101 224 0 1
25 225 0 1
26 225 0 1
27 225 0 1
30 225 0 1
31 225 0 1
38 225 0 1
39 225 0 1
50 225 0 1
54 225 0 1
57 225 0 1
58 225 0 1
86 225 0 1
87 225 0 1
88 225 0 1
89 225 0 1
94 225 0 1
95 225 0 1
98 225 0 1
101 225 0 1
4 226 0 1
5 226 0 1
12 226 0 1
15 226 0 1
19 226 0 1
20 226 0 1
23 226 0 1
28 226 0 1
29 226 0 1
32 226 0 1
33 226 0 1
35 226 0 1
37 226 0 1
40 226 0 1
43 226 0 1
44 226 0 1
46 226 0 1
47 226 0 1
48 226 0 1
49 226 0 1
56 226 0 1
92 226 0 1
93 226 0 1
99 226 0 1
1 227 0 1
9 227 0 1
13 227 0 1
14 227 0 1
21 227 0 1
25 227 0 1
30 227 0 1
31 227 0 1
34 227 0 1
36 227 0 1
38 227 0 1
39 227 0 1
41 227 0 1
42 227 0 1
51 227 0 1
53 227 0 1
54 227 0 1
55 227 0 1
58 227 0 1
88 227 0 1
94 227 0 1
101 227 0 1
4 228 0 1
5 228 0 1
12 228 0 1
15 228 0 1
19 228 0 1
20 228 0 1
23 228 0 1
28 228 0 1
29 228 0 1
32 228 0 1
33 228 0 1
35 228 0 1
37 228 0 1
40 228 0 1
43 228 0 1
44 228 0 1
46 228 0 1
47 228 0 1
48 228 0 1
49 228 0 1
56 228 0 1
92 228 0 1
99 228 0 1
4 229 0 1
5 229 0 1
12 229 0 1
19 229 0 1
20 229 0 1
23 229 0 1
28 229 0 1
29 229 0 1
32 229 0 1
35 229 0 1
40 229 0 1
43 229 0 1
44 229 0 1
46 229 0 1
47 229 0 1
48 229 0 1
49 229 0 1
99 229 0 1
8 230 0 1
14 230 0 1
16 230 0 1
17 230 0 1
22 230 0 1
24 230 0 1
25 230 0 1
26 230 0 1
27 230 0 1
30 230 0 1
31 230 0 1
36 230 0 1
38 230 0 1
39 230 0 1
42 230 0 1
45 230 0 1
50 230 0 1
51 230 0 1
94 230 0 1
95 230 0 1
101 230 0 1
5 231 0 1
12 231 0 1
15 231 0 1
19 231 0 1
20 231 0 1
23 231 0 1
24 231 0 1
28 231 0 1
29 231 0 1
32 231 0 1
33 231 0 1
35 231 0 1
37 231 0 1
40 231 0 1
43 231 0 1
44 231 0 1
46 231 0 1
47 231 0 1
48 231 0 1
49 231 0 1
56 231 0 1
92 231 0 1
93 231 0 1
96 231 0 1
98 231 0 1
99 231 0 1
1 232 0 1
14 232 0 1
21 232 0 1
25 232 0 1
27 232 0 1
30 232 0 1
31 232 0 1
34 232 0 1
36 232 0 1
38 232 0 1
39 232 0 1
41 232 0 1
42 232 0 1
51 232 0 1
54 232 0 1
58 232 0 1
94 232 0 1
95 232 0 1
101 232 0 1
15 233 0 1
16 233 0 1
17 233 0 1
18 233 0 1
22 233 0 1
24 233 0 1
26 233 0 1
27 233 0 1
30 233 0 1
33 233 0 1
37 233 0 1
38 233 0 1
39 233 0 1
43 233 0 1
45 233 0 1
50 233 0 1
57 233 0 1
92 233 0 1
93 233 0 1
95 233 0 1
96 233 0 1
98 233 0 1
100 233 0 1
8 234 0 1
14 234 0 1
15 234 0 1
16 234 0 1
17 234 0 1
22 234 0 1
24 234 0 1
26 234 0 1
27 234 0 1
30 234 0 1
33 234 0 1
37 234 0 1
38 234 0 1
39 234 0 1
45 234 0 1
50 234 0 1
57 234 0 1
93 234 0 1
95 234 0 1
96 234 0 1
98 234 0 1
100 234 0 1
7 235 0 1
15 235 0 1
16 235 0 1
18 235 0 1
24 235 0 1
26 235 0 1
27 235 0 1
30 235 0 1
32 235 0 1
33 235 0 1
37 235 0 1
43 235 0 1
44 235 0 1
45 235 0 1
48 235 0 1
49 235 0 1
50 235 0 1
56 235 0 1
57 235 0 1
92 235 0 1
93 235 0 1
96 235 0 1
98 235 0 1
100 235 0 1
14 236 0 1
17 236 0 1
22 236 0 1
24 236 0 1
25 236 0 1
26 236 0 1
27 236 0 1
30 236 0 1
31 236 0 1
37 236 0 1
38 236 0 1
39 236 0 1
42 236 0 1
45 236 0 1
50 236 0 1
57 236 0 1
94 236 0 1
95 236 0 1
98 236 0 1
101 236 0 1
1 237 0 1
13 237 0 1
21 237 0 1
25 237 0 1
31 237 0 1
34 237 0 1
36 237 0 1
38 237 0 1
41 237 0 1
42 237 0 1
51 237 0 1
52 237 0 1
53 237 0 1
54 237 0 1
55 237 0 1
58 237 0 1
88 237 0 1
94 237 0 1
97 237 0 1
101 237 0 1
1 238 0 1
13 238 0 1
14 238 0 1
21 238 0 1
25 238 0 1
30 238 0 1
31 238 0 1
34 238 0 1
36 238 0 1
38 238 0 1
39 238 0 1
41 238 0 1
42 238 0 1
51 238 0 1
52 238 0 1
53 238 0 1
54 238 0 1
55 238 0 1
58 238 0 1
87 238 0 1
88 238 0 1
89 238 0 1
90 238 0 1
94 238 0 1
97 238 0 1
101 238 0 1
30 239 0 1
31 239 0 1
38 239 0 1
54 239 0 1
55 239 0 1
57 239 0 1
58 239 0 1
65 239 0 1
68 239 0 1
71 239 0 1
80 239 0 1
81 239 0 1
84 239 0 1
86 239 0 1
87 239 0 1
88 239 0 1
89 239 0 1
90 239 0 1
91 239 0 1
94 239 0 1
95 239 0 1
101 239 0 1
30 240 0 1
33 240 0 1
57 240 0 1
65 240 0 1
82 240 0 1
84 240 0 1
85 240 0 1
86 240 0 1
87 240 0 1
89 240 0 1
92 240 0 1
93 240 0 1
95 240 0 1
96 240 0 1
98 240 0 1
100 240 0 1
30 241 0 1
38 241 0 1
57 241 0 1
58 241 0 1
65 241 0 1
82 241 0 1
84 241 0 1
85 241 0 1
86 241 0 1
87 241 0 1
88 241 0 1
89 241 0 1
94 241 0 1
95 241 0 1
96 241 0 1
98 241 0 1
100 241 0 1
101 241 0 1
31 242 0 1
52 242 0 1
53 242 0 1
54 242 0 1
55 242 0 1
58 242 0 1
60 242 0 1
62 242 0 1
63 242 0 1
64 242 0 1
67 242 0 1
69 242 0 1
70 242 0 1
74 242 0 1
79 242 0 1
80 242 0 1
81 242 0 1
83 242 0 1
88 242 0 1
89 242 0 1
90 242 0 1
91 242 0 1
97 242 0 1
101 242 0 1
31 243 0 1
54 243 0 1
55 243 0 1
58 243 0 1
64 243 0 1
65 243 0 1
68 243 0 1
71 243 0 1
80 243 0 1
81 243 0 1
83 243 0 1
84 243 0 1
86 243 0 1
87 243 0 1
88 243 0 1
89 243 0 1
90 243 0 1
91 243 0 1
94 243 0 1
95 243 0 1
101 243 0 1
168 243 0 1
33 244 0 1
57 244 0 1
65 244 0 1
78 244 0 1
82 244 0 1
84 244 0 1
85 244 0 1
86 244 0 1
87 244 0 1
92 244 0 1
93 244 0 1
95 244 0 1
96 244 0 1
98 244 0 1
100 244 0 1
167 244 0 1
32 245 0 1
33 245 0 1
37 245 0 1
56 245 0 1
57 245 0 1
59 245 0 1
61 245 0 1
66 245 0 1
72 245 0 1
76 245 0 1
77 245 0 1
78 245 0 1
82 245 0 1
85 245 0 1
86 245 0 1
92 245 0 1
93 245 0 1
95 245 0 1
96 245 0 1
98 245 0 1
100 245 0 1
30 246 0 1
57 246 0 1
65 246 0 1
71 246 0 1
82 246 0 1
84 246 0 1
85 246 0 1
86 246 0 1
87 246 0 1
89 246 0 1
93 246 0 1
95 246 0 1
96 246 0 1
98 246 0 1
100 246 0 1
101 246 0 1
28 247 0 1
29 247 0 1
32 247 0 1
35 247 0 1
56 247 0 1
59 247 0 1
75 247 0 1
76 247 0 1
77 247 0 1
99 247 0 1
27 248 0 1
30 248 0 1
38 248 0 1
57 248 0 1
58 248 0 1
65 248 0 1
84 248 0 1
85 248 0 1
86 248 0 1
87 248 0 1
89 248 0 1
94 248 0 1
95 248 0 1
96 248 0 1
98 248 0 1
100 248 0 1
101 248 0 1
26 249 0 1
30 249 0 1
33 249 0 1
37 249 0 1
57 249 0 1
78 249 0 1
82 249 0 1
84 249 0 1
85 249 0 1
86 249 0 1
92 249 0 1
93 249 0 1
95 249 0 1
96 249 0 1
98 249 0 1
100 249 0 1
32 250 0 1
33 250 0 1
37 250 0 1
56 250 0 1
57 250 0 1
59 250 0 1
77 250 0 1
78 250 0 1
82 250 0 1
85 250 0 1
86 250 0 1
92 250 0 1
93 250 0 1
95 250 0 1
96 250 0 1
98 250 0 1
100 250 0 1
28 251 0 1
29 251 0 1
32 251 0 1
33 251 0 1
35 251 0 1
37 251 0 1
56 251 0 1
57 251 0 1
59 251 0 1
61 251 0 1
75 251 0 1
76 251 0 1
77 251 0 1
78 251 0 1
85 251 0 1
92 251 0 1
93 251 0 1
96 251 0 1
98 251 0 1
99 251 0 1
100 251 0 1
28 252 0 1
29 252 0 1
32 252 0 1
33 252 0 1
35 252 0 1
56 252 0 1
59 252 0 1
61 252 0 1
75 252 0 1
76 252 0 1
77 252 0 1
78 252 0 1
92 252 0 1
93 252 0 1
99 252 0 1
32 253 0 1
33 253 0 1
37 253 0 1
56 253 0 1
57 253 0 1
59 253 0 1
77 253 0 1
78 253 0 1
82 253 0 1
85 253 0 1
92 253 0 1
93 253 0 1
96 253 0 1
98 253 0 1
100 253 0 1
30 254 0 1
31 254 0 1
38 254 0 1
53 254 0 1
54 254 0 1
55 254 0 1
58 254 0 1
65 254 0 1
71 254 0 1
80 254 0 1
81 254 0 1
84 254 0 1
86 254 0 1
87 254 0 1
88 254 0 1
89 254 0 1
90 254 0 1
91 254 0 1
94 254 0 1
95 254 0 1
101 254 0 1
32 255 0 1
33 255 0 1
37 255 0 1
56 255 0 1
57 255 0 1
59 255 0 1
61 255 0 1
77 255 0 1
78 255 0 1
82 255 0 1
85 255 0 1
86 255 0 1
92 255 0 1
93 255 0 1
95 255 0 1
96 255 0 1
98 255 0 1
100 255 0 1
1 256 0 1
31 256 0 1
52 256 0 1
53 256 0 1
54 256 0 1
55 256 0 1
58 256 0 1
60 256 0 1
62 256 0 1
63 256 0 1
64 256 0 1
67 256 0 1
69 256 0 1
70 256 0 1
79 256 0 1
80 256 0 1
81 256 0 1
83 256 0 1
88 256 0 1
90 256 0 1
91 256 0 1
97 256 0 1
28 257 0 1
29 257 0 1
32 257 0 1
33 257 0 1
37 257 0 1
56 257 0 1
57 257 0 1
59 257 0 1
61 257 0 1
66 257 0 1
72 257 0 1
73 257 0 1
75 257 0 1
76 257 0 1
77 257 0 1
78 257 0 1
82 257 0 1
85 257 0 1
92 257 0 1
93 257 0 1
96 257 0 1
98 257 0 1
99 257 0 1
100 257 0 1
32 258 0 1
33 258 0 1
37 258 0 1
56 258 0 1
57 258 0 1
59 258 0 1
61 258 0 1
66 258 0 1
72 258 0 1
76 258 0 1
77 258 0 1
78 258 0 1
82 258 0 1
85 258 0 1
92 258 0 1
93 258 0 1
96 258 0 1
98 258 0 1
100 258 0 1
1 259 0 1
25 259 0 1
31 259 0 1
34 259 0 1
36 259 0 1
41 259 0 1
51 259 0 1
52 259 0 1
53 259 0 1
54 259 0 1
55 259 0 1
58 259 0 1
60 259 0 1
88 259 0 1
90 259 0 1
91 259 0 1
94 259 0 1
97 259 0 1
101 259 0 1
1 260 0 1
25 260 0 1
31 260 0 1
34 260 0 1
36 260 0 1
38 260 0 1
51 260 0 1
52 260 0 1
53 260 0 1
54 260 0 1
55 260 0 1
58 260 0 1
81 260 0 1
87 260 0 1
88 260 0 1
89 260 0 1
90 260 0 1
91 260 0 1
94 260 0 1
97 260 0 1
101 260 0 1
28 261 0 1
29 261 0 1
32 261 0 1
33 261 0 1
35 261 0 1
37 261 0 1
40 261 0 1
43 261 0 1
46 261 0 1
47 261 0 1
48 261 0 1
49 261 0 1
56 261 0 1
59 261 0 1
92 261 0 1
93 261 0 1
99 261 0 1
1 262 0 1
25 262 0 1
30 262 0 1
31 262 0 1
34 262 0 1
36 262 0 1
38 262 0 1
42 262 0 1
51 262 0 1
53 262 0 1
54 262 0 1
55 262 0 1
58 262 0 1
80 262 0 1
81 262 0 1
87 262 0 1
88 262 0 1
89 262 0 1
90 262 0 1
91 262 0 1
94 262 0 1
95 262 0 1
97 262 0 1
101 262 0 1
25 263 0 1
27 263 0 1
30 263 0 1
31 263 0 1
34 263 0 1
36 263 0 1
38 263 0 1
39 263 0 1
42 263 0 1
51 263 0 1
53 263 0 1
54 263 0 1
55 263 0 1
58 263 0 1
81 263 0 1
86 263 0 1
87 263 0 1
88 263 0 1
89 263 0 1
90 263 0 1
94 263 0 1
95 263 0 1
101 263 0 1
25 264 0 1
26 264 0 1
27 264 0 1
30 264 0 1
31 264 0 1
38 264 0 1
39 264 0 1
54 264 0 1
57 264 0 1
58 264 0 1
86 264 0 1
87 264 0 1
88 264 0 1
89 264 0 1
94 264 0 1
95 264 0 1
98 264 0 1
101 264 0 1
25 265 0 1
26 265 0 1
27 265 0 1
30 265 0 1
31 265 0 1
38 265 0 1
39 265 0 1
50 265 0 1
54 265 0 1
57 265 0 1
58 265 0 1
86 265 0 1
87 265 0 1
88 265 0 1
89 265 0 1
94 265 0 1
95 265 0 1
98 265 0 1
100 265 0 1
101 265 0 1
24 266 0 1
26 266 0 1
27 266 0 1
30 266 0 1
31 266 0 1
37 266 0 1
38 266 0 1
39 266 0 1
50 266 0 1
54 266 0 1
57 266 0 1
58 266 0 1
65 266 0 1
84 266 0 1
85 266 0 1
86 266 0 1
87 266 0 1
88 266 0 1
89 266 0 1
93 266 0 1
94 266 0 1
95 266 0 1
96 266 0 1
98 266 0 1
100 266 0 1
101 266 0 1
15 267 0 1
16 267 0 1
17 267 0 1
24 267 0 1
26 267 0 1
27 267 0 1
30 267 0 1
33 267 0 1
37 267 0 1
38 267 0 1
39 267 0 1
45 267 0 1
50 267 0 1
57 267 0 1
85 267 0 1
86 267 0 1
92 267 0 1
93 267 0 1
95 267 0 1
96 267 0 1
98 267 0 1
100 267 0 1
1 268 0 1
25 268 0 1
31 268 0 1
34 268 0 1
36 268 0 1
38 268 0 1
41 268 0 1
51 268 0 1
52 268 0 1
53 268 0 1
54 268 0 1
55 268 0 1
58 268 0 1
81 268 0 1
87 268 0 1
88 268 0 1
89 268 0 1
90 268 0 1
91 268 0 1
94 268 0 1
97 268 0 1
101 268 0 1
28 269 0 1
29 269 0 1
32 269 0 1
35 269 0 1
46 269 0 1
48 269 0 1
56 269 0 1
99 269 0 1
28 270 0 1
29 270 0 1
32 270 0 1
35 270 0 1
46 270 0 1
47 270 0 1
48 270 0 1
56 270 0 1
75 270 0 1
92 270 0 1
99 270 0 1
25 271 0 1
30 271 0 1
31 271 0 1
34 271 0 1
36 271 0 1
38 271 0 1
53 271 0 1
54 271 0 1
55 271 0 1
58 271 0 1
80 271 0 1
81 271 0 1
86 271 0 1
87 271 0 1
88 271 0 1
89 271 0 1
90 271 0 1
91 271 0 1
94 271 0 1
95 271 0 1
101 271 0 1
1 272 0 1
31 272 0 1
34 272 0 1
36 272 0 1
52 272 0 1
53 272 0 1
54 272 0 1
55 272 0 1
58 272 0 1
60 272 0 1
79 272 0 1
81 272 0 1
88 272 0 1
90 272 0 1
91 272 0 1
94 272 0 1
97 272 0 1
101 272 0 1
28 273 0 1
29 273 0 1
32 273 0 1
33 273 0 1
35 273 0 1
48 273 0 1
56 273 0 1
59 273 0 1
75 273 0 1
76 273 0 1
77 273 0 1
92 273 0 1
93 273 0 1
99 273 0 1
52 274 0 1
53 274 0 1
54 274 0 1
55 274 0 1
58 274 0 1
60 274 0 1
62 274 0 1
63 274 0 1
64 274 0 1
67 274 0 1
68 274 0 1
69 274 0 1
70 274 0 1
71 274 0 1
74 274 0 1
79 274 0 1
80 274 0 1
81 274 0 1
83 274 0 1
87 274 0 1
88 274 0 1
89 274 0 1
90 274 0 1
91 274 0 1
101 274 0 1
104 274 0 1
109 274 0 1
110 274 0 1
111 274 0 1
117 274 0 1
164 274 0 1
165 274 0 1
166 274 0 1
168 274 0 1
169 274 0 1
172 274 0 1
174 274 0 1
175 274 0 1
53 275 0 1
54 275 0 1
55 275 0 1
58 275 0 1
60 275 0 1
62 275 0 1
63 275 0 1
64 275 0 1
65 275 0 1
67 275 0 1
68 275 0 1
69 275 0 1
70 275 0 1
71 275 0 1
74 275 0 1
79 275 0 1
80 275 0 1
81 275 0 1
83 275 0 1
84 275 0 1
87 275 0 1
88 275 0 1
89 275 0 1
90 275 0 1
91 275 0 1
101 275 0 1
104 275 0 1
107 275 0 1
109 275 0 1
110 275 0 1
111 275 0 1
165 275 0 1
166 275 0 1
168 275 0 1
169 275 0 1
174 275 0 1
175 275 0 1
176 275 0 1
56 276 0 1
66 276 0 1
73 276 0 1
75 276 0 1
76 276 0 1
77 276 0 1
99 276 0 1
103 276 0 1
163 276 0 1
53 277 0 1
54 277 0 1
55 277 0 1
58 277 0 1
63 277 0 1
64 277 0 1
65 277 0 1
67 277 0 1
68 277 0 1
69 277 0 1
71 277 0 1
74 277 0 1
79 277 0 1
80 277 0 1
81 277 0 1
83 277 0 1
84 277 0 1
86 277 0 1
87 277 0 1
88 277 0 1
89 277 0 1
90 277 0 1
91 277 0 1
94 277 0 1
101 277 0 1
104 277 0 1
107 277 0 1
111 277 0 1
165 277 0 1
166 277 0 1
168 277 0 1
169 277 0 1
174 277 0 1
175 277 0 1
176 277 0 1
57 278 0 1
65 278 0 1
71 278 0 1
80 278 0 1
82 278 0 1
84 278 0 1
85 278 0 1
86 278 0 1
87 278 0 1
89 278 0 1
95 278 0 1
98 278 0 1
100 278 0 1
105 278 0 1
119 278 0 1
165 278 0 1
166 278 0 1
167 278 0 1
168 278 0 1
173 278 0 1
176 278 0 1
177 278 0 1
32 279 0 1
56 279 0 1
59 279 0 1
61 279 0 1
66 279 0 1
72 279 0 1
73 279 0 1
75 279 0 1
76 279 0 1
77 279 0 1
78 279 0 1
82 279 0 1
85 279 0 1
92 279 0 1
93 279 0 1
99 279 0 1
163 279 0 1
170 279 0 1
171 279 0 1
57 280 0 1
58 280 0 1
65 280 0 1
68 280 0 1
71 280 0 1
80 280 0 1
81 280 0 1
82 280 0 1
84 280 0 1
85 280 0 1
86 280 0 1
87 280 0 1
88 280 0 1
89 280 0 1
90 280 0 1
95 280 0 1
101 280 0 1
105 280 0 1
107 280 0 1
108 280 0 1
112 280 0 1
119 280 0 1
165 280 0 1
166 280 0 1
167 280 0 1
168 280 0 1
173 280 0 1
176 280 0 1
177 280 0 1
52 281 0 1
60 281 0 1
62 281 0 1
63 281 0 1
64 281 0 1
67 281 0 1
68 281 0 1
69 281 0 1
70 281 0 1
74 281 0 1
79 281 0 1
81 281 0 1
83 281 0 1
90 281 0 1
91 281 0 1
102 281 0 1
104 281 0 1
109 281 0 1
110 281 0 1
117 281 0 1
118 281 0 1
164 281 0 1
169 281 0 1
172 281 0 1
174 281 0 1
175 281 0 1
56 282 0 1
59 282 0 1
61 282 0 1
66 282 0 1
72 282 0 1
73 282 0 1
75 282 0 1
76 282 0 1
77 282 0 1
78 282 0 1
82 282 0 1
85 282 0 1
170 282 0 1
171 282 0 1
56 283 0 1
59 283 0 1
61 283 0 1
66 283 0 1
72 283 0 1
73 283 0 1
75 283 0 1
76 283 0 1
77 283 0 1
78 283 0 1
82 283 0 1
103 283 0 1
116 283 0 1
120 283 0 1
121 283 0 1
163 283 0 1
170 283 0 1
171 283 0 1
54 284 0 1
55 284 0 1
58 284 0 1
63 284 0 1
64 284 0 1
65 284 0 1
67 284 0 1
68 284 0 1
69 284 0 1
71 284 0 1
74 284 0 1
79 284 0 1
80 284 0 1
81 284 0 1
83 284 0 1
84 284 0 1
86 284 0 1
87 284 0 1
88 284 0 1
89 284 0 1
90 284 0 1
91 284 0 1
101 284 0 1
104 284 0 1
107 284 0 1
108 284 0 1
110 284 0 1
111 284 0 1
112 284 0 1
119 284 0 1
165 284 0 1
166 284 0 1
168 284 0 1
169 284 0 1
174 284 0 1
175 284 0 1
176 284 0 1
177 284 0 1
54 285 0 1
58 285 0 1
64 285 0 1
65 285 0 1
68 285 0 1
71 285 0 1
74 285 0 1
80 285 0 1
81 285 0 1
83 285 0 1
84 285 0 1
86 285 0 1
87 285 0 1
88 285 0 1
89 285 0 1
90 285 0 1
91 285 0 1
101 285 0 1
104 285 0 1
105 285 0 1
107 285 0 1
108 285 0 1
111 285 0 1
112 285 0 1
119 285 0 1
165 285 0 1
166 285 0 1
167 285 0 1
168 285 0 1
169 285 0 1
173 285 0 1
175 285 0 1
176 285 0 1
177 285 0 1
56 286 0 1
59 286 0 1
61 286 0 1
66 286 0 1
72 286 0 1
73 286 0 1
75 286 0 1
76 286 0 1
77 286 0 1
78 286 0 1
103 286 0 1
116 286 0 1
120 286 0 1
121 286 0 1
163 286 0 1
170 286 0 1
171 286 0 1
56 287 0 1
59 287 0 1
61 287 0 1
66 287 0 1
72 287 0 1
73 287 0 1
75 287 0 1
76 287 0 1
77 287 0 1
78 287 0 1
82 287 0 1
103 287 0 1
116 287 0 1
120 287 0 1
163 287 0 1
170 287 0 1
171 287 0 1
56 288 0 1
59 288 0 1
61 288 0 1
66 288 0 1
72 288 0 1
73 288 0 1
75 288 0 1
76 288 0 1
77 288 0 1
78 288 0 1
82 288 0 1
85 288 0 1
106 288 0 1
150 288 0 1
167 288 0 1
170 288 0 1
171 288 0 1
58 289 0 1
64 289 0 1
65 289 0 1
68 289 0 1
71 289 0 1
74 289 0 1
80 289 0 1
81 289 0 1
84 289 0 1
86 289 0 1
87 289 0 1
88 289 0 1
89 289 0 1
90 289 0 1
105 289 0 1
107 289 0 1
108 289 0 1
111 289 0 1
112 289 0 1
119 289 0 1
127 289 0 1
165 289 0 1
166 289 0 1
167 289 0 1
168 289 0 1
169 289 0 1
173 289 0 1
175 289 0 1
176 289 0 1
177 289 0 1
59 290 0 1
61 290 0 1
66 290 0 1
72 290 0 1
73 290 0 1
75 290 0 1
76 290 0 1
77 290 0 1
78 290 0 1
82 290 0 1
103 290 0 1
106 290 0 1
116 290 0 1
120 290 0 1
121 290 0 1
124 290 0 1
131 290 0 1
132 290 0 1
135 290 0 1
149 290 0 1
150 290 0 1
151 290 0 1
153 290 0 1
154 290 0 1
155 290 0 1
156 290 0 1
158 290 0 1
159 290 0 1
161 290 0 1
163 290 0 1
170 290 0 1
171 290 0 1
3 291 0 1
64 291 0 1
65 291 0 1
67 291 0 1
68 291 0 1
71 291 0 1
74 291 0 1
80 291 0 1
81 291 0 1
83 291 0 1
84 291 0 1
91 291 0 1
104 291 0 1
105 291 0 1
107 291 0 1
108 291 0 1
109 291 0 1
110 291 0 1
111 291 0 1
112 291 0 1
113 291 0 1
114 291 0 1
115 291 0 1
117 291 0 1
119 291 0 1
122 291 0 1
123 291 0 1
126 291 0 1
127 291 0 1
128 291 0 1
147 291 0 1
148 291 0 1
152 291 0 1
157 291 0 1
165 291 0 1
166 291 0 1
168 291 0 1
169 291 0 1
173 291 0 1
174 291 0 1
175 291 0 1
176 291 0 1
177 291 0 1
59 292 0 1
61 292 0 1
66 292 0 1
72 292 0 1
73 292 0 1
75 292 0 1
76 292 0 1
77 292 0 1
78 292 0 1
103 292 0 1
116 292 0 1
120 292 0 1
121 292 0 1
134 292 0 1
135 292 0 1
149 292 0 1
150 292 0 1
151 292 0 1
153 292 0 1
154 292 0 1
155 292 0 1
158 292 0 1
159 292 0 1
163 292 0 1
170 292 0 1
171 292 0 1
59 293 0 1
61 293 0 1
66 293 0 1
72 293 0 1
73 293 0 1
75 293 0 1
76 293 0 1
77 293 0 1
78 293 0 1
82 293 0 1
103 293 0 1
116 293 0 1
120 293 0 1
121 293 0 1
124 293 0 1
149 293 0 1
150 293 0 1
153 293 0 1
154 293 0 1
155 293 0 1
156 293 0 1
159 293 0 1
163 293 0 1
170 293 0 1
171 293 0 1
3 294 0 1
60 294 0 1
62 294 0 1
63 294 0 1
64 294 0 1
67 294 0 1
68 294 0 1
69 294 0 1
70 294 0 1
71 294 0 1
74 294 0 1
79 294 0 1
80 294 0 1
81 294 0 1
83 294 0 1
90 294 0 1
91 294 0 1
102 294 0 1
104 294 0 1
107 294 0 1
109 294 0 1
110 294 0 1
111 294 0 1
113 294 0 1
114 294 0 1
117 294 0 1
118 294 0 1
123 294 0 1
146 294 0 1
147 294 0 1
157 294 0 1
164 294 0 1
165 294 0 1
166 294 0 1
168 294 0 1
169 294 0 1
172 294 0 1
174 294 0 1
175 294 0 1
59 295 0 1
61 295 0 1
66 295 0 1
72 295 0 1
73 295 0 1
77 295 0 1
78 295 0 1
82 295 0 1
85 295 0 1
105 295 0 1
106 295 0 1
119 295 0 1
122 295 0 1
124 295 0 1
125 295 0 1
128 295 0 1
150 295 0 1
152 295 0 1
156 295 0 1
160 295 0 1
167 295 0 1
170 295 0 1
171 295 0 1
173 295 0 1
177 295 0 1
61 296 0 1
65 296 0 1
72 296 0 1
78 296 0 1
82 296 0 1
84 296 0 1
85 296 0 1
105 296 0 1
106 296 0 1
108 296 0 1
119 296 0 1
122 296 0 1
124 296 0 1
125 296 0 1
126 296 0 1
128 296 0 1
148 296 0 1
150 296 0 1
152 296 0 1
156 296 0 1
160 296 0 1
161 296 0 1
162 296 0 1
165 296 0 1
167 296 0 1
170 296 0 1
171 296 0 1
173 296 0 1
176 296 0 1
177 296 0 1
3 297 0 1
65 297 0 1
68 297 0 1
71 297 0 1
74 297 0 1
80 297 0 1
81 297 0 1
84 297 0 1
104 297 0 1
105 297 0 1
106 297 0 1
107 297 0 1
108 297 0 1
111 297 0 1
112 297 0 1
115 297 0 1
117 297 0 1
119 297 0 1
122 297 0 1
123 297 0 1
125 297 0 1
126 297 0 1
127 297 0 1
128 297 0 1
148 297 0 1
152 297 0 1
165 297 0 1
166 297 0 1
167 297 0 1
168 297 0 1
169 297 0 1
173 297 0 1
175 297 0 1
176 297 0 1
177 297 0 1
3 298 0 1
62 298 0 1
63 298 0 1
64 298 0 1
65 298 0 1
67 298 0 1
68 298 0 1
69 298 0 1
70 298 0 1
71 298 0 1
74 298 0 1
79 298 0 1
80 298 0 1
81 298 0 1
83 298 0 1
84 298 0 1
88 298 0 1
90 298 0 1
91 298 0 1
102 298 0 1
104 298 0 1
107 298 0 1
108 298 0 1
109 298 0 1
110 298 0 1
111 298 0 1
112 298 0 1
113 298 0 1
114 298 0 1
115 298 0 1
117 298 0 1
118 298 0 1
119 298 0 1
123 298 0 1
126 298 0 1
127 298 0 1
130 298 0 1
146 298 0 1
147 298 0 1
148 298 0 1
157 298 0 1
164 298 0 1
165 298 0 1
166 298 0 1
168 298 0 1
169 298 0 1
172 298 0 1
174 298 0 1
175 298 0 1
176 298 0 1
177 298 0 1
60 299 0 1
62 299 0 1
63 299 0 1
64 299 0 1
67 299 0 1
68 299 0 1
69 299 0 1
70 299 0 1
74 299 0 1
79 299 0 1
80 299 0 1
81 299 0 1
83 299 0 1
91 299 0 1
102 299 0 1
104 299 0 1
109 299 0 1
110 299 0 1
113 299 0 1
114 299 0 1
117 299 0 1
118 299 0 1
129 299 0 1
146 299 0 1
147 299 0 1
157 299 0 1
164 299 0 1
169 299 0 1
172 299 0 1
174 299 0 1
175 299 0 1
3 300 0 1
65 300 0 1
68 300 0 1
71 300 0 1
84 300 0 1
105 300 0 1
106 300 0 1
107 300 0 1
108 300 0 1
111 300 0 1
112 300 0 1
115 300 0 1
119 300 0 1
122 300 0 1
123 300 0 1
125 300 0 1
126 300 0 1
127 300 0 1
128 300 0 1
133 300 0 1
148 300 0 1
152 300 0 1
165 300 0 1
166 300 0 1
167 300 0 1
168 300 0 1
173 300 0 1
175 300 0 1
176 300 0 1
177 300 0 1
59 301 0 1
61 301 0 1
66 301 0 1
72 301 0 1
73 301 0 1
77 301 0 1
78 301 0 1
82 301 0 1
105 301 0 1
106 301 0 1
122 301 0 1
124 301 0 1
125 301 0 1
128 301 0 1
136 301 0 1
149 301 0 1
150 301 0 1
152 301 0 1
155 301 0 1
156 301 0 1
160 301 0 1
161 301 0 1
162 301 0 1
167 301 0 1
170 301 0 1
171 301 0 1
173 301 0 1
177 301 0 1
73 302 0 1
103 302 0 1
116 302 0 1
120 302 0 1
121 302 0 1
131 302 0 1
134 302 0 1
135 302 0 1
139 302 0 1
142 302 0 1
143 302 0 1
144 302 0 1
145 302 0 1
149 302 0 1
150 302 0 1
151 302 0 1
153 302 0 1
154 302 0 1
155 302 0 1
158 302 0 1
159 302 0 1
163 302 0 1
171 302 0 1
73 303 0 1
103 303 0 1
116 303 0 1
120 303 0 1
121 303 0 1
124 303 0 1
131 303 0 1
132 303 0 1
134 303 0 1
135 303 0 1
136 303 0 1
139 303 0 1
142 303 0 1
143 303 0 1
144 303 0 1
145 303 0 1
149 303 0 1
150 303 0 1
151 303 0 1
153 303 0 1
154 303 0 1
155 303 0 1
156 303 0 1
158 303 0 1
159 303 0 1
161 303 0 1
163 303 0 1
170 303 0 1
171 303 0 1
2 304 0 1
106 304 0 1
116 304 0 1
120 304 0 1
121 304 0 1
124 304 0 1
125 304 0 1
131 304 0 1
132 304 0 1
134 304 0 1
135 304 0 1
136 304 0 1
139 304 0 1
141 304 0 1
142 304 0 1
143 304 0 1
144 304 0 1
145 304 0 1
149 304 0 1
150 304 0 1
151 304 0 1
153 304 0 1
154 304 0 1
155 304 0 1
156 304 0 1
158 304 0 1
159 304 0 1
160 304 0 1
161 304 0 1
162 304 0 1
170 304 0 1
171 304 0 1
2 305 0 1
3 305 0 1
105 305 0 1
106 305 0 1
107 305 0 1
108 305 0 1
111 305 0 1
112 305 0 1
114 305 0 1
115 305 0 1
119 305 0 1
122 305 0 1
123 305 0 1
125 305 0 1
126 305 0 1
127 305 0 1
128 305 0 1
133 305 0 1
141 305 0 1
148 305 0 1
152 305 0 1
157 305 0 1
160 305 0 1
162 305 0 1
165 305 0 1
166 305 0 1
168 305 0 1
173 305 0 1
175 305 0 1
176 305 0 1
177 305 0 1
3 306 0 1
74 306 0 1
102 306 0 1
104 306 0 1
109 306 0 1
110 306 0 1
111 306 0 1
113 306 0 1
114 306 0 1
117 306 0 1
118 306 0 1
123 306 0 1
129 306 0 1
130 306 0 1
137 306 0 1
138 306 0 1
140 306 0 1
146 306 0 1
147 306 0 1
157 306 0 1
169 306 0 1
172 306 0 1
174 306 0 1
175 306 0 1
2 307 0 1
3 307 0 1
105 307 0 1
106 307 0 1
119 307 0 1
122 307 0 1
124 307 0 1
125 307 0 1
126 307 0 1
128 307 0 1
131 307 0 1
132 307 0 1
133 307 0 1
136 307 0 1
141 307 0 1
143 307 0 1
148 307 0 1
149 307 0 1
150 307 0 1
152 307 0 1
155 307 0 1
156 307 0 1
159 307 0 1
160 307 0 1
161 307 0 1
162 307 0 1
167 307 0 1
170 307 0 1
173 307 0 1
177 307 0 1
3 308 0 1
64 308 0 1
67 308 0 1
68 308 0 1
69 308 0 1
70 308 0 1
74 308 0 1
102 308 0 1
104 308 0 1
107 308 0 1
109 308 0 1
110 308 0 1
111 308 0 1
113 308 0 1
114 308 0 1
115 308 0 1
117 308 0 1
118 308 0 1
123 308 0 1
129 308 0 1
130 308 0 1
137 308 0 1
138 308 0 1
140 308 0 1
146 308 0 1
147 308 0 1
157 308 0 1
164 308 0 1
166 308 0 1
169 308 0 1
172 308 0 1
174 308 0 1
175 308 0 1
2 309 0 1
3 309 0 1
105 309 0 1
106 309 0 1
108 309 0 1
119 309 0 1
122 309 0 1
124 309 0 1
125 309 0 1
126 309 0 1
127 309 0 1
128 309 0 1
131 309 0 1
132 309 0 1
133 309 0 1
136 309 0 1
141 309 0 1
143 309 0 1
148 309 0 1
149 309 0 1
150 309 0 1
152 309 0 1
155 309 0 1
156 309 0 1
160 309 0 1
161 309 0 1
162 309 0 1
167 309 0 1
170 309 0 1
171 309 0 1
173 309 0 1
177 309 0 1
2 310 0 1
106 310 0 1
120 310 0 1
122 310 0 1
124 310 0 1
125 310 0 1
128 310 0 1
131 310 0 1
132 310 0 1
135 310 0 1
136 310 0 1
141 310 0 1
142 310 0 1
143 310 0 1
145 310 0 1
148 310 0 1
149 310 0 1
150 310 0 1
152 310 0 1
153 310 0 1
154 310 0 1
155 310 0 1
156 310 0 1
158 310 0 1
159 310 0 1
160 310 0 1
161 310 0 1
162 310 0 1
167 310 0 1
170 310 0 1
171 310 0 1
173 310 0 1
3 311 0 1
102 311 0 1
104 311 0 1
109 311 0 1
110 311 0 1
113 311 0 1
114 311 0 1
117 311 0 1
118 311 0 1
129 311 0 1
130 311 0 1
137 311 0 1
138 311 0 1
140 311 0 1
146 311 0 1
147 311 0 1
157 311 0 1
172 311 0 1
174 311 0 1
175 311 0 1
2 312 0 1
3 312 0 1
122 312 0 1
124 312 0 1
125 312 0 1
126 312 0 1
128 312 0 1
131 312 0 1
132 312 0 1
133 312 0 1
136 312 0 1
141 312 0 1
143 312 0 1
148 312 0 1
150 312 0 1
152 312 0 1
155 312 0 1
156 312 0 1
160 312 0 1
161 312 0 1
162 312 0 1
103 313 0 1
116 313 0 1
120 313 0 1
121 313 0 1
131 313 0 1
134 313 0 1
135 313 0 1
139 313 0 1
142 313 0 1
143 313 0 1
144 313 0 1
145 313 0 1
149 313 0 1
151 313 0 1
153 313 0 1
154 313 0 1
155 313 0 1
158 313 0 1
159 313 0 1
116 314 0 1
120 314 0 1
121 314 0 1
131 314 0 1
132 314 0 1
134 314 0 1
135 314 0 1
139 314 0 1
142 314 0 1
143 314 0 1
144 314 0 1
145 314 0 1
149 314 0 1
150 314 0 1
151 314 0 1
153 314 0 1
154 314 0 1
155 314 0 1
156 314 0 1
158 314 0 1
159 314 0 1
103 315 0 1
116 315 0 1
120 315 0 1
121 315 0 1
131 315 0 1
132 315 0 1
134 315 0 1
135 315 0 1
139 315 0 1
142 315 0 1
143 315 0 1
144 315 0 1
145 315 0 1
149 315 0 1
150 315 0 1
151 315 0 1
153 315 0 1
154 315 0 1
155 315 0 1
156 315 0 1
158 315 0 1
159 315 0 1
2 316 0 1
120 316 0 1
124 316 0 1
125 316 0 1
131 316 0 1
132 316 0 1
135 316 0 1
136 316 0 1
139 316 0 1
141 316 0 1
142 316 0 1
143 316 0 1
144 316 0 1
145 316 0 1
149 316 0 1
150 316 0 1
152 316 0 1
153 316 0 1
154 316 0 1
155 316 0 1
156 316 0 1
158 316 0 1
159 316 0 1
160 316 0 1
161 316 0 1
162 316 0 1
2 317 0 1
122 317 0 1
124 317 0 1
125 317 0 1
131 317 0 1
132 317 0 1
135 317 0 1
136 317 0 1
139 317 0 1
141 317 0 1
142 317 0 1
143 317 0 1
144 317 0 1
145 317 0 1
149 317 0 1
150 317 0 1
152 317 0 1
153 317 0 1
154 317 0 1
155 317 0 1
156 317 0 1
158 317 0 1
159 317 0 1
160 317 0 1
161 317 0 1
162 317 0 1
2 318 0 1
3 318 0 1
106 318 0 1
122 318 0 1
124 318 0 1
125 318 0 1
126 318 0 1
128 318 0 1
131 318 0 1
132 318 0 1
133 318 0 1
135 318 0 1
136 318 0 1
141 318 0 1
143 318 0 1
148 318 0 1
149 318 0 1
150 318 0 1
152 318 0 1
155 318 0 1
156 318 0 1
159 318 0 1
160 318 0 1
161 318 0 1
162 318 0 1
103 319 0 1
116 319 0 1
120 319 0 1
121 319 0 1
124 319 0 1
131 319 0 1
132 319 0 1
134 319 0 1
135 319 0 1
136 319 0 1
139 319 0 1
142 319 0 1
143 319 0 1
144 319 0 1
145 319 0 1
149 319 0 1
150 319 0 1
151 319 0 1
153 319 0 1
154 319 0 1
155 319 0 1
156 319 0 1
158 319 0 1
159 319 0 1
160 319 0 1
161 319 0 1
162 319 0 1
170 319 0 1
171 319 0 1
3 320 0 1
102 320 0 1
104 320 0 1
109 320 0 1
110 320 0 1
111 320 0 1
113 320 0 1
114 320 0 1
117 320 0 1
118 320 0 1
123 320 0 1
129 320 0 1
130 320 0 1
137 320 0 1
138 320 0 1
140 320 0 1
146 320 0 1
147 320 0 1
157 320 0 1
172 320 0 1
174 320 0 1
175 320 0 1
103 321 0 1
116 321 0 1
120 321 0 1
121 321 0 1
131 321 0 1
132 321 0 1
134 321 0 1
135 321 0 1
139 321 0 1
142 321 0 1
143 321 0 1
144 321 0 1
145 321 0 1
149 321 0 1
150 321 0 1
151 321 0 1
153 321 0 1
154 321 0 1
155 321 0 1
156 321 0 1
158 321 0 1
159 321 0 1
161 321 0 1
2 322 0 1
3 322 0 1
65 322 0 1
68 322 0 1
71 322 0 1
74 322 0 1
104 322 0 1
105 322 0 1
107 322 0 1
108 322 0 1
110 322 0 1
111 322 0 1
112 322 0 1
113 322 0 1
114 322 0 1
115 322 0 1
117 322 0 1
119 322 0 1
122 322 0 1
123 322 0 1
125 322 0 1
126 322 0 1
127 322 0 1
128 322 0 1
133 322 0 1
148 322 0 1
152 322 0 1
157 322 0 1
162 322 0 1
165 322 0 1
166 322 0 1
167 322 0 1
168 322 0 1
169 322 0 1
173 322 0 1
175 322 0 1
176 322 0 1
177 322 0 1
3 323 0 1
64 323 0 1
67 323 0 1
68 323 0 1
69 323 0 1
70 323 0 1
71 323 0 1
74 323 0 1
102 323 0 1
104 323 0 1
107 323 0 1
108 323 0 1
109 323 0 1
110 323 0 1
111 323 0 1
112 323 0 1
113 323 0 1
114 323 0 1
115 323 0 1
117 323 0 1
118 323 0 1
119 323 0 1
123 323 0 1
126 323 0 1
127 323 0 1
129 323 0 1
130 323 0 1
137 323 0 1
140 323 0 1
146 323 0 1
147 323 0 1
148 323 0 1
157 323 0 1
165 323 0 1
166 323 0 1
168 323 0 1
169 323 0 1
172 323 0 1
174 323 0 1
175 323 0 1
176 323 0 1
2 324 0 1
3 324 0 1
65 324 0 1
71 324 0 1
105 324 0 1
106 324 0 1
107 324 0 1
108 324 0 1
111 324 0 1
112 324 0 1
115 324 0 1
119 324 0 1
122 324 0 1
123 324 0 1
124 324 0 1
125 324 0 1
126 324 0 1
127 324 0 1
128 324 0 1
133 324 0 1
141 324 0 1
148 324 0 1
152 324 0 1
160 324 0 1
162 324 0 1
165 324 0 1
166 324 0 1
167 324 0 1
168 324 0 1
173 324 0 1
176 324 0 1
177 324 0 1
61 325 0 1
66 325 0 1
72 325 0 1
73 325 0 1
106 325 0 1
116 325 0 1
120 325 0 1
121 325 0 1
122 325 0 1
124 325 0 1
125 325 0 1
131 325 0 1
132 325 0 1
135 325 0 1
136 325 0 1
141 325 0 1
142 325 0 1
143 325 0 1
145 325 0 1
149 325 0 1
150 325 0 1
153 325 0 1
154 325 0 1
155 325 0 1
156 325 0 1
158 325 0 1
159 325 0 1
160 325 0 1
161 325 0 1
162 325 0 1
170 325 0 1
171 325 0 1
173 325 0 1
61 326 0 1
66 326 0 1
72 326 0 1
73 326 0 1
103 326 0 1
116 326 0 1
120 326 0 1
121 326 0 1
124 326 0 1
131 326 0 1
132 326 0 1
134 326 0 1
135 326 0 1
136 326 0 1
139 326 0 1
142 326 0 1
143 326 0 1
144 326 0 1
145 326 0 1
149 326 0 1
150 326 0 1
151 326 0 1
153 326 0 1
154 326 0 1
155 326 0 1
156 326 0 1
158 326 0 1
159 326 0 1
160 326 0 1
161 326 0 1
170 326 0 1
171 326 0 1
2 327 0 1
72 327 0 1
105 327 0 1
106 327 0 1
119 327 0 1
122 327 0 1
124 327 0 1
125 327 0 1
126 327 0 1
128 327 0 1
131 327 0 1
132 327 0 1
133 327 0 1
136 327 0 1
141 327 0 1
143 327 0 1
148 327 0 1
149 327 0 1
150 327 0 1
152 327 0 1
155 327 0 1
156 327 0 1
159 327 0 1
160 327 0 1
161 327 0 1
162 327 0 1
167 327 0 1
170 327 0 1
171 327 0 1
173 327 0 1
177 327 0 1
3 328 0 1
62 328 0 1
63 328 0 1
64 328 0 1
67 328 0 1
68 328 0 1
69 328 0 1
70 328 0 1
71 328 0 1
74 328 0 1
80 328 0 1
81 328 0 1
83 328 0 1
91 328 0 1
102 328 0 1
104 328 0 1
107 328 0 1
108 328 0 1
109 328 0 1
110 328 0 1
111 328 0 1
112 328 0 1
113 328 0 1
114 328 0 1
115 328 0 1
117 328 0 1
118 328 0 1
119 328 0 1
123 328 0 1
127 328 0 1
129 328 0 1
130 328 0 1
137 328 0 1
140 328 0 1
146 328 0 1
147 328 0 1
157 328 0 1
164 328 0 1
165 328 0 1
166 328 0 1
168 328 0 1
169 328 0 1
172 328 0 1
174 328 0 1
175 328 0 1
176 328 0 1
2 329 0 1
61 329 0 1
66 329 0 1
72 329 0 1
73 329 0 1
77 329 0 1
78 329 0 1
82 329 0 1
105 329 0 1
106 329 0 1
116 329 0 1
120 329 0 1
122 329 0 1
124 329 0 1
125 329 0 1
128 329 0 1
131 329 0 1
132 329 0 1
135 329 0 1
136 329 0 1
141 329 0 1
143 329 0 1
149 329 0 1
150 329 0 1
152 329 0 1
153 329 0 1
154 329 0 1
155 329 0 1
156 329 0 1
158 329 0 1
159 329 0 1
160 329 0 1
161 329 0 1
162 329 0 1
167 329 0 1
170 329 0 1
171 329 0 1
173 329 0 1
2 330 0 1
61 330 0 1
66 330 0 1
72 330 0 1
73 330 0 1
77 330 0 1
78 330 0 1
82 330 0 1
105 330 0 1
106 330 0 1
119 330 0 1
122 330 0 1
124 330 0 1
125 330 0 1
126 330 0 1
128 330 0 1
131 330 0 1
132 330 0 1
136 330 0 1
141 330 0 1
148 330 0 1
149 330 0 1
150 330 0 1
152 330 0 1
155 330 0 1
156 330 0 1
159 330 0 1
160 330 0 1
161 330 0 1
162 330 0 1
167 330 0 1
170 330 0 1
171 330 0 1
173 330 0 1
177 330 0 1
2 331 0 1
65 331 0 1
72 331 0 1
78 331 0 1
82 331 0 1
84 331 0 1
105 331 0 1
106 331 0 1
107 331 0 1
108 331 0 1
112 331 0 1
115 331 0 1
119 331 0 1
122 331 0 1
124 331 0 1
125 331 0 1
126 331 0 1
127 331 0 1
128 331 0 1
133 331 0 1
136 331 0 1
141 331 0 1
148 331 0 1
150 331 0 1
152 331 0 1
156 331 0 1
160 331 0 1
161 331 0 1
162 331 0 1
165 331 0 1
167 331 0 1
170 331 0 1
171 331 0 1
173 331 0 1
176 331 0 1
177 331 0 1
61 332 0 1
66 332 0 1
72 332 0 1
73 332 0 1
75 332 0 1
76 332 0 1
77 332 0 1
103 332 0 1
116 332 0 1
120 332 0 1
121 332 0 1
124 332 0 1
131 332 0 1
132 332 0 1
134 332 0 1
135 332 0 1
142 332 0 1
149 332 0 1
150 332 0 1
151 332 0 1
153 332 0 1
154 332 0 1
155 332 0 1
156 332 0 1
158 332 0 1
159 332 0 1
163 332 0 1
170 332 0 1
171 332 0 1
61 333 0 1
66 333 0 1
72 333 0 1
73 333 0 1
75 333 0 1
76 333 0 1
77 333 0 1
78 333 0 1
103 333 0 1
106 333 0 1
116 333 0 1
120 333 0 1
121 333 0 1
124 333 0 1
131 333 0 1
132 333 0 1
134 333 0 1
135 333 0 1
136 333 0 1
139 333 0 1
142 333 0 1
143 333 0 1
145 333 0 1
149 333 0 1
150 333 0 1
151 333 0 1
153 333 0 1
154 333 0 1
155 333 0 1
156 333 0 1
158 333 0 1
159 333 0 1
160 333 0 1
161 333 0 1
163 333 0 1
170 333 0 1
171 333 0 1
59 334 0 1
61 334 0 1
66 334 0 1
72 334 0 1
73 334 0 1
76 334 0 1
77 334 0 1
78 334 0 1
82 334 0 1
103 334 0 1
106 334 0 1
116 334 0 1
120 334 0 1
121 334 0 1
124 334 0 1
125 334 0 1
131 334 0 1
132 334 0 1
135 334 0 1
136 334 0 1
143 334 0 1
149 334 0 1
150 334 0 1
153 334 0 1
154 334 0 1
155 334 0 1
156 334 0 1
158 334 0 1
159 334 0 1
160 334 0 1
161 334 0 1
170 334 0 1
171 334 0 1
173 334 0 1
3 335 0 1
63 335 0 1
64 335 0 1
65 335 0 1
67 335 0 1
68 335 0 1
69 335 0 1
71 335 0 1
74 335 0 1
80 335 0 1
81 335 0 1
83 335 0 1
84 335 0 1
91 335 0 1
104 335 0 1
105 335 0 1
107 335 0 1
108 335 0 1
109 335 0 1
110 335 0 1
111 335 0 1
112 335 0 1
113 335 0 1
114 335 0 1
115 335 0 1
117 335 0 1
118 335 0 1
119 335 0 1
123 335 0 1
126 335 0 1
127 335 0 1
130 335 0 1
137 335 0 1
146 335 0 1
147 335 0 1
148 335 0 1
157 335 0 1
165 335 0 1
166 335 0 1
168 335 0 1
169 335 0 1
172 335 0 1
174 335 0 1
175 335 0 1
176 335 0 1
177 335 0 1
61 336 0 1
66 336 0 1
72 336 0 1
73 336 0 1
76 336 0 1
103 336 0 1
116 336 0 1
120 336 0 1
121 336 0 1
124 336 0 1
131 336 0 1
132 336 0 1
134 336 0 1
135 336 0 1
139 336 0 1
142 336 0 1
143 336 0 1
144 336 0 1
145 336 0 1
149 336 0 1
150 336 0 1
151 336 0 1
153 336 0 1
154 336 0 1
155 336 0 1
156 336 0 1
158 336 0 1
159 336 0 1
161 336 0 1
163 336 0 1
170 336 0 1
171 336 0 1
2 337 0 1
3 337 0 1
65 337 0 1
68 337 0 1
71 337 0 1
74 337 0 1
84 337 0 1
104 337 0 1
105 337 0 1
107 337 0 1
108 337 0 1
109 337 0 1
110 337 0 1
111 337 0 1
112 337 0 1
113 337 0 1
114 337 0 1
115 337 0 1
117 337 0 1
119 337 0 1
122 337 0 1
123 337 0 1
126 337 0 1
127 337 0 1
128 337 0 1
130 337 0 1
133 337 0 1
147 337 0 1
148 337 0 1
152 337 0 1
157 337 0 1
165 337 0 1
166 337 0 1
167 337 0 1
168 337 0 1
169 337 0 1
173 337 0 1
174 337 0 1
175 337 0 1
176 337 0 1
177 337 0 1
2 338 0 1
3 338 0 1
65 338 0 1
71 338 0 1
84 338 0 1
105 338 0 1
106 338 0 1
107 338 0 1
108 338 0 1
112 338 0 1
115 338 0 1
119 338 0 1
122 338 0 1
123 338 0 1
124 338 0 1
125 338 0 1
126 338 0 1
127 338 0 1
128 338 0 1
133 338 0 1
136 338 0 1
141 338 0 1
148 338 0 1
152 338 0 1
156 338 0 1
160 338 0 1
161 338 0 1
162 338 0 1
165 338 0 1
166 338 0 1
167 338 0 1
168 338 0 1
170 338 0 1
173 338 0 1
176 338 0 1
177 338 0 1
2 339 0 1
72 339 0 1
82 339 0 1
105 339 0 1
106 339 0 1
108 339 0 1
119 339 0 1
122 339 0 1
124 339 0 1
125 339 0 1
126 339 0 1
128 339 0 1
131 339 0 1
132 339 0 1
133 339 0 1
136 339 0 1
141 339 0 1
143 339 0 1
148 339 0 1
149 339 0 1
150 339 0 1
152 339 0 1
155 339 0 1
156 339 0 1
160 339 0 1
161 339 0 1
162 339 0 1
167 339 0 1
170 339 0 1
171 339 0 1
173 339 0 1
177 339 0 1
61 340 0 1
66 340 0 1
72 340 0 1
73 340 0 1
77 340 0 1
103 340 0 1
106 340 0 1
116 340 0 1
120 340 0 1
121 340 0 1
124 340 0 1
125 340 0 1
131 340 0 1
132 340 0 1
134 340 0 1
135 340 0 1
136 340 0 1
139 340 0 1
142 340 0 1
143 340 0 1
144 340 0 1
145 340 0 1
149 340 0 1
150 340 0 1
151 340 0 1
153 340 0 1
154 340 0 1
155 340 0 1
156 340 0 1
158 340 0 1
159 340 0 1
160 340 0 1
161 340 0 1
162 340 0 1
170 340 0 1
171 340 0 1
3 341 0 1
55 341 0 1
60 341 0 1
62 341 0 1
63 341 0 1
64 341 0 1
65 341 0 1
67 341 0 1
68 341 0 1
69 341 0 1
70 341 0 1
71 341 0 1
74 341 0 1
79 341 0 1
80 341 0 1
81 341 0 1
83 341 0 1
87 341 0 1
88 341 0 1
89 341 0 1
90 341 0 1
91 341 0 1
102 341 0 1
104 341 0 1
107 341 0 1
109 341 0 1
110 341 0 1
111 341 0 1
112 341 0 1
113 341 0 1
114 341 0 1
117 341 0 1
118 341 0 1
123 341 0 1
164 341 0 1
165 341 0 1
166 341 0 1
168 341 0 1
169 341 0 1
172 341 0 1
174 341 0 1
175 341 0 1
176 341 0 1
57 342 0 1
65 342 0 1
68 342 0 1
71 342 0 1
80 342 0 1
82 342 0 1
84 342 0 1
85 342 0 1
86 342 0 1
87 342 0 1
89 342 0 1
95 342 0 1
105 342 0 1
106 342 0 1
107 342 0 1
108 342 0 1
111 342 0 1
112 342 0 1
119 342 0 1
122 342 0 1
125 342 0 1
126 342 0 1
127 342 0 1
128 342 0 1
165 342 0 1
166 342 0 1
167 342 0 1
168 342 0 1
173 342 0 1
176 342 0 1
177 342 0 1
56 343 0 1
57 343 0 1
59 343 0 1
61 343 0 1
65 343 0 1
66 343 0 1
72 343 0 1
73 343 0 1
76 343 0 1
77 343 0 1
78 343 0 1
82 343 0 1
84 343 0 1
85 343 0 1
86 343 0 1
92 343 0 1
93 343 0 1
96 343 0 1
98 343 0 1
100 343 0 1
105 343 0 1
106 343 0 1
119 343 0 1
122 343 0 1
124 343 0 1
125 343 0 1
167 343 0 1
170 343 0 1
171 343 0 1
173 343 0 1
177 343 0 1
59 344 0 1
61 344 0 1
66 344 0 1
72 344 0 1
73 344 0 1
75 344 0 1
76 344 0 1
77 344 0 1
103 344 0 1
116 344 0 1
120 344 0 1
121 344 0 1
163 344 0 1
171 344 0 1
56 345 0 1
59 345 0 1
61 345 0 1
66 345 0 1
72 345 0 1
73 345 0 1
75 345 0 1
76 345 0 1
77 345 0 1
78 345 0 1
103 345 0 1
116 345 0 1
120 345 0 1
121 345 0 1
150 345 0 1
163 345 0 1
170 345 0 1
171 345 0 1
59 346 0 1
61 346 0 1
66 346 0 1
72 346 0 1
73 346 0 1
76 346 0 1
77 346 0 1
78 346 0 1
82 346 0 1
85 346 0 1
106 346 0 1
124 346 0 1
150 346 0 1
167 346 0 1
170 346 0 1
171 346 0 1
173 346 0 1
3 347 0 1
54 347 0 1
55 347 0 1
58 347 0 1
62 347 0 1
63 347 0 1
64 347 0 1
65 347 0 1
67 347 0 1
68 347 0 1
69 347 0 1
70 347 0 1
71 347 0 1
74 347 0 1
79 347 0 1
80 347 0 1
81 347 0 1
83 347 0 1
84 347 0 1
87 347 0 1
88 347 0 1
89 347 0 1
90 347 0 1
91 347 0 1
104 347 0 1
107 347 0 1
108 347 0 1
109 347 0 1
110 347 0 1
111 347 0 1
112 347 0 1
117 347 0 1
118 347 0 1
119 347 0 1
123 347 0 1
165 347 0 1
166 347 0 1
168 347 0 1
169 347 0 1
172 347 0 1
174 347 0 1
175 347 0 1
176 347 0 1
65 348 0 1
68 348 0 1
71 348 0 1
80 348 0 1
81 348 0 1
84 348 0 1
86 348 0 1
87 348 0 1
88 348 0 1
89 348 0 1
90 348 0 1
105 348 0 1
106 348 0 1
107 348 0 1
108 348 0 1
111 348 0 1
112 348 0 1
119 348 0 1
122 348 0 1
123 348 0 1
126 348 0 1
127 348 0 1
165 348 0 1
166 348 0 1
167 348 0 1
168 348 0 1
169 348 0 1
173 348 0 1
175 348 0 1
176 348 0 1
177 348 0 1
59 349 0 1
61 349 0 1
66 349 0 1
72 349 0 1
73 349 0 1
75 349 0 1
76 349 0 1
77 349 0 1
78 349 0 1
103 349 0 1
116 349 0 1
120 349 0 1
121 349 0 1
149 349 0 1
150 349 0 1
153 349 0 1
163 349 0 1
170 349 0 1
171 349 0 1
59 350 0 1
61 350 0 1
66 350 0 1
72 350 0 1
73 350 0 1
77 350 0 1
78 350 0 1
82 350 0 1
85 350 0 1
105 350 0 1
106 350 0 1
119 350 0 1
122 350 0 1
124 350 0 1
125 350 0 1
150 350 0 1
167 350 0 1
170 350 0 1
171 350 0 1
173 350 0 1
177 350 0 1
59 351 0 1
61 351 0 1
66 351 0 1
72 351 0 1
73 351 0 1
75 351 0 1
76 351 0 1
77 351 0 1
78 351 0 1
82 351 0 1
85 351 0 1
103 351 0 1
106 351 0 1
116 351 0 1
120 351 0 1
121 351 0 1
124 351 0 1
149 351 0 1
150 351 0 1
170 351 0 1
171 351 0 1
3 352 0 1
65 352 0 1
68 352 0 1
71 352 0 1
74 352 0 1
80 352 0 1
81 352 0 1
84 352 0 1
86 352 0 1
87 352 0 1
88 352 0 1
89 352 0 1
90 352 0 1
104 352 0 1
105 352 0 1
106 352 0 1
107 352 0 1
108 352 0 1
111 352 0 1
112 352 0 1
115 352 0 1
119 352 0 1
122 352 0 1
123 352 0 1
126 352 0 1
127 352 0 1
128 352 0 1
165 352 0 1
166 352 0 1
167 352 0 1
168 352 0 1
169 352 0 1
173 352 0 1
175 352 0 1
176 352 0 1
177 352 0 1
65 353 0 1
71 353 0 1
72 353 0 1
78 353 0 1
82 353 0 1
84 353 0 1
85 353 0 1
86 353 0 1
105 353 0 1
106 353 0 1
107 353 0 1
108 353 0 1
112 353 0 1
119 353 0 1
122 353 0 1
125 353 0 1
126 353 0 1
127 353 0 1
128 353 0 1
152 353 0 1
165 353 0 1
166 353 0 1
167 353 0 1
168 353 0 1
170 353 0 1
173 353 0 1
176 353 0 1
177 353 0 1
3 354 0 1
64 354 0 1
65 354 0 1
68 354 0 1
71 354 0 1
74 354 0 1
80 354 0 1
81 354 0 1
84 354 0 1
86 354 0 1
87 354 0 1
89 354 0 1
90 354 0 1
91 354 0 1
104 354 0 1
105 354 0 1
107 354 0 1
108 354 0 1
110 354 0 1
111 354 0 1
112 354 0 1
115 354 0 1
117 354 0 1
119 354 0 1
122 354 0 1
123 354 0 1
126 354 0 1
127 354 0 1
128 354 0 1
148 354 0 1
165 354 0 1
166 354 0 1
167 354 0 1
168 354 0 1
169 354 0 1
173 354 0 1
175 354 0 1
176 354 0 1
177 354 0 1
3 355 0 1
64 355 0 1
65 355 0 1
67 355 0 1
68 355 0 1
69 355 0 1
71 355 0 1
74 355 0 1
80 355 0 1
81 355 0 1
83 355 0 1
84 355 0 1
87 355 0 1
88 355 0 1
89 355 0 1
90 355 0 1
91 355 0 1
104 355 0 1
105 355 0 1
107 355 0 1
108 355 0 1
109 355 0 1
110 355 0 1
111 355 0 1
112 355 0 1
113 355 0 1
114 355 0 1
115 355 0 1
117 355 0 1
118 355 0 1
119 355 0 1
123 355 0 1
126 355 0 1
127 355 0 1
148 355 0 1
165 355 0 1
166 355 0 1
168 355 0 1
169 355 0 1
174 355 0 1
175 355 0 1
176 355 0 1
177 355 0 1
59 356 0 1
61 356 0 1
66 356 0 1
72 356 0 1
73 356 0 1
76 356 0 1
77 356 0 1
78 356 0 1
82 356 0 1
85 356 0 1
105 356 0 1
106 356 0 1
116 356 0 1
120 356 0 1
122 356 0 1
124 356 0 1
125 356 0 1
149 356 0 1
150 356 0 1
153 356 0 1
155 356 0 1
156 356 0 1
160 356 0 1
161 356 0 1
167 356 0 1
170 356 0 1
171 356 0 1
173 356 0 1
65 357 0 1
71 357 0 1
72 357 0 1
78 357 0 1
82 357 0 1
84 357 0 1
85 357 0 1
86 357 0 1
105 357 0 1
106 357 0 1
107 357 0 1
108 357 0 1
112 357 0 1
119 357 0 1
122 357 0 1
124 357 0 1
125 357 0 1
126 357 0 1
127 357 0 1
128 357 0 1
148 357 0 1
152 357 0 1
165 357 0 1
167 357 0 1
168 357 0 1
170 357 0 1
173 357 0 1
176 357 0 1
177 357 0 1
32 358 0 1
33 358 0 1
56 358 0 1
57 358 0 1
59 358 0 1
61 358 0 1
66 358 0 1
72 358 0 1
73 358 0 1
75 358 0 1
76 358 0 1
77 358 0 1
78 358 0 1
82 358 0 1
85 358 0 1
92 358 0 1
93 358 0 1
96 358 0 1
98 358 0 1
100 358 0 1
170 358 0 1
171 358 0 1
32 359 0 1
33 359 0 1
37 359 0 1
56 359 0 1
57 359 0 1
59 359 0 1
61 359 0 1
66 359 0 1
72 359 0 1
73 359 0 1
76 359 0 1
77 359 0 1
78 359 0 1
82 359 0 1
85 359 0 1
86 359 0 1
92 359 0 1
93 359 0 1
95 359 0 1
96 359 0 1
98 359 0 1
100 359 0 1
167 359 0 1
170 359 0 1
171 359 0 1
173 359 0 1
28 360 0 1
29 360 0 1
32 360 0 1
33 360 0 1
56 360 0 1
59 360 0 1
61 360 0 1
66 360 0 1
72 360 0 1
73 360 0 1
75 360 0 1
76 360 0 1
77 360 0 1
78 360 0 1
82 360 0 1
85 360 0 1
92 360 0 1
93 360 0 1
96 360 0 1
99 360 0 1
163 360 0 1
171 360 0 1
28 361 0 1
32 361 0 1
56 361 0 1
59 361 0 1
66 361 0 1
73 361 0 1
75 361 0 1
76 361 0 1
77 361 0 1
99 361 0 1
163 361 0 1
30 362 0 1
54 362 0 1
57 362 0 1
58 362 0 1
65 362 0 1
68 362 0 1
71 362 0 1
80 362 0 1
81 362 0 1
82 362 0 1
84 362 0 1
85 362 0 1
86 362 0 1
87 362 0 1
88 362 0 1
89 362 0 1
90 362 0 1
94 362 0 1
95 362 0 1
96 362 0 1
98 362 0 1
100 362 0 1
101 362 0 1
119 362 0 1
165 362 0 1
166 362 0 1
167 362 0 1
168 362 0 1
173 362 0 1
176 362 0 1
177 362 0 1
31 363 0 1
52 363 0 1
53 363 0 1
54 363 0 1
55 363 0 1
58 363 0 1
60 363 0 1
62 363 0 1
63 363 0 1
64 363 0 1
67 363 0 1
68 363 0 1
69 363 0 1
70 363 0 1
74 363 0 1
79 363 0 1
80 363 0 1
81 363 0 1
83 363 0 1
87 363 0 1
88 363 0 1
89 363 0 1
90 363 0 1
91 363 0 1
94 363 0 1
97 363 0 1
101 363 0 1
169 363 0 1
57 364 0 1
65 364 0 1
78 364 0 1
82 364 0 1
84 364 0 1
85 364 0 1
86 364 0 1
87 364 0 1
89 364 0 1
93 364 0 1
95 364 0 1
96 364 0 1
98 364 0 1
100 364 0 1
167 364 0 1
32 365 0 1
33 365 0 1
56 365 0 1
57 365 0 1
59 365 0 1
61 365 0 1
66 365 0 1
72 365 0 1
73 365 0 1
75 365 0 1
76 365 0 1
77 365 0 1
78 365 0 1
82 365 0 1
85 365 0 1
92 365 0 1
93 365 0 1
96 365 0 1
98 365 0 1
99 365 0 1
100 365 0 1
171 365 0 1
30 366 0 1
33 366 0 1
37 366 0 1
56 366 0 1
57 366 0 1
59 366 0 1
61 366 0 1
65 366 0 1
72 366 0 1
77 366 0 1
78 366 0 1
82 366 0 1
84 366 0 1
85 366 0 1
86 366 0 1
92 366 0 1
93 366 0 1
95 366 0 1
96 366 0 1
98 366 0 1
100 366 0 1
167 366 0 1
31 367 0 1
54 367 0 1
55 367 0 1
58 367 0 1
64 367 0 1
65 367 0 1
68 367 0 1
71 367 0 1
74 367 0 1
80 367 0 1
81 367 0 1
83 367 0 1
84 367 0 1
86 367 0 1
87 367 0 1
88 367 0 1
89 367 0 1
90 367 0 1
91 367 0 1
94 367 0 1
95 367 0 1
101 367 0 1
107 367 0 1
165 367 0 1
166 367 0 1
168 367 0 1
169 367 0 1
175 367 0 1
176 367 0 1
32 368 0 1
56 368 0 1
59 368 0 1
61 368 0 1
66 368 0 1
72 368 0 1
73 368 0 1
75 368 0 1
76 368 0 1
77 368 0 1
78 368 0 1
82 368 0 1
85 368 0 1
92 368 0 1
93 368 0 1
96 368 0 1
99 368 0 1
100 368 0 1
170 368 0 1
171 368 0 1
32 369 0 1
56 369 0 1
57 369 0 1
59 369 0 1
61 369 0 1
66 369 0 1
72 369 0 1
73 369 0 1
75 369 0 1
76 369 0 1
77 369 0 1
78 369 0 1
82 369 0 1
85 369 0 1
92 369 0 1
93 369 0 1
96 369 0 1
98 369 0 1
100 369 0 1
170 369 0 1
171 369 0 1
54 370 0 1
55 370 0 1
58 370 0 1
64 370 0 1
65 370 0 1
68 370 0 1
71 370 0 1
80 370 0 1
81 370 0 1
84 370 0 1
86 370 0 1
87 370 0 1
88 370 0 1
89 370 0 1
90 370 0 1
91 370 0 1
94 370 0 1
95 370 0 1
101 370 0 1
165 370 0 1
166 370 0 1
168 370 0 1
176 370 0 1
57 371 0 1
65 371 0 1
71 371 0 1
82 371 0 1
84 371 0 1
85 371 0 1
86 371 0 1
87 371 0 1
89 371 0 1
93 371 0 1
95 371 0 1
96 371 0 1
98 371 0 1
100 371 0 1
167 371 0 1
168 371 0 1
177 371 0 1
54 372 0 1
58 372 0 1
65 372 0 1
68 372 0 1
71 372 0 1
80 372 0 1
81 372 0 1
84 372 0 1
86 372 0 1
87 372 0 1
88 372 0 1
89 372 0 1
90 372 0 1
91 372 0 1
94 372 0 1
95 372 0 1
101 372 0 1
165 372 0 1
166 372 0 1
167 372 0 1
168 372 0 1
176 372 0 1
177 372 0 1
57 373 0 1
59 373 0 1
61 373 0 1
65 373 0 1
71 373 0 1
72 373 0 1
77 373 0 1
78 373 0 1
82 373 0 1
84 373 0 1
85 373 0 1
86 373 0 1
87 373 0 1
89 373 0 1
93 373 0 1
95 373 0 1
96 373 0 1
98 373 0 1
100 373 0 1
105 373 0 1
106 373 0 1
107 373 0 1
108 373 0 1
112 373 0 1
119 373 0 1
122 373 0 1
165 373 0 1
166 373 0 1
167 373 0 1
168 373 0 1
170 373 0 1
173 373 0 1
176 373 0 1
177 373 0 1
