2 3 0 0
1 4 0 0
1 5 0 0
4 5 0 0
1 6 0 0
4 6 0 0
5 6 0 0
1 7 0 0
4 7 0 0
5 7 0 0
6 7 0 0
1 8 0 0
4 8 0 0
5 8 0 0
6 8 0 0
7 8 0 0
1 9 0 0
7 9 0 0
8 9 0 0
1 10 0 0
1 11 0 0
9 11 0 0
10 11 0 0
1 12 0 0
1 13 0 0
12 13 0 0
14 15 0 0
12 16 0 0
13 16 0 0
16 17 0 0
16 18 0 0
17 18 0 0
12 19 0 0
13 19 0 0
16 19 0 0
17 19 0 0
14 20 0 0
15 20 0 0
12 21 0 0
13 21 0 0
16 21 0 0
17 21 0 0
18 21 0 0
19 21 0 0
1 22 0 0
10 22 0 0
11 22 0 0
12 22 0 0
13 22 0 0
1 23 0 0
10 23 0 0
11 23 0 0
12 23 0 0
22 23 0 0
1 24 0 0
5 24 0 0
6 24 0 0
7 24 0 0
8 24 0 0
9 24 0 0
14 25 0 1
15 25 0 1
20 25 0 1
24 25 0 1
2 28 0 1
3 28 0 1
6 28 0 1
1 29 0 1
7 29 0 1
8 29 0 1
9 29 0 1
24 29 0 1
1 30 0 1
9 30 0 1
11 30 0 1
24 30 0 1
1 31 0 1
9 31 0 1
24 31 0 1
1 32 0 1
11 32 0 1
22 32 0 1
23 32 0 1
24 33 0 1
14 36 0 1
15 36 0 1
20 36 0 1
14 40 0 1
15 40 0 1
20 40 0 1
14 41 0 1
15 41 0 1
20 41 0 1
