2 3 0 0
2 5 0 0
3 5 0 0
2 6 0 0
4 6 0 0
2 7 0 0
3 7 0 0
5 7 0 0
2 8 0 0
6 8 0 0
2 9 0 0
4 9 0 0
6 9 0 0
8 9 0 0
2 10 0 0
3 10 0 0
5 10 0 0
7 10 0 0
2 11 0 0
3 11 0 0
5 11 0 0
7 11 0 0
10 11 0 0
4 12 0 0
9 12 0 0
2 13 0 0
4 13 0 0
6 13 0 0
8 13 0 0
9 13 0 0
12 13 0 0
1 14 0 0
2 14 0 0
4 14 0 0
6 14 0 0
8 14 0 0
9 14 0 0
12 14 0 0
13 14 0 0
4 15 0 0
9 15 0 0
12 15 0 0
13 15 0 0
14 15 0 0
2 16 0 0
6 16 0 0
8 16 0 0
9 16 0 0
13 16 0 0
14 16 0 0
4 17 0 0
6 17 0 0
9 17 0 0
12 17 0 0
13 17 0 0
14 17 0 0
15 17 0 0
16 17 0 0
2 18 0 0
6 18 0 0
8 18 0 0
9 18 0 0
14 18 0 0
16 18 0 0
2 19 0 0
11 19 0 0
2 20 0 0
14 20 0 0
16 20 0 0
18 20 0 0
1 21 0 0
12 21 0 0
13 21 0 0
14 21 0 0
15 21 0 0
17 21 0 0
2 22 0 0
14 22 0 0
16 22 0 0
18 22 0 0
20 22 0 0
1 23 0 0
2 23 0 0
12 23 0 0
13 23 0 0
14 23 0 0
15 23 0 0
16 23 0 0
17 23 0 0
18 23 0 0
20 23 0 0
21 23 0 0
22 23 0 0
2 24 0 0
18 24 0 0
20 24 0 0
22 24 0 0
2 25 0 0
19 25 0 0
2 26 0 0
19 26 0 0
25 26 0 0
1 27 0 0
12 27 0 0
15 27 0 0
17 27 0 0
21 27 0 0
23 27 0 0
1 28 0 0
21 28 0 0
23 28 0 0
27 28 0 0
2 29 0 0
19 29 0 0
24 29 0 0
25 29 0 0
26 29 0 0
1 30 0 0
12 30 0 0
14 30 0 0
15 30 0 0
17 30 0 0
21 30 0 0
23 30 0 0
27 30 0 0
28 30 0 0
1 31 0 0
14 31 0 0
21 31 0 0
22 31 0 0
23 31 0 0
27 31 0 0
28 31 0 0
30 31 0 0
1 32 0 0
21 32 0 0
27 32 0 0
28 32 0 0
30 32 0 0
1 33 0 0
27 33 0 0
28 33 0 0
30 33 0 0
31 33 0 0
32 33 0 0
2 34 0 0
25 34 0 0
26 34 0 0
29 34 0 0
1 35 0 0
33 35 0 0
35 36 0 0
1 37 0 0
33 37 0 0
35 37 0 0
36 37 0 0
1 38 0 0
33 38 0 0
35 38 0 0
36 38 0 0
37 38 0 0
2 39 0 0
25 39 0 0
26 39 0 0
29 39 0 0
34 39 0 0
1 40 0 0
28 40 0 0
30 40 0 0
31 40 0 0
33 40 0 0
35 40 0 0
37 40 0 0
1 41 0 0
27 41 0 0
28 41 0 0
30 41 0 0
31 41 0 0
32 41 0 0
33 41 0 0
35 41 0 0
36 41 0 0
37 41 0 0
38 41 0 0
40 41 0 0
1 42 0 0
2 42 0 0
40 42 0 0
2 43 0 0
29 43 0 0
34 43 0 0
39 43 0 0
42 43 0 0
2 44 0 0
25 44 0 0
26 44 0 0
29 44 0 0
34 44 0 0
39 44 0 0
43 44 0 0
2 45 0 0
24 45 0 0
26 45 0 0
29 45 0 0
34 45 0 0
39 45 0 0
42 45 0 0
43 45 0 0
44 45 0 0
2 46 0 0
20 46 0 0
22 46 0 0
24 46 0 0
29 46 0 0
39 46 0 0
42 46 0 0
43 46 0 0
44 46 0 0
45 46 0 0
2 47 0 0
20 47 0 0
22 47 0 0
24 47 0 0
29 47 0 0
34 47 0 0
39 47 0 0
40 47 0 0
42 47 0 0
43 47 0 0
44 47 0 0
45 47 0 0
46 47 0 0
1 48 0 0
2 48 0 0
20 48 0 0
22 48 0 0
24 48 0 0
31 48 0 0
40 48 0 0
42 48 0 0
45 48 0 0
46 48 0 0
47 48 0 0
2 49 0 0
19 49 0 0
25 49 0 0
26 49 0 0
29 49 0 0
44 49 0 0
2 50 0 0
20 50 0 0
22 50 0 0
24 50 0 0
29 50 0 0
44 50 0 0
45 50 0 0
46 50 0 0
47 50 0 0
48 50 0 0
49 50 0 0
2 51 0 0
14 51 0 0
16 51 0 0
18 51 0 0
20 51 0 0
22 51 0 0
23 51 0 0
24 51 0 0
31 51 0 0
40 51 0 0
45 51 0 0
46 51 0 0
47 51 0 0
48 51 0 0
50 51 0 0
1 52 0 0
12 52 0 0
13 52 0 0
14 52 0 0
15 52 0 0
17 52 0 0
21 52 0 0
23 52 0 0
27 52 0 0
28 52 0 0
30 52 0 0
31 52 0 0
32 52 0 0
33 52 0 0
12 53 0 0
15 53 0 0
17 53 0 0
21 53 0 0
27 53 0 0
30 53 0 0
32 53 0 0
52 53 0 0
9 54 0 0
12 54 0 0
13 54 0 0
15 54 0 0
17 54 0 0
21 54 0 0
27 54 0 0
30 54 0 0
52 54 0 0
53 54 0 0
9 55 0 0
12 55 0 0
13 55 0 0
15 55 0 0
17 55 0 0
21 55 0 0
27 55 0 0
30 55 0 0
52 55 0 0
53 55 0 0
54 55 0 0
2 56 0 0
6 56 0 0
8 56 0 0
9 56 0 0
13 56 0 0
14 56 0 0
16 56 0 0
18 56 0 0
20 56 0 0
22 56 0 0
23 56 0 0
24 56 0 0
31 56 0 0
51 56 0 0
1 57 0 0
2 57 0 0
6 57 0 0
8 57 0 0
9 57 0 0
12 57 0 0
13 57 0 0
14 57 0 0
15 57 0 0
16 57 0 0
17 57 0 0
18 57 0 0
21 57 0 0
23 57 0 0
27 57 0 0
28 57 0 0
30 57 0 0
31 57 0 0
52 57 0 0
54 57 0 0
55 57 0 0
56 57 0 0
1 58 0 0
2 58 0 0
4 58 0 0
6 58 0 0
9 58 0 0
12 58 0 0
13 58 0 0
14 58 0 0
15 58 0 0
16 58 0 0
17 58 0 0
18 58 0 0
21 58 0 0
22 58 0 0
23 58 0 0
27 58 0 0
28 58 0 0
30 58 0 0
31 58 0 0
32 58 0 0
33 58 0 0
40 58 0 0
41 58 0 0
52 58 0 0
53 58 0 0
54 58 0 0
55 58 0 0
56 58 0 0
57 58 0 0
1 59 0 0
2 59 0 0
6 59 0 0
8 59 0 0
9 59 0 0
13 59 0 0
14 59 0 0
16 59 0 0
17 59 0 0
18 59 0 0
20 59 0 0
22 59 0 0
23 59 0 0
31 59 0 0
51 59 0 0
56 59 0 0
57 59 0 0
58 59 0 0
2 60 0 0
8 60 0 0
14 60 0 0
16 60 0 0
18 60 0 0
20 60 0 0
22 60 0 0
23 60 0 0
24 60 0 0
31 60 0 0
48 60 0 0
50 60 0 0
51 60 0 0
56 60 0 0
57 60 0 0
58 60 0 0
59 60 0 0
1 61 0 0
2 61 0 0
6 61 0 0
9 61 0 0
12 61 0 0
13 61 0 0
14 61 0 0
15 61 0 0
16 61 0 0
17 61 0 0
18 61 0 0
21 61 0 0
23 61 0 0
27 61 0 0
28 61 0 0
30 61 0 0
31 61 0 0
52 61 0 0
54 61 0 0
56 61 0 0
57 61 0 0
58 61 0 0
59 61 0 0
60 61 0 0
2 62 0 0
5 62 0 0
10 62 0 0
11 62 0 0
19 62 0 0
25 62 0 0
26 62 0 0
29 62 0 0
49 62 0 0
50 62 0 0
2 63 0 0
14 63 0 0
16 63 0 0
18 63 0 0
20 63 0 0
22 63 0 0
24 63 0 0
46 63 0 0
48 63 0 0
50 63 0 0
51 63 0 0
56 63 0 0
59 63 0 0
60 63 0 0
2 64 0 0
14 64 0 0
16 64 0 0
18 64 0 0
20 64 0 0
22 64 0 0
24 64 0 0
46 64 0 0
47 64 0 0
48 64 0 0
50 64 0 0
51 64 0 0
56 64 0 0
59 64 0 0
60 64 0 0
63 64 0 0
1 65 0 1
2 65 0 1
34 65 0 1
35 65 0 1
36 65 0 1
37 65 0 1
38 65 0 1
39 65 0 1
40 65 0 1
41 65 0 1
42 65 0 1
43 65 0 1
44 65 0 1
45 65 0 1
47 65 0 1
35 66 0 1
36 66 0 1
37 66 0 1
38 66 0 1
4 67 0 1
9 67 0 1
12 67 0 1
15 67 0 1
53 67 0 1
54 67 0 1
55 67 0 1
58 67 0 1
2 68 0 1
3 68 0 1
5 68 0 1
7 68 0 1
10 68 0 1
11 68 0 1
19 68 0 1
49 68 0 1
62 68 0 1
12 69 0 1
15 69 0 1
21 69 0 1
53 69 0 1
54 69 0 1
55 69 0 1
58 69 0 1
21 70 0 1
27 70 0 1
28 70 0 1
30 70 0 1
32 70 0 1
52 70 0 1
53 70 0 1
54 70 0 1
55 70 0 1
58 70 0 1
27 71 0 1
32 71 0 1
52 71 0 1
53 71 0 1
27 72 0 1
32 72 0 1
41 72 0 1
2 73 0 1
25 73 0 1
26 73 0 1
29 73 0 1
34 73 0 1
39 73 0 1
43 73 0 1
44 73 0 1
45 73 0 1
1 74 0 1
33 74 0 1
35 74 0 1
36 74 0 1
37 74 0 1
38 74 0 1
40 74 0 1
41 74 0 1
42 74 0 1
1 75 0 1
32 75 0 1
33 75 0 1
35 75 0 1
36 75 0 1
37 75 0 1
38 75 0 1
41 75 0 1
1 76 0 1
27 76 0 1
28 76 0 1
30 76 0 1
32 76 0 1
33 76 0 1
35 76 0 1
36 76 0 1
37 76 0 1
38 76 0 1
41 76 0 1
52 76 0 1
58 76 0 1
2 77 0 1
40 77 0 1
42 77 0 1
43 77 0 1
45 77 0 1
46 77 0 1
47 77 0 1
48 77 0 1
2 78 0 1
34 78 0 1
39 78 0 1
42 78 0 1
43 78 0 1
44 78 0 1
45 78 0 1
47 78 0 1
2 79 0 1
34 79 0 1
39 79 0 1
42 79 0 1
43 79 0 1
44 79 0 1
45 79 0 1
46 79 0 1
47 79 0 1
48 79 0 1
2 80 0 1
40 80 0 1
42 80 0 1
43 80 0 1
45 80 0 1
46 80 0 1
47 80 0 1
48 80 0 1
2 81 0 1
39 81 0 1
42 81 0 1
43 81 0 1
44 81 0 1
45 81 0 1
46 81 0 1
47 81 0 1
48 81 0 1
1 82 0 1
33 82 0 1
35 82 0 1
37 82 0 1
38 82 0 1
40 82 0 1
41 82 0 1
42 82 0 1
2 83 0 1
34 83 0 1
39 83 0 1
43 83 0 1
44 83 0 1
45 83 0 1
47 83 0 1
40 84 0 1
42 84 0 1
40 85 0 1
42 85 0 1
43 85 0 1
45 85 0 1
47 85 0 1
35 86 0 1
36 86 0 1
37 86 0 1
38 86 0 1
34 89 0 1
39 89 0 1
43 89 0 1
34 90 0 1
39 90 0 1
43 90 0 1
37 91 0 1
42 91 0 1
34 92 0 1
39 92 0 1
42 92 0 1
43 92 0 1
44 92 0 1
45 92 0 1
47 92 0 1
40 93 0 1
42 93 0 1
35 94 0 1
36 94 0 1
37 94 0 1
38 94 0 1
41 94 0 1
42 95 0 1
37 96 0 1
38 96 0 1
