2 3 0 0
2 4 0 0
3 4 0 0
2 5 0 0
3 5 0 0
4 5 0 0
2 6 0 0
3 6 0 0
4 6 0 0
5 6 0 0
3 8 0 0
4 8 0 0
5 8 0 0
6 8 0 0
3 9 0 0
4 9 0 0
5 9 0 0
6 9 0 0
8 9 0 0
7 10 0 0
5 11 0 0
7 11 0 0
10 11 0 0
1 12 0 0
3 12 0 0
4 12 0 0
5 12 0 0
6 12 0 0
8 12 0 0
9 12 0 0
2 13 0 0
3 13 0 0
4 13 0 0
5 13 0 0
6 13 0 0
8 13 0 0
9 13 0 0
11 13 0 0
12 13 0 0
5 14 0 0
7 14 0 0
9 14 0 0
10 14 0 0
11 14 0 0
12 14 0 0
13 14 0 0
7 15 0 0
10 15 0 0
15 17 0 0
16 17 0 0
1 18 0 0
7 18 0 0
10 18 0 0
11 18 0 0
14 18 0 0
15 18 0 0
1 19 0 0
6 19 0 0
8 19 0 0
9 19 0 0
12 19 0 0
13 19 0 0
14 19 0 0
1 20 0 0
4 20 0 0
5 20 0 0
6 20 0 0
8 20 0 0
9 20 0 0
12 20 0 0
13 20 0 0
19 20 0 0
1 21 0 0
4 21 0 0
5 21 0 0
6 21 0 0
8 21 0 0
9 21 0 0
12 21 0 0
13 21 0 0
14 21 0 0
19 21 0 0
20 21 0 0
1 22 0 0
5 22 0 0
6 22 0 0
8 22 0 0
9 22 0 0
11 22 0 0
12 22 0 0
13 22 0 0
14 22 0 0
18 22 0 0
19 22 0 0
20 22 0 0
21 22 0 0
1 23 0 0
4 23 0 0
6 23 0 0
8 23 0 0
9 23 0 0
12 23 0 0
13 23 0 0
19 23 0 0
20 23 0 0
21 23 0 0
22 23 0 0
1 24 0 0
5 24 0 0
9 24 0 0
11 24 0 0
12 24 0 0
13 24 0 0
14 24 0 0
18 24 0 0
19 24 0 0
20 24 0 0
21 24 0 0
22 24 0 0
23 24 0 0
10 25 0 0
15 25 0 0
17 25 0 0
1 26 0 0
11 26 0 0
13 26 0 0
14 26 0 0
18 26 0 0
22 26 0 0
24 26 0 0
1 27 0 0
7 27 0 0
10 27 0 0
11 27 0 0
14 27 0 0
15 27 0 0
18 27 0 0
24 27 0 0
26 27 0 0
1 28 0 0
8 28 0 0
9 28 0 0
11 28 0 0
12 28 0 0
13 28 0 0
14 28 0 0
19 28 0 0
20 28 0 0
21 28 0 0
22 28 0 0
23 28 0 0
24 28 0 0
26 28 0 0
1 29 0 0
5 29 0 0
6 29 0 0
8 29 0 0
9 29 0 0
11 29 0 0
12 29 0 0
13 29 0 0
14 29 0 0
19 29 0 0
20 29 0 0
21 29 0 0
22 29 0 0
23 29 0 0
24 29 0 0
26 29 0 0
28 29 0 0
1 30 0 0
7 30 0 0
10 30 0 0
11 30 0 0
13 30 0 0
14 30 0 0
18 30 0 0
21 30 0 0
22 30 0 0
24 30 0 0
26 30 0 0
27 30 0 0
28 30 0 0
29 30 0 0
1 31 0 0
6 31 0 0
8 31 0 0
9 31 0 0
12 31 0 0
13 31 0 0
19 31 0 0
20 31 0 0
21 31 0 0
22 31 0 0
23 31 0 0
24 31 0 0
28 31 0 0
29 31 0 0
1 32 0 0
9 32 0 0
11 32 0 0
12 32 0 0
13 32 0 0
14 32 0 0
18 32 0 0
19 32 0 0
20 32 0 0
21 32 0 0
22 32 0 0
24 32 0 0
26 32 0 0
27 32 0 0
28 32 0 0
29 32 0 0
30 32 0 0
31 32 0 0
1 33 0 0
6 33 0 0
8 33 0 0
9 33 0 0
12 33 0 0
13 33 0 0
19 33 0 0
20 33 0 0
21 33 0 0
22 33 0 0
23 33 0 0
28 33 0 0
29 33 0 0
31 33 0 0
32 33 0 0
10 34 0 0
15 34 0 0
17 34 0 0
25 34 0 0
27 34 0 0
1 35 0 0
10 35 0 0
11 35 0 0
13 35 0 0
14 35 0 0
18 35 0 0
22 35 0 0
24 35 0 0
26 35 0 0
27 35 0 0
28 35 0 0
29 35 0 0
30 35 0 0
32 35 0 0
1 36 0 0
18 36 0 0
22 36 0 0
24 36 0 0
26 36 0 0
27 36 0 0
28 36 0 0
29 36 0 0
30 36 0 0
32 36 0 0
35 36 0 0
1 37 0 0
15 37 0 0
25 37 0 0
27 37 0 0
34 37 0 0
15 38 0 0
17 38 0 0
25 38 0 0
34 38 0 0
37 38 0 0
1 39 0 0
15 39 0 0
18 39 0 0
25 39 0 0
27 39 0 0
34 39 0 0
35 39 0 0
37 39 0 0
38 39 0 0
15 40 0 0
17 40 0 0
25 40 0 0
34 40 0 0
37 40 0 0
38 40 0 0
39 40 0 0
1 41 0 0
8 41 0 0
12 41 0 0
19 41 0 0
20 41 0 0
21 41 0 0
22 41 0 0
23 41 0 0
28 41 0 0
29 41 0 0
31 41 0 0
33 41 0 0
1 42 0 0
14 42 0 0
18 42 0 0
19 42 0 0
20 42 0 0
21 42 0 0
22 42 0 0
23 42 0 0
24 42 0 0
26 42 0 0
27 42 0 0
28 42 0 0
29 42 0 0
30 42 0 0
31 42 0 0
32 42 0 0
33 42 0 0
35 42 0 0
36 42 0 0
41 42 0 0
1 43 0 0
14 43 0 0
18 43 0 0
22 43 0 0
24 43 0 0
26 43 0 0
27 43 0 0
28 43 0 0
29 43 0 0
30 43 0 0
32 43 0 0
35 43 0 0
36 43 0 0
39 43 0 0
42 43 0 0
1 44 0 0
11 44 0 0
14 44 0 0
18 44 0 0
24 44 0 0
26 44 0 0
27 44 0 0
28 44 0 0
30 44 0 0
32 44 0 0
35 44 0 0
36 44 0 0
37 44 0 0
39 44 0 0
42 44 0 0
43 44 0 0
1 45 0 0
8 45 0 0
9 45 0 0
12 45 0 0
19 45 0 0
20 45 0 0
21 45 0 0
22 45 0 0
23 45 0 0
28 45 0 0
29 45 0 0
31 45 0 0
33 45 0 0
41 45 0 0
42 45 0 0
1 46 0 0
9 46 0 0
11 46 0 0
12 46 0 0
13 46 0 0
14 46 0 0
18 46 0 0
19 46 0 0
20 46 0 0
21 46 0 0
22 46 0 0
23 46 0 0
24 46 0 0
26 46 0 0
27 46 0 0
28 46 0 0
29 46 0 0
30 46 0 0
31 46 0 0
32 46 0 0
33 46 0 0
35 46 0 0
36 46 0 0
41 46 0 0
42 46 0 0
43 46 0 0
44 46 0 0
45 46 0 0
1 47 0 0
8 47 0 0
9 47 0 0
12 47 0 0
19 47 0 0
20 47 0 0
21 47 0 0
22 47 0 0
23 47 0 0
28 47 0 0
29 47 0 0
31 47 0 0
32 47 0 0
33 47 0 0
41 47 0 0
42 47 0 0
45 47 0 0
46 47 0 0
1 48 0 0
10 48 0 0
11 48 0 0
14 48 0 0
15 48 0 0
18 48 0 0
24 48 0 0
26 48 0 0
27 48 0 0
30 48 0 0
32 48 0 0
35 48 0 0
36 48 0 0
37 48 0 0
39 48 0 0
42 48 0 0
43 48 0 0
44 48 0 0
46 48 0 0
1 49 0 0
11 49 0 0
13 49 0 0
14 49 0 0
18 49 0 0
19 49 0 0
21 49 0 0
22 49 0 0
24 49 0 0
26 49 0 0
27 49 0 0
28 49 0 0
29 49 0 0
30 49 0 0
32 49 0 0
35 49 0 0
36 49 0 0
42 49 0 0
43 49 0 0
44 49 0 0
46 49 0 0
47 49 0 0
48 49 0 0
1 50 0 0
9 50 0 0
12 50 0 0
13 50 0 0
14 50 0 0
19 50 0 0
20 50 0 0
21 50 0 0
22 50 0 0
23 50 0 0
24 50 0 0
26 50 0 0
28 50 0 0
29 50 0 0
30 50 0 0
31 50 0 0
32 50 0 0
33 50 0 0
35 50 0 0
36 50 0 0
41 50 0 0
42 50 0 0
43 50 0 0
44 50 0 0
45 50 0 0
46 50 0 0
47 50 0 0
48 50 0 0
49 50 0 0
1 51 0 0
6 51 0 0
8 51 0 0
9 51 0 0
12 51 0 0
13 51 0 0
14 51 0 0
19 51 0 0
20 51 0 0
21 51 0 0
22 51 0 0
23 51 0 0
24 51 0 0
26 51 0 0
28 51 0 0
29 51 0 0
30 51 0 0
31 51 0 0
32 51 0 0
33 51 0 0
35 51 0 0
36 51 0 0
41 51 0 0
42 51 0 0
43 51 0 0
45 51 0 0
46 51 0 0
47 51 0 0
49 51 0 0
50 51 0 0
1 52 0 0
9 52 0 0
12 52 0 0
19 52 0 0
20 52 0 0
21 52 0 0
22 52 0 0
23 52 0 0
24 52 0 0
28 52 0 0
29 52 0 0
31 52 0 0
32 52 0 0
33 52 0 0
36 52 0 0
41 52 0 0
42 52 0 0
45 52 0 0
46 52 0 0
47 52 0 0
49 52 0 0
50 52 0 0
51 52 0 0
16 53 0 0
17 53 0 0
25 53 0 0
34 53 0 0
37 53 0 0
38 53 0 0
39 53 0 0
40 53 0 0
1 54 0 0
14 54 0 0
18 54 0 0
19 54 0 0
21 54 0 0
22 54 0 0
24 54 0 0
26 54 0 0
27 54 0 0
28 54 0 0
29 54 0 0
30 54 0 0
32 54 0 0
35 54 0 0
36 54 0 0
41 54 0 0
42 54 0 0
43 54 0 0
44 54 0 0
46 54 0 0
47 54 0 0
48 54 0 0
49 54 0 0
50 54 0 0
51 54 0 0
52 54 0 0
1 55 0 0
19 55 0 0
20 55 0 0
21 55 0 0
22 55 0 0
23 55 0 0
24 55 0 0
26 55 0 0
28 55 0 0
29 55 0 0
30 55 0 0
31 55 0 0
32 55 0 0
33 55 0 0
35 55 0 0
36 55 0 0
41 55 0 0
42 55 0 0
43 55 0 0
44 55 0 0
45 55 0 0
46 55 0 0
47 55 0 0
49 55 0 0
50 55 0 0
51 55 0 0
52 55 0 0
54 55 0 0
1 56 0 0
18 56 0 0
26 56 0 0
27 56 0 0
30 56 0 0
32 56 0 0
34 56 0 0
35 56 0 0
36 56 0 0
37 56 0 0
39 56 0 0
40 56 0 0
42 56 0 0
43 56 0 0
44 56 0 0
46 56 0 0
48 56 0 0
49 56 0 0
54 56 0 0
1 57 0 0
18 57 0 0
24 57 0 0
26 57 0 0
27 57 0 0
28 57 0 0
30 57 0 0
32 57 0 0
35 57 0 0
36 57 0 0
37 57 0 0
39 57 0 0
42 57 0 0
43 57 0 0
44 57 0 0
46 57 0 0
48 57 0 0
49 57 0 0
50 57 0 0
54 57 0 0
55 57 0 0
56 57 0 0
53 58 0 0
1 59 0 0
36 59 0 0
41 59 0 0
42 59 0 0
45 59 0 0
46 59 0 0
47 59 0 0
49 59 0 0
50 59 0 0
51 59 0 0
52 59 0 0
54 59 0 0
55 59 0 0
1 60 0 0
28 60 0 0
36 60 0 0
41 60 0 0
42 60 0 0
43 60 0 0
45 60 0 0
46 60 0 0
47 60 0 0
49 60 0 0
50 60 0 0
51 60 0 0
52 60 0 0
54 60 0 0
55 60 0 0
57 60 0 0
59 60 0 0
1 61 0 0
25 61 0 0
34 61 0 0
37 61 0 0
38 61 0 0
39 61 0 0
40 61 0 0
48 61 0 0
53 61 0 0
56 61 0 0
1 62 0 0
25 62 0 0
37 62 0 0
38 62 0 0
39 62 0 0
40 62 0 0
43 62 0 0
44 62 0 0
48 62 0 0
56 62 0 0
57 62 0 0
61 62 0 0
1 63 0 0
25 63 0 0
26 63 0 0
27 63 0 0
34 63 0 0
35 63 0 0
37 63 0 0
38 63 0 0
39 63 0 0
40 63 0 0
43 63 0 0
44 63 0 0
48 63 0 0
56 63 0 0
57 63 0 0
61 63 0 0
62 63 0 0
1 64 0 0
26 64 0 0
28 64 0 0
29 64 0 0
30 64 0 0
31 64 0 0
32 64 0 0
33 64 0 0
35 64 0 0
36 64 0 0
41 64 0 0
42 64 0 0
43 64 0 0
44 64 0 0
45 64 0 0
46 64 0 0
47 64 0 0
49 64 0 0
50 64 0 0
51 64 0 0
52 64 0 0
54 64 0 0
55 64 0 0
57 64 0 0
59 64 0 0
60 64 0 0
1 65 0 0
18 65 0 0
19 65 0 0
22 65 0 0
24 65 0 0
26 65 0 0
27 65 0 0
28 65 0 0
29 65 0 0
30 65 0 0
31 65 0 0
32 65 0 0
33 65 0 0
35 65 0 0
36 65 0 0
41 65 0 0
42 65 0 0
43 65 0 0
44 65 0 0
45 65 0 0
46 65 0 0
47 65 0 0
48 65 0 0
49 65 0 0
50 65 0 0
51 65 0 0
52 65 0 0
54 65 0 0
55 65 0 0
56 65 0 0
57 65 0 0
59 65 0 0
60 65 0 0
64 65 0 0
25 66 0 0
34 66 0 0
37 66 0 0
38 66 0 0
39 66 0 0
40 66 0 0
53 66 0 0
58 66 0 0
61 66 0 0
62 66 0 0
63 66 0 0
1 67 0 0
25 67 0 0
34 67 0 0
37 67 0 0
38 67 0 0
39 67 0 0
40 67 0 0
48 67 0 0
53 67 0 0
56 67 0 0
61 67 0 0
62 67 0 0
63 67 0 0
66 67 0 0
1 68 0 0
18 68 0 0
25 68 0 0
26 68 0 0
27 68 0 0
30 68 0 0
34 68 0 0
35 68 0 0
36 68 0 0
37 68 0 0
38 68 0 0
39 68 0 0
40 68 0 0
43 68 0 0
44 68 0 0
48 68 0 0
49 68 0 0
56 68 0 0
57 68 0 0
61 68 0 0
62 68 0 0
63 68 0 0
66 68 0 0
67 68 0 0
38 69 0 0
53 69 0 0
58 69 0 0
66 69 0 0
25 70 0 0
38 70 0 0
40 70 0 0
53 70 0 0
58 70 0 0
61 70 0 0
66 70 0 0
67 70 0 0
69 70 0 0
25 71 0 0
34 71 0 0
37 71 0 0
38 71 0 0
40 71 0 0
53 71 0 0
58 71 0 0
61 71 0 0
66 71 0 0
67 71 0 0
69 71 0 0
70 71 0 0
1 72 0 0
25 72 0 0
34 72 0 0
37 72 0 0
38 72 0 0
39 72 0 0
40 72 0 0
53 72 0 0
61 72 0 0
62 72 0 0
63 72 0 0
66 72 0 0
67 72 0 0
68 72 0 0
69 72 0 0
70 72 0 0
71 72 0 0
58 73 0 0
69 73 0 0
58 74 0 0
69 74 0 0
70 74 0 0
71 74 0 0
73 74 0 0
1 75 0 0
61 75 0 0
62 75 0 0
63 75 0 0
67 75 0 0
68 75 0 0
72 75 0 0
58 76 0 0
69 76 0 0
70 76 0 0
71 76 0 0
73 76 0 0
74 76 0 0
1 77 0 0
61 77 0 0
62 77 0 0
63 77 0 0
67 77 0 0
72 77 0 0
74 77 0 0
75 77 0 0
1 78 0 0
61 78 0 0
66 78 0 0
69 78 0 0
70 78 0 0
71 78 0 0
72 78 0 0
74 78 0 0
75 78 0 0
76 78 0 0
77 78 0 0
1 79 0 0
61 79 0 0
62 79 0 0
70 79 0 0
71 79 0 0
72 79 0 0
74 79 0 0
75 79 0 0
77 79 0 0
78 79 0 0
38 80 0 0
53 80 0 0
58 80 0 0
66 80 0 0
69 80 0 0
70 80 0 0
71 80 0 0
72 80 0 0
73 80 0 0
74 80 0 0
76 80 0 0
77 80 0 0
78 80 0 0
79 80 0 0
53 81 0 0
58 81 0 0
66 81 0 0
69 81 0 0
70 81 0 0
71 81 0 0
73 81 0 0
74 81 0 0
76 81 0 0
78 81 0 0
79 81 0 0
80 81 0 0
58 82 0 0
69 82 0 0
70 82 0 0
71 82 0 0
73 82 0 0
74 82 0 0
76 82 0 0
78 82 0 0
80 82 0 0
81 82 0 0
58 83 0 0
66 83 0 0
69 83 0 0
70 83 0 0
71 83 0 0
72 83 0 0
73 83 0 0
74 83 0 0
76 83 0 0
77 83 0 0
78 83 0 0
79 83 0 0
80 83 0 0
81 83 0 0
82 83 0 0
53 84 0 0
58 84 0 0
61 84 0 0
66 84 0 0
69 84 0 0
70 84 0 0
71 84 0 0
72 84 0 0
73 84 0 0
74 84 0 0
75 84 0 0
76 84 0 0
77 84 0 0
78 84 0 0
79 84 0 0
80 84 0 0
81 84 0 0
82 84 0 0
83 84 0 0
1 85 0 0
61 85 0 0
62 85 0 0
63 85 0 0
66 85 0 0
67 85 0 0
70 85 0 0
71 85 0 0
72 85 0 0
74 85 0 0
75 85 0 0
77 85 0 0
78 85 0 0
79 85 0 0
80 85 0 0
81 85 0 0
83 85 0 0
84 85 0 0
1 86 0 0
37 86 0 0
61 86 0 0
62 86 0 0
63 86 0 0
66 86 0 0
67 86 0 0
68 86 0 0
71 86 0 0
72 86 0 0
75 86 0 0
77 86 0 0
78 86 0 0
79 86 0 0
83 86 0 0
84 86 0 0
85 86 0 0
1 87 0 0
39 87 0 0
61 87 0 0
62 87 0 0
63 87 0 0
67 87 0 0
68 87 0 0
72 87 0 0
75 87 0 0
77 87 0 0
78 87 0 0
79 87 0 0
85 87 0 0
86 87 0 0
58 88 0 0
69 88 0 0
70 88 0 0
73 88 0 0
74 88 0 0
76 88 0 0
80 88 0 0
81 88 0 0
82 88 0 0
83 88 0 0
53 89 0 0
58 89 0 0
66 89 0 0
69 89 0 0
70 89 0 0
71 89 0 0
73 89 0 0
74 89 0 0
76 89 0 0
78 89 0 0
80 89 0 0
81 89 0 0
82 89 0 0
83 89 0 0
84 89 0 0
88 89 0 0
37 90 0 0
38 90 0 0
40 90 0 0
53 90 0 0
58 90 0 0
61 90 0 0
66 90 0 0
67 90 0 0
69 90 0 0
70 90 0 0
71 90 0 0
72 90 0 0
74 90 0 0
75 90 0 0
76 90 0 0
77 90 0 0
78 90 0 0
79 90 0 0
80 90 0 0
81 90 0 0
82 90 0 0
83 90 0 0
84 90 0 0
85 90 0 0
86 90 0 0
89 90 0 0
38 91 0 0
40 91 0 0
53 91 0 0
58 91 0 0
61 91 0 0
66 91 0 0
67 91 0 0
69 91 0 0
70 91 0 0
71 91 0 0
72 91 0 0
73 91 0 0
74 91 0 0
76 91 0 0
77 91 0 0
78 91 0 0
79 91 0 0
80 91 0 0
81 91 0 0
82 91 0 0
83 91 0 0
84 91 0 0
85 91 0 0
86 91 0 0
88 91 0 0
89 91 0 0
90 91 0 0
1 92 0 0
25 92 0 0
34 92 0 0
37 92 0 0
38 92 0 0
39 92 0 0
40 92 0 0
53 92 0 0
61 92 0 0
62 92 0 0
63 92 0 0
66 92 0 0
67 92 0 0
68 92 0 0
69 92 0 0
70 92 0 0
71 92 0 0
72 92 0 0
74 92 0 0
75 92 0 0
77 92 0 0
78 92 0 0
79 92 0 0
80 92 0 0
81 92 0 0
83 92 0 0
84 92 0 0
85 92 0 0
86 92 0 0
87 92 0 0
90 92 0 0
91 92 0 0
1 93 0 0
25 93 0 0
37 93 0 0
38 93 0 0
39 93 0 0
40 93 0 0
44 93 0 0
48 93 0 0
56 93 0 0
57 93 0 0
61 93 0 0
62 93 0 0
63 93 0 0
66 93 0 0
67 93 0 0
68 93 0 0
72 93 0 0
75 93 0 0
77 93 0 0
78 93 0 0
79 93 0 0
85 93 0 0
86 93 0 0
87 93 0 0
90 93 0 0
92 93 0 0
1 94 0 0
37 94 0 0
38 94 0 0
39 94 0 0
40 94 0 0
53 94 0 0
56 94 0 0
61 94 0 0
62 94 0 0
63 94 0 0
66 94 0 0
67 94 0 0
68 94 0 0
71 94 0 0
72 94 0 0
75 94 0 0
77 94 0 0
78 94 0 0
79 94 0 0
84 94 0 0
85 94 0 0
86 94 0 0
87 94 0 0
90 94 0 0
91 94 0 0
92 94 0 0
93 94 0 0
1 95 0 0
25 95 0 0
37 95 0 0
38 95 0 0
39 95 0 0
40 95 0 0
53 95 0 0
61 95 0 0
62 95 0 0
63 95 0 0
66 95 0 0
67 95 0 0
68 95 0 0
70 95 0 0
71 95 0 0
72 95 0 0
75 95 0 0
77 95 0 0
78 95 0 0
79 95 0 0
80 95 0 0
83 95 0 0
84 95 0 0
85 95 0 0
86 95 0 0
87 95 0 0
90 95 0 0
91 95 0 0
92 95 0 0
93 95 0 0
94 95 0 0
53 96 0 0
58 96 0 0
69 96 0 0
70 96 0 0
71 96 0 0
73 96 0 0
74 96 0 0
76 96 0 0
78 96 0 0
80 96 0 0
81 96 0 0
82 96 0 0
83 96 0 0
84 96 0 0
88 96 0 0
89 96 0 0
90 96 0 0
91 96 0 0
53 97 0 0
58 97 0 0
66 97 0 0
69 97 0 0
70 97 0 0
71 97 0 0
73 97 0 0
74 97 0 0
76 97 0 0
78 97 0 0
79 97 0 0
80 97 0 0
81 97 0 0
82 97 0 0
83 97 0 0
84 97 0 0
88 97 0 0
89 97 0 0
90 97 0 0
91 97 0 0
96 97 0 0
38 98 0 0
53 98 0 0
58 98 0 0
61 98 0 0
66 98 0 0
67 98 0 0
69 98 0 0
70 98 0 0
71 98 0 0
72 98 0 0
74 98 0 0
75 98 0 0
76 98 0 0
77 98 0 0
78 98 0 0
79 98 0 0
80 98 0 0
81 98 0 0
82 98 0 0
83 98 0 0
84 98 0 0
85 98 0 0
86 98 0 0
89 98 0 0
90 98 0 0
91 98 0 0
92 98 0 0
94 98 0 0
95 98 0 0
96 98 0 0
97 98 0 0
1 99 0 0
37 99 0 0
38 99 0 0
39 99 0 0
40 99 0 0
53 99 0 0
58 99 0 0
61 99 0 0
62 99 0 0
63 99 0 0
66 99 0 0
67 99 0 0
68 99 0 0
69 99 0 0
70 99 0 0
71 99 0 0
72 99 0 0
74 99 0 0
75 99 0 0
76 99 0 0
77 99 0 0
78 99 0 0
79 99 0 0
80 99 0 0
81 99 0 0
82 99 0 0
83 99 0 0
84 99 0 0
85 99 0 0
86 99 0 0
87 99 0 0
89 99 0 0
90 99 0 0
91 99 0 0
92 99 0 0
93 99 0 0
94 99 0 0
95 99 0 0
96 99 0 0
97 99 0 0
98 99 0 0
1 100 0 0
37 100 0 0
38 100 0 0
39 100 0 0
40 100 0 0
53 100 0 0
61 100 0 0
62 100 0 0
63 100 0 0
66 100 0 0
67 100 0 0
68 100 0 0
70 100 0 0
71 100 0 0
72 100 0 0
74 100 0 0
75 100 0 0
77 100 0 0
78 100 0 0
79 100 0 0
80 100 0 0
81 100 0 0
83 100 0 0
84 100 0 0
85 100 0 0
86 100 0 0
87 100 0 0
90 100 0 0
91 100 0 0
92 100 0 0
93 100 0 0
94 100 0 0
95 100 0 0
98 100 0 0
99 100 0 0
1 101 0 0
37 101 0 0
38 101 0 0
39 101 0 0
40 101 0 0
56 101 0 0
61 101 0 0
62 101 0 0
63 101 0 0
66 101 0 0
67 101 0 0
68 101 0 0
71 101 0 0
72 101 0 0
75 101 0 0
77 101 0 0
78 101 0 0
79 101 0 0
84 101 0 0
85 101 0 0
86 101 0 0
87 101 0 0
90 101 0 0
91 101 0 0
92 101 0 0
93 101 0 0
94 101 0 0
95 101 0 0
98 101 0 0
99 101 0 0
100 101 0 0
1 102 0 0
37 102 0 0
39 102 0 0
56 102 0 0
57 102 0 0
61 102 0 0
62 102 0 0
63 102 0 0
67 102 0 0
68 102 0 0
72 102 0 0
75 102 0 0
77 102 0 0
78 102 0 0
79 102 0 0
85 102 0 0
86 102 0 0
87 102 0 0
92 102 0 0
93 102 0 0
94 102 0 0
95 102 0 0
99 102 0 0
100 102 0 0
101 102 0 0
2 109 0 1
2 110 0 1
2 113 0 1
3 113 0 1
4 113 0 1
2 114 0 1
3 114 0 1
2 115 0 1
2 117 0 1
3 117 0 1
2 118 0 1
2 121 0 1
3 121 0 1
2 122 0 1
2 123 0 1
2 124 0 1
2 128 0 1
5 128 0 1
7 128 0 1
11 128 0 1
13 128 0 1
14 128 0 1
2 129 0 1
5 129 0 1
7 129 0 1
10 129 0 1
11 129 0 1
13 129 0 1
14 129 0 1
7 130 0 1
10 130 0 1
15 130 0 1
7 131 0 1
10 131 0 1
15 131 0 1
17 132 0 1
7 136 0 1
7 137 0 1
11 137 0 1
17 139 0 1
7 140 0 1
10 140 0 1
11 140 0 1
7 143 0 1
10 143 0 1
7 144 0 1
10 144 0 1
15 144 0 1
7 145 0 1
10 145 0 1
11 145 0 1
2 146 0 1
5 146 0 1
7 146 0 1
9 146 0 1
11 146 0 1
12 146 0 1
13 146 0 1
14 146 0 1
18 146 0 1
21 146 0 1
22 146 0 1
24 146 0 1
26 146 0 1
27 146 0 1
28 146 0 1
29 146 0 1
30 146 0 1
32 146 0 1
35 146 0 1
46 146 0 1
49 146 0 1
51 146 0 1
16 147 0 1
16 148 0 1
17 148 0 1
15 149 0 1
16 149 0 1
17 149 0 1
25 149 0 1
34 149 0 1
16 150 0 1
17 150 0 1
15 151 0 1
16 151 0 1
17 151 0 1
25 151 0 1
34 151 0 1
7 152 0 1
10 152 0 1
15 152 0 1
17 152 0 1
18 152 0 1
25 152 0 1
27 152 0 1
34 152 0 1
37 152 0 1
38 152 0 1
39 152 0 1
40 152 0 1
44 152 0 1
48 152 0 1
56 152 0 1
63 152 0 1
67 152 0 1
68 152 0 1
72 152 0 1
15 153 0 1
16 153 0 1
17 153 0 1
25 153 0 1
34 153 0 1
37 153 0 1
38 153 0 1
40 153 0 1
53 153 0 1
66 153 0 1
67 153 0 1
69 153 0 1
70 153 0 1
71 153 0 1
72 153 0 1
16 154 0 1
17 154 0 1
38 154 0 1
53 154 0 1
58 154 0 1
66 154 0 1
69 154 0 1
70 154 0 1
71 154 0 1
89 154 0 1
1 155 0 1
25 155 0 1
27 155 0 1
34 155 0 1
37 155 0 1
38 155 0 1
39 155 0 1
40 155 0 1
43 155 0 1
44 155 0 1
48 155 0 1
56 155 0 1
57 155 0 1
61 155 0 1
62 155 0 1
63 155 0 1
66 155 0 1
67 155 0 1
68 155 0 1
72 155 0 1
75 155 0 1
77 155 0 1
79 155 0 1
85 155 0 1
86 155 0 1
87 155 0 1
92 155 0 1
93 155 0 1
94 155 0 1
95 155 0 1
99 155 0 1
100 155 0 1
101 155 0 1
102 155 0 1
16 156 0 1
53 156 0 1
58 156 0 1
69 156 0 1
70 156 0 1
71 156 0 1
80 156 0 1
88 156 0 1
89 156 0 1
91 156 0 1
96 156 0 1
97 156 0 1
16 157 0 1
53 157 0 1
58 157 0 1
69 157 0 1
70 157 0 1
71 157 0 1
80 157 0 1
81 157 0 1
88 157 0 1
89 157 0 1
91 157 0 1
96 157 0 1
97 157 0 1
16 158 0 1
17 158 0 1
16 159 0 1
17 159 0 1
15 160 0 1
16 160 0 1
17 160 0 1
25 160 0 1
34 160 0 1
38 160 0 1
40 160 0 1
53 160 0 1
7 161 0 1
10 161 0 1
11 161 0 1
15 161 0 1
18 161 0 1
27 161 0 1
34 161 0 1
7 162 0 1
10 162 0 1
15 162 0 1
16 162 0 1
17 162 0 1
34 162 0 1
16 163 0 1
17 163 0 1
7 164 0 1
10 164 0 1
11 164 0 1
14 164 0 1
15 164 0 1
18 164 0 1
24 164 0 1
27 164 0 1
30 164 0 1
35 164 0 1
7 165 0 1
10 165 0 1
15 165 0 1
17 165 0 1
25 165 0 1
34 165 0 1
7 166 0 1
10 166 0 1
11 166 0 1
15 166 0 1
17 166 0 1
18 166 0 1
25 166 0 1
27 166 0 1
34 166 0 1
7 167 0 1
10 167 0 1
11 167 0 1
15 167 0 1
18 167 0 1
27 167 0 1
34 167 0 1
2 168 0 1
5 168 0 1
7 168 0 1
10 168 0 1
11 168 0 1
13 168 0 1
14 168 0 1
18 168 0 1
22 168 0 1
24 168 0 1
30 168 0 1
7 169 0 1
10 169 0 1
11 169 0 1
15 169 0 1
18 169 0 1
7 170 0 1
10 170 0 1
11 170 0 1
15 170 0 1
18 170 0 1
7 171 0 1
10 171 0 1
15 171 0 1
17 171 0 1
15 172 0 1
16 172 0 1
17 172 0 1
16 173 0 1
17 173 0 1
16 174 0 1
17 174 0 1
16 175 0 1
17 175 0 1
7 176 0 1
10 176 0 1
15 176 0 1
17 176 0 1
34 176 0 1
7 177 0 1
10 177 0 1
11 177 0 1
14 177 0 1
15 177 0 1
18 177 0 1
24 177 0 1
27 177 0 1
30 177 0 1
16 178 0 1
2 179 0 1
3 179 0 1
4 179 0 1
5 179 0 1
6 179 0 1
8 179 0 1
2 180 0 1
3 180 0 1
4 180 0 1
5 180 0 1
6 180 0 1
2 181 0 1
5 181 0 1
2 182 0 1
7 184 0 1
2 185 0 1
3 185 0 1
5 185 0 1
2 186 0 1
3 186 0 1
4 186 0 1
5 186 0 1
6 186 0 1
7 187 0 1
7 188 0 1
10 188 0 1
7 189 0 1
2 190 0 1
3 190 0 1
5 190 0 1
7 191 0 1
2 193 0 1
3 193 0 1
4 193 0 1
2 194 0 1
2 196 0 1
3 196 0 1
2 198 0 1
3 198 0 1
4 198 0 1
5 198 0 1
2 199 0 1
3 199 0 1
4 199 0 1
5 199 0 1
2 200 0 1
3 200 0 1
5 200 0 1
