2 3 0 0
2 5 0 0
3 5 0 0
4 5 0 0
2 6 0 0
3 6 0 0
4 6 0 0
5 6 0 0
4 7 0 0
4 8 0 0
7 8 0 0
4 9 0 0
6 9 0 0
7 9 0 0
8 9 0 0
4 10 0 0
5 10 0 0
6 10 0 0
7 10 0 0
8 10 0 0
9 10 0 0
2 11 0 0
3 11 0 0
4 11 0 0
5 11 0 0
6 11 0 0
9 11 0 0
10 11 0 0
2 13 0 0
3 13 0 0
4 13 0 0
5 13 0 0
6 13 0 0
9 13 0 0
10 13 0 0
11 13 0 0
4 14 0 0
6 14 0 0
7 14 0 0
8 14 0 0
9 14 0 0
10 14 0 0
11 14 0 0
13 14 0 0
4 15 0 0
7 15 0 0
8 15 0 0
9 15 0 0
10 15 0 0
14 15 0 0
4 16 0 0
7 16 0 0
8 16 0 0
9 16 0 0
10 16 0 0
11 16 0 0
14 16 0 0
15 16 0 0
2 17 0 0
3 17 0 0
4 17 0 0
5 17 0 0
6 17 0 0
9 17 0 0
10 17 0 0
11 17 0 0
13 17 0 0
14 17 0 0
15 17 0 0
16 17 0 0
3 18 0 0
4 18 0 0
5 18 0 0
6 18 0 0
8 18 0 0
9 18 0 0
10 18 0 0
11 18 0 0
13 18 0 0
14 18 0 0
15 18 0 0
16 18 0 0
17 18 0 0
13 19 0 0
14 19 0 0
17 19 0 0
18 19 0 0
1 20 0 0
15 20 0 0
1 21 0 0
15 21 0 0
20 21 0 0
7 22 0 0
8 22 0 0
14 22 0 0
15 22 0 0
16 22 0 0
20 22 0 0
21 22 0 0
1 23 0 0
8 23 0 0
14 23 0 0
15 23 0 0
16 23 0 0
20 23 0 0
21 23 0 0
22 23 0 0
7 24 0 0
8 24 0 0
9 24 0 0
10 24 0 0
14 24 0 0
15 24 0 0
16 24 0 0
17 24 0 0
18 24 0 0
20 24 0 0
21 24 0 0
22 24 0 0
23 24 0 0
1 25 0 0
20 25 0 0
21 25 0 0
22 25 0 0
23 25 0 0
1 26 0 0
20 26 0 0
21 26 0 0
22 26 0 0
23 26 0 0
24 26 0 0
25 26 0 0
1 27 0 0
19 27 0 0
1 28 0 0
20 28 0 0
21 28 0 0
22 28 0 0
23 28 0 0
24 28 0 0
25 28 0 0
26 28 0 0
1 29 0 0
20 29 0 0
21 29 0 0
22 29 0 0
23 29 0 0
24 29 0 0
25 29 0 0
26 29 0 0
28 29 0 0
1 30 0 0
20 30 0 0
21 30 0 0
22 30 0 0
23 30 0 0
24 30 0 0
25 30 0 0
26 30 0 0
28 30 0 0
29 30 0 0
1 31 0 0
20 31 0 0
21 31 0 0
22 31 0 0
23 31 0 0
24 31 0 0
25 31 0 0
26 31 0 0
28 31 0 0
29 31 0 0
30 31 0 0
1 32 0 0
20 32 0 0
21 32 0 0
22 32 0 0
23 32 0 0
24 32 0 0
25 32 0 0
26 32 0 0
28 32 0 0
29 32 0 0
30 32 0 0
31 32 0 0
4 33 0 0
7 33 0 0
8 33 0 0
9 33 0 0
10 33 0 0
14 33 0 0
15 33 0 0
16 33 0 0
17 33 0 0
18 33 0 0
20 33 0 0
21 33 0 0
22 33 0 0
23 33 0 0
24 33 0 0
25 33 0 0
26 33 0 0
28 33 0 0
29 33 0 0
30 33 0 0
31 33 0 0
32 33 0 0
4 34 0 0
6 34 0 0
8 34 0 0
9 34 0 0
10 34 0 0
11 34 0 0
13 34 0 0
14 34 0 0
15 34 0 0
16 34 0 0
17 34 0 0
18 34 0 0
19 34 0 0
23 34 0 0
24 34 0 0
28 34 0 0
33 34 0 0
4 35 0 0
6 35 0 0
7 35 0 0
8 35 0 0
9 35 0 0
10 35 0 0
11 35 0 0
13 35 0 0
14 35 0 0
15 35 0 0
16 35 0 0
17 35 0 0
18 35 0 0
19 35 0 0
20 35 0 0
21 35 0 0
22 35 0 0
23 35 0 0
24 35 0 0
28 35 0 0
29 35 0 0
30 35 0 0
33 35 0 0
34 35 0 0
3 36 0 0
4 36 0 0
5 36 0 0
6 36 0 0
9 36 0 0
10 36 0 0
11 36 0 0
13 36 0 0
14 36 0 0
16 36 0 0
17 36 0 0
18 36 0 0
19 36 0 0
24 36 0 0
33 36 0 0
34 36 0 0
35 36 0 0
3 37 0 0
6 37 0 0
10 37 0 0
11 37 0 0
13 37 0 0
14 37 0 0
16 37 0 0
17 37 0 0
18 37 0 0
19 37 0 0
24 37 0 0
27 37 0 0
33 37 0 0
34 37 0 0
35 37 0 0
36 37 0 0
7 38 0 0
8 38 0 0
9 38 0 0
14 38 0 0
15 38 0 0
16 38 0 0
20 38 0 0
21 38 0 0
22 38 0 0
23 38 0 0
24 38 0 0
25 38 0 0
26 38 0 0
28 38 0 0
29 38 0 0
30 38 0 0
31 38 0 0
32 38 0 0
33 38 0 0
34 38 0 0
35 38 0 0
7 39 0 0
8 39 0 0
9 39 0 0
10 39 0 0
14 39 0 0
15 39 0 0
16 39 0 0
18 39 0 0
20 39 0 0
21 39 0 0
22 39 0 0
23 39 0 0
24 39 0 0
25 39 0 0
26 39 0 0
28 39 0 0
29 39 0 0
30 39 0 0
31 39 0 0
32 39 0 0
33 39 0 0
34 39 0 0
35 39 0 0
38 39 0 0
27 40 0 0
1 41 0 0
27 41 0 0
28 41 0 0
30 41 0 0
31 41 0 0
32 41 0 0
1 42 0 0
28 42 0 0
29 42 0 0
30 42 0 0
31 42 0 0
32 42 0 0
41 42 0 0
1 43 0 0
20 43 0 0
21 43 0 0
22 43 0 0
23 43 0 0
24 43 0 0
25 43 0 0
26 43 0 0
28 43 0 0
29 43 0 0
30 43 0 0
31 43 0 0
32 43 0 0
33 43 0 0
38 43 0 0
41 43 0 0
42 43 0 0
1 44 0 0
20 44 0 0
21 44 0 0
22 44 0 0
23 44 0 0
25 44 0 0
26 44 0 0
28 44 0 0
29 44 0 0
30 44 0 0
31 44 0 0
32 44 0 0
43 44 0 0
1 45 0 0
20 45 0 0
21 45 0 0
22 45 0 0
23 45 0 0
24 45 0 0
25 45 0 0
26 45 0 0
28 45 0 0
29 45 0 0
30 45 0 0
31 45 0 0
32 45 0 0
33 45 0 0
38 45 0 0
39 45 0 0
41 45 0 0
42 45 0 0
43 45 0 0
44 45 0 0
1 46 0 0
20 46 0 0
21 46 0 0
22 46 0 0
23 46 0 0
25 46 0 0
26 46 0 0
28 46 0 0
29 46 0 0
30 46 0 0
31 46 0 0
32 46 0 0
38 46 0 0
43 46 0 0
44 46 0 0
45 46 0 0
1 47 0 0
20 47 0 0
21 47 0 0
22 47 0 0
23 47 0 0
25 47 0 0
26 47 0 0
28 47 0 0
29 47 0 0
30 47 0 0
31 47 0 0
32 47 0 0
43 47 0 0
44 47 0 0
45 47 0 0
46 47 0 0
19 48 0 0
27 48 0 0
40 48 0 0
1 49 0 0
20 49 0 0
21 49 0 0
22 49 0 0
23 49 0 0
24 49 0 0
26 49 0 0
28 49 0 0
29 49 0 0
30 49 0 0
31 49 0 0
32 49 0 0
41 49 0 0
42 49 0 0
43 49 0 0
45 49 0 0
46 49 0 0
1 50 0 0
21 50 0 0
23 50 0 0
24 50 0 0
28 50 0 0
29 50 0 0
30 50 0 0
31 50 0 0
32 50 0 0
41 50 0 0
42 50 0 0
43 50 0 0
45 50 0 0
49 50 0 0
19 51 0 0
27 51 0 0
40 51 0 0
48 51 0 0
1 52 0 0
20 52 0 0
21 52 0 0
22 52 0 0
23 52 0 0
24 52 0 0
25 52 0 0
26 52 0 0
28 52 0 0
29 52 0 0
30 52 0 0
31 52 0 0
32 52 0 0
33 52 0 0
38 52 0 0
41 52 0 0
42 52 0 0
43 52 0 0
44 52 0 0
45 52 0 0
46 52 0 0
47 52 0 0
49 52 0 0
50 52 0 0
1 53 0 0
20 53 0 0
21 53 0 0
22 53 0 0
23 53 0 0
24 53 0 0
25 53 0 0
26 53 0 0
28 53 0 0
29 53 0 0
30 53 0 0
31 53 0 0
32 53 0 0
33 53 0 0
41 53 0 0
42 53 0 0
43 53 0 0
44 53 0 0
45 53 0 0
46 53 0 0
47 53 0 0
49 53 0 0
50 53 0 0
52 53 0 0
40 54 0 0
1 55 0 0
41 55 0 0
42 55 0 0
49 55 0 0
50 55 0 0
53 55 0 0
1 56 0 0
41 56 0 0
42 56 0 0
43 56 0 0
45 56 0 0
49 56 0 0
52 56 0 0
53 56 0 0
55 56 0 0
1 57 0 0
27 57 0 0
41 57 0 0
42 57 0 0
48 57 0 0
49 57 0 0
50 57 0 0
53 57 0 0
55 57 0 0
56 57 0 0
1 58 0 0
28 58 0 0
30 58 0 0
31 58 0 0
32 58 0 0
41 58 0 0
42 58 0 0
43 58 0 0
44 58 0 0
45 58 0 0
46 58 0 0
49 58 0 0
50 58 0 0
52 58 0 0
53 58 0 0
55 58 0 0
56 58 0 0
57 58 0 0
1 59 0 0
41 59 0 0
42 59 0 0
49 59 0 0
50 59 0 0
52 59 0 0
53 59 0 0
55 59 0 0
56 59 0 0
57 59 0 0
58 59 0 0
1 60 0 0
31 60 0 0
43 60 0 0
44 60 0 0
45 60 0 0
46 60 0 0
47 60 0 0
52 60 0 0
53 60 0 0
56 60 0 0
58 60 0 0
40 61 0 0
51 61 0 0
54 61 0 0
1 62 0 0
28 62 0 0
29 62 0 0
30 62 0 0
31 62 0 0
32 62 0 0
41 62 0 0
42 62 0 0
43 62 0 0
44 62 0 0
45 62 0 0
46 62 0 0
49 62 0 0
50 62 0 0
52 62 0 0
53 62 0 0
55 62 0 0
56 62 0 0
57 62 0 0
58 62 0 0
59 62 0 0
60 62 0 0
1 63 0 0
28 63 0 0
30 63 0 0
31 63 0 0
32 63 0 0
41 63 0 0
42 63 0 0
43 63 0 0
45 63 0 0
46 63 0 0
49 63 0 0
50 63 0 0
52 63 0 0
53 63 0 0
55 63 0 0
56 63 0 0
57 63 0 0
58 63 0 0
59 63 0 0
60 63 0 0
62 63 0 0
1 64 0 0
41 64 0 0
55 64 0 0
56 64 0 0
57 64 0 0
58 64 0 0
59 64 0 0
62 64 0 0
63 64 0 0
1 65 0 0
55 65 0 0
56 65 0 0
57 65 0 0
58 65 0 0
59 65 0 0
62 65 0 0
63 65 0 0
64 65 0 0
1 66 0 0
55 66 0 0
56 66 0 0
57 66 0 0
58 66 0 0
59 66 0 0
60 66 0 0
62 66 0 0
63 66 0 0
64 66 0 0
65 66 0 0
1 67 0 0
55 67 0 0
56 67 0 0
57 67 0 0
58 67 0 0
59 67 0 0
64 67 0 0
65 67 0 0
66 67 0 0
54 68 0 0
68 69 0 0
54 70 0 0
68 70 0 0
69 70 0 0
68 71 0 0
69 71 0 0
70 71 0 0
69 72 0 0
70 72 0 0
71 72 0 0
69 73 0 0
70 73 0 0
71 73 0 0
72 73 0 0
1 74 0 0
64 74 0 0
65 74 0 0
66 74 0 0
67 74 0 0
70 75 0 0
71 75 0 0
72 75 0 0
73 75 0 0
1 76 0 0
64 76 0 0
65 76 0 0
66 76 0 0
67 76 0 0
74 76 0 0
69 77 0 0
70 77 0 0
71 77 0 0
72 77 0 0
73 77 0 0
75 77 0 0
70 78 0 0
71 78 0 0
72 78 0 0
73 78 0 0
75 78 0 0
77 78 0 0
1 79 0 0
64 79 0 0
65 79 0 0
66 79 0 0
67 79 0 0
74 79 0 0
76 79 0 0
64 80 0 0
71 80 0 0
72 80 0 0
73 80 0 0
74 80 0 0
75 80 0 0
76 80 0 0
77 80 0 0
78 80 0 0
79 80 0 0
1 81 0 0
55 81 0 0
64 81 0 0
67 81 0 0
74 81 0 0
75 81 0 0
76 81 0 0
78 81 0 0
79 81 0 0
80 81 0 0
1 82 0 0
55 82 0 0
64 82 0 0
65 82 0 0
67 82 0 0
74 82 0 0
75 82 0 0
76 82 0 0
78 82 0 0
79 82 0 0
80 82 0 0
81 82 0 0
1 83 0 0
55 83 0 0
56 83 0 0
58 83 0 0
59 83 0 0
64 83 0 0
65 83 0 0
66 83 0 0
67 83 0 0
74 83 0 0
76 83 0 0
79 83 0 0
80 83 0 0
81 83 0 0
82 83 0 0
1 84 0 0
55 84 0 0
57 84 0 0
58 84 0 0
59 84 0 0
64 84 0 0
65 84 0 0
66 84 0 0
67 84 0 0
74 84 0 0
76 84 0 0
79 84 0 0
80 84 0 0
81 84 0 0
82 84 0 0
83 84 0 0
1 85 0 0
64 85 0 0
67 85 0 0
72 85 0 0
74 85 0 0
75 85 0 0
76 85 0 0
77 85 0 0
78 85 0 0
79 85 0 0
80 85 0 0
81 85 0 0
82 85 0 0
83 85 0 0
84 85 0 0
71 86 0 0
72 86 0 0
73 86 0 0
75 86 0 0
76 86 0 0
77 86 0 0
78 86 0 0
80 86 0 0
81 86 0 0
82 86 0 0
84 86 0 0
85 86 0 0
1 87 0 0
40 87 0 0
41 87 0 0
55 87 0 0
57 87 0 0
58 87 0 0
59 87 0 0
64 87 0 0
80 87 0 0
81 87 0 0
82 87 0 0
83 87 0 0
84 87 0 0
85 87 0 0
86 87 0 0
1 88 0 0
41 88 0 0
55 88 0 0
57 88 0 0
58 88 0 0
59 88 0 0
64 88 0 0
65 88 0 0
67 88 0 0
76 88 0 0
80 88 0 0
81 88 0 0
82 88 0 0
83 88 0 0
84 88 0 0
85 88 0 0
86 88 0 0
87 88 0 0
1 89 0 0
41 89 0 0
42 89 0 0
52 89 0 0
53 89 0 0
55 89 0 0
56 89 0 0
57 89 0 0
58 89 0 0
59 89 0 0
60 89 0 0
62 89 0 0
63 89 0 0
64 89 0 0
65 89 0 0
66 89 0 0
67 89 0 0
74 89 0 0
83 89 0 0
84 89 0 0
1 90 0 0
41 90 0 0
42 90 0 0
49 90 0 0
52 90 0 0
53 90 0 0
55 90 0 0
56 90 0 0
57 90 0 0
58 90 0 0
59 90 0 0
60 90 0 0
62 90 0 0
63 90 0 0
64 90 0 0
65 90 0 0
66 90 0 0
67 90 0 0
74 90 0 0
83 90 0 0
84 90 0 0
88 90 0 0
89 90 0 0
1 91 0 0
41 91 0 0
42 91 0 0
43 91 0 0
49 91 0 0
50 91 0 0
52 91 0 0
53 91 0 0
55 91 0 0
56 91 0 0
57 91 0 0
58 91 0 0
59 91 0 0
60 91 0 0
62 91 0 0
63 91 0 0
64 91 0 0
65 91 0 0
66 91 0 0
67 91 0 0
74 91 0 0
76 91 0 0
81 91 0 0
82 91 0 0
83 91 0 0
84 91 0 0
87 91 0 0
88 91 0 0
89 91 0 0
90 91 0 0
1 92 0 0
41 92 0 0
55 92 0 0
56 92 0 0
57 92 0 0
58 92 0 0
59 92 0 0
62 92 0 0
63 92 0 0
64 92 0 0
65 92 0 0
66 92 0 0
67 92 0 0
74 92 0 0
76 92 0 0
79 92 0 0
80 92 0 0
81 92 0 0
82 92 0 0
83 92 0 0
84 92 0 0
85 92 0 0
87 92 0 0
88 92 0 0
89 92 0 0
90 92 0 0
91 92 0 0
1 93 0 0
55 93 0 0
56 93 0 0
57 93 0 0
58 93 0 0
59 93 0 0
60 93 0 0
62 93 0 0
63 93 0 0
64 93 0 0
65 93 0 0
66 93 0 0
67 93 0 0
74 93 0 0
76 93 0 0
83 93 0 0
84 93 0 0
88 93 0 0
89 93 0 0
90 93 0 0
91 93 0 0
92 93 0 0
4 94 0 1
7 94 0 1
8 94 0 1
9 94 0 1
10 94 0 1
11 94 0 1
14 94 0 1
15 94 0 1
16 94 0 1
18 94 0 1
22 94 0 1
33 94 0 1
35 94 0 1
38 94 0 1
39 94 0 1
2 95 0 1
3 95 0 1
5 95 0 1
12 95 0 1
7 96 0 1
12 98 0 1
7 99 0 1
7 100 0 1
8 100 0 1
15 100 0 1
7 101 0 1
8 101 0 1
9 101 0 1
15 101 0 1
16 101 0 1
33 101 0 1
38 101 0 1
39 101 0 1
4 102 0 1
6 102 0 1
7 102 0 1
8 102 0 1
9 102 0 1
10 102 0 1
11 102 0 1
14 102 0 1
15 102 0 1
16 102 0 1
17 102 0 1
18 102 0 1
24 102 0 1
33 102 0 1
34 102 0 1
35 102 0 1
38 102 0 1
39 102 0 1
4 103 0 1
6 103 0 1
7 103 0 1
8 103 0 1
9 103 0 1
10 103 0 1
11 103 0 1
13 103 0 1
14 103 0 1
15 103 0 1
16 103 0 1
17 103 0 1
18 103 0 1
33 103 0 1
34 103 0 1
35 103 0 1
36 103 0 1
39 103 0 1
2 104 0 1
3 104 0 1
5 104 0 1
6 104 0 1
12 104 0 1
7 105 0 1
8 105 0 1
15 105 0 1
22 105 0 1
33 105 0 1
38 105 0 1
39 105 0 1
12 106 0 1
4 107 0 1
7 107 0 1
8 107 0 1
9 107 0 1
10 107 0 1
14 107 0 1
15 107 0 1
16 107 0 1
18 107 0 1
22 107 0 1
24 107 0 1
33 107 0 1
34 107 0 1
35 107 0 1
38 107 0 1
39 107 0 1
2 109 0 1
3 109 0 1
4 109 0 1
5 109 0 1
6 109 0 1
9 109 0 1
10 109 0 1
11 109 0 1
13 109 0 1
14 109 0 1
17 109 0 1
18 109 0 1
36 109 0 1
2 110 0 1
3 110 0 1
5 110 0 1
6 110 0 1
3 111 0 1
4 111 0 1
5 111 0 1
6 111 0 1
8 111 0 1
9 111 0 1
10 111 0 1
11 111 0 1
13 111 0 1
14 111 0 1
15 111 0 1
16 111 0 1
17 111 0 1
18 111 0 1
33 111 0 1
35 111 0 1
4 112 0 1
6 112 0 1
7 112 0 1
8 112 0 1
9 112 0 1
10 112 0 1
11 112 0 1
14 112 0 1
15 112 0 1
16 112 0 1
17 112 0 1
18 112 0 1
33 112 0 1
35 112 0 1
7 113 0 1
8 113 0 1
15 113 0 1
2 114 0 1
3 114 0 1
5 114 0 1
6 114 0 1
11 114 0 1
2 115 0 1
3 115 0 1
4 115 0 1
5 115 0 1
6 115 0 1
10 115 0 1
11 115 0 1
13 115 0 1
17 115 0 1
18 115 0 1
2 116 0 1
3 116 0 1
4 116 0 1
5 116 0 1
6 116 0 1
9 116 0 1
10 116 0 1
11 116 0 1
13 116 0 1
14 116 0 1
17 116 0 1
18 116 0 1
36 116 0 1
37 116 0 1
7 117 0 1
8 117 0 1
15 117 0 1
33 117 0 1
2 118 0 1
3 118 0 1
4 118 0 1
5 118 0 1
6 118 0 1
8 118 0 1
9 118 0 1
10 118 0 1
11 118 0 1
13 118 0 1
14 118 0 1
15 118 0 1
16 118 0 1
17 118 0 1
18 118 0 1
33 118 0 1
34 118 0 1
35 118 0 1
36 118 0 1
3 119 0 1
12 119 0 1
7 120 0 1
20 120 0 1
21 120 0 1
22 120 0 1
23 120 0 1
25 120 0 1
26 120 0 1
38 120 0 1
39 120 0 1
7 121 0 1
8 121 0 1
15 121 0 1
20 121 0 1
21 121 0 1
22 121 0 1
23 121 0 1
25 121 0 1
26 121 0 1
29 121 0 1
33 121 0 1
38 121 0 1
39 121 0 1
7 122 0 1
8 122 0 1
9 122 0 1
14 122 0 1
15 122 0 1
16 122 0 1
20 122 0 1
21 122 0 1
22 122 0 1
23 122 0 1
24 122 0 1
25 122 0 1
26 122 0 1
28 122 0 1
29 122 0 1
30 122 0 1
31 122 0 1
33 122 0 1
34 122 0 1
35 122 0 1
38 122 0 1
39 122 0 1
2 123 0 1
3 123 0 1
5 123 0 1
6 123 0 1
11 123 0 1
13 123 0 1
14 123 0 1
17 123 0 1
18 123 0 1
19 123 0 1
27 123 0 1
34 123 0 1
35 123 0 1
36 123 0 1
37 123 0 1
7 124 0 1
15 124 0 1
20 124 0 1
21 124 0 1
22 124 0 1
23 124 0 1
25 124 0 1
26 124 0 1
29 124 0 1
33 124 0 1
38 124 0 1
39 124 0 1
47 124 0 1
2 125 0 1
3 125 0 1
5 125 0 1
6 125 0 1
11 125 0 1
12 125 0 1
13 125 0 1
17 125 0 1
19 125 0 1
27 125 0 1
36 125 0 1
37 125 0 1
7 126 0 1
8 126 0 1
15 126 0 1
16 126 0 1
20 126 0 1
21 126 0 1
22 126 0 1
23 126 0 1
24 126 0 1
25 126 0 1
26 126 0 1
29 126 0 1
30 126 0 1
31 126 0 1
33 126 0 1
35 126 0 1
38 126 0 1
39 126 0 1
46 126 0 1
7 127 0 1
20 127 0 1
22 127 0 1
38 127 0 1
12 128 0 1
2 129 0 1
3 129 0 1
5 129 0 1
6 129 0 1
11 129 0 1
13 129 0 1
14 129 0 1
17 129 0 1
18 129 0 1
19 129 0 1
34 129 0 1
36 129 0 1
37 129 0 1
7 130 0 1
8 130 0 1
15 130 0 1
20 130 0 1
21 130 0 1
22 130 0 1
23 130 0 1
25 130 0 1
26 130 0 1
33 130 0 1
38 130 0 1
39 130 0 1
2 131 0 1
3 131 0 1
12 131 0 1
12 132 0 1
7 133 0 1
8 133 0 1
15 133 0 1
16 133 0 1
20 133 0 1
21 133 0 1
22 133 0 1
23 133 0 1
24 133 0 1
25 133 0 1
26 133 0 1
29 133 0 1
33 133 0 1
35 133 0 1
38 133 0 1
39 133 0 1
4 134 0 1
7 134 0 1
8 134 0 1
9 134 0 1
10 134 0 1
14 134 0 1
15 134 0 1
16 134 0 1
18 134 0 1
20 134 0 1
21 134 0 1
22 134 0 1
23 134 0 1
24 134 0 1
26 134 0 1
29 134 0 1
30 134 0 1
33 134 0 1
34 134 0 1
35 134 0 1
38 134 0 1
39 134 0 1
2 135 0 1
3 135 0 1
5 135 0 1
12 135 0 1
13 135 0 1
19 135 0 1
2 136 0 1
3 136 0 1
5 136 0 1
6 136 0 1
11 136 0 1
12 136 0 1
13 136 0 1
17 136 0 1
36 136 0 1
37 136 0 1
12 137 0 1
2 138 0 1
12 138 0 1
2 139 0 1
3 139 0 1
5 139 0 1
12 139 0 1
7 140 0 1
8 140 0 1
22 140 0 1
38 140 0 1
12 141 0 1
7 142 0 1
22 142 0 1
12 143 0 1
4 144 0 1
7 144 0 1
8 144 0 1
9 144 0 1
10 144 0 1
14 144 0 1
15 144 0 1
16 144 0 1
17 144 0 1
18 144 0 1
22 144 0 1
23 144 0 1
24 144 0 1
33 144 0 1
34 144 0 1
35 144 0 1
36 144 0 1
38 144 0 1
39 144 0 1
7 145 0 1
8 145 0 1
9 145 0 1
14 145 0 1
15 145 0 1
16 145 0 1
20 145 0 1
21 145 0 1
22 145 0 1
23 145 0 1
24 145 0 1
33 145 0 1
35 145 0 1
38 145 0 1
39 145 0 1
12 146 0 1
12 147 0 1
2 148 0 1
3 148 0 1
5 148 0 1
12 148 0 1
2 149 0 1
3 149 0 1
5 149 0 1
6 149 0 1
11 149 0 1
12 149 0 1
13 149 0 1
17 149 0 1
19 149 0 1
37 149 0 1
12 150 0 1
48 150 0 1
51 150 0 1
1 151 0 1
20 151 0 1
21 151 0 1
22 151 0 1
23 151 0 1
25 151 0 1
26 151 0 1
28 151 0 1
29 151 0 1
30 151 0 1
31 151 0 1
32 151 0 1
38 151 0 1
43 151 0 1
44 151 0 1
45 151 0 1
46 151 0 1
47 151 0 1
52 151 0 1
53 151 0 1
1 152 0 1
20 152 0 1
21 152 0 1
22 152 0 1
23 152 0 1
24 152 0 1
25 152 0 1
26 152 0 1
28 152 0 1
29 152 0 1
30 152 0 1
31 152 0 1
32 152 0 1
33 152 0 1
38 152 0 1
39 152 0 1
43 152 0 1
44 152 0 1
45 152 0 1
46 152 0 1
47 152 0 1
49 152 0 1
50 152 0 1
52 152 0 1
53 152 0 1
62 152 0 1
1 153 0 1
20 153 0 1
21 153 0 1
22 153 0 1
23 153 0 1
24 153 0 1
26 153 0 1
28 153 0 1
29 153 0 1
30 153 0 1
31 153 0 1
32 153 0 1
33 153 0 1
34 153 0 1
35 153 0 1
38 153 0 1
39 153 0 1
41 153 0 1
42 153 0 1
43 153 0 1
45 153 0 1
46 153 0 1
49 153 0 1
50 153 0 1
52 153 0 1
53 153 0 1
58 153 0 1
62 153 0 1
63 153 0 1
12 154 0 1
19 154 0 1
27 154 0 1
40 154 0 1
48 154 0 1
51 154 0 1
12 155 0 1
1 156 0 1
13 156 0 1
14 156 0 1
15 156 0 1
16 156 0 1
17 156 0 1
18 156 0 1
19 156 0 1
21 156 0 1
22 156 0 1
23 156 0 1
24 156 0 1
27 156 0 1
28 156 0 1
29 156 0 1
30 156 0 1
31 156 0 1
32 156 0 1
33 156 0 1
34 156 0 1
35 156 0 1
36 156 0 1
37 156 0 1
38 156 0 1
39 156 0 1
41 156 0 1
42 156 0 1
43 156 0 1
45 156 0 1
49 156 0 1
50 156 0 1
52 156 0 1
53 156 0 1
63 156 0 1
1 157 0 1
13 157 0 1
14 157 0 1
15 157 0 1
16 157 0 1
17 157 0 1
18 157 0 1
19 157 0 1
20 157 0 1
21 157 0 1
22 157 0 1
23 157 0 1
24 157 0 1
28 157 0 1
29 157 0 1
30 157 0 1
31 157 0 1
32 157 0 1
33 157 0 1
34 157 0 1
35 157 0 1
36 157 0 1
37 157 0 1
38 157 0 1
39 157 0 1
41 157 0 1
42 157 0 1
43 157 0 1
45 157 0 1
49 157 0 1
50 157 0 1
52 157 0 1
53 157 0 1
12 158 0 1
19 158 0 1
27 158 0 1
40 158 0 1
48 158 0 1
51 158 0 1
13 159 0 1
17 159 0 1
19 159 0 1
27 159 0 1
36 159 0 1
37 159 0 1
40 159 0 1
48 159 0 1
51 159 0 1
12 160 0 1
12 161 0 1
1 162 0 1
14 162 0 1
15 162 0 1
16 162 0 1
18 162 0 1
20 162 0 1
21 162 0 1
22 162 0 1
23 162 0 1
24 162 0 1
25 162 0 1
26 162 0 1
28 162 0 1
29 162 0 1
30 162 0 1
31 162 0 1
32 162 0 1
33 162 0 1
34 162 0 1
35 162 0 1
36 162 0 1
37 162 0 1
38 162 0 1
39 162 0 1
41 162 0 1
42 162 0 1
43 162 0 1
45 162 0 1
46 162 0 1
49 162 0 1
50 162 0 1
52 162 0 1
53 162 0 1
12 163 0 1
40 163 0 1
51 163 0 1
1 164 0 1
14 164 0 1
15 164 0 1
20 164 0 1
21 164 0 1
22 164 0 1
23 164 0 1
24 164 0 1
25 164 0 1
26 164 0 1
28 164 0 1
29 164 0 1
30 164 0 1
31 164 0 1
32 164 0 1
33 164 0 1
34 164 0 1
35 164 0 1
38 164 0 1
39 164 0 1
41 164 0 1
42 164 0 1
43 164 0 1
44 164 0 1
45 164 0 1
46 164 0 1
47 164 0 1
49 164 0 1
50 164 0 1
52 164 0 1
53 164 0 1
62 164 0 1
13 165 0 1
19 165 0 1
27 165 0 1
36 165 0 1
37 165 0 1
40 165 0 1
48 165 0 1
51 165 0 1
19 166 0 1
27 166 0 1
37 166 0 1
40 166 0 1
48 166 0 1
51 166 0 1
12 167 0 1
19 167 0 1
27 167 0 1
40 167 0 1
48 167 0 1
51 167 0 1
61 167 0 1
12 168 0 1
40 168 0 1
51 168 0 1
61 168 0 1
1 169 0 1
13 169 0 1
14 169 0 1
17 169 0 1
18 169 0 1
19 169 0 1
24 169 0 1
27 169 0 1
28 169 0 1
33 169 0 1
34 169 0 1
35 169 0 1
36 169 0 1
37 169 0 1
41 169 0 1
42 169 0 1
48 169 0 1
49 169 0 1
50 169 0 1
53 169 0 1
57 169 0 1
12 170 0 1
27 170 0 1
40 170 0 1
48 170 0 1
51 170 0 1
61 170 0 1
12 171 0 1
51 171 0 1
61 171 0 1
1 172 0 1
19 172 0 1
27 172 0 1
28 172 0 1
41 172 0 1
42 172 0 1
48 172 0 1
49 172 0 1
50 172 0 1
52 172 0 1
53 172 0 1
55 172 0 1
57 172 0 1
58 172 0 1
59 172 0 1
62 172 0 1
63 172 0 1
87 172 0 1
88 172 0 1
91 172 0 1
1 173 0 1
19 173 0 1
27 173 0 1
41 173 0 1
42 173 0 1
48 173 0 1
49 173 0 1
50 173 0 1
53 173 0 1
55 173 0 1
57 173 0 1
58 173 0 1
59 173 0 1
63 173 0 1
87 173 0 1
88 173 0 1
91 173 0 1
92 173 0 1
1 174 0 1
19 174 0 1
27 174 0 1
40 174 0 1
41 174 0 1
42 174 0 1
48 174 0 1
49 174 0 1
50 174 0 1
51 174 0 1
55 174 0 1
57 174 0 1
58 174 0 1
59 174 0 1
87 174 0 1
1 175 0 1
19 175 0 1
27 175 0 1
40 175 0 1
41 175 0 1
42 175 0 1
48 175 0 1
49 175 0 1
50 175 0 1
51 175 0 1
55 175 0 1
57 175 0 1
58 175 0 1
59 175 0 1
87 175 0 1
88 175 0 1
91 175 0 1
40 176 0 1
51 176 0 1
54 176 0 1
61 176 0 1
40 177 0 1
51 177 0 1
54 177 0 1
61 177 0 1
1 178 0 1
19 178 0 1
27 178 0 1
40 178 0 1
41 178 0 1
42 178 0 1
48 178 0 1
50 178 0 1
51 178 0 1
55 178 0 1
57 178 0 1
58 178 0 1
59 178 0 1
87 178 0 1
88 178 0 1
91 178 0 1
40 179 0 1
51 179 0 1
54 179 0 1
61 179 0 1
40 180 0 1
51 180 0 1
54 180 0 1
61 180 0 1
19 181 0 1
27 181 0 1
40 181 0 1
48 181 0 1
51 181 0 1
57 181 0 1
87 181 0 1
88 181 0 1
1 182 0 1
19 182 0 1
27 182 0 1
40 182 0 1
41 182 0 1
48 182 0 1
51 182 0 1
55 182 0 1
57 182 0 1
59 182 0 1
87 182 0 1
88 182 0 1
1 183 0 1
41 183 0 1
42 183 0 1
49 183 0 1
50 183 0 1
53 183 0 1
55 183 0 1
57 183 0 1
58 183 0 1
59 183 0 1
62 183 0 1
63 183 0 1
64 183 0 1
65 183 0 1
67 183 0 1
81 183 0 1
83 183 0 1
84 183 0 1
87 183 0 1
88 183 0 1
89 183 0 1
90 183 0 1
91 183 0 1
92 183 0 1
93 183 0 1
27 184 0 1
40 184 0 1
48 184 0 1
51 184 0 1
54 184 0 1
57 184 0 1
61 184 0 1
80 184 0 1
87 184 0 1
88 184 0 1
54 185 0 1
61 185 0 1
40 186 0 1
51 186 0 1
54 186 0 1
61 186 0 1
40 187 0 1
51 187 0 1
54 187 0 1
61 187 0 1
27 188 0 1
40 188 0 1
48 188 0 1
51 188 0 1
54 188 0 1
61 188 0 1
87 188 0 1
54 189 0 1
61 189 0 1
54 190 0 1
61 190 0 1
40 191 0 1
51 191 0 1
54 191 0 1
61 191 0 1
54 192 0 1
61 192 0 1
1 193 0 1
27 193 0 1
28 193 0 1
41 193 0 1
42 193 0 1
48 193 0 1
49 193 0 1
50 193 0 1
52 193 0 1
53 193 0 1
55 193 0 1
57 193 0 1
58 193 0 1
59 193 0 1
62 193 0 1
63 193 0 1
64 193 0 1
87 193 0 1
88 193 0 1
89 193 0 1
90 193 0 1
91 193 0 1
92 193 0 1
40 194 0 1
51 194 0 1
54 194 0 1
61 194 0 1
27 195 0 1
40 195 0 1
48 195 0 1
51 195 0 1
54 195 0 1
61 195 0 1
87 195 0 1
1 196 0 1
27 196 0 1
40 196 0 1
41 196 0 1
42 196 0 1
48 196 0 1
51 196 0 1
55 196 0 1
57 196 0 1
58 196 0 1
59 196 0 1
64 196 0 1
80 196 0 1
81 196 0 1
87 196 0 1
88 196 0 1
91 196 0 1
92 196 0 1
1 197 0 1
27 197 0 1
40 197 0 1
48 197 0 1
51 197 0 1
55 197 0 1
57 197 0 1
59 197 0 1
61 197 0 1
80 197 0 1
87 197 0 1
88 197 0 1
40 198 0 1
48 198 0 1
51 198 0 1
54 198 0 1
61 198 0 1
54 199 0 1
61 199 0 1
68 199 0 1
69 199 0 1
70 199 0 1
1 200 0 1
41 200 0 1
55 200 0 1
57 200 0 1
58 200 0 1
59 200 0 1
63 200 0 1
64 200 0 1
65 200 0 1
66 200 0 1
67 200 0 1
74 200 0 1
76 200 0 1
79 200 0 1
80 200 0 1
81 200 0 1
82 200 0 1
83 200 0 1
84 200 0 1
85 200 0 1
86 200 0 1
87 200 0 1
88 200 0 1
89 200 0 1
90 200 0 1
91 200 0 1
92 200 0 1
93 200 0 1
54 201 0 1
61 201 0 1
68 201 0 1
69 201 0 1
70 201 0 1
71 201 0 1
1 202 0 1
55 202 0 1
57 202 0 1
58 202 0 1
59 202 0 1
64 202 0 1
65 202 0 1
67 202 0 1
74 202 0 1
75 202 0 1
76 202 0 1
79 202 0 1
80 202 0 1
81 202 0 1
82 202 0 1
83 202 0 1
84 202 0 1
85 202 0 1
86 202 0 1
87 202 0 1
88 202 0 1
90 202 0 1
91 202 0 1
92 202 0 1
93 202 0 1
1 203 0 1
55 203 0 1
57 203 0 1
59 203 0 1
64 203 0 1
67 203 0 1
75 203 0 1
76 203 0 1
78 203 0 1
80 203 0 1
81 203 0 1
82 203 0 1
83 203 0 1
84 203 0 1
85 203 0 1
86 203 0 1
87 203 0 1
88 203 0 1
91 203 0 1
92 203 0 1
1 204 0 1
64 204 0 1
67 204 0 1
74 204 0 1
75 204 0 1
76 204 0 1
78 204 0 1
79 204 0 1
80 204 0 1
81 204 0 1
82 204 0 1
83 204 0 1
84 204 0 1
85 204 0 1
86 204 0 1
88 204 0 1
92 204 0 1
68 205 0 1
69 205 0 1
70 205 0 1
71 205 0 1
72 205 0 1
73 205 0 1
77 205 0 1
78 205 0 1
1 206 0 1
64 206 0 1
65 206 0 1
66 206 0 1
67 206 0 1
74 206 0 1
76 206 0 1
79 206 0 1
80 206 0 1
81 206 0 1
82 206 0 1
83 206 0 1
84 206 0 1
85 206 0 1
88 206 0 1
91 206 0 1
92 206 0 1
93 206 0 1
1 207 0 1
64 207 0 1
67 207 0 1
74 207 0 1
75 207 0 1
76 207 0 1
79 207 0 1
80 207 0 1
81 207 0 1
82 207 0 1
83 207 0 1
84 207 0 1
85 207 0 1
86 207 0 1
88 207 0 1
92 207 0 1
1 208 0 1
55 208 0 1
57 208 0 1
59 208 0 1
64 208 0 1
65 208 0 1
67 208 0 1
74 208 0 1
75 208 0 1
76 208 0 1
79 208 0 1
80 208 0 1
81 208 0 1
82 208 0 1
83 208 0 1
84 208 0 1
85 208 0 1
86 208 0 1
87 208 0 1
88 208 0 1
90 208 0 1
91 208 0 1
92 208 0 1
93 208 0 1
54 209 0 1
61 209 0 1
68 209 0 1
69 209 0 1
70 209 0 1
71 209 0 1
73 209 0 1
77 209 0 1
70 210 0 1
71 210 0 1
72 210 0 1
73 210 0 1
75 210 0 1
77 210 0 1
78 210 0 1
80 210 0 1
81 210 0 1
82 210 0 1
85 210 0 1
86 210 0 1
87 210 0 1
88 210 0 1
54 211 0 1
69 211 0 1
70 211 0 1
71 211 0 1
72 211 0 1
73 211 0 1
75 211 0 1
77 211 0 1
78 211 0 1
80 211 0 1
81 211 0 1
85 211 0 1
86 211 0 1
87 211 0 1
54 212 0 1
68 212 0 1
69 212 0 1
70 212 0 1
71 212 0 1
54 213 0 1
68 213 0 1
69 213 0 1
70 213 0 1
71 213 0 1
73 213 0 1
77 213 0 1
54 214 0 1
61 214 0 1
68 214 0 1
40 215 0 1
54 215 0 1
61 215 0 1
70 215 0 1
71 215 0 1
73 215 0 1
77 215 0 1
78 215 0 1
80 215 0 1
86 215 0 1
1 216 0 1
40 216 0 1
55 216 0 1
57 216 0 1
59 216 0 1
75 216 0 1
78 216 0 1
80 216 0 1
81 216 0 1
82 216 0 1
84 216 0 1
85 216 0 1
86 216 0 1
87 216 0 1
88 216 0 1
92 216 0 1
54 217 0 1
61 217 0 1
68 217 0 1
70 217 0 1
71 217 0 1
40 218 0 1
54 218 0 1
61 218 0 1
70 218 0 1
71 218 0 1
73 218 0 1
75 218 0 1
77 218 0 1
78 218 0 1
80 218 0 1
86 218 0 1
87 218 0 1
54 219 0 1
61 219 0 1
68 219 0 1
69 219 0 1
70 219 0 1
40 220 0 1
71 220 0 1
73 220 0 1
75 220 0 1
77 220 0 1
78 220 0 1
80 220 0 1
81 220 0 1
82 220 0 1
85 220 0 1
86 220 0 1
87 220 0 1
88 220 0 1
40 221 0 1
54 221 0 1
61 221 0 1
70 221 0 1
71 221 0 1
72 221 0 1
73 221 0 1
75 221 0 1
77 221 0 1
78 221 0 1
80 221 0 1
81 221 0 1
85 221 0 1
86 221 0 1
87 221 0 1
54 222 0 1
61 222 0 1
68 222 0 1
69 222 0 1
70 222 0 1
71 222 0 1
73 222 0 1
77 222 0 1
78 222 0 1
54 223 0 1
61 223 0 1
68 223 0 1
69 223 0 1
70 223 0 1
71 223 0 1
40 224 0 1
48 224 0 1
51 224 0 1
55 224 0 1
57 224 0 1
59 224 0 1
61 224 0 1
75 224 0 1
77 224 0 1
78 224 0 1
80 224 0 1
81 224 0 1
82 224 0 1
85 224 0 1
86 224 0 1
87 224 0 1
88 224 0 1
40 225 0 1
48 225 0 1
51 225 0 1
54 225 0 1
61 225 0 1
77 225 0 1
78 225 0 1
80 225 0 1
86 225 0 1
87 225 0 1
54 226 0 1
61 226 0 1
40 227 0 1
48 227 0 1
51 227 0 1
54 227 0 1
61 227 0 1
1 228 0 1
40 228 0 1
41 228 0 1
42 228 0 1
48 228 0 1
55 228 0 1
57 228 0 1
58 228 0 1
59 228 0 1
64 228 0 1
65 228 0 1
67 228 0 1
80 228 0 1
81 228 0 1
82 228 0 1
83 228 0 1
84 228 0 1
85 228 0 1
86 228 0 1
87 228 0 1
88 228 0 1
90 228 0 1
91 228 0 1
92 228 0 1
1 229 0 1
40 229 0 1
41 229 0 1
48 229 0 1
51 229 0 1
55 229 0 1
57 229 0 1
59 229 0 1
64 229 0 1
80 229 0 1
81 229 0 1
82 229 0 1
84 229 0 1
85 229 0 1
86 229 0 1
87 229 0 1
88 229 0 1
91 229 0 1
92 229 0 1
40 230 0 1
51 230 0 1
54 230 0 1
61 230 0 1
70 230 0 1
1 231 0 1
40 231 0 1
48 231 0 1
51 231 0 1
55 231 0 1
57 231 0 1
59 231 0 1
80 231 0 1
81 231 0 1
82 231 0 1
85 231 0 1
86 231 0 1
87 231 0 1
88 231 0 1
92 231 0 1
54 232 0 1
61 232 0 1
1 233 0 1
19 233 0 1
27 233 0 1
37 233 0 1
40 233 0 1
41 233 0 1
48 233 0 1
51 233 0 1
57 233 0 1
61 234 0 1
1 235 0 1
19 235 0 1
27 235 0 1
34 235 0 1
36 235 0 1
37 235 0 1
41 235 0 1
42 235 0 1
48 235 0 1
49 235 0 1
50 235 0 1
53 235 0 1
55 235 0 1
57 235 0 1
58 235 0 1
59 235 0 1
40 236 0 1
51 236 0 1
54 236 0 1
61 236 0 1
40 237 0 1
48 237 0 1
51 237 0 1
54 237 0 1
61 237 0 1
1 238 0 1
19 238 0 1
27 238 0 1
40 238 0 1
41 238 0 1
42 238 0 1
48 238 0 1
50 238 0 1
51 238 0 1
55 238 0 1
57 238 0 1
59 238 0 1
87 238 0 1
19 239 0 1
27 239 0 1
40 239 0 1
48 239 0 1
51 239 0 1
61 239 0 1
12 240 0 1
19 240 0 1
27 240 0 1
48 240 0 1
51 240 0 1
12 241 0 1
1 242 0 1
7 242 0 1
8 242 0 1
15 242 0 1
16 242 0 1
20 242 0 1
21 242 0 1
22 242 0 1
23 242 0 1
24 242 0 1
25 242 0 1
26 242 0 1
28 242 0 1
29 242 0 1
30 242 0 1
31 242 0 1
32 242 0 1
33 242 0 1
35 242 0 1
38 242 0 1
39 242 0 1
43 242 0 1
44 242 0 1
45 242 0 1
46 242 0 1
47 242 0 1
1 243 0 1
7 243 0 1
20 243 0 1
21 243 0 1
22 243 0 1
23 243 0 1
25 243 0 1
26 243 0 1
29 243 0 1
38 243 0 1
39 243 0 1
44 243 0 1
46 243 0 1
47 243 0 1
12 244 0 1
7 245 0 1
8 245 0 1
15 245 0 1
20 245 0 1
21 245 0 1
22 245 0 1
23 245 0 1
24 245 0 1
25 245 0 1
26 245 0 1
29 245 0 1
30 245 0 1
31 245 0 1
33 245 0 1
38 245 0 1
39 245 0 1
43 245 0 1
44 245 0 1
46 245 0 1
47 245 0 1
3 246 0 1
6 246 0 1
11 246 0 1
13 246 0 1
14 246 0 1
17 246 0 1
18 246 0 1
19 246 0 1
27 246 0 1
34 246 0 1
35 246 0 1
36 246 0 1
37 246 0 1
3 247 0 1
5 247 0 1
6 247 0 1
11 247 0 1
13 247 0 1
14 247 0 1
17 247 0 1
18 247 0 1
19 247 0 1
27 247 0 1
34 247 0 1
35 247 0 1
36 247 0 1
37 247 0 1
48 247 0 1
12 248 0 1
12 249 0 1
2 250 0 1
3 250 0 1
5 250 0 1
6 250 0 1
11 250 0 1
12 250 0 1
13 250 0 1
17 250 0 1
18 250 0 1
19 250 0 1
27 250 0 1
34 250 0 1
36 250 0 1
37 250 0 1
48 250 0 1
51 250 0 1
1 251 0 1
20 251 0 1
21 251 0 1
22 251 0 1
23 251 0 1
25 251 0 1
26 251 0 1
29 251 0 1
30 251 0 1
31 251 0 1
38 251 0 1
39 251 0 1
43 251 0 1
44 251 0 1
45 251 0 1
46 251 0 1
47 251 0 1
1 252 0 1
7 252 0 1
15 252 0 1
20 252 0 1
21 252 0 1
22 252 0 1
23 252 0 1
24 252 0 1
25 252 0 1
26 252 0 1
28 252 0 1
29 252 0 1
30 252 0 1
31 252 0 1
32 252 0 1
33 252 0 1
38 252 0 1
39 252 0 1
43 252 0 1
44 252 0 1
45 252 0 1
46 252 0 1
47 252 0 1
52 252 0 1
8 253 0 1
9 253 0 1
13 253 0 1
14 253 0 1
15 253 0 1
16 253 0 1
17 253 0 1
18 253 0 1
20 253 0 1
21 253 0 1
22 253 0 1
23 253 0 1
24 253 0 1
26 253 0 1
28 253 0 1
29 253 0 1
30 253 0 1
31 253 0 1
32 253 0 1
33 253 0 1
34 253 0 1
35 253 0 1
36 253 0 1
37 253 0 1
38 253 0 1
39 253 0 1
43 253 0 1
45 253 0 1
49 253 0 1
50 253 0 1
52 253 0 1
53 253 0 1
12 254 0 1
12 255 0 1
13 255 0 1
19 255 0 1
27 255 0 1
48 255 0 1
51 255 0 1
