2 3 0 0
2 4 0 0
3 4 0 0
1 5 0 0
2 5 0 0
3 5 0 0
4 5 0 0
2 6 0 0
3 6 0 0
4 6 0 0
5 6 0 0
2 7 0 0
3 7 0 0
4 7 0 0
5 7 0 0
6 7 0 0
1 8 0 0
5 8 0 0
7 8 0 0
1 9 0 0
5 9 0 0
8 9 0 0
1 11 0 0
5 11 0 0
8 11 0 0
9 11 0 0
1 12 0 0
10 12 0 0
1 13 0 0
10 13 0 0
12 13 0 0
1 14 0 0
12 14 0 0
13 14 0 0
1 15 0 0
8 15 0 0
9 15 0 0
11 15 0 0
14 15 0 0
1 16 0 0
8 16 0 0
9 16 0 0
11 16 0 0
15 16 0 0
1 17 0 0
12 17 0 0
13 17 0 0
14 17 0 0
15 17 0 0
16 17 0 0
1 18 0 0
10 18 0 0
11 18 0 0
12 18 0 0
13 18 0 0
14 18 0 0
17 18 0 0
1 19 0 0
5 19 0 0
8 19 0 0
9 19 0 0
11 19 0 0
14 19 0 0
15 19 0 0
16 19 0 0
17 19 0 0
18 19 0 0
1 20 0 0
5 20 0 0
8 20 0 0
9 20 0 0
11 20 0 0
14 20 0 0
15 20 0 0
16 20 0 0
17 20 0 0
18 20 0 0
19 20 0 0
1 21 0 0
8 21 0 0
9 21 0 0
11 21 0 0
12 21 0 0
14 21 0 0
15 21 0 0
16 21 0 0
17 21 0 0
18 21 0 0
19 21 0 0
20 21 0 0
1 22 0 0
5 22 0 0
8 22 0 0
9 22 0 0
11 22 0 0
15 22 0 0
16 22 0 0
17 22 0 0
19 22 0 0
20 22 0 0
21 22 0 0
1 23 0 0
12 23 0 0
13 23 0 0
14 23 0 0
17 23 0 0
18 23 0 0
1 24 0 0
12 24 0 0
13 24 0 0
14 24 0 0
17 24 0 0
18 24 0 0
21 24 0 0
23 24 0 0
1 25 0 0
12 25 0 0
13 25 0 0
14 25 0 0
17 25 0 0
18 25 0 0
23 25 0 0
24 25 0 0
23 26 0 0
25 26 0 0
26 27 0 0
1 28 0 0
26 28 0 0
27 28 0 0
1 29 0 0
28 29 0 0
1 30 0 0
23 30 0 0
24 30 0 0
25 30 0 0
26 30 0 0
28 30 0 0
29 30 0 0
1 31 0 0
23 31 0 0
25 31 0 0
26 31 0 0
27 31 0 0
28 31 0 0
29 31 0 0
30 31 0 0
1 32 0 0
23 32 0 0
24 32 0 0
25 32 0 0
26 32 0 0
28 32 0 0
29 32 0 0
30 32 0 0
31 32 0 0
1 33 0 0
12 33 0 0
13 33 0 0
14 33 0 0
17 33 0 0
23 33 0 0
24 33 0 0
25 33 0 0
26 33 0 0
29 33 0 0
30 33 0 0
31 33 0 0
32 33 0 0
1 34 0 0
12 34 0 0
13 34 0 0
14 34 0 0
17 34 0 0
23 34 0 0
24 34 0 0
25 34 0 0
26 34 0 0
29 34 0 0
30 34 0 0
31 34 0 0
32 34 0 0
33 34 0 0
10 36 0 1
2 39 0 1
6 39 0 1
2 45 0 1
4 45 0 1
6 45 0 1
2 51 0 1
3 51 0 1
4 51 0 1
6 51 0 1
2 53 0 1
4 53 0 1
1 54 0 1
4 54 0 1
5 54 0 1
8 54 0 1
9 54 0 1
11 54 0 1
18 54 0 1
19 54 0 1
20 54 0 1
21 54 0 1
22 54 0 1
11 55 0 1
18 55 0 1
1 56 0 1
4 56 0 1
5 56 0 1
6 56 0 1
7 56 0 1
8 56 0 1
9 56 0 1
11 56 0 1
19 56 0 1
20 56 0 1
10 58 0 1
3 59 0 1
4 59 0 1
6 59 0 1
11 59 0 1
10 62 0 1
10 63 0 1
10 65 0 1
10 70 0 1
10 71 0 1
10 73 0 1
13 73 0 1
23 73 0 1
26 73 0 1
27 73 0 1
10 75 0 1
13 75 0 1
26 75 0 1
27 75 0 1
26 77 0 1
27 77 0 1
28 77 0 1
31 77 0 1
27 78 0 1
26 82 0 1
27 82 0 1
27 84 0 1
10 85 0 1
10 86 0 1
10 87 0 1
13 87 0 1
26 87 0 1
27 87 0 1
10 88 0 1
10 89 0 1
