1 3 0 0
2 3 0 0
2 4 0 0
2 5 0 0
4 5 0 0
2 6 0 0
2 7 0 0
4 7 0 0
5 7 0 0
6 7 0 0
2 8 0 0
6 8 0 0
2 9 0 0
3 9 0 0
6 9 0 0
2 10 0 0
3 10 0 0
6 10 0 0
9 10 0 0
2 11 0 0
3 11 0 0
6 11 0 0
7 11 0 0
8 11 0 0
9 11 0 0
10 11 0 0
2 12 0 0
3 12 0 0
6 12 0 0
7 12 0 0
8 12 0 0
9 12 0 0
10 12 0 0
11 12 0 0
2 13 0 0
3 13 0 0
9 13 0 0
10 13 0 0
1 14 0 0
3 14 0 0
1 15 0 0
3 15 0 0
14 15 0 0
1 16 0 0
3 16 0 0
1 17 0 0
3 17 0 0
14 17 0 0
15 17 0 0
1 18 0 0
3 18 0 0
14 18 0 0
15 18 0 0
17 18 0 0
1 20 0 0
16 20 0 0
19 21 0 0
1 22 0 0
3 22 0 0
14 22 0 0
16 22 0 0
20 22 0 0
16 23 0 0
19 23 0 0
20 23 0 0
21 23 0 0
19 24 0 0
20 24 0 0
21 24 0 0
23 24 0 0
1 25 0 0
16 25 0 0
19 25 0 0
20 25 0 0
21 25 0 0
22 25 0 0
23 25 0 0
24 25 0 0
16 26 0 0
19 26 0 0
20 26 0 0
21 26 0 0
23 26 0 0
24 26 0 0
25 26 0 0
1 27 0 0
3 27 0 0
14 27 0 0
16 27 0 0
17 27 0 0
20 27 0 0
22 27 0 0
2 28 0 0
3 28 0 0
9 28 0 0
10 28 0 0
13 28 0 0
15 28 0 0
17 28 0 0
18 28 0 0
2 29 0 0
3 29 0 0
9 29 0 0
10 29 0 0
13 29 0 0
18 29 0 0
28 29 0 0
1 30 0 0
3 30 0 0
14 30 0 0
16 30 0 0
20 30 0 0
22 30 0 0
27 30 0 0
1 31 0 0
3 31 0 0
16 31 0 0
27 31 0 0
30 31 0 0
1 32 0 0
3 32 0 0
27 32 0 0
30 32 0 0
31 32 0 0
3 33 0 0
9 33 0 0
10 33 0 0
17 33 0 0
27 33 0 0
28 33 0 0
32 33 0 0
1 34 0 0
3 34 0 0
16 34 0 0
27 34 0 0
30 34 0 0
31 34 0 0
32 34 0 0
33 34 0 0
2 35 0 0
3 35 0 0
8 35 0 0
9 35 0 0
10 35 0 0
11 35 0 0
12 35 0 0
13 35 0 0
28 35 0 0
29 35 0 0
31 36 0 1
2 37 0 1
4 37 0 1
5 37 0 1
5 38 0 1
2 44 0 1
3 44 0 1
9 44 0 1
10 44 0 1
11 44 0 1
32 44 0 1
33 44 0 1
32 46 0 1
33 46 0 1
31 47 0 1
32 47 0 1
19 48 0 1
21 48 0 1
24 48 0 1
25 48 0 1
3 49 0 1
13 49 0 1
28 49 0 1
29 49 0 1
35 49 0 1
29 51 0 1
35 51 0 1
1 52 0 1
3 52 0 1
18 52 0 1
28 52 0 1
29 52 0 1
35 52 0 1
2 54 0 1
5 54 0 1
6 54 0 1
10 54 0 1
11 54 0 1
12 54 0 1
32 55 0 1
31 56 0 1
32 56 0 1
2 59 0 1
5 59 0 1
