2 3 0 0
3 4 0 0
1 5 0 0
2 5 0 0
1 6 0 0
5 7 0 0
1 8 0 0
5 8 0 0
7 8 0 0
1 9 0 0
5 9 0 0
7 9 0 0
8 9 0 0
1 10 0 0
5 10 0 0
7 10 0 0
8 10 0 0
9 10 0 0
1 11 0 0
5 11 0 0
7 11 0 0
8 11 0 0
9 11 0 0
10 11 0 0
2 12 0 0
5 12 0 0
2 13 0 0
5 13 0 0
12 13 0 0
1 14 0 0
1 15 0 0
14 15 0 0
1 16 0 0
9 16 0 0
10 16 0 0
14 16 0 0
15 16 0 0
1 17 0 0
10 17 0 0
14 17 0 0
15 17 0 0
16 17 0 0
2 18 0 0
5 18 0 0
13 18 0 0
2 19 0 0
5 19 0 0
12 19 0 0
13 19 0 0
2 20 0 0
5 20 0 0
13 20 0 0
18 20 0 0
19 20 0 0
2 21 0 0
2 22 0 0
3 22 0 0
19 22 0 0
20 22 0 0
21 22 0 0
2 23 0 0
3 23 0 0
4 23 0 0
2 24 0 0
3 24 0 0
21 24 0 0
22 24 0 0
2 25 0 0
3 25 0 0
4 25 0 0
22 25 0 0
23 25 0 0
2 26 0 0
3 26 0 0
4 26 0 0
22 26 0 0
23 26 0 0
25 26 0 0
3 27 0 0
21 27 0 0
22 27 0 0
24 27 0 0
2 28 0 0
3 28 0 0
21 28 0 0
22 28 0 0
24 28 0 0
25 28 0 0
27 28 0 0
3 29 0 0
24 29 0 0
27 29 0 0
28 29 0 0
2 30 0 0
5 30 0 0
13 30 0 0
18 30 0 0
20 30 0 0
12 31 0 1
1 32 0 1
3 32 0 1
4 32 0 1
14 32 0 1
15 32 0 1
16 32 0 1
17 32 0 1
23 32 0 1
12 35 0 1
19 35 0 1
1 36 0 1
14 36 0 1
15 36 0 1
16 36 0 1
17 36 0 1
1 37 0 1
14 37 0 1
15 37 0 1
16 37 0 1
17 37 0 1
14 38 0 1
15 38 0 1
16 38 0 1
17 38 0 1
2 39 0 1
19 39 0 1
21 39 0 1
22 39 0 1
24 39 0 1
4 40 0 1
23 40 0 1
23 41 0 1
4 42 0 1
23 42 0 1
3 43 0 1
4 43 0 1
4 44 0 1
3 45 0 1
4 45 0 1
23 45 0 1
