1 2 0 0
3 4 0 0
4 6 0 0
5 6 0 0
3 7 0 0
4 7 0 0
6 7 0 0
3 8 0 0
4 8 0 0
5 8 0 0
6 8 0 0
7 8 0 0
3 9 0 0
4 9 0 0
6 9 0 0
7 9 0 0
8 9 0 0
3 10 0 0
4 10 0 0
7 10 0 0
8 10 0 0
9 10 0 0
4 11 0 0
5 11 0 0
6 11 0 0
7 11 0 0
8 11 0 0
9 11 0 0
10 11 0 0
3 12 0 0
9 12 0 0
10 12 0 0
5 13 0 0
6 13 0 0
8 13 0 0
11 13 0 0
3 14 0 0
4 14 0 0
7 14 0 0
8 14 0 0
9 14 0 0
10 14 0 0
11 14 0 0
12 14 0 0
4 15 0 0
5 15 0 0
6 15 0 0
7 15 0 0
8 15 0 0
9 15 0 0
11 15 0 0
13 15 0 0
14 15 0 0
4 16 0 0
5 16 0 0
6 16 0 0
7 16 0 0
8 16 0 0
9 16 0 0
10 16 0 0
11 16 0 0
13 16 0 0
14 16 0 0
15 16 0 0
2 17 0 0
3 17 0 0
4 17 0 0
6 17 0 0
7 17 0 0
8 17 0 0
9 17 0 0
10 17 0 0
11 17 0 0
12 17 0 0
13 17 0 0
14 17 0 0
15 17 0 0
16 17 0 0
3 18 0 0
4 18 0 0
7 18 0 0
9 18 0 0
10 18 0 0
12 18 0 0
14 18 0 0
16 18 0 0
17 18 0 0
3 19 0 0
4 19 0 0
7 19 0 0
8 19 0 0
9 19 0 0
10 19 0 0
12 19 0 0
14 19 0 0
15 19 0 0
16 19 0 0
17 19 0 0
18 19 0 0
2 20 0 0
3 20 0 0
4 20 0 0
7 20 0 0
8 20 0 0
9 20 0 0
10 20 0 0
11 20 0 0
12 20 0 0
14 20 0 0
15 20 0 0
16 20 0 0
17 20 0 0
18 20 0 0
19 20 0 0
5 21 0 0
13 21 0 0
12 22 0 0
18 22 0 0
5 23 0 0
13 23 0 0
15 23 0 0
21 23 0 0
5 24 0 0
6 24 0 0
8 24 0 0
11 24 0 0
13 24 0 0
15 24 0 0
16 24 0 0
17 24 0 0
21 24 0 0
23 24 0 0
2 25 0 0
9 25 0 0
10 25 0 0
12 25 0 0
14 25 0 0
17 25 0 0
18 25 0 0
19 25 0 0
20 25 0 0
22 25 0 0
2 26 0 0
3 26 0 0
7 26 0 0
8 26 0 0
9 26 0 0
10 26 0 0
12 26 0 0
14 26 0 0
16 26 0 0
17 26 0 0
18 26 0 0
19 26 0 0
20 26 0 0
22 26 0 0
25 26 0 0
2 27 0 0
7 27 0 0
8 27 0 0
9 27 0 0
11 27 0 0
13 27 0 0
14 27 0 0
15 27 0 0
16 27 0 0
17 27 0 0
18 27 0 0
19 27 0 0
20 27 0 0
24 27 0 0
25 27 0 0
26 27 0 0
2 28 0 0
7 28 0 0
8 28 0 0
9 28 0 0
10 28 0 0
12 28 0 0
14 28 0 0
15 28 0 0
16 28 0 0
17 28 0 0
18 28 0 0
19 28 0 0
20 28 0 0
25 28 0 0
26 28 0 0
27 28 0 0
2 29 0 0
12 29 0 0
18 29 0 0
19 29 0 0
20 29 0 0
22 29 0 0
25 29 0 0
26 29 0 0
28 29 0 0
1 30 0 0
13 30 0 0
21 30 0 0
23 30 0 0
24 30 0 0
2 31 0 0
8 31 0 0
13 31 0 0
15 31 0 0
16 31 0 0
17 31 0 0
20 31 0 0
24 31 0 0
26 31 0 0
27 31 0 0
28 31 0 0
2 32 0 0
9 32 0 0
12 32 0 0
14 32 0 0
16 32 0 0
17 32 0 0
18 32 0 0
19 32 0 0
20 32 0 0
25 32 0 0
26 32 0 0
27 32 0 0
28 32 0 0
29 32 0 0
31 32 0 0
1 33 0 0
21 33 0 0
23 33 0 0
24 33 0 0
30 33 0 0
1 34 0 0
2 34 0 0
13 34 0 0
15 34 0 0
21 34 0 0
23 34 0 0
24 34 0 0
27 34 0 0
30 34 0 0
31 34 0 0
33 34 0 0
1 35 0 0
2 35 0 0
13 35 0 0
15 35 0 0
16 35 0 0
17 35 0 0
23 35 0 0
24 35 0 0
27 35 0 0
30 35 0 0
31 35 0 0
34 35 0 0
1 36 0 0
2 36 0 0
13 36 0 0
15 36 0 0
16 36 0 0
17 36 0 0
21 36 0 0
23 36 0 0
24 36 0 0
27 36 0 0
30 36 0 0
31 36 0 0
33 36 0 0
34 36 0 0
35 36 0 0
2 37 0 0
12 37 0 0
14 37 0 0
17 37 0 0
18 37 0 0
19 37 0 0
20 37 0 0
25 37 0 0
26 37 0 0
27 37 0 0
28 37 0 0
29 37 0 0
31 37 0 0
32 37 0 0
2 38 0 0
9 38 0 0
12 38 0 0
14 38 0 0
16 38 0 0
17 38 0 0
18 38 0 0
19 38 0 0
20 38 0 0
25 38 0 0
26 38 0 0
27 38 0 0
28 38 0 0
29 38 0 0
31 38 0 0
32 38 0 0
35 38 0 0
36 38 0 0
37 38 0 0
1 39 0 0
13 39 0 0
21 39 0 0
23 39 0 0
24 39 0 0
30 39 0 0
33 39 0 0
34 39 0 0
35 39 0 0
36 39 0 0
2 40 0 0
12 40 0 0
14 40 0 0
17 40 0 0
18 40 0 0
19 40 0 0
20 40 0 0
25 40 0 0
26 40 0 0
27 40 0 0
28 40 0 0
29 40 0 0
31 40 0 0
32 40 0 0
35 40 0 0
36 40 0 0
37 40 0 0
38 40 0 0
5 41 0 0
11 41 0 0
13 41 0 0
15 41 0 0
16 41 0 0
21 41 0 0
23 41 0 0
24 41 0 0
27 41 0 0
30 41 0 0
31 41 0 0
33 41 0 0
34 41 0 0
35 41 0 0
36 41 0 0
39 41 0 0
2 42 0 0
8 42 0 0
11 42 0 0
13 42 0 0
15 42 0 0
16 42 0 0
17 42 0 0
21 42 0 0
23 42 0 0
24 42 0 0
27 42 0 0
30 42 0 0
31 42 0 0
33 42 0 0
34 42 0 0
35 42 0 0
36 42 0 0
39 42 0 0
41 42 0 0
2 43 0 0
8 43 0 0
9 43 0 0
11 43 0 0
12 43 0 0
14 43 0 0
15 43 0 0
16 43 0 0
17 43 0 0
18 43 0 0
19 43 0 0
20 43 0 0
25 43 0 0
26 43 0 0
27 43 0 0
28 43 0 0
31 43 0 0
32 43 0 0
35 43 0 0
36 43 0 0
37 43 0 0
38 43 0 0
40 43 0 0
42 43 0 0
2 44 0 0
7 44 0 0
8 44 0 0
9 44 0 0
11 44 0 0
12 44 0 0
13 44 0 0
14 44 0 0
15 44 0 0
16 44 0 0
17 44 0 0
18 44 0 0
19 44 0 0
20 44 0 0
24 44 0 0
25 44 0 0
26 44 0 0
27 44 0 0
28 44 0 0
31 44 0 0
32 44 0 0
34 44 0 0
35 44 0 0
36 44 0 0
37 44 0 0
38 44 0 0
40 44 0 0
41 44 0 0
42 44 0 0
43 44 0 0
2 45 0 0
8 45 0 0
9 45 0 0
11 45 0 0
13 45 0 0
14 45 0 0
15 45 0 0
16 45 0 0
17 45 0 0
19 45 0 0
20 45 0 0
24 45 0 0
26 45 0 0
27 45 0 0
28 45 0 0
31 45 0 0
32 45 0 0
34 45 0 0
35 45 0 0
36 45 0 0
37 45 0 0
38 45 0 0
40 45 0 0
41 45 0 0
42 45 0 0
43 45 0 0
44 45 0 0
2 46 0 0
3 46 0 0
4 46 0 0
7 46 0 0
8 46 0 0
9 46 0 0
10 46 0 0
11 46 0 0
12 46 0 0
13 46 0 0
14 46 0 0
15 46 0 0
16 46 0 0
17 46 0 0
18 46 0 0
19 46 0 0
20 46 0 0
24 46 0 0
25 46 0 0
26 46 0 0
27 46 0 0
28 46 0 0
29 46 0 0
31 46 0 0
32 46 0 0
35 46 0 0
36 46 0 0
37 46 0 0
38 46 0 0
40 46 0 0
42 46 0 0
43 46 0 0
44 46 0 0
45 46 0 0
2 47 0 0
5 47 0 0
6 47 0 0
8 47 0 0
9 47 0 0
11 47 0 0
13 47 0 0
14 47 0 0
15 47 0 0
16 47 0 0
17 47 0 0
20 47 0 0
21 47 0 0
23 47 0 0
24 47 0 0
26 47 0 0
27 47 0 0
28 47 0 0
30 47 0 0
31 47 0 0
32 47 0 0
34 47 0 0
35 47 0 0
36 47 0 0
38 47 0 0
39 47 0 0
40 47 0 0
41 47 0 0
42 47 0 0
43 47 0 0
44 47 0 0
45 47 0 0
46 47 0 0
2 48 0 0
9 48 0 0
10 48 0 0
12 48 0 0
14 48 0 0
16 48 0 0
17 48 0 0
18 48 0 0
19 48 0 0
20 48 0 0
22 48 0 0
25 48 0 0
26 48 0 0
27 48 0 0
28 48 0 0
29 48 0 0
31 48 0 0
32 48 0 0
37 48 0 0
38 48 0 0
40 48 0 0
43 48 0 0
44 48 0 0
45 48 0 0
46 48 0 0
2 49 0 0
9 49 0 0
12 49 0 0
14 49 0 0
15 49 0 0
16 49 0 0
17 49 0 0
18 49 0 0
19 49 0 0
20 49 0 0
25 49 0 0
26 49 0 0
27 49 0 0
28 49 0 0
29 49 0 0
31 49 0 0
32 49 0 0
35 49 0 0
36 49 0 0
37 49 0 0
38 49 0 0
40 49 0 0
43 49 0 0
44 49 0 0
45 49 0 0
46 49 0 0
47 49 0 0
48 49 0 0
2 50 0 0
9 50 0 0
12 50 0 0
14 50 0 0
16 50 0 0
17 50 0 0
18 50 0 0
19 50 0 0
20 50 0 0
22 50 0 0
25 50 0 0
26 50 0 0
27 50 0 0
28 50 0 0
29 50 0 0
31 50 0 0
32 50 0 0
37 50 0 0
38 50 0 0
40 50 0 0
43 50 0 0
44 50 0 0
45 50 0 0
46 50 0 0
48 50 0 0
49 50 0 0
2 51 0 0
8 51 0 0
11 51 0 0
13 51 0 0
15 51 0 0
16 51 0 0
17 51 0 0
20 51 0 0
23 51 0 0
24 51 0 0
27 51 0 0
28 51 0 0
30 51 0 0
31 51 0 0
32 51 0 0
34 51 0 0
35 51 0 0
36 51 0 0
37 51 0 0
38 51 0 0
39 51 0 0
40 51 0 0
41 51 0 0
42 51 0 0
43 51 0 0
44 51 0 0
45 51 0 0
46 51 0 0
47 51 0 0
49 51 0 0
50 51 0 0
2 52 0 0
22 52 0 0
29 52 0 0
37 52 0 0
48 52 0 0
50 52 0 0
2 53 0 0
22 53 0 0
29 53 0 0
32 53 0 0
37 53 0 0
40 53 0 0
48 53 0 0
50 53 0 0
52 53 0 0
1 54 0 0
21 54 0 0
30 54 0 0
33 54 0 0
39 54 0 0
1 55 0 0
2 55 0 0
24 55 0 0
27 55 0 0
30 55 0 0
31 55 0 0
34 55 0 0
35 55 0 0
36 55 0 0
38 55 0 0
39 55 0 0
41 55 0 0
42 55 0 0
44 55 0 0
45 55 0 0
47 55 0 0
51 55 0 0
1 56 0 0
2 56 0 0
27 56 0 0
31 56 0 0
32 56 0 0
34 56 0 0
35 56 0 0
36 56 0 0
37 56 0 0
38 56 0 0
40 56 0 0
41 56 0 0
42 56 0 0
43 56 0 0
44 56 0 0
45 56 0 0
46 56 0 0
47 56 0 0
49 56 0 0
51 56 0 0
55 56 0 0
2 57 0 0
22 57 0 0
25 57 0 0
28 57 0 0
29 57 0 0
32 57 0 0
37 57 0 0
38 57 0 0
40 57 0 0
43 57 0 0
44 57 0 0
46 57 0 0
48 57 0 0
49 57 0 0
50 57 0 0
52 57 0 0
53 57 0 0
2 58 0 0
28 58 0 0
29 58 0 0
31 58 0 0
32 58 0 0
37 58 0 0
38 58 0 0
40 58 0 0
43 58 0 0
44 58 0 0
46 58 0 0
48 58 0 0
49 58 0 0
50 58 0 0
52 58 0 0
53 58 0 0
56 58 0 0
57 58 0 0
1 59 0 0
2 59 0 0
21 59 0 0
30 59 0 0
33 59 0 0
34 59 0 0
39 59 0 0
41 59 0 0
54 59 0 0
55 59 0 0
1 60 0 0
2 60 0 0
21 60 0 0
30 60 0 0
33 60 0 0
34 60 0 0
35 60 0 0
36 60 0 0
39 60 0 0
41 60 0 0
42 60 0 0
54 60 0 0
55 60 0 0
59 60 0 0
1 61 0 0
2 61 0 0
30 61 0 0
31 61 0 0
34 61 0 0
35 61 0 0
36 61 0 0
38 61 0 0
40 61 0 0
41 61 0 0
42 61 0 0
44 61 0 0
45 61 0 0
47 61 0 0
51 61 0 0
55 61 0 0
56 61 0 0
60 61 0 0
2 62 0 0
12 62 0 0
22 62 0 0
25 62 0 0
29 62 0 0
32 62 0 0
37 62 0 0
40 62 0 0
48 62 0 0
50 62 0 0
52 62 0 0
53 62 0 0
57 62 0 0
58 62 0 0
2 63 0 0
12 63 0 0
22 63 0 0
25 63 0 0
26 63 0 0
28 63 0 0
29 63 0 0
32 63 0 0
37 63 0 0
38 63 0 0
40 63 0 0
48 63 0 0
49 63 0 0
50 63 0 0
52 63 0 0
53 63 0 0
57 63 0 0
58 63 0 0
62 63 0 0
1 64 0 0
2 64 0 0
13 64 0 0
21 64 0 0
23 64 0 0
24 64 0 0
27 64 0 0
30 64 0 0
31 64 0 0
33 64 0 0
34 64 0 0
35 64 0 0
36 64 0 0
39 64 0 0
41 64 0 0
42 64 0 0
44 64 0 0
45 64 0 0
47 64 0 0
51 64 0 0
55 64 0 0
56 64 0 0
59 64 0 0
60 64 0 0
61 64 0 0
1 65 0 0
2 65 0 0
24 65 0 0
27 65 0 0
28 65 0 0
31 65 0 0
32 65 0 0
34 65 0 0
35 65 0 0
36 65 0 0
37 65 0 0
38 65 0 0
40 65 0 0
41 65 0 0
42 65 0 0
43 65 0 0
44 65 0 0
45 65 0 0
46 65 0 0
47 65 0 0
49 65 0 0
50 65 0 0
51 65 0 0
55 65 0 0
56 65 0 0
58 65 0 0
61 65 0 0
64 65 0 0
1 66 0 0
2 66 0 0
13 66 0 0
15 66 0 0
16 66 0 0
17 66 0 0
20 66 0 0
24 66 0 0
26 66 0 0
27 66 0 0
28 66 0 0
31 66 0 0
32 66 0 0
34 66 0 0
35 66 0 0
36 66 0 0
37 66 0 0
38 66 0 0
40 66 0 0
41 66 0 0
42 66 0 0
43 66 0 0
44 66 0 0
45 66 0 0
46 66 0 0
47 66 0 0
48 66 0 0
49 66 0 0
50 66 0 0
51 66 0 0
55 66 0 0
56 66 0 0
58 66 0 0
61 66 0 0
64 66 0 0
65 66 0 0
2 67 0 0
13 67 0 0
15 67 0 0
16 67 0 0
17 67 0 0
20 67 0 0
24 67 0 0
25 67 0 0
26 67 0 0
27 67 0 0
28 67 0 0
31 67 0 0
32 67 0 0
34 67 0 0
35 67 0 0
36 67 0 0
37 67 0 0
38 67 0 0
40 67 0 0
41 67 0 0
42 67 0 0
43 67 0 0
44 67 0 0
45 67 0 0
46 67 0 0
47 67 0 0
48 67 0 0
49 67 0 0
50 67 0 0
51 67 0 0
55 67 0 0
56 67 0 0
57 67 0 0
58 67 0 0
61 67 0 0
64 67 0 0
65 67 0 0
66 67 0 0
2 68 0 0
9 68 0 0
12 68 0 0
14 68 0 0
17 68 0 0
18 68 0 0
19 68 0 0
20 68 0 0
22 68 0 0
25 68 0 0
26 68 0 0
27 68 0 0
28 68 0 0
29 68 0 0
31 68 0 0
32 68 0 0
37 68 0 0
38 68 0 0
40 68 0 0
43 68 0 0
44 68 0 0
46 68 0 0
48 68 0 0
49 68 0 0
50 68 0 0
52 68 0 0
53 68 0 0
57 68 0 0
58 68 0 0
62 68 0 0
63 68 0 0
65 68 0 0
66 68 0 0
67 68 0 0
1 69 0 0
21 69 0 0
23 69 0 0
24 69 0 0
30 69 0 0
33 69 0 0
34 69 0 0
39 69 0 0
41 69 0 0
42 69 0 0
54 69 0 0
59 69 0 0
60 69 0 0
64 69 0 0
1 70 0 0
2 70 0 0
13 70 0 0
21 70 0 0
23 70 0 0
24 70 0 0
27 70 0 0
30 70 0 0
31 70 0 0
33 70 0 0
34 70 0 0
35 70 0 0
36 70 0 0
39 70 0 0
41 70 0 0
42 70 0 0
44 70 0 0
45 70 0 0
47 70 0 0
51 70 0 0
55 70 0 0
56 70 0 0
59 70 0 0
60 70 0 0
61 70 0 0
64 70 0 0
65 70 0 0
66 70 0 0
67 70 0 0
69 70 0 0
1 71 0 0
2 71 0 0
13 71 0 0
21 71 0 0
23 71 0 0
24 71 0 0
30 71 0 0
33 71 0 0
34 71 0 0
35 71 0 0
36 71 0 0
39 71 0 0
41 71 0 0
42 71 0 0
47 71 0 0
51 71 0 0
54 71 0 0
55 71 0 0
56 71 0 0
59 71 0 0
60 71 0 0
61 71 0 0
64 71 0 0
65 71 0 0
66 71 0 0
69 71 0 0
70 71 0 0
2 72 0 0
12 72 0 0
19 72 0 0
20 72 0 0
25 72 0 0
26 72 0 0
27 72 0 0
28 72 0 0
29 72 0 0
31 72 0 0
32 72 0 0
37 72 0 0
38 72 0 0
40 72 0 0
43 72 0 0
44 72 0 0
46 72 0 0
48 72 0 0
49 72 0 0
50 72 0 0
52 72 0 0
53 72 0 0
56 72 0 0
57 72 0 0
58 72 0 0
62 72 0 0
63 72 0 0
65 72 0 0
66 72 0 0
67 72 0 0
68 72 0 0
1 73 0 0
21 73 0 0
23 73 0 0
24 73 0 0
30 73 0 0
33 73 0 0
34 73 0 0
39 73 0 0
41 73 0 0
54 73 0 0
59 73 0 0
60 73 0 0
64 73 0 0
69 73 0 0
70 73 0 0
71 73 0 0
1 74 0 0
2 74 0 0
21 74 0 0
23 74 0 0
24 74 0 0
30 74 0 0
33 74 0 0
34 74 0 0
35 74 0 0
36 74 0 0
39 74 0 0
41 74 0 0
42 74 0 0
47 74 0 0
54 74 0 0
55 74 0 0
59 74 0 0
60 74 0 0
61 74 0 0
64 74 0 0
69 74 0 0
70 74 0 0
71 74 0 0
73 74 0 0
1 75 0 0
2 75 0 0
24 75 0 0
27 75 0 0
30 75 0 0
31 75 0 0
34 75 0 0
35 75 0 0
36 75 0 0
38 75 0 0
39 75 0 0
40 75 0 0
41 75 0 0
42 75 0 0
43 75 0 0
44 75 0 0
45 75 0 0
46 75 0 0
47 75 0 0
49 75 0 0
51 75 0 0
55 75 0 0
56 75 0 0
60 75 0 0
61 75 0 0
64 75 0 0
65 75 0 0
66 75 0 0
67 75 0 0
70 75 0 0
71 75 0 0
74 75 0 0
2 76 0 0
12 76 0 0
22 76 0 0
25 76 0 0
26 76 0 0
28 76 0 0
29 76 0 0
32 76 0 0
37 76 0 0
38 76 0 0
40 76 0 0
43 76 0 0
44 76 0 0
46 76 0 0
48 76 0 0
49 76 0 0
50 76 0 0
52 76 0 0
53 76 0 0
57 76 0 0
58 76 0 0
62 76 0 0
63 76 0 0
68 76 0 0
72 76 0 0
2 77 0 0
22 77 0 0
25 77 0 0
26 77 0 0
28 77 0 0
29 77 0 0
32 77 0 0
37 77 0 0
38 77 0 0
40 77 0 0
43 77 0 0
44 77 0 0
46 77 0 0
48 77 0 0
49 77 0 0
50 77 0 0
52 77 0 0
53 77 0 0
57 77 0 0
58 77 0 0
62 77 0 0
63 77 0 0
67 77 0 0
68 77 0 0
72 77 0 0
76 77 0 0
2 78 0 0
52 78 0 0
53 78 0 0
57 78 0 0
62 78 0 0
63 78 0 0
76 78 0 0
2 79 0 0
35 79 0 0
37 79 0 0
38 79 0 0
40 79 0 0
44 79 0 0
55 79 0 0
56 79 0 0
57 79 0 0
58 79 0 0
61 79 0 0
65 79 0 0
66 79 0 0
67 79 0 0
68 79 0 0
72 79 0 0
75 79 0 0
77 79 0 0
1 80 0 0
2 80 0 0
35 80 0 0
38 80 0 0
40 80 0 0
44 80 0 0
55 80 0 0
56 80 0 0
58 80 0 0
61 80 0 0
64 80 0 0
65 80 0 0
66 80 0 0
67 80 0 0
72 80 0 0
75 80 0 0
79 80 0 0
2 81 0 0
52 81 0 0
78 81 0 0
2 82 0 0
52 82 0 0
53 82 0 0
57 82 0 0
62 82 0 0
76 82 0 0
78 82 0 0
81 82 0 0
2 83 0 0
52 83 0 0
53 83 0 0
57 83 0 0
58 83 0 0
63 83 0 0
76 83 0 0
77 83 0 0
78 83 0 0
81 83 0 0
82 83 0 0
1 84 0 0
2 84 0 0
55 84 0 0
56 84 0 0
61 84 0 0
75 84 0 0
79 84 0 0
80 84 0 0
1 85 0 0
54 85 0 0
59 85 0 0
73 85 0 0
1 86 0 0
54 86 0 0
59 86 0 0
73 86 0 0
85 86 0 0
1 87 0 0
54 87 0 0
59 87 0 0
60 87 0 0
69 87 0 0
73 87 0 0
74 87 0 0
85 87 0 0
86 87 0 0
1 88 0 0
2 88 0 0
54 88 0 0
59 88 0 0
60 88 0 0
69 88 0 0
71 88 0 0
73 88 0 0
74 88 0 0
84 88 0 0
85 88 0 0
86 88 0 0
87 88 0 0
2 89 0 0
52 89 0 0
53 89 0 0
62 89 0 0
63 89 0 0
78 89 0 0
81 89 0 0
82 89 0 0
83 89 0 0
1 90 0 0
30 90 0 0
33 90 0 0
39 90 0 0
54 90 0 0
59 90 0 0
60 90 0 0
69 90 0 0
71 90 0 0
73 90 0 0
74 90 0 0
85 90 0 0
86 90 0 0
87 90 0 0
88 90 0 0
1 91 0 0
2 91 0 0
30 91 0 0
33 91 0 0
34 91 0 0
35 91 0 0
36 91 0 0
39 91 0 0
41 91 0 0
42 91 0 0
54 91 0 0
55 91 0 0
59 91 0 0
60 91 0 0
61 91 0 0
64 91 0 0
69 91 0 0
70 91 0 0
71 91 0 0
73 91 0 0
74 91 0 0
75 91 0 0
84 91 0 0
87 91 0 0
88 91 0 0
90 91 0 0
1 92 0 0
30 92 0 0
33 92 0 0
39 92 0 0
54 92 0 0
59 92 0 0
60 92 0 0
69 92 0 0
71 92 0 0
73 92 0 0
74 92 0 0
85 92 0 0
86 92 0 0
87 92 0 0
88 92 0 0
90 92 0 0
91 92 0 0
1 93 0 0
2 93 0 0
30 93 0 0
33 93 0 0
34 93 0 0
35 93 0 0
36 93 0 0
39 93 0 0
41 93 0 0
54 93 0 0
55 93 0 0
56 93 0 0
59 93 0 0
60 93 0 0
61 93 0 0
64 93 0 0
65 93 0 0
66 93 0 0
69 93 0 0
70 93 0 0
71 93 0 0
73 93 0 0
74 93 0 0
75 93 0 0
84 93 0 0
87 93 0 0
88 93 0 0
90 93 0 0
91 93 0 0
92 93 0 0
1 94 0 0
2 94 0 0
30 94 0 0
33 94 0 0
34 94 0 0
39 94 0 0
54 94 0 0
55 94 0 0
59 94 0 0
60 94 0 0
61 94 0 0
64 94 0 0
69 94 0 0
70 94 0 0
71 94 0 0
73 94 0 0
74 94 0 0
75 94 0 0
84 94 0 0
87 94 0 0
88 94 0 0
90 94 0 0
91 94 0 0
92 94 0 0
93 94 0 0
2 95 0 0
22 95 0 0
29 95 0 0
52 95 0 0
53 95 0 0
57 95 0 0
58 95 0 0
62 95 0 0
63 95 0 0
68 95 0 0
72 95 0 0
76 95 0 0
77 95 0 0
78 95 0 0
81 95 0 0
82 95 0 0
83 95 0 0
89 95 0 0
2 96 0 0
29 96 0 0
32 96 0 0
37 96 0 0
38 96 0 0
40 96 0 0
44 96 0 0
48 96 0 0
50 96 0 0
52 96 0 0
53 96 0 0
57 96 0 0
58 96 0 0
62 96 0 0
63 96 0 0
67 96 0 0
68 96 0 0
72 96 0 0
76 96 0 0
77 96 0 0
79 96 0 0
80 96 0 0
82 96 0 0
83 96 0 0
95 96 0 0
1 97 0 0
2 97 0 0
30 97 0 0
31 97 0 0
34 97 0 0
35 97 0 0
36 97 0 0
39 97 0 0
42 97 0 0
44 97 0 0
47 97 0 0
51 97 0 0
55 97 0 0
56 97 0 0
59 97 0 0
60 97 0 0
61 97 0 0
64 97 0 0
65 97 0 0
66 97 0 0
67 97 0 0
70 97 0 0
71 97 0 0
74 97 0 0
75 97 0 0
79 97 0 0
80 97 0 0
84 97 0 0
88 97 0 0
91 97 0 0
93 97 0 0
94 97 0 0
2 98 0 0
29 98 0 0
32 98 0 0
37 98 0 0
38 98 0 0
40 98 0 0
43 98 0 0
44 98 0 0
46 98 0 0
48 98 0 0
49 98 0 0
50 98 0 0
52 98 0 0
53 98 0 0
57 98 0 0
58 98 0 0
62 98 0 0
63 98 0 0
67 98 0 0
68 98 0 0
72 98 0 0
76 98 0 0
77 98 0 0
79 98 0 0
80 98 0 0
82 98 0 0
83 98 0 0
95 98 0 0
96 98 0 0
1 99 0 0
2 99 0 0
24 99 0 0
30 99 0 0
31 99 0 0
33 99 0 0
34 99 0 0
35 99 0 0
36 99 0 0
39 99 0 0
41 99 0 0
42 99 0 0
45 99 0 0
47 99 0 0
51 99 0 0
55 99 0 0
56 99 0 0
59 99 0 0
60 99 0 0
61 99 0 0
64 99 0 0
65 99 0 0
66 99 0 0
67 99 0 0
69 99 0 0
70 99 0 0
71 99 0 0
73 99 0 0
74 99 0 0
75 99 0 0
79 99 0 0
80 99 0 0
84 99 0 0
88 99 0 0
91 99 0 0
93 99 0 0
94 99 0 0
97 99 0 0
1 100 0 0
2 100 0 0
13 100 0 0
21 100 0 0
23 100 0 0
24 100 0 0
30 100 0 0
31 100 0 0
33 100 0 0
34 100 0 0
35 100 0 0
36 100 0 0
39 100 0 0
41 100 0 0
42 100 0 0
45 100 0 0
47 100 0 0
51 100 0 0
54 100 0 0
55 100 0 0
56 100 0 0
59 100 0 0
60 100 0 0
61 100 0 0
64 100 0 0
65 100 0 0
66 100 0 0
67 100 0 0
69 100 0 0
70 100 0 0
71 100 0 0
73 100 0 0
74 100 0 0
75 100 0 0
80 100 0 0
84 100 0 0
87 100 0 0
88 100 0 0
90 100 0 0
91 100 0 0
92 100 0 0
93 100 0 0
94 100 0 0
97 100 0 0
99 100 0 0
1 101 0 0
2 101 0 0
33 101 0 0
39 101 0 0
54 101 0 0
59 101 0 0
60 101 0 0
69 101 0 0
71 101 0 0
73 101 0 0
74 101 0 0
85 101 0 0
86 101 0 0
87 101 0 0
88 101 0 0
90 101 0 0
91 101 0 0
92 101 0 0
93 101 0 0
94 101 0 0
100 101 0 0
3 102 0 1
4 102 0 1
10 102 0 1
5 103 0 1
6 103 0 1
5 105 0 1
3 106 0 1
4 106 0 1
7 106 0 1
10 106 0 1
3 108 0 1
10 108 0 1
5 109 0 1
6 109 0 1
5 111 0 1
6 111 0 1
5 112 0 1
5 113 0 1
12 115 0 1
18 115 0 1
22 115 0 1
25 115 0 1
29 115 0 1
48 115 0 1
5 116 0 1
21 116 0 1
23 116 0 1
24 116 0 1
30 116 0 1
33 116 0 1
39 116 0 1
41 116 0 1
54 116 0 1
69 116 0 1
71 116 0 1
73 116 0 1
74 116 0 1
21 117 0 1
30 117 0 1
33 117 0 1
39 117 0 1
54 117 0 1
59 117 0 1
69 117 0 1
73 117 0 1
90 117 0 1
92 117 0 1
22 118 0 1
29 118 0 1
52 118 0 1
53 118 0 1
62 118 0 1
63 118 0 1
89 118 0 1
95 118 0 1
1 119 0 1
2 119 0 1
13 119 0 1
15 119 0 1
16 119 0 1
17 119 0 1
21 119 0 1
23 119 0 1
24 119 0 1
27 119 0 1
30 119 0 1
31 119 0 1
33 119 0 1
34 119 0 1
35 119 0 1
36 119 0 1
38 119 0 1
39 119 0 1
41 119 0 1
42 119 0 1
43 119 0 1
44 119 0 1
45 119 0 1
46 119 0 1
47 119 0 1
51 119 0 1
55 119 0 1
56 119 0 1
60 119 0 1
61 119 0 1
64 119 0 1
65 119 0 1
66 119 0 1
67 119 0 1
70 119 0 1
71 119 0 1
74 119 0 1
75 119 0 1
91 119 0 1
93 119 0 1
94 119 0 1
97 119 0 1
99 119 0 1
100 119 0 1
1 120 0 1
21 120 0 1
23 120 0 1
24 120 0 1
30 120 0 1
33 120 0 1
39 120 0 1
41 120 0 1
54 120 0 1
59 120 0 1
60 120 0 1
69 120 0 1
70 120 0 1
71 120 0 1
73 120 0 1
74 120 0 1
85 120 0 1
90 120 0 1
91 120 0 1
92 120 0 1
93 120 0 1
94 120 0 1
100 120 0 1
101 120 0 1
2 121 0 1
22 121 0 1
29 121 0 1
52 121 0 1
53 121 0 1
57 121 0 1
62 121 0 1
63 121 0 1
68 121 0 1
76 121 0 1
77 121 0 1
78 121 0 1
81 121 0 1
82 121 0 1
83 121 0 1
89 121 0 1
95 121 0 1
96 121 0 1
98 121 0 1
2 122 0 1
12 122 0 1
22 122 0 1
29 122 0 1
48 122 0 1
52 122 0 1
53 122 0 1
57 122 0 1
62 122 0 1
63 122 0 1
68 122 0 1
76 122 0 1
77 122 0 1
78 122 0 1
89 122 0 1
95 122 0 1
2 123 0 1
12 123 0 1
18 123 0 1
22 123 0 1
25 123 0 1
26 123 0 1
29 123 0 1
32 123 0 1
37 123 0 1
48 123 0 1
50 123 0 1
52 123 0 1
53 123 0 1
57 123 0 1
62 123 0 1
63 123 0 1
68 123 0 1
72 123 0 1
76 123 0 1
77 123 0 1
95 123 0 1
98 123 0 1
3 127 0 1
10 127 0 1
18 127 0 1
5 131 0 1
6 131 0 1
11 131 0 1
5 132 0 1
5 135 0 1
5 136 0 1
6 136 0 1
11 136 0 1
3 137 0 1
4 137 0 1
10 137 0 1
3 138 0 1
10 138 0 1
18 138 0 1
5 139 0 1
6 139 0 1
6 141 0 1
6 144 0 1
3 145 0 1
4 145 0 1
10 145 0 1
3 147 0 1
4 147 0 1
6 147 0 1
7 147 0 1
4 148 0 1
3 153 0 1
4 153 0 1
