2 3 0 0
2 4 0 0
3 4 0 0
1 5 0 0
1 6 0 0
4 6 0 0
5 6 0 0
1 7 0 0
2 7 0 0
3 7 0 0
4 7 0 0
5 7 0 0
6 7 0 0
1 8 0 0
4 8 0 0
5 8 0 0
6 8 0 0
7 8 0 0
1 9 0 0
4 9 0 0
5 9 0 0
6 9 0 0
7 9 0 0
8 9 0 0
1 10 0 0
1 11 0 0
10 11 0 0
1 12 0 0
10 12 0 0
11 12 0 0
1 13 0 0
10 13 0 0
11 13 0 0
12 13 0 0
1 14 0 0
11 14 0 0
13 14 0 0
1 15 0 0
14 15 0 0
1 16 0 0
10 16 0 0
11 16 0 0
12 16 0 0
13 16 0 0
14 16 0 0
15 16 0 0
1 17 0 0
14 17 0 0
15 17 0 0
16 17 0 0
1 18 0 0
10 18 0 0
11 18 0 0
13 18 0 0
14 18 0 0
15 18 0 0
16 18 0 0
17 18 0 0
1 19 0 0
10 19 0 0
11 19 0 0
12 19 0 0
13 19 0 0
14 19 0 0
16 19 0 0
17 19 0 0
18 19 0 0
1 20 0 0
1 21 0 0
14 21 0 0
15 21 0 0
17 21 0 0
23 24 0 0
22 25 0 0
22 26 0 0
25 26 0 0
23 27 0 0
24 27 0 0
22 28 0 0
24 28 0 0
25 28 0 0
26 28 0 0
27 28 0 0
22 29 0 0
23 29 0 0
24 29 0 0
25 29 0 0
26 29 0 0
27 29 0 0
28 29 0 0
22 30 0 0
23 30 0 0
25 30 0 0
26 30 0 0
27 30 0 0
28 30 0 0
29 30 0 0
22 31 0 0
25 31 0 0
26 31 0 0
27 31 0 0
28 31 0 0
29 31 0 0
30 31 0 0
22 32 0 0
25 32 0 0
26 32 0 0
28 32 0 0
29 32 0 0
30 32 0 0
31 32 0 0
22 33 0 0
23 33 0 0
24 33 0 0
25 33 0 0
26 33 0 0
27 33 0 0
28 33 0 0
29 33 0 0
30 33 0 0
31 33 0 0
32 33 0 0
22 34 0 0
25 34 0 0
26 34 0 0
27 34 0 0
28 34 0 0
29 34 0 0
30 34 0 0
31 34 0 0
32 34 0 0
33 34 0 0
1 35 0 0
14 35 0 0
15 35 0 0
17 35 0 0
21 35 0 0
1 36 0 0
11 36 0 0
13 36 0 0
14 36 0 0
15 36 0 0
16 36 0 0
17 36 0 0
18 36 0 0
19 36 0 0
21 36 0 0
22 36 0 0
35 36 0 0
1 37 0 0
14 37 0 0
15 37 0 0
17 37 0 0
21 37 0 0
35 37 0 0
36 37 0 0
1 38 0 0
10 38 0 0
11 38 0 0
12 38 0 0
13 38 0 0
19 38 0 0
22 38 0 0
28 38 0 0
29 38 0 0
30 38 0 0
31 38 0 0
12 39 0 0
20 39 0 0
23 39 0 0
24 39 0 0
29 39 0 0
30 39 0 0
38 39 0 0
1 40 0 0
14 40 0 0
15 40 0 0
16 40 0 0
17 40 0 0
18 40 0 0
19 40 0 0
21 40 0 0
35 40 0 0
36 40 0 0
37 40 0 0
1 41 0 0
11 41 0 0
13 41 0 0
14 41 0 0
15 41 0 0
16 41 0 0
17 41 0 0
18 41 0 0
19 41 0 0
21 41 0 0
35 41 0 0
36 41 0 0
37 41 0 0
40 41 0 0
1 42 0 0
11 42 0 0
13 42 0 0
14 42 0 0
15 42 0 0
16 42 0 0
17 42 0 0
18 42 0 0
19 42 0 0
21 42 0 0
22 42 0 0
35 42 0 0
36 42 0 0
37 42 0 0
38 42 0 0
40 42 0 0
41 42 0 0
1 43 0 0
10 43 0 0
12 43 0 0
20 43 0 0
38 43 0 0
39 43 0 0
1 44 0 0
10 44 0 0
11 44 0 0
12 44 0 0
13 44 0 0
14 44 0 0
16 44 0 0
18 44 0 0
19 44 0 0
22 44 0 0
29 44 0 0
30 44 0 0
31 44 0 0
36 44 0 0
38 44 0 0
41 44 0 0
42 44 0 0
43 44 0 0
1 45 0 0
10 45 0 0
11 45 0 0
13 45 0 0
14 45 0 0
16 45 0 0
17 45 0 0
18 45 0 0
19 45 0 0
21 45 0 0
22 45 0 0
35 45 0 0
36 45 0 0
37 45 0 0
38 45 0 0
40 45 0 0
41 45 0 0
42 45 0 0
44 45 0 0
1 46 0 0
10 46 0 0
12 46 0 0
13 46 0 0
20 46 0 0
22 46 0 0
23 46 0 0
29 46 0 0
38 46 0 0
39 46 0 0
43 46 0 0
44 46 0 0
1 47 0 0
5 47 0 0
6 47 0 0
7 47 0 0
8 47 0 0
9 47 0 0
20 47 0 0
43 47 0 0
1 48 0 0
11 48 0 0
13 48 0 0
14 48 0 0
15 48 0 0
16 48 0 0
17 48 0 0
18 48 0 0
19 48 0 0
36 48 0 0
40 48 0 0
41 48 0 0
42 48 0 0
44 48 0 0
45 48 0 0
1 49 0 0
5 49 0 0
6 49 0 0
7 49 0 0
8 49 0 0
9 49 0 0
47 49 0 0
1 50 0 0
2 50 0 0
3 50 0 0
4 50 0 0
6 50 0 0
7 50 0 0
8 50 0 0
9 50 0 0
47 50 0 0
49 50 0 0
2 51 0 1
50 51 0 1
23 52 0 1
24 52 0 1
27 52 0 1
33 52 0 1
2 53 0 1
3 53 0 1
4 53 0 1
7 53 0 1
9 53 0 1
50 53 0 1
2 54 0 1
3 54 0 1
4 54 0 1
7 54 0 1
8 54 0 1
9 54 0 1
47 54 0 1
50 54 0 1
2 55 0 1
3 55 0 1
4 55 0 1
7 55 0 1
9 55 0 1
50 55 0 1
2 56 0 1
3 56 0 1
4 56 0 1
7 56 0 1
9 56 0 1
50 56 0 1
1 57 0 1
7 57 0 1
8 57 0 1
9 57 0 1
20 57 0 1
47 57 0 1
49 57 0 1
50 57 0 1
2 58 0 1
4 58 0 1
7 58 0 1
9 58 0 1
50 58 0 1
2 59 0 1
3 59 0 1
50 59 0 1
20 60 0 1
50 60 0 1
2 61 0 1
50 61 0 1
50 62 0 1
1 63 0 1
20 63 0 1
23 63 0 1
39 63 0 1
43 63 0 1
46 63 0 1
1 65 0 1
20 65 0 1
23 65 0 1
39 65 0 1
43 65 0 1
46 65 0 1
20 66 0 1
20 67 0 1
22 67 0 1
23 67 0 1
24 67 0 1
27 67 0 1
28 67 0 1
29 67 0 1
30 67 0 1
31 67 0 1
33 67 0 1
34 67 0 1
38 67 0 1
39 67 0 1
43 67 0 1
44 67 0 1
46 67 0 1
21 68 0 1
35 68 0 1
37 68 0 1
41 68 0 1
21 69 0 1
25 69 0 1
35 69 0 1
36 69 0 1
37 69 0 1
40 69 0 1
41 69 0 1
21 70 0 1
25 70 0 1
26 70 0 1
32 70 0 1
35 70 0 1
36 70 0 1
37 70 0 1
40 70 0 1
41 70 0 1
45 70 0 1
20 71 0 1
23 71 0 1
24 71 0 1
27 71 0 1
39 71 0 1
43 71 0 1
46 71 0 1
20 72 0 1
23 72 0 1
24 72 0 1
27 72 0 1
39 72 0 1
43 72 0 1
23 73 0 1
24 73 0 1
27 73 0 1
22 74 0 1
25 74 0 1
26 74 0 1
31 74 0 1
32 74 0 1
35 74 0 1
36 74 0 1
37 74 0 1
41 74 0 1
21 75 0 1
25 75 0 1
26 75 0 1
32 75 0 1
35 75 0 1
37 75 0 1
41 75 0 1
21 76 0 1
25 76 0 1
26 76 0 1
32 76 0 1
35 76 0 1
36 76 0 1
37 76 0 1
41 76 0 1
25 77 0 1
26 77 0 1
31 77 0 1
32 77 0 1
35 77 0 1
37 77 0 1
41 77 0 1
20 78 0 1
23 78 0 1
20 79 0 1
23 79 0 1
24 79 0 1
39 79 0 1
43 79 0 1
46 79 0 1
20 80 0 1
23 80 0 1
24 80 0 1
39 80 0 1
23 82 0 1
24 82 0 1
27 82 0 1
23 83 0 1
24 83 0 1
27 83 0 1
23 84 0 1
24 84 0 1
27 84 0 1
23 85 0 1
24 85 0 1
27 85 0 1
23 86 0 1
24 86 0 1
27 86 0 1
33 86 0 1
23 87 0 1
24 87 0 1
27 87 0 1
29 87 0 1
33 87 0 1
34 87 0 1
32 88 0 1
34 88 0 1
32 96 0 1
32 97 0 1
27 98 0 1
33 98 0 1
34 98 0 1
25 100 0 1
32 100 0 1
24 101 0 1
27 101 0 1
28 101 0 1
33 101 0 1
34 101 0 1
23 102 0 1
24 102 0 1
27 102 0 1
33 102 0 1
24 103 0 1
27 103 0 1
28 103 0 1
33 103 0 1
34 103 0 1
24 104 0 1
27 104 0 1
33 104 0 1
34 104 0 1
27 105 0 1
28 105 0 1
32 105 0 1
33 105 0 1
34 105 0 1
27 106 0 1
28 106 0 1
32 106 0 1
33 106 0 1
34 106 0 1
