1 2 0 0
4 5 0 0
1 6 0 0
5 6 0 0
1 7 0 0
2 7 0 0
1 8 0 0
2 8 0 0
7 8 0 0
1 9 0 0
6 9 0 0
1 10 0 0
2 10 0 0
7 10 0 0
8 10 0 0
1 11 0 0
6 11 0 0
9 11 0 0
1 12 0 0
5 12 0 0
6 12 0 0
9 12 0 0
11 12 0 0
1 13 0 0
5 13 0 0
6 13 0 0
9 13 0 0
11 13 0 0
12 13 0 0
1 14 0 0
6 14 0 0
9 14 0 0
11 14 0 0
12 14 0 0
13 14 0 0
1 15 0 0
2 15 0 0
7 15 0 0
8 15 0 0
10 15 0 0
4 16 0 0
5 16 0 0
4 17 0 0
5 17 0 0
16 17 0 0
4 18 0 0
5 18 0 0
16 18 0 0
17 18 0 0
1 19 0 0
2 19 0 0
7 19 0 0
8 19 0 0
10 19 0 0
15 19 0 0
1 20 0 0
6 20 0 0
9 20 0 0
11 20 0 0
12 20 0 0
13 20 0 0
14 20 0 0
1 21 0 0
9 21 0 0
11 21 0 0
13 21 0 0
14 21 0 0
20 21 0 0
4 22 0 0
16 22 0 0
17 22 0 0
18 22 0 0
4 23 0 0
16 23 0 0
17 23 0 0
18 23 0 0
22 23 0 0
4 24 0 0
5 24 0 0
16 24 0 0
17 24 0 0
18 24 0 0
22 24 0 0
23 24 0 0
4 25 0 0
5 25 0 0
16 25 0 0
17 25 0 0
18 25 0 0
22 25 0 0
23 25 0 0
24 25 0 0
2 26 0 0
10 26 0 0
15 26 0 0
19 26 0 0
1 27 0 0
2 27 0 0
7 27 0 0
8 27 0 0
10 27 0 0
15 27 0 0
19 27 0 0
26 27 0 0
1 28 0 0
2 28 0 0
7 28 0 0
8 28 0 0
10 28 0 0
15 28 0 0
19 28 0 0
21 28 0 0
26 28 0 0
27 28 0 0
1 29 0 0
2 29 0 0
7 29 0 0
8 29 0 0
10 29 0 0
15 29 0 0
19 29 0 0
26 29 0 0
27 29 0 0
28 29 0 0
1 30 0 0
2 30 0 0
8 30 0 0
9 30 0 0
10 30 0 0
11 30 0 0
14 30 0 0
19 30 0 0
21 30 0 0
28 30 0 0
29 30 0 0
1 31 0 0
2 31 0 0
8 31 0 0
9 31 0 0
10 31 0 0
14 31 0 0
15 31 0 0
19 31 0 0
21 31 0 0
27 31 0 0
28 31 0 0
29 31 0 0
30 31 0 0
2 33 0 0
2 34 0 0
26 34 0 0
33 34 0 0
2 35 0 0
19 35 0 0
26 35 0 0
33 35 0 0
34 35 0 0
2 36 0 0
19 36 0 0
26 36 0 0
33 36 0 0
34 36 0 0
35 36 0 0
3 37 0 0
32 37 0 0
2 38 0 0
33 38 0 0
34 38 0 0
35 38 0 0
36 38 0 0
32 39 0 0
37 39 0 0
32 40 0 0
37 40 0 0
39 40 0 0
3 41 0 0
3 42 0 0
37 42 0 0
41 42 0 0
3 43 0 0
37 43 0 0
41 43 0 0
42 43 0 0
3 44 0 0
32 44 0 0
37 44 0 0
41 44 0 0
42 44 0 0
43 44 0 0
3 45 0 0
32 45 0 0
37 45 0 0
39 45 0 0
40 45 0 0
43 45 0 0
44 45 0 0
3 46 0 0
41 46 0 0
42 46 0 0
43 46 0 0
44 46 0 0
2 47 0 0
33 47 0 0
34 47 0 0
38 47 0 0
2 48 0 0
33 48 0 0
34 48 0 0
35 48 0 0
36 48 0 0
38 48 0 0
47 48 0 0
3 49 0 0
37 49 0 0
41 49 0 0
42 49 0 0
43 49 0 0
44 49 0 0
46 49 0 0
3 50 0 0
32 50 0 0
37 50 0 0
39 50 0 0
40 50 0 0
43 50 0 0
44 50 0 0
45 50 0 0
49 50 0 0
3 51 0 0
32 51 0 0
37 51 0 0
39 51 0 0
40 51 0 0
45 51 0 0
50 51 0 0
3 52 0 0
32 52 0 0
37 52 0 0
39 52 0 0
40 52 0 0
42 52 0 0
43 52 0 0
44 52 0 0
45 52 0 0
49 52 0 0
50 52 0 0
51 52 0 0
3 53 0 0
32 53 0 0
37 53 0 0
39 53 0 0
40 53 0 0
44 53 0 0
45 53 0 0
50 53 0 0
51 53 0 0
52 53 0 0
3 54 0 0
32 54 0 0
37 54 0 0
41 54 0 0
42 54 0 0
43 54 0 0
44 54 0 0
45 54 0 0
46 54 0 0
49 54 0 0
50 54 0 0
51 54 0 0
52 54 0 0
53 54 0 0
3 55 0 0
37 55 0 0
41 55 0 0
42 55 0 0
43 55 0 0
44 55 0 0
46 55 0 0
49 55 0 0
50 55 0 0
52 55 0 0
54 55 0 0
3 56 0 0
37 56 0 0
41 56 0 0
42 56 0 0
43 56 0 0
44 56 0 0
45 56 0 0
46 56 0 0
49 56 0 0
50 56 0 0
52 56 0 0
53 56 0 0
54 56 0 0
55 56 0 0
2 57 0 0
33 57 0 0
34 57 0 0
35 57 0 0
36 57 0 0
38 57 0 0
47 57 0 0
48 57 0 0
2 58 0 0
33 58 0 0
34 58 0 0
35 58 0 0
36 58 0 0
38 58 0 0
47 58 0 0
48 58 0 0
57 58 0 0
3 59 0 0
37 59 0 0
41 59 0 0
42 59 0 0
43 59 0 0
44 59 0 0
46 59 0 0
49 59 0 0
52 59 0 0
54 59 0 0
55 59 0 0
56 59 0 0
2 60 0 0
33 60 0 0
34 60 0 0
35 60 0 0
36 60 0 0
38 60 0 0
47 60 0 0
48 60 0 0
57 60 0 0
58 60 0 0
2 61 0 0
33 61 0 0
34 61 0 0
35 61 0 0
36 61 0 0
38 61 0 0
47 61 0 0
48 61 0 0
57 61 0 0
58 61 0 0
60 61 0 0
2 62 0 0
33 62 0 0
34 62 0 0
35 62 0 0
36 62 0 0
38 62 0 0
47 62 0 0
48 62 0 0
57 62 0 0
58 62 0 0
60 62 0 0
61 62 0 0
2 63 0 0
33 63 0 0
34 63 0 0
35 63 0 0
36 63 0 0
38 63 0 0
47 63 0 0
48 63 0 0
57 63 0 0
58 63 0 0
60 63 0 0
61 63 0 0
62 63 0 0
2 64 0 0
33 64 0 0
34 64 0 0
35 64 0 0
36 64 0 0
38 64 0 0
47 64 0 0
48 64 0 0
57 64 0 0
58 64 0 0
60 64 0 0
61 64 0 0
62 64 0 0
63 64 0 0
33 65 0 0
35 65 0 0
39 65 0 0
57 65 0 0
60 65 0 0
64 65 0 0
32 66 0 0
39 66 0 0
40 66 0 0
45 66 0 0
50 66 0 0
51 66 0 0
52 66 0 0
53 66 0 0
65 66 0 0
3 67 0 0
32 67 0 0
37 67 0 0
39 67 0 0
40 67 0 0
44 67 0 0
45 67 0 0
50 67 0 0
51 67 0 0
52 67 0 0
53 67 0 0
54 67 0 0
56 67 0 0
66 67 0 0
2 68 0 0
33 68 0 0
34 68 0 0
35 68 0 0
36 68 0 0
38 68 0 0
47 68 0 0
48 68 0 0
57 68 0 0
58 68 0 0
60 68 0 0
61 68 0 0
62 68 0 0
63 68 0 0
64 68 0 0
65 68 0 0
2 69 0 0
33 69 0 0
34 69 0 0
35 69 0 0
36 69 0 0
38 69 0 0
47 69 0 0
48 69 0 0
57 69 0 0
58 69 0 0
60 69 0 0
61 69 0 0
62 69 0 0
63 69 0 0
64 69 0 0
68 69 0 0
3 70 0 0
32 70 0 0
37 70 0 0
39 70 0 0
40 70 0 0
43 70 0 0
44 70 0 0
45 70 0 0
49 70 0 0
50 70 0 0
51 70 0 0
52 70 0 0
53 70 0 0
54 70 0 0
56 70 0 0
66 70 0 0
67 70 0 0
2 71 0 0
19 71 0 0
26 71 0 0
31 71 0 0
33 71 0 0
34 71 0 0
35 71 0 0
36 71 0 0
38 71 0 0
57 71 0 0
58 71 0 0
60 71 0 0
64 71 0 0
65 71 0 0
68 71 0 0
69 71 0 0
2 72 0 0
19 72 0 0
26 72 0 0
27 72 0 0
29 72 0 0
33 72 0 0
34 72 0 0
35 72 0 0
36 72 0 0
38 72 0 0
48 72 0 0
57 72 0 0
58 72 0 0
60 72 0 0
62 72 0 0
63 72 0 0
68 72 0 0
69 72 0 0
71 72 0 0
57 73 0 0
60 73 0 0
63 73 0 0
64 73 0 0
65 73 0 0
47 74 0 0
62 74 0 0
3 75 0 0
73 76 0 0
3 77 0 0
75 77 0 0
47 78 0 0
48 78 0 0
57 78 0 0
58 78 0 0
60 78 0 0
61 78 0 0
62 78 0 0
63 78 0 0
64 78 0 0
74 78 0 0
47 79 0 0
60 79 0 0
61 79 0 0
62 79 0 0
63 79 0 0
64 79 0 0
73 79 0 0
74 79 0 0
76 79 0 0
78 79 0 0
60 80 0 0
62 80 0 0
63 80 0 0
64 80 0 0
73 80 0 0
74 80 0 0
76 80 0 0
78 80 0 0
79 80 0 0
3 81 0 0
49 81 0 0
56 81 0 0
59 81 0 0
75 81 0 0
77 81 0 0
51 82 0 0
73 82 0 0
76 82 0 0
47 83 0 0
48 83 0 0
57 83 0 0
60 83 0 0
61 83 0 0
62 83 0 0
63 83 0 0
64 83 0 0
73 83 0 0
74 83 0 0
78 83 0 0
79 83 0 0
80 83 0 0
50 84 0 0
51 84 0 0
76 84 0 0
82 84 0 0
63 85 0 0
64 85 0 0
73 85 0 0
74 85 0 0
76 85 0 0
78 85 0 0
79 85 0 0
80 85 0 0
82 85 0 0
83 85 0 0
64 86 0 0
73 86 0 0
74 86 0 0
76 86 0 0
78 86 0 0
79 86 0 0
80 86 0 0
82 86 0 0
83 86 0 0
85 86 0 0
73 87 0 0
76 87 0 0
80 87 0 0
82 87 0 0
84 87 0 0
85 87 0 0
86 87 0 0
76 88 0 0
80 88 0 0
82 88 0 0
85 88 0 0
86 88 0 0
87 88 0 0
76 89 0 0
82 89 0 0
85 89 0 0
86 89 0 0
87 89 0 0
88 89 0 0
3 90 0 0
75 90 0 0
77 90 0 0
3 91 0 0
77 91 0 0
81 91 0 0
90 91 0 0
3 92 0 0
75 92 0 0
77 92 0 0
81 92 0 0
90 92 0 0
91 92 0 0
3 93 0 0
77 93 0 0
81 93 0 0
90 93 0 0
91 93 0 0
92 93 0 0
3 94 0 0
77 94 0 0
90 94 0 0
91 94 0 0
92 94 0 0
93 94 0 0
77 95 0 0
91 95 0 0
93 95 0 0
94 95 0 0
3 96 0 0
77 96 0 0
90 96 0 0
91 96 0 0
92 96 0 0
93 96 0 0
94 96 0 0
95 96 0 0
3 97 0 0
77 97 0 0
81 97 0 0
90 97 0 0
91 97 0 0
92 97 0 0
93 97 0 0
94 97 0 0
95 97 0 0
96 97 0 0
74 98 0 0
76 98 0 0
79 98 0 0
80 98 0 0
83 98 0 0
85 98 0 0
86 98 0 0
87 98 0 0
88 98 0 0
89 98 0 0
76 99 0 0
80 99 0 0
82 99 0 0
84 99 0 0
85 99 0 0
86 99 0 0
87 99 0 0
88 99 0 0
89 99 0 0
98 99 0 0
74 100 0 0
76 100 0 0
78 100 0 0
79 100 0 0
80 100 0 0
83 100 0 0
85 100 0 0
86 100 0 0
88 100 0 0
89 100 0 0
98 100 0 0
99 100 0 0
3 101 0 0
75 101 0 0
77 101 0 0
81 101 0 0
90 101 0 0
91 101 0 0
92 101 0 0
97 101 0 0
3 102 0 0
75 102 0 0
77 102 0 0
81 102 0 0
90 102 0 0
91 102 0 0
92 102 0 0
93 102 0 0
94 102 0 0
96 102 0 0
97 102 0 0
101 102 0 0
3 103 0 0
75 103 0 0
77 103 0 0
81 103 0 0
90 103 0 0
91 103 0 0
92 103 0 0
93 103 0 0
94 103 0 0
95 103 0 0
96 103 0 0
97 103 0 0
101 103 0 0
102 103 0 0
76 104 0 0
82 104 0 0
84 104 0 0
86 104 0 0
87 104 0 0
88 104 0 0
89 104 0 0
95 104 0 0
98 104 0 0
99 104 0 0
3 105 0 0
77 105 0 0
81 105 0 0
90 105 0 0
91 105 0 0
92 105 0 0
93 105 0 0
94 105 0 0
95 105 0 0
96 105 0 0
97 105 0 0
102 105 0 0
103 105 0 0
73 106 0 0
76 106 0 0
82 106 0 0
84 106 0 0
85 106 0 0
86 106 0 0
87 106 0 0
88 106 0 0
89 106 0 0
98 106 0 0
99 106 0 0
104 106 0 0
73 107 0 0
76 107 0 0
79 107 0 0
80 107 0 0
82 107 0 0
84 107 0 0
85 107 0 0
86 107 0 0
87 107 0 0
88 107 0 0
89 107 0 0
98 107 0 0
99 107 0 0
100 107 0 0
104 107 0 0
106 107 0 0
73 108 0 0
74 108 0 0
76 108 0 0
79 108 0 0
80 108 0 0
82 108 0 0
83 108 0 0
85 108 0 0
86 108 0 0
87 108 0 0
88 108 0 0
89 108 0 0
98 108 0 0
99 108 0 0
100 108 0 0
104 108 0 0
106 108 0 0
107 108 0 0
3 109 0 0
75 109 0 0
77 109 0 0
81 109 0 0
90 109 0 0
91 109 0 0
92 109 0 0
93 109 0 0
94 109 0 0
95 109 0 0
96 109 0 0
97 109 0 0
101 109 0 0
102 109 0 0
103 109 0 0
105 109 0 0
3 110 0 0
75 110 0 0
77 110 0 0
81 110 0 0
90 110 0 0
91 110 0 0
92 110 0 0
93 110 0 0
94 110 0 0
95 110 0 0
96 110 0 0
97 110 0 0
101 110 0 0
102 110 0 0
103 110 0 0
105 110 0 0
109 110 0 0
74 111 0 0
78 111 0 0
79 111 0 0
80 111 0 0
83 111 0 0
85 111 0 0
98 111 0 0
100 111 0 0
3 112 0 0
75 112 0 0
77 112 0 0
81 112 0 0
90 112 0 0
92 112 0 0
97 112 0 0
101 112 0 0
102 112 0 0
103 112 0 0
109 112 0 0
110 112 0 0
3 113 0 0
75 113 0 0
77 113 0 0
81 113 0 0
90 113 0 0
91 113 0 0
92 113 0 0
93 113 0 0
94 113 0 0
96 113 0 0
97 113 0 0
101 113 0 0
102 113 0 0
103 113 0 0
105 113 0 0
109 113 0 0
110 113 0 0
112 113 0 0
73 114 0 0
76 114 0 0
79 114 0 0
80 114 0 0
82 114 0 0
85 114 0 0
86 114 0 0
87 114 0 0
88 114 0 0
89 114 0 0
98 114 0 0
99 114 0 0
100 114 0 0
104 114 0 0
106 114 0 0
107 114 0 0
108 114 0 0
3 115 0 0
75 115 0 0
77 115 0 0
81 115 0 0
90 115 0 0
91 115 0 0
92 115 0 0
93 115 0 0
94 115 0 0
96 115 0 0
97 115 0 0
101 115 0 0
102 115 0 0
103 115 0 0
105 115 0 0
109 115 0 0
110 115 0 0
112 115 0 0
113 115 0 0
38 116 0 0
47 116 0 0
48 116 0 0
57 116 0 0
58 116 0 0
60 116 0 0
61 116 0 0
62 116 0 0
63 116 0 0
64 116 0 0
68 116 0 0
73 116 0 0
74 116 0 0
78 116 0 0
79 116 0 0
80 116 0 0
83 116 0 0
85 116 0 0
86 116 0 0
98 116 0 0
108 116 0 0
111 116 0 0
57 117 0 0
60 117 0 0
62 117 0 0
63 117 0 0
64 117 0 0
73 117 0 0
74 117 0 0
76 117 0 0
78 117 0 0
79 117 0 0
80 117 0 0
82 117 0 0
83 117 0 0
85 117 0 0
86 117 0 0
87 117 0 0
98 117 0 0
99 117 0 0
106 117 0 0
107 117 0 0
108 117 0 0
114 117 0 0
116 117 0 0
3 118 0 0
39 118 0 0
40 118 0 0
45 118 0 0
50 118 0 0
51 118 0 0
52 118 0 0
53 118 0 0
77 118 0 0
82 118 0 0
84 118 0 0
87 118 0 0
106 118 0 0
39 119 0 0
51 119 0 0
53 119 0 0
73 119 0 0
76 119 0 0
80 119 0 0
82 119 0 0
84 119 0 0
85 119 0 0
86 119 0 0
87 119 0 0
88 119 0 0
89 119 0 0
99 119 0 0
104 119 0 0
106 119 0 0
107 119 0 0
108 119 0 0
114 119 0 0
117 119 0 0
118 119 0 0
39 120 0 0
40 120 0 0
50 120 0 0
51 120 0 0
53 120 0 0
73 120 0 0
76 120 0 0
82 120 0 0
84 120 0 0
86 120 0 0
87 120 0 0
89 120 0 0
99 120 0 0
104 120 0 0
106 120 0 0
107 120 0 0
108 120 0 0
114 120 0 0
117 120 0 0
118 120 0 0
119 120 0 0
39 121 0 0
40 121 0 0
45 121 0 0
50 121 0 0
51 121 0 0
52 121 0 0
53 121 0 0
76 121 0 0
82 121 0 0
84 121 0 0
87 121 0 0
106 121 0 0
118 121 0 0
119 121 0 0
120 121 0 0
3 122 0 0
37 122 0 0
42 122 0 0
43 122 0 0
44 122 0 0
49 122 0 0
50 122 0 0
51 122 0 0
52 122 0 0
53 122 0 0
54 122 0 0
55 122 0 0
56 122 0 0
59 122 0 0
77 122 0 0
81 122 0 0
84 122 0 0
105 122 0 0
109 122 0 0
110 122 0 0
113 122 0 0
118 122 0 0
121 122 0 0
39 123 0 0
51 123 0 0
64 123 0 0
73 123 0 0
76 123 0 0
79 123 0 0
80 123 0 0
82 123 0 0
84 123 0 0
85 123 0 0
86 123 0 0
87 123 0 0
88 123 0 0
89 123 0 0
98 123 0 0
99 123 0 0
104 123 0 0
106 123 0 0
107 123 0 0
108 123 0 0
114 123 0 0
116 123 0 0
117 123 0 0
118 123 0 0
119 123 0 0
120 123 0 0
121 123 0 0
3 124 0 0
42 124 0 0
43 124 0 0
44 124 0 0
46 124 0 0
49 124 0 0
50 124 0 0
52 124 0 0
54 124 0 0
55 124 0 0
56 124 0 0
59 124 0 0
75 124 0 0
77 124 0 0
81 124 0 0
103 124 0 0
109 124 0 0
110 124 0 0
113 124 0 0
115 124 0 0
118 124 0 0
122 124 0 0
3 125 0 0
42 125 0 0
43 125 0 0
44 125 0 0
49 125 0 0
50 125 0 0
52 125 0 0
54 125 0 0
55 125 0 0
56 125 0 0
59 125 0 0
75 125 0 0
77 125 0 0
81 125 0 0
102 125 0 0
103 125 0 0
105 125 0 0
109 125 0 0
110 125 0 0
113 125 0 0
115 125 0 0
118 125 0 0
122 125 0 0
124 125 0 0
57 126 0 0
60 126 0 0
62 126 0 0
63 126 0 0
64 126 0 0
73 126 0 0
74 126 0 0
76 126 0 0
78 126 0 0
79 126 0 0
80 126 0 0
82 126 0 0
83 126 0 0
85 126 0 0
86 126 0 0
87 126 0 0
98 126 0 0
99 126 0 0
100 126 0 0
107 126 0 0
108 126 0 0
111 126 0 0
114 126 0 0
116 126 0 0
117 126 0 0
119 126 0 0
123 126 0 0
47 127 0 0
48 127 0 0
57 127 0 0
60 127 0 0
61 127 0 0
62 127 0 0
63 127 0 0
64 127 0 0
73 127 0 0
74 127 0 0
76 127 0 0
78 127 0 0
79 127 0 0
80 127 0 0
83 127 0 0
85 127 0 0
86 127 0 0
98 127 0 0
100 127 0 0
107 127 0 0
108 127 0 0
111 127 0 0
114 127 0 0
116 127 0 0
117 127 0 0
123 127 0 0
126 127 0 0
60 128 0 0
63 128 0 0
64 128 0 0
73 128 0 0
74 128 0 0
76 128 0 0
78 128 0 0
79 128 0 0
80 128 0 0
82 128 0 0
83 128 0 0
85 128 0 0
86 128 0 0
87 128 0 0
88 128 0 0
89 128 0 0
98 128 0 0
99 128 0 0
100 128 0 0
106 128 0 0
107 128 0 0
108 128 0 0
111 128 0 0
114 128 0 0
116 128 0 0
117 128 0 0
119 128 0 0
120 128 0 0
123 128 0 0
126 128 0 0
127 128 0 0
3 129 0 0
49 129 0 0
50 129 0 0
52 129 0 0
54 129 0 0
55 129 0 0
56 129 0 0
59 129 0 0
77 129 0 0
81 129 0 0
84 129 0 0
91 129 0 0
102 129 0 0
103 129 0 0
105 129 0 0
109 129 0 0
110 129 0 0
113 129 0 0
115 129 0 0
118 129 0 0
122 129 0 0
124 129 0 0
125 129 0 0
33 130 0 0
34 130 0 0
38 130 0 0
47 130 0 0
48 130 0 0
57 130 0 0
58 130 0 0
60 130 0 0
61 130 0 0
62 130 0 0
63 130 0 0
64 130 0 0
68 130 0 0
69 130 0 0
74 130 0 0
78 130 0 0
79 130 0 0
80 130 0 0
83 130 0 0
85 130 0 0
116 130 0 0
117 130 0 0
126 130 0 0
127 130 0 0
128 130 0 0
33 131 0 0
35 131 0 0
48 131 0 0
57 131 0 0
58 131 0 0
60 131 0 0
61 131 0 0
62 131 0 0
63 131 0 0
64 131 0 0
65 131 0 0
68 131 0 0
69 131 0 0
73 131 0 0
78 131 0 0
79 131 0 0
80 131 0 0
83 131 0 0
85 131 0 0
86 131 0 0
116 131 0 0
117 131 0 0
119 131 0 0
123 131 0 0
126 131 0 0
127 131 0 0
128 131 0 0
130 131 0 0
39 132 0 0
40 132 0 0
51 132 0 0
53 132 0 0
64 132 0 0
65 132 0 0
66 132 0 0
73 132 0 0
82 132 0 0
84 132 0 0
86 132 0 0
87 132 0 0
117 132 0 0
118 132 0 0
119 132 0 0
120 132 0 0
121 132 0 0
123 132 0 0
126 132 0 0
128 132 0 0
131 132 0 0
3 133 0 0
32 133 0 0
37 133 0 0
40 133 0 0
42 133 0 0
43 133 0 0
44 133 0 0
45 133 0 0
49 133 0 0
50 133 0 0
51 133 0 0
52 133 0 0
53 133 0 0
54 133 0 0
55 133 0 0
56 133 0 0
59 133 0 0
67 133 0 0
70 133 0 0
77 133 0 0
81 133 0 0
118 133 0 0
121 133 0 0
122 133 0 0
124 133 0 0
125 133 0 0
129 133 0 0
32 134 0 0
39 134 0 0
40 134 0 0
45 134 0 0
50 134 0 0
51 134 0 0
53 134 0 0
65 134 0 0
66 134 0 0
67 134 0 0
70 134 0 0
73 134 0 0
76 134 0 0
82 134 0 0
84 134 0 0
86 134 0 0
87 134 0 0
117 134 0 0
118 134 0 0
119 134 0 0
120 134 0 0
121 134 0 0
123 134 0 0
131 134 0 0
132 134 0 0
3 135 0 0
32 135 0 0
37 135 0 0
39 135 0 0
40 135 0 0
42 135 0 0
43 135 0 0
44 135 0 0
45 135 0 0
49 135 0 0
50 135 0 0
51 135 0 0
52 135 0 0
53 135 0 0
54 135 0 0
55 135 0 0
56 135 0 0
59 135 0 0
66 135 0 0
67 135 0 0
70 135 0 0
77 135 0 0
81 135 0 0
84 135 0 0
118 135 0 0
120 135 0 0
121 135 0 0
122 135 0 0
124 135 0 0
125 135 0 0
129 135 0 0
133 135 0 0
134 135 0 0
3 136 0 0
37 136 0 0
41 136 0 0
42 136 0 0
43 136 0 0
44 136 0 0
46 136 0 0
49 136 0 0
52 136 0 0
54 136 0 0
55 136 0 0
56 136 0 0
59 136 0 0
75 136 0 0
77 136 0 0
81 136 0 0
122 136 0 0
124 136 0 0
125 136 0 0
129 136 0 0
133 136 0 0
135 136 0 0
33 137 0 0
35 137 0 0
57 137 0 0
60 137 0 0
62 137 0 0
63 137 0 0
64 137 0 0
65 137 0 0
68 137 0 0
73 137 0 0
76 137 0 0
79 137 0 0
80 137 0 0
82 137 0 0
83 137 0 0
85 137 0 0
86 137 0 0
87 137 0 0
116 137 0 0
117 137 0 0
119 137 0 0
120 137 0 0
123 137 0 0
126 137 0 0
127 137 0 0
128 137 0 0
130 137 0 0
131 137 0 0
132 137 0 0
134 137 0 0
33 138 0 0
34 138 0 0
35 138 0 0
38 138 0 0
47 138 0 0
48 138 0 0
57 138 0 0
58 138 0 0
60 138 0 0
61 138 0 0
62 138 0 0
63 138 0 0
64 138 0 0
65 138 0 0
68 138 0 0
69 138 0 0
73 138 0 0
74 138 0 0
78 138 0 0
79 138 0 0
80 138 0 0
83 138 0 0
85 138 0 0
86 138 0 0
116 138 0 0
117 138 0 0
123 138 0 0
126 138 0 0
127 138 0 0
128 138 0 0
130 138 0 0
131 138 0 0
132 138 0 0
137 138 0 0
3 139 0 0
41 139 0 0
42 139 0 0
43 139 0 0
44 139 0 0
46 139 0 0
49 139 0 0
54 139 0 0
55 139 0 0
56 139 0 0
59 139 0 0
75 139 0 0
81 139 0 0
124 139 0 0
125 139 0 0
136 139 0 0
39 140 0 0
51 140 0 0
60 140 0 0
64 140 0 0
65 140 0 0
66 140 0 0
73 140 0 0
76 140 0 0
80 140 0 0
82 140 0 0
84 140 0 0
85 140 0 0
86 140 0 0
87 140 0 0
117 140 0 0
119 140 0 0
120 140 0 0
121 140 0 0
123 140 0 0
126 140 0 0
127 140 0 0
128 140 0 0
131 140 0 0
132 140 0 0
134 140 0 0
137 140 0 0
138 140 0 0
33 141 0 0
47 141 0 0
48 141 0 0
57 141 0 0
58 141 0 0
60 141 0 0
61 141 0 0
62 141 0 0
63 141 0 0
64 141 0 0
65 141 0 0
68 141 0 0
69 141 0 0
73 141 0 0
74 141 0 0
76 141 0 0
78 141 0 0
79 141 0 0
80 141 0 0
82 141 0 0
83 141 0 0
85 141 0 0
86 141 0 0
87 141 0 0
108 141 0 0
116 141 0 0
117 141 0 0
119 141 0 0
123 141 0 0
126 141 0 0
127 141 0 0
128 141 0 0
130 141 0 0
131 141 0 0
132 141 0 0
134 141 0 0
137 141 0 0
138 141 0 0
140 141 0 0
3 142 0 0
32 142 0 0
37 142 0 0
39 142 0 0
40 142 0 0
45 142 0 0
50 142 0 0
51 142 0 0
52 142 0 0
53 142 0 0
66 142 0 0
67 142 0 0
70 142 0 0
82 142 0 0
84 142 0 0
87 142 0 0
118 142 0 0
119 142 0 0
120 142 0 0
121 142 0 0
122 142 0 0
123 142 0 0
129 142 0 0
132 142 0 0
133 142 0 0
134 142 0 0
135 142 0 0
140 142 0 0
57 143 0 0
60 143 0 0
62 143 0 0
63 143 0 0
64 143 0 0
65 143 0 0
68 143 0 0
73 143 0 0
76 143 0 0
79 143 0 0
80 143 0 0
82 143 0 0
83 143 0 0
85 143 0 0
86 143 0 0
87 143 0 0
108 143 0 0
116 143 0 0
117 143 0 0
119 143 0 0
120 143 0 0
123 143 0 0
126 143 0 0
127 143 0 0
128 143 0 0
130 143 0 0
131 143 0 0
132 143 0 0
134 143 0 0
137 143 0 0
138 143 0 0
140 143 0 0
141 143 0 0
32 144 0 0
39 144 0 0
40 144 0 0
45 144 0 0
50 144 0 0
51 144 0 0
52 144 0 0
53 144 0 0
66 144 0 0
67 144 0 0
70 144 0 0
73 144 0 0
76 144 0 0
82 144 0 0
84 144 0 0
86 144 0 0
87 144 0 0
106 144 0 0
118 144 0 0
119 144 0 0
120 144 0 0
121 144 0 0
123 144 0 0
132 144 0 0
134 144 0 0
135 144 0 0
137 144 0 0
140 144 0 0
142 144 0 0
143 144 0 0
3 145 0 0
41 145 0 0
42 145 0 0
43 145 0 0
44 145 0 0
46 145 0 0
49 145 0 0
54 145 0 0
55 145 0 0
56 145 0 0
59 145 0 0
75 145 0 0
81 145 0 0
124 145 0 0
125 145 0 0
129 145 0 0
133 145 0 0
136 145 0 0
139 145 0 0
3 146 0 0
41 146 0 0
42 146 0 0
43 146 0 0
44 146 0 0
46 146 0 0
49 146 0 0
54 146 0 0
55 146 0 0
56 146 0 0
59 146 0 0
75 146 0 0
77 146 0 0
81 146 0 0
122 146 0 0
124 146 0 0
125 146 0 0
129 146 0 0
133 146 0 0
135 146 0 0
136 146 0 0
139 146 0 0
145 146 0 0
3 147 0 0
37 147 0 0
40 147 0 0
42 147 0 0
43 147 0 0
44 147 0 0
45 147 0 0
49 147 0 0
50 147 0 0
51 147 0 0
52 147 0 0
53 147 0 0
54 147 0 0
55 147 0 0
56 147 0 0
59 147 0 0
67 147 0 0
70 147 0 0
77 147 0 0
81 147 0 0
84 147 0 0
110 147 0 0
118 147 0 0
121 147 0 0
122 147 0 0
124 147 0 0
125 147 0 0
129 147 0 0
133 147 0 0
135 147 0 0
136 147 0 0
142 147 0 0
144 147 0 0
146 147 0 0
3 148 0 0
32 148 0 0
37 148 0 0
39 148 0 0
40 148 0 0
44 148 0 0
45 148 0 0
49 148 0 0
50 148 0 0
51 148 0 0
52 148 0 0
53 148 0 0
54 148 0 0
56 148 0 0
66 148 0 0
67 148 0 0
70 148 0 0
77 148 0 0
81 148 0 0
84 148 0 0
118 148 0 0
119 148 0 0
120 148 0 0
121 148 0 0
122 148 0 0
124 148 0 0
125 148 0 0
129 148 0 0
133 148 0 0
134 148 0 0
135 148 0 0
136 148 0 0
142 148 0 0
144 148 0 0
147 148 0 0
4 149 0 1
5 149 0 1
16 149 0 1
17 149 0 1
18 149 0 1
22 149 0 1
23 149 0 1
24 149 0 1
25 149 0 1
3 150 0 1
4 150 0 1
5 150 0 1
12 150 0 1
16 150 0 1
17 150 0 1
18 150 0 1
20 150 0 1
22 150 0 1
23 150 0 1
24 150 0 1
25 150 0 1
32 150 0 1
37 150 0 1
39 150 0 1
40 150 0 1
41 150 0 1
42 150 0 1
43 150 0 1
44 150 0 1
45 150 0 1
46 150 0 1
49 150 0 1
50 150 0 1
51 150 0 1
52 150 0 1
53 150 0 1
54 150 0 1
55 150 0 1
56 150 0 1
59 150 0 1
66 150 0 1
67 150 0 1
70 150 0 1
133 150 0 1
135 150 0 1
136 150 0 1
147 150 0 1
148 150 0 1
1 151 0 1
2 151 0 1
6 151 0 1
9 151 0 1
11 151 0 1
12 151 0 1
13 151 0 1
14 151 0 1
17 151 0 1
19 151 0 1
20 151 0 1
21 151 0 1
24 151 0 1
25 151 0 1
30 151 0 1
31 151 0 1
32 151 0 1
33 151 0 1
34 151 0 1
35 151 0 1
36 151 0 1
37 151 0 1
39 151 0 1
40 151 0 1
45 151 0 1
50 151 0 1
51 151 0 1
52 151 0 1
53 151 0 1
57 151 0 1
60 151 0 1
64 151 0 1
65 151 0 1
66 151 0 1
67 151 0 1
68 151 0 1
69 151 0 1
70 151 0 1
71 151 0 1
72 151 0 1
131 151 0 1
132 151 0 1
134 151 0 1
135 151 0 1
137 151 0 1
140 151 0 1
142 151 0 1
4 152 0 1
5 152 0 1
6 152 0 1
9 152 0 1
11 152 0 1
12 152 0 1
13 152 0 1
14 152 0 1
17 152 0 1
20 152 0 1
4 153 0 1
5 153 0 1
16 153 0 1
17 153 0 1
18 153 0 1
22 153 0 1
23 153 0 1
4 154 0 1
5 154 0 1
16 154 0 1
17 154 0 1
18 154 0 1
22 154 0 1
24 154 0 1
25 154 0 1
4 155 0 1
5 155 0 1
16 155 0 1
17 155 0 1
18 155 0 1
22 155 0 1
23 155 0 1
24 155 0 1
25 155 0 1
4 156 0 1
5 156 0 1
16 156 0 1
17 156 0 1
18 156 0 1
22 156 0 1
23 156 0 1
4 157 0 1
5 157 0 1
6 157 0 1
12 157 0 1
13 157 0 1
16 157 0 1
17 157 0 1
18 157 0 1
20 157 0 1
24 157 0 1
25 157 0 1
4 158 0 1
5 158 0 1
12 158 0 1
16 158 0 1
17 158 0 1
18 158 0 1
22 158 0 1
23 158 0 1
24 158 0 1
25 158 0 1
1 159 0 1
5 159 0 1
6 159 0 1
9 159 0 1
11 159 0 1
12 159 0 1
13 159 0 1
14 159 0 1
20 159 0 1
21 159 0 1
4 160 0 1
5 160 0 1
16 160 0 1
17 160 0 1
18 160 0 1
22 160 0 1
23 160 0 1
24 160 0 1
25 160 0 1
4 161 0 1
5 161 0 1
12 161 0 1
16 161 0 1
17 161 0 1
18 161 0 1
22 161 0 1
24 161 0 1
25 161 0 1
1 162 0 1
2 162 0 1
7 162 0 1
8 162 0 1
10 162 0 1
15 162 0 1
19 162 0 1
21 162 0 1
26 162 0 1
27 162 0 1
28 162 0 1
29 162 0 1
30 162 0 1
31 162 0 1
71 162 0 1
72 162 0 1
1 163 0 1
2 163 0 1
7 163 0 1
8 163 0 1
10 163 0 1
15 163 0 1
19 163 0 1
21 163 0 1
26 163 0 1
27 163 0 1
28 163 0 1
29 163 0 1
30 163 0 1
31 163 0 1
71 163 0 1
4 164 0 1
5 164 0 1
6 164 0 1
9 164 0 1
11 164 0 1
12 164 0 1
13 164 0 1
14 164 0 1
17 164 0 1
20 164 0 1
24 164 0 1
25 164 0 1
4 165 0 1
5 165 0 1
6 165 0 1
9 165 0 1
11 165 0 1
12 165 0 1
13 165 0 1
14 165 0 1
17 165 0 1
20 165 0 1
24 165 0 1
25 165 0 1
1 166 0 1
6 166 0 1
9 166 0 1
11 166 0 1
12 166 0 1
13 166 0 1
14 166 0 1
20 166 0 1
21 166 0 1
30 166 0 1
31 166 0 1
1 167 0 1
6 167 0 1
9 167 0 1
11 167 0 1
12 167 0 1
13 167 0 1
14 167 0 1
20 167 0 1
21 167 0 1
30 167 0 1
4 168 0 1
5 168 0 1
6 168 0 1
12 168 0 1
13 168 0 1
16 168 0 1
17 168 0 1
18 168 0 1
20 168 0 1
24 168 0 1
25 168 0 1
4 169 0 1
5 169 0 1
6 169 0 1
12 169 0 1
16 169 0 1
17 169 0 1
18 169 0 1
20 169 0 1
22 169 0 1
23 169 0 1
24 169 0 1
25 169 0 1
1 170 0 1
6 170 0 1
9 170 0 1
11 170 0 1
12 170 0 1
13 170 0 1
14 170 0 1
20 170 0 1
21 170 0 1
30 170 0 1
31 170 0 1
1 171 0 1
6 171 0 1
9 171 0 1
11 171 0 1
12 171 0 1
13 171 0 1
14 171 0 1
20 171 0 1
21 171 0 1
28 171 0 1
30 171 0 1
31 171 0 1
1 172 0 1
6 172 0 1
9 172 0 1
11 172 0 1
12 172 0 1
13 172 0 1
14 172 0 1
20 172 0 1
21 172 0 1
30 172 0 1
5 173 0 1
6 173 0 1
9 173 0 1
11 173 0 1
12 173 0 1
13 173 0 1
14 173 0 1
17 173 0 1
20 173 0 1
24 173 0 1
25 173 0 1
12 174 0 1
13 174 0 1
14 174 0 1
17 174 0 1
20 174 0 1
24 174 0 1
25 174 0 1
32 174 0 1
67 174 0 1
4 175 0 1
5 175 0 1
6 175 0 1
12 175 0 1
13 175 0 1
16 175 0 1
17 175 0 1
18 175 0 1
20 175 0 1
22 175 0 1
23 175 0 1
24 175 0 1
25 175 0 1
1 176 0 1
6 176 0 1
9 176 0 1
11 176 0 1
12 176 0 1
13 176 0 1
14 176 0 1
20 176 0 1
21 176 0 1
4 177 0 1
5 177 0 1
16 177 0 1
17 177 0 1
18 177 0 1
22 177 0 1
23 177 0 1
24 177 0 1
25 177 0 1
4 178 0 1
5 178 0 1
6 178 0 1
11 178 0 1
12 178 0 1
13 178 0 1
17 178 0 1
18 178 0 1
20 178 0 1
24 178 0 1
25 178 0 1
4 179 0 1
16 179 0 1
17 179 0 1
18 179 0 1
22 179 0 1
23 179 0 1
25 179 0 1
1 180 0 1
6 180 0 1
9 180 0 1
11 180 0 1
12 180 0 1
13 180 0 1
14 180 0 1
20 180 0 1
21 180 0 1
30 180 0 1
1 181 0 1
9 181 0 1
11 181 0 1
13 181 0 1
14 181 0 1
20 181 0 1
21 181 0 1
28 181 0 1
30 181 0 1
31 181 0 1
71 181 0 1
4 182 0 1
5 182 0 1
6 182 0 1
9 182 0 1
11 182 0 1
12 182 0 1
13 182 0 1
14 182 0 1
17 182 0 1
20 182 0 1
24 182 0 1
25 182 0 1
32 182 0 1
4 183 0 1
5 183 0 1
12 183 0 1
16 183 0 1
17 183 0 1
18 183 0 1
20 183 0 1
22 183 0 1
23 183 0 1
24 183 0 1
25 183 0 1
16 184 0 1
17 184 0 1
18 184 0 1
22 184 0 1
23 184 0 1
24 184 0 1
25 184 0 1
41 184 0 1
42 184 0 1
46 184 0 1
16 185 0 1
17 185 0 1
18 185 0 1
22 185 0 1
23 185 0 1
24 185 0 1
25 185 0 1
37 185 0 1
42 185 0 1
43 185 0 1
44 185 0 1
52 185 0 1
55 185 0 1
56 185 0 1
4 186 0 1
16 186 0 1
17 186 0 1
18 186 0 1
22 186 0 1
23 186 0 1
24 186 0 1
25 186 0 1
37 186 0 1
42 186 0 1
1 187 0 1
2 187 0 1
9 187 0 1
14 187 0 1
20 187 0 1
21 187 0 1
28 187 0 1
30 187 0 1
31 187 0 1
35 187 0 1
65 187 0 1
71 187 0 1
12 188 0 1
17 188 0 1
20 188 0 1
24 188 0 1
25 188 0 1
32 188 0 1
67 188 0 1
70 188 0 1
16 189 0 1
17 189 0 1
18 189 0 1
22 189 0 1
23 189 0 1
24 189 0 1
25 189 0 1
37 189 0 1
52 189 0 1
16 190 0 1
17 190 0 1
18 190 0 1
22 190 0 1
23 190 0 1
24 190 0 1
25 190 0 1
1 191 0 1
2 191 0 1
19 191 0 1
21 191 0 1
28 191 0 1
30 191 0 1
31 191 0 1
33 191 0 1
35 191 0 1
36 191 0 1
65 191 0 1
68 191 0 1
71 191 0 1
72 191 0 1
1 192 0 1
2 192 0 1
19 192 0 1
21 192 0 1
26 192 0 1
27 192 0 1
28 192 0 1
29 192 0 1
30 192 0 1
31 192 0 1
33 192 0 1
34 192 0 1
35 192 0 1
36 192 0 1
65 192 0 1
68 192 0 1
69 192 0 1
71 192 0 1
72 192 0 1
3 193 0 1
22 193 0 1
23 193 0 1
37 193 0 1
41 193 0 1
42 193 0 1
43 193 0 1
44 193 0 1
46 193 0 1
49 193 0 1
54 193 0 1
55 193 0 1
56 193 0 1
59 193 0 1
136 193 0 1
139 193 0 1
145 193 0 1
146 193 0 1
3 194 0 1
16 194 0 1
18 194 0 1
22 194 0 1
23 194 0 1
24 194 0 1
25 194 0 1
37 194 0 1
41 194 0 1
42 194 0 1
43 194 0 1
44 194 0 1
46 194 0 1
49 194 0 1
54 194 0 1
55 194 0 1
56 194 0 1
59 194 0 1
136 194 0 1
2 195 0 1
33 195 0 1
34 195 0 1
35 195 0 1
36 195 0 1
38 195 0 1
48 195 0 1
57 195 0 1
58 195 0 1
60 195 0 1
61 195 0 1
62 195 0 1
63 195 0 1
64 195 0 1
65 195 0 1
68 195 0 1
69 195 0 1
71 195 0 1
72 195 0 1
130 195 0 1
131 195 0 1
137 195 0 1
138 195 0 1
3 196 0 1
17 196 0 1
18 196 0 1
22 196 0 1
23 196 0 1
24 196 0 1
25 196 0 1
37 196 0 1
41 196 0 1
42 196 0 1
43 196 0 1
44 196 0 1
46 196 0 1
49 196 0 1
52 196 0 1
54 196 0 1
55 196 0 1
56 196 0 1
59 196 0 1
70 196 0 1
133 196 0 1
135 196 0 1
136 196 0 1
2 197 0 1
33 197 0 1
34 197 0 1
35 197 0 1
36 197 0 1
38 197 0 1
48 197 0 1
57 197 0 1
58 197 0 1
60 197 0 1
61 197 0 1
62 197 0 1
63 197 0 1
64 197 0 1
65 197 0 1
68 197 0 1
69 197 0 1
71 197 0 1
72 197 0 1
130 197 0 1
131 197 0 1
137 197 0 1
138 197 0 1
141 197 0 1
143 197 0 1
33 198 0 1
35 198 0 1
39 198 0 1
57 198 0 1
60 198 0 1
64 198 0 1
65 198 0 1
66 198 0 1
68 198 0 1
71 198 0 1
73 198 0 1
131 198 0 1
132 198 0 1
134 198 0 1
137 198 0 1
138 198 0 1
140 198 0 1
141 198 0 1
143 198 0 1
3 199 0 1
32 199 0 1
37 199 0 1
39 199 0 1
40 199 0 1
43 199 0 1
44 199 0 1
45 199 0 1
49 199 0 1
50 199 0 1
51 199 0 1
52 199 0 1
53 199 0 1
54 199 0 1
56 199 0 1
66 199 0 1
67 199 0 1
70 199 0 1
81 199 0 1
84 199 0 1
118 199 0 1
119 199 0 1
120 199 0 1
121 199 0 1
122 199 0 1
124 199 0 1
125 199 0 1
129 199 0 1
133 199 0 1
134 199 0 1
135 199 0 1
136 199 0 1
142 199 0 1
144 199 0 1
147 199 0 1
148 199 0 1
3 200 0 1
37 200 0 1
40 200 0 1
42 200 0 1
43 200 0 1
44 200 0 1
45 200 0 1
49 200 0 1
50 200 0 1
51 200 0 1
52 200 0 1
53 200 0 1
54 200 0 1
55 200 0 1
56 200 0 1
59 200 0 1
67 200 0 1
70 200 0 1
77 200 0 1
81 200 0 1
84 200 0 1
110 200 0 1
118 200 0 1
120 200 0 1
121 200 0 1
122 200 0 1
124 200 0 1
125 200 0 1
129 200 0 1
133 200 0 1
135 200 0 1
136 200 0 1
142 200 0 1
144 200 0 1
146 200 0 1
147 200 0 1
148 200 0 1
33 201 0 1
38 201 0 1
47 201 0 1
48 201 0 1
57 201 0 1
58 201 0 1
60 201 0 1
61 201 0 1
62 201 0 1
63 201 0 1
64 201 0 1
68 201 0 1
69 201 0 1
73 201 0 1
74 201 0 1
78 201 0 1
79 201 0 1
80 201 0 1
83 201 0 1
85 201 0 1
86 201 0 1
108 201 0 1
111 201 0 1
116 201 0 1
117 201 0 1
126 201 0 1
127 201 0 1
128 201 0 1
130 201 0 1
131 201 0 1
137 201 0 1
138 201 0 1
141 201 0 1
143 201 0 1
47 202 0 1
48 202 0 1
57 202 0 1
58 202 0 1
60 202 0 1
61 202 0 1
62 202 0 1
63 202 0 1
64 202 0 1
68 202 0 1
73 202 0 1
74 202 0 1
76 202 0 1
78 202 0 1
79 202 0 1
80 202 0 1
83 202 0 1
85 202 0 1
86 202 0 1
87 202 0 1
108 202 0 1
116 202 0 1
117 202 0 1
123 202 0 1
126 202 0 1
127 202 0 1
128 202 0 1
130 202 0 1
131 202 0 1
132 202 0 1
137 202 0 1
138 202 0 1
140 202 0 1
141 202 0 1
143 202 0 1
3 203 0 1
37 203 0 1
42 203 0 1
43 203 0 1
44 203 0 1
45 203 0 1
49 203 0 1
50 203 0 1
51 203 0 1
52 203 0 1
53 203 0 1
54 203 0 1
55 203 0 1
56 203 0 1
59 203 0 1
70 203 0 1
77 203 0 1
81 203 0 1
84 203 0 1
109 203 0 1
110 203 0 1
118 203 0 1
121 203 0 1
122 203 0 1
124 203 0 1
125 203 0 1
129 203 0 1
133 203 0 1
135 203 0 1
136 203 0 1
142 203 0 1
144 203 0 1
146 203 0 1
147 203 0 1
148 203 0 1
3 204 0 1
37 204 0 1
39 204 0 1
40 204 0 1
44 204 0 1
45 204 0 1
50 204 0 1
51 204 0 1
52 204 0 1
53 204 0 1
54 204 0 1
56 204 0 1
67 204 0 1
70 204 0 1
77 204 0 1
81 204 0 1
82 204 0 1
84 204 0 1
110 204 0 1
118 204 0 1
119 204 0 1
120 204 0 1
121 204 0 1
122 204 0 1
124 204 0 1
125 204 0 1
129 204 0 1
133 204 0 1
134 204 0 1
135 204 0 1
142 204 0 1
144 204 0 1
147 204 0 1
148 204 0 1
2 205 0 1
33 205 0 1
34 205 0 1
35 205 0 1
36 205 0 1
38 205 0 1
47 205 0 1
48 205 0 1
57 205 0 1
58 205 0 1
60 205 0 1
61 205 0 1
62 205 0 1
63 205 0 1
64 205 0 1
65 205 0 1
68 205 0 1
69 205 0 1
71 205 0 1
72 205 0 1
73 205 0 1
116 205 0 1
117 205 0 1
130 205 0 1
131 205 0 1
137 205 0 1
138 205 0 1
141 205 0 1
143 205 0 1
32 206 0 1
39 206 0 1
40 206 0 1
45 206 0 1
51 206 0 1
53 206 0 1
65 206 0 1
66 206 0 1
67 206 0 1
73 206 0 1
119 206 0 1
120 206 0 1
121 206 0 1
123 206 0 1
131 206 0 1
132 206 0 1
134 206 0 1
137 206 0 1
140 206 0 1
141 206 0 1
142 206 0 1
143 206 0 1
144 206 0 1
32 207 0 1
39 207 0 1
40 207 0 1
45 207 0 1
50 207 0 1
51 207 0 1
52 207 0 1
53 207 0 1
65 207 0 1
66 207 0 1
67 207 0 1
70 207 0 1
73 207 0 1
118 207 0 1
119 207 0 1
120 207 0 1
121 207 0 1
123 207 0 1
132 207 0 1
134 207 0 1
137 207 0 1
140 207 0 1
142 207 0 1
143 207 0 1
144 207 0 1
148 207 0 1
32 208 0 1
37 208 0 1
39 208 0 1
40 208 0 1
45 208 0 1
50 208 0 1
51 208 0 1
52 208 0 1
53 208 0 1
54 208 0 1
66 208 0 1
67 208 0 1
70 208 0 1
118 208 0 1
119 208 0 1
120 208 0 1
121 208 0 1
123 208 0 1
132 208 0 1
133 208 0 1
134 208 0 1
135 208 0 1
140 208 0 1
142 208 0 1
144 208 0 1
147 208 0 1
148 208 0 1
32 209 0 1
39 209 0 1
40 209 0 1
45 209 0 1
50 209 0 1
51 209 0 1
52 209 0 1
53 209 0 1
65 209 0 1
66 209 0 1
67 209 0 1
70 209 0 1
73 209 0 1
118 209 0 1
119 209 0 1
120 209 0 1
121 209 0 1
123 209 0 1
132 209 0 1
134 209 0 1
135 209 0 1
137 209 0 1
140 209 0 1
142 209 0 1
144 209 0 1
148 209 0 1
50 210 0 1
51 210 0 1
76 210 0 1
82 210 0 1
84 210 0 1
87 210 0 1
99 210 0 1
104 210 0 1
105 210 0 1
106 210 0 1
107 210 0 1
118 210 0 1
119 210 0 1
120 210 0 1
121 210 0 1
122 210 0 1
123 210 0 1
129 210 0 1
132 210 0 1
133 210 0 1
134 210 0 1
135 210 0 1
142 210 0 1
144 210 0 1
147 210 0 1
148 210 0 1
47 211 0 1
48 211 0 1
61 211 0 1
62 211 0 1
63 211 0 1
74 211 0 1
78 211 0 1
79 211 0 1
80 211 0 1
83 211 0 1
85 211 0 1
86 211 0 1
100 211 0 1
111 211 0 1
116 211 0 1
126 211 0 1
127 211 0 1
128 211 0 1
130 211 0 1
138 211 0 1
141 211 0 1
47 212 0 1
61 212 0 1
62 212 0 1
74 212 0 1
78 212 0 1
79 212 0 1
80 212 0 1
83 212 0 1
85 212 0 1
100 212 0 1
111 212 0 1
116 212 0 1
127 212 0 1
130 212 0 1
138 212 0 1
3 213 0 1
50 213 0 1
51 213 0 1
52 213 0 1
77 213 0 1
81 213 0 1
84 213 0 1
91 213 0 1
93 213 0 1
94 213 0 1
96 213 0 1
97 213 0 1
102 213 0 1
103 213 0 1
105 213 0 1
109 213 0 1
110 213 0 1
113 213 0 1
115 213 0 1
118 213 0 1
120 213 0 1
121 213 0 1
122 213 0 1
124 213 0 1
125 213 0 1
129 213 0 1
133 213 0 1
135 213 0 1
136 213 0 1
142 213 0 1
144 213 0 1
147 213 0 1
148 213 0 1
3 214 0 1
77 214 0 1
81 214 0 1
84 214 0 1
91 214 0 1
92 214 0 1
93 214 0 1
94 214 0 1
95 214 0 1
96 214 0 1
97 214 0 1
102 214 0 1
103 214 0 1
105 214 0 1
109 214 0 1
110 214 0 1
113 214 0 1
115 214 0 1
118 214 0 1
121 214 0 1
122 214 0 1
124 214 0 1
125 214 0 1
129 214 0 1
133 214 0 1
135 214 0 1
136 214 0 1
147 214 0 1
148 214 0 1
3 215 0 1
50 215 0 1
51 215 0 1
76 215 0 1
77 215 0 1
82 215 0 1
84 215 0 1
87 215 0 1
89 215 0 1
93 215 0 1
95 215 0 1
99 215 0 1
104 215 0 1
105 215 0 1
106 215 0 1
107 215 0 1
118 215 0 1
119 215 0 1
120 215 0 1
121 215 0 1
122 215 0 1
123 215 0 1
125 215 0 1
129 215 0 1
133 215 0 1
134 215 0 1
135 215 0 1
142 215 0 1
144 215 0 1
147 215 0 1
148 215 0 1
76 216 0 1
82 216 0 1
84 216 0 1
86 216 0 1
87 216 0 1
88 216 0 1
89 216 0 1
99 216 0 1
104 216 0 1
106 216 0 1
107 216 0 1
114 216 0 1
118 216 0 1
119 216 0 1
120 216 0 1
121 216 0 1
123 216 0 1
134 216 0 1
135 216 0 1
142 216 0 1
144 216 0 1
148 216 0 1
47 217 0 1
74 217 0 1
78 217 0 1
79 217 0 1
80 217 0 1
83 217 0 1
85 217 0 1
100 217 0 1
111 217 0 1
116 217 0 1
126 217 0 1
127 217 0 1
130 217 0 1
3 218 0 1
45 218 0 1
50 218 0 1
51 218 0 1
52 218 0 1
53 218 0 1
54 218 0 1
77 218 0 1
81 218 0 1
82 218 0 1
84 218 0 1
91 218 0 1
93 218 0 1
103 218 0 1
105 218 0 1
109 218 0 1
110 218 0 1
118 218 0 1
119 218 0 1
120 218 0 1
121 218 0 1
122 218 0 1
124 218 0 1
125 218 0 1
129 218 0 1
133 218 0 1
134 218 0 1
135 218 0 1
136 218 0 1
142 218 0 1
144 218 0 1
147 218 0 1
148 218 0 1
3 219 0 1
44 219 0 1
45 219 0 1
49 219 0 1
50 219 0 1
51 219 0 1
52 219 0 1
53 219 0 1
54 219 0 1
56 219 0 1
77 219 0 1
81 219 0 1
84 219 0 1
109 219 0 1
110 219 0 1
118 219 0 1
120 219 0 1
121 219 0 1
122 219 0 1
124 219 0 1
125 219 0 1
129 219 0 1
133 219 0 1
135 219 0 1
136 219 0 1
142 219 0 1
144 219 0 1
147 219 0 1
148 219 0 1
3 220 0 1
44 220 0 1
49 220 0 1
50 220 0 1
51 220 0 1
52 220 0 1
53 220 0 1
54 220 0 1
56 220 0 1
77 220 0 1
81 220 0 1
84 220 0 1
103 220 0 1
105 220 0 1
109 220 0 1
110 220 0 1
113 220 0 1
118 220 0 1
120 220 0 1
121 220 0 1
122 220 0 1
124 220 0 1
125 220 0 1
129 220 0 1
133 220 0 1
135 220 0 1
136 220 0 1
142 220 0 1
144 220 0 1
147 220 0 1
148 220 0 1
3 221 0 1
75 221 0 1
77 221 0 1
90 221 0 1
91 221 0 1
92 221 0 1
93 221 0 1
94 221 0 1
96 221 0 1
97 221 0 1
101 221 0 1
102 221 0 1
103 221 0 1
105 221 0 1
109 221 0 1
110 221 0 1
112 221 0 1
113 221 0 1
115 221 0 1
74 222 0 1
98 222 0 1
100 222 0 1
111 222 0 1
74 223 0 1
83 223 0 1
86 223 0 1
98 223 0 1
100 223 0 1
108 223 0 1
111 223 0 1
114 223 0 1
74 224 0 1
79 224 0 1
80 224 0 1
85 224 0 1
86 224 0 1
88 224 0 1
89 224 0 1
98 224 0 1
99 224 0 1
100 224 0 1
107 224 0 1
108 224 0 1
111 224 0 1
114 224 0 1
76 225 0 1
86 225 0 1
87 225 0 1
88 225 0 1
89 225 0 1
98 225 0 1
99 225 0 1
104 225 0 1
106 225 0 1
107 225 0 1
108 225 0 1
114 225 0 1
76 226 0 1
82 226 0 1
84 226 0 1
86 226 0 1
87 226 0 1
88 226 0 1
89 226 0 1
95 226 0 1
99 226 0 1
104 226 0 1
106 226 0 1
107 226 0 1
108 226 0 1
114 226 0 1
120 226 0 1
74 227 0 1
76 227 0 1
79 227 0 1
80 227 0 1
83 227 0 1
85 227 0 1
86 227 0 1
88 227 0 1
89 227 0 1
98 227 0 1
99 227 0 1
100 227 0 1
107 227 0 1
108 227 0 1
111 227 0 1
114 227 0 1
126 227 0 1
127 227 0 1
128 227 0 1
76 228 0 1
80 228 0 1
85 228 0 1
86 228 0 1
87 228 0 1
88 228 0 1
89 228 0 1
98 228 0 1
99 228 0 1
100 228 0 1
104 228 0 1
106 228 0 1
107 228 0 1
108 228 0 1
114 228 0 1
128 228 0 1
74 229 0 1
86 229 0 1
88 229 0 1
98 229 0 1
100 229 0 1
108 229 0 1
111 229 0 1
114 229 0 1
76 230 0 1
82 230 0 1
86 230 0 1
87 230 0 1
88 230 0 1
89 230 0 1
95 230 0 1
99 230 0 1
104 230 0 1
106 230 0 1
107 230 0 1
108 230 0 1
114 230 0 1
76 231 0 1
85 231 0 1
86 231 0 1
88 231 0 1
89 231 0 1
98 231 0 1
99 231 0 1
100 231 0 1
104 231 0 1
106 231 0 1
107 231 0 1
108 231 0 1
114 231 0 1
76 232 0 1
86 232 0 1
88 232 0 1
89 232 0 1
98 232 0 1
99 232 0 1
100 232 0 1
104 232 0 1
106 232 0 1
107 232 0 1
108 232 0 1
114 232 0 1
76 233 0 1
86 233 0 1
88 233 0 1
89 233 0 1
98 233 0 1
99 233 0 1
100 233 0 1
104 233 0 1
106 233 0 1
107 233 0 1
108 233 0 1
114 233 0 1
74 234 0 1
78 234 0 1
79 234 0 1
80 234 0 1
83 234 0 1
85 234 0 1
86 234 0 1
98 234 0 1
100 234 0 1
108 234 0 1
111 234 0 1
114 234 0 1
126 234 0 1
127 234 0 1
128 234 0 1
74 235 0 1
78 235 0 1
79 235 0 1
80 235 0 1
83 235 0 1
85 235 0 1
98 235 0 1
100 235 0 1
111 235 0 1
116 235 0 1
127 235 0 1
74 236 0 1
76 236 0 1
78 236 0 1
79 236 0 1
80 236 0 1
83 236 0 1
85 236 0 1
86 236 0 1
88 236 0 1
98 236 0 1
99 236 0 1
100 236 0 1
107 236 0 1
108 236 0 1
111 236 0 1
114 236 0 1
116 236 0 1
117 236 0 1
126 236 0 1
127 236 0 1
128 236 0 1
74 237 0 1
78 237 0 1
79 237 0 1
83 237 0 1
100 237 0 1
111 237 0 1
76 238 0 1
82 238 0 1
84 238 0 1
86 238 0 1
87 238 0 1
88 238 0 1
89 238 0 1
93 238 0 1
95 238 0 1
96 238 0 1
99 238 0 1
104 238 0 1
105 238 0 1
106 238 0 1
107 238 0 1
108 238 0 1
114 238 0 1
119 238 0 1
120 238 0 1
74 239 0 1
78 239 0 1
79 239 0 1
80 239 0 1
83 239 0 1
85 239 0 1
86 239 0 1
88 239 0 1
98 239 0 1
100 239 0 1
108 239 0 1
111 239 0 1
114 239 0 1
126 239 0 1
127 239 0 1
128 239 0 1
3 240 0 1
75 240 0 1
77 240 0 1
81 240 0 1
90 240 0 1
91 240 0 1
92 240 0 1
93 240 0 1
94 240 0 1
97 240 0 1
101 240 0 1
102 240 0 1
103 240 0 1
105 240 0 1
109 240 0 1
110 240 0 1
112 240 0 1
113 240 0 1
115 240 0 1
122 240 0 1
124 240 0 1
125 240 0 1
129 240 0 1
136 240 0 1
145 240 0 1
146 240 0 1
74 241 0 1
78 241 0 1
79 241 0 1
80 241 0 1
83 241 0 1
85 241 0 1
86 241 0 1
98 241 0 1
100 241 0 1
108 241 0 1
111 241 0 1
116 241 0 1
117 241 0 1
126 241 0 1
127 241 0 1
128 241 0 1
130 241 0 1
141 241 0 1
76 242 0 1
82 242 0 1
84 242 0 1
86 242 0 1
87 242 0 1
88 242 0 1
89 242 0 1
95 242 0 1
99 242 0 1
104 242 0 1
106 242 0 1
107 242 0 1
108 242 0 1
114 242 0 1
118 242 0 1
119 242 0 1
120 242 0 1
121 242 0 1
123 242 0 1
142 242 0 1
144 242 0 1
74 243 0 1
78 243 0 1
79 243 0 1
80 243 0 1
83 243 0 1
100 243 0 1
111 243 0 1
116 243 0 1
127 243 0 1
3 244 0 1
77 244 0 1
81 244 0 1
84 244 0 1
91 244 0 1
92 244 0 1
93 244 0 1
94 244 0 1
95 244 0 1
96 244 0 1
97 244 0 1
102 244 0 1
103 244 0 1
105 244 0 1
109 244 0 1
110 244 0 1
113 244 0 1
115 244 0 1
118 244 0 1
120 244 0 1
121 244 0 1
122 244 0 1
124 244 0 1
125 244 0 1
129 244 0 1
135 244 0 1
147 244 0 1
76 245 0 1
82 245 0 1
84 245 0 1
86 245 0 1
87 245 0 1
88 245 0 1
89 245 0 1
93 245 0 1
95 245 0 1
96 245 0 1
99 245 0 1
104 245 0 1
105 245 0 1
106 245 0 1
107 245 0 1
118 245 0 1
119 245 0 1
120 245 0 1
121 245 0 1
123 245 0 1
142 245 0 1
144 245 0 1
148 245 0 1
3 246 0 1
50 246 0 1
76 246 0 1
77 246 0 1
81 246 0 1
82 246 0 1
84 246 0 1
87 246 0 1
89 246 0 1
91 246 0 1
93 246 0 1
94 246 0 1
95 246 0 1
96 246 0 1
97 246 0 1
99 246 0 1
103 246 0 1
104 246 0 1
105 246 0 1
106 246 0 1
107 246 0 1
109 246 0 1
110 246 0 1
118 246 0 1
119 246 0 1
120 246 0 1
121 246 0 1
122 246 0 1
123 246 0 1
124 246 0 1
125 246 0 1
129 246 0 1
133 246 0 1
135 246 0 1
142 246 0 1
144 246 0 1
147 246 0 1
148 246 0 1
3 247 0 1
77 247 0 1
81 247 0 1
90 247 0 1
91 247 0 1
92 247 0 1
93 247 0 1
94 247 0 1
95 247 0 1
96 247 0 1
97 247 0 1
101 247 0 1
102 247 0 1
103 247 0 1
105 247 0 1
109 247 0 1
110 247 0 1
112 247 0 1
113 247 0 1
115 247 0 1
122 247 0 1
124 247 0 1
125 247 0 1
129 247 0 1
73 248 0 1
76 248 0 1
80 248 0 1
82 248 0 1
84 248 0 1
85 248 0 1
86 248 0 1
87 248 0 1
88 248 0 1
89 248 0 1
98 248 0 1
99 248 0 1
104 248 0 1
106 248 0 1
107 248 0 1
108 248 0 1
114 248 0 1
117 248 0 1
119 248 0 1
120 248 0 1
121 248 0 1
123 248 0 1
126 248 0 1
128 248 0 1
144 248 0 1
73 249 0 1
74 249 0 1
76 249 0 1
78 249 0 1
79 249 0 1
80 249 0 1
82 249 0 1
83 249 0 1
85 249 0 1
86 249 0 1
87 249 0 1
88 249 0 1
89 249 0 1
98 249 0 1
99 249 0 1
100 249 0 1
104 249 0 1
106 249 0 1
107 249 0 1
108 249 0 1
111 249 0 1
114 249 0 1
116 249 0 1
117 249 0 1
119 249 0 1
123 249 0 1
126 249 0 1
127 249 0 1
128 249 0 1
141 249 0 1
74 250 0 1
78 250 0 1
79 250 0 1
80 250 0 1
83 250 0 1
85 250 0 1
98 250 0 1
100 250 0 1
111 250 0 1
116 250 0 1
127 250 0 1
3 251 0 1
77 251 0 1
81 251 0 1
84 251 0 1
91 251 0 1
93 251 0 1
94 251 0 1
95 251 0 1
96 251 0 1
97 251 0 1
102 251 0 1
103 251 0 1
104 251 0 1
105 251 0 1
109 251 0 1
110 251 0 1
113 251 0 1
118 251 0 1
120 251 0 1
121 251 0 1
122 251 0 1
124 251 0 1
125 251 0 1
129 251 0 1
76 252 0 1
77 252 0 1
82 252 0 1
84 252 0 1
87 252 0 1
88 252 0 1
89 252 0 1
91 252 0 1
93 252 0 1
94 252 0 1
95 252 0 1
96 252 0 1
99 252 0 1
103 252 0 1
104 252 0 1
105 252 0 1
106 252 0 1
107 252 0 1
118 252 0 1
119 252 0 1
120 252 0 1
121 252 0 1
123 252 0 1
3 253 0 1
32 253 0 1
37 253 0 1
40 253 0 1
42 253 0 1
43 253 0 1
44 253 0 1
45 253 0 1
46 253 0 1
49 253 0 1
50 253 0 1
51 253 0 1
52 253 0 1
53 253 0 1
54 253 0 1
55 253 0 1
56 253 0 1
59 253 0 1
67 253 0 1
70 253 0 1
122 253 0 1
133 253 0 1
135 253 0 1
136 253 0 1
146 253 0 1
147 253 0 1
148 253 0 1
2 254 0 1
33 254 0 1
34 254 0 1
35 254 0 1
36 254 0 1
57 254 0 1
58 254 0 1
60 254 0 1
62 254 0 1
63 254 0 1
64 254 0 1
65 254 0 1
66 254 0 1
68 254 0 1
69 254 0 1
71 254 0 1
72 254 0 1
73 254 0 1
131 254 0 1
132 254 0 1
137 254 0 1
138 254 0 1
140 254 0 1
141 254 0 1
143 254 0 1
3 255 0 1
17 255 0 1
23 255 0 1
24 255 0 1
25 255 0 1
32 255 0 1
37 255 0 1
41 255 0 1
42 255 0 1
43 255 0 1
44 255 0 1
45 255 0 1
46 255 0 1
49 255 0 1
50 255 0 1
52 255 0 1
53 255 0 1
54 255 0 1
55 255 0 1
56 255 0 1
59 255 0 1
67 255 0 1
70 255 0 1
133 255 0 1
135 255 0 1
136 255 0 1
146 255 0 1
147 255 0 1
3 256 0 1
32 256 0 1
37 256 0 1
39 256 0 1
40 256 0 1
42 256 0 1
43 256 0 1
44 256 0 1
45 256 0 1
49 256 0 1
50 256 0 1
51 256 0 1
52 256 0 1
53 256 0 1
54 256 0 1
55 256 0 1
56 256 0 1
59 256 0 1
66 256 0 1
67 256 0 1
70 256 0 1
133 256 0 1
135 256 0 1
142 256 0 1
147 256 0 1
148 256 0 1
32 257 0 1
33 257 0 1
35 257 0 1
39 257 0 1
40 257 0 1
45 257 0 1
50 257 0 1
51 257 0 1
53 257 0 1
60 257 0 1
64 257 0 1
65 257 0 1
66 257 0 1
67 257 0 1
68 257 0 1
70 257 0 1
71 257 0 1
73 257 0 1
123 257 0 1
131 257 0 1
132 257 0 1
134 257 0 1
137 257 0 1
138 257 0 1
140 257 0 1
141 257 0 1
142 257 0 1
143 257 0 1
144 257 0 1
3 258 0 1
37 258 0 1
41 258 0 1
42 258 0 1
43 258 0 1
44 258 0 1
46 258 0 1
49 258 0 1
54 258 0 1
55 258 0 1
56 258 0 1
59 258 0 1
136 258 0 1
139 258 0 1
145 258 0 1
146 258 0 1
3 259 0 1
37 259 0 1
41 259 0 1
42 259 0 1
43 259 0 1
44 259 0 1
45 259 0 1
46 259 0 1
49 259 0 1
50 259 0 1
52 259 0 1
54 259 0 1
55 259 0 1
56 259 0 1
59 259 0 1
67 259 0 1
70 259 0 1
124 259 0 1
133 259 0 1
135 259 0 1
136 259 0 1
139 259 0 1
145 259 0 1
146 259 0 1
147 259 0 1
3 260 0 1
32 260 0 1
37 260 0 1
40 260 0 1
41 260 0 1
42 260 0 1
43 260 0 1
44 260 0 1
45 260 0 1
46 260 0 1
49 260 0 1
50 260 0 1
51 260 0 1
52 260 0 1
53 260 0 1
54 260 0 1
55 260 0 1
56 260 0 1
59 260 0 1
67 260 0 1
70 260 0 1
122 260 0 1
124 260 0 1
125 260 0 1
133 260 0 1
135 260 0 1
136 260 0 1
145 260 0 1
146 260 0 1
147 260 0 1
148 260 0 1
33 261 0 1
35 261 0 1
36 261 0 1
39 261 0 1
57 261 0 1
60 261 0 1
62 261 0 1
63 261 0 1
64 261 0 1
65 261 0 1
66 261 0 1
68 261 0 1
69 261 0 1
71 261 0 1
72 261 0 1
73 261 0 1
117 261 0 1
119 261 0 1
123 261 0 1
131 261 0 1
132 261 0 1
134 261 0 1
137 261 0 1
138 261 0 1
140 261 0 1
141 261 0 1
143 261 0 1
33 262 0 1
35 262 0 1
39 262 0 1
40 262 0 1
60 262 0 1
64 262 0 1
65 262 0 1
66 262 0 1
68 262 0 1
71 262 0 1
73 262 0 1
117 262 0 1
119 262 0 1
123 262 0 1
131 262 0 1
132 262 0 1
134 262 0 1
137 262 0 1
138 262 0 1
140 262 0 1
141 262 0 1
143 262 0 1
144 262 0 1
2 263 0 1
19 263 0 1
26 263 0 1
27 263 0 1
29 263 0 1
31 263 0 1
33 263 0 1
34 263 0 1
35 263 0 1
36 263 0 1
38 263 0 1
57 263 0 1
58 263 0 1
68 263 0 1
69 263 0 1
71 263 0 1
72 263 0 1
2 264 0 1
19 264 0 1
21 264 0 1
30 264 0 1
31 264 0 1
33 264 0 1
35 264 0 1
36 264 0 1
65 264 0 1
68 264 0 1
71 264 0 1
72 264 0 1
2 265 0 1
19 265 0 1
21 265 0 1
26 265 0 1
31 265 0 1
33 265 0 1
34 265 0 1
35 265 0 1
36 265 0 1
57 265 0 1
65 265 0 1
68 265 0 1
69 265 0 1
71 265 0 1
72 265 0 1
2 266 0 1
19 266 0 1
26 266 0 1
31 266 0 1
33 266 0 1
34 266 0 1
35 266 0 1
36 266 0 1
38 266 0 1
57 266 0 1
58 266 0 1
60 266 0 1
64 266 0 1
65 266 0 1
68 266 0 1
69 266 0 1
71 266 0 1
72 266 0 1
2 267 0 1
19 267 0 1
21 267 0 1
26 267 0 1
31 267 0 1
33 267 0 1
34 267 0 1
35 267 0 1
36 267 0 1
38 267 0 1
48 267 0 1
57 267 0 1
58 267 0 1
60 267 0 1
61 267 0 1
62 267 0 1
63 267 0 1
64 267 0 1
65 267 0 1
68 267 0 1
69 267 0 1
71 267 0 1
72 267 0 1
73 267 0 1
116 267 0 1
117 267 0 1
126 267 0 1
130 267 0 1
131 267 0 1
132 267 0 1
137 267 0 1
138 267 0 1
140 267 0 1
141 267 0 1
143 267 0 1
16 268 0 1
17 268 0 1
18 268 0 1
22 268 0 1
23 268 0 1
24 268 0 1
25 268 0 1
41 268 0 1
42 268 0 1
43 268 0 1
44 268 0 1
46 268 0 1
49 268 0 1
55 268 0 1
56 268 0 1
59 268 0 1
136 268 0 1
16 269 0 1
17 269 0 1
18 269 0 1
22 269 0 1
23 269 0 1
24 269 0 1
25 269 0 1
37 269 0 1
41 269 0 1
42 269 0 1
43 269 0 1
44 269 0 1
46 269 0 1
55 269 0 1
56 269 0 1
136 269 0 1
