1 2 0 0
2 3 0 0
2 4 0 0
3 4 0 0
2 5 0 0
3 5 0 0
4 5 0 0
2 6 0 0
1 7 0 0
2 7 0 0
1 8 0 0
2 8 0 0
7 8 0 0
1 10 0 0
1 11 0 0
10 11 0 0
1 12 0 0
10 12 0 0
1 13 0 0
10 13 0 0
11 13 0 0
12 13 0 0
1 14 0 0
10 14 0 0
11 14 0 0
12 14 0 0
13 14 0 0
1 15 0 0
10 15 0 0
11 15 0 0
12 15 0 0
13 15 0 0
14 15 0 0
1 16 0 0
10 16 0 0
11 16 0 0
12 16 0 0
13 16 0 0
14 16 0 0
15 16 0 0
1 17 0 0
2 17 0 0
7 17 0 0
8 17 0 0
9 18 0 1
1 21 0 1
2 21 0 1
7 21 0 1
8 21 0 1
12 21 0 1
16 21 0 1
17 21 0 1
2 22 0 1
3 22 0 1
4 22 0 1
5 22 0 1
3 24 0 1
4 24 0 1
4 28 0 1
2 29 0 1
4 29 0 1
5 29 0 1
7 29 0 1
8 29 0 1
2 30 0 1
4 30 0 1
5 30 0 1
7 30 0 1
8 30 0 1
9 32 0 1
2 36 0 1
3 36 0 1
4 36 0 1
5 36 0 1
3 37 0 1
4 37 0 1
5 37 0 1
9 38 0 1
9 39 0 1
9 40 0 1
9 41 0 1
9 42 0 1
9 47 0 1
1 48 0 1
12 48 0 1
16 48 0 1
1 49 0 1
12 49 0 1
16 49 0 1
12 50 0 1
1 51 0 1
10 51 0 1
11 51 0 1
12 51 0 1
13 51 0 1
14 51 0 1
15 51 0 1
16 51 0 1
1 53 0 1
10 53 0 1
11 53 0 1
12 53 0 1
13 53 0 1
14 53 0 1
15 53 0 1
16 53 0 1
12 55 0 1
16 55 0 1
12 56 0 1
15 56 0 1
16 56 0 1
9 60 0 1
9 61 0 1
9 62 0 1
9 63 0 1
