2 3 0 0
1 4 0 0
2 4 0 0
3 4 0 0
6 7 0 0
6 8 0 0
7 8 0 0
6 9 0 0
7 9 0 0
8 9 0 0
6 10 0 0
8 10 0 0
9 10 0 0
5 11 0 0
10 11 0 0
6 12 0 0
7 12 0 0
8 12 0 0
9 12 0 0
10 12 0 0
1 13 0 0
1 14 0 0
6 14 0 0
7 14 0 0
8 14 0 0
9 14 0 0
12 14 0 0
13 15 0 0
1 16 0 0
6 16 0 0
7 16 0 0
8 16 0 0
12 16 0 0
14 16 0 0
5 17 0 0
10 17 0 0
11 17 0 0
6 18 0 0
7 18 0 0
8 18 0 0
9 18 0 0
10 18 0 0
12 18 0 0
14 18 0 0
16 18 0 0
6 19 0 0
7 19 0 0
8 19 0 0
9 19 0 0
10 19 0 0
12 19 0 0
14 19 0 0
16 19 0 0
18 19 0 0
13 20 0 0
15 20 0 0
1 21 0 0
13 21 0 0
15 21 0 0
20 21 0 0
1 22 0 0
6 22 0 0
7 22 0 0
8 22 0 0
9 22 0 0
12 22 0 0
14 22 0 0
16 22 0 0
18 22 0 0
19 22 0 0
6 23 0 0
7 23 0 0
8 23 0 0
9 23 0 0
10 23 0 0
12 23 0 0
14 23 0 0
16 23 0 0
18 23 0 0
19 23 0 0
22 23 0 0
1 24 0 0
13 24 0 0
15 24 0 0
20 24 0 0
21 24 0 0
1 25 0 0
6 25 0 0
7 25 0 0
8 25 0 0
9 25 0 0
12 25 0 0
14 25 0 0
16 25 0 0
18 25 0 0
19 25 0 0
22 25 0 0
23 25 0 0
1 26 0 0
7 26 0 0
14 26 0 0
16 26 0 0
18 26 0 0
22 26 0 0
25 26 0 0
1 27 0 0
13 27 0 0
15 27 0 0
20 27 0 0
21 27 0 0
24 27 0 0
26 27 0 0
1 28 0 0
7 28 0 0
8 28 0 0
14 28 0 0
16 28 0 0
18 28 0 0
19 28 0 0
22 28 0 0
25 28 0 0
26 28 0 0
1 29 0 0
13 29 0 0
14 29 0 0
16 29 0 0
21 29 0 0
22 29 0 0
24 29 0 0
26 29 0 0
27 29 0 0
28 29 0 0
1 30 0 0
6 30 0 0
7 30 0 0
8 30 0 0
12 30 0 0
14 30 0 0
16 30 0 0
18 30 0 0
19 30 0 0
22 30 0 0
23 30 0 0
25 30 0 0
26 30 0 0
28 30 0 0
29 30 0 0
1 31 0 0
14 31 0 0
23 31 0 0
25 31 0 0
28 31 0 0
30 31 0 0
1 32 0 0
14 32 0 0
22 32 0 0
25 32 0 0
26 32 0 0
28 32 0 0
29 32 0 0
30 32 0 0
31 32 0 0
1 33 0 0
14 33 0 0
22 33 0 0
25 33 0 0
26 33 0 0
28 33 0 0
29 33 0 0
30 33 0 0
31 33 0 0
32 33 0 0
1 34 0 0
6 34 0 0
7 34 0 0
8 34 0 0
9 34 0 0
10 34 0 0
12 34 0 0
14 34 0 0
16 34 0 0
18 34 0 0
19 34 0 0
22 34 0 0
23 34 0 0
25 34 0 0
26 34 0 0
28 34 0 0
30 34 0 0
31 34 0 0
32 34 0 0
33 34 0 0
1 35 0 0
7 35 0 0
8 35 0 0
14 35 0 0
16 35 0 0
18 35 0 0
22 35 0 0
25 35 0 0
26 35 0 0
27 35 0 0
28 35 0 0
29 35 0 0
30 35 0 0
31 35 0 0
32 35 0 0
33 35 0 0
34 35 0 0
1 36 0 0
13 36 0 0
15 36 0 0
20 36 0 0
21 36 0 0
24 36 0 0
26 36 0 0
27 36 0 0
28 36 0 0
29 36 0 0
35 36 0 0
1 37 0 0
7 37 0 0
8 37 0 0
12 37 0 0
14 37 0 0
16 37 0 0
18 37 0 0
19 37 0 0
22 37 0 0
23 37 0 0
25 37 0 0
26 37 0 0
28 37 0 0
29 37 0 0
30 37 0 0
31 37 0 0
32 37 0 0
33 37 0 0
34 37 0 0
35 37 0 0
1 38 0 0
12 38 0 0
14 38 0 0
18 38 0 0
19 38 0 0
22 38 0 0
23 38 0 0
25 38 0 0
28 38 0 0
30 38 0 0
31 38 0 0
32 38 0 0
33 38 0 0
34 38 0 0
35 38 0 0
37 38 0 0
1 39 0 0
4 39 0 0
31 39 0 0
32 39 0 0
33 39 0 0
37 39 0 0
1 40 0 0
4 40 0 0
33 40 0 0
35 40 0 0
36 40 0 0
39 40 0 0
1 41 0 0
4 41 0 0
36 41 0 0
39 41 0 0
40 41 0 0
1 42 0 0
4 42 0 0
31 42 0 0
32 42 0 0
33 42 0 0
34 42 0 0
37 42 0 0
38 42 0 0
39 42 0 0
1 43 0 0
41 43 0 0
1 44 0 0
4 44 0 0
31 44 0 0
39 44 0 0
42 44 0 0
1 45 0 0
4 45 0 0
31 45 0 0
39 45 0 0
42 45 0 0
44 45 0 0
1 46 0 0
4 46 0 0
39 46 0 0
42 46 0 0
44 46 0 0
45 46 0 0
1 47 0 0
4 47 0 0
27 47 0 0
36 47 0 0
40 47 0 0
41 47 0 0
43 47 0 0
1 48 0 0
24 48 0 0
27 48 0 0
36 48 0 0
43 48 0 0
47 48 0 0
1 49 0 0
24 49 0 0
27 49 0 0
36 49 0 0
40 49 0 0
41 49 0 0
43 49 0 0
47 49 0 0
48 49 0 0
1 50 0 0
24 50 0 0
27 50 0 0
36 50 0 0
40 50 0 0
41 50 0 0
43 50 0 0
47 50 0 0
48 50 0 0
49 50 0 0
1 51 0 0
4 51 0 0
14 51 0 0
25 51 0 0
26 51 0 0
28 51 0 0
30 51 0 0
31 51 0 0
32 51 0 0
33 51 0 0
34 51 0 0
35 51 0 0
37 51 0 0
38 51 0 0
39 51 0 0
40 51 0 0
42 51 0 0
44 51 0 0
45 51 0 0
46 51 0 0
1 52 0 0
4 52 0 0
24 52 0 0
27 52 0 0
29 52 0 0
35 52 0 0
36 52 0 0
40 52 0 0
41 52 0 0
43 52 0 0
47 52 0 0
48 52 0 0
49 52 0 0
50 52 0 0
31 53 0 0
38 53 0 0
42 53 0 0
44 53 0 0
45 53 0 0
51 53 0 0
1 54 0 0
4 54 0 0
29 54 0 0
33 54 0 0
35 54 0 0
36 54 0 0
39 54 0 0
40 54 0 0
41 54 0 0
47 54 0 0
49 54 0 0
50 54 0 0
52 54 0 0
1 55 0 0
31 55 0 0
32 55 0 0
34 55 0 0
38 55 0 0
42 55 0 0
44 55 0 0
45 55 0 0
46 55 0 0
51 55 0 0
53 55 0 0
2 56 0 0
43 56 0 0
2 57 0 0
3 57 0 0
4 57 0 0
56 57 0 0
2 58 0 0
3 58 0 0
4 58 0 0
57 58 0 0
2 59 0 0
3 59 0 0
4 59 0 0
57 59 0 0
58 59 0 0
2 60 0 0
3 60 0 0
4 60 0 0
39 60 0 0
44 60 0 0
45 60 0 0
46 60 0 0
58 60 0 0
59 60 0 0
1 61 0 0
3 61 0 0
4 61 0 0
40 61 0 0
41 61 0 0
56 61 0 0
57 61 0 0
58 61 0 0
59 61 0 0
3 62 0 0
4 62 0 0
39 62 0 0
42 62 0 0
44 62 0 0
45 62 0 0
46 62 0 0
60 62 0 0
4 64 0 0
42 64 0 0
44 64 0 0
45 64 0 0
46 64 0 0
60 64 0 0
62 64 0 0
4 65 0 0
45 65 0 0
46 65 0 0
60 65 0 0
62 65 0 0
64 65 0 0
63 66 0 0
64 66 0 0
63 67 0 0
66 67 0 0
63 68 0 0
66 68 0 0
67 68 0 0
2 69 0 0
3 69 0 0
4 69 0 0
58 69 0 0
59 69 0 0
60 69 0 0
62 69 0 0
64 69 0 0
65 69 0 0
2 70 0 0
56 70 0 0
57 70 0 0
2 71 0 0
3 71 0 0
56 71 0 0
57 71 0 0
58 71 0 0
70 71 0 0
2 72 0 0
3 72 0 0
4 72 0 0
56 72 0 0
57 72 0 0
58 72 0 0
59 72 0 0
61 72 0 0
70 72 0 0
71 72 0 0
2 73 0 0
3 73 0 0
4 73 0 0
57 73 0 0
58 73 0 0
59 73 0 0
60 73 0 0
69 73 0 0
72 73 0 0
2 74 0 0
3 74 0 0
56 74 0 0
57 74 0 0
58 74 0 0
70 74 0 0
71 74 0 0
72 74 0 0
73 74 0 0
2 75 0 0
3 75 0 0
56 75 0 0
57 75 0 0
58 75 0 0
59 75 0 0
70 75 0 0
71 75 0 0
72 75 0 0
73 75 0 0
74 75 0 0
2 76 0 0
3 76 0 0
4 76 0 0
60 76 0 0
65 76 0 0
69 76 0 0
73 76 0 0
2 78 0 0
3 78 0 0
69 78 0 0
73 78 0 0
76 78 0 0
2 79 0 0
3 79 0 0
69 79 0 0
72 79 0 0
73 79 0 0
76 79 0 0
78 79 0 0
2 80 0 0
3 80 0 0
69 80 0 0
72 80 0 0
73 80 0 0
75 80 0 0
76 80 0 0
78 80 0 0
79 80 0 0
2 81 0 0
3 81 0 0
4 81 0 0
69 81 0 0
72 81 0 0
73 81 0 0
75 81 0 0
76 81 0 0
78 81 0 0
79 81 0 0
80 81 0 0
2 82 0 0
56 82 0 0
57 82 0 0
70 82 0 0
71 82 0 0
72 82 0 0
74 82 0 0
75 82 0 0
2 83 0 0
3 83 0 0
4 83 0 0
65 83 0 0
69 83 0 0
73 83 0 0
76 83 0 0
78 83 0 0
79 83 0 0
80 83 0 0
81 83 0 0
2 84 0 0
3 84 0 0
69 84 0 0
73 84 0 0
76 84 0 0
78 84 0 0
79 84 0 0
80 84 0 0
81 84 0 0
83 84 0 0
2 85 0 0
3 85 0 0
4 85 0 0
56 85 0 0
57 85 0 0
58 85 0 0
59 85 0 0
61 85 0 0
70 85 0 0
71 85 0 0
72 85 0 0
73 85 0 0
74 85 0 0
75 85 0 0
80 85 0 0
81 85 0 0
82 85 0 0
2 86 0 0
3 86 0 0
4 86 0 0
57 86 0 0
58 86 0 0
59 86 0 0
60 86 0 0
61 86 0 0
69 86 0 0
70 86 0 0
71 86 0 0
72 86 0 0
73 86 0 0
74 86 0 0
75 86 0 0
79 86 0 0
80 86 0 0
81 86 0 0
84 86 0 0
85 86 0 0
63 87 0 0
66 87 0 0
67 87 0 0
68 87 0 0
77 87 0 0
63 88 0 0
64 88 0 0
65 88 0 0
66 88 0 0
67 88 0 0
68 88 0 0
87 88 0 0
2 89 0 0
3 89 0 0
4 89 0 0
58 89 0 0
59 89 0 0
60 89 0 0
61 89 0 0
62 89 0 0
65 89 0 0
69 89 0 0
72 89 0 0
73 89 0 0
76 89 0 0
79 89 0 0
80 89 0 0
81 89 0 0
83 89 0 0
84 89 0 0
85 89 0 0
86 89 0 0
63 90 0 0
66 90 0 0
67 90 0 0
68 90 0 0
77 90 0 0
87 90 0 0
88 90 0 0
63 91 0 0
66 91 0 0
67 91 0 0
68 91 0 0
77 91 0 0
87 91 0 0
88 91 0 0
90 91 0 0
63 92 0 0
66 92 0 0
67 92 0 0
68 92 0 0
77 92 0 0
87 92 0 0
88 92 0 0
90 92 0 0
91 92 0 0
2 93 0 0
3 93 0 0
4 93 0 0
56 93 0 0
57 93 0 0
58 93 0 0
59 93 0 0
61 93 0 0
70 93 0 0
71 93 0 0
72 93 0 0
73 93 0 0
74 93 0 0
75 93 0 0
80 93 0 0
81 93 0 0
82 93 0 0
85 93 0 0
86 93 0 0
89 93 0 0
63 94 0 0
66 94 0 0
67 94 0 0
68 94 0 0
87 94 0 0
88 94 0 0
90 94 0 0
91 94 0 0
92 94 0 0
42 95 0 0
53 95 0 0
63 95 0 0
64 95 0 0
65 95 0 0
66 95 0 0
67 95 0 0
68 95 0 0
88 95 0 0
90 95 0 0
91 95 0 0
92 95 0 0
94 95 0 0
43 96 0 0
47 96 0 0
48 96 0 0
49 96 0 0
50 96 0 0
56 96 0 0
57 96 0 0
61 96 0 0
63 97 0 0
66 97 0 0
67 97 0 0
68 97 0 0
87 97 0 0
88 97 0 0
90 97 0 0
91 97 0 0
92 97 0 0
94 97 0 0
95 97 0 0
1 98 0 0
3 98 0 0
4 98 0 0
39 98 0 0
42 98 0 0
44 98 0 0
45 98 0 0
46 98 0 0
59 98 0 0
60 98 0 0
62 98 0 0
64 98 0 0
65 98 0 0
69 98 0 0
89 98 0 0
1 99 0 1
6 99 0 1
7 99 0 1
8 99 0 1
13 99 0 1
14 99 0 1
15 99 0 1
16 99 0 1
18 99 0 1
19 99 0 1
20 99 0 1
21 99 0 1
22 99 0 1
24 99 0 1
25 99 0 1
26 99 0 1
27 99 0 1
28 99 0 1
29 99 0 1
30 99 0 1
33 99 0 1
35 99 0 1
36 99 0 1
37 99 0 1
52 99 0 1
54 99 0 1
1 100 0 1
25 100 0 1
30 100 0 1
31 100 0 1
32 100 0 1
33 100 0 1
34 100 0 1
37 100 0 1
38 100 0 1
42 100 0 1
44 100 0 1
45 100 0 1
51 100 0 1
53 100 0 1
55 100 0 1
5 101 0 1
10 101 0 1
11 101 0 1
17 101 0 1
38 101 0 1
53 101 0 1
55 101 0 1
4 102 0 1
45 102 0 1
60 102 0 1
62 102 0 1
63 102 0 1
64 102 0 1
65 102 0 1
66 102 0 1
67 102 0 1
68 102 0 1
69 102 0 1
76 102 0 1
77 102 0 1
78 102 0 1
79 102 0 1
83 102 0 1
84 102 0 1
87 102 0 1
88 102 0 1
89 102 0 1
90 102 0 1
91 102 0 1
92 102 0 1
94 102 0 1
95 102 0 1
98 102 0 1
11 103 0 1
17 103 0 1
31 103 0 1
38 103 0 1
42 103 0 1
53 103 0 1
55 103 0 1
63 103 0 1
94 103 0 1
95 103 0 1
97 103 0 1
13 104 0 1
15 104 0 1
20 104 0 1
21 104 0 1
24 104 0 1
27 104 0 1
6 105 0 1
7 105 0 1
8 105 0 1
9 105 0 1
12 105 0 1
14 105 0 1
16 105 0 1
18 105 0 1
19 105 0 1
22 105 0 1
23 105 0 1
25 105 0 1
26 105 0 1
28 105 0 1
30 105 0 1
34 105 0 1
35 105 0 1
37 105 0 1
6 106 0 1
7 106 0 1
8 106 0 1
12 106 0 1
14 106 0 1
16 106 0 1
18 106 0 1
19 106 0 1
22 106 0 1
25 106 0 1
26 106 0 1
28 106 0 1
30 106 0 1
35 106 0 1
13 107 0 1
15 107 0 1
20 107 0 1
21 107 0 1
24 107 0 1
27 107 0 1
6 108 0 1
7 108 0 1
8 108 0 1
12 108 0 1
14 108 0 1
16 108 0 1
18 108 0 1
19 108 0 1
22 108 0 1
25 108 0 1
26 108 0 1
28 108 0 1
29 108 0 1
30 108 0 1
35 108 0 1
37 108 0 1
1 109 0 1
13 109 0 1
15 109 0 1
20 109 0 1
21 109 0 1
24 109 0 1
27 109 0 1
29 109 0 1
36 109 0 1
5 110 0 1
11 110 0 1
17 110 0 1
5 111 0 1
9 111 0 1
10 111 0 1
11 111 0 1
17 111 0 1
23 111 0 1
1 112 0 1
13 112 0 1
15 112 0 1
20 112 0 1
21 112 0 1
24 112 0 1
26 112 0 1
27 112 0 1
29 112 0 1
35 112 0 1
36 112 0 1
13 113 0 1
15 113 0 1
20 113 0 1
21 113 0 1
24 113 0 1
27 113 0 1
36 113 0 1
6 114 0 1
7 114 0 1
8 114 0 1
12 114 0 1
14 114 0 1
16 114 0 1
18 114 0 1
19 114 0 1
22 114 0 1
23 114 0 1
25 114 0 1
26 114 0 1
28 114 0 1
29 114 0 1
30 114 0 1
34 114 0 1
35 114 0 1
37 114 0 1
1 115 0 1
6 115 0 1
7 115 0 1
8 115 0 1
9 115 0 1
10 115 0 1
12 115 0 1
14 115 0 1
16 115 0 1
18 115 0 1
19 115 0 1
22 115 0 1
23 115 0 1
25 115 0 1
26 115 0 1
28 115 0 1
30 115 0 1
31 115 0 1
32 115 0 1
33 115 0 1
34 115 0 1
35 115 0 1
37 115 0 1
38 115 0 1
51 115 0 1
17 116 0 1
23 116 0 1
31 116 0 1
34 116 0 1
38 116 0 1
53 116 0 1
55 116 0 1
9 117 0 1
10 117 0 1
12 117 0 1
17 117 0 1
19 117 0 1
23 117 0 1
25 117 0 1
30 117 0 1
31 117 0 1
34 117 0 1
38 117 0 1
51 117 0 1
53 117 0 1
55 117 0 1
1 118 0 1
8 118 0 1
9 118 0 1
10 118 0 1
12 118 0 1
14 118 0 1
18 118 0 1
19 118 0 1
22 118 0 1
23 118 0 1
25 118 0 1
30 118 0 1
31 118 0 1
32 118 0 1
33 118 0 1
34 118 0 1
37 118 0 1
38 118 0 1
51 118 0 1
53 118 0 1
55 118 0 1
5 119 0 1
11 119 0 1
17 119 0 1
5 120 0 1
6 120 0 1
9 120 0 1
10 120 0 1
11 120 0 1
12 120 0 1
17 120 0 1
19 120 0 1
23 120 0 1
25 120 0 1
31 120 0 1
34 120 0 1
38 120 0 1
53 120 0 1
55 120 0 1
6 121 0 1
7 121 0 1
8 121 0 1
9 121 0 1
10 121 0 1
12 121 0 1
14 121 0 1
17 121 0 1
18 121 0 1
19 121 0 1
23 121 0 1
25 121 0 1
30 121 0 1
31 121 0 1
34 121 0 1
38 121 0 1
1 122 0 1
7 122 0 1
8 122 0 1
13 122 0 1
14 122 0 1
16 122 0 1
18 122 0 1
21 122 0 1
22 122 0 1
25 122 0 1
26 122 0 1
27 122 0 1
28 122 0 1
29 122 0 1
30 122 0 1
32 122 0 1
33 122 0 1
34 122 0 1
35 122 0 1
36 122 0 1
37 122 0 1
6 123 0 1
8 123 0 1
9 123 0 1
10 123 0 1
11 123 0 1
12 123 0 1
17 123 0 1
18 123 0 1
19 123 0 1
23 123 0 1
25 123 0 1
34 123 0 1
38 123 0 1
6 124 0 1
7 124 0 1
8 124 0 1
9 124 0 1
10 124 0 1
12 124 0 1
14 124 0 1
18 124 0 1
19 124 0 1
22 124 0 1
23 124 0 1
25 124 0 1
30 124 0 1
31 124 0 1
32 124 0 1
34 124 0 1
37 124 0 1
38 124 0 1
51 124 0 1
31 125 0 1
38 125 0 1
42 125 0 1
53 125 0 1
55 125 0 1
94 125 0 1
95 125 0 1
1 126 0 1
30 126 0 1
31 126 0 1
32 126 0 1
34 126 0 1
37 126 0 1
38 126 0 1
42 126 0 1
44 126 0 1
45 126 0 1
46 126 0 1
51 126 0 1
53 126 0 1
55 126 0 1
42 127 0 1
53 127 0 1
55 127 0 1
63 127 0 1
66 127 0 1
67 127 0 1
94 127 0 1
95 127 0 1
97 127 0 1
40 128 0 1
41 128 0 1
43 128 0 1
47 128 0 1
48 128 0 1
49 128 0 1
50 128 0 1
52 128 0 1
54 128 0 1
56 128 0 1
57 128 0 1
61 128 0 1
96 128 0 1
1 129 0 1
4 129 0 1
40 129 0 1
41 129 0 1
43 129 0 1
47 129 0 1
48 129 0 1
49 129 0 1
50 129 0 1
52 129 0 1
54 129 0 1
57 129 0 1
58 129 0 1
61 129 0 1
96 129 0 1
4 130 0 1
42 130 0 1
44 130 0 1
45 130 0 1
46 130 0 1
53 130 0 1
55 130 0 1
62 130 0 1
64 130 0 1
65 130 0 1
66 130 0 1
94 130 0 1
95 130 0 1
98 130 0 1
42 131 0 1
45 131 0 1
53 131 0 1
55 131 0 1
62 131 0 1
63 131 0 1
64 131 0 1
66 131 0 1
67 131 0 1
68 131 0 1
88 131 0 1
91 131 0 1
94 131 0 1
95 131 0 1
97 131 0 1
42 132 0 1
62 132 0 1
63 132 0 1
64 132 0 1
65 132 0 1
66 132 0 1
67 132 0 1
68 132 0 1
88 132 0 1
90 132 0 1
91 132 0 1
92 132 0 1
94 132 0 1
95 132 0 1
97 132 0 1
98 132 0 1
63 133 0 1
66 133 0 1
67 133 0 1
68 133 0 1
87 133 0 1
88 133 0 1
90 133 0 1
91 133 0 1
92 133 0 1
94 133 0 1
95 133 0 1
97 133 0 1
2 134 0 1
3 134 0 1
4 134 0 1
41 134 0 1
43 134 0 1
56 134 0 1
57 134 0 1
58 134 0 1
59 134 0 1
61 134 0 1
70 134 0 1
71 134 0 1
72 134 0 1
74 134 0 1
75 134 0 1
85 134 0 1
86 134 0 1
93 134 0 1
96 134 0 1
2 135 0 1
43 135 0 1
56 135 0 1
57 135 0 1
61 135 0 1
70 135 0 1
71 135 0 1
74 135 0 1
75 135 0 1
82 135 0 1
85 135 0 1
93 135 0 1
96 135 0 1
63 136 0 1
66 136 0 1
67 136 0 1
68 136 0 1
77 136 0 1
87 136 0 1
88 136 0 1
90 136 0 1
91 136 0 1
92 136 0 1
94 136 0 1
95 136 0 1
97 136 0 1
62 137 0 1
63 137 0 1
64 137 0 1
65 137 0 1
66 137 0 1
67 137 0 1
68 137 0 1
88 137 0 1
90 137 0 1
91 137 0 1
92 137 0 1
94 137 0 1
95 137 0 1
98 137 0 1
2 138 0 1
3 138 0 1
4 138 0 1
56 138 0 1
57 138 0 1
58 138 0 1
59 138 0 1
61 138 0 1
70 138 0 1
71 138 0 1
72 138 0 1
73 138 0 1
74 138 0 1
75 138 0 1
85 138 0 1
86 138 0 1
89 138 0 1
93 138 0 1
96 138 0 1
4 139 0 1
42 139 0 1
44 139 0 1
45 139 0 1
46 139 0 1
53 139 0 1
55 139 0 1
62 139 0 1
64 139 0 1
65 139 0 1
66 139 0 1
88 139 0 1
94 139 0 1
95 139 0 1
98 139 0 1
1 140 0 1
3 140 0 1
4 140 0 1
39 140 0 1
40 140 0 1
41 140 0 1
47 140 0 1
52 140 0 1
54 140 0 1
57 140 0 1
58 140 0 1
59 140 0 1
61 140 0 1
85 140 0 1
86 140 0 1
89 140 0 1
93 140 0 1
1 141 0 1
4 141 0 1
39 141 0 1
42 141 0 1
44 141 0 1
45 141 0 1
46 141 0 1
53 141 0 1
55 141 0 1
60 141 0 1
62 141 0 1
64 141 0 1
65 141 0 1
95 141 0 1
98 141 0 1
1 142 0 1
3 142 0 1
4 142 0 1
40 142 0 1
41 142 0 1
43 142 0 1
47 142 0 1
50 142 0 1
52 142 0 1
54 142 0 1
56 142 0 1
57 142 0 1
58 142 0 1
59 142 0 1
61 142 0 1
85 142 0 1
86 142 0 1
96 142 0 1
1 143 0 1
3 143 0 1
4 143 0 1
40 143 0 1
41 143 0 1
43 143 0 1
47 143 0 1
50 143 0 1
52 143 0 1
54 143 0 1
57 143 0 1
58 143 0 1
59 143 0 1
61 143 0 1
85 143 0 1
86 143 0 1
93 143 0 1
96 143 0 1
4 144 0 1
42 144 0 1
44 144 0 1
45 144 0 1
46 144 0 1
53 144 0 1
55 144 0 1
60 144 0 1
62 144 0 1
64 144 0 1
65 144 0 1
66 144 0 1
88 144 0 1
95 144 0 1
98 144 0 1
4 145 0 1
42 145 0 1
44 145 0 1
45 145 0 1
46 145 0 1
53 145 0 1
55 145 0 1
62 145 0 1
64 145 0 1
65 145 0 1
66 145 0 1
68 145 0 1
88 145 0 1
91 145 0 1
94 145 0 1
95 145 0 1
98 145 0 1
1 146 0 1
3 146 0 1
4 146 0 1
40 146 0 1
41 146 0 1
43 146 0 1
47 146 0 1
56 146 0 1
57 146 0 1
58 146 0 1
59 146 0 1
61 146 0 1
85 146 0 1
86 146 0 1
93 146 0 1
96 146 0 1
2 147 0 1
3 147 0 1
4 147 0 1
44 147 0 1
45 147 0 1
46 147 0 1
59 147 0 1
60 147 0 1
62 147 0 1
64 147 0 1
65 147 0 1
69 147 0 1
73 147 0 1
76 147 0 1
83 147 0 1
89 147 0 1
98 147 0 1
4 148 0 1
45 148 0 1
46 148 0 1
60 148 0 1
62 148 0 1
64 148 0 1
65 148 0 1
66 148 0 1
69 148 0 1
76 148 0 1
88 148 0 1
95 148 0 1
98 148 0 1
2 149 0 1
3 149 0 1
4 149 0 1
40 149 0 1
41 149 0 1
43 149 0 1
47 149 0 1
49 149 0 1
50 149 0 1
52 149 0 1
56 149 0 1
57 149 0 1
58 149 0 1
59 149 0 1
61 149 0 1
70 149 0 1
71 149 0 1
72 149 0 1
74 149 0 1
75 149 0 1
82 149 0 1
85 149 0 1
86 149 0 1
93 149 0 1
96 149 0 1
63 150 0 1
66 150 0 1
67 150 0 1
68 150 0 1
77 150 0 1
87 150 0 1
88 150 0 1
90 150 0 1
91 150 0 1
92 150 0 1
94 150 0 1
97 150 0 1
2 151 0 1
3 151 0 1
4 151 0 1
58 151 0 1
59 151 0 1
60 151 0 1
62 151 0 1
64 151 0 1
65 151 0 1
69 151 0 1
73 151 0 1
76 151 0 1
78 151 0 1
79 151 0 1
80 151 0 1
81 151 0 1
83 151 0 1
84 151 0 1
86 151 0 1
89 151 0 1
98 151 0 1
2 152 0 1
3 152 0 1
4 152 0 1
60 152 0 1
64 152 0 1
65 152 0 1
69 152 0 1
73 152 0 1
76 152 0 1
78 152 0 1
79 152 0 1
80 152 0 1
81 152 0 1
83 152 0 1
84 152 0 1
89 152 0 1
2 153 0 1
3 153 0 1
4 153 0 1
60 153 0 1
62 153 0 1
64 153 0 1
65 153 0 1
69 153 0 1
73 153 0 1
76 153 0 1
78 153 0 1
79 153 0 1
80 153 0 1
81 153 0 1
83 153 0 1
84 153 0 1
89 153 0 1
98 153 0 1
63 154 0 1
66 154 0 1
67 154 0 1
68 154 0 1
77 154 0 1
87 154 0 1
88 154 0 1
90 154 0 1
91 154 0 1
92 154 0 1
66 155 0 1
67 155 0 1
68 155 0 1
77 155 0 1
87 155 0 1
90 155 0 1
91 155 0 1
92 155 0 1
65 156 0 1
69 156 0 1
76 156 0 1
78 156 0 1
79 156 0 1
81 156 0 1
83 156 0 1
84 156 0 1
65 157 0 1
69 157 0 1
76 157 0 1
78 157 0 1
83 157 0 1
84 157 0 1
88 157 0 1
66 158 0 1
67 158 0 1
68 158 0 1
77 158 0 1
87 158 0 1
88 158 0 1
90 158 0 1
91 158 0 1
92 158 0 1
65 159 0 1
69 159 0 1
76 159 0 1
78 159 0 1
83 159 0 1
84 159 0 1
88 159 0 1
2 160 0 1
3 160 0 1
4 160 0 1
44 160 0 1
45 160 0 1
46 160 0 1
59 160 0 1
60 160 0 1
62 160 0 1
64 160 0 1
65 160 0 1
69 160 0 1
73 160 0 1
76 160 0 1
78 160 0 1
79 160 0 1
81 160 0 1
83 160 0 1
84 160 0 1
89 160 0 1
98 160 0 1
2 161 0 1
3 161 0 1
56 161 0 1
57 161 0 1
58 161 0 1
61 161 0 1
70 161 0 1
71 161 0 1
72 161 0 1
74 161 0 1
75 161 0 1
82 161 0 1
85 161 0 1
86 161 0 1
93 161 0 1
96 161 0 1
2 162 0 1
3 162 0 1
4 162 0 1
60 162 0 1
62 162 0 1
64 162 0 1
65 162 0 1
69 162 0 1
73 162 0 1
76 162 0 1
78 162 0 1
79 162 0 1
81 162 0 1
83 162 0 1
84 162 0 1
88 162 0 1
89 162 0 1
98 162 0 1
1 163 0 1
40 163 0 1
41 163 0 1
43 163 0 1
47 163 0 1
48 163 0 1
49 163 0 1
50 163 0 1
52 163 0 1
54 163 0 1
61 163 0 1
96 163 0 1
1 164 0 1
41 164 0 1
43 164 0 1
47 164 0 1
48 164 0 1
49 164 0 1
50 164 0 1
52 164 0 1
96 164 0 1
1 165 0 1
4 165 0 1
32 165 0 1
33 165 0 1
35 165 0 1
37 165 0 1
39 165 0 1
40 165 0 1
41 165 0 1
42 165 0 1
44 165 0 1
46 165 0 1
47 165 0 1
51 165 0 1
52 165 0 1
54 165 0 1
61 165 0 1
53 166 0 1
63 166 0 1
66 166 0 1
94 166 0 1
95 166 0 1
97 166 0 1
42 167 0 1
53 167 0 1
55 167 0 1
63 167 0 1
66 167 0 1
67 167 0 1
68 167 0 1
94 167 0 1
95 167 0 1
97 167 0 1
63 168 0 1
94 168 0 1
97 168 0 1
31 169 0 1
42 169 0 1
44 169 0 1
45 169 0 1
53 169 0 1
55 169 0 1
62 169 0 1
63 169 0 1
64 169 0 1
66 169 0 1
94 169 0 1
95 169 0 1
97 169 0 1
98 169 0 1
42 170 0 1
53 170 0 1
55 170 0 1
94 170 0 1
95 170 0 1
4 171 0 1
31 171 0 1
42 171 0 1
44 171 0 1
45 171 0 1
46 171 0 1
51 171 0 1
53 171 0 1
55 171 0 1
62 171 0 1
64 171 0 1
95 171 0 1
98 171 0 1
1 172 0 1
3 172 0 1
4 172 0 1
33 172 0 1
39 172 0 1
40 172 0 1
41 172 0 1
44 172 0 1
46 172 0 1
47 172 0 1
51 172 0 1
52 172 0 1
54 172 0 1
58 172 0 1
59 172 0 1
61 172 0 1
98 172 0 1
