2 3 0 0
2 4 0 0
3 4 0 0
2 5 0 0
3 5 0 0
4 5 0 0
2 6 0 0
3 6 0 0
4 6 0 0
5 6 0 0
1 7 0 0
2 7 0 0
4 7 0 0
5 7 0 0
6 7 0 0
1 8 0 0
7 8 0 0
1 9 0 0
4 9 0 0
5 9 0 0
6 9 0 0
7 9 0 0
8 9 0 0
2 10 0 0
3 10 0 0
4 10 0 0
5 10 0 0
6 10 0 0
7 10 0 0
9 10 0 0
1 11 0 0
4 11 0 0
7 11 0 0
8 11 0 0
9 11 0 0
2 12 0 0
3 12 0 0
4 12 0 0
5 12 0 0
6 12 0 0
7 12 0 0
9 12 0 0
10 12 0 0
11 12 0 0
2 13 0 0
3 13 0 0
4 13 0 0
5 13 0 0
6 13 0 0
7 13 0 0
9 13 0 0
10 13 0 0
12 13 0 0
1 15 0 0
3 15 0 0
10 15 0 0
13 15 0 0
14 15 0 0
1 16 0 0
3 16 0 0
10 16 0 0
12 16 0 0
13 16 0 0
15 16 0 0
1 17 0 0
3 17 0 0
5 17 0 0
6 17 0 0
10 17 0 0
12 17 0 0
13 17 0 0
15 17 0 0
16 17 0 0
1 18 0 0
2 18 0 0
3 18 0 0
4 18 0 0
5 18 0 0
6 18 0 0
7 18 0 0
9 18 0 0
10 18 0 0
11 18 0 0
12 18 0 0
13 18 0 0
16 18 0 0
17 18 0 0
1 19 0 0
4 19 0 0
5 19 0 0
6 19 0 0
7 19 0 0
8 19 0 0
9 19 0 0
10 19 0 0
11 19 0 0
12 19 0 0
13 19 0 0
18 19 0 0
1 20 0 0
4 20 0 0
6 20 0 0
7 20 0 0
8 20 0 0
9 20 0 0
10 20 0 0
11 20 0 0
12 20 0 0
13 20 0 0
18 20 0 0
19 20 0 0
1 21 0 0
4 21 0 0
5 21 0 0
6 21 0 0
7 21 0 0
8 21 0 0
9 21 0 0
10 21 0 0
11 21 0 0
12 21 0 0
13 21 0 0
17 21 0 0
18 21 0 0
19 21 0 0
20 21 0 0
1 22 0 0
3 22 0 0
4 22 0 0
5 22 0 0
6 22 0 0
7 22 0 0
9 22 0 0
10 22 0 0
12 22 0 0
13 22 0 0
15 22 0 0
16 22 0 0
17 22 0 0
18 22 0 0
19 22 0 0
20 22 0 0
21 22 0 0
1 23 0 0
14 23 0 0
15 23 0 0
16 23 0 0
1 24 0 0
11 24 0 0
19 24 0 0
20 24 0 0
21 24 0 0
1 25 0 0
15 25 0 0
16 25 0 0
17 25 0 0
22 25 0 0
23 25 0 0
1 26 0 0
7 26 0 0
8 26 0 0
9 26 0 0
11 26 0 0
18 26 0 0
19 26 0 0
20 26 0 0
21 26 0 0
24 26 0 0
1 27 0 0
14 27 0 0
15 27 0 0
23 27 0 0
25 27 0 0
1 28 0 0
14 28 0 0
15 28 0 0
23 28 0 0
25 28 0 0
27 28 0 0
1 29 0 0
7 29 0 0
9 29 0 0
10 29 0 0
11 29 0 0
12 29 0 0
16 29 0 0
18 29 0 0
19 29 0 0
20 29 0 0
21 29 0 0
22 29 0 0
24 29 0 0
26 29 0 0
1 30 0 0
10 30 0 0
12 30 0 0
13 30 0 0
15 30 0 0
16 30 0 0
17 30 0 0
18 30 0 0
19 30 0 0
20 30 0 0
21 30 0 0
22 30 0 0
25 30 0 0
26 30 0 0
29 30 0 0
1 31 0 0
14 31 0 0
15 31 0 0
16 31 0 0
17 31 0 0
23 31 0 0
25 31 0 0
27 31 0 0
28 31 0 0
1 32 0 0
8 32 0 0
11 32 0 0
19 32 0 0
20 32 0 0
21 32 0 0
24 32 0 0
26 32 0 0
29 32 0 0
1 33 0 0
10 33 0 0
15 33 0 0
16 33 0 0
17 33 0 0
18 33 0 0
22 33 0 0
23 33 0 0
25 33 0 0
29 33 0 0
30 33 0 0
31 33 0 0
1 34 0 0
14 34 0 0
15 34 0 0
23 34 0 0
25 34 0 0
27 34 0 0
28 34 0 0
31 34 0 0
1 35 0 0
8 35 0 0
11 35 0 0
19 35 0 0
20 35 0 0
21 35 0 0
24 35 0 0
26 35 0 0
29 35 0 0
32 35 0 0
1 36 0 0
10 36 0 0
15 36 0 0
16 36 0 0
17 36 0 0
18 36 0 0
21 36 0 0
22 36 0 0
25 36 0 0
29 36 0 0
30 36 0 0
31 36 0 0
33 36 0 0
1 37 0 0
15 37 0 0
16 37 0 0
17 37 0 0
22 37 0 0
23 37 0 0
25 37 0 0
27 37 0 0
28 37 0 0
30 37 0 0
31 37 0 0
33 37 0 0
34 37 0 0
36 37 0 0
1 38 0 0
15 38 0 0
16 38 0 0
17 38 0 0
22 38 0 0
23 38 0 0
25 38 0 0
30 38 0 0
31 38 0 0
33 38 0 0
36 38 0 0
37 38 0 0
1 39 0 0
15 39 0 0
16 39 0 0
17 39 0 0
23 39 0 0
25 39 0 0
27 39 0 0
28 39 0 0
31 39 0 0
33 39 0 0
34 39 0 0
36 39 0 0
37 39 0 0
38 39 0 0
1 40 0 0
23 40 0 0
27 40 0 0
28 40 0 0
31 40 0 0
34 40 0 0
39 40 0 0
1 41 0 0
23 41 0 0
25 41 0 0
27 41 0 0
28 41 0 0
31 41 0 0
34 41 0 0
37 41 0 0
38 41 0 0
39 41 0 0
40 41 0 0
1 42 0 0
16 42 0 0
24 42 0 0
26 42 0 0
29 42 0 0
30 42 0 0
33 42 0 0
35 42 0 0
36 42 0 0
37 42 0 0
38 42 0 0
1 43 0 0
15 43 0 0
16 43 0 0
17 43 0 0
22 43 0 0
25 43 0 0
29 43 0 0
30 43 0 0
31 43 0 0
33 43 0 0
36 43 0 0
37 43 0 0
38 43 0 0
39 43 0 0
42 43 0 0
1 44 0 0
15 44 0 0
16 44 0 0
23 44 0 0
25 44 0 0
27 44 0 0
28 44 0 0
31 44 0 0
33 44 0 0
34 44 0 0
36 44 0 0
37 44 0 0
38 44 0 0
39 44 0 0
40 44 0 0
41 44 0 0
43 44 0 0
1 45 0 0
11 45 0 0
19 45 0 0
20 45 0 0
21 45 0 0
24 45 0 0
26 45 0 0
29 45 0 0
32 45 0 0
35 45 0 0
42 45 0 0
1 46 0 0
14 46 0 0
15 46 0 0
23 46 0 0
25 46 0 0
27 46 0 0
28 46 0 0
31 46 0 0
34 46 0 0
37 46 0 0
39 46 0 0
40 46 0 0
41 46 0 0
44 46 0 0
1 47 0 0
14 47 0 0
15 47 0 0
16 47 0 0
23 47 0 0
25 47 0 0
27 47 0 0
28 47 0 0
31 47 0 0
33 47 0 0
34 47 0 0
37 47 0 0
38 47 0 0
39 47 0 0
40 47 0 0
41 47 0 0
43 47 0 0
44 47 0 0
46 47 0 0
1 48 0 0
15 48 0 0
16 48 0 0
17 48 0 0
23 48 0 0
25 48 0 0
27 48 0 0
28 48 0 0
31 48 0 0
33 48 0 0
34 48 0 0
36 48 0 0
37 48 0 0
38 48 0 0
39 48 0 0
40 48 0 0
41 48 0 0
43 48 0 0
44 48 0 0
46 48 0 0
47 48 0 0
1 49 0 0
15 49 0 0
16 49 0 0
17 49 0 0
23 49 0 0
25 49 0 0
27 49 0 0
28 49 0 0
30 49 0 0
31 49 0 0
33 49 0 0
34 49 0 0
36 49 0 0
37 49 0 0
38 49 0 0
39 49 0 0
40 49 0 0
41 49 0 0
43 49 0 0
44 49 0 0
46 49 0 0
47 49 0 0
48 49 0 0
1 50 0 0
20 50 0 0
24 50 0 0
26 50 0 0
29 50 0 0
32 50 0 0
35 50 0 0
42 50 0 0
45 50 0 0
1 51 0 0
20 51 0 0
24 51 0 0
26 51 0 0
29 51 0 0
32 51 0 0
35 51 0 0
42 51 0 0
45 51 0 0
50 51 0 0
1 52 0 0
24 52 0 0
32 52 0 0
35 52 0 0
45 52 0 0
50 52 0 0
51 52 0 0
1 53 0 0
16 53 0 0
25 53 0 0
29 53 0 0
30 53 0 0
33 53 0 0
36 53 0 0
37 53 0 0
38 53 0 0
39 53 0 0
42 53 0 0
43 53 0 0
44 53 0 0
48 53 0 0
49 53 0 0
1 54 0 0
23 54 0 0
25 54 0 0
27 54 0 0
28 54 0 0
31 54 0 0
33 54 0 0
34 54 0 0
37 54 0 0
38 54 0 0
39 54 0 0
40 54 0 0
41 54 0 0
43 54 0 0
44 54 0 0
46 54 0 0
47 54 0 0
48 54 0 0
49 54 0 0
53 54 0 0
1 55 0 0
40 55 0 0
41 55 0 0
54 55 0 0
1 56 0 0
40 56 0 0
41 56 0 0
54 56 0 0
55 56 0 0
1 57 0 0
42 57 0 0
53 57 0 0
1 58 0 0
55 58 0 0
56 58 0 0
1 59 0 0
55 59 0 0
56 59 0 0
57 59 0 0
58 59 0 0
1 60 0 0
53 60 0 0
57 60 0 0
58 60 0 0
59 60 0 0
1 61 0 0
57 61 0 0
60 61 0 0
1 62 0 0
56 62 0 0
57 62 0 0
58 62 0 0
59 62 0 0
60 62 0 0
1 63 0 0
57 63 0 0
60 63 0 0
61 63 0 0
62 63 0 0
1 64 0 0
53 64 0 0
56 64 0 0
57 64 0 0
58 64 0 0
59 64 0 0
60 64 0 0
61 64 0 0
62 64 0 0
63 64 0 0
1 65 0 0
41 65 0 0
54 65 0 0
55 65 0 0
56 65 0 0
57 65 0 0
58 65 0 0
59 65 0 0
60 65 0 0
62 65 0 0
64 65 0 0
1 66 0 0
53 66 0 0
56 66 0 0
57 66 0 0
58 66 0 0
59 66 0 0
60 66 0 0
62 66 0 0
63 66 0 0
64 66 0 0
65 66 0 0
1 67 0 0
53 67 0 0
54 67 0 0
56 67 0 0
57 67 0 0
58 67 0 0
59 67 0 0
60 67 0 0
62 67 0 0
63 67 0 0
64 67 0 0
65 67 0 0
66 67 0 0
1 68 0 0
40 68 0 0
55 68 0 0
56 68 0 0
58 68 0 0
59 68 0 0
65 68 0 0
1 69 0 0
53 69 0 0
57 69 0 0
58 69 0 0
59 69 0 0
60 69 0 0
62 69 0 0
63 69 0 0
64 69 0 0
65 69 0 0
66 69 0 0
67 69 0 0
1 70 0 0
23 70 0 0
25 70 0 0
39 70 0 0
40 70 0 0
41 70 0 0
43 70 0 0
44 70 0 0
46 70 0 0
47 70 0 0
48 70 0 0
49 70 0 0
53 70 0 0
54 70 0 0
55 70 0 0
56 70 0 0
57 70 0 0
58 70 0 0
59 70 0 0
60 70 0 0
62 70 0 0
64 70 0 0
65 70 0 0
66 70 0 0
67 70 0 0
68 70 0 0
69 70 0 0
1 71 0 0
25 71 0 0
41 71 0 0
43 71 0 0
44 71 0 0
48 71 0 0
49 71 0 0
53 71 0 0
54 71 0 0
56 71 0 0
57 71 0 0
58 71 0 0
59 71 0 0
60 71 0 0
62 71 0 0
64 71 0 0
65 71 0 0
66 71 0 0
67 71 0 0
69 71 0 0
70 71 0 0
2 72 0 1
3 72 0 1
2 76 0 1
2 78 0 1
4 78 0 1
6 78 0 1
2 79 0 1
2 80 0 1
5 80 0 1
2 81 0 1
2 82 0 1
4 82 0 1
6 82 0 1
2 83 0 1
4 83 0 1
5 83 0 1
6 83 0 1
4 85 0 1
6 85 0 1
7 85 0 1
8 85 0 1
9 85 0 1
11 85 0 1
2 88 0 1
3 88 0 1
4 88 0 1
5 88 0 1
6 88 0 1
7 88 0 1
10 88 0 1
12 88 0 1
13 88 0 1
2 90 0 1
3 90 0 1
4 90 0 1
5 90 0 1
6 90 0 1
10 90 0 1
12 90 0 1
13 90 0 1
2 91 0 1
3 91 0 1
4 91 0 1
5 91 0 1
6 91 0 1
10 91 0 1
12 91 0 1
13 91 0 1
2 92 0 1
3 92 0 1
5 92 0 1
6 92 0 1
13 92 0 1
3 93 0 1
2 94 0 1
4 94 0 1
5 94 0 1
6 94 0 1
7 94 0 1
2 95 0 1
3 95 0 1
4 95 0 1
5 95 0 1
6 95 0 1
13 95 0 1
2 97 0 1
3 97 0 1
4 97 0 1
5 97 0 1
6 97 0 1
13 97 0 1
2 98 0 1
4 98 0 1
5 98 0 1
6 98 0 1
12 98 0 1
13 98 0 1
2 99 0 1
3 99 0 1
4 99 0 1
5 99 0 1
6 99 0 1
7 99 0 1
9 99 0 1
10 99 0 1
12 99 0 1
13 99 0 1
18 99 0 1
2 100 0 1
3 100 0 1
4 100 0 1
5 100 0 1
6 100 0 1
12 100 0 1
13 100 0 1
3 102 0 1
2 103 0 1
3 103 0 1
5 103 0 1
2 104 0 1
3 104 0 1
5 104 0 1
6 104 0 1
13 104 0 1
4 106 0 1
7 106 0 1
8 106 0 1
9 106 0 1
11 106 0 1
12 106 0 1
18 106 0 1
19 106 0 1
20 106 0 1
21 106 0 1
26 106 0 1
14 108 0 1
15 108 0 1
28 108 0 1
2 109 0 1
4 109 0 1
5 109 0 1
6 109 0 1
7 109 0 1
8 109 0 1
9 109 0 1
10 109 0 1
11 109 0 1
12 109 0 1
13 109 0 1
18 109 0 1
19 109 0 1
20 109 0 1
21 109 0 1
22 109 0 1
14 110 0 1
3 111 0 1
14 111 0 1
15 111 0 1
14 112 0 1
2 113 0 1
3 113 0 1
5 113 0 1
13 113 0 1
14 113 0 1
15 113 0 1
17 113 0 1
2 114 0 1
3 114 0 1
4 114 0 1
5 114 0 1
6 114 0 1
7 114 0 1
10 114 0 1
12 114 0 1
13 114 0 1
15 114 0 1
16 114 0 1
17 114 0 1
18 114 0 1
22 114 0 1
1 115 0 1
4 115 0 1
6 115 0 1
7 115 0 1
8 115 0 1
9 115 0 1
10 115 0 1
11 115 0 1
12 115 0 1
13 115 0 1
18 115 0 1
19 115 0 1
20 115 0 1
21 115 0 1
22 115 0 1
24 115 0 1
26 115 0 1
29 115 0 1
30 115 0 1
32 115 0 1
35 115 0 1
3 117 0 1
14 117 0 1
15 117 0 1
16 117 0 1
17 117 0 1
23 117 0 1
27 117 0 1
28 117 0 1
31 117 0 1
34 117 0 1
39 117 0 1
2 118 0 1
3 118 0 1
5 118 0 1
6 118 0 1
10 118 0 1
13 118 0 1
15 118 0 1
16 118 0 1
17 118 0 1
22 118 0 1
25 118 0 1
28 118 0 1
31 118 0 1
33 118 0 1
37 118 0 1
38 118 0 1
39 118 0 1
14 119 0 1
27 119 0 1
28 119 0 1
34 119 0 1
14 120 0 1
23 120 0 1
27 120 0 1
28 120 0 1
31 120 0 1
34 120 0 1
46 120 0 1
2 121 0 1
3 121 0 1
4 121 0 1
5 121 0 1
6 121 0 1
7 121 0 1
9 121 0 1
10 121 0 1
12 121 0 1
13 121 0 1
15 121 0 1
16 121 0 1
17 121 0 1
18 121 0 1
19 121 0 1
20 121 0 1
21 121 0 1
22 121 0 1
25 121 0 1
29 121 0 1
30 121 0 1
33 121 0 1
36 121 0 1
37 121 0 1
38 121 0 1
14 122 0 1
1 123 0 1
3 123 0 1
14 123 0 1
15 123 0 1
16 123 0 1
17 123 0 1
23 123 0 1
25 123 0 1
27 123 0 1
28 123 0 1
31 123 0 1
33 123 0 1
34 123 0 1
37 123 0 1
38 123 0 1
39 123 0 1
46 123 0 1
47 123 0 1
48 123 0 1
49 123 0 1
14 124 0 1
1 125 0 1
14 125 0 1
15 125 0 1
17 125 0 1
23 125 0 1
25 125 0 1
27 125 0 1
28 125 0 1
31 125 0 1
34 125 0 1
37 125 0 1
39 125 0 1
44 125 0 1
46 125 0 1
47 125 0 1
48 125 0 1
49 125 0 1
14 126 0 1
23 126 0 1
27 126 0 1
28 126 0 1
31 126 0 1
34 126 0 1
46 126 0 1
14 128 0 1
14 129 0 1
14 130 0 1
15 130 0 1
27 130 0 1
28 130 0 1
1 131 0 1
4 131 0 1
5 131 0 1
6 131 0 1
7 131 0 1
8 131 0 1
9 131 0 1
10 131 0 1
11 131 0 1
12 131 0 1
13 131 0 1
18 131 0 1
19 131 0 1
20 131 0 1
21 131 0 1
22 131 0 1
26 131 0 1
29 131 0 1
14 132 0 1
15 132 0 1
28 132 0 1
31 132 0 1
2 133 0 1
3 133 0 1
5 133 0 1
13 133 0 1
14 133 0 1
15 133 0 1
16 133 0 1
17 133 0 1
2 134 0 1
3 134 0 1
4 134 0 1
5 134 0 1
6 134 0 1
10 134 0 1
12 134 0 1
13 134 0 1
15 134 0 1
16 134 0 1
17 134 0 1
18 134 0 1
22 134 0 1
2 135 0 1
3 135 0 1
5 135 0 1
6 135 0 1
10 135 0 1
12 135 0 1
13 135 0 1
15 135 0 1
16 135 0 1
17 135 0 1
22 135 0 1
31 135 0 1
33 135 0 1
37 135 0 1
14 136 0 1
1 138 0 1
14 138 0 1
15 138 0 1
23 138 0 1
25 138 0 1
27 138 0 1
28 138 0 1
31 138 0 1
34 138 0 1
39 138 0 1
44 138 0 1
46 138 0 1
47 138 0 1
48 138 0 1
49 138 0 1
14 139 0 1
15 139 0 1
23 139 0 1
27 139 0 1
28 139 0 1
31 139 0 1
34 139 0 1
40 139 0 1
46 139 0 1
47 139 0 1
14 140 0 1
27 140 0 1
1 141 0 1
4 141 0 1
5 141 0 1
6 141 0 1
7 141 0 1
9 141 0 1
10 141 0 1
11 141 0 1
12 141 0 1
13 141 0 1
16 141 0 1
17 141 0 1
18 141 0 1
19 141 0 1
20 141 0 1
21 141 0 1
22 141 0 1
26 141 0 1
29 141 0 1
30 141 0 1
33 141 0 1
35 141 0 1
36 141 0 1
38 141 0 1
42 141 0 1
43 141 0 1
45 141 0 1
14 142 0 1
1 143 0 1
3 143 0 1
10 143 0 1
13 143 0 1
15 143 0 1
16 143 0 1
17 143 0 1
22 143 0 1
23 143 0 1
25 143 0 1
28 143 0 1
30 143 0 1
31 143 0 1
33 143 0 1
34 143 0 1
36 143 0 1
37 143 0 1
38 143 0 1
39 143 0 1
43 143 0 1
44 143 0 1
46 143 0 1
47 143 0 1
48 143 0 1
49 143 0 1
53 143 0 1
1 144 0 1
8 144 0 1
9 144 0 1
11 144 0 1
19 144 0 1
20 144 0 1
21 144 0 1
24 144 0 1
26 144 0 1
29 144 0 1
32 144 0 1
35 144 0 1
45 144 0 1
50 144 0 1
51 144 0 1
52 144 0 1
1 145 0 1
23 145 0 1
27 145 0 1
28 145 0 1
31 145 0 1
34 145 0 1
40 145 0 1
41 145 0 1
46 145 0 1
47 145 0 1
54 145 0 1
55 145 0 1
68 145 0 1
1 146 0 1
14 146 0 1
23 146 0 1
25 146 0 1
27 146 0 1
28 146 0 1
31 146 0 1
34 146 0 1
39 146 0 1
40 146 0 1
41 146 0 1
44 146 0 1
46 146 0 1
47 146 0 1
48 146 0 1
49 146 0 1
54 146 0 1
14 147 0 1
23 147 0 1
27 147 0 1
28 147 0 1
31 147 0 1
34 147 0 1
40 147 0 1
41 147 0 1
46 147 0 1
47 147 0 1
1 149 0 1
16 149 0 1
18 149 0 1
20 149 0 1
21 149 0 1
22 149 0 1
24 149 0 1
26 149 0 1
29 149 0 1
30 149 0 1
33 149 0 1
35 149 0 1
36 149 0 1
38 149 0 1
42 149 0 1
43 149 0 1
45 149 0 1
50 149 0 1
51 149 0 1
53 149 0 1
1 150 0 1
16 150 0 1
22 150 0 1
25 150 0 1
29 150 0 1
30 150 0 1
33 150 0 1
36 150 0 1
37 150 0 1
38 150 0 1
42 150 0 1
43 150 0 1
44 150 0 1
49 150 0 1
53 150 0 1
57 150 0 1
71 150 0 1
1 151 0 1
14 151 0 1
23 151 0 1
27 151 0 1
28 151 0 1
31 151 0 1
34 151 0 1
40 151 0 1
41 151 0 1
46 151 0 1
47 151 0 1
54 151 0 1
55 151 0 1
1 152 0 1
41 152 0 1
43 152 0 1
44 152 0 1
49 152 0 1
53 152 0 1
54 152 0 1
55 152 0 1
56 152 0 1
57 152 0 1
58 152 0 1
59 152 0 1
60 152 0 1
62 152 0 1
64 152 0 1
65 152 0 1
66 152 0 1
67 152 0 1
69 152 0 1
70 152 0 1
71 152 0 1
55 153 0 1
68 153 0 1
1 154 0 1
41 154 0 1
54 154 0 1
55 154 0 1
56 154 0 1
58 154 0 1
59 154 0 1
62 154 0 1
64 154 0 1
65 154 0 1
66 154 0 1
67 154 0 1
68 154 0 1
70 154 0 1
71 154 0 1
55 155 0 1
68 155 0 1
55 156 0 1
40 157 0 1
55 157 0 1
56 157 0 1
68 157 0 1
55 158 0 1
68 158 0 1
40 159 0 1
55 159 0 1
56 159 0 1
68 159 0 1
55 160 0 1
68 160 0 1
55 161 0 1
56 161 0 1
58 161 0 1
59 161 0 1
62 161 0 1
64 161 0 1
65 161 0 1
67 161 0 1
68 161 0 1
70 161 0 1
71 161 0 1
55 163 0 1
68 163 0 1
55 164 0 1
56 164 0 1
68 164 0 1
55 165 0 1
56 165 0 1
68 165 0 1
1 166 0 1
55 166 0 1
56 166 0 1
58 166 0 1
59 166 0 1
62 166 0 1
64 166 0 1
65 166 0 1
68 166 0 1
70 166 0 1
71 166 0 1
1 169 0 1
55 169 0 1
56 169 0 1
58 169 0 1
59 169 0 1
62 169 0 1
64 169 0 1
65 169 0 1
67 169 0 1
68 169 0 1
70 169 0 1
71 169 0 1
1 170 0 1
23 170 0 1
40 170 0 1
41 170 0 1
46 170 0 1
47 170 0 1
54 170 0 1
55 170 0 1
56 170 0 1
58 170 0 1
65 170 0 1
68 170 0 1
70 170 0 1
40 171 0 1
55 171 0 1
68 171 0 1
40 172 0 1
55 172 0 1
68 172 0 1
1 173 0 1
40 173 0 1
41 173 0 1
46 173 0 1
54 173 0 1
55 173 0 1
56 173 0 1
68 173 0 1
1 175 0 1
40 175 0 1
41 175 0 1
46 175 0 1
54 175 0 1
55 175 0 1
56 175 0 1
68 175 0 1
40 176 0 1
55 176 0 1
68 176 0 1
1 177 0 1
40 177 0 1
41 177 0 1
46 177 0 1
54 177 0 1
55 177 0 1
56 177 0 1
58 177 0 1
65 177 0 1
68 177 0 1
70 177 0 1
40 178 0 1
55 178 0 1
68 178 0 1
27 180 0 1
34 180 0 1
40 180 0 1
46 180 0 1
55 180 0 1
68 180 0 1
1 181 0 1
23 181 0 1
27 181 0 1
28 181 0 1
31 181 0 1
34 181 0 1
40 181 0 1
41 181 0 1
46 181 0 1
47 181 0 1
48 181 0 1
54 181 0 1
55 181 0 1
56 181 0 1
68 181 0 1
70 181 0 1
34 182 0 1
40 182 0 1
41 182 0 1
46 182 0 1
55 182 0 1
56 182 0 1
68 182 0 1
40 183 0 1
55 183 0 1
68 183 0 1
14 186 0 1
23 186 0 1
27 186 0 1
28 186 0 1
31 186 0 1
34 186 0 1
40 186 0 1
41 186 0 1
46 186 0 1
47 186 0 1
14 188 0 1
27 188 0 1
34 188 0 1
14 189 0 1
1 190 0 1
14 190 0 1
23 190 0 1
27 190 0 1
28 190 0 1
31 190 0 1
34 190 0 1
40 190 0 1
41 190 0 1
46 190 0 1
47 190 0 1
1 191 0 1
14 191 0 1
15 191 0 1
23 191 0 1
27 191 0 1
28 191 0 1
31 191 0 1
34 191 0 1
39 191 0 1
40 191 0 1
41 191 0 1
44 191 0 1
46 191 0 1
47 191 0 1
48 191 0 1
1 192 0 1
3 192 0 1
10 192 0 1
15 192 0 1
16 192 0 1
17 192 0 1
22 192 0 1
23 192 0 1
25 192 0 1
27 192 0 1
28 192 0 1
30 192 0 1
31 192 0 1
33 192 0 1
34 192 0 1
36 192 0 1
37 192 0 1
38 192 0 1
39 192 0 1
41 192 0 1
43 192 0 1
44 192 0 1
46 192 0 1
47 192 0 1
48 192 0 1
49 192 0 1
53 192 0 1
54 192 0 1
1 193 0 1
14 193 0 1
15 193 0 1
23 193 0 1
25 193 0 1
27 193 0 1
28 193 0 1
31 193 0 1
34 193 0 1
37 193 0 1
39 193 0 1
40 193 0 1
41 193 0 1
44 193 0 1
46 193 0 1
47 193 0 1
48 193 0 1
49 193 0 1
54 193 0 1
1 194 0 1
10 194 0 1
12 194 0 1
15 194 0 1
16 194 0 1
17 194 0 1
18 194 0 1
21 194 0 1
22 194 0 1
25 194 0 1
29 194 0 1
30 194 0 1
31 194 0 1
33 194 0 1
36 194 0 1
37 194 0 1
38 194 0 1
39 194 0 1
42 194 0 1
43 194 0 1
44 194 0 1
48 194 0 1
49 194 0 1
53 194 0 1
1 195 0 1
3 195 0 1
10 195 0 1
13 195 0 1
15 195 0 1
16 195 0 1
17 195 0 1
18 195 0 1
22 195 0 1
23 195 0 1
25 195 0 1
28 195 0 1
30 195 0 1
31 195 0 1
33 195 0 1
36 195 0 1
37 195 0 1
38 195 0 1
39 195 0 1
42 195 0 1
43 195 0 1
44 195 0 1
47 195 0 1
48 195 0 1
49 195 0 1
53 195 0 1
14 196 0 1
27 196 0 1
28 196 0 1
34 196 0 1
40 196 0 1
46 196 0 1
55 196 0 1
3 197 0 1
2 198 0 1
3 198 0 1
4 198 0 1
5 198 0 1
6 198 0 1
10 198 0 1
12 198 0 1
13 198 0 1
17 198 0 1
14 199 0 1
15 199 0 1
14 200 0 1
2 201 0 1
3 201 0 1
5 201 0 1
14 201 0 1
15 201 0 1
17 201 0 1
2 202 0 1
4 202 0 1
5 202 0 1
6 202 0 1
7 202 0 1
8 202 0 1
9 202 0 1
10 202 0 1
11 202 0 1
12 202 0 1
13 202 0 1
18 202 0 1
19 202 0 1
20 202 0 1
21 202 0 1
14 203 0 1
2 204 0 1
4 204 0 1
5 204 0 1
6 204 0 1
7 204 0 1
8 204 0 1
9 204 0 1
10 204 0 1
11 204 0 1
12 204 0 1
13 204 0 1
18 204 0 1
19 204 0 1
20 204 0 1
21 204 0 1
14 205 0 1
