2 3 0 0
2 4 0 0
5 6 0 0
5 7 0 0
6 7 0 0
5 8 0 0
6 8 0 0
7 8 0 0
5 9 0 0
6 9 0 0
8 9 0 0
5 10 0 0
6 10 0 0
7 10 0 0
8 10 0 0
9 10 0 0
1 11 0 0
5 12 0 0
6 12 0 0
7 12 0 0
8 12 0 0
10 12 0 0
5 13 0 0
6 13 0 0
7 13 0 0
8 13 0 0
9 13 0 0
10 13 0 0
12 13 0 0
3 14 0 0
6 14 0 0
8 14 0 0
9 14 0 0
10 14 0 0
13 14 0 0
3 15 0 0
5 15 0 0
6 15 0 0
7 15 0 0
8 15 0 0
9 15 0 0
10 15 0 0
12 15 0 0
13 15 0 0
14 15 0 0
3 16 0 0
9 16 0 0
13 16 0 0
14 16 0 0
15 16 0 0
3 17 0 0
5 17 0 0
6 17 0 0
7 17 0 0
8 17 0 0
9 17 0 0
10 17 0 0
12 17 0 0
13 17 0 0
14 17 0 0
15 17 0 0
16 17 0 0
1 18 0 0
11 18 0 0
3 19 0 0
6 19 0 0
8 19 0 0
9 19 0 0
10 19 0 0
13 19 0 0
14 19 0 0
15 19 0 0
16 19 0 0
17 19 0 0
3 20 0 0
5 20 0 0
8 20 0 0
9 20 0 0
10 20 0 0
12 20 0 0
13 20 0 0
14 20 0 0
15 20 0 0
16 20 0 0
17 20 0 0
19 20 0 0
3 21 0 0
5 21 0 0
7 21 0 0
12 21 0 0
15 21 0 0
16 21 0 0
17 21 0 0
20 21 0 0
1 22 0 0
11 22 0 0
18 22 0 0
3 23 0 0
5 23 0 0
6 23 0 0
7 23 0 0
8 23 0 0
9 23 0 0
10 23 0 0
12 23 0 0
13 23 0 0
14 23 0 0
15 23 0 0
16 23 0 0
17 23 0 0
20 23 0 0
21 23 0 0
1 24 0 0
11 24 0 0
18 24 0 0
22 24 0 0
5 25 0 0
6 25 0 0
8 25 0 0
9 25 0 0
10 25 0 0
13 25 0 0
14 25 0 0
15 25 0 0
16 25 0 0
17 25 0 0
19 25 0 0
20 25 0 0
23 25 0 0
3 26 0 0
5 26 0 0
6 26 0 0
7 26 0 0
8 26 0 0
9 26 0 0
10 26 0 0
12 26 0 0
13 26 0 0
14 26 0 0
15 26 0 0
16 26 0 0
17 26 0 0
19 26 0 0
20 26 0 0
21 26 0 0
23 26 0 0
25 26 0 0
3 27 0 0
5 27 0 0
6 27 0 0
7 27 0 0
8 27 0 0
10 27 0 0
12 27 0 0
13 27 0 0
15 27 0 0
16 27 0 0
17 27 0 0
20 27 0 0
21 27 0 0
23 27 0 0
26 27 0 0
1 28 0 0
11 28 0 0
18 28 0 0
22 28 0 0
24 28 0 0
3 30 0 0
3 31 0 0
21 31 0 0
30 31 0 0
2 32 0 0
3 32 0 0
16 32 0 0
17 32 0 0
19 32 0 0
20 32 0 0
3 33 0 0
16 33 0 0
20 33 0 0
21 33 0 0
30 33 0 0
31 33 0 0
3 34 0 0
21 34 0 0
30 34 0 0
31 34 0 0
33 34 0 0
2 35 0 0
3 35 0 0
16 35 0 0
17 35 0 0
19 35 0 0
20 35 0 0
31 35 0 0
32 35 0 0
33 35 0 0
34 35 0 0
29 36 0 0
30 36 0 0
31 36 0 0
3 37 0 0
30 37 0 0
31 37 0 0
33 37 0 0
34 37 0 0
36 37 0 0
3 38 0 0
4 38 0 0
30 38 0 0
31 38 0 0
33 38 0 0
34 38 0 0
36 38 0 0
37 38 0 0
30 39 0 0
31 39 0 0
34 39 0 0
36 39 0 0
37 39 0 0
38 39 0 0
2 40 0 0
3 40 0 0
4 40 0 0
31 40 0 0
32 40 0 0
33 40 0 0
34 40 0 0
35 40 0 0
38 40 0 0
3 41 0 0
30 41 0 0
31 41 0 0
33 41 0 0
34 41 0 0
36 41 0 0
37 41 0 0
38 41 0 0
39 41 0 0
29 42 0 0
30 42 0 0
31 42 0 0
34 42 0 0
36 42 0 0
37 42 0 0
38 42 0 0
39 42 0 0
41 42 0 0
3 43 0 0
30 43 0 0
31 43 0 0
33 43 0 0
34 43 0 0
36 43 0 0
37 43 0 0
38 43 0 0
39 43 0 0
40 43 0 0
41 43 0 0
42 43 0 0
3 44 0 0
30 44 0 0
31 44 0 0
33 44 0 0
34 44 0 0
36 44 0 0
37 44 0 0
38 44 0 0
39 44 0 0
41 44 0 0
42 44 0 0
43 44 0 0
3 45 0 0
15 45 0 0
16 45 0 0
17 45 0 0
20 45 0 0
21 45 0 0
27 45 0 0
30 45 0 0
31 45 0 0
33 45 0 0
34 45 0 0
35 45 0 0
40 45 0 0
41 45 0 0
43 45 0 0
44 45 0 0
1 46 0 0
18 46 0 0
22 46 0 0
29 46 0 0
2 47 0 0
3 47 0 0
14 47 0 0
15 47 0 0
16 47 0 0
17 47 0 0
19 47 0 0
20 47 0 0
21 47 0 0
31 47 0 0
32 47 0 0
33 47 0 0
34 47 0 0
35 47 0 0
40 47 0 0
45 47 0 0
1 48 0 0
18 48 0 0
22 48 0 0
28 48 0 0
46 48 0 0
1 49 0 0
18 49 0 0
22 49 0 0
24 49 0 0
28 49 0 0
46 49 0 0
48 49 0 0
1 50 0 0
18 50 0 0
22 50 0 0
24 50 0 0
28 50 0 0
46 50 0 0
48 50 0 0
49 50 0 0
2 51 0 0
3 51 0 0
14 51 0 0
15 51 0 0
16 51 0 0
17 51 0 0
19 51 0 0
20 51 0 0
25 51 0 0
26 51 0 0
32 51 0 0
35 51 0 0
47 51 0 0
2 52 0 0
3 52 0 0
14 52 0 0
15 52 0 0
16 52 0 0
17 52 0 0
19 52 0 0
20 52 0 0
21 52 0 0
23 52 0 0
25 52 0 0
26 52 0 0
27 52 0 0
32 52 0 0
33 52 0 0
34 52 0 0
35 52 0 0
40 52 0 0
45 52 0 0
47 52 0 0
51 52 0 0
1 53 0 0
11 53 0 0
18 53 0 0
22 53 0 0
24 53 0 0
28 53 0 0
46 53 0 0
48 53 0 0
49 53 0 0
50 53 0 0
29 54 0 0
1 55 0 0
18 55 0 0
22 55 0 0
46 55 0 0
48 55 0 0
49 55 0 0
50 55 0 0
53 55 0 0
1 56 0 0
18 56 0 0
22 56 0 0
28 56 0 0
46 56 0 0
48 56 0 0
49 56 0 0
50 56 0 0
53 56 0 0
55 56 0 0
1 57 0 0
18 57 0 0
22 57 0 0
28 57 0 0
29 57 0 0
46 57 0 0
48 57 0 0
49 57 0 0
50 57 0 0
53 57 0 0
54 57 0 0
55 57 0 0
56 57 0 0
2 58 0 0
4 58 0 0
40 58 0 0
2 59 0 0
4 59 0 0
30 59 0 0
37 59 0 0
38 59 0 0
39 59 0 0
40 59 0 0
41 59 0 0
43 59 0 0
44 59 0 0
58 59 0 0
2 60 0 0
4 60 0 0
37 60 0 0
38 60 0 0
40 60 0 0
43 60 0 0
44 60 0 0
58 60 0 0
59 60 0 0
2 61 0 0
4 61 0 0
40 61 0 0
58 61 0 0
59 61 0 0
60 61 0 0
4 62 0 0
36 62 0 0
37 62 0 0
38 62 0 0
39 62 0 0
43 62 0 0
44 62 0 0
59 62 0 0
60 62 0 0
4 64 0 0
37 64 0 0
38 64 0 0
39 64 0 0
43 64 0 0
59 64 0 0
60 64 0 0
62 64 0 0
4 65 0 0
59 65 0 0
60 65 0 0
61 65 0 0
62 65 0 0
64 65 0 0
4 66 0 0
59 66 0 0
60 66 0 0
61 66 0 0
62 66 0 0
64 66 0 0
65 66 0 0
63 67 0 0
4 68 0 0
62 68 0 0
64 68 0 0
65 68 0 0
66 68 0 0
4 69 0 0
59 69 0 0
60 69 0 0
62 69 0 0
64 69 0 0
65 69 0 0
66 69 0 0
68 69 0 0
4 70 0 0
59 70 0 0
60 70 0 0
62 70 0 0
64 70 0 0
65 70 0 0
66 70 0 0
68 70 0 0
69 70 0 0
4 71 0 0
62 71 0 0
64 71 0 0
65 71 0 0
66 71 0 0
68 71 0 0
69 71 0 0
70 71 0 0
4 72 0 0
62 72 0 0
64 72 0 0
65 72 0 0
66 72 0 0
68 72 0 0
69 72 0 0
70 72 0 0
71 72 0 0
36 73 0 0
39 73 0 0
62 73 0 0
64 73 0 0
68 73 0 0
70 73 0 0
71 73 0 0
72 73 0 0
4 74 0 0
37 74 0 0
38 74 0 0
39 74 0 0
43 74 0 0
44 74 0 0
59 74 0 0
60 74 0 0
61 74 0 0
62 74 0 0
64 74 0 0
65 74 0 0
66 74 0 0
68 74 0 0
69 74 0 0
70 74 0 0
71 74 0 0
72 74 0 0
73 74 0 0
4 75 0 0
59 75 0 0
60 75 0 0
61 75 0 0
62 75 0 0
64 75 0 0
65 75 0 0
66 75 0 0
68 75 0 0
69 75 0 0
70 75 0 0
71 75 0 0
72 75 0 0
74 75 0 0
29 76 0 0
30 76 0 0
36 76 0 0
37 76 0 0
38 76 0 0
39 76 0 0
41 76 0 0
42 76 0 0
43 76 0 0
44 76 0 0
59 76 0 0
62 76 0 0
64 76 0 0
73 76 0 0
74 76 0 0
2 77 0 0
3 77 0 0
4 77 0 0
35 77 0 0
38 77 0 0
40 77 0 0
43 77 0 0
58 77 0 0
59 77 0 0
60 77 0 0
61 77 0 0
64 77 0 0
74 77 0 0
75 77 0 0
2 78 0 0
3 78 0 0
4 78 0 0
30 78 0 0
31 78 0 0
33 78 0 0
34 78 0 0
36 78 0 0
37 78 0 0
38 78 0 0
39 78 0 0
40 78 0 0
41 78 0 0
42 78 0 0
43 78 0 0
44 78 0 0
59 78 0 0
60 78 0 0
61 78 0 0
62 78 0 0
64 78 0 0
65 78 0 0
66 78 0 0
74 78 0 0
75 78 0 0
76 78 0 0
77 78 0 0
2 79 0 0
3 79 0 0
4 79 0 0
32 79 0 0
35 79 0 0
40 79 0 0
58 79 0 0
60 79 0 0
61 79 0 0
77 79 0 0
2 80 0 0
3 80 0 0
4 80 0 0
32 80 0 0
35 80 0 0
40 80 0 0
58 80 0 0
59 80 0 0
60 80 0 0
61 80 0 0
65 80 0 0
74 80 0 0
75 80 0 0
77 80 0 0
78 80 0 0
79 80 0 0
2 81 0 0
3 81 0 0
4 81 0 0
30 81 0 0
31 81 0 0
37 81 0 0
38 81 0 0
39 81 0 0
40 81 0 0
41 81 0 0
43 81 0 0
44 81 0 0
58 81 0 0
59 81 0 0
60 81 0 0
61 81 0 0
62 81 0 0
64 81 0 0
65 81 0 0
66 81 0 0
74 81 0 0
75 81 0 0
77 81 0 0
78 81 0 0
80 81 0 0
2 82 0 0
3 82 0 0
4 82 0 0
38 82 0 0
40 82 0 0
43 82 0 0
58 82 0 0
59 82 0 0
60 82 0 0
61 82 0 0
65 82 0 0
74 82 0 0
75 82 0 0
77 82 0 0
78 82 0 0
79 82 0 0
80 82 0 0
81 82 0 0
1 83 0 1
5 83 0 1
7 83 0 1
11 83 0 1
12 83 0 1
18 83 0 1
21 83 0 1
22 83 0 1
23 83 0 1
27 83 0 1
28 83 0 1
48 83 0 1
50 83 0 1
53 83 0 1
54 83 0 1
57 83 0 1
3 84 0 1
21 84 0 1
27 84 0 1
29 84 0 1
30 84 0 1
31 84 0 1
33 84 0 1
34 84 0 1
36 84 0 1
37 84 0 1
38 84 0 1
39 84 0 1
41 84 0 1
42 84 0 1
43 84 0 1
44 84 0 1
45 84 0 1
54 84 0 1
3 85 0 1
5 85 0 1
7 85 0 1
8 85 0 1
10 85 0 1
12 85 0 1
13 85 0 1
15 85 0 1
16 85 0 1
17 85 0 1
20 85 0 1
21 85 0 1
23 85 0 1
26 85 0 1
27 85 0 1
31 85 0 1
33 85 0 1
34 85 0 1
45 85 0 1
47 85 0 1
52 85 0 1
54 85 0 1
1 86 0 1
11 86 0 1
18 86 0 1
22 86 0 1
28 86 0 1
29 86 0 1
46 86 0 1
48 86 0 1
54 86 0 1
57 86 0 1
4 87 0 1
30 87 0 1
31 87 0 1
36 87 0 1
37 87 0 1
38 87 0 1
39 87 0 1
41 87 0 1
42 87 0 1
43 87 0 1
44 87 0 1
59 87 0 1
60 87 0 1
62 87 0 1
64 87 0 1
65 87 0 1
66 87 0 1
68 87 0 1
69 87 0 1
70 87 0 1
71 87 0 1
72 87 0 1
73 87 0 1
74 87 0 1
75 87 0 1
76 87 0 1
77 87 0 1
78 87 0 1
81 87 0 1
5 88 0 1
6 88 0 1
7 88 0 1
8 88 0 1
10 88 0 1
12 88 0 1
13 88 0 1
15 88 0 1
17 88 0 1
23 88 0 1
26 88 0 1
27 88 0 1
1 89 0 1
11 89 0 1
28 89 0 1
7 90 0 1
12 90 0 1
23 90 0 1
1 91 0 1
11 91 0 1
1 92 0 1
11 92 0 1
28 92 0 1
5 93 0 1
7 93 0 1
12 93 0 1
23 93 0 1
27 93 0 1
5 94 0 1
7 94 0 1
12 94 0 1
23 94 0 1
27 94 0 1
1 95 0 1
11 95 0 1
28 95 0 1
1 96 0 1
11 96 0 1
3 97 0 1
5 97 0 1
7 97 0 1
8 97 0 1
10 97 0 1
12 97 0 1
15 97 0 1
17 97 0 1
20 97 0 1
21 97 0 1
23 97 0 1
26 97 0 1
27 97 0 1
5 98 0 1
7 98 0 1
12 98 0 1
21 98 0 1
23 98 0 1
27 98 0 1
5 99 0 1
7 99 0 1
12 99 0 1
21 99 0 1
23 99 0 1
27 99 0 1
1 100 0 1
11 100 0 1
18 100 0 1
22 100 0 1
24 100 0 1
28 100 0 1
46 100 0 1
48 100 0 1
49 100 0 1
50 100 0 1
53 100 0 1
54 100 0 1
56 100 0 1
57 100 0 1
3 101 0 1
5 101 0 1
6 101 0 1
7 101 0 1
8 101 0 1
10 101 0 1
12 101 0 1
13 101 0 1
14 101 0 1
15 101 0 1
16 101 0 1
17 101 0 1
19 101 0 1
20 101 0 1
21 101 0 1
23 101 0 1
25 101 0 1
26 101 0 1
27 101 0 1
33 101 0 1
45 101 0 1
47 101 0 1
51 101 0 1
52 101 0 1
3 102 0 1
5 102 0 1
6 102 0 1
7 102 0 1
8 102 0 1
9 102 0 1
10 102 0 1
12 102 0 1
13 102 0 1
14 102 0 1
15 102 0 1
16 102 0 1
17 102 0 1
19 102 0 1
20 102 0 1
21 102 0 1
23 102 0 1
25 102 0 1
26 102 0 1
27 102 0 1
33 102 0 1
45 102 0 1
47 102 0 1
51 102 0 1
52 102 0 1
3 103 0 1
5 103 0 1
6 103 0 1
7 103 0 1
8 103 0 1
9 103 0 1
10 103 0 1
12 103 0 1
13 103 0 1
14 103 0 1
15 103 0 1
16 103 0 1
17 103 0 1
19 103 0 1
20 103 0 1
21 103 0 1
23 103 0 1
25 103 0 1
26 103 0 1
27 103 0 1
45 103 0 1
47 103 0 1
51 103 0 1
52 103 0 1
5 104 0 1
7 104 0 1
12 104 0 1
21 104 0 1
23 104 0 1
27 104 0 1
3 105 0 1
5 105 0 1
6 105 0 1
7 105 0 1
8 105 0 1
9 105 0 1
10 105 0 1
12 105 0 1
13 105 0 1
14 105 0 1
15 105 0 1
16 105 0 1
17 105 0 1
19 105 0 1
20 105 0 1
21 105 0 1
23 105 0 1
25 105 0 1
26 105 0 1
27 105 0 1
45 105 0 1
47 105 0 1
51 105 0 1
52 105 0 1
46 106 0 1
48 106 0 1
49 106 0 1
50 106 0 1
53 106 0 1
55 106 0 1
56 106 0 1
57 106 0 1
1 107 0 1
18 107 0 1
22 107 0 1
29 107 0 1
46 107 0 1
48 107 0 1
49 107 0 1
50 107 0 1
54 107 0 1
55 107 0 1
56 107 0 1
57 107 0 1
3 108 0 1
21 108 0 1
30 108 0 1
31 108 0 1
33 108 0 1
34 108 0 1
36 108 0 1
37 108 0 1
38 108 0 1
41 108 0 1
42 108 0 1
43 108 0 1
44 108 0 1
45 108 0 1
3 109 0 1
21 109 0 1
30 109 0 1
31 109 0 1
33 109 0 1
34 109 0 1
36 109 0 1
37 109 0 1
38 109 0 1
39 109 0 1
41 109 0 1
42 109 0 1
43 109 0 1
44 109 0 1
45 109 0 1
54 109 0 1
29 110 0 1
46 110 0 1
48 110 0 1
54 110 0 1
57 110 0 1
1 111 0 1
18 111 0 1
22 111 0 1
28 111 0 1
29 111 0 1
46 111 0 1
48 111 0 1
50 111 0 1
54 111 0 1
56 111 0 1
57 111 0 1
29 112 0 1
46 112 0 1
48 112 0 1
49 112 0 1
50 112 0 1
55 112 0 1
56 112 0 1
57 112 0 1
29 113 0 1
30 113 0 1
31 113 0 1
36 113 0 1
37 113 0 1
38 113 0 1
39 113 0 1
41 113 0 1
42 113 0 1
44 113 0 1
54 113 0 1
76 113 0 1
22 114 0 1
46 114 0 1
48 114 0 1
49 114 0 1
50 114 0 1
53 114 0 1
55 114 0 1
56 114 0 1
57 114 0 1
29 115 0 1
36 115 0 1
41 115 0 1
42 115 0 1
46 115 0 1
54 115 0 1
57 115 0 1
3 116 0 1
21 116 0 1
30 116 0 1
31 116 0 1
33 116 0 1
34 116 0 1
36 116 0 1
37 116 0 1
38 116 0 1
39 116 0 1
41 116 0 1
42 116 0 1
43 116 0 1
44 116 0 1
45 116 0 1
78 116 0 1
22 117 0 1
29 117 0 1
46 117 0 1
48 117 0 1
49 117 0 1
50 117 0 1
54 117 0 1
55 117 0 1
56 117 0 1
57 117 0 1
29 118 0 1
30 118 0 1
36 118 0 1
37 118 0 1
39 118 0 1
41 118 0 1
42 118 0 1
54 118 0 1
76 118 0 1
29 119 0 1
46 119 0 1
48 119 0 1
50 119 0 1
54 119 0 1
56 119 0 1
57 119 0 1
3 120 0 1
15 120 0 1
16 120 0 1
17 120 0 1
20 120 0 1
21 120 0 1
23 120 0 1
27 120 0 1
31 120 0 1
33 120 0 1
34 120 0 1
45 120 0 1
47 120 0 1
52 120 0 1
21 121 0 1
54 121 0 1
29 122 0 1
54 122 0 1
57 122 0 1
1 123 0 1
11 123 0 1
18 123 0 1
22 123 0 1
28 123 0 1
46 123 0 1
48 123 0 1
50 123 0 1
53 123 0 1
54 123 0 1
56 123 0 1
57 123 0 1
1 124 0 1
11 124 0 1
18 124 0 1
22 124 0 1
28 124 0 1
29 124 0 1
46 124 0 1
48 124 0 1
50 124 0 1
54 124 0 1
56 124 0 1
57 124 0 1
1 125 0 1
11 125 0 1
18 125 0 1
22 125 0 1
28 125 0 1
29 125 0 1
46 125 0 1
48 125 0 1
49 125 0 1
50 125 0 1
53 125 0 1
54 125 0 1
55 125 0 1
56 125 0 1
57 125 0 1
2 126 0 1
3 126 0 1
4 126 0 1
30 126 0 1
31 126 0 1
33 126 0 1
34 126 0 1
35 126 0 1
37 126 0 1
38 126 0 1
40 126 0 1
43 126 0 1
44 126 0 1
58 126 0 1
59 126 0 1
60 126 0 1
61 126 0 1
74 126 0 1
77 126 0 1
78 126 0 1
79 126 0 1
80 126 0 1
81 126 0 1
82 126 0 1
2 127 0 1
3 127 0 1
4 127 0 1
30 127 0 1
31 127 0 1
33 127 0 1
34 127 0 1
35 127 0 1
37 127 0 1
38 127 0 1
39 127 0 1
40 127 0 1
41 127 0 1
42 127 0 1
43 127 0 1
44 127 0 1
45 127 0 1
59 127 0 1
60 127 0 1
61 127 0 1
62 127 0 1
74 127 0 1
77 127 0 1
78 127 0 1
80 127 0 1
81 127 0 1
82 127 0 1
2 128 0 1
3 128 0 1
4 128 0 1
30 128 0 1
31 128 0 1
33 128 0 1
34 128 0 1
35 128 0 1
37 128 0 1
38 128 0 1
39 128 0 1
40 128 0 1
41 128 0 1
43 128 0 1
44 128 0 1
58 128 0 1
59 128 0 1
60 128 0 1
61 128 0 1
62 128 0 1
64 128 0 1
74 128 0 1
77 128 0 1
78 128 0 1
79 128 0 1
80 128 0 1
81 128 0 1
82 128 0 1
63 129 0 1
46 130 0 1
55 130 0 1
55 131 0 1
63 132 0 1
29 133 0 1
36 133 0 1
42 133 0 1
73 133 0 1
76 133 0 1
29 134 0 1
36 134 0 1
39 134 0 1
42 134 0 1
73 134 0 1
76 134 0 1
36 135 0 1
73 135 0 1
76 135 0 1
67 136 0 1
73 136 0 1
76 136 0 1
62 137 0 1
64 137 0 1
68 137 0 1
70 137 0 1
71 137 0 1
73 137 0 1
76 137 0 1
63 138 0 1
67 138 0 1
63 139 0 1
67 139 0 1
4 140 0 1
62 140 0 1
64 140 0 1
65 140 0 1
66 140 0 1
68 140 0 1
69 140 0 1
70 140 0 1
71 140 0 1
72 140 0 1
73 140 0 1
74 140 0 1
75 140 0 1
63 141 0 1
67 141 0 1
68 142 0 1
70 142 0 1
71 142 0 1
73 142 0 1
76 142 0 1
63 143 0 1
67 143 0 1
68 144 0 1
69 144 0 1
70 144 0 1
71 144 0 1
72 144 0 1
73 144 0 1
67 145 0 1
73 145 0 1
63 146 0 1
67 146 0 1
63 147 0 1
67 147 0 1
67 148 0 1
4 149 0 1
62 149 0 1
64 149 0 1
66 149 0 1
68 149 0 1
69 149 0 1
70 149 0 1
71 149 0 1
72 149 0 1
73 149 0 1
74 149 0 1
76 149 0 1
68 150 0 1
70 150 0 1
71 150 0 1
73 150 0 1
76 150 0 1
4 151 0 1
39 151 0 1
59 151 0 1
60 151 0 1
62 151 0 1
64 151 0 1
65 151 0 1
66 151 0 1
68 151 0 1
69 151 0 1
70 151 0 1
71 151 0 1
72 151 0 1
73 151 0 1
74 151 0 1
75 151 0 1
76 151 0 1
78 151 0 1
63 152 0 1
67 152 0 1
63 153 0 1
67 153 0 1
68 154 0 1
73 154 0 1
76 154 0 1
67 155 0 1
73 155 0 1
76 155 0 1
62 156 0 1
64 156 0 1
68 156 0 1
70 156 0 1
71 156 0 1
72 156 0 1
73 156 0 1
74 156 0 1
76 156 0 1
63 157 0 1
67 157 0 1
67 158 0 1
63 159 0 1
29 160 0 1
36 160 0 1
63 160 0 1
67 160 0 1
73 160 0 1
76 160 0 1
2 161 0 1
4 161 0 1
38 161 0 1
40 161 0 1
43 161 0 1
58 161 0 1
59 161 0 1
60 161 0 1
61 161 0 1
62 161 0 1
64 161 0 1
65 161 0 1
66 161 0 1
74 161 0 1
75 161 0 1
77 161 0 1
78 161 0 1
79 161 0 1
80 161 0 1
81 161 0 1
82 161 0 1
36 162 0 1
39 162 0 1
42 162 0 1
73 162 0 1
76 162 0 1
63 163 0 1
3 164 0 1
30 164 0 1
31 164 0 1
33 164 0 1
34 164 0 1
36 164 0 1
37 164 0 1
38 164 0 1
39 164 0 1
40 164 0 1
41 164 0 1
42 164 0 1
43 164 0 1
44 164 0 1
45 164 0 1
47 164 0 1
59 164 0 1
77 164 0 1
78 164 0 1
81 164 0 1
29 165 0 1
30 165 0 1
36 165 0 1
37 165 0 1
38 165 0 1
39 165 0 1
41 165 0 1
42 165 0 1
44 165 0 1
46 165 0 1
54 165 0 1
57 165 0 1
76 165 0 1
46 166 0 1
48 166 0 1
49 166 0 1
50 166 0 1
53 166 0 1
55 166 0 1
56 166 0 1
57 166 0 1
29 167 0 1
30 167 0 1
31 167 0 1
36 167 0 1
37 167 0 1
38 167 0 1
39 167 0 1
41 167 0 1
42 167 0 1
43 167 0 1
44 167 0 1
54 167 0 1
76 167 0 1
78 167 0 1
30 168 0 1
31 168 0 1
33 168 0 1
34 168 0 1
36 168 0 1
37 168 0 1
38 168 0 1
39 168 0 1
41 168 0 1
42 168 0 1
43 168 0 1
44 168 0 1
45 168 0 1
76 168 0 1
78 168 0 1
29 169 0 1
46 169 0 1
48 169 0 1
49 169 0 1
50 169 0 1
53 169 0 1
55 169 0 1
56 169 0 1
57 169 0 1
29 170 0 1
46 170 0 1
48 170 0 1
50 170 0 1
55 170 0 1
56 170 0 1
57 170 0 1
29 171 0 1
30 171 0 1
36 171 0 1
37 171 0 1
38 171 0 1
39 171 0 1
41 171 0 1
42 171 0 1
44 171 0 1
54 171 0 1
76 171 0 1
29 172 0 1
36 172 0 1
42 172 0 1
46 172 0 1
48 172 0 1
54 172 0 1
56 172 0 1
57 172 0 1
76 172 0 1
29 173 0 1
30 173 0 1
36 173 0 1
37 173 0 1
39 173 0 1
41 173 0 1
42 173 0 1
54 173 0 1
57 173 0 1
76 173 0 1
29 174 0 1
30 174 0 1
36 174 0 1
37 174 0 1
38 174 0 1
39 174 0 1
41 174 0 1
42 174 0 1
44 174 0 1
54 174 0 1
76 174 0 1
29 175 0 1
46 175 0 1
56 175 0 1
57 175 0 1
46 176 0 1
53 176 0 1
55 176 0 1
56 176 0 1
