1 3 0 0
1 4 0 0
3 4 0 0
1 6 0 0
3 6 0 0
4 6 0 0
1 7 0 0
3 7 0 0
4 7 0 0
6 8 0 0
1 9 0 0
3 9 0 0
6 9 0 0
8 9 0 0
1 10 0 0
3 10 0 0
4 10 0 0
7 10 0 0
1 11 0 0
3 11 0 0
4 11 0 0
6 11 0 0
7 11 0 0
9 11 0 0
10 11 0 0
1 12 0 0
4 12 0 0
7 12 0 0
10 12 0 0
6 13 0 0
8 13 0 0
9 13 0 0
6 14 0 0
8 14 0 0
9 14 0 0
13 14 0 0
1 15 0 0
3 15 0 0
6 15 0 0
8 15 0 0
9 15 0 0
11 15 0 0
13 15 0 0
14 15 0 0
1 16 0 0
3 16 0 0
6 16 0 0
8 16 0 0
9 16 0 0
11 16 0 0
13 16 0 0
14 16 0 0
15 16 0 0
5 17 0 0
1 18 0 0
3 18 0 0
4 18 0 0
6 18 0 0
7 18 0 0
8 18 0 0
9 18 0 0
11 18 0 0
13 18 0 0
15 18 0 0
16 18 0 0
1 19 0 0
3 19 0 0
4 19 0 0
6 19 0 0
7 19 0 0
8 19 0 0
9 19 0 0
11 19 0 0
13 19 0 0
14 19 0 0
15 19 0 0
16 19 0 0
18 19 0 0
6 20 0 0
8 20 0 0
9 20 0 0
13 20 0 0
14 20 0 0
16 20 0 0
19 20 0 0
1 21 0 0
3 21 0 0
6 21 0 0
8 21 0 0
9 21 0 0
11 21 0 0
13 21 0 0
14 21 0 0
15 21 0 0
16 21 0 0
18 21 0 0
19 21 0 0
20 21 0 0
1 22 0 0
3 22 0 0
4 22 0 0
6 22 0 0
8 22 0 0
9 22 0 0
11 22 0 0
13 22 0 0
14 22 0 0
15 22 0 0
16 22 0 0
18 22 0 0
19 22 0 0
20 22 0 0
21 22 0 0
13 23 0 0
14 23 0 0
15 23 0 0
16 23 0 0
23 25 0 0
24 26 0 0
24 27 0 0
26 27 0 0
2 28 0 0
23 28 0 0
25 28 0 0
24 29 0 0
26 29 0 0
27 29 0 0
2 30 0 0
25 30 0 0
28 30 0 0
2 31 0 0
23 31 0 0
25 31 0 0
28 31 0 0
30 31 0 0
2 32 0 0
28 32 0 0
30 32 0 0
31 32 0 0
2 33 0 0
25 33 0 0
28 33 0 0
30 33 0 0
31 33 0 0
32 33 0 0
2 34 0 0
25 34 0 0
28 34 0 0
30 34 0 0
31 34 0 0
32 34 0 0
33 34 0 0
2 35 0 0
28 35 0 0
30 35 0 0
31 35 0 0
33 35 0 0
2 36 0 0
30 36 0 0
31 36 0 0
35 36 0 0
2 37 0 0
30 37 0 0
31 37 0 0
35 37 0 0
36 37 0 0
2 38 0 0
30 38 0 0
31 38 0 0
33 38 0 0
35 38 0 0
36 38 0 0
37 38 0 0
2 39 0 0
25 39 0 0
28 39 0 0
30 39 0 0
31 39 0 0
33 39 0 0
34 39 0 0
35 39 0 0
36 39 0 0
37 39 0 0
38 39 0 0
2 40 0 0
28 40 0 0
30 40 0 0
31 40 0 0
32 40 0 0
33 40 0 0
34 40 0 0
35 40 0 0
36 40 0 0
38 40 0 0
39 40 0 0
2 41 0 0
28 41 0 0
30 41 0 0
31 41 0 0
32 41 0 0
33 41 0 0
34 41 0 0
35 41 0 0
38 41 0 0
39 41 0 0
40 41 0 0
2 42 0 0
25 42 0 0
28 42 0 0
30 42 0 0
31 42 0 0
32 42 0 0
33 42 0 0
34 42 0 0
39 42 0 0
40 42 0 0
41 42 0 0
2 43 0 0
28 43 0 0
30 43 0 0
31 43 0 0
32 43 0 0
33 43 0 0
34 43 0 0
40 43 0 0
41 43 0 0
42 43 0 0
2 44 0 0
28 44 0 0
30 44 0 0
31 44 0 0
32 44 0 0
33 44 0 0
34 44 0 0
39 44 0 0
40 44 0 0
41 44 0 0
42 44 0 0
43 44 0 0
1 45 0 0
13 45 0 0
14 45 0 0
15 45 0 0
16 45 0 0
18 45 0 0
19 45 0 0
21 45 0 0
22 45 0 0
23 45 0 0
25 45 0 0
28 45 0 0
5 46 0 0
17 46 0 0
24 46 0 0
8 47 0 0
13 47 0 0
14 47 0 0
16 47 0 0
20 47 0 0
21 47 0 0
23 47 0 0
25 47 0 0
45 47 0 0
1 48 0 0
6 48 0 0
8 48 0 0
9 48 0 0
11 48 0 0
13 48 0 0
14 48 0 0
15 48 0 0
16 48 0 0
18 48 0 0
19 48 0 0
20 48 0 0
21 48 0 0
22 48 0 0
23 48 0 0
25 48 0 0
28 48 0 0
45 48 0 0
47 48 0 0
1 49 0 0
7 49 0 0
10 49 0 0
11 49 0 0
12 49 0 0
15 49 0 0
18 49 0 0
19 49 0 0
45 49 0 0
1 50 0 0
6 50 0 0
8 50 0 0
9 50 0 0
11 50 0 0
13 50 0 0
14 50 0 0
15 50 0 0
16 50 0 0
18 50 0 0
19 50 0 0
20 50 0 0
21 50 0 0
22 50 0 0
23 50 0 0
25 50 0 0
45 50 0 0
47 50 0 0
48 50 0 0
49 50 0 0
24 51 0 0
46 51 0 0
2 52 0 0
41 52 0 0
42 52 0 0
43 52 0 0
44 52 0 0
2 53 0 0
35 53 0 0
36 53 0 0
37 53 0 0
38 53 0 0
39 53 0 0
2 54 0 0
35 54 0 0
36 54 0 0
37 54 0 0
38 54 0 0
39 54 0 0
40 54 0 0
53 54 0 0
2 56 0 0
52 56 0 0
2 57 0 0
52 57 0 0
56 57 0 0
2 58 0 0
53 58 0 0
54 58 0 0
2 59 0 0
36 59 0 0
37 59 0 0
38 59 0 0
53 59 0 0
54 59 0 0
58 59 0 0
2 60 0 0
52 60 0 0
56 60 0 0
57 60 0 0
2 61 0 0
53 61 0 0
54 61 0 0
58 61 0 0
59 61 0 0
2 62 0 0
52 62 0 0
56 62 0 0
57 62 0 0
60 62 0 0
2 63 0 0
35 63 0 0
36 63 0 0
37 63 0 0
38 63 0 0
39 63 0 0
53 63 0 0
54 63 0 0
58 63 0 0
59 63 0 0
61 63 0 0
2 64 0 0
30 64 0 0
31 64 0 0
35 64 0 0
36 64 0 0
37 64 0 0
38 64 0 0
39 64 0 0
40 64 0 0
53 64 0 0
54 64 0 0
59 64 0 0
61 64 0 0
63 64 0 0
2 65 0 0
30 65 0 0
31 65 0 0
33 65 0 0
35 65 0 0
36 65 0 0
37 65 0 0
38 65 0 0
39 65 0 0
40 65 0 0
41 65 0 0
42 65 0 0
44 65 0 0
53 65 0 0
54 65 0 0
59 65 0 0
61 65 0 0
63 65 0 0
64 65 0 0
1 66 0 1
12 66 0 1
15 66 0 1
18 66 0 1
25 66 0 1
28 66 0 1
30 66 0 1
31 66 0 1
32 66 0 1
33 66 0 1
34 66 0 1
41 66 0 1
42 66 0 1
43 66 0 1
44 66 0 1
45 66 0 1
48 66 0 1
49 66 0 1
50 66 0 1
24 67 0 1
26 67 0 1
27 67 0 1
29 67 0 1
55 67 0 1
5 68 0 1
17 68 0 1
1 69 0 1
7 69 0 1
10 69 0 1
12 69 0 1
17 69 0 1
1 70 0 1
5 70 0 1
7 70 0 1
10 70 0 1
17 70 0 1
5 71 0 1
17 71 0 1
46 71 0 1
51 71 0 1
5 72 0 1
17 72 0 1
46 72 0 1
51 72 0 1
1 73 0 1
5 73 0 1
7 73 0 1
10 73 0 1
12 73 0 1
17 73 0 1
5 74 0 1
10 74 0 1
17 74 0 1
46 74 0 1
5 75 0 1
17 75 0 1
46 75 0 1
51 75 0 1
5 76 0 1
17 76 0 1
24 76 0 1
46 76 0 1
51 76 0 1
5 77 0 1
17 77 0 1
24 77 0 1
26 77 0 1
46 77 0 1
51 77 0 1
17 78 0 1
24 78 0 1
46 78 0 1
51 78 0 1
5 79 0 1
17 79 0 1
24 79 0 1
46 79 0 1
51 79 0 1
5 80 0 1
12 80 0 1
17 80 0 1
46 80 0 1
51 80 0 1
1 81 0 1
12 81 0 1
15 81 0 1
16 81 0 1
18 81 0 1
45 81 0 1
48 81 0 1
49 81 0 1
50 81 0 1
24 82 0 1
26 82 0 1
27 82 0 1
29 82 0 1
46 82 0 1
51 82 0 1
1 83 0 1
15 83 0 1
16 83 0 1
18 83 0 1
22 83 0 1
23 83 0 1
25 83 0 1
28 83 0 1
31 83 0 1
32 83 0 1
34 83 0 1
45 83 0 1
48 83 0 1
49 83 0 1
50 83 0 1
1 84 0 1
12 84 0 1
49 84 0 1
12 85 0 1
27 85 0 1
29 85 0 1
1 86 0 1
15 86 0 1
23 86 0 1
25 86 0 1
28 86 0 1
31 86 0 1
32 86 0 1
33 86 0 1
34 86 0 1
42 86 0 1
45 86 0 1
48 86 0 1
49 86 0 1
50 86 0 1
1 87 0 1
12 87 0 1
29 87 0 1
49 87 0 1
1 88 0 1
12 88 0 1
32 88 0 1
42 88 0 1
49 88 0 1
1 89 0 1
12 89 0 1
49 89 0 1
1 90 0 1
12 90 0 1
49 90 0 1
17 91 0 1
24 91 0 1
26 91 0 1
27 91 0 1
29 91 0 1
46 91 0 1
51 91 0 1
1 92 0 1
5 92 0 1
7 92 0 1
10 92 0 1
12 92 0 1
17 92 0 1
46 92 0 1
49 92 0 1
1 93 0 1
12 93 0 1
17 94 0 1
24 94 0 1
26 94 0 1
27 94 0 1
29 94 0 1
46 94 0 1
51 94 0 1
24 95 0 1
26 95 0 1
27 95 0 1
29 95 0 1
23 96 0 1
25 96 0 1
28 96 0 1
30 96 0 1
31 96 0 1
32 96 0 1
33 96 0 1
34 96 0 1
39 96 0 1
40 96 0 1
41 96 0 1
42 96 0 1
43 96 0 1
44 96 0 1
45 96 0 1
48 96 0 1
2 97 0 1
30 97 0 1
31 97 0 1
35 97 0 1
36 97 0 1
37 97 0 1
38 97 0 1
39 97 0 1
40 97 0 1
53 97 0 1
54 97 0 1
63 97 0 1
64 97 0 1
65 97 0 1
26 98 0 1
27 98 0 1
29 98 0 1
26 99 0 1
27 99 0 1
29 99 0 1
27 100 0 1
29 100 0 1
2 101 0 1
23 101 0 1
25 101 0 1
28 101 0 1
30 101 0 1
31 101 0 1
33 101 0 1
35 101 0 1
36 101 0 1
37 101 0 1
38 101 0 1
39 101 0 1
40 101 0 1
48 101 0 1
2 102 0 1
23 102 0 1
25 102 0 1
28 102 0 1
30 102 0 1
31 102 0 1
33 102 0 1
34 102 0 1
35 102 0 1
36 102 0 1
37 102 0 1
38 102 0 1
39 102 0 1
40 102 0 1
41 102 0 1
48 102 0 1
28 103 0 1
32 103 0 1
34 103 0 1
41 103 0 1
42 103 0 1
43 103 0 1
44 103 0 1
26 104 0 1
27 104 0 1
29 104 0 1
32 105 0 1
34 105 0 1
42 105 0 1
43 105 0 1
44 105 0 1
32 106 0 1
42 106 0 1
43 106 0 1
32 107 0 1
42 107 0 1
43 107 0 1
26 108 0 1
27 108 0 1
29 108 0 1
23 109 0 1
25 109 0 1
28 109 0 1
30 109 0 1
31 109 0 1
33 109 0 1
45 109 0 1
47 109 0 1
48 109 0 1
23 110 0 1
25 110 0 1
28 110 0 1
30 110 0 1
31 110 0 1
33 110 0 1
35 110 0 1
39 110 0 1
45 110 0 1
47 110 0 1
48 110 0 1
1 111 0 1
23 111 0 1
25 111 0 1
28 111 0 1
30 111 0 1
31 111 0 1
32 111 0 1
33 111 0 1
34 111 0 1
40 111 0 1
41 111 0 1
42 111 0 1
43 111 0 1
44 111 0 1
45 111 0 1
48 111 0 1
49 111 0 1
50 111 0 1
32 112 0 1
42 112 0 1
49 112 0 1
23 113 0 1
25 113 0 1
28 113 0 1
30 113 0 1
31 113 0 1
33 113 0 1
34 113 0 1
35 113 0 1
39 113 0 1
40 113 0 1
45 113 0 1
47 113 0 1
48 113 0 1
2 114 0 1
23 114 0 1
25 114 0 1
28 114 0 1
30 114 0 1
31 114 0 1
33 114 0 1
34 114 0 1
35 114 0 1
39 114 0 1
40 114 0 1
41 114 0 1
42 114 0 1
45 114 0 1
48 114 0 1
23 115 0 1
25 115 0 1
28 115 0 1
30 115 0 1
31 115 0 1
32 115 0 1
33 115 0 1
34 115 0 1
39 115 0 1
40 115 0 1
41 115 0 1
42 115 0 1
44 115 0 1
45 115 0 1
48 115 0 1
2 116 0 1
28 116 0 1
30 116 0 1
32 116 0 1
33 116 0 1
34 116 0 1
40 116 0 1
41 116 0 1
42 116 0 1
43 116 0 1
44 116 0 1
52 116 0 1
2 117 0 1
32 117 0 1
42 117 0 1
43 117 0 1
44 117 0 1
52 117 0 1
56 117 0 1
2 118 0 1
32 118 0 1
41 118 0 1
42 118 0 1
43 118 0 1
44 118 0 1
52 118 0 1
56 118 0 1
60 118 0 1
55 119 0 1
52 120 0 1
55 120 0 1
56 120 0 1
55 121 0 1
55 122 0 1
2 123 0 1
52 123 0 1
55 123 0 1
56 123 0 1
57 123 0 1
60 123 0 1
2 124 0 1
52 124 0 1
55 124 0 1
56 124 0 1
57 124 0 1
60 124 0 1
62 124 0 1
55 125 0 1
2 126 0 1
52 126 0 1
55 126 0 1
56 126 0 1
57 126 0 1
60 126 0 1
55 127 0 1
2 128 0 1
52 128 0 1
55 128 0 1
56 128 0 1
57 128 0 1
60 128 0 1
62 128 0 1
2 129 0 1
55 129 0 1
56 129 0 1
57 129 0 1
60 129 0 1
55 130 0 1
55 131 0 1
2 132 0 1
52 132 0 1
55 132 0 1
56 132 0 1
57 132 0 1
60 132 0 1
55 133 0 1
2 134 0 1
52 134 0 1
2 135 0 1
42 135 0 1
43 135 0 1
44 135 0 1
52 135 0 1
56 135 0 1
60 135 0 1
2 137 0 1
43 137 0 1
52 137 0 1
56 137 0 1
60 137 0 1
2 138 0 1
26 138 0 1
27 138 0 1
29 138 0 1
52 138 0 1
56 138 0 1
