1 3 0 0
2 4 0 0
2 5 0 0
4 5 0 0
2 6 0 0
1 7 0 0
6 7 0 0
2 8 0 0
4 8 0 0
5 8 0 0
1 9 0 0
3 9 0 0
1 10 0 0
2 10 0 0
6 10 0 0
7 10 0 0
2 11 0 0
5 11 0 0
6 11 0 0
7 11 0 0
10 11 0 0
1 12 0 0
3 12 0 0
6 12 0 0
7 12 0 0
9 12 0 0
10 12 0 0
1 13 0 0
6 13 0 0
7 13 0 0
10 13 0 0
11 13 0 0
12 13 0 0
1 14 0 0
2 14 0 0
6 14 0 0
7 14 0 0
10 14 0 0
11 14 0 0
12 14 0 0
13 14 0 0
2 15 0 0
4 15 0 0
5 15 0 0
8 15 0 0
11 15 0 0
2 16 0 0
4 16 0 0
5 16 0 0
8 16 0 0
11 16 0 0
15 16 0 0
1 17 0 0
2 17 0 0
6 17 0 0
7 17 0 0
10 17 0 0
11 17 0 0
12 17 0 0
13 17 0 0
14 17 0 0
2 18 0 0
6 18 0 0
7 18 0 0
10 18 0 0
11 18 0 0
12 18 0 0
13 18 0 0
14 18 0 0
17 18 0 0
1 19 0 0
2 19 0 0
6 19 0 0
7 19 0 0
10 19 0 0
11 19 0 0
12 19 0 0
13 19 0 0
14 19 0 0
17 19 0 0
18 19 0 0
2 20 0 0
6 20 0 0
7 20 0 0
10 20 0 0
11 20 0 0
12 20 0 0
13 20 0 0
14 20 0 0
17 20 0 0
18 20 0 0
19 20 0 0
2 21 0 0
4 21 0 0
5 21 0 0
8 21 0 0
11 21 0 0
15 21 0 0
16 21 0 0
2 22 0 0
4 22 0 0
5 22 0 0
8 22 0 0
15 22 0 0
16 22 0 0
21 22 0 0
1 23 0 0
3 23 0 0
9 23 0 0
12 23 0 0
2 24 0 0
5 24 0 0
8 24 0 0
11 24 0 0
15 24 0 0
16 24 0 0
21 24 0 0
22 24 0 0
1 25 0 0
3 25 0 0
9 25 0 0
12 25 0 0
23 25 0 0
1 26 0 0
3 26 0 0
9 26 0 0
12 26 0 0
23 26 0 0
25 26 0 0
2 27 0 0
4 27 0 0
8 27 0 0
15 27 0 0
21 27 0 0
22 27 0 0
1 28 0 0
7 28 0 0
9 28 0 0
10 28 0 0
12 28 0 0
13 28 0 0
14 28 0 0
17 28 0 0
19 28 0 0
20 28 0 0
25 28 0 0
26 28 0 0
1 29 0 0
3 29 0 0
9 29 0 0
12 29 0 0
23 29 0 0
25 29 0 0
26 29 0 0
28 29 0 0
2 30 0 0
4 30 0 0
8 30 0 0
15 30 0 0
16 30 0 0
21 30 0 0
22 30 0 0
24 30 0 0
27 30 0 0
2 31 0 0
6 31 0 0
7 31 0 0
10 31 0 0
11 31 0 0
12 31 0 0
13 31 0 0
14 31 0 0
17 31 0 0
18 31 0 0
19 31 0 0
20 31 0 0
28 31 0 0
2 32 0 0
6 32 0 0
10 32 0 0
11 32 0 0
14 32 0 0
17 32 0 0
18 32 0 0
19 32 0 0
20 32 0 0
31 32 0 0
2 33 0 0
5 33 0 0
11 33 0 0
15 33 0 0
16 33 0 0
20 33 0 0
21 33 0 0
24 33 0 0
32 33 0 0
2 34 0 0
6 34 0 0
7 34 0 0
10 34 0 0
11 34 0 0
12 34 0 0
13 34 0 0
14 34 0 0
17 34 0 0
18 34 0 0
19 34 0 0
20 34 0 0
28 34 0 0
31 34 0 0
32 34 0 0
1 35 0 0
2 35 0 0
6 35 0 0
7 35 0 0
10 35 0 0
11 35 0 0
12 35 0 0
13 35 0 0
14 35 0 0
17 35 0 0
18 35 0 0
19 35 0 0
20 35 0 0
28 35 0 0
31 35 0 0
32 35 0 0
34 35 0 0
2 36 0 0
6 36 0 0
10 36 0 0
11 36 0 0
14 36 0 0
17 36 0 0
18 36 0 0
19 36 0 0
20 36 0 0
24 36 0 0
31 36 0 0
32 36 0 0
33 36 0 0
34 36 0 0
35 36 0 0
1 37 0 0
3 37 0 0
9 37 0 0
12 37 0 0
23 37 0 0
25 37 0 0
26 37 0 0
29 37 0 0
1 38 0 0
6 38 0 0
7 38 0 0
10 38 0 0
11 38 0 0
12 38 0 0
13 38 0 0
14 38 0 0
17 38 0 0
18 38 0 0
19 38 0 0
20 38 0 0
26 38 0 0
28 38 0 0
31 38 0 0
32 38 0 0
34 38 0 0
35 38 0 0
36 38 0 0
1 39 0 0
7 39 0 0
9 39 0 0
10 39 0 0
12 39 0 0
13 39 0 0
14 39 0 0
17 39 0 0
19 39 0 0
20 39 0 0
25 39 0 0
26 39 0 0
28 39 0 0
29 39 0 0
34 39 0 0
35 39 0 0
37 39 0 0
38 39 0 0
2 40 0 0
6 40 0 0
7 40 0 0
10 40 0 0
11 40 0 0
13 40 0 0
14 40 0 0
17 40 0 0
18 40 0 0
19 40 0 0
20 40 0 0
31 40 0 0
32 40 0 0
33 40 0 0
34 40 0 0
35 40 0 0
36 40 0 0
38 40 0 0
2 41 0 0
4 41 0 0
8 41 0 0
15 41 0 0
16 41 0 0
21 41 0 0
22 41 0 0
27 41 0 0
30 41 0 0
1 42 0 0
3 42 0 0
7 42 0 0
9 42 0 0
10 42 0 0
12 42 0 0
13 42 0 0
14 42 0 0
19 42 0 0
23 42 0 0
25 42 0 0
26 42 0 0
28 42 0 0
29 42 0 0
35 42 0 0
37 42 0 0
38 42 0 0
39 42 0 0
1 43 0 0
7 43 0 0
9 43 0 0
10 43 0 0
12 43 0 0
13 43 0 0
14 43 0 0
17 43 0 0
19 43 0 0
20 43 0 0
25 43 0 0
26 43 0 0
28 43 0 0
29 43 0 0
31 43 0 0
34 43 0 0
35 43 0 0
37 43 0 0
38 43 0 0
39 43 0 0
42 43 0 0
2 44 0 0
8 44 0 0
22 44 0 0
27 44 0 0
30 44 0 0
41 44 0 0
1 45 0 0
10 45 0 0
12 45 0 0
19 45 0 0
25 45 0 0
26 45 0 0
28 45 0 0
29 45 0 0
35 45 0 0
38 45 0 0
39 45 0 0
42 45 0 0
43 45 0 0
1 46 0 0
9 46 0 0
23 46 0 0
25 46 0 0
26 46 0 0
29 46 0 0
37 46 0 0
42 46 0 0
45 46 0 0
1 47 0 0
9 47 0 0
12 47 0 0
25 47 0 0
26 47 0 0
28 47 0 0
29 47 0 0
37 47 0 0
38 47 0 0
39 47 0 0
42 47 0 0
43 47 0 0
45 47 0 0
46 47 0 0
2 48 0 0
8 48 0 0
21 48 0 0
24 48 0 0
27 48 0 0
30 48 0 0
33 48 0 0
44 48 0 0
2 49 0 0
8 49 0 0
15 49 0 0
21 49 0 0
24 49 0 0
27 49 0 0
30 49 0 0
33 49 0 0
41 49 0 0
44 49 0 0
48 49 0 0
2 50 0 0
8 50 0 0
21 50 0 0
22 50 0 0
27 50 0 0
30 50 0 0
41 50 0 0
44 50 0 0
48 50 0 0
49 50 0 0
1 51 0 0
2 51 0 0
10 51 0 0
11 51 0 0
12 51 0 0
14 51 0 0
19 51 0 0
20 51 0 0
28 51 0 0
31 51 0 0
32 51 0 0
34 51 0 0
35 51 0 0
36 51 0 0
38 51 0 0
39 51 0 0
40 51 0 0
42 51 0 0
43 51 0 0
45 51 0 0
47 51 0 0
2 52 0 0
10 52 0 0
11 52 0 0
20 52 0 0
28 52 0 0
31 52 0 0
32 52 0 0
34 52 0 0
35 52 0 0
36 52 0 0
38 52 0 0
40 52 0 0
51 52 0 0
2 53 0 0
27 53 0 0
30 53 0 0
41 53 0 0
44 53 0 0
48 53 0 0
49 53 0 0
50 53 0 0
46 54 0 0
47 54 0 0
26 55 0 0
45 55 0 0
46 55 0 0
47 55 0 0
54 55 0 0
45 56 0 0
46 56 0 0
47 56 0 0
51 56 0 0
54 56 0 0
55 56 0 0
2 57 0 0
48 57 0 0
25 58 0 0
26 58 0 0
28 58 0 0
42 58 0 0
45 58 0 0
46 58 0 0
47 58 0 0
51 58 0 0
54 58 0 0
55 58 0 0
56 58 0 0
2 59 0 0
31 59 0 0
32 59 0 0
36 59 0 0
51 59 0 0
52 59 0 0
57 59 0 0
2 60 0 0
28 60 0 0
42 60 0 0
45 60 0 0
47 60 0 0
51 60 0 0
52 60 0 0
55 60 0 0
56 60 0 0
58 60 0 0
59 60 0 0
2 61 0 0
28 61 0 0
31 61 0 0
42 61 0 0
45 61 0 0
51 61 0 0
52 61 0 0
55 61 0 0
56 61 0 0
58 61 0 0
59 61 0 0
60 61 0 0
2 62 0 0
48 62 0 0
49 62 0 0
50 62 0 0
57 62 0 0
59 62 0 0
26 63 0 0
28 63 0 0
42 63 0 0
45 63 0 0
46 63 0 0
47 63 0 0
51 63 0 0
54 63 0 0
55 63 0 0
56 63 0 0
58 63 0 0
60 63 0 0
61 63 0 0
2 64 0 0
48 64 0 0
49 64 0 0
57 64 0 0
59 64 0 0
62 64 0 0
2 65 0 0
51 65 0 0
52 65 0 0
57 65 0 0
59 65 0 0
61 65 0 0
62 65 0 0
64 65 0 0
2 66 0 0
51 66 0 0
52 66 0 0
57 66 0 0
59 66 0 0
60 66 0 0
61 66 0 0
65 66 0 0
28 67 0 0
45 67 0 0
47 67 0 0
51 67 0 0
55 67 0 0
56 67 0 0
58 67 0 0
60 67 0 0
61 67 0 0
63 67 0 0
66 67 0 0
2 68 0 0
57 68 0 0
62 68 0 0
64 68 0 0
69 70 0 0
54 72 0 0
56 72 0 0
69 72 0 0
54 73 0 0
55 73 0 0
56 73 0 0
58 73 0 0
63 73 0 0
67 73 0 0
72 73 0 0
56 74 0 0
61 74 0 0
66 74 0 0
67 74 0 0
54 75 0 0
55 75 0 0
56 75 0 0
72 75 0 0
73 75 0 0
2 76 0 0
55 76 0 0
56 76 0 0
58 76 0 0
59 76 0 0
60 76 0 0
61 76 0 0
63 76 0 0
65 76 0 0
66 76 0 0
67 76 0 0
72 76 0 0
73 76 0 0
74 76 0 0
75 76 0 0
2 77 0 0
52 77 0 0
57 77 0 0
59 77 0 0
60 77 0 0
61 77 0 0
65 77 0 0
66 77 0 0
74 77 0 0
76 77 0 0
55 78 0 0
56 78 0 0
58 78 0 0
60 78 0 0
61 78 0 0
63 78 0 0
67 78 0 0
72 78 0 0
73 78 0 0
74 78 0 0
75 78 0 0
76 78 0 0
2 79 0 0
48 79 0 0
49 79 0 0
50 79 0 0
53 79 0 0
57 79 0 0
62 79 0 0
64 79 0 0
68 79 0 0
2 80 0 0
51 80 0 0
52 80 0 0
57 80 0 0
59 80 0 0
60 80 0 0
61 80 0 0
64 80 0 0
65 80 0 0
66 80 0 0
67 80 0 0
74 80 0 0
76 80 0 0
77 80 0 0
45 81 0 0
47 81 0 0
51 81 0 0
54 81 0 0
55 81 0 0
56 81 0 0
58 81 0 0
60 81 0 0
61 81 0 0
63 81 0 0
67 81 0 0
72 81 0 0
73 81 0 0
74 81 0 0
75 81 0 0
76 81 0 0
78 81 0 0
2 82 0 0
52 82 0 0
57 82 0 0
59 82 0 0
61 82 0 0
62 82 0 0
64 82 0 0
65 82 0 0
66 82 0 0
76 82 0 0
77 82 0 0
79 82 0 0
80 82 0 0
2 83 0 0
52 83 0 0
57 83 0 0
59 83 0 0
62 83 0 0
64 83 0 0
65 83 0 0
66 83 0 0
68 83 0 0
77 83 0 0
79 83 0 0
80 83 0 0
82 83 0 0
2 84 0 0
45 84 0 0
47 84 0 0
51 84 0 0
52 84 0 0
55 84 0 0
56 84 0 0
58 84 0 0
59 84 0 0
60 84 0 0
61 84 0 0
63 84 0 0
65 84 0 0
66 84 0 0
67 84 0 0
74 84 0 0
76 84 0 0
77 84 0 0
78 84 0 0
80 84 0 0
81 84 0 0
82 84 0 0
83 84 0 0
46 85 0 0
47 85 0 0
54 85 0 0
55 85 0 0
56 85 0 0
58 85 0 0
60 85 0 0
63 85 0 0
67 85 0 0
72 85 0 0
73 85 0 0
75 85 0 0
76 85 0 0
78 85 0 0
81 85 0 0
84 85 0 0
51 86 0 0
55 86 0 0
56 86 0 0
58 86 0 0
60 86 0 0
61 86 0 0
63 86 0 0
66 86 0 0
67 86 0 0
73 86 0 0
74 86 0 0
75 86 0 0
76 86 0 0
77 86 0 0
78 86 0 0
80 86 0 0
81 86 0 0
84 86 0 0
85 86 0 0
47 87 0 0
54 87 0 0
55 87 0 0
56 87 0 0
58 87 0 0
60 87 0 0
63 87 0 0
67 87 0 0
72 87 0 0
73 87 0 0
75 87 0 0
76 87 0 0
78 87 0 0
81 87 0 0
84 87 0 0
85 87 0 0
86 87 0 0
2 88 0 0
57 88 0 0
59 88 0 0
62 88 0 0
64 88 0 0
65 88 0 0
68 88 0 0
77 88 0 0
79 88 0 0
80 88 0 0
82 88 0 0
83 88 0 0
2 89 0 0
51 89 0 0
52 89 0 0
59 89 0 0
60 89 0 0
61 89 0 0
63 89 0 0
65 89 0 0
66 89 0 0
67 89 0 0
74 89 0 0
76 89 0 0
77 89 0 0
78 89 0 0
80 89 0 0
81 89 0 0
82 89 0 0
83 89 0 0
84 89 0 0
86 89 0 0
55 90 0 0
56 90 0 0
58 90 0 0
60 90 0 0
61 90 0 0
63 90 0 0
66 90 0 0
67 90 0 0
72 90 0 0
73 90 0 0
74 90 0 0
75 90 0 0
76 90 0 0
77 90 0 0
78 90 0 0
80 90 0 0
81 90 0 0
84 90 0 0
85 90 0 0
86 90 0 0
87 90 0 0
89 90 0 0
55 91 0 0
56 91 0 0
58 91 0 0
60 91 0 0
61 91 0 0
63 91 0 0
66 91 0 0
67 91 0 0
74 91 0 0
75 91 0 0
76 91 0 0
77 91 0 0
78 91 0 0
80 91 0 0
81 91 0 0
84 91 0 0
85 91 0 0
86 91 0 0
87 91 0 0
89 91 0 0
90 91 0 0
2 92 0 0
33 92 0 0
48 92 0 0
49 92 0 0
50 92 0 0
57 92 0 0
59 92 0 0
62 92 0 0
64 92 0 0
65 92 0 0
79 92 0 0
82 92 0 0
83 92 0 0
88 92 0 0
1 93 0 0
2 93 0 0
10 93 0 0
26 93 0 0
28 93 0 0
31 93 0 0
32 93 0 0
34 93 0 0
35 93 0 0
38 93 0 0
39 93 0 0
42 93 0 0
43 93 0 0
45 93 0 0
47 93 0 0
51 93 0 0
52 93 0 0
55 93 0 0
56 93 0 0
58 93 0 0
59 93 0 0
60 93 0 0
61 93 0 0
63 93 0 0
65 93 0 0
66 93 0 0
67 93 0 0
76 93 0 0
77 93 0 0
78 93 0 0
80 93 0 0
81 93 0 0
84 93 0 0
86 93 0 0
89 93 0 0
90 93 0 0
91 93 0 0
2 94 0 0
24 94 0 0
30 94 0 0
33 94 0 0
48 94 0 0
49 94 0 0
50 94 0 0
53 94 0 0
57 94 0 0
62 94 0 0
64 94 0 0
68 94 0 0
79 94 0 0
83 94 0 0
88 94 0 0
92 94 0 0
2 95 0 0
27 95 0 0
30 95 0 0
41 95 0 0
44 95 0 0
48 95 0 0
49 95 0 0
50 95 0 0
53 95 0 0
62 95 0 0
64 95 0 0
68 95 0 0
79 95 0 0
92 95 0 0
94 95 0 0
2 96 0 0
48 96 0 0
49 96 0 0
50 96 0 0
53 96 0 0
57 96 0 0
62 96 0 0
64 96 0 0
68 96 0 0
79 96 0 0
82 96 0 0
83 96 0 0
88 96 0 0
92 96 0 0
94 96 0 0
95 96 0 0
2 97 0 0
28 97 0 0
31 97 0 0
32 97 0 0
35 97 0 0
45 97 0 0
51 97 0 0
52 97 0 0
59 97 0 0
60 97 0 0
61 97 0 0
63 97 0 0
65 97 0 0
66 97 0 0
67 97 0 0
76 97 0 0
77 97 0 0
80 97 0 0
81 97 0 0
82 97 0 0
83 97 0 0
84 97 0 0
86 97 0 0
89 97 0 0
90 97 0 0
91 97 0 0
93 97 0 0
1 98 0 0
2 98 0 0
7 98 0 0
10 98 0 0
12 98 0 0
13 98 0 0
14 98 0 0
17 98 0 0
18 98 0 0
19 98 0 0
20 98 0 0
26 98 0 0
28 98 0 0
31 98 0 0
32 98 0 0
34 98 0 0
35 98 0 0
36 98 0 0
38 98 0 0
39 98 0 0
40 98 0 0
42 98 0 0
43 98 0 0
45 98 0 0
47 98 0 0
51 98 0 0
52 98 0 0
56 98 0 0
58 98 0 0
59 98 0 0
60 98 0 0
61 98 0 0
63 98 0 0
66 98 0 0
67 98 0 0
84 98 0 0
93 98 0 0
97 98 0 0
2 99 0 0
6 99 0 0
10 99 0 0
11 99 0 0
12 99 0 0
13 99 0 0
14 99 0 0
17 99 0 0
18 99 0 0
19 99 0 0
20 99 0 0
28 99 0 0
31 99 0 0
32 99 0 0
34 99 0 0
35 99 0 0
36 99 0 0
38 99 0 0
39 99 0 0
40 99 0 0
42 99 0 0
43 99 0 0
45 99 0 0
51 99 0 0
52 99 0 0
59 99 0 0
60 99 0 0
61 99 0 0
65 99 0 0
66 99 0 0
93 99 0 0
97 99 0 0
98 99 0 0
2 100 0 0
4 100 0 0
8 100 0 0
15 100 0 0
21 100 0 0
22 100 0 0
27 100 0 0
30 100 0 0
41 100 0 0
44 100 0 0
48 100 0 0
49 100 0 0
50 100 0 0
53 100 0 0
94 100 0 0
95 100 0 0
2 101 0 0
4 101 0 0
8 101 0 0
11 101 0 0
15 101 0 0
16 101 0 0
21 101 0 0
22 101 0 0
24 101 0 0
27 101 0 0
30 101 0 0
33 101 0 0
41 101 0 0
44 101 0 0
48 101 0 0
49 101 0 0
50 101 0 0
53 101 0 0
62 101 0 0
92 101 0 0
94 101 0 0
95 101 0 0
96 101 0 0
100 101 0 0
1 102 0 0
3 102 0 0
9 102 0 0
23 102 0 0
25 102 0 0
26 102 0 0
29 102 0 0
37 102 0 0
42 102 0 0
45 102 0 0
46 102 0 0
47 102 0 0
54 102 0 0
55 102 0 0
58 102 0 0
2 103 0 0
4 103 0 0
8 103 0 0
15 103 0 0
21 103 0 0
22 103 0 0
27 103 0 0
30 103 0 0
41 103 0 0
44 103 0 0
48 103 0 0
49 103 0 0
50 103 0 0
53 103 0 0
94 103 0 0
95 103 0 0
96 103 0 0
100 103 0 0
101 103 0 0
2 104 0 0
8 104 0 0
11 104 0 0
15 104 0 0
16 104 0 0
21 104 0 0
22 104 0 0
24 104 0 0
27 104 0 0
30 104 0 0
33 104 0 0
41 104 0 0
44 104 0 0
48 104 0 0
49 104 0 0
50 104 0 0
53 104 0 0
62 104 0 0
64 104 0 0
79 104 0 0
92 104 0 0
94 104 0 0
95 104 0 0
96 104 0 0
100 104 0 0
101 104 0 0
103 104 0 0
2 105 0 0
6 105 0 0
10 105 0 0
11 105 0 0
14 105 0 0
17 105 0 0
18 105 0 0
19 105 0 0
20 105 0 0
28 105 0 0
31 105 0 0
32 105 0 0
34 105 0 0
35 105 0 0
36 105 0 0
38 105 0 0
40 105 0 0
43 105 0 0
45 105 0 0
51 105 0 0
52 105 0 0
59 105 0 0
60 105 0 0
61 105 0 0
65 105 0 0
66 105 0 0
80 105 0 0
84 105 0 0
93 105 0 0
97 105 0 0
98 105 0 0
99 105 0 0
69 106 0 1
70 106 0 1
68 107 0 1
71 107 0 1
88 107 0 1
69 108 0 1
70 108 0 1
71 108 0 1
74 108 0 1
1 109 0 1
2 109 0 1
6 109 0 1
7 109 0 1
10 109 0 1
11 109 0 1
12 109 0 1
13 109 0 1
14 109 0 1
17 109 0 1
18 109 0 1
19 109 0 1
20 109 0 1
26 109 0 1
28 109 0 1
31 109 0 1
32 109 0 1
34 109 0 1
35 109 0 1
36 109 0 1
38 109 0 1
39 109 0 1
40 109 0 1
42 109 0 1
43 109 0 1
45 109 0 1
51 109 0 1
52 109 0 1
93 109 0 1
98 109 0 1
99 109 0 1
105 109 0 1
1 110 0 1
3 110 0 1
9 110 0 1
12 110 0 1
23 110 0 1
25 110 0 1
26 110 0 1
28 110 0 1
29 110 0 1
37 110 0 1
39 110 0 1
42 110 0 1
43 110 0 1
45 110 0 1
46 110 0 1
47 110 0 1
102 110 0 1
1 111 0 1
3 111 0 1
9 111 0 1
12 111 0 1
13 111 0 1
19 111 0 1
23 111 0 1
25 111 0 1
26 111 0 1
28 111 0 1
29 111 0 1
37 111 0 1
38 111 0 1
39 111 0 1
42 111 0 1
43 111 0 1
45 111 0 1
46 111 0 1
47 111 0 1
58 111 0 1
93 111 0 1
98 111 0 1
102 111 0 1
1 112 0 1
25 112 0 1
26 112 0 1
28 112 0 1
29 112 0 1
37 112 0 1
38 112 0 1
39 112 0 1
42 112 0 1
43 112 0 1
45 112 0 1
46 112 0 1
47 112 0 1
51 112 0 1
54 112 0 1
55 112 0 1
56 112 0 1
58 112 0 1
60 112 0 1
61 112 0 1
63 112 0 1
67 112 0 1
81 112 0 1
84 112 0 1
85 112 0 1
86 112 0 1
87 112 0 1
90 112 0 1
93 112 0 1
98 112 0 1
102 112 0 1
25 113 0 1
26 113 0 1
29 113 0 1
37 113 0 1
46 113 0 1
47 113 0 1
54 113 0 1
55 113 0 1
56 113 0 1
58 113 0 1
63 113 0 1
85 113 0 1
87 113 0 1
102 113 0 1
2 114 0 1
44 114 0 1
48 114 0 1
49 114 0 1
50 114 0 1
53 114 0 1
57 114 0 1
62 114 0 1
64 114 0 1
68 114 0 1
79 114 0 1
83 114 0 1
88 114 0 1
92 114 0 1
94 114 0 1
95 114 0 1
96 114 0 1
101 114 0 1
103 114 0 1
104 114 0 1
25 115 0 1
46 115 0 1
47 115 0 1
54 115 0 1
55 115 0 1
56 115 0 1
58 115 0 1
63 115 0 1
67 115 0 1
72 115 0 1
73 115 0 1
75 115 0 1
78 115 0 1
81 115 0 1
84 115 0 1
85 115 0 1
87 115 0 1
90 115 0 1
102 115 0 1
2 116 0 1
44 116 0 1
48 116 0 1
49 116 0 1
50 116 0 1
53 116 0 1
62 116 0 1
64 116 0 1
68 116 0 1
79 116 0 1
94 116 0 1
95 116 0 1
96 116 0 1
103 116 0 1
104 116 0 1
44 117 0 1
50 117 0 1
53 117 0 1
68 117 0 1
79 117 0 1
95 117 0 1
2 118 0 1
57 118 0 1
59 118 0 1
62 118 0 1
64 118 0 1
65 118 0 1
66 118 0 1
68 118 0 1
77 118 0 1
79 118 0 1
80 118 0 1
82 118 0 1
83 118 0 1
88 118 0 1
89 118 0 1
92 118 0 1
94 118 0 1
96 118 0 1
97 118 0 1
2 119 0 1
57 119 0 1
59 119 0 1
61 119 0 1
64 119 0 1
65 119 0 1
66 119 0 1
74 119 0 1
76 119 0 1
77 119 0 1
80 119 0 1
82 119 0 1
83 119 0 1
84 119 0 1
88 119 0 1
89 119 0 1
90 119 0 1
91 119 0 1
97 119 0 1
2 120 0 1
57 120 0 1
59 120 0 1
62 120 0 1
64 120 0 1
65 120 0 1
68 120 0 1
77 120 0 1
79 120 0 1
80 120 0 1
82 120 0 1
83 120 0 1
88 120 0 1
92 120 0 1
94 120 0 1
96 120 0 1
2 121 0 1
48 121 0 1
49 121 0 1
53 121 0 1
57 121 0 1
62 121 0 1
64 121 0 1
68 121 0 1
79 121 0 1
88 121 0 1
92 121 0 1
94 121 0 1
95 121 0 1
96 121 0 1
2 122 0 1
57 122 0 1
62 122 0 1
64 122 0 1
68 122 0 1
79 122 0 1
82 122 0 1
83 122 0 1
88 122 0 1
92 122 0 1
94 122 0 1
95 122 0 1
96 122 0 1
2 123 0 1
57 123 0 1
59 123 0 1
62 123 0 1
64 123 0 1
65 123 0 1
66 123 0 1
68 123 0 1
77 123 0 1
79 123 0 1
80 123 0 1
82 123 0 1
83 123 0 1
88 123 0 1
89 123 0 1
96 123 0 1
97 123 0 1
53 124 0 1
68 124 0 1
79 124 0 1
95 124 0 1
54 125 0 1
55 125 0 1
56 125 0 1
58 125 0 1
63 125 0 1
72 125 0 1
73 125 0 1
75 125 0 1
76 125 0 1
78 125 0 1
81 125 0 1
85 125 0 1
87 125 0 1
90 125 0 1
2 126 0 1
57 126 0 1
59 126 0 1
62 126 0 1
64 126 0 1
65 126 0 1
66 126 0 1
68 126 0 1
76 126 0 1
77 126 0 1
79 126 0 1
80 126 0 1
82 126 0 1
83 126 0 1
84 126 0 1
88 126 0 1
89 126 0 1
97 126 0 1
2 127 0 1
53 127 0 1
57 127 0 1
62 127 0 1
64 127 0 1
68 127 0 1
79 127 0 1
88 127 0 1
94 127 0 1
95 127 0 1
96 127 0 1
2 128 0 1
57 128 0 1
59 128 0 1
62 128 0 1
64 128 0 1
65 128 0 1
66 128 0 1
68 128 0 1
77 128 0 1
79 128 0 1
80 128 0 1
82 128 0 1
83 128 0 1
88 128 0 1
89 128 0 1
96 128 0 1
2 129 0 1
57 129 0 1
62 129 0 1
64 129 0 1
65 129 0 1
68 129 0 1
77 129 0 1
79 129 0 1
80 129 0 1
82 129 0 1
83 129 0 1
88 129 0 1
92 129 0 1
96 129 0 1
65 131 0 1
66 131 0 1
74 131 0 1
76 131 0 1
77 131 0 1
78 131 0 1
80 131 0 1
82 131 0 1
83 131 0 1
84 131 0 1
86 131 0 1
89 131 0 1
90 131 0 1
91 131 0 1
2 132 0 1
57 132 0 1
59 132 0 1
62 132 0 1
64 132 0 1
65 132 0 1
68 132 0 1
77 132 0 1
79 132 0 1
80 132 0 1
82 132 0 1
83 132 0 1
88 132 0 1
96 132 0 1
2 133 0 1
57 133 0 1
62 133 0 1
64 133 0 1
65 133 0 1
68 133 0 1
79 133 0 1
80 133 0 1
82 133 0 1
83 133 0 1
88 133 0 1
96 133 0 1
2 134 0 1
57 134 0 1
62 134 0 1
64 134 0 1
68 134 0 1
79 134 0 1
83 134 0 1
88 134 0 1
96 134 0 1
55 135 0 1
56 135 0 1
58 135 0 1
63 135 0 1
67 135 0 1
69 135 0 1
72 135 0 1
73 135 0 1
74 135 0 1
75 135 0 1
76 135 0 1
78 135 0 1
81 135 0 1
84 135 0 1
85 135 0 1
86 135 0 1
87 135 0 1
90 135 0 1
91 135 0 1
68 136 0 1
79 136 0 1
68 137 0 1
79 137 0 1
88 137 0 1
2 138 0 1
57 138 0 1
62 138 0 1
64 138 0 1
68 138 0 1
79 138 0 1
82 138 0 1
83 138 0 1
88 138 0 1
2 139 0 1
57 139 0 1
64 139 0 1
65 139 0 1
66 139 0 1
74 139 0 1
76 139 0 1
77 139 0 1
80 139 0 1
82 139 0 1
83 139 0 1
84 139 0 1
88 139 0 1
89 139 0 1
69 140 0 1
70 140 0 1
72 140 0 1
73 140 0 1
75 140 0 1
78 140 0 1
81 140 0 1
85 140 0 1
87 140 0 1
74 141 0 1
77 141 0 1
77 142 0 1
68 143 0 1
71 143 0 1
88 143 0 1
69 144 0 1
70 144 0 1
72 144 0 1
73 144 0 1
74 144 0 1
75 144 0 1
76 144 0 1
78 144 0 1
81 144 0 1
87 144 0 1
90 144 0 1
74 145 0 1
76 145 0 1
77 145 0 1
54 146 0 1
55 146 0 1
56 146 0 1
69 146 0 1
72 146 0 1
73 146 0 1
75 146 0 1
76 146 0 1
78 146 0 1
81 146 0 1
85 146 0 1
86 146 0 1
87 146 0 1
90 146 0 1
91 146 0 1
54 147 0 1
69 147 0 1
72 147 0 1
73 147 0 1
75 147 0 1
85 147 0 1
87 147 0 1
54 148 0 1
69 148 0 1
72 148 0 1
73 148 0 1
75 148 0 1
78 148 0 1
81 148 0 1
85 148 0 1
87 148 0 1
57 149 0 1
65 149 0 1
74 149 0 1
76 149 0 1
77 149 0 1
80 149 0 1
82 149 0 1
83 149 0 1
88 149 0 1
89 149 0 1
68 150 0 1
79 150 0 1
88 150 0 1
74 152 0 1
76 152 0 1
77 152 0 1
78 152 0 1
80 152 0 1
82 152 0 1
84 152 0 1
86 152 0 1
89 152 0 1
90 152 0 1
91 152 0 1
68 153 0 1
68 154 0 1
79 154 0 1
88 154 0 1
57 155 0 1
64 155 0 1
68 155 0 1
71 155 0 1
77 155 0 1
79 155 0 1
80 155 0 1
82 155 0 1
83 155 0 1
88 155 0 1
74 156 0 1
76 156 0 1
77 156 0 1
80 156 0 1
82 156 0 1
83 156 0 1
84 156 0 1
89 156 0 1
68 157 0 1
68 158 0 1
79 158 0 1
88 158 0 1
69 159 0 1
70 159 0 1
72 159 0 1
73 159 0 1
74 159 0 1
75 159 0 1
76 159 0 1
78 159 0 1
81 159 0 1
86 159 0 1
87 159 0 1
90 159 0 1
91 159 0 1
68 161 0 1
79 161 0 1
88 161 0 1
74 162 0 1
76 162 0 1
77 162 0 1
78 162 0 1
80 162 0 1
84 162 0 1
89 162 0 1
90 162 0 1
91 162 0 1
69 163 0 1
70 163 0 1
72 163 0 1
73 163 0 1
74 163 0 1
75 163 0 1
76 163 0 1
78 163 0 1
81 163 0 1
84 163 0 1
86 163 0 1
87 163 0 1
90 163 0 1
91 163 0 1
68 164 0 1
71 164 0 1
77 164 0 1
80 164 0 1
83 164 0 1
88 164 0 1
71 166 0 1
69 167 0 1
70 167 0 1
74 167 0 1
69 168 0 1
70 168 0 1
72 168 0 1
69 169 0 1
70 169 0 1
72 169 0 1
75 169 0 1
71 170 0 1
69 171 0 1
72 171 0 1
73 171 0 1
75 171 0 1
74 172 0 1
76 172 0 1
77 172 0 1
89 172 0 1
68 173 0 1
70 174 0 1
74 174 0 1
76 174 0 1
69 175 0 1
70 175 0 1
72 175 0 1
73 175 0 1
75 175 0 1
76 175 0 1
78 175 0 1
87 175 0 1
69 176 0 1
70 176 0 1
72 176 0 1
73 176 0 1
75 176 0 1
71 177 0 1
68 178 0 1
71 178 0 1
79 178 0 1
88 178 0 1
69 179 0 1
70 179 0 1
72 179 0 1
73 179 0 1
75 179 0 1
76 179 0 1
69 180 0 1
70 180 0 1
72 180 0 1
74 180 0 1
76 180 0 1
74 181 0 1
71 182 0 1
71 184 0 1
69 185 0 1
70 185 0 1
69 186 0 1
70 186 0 1
71 187 0 1
71 190 0 1
69 191 0 1
70 191 0 1
71 192 0 1
71 193 0 1
70 194 0 1
71 195 0 1
71 196 0 1
69 197 0 1
70 197 0 1
69 198 0 1
70 198 0 1
69 199 0 1
70 199 0 1
69 200 0 1
70 200 0 1
71 201 0 1
71 202 0 1
69 203 0 1
70 203 0 1
69 204 0 1
70 204 0 1
71 205 0 1
71 206 0 1
69 207 0 1
70 207 0 1
71 208 0 1
69 209 0 1
70 209 0 1
69 210 0 1
70 210 0 1
72 210 0 1
69 211 0 1
70 211 0 1
71 212 0 1
71 213 0 1
69 214 0 1
70 214 0 1
72 214 0 1
75 214 0 1
71 215 0 1
71 216 0 1
69 217 0 1
70 217 0 1
72 217 0 1
75 217 0 1
69 218 0 1
70 218 0 1
74 218 0 1
76 218 0 1
69 219 0 1
70 219 0 1
72 219 0 1
69 220 0 1
70 220 0 1
71 221 0 1
71 222 0 1
