1 2 0 0
1 3 0 0
1 4 0 0
3 4 0 0
1 5 0 0
2 5 0 0
3 5 0 0
4 5 0 0
1 6 0 0
2 6 0 0
3 6 0 0
4 6 0 0
5 6 0 0
1 7 0 0
1 8 0 0
3 8 0 0
4 8 0 0
6 8 0 0
7 8 0 0
1 9 0 0
7 9 0 0
8 9 0 0
1 10 0 0
6 10 0 0
7 10 0 0
8 10 0 0
9 10 0 0
1 11 0 0
2 11 0 0
3 11 0 0
4 11 0 0
5 11 0 0
6 11 0 0
7 11 0 0
8 11 0 0
9 11 0 0
10 11 0 0
1 12 0 0
2 12 0 0
4 12 0 0
6 12 0 0
7 12 0 0
8 12 0 0
9 12 0 0
10 12 0 0
11 12 0 0
1 13 0 0
2 13 0 0
6 13 0 0
7 13 0 0
8 13 0 0
9 13 0 0
10 13 0 0
11 13 0 0
12 13 0 0
1 14 0 0
7 14 0 0
8 14 0 0
9 14 0 0
10 14 0 0
11 14 0 0
12 14 0 0
13 14 0 0
2 15 0 0
5 15 0 0
2 16 0 0
5 16 0 0
15 16 0 0
2 17 0 0
5 17 0 0
15 17 0 0
16 17 0 0
1 18 0 0
2 18 0 0
4 18 0 0
5 18 0 0
6 18 0 0
8 18 0 0
11 18 0 0
12 18 0 0
15 18 0 0
16 18 0 0
17 18 0 0
1 19 0 0
2 19 0 0
15 19 0 0
16 19 0 0
17 19 0 0
18 19 0 0
1 20 0 0
2 20 0 0
15 20 0 0
16 20 0 0
17 20 0 0
18 20 0 0
19 20 0 0
1 21 0 0
2 21 0 0
4 21 0 0
5 21 0 0
6 21 0 0
11 21 0 0
12 21 0 0
15 21 0 0
16 21 0 0
17 21 0 0
18 21 0 0
19 21 0 0
20 21 0 0
19 22 0 0
19 23 0 0
22 23 0 0
1 24 0 0
2 24 0 0
17 24 0 0
18 24 0 0
19 24 0 0
20 24 0 0
21 24 0 0
22 24 0 0
23 24 0 0
1 25 0 0
2 25 0 0
20 25 0 0
21 25 0 0
24 25 0 0
1 26 0 0
2 26 0 0
24 26 0 0
25 26 0 0
1 27 0 0
2 27 0 0
25 27 0 0
26 27 0 0
2 28 0 0
19 28 0 0
20 28 0 0
21 28 0 0
22 28 0 0
23 28 0 0
24 28 0 0
25 28 0 0
26 28 0 0
1 29 0 0
2 29 0 0
24 29 0 0
25 29 0 0
26 29 0 0
27 29 0 0
28 29 0 0
1 30 0 0
2 30 0 0
19 30 0 0
20 30 0 0
21 30 0 0
24 30 0 0
25 30 0 0
26 30 0 0
27 30 0 0
28 30 0 0
29 30 0 0
1 31 0 0
2 31 0 0
20 31 0 0
24 31 0 0
25 31 0 0
26 31 0 0
27 31 0 0
28 31 0 0
29 31 0 0
30 31 0 0
22 32 0 0
23 32 0 0
1 33 0 0
2 33 0 0
24 33 0 0
25 33 0 0
26 33 0 0
27 33 0 0
28 33 0 0
29 33 0 0
30 33 0 0
31 33 0 0
22 34 0 0
23 34 0 0
32 34 0 0
2 35 0 0
22 35 0 0
23 35 0 0
24 35 0 0
25 35 0 0
26 35 0 0
28 35 0 0
29 35 0 0
30 35 0 0
31 35 0 0
33 35 0 0
2 36 0 0
24 36 0 0
25 36 0 0
26 36 0 0
28 36 0 0
29 36 0 0
30 36 0 0
31 36 0 0
33 36 0 0
35 36 0 0
1 37 0 0
36 38 0 0
33 39 0 0
35 39 0 0
36 39 0 0
38 39 0 0
1 40 0 0
33 40 0 0
36 40 0 0
37 40 0 0
38 40 0 0
39 40 0 0
35 41 0 0
36 41 0 0
38 41 0 0
39 41 0 0
40 41 0 0
38 42 0 0
39 42 0 0
40 42 0 0
41 42 0 0
28 43 0 0
30 43 0 0
33 43 0 0
35 43 0 0
36 43 0 0
38 43 0 0
39 43 0 0
40 43 0 0
41 43 0 0
42 43 0 0
1 44 0 0
37 44 0 0
40 44 0 0
1 45 0 0
37 45 0 0
38 45 0 0
40 45 0 0
43 45 0 0
44 45 0 0
1 46 0 0
30 46 0 0
33 46 0 0
35 46 0 0
36 46 0 0
37 46 0 0
38 46 0 0
39 46 0 0
40 46 0 0
41 46 0 0
42 46 0 0
43 46 0 0
44 46 0 0
45 46 0 0
1 47 0 0
2 47 0 0
25 47 0 0
26 47 0 0
27 47 0 0
28 47 0 0
29 47 0 0
30 47 0 0
31 47 0 0
33 47 0 0
35 47 0 0
36 47 0 0
37 47 0 0
38 47 0 0
39 47 0 0
40 47 0 0
43 47 0 0
44 47 0 0
45 47 0 0
46 47 0 0
1 48 0 0
26 48 0 0
27 48 0 0
29 48 0 0
31 48 0 0
37 48 0 0
40 48 0 0
44 48 0 0
45 48 0 0
46 48 0 0
47 48 0 0
1 49 0 0
2 49 0 0
28 49 0 0
29 49 0 0
30 49 0 0
31 49 0 0
33 49 0 0
35 49 0 0
36 49 0 0
38 49 0 0
39 49 0 0
40 49 0 0
41 49 0 0
42 49 0 0
43 49 0 0
45 49 0 0
46 49 0 0
47 49 0 0
1 50 0 0
29 50 0 0
37 50 0 0
40 50 0 0
44 50 0 0
45 50 0 0
46 50 0 0
47 50 0 0
48 50 0 0
1 51 0 0
29 51 0 0
37 51 0 0
40 51 0 0
44 51 0 0
45 51 0 0
46 51 0 0
47 51 0 0
48 51 0 0
49 51 0 0
50 51 0 0
2 52 0 0
19 52 0 0
20 52 0 0
22 52 0 0
23 52 0 0
24 52 0 0
28 52 0 0
30 52 0 0
32 52 0 0
33 52 0 0
34 52 0 0
35 52 0 0
36 52 0 0
1 53 0 0
2 53 0 0
20 53 0 0
24 53 0 0
25 53 0 0
26 53 0 0
27 53 0 0
28 53 0 0
29 53 0 0
30 53 0 0
31 53 0 0
33 53 0 0
35 53 0 0
36 53 0 0
38 53 0 0
39 53 0 0
40 53 0 0
43 53 0 0
44 53 0 0
45 53 0 0
46 53 0 0
47 53 0 0
48 53 0 0
49 53 0 0
50 53 0 0
51 53 0 0
1 54 0 0
2 54 0 0
19 54 0 0
20 54 0 0
23 54 0 0
24 54 0 0
25 54 0 0
26 54 0 0
28 54 0 0
29 54 0 0
30 54 0 0
31 54 0 0
33 54 0 0
35 54 0 0
36 54 0 0
43 54 0 0
46 54 0 0
47 54 0 0
49 54 0 0
52 54 0 0
53 54 0 0
2 55 0 0
19 55 0 0
20 55 0 0
22 55 0 0
23 55 0 0
24 55 0 0
25 55 0 0
26 55 0 0
28 55 0 0
29 55 0 0
30 55 0 0
31 55 0 0
32 55 0 0
33 55 0 0
35 55 0 0
36 55 0 0
43 55 0 0
46 55 0 0
47 55 0 0
49 55 0 0
52 55 0 0
53 55 0 0
54 55 0 0
2 56 0 0
15 56 0 0
16 56 0 0
17 56 0 0
18 56 0 0
19 56 0 0
20 56 0 0
21 56 0 0
22 56 0 0
23 56 0 0
24 56 0 0
28 56 0 0
30 56 0 0
32 56 0 0
33 56 0 0
35 56 0 0
52 56 0 0
54 56 0 0
55 56 0 0
23 58 0 1
32 58 0 1
33 58 0 1
34 58 0 1
35 58 0 1
36 58 0 1
38 58 0 1
39 58 0 1
41 58 0 1
42 58 0 1
43 58 0 1
46 58 0 1
49 58 0 1
52 58 0 1
54 58 0 1
55 58 0 1
15 59 0 1
16 59 0 1
17 59 0 1
19 59 0 1
22 59 0 1
23 59 0 1
32 59 0 1
34 59 0 1
52 59 0 1
56 59 0 1
1 60 0 1
7 60 0 1
9 60 0 1
10 60 0 1
12 60 0 1
13 60 0 1
14 60 0 1
3 61 0 1
4 61 0 1
5 61 0 1
1 62 0 1
7 62 0 1
8 62 0 1
9 62 0 1
10 62 0 1
11 62 0 1
12 62 0 1
13 62 0 1
14 62 0 1
3 67 0 1
5 67 0 1
15 71 0 1
16 71 0 1
15 75 0 1
16 75 0 1
17 75 0 1
15 79 0 1
16 79 0 1
15 80 0 1
16 80 0 1
15 81 0 1
17 81 0 1
22 81 0 1
23 81 0 1
32 81 0 1
34 81 0 1
52 81 0 1
56 81 0 1
15 82 0 1
16 82 0 1
17 82 0 1
19 82 0 1
22 82 0 1
23 82 0 1
52 82 0 1
56 82 0 1
34 84 0 1
22 86 0 1
23 86 0 1
32 86 0 1
34 86 0 1
22 88 0 1
23 88 0 1
32 88 0 1
34 88 0 1
34 89 0 1
32 90 0 1
34 90 0 1
22 91 0 1
23 91 0 1
24 91 0 1
28 91 0 1
32 91 0 1
33 91 0 1
34 91 0 1
35 91 0 1
36 91 0 1
39 91 0 1
41 91 0 1
43 91 0 1
49 91 0 1
52 91 0 1
54 91 0 1
55 91 0 1
22 93 0 1
23 93 0 1
28 93 0 1
30 93 0 1
32 93 0 1
33 93 0 1
34 93 0 1
35 93 0 1
36 93 0 1
38 93 0 1
39 93 0 1
41 93 0 1
42 93 0 1
43 93 0 1
46 93 0 1
49 93 0 1
52 93 0 1
53 93 0 1
54 93 0 1
55 93 0 1
22 94 0 1
23 94 0 1
32 94 0 1
34 94 0 1
41 94 0 1
52 94 0 1
55 94 0 1
22 95 0 1
23 95 0 1
32 95 0 1
34 95 0 1
32 96 0 1
34 96 0 1
22 99 0 1
32 99 0 1
34 99 0 1
38 101 0 1
39 101 0 1
40 101 0 1
41 101 0 1
42 101 0 1
43 101 0 1
46 101 0 1
49 101 0 1
1 103 0 1
37 103 0 1
38 103 0 1
39 103 0 1
40 103 0 1
41 103 0 1
42 103 0 1
43 103 0 1
44 103 0 1
45 103 0 1
46 103 0 1
47 103 0 1
49 103 0 1
50 103 0 1
51 103 0 1
53 103 0 1
41 104 0 1
34 106 0 1
22 110 0 1
23 110 0 1
32 110 0 1
34 110 0 1
52 110 0 1
56 110 0 1
22 111 0 1
23 111 0 1
32 111 0 1
34 111 0 1
52 111 0 1
56 111 0 1
