1 5 0 0
4 5 0 0
1 6 0 0
5 6 0 0
1 7 0 0
4 7 0 0
5 7 0 0
6 7 0 0
3 8 0 0
4 8 0 0
7 8 0 0
3 9 0 0
4 9 0 0
7 9 0 0
8 9 0 0
3 10 0 0
8 10 0 0
9 10 0 0
3 11 0 0
8 11 0 0
9 11 0 0
10 11 0 0
3 12 0 0
9 12 0 0
10 12 0 0
11 12 0 0
3 13 0 0
8 13 0 0
9 13 0 0
10 13 0 0
11 13 0 0
12 13 0 0
4 14 0 0
5 14 0 0
7 14 0 0
8 14 0 0
9 14 0 0
4 15 0 0
7 15 0 0
8 15 0 0
9 15 0 0
13 15 0 0
14 15 0 0
4 16 0 0
7 16 0 0
8 16 0 0
9 16 0 0
13 16 0 0
14 16 0 0
15 16 0 0
4 17 0 0
5 17 0 0
7 17 0 0
8 17 0 0
9 17 0 0
14 17 0 0
15 17 0 0
16 17 0 0
1 18 0 0
4 18 0 0
5 18 0 0
6 18 0 0
7 18 0 0
8 18 0 0
14 18 0 0
15 18 0 0
16 18 0 0
17 18 0 0
14 19 0 0
15 19 0 0
16 19 0 0
17 19 0 0
18 19 0 0
1 20 0 0
7 20 0 0
18 20 0 0
7 21 0 0
14 21 0 0
17 21 0 0
18 21 0 0
19 21 0 0
20 21 0 0
3 22 0 0
8 22 0 0
9 22 0 0
10 22 0 0
11 22 0 0
12 22 0 0
13 22 0 0
15 22 0 0
16 22 0 0
1 23 0 0
6 23 0 0
20 23 0 0
21 23 0 0
9 24 0 0
10 24 0 0
11 24 0 0
12 24 0 0
13 24 0 0
22 24 0 0
4 25 0 0
7 25 0 0
8 25 0 0
14 25 0 0
15 25 0 0
16 25 0 0
17 25 0 0
18 25 0 0
19 25 0 0
20 25 0 0
21 25 0 0
4 26 0 0
5 26 0 0
7 26 0 0
8 26 0 0
9 26 0 0
14 26 0 0
15 26 0 0
16 26 0 0
17 26 0 0
18 26 0 0
19 26 0 0
21 26 0 0
25 26 0 0
3 27 0 0
8 27 0 0
9 27 0 0
10 27 0 0
11 27 0 0
12 27 0 0
13 27 0 0
15 27 0 0
16 27 0 0
22 27 0 0
24 27 0 0
3 28 0 0
8 28 0 0
9 28 0 0
10 28 0 0
11 28 0 0
12 28 0 0
13 28 0 0
16 28 0 0
22 28 0 0
24 28 0 0
27 28 0 0
1 29 0 0
5 29 0 0
6 29 0 0
7 29 0 0
20 29 0 0
21 29 0 0
23 29 0 0
1 30 0 0
5 30 0 0
6 30 0 0
7 30 0 0
14 30 0 0
18 30 0 0
19 30 0 0
20 30 0 0
21 30 0 0
23 30 0 0
25 30 0 0
26 30 0 0
29 30 0 0
1 31 0 0
5 31 0 0
6 31 0 0
7 31 0 0
18 31 0 0
20 31 0 0
21 31 0 0
23 31 0 0
25 31 0 0
26 31 0 0
29 31 0 0
30 31 0 0
1 32 0 0
4 32 0 0
5 32 0 0
6 32 0 0
7 32 0 0
14 32 0 0
15 32 0 0
16 32 0 0
17 32 0 0
18 32 0 0
19 32 0 0
20 32 0 0
21 32 0 0
23 32 0 0
25 32 0 0
26 32 0 0
29 32 0 0
30 32 0 0
31 32 0 0
4 33 0 0
5 33 0 0
6 33 0 0
7 33 0 0
8 33 0 0
14 33 0 0
15 33 0 0
16 33 0 0
17 33 0 0
18 33 0 0
19 33 0 0
20 33 0 0
21 33 0 0
23 33 0 0
25 33 0 0
26 33 0 0
29 33 0 0
30 33 0 0
31 33 0 0
32 33 0 0
4 34 0 0
7 34 0 0
8 34 0 0
9 34 0 0
13 34 0 0
14 34 0 0
15 34 0 0
16 34 0 0
17 34 0 0
18 34 0 0
19 34 0 0
21 34 0 0
22 34 0 0
24 34 0 0
25 34 0 0
26 34 0 0
27 34 0 0
28 34 0 0
32 34 0 0
33 34 0 0
1 35 0 0
5 35 0 0
6 35 0 0
7 35 0 0
20 35 0 0
21 35 0 0
23 35 0 0
29 35 0 0
30 35 0 0
31 35 0 0
32 35 0 0
4 36 0 0
7 36 0 0
8 36 0 0
9 36 0 0
13 36 0 0
14 36 0 0
15 36 0 0
16 36 0 0
17 36 0 0
18 36 0 0
19 36 0 0
22 36 0 0
24 36 0 0
25 36 0 0
26 36 0 0
27 36 0 0
28 36 0 0
32 36 0 0
33 36 0 0
34 36 0 0
4 37 0 0
5 37 0 0
7 37 0 0
8 37 0 0
14 37 0 0
15 37 0 0
16 37 0 0
17 37 0 0
18 37 0 0
19 37 0 0
20 37 0 0
21 37 0 0
25 37 0 0
26 37 0 0
30 37 0 0
31 37 0 0
32 37 0 0
33 37 0 0
34 37 0 0
36 37 0 0
3 38 0 0
8 38 0 0
9 38 0 0
10 38 0 0
11 38 0 0
12 38 0 0
13 38 0 0
16 38 0 0
22 38 0 0
24 38 0 0
27 38 0 0
28 38 0 0
34 38 0 0
36 38 0 0
1 39 0 0
5 39 0 0
6 39 0 0
7 39 0 0
20 39 0 0
23 39 0 0
29 39 0 0
30 39 0 0
31 39 0 0
32 39 0 0
35 39 0 0
1 40 0 0
5 40 0 0
6 40 0 0
7 40 0 0
14 40 0 0
18 40 0 0
20 40 0 0
21 40 0 0
23 40 0 0
25 40 0 0
26 40 0 0
29 40 0 0
30 40 0 0
31 40 0 0
32 40 0 0
33 40 0 0
35 40 0 0
37 40 0 0
39 40 0 0
3 41 0 0
4 41 0 0
8 41 0 0
9 41 0 0
10 41 0 0
11 41 0 0
12 41 0 0
13 41 0 0
15 41 0 0
16 41 0 0
17 41 0 0
22 41 0 0
24 41 0 0
26 41 0 0
27 41 0 0
28 41 0 0
34 41 0 0
36 41 0 0
38 41 0 0
1 42 0 0
5 42 0 0
6 42 0 0
7 42 0 0
18 42 0 0
20 42 0 0
21 42 0 0
23 42 0 0
29 42 0 0
30 42 0 0
31 42 0 0
32 42 0 0
33 42 0 0
35 42 0 0
37 42 0 0
39 42 0 0
40 42 0 0
1 43 0 0
4 43 0 0
5 43 0 0
6 43 0 0
7 43 0 0
14 43 0 0
15 43 0 0
17 43 0 0
18 43 0 0
19 43 0 0
20 43 0 0
21 43 0 0
23 43 0 0
25 43 0 0
26 43 0 0
29 43 0 0
30 43 0 0
31 43 0 0
32 43 0 0
33 43 0 0
34 43 0 0
35 43 0 0
37 43 0 0
39 43 0 0
40 43 0 0
42 43 0 0
4 44 0 0
5 44 0 0
6 44 0 0
7 44 0 0
8 44 0 0
14 44 0 0
15 44 0 0
16 44 0 0
17 44 0 0
18 44 0 0
19 44 0 0
20 44 0 0
21 44 0 0
25 44 0 0
26 44 0 0
30 44 0 0
31 44 0 0
32 44 0 0
33 44 0 0
34 44 0 0
36 44 0 0
37 44 0 0
40 44 0 0
42 44 0 0
43 44 0 0
1 45 0 0
5 45 0 0
6 45 0 0
7 45 0 0
14 45 0 0
18 45 0 0
20 45 0 0
21 45 0 0
23 45 0 0
29 45 0 0
30 45 0 0
31 45 0 0
32 45 0 0
33 45 0 0
35 45 0 0
37 45 0 0
39 45 0 0
40 45 0 0
42 45 0 0
43 45 0 0
44 45 0 0
3 46 0 0
8 46 0 0
9 46 0 0
10 46 0 0
11 46 0 0
12 46 0 0
13 46 0 0
22 46 0 0
24 46 0 0
27 46 0 0
28 46 0 0
38 46 0 0
41 46 0 0
1 47 0 0
5 47 0 0
6 47 0 0
7 47 0 0
20 47 0 0
23 47 0 0
29 47 0 0
30 47 0 0
31 47 0 0
32 47 0 0
35 47 0 0
39 47 0 0
40 47 0 0
42 47 0 0
43 47 0 0
45 47 0 0
4 48 0 0
7 48 0 0
8 48 0 0
9 48 0 0
13 48 0 0
14 48 0 0
15 48 0 0
16 48 0 0
17 48 0 0
18 48 0 0
19 48 0 0
21 48 0 0
22 48 0 0
25 48 0 0
26 48 0 0
27 48 0 0
32 48 0 0
33 48 0 0
34 48 0 0
36 48 0 0
37 48 0 0
41 48 0 0
43 48 0 0
44 48 0 0
4 49 0 0
5 49 0 0
7 49 0 0
8 49 0 0
9 49 0 0
14 49 0 0
15 49 0 0
16 49 0 0
17 49 0 0
18 49 0 0
19 49 0 0
21 49 0 0
25 49 0 0
26 49 0 0
30 49 0 0
32 49 0 0
33 49 0 0
34 49 0 0
36 49 0 0
37 49 0 0
40 49 0 0
41 49 0 0
43 49 0 0
44 49 0 0
48 49 0 0
3 50 0 0
4 50 0 0
7 50 0 0
8 50 0 0
9 50 0 0
10 50 0 0
11 50 0 0
12 50 0 0
13 50 0 0
14 50 0 0
15 50 0 0
16 50 0 0
17 50 0 0
19 50 0 0
22 50 0 0
24 50 0 0
25 50 0 0
26 50 0 0
27 50 0 0
28 50 0 0
34 50 0 0
36 50 0 0
38 50 0 0
41 50 0 0
44 50 0 0
46 50 0 0
48 50 0 0
49 50 0 0
1 51 0 0
20 51 0 0
23 51 0 0
29 51 0 0
30 51 0 0
31 51 0 0
35 51 0 0
39 51 0 0
40 51 0 0
42 51 0 0
47 51 0 0
22 52 0 0
24 52 0 0
27 52 0 0
28 52 0 0
34 52 0 0
36 52 0 0
38 52 0 0
46 52 0 0
50 52 0 0
53 54 0 0
52 55 0 0
53 55 0 0
54 55 0 0
53 56 0 0
54 56 0 0
55 56 0 0
51 57 0 0
2 58 0 0
51 58 0 0
57 58 0 0
2 60 0 0
57 60 0 0
58 60 0 0
21 61 0 0
57 61 0 0
58 61 0 0
60 61 0 0
59 62 0 0
60 62 0 0
61 62 0 0
52 63 0 0
55 63 0 0
59 63 0 0
19 64 0 0
20 64 0 0
21 64 0 0
25 64 0 0
30 64 0 0
58 64 0 0
60 64 0 0
61 64 0 0
62 64 0 0
19 65 0 0
22 65 0 0
24 65 0 0
38 65 0 0
52 65 0 0
59 65 0 0
63 65 0 0
53 66 0 0
54 66 0 0
55 66 0 0
56 66 0 0
20 67 0 0
21 67 0 0
23 67 0 0
30 67 0 0
51 67 0 0
57 67 0 0
58 67 0 0
60 67 0 0
61 67 0 0
62 67 0 0
64 67 0 0
19 68 0 0
20 68 0 0
21 68 0 0
25 68 0 0
30 68 0 0
59 68 0 0
60 68 0 0
61 68 0 0
62 68 0 0
64 68 0 0
67 68 0 0
22 69 0 0
24 69 0 0
52 69 0 0
55 69 0 0
59 69 0 0
63 69 0 0
65 69 0 0
55 70 0 0
59 70 0 0
63 70 0 0
69 70 0 0
59 71 0 0
63 71 0 0
69 71 0 0
70 71 0 0
2 72 0 0
59 72 0 0
61 72 0 0
62 72 0 0
68 72 0 0
71 72 0 0
59 73 0 0
63 73 0 0
69 73 0 0
70 73 0 0
71 73 0 0
72 73 0 0
2 74 0 0
58 74 0 0
60 74 0 0
61 74 0 0
62 74 0 0
72 74 0 0
2 75 0 0
59 75 0 0
71 75 0 0
72 75 0 0
73 75 0 0
2 76 0 0
58 76 0 0
60 76 0 0
61 76 0 0
62 76 0 0
64 76 0 0
67 76 0 0
72 76 0 0
74 76 0 0
59 77 0 0
63 77 0 0
69 77 0 0
70 77 0 0
71 77 0 0
72 77 0 0
73 77 0 0
75 77 0 0
2 78 0 0
58 78 0 0
60 78 0 0
61 78 0 0
62 78 0 0
72 78 0 0
74 78 0 0
76 78 0 0
2 79 0 0
57 79 0 0
58 79 0 0
74 79 0 0
78 79 0 0
2 80 0 0
72 80 0 0
74 80 0 0
76 80 0 0
78 80 0 0
79 80 0 0
2 81 0 0
74 81 0 0
76 81 0 0
78 81 0 0
79 81 0 0
80 81 0 0
2 82 0 0
58 82 0 0
74 82 0 0
76 82 0 0
78 82 0 0
79 82 0 0
80 82 0 0
81 82 0 0
2 83 0 0
57 83 0 0
58 83 0 0
60 83 0 0
61 83 0 0
67 83 0 0
74 83 0 0
76 83 0 0
78 83 0 0
79 83 0 0
80 83 0 0
81 83 0 0
82 83 0 0
2 84 0 0
57 84 0 0
58 84 0 0
60 84 0 0
61 84 0 0
67 84 0 0
74 84 0 0
76 84 0 0
78 84 0 0
79 84 0 0
81 84 0 0
82 84 0 0
83 84 0 0
59 85 0 0
61 85 0 0
62 85 0 0
64 85 0 0
65 85 0 0
68 85 0 0
71 85 0 0
72 85 0 0
73 85 0 0
74 85 0 0
75 85 0 0
76 85 0 0
77 85 0 0
59 86 0 0
62 86 0 0
63 86 0 0
68 86 0 0
71 86 0 0
72 86 0 0
73 86 0 0
75 86 0 0
76 86 0 0
77 86 0 0
85 86 0 0
22 87 0 0
24 87 0 0
27 87 0 0
28 87 0 0
38 87 0 0
52 87 0 0
55 87 0 0
59 87 0 0
63 87 0 0
65 87 0 0
66 87 0 0
69 87 0 0
70 87 0 0
24 88 0 0
53 88 0 0
54 88 0 0
55 88 0 0
56 88 0 0
66 88 0 0
87 88 0 0
19 89 0 0
21 89 0 0
25 89 0 0
26 89 0 0
32 89 0 0
33 89 0 0
34 89 0 0
36 89 0 0
37 89 0 0
59 89 0 0
61 89 0 0
62 89 0 0
64 89 0 0
65 89 0 0
68 89 0 0
85 89 0 0
19 90 0 0
20 90 0 0
21 90 0 0
23 90 0 0
25 90 0 0
26 90 0 0
30 90 0 0
31 90 0 0
32 90 0 0
33 90 0 0
34 90 0 0
37 90 0 0
40 90 0 0
43 90 0 0
44 90 0 0
49 90 0 0
61 90 0 0
62 90 0 0
64 90 0 0
67 90 0 0
68 90 0 0
89 90 0 0
20 91 0 0
21 91 0 0
23 91 0 0
29 91 0 0
30 91 0 0
31 91 0 0
32 91 0 0
35 91 0 0
39 91 0 0
40 91 0 0
47 91 0 0
51 91 0 0
57 91 0 0
58 91 0 0
60 91 0 0
61 91 0 0
67 91 0 0
19 92 0 0
22 92 0 0
24 92 0 0
27 92 0 0
28 92 0 0
34 92 0 0
36 92 0 0
38 92 0 0
50 92 0 0
52 92 0 0
59 92 0 0
63 92 0 0
65 92 0 0
69 92 0 0
87 92 0 0
89 92 0 0
19 93 0 0
22 93 0 0
24 93 0 0
25 93 0 0
26 93 0 0
27 93 0 0
34 93 0 0
36 93 0 0
38 93 0 0
50 93 0 0
52 93 0 0
59 93 0 0
62 93 0 0
63 93 0 0
65 93 0 0
68 93 0 0
69 93 0 0
87 93 0 0
89 93 0 0
90 93 0 0
92 93 0 0
19 94 0 0
20 94 0 0
21 94 0 0
25 94 0 0
26 94 0 0
30 94 0 0
32 94 0 0
33 94 0 0
34 94 0 0
36 94 0 0
37 94 0 0
44 94 0 0
61 94 0 0
62 94 0 0
64 94 0 0
67 94 0 0
68 94 0 0
89 94 0 0
90 94 0 0
93 94 0 0
20 95 0 0
23 95 0 0
29 95 0 0
30 95 0 0
35 95 0 0
51 95 0 0
57 95 0 0
58 95 0 0
60 95 0 0
61 95 0 0
67 95 0 0
83 95 0 0
84 95 0 0
91 95 0 0
20 96 0 0
21 96 0 0
23 96 0 0
29 96 0 0
30 96 0 0
31 96 0 0
32 96 0 0
35 96 0 0
51 96 0 0
57 96 0 0
58 96 0 0
60 96 0 0
61 96 0 0
64 96 0 0
67 96 0 0
83 96 0 0
91 96 0 0
95 96 0 0
20 97 0 0
21 97 0 0
23 97 0 0
29 97 0 0
30 97 0 0
31 97 0 0
32 97 0 0
35 97 0 0
40 97 0 0
51 97 0 0
57 97 0 0
58 97 0 0
60 97 0 0
61 97 0 0
62 97 0 0
64 97 0 0
67 97 0 0
68 97 0 0
83 97 0 0
90 97 0 0
91 97 0 0
95 97 0 0
96 97 0 0
20 98 0 0
21 98 0 0
23 98 0 0
25 98 0 0
29 98 0 0
30 98 0 0
31 98 0 0
32 98 0 0
35 98 0 0
51 98 0 0
57 98 0 0
58 98 0 0
60 98 0 0
61 98 0 0
62 98 0 0
64 98 0 0
67 98 0 0
68 98 0 0
83 98 0 0
89 98 0 0
90 98 0 0
91 98 0 0
94 98 0 0
95 98 0 0
96 98 0 0
97 98 0 0
22 99 0 0
24 99 0 0
27 99 0 0
38 99 0 0
52 99 0 0
55 99 0 0
59 99 0 0
63 99 0 0
65 99 0 0
69 99 0 0
87 99 0 0
89 99 0 0
92 99 0 0
93 99 0 0
1 100 0 0
20 100 0 0
21 100 0 0
23 100 0 0
29 100 0 0
30 100 0 0
31 100 0 0
32 100 0 0
33 100 0 0
35 100 0 0
37 100 0 0
39 100 0 0
40 100 0 0
42 100 0 0
43 100 0 0
44 100 0 0
45 100 0 0
47 100 0 0
51 100 0 0
61 100 0 0
64 100 0 0
67 100 0 0
68 100 0 0
90 100 0 0
91 100 0 0
94 100 0 0
95 100 0 0
96 100 0 0
97 100 0 0
98 100 0 0
15 101 0 0
16 101 0 0
19 101 0 0
22 101 0 0
24 101 0 0
25 101 0 0
26 101 0 0
27 101 0 0
28 101 0 0
34 101 0 0
36 101 0 0
37 101 0 0
38 101 0 0
41 101 0 0
44 101 0 0
48 101 0 0
49 101 0 0
50 101 0 0
52 101 0 0
59 101 0 0
65 101 0 0
68 101 0 0
69 101 0 0
87 101 0 0
89 101 0 0
90 101 0 0
92 101 0 0
93 101 0 0
94 101 0 0
99 101 0 0
1 102 0 0
20 102 0 0
21 102 0 0
23 102 0 0
29 102 0 0
30 102 0 0
31 102 0 0
32 102 0 0
35 102 0 0
39 102 0 0
40 102 0 0
42 102 0 0
43 102 0 0
45 102 0 0
47 102 0 0
51 102 0 0
57 102 0 0
58 102 0 0
61 102 0 0
64 102 0 0
67 102 0 0
90 102 0 0
91 102 0 0
95 102 0 0
96 102 0 0
97 102 0 0
98 102 0 0
100 102 0 0
20 103 0 0
21 103 0 0
23 103 0 0
25 103 0 0
29 103 0 0
30 103 0 0
31 103 0 0
32 103 0 0
33 103 0 0
35 103 0 0
37 103 0 0
40 103 0 0
42 103 0 0
43 103 0 0
44 103 0 0
45 103 0 0
47 103 0 0
51 103 0 0
61 103 0 0
62 103 0 0
64 103 0 0
67 103 0 0
68 103 0 0
89 103 0 0
90 103 0 0
91 103 0 0
94 103 0 0
95 103 0 0
96 103 0 0
97 103 0 0
98 103 0 0
100 103 0 0
102 103 0 0
19 104 0 0
20 104 0 0
21 104 0 0
23 104 0 0
25 104 0 0
26 104 0 0
29 104 0 0
30 104 0 0
31 104 0 0
32 104 0 0
33 104 0 0
35 104 0 0
37 104 0 0
40 104 0 0
42 104 0 0
43 104 0 0
44 104 0 0
45 104 0 0
51 104 0 0
60 104 0 0
61 104 0 0
62 104 0 0
64 104 0 0
67 104 0 0
68 104 0 0
89 104 0 0
90 104 0 0
91 104 0 0
94 104 0 0
95 104 0 0
96 104 0 0
97 104 0 0
98 104 0 0
100 104 0 0
102 104 0 0
103 104 0 0
2 106 0 0
79 106 0 0
81 106 0 0
82 106 0 0
2 107 0 0
71 107 0 0
73 107 0 0
75 107 0 0
77 107 0 0
2 108 0 0
75 108 0 0
77 108 0 0
107 108 0 0
2 109 0 0
79 109 0 0
80 109 0 0
81 109 0 0
82 109 0 0
106 109 0 0
2 110 0 0
75 110 0 0
80 110 0 0
107 110 0 0
108 110 0 0
2 111 0 0
74 111 0 0
75 111 0 0
80 111 0 0
81 111 0 0
107 111 0 0
108 111 0 0
110 111 0 0
2 112 0 0
107 112 0 0
108 112 0 0
110 112 0 0
105 113 0 0
2 114 0 0
107 114 0 0
108 114 0 0
110 114 0 0
111 114 0 0
112 114 0 0
2 115 0 0
107 115 0 0
108 115 0 0
110 115 0 0
111 115 0 0
112 115 0 0
114 115 0 0
2 116 0 0
107 116 0 0
108 116 0 0
110 116 0 0
111 116 0 0
112 116 0 0
114 116 0 0
115 116 0 0
105 117 0 0
113 117 0 0
2 118 0 0
107 118 0 0
108 118 0 0
110 118 0 0
112 118 0 0
114 118 0 0
115 118 0 0
116 118 0 0
105 119 0 0
113 119 0 0
117 119 0 0
118 119 0 0
2 120 0 0
107 120 0 0
108 120 0 0
110 120 0 0
111 120 0 0
112 120 0 0
114 120 0 0
115 120 0 0
116 120 0 0
118 120 0 0
2 121 0 0
107 121 0 0
108 121 0 0
110 121 0 0
111 121 0 0
112 121 0 0
114 121 0 0
115 121 0 0
116 121 0 0
118 121 0 0
120 121 0 0
2 122 0 0
74 122 0 0
80 122 0 0
81 122 0 0
108 122 0 0
110 122 0 0
111 122 0 0
114 122 0 0
115 122 0 0
116 122 0 0
120 122 0 0
121 122 0 0
2 123 0 0
75 123 0 0
107 123 0 0
108 123 0 0
110 123 0 0
111 123 0 0
112 123 0 0
114 123 0 0
115 123 0 0
116 123 0 0
118 123 0 0
120 123 0 0
121 123 0 0
122 123 0 0
2 124 0 0
75 124 0 0
107 124 0 0
108 124 0 0
110 124 0 0
111 124 0 0
112 124 0 0
114 124 0 0
115 124 0 0
116 124 0 0
118 124 0 0
120 124 0 0
121 124 0 0
122 124 0 0
123 124 0 0
2 125 0 0
75 125 0 0
80 125 0 0
81 125 0 0
107 125 0 0
108 125 0 0
110 125 0 0
111 125 0 0
112 125 0 0
114 125 0 0
115 125 0 0
116 125 0 0
120 125 0 0
121 125 0 0
122 125 0 0
123 125 0 0
124 125 0 0
2 126 0 0
75 126 0 0
107 126 0 0
108 126 0 0
110 126 0 0
111 126 0 0
112 126 0 0
114 126 0 0
115 126 0 0
116 126 0 0
118 126 0 0
120 126 0 0
121 126 0 0
122 126 0 0
123 126 0 0
124 126 0 0
125 126 0 0
105 127 0 0
107 127 0 0
112 127 0 0
113 127 0 0
116 127 0 0
117 127 0 0
118 127 0 0
119 127 0 0
123 127 0 0
105 128 0 0
113 128 0 0
117 128 0 0
118 128 0 0
119 128 0 0
127 128 0 0
2 129 0 0
75 129 0 0
107 129 0 0
108 129 0 0
110 129 0 0
111 129 0 0
112 129 0 0
114 129 0 0
115 129 0 0
116 129 0 0
118 129 0 0
120 129 0 0
121 129 0 0
122 129 0 0
123 129 0 0
124 129 0 0
125 129 0 0
126 129 0 0
127 129 0 0
2 130 0 0
72 130 0 0
74 130 0 0
76 130 0 0
78 130 0 0
80 130 0 0
81 130 0 0
82 130 0 0
108 130 0 0
110 130 0 0
111 130 0 0
122 130 0 0
124 130 0 0
125 130 0 0
2 131 0 0
74 131 0 0
78 131 0 0
79 131 0 0
80 131 0 0
81 131 0 0
82 131 0 0
83 131 0 0
84 131 0 0
106 131 0 0
109 131 0 0
130 131 0 0
2 132 0 0
72 132 0 0
74 132 0 0
75 132 0 0
76 132 0 0
77 132 0 0
78 132 0 0
80 132 0 0
81 132 0 0
86 132 0 0
107 132 0 0
108 132 0 0
110 132 0 0
111 132 0 0
112 132 0 0
114 132 0 0
115 132 0 0
116 132 0 0
121 132 0 0
122 132 0 0
123 132 0 0
124 132 0 0
125 132 0 0
126 132 0 0
129 132 0 0
130 132 0 0
2 133 0 0
72 133 0 0
73 133 0 0
75 133 0 0
77 133 0 0
80 133 0 0
85 133 0 0
86 133 0 0
107 133 0 0
108 133 0 0
110 133 0 0
111 133 0 0
112 133 0 0
114 133 0 0
115 133 0 0
116 133 0 0
120 133 0 0
121 133 0 0
122 133 0 0
123 133 0 0
124 133 0 0
125 133 0 0
126 133 0 0
129 133 0 0
130 133 0 0
132 133 0 0
53 134 0 1
54 134 0 1
55 134 0 1
56 134 0 1
63 134 0 1
66 134 0 1
70 134 0 1
71 134 0 1
105 134 0 1
113 134 0 1
117 134 0 1
119 134 0 1
127 134 0 1
128 134 0 1
1 135 0 1
4 135 0 1
5 135 0 1
6 135 0 1
7 135 0 1
14 135 0 1
17 135 0 1
18 135 0 1
20 135 0 1
21 135 0 1
23 135 0 1
26 135 0 1
29 135 0 1
30 135 0 1
31 135 0 1
32 135 0 1
33 135 0 1
35 135 0 1
37 135 0 1
39 135 0 1
40 135 0 1
42 135 0 1
43 135 0 1
44 135 0 1
45 135 0 1
47 135 0 1
49 135 0 1
3 136 0 1
9 136 0 1
10 136 0 1
11 136 0 1
12 136 0 1
13 136 0 1
27 136 0 1
28 136 0 1
38 136 0 1
41 136 0 1
46 136 0 1
3 137 0 1
10 137 0 1
11 137 0 1
12 137 0 1
28 137 0 1
46 137 0 1
3 138 0 1
9 138 0 1
10 138 0 1
11 138 0 1
12 138 0 1
13 138 0 1
22 138 0 1
24 138 0 1
27 138 0 1
28 138 0 1
38 138 0 1
41 138 0 1
46 138 0 1
3 139 0 1
10 139 0 1
11 139 0 1
12 139 0 1
13 139 0 1
27 139 0 1
28 139 0 1
38 139 0 1
46 139 0 1
12 140 0 1
3 141 0 1
8 141 0 1
9 141 0 1
10 141 0 1
11 141 0 1
12 141 0 1
13 141 0 1
22 141 0 1
24 141 0 1
27 141 0 1
28 141 0 1
38 141 0 1
41 141 0 1
46 141 0 1
50 141 0 1
3 142 0 1
10 142 0 1
11 142 0 1
12 142 0 1
13 142 0 1
24 142 0 1
27 142 0 1
28 142 0 1
38 142 0 1
46 142 0 1
3 143 0 1
10 143 0 1
11 143 0 1
12 143 0 1
28 143 0 1
46 143 0 1
3 144 0 1
8 144 0 1
9 144 0 1
10 144 0 1
11 144 0 1
12 144 0 1
13 144 0 1
15 144 0 1
16 144 0 1
19 144 0 1
22 144 0 1
24 144 0 1
25 144 0 1
26 144 0 1
27 144 0 1
28 144 0 1
34 144 0 1
36 144 0 1
38 144 0 1
41 144 0 1
46 144 0 1
48 144 0 1
49 144 0 1
50 144 0 1
52 144 0 1
65 144 0 1
87 144 0 1
92 144 0 1
93 144 0 1
99 144 0 1
101 144 0 1
3 145 0 1
9 145 0 1
10 145 0 1
11 145 0 1
12 145 0 1
13 145 0 1
22 145 0 1
24 145 0 1
27 145 0 1
28 145 0 1
38 145 0 1
41 145 0 1
46 145 0 1
50 145 0 1
52 145 0 1
87 145 0 1
88 145 0 1
92 145 0 1
99 145 0 1
3 146 0 1
8 146 0 1
9 146 0 1
10 146 0 1
11 146 0 1
12 146 0 1
13 146 0 1
15 146 0 1
16 146 0 1
22 146 0 1
24 146 0 1
26 146 0 1
27 146 0 1
28 146 0 1
34 146 0 1
36 146 0 1
38 146 0 1
41 146 0 1
46 146 0 1
48 146 0 1
49 146 0 1
50 146 0 1
52 146 0 1
92 146 0 1
93 146 0 1
101 146 0 1
3 147 0 1
9 147 0 1
10 147 0 1
11 147 0 1
12 147 0 1
13 147 0 1
22 147 0 1
24 147 0 1
27 147 0 1
28 147 0 1
38 147 0 1
41 147 0 1
46 147 0 1
50 147 0 1
52 147 0 1
87 147 0 1
92 147 0 1
3 148 0 1
10 148 0 1
11 148 0 1
12 148 0 1
24 148 0 1
27 148 0 1
28 148 0 1
38 148 0 1
46 148 0 1
53 148 0 1
88 148 0 1
20 149 0 1
21 149 0 1
23 149 0 1
29 149 0 1
30 149 0 1
31 149 0 1
32 149 0 1
35 149 0 1
40 149 0 1
47 149 0 1
51 149 0 1
57 149 0 1
58 149 0 1
60 149 0 1
61 149 0 1
64 149 0 1
67 149 0 1
91 149 0 1
95 149 0 1
96 149 0 1
97 149 0 1
98 149 0 1
100 149 0 1
102 149 0 1
103 149 0 1
104 149 0 1
53 150 0 1
54 150 0 1
55 150 0 1
56 150 0 1
66 150 0 1
88 150 0 1
19 151 0 1
22 151 0 1
24 151 0 1
25 151 0 1
26 151 0 1
27 151 0 1
28 151 0 1
34 151 0 1
36 151 0 1
38 151 0 1
48 151 0 1
50 151 0 1
52 151 0 1
59 151 0 1
63 151 0 1
65 151 0 1
69 151 0 1
87 151 0 1
89 151 0 1
92 151 0 1
93 151 0 1
94 151 0 1
99 151 0 1
101 151 0 1
20 152 0 1
21 152 0 1
23 152 0 1
29 152 0 1
30 152 0 1
31 152 0 1
32 152 0 1
35 152 0 1
40 152 0 1
42 152 0 1
47 152 0 1
51 152 0 1
57 152 0 1
58 152 0 1
60 152 0 1
61 152 0 1
64 152 0 1
67 152 0 1
68 152 0 1
90 152 0 1
91 152 0 1
94 152 0 1
95 152 0 1
96 152 0 1
97 152 0 1
98 152 0 1
100 152 0 1
102 152 0 1
103 152 0 1
104 152 0 1
1 153 0 1
20 153 0 1
21 153 0 1
23 153 0 1
29 153 0 1
30 153 0 1
31 153 0 1
32 153 0 1
35 153 0 1
39 153 0 1
40 153 0 1
42 153 0 1
43 153 0 1
45 153 0 1
47 153 0 1
51 153 0 1
64 153 0 1
67 153 0 1
90 153 0 1
91 153 0 1
95 153 0 1
96 153 0 1
97 153 0 1
98 153 0 1
100 153 0 1
102 153 0 1
103 153 0 1
104 153 0 1
53 154 0 1
54 154 0 1
55 154 0 1
56 154 0 1
66 154 0 1
87 154 0 1
88 154 0 1
12 155 0 1
22 155 0 1
24 155 0 1
27 155 0 1
28 155 0 1
38 155 0 1
46 155 0 1
52 155 0 1
53 155 0 1
54 155 0 1
55 155 0 1
66 155 0 1
69 155 0 1
87 155 0 1
88 155 0 1
92 155 0 1
99 155 0 1
18 156 0 1
19 156 0 1
20 156 0 1
21 156 0 1
23 156 0 1
25 156 0 1
26 156 0 1
30 156 0 1
31 156 0 1
32 156 0 1
33 156 0 1
34 156 0 1
37 156 0 1
40 156 0 1
43 156 0 1
44 156 0 1
48 156 0 1
49 156 0 1
61 156 0 1
62 156 0 1
64 156 0 1
67 156 0 1
68 156 0 1
89 156 0 1
90 156 0 1
93 156 0 1
94 156 0 1
97 156 0 1
98 156 0 1
100 156 0 1
101 156 0 1
102 156 0 1
103 156 0 1
104 156 0 1
13 157 0 1
19 157 0 1
22 157 0 1
24 157 0 1
27 157 0 1
28 157 0 1
34 157 0 1
36 157 0 1
38 157 0 1
41 157 0 1
46 157 0 1
50 157 0 1
52 157 0 1
63 157 0 1
65 157 0 1
69 157 0 1
87 157 0 1
89 157 0 1
92 157 0 1
93 157 0 1
99 157 0 1
101 157 0 1
20 158 0 1
23 158 0 1
30 158 0 1
35 158 0 1
51 158 0 1
57 158 0 1
58 158 0 1
60 158 0 1
61 158 0 1
67 158 0 1
83 158 0 1
84 158 0 1
91 158 0 1
95 158 0 1
96 158 0 1
97 158 0 1
98 158 0 1
100 158 0 1
102 158 0 1
103 158 0 1
104 158 0 1
24 159 0 1
52 159 0 1
53 159 0 1
54 159 0 1
55 159 0 1
56 159 0 1
63 159 0 1
65 159 0 1
66 159 0 1
69 159 0 1
70 159 0 1
87 159 0 1
88 159 0 1
92 159 0 1
99 159 0 1
22 160 0 1
24 160 0 1
38 160 0 1
52 160 0 1
55 160 0 1
59 160 0 1
63 160 0 1
65 160 0 1
66 160 0 1
69 160 0 1
70 160 0 1
71 160 0 1
87 160 0 1
88 160 0 1
92 160 0 1
93 160 0 1
99 160 0 1
101 160 0 1
20 161 0 1
21 161 0 1
23 161 0 1
29 161 0 1
30 161 0 1
31 161 0 1
32 161 0 1
35 161 0 1
40 161 0 1
51 161 0 1
57 161 0 1
58 161 0 1
60 161 0 1
61 161 0 1
62 161 0 1
64 161 0 1
67 161 0 1
68 161 0 1
83 161 0 1
89 161 0 1
90 161 0 1
91 161 0 1
94 161 0 1
95 161 0 1
96 161 0 1
97 161 0 1
98 161 0 1
100 161 0 1
102 161 0 1
103 161 0 1
104 161 0 1
53 162 0 1
54 162 0 1
55 162 0 1
56 162 0 1
66 162 0 1
88 162 0 1
19 163 0 1
22 163 0 1
24 163 0 1
25 163 0 1
26 163 0 1
34 163 0 1
36 163 0 1
38 163 0 1
52 163 0 1
59 163 0 1
62 163 0 1
63 163 0 1
65 163 0 1
68 163 0 1
69 163 0 1
87 163 0 1
89 163 0 1
90 163 0 1
92 163 0 1
93 163 0 1
94 163 0 1
99 163 0 1
101 163 0 1
53 164 0 1
54 164 0 1
55 164 0 1
56 164 0 1
66 164 0 1
87 164 0 1
88 164 0 1
24 165 0 1
38 165 0 1
52 165 0 1
53 165 0 1
54 165 0 1
55 165 0 1
56 165 0 1
63 165 0 1
66 165 0 1
69 165 0 1
87 165 0 1
88 165 0 1
92 165 0 1
99 165 0 1
19 166 0 1
22 166 0 1
24 166 0 1
25 166 0 1
26 166 0 1
27 166 0 1
34 166 0 1
36 166 0 1
38 166 0 1
50 166 0 1
52 166 0 1
59 166 0 1
63 166 0 1
65 166 0 1
69 166 0 1
87 166 0 1
89 166 0 1
92 166 0 1
93 166 0 1
94 166 0 1
99 166 0 1
101 166 0 1
19 167 0 1
20 167 0 1
21 167 0 1
25 167 0 1
26 167 0 1
30 167 0 1
32 167 0 1
33 167 0 1
37 167 0 1
60 167 0 1
61 167 0 1
62 167 0 1
64 167 0 1
67 167 0 1
68 167 0 1
89 167 0 1
90 167 0 1
93 167 0 1
94 167 0 1
96 167 0 1
97 167 0 1
98 167 0 1
100 167 0 1
101 167 0 1
102 167 0 1
103 167 0 1
104 167 0 1
19 168 0 1
21 168 0 1
25 168 0 1
26 168 0 1
34 168 0 1
36 168 0 1
37 168 0 1
59 168 0 1
61 168 0 1
62 168 0 1
64 168 0 1
65 168 0 1
68 168 0 1
85 168 0 1
86 168 0 1
89 168 0 1
90 168 0 1
92 168 0 1
93 168 0 1
94 168 0 1
99 168 0 1
101 168 0 1
104 168 0 1
19 169 0 1
20 169 0 1
21 169 0 1
25 169 0 1
26 169 0 1
30 169 0 1
32 169 0 1
37 169 0 1
59 169 0 1
61 169 0 1
62 169 0 1
64 169 0 1
65 169 0 1
67 169 0 1
68 169 0 1
85 169 0 1
86 169 0 1
89 169 0 1
90 169 0 1
93 169 0 1
94 169 0 1
97 169 0 1
98 169 0 1
100 169 0 1
101 169 0 1
103 169 0 1
104 169 0 1
19 170 0 1
21 170 0 1
25 170 0 1
26 170 0 1
59 170 0 1
61 170 0 1
62 170 0 1
64 170 0 1
65 170 0 1
67 170 0 1
68 170 0 1
72 170 0 1
85 170 0 1
86 170 0 1
89 170 0 1
90 170 0 1
92 170 0 1
93 170 0 1
94 170 0 1
98 170 0 1
101 170 0 1
103 170 0 1
104 170 0 1
19 171 0 1
22 171 0 1
24 171 0 1
25 171 0 1
36 171 0 1
52 171 0 1
59 171 0 1
62 171 0 1
63 171 0 1
64 171 0 1
65 171 0 1
68 171 0 1
69 171 0 1
85 171 0 1
86 171 0 1
87 171 0 1
89 171 0 1
90 171 0 1
92 171 0 1
93 171 0 1
94 171 0 1
99 171 0 1
101 171 0 1
19 172 0 1
22 172 0 1
24 172 0 1
25 172 0 1
36 172 0 1
52 172 0 1
59 172 0 1
62 172 0 1
63 172 0 1
65 172 0 1
68 172 0 1
69 172 0 1
73 172 0 1
85 172 0 1
86 172 0 1
87 172 0 1
89 172 0 1
92 172 0 1
93 172 0 1
94 172 0 1
99 172 0 1
101 172 0 1
11 173 0 1
12 173 0 1
24 173 0 1
28 173 0 1
38 173 0 1
46 173 0 1
53 173 0 1
54 173 0 1
66 173 0 1
88 173 0 1
3 174 0 1
11 174 0 1
12 174 0 1
46 174 0 1
53 174 0 1
54 174 0 1
66 174 0 1
88 174 0 1
3 175 0 1
9 175 0 1
10 175 0 1
11 175 0 1
12 175 0 1
13 175 0 1
22 175 0 1
24 175 0 1
27 175 0 1
28 175 0 1
38 175 0 1
41 175 0 1
46 175 0 1
52 175 0 1
53 175 0 1
54 175 0 1
66 175 0 1
87 175 0 1
88 175 0 1
92 175 0 1
3 176 0 1
8 176 0 1
9 176 0 1
10 176 0 1
11 176 0 1
12 176 0 1
13 176 0 1
22 176 0 1
24 176 0 1
27 176 0 1
28 176 0 1
34 176 0 1
36 176 0 1
38 176 0 1
41 176 0 1
46 176 0 1
50 176 0 1
52 176 0 1
65 176 0 1
87 176 0 1
88 176 0 1
92 176 0 1
99 176 0 1
101 176 0 1
7 177 0 1
14 177 0 1
15 177 0 1
16 177 0 1
17 177 0 1
18 177 0 1
19 177 0 1
20 177 0 1
21 177 0 1
25 177 0 1
26 177 0 1
30 177 0 1
31 177 0 1
32 177 0 1
33 177 0 1
34 177 0 1
36 177 0 1
37 177 0 1
40 177 0 1
43 177 0 1
44 177 0 1
48 177 0 1
49 177 0 1
50 177 0 1
64 177 0 1
68 177 0 1
89 177 0 1
90 177 0 1
93 177 0 1
94 177 0 1
98 177 0 1
100 177 0 1
101 177 0 1
103 177 0 1
104 177 0 1
7 178 0 1
14 178 0 1
17 178 0 1
18 178 0 1
19 178 0 1
20 178 0 1
21 178 0 1
23 178 0 1
25 178 0 1
26 178 0 1
29 178 0 1
30 178 0 1
31 178 0 1
32 178 0 1
33 178 0 1
34 178 0 1
35 178 0 1
37 178 0 1
40 178 0 1
42 178 0 1
43 178 0 1
44 178 0 1
45 178 0 1
48 178 0 1
49 178 0 1
64 178 0 1
67 178 0 1
68 178 0 1
89 178 0 1
90 178 0 1
94 178 0 1
96 178 0 1
97 178 0 1
98 178 0 1
100 178 0 1
102 178 0 1
103 178 0 1
104 178 0 1
8 179 0 1
9 179 0 1
13 179 0 1
15 179 0 1
16 179 0 1
19 179 0 1
22 179 0 1
24 179 0 1
25 179 0 1
26 179 0 1
27 179 0 1
28 179 0 1
34 179 0 1
36 179 0 1
38 179 0 1
41 179 0 1
46 179 0 1
48 179 0 1
49 179 0 1
50 179 0 1
52 179 0 1
65 179 0 1
69 179 0 1
87 179 0 1
89 179 0 1
92 179 0 1
93 179 0 1
99 179 0 1
101 179 0 1
10 180 0 1
11 180 0 1
12 180 0 1
22 180 0 1
24 180 0 1
27 180 0 1
28 180 0 1
38 180 0 1
46 180 0 1
52 180 0 1
53 180 0 1
54 180 0 1
55 180 0 1
66 180 0 1
87 180 0 1
88 180 0 1
92 180 0 1
99 180 0 1
53 181 0 1
54 181 0 1
66 181 0 1
88 181 0 1
12 182 0 1
24 182 0 1
28 182 0 1
46 182 0 1
53 182 0 1
54 182 0 1
55 182 0 1
66 182 0 1
87 182 0 1
88 182 0 1
12 183 0 1
24 183 0 1
27 183 0 1
28 183 0 1
38 183 0 1
46 183 0 1
52 183 0 1
53 183 0 1
54 183 0 1
55 183 0 1
66 183 0 1
87 183 0 1
88 183 0 1
9 184 0 1
13 184 0 1
15 184 0 1
16 184 0 1
19 184 0 1
22 184 0 1
24 184 0 1
25 184 0 1
26 184 0 1
27 184 0 1
28 184 0 1
34 184 0 1
36 184 0 1
38 184 0 1
41 184 0 1
46 184 0 1
48 184 0 1
49 184 0 1
50 184 0 1
52 184 0 1
65 184 0 1
69 184 0 1
87 184 0 1
89 184 0 1
92 184 0 1
93 184 0 1
99 184 0 1
101 184 0 1
7 185 0 1
14 185 0 1
15 185 0 1
16 185 0 1
17 185 0 1
18 185 0 1
19 185 0 1
20 185 0 1
21 185 0 1
25 185 0 1
26 185 0 1
30 185 0 1
31 185 0 1
32 185 0 1
33 185 0 1
34 185 0 1
36 185 0 1
37 185 0 1
43 185 0 1
44 185 0 1
48 185 0 1
49 185 0 1
50 185 0 1
64 185 0 1
68 185 0 1
89 185 0 1
90 185 0 1
93 185 0 1
94 185 0 1
98 185 0 1
100 185 0 1
101 185 0 1
103 185 0 1
104 185 0 1
11 186 0 1
12 186 0 1
13 186 0 1
16 186 0 1
19 186 0 1
22 186 0 1
24 186 0 1
27 186 0 1
28 186 0 1
34 186 0 1
36 186 0 1
38 186 0 1
41 186 0 1
46 186 0 1
48 186 0 1
50 186 0 1
52 186 0 1
65 186 0 1
69 186 0 1
87 186 0 1
92 186 0 1
93 186 0 1
99 186 0 1
101 186 0 1
2 187 0 1
51 187 0 1
57 187 0 1
58 187 0 1
60 187 0 1
67 187 0 1
79 187 0 1
83 187 0 1
84 187 0 1
91 187 0 1
95 187 0 1
96 187 0 1
97 187 0 1
98 187 0 1
2 188 0 1
51 188 0 1
57 188 0 1
58 188 0 1
60 188 0 1
61 188 0 1
67 188 0 1
78 188 0 1
79 188 0 1
82 188 0 1
83 188 0 1
84 188 0 1
91 188 0 1
95 188 0 1
96 188 0 1
97 188 0 1
98 188 0 1
131 188 0 1
59 189 0 1
63 189 0 1
65 189 0 1
69 189 0 1
70 189 0 1
71 189 0 1
72 189 0 1
73 189 0 1
75 189 0 1
77 189 0 1
85 189 0 1
86 189 0 1
87 189 0 1
99 189 0 1
59 190 0 1
62 190 0 1
63 190 0 1
65 190 0 1
68 190 0 1
69 190 0 1
71 190 0 1
72 190 0 1
73 190 0 1
75 190 0 1
77 190 0 1
85 190 0 1
86 190 0 1
89 190 0 1
93 190 0 1
99 190 0 1
53 191 0 1
54 191 0 1
55 191 0 1
56 191 0 1
66 191 0 1
88 191 0 1
55 192 0 1
59 192 0 1
63 192 0 1
65 192 0 1
69 192 0 1
70 192 0 1
71 192 0 1
73 192 0 1
77 192 0 1
87 192 0 1
99 192 0 1
2 193 0 1
57 193 0 1
58 193 0 1
60 193 0 1
61 193 0 1
67 193 0 1
74 193 0 1
76 193 0 1
78 193 0 1
79 193 0 1
81 193 0 1
82 193 0 1
83 193 0 1
84 193 0 1
95 193 0 1
96 193 0 1
97 193 0 1
131 193 0 1
59 194 0 1
61 194 0 1
62 194 0 1
64 194 0 1
68 194 0 1
72 194 0 1
73 194 0 1
74 194 0 1
75 194 0 1
76 194 0 1
77 194 0 1
78 194 0 1
80 194 0 1
81 194 0 1
85 194 0 1
86 194 0 1
89 194 0 1
130 194 0 1
132 194 0 1
52 195 0 1
54 195 0 1
55 195 0 1
56 195 0 1
63 195 0 1
65 195 0 1
66 195 0 1
69 195 0 1
70 195 0 1
71 195 0 1
87 195 0 1
88 195 0 1
92 195 0 1
99 195 0 1
53 196 0 1
54 196 0 1
55 196 0 1
56 196 0 1
66 196 0 1
88 196 0 1
53 197 0 1
54 197 0 1
55 197 0 1
56 197 0 1
66 197 0 1
70 197 0 1
88 197 0 1
2 198 0 1
51 198 0 1
57 198 0 1
58 198 0 1
60 198 0 1
61 198 0 1
67 198 0 1
78 198 0 1
79 198 0 1
83 198 0 1
84 198 0 1
91 198 0 1
95 198 0 1
96 198 0 1
97 198 0 1
98 198 0 1
102 198 0 1
2 199 0 1
51 199 0 1
57 199 0 1
58 199 0 1
60 199 0 1
61 199 0 1
62 199 0 1
64 199 0 1
67 199 0 1
68 199 0 1
74 199 0 1
76 199 0 1
78 199 0 1
83 199 0 1
84 199 0 1
90 199 0 1
91 199 0 1
95 199 0 1
96 199 0 1
97 199 0 1
98 199 0 1
100 199 0 1
102 199 0 1
103 199 0 1
104 199 0 1
58 200 0 1
59 200 0 1
60 200 0 1
61 200 0 1
62 200 0 1
64 200 0 1
67 200 0 1
68 200 0 1
72 200 0 1
73 200 0 1
74 200 0 1
76 200 0 1
78 200 0 1
85 200 0 1
86 200 0 1
89 200 0 1
90 200 0 1
93 200 0 1
94 200 0 1
98 200 0 1
104 200 0 1
53 201 0 1
54 201 0 1
55 201 0 1
56 201 0 1
66 201 0 1
70 201 0 1
87 201 0 1
88 201 0 1
52 202 0 1
55 202 0 1
56 202 0 1
59 202 0 1
63 202 0 1
65 202 0 1
66 202 0 1
69 202 0 1
70 202 0 1
71 202 0 1
73 202 0 1
77 202 0 1
87 202 0 1
88 202 0 1
92 202 0 1
99 202 0 1
59 203 0 1
62 203 0 1
63 203 0 1
64 203 0 1
65 203 0 1
68 203 0 1
69 203 0 1
71 203 0 1
72 203 0 1
73 203 0 1
75 203 0 1
77 203 0 1
85 203 0 1
86 203 0 1
89 203 0 1
92 203 0 1
93 203 0 1
94 203 0 1
99 203 0 1
2 204 0 1
57 204 0 1
58 204 0 1
60 204 0 1
61 204 0 1
62 204 0 1
64 204 0 1
67 204 0 1
68 204 0 1
74 204 0 1
76 204 0 1
78 204 0 1
79 204 0 1
82 204 0 1
83 204 0 1
84 204 0 1
91 204 0 1
95 204 0 1
96 204 0 1
97 204 0 1
98 204 0 1
102 204 0 1
104 204 0 1
53 205 0 1
54 205 0 1
55 205 0 1
56 205 0 1
63 205 0 1
66 205 0 1
69 205 0 1
70 205 0 1
71 205 0 1
87 205 0 1
88 205 0 1
99 205 0 1
53 206 0 1
54 206 0 1
55 206 0 1
56 206 0 1
63 206 0 1
66 206 0 1
70 206 0 1
87 206 0 1
88 206 0 1
20 207 0 1
21 207 0 1
51 207 0 1
57 207 0 1
58 207 0 1
60 207 0 1
61 207 0 1
62 207 0 1
64 207 0 1
67 207 0 1
68 207 0 1
76 207 0 1
78 207 0 1
83 207 0 1
84 207 0 1
90 207 0 1
91 207 0 1
95 207 0 1
96 207 0 1
97 207 0 1
98 207 0 1
100 207 0 1
102 207 0 1
103 207 0 1
104 207 0 1
19 208 0 1
59 208 0 1
61 208 0 1
62 208 0 1
64 208 0 1
65 208 0 1
68 208 0 1
69 208 0 1
72 208 0 1
73 208 0 1
85 208 0 1
86 208 0 1
89 208 0 1
90 208 0 1
92 208 0 1
93 208 0 1
94 208 0 1
99 208 0 1
101 208 0 1
53 209 0 1
54 209 0 1
55 209 0 1
56 209 0 1
66 209 0 1
87 209 0 1
88 209 0 1
20 210 0 1
21 210 0 1
23 210 0 1
30 210 0 1
51 210 0 1
57 210 0 1
58 210 0 1
60 210 0 1
61 210 0 1
62 210 0 1
64 210 0 1
67 210 0 1
68 210 0 1
76 210 0 1
78 210 0 1
83 210 0 1
84 210 0 1
89 210 0 1
90 210 0 1
91 210 0 1
94 210 0 1
95 210 0 1
96 210 0 1
97 210 0 1
98 210 0 1
100 210 0 1
102 210 0 1
103 210 0 1
104 210 0 1
19 211 0 1
24 211 0 1
52 211 0 1
59 211 0 1
62 211 0 1
63 211 0 1
65 211 0 1
68 211 0 1
69 211 0 1
71 211 0 1
72 211 0 1
73 211 0 1
77 211 0 1
85 211 0 1
86 211 0 1
87 211 0 1
89 211 0 1
92 211 0 1
93 211 0 1
94 211 0 1
99 211 0 1
101 211 0 1
24 212 0 1
52 212 0 1
55 212 0 1
59 212 0 1
63 212 0 1
65 212 0 1
69 212 0 1
70 212 0 1
71 212 0 1
72 212 0 1
73 212 0 1
77 212 0 1
85 212 0 1
86 212 0 1
87 212 0 1
89 212 0 1
92 212 0 1
93 212 0 1
99 212 0 1
101 212 0 1
24 213 0 1
52 213 0 1
55 213 0 1
56 213 0 1
59 213 0 1
63 213 0 1
65 213 0 1
66 213 0 1
69 213 0 1
70 213 0 1
71 213 0 1
87 213 0 1
88 213 0 1
92 213 0 1
99 213 0 1
53 214 0 1
54 214 0 1
55 214 0 1
56 214 0 1
66 214 0 1
88 214 0 1
53 215 0 1
54 215 0 1
55 215 0 1
56 215 0 1
66 215 0 1
88 215 0 1
19 216 0 1
21 216 0 1
25 216 0 1
59 216 0 1
60 216 0 1
61 216 0 1
62 216 0 1
64 216 0 1
67 216 0 1
68 216 0 1
72 216 0 1
76 216 0 1
85 216 0 1
86 216 0 1
89 216 0 1
90 216 0 1
93 216 0 1
94 216 0 1
98 216 0 1
101 216 0 1
103 216 0 1
104 216 0 1
58 217 0 1
60 217 0 1
61 217 0 1
62 217 0 1
64 217 0 1
67 217 0 1
68 217 0 1
72 217 0 1
74 217 0 1
76 217 0 1
78 217 0 1
85 217 0 1
86 217 0 1
89 217 0 1
90 217 0 1
94 217 0 1
97 217 0 1
98 217 0 1
103 217 0 1
104 217 0 1
51 218 0 1
57 218 0 1
58 218 0 1
60 218 0 1
61 218 0 1
64 218 0 1
67 218 0 1
78 218 0 1
83 218 0 1
84 218 0 1
91 218 0 1
95 218 0 1
96 218 0 1
97 218 0 1
98 218 0 1
100 218 0 1
102 218 0 1
103 218 0 1
104 218 0 1
57 219 0 1
58 219 0 1
60 219 0 1
61 219 0 1
62 219 0 1
64 219 0 1
67 219 0 1
68 219 0 1
74 219 0 1
76 219 0 1
78 219 0 1
83 219 0 1
84 219 0 1
89 219 0 1
90 219 0 1
91 219 0 1
94 219 0 1
95 219 0 1
96 219 0 1
97 219 0 1
98 219 0 1
100 219 0 1
102 219 0 1
103 219 0 1
104 219 0 1
21 220 0 1
58 220 0 1
60 220 0 1
61 220 0 1
62 220 0 1
64 220 0 1
67 220 0 1
68 220 0 1
72 220 0 1
74 220 0 1
76 220 0 1
78 220 0 1
83 220 0 1
85 220 0 1
86 220 0 1
89 220 0 1
90 220 0 1
94 220 0 1
96 220 0 1
97 220 0 1
98 220 0 1
103 220 0 1
104 220 0 1
59 221 0 1
61 221 0 1
62 221 0 1
64 221 0 1
65 221 0 1
67 221 0 1
68 221 0 1
72 221 0 1
73 221 0 1
76 221 0 1
85 221 0 1
86 221 0 1
89 221 0 1
90 221 0 1
93 221 0 1
94 221 0 1
98 221 0 1
101 221 0 1
104 221 0 1
53 222 0 1
54 222 0 1
55 222 0 1
56 222 0 1
63 222 0 1
66 222 0 1
69 222 0 1
70 222 0 1
87 222 0 1
88 222 0 1
24 223 0 1
52 223 0 1
55 223 0 1
59 223 0 1
63 223 0 1
65 223 0 1
66 223 0 1
69 223 0 1
70 223 0 1
71 223 0 1
73 223 0 1
77 223 0 1
87 223 0 1
88 223 0 1
92 223 0 1
93 223 0 1
99 223 0 1
52 224 0 1
53 224 0 1
54 224 0 1
55 224 0 1
56 224 0 1
63 224 0 1
66 224 0 1
69 224 0 1
70 224 0 1
71 224 0 1
87 224 0 1
88 224 0 1
92 224 0 1
99 224 0 1
52 225 0 1
59 225 0 1
62 225 0 1
63 225 0 1
65 225 0 1
69 225 0 1
70 225 0 1
71 225 0 1
72 225 0 1
73 225 0 1
77 225 0 1
85 225 0 1
86 225 0 1
87 225 0 1
89 225 0 1
92 225 0 1
93 225 0 1
99 225 0 1
101 225 0 1
2 226 0 1
57 226 0 1
58 226 0 1
60 226 0 1
74 226 0 1
76 226 0 1
78 226 0 1
79 226 0 1
80 226 0 1
81 226 0 1
82 226 0 1
83 226 0 1
84 226 0 1
106 226 0 1
109 226 0 1
131 226 0 1
59 227 0 1
63 227 0 1
70 227 0 1
71 227 0 1
72 227 0 1
73 227 0 1
75 227 0 1
77 227 0 1
85 227 0 1
86 227 0 1
107 227 0 1
108 227 0 1
110 227 0 1
123 227 0 1
132 227 0 1
133 227 0 1
2 228 0 1
59 228 0 1
62 228 0 1
63 228 0 1
71 228 0 1
72 228 0 1
73 228 0 1
75 228 0 1
76 228 0 1
77 228 0 1
85 228 0 1
86 228 0 1
107 228 0 1
108 228 0 1
110 228 0 1
123 228 0 1
124 228 0 1
132 228 0 1
133 228 0 1
2 229 0 1
59 229 0 1
62 229 0 1
72 229 0 1
73 229 0 1
74 229 0 1
75 229 0 1
76 229 0 1
77 229 0 1
78 229 0 1
80 229 0 1
81 229 0 1
85 229 0 1
86 229 0 1
107 229 0 1
108 229 0 1
110 229 0 1
111 229 0 1
130 229 0 1
132 229 0 1
133 229 0 1
55 230 0 1
56 230 0 1
63 230 0 1
70 230 0 1
71 230 0 1
105 230 0 1
59 231 0 1
63 231 0 1
69 231 0 1
70 231 0 1
71 231 0 1
73 231 0 1
75 231 0 1
77 231 0 1
107 231 0 1
127 231 0 1
2 232 0 1
61 232 0 1
62 232 0 1
72 232 0 1
73 232 0 1
74 232 0 1
75 232 0 1
76 232 0 1
77 232 0 1
78 232 0 1
80 232 0 1
81 232 0 1
85 232 0 1
86 232 0 1
108 232 0 1
110 232 0 1
111 232 0 1
122 232 0 1
125 232 0 1
130 232 0 1
132 232 0 1
133 232 0 1
63 233 0 1
70 233 0 1
71 233 0 1
77 233 0 1
105 233 0 1
2 234 0 1
72 234 0 1
74 234 0 1
75 234 0 1
76 234 0 1
78 234 0 1
80 234 0 1
81 234 0 1
107 234 0 1
108 234 0 1
110 234 0 1
111 234 0 1
114 234 0 1
115 234 0 1
121 234 0 1
122 234 0 1
123 234 0 1
124 234 0 1
125 234 0 1
126 234 0 1
129 234 0 1
130 234 0 1
132 234 0 1
133 234 0 1
2 235 0 1
72 235 0 1
73 235 0 1
74 235 0 1
75 235 0 1
76 235 0 1
77 235 0 1
78 235 0 1
80 235 0 1
81 235 0 1
86 235 0 1
107 235 0 1
108 235 0 1
110 235 0 1
111 235 0 1
112 235 0 1
114 235 0 1
115 235 0 1
116 235 0 1
120 235 0 1
121 235 0 1
122 235 0 1
123 235 0 1
124 235 0 1
125 235 0 1
126 235 0 1
129 235 0 1
130 235 0 1
132 235 0 1
133 235 0 1
2 236 0 1
71 236 0 1
72 236 0 1
73 236 0 1
75 236 0 1
77 236 0 1
85 236 0 1
86 236 0 1
107 236 0 1
108 236 0 1
110 236 0 1
111 236 0 1
112 236 0 1
114 236 0 1
115 236 0 1
116 236 0 1
122 236 0 1
123 236 0 1
124 236 0 1
125 236 0 1
126 236 0 1
129 236 0 1
130 236 0 1
132 236 0 1
133 236 0 1
70 237 0 1
71 237 0 1
73 237 0 1
77 237 0 1
105 237 0 1
107 237 0 1
127 237 0 1
128 237 0 1
70 238 0 1
71 238 0 1
73 238 0 1
75 238 0 1
77 238 0 1
107 238 0 1
108 238 0 1
110 238 0 1
112 238 0 1
116 238 0 1
123 238 0 1
124 238 0 1
126 238 0 1
127 238 0 1
128 238 0 1
129 238 0 1
133 238 0 1
2 239 0 1
71 239 0 1
72 239 0 1
73 239 0 1
75 239 0 1
77 239 0 1
85 239 0 1
86 239 0 1
107 239 0 1
108 239 0 1
110 239 0 1
111 239 0 1
112 239 0 1
114 239 0 1
115 239 0 1
116 239 0 1
118 239 0 1
120 239 0 1
121 239 0 1
123 239 0 1
124 239 0 1
125 239 0 1
126 239 0 1
127 239 0 1
129 239 0 1
132 239 0 1
133 239 0 1
2 240 0 1
71 240 0 1
72 240 0 1
73 240 0 1
75 240 0 1
77 240 0 1
85 240 0 1
86 240 0 1
107 240 0 1
108 240 0 1
110 240 0 1
111 240 0 1
112 240 0 1
114 240 0 1
115 240 0 1
116 240 0 1
120 240 0 1
122 240 0 1
123 240 0 1
124 240 0 1
125 240 0 1
126 240 0 1
129 240 0 1
130 240 0 1
132 240 0 1
133 240 0 1
2 241 0 1
75 241 0 1
107 241 0 1
108 241 0 1
110 241 0 1
112 241 0 1
114 241 0 1
115 241 0 1
116 241 0 1
118 241 0 1
120 241 0 1
121 241 0 1
123 241 0 1
124 241 0 1
126 241 0 1
127 241 0 1
128 241 0 1
129 241 0 1
133 241 0 1
112 242 0 1
113 242 0 1
116 242 0 1
117 242 0 1
118 242 0 1
119 242 0 1
127 242 0 1
128 242 0 1
129 242 0 1
105 243 0 1
113 243 0 1
117 243 0 1
118 243 0 1
119 243 0 1
127 243 0 1
128 243 0 1
105 244 0 1
113 244 0 1
117 244 0 1
118 244 0 1
119 244 0 1
127 244 0 1
128 244 0 1
105 245 0 1
113 245 0 1
117 245 0 1
119 245 0 1
127 245 0 1
128 245 0 1
105 246 0 1
113 246 0 1
117 246 0 1
119 246 0 1
128 246 0 1
105 247 0 1
113 247 0 1
117 247 0 1
118 247 0 1
119 247 0 1
127 247 0 1
128 247 0 1
105 248 0 1
113 248 0 1
117 248 0 1
119 248 0 1
128 248 0 1
105 249 0 1
113 249 0 1
117 249 0 1
119 249 0 1
127 249 0 1
128 249 0 1
105 250 0 1
113 250 0 1
117 250 0 1
118 250 0 1
119 250 0 1
127 250 0 1
128 250 0 1
75 251 0 1
77 251 0 1
107 251 0 1
108 251 0 1
110 251 0 1
112 251 0 1
114 251 0 1
115 251 0 1
116 251 0 1
118 251 0 1
120 251 0 1
121 251 0 1
123 251 0 1
124 251 0 1
126 251 0 1
127 251 0 1
129 251 0 1
133 251 0 1
75 252 0 1
107 252 0 1
108 252 0 1
110 252 0 1
112 252 0 1
114 252 0 1
115 252 0 1
116 252 0 1
118 252 0 1
120 252 0 1
121 252 0 1
123 252 0 1
124 252 0 1
126 252 0 1
127 252 0 1
128 252 0 1
129 252 0 1
133 252 0 1
75 253 0 1
107 253 0 1
108 253 0 1
110 253 0 1
112 253 0 1
115 253 0 1
116 253 0 1
118 253 0 1
119 253 0 1
120 253 0 1
123 253 0 1
124 253 0 1
126 253 0 1
127 253 0 1
128 253 0 1
129 253 0 1
133 253 0 1
105 254 0 1
113 254 0 1
117 254 0 1
119 254 0 1
128 254 0 1
105 255 0 1
113 255 0 1
117 255 0 1
118 255 0 1
119 255 0 1
127 255 0 1
128 255 0 1
105 256 0 1
113 256 0 1
117 256 0 1
119 256 0 1
127 256 0 1
128 256 0 1
105 257 0 1
107 257 0 1
112 257 0 1
113 257 0 1
116 257 0 1
117 257 0 1
118 257 0 1
119 257 0 1
127 257 0 1
128 257 0 1
129 257 0 1
105 258 0 1
113 258 0 1
117 258 0 1
119 258 0 1
127 258 0 1
128 258 0 1
105 259 0 1
113 259 0 1
117 259 0 1
119 259 0 1
128 259 0 1
105 260 0 1
113 260 0 1
117 260 0 1
119 260 0 1
127 260 0 1
128 260 0 1
70 261 0 1
71 261 0 1
73 261 0 1
75 261 0 1
77 261 0 1
107 261 0 1
108 261 0 1
110 261 0 1
112 261 0 1
114 261 0 1
115 261 0 1
116 261 0 1
118 261 0 1
120 261 0 1
123 261 0 1
124 261 0 1
126 261 0 1
127 261 0 1
128 261 0 1
129 261 0 1
132 261 0 1
133 261 0 1
70 262 0 1
71 262 0 1
77 262 0 1
105 262 0 1
107 262 0 1
112 262 0 1
113 262 0 1
116 262 0 1
118 262 0 1
119 262 0 1
127 262 0 1
128 262 0 1
129 262 0 1
105 263 0 1
113 263 0 1
117 263 0 1
119 263 0 1
128 263 0 1
105 264 0 1
113 264 0 1
117 264 0 1
119 264 0 1
127 264 0 1
128 264 0 1
70 265 0 1
71 265 0 1
77 265 0 1
105 265 0 1
107 265 0 1
113 265 0 1
117 265 0 1
118 265 0 1
119 265 0 1
127 265 0 1
128 265 0 1
105 266 0 1
113 266 0 1
117 266 0 1
119 266 0 1
127 266 0 1
128 266 0 1
70 267 0 1
77 267 0 1
105 267 0 1
107 267 0 1
108 267 0 1
112 267 0 1
113 267 0 1
116 267 0 1
117 267 0 1
118 267 0 1
119 267 0 1
123 267 0 1
127 267 0 1
128 267 0 1
129 267 0 1
2 268 0 1
60 268 0 1
61 268 0 1
62 268 0 1
72 268 0 1
74 268 0 1
75 268 0 1
76 268 0 1
78 268 0 1
80 268 0 1
81 268 0 1
82 268 0 1
83 268 0 1
85 268 0 1
86 268 0 1
108 268 0 1
110 268 0 1
111 268 0 1
122 268 0 1
125 268 0 1
130 268 0 1
132 268 0 1
133 268 0 1
2 269 0 1
59 269 0 1
71 269 0 1
72 269 0 1
73 269 0 1
74 269 0 1
75 269 0 1
76 269 0 1
77 269 0 1
78 269 0 1
80 269 0 1
81 269 0 1
85 269 0 1
86 269 0 1
107 269 0 1
108 269 0 1
110 269 0 1
111 269 0 1
122 269 0 1
123 269 0 1
124 269 0 1
125 269 0 1
126 269 0 1
130 269 0 1
132 269 0 1
133 269 0 1
2 270 0 1
59 270 0 1
71 270 0 1
72 270 0 1
73 270 0 1
74 270 0 1
75 270 0 1
76 270 0 1
77 270 0 1
80 270 0 1
81 270 0 1
85 270 0 1
86 270 0 1
107 270 0 1
108 270 0 1
110 270 0 1
111 270 0 1
112 270 0 1
114 270 0 1
115 270 0 1
116 270 0 1
121 270 0 1
122 270 0 1
123 270 0 1
124 270 0 1
125 270 0 1
126 270 0 1
129 270 0 1
130 270 0 1
132 270 0 1
133 270 0 1
59 271 0 1
63 271 0 1
70 271 0 1
71 271 0 1
72 271 0 1
73 271 0 1
75 271 0 1
77 271 0 1
85 271 0 1
86 271 0 1
107 271 0 1
108 271 0 1
110 271 0 1
123 271 0 1
124 271 0 1
133 271 0 1
63 272 0 1
70 272 0 1
71 272 0 1
73 272 0 1
75 272 0 1
77 272 0 1
107 272 0 1
127 272 0 1
128 272 0 1
63 273 0 1
70 273 0 1
71 273 0 1
77 273 0 1
105 273 0 1
127 273 0 1
128 273 0 1
2 274 0 1
59 274 0 1
62 274 0 1
72 274 0 1
73 274 0 1
74 274 0 1
75 274 0 1
76 274 0 1
77 274 0 1
78 274 0 1
80 274 0 1
81 274 0 1
85 274 0 1
86 274 0 1
107 274 0 1
108 274 0 1
110 274 0 1
111 274 0 1
122 274 0 1
123 274 0 1
124 274 0 1
125 274 0 1
126 274 0 1
130 274 0 1
132 274 0 1
133 274 0 1
2 275 0 1
72 275 0 1
73 275 0 1
74 275 0 1
75 275 0 1
76 275 0 1
77 275 0 1
78 275 0 1
80 275 0 1
81 275 0 1
85 275 0 1
86 275 0 1
107 275 0 1
108 275 0 1
110 275 0 1
111 275 0 1
114 275 0 1
115 275 0 1
122 275 0 1
123 275 0 1
124 275 0 1
125 275 0 1
126 275 0 1
129 275 0 1
130 275 0 1
132 275 0 1
133 275 0 1
59 276 0 1
70 276 0 1
71 276 0 1
72 276 0 1
73 276 0 1
75 276 0 1
77 276 0 1
85 276 0 1
86 276 0 1
107 276 0 1
108 276 0 1
110 276 0 1
112 276 0 1
123 276 0 1
124 276 0 1
126 276 0 1
129 276 0 1
132 276 0 1
133 276 0 1
59 277 0 1
63 277 0 1
70 277 0 1
71 277 0 1
72 277 0 1
73 277 0 1
75 277 0 1
77 277 0 1
85 277 0 1
86 277 0 1
107 277 0 1
108 277 0 1
110 277 0 1
112 277 0 1
123 277 0 1
124 277 0 1
126 277 0 1
127 277 0 1
129 277 0 1
132 277 0 1
133 277 0 1
63 278 0 1
70 278 0 1
71 278 0 1
73 278 0 1
77 278 0 1
105 278 0 1
107 278 0 1
127 278 0 1
128 278 0 1
2 279 0 1
58 279 0 1
60 279 0 1
74 279 0 1
76 279 0 1
78 279 0 1
79 279 0 1
80 279 0 1
81 279 0 1
82 279 0 1
83 279 0 1
84 279 0 1
106 279 0 1
109 279 0 1
131 279 0 1
105 280 0 1
2 281 0 1
57 281 0 1
58 281 0 1
60 281 0 1
61 281 0 1
67 281 0 1
74 281 0 1
76 281 0 1
78 281 0 1
79 281 0 1
80 281 0 1
81 281 0 1
82 281 0 1
83 281 0 1
84 281 0 1
96 281 0 1
131 281 0 1
59 282 0 1
63 282 0 1
65 282 0 1
69 282 0 1
70 282 0 1
71 282 0 1
72 282 0 1
73 282 0 1
75 282 0 1
77 282 0 1
85 282 0 1
86 282 0 1
107 282 0 1
133 282 0 1
55 283 0 1
56 283 0 1
63 283 0 1
66 283 0 1
69 283 0 1
70 283 0 1
71 283 0 1
55 284 0 1
56 284 0 1
63 284 0 1
66 284 0 1
70 284 0 1
55 285 0 1
59 285 0 1
63 285 0 1
69 285 0 1
70 285 0 1
71 285 0 1
73 285 0 1
75 285 0 1
77 285 0 1
86 285 0 1
87 285 0 1
2 286 0 1
57 286 0 1
58 286 0 1
60 286 0 1
61 286 0 1
67 286 0 1
74 286 0 1
76 286 0 1
78 286 0 1
79 286 0 1
80 286 0 1
81 286 0 1
82 286 0 1
83 286 0 1
84 286 0 1
130 286 0 1
131 286 0 1
2 287 0 1
58 287 0 1
60 287 0 1
61 287 0 1
62 287 0 1
64 287 0 1
67 287 0 1
68 287 0 1
72 287 0 1
74 287 0 1
75 287 0 1
76 287 0 1
78 287 0 1
80 287 0 1
81 287 0 1
82 287 0 1
83 287 0 1
85 287 0 1
86 287 0 1
130 287 0 1
132 287 0 1
55 288 0 1
56 288 0 1
59 288 0 1
63 288 0 1
65 288 0 1
66 288 0 1
69 288 0 1
70 288 0 1
71 288 0 1
73 288 0 1
77 288 0 1
87 288 0 1
88 288 0 1
99 288 0 1
2 289 0 1
58 289 0 1
60 289 0 1
61 289 0 1
62 289 0 1
64 289 0 1
67 289 0 1
68 289 0 1
72 289 0 1
74 289 0 1
76 289 0 1
78 289 0 1
80 289 0 1
81 289 0 1
82 289 0 1
83 289 0 1
84 289 0 1
85 289 0 1
86 289 0 1
89 289 0 1
98 289 0 1
130 289 0 1
2 290 0 1
59 290 0 1
60 290 0 1
61 290 0 1
62 290 0 1
64 290 0 1
68 290 0 1
72 290 0 1
73 290 0 1
74 290 0 1
75 290 0 1
76 290 0 1
77 290 0 1
78 290 0 1
80 290 0 1
81 290 0 1
85 290 0 1
86 290 0 1
130 290 0 1
132 290 0 1
133 290 0 1
2 291 0 1
58 291 0 1
60 291 0 1
61 291 0 1
62 291 0 1
64 291 0 1
67 291 0 1
72 291 0 1
74 291 0 1
76 291 0 1
78 291 0 1
80 291 0 1
81 291 0 1
82 291 0 1
83 291 0 1
85 291 0 1
86 291 0 1
130 291 0 1
132 291 0 1
2 292 0 1
60 292 0 1
61 292 0 1
62 292 0 1
68 292 0 1
72 292 0 1
73 292 0 1
74 292 0 1
75 292 0 1
76 292 0 1
78 292 0 1
80 292 0 1
81 292 0 1
82 292 0 1
85 292 0 1
86 292 0 1
111 292 0 1
122 292 0 1
130 292 0 1
132 292 0 1
133 292 0 1
2 293 0 1
59 293 0 1
62 293 0 1
71 293 0 1
72 293 0 1
73 293 0 1
74 293 0 1
75 293 0 1
76 293 0 1
77 293 0 1
78 293 0 1
80 293 0 1
81 293 0 1
85 293 0 1
86 293 0 1
107 293 0 1
108 293 0 1
110 293 0 1
130 293 0 1
132 293 0 1
133 293 0 1
2 294 0 1
59 294 0 1
62 294 0 1
71 294 0 1
72 294 0 1
73 294 0 1
75 294 0 1
76 294 0 1
77 294 0 1
80 294 0 1
85 294 0 1
86 294 0 1
107 294 0 1
108 294 0 1
110 294 0 1
130 294 0 1
132 294 0 1
133 294 0 1
