1 2 0 0
3 4 0 0
3 5 0 0
4 5 0 0
3 6 0 0
4 6 0 0
5 6 0 0
3 7 0 0
4 7 0 0
5 7 0 0
6 7 0 0
3 8 0 0
4 8 0 0
5 8 0 0
6 8 0 0
7 8 0 0
3 9 0 0
4 9 0 0
5 9 0 0
6 9 0 0
7 9 0 0
8 9 0 0
3 10 0 0
5 10 0 0
6 10 0 0
7 10 0 0
8 10 0 0
3 11 0 0
5 11 0 0
6 11 0 0
7 11 0 0
8 11 0 0
9 11 0 0
3 12 0 0
7 12 0 0
9 12 0 0
11 12 0 0
3 13 0 0
4 13 0 0
5 13 0 0
6 13 0 0
7 13 0 0
8 13 0 0
9 13 0 0
10 13 0 0
11 13 0 0
12 13 0 0
3 14 0 0
4 14 0 0
5 14 0 0
6 14 0 0
7 14 0 0
8 14 0 0
9 14 0 0
10 14 0 0
11 14 0 0
12 14 0 0
13 14 0 0
3 15 0 0
6 15 0 0
7 15 0 0
10 15 0 0
11 15 0 0
12 15 0 0
13 15 0 0
14 15 0 0
2 16 0 0
3 16 0 0
11 16 0 0
12 16 0 0
13 16 0 0
14 16 0 0
15 16 0 0
3 17 0 0
12 17 0 0
2 18 0 0
3 18 0 0
11 18 0 0
12 18 0 0
16 18 0 0
17 18 0 0
3 19 0 0
12 19 0 0
17 19 0 0
18 19 0 0
2 20 0 0
3 20 0 0
11 20 0 0
12 20 0 0
16 20 0 0
17 20 0 0
18 20 0 0
19 20 0 0
2 21 0 0
3 21 0 0
15 21 0 0
16 21 0 0
18 21 0 0
20 21 0 0
2 22 0 0
3 22 0 0
12 22 0 0
16 22 0 0
17 22 0 0
18 22 0 0
19 22 0 0
20 22 0 0
21 22 0 0
2 23 0 0
3 23 0 0
16 23 0 0
17 23 0 0
18 23 0 0
19 23 0 0
20 23 0 0
21 23 0 0
22 23 0 0
2 24 0 0
19 24 0 0
20 24 0 0
21 24 0 0
22 24 0 0
23 24 0 0
2 25 0 0
19 25 0 0
20 25 0 0
21 25 0 0
22 25 0 0
23 25 0 0
24 25 0 0
2 26 0 0
20 26 0 0
21 26 0 0
22 26 0 0
23 26 0 0
24 26 0 0
25 26 0 0
2 27 0 0
3 27 0 0
11 27 0 0
12 27 0 0
15 27 0 0
16 27 0 0
17 27 0 0
18 27 0 0
19 27 0 0
20 27 0 0
21 27 0 0
22 27 0 0
23 27 0 0
24 27 0 0
25 27 0 0
26 27 0 0
2 28 0 0
3 28 0 0
11 28 0 0
12 28 0 0
15 28 0 0
16 28 0 0
18 28 0 0
20 28 0 0
21 28 0 0
22 28 0 0
23 28 0 0
25 28 0 0
26 28 0 0
27 28 0 0
2 29 0 0
3 29 0 0
11 29 0 0
12 29 0 0
13 29 0 0
15 29 0 0
16 29 0 0
18 29 0 0
20 29 0 0
21 29 0 0
22 29 0 0
23 29 0 0
26 29 0 0
27 29 0 0
28 29 0 0
2 30 0 0
3 30 0 0
12 30 0 0
16 30 0 0
17 30 0 0
18 30 0 0
19 30 0 0
20 30 0 0
21 30 0 0
22 30 0 0
23 30 0 0
24 30 0 0
25 30 0 0
26 30 0 0
27 30 0 0
28 30 0 0
29 30 0 0
2 31 0 0
21 31 0 0
22 31 0 0
23 31 0 0
24 31 0 0
25 31 0 0
26 31 0 0
27 31 0 0
28 31 0 0
30 31 0 0
1 33 0 0
2 33 0 0
31 33 0 0
1 34 0 0
2 34 0 0
24 34 0 0
25 34 0 0
31 34 0 0
33 34 0 0
32 35 0 0
1 36 0 0
2 36 0 0
31 36 0 0
33 36 0 0
34 36 0 0
32 37 0 0
35 37 0 0
1 38 0 0
2 38 0 0
23 38 0 0
24 38 0 0
25 38 0 0
26 38 0 0
31 38 0 0
33 38 0 0
34 38 0 0
36 38 0 0
32 39 0 0
35 39 0 0
37 39 0 0
1 40 0 0
2 40 0 0
33 40 0 0
34 40 0 0
36 40 0 0
38 40 0 0
1 41 0 0
36 41 0 0
40 41 0 0
1 42 0 0
2 42 0 0
33 42 0 0
34 42 0 0
36 42 0 0
38 42 0 0
40 42 0 0
41 42 0 0
1 43 0 0
32 43 0 0
35 43 0 0
37 43 0 0
39 43 0 0
1 44 0 0
32 44 0 0
35 44 0 0
37 44 0 0
39 44 0 0
41 44 0 0
43 44 0 0
1 45 0 0
2 45 0 0
33 45 0 0
34 45 0 0
36 45 0 0
38 45 0 0
40 45 0 0
41 45 0 0
42 45 0 0
1 46 0 0
2 46 0 0
33 46 0 0
34 46 0 0
36 46 0 0
38 46 0 0
40 46 0 0
41 46 0 0
42 46 0 0
45 46 0 0
1 47 0 0
2 47 0 0
33 47 0 0
34 47 0 0
36 47 0 0
38 47 0 0
40 47 0 0
41 47 0 0
42 47 0 0
45 47 0 0
46 47 0 0
1 48 0 0
2 48 0 0
33 48 0 0
34 48 0 0
36 48 0 0
38 48 0 0
40 48 0 0
41 48 0 0
42 48 0 0
44 48 0 0
45 48 0 0
46 48 0 0
47 48 0 0
1 49 0 0
2 49 0 0
33 49 0 0
34 49 0 0
36 49 0 0
38 49 0 0
40 49 0 0
41 49 0 0
42 49 0 0
43 49 0 0
44 49 0 0
45 49 0 0
46 49 0 0
47 49 0 0
48 49 0 0
1 50 0 0
2 50 0 0
21 50 0 0
22 50 0 0
23 50 0 0
24 50 0 0
25 50 0 0
26 50 0 0
30 50 0 0
31 50 0 0
33 50 0 0
34 50 0 0
36 50 0 0
38 50 0 0
40 50 0 0
42 50 0 0
44 50 0 0
45 50 0 0
46 50 0 0
47 50 0 0
48 50 0 0
49 50 0 0
3 51 0 0
6 51 0 0
7 51 0 0
8 51 0 0
10 51 0 0
11 51 0 0
13 51 0 0
14 51 0 0
15 51 0 0
16 51 0 0
28 51 0 0
29 51 0 0
3 52 0 0
6 52 0 0
7 52 0 0
9 52 0 0
11 52 0 0
12 52 0 0
13 52 0 0
14 52 0 0
15 52 0 0
16 52 0 0
18 52 0 0
20 52 0 0
21 52 0 0
22 52 0 0
27 52 0 0
28 52 0 0
29 52 0 0
30 52 0 0
51 52 0 0
3 53 0 0
6 53 0 0
7 53 0 0
8 53 0 0
9 53 0 0
10 53 0 0
11 53 0 0
12 53 0 0
13 53 0 0
14 53 0 0
15 53 0 0
16 53 0 0
18 53 0 0
20 53 0 0
27 53 0 0
28 53 0 0
29 53 0 0
51 53 0 0
52 53 0 0
3 54 0 0
7 54 0 0
11 54 0 0
12 54 0 0
13 54 0 0
14 54 0 0
15 54 0 0
16 54 0 0
17 54 0 0
18 54 0 0
20 54 0 0
21 54 0 0
22 54 0 0
27 54 0 0
28 54 0 0
29 54 0 0
30 54 0 0
51 54 0 0
52 54 0 0
53 54 0 0
3 55 0 0
11 55 0 0
12 55 0 0
16 55 0 0
17 55 0 0
18 55 0 0
19 55 0 0
20 55 0 0
21 55 0 0
22 55 0 0
23 55 0 0
27 55 0 0
28 55 0 0
29 55 0 0
30 55 0 0
52 55 0 0
54 55 0 0
2 56 0 0
3 56 0 0
11 56 0 0
12 56 0 0
13 56 0 0
15 56 0 0
16 56 0 0
17 56 0 0
18 56 0 0
19 56 0 0
20 56 0 0
21 56 0 0
22 56 0 0
23 56 0 0
27 56 0 0
28 56 0 0
29 56 0 0
30 56 0 0
51 56 0 0
52 56 0 0
53 56 0 0
54 56 0 0
55 56 0 0
6 57 0 1
8 57 0 1
10 57 0 1
13 57 0 1
35 58 0 1
32 59 0 1
35 59 0 1
3 60 0 1
4 60 0 1
5 60 0 1
6 60 0 1
7 60 0 1
8 60 0 1
10 60 0 1
13 60 0 1
14 60 0 1
3 64 0 1
5 64 0 1
6 64 0 1
7 64 0 1
8 64 0 1
10 64 0 1
13 64 0 1
14 64 0 1
5 65 0 1
6 65 0 1
8 65 0 1
10 65 0 1
13 65 0 1
4 66 0 1
5 66 0 1
6 66 0 1
7 66 0 1
8 66 0 1
10 66 0 1
13 66 0 1
14 66 0 1
3 72 0 1
10 72 0 1
13 72 0 1
15 72 0 1
16 72 0 1
29 72 0 1
51 72 0 1
53 72 0 1
10 74 0 1
13 74 0 1
51 74 0 1
10 78 0 1
13 78 0 1
15 78 0 1
29 78 0 1
51 78 0 1
3 82 0 1
10 82 0 1
13 82 0 1
15 82 0 1
16 82 0 1
29 82 0 1
51 82 0 1
52 82 0 1
53 82 0 1
3 85 0 1
6 85 0 1
10 85 0 1
13 85 0 1
15 85 0 1
29 85 0 1
51 85 0 1
6 87 0 1
10 87 0 1
13 87 0 1
51 87 0 1
10 88 0 1
13 88 0 1
51 88 0 1
29 90 0 1
15 92 0 1
26 92 0 1
29 92 0 1
32 92 0 1
2 95 0 1
21 95 0 1
26 95 0 1
28 95 0 1
29 95 0 1
32 95 0 1
35 95 0 1
32 97 0 1
35 97 0 1
37 97 0 1
39 97 0 1
43 97 0 1
44 97 0 1
50 97 0 1
32 98 0 1
35 98 0 1
37 98 0 1
43 98 0 1
26 99 0 1
29 99 0 1
32 99 0 1
35 99 0 1
37 99 0 1
43 99 0 1
44 99 0 1
50 99 0 1
32 100 0 1
35 100 0 1
37 100 0 1
43 100 0 1
44 100 0 1
32 101 0 1
35 101 0 1
37 101 0 1
32 102 0 1
35 102 0 1
37 102 0 1
39 102 0 1
43 102 0 1
35 104 0 1
39 104 0 1
1 107 0 1
37 107 0 1
39 107 0 1
41 107 0 1
43 107 0 1
44 107 0 1
48 107 0 1
49 107 0 1
35 108 0 1
37 108 0 1
39 108 0 1
43 108 0 1
44 108 0 1
32 110 0 1
35 110 0 1
32 111 0 1
35 111 0 1
37 111 0 1
29 112 0 1
32 112 0 1
35 112 0 1
37 112 0 1
32 113 0 1
35 113 0 1
37 113 0 1
32 114 0 1
35 114 0 1
37 114 0 1
3 116 0 1
13 116 0 1
15 116 0 1
16 116 0 1
28 116 0 1
29 116 0 1
51 116 0 1
52 116 0 1
53 116 0 1
10 117 0 1
13 117 0 1
15 117 0 1
29 117 0 1
32 117 0 1
35 117 0 1
51 117 0 1
