1 3 0 0
2 3 0 0
1 4 0 0
2 4 0 0
3 4 0 0
1 5 0 0
2 5 0 0
3 5 0 0
4 5 0 0
1 6 0 0
2 6 0 0
3 6 0 0
4 6 0 0
5 6 0 0
1 7 0 0
1 8 0 0
2 8 0 0
3 8 0 0
4 8 0 0
5 8 0 0
6 8 0 0
1 9 0 0
2 9 0 0
3 9 0 0
4 9 0 0
5 9 0 0
6 9 0 0
8 9 0 0
1 10 0 0
7 10 0 0
1 11 0 0
2 11 0 0
3 11 0 0
4 11 0 0
5 11 0 0
6 11 0 0
8 11 0 0
9 11 0 0
1 12 0 0
3 12 0 0
4 12 0 0
8 12 0 0
9 12 0 0
1 13 0 0
3 13 0 0
4 13 0 0
5 13 0 0
6 13 0 0
8 13 0 0
9 13 0 0
11 13 0 0
12 13 0 0
1 14 0 0
3 14 0 0
4 14 0 0
8 14 0 0
9 14 0 0
11 14 0 0
12 14 0 0
13 14 0 0
1 15 0 0
7 15 0 0
10 15 0 0
1 16 0 0
10 16 0 0
15 16 0 0
1 17 0 0
7 17 0 0
10 17 0 0
15 17 0 0
16 17 0 0
1 18 0 0
7 18 0 0
10 18 0 0
15 18 0 0
16 18 0 0
17 18 0 0
1 19 0 0
7 19 0 0
10 19 0 0
12 19 0 0
14 19 0 0
15 19 0 0
17 19 0 0
18 19 0 0
1 20 0 0
7 20 0 0
10 20 0 0
15 20 0 0
16 20 0 0
17 20 0 0
18 20 0 0
19 20 0 0
1 21 0 0
7 21 0 0
10 21 0 0
15 21 0 0
16 21 0 0
17 21 0 0
18 21 0 0
19 21 0 0
20 21 0 0
1 22 0 0
7 22 0 0
10 22 0 0
15 22 0 0
17 22 0 0
18 22 0 0
19 22 0 0
20 22 0 0
21 22 0 0
1 23 0 0
7 23 0 0
10 23 0 0
15 23 0 0
16 23 0 0
17 23 0 0
18 23 0 0
19 23 0 0
20 23 0 0
21 23 0 0
22 23 0 0
1 24 0 0
7 24 0 0
10 24 0 0
15 24 0 0
17 24 0 0
18 24 0 0
19 24 0 0
20 24 0 0
21 24 0 0
22 24 0 0
23 24 0 0
1 25 0 0
7 25 0 0
10 25 0 0
15 25 0 0
16 25 0 0
17 25 0 0
18 25 0 0
19 25 0 0
20 25 0 0
21 25 0 0
22 25 0 0
23 25 0 0
24 25 0 0
1 26 0 0
10 26 0 0
15 26 0 0
16 26 0 0
17 26 0 0
18 26 0 0
19 26 0 0
20 26 0 0
21 26 0 0
22 26 0 0
23 26 0 0
24 26 0 0
25 26 0 0
2 43 0 1
3 43 0 1
4 43 0 1
5 43 0 1
6 43 0 1
2 44 0 1
3 44 0 1
4 44 0 1
6 44 0 1
2 45 0 1
3 45 0 1
4 45 0 1
5 45 0 1
6 45 0 1
15 52 0 1
16 52 0 1
17 52 0 1
16 54 0 1
2 68 0 1
