2 3 0 0
1 5 0 0
4 5 0 0
4 6 0 0
5 6 0 0
2 7 0 0
3 7 0 0
3 8 0 0
4 8 0 0
6 8 0 0
7 8 0 0
3 9 0 0
4 9 0 0
6 9 0 0
7 9 0 0
8 9 0 0
1 10 0 0
4 10 0 0
5 10 0 0
1 11 0 0
4 11 0 0
5 11 0 0
6 11 0 0
9 11 0 0
10 11 0 0
2 12 0 0
3 12 0 0
7 12 0 0
8 12 0 0
1 13 0 0
4 13 0 0
5 13 0 0
6 13 0 0
10 13 0 0
11 13 0 0
2 14 0 0
3 14 0 0
6 14 0 0
7 14 0 0
8 14 0 0
9 14 0 0
12 14 0 0
2 15 0 0
3 15 0 0
7 15 0 0
8 15 0 0
9 15 0 0
12 15 0 0
14 15 0 0
2 16 0 0
3 16 0 0
7 16 0 0
8 16 0 0
9 16 0 0
12 16 0 0
14 16 0 0
15 16 0 0
3 17 0 0
4 17 0 0
6 17 0 0
7 17 0 0
8 17 0 0
9 17 0 0
14 17 0 0
15 17 0 0
16 17 0 0
1 18 0 0
4 18 0 0
5 18 0 0
6 18 0 0
9 18 0 0
10 18 0 0
11 18 0 0
13 18 0 0
17 18 0 0
4 19 0 0
5 19 0 0
6 19 0 0
8 19 0 0
9 19 0 0
11 19 0 0
13 19 0 0
14 19 0 0
17 19 0 0
18 19 0 0
1 20 0 0
5 20 0 0
10 20 0 0
11 20 0 0
13 20 0 0
18 20 0 0
2 21 0 0
3 21 0 0
7 21 0 0
8 21 0 0
9 21 0 0
12 21 0 0
14 21 0 0
15 21 0 0
16 21 0 0
17 21 0 0
4 22 0 0
5 22 0 0
6 22 0 0
8 22 0 0
9 22 0 0
11 22 0 0
13 22 0 0
14 22 0 0
17 22 0 0
18 22 0 0
19 22 0 0
23 24 0 0
23 25 0 0
24 25 0 0
2 26 0 0
3 26 0 0
7 26 0 0
12 26 0 0
14 26 0 0
15 26 0 0
16 26 0 0
21 26 0 0
23 26 0 0
24 26 0 0
25 26 0 0
2 27 0 0
3 27 0 0
7 27 0 0
12 27 0 0
14 27 0 0
15 27 0 0
16 27 0 0
21 27 0 0
25 27 0 0
26 27 0 0
1 28 0 0
5 28 0 0
10 28 0 0
11 28 0 0
13 28 0 0
18 28 0 0
20 28 0 0
2 29 0 0
12 29 0 0
15 29 0 0
21 29 0 0
23 29 0 0
24 29 0 0
25 29 0 0
26 29 0 0
27 29 0 0
6 30 0 0
7 30 0 0
8 30 0 0
9 30 0 0
14 30 0 0
15 30 0 0
16 30 0 0
17 30 0 0
19 30 0 0
21 30 0 0
22 30 0 0
27 30 0 0
2 31 0 0
3 31 0 0
7 31 0 0
12 31 0 0
14 31 0 0
15 31 0 0
16 31 0 0
21 31 0 0
23 31 0 0
24 31 0 0
25 31 0 0
26 31 0 0
27 31 0 0
29 31 0 0
2 32 0 0
3 32 0 0
7 32 0 0
8 32 0 0
12 32 0 0
14 32 0 0
15 32 0 0
16 32 0 0
17 32 0 0
21 32 0 0
26 32 0 0
27 32 0 0
29 32 0 0
30 32 0 0
31 32 0 0
2 33 0 0
3 33 0 0
7 33 0 0
8 33 0 0
9 33 0 0
12 33 0 0
14 33 0 0
15 33 0 0
16 33 0 0
17 33 0 0
21 33 0 0
26 33 0 0
27 33 0 0
30 33 0 0
31 33 0 0
32 33 0 0
4 34 0 0
5 34 0 0
6 34 0 0
8 34 0 0
9 34 0 0
11 34 0 0
13 34 0 0
14 34 0 0
17 34 0 0
18 34 0 0
19 34 0 0
22 34 0 0
30 34 0 0
3 35 0 0
6 35 0 0
7 35 0 0
8 35 0 0
9 35 0 0
12 35 0 0
14 35 0 0
15 35 0 0
16 35 0 0
17 35 0 0
19 35 0 0
21 35 0 0
22 35 0 0
27 35 0 0
30 35 0 0
32 35 0 0
33 35 0 0
34 35 0 0
2 36 0 0
3 36 0 0
7 36 0 0
8 36 0 0
9 36 0 0
12 36 0 0
14 36 0 0
15 36 0 0
16 36 0 0
17 36 0 0
21 36 0 0
26 36 0 0
27 36 0 0
30 36 0 0
31 36 0 0
32 36 0 0
33 36 0 0
34 36 0 0
35 36 0 0
1 37 0 0
5 37 0 0
10 37 0 0
11 37 0 0
13 37 0 0
18 37 0 0
20 37 0 0
28 37 0 0
1 38 0 0
4 38 0 0
5 38 0 0
6 38 0 0
10 38 0 0
11 38 0 0
13 38 0 0
18 38 0 0
20 38 0 0
22 38 0 0
28 38 0 0
37 38 0 0
1 39 0 0
4 39 0 0
5 39 0 0
6 39 0 0
9 39 0 0
10 39 0 0
11 39 0 0
13 39 0 0
18 39 0 0
19 39 0 0
20 39 0 0
22 39 0 0
28 39 0 0
34 39 0 0
37 39 0 0
38 39 0 0
2 40 0 0
3 40 0 0
7 40 0 0
12 40 0 0
14 40 0 0
15 40 0 0
16 40 0 0
21 40 0 0
23 40 0 0
24 40 0 0
25 40 0 0
26 40 0 0
27 40 0 0
29 40 0 0
31 40 0 0
32 40 0 0
33 40 0 0
35 40 0 0
36 40 0 0
1 41 0 0
5 41 0 0
10 41 0 0
11 41 0 0
13 41 0 0
18 41 0 0
20 41 0 0
28 41 0 0
37 41 0 0
38 41 0 0
39 41 0 0
4 42 0 0
6 42 0 0
8 42 0 0
9 42 0 0
11 42 0 0
14 42 0 0
17 42 0 0
18 42 0 0
19 42 0 0
22 42 0 0
30 42 0 0
34 42 0 0
35 42 0 0
36 42 0 0
39 42 0 0
1 43 0 0
5 43 0 0
10 43 0 0
11 43 0 0
13 43 0 0
18 43 0 0
20 43 0 0
28 43 0 0
37 43 0 0
38 43 0 0
39 43 0 0
41 43 0 0
4 44 0 0
6 44 0 0
7 44 0 0
8 44 0 0
9 44 0 0
14 44 0 0
16 44 0 0
17 44 0 0
18 44 0 0
19 44 0 0
21 44 0 0
22 44 0 0
30 44 0 0
33 44 0 0
34 44 0 0
35 44 0 0
36 44 0 0
39 44 0 0
42 44 0 0
4 45 0 0
5 45 0 0
6 45 0 0
8 45 0 0
9 45 0 0
11 45 0 0
13 45 0 0
14 45 0 0
17 45 0 0
18 45 0 0
19 45 0 0
22 45 0 0
30 45 0 0
34 45 0 0
35 45 0 0
38 45 0 0
39 45 0 0
42 45 0 0
44 45 0 0
1 46 0 0
5 46 0 0
10 46 0 0
11 46 0 0
13 46 0 0
18 46 0 0
20 46 0 0
28 46 0 0
37 46 0 0
38 46 0 0
39 46 0 0
41 46 0 0
43 46 0 0
45 46 0 0
20 47 0 0
28 47 0 0
37 47 0 0
38 47 0 0
39 47 0 0
41 47 0 0
43 47 0 0
46 47 0 0
28 48 0 0
37 48 0 0
41 48 0 0
43 48 0 0
46 48 0 0
47 48 0 0
30 49 0 0
34 49 0 0
35 49 0 0
39 49 0 0
42 49 0 0
44 49 0 0
45 49 0 0
21 50 0 0
26 50 0 0
27 50 0 0
30 50 0 0
32 50 0 0
33 50 0 0
35 50 0 0
36 50 0 0
40 50 0 0
44 50 0 0
49 50 0 0
25 51 0 0
26 51 0 0
27 51 0 0
29 51 0 0
31 51 0 0
32 51 0 0
40 51 0 0
50 51 0 0
30 52 0 0
34 52 0 0
35 52 0 0
42 52 0 0
44 52 0 0
45 52 0 0
49 52 0 0
50 52 0 0
28 53 0 0
39 53 0 0
41 53 0 0
43 53 0 0
45 53 0 0
46 53 0 0
47 53 0 0
48 53 0 0
49 53 0 0
13 54 0 0
18 54 0 0
20 54 0 0
22 54 0 0
28 54 0 0
34 54 0 0
37 54 0 0
38 54 0 0
39 54 0 0
41 54 0 0
43 54 0 0
45 54 0 0
46 54 0 0
47 54 0 0
48 54 0 0
49 54 0 0
53 54 0 0
14 55 0 0
21 55 0 0
26 55 0 0
27 55 0 0
30 55 0 0
32 55 0 0
33 55 0 0
34 55 0 0
35 55 0 0
36 55 0 0
40 55 0 0
42 55 0 0
44 55 0 0
49 55 0 0
50 55 0 0
51 55 0 0
52 55 0 0
14 56 0 0
19 56 0 0
22 56 0 0
30 56 0 0
34 56 0 0
35 56 0 0
36 56 0 0
39 56 0 0
42 56 0 0
44 56 0 0
45 56 0 0
49 56 0 0
50 56 0 0
52 56 0 0
55 56 0 0
13 57 0 0
18 57 0 0
19 57 0 0
22 57 0 0
28 57 0 0
34 57 0 0
38 57 0 0
39 57 0 0
41 57 0 0
42 57 0 0
44 57 0 0
45 57 0 0
46 57 0 0
47 57 0 0
49 57 0 0
52 57 0 0
53 57 0 0
54 57 0 0
56 57 0 0
14 58 0 0
17 58 0 0
21 58 0 0
30 58 0 0
33 58 0 0
34 58 0 0
35 58 0 0
36 58 0 0
42 58 0 0
44 58 0 0
45 58 0 0
49 58 0 0
50 58 0 0
52 58 0 0
55 58 0 0
56 58 0 0
57 58 0 0
20 59 0 0
28 59 0 0
37 59 0 0
38 59 0 0
39 59 0 0
41 59 0 0
43 59 0 0
46 59 0 0
47 59 0 0
48 59 0 0
53 59 0 0
54 59 0 0
57 59 0 0
6 60 0 0
11 60 0 0
13 60 0 0
18 60 0 0
19 60 0 0
20 60 0 0
22 60 0 0
28 60 0 0
34 60 0 0
38 60 0 0
39 60 0 0
41 60 0 0
42 60 0 0
43 60 0 0
44 60 0 0
45 60 0 0
46 60 0 0
47 60 0 0
49 60 0 0
52 60 0 0
53 60 0 0
54 60 0 0
56 60 0 0
57 60 0 0
59 60 0 0
6 61 0 0
13 61 0 0
18 61 0 0
19 61 0 0
22 61 0 0
28 61 0 0
30 61 0 0
34 61 0 0
38 61 0 0
39 61 0 0
41 61 0 0
42 61 0 0
44 61 0 0
45 61 0 0
46 61 0 0
49 61 0 0
52 61 0 0
53 61 0 0
54 61 0 0
56 61 0 0
57 61 0 0
58 61 0 0
59 61 0 0
60 61 0 0
7 62 0 0
12 62 0 0
14 62 0 0
15 62 0 0
16 62 0 0
21 62 0 0
26 62 0 0
27 62 0 0
29 62 0 0
30 62 0 0
31 62 0 0
32 62 0 0
33 62 0 0
35 62 0 0
36 62 0 0
40 62 0 0
50 62 0 0
51 62 0 0
55 62 0 0
58 62 0 0
12 63 0 0
15 63 0 0
16 63 0 0
21 63 0 0
23 63 0 0
25 63 0 0
26 63 0 0
27 63 0 0
29 63 0 0
31 63 0 0
32 63 0 0
33 63 0 0
36 63 0 0
40 63 0 0
50 63 0 0
51 63 0 0
55 63 0 0
62 63 0 0
1 64 0 0
10 64 0 0
13 64 0 0
18 64 0 0
20 64 0 0
28 64 0 0
37 64 0 0
38 64 0 0
39 64 0 0
41 64 0 0
43 64 0 0
46 64 0 0
47 64 0 0
48 64 0 0
53 64 0 0
54 64 0 0
57 64 0 0
59 64 0 0
60 64 0 0
61 64 0 0
5 65 0 0
6 65 0 0
10 65 0 0
11 65 0 0
13 65 0 0
18 65 0 0
19 65 0 0
20 65 0 0
22 65 0 0
28 65 0 0
34 65 0 0
37 65 0 0
38 65 0 0
39 65 0 0
41 65 0 0
42 65 0 0
43 65 0 0
45 65 0 0
46 65 0 0
47 65 0 0
48 65 0 0
49 65 0 0
53 65 0 0
54 65 0 0
57 65 0 0
59 65 0 0
60 65 0 0
61 65 0 0
64 65 0 0
12 66 0 0
15 66 0 0
21 66 0 0
23 66 0 0
24 66 0 0
25 66 0 0
26 66 0 0
27 66 0 0
29 66 0 0
31 66 0 0
32 66 0 0
33 66 0 0
36 66 0 0
40 66 0 0
50 66 0 0
51 66 0 0
62 66 0 0
63 66 0 0
4 67 0 0
5 67 0 0
6 67 0 0
9 67 0 0
10 67 0 0
11 67 0 0
13 67 0 0
17 67 0 0
18 67 0 0
19 67 0 0
20 67 0 0
22 67 0 0
28 67 0 0
30 67 0 0
34 67 0 0
35 67 0 0
38 67 0 0
39 67 0 0
41 67 0 0
42 67 0 0
43 67 0 0
44 67 0 0
45 67 0 0
46 67 0 0
47 67 0 0
49 67 0 0
52 67 0 0
53 67 0 0
54 67 0 0
56 67 0 0
57 67 0 0
58 67 0 0
59 67 0 0
60 67 0 0
61 67 0 0
64 67 0 0
65 67 0 0
23 68 0 0
24 68 0 0
25 68 0 0
26 68 0 0
27 68 0 0
29 68 0 0
31 68 0 0
32 68 0 0
40 68 0 0
51 68 0 0
62 68 0 0
63 68 0 0
66 68 0 0
23 69 0 0
24 69 0 0
25 69 0 0
26 69 0 0
29 69 0 0
31 69 0 0
40 69 0 0
51 69 0 0
63 69 0 0
66 69 0 0
68 69 0 0
13 70 0 0
18 70 0 0
20 70 0 0
28 70 0 0
37 70 0 0
38 70 0 0
39 70 0 0
41 70 0 0
43 70 0 0
46 70 0 0
47 70 0 0
48 70 0 0
53 70 0 0
54 70 0 0
57 70 0 0
59 70 0 0
60 70 0 0
61 70 0 0
64 70 0 0
65 70 0 0
67 70 0 0
9 71 0 0
14 71 0 0
17 71 0 0
19 71 0 0
22 71 0 0
30 71 0 0
33 71 0 0
34 71 0 0
35 71 0 0
36 71 0 0
42 71 0 0
44 71 0 0
45 71 0 0
49 71 0 0
50 71 0 0
52 71 0 0
55 71 0 0
56 71 0 0
57 71 0 0
58 71 0 0
60 71 0 0
61 71 0 0
67 71 0 0
23 72 0 0
24 72 0 0
25 72 0 0
26 72 0 0
27 72 0 0
29 72 0 0
31 72 0 0
40 72 0 0
51 72 0 0
62 72 0 0
63 72 0 0
66 72 0 0
68 72 0 0
69 72 0 0
26 73 0 0
50 73 0 0
51 73 0 0
62 73 0 0
63 73 0 0
66 73 0 0
68 73 0 0
72 73 0 0
47 74 0 0
48 74 0 0
53 74 0 0
54 74 0 0
59 74 0 0
64 74 0 0
65 74 0 0
70 74 0 0
48 75 0 0
74 75 0 0
51 77 0 0
73 77 0 0
76 77 0 0
47 78 0 0
48 78 0 0
59 78 0 0
74 78 0 0
75 78 0 0
51 79 0 0
72 79 0 0
73 79 0 0
76 79 0 0
77 79 0 0
73 80 0 0
76 80 0 0
77 80 0 0
79 80 0 0
47 81 0 0
48 81 0 0
53 81 0 0
59 81 0 0
74 81 0 0
75 81 0 0
78 81 0 0
51 82 0 0
73 82 0 0
76 82 0 0
77 82 0 0
79 82 0 0
80 82 0 0
47 83 0 0
48 83 0 0
53 83 0 0
54 83 0 0
59 83 0 0
74 83 0 0
75 83 0 0
78 83 0 0
81 83 0 0
49 84 0 0
52 84 0 0
47 85 0 0
48 85 0 0
59 85 0 0
74 85 0 0
75 85 0 0
78 85 0 0
81 85 0 0
83 85 0 0
49 86 0 0
52 86 0 0
53 86 0 0
84 86 0 0
48 87 0 0
53 87 0 0
59 87 0 0
74 87 0 0
75 87 0 0
78 87 0 0
81 87 0 0
83 87 0 0
85 87 0 0
86 87 0 0
49 88 0 0
52 88 0 0
84 88 0 0
86 88 0 0
47 89 0 0
48 89 0 0
53 89 0 0
54 89 0 0
59 89 0 0
70 89 0 0
74 89 0 0
75 89 0 0
78 89 0 0
81 89 0 0
83 89 0 0
85 89 0 0
87 89 0 0
50 90 0 0
51 90 0 0
55 90 0 0
58 90 0 0
62 90 0 0
63 90 0 0
73 90 0 0
82 90 0 0
84 90 0 0
49 91 0 0
50 91 0 0
52 91 0 0
55 91 0 0
56 91 0 0
58 91 0 0
71 91 0 0
73 91 0 0
84 91 0 0
86 91 0 0
88 91 0 0
90 91 0 0
49 92 0 0
52 92 0 0
53 92 0 0
54 92 0 0
56 92 0 0
57 92 0 0
58 92 0 0
61 92 0 0
71 92 0 0
84 92 0 0
86 92 0 0
88 92 0 0
91 92 0 0
49 93 0 0
52 93 0 0
53 93 0 0
54 93 0 0
56 93 0 0
57 93 0 0
59 93 0 0
60 93 0 0
61 93 0 0
67 93 0 0
74 93 0 0
83 93 0 0
86 93 0 0
87 93 0 0
88 93 0 0
92 93 0 0
49 94 0 0
52 94 0 0
53 94 0 0
54 94 0 0
56 94 0 0
57 94 0 0
58 94 0 0
71 94 0 0
84 94 0 0
86 94 0 0
88 94 0 0
91 94 0 0
92 94 0 0
93 94 0 0
72 95 0 0
76 95 0 0
77 95 0 0
79 95 0 0
80 95 0 0
82 95 0 0
50 96 0 0
51 96 0 0
55 96 0 0
62 96 0 0
73 96 0 0
77 96 0 0
79 96 0 0
82 96 0 0
84 96 0 0
90 96 0 0
91 96 0 0
49 97 0 0
52 97 0 0
53 97 0 0
54 97 0 0
56 97 0 0
57 97 0 0
59 97 0 0
61 97 0 0
84 97 0 0
86 97 0 0
87 97 0 0
88 97 0 0
91 97 0 0
92 97 0 0
93 97 0 0
94 97 0 0
47 98 0 0
48 98 0 0
53 98 0 0
54 98 0 0
59 98 0 0
70 98 0 0
74 98 0 0
75 98 0 0
78 98 0 0
81 98 0 0
83 98 0 0
85 98 0 0
87 98 0 0
89 98 0 0
93 98 0 0
97 98 0 0
47 99 0 0
48 99 0 0
53 99 0 0
54 99 0 0
59 99 0 0
70 99 0 0
74 99 0 0
75 99 0 0
78 99 0 0
81 99 0 0
83 99 0 0
85 99 0 0
87 99 0 0
89 99 0 0
93 99 0 0
98 99 0 0
47 100 0 0
53 100 0 0
54 100 0 0
57 100 0 0
59 100 0 0
70 100 0 0
74 100 0 0
75 100 0 0
78 100 0 0
81 100 0 0
83 100 0 0
85 100 0 0
86 100 0 0
87 100 0 0
88 100 0 0
89 100 0 0
92 100 0 0
93 100 0 0
94 100 0 0
97 100 0 0
98 100 0 0
99 100 0 0
52 101 0 0
84 101 0 0
86 101 0 0
88 101 0 0
90 101 0 0
91 101 0 0
92 101 0 0
93 101 0 0
94 101 0 0
97 101 0 0
53 102 0 0
83 102 0 0
84 102 0 0
86 102 0 0
87 102 0 0
88 102 0 0
92 102 0 0
93 102 0 0
94 102 0 0
97 102 0 0
98 102 0 0
100 102 0 0
101 102 0 0
73 103 0 0
76 103 0 0
77 103 0 0
79 103 0 0
80 103 0 0
82 103 0 0
95 103 0 0
96 103 0 0
73 104 0 0
76 104 0 0
77 104 0 0
79 104 0 0
80 104 0 0
82 104 0 0
90 104 0 0
95 104 0 0
96 104 0 0
103 104 0 0
73 105 0 0
76 105 0 0
77 105 0 0
79 105 0 0
80 105 0 0
82 105 0 0
95 105 0 0
96 105 0 0
103 105 0 0
104 105 0 0
49 106 0 0
84 106 0 0
86 106 0 0
88 106 0 0
91 106 0 0
92 106 0 0
93 106 0 0
94 106 0 0
97 106 0 0
100 106 0 0
101 106 0 0
102 106 0 0
84 107 0 0
86 107 0 0
87 107 0 0
88 107 0 0
92 107 0 0
93 107 0 0
94 107 0 0
97 107 0 0
100 107 0 0
101 107 0 0
102 107 0 0
106 107 0 0
74 108 0 0
75 108 0 0
78 108 0 0
81 108 0 0
83 108 0 0
85 108 0 0
87 108 0 0
89 108 0 0
93 108 0 0
98 108 0 0
99 108 0 0
100 108 0 0
102 108 0 0
107 108 0 0
74 109 0 0
75 109 0 0
78 109 0 0
81 109 0 0
83 109 0 0
85 109 0 0
87 109 0 0
89 109 0 0
98 109 0 0
99 109 0 0
100 109 0 0
108 109 0 0
84 110 0 0
86 110 0 0
88 110 0 0
91 110 0 0
92 110 0 0
93 110 0 0
94 110 0 0
97 110 0 0
101 110 0 0
102 110 0 0
106 110 0 0
107 110 0 0
75 111 0 0
78 111 0 0
81 111 0 0
83 111 0 0
85 111 0 0
87 111 0 0
108 111 0 0
109 111 0 0
76 112 0 0
77 112 0 0
79 112 0 0
80 112 0 0
82 112 0 0
95 112 0 0
103 112 0 0
104 112 0 0
105 112 0 0
84 113 0 0
88 113 0 0
101 113 0 0
106 113 0 0
107 113 0 0
110 113 0 0
84 114 0 0
86 114 0 0
88 114 0 0
101 114 0 0
106 114 0 0
107 114 0 0
110 114 0 0
113 114 0 0
104 115 0 0
105 115 0 0
112 115 0 0
84 116 0 0
86 116 0 0
88 116 0 0
94 116 0 0
97 116 0 0
101 116 0 0
102 116 0 0
106 116 0 0
107 116 0 0
110 116 0 0
113 116 0 0
114 116 0 0
84 117 0 0
86 117 0 0
88 117 0 0
92 117 0 0
94 117 0 0
97 117 0 0
101 117 0 0
102 117 0 0
106 117 0 0
107 117 0 0
110 117 0 0
113 117 0 0
114 117 0 0
116 117 0 0
84 118 0 0
88 118 0 0
101 118 0 0
106 118 0 0
110 118 0 0
113 118 0 0
114 118 0 0
116 118 0 0
117 118 0 0
84 119 0 0
101 119 0 0
106 119 0 0
110 119 0 0
113 119 0 0
114 119 0 0
115 119 0 0
117 119 0 0
118 119 0 0
76 120 0 0
77 120 0 0
79 120 0 0
82 120 0 0
103 120 0 0
104 120 0 0
105 120 0 0
112 120 0 0
115 120 0 0
119 120 0 0
96 121 0 0
104 121 0 0
105 121 0 0
112 121 0 0
115 121 0 0
118 121 0 0
119 121 0 0
120 121 0 0
104 122 0 0
105 122 0 0
112 122 0 0
115 122 0 0
118 122 0 0
119 122 0 0
120 122 0 0
121 122 0 0
112 123 0 0
115 123 0 0
120 123 0 0
121 123 0 0
122 123 0 0
113 124 0 0
114 124 0 0
115 124 0 0
117 124 0 0
118 124 0 0
119 124 0 0
121 124 0 0
122 124 0 0
113 125 0 0
114 125 0 0
116 125 0 0
117 125 0 0
118 125 0 0
119 125 0 0
124 125 0 0
111 126 0 0
113 127 0 0
114 127 0 0
116 127 0 0
117 127 0 0
118 127 0 0
124 127 0 0
125 127 0 0
112 128 0 0
115 128 0 0
120 128 0 0
121 128 0 0
122 128 0 0
123 128 0 0
124 128 0 0
112 129 0 0
115 129 0 0
120 129 0 0
121 129 0 0
122 129 0 0
123 129 0 0
128 129 0 0
113 130 0 0
114 130 0 0
116 130 0 0
117 130 0 0
118 130 0 0
124 130 0 0
125 130 0 0
127 130 0 0
113 131 0 0
114 131 0 0
116 131 0 0
117 131 0 0
118 131 0 0
119 131 0 0
124 131 0 0
125 131 0 0
127 131 0 0
130 131 0 0
112 132 0 0
115 132 0 0
120 132 0 0
121 132 0 0
122 132 0 0
123 132 0 0
124 132 0 0
128 132 0 0
129 132 0 0
113 133 0 0
114 133 0 0
115 133 0 0
117 133 0 0
118 133 0 0
119 133 0 0
121 133 0 0
122 133 0 0
124 133 0 0
125 133 0 0
127 133 0 0
128 133 0 0
130 133 0 0
131 133 0 0
132 133 0 0
113 134 0 0
114 134 0 0
117 134 0 0
118 134 0 0
119 134 0 0
124 134 0 0
125 134 0 0
127 134 0 0
130 134 0 0
131 134 0 0
133 134 0 0
113 135 0 0
114 135 0 0
116 135 0 0
117 135 0 0
118 135 0 0
119 135 0 0
124 135 0 0
125 135 0 0
127 135 0 0
130 135 0 0
131 135 0 0
133 135 0 0
134 135 0 0
113 136 0 0
114 136 0 0
115 136 0 0
118 136 0 0
119 136 0 0
120 136 0 0
121 136 0 0
122 136 0 0
124 136 0 0
125 136 0 0
128 136 0 0
129 136 0 0
131 136 0 0
132 136 0 0
133 136 0 0
134 136 0 0
135 136 0 0
101 137 0 0
113 137 0 0
114 137 0 0
115 137 0 0
117 137 0 0
118 137 0 0
119 137 0 0
120 137 0 0
121 137 0 0
122 137 0 0
124 137 0 0
125 137 0 0
127 137 0 0
128 137 0 0
131 137 0 0
132 137 0 0
133 137 0 0
134 137 0 0
135 137 0 0
136 137 0 0
75 138 0 0
85 138 0 0
87 138 0 0
108 138 0 0
109 138 0 0
111 138 0 0
126 138 0 0
84 139 0 0
101 139 0 0
106 139 0 0
110 139 0 0
113 139 0 0
114 139 0 0
115 139 0 0
116 139 0 0
117 139 0 0
118 139 0 0
119 139 0 0
121 139 0 0
122 139 0 0
124 139 0 0
125 139 0 0
127 139 0 0
130 139 0 0
131 139 0 0
133 139 0 0
134 139 0 0
135 139 0 0
136 139 0 0
137 139 0 0
112 140 0 0
113 140 0 0
115 140 0 0
118 140 0 0
119 140 0 0
120 140 0 0
121 140 0 0
122 140 0 0
123 140 0 0
124 140 0 0
125 140 0 0
128 140 0 0
129 140 0 0
132 140 0 0
133 140 0 0
136 140 0 0
137 140 0 0
139 140 0 0
109 141 0 0
111 141 0 0
116 141 0 0
117 141 0 0
126 141 0 0
127 141 0 0
130 141 0 0
138 141 0 0
112 142 0 0
115 142 0 0
119 142 0 0
120 142 0 0
121 142 0 0
122 142 0 0
123 142 0 0
124 142 0 0
128 142 0 0
129 142 0 0
132 142 0 0
133 142 0 0
136 142 0 0
137 142 0 0
140 142 0 0
113 143 0 0
114 143 0 0
115 143 0 0
118 143 0 0
119 143 0 0
120 143 0 0
121 143 0 0
122 143 0 0
124 143 0 0
125 143 0 0
128 143 0 0
131 143 0 0
132 143 0 0
133 143 0 0
134 143 0 0
135 143 0 0
136 143 0 0
137 143 0 0
139 143 0 0
140 143 0 0
142 143 0 0
123 144 0 0
128 144 0 0
129 144 0 0
126 145 0 0
124 146 0 0
128 146 0 0
129 146 0 0
132 146 0 0
133 146 0 0
142 146 0 0
143 146 0 0
124 147 0 0
125 147 0 0
127 147 0 0
131 147 0 0
132 147 0 0
133 147 0 0
134 147 0 0
135 147 0 0
137 147 0 0
143 147 0 0
146 147 0 0
123 148 0 0
128 148 0 0
129 148 0 0
132 148 0 0
142 148 0 0
144 148 0 0
146 148 0 0
125 149 0 0
127 149 0 0
130 149 0 0
131 149 0 0
133 149 0 0
134 149 0 0
135 149 0 0
141 149 0 0
123 150 0 0
124 150 0 0
125 150 0 0
128 150 0 0
129 150 0 0
132 150 0 0
133 150 0 0
134 150 0 0
136 150 0 0
137 150 0 0
140 150 0 0
142 150 0 0
143 150 0 0
146 150 0 0
147 150 0 0
148 150 0 0
115 151 0 0
122 151 0 0
123 151 0 0
124 151 0 0
128 151 0 0
129 151 0 0
132 151 0 0
133 151 0 0
136 151 0 0
137 151 0 0
140 151 0 0
142 151 0 0
143 151 0 0
146 151 0 0
147 151 0 0
148 151 0 0
150 151 0 0
126 152 0 0
127 152 0 0
130 152 0 0
141 152 0 0
145 152 0 0
149 152 0 0
124 153 0 0
125 153 0 0
127 153 0 0
128 153 0 0
131 153 0 0
132 153 0 0
133 153 0 0
134 153 0 0
135 153 0 0
136 153 0 0
137 153 0 0
139 153 0 0
140 153 0 0
142 153 0 0
143 153 0 0
146 153 0 0
147 153 0 0
150 153 0 0
151 153 0 0
126 154 0 0
138 154 0 0
141 154 0 0
145 154 0 0
152 154 0 0
126 155 0 0
141 155 0 0
145 155 0 0
149 155 0 0
152 155 0 0
154 155 0 0
123 156 0 0
128 156 0 0
129 156 0 0
132 156 0 0
144 156 0 0
148 156 0 0
151 156 0 0
125 157 0 0
127 157 0 0
130 157 0 0
131 157 0 0
133 157 0 0
134 157 0 0
135 157 0 0
149 157 0 0
152 157 0 0
155 157 0 0
126 158 0 0
127 158 0 0
130 158 0 0
141 158 0 0
145 158 0 0
149 158 0 0
152 158 0 0
154 158 0 0
155 158 0 0
157 158 0 0
123 159 0 0
128 159 0 0
129 159 0 0
132 159 0 0
140 159 0 0
142 159 0 0
144 159 0 0
146 159 0 0
147 159 0 0
148 159 0 0
150 159 0 0
151 159 0 0
153 159 0 0
156 159 0 0
126 160 0 0
127 160 0 0
130 160 0 0
135 160 0 0
141 160 0 0
145 160 0 0
149 160 0 0
152 160 0 0
154 160 0 0
155 160 0 0
157 160 0 0
158 160 0 0
124 161 0 0
125 161 0 0
128 161 0 0
131 161 0 0
132 161 0 0
133 161 0 0
134 161 0 0
135 161 0 0
136 161 0 0
137 161 0 0
142 161 0 0
143 161 0 0
146 161 0 0
147 161 0 0
150 161 0 0
151 161 0 0
153 161 0 0
159 161 0 0
112 162 0 0
115 162 0 0
120 162 0 0
122 162 0 0
123 162 0 0
128 162 0 0
129 162 0 0
132 162 0 0
140 162 0 0
142 162 0 0
144 162 0 0
146 162 0 0
148 162 0 0
150 162 0 0
151 162 0 0
156 162 0 0
159 162 0 0
114 163 0 0
117 163 0 0
125 163 0 0
126 163 0 0
127 163 0 0
130 163 0 0
131 163 0 0
134 163 0 0
135 163 0 0
141 163 0 0
149 163 0 0
152 163 0 0
155 163 0 0
157 163 0 0
158 163 0 0
160 163 0 0
112 164 0 0
115 164 0 0
120 164 0 0
121 164 0 0
122 164 0 0
123 164 0 0
128 164 0 0
129 164 0 0
132 164 0 0
136 164 0 0
140 164 0 0
142 164 0 0
143 164 0 0
144 164 0 0
146 164 0 0
148 164 0 0
150 164 0 0
151 164 0 0
156 164 0 0
159 164 0 0
162 164 0 0
113 165 0 0
114 165 0 0
115 165 0 0
118 165 0 0
119 165 0 0
121 165 0 0
122 165 0 0
124 165 0 0
125 165 0 0
127 165 0 0
128 165 0 0
131 165 0 0
132 165 0 0
133 165 0 0
134 165 0 0
135 165 0 0
136 165 0 0
137 165 0 0
139 165 0 0
140 165 0 0
142 165 0 0
143 165 0 0
146 165 0 0
147 165 0 0
150 165 0 0
151 165 0 0
153 165 0 0
159 165 0 0
161 165 0 0
164 165 0 0
126 166 0 0
138 166 0 0
141 166 0 0
145 166 0 0
152 166 0 0
154 166 0 0
155 166 0 0
158 166 0 0
123 167 0 0
128 167 0 0
129 167 0 0
132 167 0 0
142 167 0 0
144 167 0 0
148 167 0 0
151 167 0 0
156 167 0 0
159 167 0 0
162 167 0 0
164 167 0 0
115 168 0 0
120 168 0 0
121 168 0 0
122 168 0 0
123 168 0 0
128 168 0 0
129 168 0 0
132 168 0 0
136 168 0 0
137 168 0 0
140 168 0 0
142 168 0 0
143 168 0 0
144 168 0 0
146 168 0 0
147 168 0 0
148 168 0 0
150 168 0 0
151 168 0 0
153 168 0 0
156 168 0 0
159 168 0 0
161 168 0 0
162 168 0 0
164 168 0 0
165 168 0 0
167 168 0 0
113 169 0 0
114 169 0 0
119 169 0 0
124 169 0 0
125 169 0 0
127 169 0 0
130 169 0 0
131 169 0 0
132 169 0 0
133 169 0 0
134 169 0 0
135 169 0 0
136 169 0 0
137 169 0 0
139 169 0 0
140 169 0 0
142 169 0 0
143 169 0 0
146 169 0 0
147 169 0 0
150 169 0 0
151 169 0 0
153 169 0 0
157 169 0 0
161 169 0 0
165 169 0 0
168 169 0 0
126 170 0 0
127 170 0 0
130 170 0 0
138 170 0 0
141 170 0 0
145 170 0 0
149 170 0 0
152 170 0 0
154 170 0 0
155 170 0 0
157 170 0 0
158 170 0 0
160 170 0 0
163 170 0 0
166 170 0 0
126 171 0 0
127 171 0 0
130 171 0 0
131 171 0 0
135 171 0 0
141 171 0 0
149 171 0 0
152 171 0 0
155 171 0 0
157 171 0 0
158 171 0 0
160 171 0 0
163 171 0 0
166 171 0 0
170 171 0 0
113 172 0 0
114 172 0 0
125 172 0 0
127 172 0 0
130 172 0 0
131 172 0 0
133 172 0 0
134 172 0 0
135 172 0 0
141 172 0 0
149 172 0 0
152 172 0 0
155 172 0 0
157 172 0 0
158 172 0 0
160 172 0 0
163 172 0 0
169 172 0 0
170 172 0 0
171 172 0 0
73 173 0 0
77 173 0 0
82 173 0 0
84 173 0 0
90 173 0 0
91 173 0 0
96 173 0 0
103 173 0 0
104 173 0 0
105 173 0 0
112 173 0 0
115 173 0 0
118 173 0 0
119 173 0 0
120 173 0 0
121 173 0 0
122 173 0 0
128 173 0 0
136 173 0 0
137 173 0 0
139 173 0 0
140 173 0 0
142 173 0 0
143 173 0 0
83 174 0 0
85 174 0 0
86 174 0 0
87 174 0 0
88 174 0 0
93 174 0 0
94 174 0 0
97 174 0 0
98 174 0 0
99 174 0 0
100 174 0 0
102 174 0 0
106 174 0 0
107 174 0 0
108 174 0 0
109 174 0 0
110 174 0 0
116 174 0 0
117 174 0 0
138 174 0 0
141 174 0 0
84 175 0 0
86 175 0 0
88 175 0 0
92 175 0 0
93 175 0 0
94 175 0 0
97 175 0 0
100 175 0 0
101 175 0 0
102 175 0 0
106 175 0 0
107 175 0 0
110 175 0 0
113 175 0 0
114 175 0 0
116 175 0 0
117 175 0 0
118 175 0 0
119 175 0 0
125 175 0 0
127 175 0 0
130 175 0 0
131 175 0 0
139 175 0 0
174 175 0 0
84 176 0 0
86 176 0 0
88 176 0 0
91 176 0 0
92 176 0 0
94 176 0 0
97 176 0 0
101 176 0 0
102 176 0 0
106 176 0 0
107 176 0 0
110 176 0 0
113 176 0 0
114 176 0 0
116 176 0 0
117 176 0 0
118 176 0 0
119 176 0 0
124 176 0 0
125 176 0 0
130 176 0 0
131 176 0 0
134 176 0 0
135 176 0 0
136 176 0 0
137 176 0 0
139 176 0 0
143 176 0 0
175 176 0 0
73 177 0 0
76 177 0 0
77 177 0 0
79 177 0 0
80 177 0 0
82 177 0 0
90 177 0 0
96 177 0 0
103 177 0 0
104 177 0 0
105 177 0 0
112 177 0 0
115 177 0 0
119 177 0 0
120 177 0 0
121 177 0 0
122 177 0 0
123 177 0 0
128 177 0 0
129 177 0 0
132 177 0 0
136 177 0 0
137 177 0 0
140 177 0 0
142 177 0 0
143 177 0 0
173 177 0 0
73 178 0 0
76 178 0 0
77 178 0 0
79 178 0 0
80 178 0 0
82 178 0 0
95 178 0 0
96 178 0 0
103 178 0 0
104 178 0 0
105 178 0 0
112 178 0 0
115 178 0 0
120 178 0 0
121 178 0 0
122 178 0 0
123 178 0 0
128 178 0 0
129 178 0 0
140 178 0 0
142 178 0 0
173 178 0 0
177 178 0 0
76 179 0 0
77 179 0 0
79 179 0 0
80 179 0 0
82 179 0 0
95 179 0 0
103 179 0 0
104 179 0 0
105 179 0 0
112 179 0 0
115 179 0 0
120 179 0 0
122 179 0 0
123 179 0 0
128 179 0 0
129 179 0 0
140 179 0 0
142 179 0 0
164 179 0 0
173 179 0 0
177 179 0 0
178 179 0 0
83 180 0 0
86 180 0 0
87 180 0 0
88 180 0 0
92 180 0 0
93 180 0 0
94 180 0 0
97 180 0 0
100 180 0 0
101 180 0 0
102 180 0 0
106 180 0 0
107 180 0 0
108 180 0 0
110 180 0 0
113 180 0 0
114 180 0 0
116 180 0 0
117 180 0 0
127 180 0 0
130 180 0 0
141 180 0 0
174 180 0 0
175 180 0 0
176 180 0 0
84 181 0 0
86 181 0 0
88 181 0 0
92 181 0 0
94 181 0 0
97 181 0 0
101 181 0 0
102 181 0 0
106 181 0 0
107 181 0 0
110 181 0 0
113 181 0 0
114 181 0 0
116 181 0 0
117 181 0 0
118 181 0 0
119 181 0 0
124 181 0 0
125 181 0 0
127 181 0 0
130 181 0 0
131 181 0 0
133 181 0 0
134 181 0 0
135 181 0 0
136 181 0 0
137 181 0 0
139 181 0 0
143 181 0 0
174 181 0 0
175 181 0 0
176 181 0 0
180 181 0 0
30 182 0 0
42 182 0 0
49 182 0 0
50 182 0 0
52 182 0 0
55 182 0 0
56 182 0 0
57 182 0 0
58 182 0 0
60 182 0 0
61 182 0 0
67 182 0 0
71 182 0 0
84 182 0 0
86 182 0 0
88 182 0 0
91 182 0 0
92 182 0 0
93 182 0 0
94 182 0 0
97 182 0 0
100 182 0 0
101 182 0 0
102 182 0 0
106 182 0 0
107 182 0 0
110 182 0 0
175 182 0 0
176 182 0 0
181 182 0 0
39 183 0 0
45 183 0 0
49 183 0 0
52 183 0 0
53 183 0 0
54 183 0 0
56 183 0 0
57 183 0 0
58 183 0 0
59 183 0 0
60 183 0 0
61 183 0 0
65 183 0 0
67 183 0 0
71 183 0 0
84 183 0 0
86 183 0 0
87 183 0 0
88 183 0 0
91 183 0 0
92 183 0 0
93 183 0 0
94 183 0 0
97 183 0 0
100 183 0 0
101 183 0 0
102 183 0 0
106 183 0 0
107 183 0 0
110 183 0 0
174 183 0 0
175 183 0 0
176 183 0 0
182 183 0 0
28 184 0 0
37 184 0 0
43 184 0 0
46 184 0 0
47 184 0 0
48 184 0 0
53 184 0 0
54 184 0 0
59 184 0 0
64 184 0 0
65 184 0 0
70 184 0 0
74 184 0 0
75 184 0 0
78 184 0 0
81 184 0 0
83 184 0 0
85 184 0 0
87 184 0 0
89 184 0 0
98 184 0 0
99 184 0 0
100 184 0 0
108 184 0 0
109 184 0 0
28 185 0 0
37 185 0 0
39 185 0 0
41 185 0 0
43 185 0 0
46 185 0 0
47 185 0 0
48 185 0 0
53 185 0 0
54 185 0 0
57 185 0 0
59 185 0 0
60 185 0 0
61 185 0 0
64 185 0 0
65 185 0 0
67 185 0 0
70 185 0 0
74 185 0 0
75 185 0 0
78 185 0 0
81 185 0 0
83 185 0 0
85 185 0 0
87 185 0 0
89 185 0 0
93 185 0 0
98 185 0 0
99 185 0 0
100 185 0 0
102 185 0 0
108 185 0 0
109 185 0 0
183 185 0 0
184 185 0 0
30 186 0 0
35 186 0 0
44 186 0 0
49 186 0 0
50 186 0 0
52 186 0 0
55 186 0 0
56 186 0 0
58 186 0 0
62 186 0 0
71 186 0 0
84 186 0 0
86 186 0 0
88 186 0 0
90 186 0 0
91 186 0 0
92 186 0 0
94 186 0 0
96 186 0 0
97 186 0 0
101 186 0 0
182 186 0 0
183 186 0 0
24 187 0 0
25 187 0 0
26 187 0 0
27 187 0 0
29 187 0 0
50 187 0 0
51 187 0 0
62 187 0 0
63 187 0 0
66 187 0 0
68 187 0 0
69 187 0 0
72 187 0 0
73 187 0 0
76 187 0 0
77 187 0 0
79 187 0 0
80 187 0 0
82 187 0 0
90 187 0 0
95 187 0 0
96 187 0 0
103 187 0 0
104 187 0 0
105 187 0 0
173 187 0 0
177 187 0 0
26 188 0 0
27 188 0 0
29 188 0 0
40 188 0 0
50 188 0 0
51 188 0 0
55 188 0 0
62 188 0 0
63 188 0 0
66 188 0 0
68 188 0 0
69 188 0 0
72 188 0 0
73 188 0 0
77 188 0 0
79 188 0 0
80 188 0 0
82 188 0 0
90 188 0 0
96 188 0 0
103 188 0 0
104 188 0 0
187 188 0 0
2 189 0 0
12 189 0 0
15 189 0 0
23 189 0 0
24 189 0 0
25 189 0 0
26 189 0 0
27 189 0 0
29 189 0 0
31 189 0 0
32 189 0 0
40 189 0 0
50 189 0 0
51 189 0 0
62 189 0 0
63 189 0 0
66 189 0 0
68 189 0 0
69 189 0 0
72 189 0 0
73 189 0 0
76 189 0 0
77 189 0 0
79 189 0 0
80 189 0 0
82 189 0 0
90 189 0 0
95 189 0 0
96 189 0 0
103 189 0 0
104 189 0 0
105 189 0 0
178 189 0 0
179 189 0 0
187 189 0 0
188 189 0 0
26 190 0 0
29 190 0 0
51 190 0 0
62 190 0 0
63 190 0 0
66 190 0 0
68 190 0 0
69 190 0 0
72 190 0 0
73 190 0 0
76 190 0 0
77 190 0 0
79 190 0 0
80 190 0 0
82 190 0 0
90 190 0 0
95 190 0 0
96 190 0 0
103 190 0 0
104 190 0 0
105 190 0 0
178 190 0 0
187 190 0 0
188 190 0 0
189 190 0 0
47 191 0 0
49 191 0 0
52 191 0 0
53 191 0 0
54 191 0 0
56 191 0 0
57 191 0 0
59 191 0 0
60 191 0 0
61 191 0 0
65 191 0 0
67 191 0 0
70 191 0 0
71 191 0 0
74 191 0 0
83 191 0 0
86 191 0 0
87 191 0 0
88 191 0 0
92 191 0 0
93 191 0 0
94 191 0 0
97 191 0 0
98 191 0 0
100 191 0 0
102 191 0 0
106 191 0 0
107 191 0 0
110 191 0 0
182 191 0 0
183 191 0 0
184 191 0 0
185 191 0 0
30 192 0 0
49 192 0 0
50 192 0 0
52 192 0 0
55 192 0 0
56 192 0 0
58 192 0 0
71 192 0 0
84 192 0 0
86 192 0 0
88 192 0 0
90 192 0 0
91 192 0 0
92 192 0 0
93 192 0 0
94 192 0 0
97 192 0 0
101 192 0 0
106 192 0 0
107 192 0 0
110 192 0 0
176 192 0 0
182 192 0 0
183 192 0 0
186 192 0 0
191 192 0 0
1 193 0 1
4 193 0 1
5 193 0 1
10 193 0 1
11 193 0 1
13 193 0 1
18 193 0 1
20 193 0 1
28 193 0 1
37 193 0 1
38 193 0 1
39 193 0 1
41 193 0 1
43 193 0 1
46 193 0 1
67 193 0 1
1 194 0 1
5 194 0 1
10 194 0 1
11 194 0 1
13 194 0 1
20 194 0 1
28 194 0 1
37 194 0 1
38 194 0 1
39 194 0 1
41 194 0 1
43 194 0 1
46 194 0 1
2 195 0 1
12 195 0 1
23 195 0 1
24 195 0 1
25 195 0 1
26 195 0 1
29 195 0 1
31 195 0 1
32 195 0 1
40 195 0 1
66 195 0 1
68 195 0 1
189 195 0 1
2 196 0 1
3 196 0 1
7 196 0 1
8 196 0 1
12 196 0 1
14 196 0 1
15 196 0 1
16 196 0 1
21 196 0 1
26 196 0 1
27 196 0 1
31 196 0 1
32 196 0 1
33 196 0 1
36 196 0 1
40 196 0 1
189 196 0 1
2 197 0 1
3 197 0 1
7 197 0 1
8 197 0 1
9 197 0 1
12 197 0 1
14 197 0 1
15 197 0 1
16 197 0 1
17 197 0 1
21 197 0 1
27 197 0 1
30 197 0 1
31 197 0 1
32 197 0 1
33 197 0 1
35 197 0 1
36 197 0 1
40 197 0 1
44 197 0 1
2 198 0 1
3 198 0 1
7 198 0 1
8 198 0 1
9 198 0 1
12 198 0 1
14 198 0 1
15 198 0 1
16 198 0 1
17 198 0 1
19 198 0 1
21 198 0 1
30 198 0 1
32 198 0 1
33 198 0 1
34 198 0 1
35 198 0 1
36 198 0 1
40 198 0 1
42 198 0 1
44 198 0 1
3 199 0 1
4 199 0 1
5 199 0 1
6 199 0 1
7 199 0 1
8 199 0 1
9 199 0 1
11 199 0 1
14 199 0 1
16 199 0 1
17 199 0 1
18 199 0 1
19 199 0 1
21 199 0 1
22 199 0 1
30 199 0 1
33 199 0 1
34 199 0 1
35 199 0 1
36 199 0 1
39 199 0 1
42 199 0 1
44 199 0 1
45 199 0 1
67 199 0 1
2 200 0 1
3 200 0 1
7 200 0 1
8 200 0 1
9 200 0 1
12 200 0 1
14 200 0 1
15 200 0 1
16 200 0 1
17 200 0 1
21 200 0 1
26 200 0 1
27 200 0 1
30 200 0 1
31 200 0 1
32 200 0 1
33 200 0 1
35 200 0 1
36 200 0 1
40 200 0 1
44 200 0 1
4 201 0 1
5 201 0 1
6 201 0 1
8 201 0 1
9 201 0 1
11 201 0 1
13 201 0 1
14 201 0 1
17 201 0 1
18 201 0 1
19 201 0 1
22 201 0 1
30 201 0 1
34 201 0 1
35 201 0 1
39 201 0 1
42 201 0 1
44 201 0 1
45 201 0 1
67 201 0 1
1 202 0 1
4 202 0 1
5 202 0 1
6 202 0 1
9 202 0 1
10 202 0 1
11 202 0 1
13 202 0 1
17 202 0 1
18 202 0 1
19 202 0 1
20 202 0 1
22 202 0 1
34 202 0 1
38 202 0 1
39 202 0 1
41 202 0 1
42 202 0 1
44 202 0 1
45 202 0 1
46 202 0 1
60 202 0 1
61 202 0 1
65 202 0 1
67 202 0 1
23 203 0 1
24 203 0 1
25 203 0 1
26 203 0 1
29 203 0 1
31 203 0 1
40 203 0 1
66 203 0 1
68 203 0 1
69 203 0 1
72 203 0 1
189 203 0 1
3 204 0 1
6 204 0 1
7 204 0 1
8 204 0 1
9 204 0 1
12 204 0 1
14 204 0 1
15 204 0 1
16 204 0 1
17 204 0 1
19 204 0 1
21 204 0 1
22 204 0 1
27 204 0 1
30 204 0 1
32 204 0 1
33 204 0 1
34 204 0 1
35 204 0 1
36 204 0 1
40 204 0 1
42 204 0 1
44 204 0 1
45 204 0 1
50 204 0 1
55 204 0 1
56 204 0 1
58 204 0 1
62 204 0 1
71 204 0 1
3 205 0 1
4 205 0 1
6 205 0 1
7 205 0 1
8 205 0 1
9 205 0 1
14 205 0 1
16 205 0 1
17 205 0 1
18 205 0 1
19 205 0 1
21 205 0 1
22 205 0 1
30 205 0 1
32 205 0 1
33 205 0 1
34 205 0 1
35 205 0 1
36 205 0 1
39 205 0 1
42 205 0 1
44 205 0 1
45 205 0 1
49 205 0 1
52 205 0 1
55 205 0 1
56 205 0 1
58 205 0 1
61 205 0 1
67 205 0 1
71 205 0 1
2 206 0 1
3 206 0 1
12 206 0 1
15 206 0 1
21 206 0 1
23 206 0 1
24 206 0 1
25 206 0 1
26 206 0 1
27 206 0 1
29 206 0 1
31 206 0 1
32 206 0 1
33 206 0 1
40 206 0 1
62 206 0 1
63 206 0 1
66 206 0 1
68 206 0 1
69 206 0 1
72 206 0 1
189 206 0 1
3 207 0 1
4 207 0 1
6 207 0 1
7 207 0 1
8 207 0 1
9 207 0 1
14 207 0 1
15 207 0 1
16 207 0 1
17 207 0 1
19 207 0 1
21 207 0 1
22 207 0 1
30 207 0 1
32 207 0 1
33 207 0 1
34 207 0 1
35 207 0 1
36 207 0 1
42 207 0 1
44 207 0 1
45 207 0 1
55 207 0 1
56 207 0 1
58 207 0 1
67 207 0 1
71 207 0 1
2 208 0 1
23 208 0 1
24 208 0 1
25 208 0 1
29 208 0 1
31 208 0 1
68 208 0 1
69 208 0 1
189 208 0 1
2 209 0 1
3 209 0 1
7 209 0 1
12 209 0 1
14 209 0 1
15 209 0 1
16 209 0 1
21 209 0 1
23 209 0 1
24 209 0 1
25 209 0 1
26 209 0 1
27 209 0 1
29 209 0 1
31 209 0 1
32 209 0 1
33 209 0 1
36 209 0 1
40 209 0 1
62 209 0 1
63 209 0 1
66 209 0 1
68 209 0 1
69 209 0 1
72 209 0 1
189 209 0 1
2 210 0 1
3 210 0 1
12 210 0 1
15 210 0 1
23 210 0 1
24 210 0 1
25 210 0 1
26 210 0 1
27 210 0 1
29 210 0 1
31 210 0 1
32 210 0 1
40 210 0 1
63 210 0 1
66 210 0 1
68 210 0 1
69 210 0 1
189 210 0 1
1 211 0 1
5 211 0 1
10 211 0 1
11 211 0 1
13 211 0 1
18 211 0 1
20 211 0 1
28 211 0 1
37 211 0 1
38 211 0 1
39 211 0 1
41 211 0 1
43 211 0 1
46 211 0 1
64 211 0 1
65 211 0 1
4 212 0 1
5 212 0 1
6 212 0 1
8 212 0 1
9 212 0 1
10 212 0 1
11 212 0 1
13 212 0 1
17 212 0 1
18 212 0 1
19 212 0 1
20 212 0 1
22 212 0 1
34 212 0 1
38 212 0 1
39 212 0 1
41 212 0 1
42 212 0 1
44 212 0 1
45 212 0 1
46 212 0 1
60 212 0 1
61 212 0 1
65 212 0 1
67 212 0 1
3 213 0 1
4 213 0 1
6 213 0 1
7 213 0 1
8 213 0 1
9 213 0 1
14 213 0 1
15 213 0 1
16 213 0 1
17 213 0 1
18 213 0 1
19 213 0 1
21 213 0 1
22 213 0 1
30 213 0 1
32 213 0 1
33 213 0 1
34 213 0 1
35 213 0 1
36 213 0 1
42 213 0 1
44 213 0 1
45 213 0 1
67 213 0 1
71 213 0 1
4 214 0 1
5 214 0 1
6 214 0 1
7 214 0 1
8 214 0 1
9 214 0 1
11 214 0 1
13 214 0 1
14 214 0 1
17 214 0 1
18 214 0 1
19 214 0 1
22 214 0 1
30 214 0 1
34 214 0 1
35 214 0 1
39 214 0 1
42 214 0 1
44 214 0 1
45 214 0 1
61 214 0 1
67 214 0 1
1 215 0 1
5 215 0 1
10 215 0 1
13 215 0 1
20 215 0 1
28 215 0 1
37 215 0 1
38 215 0 1
39 215 0 1
41 215 0 1
43 215 0 1
46 215 0 1
64 215 0 1
1 216 0 1
4 216 0 1
5 216 0 1
6 216 0 1
10 216 0 1
11 216 0 1
13 216 0 1
18 216 0 1
19 216 0 1
20 216 0 1
22 216 0 1
28 216 0 1
34 216 0 1
37 216 0 1
38 216 0 1
39 216 0 1
41 216 0 1
43 216 0 1
45 216 0 1
46 216 0 1
54 216 0 1
60 216 0 1
61 216 0 1
64 216 0 1
65 216 0 1
67 216 0 1
70 216 0 1
4 217 0 1
5 217 0 1
6 217 0 1
8 217 0 1
9 217 0 1
11 217 0 1
13 217 0 1
14 217 0 1
17 217 0 1
18 217 0 1
19 217 0 1
20 217 0 1
22 217 0 1
30 217 0 1
34 217 0 1
35 217 0 1
38 217 0 1
39 217 0 1
42 217 0 1
44 217 0 1
45 217 0 1
46 217 0 1
57 217 0 1
60 217 0 1
61 217 0 1
65 217 0 1
67 217 0 1
71 217 0 1
4 218 0 1
5 218 0 1
6 218 0 1
8 218 0 1
9 218 0 1
11 218 0 1
13 218 0 1
14 218 0 1
17 218 0 1
18 218 0 1
19 218 0 1
22 218 0 1
30 218 0 1
34 218 0 1
35 218 0 1
38 218 0 1
39 218 0 1
42 218 0 1
44 218 0 1
45 218 0 1
60 218 0 1
61 218 0 1
65 218 0 1
67 218 0 1
71 218 0 1
1 219 0 1
5 219 0 1
10 219 0 1
11 219 0 1
13 219 0 1
18 219 0 1
20 219 0 1
28 219 0 1
37 219 0 1
38 219 0 1
39 219 0 1
41 219 0 1
43 219 0 1
46 219 0 1
47 219 0 1
64 219 0 1
65 219 0 1
67 219 0 1
70 219 0 1
2 220 0 1
23 220 0 1
24 220 0 1
25 220 0 1
26 220 0 1
29 220 0 1
31 220 0 1
40 220 0 1
66 220 0 1
68 220 0 1
69 220 0 1
72 220 0 1
189 220 0 1
2 221 0 1
3 221 0 1
7 221 0 1
12 221 0 1
14 221 0 1
15 221 0 1
16 221 0 1
21 221 0 1
23 221 0 1
24 221 0 1
25 221 0 1
26 221 0 1
27 221 0 1
29 221 0 1
31 221 0 1
32 221 0 1
33 221 0 1
36 221 0 1
40 221 0 1
51 221 0 1
62 221 0 1
63 221 0 1
66 221 0 1
68 221 0 1
69 221 0 1
72 221 0 1
189 221 0 1
3 222 0 1
4 222 0 1
6 222 0 1
7 222 0 1
8 222 0 1
9 222 0 1
12 222 0 1
14 222 0 1
15 222 0 1
16 222 0 1
17 222 0 1
18 222 0 1
19 222 0 1
21 222 0 1
22 222 0 1
30 222 0 1
32 222 0 1
33 222 0 1
34 222 0 1
35 222 0 1
36 222 0 1
42 222 0 1
44 222 0 1
45 222 0 1
58 222 0 1
67 222 0 1
71 222 0 1
2 223 0 1
3 223 0 1
7 223 0 1
8 223 0 1
12 223 0 1
14 223 0 1
15 223 0 1
16 223 0 1
17 223 0 1
21 223 0 1
26 223 0 1
27 223 0 1
29 223 0 1
30 223 0 1
31 223 0 1
32 223 0 1
33 223 0 1
35 223 0 1
36 223 0 1
40 223 0 1
62 223 0 1
63 223 0 1
66 223 0 1
189 223 0 1
3 224 0 1
4 224 0 1
6 224 0 1
7 224 0 1
8 224 0 1
9 224 0 1
14 224 0 1
15 224 0 1
16 224 0 1
17 224 0 1
18 224 0 1
19 224 0 1
21 224 0 1
22 224 0 1
30 224 0 1
32 224 0 1
33 224 0 1
34 224 0 1
35 224 0 1
36 224 0 1
42 224 0 1
44 224 0 1
45 224 0 1
55 224 0 1
56 224 0 1
58 224 0 1
67 224 0 1
71 224 0 1
2 225 0 1
3 225 0 1
7 225 0 1
12 225 0 1
14 225 0 1
15 225 0 1
16 225 0 1
21 225 0 1
25 225 0 1
26 225 0 1
27 225 0 1
29 225 0 1
31 225 0 1
32 225 0 1
33 225 0 1
36 225 0 1
40 225 0 1
51 225 0 1
62 225 0 1
63 225 0 1
66 225 0 1
68 225 0 1
189 225 0 1
23 226 0 1
24 226 0 1
25 226 0 1
26 226 0 1
27 226 0 1
29 226 0 1
31 226 0 1
40 226 0 1
51 226 0 1
63 226 0 1
66 226 0 1
68 226 0 1
69 226 0 1
72 226 0 1
187 226 0 1
189 226 0 1
190 226 0 1
1 227 0 1
10 227 0 1
13 227 0 1
20 227 0 1
28 227 0 1
37 227 0 1
38 227 0 1
39 227 0 1
41 227 0 1
43 227 0 1
46 227 0 1
47 227 0 1
48 227 0 1
53 227 0 1
54 227 0 1
59 227 0 1
64 227 0 1
65 227 0 1
67 227 0 1
70 227 0 1
184 227 0 1
185 227 0 1
1 228 0 1
5 228 0 1
10 228 0 1
11 228 0 1
13 228 0 1
18 228 0 1
20 228 0 1
28 228 0 1
37 228 0 1
38 228 0 1
39 228 0 1
41 228 0 1
43 228 0 1
46 228 0 1
47 228 0 1
48 228 0 1
53 228 0 1
54 228 0 1
57 228 0 1
59 228 0 1
60 228 0 1
61 228 0 1
64 228 0 1
65 228 0 1
67 228 0 1
70 228 0 1
74 228 0 1
184 228 0 1
185 228 0 1
4 229 0 1
5 229 0 1
6 229 0 1
9 229 0 1
11 229 0 1
13 229 0 1
17 229 0 1
18 229 0 1
19 229 0 1
20 229 0 1
22 229 0 1
28 229 0 1
30 229 0 1
34 229 0 1
38 229 0 1
39 229 0 1
41 229 0 1
42 229 0 1
44 229 0 1
45 229 0 1
46 229 0 1
49 229 0 1
52 229 0 1
53 229 0 1
54 229 0 1
56 229 0 1
57 229 0 1
58 229 0 1
59 229 0 1
60 229 0 1
61 229 0 1
64 229 0 1
65 229 0 1
67 229 0 1
70 229 0 1
71 229 0 1
182 229 0 1
183 229 0 1
191 229 0 1
3 230 0 1
7 230 0 1
8 230 0 1
9 230 0 1
12 230 0 1
14 230 0 1
15 230 0 1
16 230 0 1
17 230 0 1
21 230 0 1
26 230 0 1
27 230 0 1
29 230 0 1
30 230 0 1
31 230 0 1
32 230 0 1
33 230 0 1
35 230 0 1
36 230 0 1
40 230 0 1
44 230 0 1
50 230 0 1
51 230 0 1
52 230 0 1
55 230 0 1
56 230 0 1
58 230 0 1
62 230 0 1
63 230 0 1
66 230 0 1
71 230 0 1
186 230 0 1
188 230 0 1
189 230 0 1
13 231 0 1
20 231 0 1
28 231 0 1
37 231 0 1
38 231 0 1
39 231 0 1
41 231 0 1
43 231 0 1
46 231 0 1
47 231 0 1
48 231 0 1
53 231 0 1
54 231 0 1
57 231 0 1
59 231 0 1
60 231 0 1
61 231 0 1
64 231 0 1
65 231 0 1
67 231 0 1
70 231 0 1
74 231 0 1
81 231 0 1
83 231 0 1
89 231 0 1
98 231 0 1
99 231 0 1
100 231 0 1
184 231 0 1
185 231 0 1
191 231 0 1
14 232 0 1
21 232 0 1
27 232 0 1
30 232 0 1
32 232 0 1
33 232 0 1
34 232 0 1
35 232 0 1
36 232 0 1
42 232 0 1
44 232 0 1
45 232 0 1
49 232 0 1
50 232 0 1
52 232 0 1
55 232 0 1
56 232 0 1
58 232 0 1
62 232 0 1
71 232 0 1
90 232 0 1
91 232 0 1
92 232 0 1
182 232 0 1
183 232 0 1
186 232 0 1
192 232 0 1
7 233 0 1
8 233 0 1
12 233 0 1
14 233 0 1
15 233 0 1
16 233 0 1
17 233 0 1
21 233 0 1
26 233 0 1
27 233 0 1
30 233 0 1
31 233 0 1
32 233 0 1
33 233 0 1
35 233 0 1
36 233 0 1
40 233 0 1
44 233 0 1
50 233 0 1
51 233 0 1
52 233 0 1
55 233 0 1
56 233 0 1
58 233 0 1
62 233 0 1
63 233 0 1
66 233 0 1
71 233 0 1
73 233 0 1
90 233 0 1
91 233 0 1
186 233 0 1
187 233 0 1
188 233 0 1
189 233 0 1
192 233 0 1
6 234 0 1
8 234 0 1
9 234 0 1
14 234 0 1
17 234 0 1
18 234 0 1
19 234 0 1
22 234 0 1
30 234 0 1
34 234 0 1
35 234 0 1
39 234 0 1
42 234 0 1
44 234 0 1
45 234 0 1
49 234 0 1
52 234 0 1
53 234 0 1
54 234 0 1
55 234 0 1
56 234 0 1
57 234 0 1
58 234 0 1
60 234 0 1
61 234 0 1
65 234 0 1
67 234 0 1
71 234 0 1
92 234 0 1
182 234 0 1
183 234 0 1
186 234 0 1
191 234 0 1
192 234 0 1
11 235 0 1
13 235 0 1
18 235 0 1
19 235 0 1
20 235 0 1
22 235 0 1
28 235 0 1
34 235 0 1
37 235 0 1
38 235 0 1
39 235 0 1
41 235 0 1
42 235 0 1
43 235 0 1
45 235 0 1
46 235 0 1
47 235 0 1
49 235 0 1
53 235 0 1
54 235 0 1
57 235 0 1
59 235 0 1
60 235 0 1
61 235 0 1
64 235 0 1
65 235 0 1
67 235 0 1
70 235 0 1
74 235 0 1
93 235 0 1
100 235 0 1
183 235 0 1
184 235 0 1
185 235 0 1
191 235 0 1
14 236 0 1
15 236 0 1
16 236 0 1
21 236 0 1
26 236 0 1
27 236 0 1
29 236 0 1
30 236 0 1
31 236 0 1
32 236 0 1
33 236 0 1
35 236 0 1
36 236 0 1
40 236 0 1
44 236 0 1
50 236 0 1
51 236 0 1
55 236 0 1
56 236 0 1
58 236 0 1
62 236 0 1
63 236 0 1
66 236 0 1
68 236 0 1
71 236 0 1
73 236 0 1
90 236 0 1
91 236 0 1
96 236 0 1
186 236 0 1
187 236 0 1
188 236 0 1
189 236 0 1
190 236 0 1
192 236 0 1
6 237 0 1
17 237 0 1
18 237 0 1
19 237 0 1
22 237 0 1
30 237 0 1
34 237 0 1
35 237 0 1
39 237 0 1
42 237 0 1
44 237 0 1
45 237 0 1
49 237 0 1
52 237 0 1
53 237 0 1
54 237 0 1
55 237 0 1
56 237 0 1
57 237 0 1
58 237 0 1
59 237 0 1
60 237 0 1
61 237 0 1
65 237 0 1
67 237 0 1
71 237 0 1
92 237 0 1
93 237 0 1
94 237 0 1
97 237 0 1
182 237 0 1
183 237 0 1
186 237 0 1
191 237 0 1
192 237 0 1
28 238 0 1
37 238 0 1
39 238 0 1
41 238 0 1
43 238 0 1
46 238 0 1
47 238 0 1
48 238 0 1
53 238 0 1
54 238 0 1
59 238 0 1
60 238 0 1
64 238 0 1
65 238 0 1
70 238 0 1
74 238 0 1
75 238 0 1
78 238 0 1
81 238 0 1
83 238 0 1
85 238 0 1
87 238 0 1
89 238 0 1
98 238 0 1
99 238 0 1
100 238 0 1
108 238 0 1
184 238 0 1
185 238 0 1
28 239 0 1
39 239 0 1
47 239 0 1
48 239 0 1
53 239 0 1
54 239 0 1
57 239 0 1
59 239 0 1
60 239 0 1
61 239 0 1
64 239 0 1
65 239 0 1
67 239 0 1
70 239 0 1
74 239 0 1
78 239 0 1
81 239 0 1
83 239 0 1
85 239 0 1
86 239 0 1
87 239 0 1
89 239 0 1
92 239 0 1
93 239 0 1
94 239 0 1
97 239 0 1
98 239 0 1
99 239 0 1
100 239 0 1
102 239 0 1
107 239 0 1
108 239 0 1
183 239 0 1
184 239 0 1
185 239 0 1
191 239 0 1
26 240 0 1
27 240 0 1
30 240 0 1
32 240 0 1
33 240 0 1
36 240 0 1
40 240 0 1
50 240 0 1
51 240 0 1
52 240 0 1
55 240 0 1
56 240 0 1
58 240 0 1
62 240 0 1
63 240 0 1
66 240 0 1
71 240 0 1
73 240 0 1
82 240 0 1
84 240 0 1
90 240 0 1
91 240 0 1
96 240 0 1
186 240 0 1
187 240 0 1
188 240 0 1
189 240 0 1
192 240 0 1
30 241 0 1
34 241 0 1
39 241 0 1
42 241 0 1
44 241 0 1
45 241 0 1
49 241 0 1
52 241 0 1
53 241 0 1
54 241 0 1
55 241 0 1
56 241 0 1
57 241 0 1
58 241 0 1
59 241 0 1
60 241 0 1
61 241 0 1
65 241 0 1
67 241 0 1
71 241 0 1
84 241 0 1
86 241 0 1
88 241 0 1
91 241 0 1
92 241 0 1
93 241 0 1
94 241 0 1
97 241 0 1
100 241 0 1
102 241 0 1
106 241 0 1
182 241 0 1
183 241 0 1
186 241 0 1
191 241 0 1
192 241 0 1
30 242 0 1
35 242 0 1
36 242 0 1
42 242 0 1
44 242 0 1
49 242 0 1
50 242 0 1
51 242 0 1
52 242 0 1
55 242 0 1
56 242 0 1
58 242 0 1
62 242 0 1
71 242 0 1
84 242 0 1
90 242 0 1
91 242 0 1
92 242 0 1
94 242 0 1
96 242 0 1
182 242 0 1
186 242 0 1
188 242 0 1
192 242 0 1
26 243 0 1
27 243 0 1
30 243 0 1
32 243 0 1
33 243 0 1
35 243 0 1
36 243 0 1
44 243 0 1
49 243 0 1
50 243 0 1
51 243 0 1
52 243 0 1
55 243 0 1
56 243 0 1
58 243 0 1
62 243 0 1
63 243 0 1
71 243 0 1
73 243 0 1
84 243 0 1
90 243 0 1
91 243 0 1
92 243 0 1
96 243 0 1
182 243 0 1
186 243 0 1
187 243 0 1
188 243 0 1
189 243 0 1
192 243 0 1
26 244 0 1
27 244 0 1
29 244 0 1
30 244 0 1
32 244 0 1
50 244 0 1
51 244 0 1
55 244 0 1
58 244 0 1
62 244 0 1
63 244 0 1
66 244 0 1
73 244 0 1
82 244 0 1
90 244 0 1
91 244 0 1
96 244 0 1
186 244 0 1
187 244 0 1
188 244 0 1
189 244 0 1
190 244 0 1
192 244 0 1
30 245 0 1
44 245 0 1
49 245 0 1
50 245 0 1
52 245 0 1
55 245 0 1
56 245 0 1
57 245 0 1
58 245 0 1
60 245 0 1
61 245 0 1
67 245 0 1
71 245 0 1
84 245 0 1
86 245 0 1
88 245 0 1
91 245 0 1
92 245 0 1
93 245 0 1
94 245 0 1
97 245 0 1
101 245 0 1
102 245 0 1
106 245 0 1
107 245 0 1
110 245 0 1
176 245 0 1
182 245 0 1
183 245 0 1
186 245 0 1
191 245 0 1
192 245 0 1
26 246 0 1
27 246 0 1
29 246 0 1
50 246 0 1
51 246 0 1
55 246 0 1
58 246 0 1
62 246 0 1
63 246 0 1
66 246 0 1
73 246 0 1
77 246 0 1
82 246 0 1
90 246 0 1
91 246 0 1
96 246 0 1
104 246 0 1
173 246 0 1
186 246 0 1
187 246 0 1
188 246 0 1
189 246 0 1
190 246 0 1
192 246 0 1
39 247 0 1
47 247 0 1
49 247 0 1
52 247 0 1
53 247 0 1
54 247 0 1
56 247 0 1
57 247 0 1
59 247 0 1
60 247 0 1
61 247 0 1
65 247 0 1
67 247 0 1
70 247 0 1
74 247 0 1
83 247 0 1
86 247 0 1
87 247 0 1
88 247 0 1
92 247 0 1
93 247 0 1
94 247 0 1
97 247 0 1
98 247 0 1
99 247 0 1
100 247 0 1
102 247 0 1
106 247 0 1
107 247 0 1
108 247 0 1
182 247 0 1
183 247 0 1
184 247 0 1
185 247 0 1
191 247 0 1
192 247 0 1
30 248 0 1
49 248 0 1
50 248 0 1
51 248 0 1
52 248 0 1
55 248 0 1
56 248 0 1
58 248 0 1
62 248 0 1
63 248 0 1
71 248 0 1
73 248 0 1
84 248 0 1
90 248 0 1
91 248 0 1
92 248 0 1
96 248 0 1
101 248 0 1
173 248 0 1
176 248 0 1
182 248 0 1
186 248 0 1
187 248 0 1
188 248 0 1
192 248 0 1
39 249 0 1
47 249 0 1
49 249 0 1
53 249 0 1
54 249 0 1
57 249 0 1
59 249 0 1
60 249 0 1
61 249 0 1
64 249 0 1
65 249 0 1
67 249 0 1
70 249 0 1
74 249 0 1
81 249 0 1
83 249 0 1
85 249 0 1
86 249 0 1
87 249 0 1
88 249 0 1
89 249 0 1
92 249 0 1
93 249 0 1
94 249 0 1
97 249 0 1
98 249 0 1
99 249 0 1
100 249 0 1
102 249 0 1
106 249 0 1
107 249 0 1
108 249 0 1
174 249 0 1
182 249 0 1
183 249 0 1
184 249 0 1
185 249 0 1
191 249 0 1
18 250 0 1
22 250 0 1
28 250 0 1
34 250 0 1
38 250 0 1
39 250 0 1
41 250 0 1
42 250 0 1
43 250 0 1
45 250 0 1
46 250 0 1
47 250 0 1
49 250 0 1
52 250 0 1
53 250 0 1
54 250 0 1
56 250 0 1
57 250 0 1
59 250 0 1
60 250 0 1
61 250 0 1
64 250 0 1
65 250 0 1
67 250 0 1
70 250 0 1
71 250 0 1
74 250 0 1
86 250 0 1
92 250 0 1
93 250 0 1
94 250 0 1
97 250 0 1
98 250 0 1
100 250 0 1
182 250 0 1
183 250 0 1
184 250 0 1
185 250 0 1
191 250 0 1
14 251 0 1
21 251 0 1
26 251 0 1
27 251 0 1
30 251 0 1
32 251 0 1
33 251 0 1
35 251 0 1
36 251 0 1
40 251 0 1
44 251 0 1
49 251 0 1
50 251 0 1
51 251 0 1
52 251 0 1
55 251 0 1
56 251 0 1
58 251 0 1
62 251 0 1
63 251 0 1
66 251 0 1
71 251 0 1
73 251 0 1
90 251 0 1
91 251 0 1
96 251 0 1
182 251 0 1
186 251 0 1
187 251 0 1
188 251 0 1
189 251 0 1
192 251 0 1
22 252 0 1
30 252 0 1
34 252 0 1
39 252 0 1
42 252 0 1
44 252 0 1
45 252 0 1
46 252 0 1
47 252 0 1
49 252 0 1
52 252 0 1
53 252 0 1
54 252 0 1
56 252 0 1
57 252 0 1
58 252 0 1
59 252 0 1
60 252 0 1
61 252 0 1
65 252 0 1
67 252 0 1
70 252 0 1
71 252 0 1
86 252 0 1
92 252 0 1
93 252 0 1
94 252 0 1
97 252 0 1
100 252 0 1
182 252 0 1
183 252 0 1
185 252 0 1
191 252 0 1
192 252 0 1
14 253 0 1
30 253 0 1
33 253 0 1
34 253 0 1
35 253 0 1
36 253 0 1
42 253 0 1
44 253 0 1
45 253 0 1
49 253 0 1
50 253 0 1
52 253 0 1
55 253 0 1
56 253 0 1
57 253 0 1
58 253 0 1
61 253 0 1
62 253 0 1
71 253 0 1
84 253 0 1
90 253 0 1
91 253 0 1
92 253 0 1
94 253 0 1
182 253 0 1
183 253 0 1
186 253 0 1
192 253 0 1
12 254 0 1
14 254 0 1
15 254 0 1
16 254 0 1
21 254 0 1
26 254 0 1
27 254 0 1
29 254 0 1
30 254 0 1
31 254 0 1
32 254 0 1
33 254 0 1
36 254 0 1
40 254 0 1
50 254 0 1
51 254 0 1
55 254 0 1
58 254 0 1
62 254 0 1
63 254 0 1
66 254 0 1
68 254 0 1
69 254 0 1
72 254 0 1
73 254 0 1
82 254 0 1
90 254 0 1
91 254 0 1
96 254 0 1
186 254 0 1
187 254 0 1
188 254 0 1
189 254 0 1
190 254 0 1
26 255 0 1
27 255 0 1
29 255 0 1
30 255 0 1
31 255 0 1
32 255 0 1
33 255 0 1
36 255 0 1
40 255 0 1
50 255 0 1
51 255 0 1
55 255 0 1
58 255 0 1
62 255 0 1
63 255 0 1
66 255 0 1
68 255 0 1
73 255 0 1
82 255 0 1
90 255 0 1
91 255 0 1
96 255 0 1
186 255 0 1
187 255 0 1
188 255 0 1
189 255 0 1
190 255 0 1
192 255 0 1
30 256 0 1
34 256 0 1
35 256 0 1
36 256 0 1
42 256 0 1
44 256 0 1
45 256 0 1
49 256 0 1
50 256 0 1
52 256 0 1
55 256 0 1
56 256 0 1
57 256 0 1
58 256 0 1
60 256 0 1
61 256 0 1
67 256 0 1
71 256 0 1
84 256 0 1
86 256 0 1
88 256 0 1
91 256 0 1
92 256 0 1
93 256 0 1
94 256 0 1
97 256 0 1
182 256 0 1
183 256 0 1
186 256 0 1
191 256 0 1
192 256 0 1
4 257 0 1
5 257 0 1
6 257 0 1
7 257 0 1
8 257 0 1
9 257 0 1
11 257 0 1
14 257 0 1
17 257 0 1
18 257 0 1
19 257 0 1
22 257 0 1
30 257 0 1
33 257 0 1
34 257 0 1
35 257 0 1
36 257 0 1
39 257 0 1
42 257 0 1
44 257 0 1
45 257 0 1
49 257 0 1
52 257 0 1
55 257 0 1
56 257 0 1
57 257 0 1
58 257 0 1
60 257 0 1
61 257 0 1
65 257 0 1
67 257 0 1
71 257 0 1
3 258 0 1
7 258 0 1
8 258 0 1
9 258 0 1
12 258 0 1
14 258 0 1
15 258 0 1
16 258 0 1
17 258 0 1
19 258 0 1
21 258 0 1
26 258 0 1
27 258 0 1
30 258 0 1
31 258 0 1
32 258 0 1
33 258 0 1
34 258 0 1
35 258 0 1
36 258 0 1
40 258 0 1
42 258 0 1
44 258 0 1
50 258 0 1
52 258 0 1
55 258 0 1
56 258 0 1
58 258 0 1
62 258 0 1
63 258 0 1
71 258 0 1
186 258 0 1
2 259 0 1
3 259 0 1
7 259 0 1
8 259 0 1
12 259 0 1
14 259 0 1
15 259 0 1
16 259 0 1
21 259 0 1
25 259 0 1
26 259 0 1
27 259 0 1
29 259 0 1
30 259 0 1
31 259 0 1
32 259 0 1
33 259 0 1
35 259 0 1
36 259 0 1
40 259 0 1
50 259 0 1
51 259 0 1
55 259 0 1
62 259 0 1
63 259 0 1
66 259 0 1
68 259 0 1
189 259 0 1
3 260 0 1
4 260 0 1
6 260 0 1
7 260 0 1
8 260 0 1
9 260 0 1
14 260 0 1
15 260 0 1
16 260 0 1
17 260 0 1
18 260 0 1
19 260 0 1
21 260 0 1
22 260 0 1
27 260 0 1
30 260 0 1
32 260 0 1
33 260 0 1
34 260 0 1
35 260 0 1
36 260 0 1
42 260 0 1
44 260 0 1
45 260 0 1
49 260 0 1
50 260 0 1
52 260 0 1
55 260 0 1
56 260 0 1
58 260 0 1
61 260 0 1
62 260 0 1
67 260 0 1
71 260 0 1
186 260 0 1
4 261 0 1
6 261 0 1
7 261 0 1
8 261 0 1
9 261 0 1
14 261 0 1
16 261 0 1
17 261 0 1
18 261 0 1
19 261 0 1
21 261 0 1
22 261 0 1
30 261 0 1
33 261 0 1
34 261 0 1
35 261 0 1
36 261 0 1
39 261 0 1
42 261 0 1
44 261 0 1
45 261 0 1
49 261 0 1
52 261 0 1
55 261 0 1
56 261 0 1
57 261 0 1
58 261 0 1
60 261 0 1
61 261 0 1
67 261 0 1
71 261 0 1
182 261 0 1
186 261 0 1
4 262 0 1
5 262 0 1
6 262 0 1
8 262 0 1
9 262 0 1
11 262 0 1
13 262 0 1
14 262 0 1
17 262 0 1
18 262 0 1
19 262 0 1
22 262 0 1
30 262 0 1
34 262 0 1
35 262 0 1
36 262 0 1
39 262 0 1
42 262 0 1
44 262 0 1
45 262 0 1
49 262 0 1
52 262 0 1
54 262 0 1
55 262 0 1
56 262 0 1
57 262 0 1
58 262 0 1
60 262 0 1
61 262 0 1
65 262 0 1
67 262 0 1
71 262 0 1
1 263 0 1
5 263 0 1
10 263 0 1
11 263 0 1
13 263 0 1
18 263 0 1
20 263 0 1
22 263 0 1
28 263 0 1
37 263 0 1
38 263 0 1
39 263 0 1
41 263 0 1
43 263 0 1
45 263 0 1
46 263 0 1
47 263 0 1
48 263 0 1
53 263 0 1
54 263 0 1
57 263 0 1
59 263 0 1
60 263 0 1
61 263 0 1
64 263 0 1
65 263 0 1
67 263 0 1
70 263 0 1
184 263 0 1
185 263 0 1
3 264 0 1
7 264 0 1
8 264 0 1
9 264 0 1
12 264 0 1
14 264 0 1
15 264 0 1
16 264 0 1
17 264 0 1
19 264 0 1
21 264 0 1
26 264 0 1
27 264 0 1
30 264 0 1
32 264 0 1
33 264 0 1
34 264 0 1
35 264 0 1
36 264 0 1
40 264 0 1
42 264 0 1
44 264 0 1
45 264 0 1
49 264 0 1
50 264 0 1
52 264 0 1
55 264 0 1
56 264 0 1
58 264 0 1
62 264 0 1
63 264 0 1
71 264 0 1
182 264 0 1
186 264 0 1
192 264 0 1
4 265 0 1
6 265 0 1
8 265 0 1
9 265 0 1
11 265 0 1
14 265 0 1
17 265 0 1
18 265 0 1
19 265 0 1
22 265 0 1
30 265 0 1
34 265 0 1
35 265 0 1
36 265 0 1
39 265 0 1
42 265 0 1
44 265 0 1
45 265 0 1
49 265 0 1
52 265 0 1
54 265 0 1
55 265 0 1
56 265 0 1
57 265 0 1
58 265 0 1
60 265 0 1
61 265 0 1
65 265 0 1
67 265 0 1
71 265 0 1
182 265 0 1
183 265 0 1
186 265 0 1
48 266 0 1
74 266 0 1
75 266 0 1
78 266 0 1
81 266 0 1
83 266 0 1
85 266 0 1
87 266 0 1
89 266 0 1
98 266 0 1
99 266 0 1
100 266 0 1
108 266 0 1
109 266 0 1
111 266 0 1
138 266 0 1
184 266 0 1
185 266 0 1
73 267 0 1
76 267 0 1
77 267 0 1
79 267 0 1
80 267 0 1
82 267 0 1
95 267 0 1
96 267 0 1
103 267 0 1
104 267 0 1
105 267 0 1
112 267 0 1
120 267 0 1
177 267 0 1
178 267 0 1
179 267 0 1
187 267 0 1
189 267 0 1
190 267 0 1
48 268 0 1
74 268 0 1
75 268 0 1
78 268 0 1
81 268 0 1
83 268 0 1
85 268 0 1
87 268 0 1
89 268 0 1
98 268 0 1
99 268 0 1
100 268 0 1
108 268 0 1
109 268 0 1
111 268 0 1
138 268 0 1
174 268 0 1
184 268 0 1
185 268 0 1
53 269 0 1
59 269 0 1
74 269 0 1
75 269 0 1
78 269 0 1
81 269 0 1
83 269 0 1
85 269 0 1
86 269 0 1
87 269 0 1
88 269 0 1
89 269 0 1
92 269 0 1
93 269 0 1
94 269 0 1
97 269 0 1
98 269 0 1
99 269 0 1
100 269 0 1
102 269 0 1
106 269 0 1
107 269 0 1
108 269 0 1
109 269 0 1
111 269 0 1
116 269 0 1
138 269 0 1
174 269 0 1
175 269 0 1
180 269 0 1
183 269 0 1
184 269 0 1
185 269 0 1
191 269 0 1
49 270 0 1
52 270 0 1
84 270 0 1
86 270 0 1
88 270 0 1
91 270 0 1
92 270 0 1
93 270 0 1
94 270 0 1
97 270 0 1
101 270 0 1
102 270 0 1
106 270 0 1
107 270 0 1
110 270 0 1
113 270 0 1
114 270 0 1
116 270 0 1
117 270 0 1
118 270 0 1
119 270 0 1
139 270 0 1
175 270 0 1
176 270 0 1
180 270 0 1
181 270 0 1
182 270 0 1
183 270 0 1
186 270 0 1
191 270 0 1
192 270 0 1
49 271 0 1
52 271 0 1
84 271 0 1
86 271 0 1
88 271 0 1
90 271 0 1
91 271 0 1
92 271 0 1
94 271 0 1
96 271 0 1
97 271 0 1
101 271 0 1
102 271 0 1
106 271 0 1
107 271 0 1
110 271 0 1
113 271 0 1
114 271 0 1
116 271 0 1
117 271 0 1
118 271 0 1
119 271 0 1
121 271 0 1
139 271 0 1
173 271 0 1
175 271 0 1
176 271 0 1
181 271 0 1
182 271 0 1
183 271 0 1
186 271 0 1
192 271 0 1
73 272 0 1
76 272 0 1
77 272 0 1
79 272 0 1
80 272 0 1
82 272 0 1
95 272 0 1
96 272 0 1
103 272 0 1
104 272 0 1
105 272 0 1
112 272 0 1
115 272 0 1
120 272 0 1
121 272 0 1
122 272 0 1
173 272 0 1
177 272 0 1
178 272 0 1
179 272 0 1
187 272 0 1
188 272 0 1
189 272 0 1
190 272 0 1
49 273 0 1
52 273 0 1
84 273 0 1
86 273 0 1
88 273 0 1
91 273 0 1
92 273 0 1
93 273 0 1
94 273 0 1
97 273 0 1
100 273 0 1
101 273 0 1
102 273 0 1
106 273 0 1
107 273 0 1
110 273 0 1
113 273 0 1
114 273 0 1
116 273 0 1
117 273 0 1
118 273 0 1
119 273 0 1
139 273 0 1
174 273 0 1
175 273 0 1
176 273 0 1
180 273 0 1
181 273 0 1
182 273 0 1
183 273 0 1
186 273 0 1
191 273 0 1
192 273 0 1
53 274 0 1
74 274 0 1
75 274 0 1
78 274 0 1
81 274 0 1
83 274 0 1
85 274 0 1
86 274 0 1
87 274 0 1
88 274 0 1
89 274 0 1
92 274 0 1
93 274 0 1
94 274 0 1
97 274 0 1
98 274 0 1
99 274 0 1
100 274 0 1
102 274 0 1
106 274 0 1
107 274 0 1
108 274 0 1
109 274 0 1
110 274 0 1
116 274 0 1
117 274 0 1
138 274 0 1
141 274 0 1
174 274 0 1
175 274 0 1
180 274 0 1
181 274 0 1
183 274 0 1
184 274 0 1
185 274 0 1
191 274 0 1
73 275 0 1
82 275 0 1
84 275 0 1
90 275 0 1
91 275 0 1
96 275 0 1
101 275 0 1
104 275 0 1
115 275 0 1
118 275 0 1
119 275 0 1
120 275 0 1
121 275 0 1
122 275 0 1
136 275 0 1
137 275 0 1
139 275 0 1
140 275 0 1
173 275 0 1
176 275 0 1
177 275 0 1
178 275 0 1
187 275 0 1
188 275 0 1
51 276 0 1
73 276 0 1
76 276 0 1
77 276 0 1
79 276 0 1
80 276 0 1
82 276 0 1
90 276 0 1
95 276 0 1
96 276 0 1
103 276 0 1
104 276 0 1
105 276 0 1
112 276 0 1
120 276 0 1
173 276 0 1
177 276 0 1
178 276 0 1
179 276 0 1
187 276 0 1
188 276 0 1
189 276 0 1
190 276 0 1
50 277 0 1
51 277 0 1
73 277 0 1
77 277 0 1
79 277 0 1
82 277 0 1
84 277 0 1
90 277 0 1
91 277 0 1
96 277 0 1
103 277 0 1
104 277 0 1
105 277 0 1
112 277 0 1
115 277 0 1
119 277 0 1
120 277 0 1
121 277 0 1
122 277 0 1
173 277 0 1
177 277 0 1
178 277 0 1
187 277 0 1
188 277 0 1
189 277 0 1
190 277 0 1
49 278 0 1
50 278 0 1
52 278 0 1
58 278 0 1
84 278 0 1
86 278 0 1
88 278 0 1
90 278 0 1
91 278 0 1
92 278 0 1
94 278 0 1
96 278 0 1
97 278 0 1
101 278 0 1
106 278 0 1
107 278 0 1
110 278 0 1
113 278 0 1
117 278 0 1
118 278 0 1
119 278 0 1
173 278 0 1
175 278 0 1
176 278 0 1
181 278 0 1
182 278 0 1
183 278 0 1
186 278 0 1
192 278 0 1
51 279 0 1
73 279 0 1
76 279 0 1
77 279 0 1
79 279 0 1
80 279 0 1
82 279 0 1
90 279 0 1
95 279 0 1
96 279 0 1
103 279 0 1
104 279 0 1
105 279 0 1
112 279 0 1
115 279 0 1
120 279 0 1
121 279 0 1
122 279 0 1
173 279 0 1
177 279 0 1
178 279 0 1
179 279 0 1
187 279 0 1
188 279 0 1
189 279 0 1
190 279 0 1
47 280 0 1
48 280 0 1
53 280 0 1
59 280 0 1
74 280 0 1
75 280 0 1
78 280 0 1
81 280 0 1
83 280 0 1
85 280 0 1
87 280 0 1
89 280 0 1
93 280 0 1
98 280 0 1
99 280 0 1
100 280 0 1
102 280 0 1
108 280 0 1
109 280 0 1
111 280 0 1
138 280 0 1
174 280 0 1
180 280 0 1
184 280 0 1
185 280 0 1
191 280 0 1
50 281 0 1
73 281 0 1
84 281 0 1
88 281 0 1
90 281 0 1
91 281 0 1
96 281 0 1
101 281 0 1
110 281 0 1
118 281 0 1
119 281 0 1
121 281 0 1
122 281 0 1
173 281 0 1
176 281 0 1
177 281 0 1
181 281 0 1
182 281 0 1
186 281 0 1
187 281 0 1
188 281 0 1
192 281 0 1
50 282 0 1
51 282 0 1
73 282 0 1
77 282 0 1
82 282 0 1
84 282 0 1
90 282 0 1
91 282 0 1
96 282 0 1
101 282 0 1
104 282 0 1
115 282 0 1
118 282 0 1
119 282 0 1
120 282 0 1
121 282 0 1
122 282 0 1
173 282 0 1
176 282 0 1
177 282 0 1
178 282 0 1
186 282 0 1
187 282 0 1
188 282 0 1
192 282 0 1
49 283 0 1
52 283 0 1
84 283 0 1
86 283 0 1
88 283 0 1
91 283 0 1
92 283 0 1
93 283 0 1
94 283 0 1
97 283 0 1
100 283 0 1
101 283 0 1
102 283 0 1
106 283 0 1
107 283 0 1
110 283 0 1
114 283 0 1
116 283 0 1
117 283 0 1
118 283 0 1
174 283 0 1
175 283 0 1
176 283 0 1
180 283 0 1
181 283 0 1
182 283 0 1
183 283 0 1
186 283 0 1
191 283 0 1
192 283 0 1
51 284 0 1
73 284 0 1
76 284 0 1
77 284 0 1
79 284 0 1
80 284 0 1
82 284 0 1
90 284 0 1
95 284 0 1
96 284 0 1
103 284 0 1
104 284 0 1
105 284 0 1
112 284 0 1
115 284 0 1
120 284 0 1
121 284 0 1
122 284 0 1
140 284 0 1
173 284 0 1
177 284 0 1
178 284 0 1
179 284 0 1
187 284 0 1
188 284 0 1
189 284 0 1
190 284 0 1
47 285 0 1
48 285 0 1
53 285 0 1
54 285 0 1
59 285 0 1
74 285 0 1
75 285 0 1
78 285 0 1
81 285 0 1
83 285 0 1
85 285 0 1
86 285 0 1
87 285 0 1
88 285 0 1
89 285 0 1
92 285 0 1
93 285 0 1
94 285 0 1
97 285 0 1
98 285 0 1
99 285 0 1
100 285 0 1
102 285 0 1
106 285 0 1
107 285 0 1
108 285 0 1
109 285 0 1
111 285 0 1
116 285 0 1
138 285 0 1
174 285 0 1
175 285 0 1
180 285 0 1
183 285 0 1
184 285 0 1
185 285 0 1
191 285 0 1
49 286 0 1
50 286 0 1
52 286 0 1
55 286 0 1
56 286 0 1
58 286 0 1
71 286 0 1
84 286 0 1
86 286 0 1
88 286 0 1
90 286 0 1
91 286 0 1
92 286 0 1
93 286 0 1
94 286 0 1
96 286 0 1
97 286 0 1
101 286 0 1
102 286 0 1
106 286 0 1
107 286 0 1
110 286 0 1
175 286 0 1
176 286 0 1
181 286 0 1
182 286 0 1
183 286 0 1
186 286 0 1
191 286 0 1
192 286 0 1
50 287 0 1
51 287 0 1
62 287 0 1
63 287 0 1
73 287 0 1
77 287 0 1
79 287 0 1
82 287 0 1
90 287 0 1
91 287 0 1
96 287 0 1
103 287 0 1
104 287 0 1
105 287 0 1
173 287 0 1
177 287 0 1
178 287 0 1
187 287 0 1
188 287 0 1
189 287 0 1
190 287 0 1
50 288 0 1
51 288 0 1
52 288 0 1
55 288 0 1
58 288 0 1
62 288 0 1
73 288 0 1
82 288 0 1
84 288 0 1
90 288 0 1
91 288 0 1
96 288 0 1
101 288 0 1
173 288 0 1
176 288 0 1
177 288 0 1
182 288 0 1
186 288 0 1
187 288 0 1
188 288 0 1
192 288 0 1
49 289 0 1
52 289 0 1
53 289 0 1
56 289 0 1
57 289 0 1
58 289 0 1
71 289 0 1
84 289 0 1
86 289 0 1
88 289 0 1
91 289 0 1
92 289 0 1
93 289 0 1
94 289 0 1
97 289 0 1
100 289 0 1
101 289 0 1
102 289 0 1
106 289 0 1
107 289 0 1
110 289 0 1
116 289 0 1
117 289 0 1
174 289 0 1
175 289 0 1
176 289 0 1
180 289 0 1
181 289 0 1
182 289 0 1
183 289 0 1
186 289 0 1
191 289 0 1
192 289 0 1
49 290 0 1
50 290 0 1
52 290 0 1
55 290 0 1
56 290 0 1
57 290 0 1
58 290 0 1
71 290 0 1
84 290 0 1
86 290 0 1
88 290 0 1
90 290 0 1
91 290 0 1
92 290 0 1
93 290 0 1
94 290 0 1
97 290 0 1
101 290 0 1
102 290 0 1
106 290 0 1
107 290 0 1
110 290 0 1
175 290 0 1
176 290 0 1
181 290 0 1
182 290 0 1
183 290 0 1
186 290 0 1
191 290 0 1
192 290 0 1
49 291 0 1
50 291 0 1
52 291 0 1
55 291 0 1
56 291 0 1
58 291 0 1
71 291 0 1
84 291 0 1
86 291 0 1
88 291 0 1
90 291 0 1
91 291 0 1
92 291 0 1
94 291 0 1
96 291 0 1
97 291 0 1
101 291 0 1
106 291 0 1
107 291 0 1
110 291 0 1
118 291 0 1
173 291 0 1
175 291 0 1
176 291 0 1
181 291 0 1
182 291 0 1
183 291 0 1
186 291 0 1
192 291 0 1
49 292 0 1
50 292 0 1
52 292 0 1
55 292 0 1
56 292 0 1
58 292 0 1
71 292 0 1
84 292 0 1
86 292 0 1
88 292 0 1
90 292 0 1
91 292 0 1
92 292 0 1
93 292 0 1
94 292 0 1
97 292 0 1
101 292 0 1
102 292 0 1
106 292 0 1
107 292 0 1
110 292 0 1
117 292 0 1
175 292 0 1
176 292 0 1
181 292 0 1
182 292 0 1
183 292 0 1
186 292 0 1
191 292 0 1
192 292 0 1
50 293 0 1
51 293 0 1
55 293 0 1
58 293 0 1
62 293 0 1
63 293 0 1
66 293 0 1
73 293 0 1
77 293 0 1
79 293 0 1
82 293 0 1
84 293 0 1
90 293 0 1
91 293 0 1
96 293 0 1
103 293 0 1
104 293 0 1
173 293 0 1
177 293 0 1
186 293 0 1
187 293 0 1
188 293 0 1
189 293 0 1
190 293 0 1
192 293 0 1
51 294 0 1
73 294 0 1
76 294 0 1
77 294 0 1
79 294 0 1
80 294 0 1
82 294 0 1
90 294 0 1
95 294 0 1
96 294 0 1
103 294 0 1
104 294 0 1
105 294 0 1
112 294 0 1
120 294 0 1
121 294 0 1
173 294 0 1
177 294 0 1
178 294 0 1
179 294 0 1
187 294 0 1
188 294 0 1
189 294 0 1
190 294 0 1
47 295 0 1
48 295 0 1
53 295 0 1
54 295 0 1
59 295 0 1
70 295 0 1
74 295 0 1
75 295 0 1
78 295 0 1
81 295 0 1
83 295 0 1
85 295 0 1
87 295 0 1
89 295 0 1
93 295 0 1
97 295 0 1
98 295 0 1
99 295 0 1
100 295 0 1
102 295 0 1
108 295 0 1
109 295 0 1
111 295 0 1
174 295 0 1
184 295 0 1
185 295 0 1
191 295 0 1
50 296 0 1
51 296 0 1
73 296 0 1
76 296 0 1
77 296 0 1
79 296 0 1
80 296 0 1
82 296 0 1
90 296 0 1
95 296 0 1
96 296 0 1
103 296 0 1
104 296 0 1
105 296 0 1
112 296 0 1
120 296 0 1
121 296 0 1
173 296 0 1
177 296 0 1
178 296 0 1
179 296 0 1
187 296 0 1
188 296 0 1
189 296 0 1
190 296 0 1
47 297 0 1
49 297 0 1
52 297 0 1
53 297 0 1
54 297 0 1
57 297 0 1
59 297 0 1
60 297 0 1
74 297 0 1
78 297 0 1
81 297 0 1
83 297 0 1
84 297 0 1
85 297 0 1
86 297 0 1
87 297 0 1
88 297 0 1
89 297 0 1
92 297 0 1
93 297 0 1
94 297 0 1
97 297 0 1
98 297 0 1
99 297 0 1
100 297 0 1
101 297 0 1
102 297 0 1
106 297 0 1
107 297 0 1
108 297 0 1
109 297 0 1
110 297 0 1
116 297 0 1
117 297 0 1
174 297 0 1
175 297 0 1
176 297 0 1
180 297 0 1
181 297 0 1
182 297 0 1
183 297 0 1
184 297 0 1
185 297 0 1
191 297 0 1
192 297 0 1
49 298 0 1
52 298 0 1
56 298 0 1
58 298 0 1
71 298 0 1
84 298 0 1
86 298 0 1
88 298 0 1
90 298 0 1
91 298 0 1
92 298 0 1
93 298 0 1
94 298 0 1
97 298 0 1
101 298 0 1
102 298 0 1
106 298 0 1
107 298 0 1
110 298 0 1
113 298 0 1
114 298 0 1
116 298 0 1
117 298 0 1
118 298 0 1
119 298 0 1
175 298 0 1
176 298 0 1
180 298 0 1
181 298 0 1
182 298 0 1
183 298 0 1
186 298 0 1
191 298 0 1
192 298 0 1
49 299 0 1
52 299 0 1
53 299 0 1
54 299 0 1
56 299 0 1
57 299 0 1
59 299 0 1
84 299 0 1
86 299 0 1
88 299 0 1
91 299 0 1
92 299 0 1
93 299 0 1
94 299 0 1
97 299 0 1
100 299 0 1
101 299 0 1
102 299 0 1
106 299 0 1
107 299 0 1
110 299 0 1
116 299 0 1
117 299 0 1
174 299 0 1
175 299 0 1
176 299 0 1
180 299 0 1
181 299 0 1
182 299 0 1
183 299 0 1
186 299 0 1
191 299 0 1
192 299 0 1
76 300 0 1
77 300 0 1
79 300 0 1
80 300 0 1
82 300 0 1
96 300 0 1
103 300 0 1
104 300 0 1
105 300 0 1
112 300 0 1
115 300 0 1
120 300 0 1
121 300 0 1
122 300 0 1
123 300 0 1
128 300 0 1
129 300 0 1
132 300 0 1
136 300 0 1
140 300 0 1
142 300 0 1
143 300 0 1
164 300 0 1
173 300 0 1
177 300 0 1
178 300 0 1
179 300 0 1
82 301 0 1
84 301 0 1
90 301 0 1
96 301 0 1
101 301 0 1
104 301 0 1
112 301 0 1
113 301 0 1
115 301 0 1
118 301 0 1
119 301 0 1
120 301 0 1
121 301 0 1
122 301 0 1
124 301 0 1
125 301 0 1
128 301 0 1
132 301 0 1
133 301 0 1
136 301 0 1
137 301 0 1
139 301 0 1
140 301 0 1
142 301 0 1
143 301 0 1
165 301 0 1
173 301 0 1
176 301 0 1
177 301 0 1
178 301 0 1
181 301 0 1
84 302 0 1
86 302 0 1
88 302 0 1
91 302 0 1
92 302 0 1
94 302 0 1
101 302 0 1
102 302 0 1
106 302 0 1
107 302 0 1
110 302 0 1
113 302 0 1
114 302 0 1
116 302 0 1
117 302 0 1
118 302 0 1
119 302 0 1
124 302 0 1
125 302 0 1
127 302 0 1
130 302 0 1
131 302 0 1
133 302 0 1
134 302 0 1
135 302 0 1
136 302 0 1
137 302 0 1
139 302 0 1
143 302 0 1
175 302 0 1
176 302 0 1
180 302 0 1
181 302 0 1
182 302 0 1
75 303 0 1
78 303 0 1
81 303 0 1
83 303 0 1
85 303 0 1
87 303 0 1
89 303 0 1
98 303 0 1
99 303 0 1
108 303 0 1
109 303 0 1
111 303 0 1
126 303 0 1
138 303 0 1
141 303 0 1
174 303 0 1
76 304 0 1
77 304 0 1
79 304 0 1
103 304 0 1
104 304 0 1
105 304 0 1
112 304 0 1
115 304 0 1
120 304 0 1
121 304 0 1
122 304 0 1
123 304 0 1
128 304 0 1
129 304 0 1
132 304 0 1
140 304 0 1
142 304 0 1
162 304 0 1
164 304 0 1
167 304 0 1
168 304 0 1
177 304 0 1
178 304 0 1
179 304 0 1
75 305 0 1
83 305 0 1
85 305 0 1
86 305 0 1
87 305 0 1
88 305 0 1
93 305 0 1
94 305 0 1
97 305 0 1
98 305 0 1
99 305 0 1
100 305 0 1
102 305 0 1
106 305 0 1
107 305 0 1
108 305 0 1
109 305 0 1
110 305 0 1
111 305 0 1
114 305 0 1
116 305 0 1
117 305 0 1
126 305 0 1
127 305 0 1
130 305 0 1
138 305 0 1
141 305 0 1
163 305 0 1
171 305 0 1
174 305 0 1
175 305 0 1
180 305 0 1
181 305 0 1
84 306 0 1
88 306 0 1
90 306 0 1
91 306 0 1
96 306 0 1
101 306 0 1
106 306 0 1
110 306 0 1
113 306 0 1
114 306 0 1
115 306 0 1
117 306 0 1
118 306 0 1
119 306 0 1
121 306 0 1
122 306 0 1
124 306 0 1
125 306 0 1
131 306 0 1
133 306 0 1
134 306 0 1
135 306 0 1
136 306 0 1
137 306 0 1
139 306 0 1
140 306 0 1
142 306 0 1
143 306 0 1
165 306 0 1
173 306 0 1
175 306 0 1
176 306 0 1
177 306 0 1
181 306 0 1
77 307 0 1
82 307 0 1
96 307 0 1
103 307 0 1
104 307 0 1
105 307 0 1
112 307 0 1
115 307 0 1
118 307 0 1
119 307 0 1
120 307 0 1
121 307 0 1
122 307 0 1
123 307 0 1
124 307 0 1
128 307 0 1
129 307 0 1
132 307 0 1
136 307 0 1
137 307 0 1
139 307 0 1
140 307 0 1
142 307 0 1
143 307 0 1
164 307 0 1
165 307 0 1
168 307 0 1
173 307 0 1
177 307 0 1
178 307 0 1
179 307 0 1
84 308 0 1
86 308 0 1
88 308 0 1
94 308 0 1
97 308 0 1
101 308 0 1
102 308 0 1
106 308 0 1
107 308 0 1
110 308 0 1
113 308 0 1
114 308 0 1
116 308 0 1
117 308 0 1
118 308 0 1
125 308 0 1
127 308 0 1
130 308 0 1
131 308 0 1
134 308 0 1
135 308 0 1
139 308 0 1
141 308 0 1
174 308 0 1
175 308 0 1
176 308 0 1
180 308 0 1
181 308 0 1
75 309 0 1
83 309 0 1
85 309 0 1
86 309 0 1
87 309 0 1
98 309 0 1
100 309 0 1
102 309 0 1
106 309 0 1
107 309 0 1
108 309 0 1
109 309 0 1
111 309 0 1
116 309 0 1
117 309 0 1
126 309 0 1
130 309 0 1
138 309 0 1
141 309 0 1
163 309 0 1
170 309 0 1
171 309 0 1
174 309 0 1
175 309 0 1
180 309 0 1
181 309 0 1
76 310 0 1
77 310 0 1
82 310 0 1
103 310 0 1
104 310 0 1
105 310 0 1
112 310 0 1
115 310 0 1
119 310 0 1
120 310 0 1
121 310 0 1
122 310 0 1
123 310 0 1
128 310 0 1
129 310 0 1
132 310 0 1
136 310 0 1
137 310 0 1
140 310 0 1
142 310 0 1
143 310 0 1
162 310 0 1
164 310 0 1
168 310 0 1
173 310 0 1
177 310 0 1
178 310 0 1
179 310 0 1
84 311 0 1
86 311 0 1
88 311 0 1
101 311 0 1
102 311 0 1
106 311 0 1
107 311 0 1
110 311 0 1
113 311 0 1
114 311 0 1
116 311 0 1
117 311 0 1
118 311 0 1
119 311 0 1
124 311 0 1
125 311 0 1
127 311 0 1
130 311 0 1
131 311 0 1
133 311 0 1
134 311 0 1
135 311 0 1
137 311 0 1
139 311 0 1
141 311 0 1
163 311 0 1
172 311 0 1
174 311 0 1
175 311 0 1
176 311 0 1
180 311 0 1
181 311 0 1
86 312 0 1
87 312 0 1
102 312 0 1
106 312 0 1
107 312 0 1
108 312 0 1
109 312 0 1
111 312 0 1
114 312 0 1
116 312 0 1
117 312 0 1
126 312 0 1
127 312 0 1
130 312 0 1
138 312 0 1
141 312 0 1
152 312 0 1
163 312 0 1
170 312 0 1
171 312 0 1
174 312 0 1
175 312 0 1
180 312 0 1
181 312 0 1
75 313 0 1
87 313 0 1
108 313 0 1
109 313 0 1
111 313 0 1
126 313 0 1
138 313 0 1
141 313 0 1
152 313 0 1
154 313 0 1
155 313 0 1
158 313 0 1
163 313 0 1
166 313 0 1
170 313 0 1
171 313 0 1
174 313 0 1
180 313 0 1
84 314 0 1
86 314 0 1
88 314 0 1
101 314 0 1
102 314 0 1
106 314 0 1
107 314 0 1
110 314 0 1
113 314 0 1
114 314 0 1
116 314 0 1
117 314 0 1
118 314 0 1
119 314 0 1
124 314 0 1
125 314 0 1
127 314 0 1
130 314 0 1
131 314 0 1
133 314 0 1
134 314 0 1
135 314 0 1
137 314 0 1
139 314 0 1
163 314 0 1
171 314 0 1
172 314 0 1
174 314 0 1
175 314 0 1
176 314 0 1
180 314 0 1
181 314 0 1
86 315 0 1
88 315 0 1
101 315 0 1
102 315 0 1
106 315 0 1
107 315 0 1
110 315 0 1
113 315 0 1
114 315 0 1
116 315 0 1
117 315 0 1
118 315 0 1
125 315 0 1
127 315 0 1
130 315 0 1
131 315 0 1
134 315 0 1
135 315 0 1
139 315 0 1
141 315 0 1
149 315 0 1
152 315 0 1
163 315 0 1
170 315 0 1
171 315 0 1
172 315 0 1
174 315 0 1
175 315 0 1
176 315 0 1
180 315 0 1
181 315 0 1
75 316 0 1
78 316 0 1
81 316 0 1
83 316 0 1
85 316 0 1
87 316 0 1
98 316 0 1
99 316 0 1
100 316 0 1
102 316 0 1
107 316 0 1
108 316 0 1
109 316 0 1
111 316 0 1
116 316 0 1
126 316 0 1
138 316 0 1
141 316 0 1
152 316 0 1
163 316 0 1
166 316 0 1
170 316 0 1
171 316 0 1
174 316 0 1
180 316 0 1
84 317 0 1
101 317 0 1
106 317 0 1
110 317 0 1
113 317 0 1
114 317 0 1
115 317 0 1
116 317 0 1
117 317 0 1
118 317 0 1
119 317 0 1
121 317 0 1
122 317 0 1
124 317 0 1
125 317 0 1
127 317 0 1
128 317 0 1
130 317 0 1
131 317 0 1
132 317 0 1
133 317 0 1
134 317 0 1
135 317 0 1
136 317 0 1
137 317 0 1
139 317 0 1
140 317 0 1
142 317 0 1
143 317 0 1
153 317 0 1
165 317 0 1
169 317 0 1
173 317 0 1
175 317 0 1
176 317 0 1
177 317 0 1
181 317 0 1
84 318 0 1
101 318 0 1
106 318 0 1
110 318 0 1
113 318 0 1
114 318 0 1
116 318 0 1
117 318 0 1
118 318 0 1
119 318 0 1
124 318 0 1
125 318 0 1
127 318 0 1
130 318 0 1
131 318 0 1
133 318 0 1
134 318 0 1
135 318 0 1
136 318 0 1
137 318 0 1
139 318 0 1
140 318 0 1
143 318 0 1
153 318 0 1
165 318 0 1
169 318 0 1
172 318 0 1
175 318 0 1
176 318 0 1
180 318 0 1
181 318 0 1
109 319 0 1
111 319 0 1
126 319 0 1
138 319 0 1
141 319 0 1
145 319 0 1
152 319 0 1
154 319 0 1
155 319 0 1
158 319 0 1
166 319 0 1
170 319 0 1
109 320 0 1
111 320 0 1
126 320 0 1
138 320 0 1
141 320 0 1
145 320 0 1
152 320 0 1
154 320 0 1
155 320 0 1
158 320 0 1
163 320 0 1
166 320 0 1
170 320 0 1
171 320 0 1
174 320 0 1
116 321 0 1
117 321 0 1
126 321 0 1
127 321 0 1
130 321 0 1
138 321 0 1
141 321 0 1
149 321 0 1
152 321 0 1
154 321 0 1
155 321 0 1
157 321 0 1
158 321 0 1
160 321 0 1
163 321 0 1
166 321 0 1
170 321 0 1
171 321 0 1
172 321 0 1
174 321 0 1
175 321 0 1
180 321 0 1
113 322 0 1
114 322 0 1
116 322 0 1
117 322 0 1
125 322 0 1
126 322 0 1
127 322 0 1
130 322 0 1
131 322 0 1
134 322 0 1
135 322 0 1
141 322 0 1
149 322 0 1
152 322 0 1
155 322 0 1
157 322 0 1
158 322 0 1
160 322 0 1
163 322 0 1
170 322 0 1
171 322 0 1
172 322 0 1
174 322 0 1
175 322 0 1
180 322 0 1
181 322 0 1
113 323 0 1
114 323 0 1
115 323 0 1
117 323 0 1
118 323 0 1
119 323 0 1
121 323 0 1
122 323 0 1
124 323 0 1
125 323 0 1
127 323 0 1
128 323 0 1
130 323 0 1
131 323 0 1
132 323 0 1
133 323 0 1
134 323 0 1
135 323 0 1
136 323 0 1
137 323 0 1
139 323 0 1
140 323 0 1
142 323 0 1
143 323 0 1
146 323 0 1
147 323 0 1
150 323 0 1
151 323 0 1
153 323 0 1
161 323 0 1
165 323 0 1
169 323 0 1
176 323 0 1
181 323 0 1
111 324 0 1
126 324 0 1
138 324 0 1
141 324 0 1
145 324 0 1
152 324 0 1
154 324 0 1
155 324 0 1
158 324 0 1
160 324 0 1
163 324 0 1
166 324 0 1
170 324 0 1
171 324 0 1
174 324 0 1
112 325 0 1
115 325 0 1
119 325 0 1
120 325 0 1
121 325 0 1
122 325 0 1
123 325 0 1
124 325 0 1
125 325 0 1
128 325 0 1
129 325 0 1
132 325 0 1
133 325 0 1
136 325 0 1
137 325 0 1
139 325 0 1
140 325 0 1
142 325 0 1
143 325 0 1
146 325 0 1
147 325 0 1
148 325 0 1
150 325 0 1
151 325 0 1
153 325 0 1
159 325 0 1
161 325 0 1
162 325 0 1
164 325 0 1
165 325 0 1
167 325 0 1
168 325 0 1
169 325 0 1
173 325 0 1
177 325 0 1
111 326 0 1
126 326 0 1
130 326 0 1
138 326 0 1
141 326 0 1
145 326 0 1
149 326 0 1
152 326 0 1
154 326 0 1
155 326 0 1
158 326 0 1
160 326 0 1
163 326 0 1
166 326 0 1
170 326 0 1
171 326 0 1
172 326 0 1
116 327 0 1
117 327 0 1
126 327 0 1
127 327 0 1
130 327 0 1
135 327 0 1
138 327 0 1
141 327 0 1
145 327 0 1
149 327 0 1
152 327 0 1
154 327 0 1
155 327 0 1
157 327 0 1
158 327 0 1
160 327 0 1
163 327 0 1
166 327 0 1
170 327 0 1
171 327 0 1
172 327 0 1
174 327 0 1
180 327 0 1
113 328 0 1
114 328 0 1
117 328 0 1
118 328 0 1
119 328 0 1
124 328 0 1
125 328 0 1
127 328 0 1
130 328 0 1
131 328 0 1
133 328 0 1
134 328 0 1
135 328 0 1
136 328 0 1
137 328 0 1
139 328 0 1
140 328 0 1
143 328 0 1
146 328 0 1
147 328 0 1
149 328 0 1
150 328 0 1
151 328 0 1
153 328 0 1
157 328 0 1
161 328 0 1
165 328 0 1
169 328 0 1
172 328 0 1
181 328 0 1
113 329 0 1
115 329 0 1
118 329 0 1
119 329 0 1
120 329 0 1
121 329 0 1
122 329 0 1
123 329 0 1
124 329 0 1
125 329 0 1
128 329 0 1
129 329 0 1
131 329 0 1
132 329 0 1
133 329 0 1
134 329 0 1
135 329 0 1
136 329 0 1
137 329 0 1
139 329 0 1
140 329 0 1
142 329 0 1
143 329 0 1
146 329 0 1
147 329 0 1
148 329 0 1
150 329 0 1
151 329 0 1
153 329 0 1
159 329 0 1
161 329 0 1
162 329 0 1
164 329 0 1
165 329 0 1
168 329 0 1
169 329 0 1
112 330 0 1
120 330 0 1
123 330 0 1
128 330 0 1
129 330 0 1
132 330 0 1
142 330 0 1
144 330 0 1
148 330 0 1
156 330 0 1
159 330 0 1
162 330 0 1
164 330 0 1
167 330 0 1
168 330 0 1
178 330 0 1
179 330 0 1
111 331 0 1
126 331 0 1
138 331 0 1
141 331 0 1
145 331 0 1
154 331 0 1
155 331 0 1
158 331 0 1
166 331 0 1
170 331 0 1
113 332 0 1
114 332 0 1
116 332 0 1
117 332 0 1
118 332 0 1
124 332 0 1
125 332 0 1
127 332 0 1
130 332 0 1
131 332 0 1
133 332 0 1
134 332 0 1
135 332 0 1
137 332 0 1
139 332 0 1
147 332 0 1
149 332 0 1
152 332 0 1
153 332 0 1
157 332 0 1
158 332 0 1
160 332 0 1
161 332 0 1
163 332 0 1
165 332 0 1
169 332 0 1
170 332 0 1
171 332 0 1
172 332 0 1
181 332 0 1
124 333 0 1
125 333 0 1
127 333 0 1
131 333 0 1
133 333 0 1
134 333 0 1
135 333 0 1
136 333 0 1
137 333 0 1
143 333 0 1
146 333 0 1
147 333 0 1
150 333 0 1
151 333 0 1
153 333 0 1
157 333 0 1
161 333 0 1
165 333 0 1
169 333 0 1
124 334 0 1
128 334 0 1
129 334 0 1
132 334 0 1
133 334 0 1
136 334 0 1
137 334 0 1
140 334 0 1
142 334 0 1
143 334 0 1
146 334 0 1
147 334 0 1
148 334 0 1
150 334 0 1
151 334 0 1
153 334 0 1
159 334 0 1
161 334 0 1
162 334 0 1
164 334 0 1
165 334 0 1
168 334 0 1
169 334 0 1
126 335 0 1
145 335 0 1
152 335 0 1
154 335 0 1
155 335 0 1
158 335 0 1
166 335 0 1
170 335 0 1
124 336 0 1
125 336 0 1
127 336 0 1
130 336 0 1
131 336 0 1
133 336 0 1
134 336 0 1
135 336 0 1
146 336 0 1
147 336 0 1
149 336 0 1
150 336 0 1
151 336 0 1
153 336 0 1
157 336 0 1
161 336 0 1
165 336 0 1
169 336 0 1
172 336 0 1
125 337 0 1
127 337 0 1
130 337 0 1
131 337 0 1
133 337 0 1
134 337 0 1
135 337 0 1
147 337 0 1
149 337 0 1
152 337 0 1
155 337 0 1
157 337 0 1
158 337 0 1
160 337 0 1
163 337 0 1
169 337 0 1
170 337 0 1
171 337 0 1
172 337 0 1
127 338 0 1
130 338 0 1
131 338 0 1
134 338 0 1
135 338 0 1
149 338 0 1
152 338 0 1
155 338 0 1
157 338 0 1
158 338 0 1
160 338 0 1
163 338 0 1
170 338 0 1
171 338 0 1
172 338 0 1
126 339 0 1
138 339 0 1
141 339 0 1
145 339 0 1
152 339 0 1
154 339 0 1
155 339 0 1
158 339 0 1
160 339 0 1
166 339 0 1
170 339 0 1
126 340 0 1
127 340 0 1
130 340 0 1
141 340 0 1
145 340 0 1
149 340 0 1
152 340 0 1
154 340 0 1
155 340 0 1
157 340 0 1
158 340 0 1
160 340 0 1
163 340 0 1
166 340 0 1
170 340 0 1
171 340 0 1
172 340 0 1
126 341 0 1
141 341 0 1
145 341 0 1
149 341 0 1
152 341 0 1
154 341 0 1
155 341 0 1
158 341 0 1
160 341 0 1
163 341 0 1
166 341 0 1
170 341 0 1
171 341 0 1
172 341 0 1
115 342 0 1
120 342 0 1
122 342 0 1
123 342 0 1
128 342 0 1
129 342 0 1
132 342 0 1
140 342 0 1
142 342 0 1
144 342 0 1
146 342 0 1
148 342 0 1
150 342 0 1
151 342 0 1
156 342 0 1
159 342 0 1
162 342 0 1
164 342 0 1
167 342 0 1
168 342 0 1
111 343 0 1
126 343 0 1
138 343 0 1
141 343 0 1
145 343 0 1
152 343 0 1
154 343 0 1
155 343 0 1
158 343 0 1
160 343 0 1
163 343 0 1
166 343 0 1
170 343 0 1
171 343 0 1
115 344 0 1
122 344 0 1
123 344 0 1
124 344 0 1
128 344 0 1
129 344 0 1
132 344 0 1
133 344 0 1
136 344 0 1
137 344 0 1
140 344 0 1
142 344 0 1
143 344 0 1
144 344 0 1
146 344 0 1
147 344 0 1
148 344 0 1
150 344 0 1
151 344 0 1
153 344 0 1
156 344 0 1
159 344 0 1
161 344 0 1
162 344 0 1
164 344 0 1
165 344 0 1
167 344 0 1
168 344 0 1
169 344 0 1
113 345 0 1
114 345 0 1
117 345 0 1
124 345 0 1
125 345 0 1
127 345 0 1
130 345 0 1
131 345 0 1
133 345 0 1
134 345 0 1
135 345 0 1
137 345 0 1
139 345 0 1
147 345 0 1
149 345 0 1
152 345 0 1
153 345 0 1
155 345 0 1
157 345 0 1
158 345 0 1
160 345 0 1
161 345 0 1
163 345 0 1
165 345 0 1
169 345 0 1
170 345 0 1
171 345 0 1
172 345 0 1
181 345 0 1
113 346 0 1
114 346 0 1
117 346 0 1
118 346 0 1
119 346 0 1
124 346 0 1
125 346 0 1
127 346 0 1
130 346 0 1
131 346 0 1
133 346 0 1
134 346 0 1
135 346 0 1
136 346 0 1
137 346 0 1
139 346 0 1
140 346 0 1
143 346 0 1
146 346 0 1
147 346 0 1
149 346 0 1
150 346 0 1
151 346 0 1
153 346 0 1
157 346 0 1
160 346 0 1
161 346 0 1
163 346 0 1
165 346 0 1
169 346 0 1
171 346 0 1
172 346 0 1
181 346 0 1
113 347 0 1
114 347 0 1
124 347 0 1
125 347 0 1
127 347 0 1
130 347 0 1
131 347 0 1
133 347 0 1
134 347 0 1
135 347 0 1
136 347 0 1
137 347 0 1
139 347 0 1
143 347 0 1
147 347 0 1
149 347 0 1
150 347 0 1
153 347 0 1
157 347 0 1
160 347 0 1
161 347 0 1
163 347 0 1
165 347 0 1
169 347 0 1
171 347 0 1
172 347 0 1
126 348 0 1
127 348 0 1
130 348 0 1
131 348 0 1
135 348 0 1
141 348 0 1
149 348 0 1
152 348 0 1
155 348 0 1
157 348 0 1
158 348 0 1
160 348 0 1
163 348 0 1
166 348 0 1
170 348 0 1
171 348 0 1
172 348 0 1
126 349 0 1
127 349 0 1
130 349 0 1
138 349 0 1
141 349 0 1
145 349 0 1
149 349 0 1
152 349 0 1
154 349 0 1
155 349 0 1
157 349 0 1
158 349 0 1
160 349 0 1
163 349 0 1
166 349 0 1
170 349 0 1
171 349 0 1
172 349 0 1
115 350 0 1
119 350 0 1
120 350 0 1
121 350 0 1
122 350 0 1
123 350 0 1
124 350 0 1
125 350 0 1
128 350 0 1
129 350 0 1
132 350 0 1
133 350 0 1
134 350 0 1
136 350 0 1
137 350 0 1
139 350 0 1
140 350 0 1
142 350 0 1
143 350 0 1
146 350 0 1
147 350 0 1
148 350 0 1
150 350 0 1
151 350 0 1
153 350 0 1
159 350 0 1
161 350 0 1
162 350 0 1
164 350 0 1
165 350 0 1
167 350 0 1
168 350 0 1
169 350 0 1
111 351 0 1
126 351 0 1
127 351 0 1
130 351 0 1
138 351 0 1
141 351 0 1
145 351 0 1
149 351 0 1
152 351 0 1
154 351 0 1
155 351 0 1
157 351 0 1
158 351 0 1
160 351 0 1
163 351 0 1
166 351 0 1
170 351 0 1
171 351 0 1
172 351 0 1
123 352 0 1
128 352 0 1
129 352 0 1
144 352 0 1
148 352 0 1
156 352 0 1
159 352 0 1
162 352 0 1
164 352 0 1
167 352 0 1
168 352 0 1
123 353 0 1
128 353 0 1
129 353 0 1
132 353 0 1
144 353 0 1
148 353 0 1
156 353 0 1
159 353 0 1
162 353 0 1
164 353 0 1
167 353 0 1
168 353 0 1
123 354 0 1
128 354 0 1
129 354 0 1
132 354 0 1
142 354 0 1
144 354 0 1
148 354 0 1
151 354 0 1
156 354 0 1
159 354 0 1
162 354 0 1
164 354 0 1
167 354 0 1
168 354 0 1
126 355 0 1
138 355 0 1
141 355 0 1
145 355 0 1
152 355 0 1
154 355 0 1
155 355 0 1
158 355 0 1
166 355 0 1
170 355 0 1
126 356 0 1
127 356 0 1
130 356 0 1
131 356 0 1
134 356 0 1
135 356 0 1
141 356 0 1
149 356 0 1
152 356 0 1
155 356 0 1
157 356 0 1
158 356 0 1
160 356 0 1
163 356 0 1
170 356 0 1
171 356 0 1
172 356 0 1
115 357 0 1
122 357 0 1
123 357 0 1
124 357 0 1
128 357 0 1
129 357 0 1
132 357 0 1
133 357 0 1
136 357 0 1
137 357 0 1
140 357 0 1
142 357 0 1
143 357 0 1
144 357 0 1
146 357 0 1
147 357 0 1
148 357 0 1
150 357 0 1
151 357 0 1
153 357 0 1
156 357 0 1
159 357 0 1
161 357 0 1
162 357 0 1
164 357 0 1
165 357 0 1
167 357 0 1
168 357 0 1
169 357 0 1
115 358 0 1
124 358 0 1
125 358 0 1
128 358 0 1
129 358 0 1
131 358 0 1
132 358 0 1
133 358 0 1
134 358 0 1
136 358 0 1
137 358 0 1
139 358 0 1
140 358 0 1
142 358 0 1
143 358 0 1
146 358 0 1
147 358 0 1
148 358 0 1
150 358 0 1
151 358 0 1
153 358 0 1
159 358 0 1
161 358 0 1
162 358 0 1
164 358 0 1
165 358 0 1
168 358 0 1
169 358 0 1
102 359 0 1
106 359 0 1
107 359 0 1
108 359 0 1
109 359 0 1
114 359 0 1
116 359 0 1
117 359 0 1
126 359 0 1
127 359 0 1
130 359 0 1
135 359 0 1
138 359 0 1
141 359 0 1
149 359 0 1
152 359 0 1
155 359 0 1
157 359 0 1
158 359 0 1
160 359 0 1
163 359 0 1
166 359 0 1
170 359 0 1
171 359 0 1
172 359 0 1
174 359 0 1
175 359 0 1
180 359 0 1
181 359 0 1
86 360 0 1
87 360 0 1
88 360 0 1
101 360 0 1
102 360 0 1
106 360 0 1
107 360 0 1
108 360 0 1
110 360 0 1
113 360 0 1
114 360 0 1
116 360 0 1
117 360 0 1
118 360 0 1
125 360 0 1
126 360 0 1
127 360 0 1
130 360 0 1
131 360 0 1
134 360 0 1
135 360 0 1
138 360 0 1
139 360 0 1
141 360 0 1
149 360 0 1
152 360 0 1
155 360 0 1
157 360 0 1
158 360 0 1
160 360 0 1
163 360 0 1
170 360 0 1
171 360 0 1
172 360 0 1
174 360 0 1
175 360 0 1
176 360 0 1
180 360 0 1
181 360 0 1
104 361 0 1
105 361 0 1
112 361 0 1
115 361 0 1
120 361 0 1
121 361 0 1
122 361 0 1
123 361 0 1
128 361 0 1
129 361 0 1
132 361 0 1
136 361 0 1
140 361 0 1
142 361 0 1
144 361 0 1
148 361 0 1
151 361 0 1
156 361 0 1
159 361 0 1
162 361 0 1
164 361 0 1
167 361 0 1
168 361 0 1
173 361 0 1
177 361 0 1
178 361 0 1
179 361 0 1
104 362 0 1
105 362 0 1
112 362 0 1
115 362 0 1
119 362 0 1
120 362 0 1
121 362 0 1
122 362 0 1
123 362 0 1
124 362 0 1
128 362 0 1
129 362 0 1
132 362 0 1
133 362 0 1
136 362 0 1
137 362 0 1
140 362 0 1
142 362 0 1
143 362 0 1
148 362 0 1
150 362 0 1
151 362 0 1
153 362 0 1
159 362 0 1
162 362 0 1
164 362 0 1
165 362 0 1
167 362 0 1
168 362 0 1
173 362 0 1
177 362 0 1
178 362 0 1
179 362 0 1
75 363 0 1
108 363 0 1
109 363 0 1
111 363 0 1
126 363 0 1
138 363 0 1
141 363 0 1
154 363 0 1
166 363 0 1
108 364 0 1
109 364 0 1
111 364 0 1
116 364 0 1
126 364 0 1
130 364 0 1
138 364 0 1
141 364 0 1
152 364 0 1
154 364 0 1
155 364 0 1
158 364 0 1
160 364 0 1
163 364 0 1
166 364 0 1
170 364 0 1
171 364 0 1
172 364 0 1
174 364 0 1
180 364 0 1
108 365 0 1
109 365 0 1
111 365 0 1
126 365 0 1
138 365 0 1
141 365 0 1
145 365 0 1
152 365 0 1
154 365 0 1
155 365 0 1
158 365 0 1
166 365 0 1
170 365 0 1
171 365 0 1
174 365 0 1
113 366 0 1
114 366 0 1
115 366 0 1
118 366 0 1
119 366 0 1
120 366 0 1
121 366 0 1
122 366 0 1
123 366 0 1
124 366 0 1
125 366 0 1
128 366 0 1
129 366 0 1
131 366 0 1
132 366 0 1
133 366 0 1
134 366 0 1
136 366 0 1
137 366 0 1
139 366 0 1
140 366 0 1
142 366 0 1
143 366 0 1
146 366 0 1
150 366 0 1
151 366 0 1
153 366 0 1
161 366 0 1
164 366 0 1
165 366 0 1
168 366 0 1
169 366 0 1
173 366 0 1
177 366 0 1
113 367 0 1
114 367 0 1
115 367 0 1
118 367 0 1
119 367 0 1
120 367 0 1
121 367 0 1
122 367 0 1
124 367 0 1
125 367 0 1
128 367 0 1
131 367 0 1
132 367 0 1
133 367 0 1
134 367 0 1
135 367 0 1
136 367 0 1
137 367 0 1
139 367 0 1
140 367 0 1
142 367 0 1
143 367 0 1
150 367 0 1
151 367 0 1
153 367 0 1
161 367 0 1
164 367 0 1
165 367 0 1
168 367 0 1
169 367 0 1
173 367 0 1
176 367 0 1
177 367 0 1
181 367 0 1
105 368 0 1
112 368 0 1
115 368 0 1
120 368 0 1
121 368 0 1
122 368 0 1
123 368 0 1
128 368 0 1
129 368 0 1
132 368 0 1
140 368 0 1
142 368 0 1
144 368 0 1
148 368 0 1
156 368 0 1
159 368 0 1
162 368 0 1
164 368 0 1
167 368 0 1
168 368 0 1
177 368 0 1
178 368 0 1
179 368 0 1
112 369 0 1
115 369 0 1
119 369 0 1
120 369 0 1
121 369 0 1
122 369 0 1
123 369 0 1
124 369 0 1
128 369 0 1
129 369 0 1
132 369 0 1
136 369 0 1
137 369 0 1
140 369 0 1
142 369 0 1
143 369 0 1
146 369 0 1
148 369 0 1
150 369 0 1
151 369 0 1
153 369 0 1
156 369 0 1
159 369 0 1
162 369 0 1
164 369 0 1
165 369 0 1
167 369 0 1
168 369 0 1
173 369 0 1
177 369 0 1
178 369 0 1
179 369 0 1
113 370 0 1
114 370 0 1
115 370 0 1
117 370 0 1
118 370 0 1
119 370 0 1
121 370 0 1
122 370 0 1
124 370 0 1
125 370 0 1
127 370 0 1
128 370 0 1
130 370 0 1
131 370 0 1
132 370 0 1
133 370 0 1
134 370 0 1
135 370 0 1
136 370 0 1
137 370 0 1
139 370 0 1
140 370 0 1
142 370 0 1
143 370 0 1
147 370 0 1
150 370 0 1
151 370 0 1
153 370 0 1
161 370 0 1
165 370 0 1
169 370 0 1
173 370 0 1
176 370 0 1
181 370 0 1
106 371 0 1
107 371 0 1
113 371 0 1
114 371 0 1
116 371 0 1
117 371 0 1
125 371 0 1
127 371 0 1
130 371 0 1
131 371 0 1
134 371 0 1
135 371 0 1
141 371 0 1
149 371 0 1
152 371 0 1
155 371 0 1
157 371 0 1
158 371 0 1
160 371 0 1
163 371 0 1
170 371 0 1
171 371 0 1
172 371 0 1
174 371 0 1
175 371 0 1
176 371 0 1
180 371 0 1
181 371 0 1
106 372 0 1
107 372 0 1
110 372 0 1
113 372 0 1
114 372 0 1
116 372 0 1
117 372 0 1
118 372 0 1
124 372 0 1
125 372 0 1
127 372 0 1
130 372 0 1
131 372 0 1
133 372 0 1
134 372 0 1
135 372 0 1
139 372 0 1
141 372 0 1
149 372 0 1
152 372 0 1
157 372 0 1
158 372 0 1
160 372 0 1
163 372 0 1
170 372 0 1
171 372 0 1
172 372 0 1
174 372 0 1
175 372 0 1
176 372 0 1
180 372 0 1
181 372 0 1
101 373 0 1
106 373 0 1
110 373 0 1
113 373 0 1
114 373 0 1
116 373 0 1
117 373 0 1
118 373 0 1
119 373 0 1
124 373 0 1
125 373 0 1
127 373 0 1
130 373 0 1
131 373 0 1
133 373 0 1
134 373 0 1
135 373 0 1
136 373 0 1
137 373 0 1
139 373 0 1
143 373 0 1
149 373 0 1
153 373 0 1
157 373 0 1
163 373 0 1
165 373 0 1
169 373 0 1
171 373 0 1
172 373 0 1
175 373 0 1
176 373 0 1
180 373 0 1
181 373 0 1
76 374 0 1
77 374 0 1
79 374 0 1
80 374 0 1
82 374 0 1
95 374 0 1
103 374 0 1
104 374 0 1
105 374 0 1
112 374 0 1
120 374 0 1
123 374 0 1
177 374 0 1
178 374 0 1
179 374 0 1
189 374 0 1
190 374 0 1
73 375 0 1
77 375 0 1
79 375 0 1
82 375 0 1
90 375 0 1
96 375 0 1
103 375 0 1
104 375 0 1
105 375 0 1
112 375 0 1
115 375 0 1
119 375 0 1
120 375 0 1
121 375 0 1
122 375 0 1
128 375 0 1
136 375 0 1
137 375 0 1
140 375 0 1
142 375 0 1
143 375 0 1
173 375 0 1
177 375 0 1
178 375 0 1
179 375 0 1
187 375 0 1
188 375 0 1
73 376 0 1
76 376 0 1
77 376 0 1
79 376 0 1
80 376 0 1
82 376 0 1
90 376 0 1
95 376 0 1
96 376 0 1
103 376 0 1
104 376 0 1
105 376 0 1
112 376 0 1
115 376 0 1
120 376 0 1
121 376 0 1
122 376 0 1
123 376 0 1
128 376 0 1
136 376 0 1
140 376 0 1
142 376 0 1
173 376 0 1
177 376 0 1
178 376 0 1
179 376 0 1
187 376 0 1
189 376 0 1
190 376 0 1
74 377 0 1
75 377 0 1
78 377 0 1
81 377 0 1
83 377 0 1
85 377 0 1
87 377 0 1
89 377 0 1
98 377 0 1
99 377 0 1
100 377 0 1
108 377 0 1
109 377 0 1
111 377 0 1
138 377 0 1
141 377 0 1
174 377 0 1
184 377 0 1
185 377 0 1
74 378 0 1
75 378 0 1
78 378 0 1
81 378 0 1
83 378 0 1
85 378 0 1
87 378 0 1
89 378 0 1
98 378 0 1
99 378 0 1
100 378 0 1
102 378 0 1
107 378 0 1
108 378 0 1
109 378 0 1
111 378 0 1
116 378 0 1
126 378 0 1
138 378 0 1
141 378 0 1
174 378 0 1
180 378 0 1
184 378 0 1
185 378 0 1
74 379 0 1
75 379 0 1
78 379 0 1
81 379 0 1
83 379 0 1
85 379 0 1
86 379 0 1
87 379 0 1
89 379 0 1
93 379 0 1
97 379 0 1
98 379 0 1
99 379 0 1
100 379 0 1
102 379 0 1
107 379 0 1
108 379 0 1
109 379 0 1
111 379 0 1
116 379 0 1
138 379 0 1
141 379 0 1
174 379 0 1
175 379 0 1
180 379 0 1
184 379 0 1
185 379 0 1
74 380 0 1
75 380 0 1
78 380 0 1
81 380 0 1
83 380 0 1
85 380 0 1
86 380 0 1
87 380 0 1
88 380 0 1
93 380 0 1
94 380 0 1
97 380 0 1
98 380 0 1
99 380 0 1
100 380 0 1
102 380 0 1
106 380 0 1
107 380 0 1
108 380 0 1
109 380 0 1
110 380 0 1
111 380 0 1
116 380 0 1
117 380 0 1
138 380 0 1
141 380 0 1
174 380 0 1
175 380 0 1
180 380 0 1
183 380 0 1
185 380 0 1
191 380 0 1
83 381 0 1
85 381 0 1
86 381 0 1
87 381 0 1
88 381 0 1
92 381 0 1
93 381 0 1
94 381 0 1
97 381 0 1
98 381 0 1
99 381 0 1
100 381 0 1
102 381 0 1
106 381 0 1
107 381 0 1
108 381 0 1
109 381 0 1
110 381 0 1
116 381 0 1
117 381 0 1
141 381 0 1
174 381 0 1
175 381 0 1
176 381 0 1
180 381 0 1
181 381 0 1
183 381 0 1
191 381 0 1
73 382 0 1
82 382 0 1
84 382 0 1
86 382 0 1
88 382 0 1
90 382 0 1
91 382 0 1
92 382 0 1
94 382 0 1
96 382 0 1
101 382 0 1
106 382 0 1
107 382 0 1
110 382 0 1
113 382 0 1
114 382 0 1
115 382 0 1
116 382 0 1
117 382 0 1
118 382 0 1
119 382 0 1
120 382 0 1
121 382 0 1
122 382 0 1
124 382 0 1
125 382 0 1
131 382 0 1
133 382 0 1
136 382 0 1
137 382 0 1
139 382 0 1
140 382 0 1
142 382 0 1
143 382 0 1
173 382 0 1
175 382 0 1
176 382 0 1
177 382 0 1
181 382 0 1
182 382 0 1
186 382 0 1
187 382 0 1
188 382 0 1
192 382 0 1
74 383 0 1
75 383 0 1
78 383 0 1
81 383 0 1
83 383 0 1
85 383 0 1
87 383 0 1
89 383 0 1
93 383 0 1
98 383 0 1
99 383 0 1
100 383 0 1
102 383 0 1
107 383 0 1
108 383 0 1
109 383 0 1
111 383 0 1
116 383 0 1
138 383 0 1
141 383 0 1
174 383 0 1
180 383 0 1
184 383 0 1
185 383 0 1
84 384 0 1
86 384 0 1
88 384 0 1
90 384 0 1
91 384 0 1
92 384 0 1
94 384 0 1
96 384 0 1
101 384 0 1
106 384 0 1
107 384 0 1
110 384 0 1
113 384 0 1
114 384 0 1
116 384 0 1
117 384 0 1
118 384 0 1
119 384 0 1
121 384 0 1
125 384 0 1
136 384 0 1
137 384 0 1
139 384 0 1
143 384 0 1
173 384 0 1
175 384 0 1
176 384 0 1
181 384 0 1
182 384 0 1
186 384 0 1
192 384 0 1
83 385 0 1
86 385 0 1
87 385 0 1
88 385 0 1
92 385 0 1
93 385 0 1
94 385 0 1
97 385 0 1
98 385 0 1
100 385 0 1
101 385 0 1
102 385 0 1
106 385 0 1
107 385 0 1
108 385 0 1
109 385 0 1
110 385 0 1
114 385 0 1
116 385 0 1
117 385 0 1
141 385 0 1
174 385 0 1
175 385 0 1
176 385 0 1
180 385 0 1
181 385 0 1
182 385 0 1
183 385 0 1
191 385 0 1
51 386 0 1
73 386 0 1
76 386 0 1
77 386 0 1
79 386 0 1
82 386 0 1
84 386 0 1
90 386 0 1
91 386 0 1
96 386 0 1
101 386 0 1
103 386 0 1
104 386 0 1
105 386 0 1
112 386 0 1
115 386 0 1
118 386 0 1
119 386 0 1
120 386 0 1
121 386 0 1
122 386 0 1
136 386 0 1
137 386 0 1
140 386 0 1
142 386 0 1
143 386 0 1
173 386 0 1
177 386 0 1
178 386 0 1
179 386 0 1
187 386 0 1
188 386 0 1
189 386 0 1
190 386 0 1
74 387 0 1
75 387 0 1
78 387 0 1
81 387 0 1
83 387 0 1
85 387 0 1
87 387 0 1
89 387 0 1
98 387 0 1
99 387 0 1
108 387 0 1
109 387 0 1
111 387 0 1
138 387 0 1
141 387 0 1
174 387 0 1
73 388 0 1
76 388 0 1
77 388 0 1
79 388 0 1
82 388 0 1
90 388 0 1
96 388 0 1
103 388 0 1
104 388 0 1
105 388 0 1
112 388 0 1
115 388 0 1
119 388 0 1
120 388 0 1
121 388 0 1
122 388 0 1
123 388 0 1
128 388 0 1
129 388 0 1
132 388 0 1
136 388 0 1
137 388 0 1
140 388 0 1
142 388 0 1
143 388 0 1
173 388 0 1
177 388 0 1
178 388 0 1
179 388 0 1
187 388 0 1
73 389 0 1
82 389 0 1
84 389 0 1
90 389 0 1
91 389 0 1
96 389 0 1
101 389 0 1
104 389 0 1
112 389 0 1
113 389 0 1
115 389 0 1
118 389 0 1
119 389 0 1
120 389 0 1
121 389 0 1
122 389 0 1
124 389 0 1
128 389 0 1
136 389 0 1
137 389 0 1
139 389 0 1
140 389 0 1
142 389 0 1
143 389 0 1
173 389 0 1
176 389 0 1
177 389 0 1
178 389 0 1
84 390 0 1
86 390 0 1
88 390 0 1
92 390 0 1
93 390 0 1
94 390 0 1
97 390 0 1
100 390 0 1
101 390 0 1
102 390 0 1
106 390 0 1
107 390 0 1
110 390 0 1
113 390 0 1
114 390 0 1
116 390 0 1
117 390 0 1
118 390 0 1
125 390 0 1
130 390 0 1
139 390 0 1
141 390 0 1
174 390 0 1
175 390 0 1
176 390 0 1
180 390 0 1
181 390 0 1
182 390 0 1
183 390 0 1
74 391 0 1
75 391 0 1
78 391 0 1
81 391 0 1
83 391 0 1
85 391 0 1
86 391 0 1
87 391 0 1
88 391 0 1
93 391 0 1
97 391 0 1
98 391 0 1
99 391 0 1
100 391 0 1
102 391 0 1
106 391 0 1
107 391 0 1
108 391 0 1
109 391 0 1
111 391 0 1
116 391 0 1
117 391 0 1
138 391 0 1
141 391 0 1
174 391 0 1
175 391 0 1
180 391 0 1
