1 2 0 0
2 3 0 0
1 4 0 0
2 4 0 0
3 4 0 0
1 5 0 0
2 5 0 0
3 5 0 0
4 5 0 0
1 6 0 0
2 6 0 0
3 6 0 0
4 6 0 0
5 6 0 0
1 7 0 0
2 7 0 0
3 7 0 0
4 7 0 0
5 7 0 0
6 7 0 0
1 8 0 0
2 8 0 0
3 8 0 0
4 8 0 0
5 8 0 0
6 8 0 0
7 8 0 0
1 9 0 0
2 9 0 0
4 9 0 0
7 9 0 0
1 10 0 0
1 11 0 0
9 11 0 0
10 11 0 0
1 12 0 0
9 12 0 0
10 12 0 0
11 12 0 0
1 13 0 0
10 13 0 0
11 13 0 0
12 13 0 0
1 14 0 0
2 14 0 0
4 14 0 0
7 14 0 0
8 14 0 0
9 14 0 0
1 15 0 0
10 15 0 0
11 15 0 0
12 15 0 0
13 15 0 0
1 16 0 0
2 16 0 0
15 16 0 0
1 17 0 0
2 17 0 0
10 17 0 0
11 17 0 0
12 17 0 0
13 17 0 0
15 17 0 0
16 17 0 0
1 18 0 0
2 18 0 0
14 18 0 0
16 18 0 0
17 18 0 0
1 19 0 0
2 19 0 0
10 19 0 0
11 19 0 0
12 19 0 0
13 19 0 0
15 19 0 0
16 19 0 0
17 19 0 0
18 19 0 0
1 20 0 0
2 20 0 0
11 20 0 0
12 20 0 0
13 20 0 0
15 20 0 0
16 20 0 0
17 20 0 0
18 20 0 0
19 20 0 0
1 21 0 0
2 21 0 0
9 21 0 0
11 21 0 0
12 21 0 0
13 21 0 0
14 21 0 0
15 21 0 0
16 21 0 0
17 21 0 0
18 21 0 0
19 21 0 0
20 21 0 0
1 22 0 0
2 22 0 0
9 22 0 0
11 22 0 0
12 22 0 0
14 22 0 0
15 22 0 0
16 22 0 0
17 22 0 0
18 22 0 0
19 22 0 0
20 22 0 0
21 22 0 0
1 23 0 0
9 23 0 0
10 23 0 0
11 23 0 0
12 23 0 0
13 23 0 0
15 23 0 0
16 23 0 0
17 23 0 0
19 23 0 0
20 23 0 0
21 23 0 0
22 23 0 0
1 24 0 0
9 24 0 0
10 24 0 0
11 24 0 0
12 24 0 0
13 24 0 0
15 24 0 0
16 24 0 0
17 24 0 0
18 24 0 0
19 24 0 0
20 24 0 0
21 24 0 0
22 24 0 0
23 24 0 0
1 25 0 0
2 25 0 0
9 25 0 0
10 25 0 0
11 25 0 0
12 25 0 0
13 25 0 0
14 25 0 0
15 25 0 0
16 25 0 0
17 25 0 0
18 25 0 0
19 25 0 0
20 25 0 0
21 25 0 0
22 25 0 0
23 25 0 0
24 25 0 0
1 26 0 0
9 26 0 0
10 26 0 0
11 26 0 0
12 26 0 0
13 26 0 0
15 26 0 0
16 26 0 0
17 26 0 0
18 26 0 0
19 26 0 0
20 26 0 0
21 26 0 0
22 26 0 0
23 26 0 0
24 26 0 0
25 26 0 0
1 27 0 0
2 27 0 0
16 27 0 0
17 27 0 0
18 27 0 0
19 27 0 0
20 27 0 0
21 27 0 0
22 27 0 0
25 27 0 0
26 27 0 0
2 28 0 0
16 28 0 0
19 28 0 0
20 28 0 0
27 28 0 0
2 29 0 0
15 29 0 0
16 29 0 0
17 29 0 0
19 29 0 0
20 29 0 0
26 29 0 0
27 29 0 0
28 29 0 0
2 30 0 0
15 30 0 0
16 30 0 0
17 30 0 0
19 30 0 0
20 30 0 0
27 30 0 0
28 30 0 0
29 30 0 0
1 31 0 0
2 31 0 0
16 31 0 0
17 31 0 0
18 31 0 0
19 31 0 0
20 31 0 0
21 31 0 0
22 31 0 0
27 31 0 0
28 31 0 0
29 31 0 0
30 31 0 0
1 32 0 0
2 32 0 0
16 32 0 0
18 32 0 0
20 32 0 0
27 32 0 0
31 32 0 0
2 33 0 0
27 33 0 0
28 33 0 0
29 33 0 0
30 33 0 0
31 33 0 0
32 33 0 0
2 34 0 0
28 34 0 0
31 34 0 0
32 34 0 0
33 34 0 0
2 35 0 0
27 35 0 0
28 35 0 0
29 35 0 0
30 35 0 0
31 35 0 0
32 35 0 0
33 35 0 0
34 35 0 0
2 36 0 0
16 36 0 0
17 36 0 0
19 36 0 0
20 36 0 0
27 36 0 0
28 36 0 0
29 36 0 0
30 36 0 0
31 36 0 0
32 36 0 0
33 36 0 0
34 36 0 0
35 36 0 0
1 37 0 0
2 37 0 0
16 37 0 0
17 37 0 0
18 37 0 0
19 37 0 0
20 37 0 0
21 37 0 0
22 37 0 0
25 37 0 0
27 37 0 0
29 37 0 0
31 37 0 0
32 37 0 0
36 37 0 0
2 38 0 0
15 38 0 0
16 38 0 0
17 38 0 0
19 38 0 0
20 38 0 0
21 38 0 0
23 38 0 0
24 38 0 0
25 38 0 0
26 38 0 0
27 38 0 0
28 38 0 0
29 38 0 0
30 38 0 0
31 38 0 0
33 38 0 0
35 38 0 0
36 38 0 0
37 38 0 0
10 49 0 1
10 52 0 1
10 65 0 1
