1 2 0 0
3 4 0 0
3 5 0 0
4 5 0 0
2 7 0 0
6 7 0 0
3 8 0 0
4 8 0 0
5 8 0 0
3 9 0 0
4 9 0 0
5 9 0 0
8 9 0 0
3 10 0 0
4 10 0 0
5 10 0 0
8 10 0 0
9 10 0 0
1 11 0 0
2 11 0 0
1 12 0 0
2 12 0 0
6 12 0 0
7 12 0 0
11 12 0 0
3 13 0 0
4 13 0 0
5 13 0 0
8 13 0 0
9 13 0 0
10 13 0 0
3 14 0 0
4 14 0 0
5 14 0 0
8 14 0 0
9 14 0 0
10 14 0 0
13 14 0 0
5 15 0 0
6 15 0 0
7 15 0 0
9 15 0 0
12 15 0 0
13 15 0 0
3 16 0 0
4 16 0 0
5 16 0 0
8 16 0 0
9 16 0 0
10 16 0 0
13 16 0 0
14 16 0 0
1 17 0 0
2 17 0 0
6 17 0 0
7 17 0 0
11 17 0 0
12 17 0 0
3 18 0 0
4 18 0 0
5 18 0 0
8 18 0 0
9 18 0 0
10 18 0 0
13 18 0 0
14 18 0 0
16 18 0 0
3 19 0 0
4 19 0 0
5 19 0 0
8 19 0 0
9 19 0 0
10 19 0 0
13 19 0 0
14 19 0 0
15 19 0 0
16 19 0 0
18 19 0 0
3 20 0 0
4 20 0 0
5 20 0 0
6 20 0 0
8 20 0 0
9 20 0 0
10 20 0 0
13 20 0 0
14 20 0 0
15 20 0 0
16 20 0 0
18 20 0 0
19 20 0 0
3 21 0 0
4 21 0 0
5 21 0 0
6 21 0 0
7 21 0 0
8 21 0 0
9 21 0 0
10 21 0 0
13 21 0 0
14 21 0 0
15 21 0 0
18 21 0 0
19 21 0 0
20 21 0 0
5 22 0 0
6 22 0 0
7 22 0 0
8 22 0 0
9 22 0 0
13 22 0 0
15 22 0 0
19 22 0 0
20 22 0 0
21 22 0 0
3 23 0 0
4 23 0 0
5 23 0 0
8 23 0 0
9 23 0 0
10 23 0 0
13 23 0 0
14 23 0 0
16 23 0 0
18 23 0 0
19 23 0 0
20 23 0 0
21 23 0 0
22 23 0 0
6 24 0 0
7 24 0 0
12 24 0 0
15 24 0 0
17 24 0 0
20 24 0 0
21 24 0 0
22 24 0 0
6 25 0 0
7 25 0 0
12 25 0 0
13 25 0 0
15 25 0 0
17 25 0 0
20 25 0 0
21 25 0 0
22 25 0 0
24 25 0 0
6 26 0 0
7 26 0 0
12 26 0 0
15 26 0 0
17 26 0 0
20 26 0 0
21 26 0 0
22 26 0 0
24 26 0 0
25 26 0 0
6 27 0 0
7 27 0 0
12 27 0 0
13 27 0 0
15 27 0 0
17 27 0 0
20 27 0 0
21 27 0 0
22 27 0 0
24 27 0 0
25 27 0 0
26 27 0 0
11 28 0 0
1 29 0 0
11 29 0 0
28 29 0 0
3 30 0 0
4 30 0 0
5 30 0 0
8 30 0 0
9 30 0 0
10 30 0 0
13 30 0 0
14 30 0 0
16 30 0 0
18 30 0 0
19 30 0 0
20 30 0 0
21 30 0 0
23 30 0 0
6 31 0 0
13 31 0 0
15 31 0 0
20 31 0 0
21 31 0 0
22 31 0 0
24 31 0 0
25 31 0 0
26 31 0 0
27 31 0 0
30 31 0 0
5 32 0 0
9 32 0 0
13 32 0 0
14 32 0 0
15 32 0 0
19 32 0 0
20 32 0 0
21 32 0 0
22 32 0 0
23 32 0 0
25 32 0 0
27 32 0 0
30 32 0 0
31 32 0 0
12 33 0 0
13 33 0 0
15 33 0 0
20 33 0 0
21 33 0 0
22 33 0 0
24 33 0 0
25 33 0 0
26 33 0 0
27 33 0 0
31 33 0 0
32 33 0 0
1 34 0 0
2 34 0 0
11 34 0 0
12 34 0 0
17 34 0 0
28 34 0 0
29 34 0 0
5 35 0 0
8 35 0 0
9 35 0 0
10 35 0 0
13 35 0 0
14 35 0 0
15 35 0 0
16 35 0 0
18 35 0 0
19 35 0 0
20 35 0 0
21 35 0 0
23 35 0 0
30 35 0 0
31 35 0 0
32 35 0 0
33 35 0 0
11 36 0 0
12 36 0 0
17 36 0 0
26 36 0 0
29 36 0 0
33 36 0 0
34 36 0 0
11 37 0 0
28 37 0 0
29 37 0 0
34 37 0 0
11 38 0 0
28 38 0 0
29 38 0 0
34 38 0 0
36 38 0 0
37 38 0 0
8 39 0 0
10 39 0 0
13 39 0 0
14 39 0 0
16 39 0 0
18 39 0 0
19 39 0 0
20 39 0 0
23 39 0 0
30 39 0 0
32 39 0 0
35 39 0 0
11 40 0 0
28 40 0 0
29 40 0 0
34 40 0 0
36 40 0 0
37 40 0 0
38 40 0 0
11 41 0 0
28 41 0 0
29 41 0 0
34 41 0 0
36 41 0 0
37 41 0 0
38 41 0 0
40 41 0 0
11 42 0 0
12 42 0 0
17 42 0 0
29 42 0 0
34 42 0 0
36 42 0 0
38 42 0 0
40 42 0 0
41 42 0 0
13 43 0 0
15 43 0 0
25 43 0 0
26 43 0 0
27 43 0 0
31 43 0 0
32 43 0 0
33 43 0 0
36 43 0 0
1 44 0 0
2 44 0 0
6 44 0 0
7 44 0 0
11 44 0 0
12 44 0 0
17 44 0 0
24 44 0 0
26 44 0 0
27 44 0 0
29 44 0 0
33 44 0 0
34 44 0 0
36 44 0 0
40 44 0 0
41 44 0 0
42 44 0 0
3 45 0 0
4 45 0 0
5 45 0 0
8 45 0 0
9 45 0 0
10 45 0 0
13 45 0 0
14 45 0 0
15 45 0 0
16 45 0 0
18 45 0 0
19 45 0 0
20 45 0 0
21 45 0 0
22 45 0 0
23 45 0 0
25 45 0 0
27 45 0 0
30 45 0 0
31 45 0 0
32 45 0 0
33 45 0 0
35 45 0 0
39 45 0 0
43 45 0 0
6 46 0 0
7 46 0 0
12 46 0 0
13 46 0 0
15 46 0 0
17 46 0 0
20 46 0 0
21 46 0 0
22 46 0 0
24 46 0 0
25 46 0 0
26 46 0 0
27 46 0 0
31 46 0 0
32 46 0 0
33 46 0 0
36 46 0 0
43 46 0 0
44 46 0 0
45 46 0 0
1 47 0 0
2 47 0 0
7 47 0 0
11 47 0 0
12 47 0 0
17 47 0 0
26 47 0 0
29 47 0 0
34 47 0 0
36 47 0 0
38 47 0 0
40 47 0 0
41 47 0 0
42 47 0 0
44 47 0 0
3 48 0 0
4 48 0 0
5 48 0 0
8 48 0 0
9 48 0 0
10 48 0 0
13 48 0 0
14 48 0 0
15 48 0 0
16 48 0 0
18 48 0 0
19 48 0 0
20 48 0 0
21 48 0 0
22 48 0 0
23 48 0 0
30 48 0 0
31 48 0 0
32 48 0 0
35 48 0 0
39 48 0 0
45 48 0 0
3 49 0 0
4 49 0 0
5 49 0 0
8 49 0 0
9 49 0 0
10 49 0 0
13 49 0 0
14 49 0 0
16 49 0 0
18 49 0 0
19 49 0 0
20 49 0 0
21 49 0 0
23 49 0 0
30 49 0 0
32 49 0 0
35 49 0 0
39 49 0 0
45 49 0 0
48 49 0 0
1 50 0 0
2 50 0 0
11 50 0 0
12 50 0 0
17 50 0 0
28 50 0 0
29 50 0 0
34 50 0 0
36 50 0 0
37 50 0 0
38 50 0 0
40 50 0 0
41 50 0 0
42 50 0 0
44 50 0 0
47 50 0 0
6 51 0 0
7 51 0 0
12 51 0 0
15 51 0 0
17 51 0 0
20 51 0 0
21 51 0 0
22 51 0 0
24 51 0 0
25 51 0 0
26 51 0 0
27 51 0 0
31 51 0 0
32 51 0 0
33 51 0 0
36 51 0 0
43 51 0 0
44 51 0 0
46 51 0 0
47 51 0 0
2 52 0 0
6 52 0 0
7 52 0 0
12 52 0 0
15 52 0 0
17 52 0 0
21 52 0 0
22 52 0 0
24 52 0 0
25 52 0 0
26 52 0 0
27 52 0 0
31 52 0 0
33 52 0 0
34 52 0 0
36 52 0 0
40 52 0 0
42 52 0 0
43 52 0 0
44 52 0 0
46 52 0 0
47 52 0 0
50 52 0 0
51 52 0 0
1 53 0 0
2 53 0 0
11 53 0 0
12 53 0 0
17 53 0 0
28 53 0 0
29 53 0 0
34 53 0 0
36 53 0 0
38 53 0 0
40 53 0 0
41 53 0 0
42 53 0 0
44 53 0 0
47 53 0 0
50 53 0 0
52 53 0 0
1 54 0 0
2 54 0 0
11 54 0 0
28 54 0 0
29 54 0 0
34 54 0 0
36 54 0 0
37 54 0 0
38 54 0 0
40 54 0 0
41 54 0 0
42 54 0 0
44 54 0 0
47 54 0 0
50 54 0 0
53 54 0 0
6 55 0 0
7 55 0 0
12 55 0 0
13 55 0 0
15 55 0 0
20 55 0 0
21 55 0 0
22 55 0 0
24 55 0 0
25 55 0 0
26 55 0 0
27 55 0 0
31 55 0 0
32 55 0 0
33 55 0 0
35 55 0 0
43 55 0 0
45 55 0 0
46 55 0 0
48 55 0 0
51 55 0 0
52 55 0 0
28 56 0 0
29 56 0 0
34 56 0 0
37 56 0 0
38 56 0 0
40 56 0 0
41 56 0 0
54 56 0 0
28 57 0 0
29 57 0 0
37 57 0 0
38 57 0 0
41 57 0 0
54 57 0 0
56 57 0 0
28 58 0 0
29 58 0 0
37 58 0 0
38 58 0 0
40 58 0 0
41 58 0 0
54 58 0 0
56 58 0 0
57 58 0 0
28 59 0 0
29 59 0 0
37 59 0 0
38 59 0 0
40 59 0 0
41 59 0 0
54 59 0 0
56 59 0 0
57 59 0 0
58 59 0 0
28 60 0 0
29 60 0 0
34 60 0 0
37 60 0 0
38 60 0 0
40 60 0 0
41 60 0 0
54 60 0 0
56 60 0 0
57 60 0 0
58 60 0 0
59 60 0 0
34 61 0 0
36 61 0 0
38 61 0 0
40 61 0 0
41 61 0 0
42 61 0 0
52 61 0 0
54 61 0 0
60 61 0 0
34 62 0 0
36 62 0 0
40 62 0 0
42 62 0 0
44 62 0 0
52 62 0 0
61 62 0 0
34 63 0 0
36 63 0 0
40 63 0 0
42 63 0 0
44 63 0 0
52 63 0 0
61 63 0 0
62 63 0 0
33 64 0 0
34 64 0 0
36 64 0 0
42 64 0 0
43 64 0 0
52 64 0 0
61 64 0 0
62 64 0 0
63 64 0 0
33 65 0 0
36 65 0 0
43 65 0 0
52 65 0 0
61 65 0 0
62 65 0 0
63 65 0 0
64 65 0 0
32 66 0 0
33 66 0 0
35 66 0 0
43 66 0 0
65 66 0 0
30 67 0 0
32 67 0 0
35 67 0 0
39 67 0 0
43 67 0 0
66 67 0 0
28 68 0 0
37 68 0 0
38 68 0 0
41 68 0 0
56 68 0 0
57 68 0 0
58 68 0 0
59 68 0 0
60 68 0 0
34 69 0 0
36 69 0 0
40 69 0 0
42 69 0 0
52 69 0 0
61 69 0 0
62 69 0 0
63 69 0 0
64 69 0 0
65 69 0 0
30 70 0 0
35 70 0 0
39 70 0 0
66 70 0 0
67 70 0 0
37 71 0 0
38 71 0 0
40 71 0 0
41 71 0 0
56 71 0 0
57 71 0 0
58 71 0 0
59 71 0 0
60 71 0 0
61 71 0 0
62 71 0 0
68 71 0 0
37 72 0 0
38 72 0 0
40 72 0 0
41 72 0 0
56 72 0 0
57 72 0 0
58 72 0 0
59 72 0 0
60 72 0 0
68 72 0 0
71 72 0 0
36 73 0 0
40 73 0 0
42 73 0 0
61 73 0 0
62 73 0 0
63 73 0 0
64 73 0 0
65 73 0 0
69 73 0 0
71 73 0 0
35 74 0 0
39 74 0 0
66 74 0 0
67 74 0 0
70 74 0 0
35 75 0 0
39 75 0 0
66 75 0 0
67 75 0 0
70 75 0 0
74 75 0 0
28 76 0 0
29 76 0 0
34 76 0 0
36 76 0 0
37 76 0 0
38 76 0 0
40 76 0 0
41 76 0 0
42 76 0 0
44 76 0 0
47 76 0 0
50 76 0 0
53 76 0 0
54 76 0 0
56 76 0 0
58 76 0 0
59 76 0 0
60 76 0 0
61 76 0 0
62 76 0 0
63 76 0 0
64 76 0 0
69 76 0 0
71 76 0 0
72 76 0 0
73 76 0 0
29 77 0 0
34 77 0 0
36 77 0 0
38 77 0 0
40 77 0 0
41 77 0 0
42 77 0 0
44 77 0 0
47 77 0 0
50 77 0 0
52 77 0 0
53 77 0 0
54 77 0 0
56 77 0 0
60 77 0 0
61 77 0 0
62 77 0 0
63 77 0 0
64 77 0 0
69 77 0 0
71 77 0 0
72 77 0 0
73 77 0 0
76 77 0 0
15 78 0 0
31 78 0 0
32 78 0 0
33 78 0 0
35 78 0 0
43 78 0 0
45 78 0 0
46 78 0 0
51 78 0 0
52 78 0 0
55 78 0 0
64 78 0 0
65 78 0 0
66 78 0 0
67 78 0 0
74 78 0 0
30 79 0 0
32 79 0 0
35 79 0 0
39 79 0 0
45 79 0 0
48 79 0 0
49 79 0 0
66 79 0 0
67 79 0 0
70 79 0 0
74 79 0 0
75 79 0 0
78 79 0 0
31 80 0 0
33 80 0 0
36 80 0 0
42 80 0 0
43 80 0 0
44 80 0 0
46 80 0 0
51 80 0 0
52 80 0 0
55 80 0 0
61 80 0 0
62 80 0 0
63 80 0 0
64 80 0 0
65 80 0 0
69 80 0 0
73 80 0 0
77 80 0 0
78 80 0 0
30 81 0 0
32 81 0 0
35 81 0 0
39 81 0 0
45 81 0 0
48 81 0 0
66 81 0 0
67 81 0 0
70 81 0 0
74 81 0 0
75 81 0 0
78 81 0 0
79 81 0 0
30 82 0 0
31 82 0 0
32 82 0 0
33 82 0 0
35 82 0 0
39 82 0 0
43 82 0 0
45 82 0 0
48 82 0 0
55 82 0 0
66 82 0 0
67 82 0 0
70 82 0 0
74 82 0 0
75 82 0 0
78 82 0 0
79 82 0 0
81 82 0 0
28 83 0 0
29 83 0 0
34 83 0 0
36 83 0 0
37 83 0 0
38 83 0 0
40 83 0 0
41 83 0 0
42 83 0 0
50 83 0 0
53 83 0 0
54 83 0 0
56 83 0 0
57 83 0 0
58 83 0 0
59 83 0 0
60 83 0 0
61 83 0 0
62 83 0 0
63 83 0 0
64 83 0 0
69 83 0 0
71 83 0 0
72 83 0 0
73 83 0 0
76 83 0 0
77 83 0 0
30 84 0 0
35 84 0 0
39 84 0 0
48 84 0 0
66 84 0 0
67 84 0 0
70 84 0 0
74 84 0 0
75 84 0 0
79 84 0 0
81 84 0 0
82 84 0 0
28 85 0 0
29 85 0 0
37 85 0 0
38 85 0 0
40 85 0 0
41 85 0 0
54 85 0 0
56 85 0 0
57 85 0 0
58 85 0 0
59 85 0 0
60 85 0 0
68 85 0 0
71 85 0 0
72 85 0 0
83 85 0 0
11 86 0 0
28 86 0 0
29 86 0 0
34 86 0 0
36 86 0 0
37 86 0 0
38 86 0 0
40 86 0 0
41 86 0 0
42 86 0 0
44 86 0 0
47 86 0 0
50 86 0 0
53 86 0 0
54 86 0 0
56 86 0 0
57 86 0 0
58 86 0 0
59 86 0 0
60 86 0 0
61 86 0 0
62 86 0 0
63 86 0 0
69 86 0 0
71 86 0 0
72 86 0 0
73 86 0 0
76 86 0 0
77 86 0 0
83 86 0 0
85 86 0 0
13 87 0 0
14 87 0 0
16 87 0 0
18 87 0 0
19 87 0 0
30 87 0 0
32 87 0 0
35 87 0 0
39 87 0 0
45 87 0 0
48 87 0 0
49 87 0 0
66 87 0 0
67 87 0 0
70 87 0 0
74 87 0 0
75 87 0 0
79 87 0 0
81 87 0 0
82 87 0 0
84 87 0 0
12 88 0 0
15 88 0 0
26 88 0 0
27 88 0 0
31 88 0 0
33 88 0 0
34 88 0 0
36 88 0 0
42 88 0 0
43 88 0 0
44 88 0 0
46 88 0 0
47 88 0 0
51 88 0 0
52 88 0 0
55 88 0 0
61 88 0 0
62 88 0 0
63 88 0 0
64 88 0 0
65 88 0 0
69 88 0 0
73 88 0 0
77 88 0 0
78 88 0 0
80 88 0 0
11 89 0 0
28 89 0 0
29 89 0 0
34 89 0 0
36 89 0 0
37 89 0 0
38 89 0 0
40 89 0 0
41 89 0 0
42 89 0 0
44 89 0 0
47 89 0 0
50 89 0 0
53 89 0 0
54 89 0 0
56 89 0 0
58 89 0 0
59 89 0 0
60 89 0 0
61 89 0 0
62 89 0 0
63 89 0 0
64 89 0 0
69 89 0 0
71 89 0 0
72 89 0 0
73 89 0 0
76 89 0 0
77 89 0 0
83 89 0 0
85 89 0 0
86 89 0 0
12 90 0 0
31 90 0 0
33 90 0 0
34 90 0 0
36 90 0 0
42 90 0 0
43 90 0 0
44 90 0 0
46 90 0 0
47 90 0 0
51 90 0 0
52 90 0 0
55 90 0 0
61 90 0 0
62 90 0 0
63 90 0 0
64 90 0 0
65 90 0 0
69 90 0 0
73 90 0 0
77 90 0 0
78 90 0 0
80 90 0 0
88 90 0 0
15 91 0 0
27 91 0 0
31 91 0 0
32 91 0 0
33 91 0 0
43 91 0 0
45 91 0 0
46 91 0 0
51 91 0 0
52 91 0 0
55 91 0 0
64 91 0 0
65 91 0 0
66 91 0 0
67 91 0 0
78 91 0 0
80 91 0 0
82 91 0 0
88 91 0 0
90 91 0 0
13 92 0 0
15 92 0 0
30 92 0 0
31 92 0 0
32 92 0 0
33 92 0 0
35 92 0 0
39 92 0 0
43 92 0 0
45 92 0 0
46 92 0 0
48 92 0 0
51 92 0 0
55 92 0 0
65 92 0 0
66 92 0 0
67 92 0 0
70 92 0 0
74 92 0 0
78 92 0 0
79 92 0 0
81 92 0 0
82 92 0 0
84 92 0 0
87 92 0 0
88 92 0 0
91 92 0 0
3 93 0 0
8 93 0 0
9 93 0 0
10 93 0 0
13 93 0 0
14 93 0 0
16 93 0 0
18 93 0 0
19 93 0 0
20 93 0 0
23 93 0 0
30 93 0 0
32 93 0 0
35 93 0 0
39 93 0 0
45 93 0 0
48 93 0 0
49 93 0 0
66 93 0 0
67 93 0 0
70 93 0 0
74 93 0 0
75 93 0 0
79 93 0 0
81 93 0 0
82 93 0 0
84 93 0 0
87 93 0 0
92 93 0 0
34 94 0 0
36 94 0 0
40 94 0 0
42 94 0 0
44 94 0 0
47 94 0 0
50 94 0 0
52 94 0 0
53 94 0 0
54 94 0 0
61 94 0 0
62 94 0 0
63 94 0 0
64 94 0 0
65 94 0 0
69 94 0 0
73 94 0 0
76 94 0 0
77 94 0 0
80 94 0 0
83 94 0 0
86 94 0 0
88 94 0 0
89 94 0 0
90 94 0 0
13 95 0 0
15 95 0 0
30 95 0 0
31 95 0 0
32 95 0 0
33 95 0 0
35 95 0 0
39 95 0 0
43 95 0 0
45 95 0 0
46 95 0 0
48 95 0 0
49 95 0 0
55 95 0 0
66 95 0 0
67 95 0 0
70 95 0 0
74 95 0 0
75 95 0 0
78 95 0 0
79 95 0 0
81 95 0 0
82 95 0 0
84 95 0 0
87 95 0 0
91 95 0 0
92 95 0 0
93 95 0 0
67 96 0 0
70 96 0 0
74 96 0 0
75 96 0 0
79 96 0 0
81 96 0 0
84 96 0 0
87 96 0 0
93 96 0 0
56 97 0 0
58 97 0 0
59 97 0 0
60 97 0 0
61 97 0 0
62 97 0 0
69 97 0 0
71 97 0 0
72 97 0 0
73 97 0 0
76 97 0 0
77 97 0 0
83 97 0 0
61 98 0 0
62 98 0 0
63 98 0 0
64 98 0 0
65 98 0 0
69 98 0 0
73 98 0 0
78 98 0 0
80 98 0 0
90 98 0 0
94 98 0 0
60 99 0 0
61 99 0 0
62 99 0 0
63 99 0 0
64 99 0 0
69 99 0 0
71 99 0 0
72 99 0 0
73 99 0 0
76 99 0 0
77 99 0 0
83 99 0 0
94 99 0 0
97 99 0 0
98 99 0 0
67 100 0 0
70 100 0 0
74 100 0 0
75 100 0 0
84 100 0 0
96 100 0 0
98 101 0 0
98 102 0 0
99 102 0 0
65 103 0 0
66 103 0 0
98 103 0 0
101 103 0 0
102 103 0 0
71 104 0 0
72 104 0 0
97 104 0 0
99 104 0 0
67 105 0 0
70 105 0 0
74 105 0 0
75 105 0 0
84 105 0 0
96 105 0 0
100 105 0 0
101 105 0 0
68 106 0 0
71 106 0 0
72 106 0 0
97 106 0 0
104 106 0 0
66 107 0 0
67 107 0 0
98 107 0 0
101 107 0 0
103 107 0 0
105 107 0 0
66 108 0 0
67 108 0 0
74 108 0 0
100 108 0 0
101 108 0 0
103 108 0 0
105 108 0 0
107 108 0 0
70 109 0 0
74 109 0 0
75 109 0 0
84 109 0 0
96 109 0 0
100 109 0 0
105 109 0 0
107 109 0 0
108 109 0 0
71 110 0 0
72 110 0 0
97 110 0 0
99 110 0 0
104 110 0 0
106 110 0 0
66 111 0 0
101 111 0 0
103 111 0 0
105 111 0 0
107 111 0 0
108 111 0 0
109 111 0 0
65 112 0 0
98 112 0 0
101 112 0 0
102 112 0 0
103 112 0 0
107 112 0 0
66 113 0 0
67 113 0 0
70 113 0 0
74 113 0 0
75 113 0 0
81 113 0 0
84 113 0 0
93 113 0 0
96 113 0 0
100 113 0 0
105 113 0 0
107 113 0 0
108 113 0 0
109 113 0 0
111 113 0 0
65 114 0 0
66 114 0 0
67 114 0 0
70 114 0 0
74 114 0 0
75 114 0 0
78 114 0 0
79 114 0 0
81 114 0 0
82 114 0 0
84 114 0 0
92 114 0 0
95 114 0 0
96 114 0 0
98 114 0 0
100 114 0 0
101 114 0 0
103 114 0 0
105 114 0 0
107 114 0 0
108 114 0 0
109 114 0 0
111 114 0 0
113 114 0 0
56 115 0 0
57 115 0 0
58 115 0 0
59 115 0 0
60 115 0 0
68 115 0 0
71 115 0 0
72 115 0 0
97 115 0 0
99 115 0 0
104 115 0 0
106 115 0 0
110 115 0 0
59 116 0 0
60 116 0 0
61 116 0 0
62 116 0 0
69 116 0 0
71 116 0 0
72 116 0 0
73 116 0 0
76 116 0 0
77 116 0 0
83 116 0 0
97 116 0 0
99 116 0 0
102 116 0 0
104 116 0 0
106 116 0 0
110 116 0 0
115 116 0 0
61 117 0 0
62 117 0 0
63 117 0 0
64 117 0 0
65 117 0 0
69 117 0 0
73 117 0 0
77 117 0 0
80 117 0 0
83 117 0 0
94 117 0 0
97 117 0 0
98 117 0 0
99 117 0 0
101 117 0 0
102 117 0 0
103 117 0 0
107 117 0 0
112 117 0 0
116 117 0 0
57 118 0 0
58 118 0 0
59 118 0 0
60 118 0 0
68 118 0 0
71 118 0 0
72 118 0 0
97 118 0 0
104 118 0 0
106 118 0 0
110 118 0 0
115 118 0 0
116 118 0 0
59 119 0 0
68 119 0 0
71 119 0 0
72 119 0 0
97 119 0 0
104 119 0 0
106 119 0 0
110 119 0 0
115 119 0 0
118 119 0 0
67 120 0 0
70 120 0 0
74 120 0 0
75 120 0 0
84 120 0 0
96 120 0 0
100 120 0 0
105 120 0 0
109 120 0 0
113 120 0 0
65 121 0 0
66 121 0 0
67 121 0 0
74 121 0 0
78 121 0 0
98 121 0 0
101 121 0 0
103 121 0 0
105 121 0 0
107 121 0 0
108 121 0 0
111 121 0 0
112 121 0 0
113 121 0 0
114 121 0 0
117 121 0 0
65 122 0 0
66 122 0 0
67 122 0 0
78 122 0 0
98 122 0 0
101 122 0 0
103 122 0 0
107 122 0 0
108 122 0 0
111 122 0 0
112 122 0 0
114 122 0 0
117 122 0 0
121 122 0 0
96 123 0 0
100 123 0 0
105 123 0 0
109 123 0 0
113 123 0 0
120 123 0 0
96 124 0 0
100 124 0 0
105 124 0 0
107 124 0 0
108 124 0 0
109 124 0 0
111 124 0 0
113 124 0 0
114 124 0 0
120 124 0 0
123 124 0 0
96 125 0 0
100 125 0 0
101 125 0 0
105 125 0 0
107 125 0 0
108 125 0 0
109 125 0 0
111 125 0 0
113 125 0 0
114 125 0 0
120 125 0 0
121 125 0 0
123 125 0 0
124 125 0 0
97 126 0 0
99 126 0 0
102 126 0 0
104 126 0 0
110 126 0 0
112 126 0 0
116 126 0 0
117 126 0 0
97 127 0 0
99 127 0 0
104 127 0 0
106 127 0 0
110 127 0 0
115 127 0 0
116 127 0 0
118 127 0 0
119 127 0 0
126 127 0 0
97 128 0 0
104 128 0 0
106 128 0 0
110 128 0 0
115 128 0 0
116 128 0 0
118 128 0 0
119 128 0 0
126 128 0 0
127 128 0 0
104 129 0 0
106 129 0 0
110 129 0 0
115 129 0 0
118 129 0 0
119 129 0 0
127 129 0 0
128 129 0 0
98 130 0 0
102 130 0 0
103 130 0 0
112 130 0 0
117 130 0 0
122 130 0 0
126 130 0 0
97 131 0 0
98 131 0 0
99 131 0 0
102 131 0 0
112 131 0 0
116 131 0 0
117 131 0 0
126 131 0 0
127 131 0 0
130 131 0 0
104 132 0 0
106 132 0 0
110 132 0 0
119 132 0 0
127 132 0 0
128 132 0 0
129 132 0 0
110 133 0 0
126 133 0 0
127 133 0 0
128 133 0 0
131 133 0 0
102 134 0 0
126 134 0 0
127 134 0 0
131 134 0 0
133 134 0 0
101 135 0 0
111 135 0 0
130 135 0 0
102 136 0 0
104 136 0 0
110 136 0 0
112 136 0 0
117 136 0 0
126 136 0 0
127 136 0 0
128 136 0 0
130 136 0 0
131 136 0 0
133 136 0 0
134 136 0 0
104 137 0 0
106 137 0 0
110 137 0 0
126 137 0 0
127 137 0 0
128 137 0 0
129 137 0 0
131 137 0 0
132 137 0 0
133 137 0 0
134 137 0 0
136 137 0 0
104 138 0 0
106 138 0 0
110 138 0 0
119 138 0 0
126 138 0 0
127 138 0 0
128 138 0 0
129 138 0 0
132 138 0 0
133 138 0 0
134 138 0 0
136 138 0 0
137 138 0 0
102 139 0 0
104 139 0 0
110 139 0 0
126 139 0 0
127 139 0 0
128 139 0 0
129 139 0 0
131 139 0 0
132 139 0 0
133 139 0 0
134 139 0 0
136 139 0 0
137 139 0 0
138 139 0 0
102 140 0 0
112 140 0 0
117 140 0 0
126 140 0 0
130 140 0 0
131 140 0 0
133 140 0 0
134 140 0 0
136 140 0 0
137 140 0 0
139 140 0 0
101 141 0 0
102 141 0 0
103 141 0 0
112 141 0 0
117 141 0 0
130 141 0 0
131 141 0 0
135 141 0 0
136 141 0 0
140 141 0 0
101 142 0 0
107 142 0 0
108 142 0 0
111 142 0 0
114 142 0 0
124 142 0 0
125 142 0 0
135 142 0 0
141 142 0 0
101 143 0 0
107 143 0 0
108 143 0 0
109 143 0 0
111 143 0 0
123 143 0 0
124 143 0 0
125 143 0 0
135 143 0 0
142 143 0 0
102 144 0 0
126 144 0 0
127 144 0 0
130 144 0 0
131 144 0 0
133 144 0 0
134 144 0 0
136 144 0 0
137 144 0 0
138 144 0 0
139 144 0 0
140 144 0 0
141 144 0 0
102 145 0 0
110 145 0 0
126 145 0 0
127 145 0 0
128 145 0 0
131 145 0 0
133 145 0 0
134 145 0 0
136 145 0 0
137 145 0 0
138 145 0 0
139 145 0 0
140 145 0 0
144 145 0 0
132 146 0 0
133 146 0 0
134 146 0 0
136 146 0 0
137 146 0 0
138 146 0 0
139 146 0 0
145 146 0 0
132 147 0 0
133 147 0 0
134 147 0 0
136 147 0 0
137 147 0 0
138 147 0 0
139 147 0 0
144 147 0 0
145 147 0 0
146 147 0 0
133 148 0 0
134 148 0 0
136 148 0 0
137 148 0 0
138 148 0 0
139 148 0 0
140 148 0 0
144 148 0 0
145 148 0 0
146 148 0 0
147 148 0 0
133 149 0 0
134 149 0 0
136 149 0 0
137 149 0 0
139 149 0 0
140 149 0 0
144 149 0 0
145 149 0 0
146 149 0 0
147 149 0 0
148 149 0 0
135 150 0 0
142 150 0 0
143 150 0 0
135 151 0 0
142 151 0 0
143 151 0 0
150 151 0 0
134 152 0 0
140 152 0 0
141 152 0 0
144 152 0 0
148 152 0 0
149 152 0 0
132 153 0 0
133 153 0 0
134 153 0 0
136 153 0 0
137 153 0 0
138 153 0 0
139 153 0 0
140 153 0 0
144 153 0 0
145 153 0 0
146 153 0 0
147 153 0 0
148 153 0 0
149 153 0 0
126 154 0 0
131 154 0 0
133 154 0 0
134 154 0 0
136 154 0 0
137 154 0 0
139 154 0 0
140 154 0 0
141 154 0 0
144 154 0 0
145 154 0 0
147 154 0 0
148 154 0 0
149 154 0 0
152 154 0 0
153 154 0 0
133 155 0 0
134 155 0 0
136 155 0 0
137 155 0 0
138 155 0 0
139 155 0 0
140 155 0 0
144 155 0 0
145 155 0 0
146 155 0 0
147 155 0 0
148 155 0 0
149 155 0 0
152 155 0 0
153 155 0 0
154 155 0 0
135 156 0 0
142 156 0 0
143 156 0 0
150 156 0 0
151 156 0 0
101 157 0 0
111 157 0 0
123 157 0 0
124 157 0 0
125 157 0 0
135 157 0 0
142 157 0 0
143 157 0 0
150 157 0 0
151 157 0 0
156 157 0 0
127 158 0 0
128 158 0 0
129 158 0 0
132 158 0 0
133 158 0 0
134 158 0 0
136 158 0 0
137 158 0 0
138 158 0 0
139 158 0 0
145 158 0 0
146 158 0 0
147 158 0 0
148 158 0 0
153 158 0 0
155 158 0 0
111 159 0 0
125 159 0 0
135 159 0 0
142 159 0 0
143 159 0 0
150 159 0 0
151 159 0 0
156 159 0 0
157 159 0 0
126 160 0 0
130 160 0 0
131 160 0 0
133 160 0 0
134 160 0 0
136 160 0 0
137 160 0 0
139 160 0 0
140 160 0 0
141 160 0 0
144 160 0 0
145 160 0 0
147 160 0 0
148 160 0 0
149 160 0 0
152 160 0 0
153 160 0 0
154 160 0 0
155 160 0 0
130 161 0 0
135 161 0 0
141 161 0 0
142 161 0 0
150 161 0 0
151 161 0 0
152 161 0 0
156 161 0 0
157 161 0 0
159 161 0 0
160 161 0 0
126 162 0 0
131 162 0 0
133 162 0 0
134 162 0 0
136 162 0 0
137 162 0 0
138 162 0 0
139 162 0 0
140 162 0 0
144 162 0 0
145 162 0 0
147 162 0 0
148 162 0 0
149 162 0 0
152 162 0 0
153 162 0 0
154 162 0 0
155 162 0 0
160 162 0 0
126 163 0 0
127 163 0 0
131 163 0 0
132 163 0 0
133 163 0 0
134 163 0 0
136 163 0 0
137 163 0 0
138 163 0 0
139 163 0 0
140 163 0 0
144 163 0 0
145 163 0 0
146 163 0 0
147 163 0 0
148 163 0 0
149 163 0 0
153 163 0 0
154 163 0 0
155 163 0 0
158 163 0 0
160 163 0 0
162 163 0 0
110 164 0 0
127 164 0 0
128 164 0 0
129 164 0 0
132 164 0 0
133 164 0 0
134 164 0 0
136 164 0 0
137 164 0 0
138 164 0 0
139 164 0 0
144 164 0 0
145 164 0 0
146 164 0 0
147 164 0 0
148 164 0 0
149 164 0 0
153 164 0 0
154 164 0 0
155 164 0 0
158 164 0 0
160 164 0 0
162 164 0 0
163 164 0 0
104 165 0 0
106 165 0 0
110 165 0 0
126 165 0 0
127 165 0 0
128 165 0 0
129 165 0 0
131 165 0 0
132 165 0 0
133 165 0 0
134 165 0 0
136 165 0 0
137 165 0 0
138 165 0 0
139 165 0 0
140 165 0 0
144 165 0 0
145 165 0 0
146 165 0 0
147 165 0 0
148 165 0 0
149 165 0 0
153 165 0 0
154 165 0 0
155 165 0 0
158 165 0 0
160 165 0 0
162 165 0 0
163 165 0 0
164 165 0 0
129 166 0 0
132 166 0 0
137 166 0 0
138 166 0 0
139 166 0 0
146 166 0 0
147 166 0 0
153 166 0 0
158 166 0 0
163 166 0 0
164 166 0 0
165 166 0 0
123 167 0 0
124 167 0 0
125 167 0 0
135 167 0 0
142 167 0 0
143 167 0 0
150 167 0 0
151 167 0 0
156 167 0 0
157 167 0 0
159 167 0 0
135 168 0 0
141 168 0 0
142 168 0 0
143 168 0 0
150 168 0 0
151 168 0 0
156 168 0 0
157 168 0 0
159 168 0 0
161 168 0 0
167 168 0 0
126 169 0 0
127 169 0 0
133 169 0 0
134 169 0 0
136 169 0 0
137 169 0 0
138 169 0 0
139 169 0 0
140 169 0 0
144 169 0 0
145 169 0 0
146 169 0 0
147 169 0 0
148 169 0 0
149 169 0 0
153 169 0 0
154 169 0 0
155 169 0 0
158 169 0 0
160 169 0 0
162 169 0 0
163 169 0 0
164 169 0 0
165 169 0 0
166 169 0 0
126 170 0 0
131 170 0 0
133 170 0 0
134 170 0 0
136 170 0 0
137 170 0 0
138 170 0 0
139 170 0 0
140 170 0 0
144 170 0 0
145 170 0 0
146 170 0 0
147 170 0 0
148 170 0 0
149 170 0 0
152 170 0 0
153 170 0 0
154 170 0 0
155 170 0 0
158 170 0 0
160 170 0 0
162 170 0 0
163 170 0 0
164 170 0 0
165 170 0 0
169 170 0 0
130 171 0 0
131 171 0 0
134 171 0 0
135 171 0 0
136 171 0 0
140 171 0 0
141 171 0 0
144 171 0 0
145 171 0 0
148 171 0 0
149 171 0 0
152 171 0 0
154 171 0 0
155 171 0 0
160 171 0 0
161 171 0 0
162 171 0 0
169 171 0 0
170 171 0 0
97 172 0 0
104 172 0 0
106 172 0 0
110 172 0 0
115 172 0 0
116 172 0 0
126 172 0 0
127 172 0 0
128 172 0 0
129 172 0 0
131 172 0 0
132 172 0 0
133 172 0 0
134 172 0 0
136 172 0 0
137 172 0 0
138 172 0 0
139 172 0 0
140 172 0 0
144 172 0 0
145 172 0 0
146 172 0 0
153 172 0 0
154 172 0 0
155 172 0 0
158 172 0 0
160 172 0 0
162 172 0 0
163 172 0 0
164 172 0 0
165 172 0 0
169 172 0 0
170 172 0 0
99 173 0 0
102 173 0 0
104 173 0 0
110 173 0 0
116 173 0 0
117 173 0 0
126 173 0 0
127 173 0 0
128 173 0 0
130 173 0 0
131 173 0 0
133 173 0 0
134 173 0 0
136 173 0 0
137 173 0 0
138 173 0 0
139 173 0 0
140 173 0 0
144 173 0 0
145 173 0 0
146 173 0 0
147 173 0 0
148 173 0 0
149 173 0 0
153 173 0 0
154 173 0 0
155 173 0 0
158 173 0 0
160 173 0 0
162 173 0 0
163 173 0 0
164 173 0 0
165 173 0 0
169 173 0 0
170 173 0 0
172 173 0 0
104 174 0 0
106 174 0 0
110 174 0 0
115 174 0 0
118 174 0 0
119 174 0 0
127 174 0 0
128 174 0 0
129 174 0 0
132 174 0 0
133 174 0 0
134 174 0 0
136 174 0 0
137 174 0 0
138 174 0 0
139 174 0 0
145 174 0 0
146 174 0 0
153 174 0 0
158 174 0 0
163 174 0 0
164 174 0 0
165 174 0 0
166 174 0 0
169 174 0 0
172 174 0 0
173 174 0 0
97 175 0 0
104 175 0 0
106 175 0 0
110 175 0 0
115 175 0 0
116 175 0 0
118 175 0 0
119 175 0 0
126 175 0 0
127 175 0 0
128 175 0 0
129 175 0 0
131 175 0 0
132 175 0 0
133 175 0 0
134 175 0 0
136 175 0 0
137 175 0 0
138 175 0 0
139 175 0 0
140 175 0 0
144 175 0 0
145 175 0 0
146 175 0 0
153 175 0 0
158 175 0 0
162 175 0 0
163 175 0 0
164 175 0 0
165 175 0 0
166 175 0 0
169 175 0 0
170 175 0 0
172 175 0 0
173 175 0 0
174 175 0 0
97 176 0 0
99 176 0 0
102 176 0 0
104 176 0 0
110 176 0 0
112 176 0 0
116 176 0 0
117 176 0 0
126 176 0 0
127 176 0 0
128 176 0 0
130 176 0 0
131 176 0 0
133 176 0 0
134 176 0 0
136 176 0 0
137 176 0 0
138 176 0 0
139 176 0 0
140 176 0 0
144 176 0 0
145 176 0 0
154 176 0 0
155 176 0 0
160 176 0 0
162 176 0 0
163 176 0 0
164 176 0 0
165 176 0 0
169 176 0 0
170 176 0 0
172 176 0 0
173 176 0 0
174 176 0 0
175 176 0 0
104 177 0 0
106 177 0 0
110 177 0 0
115 177 0 0
118 177 0 0
119 177 0 0
127 177 0 0
128 177 0 0
129 177 0 0
132 177 0 0
137 177 0 0
138 177 0 0
139 177 0 0
146 177 0 0
158 177 0 0
164 177 0 0
165 177 0 0
166 177 0 0
172 177 0 0
174 177 0 0
175 177 0 0
104 178 0 0
106 178 0 0
110 178 0 0
115 178 0 0
118 178 0 0
119 178 0 0
126 178 0 0
127 178 0 0
128 178 0 0
129 178 0 0
132 178 0 0
133 178 0 0
134 178 0 0
136 178 0 0
137 178 0 0
138 178 0 0
139 178 0 0
144 178 0 0
145 178 0 0
146 178 0 0
147 178 0 0
153 178 0 0
158 178 0 0
163 178 0 0
164 178 0 0
165 178 0 0
166 178 0 0
169 178 0 0
170 178 0 0
172 178 0 0
173 178 0 0
174 178 0 0
175 178 0 0
176 178 0 0
177 178 0 0
102 179 0 0
112 179 0 0
117 179 0 0
126 179 0 0
130 179 0 0
131 179 0 0
133 179 0 0
134 179 0 0
136 179 0 0
137 179 0 0
139 179 0 0
140 179 0 0
141 179 0 0
144 179 0 0
145 179 0 0
148 179 0 0
149 179 0 0
154 179 0 0
155 179 0 0
160 179 0 0
162 179 0 0
163 179 0 0
165 179 0 0
169 179 0 0
170 179 0 0
171 179 0 0
172 179 0 0
173 179 0 0
175 179 0 0
176 179 0 0
104 180 0 0
106 180 0 0
110 180 0 0
118 180 0 0
119 180 0 0
126 180 0 0
127 180 0 0
128 180 0 0
129 180 0 0
132 180 0 0
133 180 0 0
134 180 0 0
136 180 0 0
137 180 0 0
138 180 0 0
139 180 0 0
144 180 0 0
145 180 0 0
146 180 0 0
147 180 0 0
153 180 0 0
155 180 0 0
158 180 0 0
162 180 0 0
163 180 0 0
164 180 0 0
165 180 0 0
166 180 0 0
169 180 0 0
170 180 0 0
172 180 0 0
173 180 0 0
174 180 0 0
175 180 0 0
176 180 0 0
177 180 0 0
178 180 0 0
179 180 0 0
102 181 0 0
104 181 0 0
106 181 0 0
110 181 0 0
116 181 0 0
126 181 0 0
127 181 0 0
128 181 0 0
129 181 0 0
131 181 0 0
132 181 0 0
133 181 0 0
134 181 0 0
136 181 0 0
137 181 0 0
138 181 0 0
139 181 0 0
140 181 0 0
144 181 0 0
145 181 0 0
146 181 0 0
147 181 0 0
148 181 0 0
149 181 0 0
153 181 0 0
154 181 0 0
155 181 0 0
158 181 0 0
160 181 0 0
162 181 0 0
163 181 0 0
164 181 0 0
165 181 0 0
169 181 0 0
170 181 0 0
172 181 0 0
173 181 0 0
174 181 0 0
175 181 0 0
176 181 0 0
177 181 0 0
178 181 0 0
179 181 0 0
180 181 0 0
100 182 0 0
101 182 0 0
105 182 0 0
107 182 0 0
108 182 0 0
109 182 0 0
111 182 0 0
113 182 0 0
114 182 0 0
120 182 0 0
123 182 0 0
124 182 0 0
125 182 0 0
135 182 0 0
142 182 0 0
143 182 0 0
150 182 0 0
151 182 0 0
156 182 0 0
157 182 0 0
159 182 0 0
167 182 0 0
168 182 0 0
37 183 0 0
56 183 0 0
57 183 0 0
58 183 0 0
59 183 0 0
60 183 0 0
68 183 0 0
71 183 0 0
72 183 0 0
83 183 0 0
85 183 0 0
97 183 0 0
104 183 0 0
106 183 0 0
110 183 0 0
115 183 0 0
116 183 0 0
118 183 0 0
119 183 0 0
127 183 0 0
128 183 0 0
129 183 0 0
174 183 0 0
175 183 0 0
177 183 0 0
178 183 0 0
39 184 0 0
66 184 0 0
67 184 0 0
70 184 0 0
74 184 0 0
75 184 0 0
79 184 0 0
81 184 0 0
82 184 0 0
84 184 0 0
87 184 0 0
93 184 0 0
95 184 0 0
96 184 0 0
100 184 0 0
105 184 0 0
108 184 0 0
109 184 0 0
111 184 0 0
113 184 0 0
114 184 0 0
120 184 0 0
124 184 0 0
125 184 0 0
43 185 0 0
65 185 0 0
66 185 0 0
67 185 0 0
74 185 0 0
78 185 0 0
79 185 0 0
80 185 0 0
81 185 0 0
82 185 0 0
91 185 0 0
92 185 0 0
95 185 0 0
98 185 0 0
101 185 0 0
103 185 0 0
107 185 0 0
108 185 0 0
111 185 0 0
114 185 0 0
121 185 0 0
122 185 0 0
43 186 0 0
64 186 0 0
65 186 0 0
66 186 0 0
67 186 0 0
74 186 0 0
78 186 0 0
80 186 0 0
81 186 0 0
82 186 0 0
88 186 0 0
90 186 0 0
91 186 0 0
92 186 0 0
95 186 0 0
98 186 0 0
101 186 0 0
103 186 0 0
107 186 0 0
108 186 0 0
111 186 0 0
114 186 0 0
117 186 0 0
121 186 0 0
122 186 0 0
185 186 0 0
43 187 0 0
62 187 0 0
63 187 0 0
64 187 0 0
65 187 0 0
66 187 0 0
69 187 0 0
73 187 0 0
78 187 0 0
80 187 0 0
88 187 0 0
90 187 0 0
91 187 0 0
92 187 0 0
94 187 0 0
98 187 0 0
103 187 0 0
107 187 0 0
112 187 0 0
114 187 0 0
117 187 0 0
121 187 0 0
122 187 0 0
185 187 0 0
186 187 0 0
67 188 0 0
70 188 0 0
74 188 0 0
75 188 0 0
79 188 0 0
81 188 0 0
84 188 0 0
87 188 0 0
93 188 0 0
96 188 0 0
100 188 0 0
105 188 0 0
109 188 0 0
113 188 0 0
120 188 0 0
184 188 0 0
36 189 0 0
42 189 0 0
61 189 0 0
62 189 0 0
63 189 0 0
64 189 0 0
65 189 0 0
69 189 0 0
71 189 0 0
73 189 0 0
76 189 0 0
77 189 0 0
80 189 0 0
83 189 0 0
88 189 0 0
89 189 0 0
90 189 0 0
94 189 0 0
97 189 0 0
98 189 0 0
99 189 0 0
102 189 0 0
112 189 0 0
116 189 0 0
117 189 0 0
187 189 0 0
36 190 0 0
40 190 0 0
42 190 0 0
60 190 0 0
61 190 0 0
62 190 0 0
63 190 0 0
64 190 0 0
65 190 0 0
69 190 0 0
71 190 0 0
72 190 0 0
73 190 0 0
76 190 0 0
77 190 0 0
80 190 0 0
83 190 0 0
86 190 0 0
89 190 0 0
90 190 0 0
94 190 0 0
97 190 0 0
98 190 0 0
99 190 0 0
102 190 0 0
112 190 0 0
116 190 0 0
117 190 0 0
126 190 0 0
131 190 0 0
189 190 0 0
36 191 0 0
42 191 0 0
61 191 0 0
62 191 0 0
63 191 0 0
64 191 0 0
65 191 0 0
69 191 0 0
73 191 0 0
76 191 0 0
77 191 0 0
80 191 0 0
83 191 0 0
88 191 0 0
90 191 0 0
94 191 0 0
98 191 0 0
99 191 0 0
102 191 0 0
103 191 0 0
112 191 0 0
116 191 0 0
117 191 0 0
186 191 0 0
187 191 0 0
189 191 0 0
190 191 0 0
36 192 0 0
61 192 0 0
62 192 0 0
63 192 0 0
64 192 0 0
65 192 0 0
69 192 0 0
73 192 0 0
76 192 0 0
77 192 0 0
80 192 0 0
83 192 0 0
88 192 0 0
89 192 0 0
90 192 0 0
94 192 0 0
97 192 0 0
98 192 0 0
99 192 0 0
102 192 0 0
112 192 0 0
116 192 0 0
117 192 0 0
126 192 0 0
131 192 0 0
187 192 0 0
189 192 0 0
190 192 0 0
191 192 0 0
56 193 0 0
60 193 0 0
61 193 0 0
62 193 0 0
63 193 0 0
64 193 0 0
69 193 0 0
71 193 0 0
72 193 0 0
73 193 0 0
76 193 0 0
77 193 0 0
83 193 0 0
86 193 0 0
89 193 0 0
94 193 0 0
97 193 0 0
98 193 0 0
99 193 0 0
102 193 0 0
104 193 0 0
115 193 0 0
116 193 0 0
117 193 0 0
126 193 0 0
183 193 0 0
189 193 0 0
190 193 0 0
191 193 0 0
192 193 0 0
65 194 0 0
66 194 0 0
67 194 0 0
74 194 0 0
78 194 0 0
80 194 0 0
81 194 0 0
82 194 0 0
91 194 0 0
92 194 0 0
95 194 0 0
98 194 0 0
101 194 0 0
103 194 0 0
107 194 0 0
108 194 0 0
111 194 0 0
112 194 0 0
114 194 0 0
117 194 0 0
121 194 0 0
122 194 0 0
185 194 0 0
186 194 0 0
187 194 0 0
41 195 0 0
56 195 0 0
57 195 0 0
58 195 0 0
59 195 0 0
60 195 0 0
61 195 0 0
68 195 0 0
71 195 0 0
72 195 0 0
73 195 0 0
76 195 0 0
77 195 0 0
83 195 0 0
85 195 0 0
86 195 0 0
89 195 0 0
97 195 0 0
99 195 0 0
104 195 0 0
106 195 0 0
110 195 0 0
115 195 0 0
116 195 0 0
118 195 0 0
119 195 0 0
127 195 0 0
128 195 0 0
183 195 0 0
189 195 0 0
190 195 0 0
193 195 0 0
66 196 0 0
67 196 0 0
70 196 0 0
74 196 0 0
75 196 0 0
79 196 0 0
81 196 0 0
82 196 0 0
84 196 0 0
87 196 0 0
93 196 0 0
95 196 0 0
96 196 0 0
100 196 0 0
105 196 0 0
107 196 0 0
108 196 0 0
109 196 0 0
111 196 0 0
113 196 0 0
114 196 0 0
120 196 0 0
121 196 0 0
124 196 0 0
125 196 0 0
184 196 0 0
185 196 0 0
188 196 0 0
194 196 0 0
66 197 0 1
67 197 0 1
70 197 0 1
74 197 0 1
75 197 0 1
84 197 0 1
96 197 0 1
100 197 0 1
101 197 0 1
103 197 0 1
105 197 0 1
107 197 0 1
108 197 0 1
109 197 0 1
111 197 0 1
113 197 0 1
114 197 0 1
120 197 0 1
121 197 0 1
122 197 0 1
123 197 0 1
124 197 0 1
125 197 0 1
135 197 0 1
142 197 0 1
143 197 0 1
157 197 0 1
159 197 0 1
167 197 0 1
182 197 0 1
184 197 0 1
185 197 0 1
188 197 0 1
194 197 0 1
196 197 0 1
2 198 0 1
6 198 0 1
7 198 0 1
12 198 0 1
15 198 0 1
17 198 0 1
21 198 0 1
22 198 0 1
24 198 0 1
25 198 0 1
26 198 0 1
27 198 0 1
44 198 0 1
46 198 0 1
47 198 0 1
51 198 0 1
52 198 0 1
55 198 0 1
1 199 0 1
2 199 0 1
6 199 0 1
7 199 0 1
11 199 0 1
12 199 0 1
15 199 0 1
17 199 0 1
22 199 0 1
24 199 0 1
25 199 0 1
26 199 0 1
27 199 0 1
36 199 0 1
44 199 0 1
46 199 0 1
47 199 0 1
50 199 0 1
51 199 0 1
52 199 0 1
53 199 0 1
55 199 0 1
1 200 0 1
2 200 0 1
7 200 0 1
11 200 0 1
12 200 0 1
17 200 0 1
29 200 0 1
34 200 0 1
36 200 0 1
44 200 0 1
47 200 0 1
50 200 0 1
52 200 0 1
53 200 0 1
54 200 0 1
1 201 0 1
2 201 0 1
11 201 0 1
28 201 0 1
29 201 0 1
34 201 0 1
44 201 0 1
47 201 0 1
50 201 0 1
53 201 0 1
54 201 0 1
3 202 0 1
4 202 0 1
5 202 0 1
8 202 0 1
9 202 0 1
10 202 0 1
13 202 0 1
14 202 0 1
16 202 0 1
18 202 0 1
19 202 0 1
20 202 0 1
23 202 0 1
30 202 0 1
35 202 0 1
39 202 0 1
45 202 0 1
48 202 0 1
49 202 0 1
93 202 0 1
5 203 0 1
6 203 0 1
7 203 0 1
9 203 0 1
13 203 0 1
15 203 0 1
19 203 0 1
20 203 0 1
21 203 0 1
22 203 0 1
23 203 0 1
24 203 0 1
25 203 0 1
26 203 0 1
27 203 0 1
31 203 0 1
32 203 0 1
33 203 0 1
35 203 0 1
43 203 0 1
45 203 0 1
46 203 0 1
48 203 0 1
51 203 0 1
52 203 0 1
55 203 0 1
6 204 0 1
7 204 0 1
12 204 0 1
15 204 0 1
17 204 0 1
20 204 0 1
21 204 0 1
22 204 0 1
24 204 0 1
25 204 0 1
26 204 0 1
27 204 0 1
31 204 0 1
32 204 0 1
33 204 0 1
36 204 0 1
43 204 0 1
44 204 0 1
46 204 0 1
51 204 0 1
52 204 0 1
55 204 0 1
1 205 0 1
2 205 0 1
11 205 0 1
28 205 0 1
29 205 0 1
37 205 0 1
38 205 0 1
47 205 0 1
50 205 0 1
53 205 0 1
54 205 0 1
2 206 0 1
6 206 0 1
7 206 0 1
12 206 0 1
15 206 0 1
17 206 0 1
21 206 0 1
22 206 0 1
24 206 0 1
25 206 0 1
26 206 0 1
27 206 0 1
31 206 0 1
33 206 0 1
36 206 0 1
43 206 0 1
44 206 0 1
46 206 0 1
47 206 0 1
51 206 0 1
52 206 0 1
55 206 0 1
88 206 0 1
1 207 0 1
2 207 0 1
6 207 0 1
7 207 0 1
11 207 0 1
12 207 0 1
17 207 0 1
24 207 0 1
25 207 0 1
26 207 0 1
27 207 0 1
34 207 0 1
36 207 0 1
44 207 0 1
47 207 0 1
50 207 0 1
51 207 0 1
52 207 0 1
53 207 0 1
1 208 0 1
2 208 0 1
11 208 0 1
12 208 0 1
17 208 0 1
28 208 0 1
29 208 0 1
34 208 0 1
36 208 0 1
38 208 0 1
40 208 0 1
41 208 0 1
42 208 0 1
44 208 0 1
47 208 0 1
50 208 0 1
53 208 0 1
54 208 0 1
1 209 0 1
2 209 0 1
11 209 0 1
12 209 0 1
17 209 0 1
29 209 0 1
34 209 0 1
36 209 0 1
38 209 0 1
40 209 0 1
42 209 0 1
44 209 0 1
47 209 0 1
50 209 0 1
52 209 0 1
53 209 0 1
54 209 0 1
3 210 0 1
4 210 0 1
5 210 0 1
8 210 0 1
9 210 0 1
10 210 0 1
13 210 0 1
14 210 0 1
16 210 0 1
18 210 0 1
19 210 0 1
20 210 0 1
23 210 0 1
30 210 0 1
35 210 0 1
39 210 0 1
45 210 0 1
48 210 0 1
49 210 0 1
79 210 0 1
84 210 0 1
87 210 0 1
93 210 0 1
6 211 0 1
7 211 0 1
12 211 0 1
13 211 0 1
15 211 0 1
17 211 0 1
20 211 0 1
21 211 0 1
22 211 0 1
24 211 0 1
25 211 0 1
26 211 0 1
27 211 0 1
31 211 0 1
32 211 0 1
33 211 0 1
36 211 0 1
43 211 0 1
44 211 0 1
45 211 0 1
46 211 0 1
51 211 0 1
52 211 0 1
55 211 0 1
78 211 0 1
80 211 0 1
88 211 0 1
90 211 0 1
91 211 0 1
92 211 0 1
4 212 0 1
5 212 0 1
6 212 0 1
8 212 0 1
9 212 0 1
13 212 0 1
14 212 0 1
15 212 0 1
18 212 0 1
19 212 0 1
20 212 0 1
21 212 0 1
22 212 0 1
23 212 0 1
24 212 0 1
25 212 0 1
26 212 0 1
27 212 0 1
30 212 0 1
31 212 0 1
32 212 0 1
33 212 0 1
35 212 0 1
39 212 0 1
43 212 0 1
45 212 0 1
46 212 0 1
48 212 0 1
49 212 0 1
51 212 0 1
52 212 0 1
55 212 0 1
78 212 0 1
87 212 0 1
91 212 0 1
92 212 0 1
95 212 0 1
1 213 0 1
11 213 0 1
28 213 0 1
29 213 0 1
37 213 0 1
38 213 0 1
40 213 0 1
41 213 0 1
50 213 0 1
53 213 0 1
54 213 0 1
56 213 0 1
57 213 0 1
58 213 0 1
85 213 0 1
86 213 0 1
1 214 0 1
2 214 0 1
11 214 0 1
17 214 0 1
28 214 0 1
29 214 0 1
34 214 0 1
36 214 0 1
37 214 0 1
38 214 0 1
40 214 0 1
41 214 0 1
42 214 0 1
44 214 0 1
47 214 0 1
50 214 0 1
53 214 0 1
54 214 0 1
56 214 0 1
76 214 0 1
77 214 0 1
85 214 0 1
86 214 0 1
89 214 0 1
1 215 0 1
11 215 0 1
28 215 0 1
29 215 0 1
34 215 0 1
36 215 0 1
37 215 0 1
38 215 0 1
40 215 0 1
41 215 0 1
42 215 0 1
44 215 0 1
47 215 0 1
50 215 0 1
53 215 0 1
54 215 0 1
56 215 0 1
57 215 0 1
58 215 0 1
59 215 0 1
60 215 0 1
61 215 0 1
62 215 0 1
76 215 0 1
77 215 0 1
83 215 0 1
85 215 0 1
86 215 0 1
89 215 0 1
94 215 0 1
1 216 0 1
11 216 0 1
28 216 0 1
29 216 0 1
34 216 0 1
36 216 0 1
37 216 0 1
38 216 0 1
40 216 0 1
41 216 0 1
42 216 0 1
47 216 0 1
50 216 0 1
53 216 0 1
54 216 0 1
56 216 0 1
57 216 0 1
58 216 0 1
59 216 0 1
60 216 0 1
68 216 0 1
71 216 0 1
76 216 0 1
77 216 0 1
83 216 0 1
85 216 0 1
86 216 0 1
89 216 0 1
7 217 0 1
12 217 0 1
15 217 0 1
17 217 0 1
22 217 0 1
24 217 0 1
25 217 0 1
26 217 0 1
27 217 0 1
31 217 0 1
32 217 0 1
33 217 0 1
34 217 0 1
36 217 0 1
42 217 0 1
43 217 0 1
44 217 0 1
46 217 0 1
47 217 0 1
51 217 0 1
52 217 0 1
55 217 0 1
62 217 0 1
63 217 0 1
64 217 0 1
65 217 0 1
69 217 0 1
78 217 0 1
80 217 0 1
88 217 0 1
90 217 0 1
91 217 0 1
92 217 0 1
94 217 0 1
6 218 0 1
7 218 0 1
12 218 0 1
13 218 0 1
15 218 0 1
17 218 0 1
20 218 0 1
21 218 0 1
22 218 0 1
24 218 0 1
25 218 0 1
26 218 0 1
27 218 0 1
31 218 0 1
32 218 0 1
33 218 0 1
36 218 0 1
43 218 0 1
44 218 0 1
45 218 0 1
46 218 0 1
51 218 0 1
52 218 0 1
55 218 0 1
64 218 0 1
78 218 0 1
80 218 0 1
88 218 0 1
90 218 0 1
91 218 0 1
92 218 0 1
95 218 0 1
5 219 0 1
9 219 0 1
13 219 0 1
15 219 0 1
19 219 0 1
20 219 0 1
21 219 0 1
22 219 0 1
23 219 0 1
24 219 0 1
25 219 0 1
26 219 0 1
27 219 0 1
30 219 0 1
31 219 0 1
32 219 0 1
33 219 0 1
35 219 0 1
39 219 0 1
43 219 0 1
45 219 0 1
46 219 0 1
48 219 0 1
49 219 0 1
51 219 0 1
52 219 0 1
55 219 0 1
78 219 0 1
79 219 0 1
81 219 0 1
82 219 0 1
87 219 0 1
88 219 0 1
91 219 0 1
92 219 0 1
95 219 0 1
1 220 0 1
2 220 0 1
11 220 0 1
12 220 0 1
17 220 0 1
26 220 0 1
29 220 0 1
34 220 0 1
36 220 0 1
38 220 0 1
40 220 0 1
41 220 0 1
42 220 0 1
44 220 0 1
47 220 0 1
50 220 0 1
51 220 0 1
52 220 0 1
53 220 0 1
54 220 0 1
61 220 0 1
62 220 0 1
76 220 0 1
77 220 0 1
83 220 0 1
86 220 0 1
88 220 0 1
89 220 0 1
90 220 0 1
94 220 0 1
6 221 0 1
7 221 0 1
12 221 0 1
15 221 0 1
17 221 0 1
20 221 0 1
21 221 0 1
22 221 0 1
24 221 0 1
25 221 0 1
26 221 0 1
27 221 0 1
31 221 0 1
32 221 0 1
33 221 0 1
36 221 0 1
43 221 0 1
44 221 0 1
46 221 0 1
47 221 0 1
51 221 0 1
52 221 0 1
55 221 0 1
78 221 0 1
80 221 0 1
88 221 0 1
90 221 0 1
91 221 0 1
92 221 0 1
6 222 0 1
7 222 0 1
12 222 0 1
13 222 0 1
15 222 0 1
20 222 0 1
21 222 0 1
22 222 0 1
24 222 0 1
25 222 0 1
26 222 0 1
27 222 0 1
31 222 0 1
32 222 0 1
33 222 0 1
35 222 0 1
43 222 0 1
44 222 0 1
45 222 0 1
46 222 0 1
48 222 0 1
51 222 0 1
52 222 0 1
55 222 0 1
78 222 0 1
80 222 0 1
88 222 0 1
90 222 0 1
91 222 0 1
92 222 0 1
95 222 0 1
5 223 0 1
6 223 0 1
9 223 0 1
13 223 0 1
15 223 0 1
19 223 0 1
20 223 0 1
21 223 0 1
22 223 0 1
23 223 0 1
24 223 0 1
25 223 0 1
26 223 0 1
27 223 0 1
30 223 0 1
31 223 0 1
32 223 0 1
33 223 0 1
35 223 0 1
43 223 0 1
45 223 0 1
46 223 0 1
48 223 0 1
49 223 0 1
51 223 0 1
52 223 0 1
55 223 0 1
78 223 0 1
82 223 0 1
87 223 0 1
88 223 0 1
91 223 0 1
92 223 0 1
95 223 0 1
3 224 0 1
4 224 0 1
5 224 0 1
8 224 0 1
9 224 0 1
10 224 0 1
13 224 0 1
14 224 0 1
16 224 0 1
18 224 0 1
19 224 0 1
20 224 0 1
23 224 0 1
30 224 0 1
32 224 0 1
35 224 0 1
39 224 0 1
45 224 0 1
48 224 0 1
49 224 0 1
70 224 0 1
79 224 0 1
81 224 0 1
82 224 0 1
84 224 0 1
87 224 0 1
92 224 0 1
93 224 0 1
95 224 0 1
6 225 0 1
7 225 0 1
12 225 0 1
15 225 0 1
17 225 0 1
21 225 0 1
22 225 0 1
24 225 0 1
25 225 0 1
26 225 0 1
27 225 0 1
31 225 0 1
32 225 0 1
33 225 0 1
36 225 0 1
43 225 0 1
44 225 0 1
46 225 0 1
47 225 0 1
51 225 0 1
52 225 0 1
55 225 0 1
64 225 0 1
78 225 0 1
80 225 0 1
88 225 0 1
90 225 0 1
91 225 0 1
92 225 0 1
94 225 0 1
1 226 0 1
11 226 0 1
28 226 0 1
29 226 0 1
34 226 0 1
37 226 0 1
38 226 0 1
40 226 0 1
41 226 0 1
50 226 0 1
53 226 0 1
54 226 0 1
56 226 0 1
57 226 0 1
58 226 0 1
59 226 0 1
60 226 0 1
76 226 0 1
83 226 0 1
85 226 0 1
86 226 0 1
89 226 0 1
13 227 0 1
15 227 0 1
19 227 0 1
20 227 0 1
21 227 0 1
22 227 0 1
24 227 0 1
25 227 0 1
26 227 0 1
27 227 0 1
30 227 0 1
31 227 0 1
32 227 0 1
33 227 0 1
35 227 0 1
43 227 0 1
45 227 0 1
46 227 0 1
48 227 0 1
51 227 0 1
52 227 0 1
55 227 0 1
66 227 0 1
67 227 0 1
78 227 0 1
79 227 0 1
81 227 0 1
82 227 0 1
87 227 0 1
88 227 0 1
91 227 0 1
92 227 0 1
95 227 0 1
5 228 0 1
8 228 0 1
9 228 0 1
13 228 0 1
14 228 0 1
15 228 0 1
18 228 0 1
19 228 0 1
20 228 0 1
21 228 0 1
22 228 0 1
23 228 0 1
25 228 0 1
27 228 0 1
30 228 0 1
31 228 0 1
32 228 0 1
33 228 0 1
35 228 0 1
39 228 0 1
43 228 0 1
45 228 0 1
46 228 0 1
48 228 0 1
49 228 0 1
55 228 0 1
67 228 0 1
78 228 0 1
79 228 0 1
81 228 0 1
82 228 0 1
84 228 0 1
87 228 0 1
91 228 0 1
92 228 0 1
93 228 0 1
95 228 0 1
11 229 0 1
28 229 0 1
29 229 0 1
34 229 0 1
37 229 0 1
38 229 0 1
40 229 0 1
41 229 0 1
50 229 0 1
53 229 0 1
54 229 0 1
56 229 0 1
57 229 0 1
58 229 0 1
59 229 0 1
60 229 0 1
68 229 0 1
85 229 0 1
86 229 0 1
89 229 0 1
1 230 0 1
2 230 0 1
11 230 0 1
12 230 0 1
17 230 0 1
28 230 0 1
29 230 0 1
34 230 0 1
36 230 0 1
37 230 0 1
38 230 0 1
40 230 0 1
41 230 0 1
42 230 0 1
44 230 0 1
47 230 0 1
50 230 0 1
52 230 0 1
53 230 0 1
54 230 0 1
56 230 0 1
60 230 0 1
61 230 0 1
62 230 0 1
63 230 0 1
76 230 0 1
77 230 0 1
83 230 0 1
85 230 0 1
86 230 0 1
89 230 0 1
94 230 0 1
3 231 0 1
4 231 0 1
5 231 0 1
8 231 0 1
9 231 0 1
10 231 0 1
13 231 0 1
14 231 0 1
15 231 0 1
16 231 0 1
18 231 0 1
19 231 0 1
20 231 0 1
21 231 0 1
22 231 0 1
23 231 0 1
25 231 0 1
27 231 0 1
30 231 0 1
31 231 0 1
32 231 0 1
33 231 0 1
35 231 0 1
39 231 0 1
45 231 0 1
46 231 0 1
48 231 0 1
49 231 0 1
55 231 0 1
87 231 0 1
93 231 0 1
5 232 0 1
6 232 0 1
7 232 0 1
8 232 0 1
9 232 0 1
13 232 0 1
15 232 0 1
19 232 0 1
20 232 0 1
21 232 0 1
22 232 0 1
23 232 0 1
24 232 0 1
25 232 0 1
26 232 0 1
27 232 0 1
30 232 0 1
31 232 0 1
32 232 0 1
33 232 0 1
35 232 0 1
43 232 0 1
45 232 0 1
46 232 0 1
48 232 0 1
51 232 0 1
52 232 0 1
55 232 0 1
91 232 0 1
92 232 0 1
2 233 0 1
6 233 0 1
7 233 0 1
12 233 0 1
15 233 0 1
17 233 0 1
22 233 0 1
24 233 0 1
25 233 0 1
26 233 0 1
27 233 0 1
31 233 0 1
33 233 0 1
34 233 0 1
36 233 0 1
42 233 0 1
43 233 0 1
44 233 0 1
46 233 0 1
47 233 0 1
50 233 0 1
51 233 0 1
52 233 0 1
53 233 0 1
55 233 0 1
88 233 0 1
90 233 0 1
1 234 0 1
11 234 0 1
28 234 0 1
29 234 0 1
34 234 0 1
37 234 0 1
38 234 0 1
40 234 0 1
41 234 0 1
50 234 0 1
53 234 0 1
54 234 0 1
57 234 0 1
85 234 0 1
86 234 0 1
1 235 0 1
2 235 0 1
6 235 0 1
7 235 0 1
11 235 0 1
12 235 0 1
17 235 0 1
24 235 0 1
26 235 0 1
29 235 0 1
34 235 0 1
36 235 0 1
40 235 0 1
42 235 0 1
44 235 0 1
47 235 0 1
50 235 0 1
51 235 0 1
52 235 0 1
53 235 0 1
54 235 0 1
1 236 0 1
2 236 0 1
11 236 0 1
17 236 0 1
28 236 0 1
29 236 0 1
34 236 0 1
36 236 0 1
37 236 0 1
38 236 0 1
40 236 0 1
41 236 0 1
42 236 0 1
44 236 0 1
47 236 0 1
50 236 0 1
53 236 0 1
54 236 0 1
85 236 0 1
86 236 0 1
89 236 0 1
1 237 0 1
2 237 0 1
11 237 0 1
12 237 0 1
17 237 0 1
28 237 0 1
29 237 0 1
34 237 0 1
36 237 0 1
37 237 0 1
38 237 0 1
40 237 0 1
41 237 0 1
42 237 0 1
44 237 0 1
47 237 0 1
50 237 0 1
53 237 0 1
54 237 0 1
86 237 0 1
89 237 0 1
1 238 0 1
2 238 0 1
6 238 0 1
7 238 0 1
11 238 0 1
12 238 0 1
17 238 0 1
24 238 0 1
25 238 0 1
26 238 0 1
27 238 0 1
33 238 0 1
34 238 0 1
36 238 0 1
42 238 0 1
44 238 0 1
46 238 0 1
47 238 0 1
50 238 0 1
51 238 0 1
52 238 0 1
53 238 0 1
88 238 0 1
1 239 0 1
2 239 0 1
11 239 0 1
12 239 0 1
17 239 0 1
28 239 0 1
29 239 0 1
34 239 0 1
36 239 0 1
38 239 0 1
40 239 0 1
41 239 0 1
42 239 0 1
44 239 0 1
47 239 0 1
50 239 0 1
52 239 0 1
53 239 0 1
54 239 0 1
86 239 0 1
89 239 0 1
6 240 0 1
7 240 0 1
12 240 0 1
13 240 0 1
15 240 0 1
20 240 0 1
21 240 0 1
22 240 0 1
24 240 0 1
25 240 0 1
26 240 0 1
27 240 0 1
31 240 0 1
32 240 0 1
33 240 0 1
35 240 0 1
43 240 0 1
45 240 0 1
46 240 0 1
48 240 0 1
51 240 0 1
52 240 0 1
55 240 0 1
78 240 0 1
88 240 0 1
91 240 0 1
92 240 0 1
5 241 0 1
6 241 0 1
8 241 0 1
9 241 0 1
13 241 0 1
14 241 0 1
15 241 0 1
19 241 0 1
20 241 0 1
21 241 0 1
22 241 0 1
23 241 0 1
24 241 0 1
25 241 0 1
26 241 0 1
27 241 0 1
30 241 0 1
31 241 0 1
32 241 0 1
33 241 0 1
35 241 0 1
43 241 0 1
45 241 0 1
46 241 0 1
48 241 0 1
49 241 0 1
51 241 0 1
52 241 0 1
55 241 0 1
87 241 0 1
91 241 0 1
92 241 0 1
95 241 0 1
6 242 0 1
7 242 0 1
12 242 0 1
15 242 0 1
17 242 0 1
20 242 0 1
21 242 0 1
22 242 0 1
24 242 0 1
25 242 0 1
26 242 0 1
27 242 0 1
31 242 0 1
32 242 0 1
33 242 0 1
36 242 0 1
43 242 0 1
44 242 0 1
46 242 0 1
47 242 0 1
51 242 0 1
52 242 0 1
55 242 0 1
88 242 0 1
90 242 0 1
91 242 0 1
1 243 0 1
2 243 0 1
6 243 0 1
7 243 0 1
11 243 0 1
12 243 0 1
17 243 0 1
24 243 0 1
26 243 0 1
27 243 0 1
33 243 0 1
34 243 0 1
36 243 0 1
40 243 0 1
42 243 0 1
44 243 0 1
46 243 0 1
47 243 0 1
50 243 0 1
51 243 0 1
52 243 0 1
53 243 0 1
54 243 0 1
88 243 0 1
90 243 0 1
94 243 0 1
1 244 0 1
2 244 0 1
11 244 0 1
12 244 0 1
17 244 0 1
28 244 0 1
29 244 0 1
34 244 0 1
36 244 0 1
38 244 0 1
40 244 0 1
41 244 0 1
42 244 0 1
44 244 0 1
47 244 0 1
50 244 0 1
52 244 0 1
53 244 0 1
54 244 0 1
76 244 0 1
77 244 0 1
86 244 0 1
89 244 0 1
94 244 0 1
1 245 0 1
2 245 0 1
11 245 0 1
12 245 0 1
17 245 0 1
28 245 0 1
29 245 0 1
34 245 0 1
36 245 0 1
37 245 0 1
38 245 0 1
40 245 0 1
41 245 0 1
42 245 0 1
44 245 0 1
47 245 0 1
50 245 0 1
52 245 0 1
53 245 0 1
54 245 0 1
76 245 0 1
86 245 0 1
89 245 0 1
1 246 0 1
11 246 0 1
28 246 0 1
29 246 0 1
34 246 0 1
37 246 0 1
38 246 0 1
40 246 0 1
41 246 0 1
47 246 0 1
50 246 0 1
53 246 0 1
54 246 0 1
56 246 0 1
85 246 0 1
86 246 0 1
89 246 0 1
13 247 0 1
14 247 0 1
30 247 0 1
31 247 0 1
32 247 0 1
35 247 0 1
39 247 0 1
45 247 0 1
48 247 0 1
49 247 0 1
66 247 0 1
67 247 0 1
70 247 0 1
74 247 0 1
75 247 0 1
78 247 0 1
79 247 0 1
81 247 0 1
82 247 0 1
84 247 0 1
87 247 0 1
91 247 0 1
92 247 0 1
93 247 0 1
95 247 0 1
184 247 0 1
185 247 0 1
188 247 0 1
196 247 0 1
11 248 0 1
28 248 0 1
29 248 0 1
34 248 0 1
36 248 0 1
37 248 0 1
38 248 0 1
40 248 0 1
41 248 0 1
42 248 0 1
47 248 0 1
50 248 0 1
53 248 0 1
54 248 0 1
56 248 0 1
57 248 0 1
58 248 0 1
59 248 0 1
60 248 0 1
61 248 0 1
62 248 0 1
68 248 0 1
71 248 0 1
72 248 0 1
73 248 0 1
76 248 0 1
77 248 0 1
83 248 0 1
85 248 0 1
86 248 0 1
89 248 0 1
94 248 0 1
183 248 0 1
190 248 0 1
193 248 0 1
195 248 0 1
28 249 0 1
29 249 0 1
34 249 0 1
37 249 0 1
38 249 0 1
40 249 0 1
41 249 0 1
42 249 0 1
54 249 0 1
56 249 0 1
57 249 0 1
58 249 0 1
59 249 0 1
60 249 0 1
61 249 0 1
62 249 0 1
68 249 0 1
71 249 0 1
72 249 0 1
73 249 0 1
76 249 0 1
77 249 0 1
83 249 0 1
85 249 0 1
86 249 0 1
89 249 0 1
97 249 0 1
99 249 0 1
115 249 0 1
116 249 0 1
118 249 0 1
183 249 0 1
190 249 0 1
193 249 0 1
195 249 0 1
31 250 0 1
33 250 0 1
36 250 0 1
43 250 0 1
52 250 0 1
61 250 0 1
62 250 0 1
63 250 0 1
64 250 0 1
65 250 0 1
66 250 0 1
69 250 0 1
73 250 0 1
78 250 0 1
80 250 0 1
88 250 0 1
90 250 0 1
91 250 0 1
92 250 0 1
94 250 0 1
98 250 0 1
117 250 0 1
185 250 0 1
186 250 0 1
187 250 0 1
189 250 0 1
190 250 0 1
191 250 0 1
192 250 0 1
194 250 0 1
31 251 0 1
32 251 0 1
33 251 0 1
43 251 0 1
55 251 0 1
64 251 0 1
65 251 0 1
66 251 0 1
67 251 0 1
78 251 0 1
80 251 0 1
81 251 0 1
82 251 0 1
88 251 0 1
90 251 0 1
91 251 0 1
92 251 0 1
95 251 0 1
98 251 0 1
114 251 0 1
121 251 0 1
122 251 0 1
185 251 0 1
186 251 0 1
187 251 0 1
194 251 0 1
67 252 0 1
70 252 0 1
74 252 0 1
75 252 0 1
79 252 0 1
81 252 0 1
84 252 0 1
87 252 0 1
93 252 0 1
96 252 0 1
100 252 0 1
105 252 0 1
109 252 0 1
113 252 0 1
114 252 0 1
120 252 0 1
124 252 0 1
184 252 0 1
188 252 0 1
196 252 0 1
66 253 0 1
67 253 0 1
70 253 0 1
74 253 0 1
75 253 0 1
79 253 0 1
81 253 0 1
82 253 0 1
84 253 0 1
87 253 0 1
93 253 0 1
95 253 0 1
96 253 0 1
100 253 0 1
105 253 0 1
107 253 0 1
108 253 0 1
109 253 0 1
111 253 0 1
113 253 0 1
114 253 0 1
120 253 0 1
121 253 0 1
124 253 0 1
184 253 0 1
185 253 0 1
188 253 0 1
194 253 0 1
196 253 0 1
40 254 0 1
56 254 0 1
58 254 0 1
59 254 0 1
60 254 0 1
61 254 0 1
62 254 0 1
63 254 0 1
69 254 0 1
71 254 0 1
72 254 0 1
73 254 0 1
76 254 0 1
77 254 0 1
83 254 0 1
86 254 0 1
89 254 0 1
94 254 0 1
97 254 0 1
99 254 0 1
104 254 0 1
110 254 0 1
115 254 0 1
116 254 0 1
117 254 0 1
118 254 0 1
126 254 0 1
127 254 0 1
183 254 0 1
189 254 0 1
190 254 0 1
191 254 0 1
192 254 0 1
193 254 0 1
195 254 0 1
66 255 0 1
67 255 0 1
70 255 0 1
74 255 0 1
75 255 0 1
78 255 0 1
79 255 0 1
81 255 0 1
82 255 0 1
84 255 0 1
87 255 0 1
91 255 0 1
92 255 0 1
93 255 0 1
95 255 0 1
96 255 0 1
101 255 0 1
103 255 0 1
105 255 0 1
107 255 0 1
108 255 0 1
111 255 0 1
113 255 0 1
114 255 0 1
121 255 0 1
122 255 0 1
184 255 0 1
185 255 0 1
186 255 0 1
187 255 0 1
188 255 0 1
194 255 0 1
196 255 0 1
41 256 0 1
56 256 0 1
57 256 0 1
58 256 0 1
59 256 0 1
60 256 0 1
68 256 0 1
71 256 0 1
72 256 0 1
76 256 0 1
83 256 0 1
85 256 0 1
86 256 0 1
89 256 0 1
97 256 0 1
99 256 0 1
104 256 0 1
106 256 0 1
110 256 0 1
115 256 0 1
116 256 0 1
118 256 0 1
119 256 0 1
127 256 0 1
128 256 0 1
183 256 0 1
190 256 0 1
193 256 0 1
195 256 0 1
43 257 0 1
61 257 0 1
62 257 0 1
63 257 0 1
64 257 0 1
65 257 0 1
66 257 0 1
69 257 0 1
73 257 0 1
78 257 0 1
80 257 0 1
88 257 0 1
90 257 0 1
91 257 0 1
94 257 0 1
98 257 0 1
103 257 0 1
112 257 0 1
114 257 0 1
117 257 0 1
121 257 0 1
122 257 0 1
185 257 0 1
186 257 0 1
187 257 0 1
189 257 0 1
190 257 0 1
191 257 0 1
192 257 0 1
194 257 0 1
36 258 0 1
42 258 0 1
61 258 0 1
62 258 0 1
63 258 0 1
64 258 0 1
65 258 0 1
69 258 0 1
73 258 0 1
76 258 0 1
77 258 0 1
80 258 0 1
83 258 0 1
88 258 0 1
89 258 0 1
90 258 0 1
94 258 0 1
97 258 0 1
98 258 0 1
99 258 0 1
102 258 0 1
112 258 0 1
116 258 0 1
117 258 0 1
187 258 0 1
189 258 0 1
190 258 0 1
191 258 0 1
192 258 0 1
193 258 0 1
56 259 0 1
57 259 0 1
58 259 0 1
59 259 0 1
60 259 0 1
68 259 0 1
71 259 0 1
72 259 0 1
76 259 0 1
83 259 0 1
85 259 0 1
97 259 0 1
99 259 0 1
104 259 0 1
106 259 0 1
110 259 0 1
115 259 0 1
116 259 0 1
118 259 0 1
119 259 0 1
127 259 0 1
128 259 0 1
183 259 0 1
193 259 0 1
195 259 0 1
56 260 0 1
57 260 0 1
58 260 0 1
59 260 0 1
60 260 0 1
61 260 0 1
68 260 0 1
71 260 0 1
72 260 0 1
76 260 0 1
77 260 0 1
83 260 0 1
85 260 0 1
86 260 0 1
89 260 0 1
97 260 0 1
99 260 0 1
104 260 0 1
106 260 0 1
110 260 0 1
115 260 0 1
116 260 0 1
118 260 0 1
119 260 0 1
127 260 0 1
128 260 0 1
183 260 0 1
190 260 0 1
193 260 0 1
195 260 0 1
40 261 0 1
56 261 0 1
59 261 0 1
60 261 0 1
61 261 0 1
62 261 0 1
63 261 0 1
64 261 0 1
69 261 0 1
71 261 0 1
72 261 0 1
73 261 0 1
76 261 0 1
77 261 0 1
83 261 0 1
86 261 0 1
89 261 0 1
94 261 0 1
97 261 0 1
99 261 0 1
102 261 0 1
104 261 0 1
110 261 0 1
115 261 0 1
116 261 0 1
117 261 0 1
126 261 0 1
183 261 0 1
189 261 0 1
190 261 0 1
191 261 0 1
192 261 0 1
193 261 0 1
195 261 0 1
66 262 0 1
67 262 0 1
70 262 0 1
74 262 0 1
75 262 0 1
78 262 0 1
79 262 0 1
81 262 0 1
82 262 0 1
84 262 0 1
87 262 0 1
92 262 0 1
93 262 0 1
95 262 0 1
96 262 0 1
100 262 0 1
101 262 0 1
105 262 0 1
107 262 0 1
108 262 0 1
109 262 0 1
111 262 0 1
113 262 0 1
114 262 0 1
120 262 0 1
121 262 0 1
122 262 0 1
125 262 0 1
184 262 0 1
185 262 0 1
186 262 0 1
188 262 0 1
194 262 0 1
196 262 0 1
56 263 0 1
57 263 0 1
58 263 0 1
59 263 0 1
60 263 0 1
61 263 0 1
68 263 0 1
71 263 0 1
72 263 0 1
73 263 0 1
76 263 0 1
77 263 0 1
83 263 0 1
85 263 0 1
89 263 0 1
97 263 0 1
99 263 0 1
104 263 0 1
106 263 0 1
110 263 0 1
115 263 0 1
116 263 0 1
118 263 0 1
119 263 0 1
127 263 0 1
128 263 0 1
174 263 0 1
175 263 0 1
183 263 0 1
190 263 0 1
193 263 0 1
195 263 0 1
65 264 0 1
66 264 0 1
67 264 0 1
70 264 0 1
74 264 0 1
75 264 0 1
78 264 0 1
79 264 0 1
81 264 0 1
82 264 0 1
91 264 0 1
92 264 0 1
95 264 0 1
98 264 0 1
101 264 0 1
103 264 0 1
105 264 0 1
107 264 0 1
108 264 0 1
111 264 0 1
113 264 0 1
114 264 0 1
121 264 0 1
122 264 0 1
184 264 0 1
185 264 0 1
186 264 0 1
187 264 0 1
194 264 0 1
196 264 0 1
63 265 0 1
64 265 0 1
65 265 0 1
66 265 0 1
67 265 0 1
69 265 0 1
78 265 0 1
80 265 0 1
90 265 0 1
91 265 0 1
98 265 0 1
101 265 0 1
103 265 0 1
107 265 0 1
108 265 0 1
111 265 0 1
112 265 0 1
114 265 0 1
117 265 0 1
121 265 0 1
122 265 0 1
185 265 0 1
186 265 0 1
187 265 0 1
191 265 0 1
192 265 0 1
194 265 0 1
61 266 0 1
62 266 0 1
63 266 0 1
64 266 0 1
65 266 0 1
69 266 0 1
73 266 0 1
78 266 0 1
80 266 0 1
88 266 0 1
90 266 0 1
94 266 0 1
98 266 0 1
99 266 0 1
102 266 0 1
103 266 0 1
112 266 0 1
117 266 0 1
121 266 0 1
122 266 0 1
130 266 0 1
185 266 0 1
186 266 0 1
187 266 0 1
189 266 0 1
190 266 0 1
191 266 0 1
192 266 0 1
193 266 0 1
194 266 0 1
30 267 0 1
35 267 0 1
39 267 0 1
66 267 0 1
67 267 0 1
70 267 0 1
74 267 0 1
75 267 0 1
78 267 0 1
79 267 0 1
81 267 0 1
82 267 0 1
84 267 0 1
87 267 0 1
92 267 0 1
93 267 0 1
95 267 0 1
96 267 0 1
100 267 0 1
105 267 0 1
113 267 0 1
114 267 0 1
120 267 0 1
184 267 0 1
185 267 0 1
188 267 0 1
196 267 0 1
28 268 0 1
37 268 0 1
38 268 0 1
41 268 0 1
56 268 0 1
57 268 0 1
58 268 0 1
59 268 0 1
60 268 0 1
68 268 0 1
71 268 0 1
72 268 0 1
85 268 0 1
86 268 0 1
97 268 0 1
106 268 0 1
115 268 0 1
118 268 0 1
119 268 0 1
183 268 0 1
195 268 0 1
31 269 0 1
32 269 0 1
33 269 0 1
35 269 0 1
39 269 0 1
43 269 0 1
65 269 0 1
66 269 0 1
67 269 0 1
70 269 0 1
74 269 0 1
75 269 0 1
78 269 0 1
79 269 0 1
81 269 0 1
82 269 0 1
84 269 0 1
87 269 0 1
91 269 0 1
92 269 0 1
93 269 0 1
95 269 0 1
96 269 0 1
103 269 0 1
105 269 0 1
107 269 0 1
108 269 0 1
111 269 0 1
113 269 0 1
114 269 0 1
121 269 0 1
122 269 0 1
184 269 0 1
185 269 0 1
186 269 0 1
187 269 0 1
194 269 0 1
196 269 0 1
34 270 0 1
36 270 0 1
40 270 0 1
41 270 0 1
42 270 0 1
56 270 0 1
60 270 0 1
61 270 0 1
62 270 0 1
63 270 0 1
64 270 0 1
65 270 0 1
69 270 0 1
71 270 0 1
72 270 0 1
73 270 0 1
76 270 0 1
77 270 0 1
80 270 0 1
83 270 0 1
86 270 0 1
89 270 0 1
90 270 0 1
94 270 0 1
97 270 0 1
98 270 0 1
99 270 0 1
116 270 0 1
117 270 0 1
189 270 0 1
190 270 0 1
191 270 0 1
192 270 0 1
193 270 0 1
195 270 0 1
34 271 0 1
36 271 0 1
40 271 0 1
42 271 0 1
52 271 0 1
61 271 0 1
62 271 0 1
63 271 0 1
64 271 0 1
65 271 0 1
69 271 0 1
73 271 0 1
76 271 0 1
77 271 0 1
80 271 0 1
83 271 0 1
88 271 0 1
89 271 0 1
90 271 0 1
94 271 0 1
97 271 0 1
98 271 0 1
99 271 0 1
116 271 0 1
117 271 0 1
187 271 0 1
189 271 0 1
190 271 0 1
191 271 0 1
192 271 0 1
193 271 0 1
34 272 0 1
36 272 0 1
40 272 0 1
42 272 0 1
52 272 0 1
61 272 0 1
62 272 0 1
63 272 0 1
64 272 0 1
65 272 0 1
69 272 0 1
71 272 0 1
73 272 0 1
76 272 0 1
77 272 0 1
80 272 0 1
83 272 0 1
86 272 0 1
88 272 0 1
89 272 0 1
90 272 0 1
94 272 0 1
97 272 0 1
98 272 0 1
99 272 0 1
116 272 0 1
117 272 0 1
187 272 0 1
189 272 0 1
190 272 0 1
191 272 0 1
192 272 0 1
193 272 0 1
34 273 0 1
36 273 0 1
38 273 0 1
40 273 0 1
41 273 0 1
42 273 0 1
56 273 0 1
59 273 0 1
60 273 0 1
61 273 0 1
62 273 0 1
63 273 0 1
64 273 0 1
69 273 0 1
71 273 0 1
72 273 0 1
73 273 0 1
76 273 0 1
77 273 0 1
83 273 0 1
86 273 0 1
89 273 0 1
94 273 0 1
97 273 0 1
99 273 0 1
115 273 0 1
116 273 0 1
117 273 0 1
183 273 0 1
189 273 0 1
190 273 0 1
191 273 0 1
192 273 0 1
193 273 0 1
195 273 0 1
28 274 0 1
29 274 0 1
37 274 0 1
38 274 0 1
40 274 0 1
41 274 0 1
54 274 0 1
56 274 0 1
57 274 0 1
58 274 0 1
59 274 0 1
60 274 0 1
68 274 0 1
71 274 0 1
72 274 0 1
76 274 0 1
83 274 0 1
85 274 0 1
86 274 0 1
89 274 0 1
97 274 0 1
115 274 0 1
116 274 0 1
118 274 0 1
119 274 0 1
183 274 0 1
193 274 0 1
195 274 0 1
31 275 0 1
33 275 0 1
43 275 0 1
55 275 0 1
63 275 0 1
64 275 0 1
65 275 0 1
66 275 0 1
67 275 0 1
78 275 0 1
80 275 0 1
82 275 0 1
88 275 0 1
90 275 0 1
91 275 0 1
92 275 0 1
95 275 0 1
98 275 0 1
103 275 0 1
114 275 0 1
117 275 0 1
121 275 0 1
122 275 0 1
185 275 0 1
186 275 0 1
187 275 0 1
191 275 0 1
194 275 0 1
33 276 0 1
36 276 0 1
42 276 0 1
43 276 0 1
52 276 0 1
61 276 0 1
62 276 0 1
63 276 0 1
64 276 0 1
65 276 0 1
69 276 0 1
73 276 0 1
77 276 0 1
78 276 0 1
80 276 0 1
88 276 0 1
90 276 0 1
91 276 0 1
94 276 0 1
98 276 0 1
117 276 0 1
185 276 0 1
186 276 0 1
187 276 0 1
189 276 0 1
190 276 0 1
191 276 0 1
192 276 0 1
193 276 0 1
194 276 0 1
34 277 0 1
36 277 0 1
40 277 0 1
42 277 0 1
52 277 0 1
61 277 0 1
62 277 0 1
63 277 0 1
64 277 0 1
65 277 0 1
69 277 0 1
73 277 0 1
76 277 0 1
77 277 0 1
80 277 0 1
83 277 0 1
88 277 0 1
89 277 0 1
90 277 0 1
91 277 0 1
94 277 0 1
98 277 0 1
99 277 0 1
117 277 0 1
187 277 0 1
189 277 0 1
190 277 0 1
191 277 0 1
192 277 0 1
193 277 0 1
34 278 0 1
36 278 0 1
37 278 0 1
38 278 0 1
40 278 0 1
41 278 0 1
42 278 0 1
54 278 0 1
56 278 0 1
57 278 0 1
58 278 0 1
59 278 0 1
60 278 0 1
61 278 0 1
62 278 0 1
63 278 0 1
64 278 0 1
68 278 0 1
69 278 0 1
71 278 0 1
72 278 0 1
73 278 0 1
76 278 0 1
77 278 0 1
83 278 0 1
85 278 0 1
86 278 0 1
89 278 0 1
94 278 0 1
97 278 0 1
99 278 0 1
104 278 0 1
110 278 0 1
115 278 0 1
116 278 0 1
117 278 0 1
118 278 0 1
119 278 0 1
183 278 0 1
189 278 0 1
190 278 0 1
191 278 0 1
192 278 0 1
193 278 0 1
195 278 0 1
37 279 0 1
56 279 0 1
57 279 0 1
58 279 0 1
59 279 0 1
60 279 0 1
68 279 0 1
71 279 0 1
72 279 0 1
85 279 0 1
97 279 0 1
104 279 0 1
106 279 0 1
110 279 0 1
115 279 0 1
118 279 0 1
119 279 0 1
183 279 0 1
195 279 0 1
35 280 0 1
39 280 0 1
66 280 0 1
67 280 0 1
70 280 0 1
74 280 0 1
75 280 0 1
78 280 0 1
79 280 0 1
81 280 0 1
82 280 0 1
84 280 0 1
87 280 0 1
92 280 0 1
93 280 0 1
95 280 0 1
96 280 0 1
100 280 0 1
105 280 0 1
107 280 0 1
108 280 0 1
109 280 0 1
113 280 0 1
114 280 0 1
120 280 0 1
121 280 0 1
184 280 0 1
185 280 0 1
186 280 0 1
188 280 0 1
194 280 0 1
196 280 0 1
34 281 0 1
36 281 0 1
40 281 0 1
42 281 0 1
60 281 0 1
61 281 0 1
62 281 0 1
63 281 0 1
64 281 0 1
65 281 0 1
69 281 0 1
71 281 0 1
72 281 0 1
73 281 0 1
76 281 0 1
77 281 0 1
80 281 0 1
83 281 0 1
86 281 0 1
89 281 0 1
90 281 0 1
94 281 0 1
97 281 0 1
98 281 0 1
99 281 0 1
116 281 0 1
117 281 0 1
189 281 0 1
190 281 0 1
191 281 0 1
192 281 0 1
193 281 0 1
195 281 0 1
37 282 0 1
38 282 0 1
40 282 0 1
41 282 0 1
56 282 0 1
57 282 0 1
58 282 0 1
59 282 0 1
60 282 0 1
61 282 0 1
68 282 0 1
71 282 0 1
72 282 0 1
73 282 0 1
76 282 0 1
77 282 0 1
83 282 0 1
85 282 0 1
86 282 0 1
89 282 0 1
97 282 0 1
99 282 0 1
104 282 0 1
106 282 0 1
110 282 0 1
115 282 0 1
116 282 0 1
118 282 0 1
119 282 0 1
183 282 0 1
189 282 0 1
190 282 0 1
193 282 0 1
195 282 0 1
30 283 0 1
31 283 0 1
32 283 0 1
33 283 0 1
35 283 0 1
39 283 0 1
43 283 0 1
45 283 0 1
46 283 0 1
48 283 0 1
55 283 0 1
65 283 0 1
66 283 0 1
67 283 0 1
70 283 0 1
74 283 0 1
75 283 0 1
78 283 0 1
79 283 0 1
81 283 0 1
82 283 0 1
84 283 0 1
87 283 0 1
91 283 0 1
92 283 0 1
93 283 0 1
95 283 0 1
114 283 0 1
184 283 0 1
185 283 0 1
186 283 0 1
187 283 0 1
194 283 0 1
196 283 0 1
11 284 0 1
29 284 0 1
34 284 0 1
36 284 0 1
38 284 0 1
40 284 0 1
41 284 0 1
42 284 0 1
44 284 0 1
47 284 0 1
50 284 0 1
52 284 0 1
53 284 0 1
54 284 0 1
56 284 0 1
60 284 0 1
61 284 0 1
62 284 0 1
63 284 0 1
64 284 0 1
69 284 0 1
71 284 0 1
73 284 0 1
76 284 0 1
77 284 0 1
80 284 0 1
83 284 0 1
86 284 0 1
88 284 0 1
89 284 0 1
90 284 0 1
94 284 0 1
97 284 0 1
99 284 0 1
189 284 0 1
190 284 0 1
191 284 0 1
192 284 0 1
193 284 0 1
195 284 0 1
15 285 0 1
31 285 0 1
32 285 0 1
33 285 0 1
35 285 0 1
43 285 0 1
45 285 0 1
46 285 0 1
51 285 0 1
52 285 0 1
55 285 0 1
64 285 0 1
65 285 0 1
66 285 0 1
67 285 0 1
78 285 0 1
79 285 0 1
80 285 0 1
81 285 0 1
82 285 0 1
88 285 0 1
90 285 0 1
91 285 0 1
92 285 0 1
95 285 0 1
114 285 0 1
185 285 0 1
186 285 0 1
187 285 0 1
194 285 0 1
28 286 0 1
29 286 0 1
34 286 0 1
37 286 0 1
38 286 0 1
40 286 0 1
41 286 0 1
42 286 0 1
53 286 0 1
54 286 0 1
56 286 0 1
57 286 0 1
58 286 0 1
59 286 0 1
60 286 0 1
61 286 0 1
68 286 0 1
71 286 0 1
72 286 0 1
73 286 0 1
76 286 0 1
77 286 0 1
83 286 0 1
85 286 0 1
86 286 0 1
89 286 0 1
97 286 0 1
99 286 0 1
115 286 0 1
116 286 0 1
183 286 0 1
190 286 0 1
193 286 0 1
195 286 0 1
31 287 0 1
32 287 0 1
33 287 0 1
36 287 0 1
43 287 0 1
46 287 0 1
51 287 0 1
52 287 0 1
55 287 0 1
63 287 0 1
64 287 0 1
65 287 0 1
66 287 0 1
67 287 0 1
69 287 0 1
78 287 0 1
80 287 0 1
82 287 0 1
88 287 0 1
90 287 0 1
91 287 0 1
92 287 0 1
94 287 0 1
95 287 0 1
98 287 0 1
185 287 0 1
186 287 0 1
187 287 0 1
191 287 0 1
192 287 0 1
194 287 0 1
30 288 0 1
31 288 0 1
32 288 0 1
33 288 0 1
35 288 0 1
39 288 0 1
43 288 0 1
45 288 0 1
48 288 0 1
66 288 0 1
67 288 0 1
70 288 0 1
74 288 0 1
75 288 0 1
78 288 0 1
79 288 0 1
81 288 0 1
82 288 0 1
84 288 0 1
87 288 0 1
91 288 0 1
92 288 0 1
93 288 0 1
95 288 0 1
96 288 0 1
113 288 0 1
114 288 0 1
184 288 0 1
185 288 0 1
186 288 0 1
188 288 0 1
194 288 0 1
196 288 0 1
30 289 0 1
31 289 0 1
32 289 0 1
33 289 0 1
35 289 0 1
43 289 0 1
45 289 0 1
48 289 0 1
55 289 0 1
65 289 0 1
66 289 0 1
67 289 0 1
70 289 0 1
74 289 0 1
75 289 0 1
78 289 0 1
79 289 0 1
80 289 0 1
81 289 0 1
82 289 0 1
84 289 0 1
87 289 0 1
88 289 0 1
91 289 0 1
92 289 0 1
93 289 0 1
95 289 0 1
114 289 0 1
184 289 0 1
185 289 0 1
186 289 0 1
187 289 0 1
194 289 0 1
196 289 0 1
31 290 0 1
32 290 0 1
33 290 0 1
35 290 0 1
43 290 0 1
46 290 0 1
55 290 0 1
65 290 0 1
66 290 0 1
67 290 0 1
74 290 0 1
78 290 0 1
79 290 0 1
80 290 0 1
81 290 0 1
82 290 0 1
87 290 0 1
88 290 0 1
90 290 0 1
91 290 0 1
92 290 0 1
95 290 0 1
114 290 0 1
121 290 0 1
185 290 0 1
186 290 0 1
187 290 0 1
194 290 0 1
196 290 0 1
29 291 0 1
34 291 0 1
36 291 0 1
38 291 0 1
40 291 0 1
41 291 0 1
42 291 0 1
44 291 0 1
47 291 0 1
50 291 0 1
52 291 0 1
53 291 0 1
54 291 0 1
56 291 0 1
60 291 0 1
61 291 0 1
62 291 0 1
63 291 0 1
64 291 0 1
65 291 0 1
69 291 0 1
71 291 0 1
73 291 0 1
76 291 0 1
77 291 0 1
80 291 0 1
83 291 0 1
86 291 0 1
88 291 0 1
89 291 0 1
90 291 0 1
94 291 0 1
97 291 0 1
98 291 0 1
99 291 0 1
116 291 0 1
117 291 0 1
189 291 0 1
190 291 0 1
191 291 0 1
192 291 0 1
193 291 0 1
195 291 0 1
31 292 0 1
32 292 0 1
33 292 0 1
36 292 0 1
43 292 0 1
46 292 0 1
52 292 0 1
55 292 0 1
63 292 0 1
64 292 0 1
65 292 0 1
66 292 0 1
67 292 0 1
78 292 0 1
80 292 0 1
82 292 0 1
88 292 0 1
90 292 0 1
91 292 0 1
92 292 0 1
95 292 0 1
98 292 0 1
114 292 0 1
185 292 0 1
186 292 0 1
187 292 0 1
191 292 0 1
194 292 0 1
34 293 0 1
36 293 0 1
40 293 0 1
42 293 0 1
44 293 0 1
52 293 0 1
61 293 0 1
62 293 0 1
63 293 0 1
64 293 0 1
65 293 0 1
69 293 0 1
73 293 0 1
76 293 0 1
77 293 0 1
80 293 0 1
83 293 0 1
86 293 0 1
88 293 0 1
89 293 0 1
90 293 0 1
94 293 0 1
98 293 0 1
99 293 0 1
117 293 0 1
187 293 0 1
189 293 0 1
190 293 0 1
191 293 0 1
192 293 0 1
193 293 0 1
13 294 0 1
14 294 0 1
15 294 0 1
16 294 0 1
18 294 0 1
19 294 0 1
20 294 0 1
30 294 0 1
31 294 0 1
32 294 0 1
35 294 0 1
39 294 0 1
43 294 0 1
45 294 0 1
48 294 0 1
49 294 0 1
55 294 0 1
66 294 0 1
67 294 0 1
70 294 0 1
74 294 0 1
75 294 0 1
78 294 0 1
79 294 0 1
81 294 0 1
82 294 0 1
84 294 0 1
87 294 0 1
92 294 0 1
93 294 0 1
95 294 0 1
184 294 0 1
11 295 0 1
28 295 0 1
29 295 0 1
34 295 0 1
36 295 0 1
37 295 0 1
38 295 0 1
40 295 0 1
41 295 0 1
42 295 0 1
44 295 0 1
47 295 0 1
50 295 0 1
53 295 0 1
54 295 0 1
56 295 0 1
57 295 0 1
58 295 0 1
59 295 0 1
60 295 0 1
61 295 0 1
62 295 0 1
69 295 0 1
71 295 0 1
72 295 0 1
73 295 0 1
76 295 0 1
77 295 0 1
83 295 0 1
85 295 0 1
86 295 0 1
89 295 0 1
94 295 0 1
12 296 0 1
17 296 0 1
26 296 0 1
33 296 0 1
34 296 0 1
36 296 0 1
40 296 0 1
42 296 0 1
43 296 0 1
44 296 0 1
46 296 0 1
47 296 0 1
50 296 0 1
51 296 0 1
52 296 0 1
53 296 0 1
61 296 0 1
62 296 0 1
63 296 0 1
64 296 0 1
65 296 0 1
69 296 0 1
73 296 0 1
76 296 0 1
77 296 0 1
80 296 0 1
83 296 0 1
86 296 0 1
88 296 0 1
89 296 0 1
90 296 0 1
91 296 0 1
94 296 0 1
189 296 0 1
190 296 0 1
191 296 0 1
192 296 0 1
12 297 0 1
15 297 0 1
24 297 0 1
25 297 0 1
26 297 0 1
27 297 0 1
31 297 0 1
32 297 0 1
33 297 0 1
36 297 0 1
42 297 0 1
43 297 0 1
44 297 0 1
46 297 0 1
51 297 0 1
52 297 0 1
55 297 0 1
62 297 0 1
63 297 0 1
64 297 0 1
65 297 0 1
69 297 0 1
78 297 0 1
80 297 0 1
88 297 0 1
90 297 0 1
91 297 0 1
92 297 0 1
94 297 0 1
186 297 0 1
187 297 0 1
13 298 0 1
15 298 0 1
19 298 0 1
20 298 0 1
21 298 0 1
22 298 0 1
25 298 0 1
26 298 0 1
27 298 0 1
30 298 0 1
31 298 0 1
32 298 0 1
33 298 0 1
35 298 0 1
39 298 0 1
43 298 0 1
45 298 0 1
46 298 0 1
48 298 0 1
49 298 0 1
51 298 0 1
52 298 0 1
55 298 0 1
65 298 0 1
66 298 0 1
67 298 0 1
70 298 0 1
74 298 0 1
78 298 0 1
79 298 0 1
80 298 0 1
81 298 0 1
82 298 0 1
84 298 0 1
87 298 0 1
88 298 0 1
91 298 0 1
92 298 0 1
93 298 0 1
95 298 0 1
185 298 0 1
186 298 0 1
13 299 0 1
15 299 0 1
20 299 0 1
21 299 0 1
22 299 0 1
24 299 0 1
25 299 0 1
26 299 0 1
27 299 0 1
31 299 0 1
32 299 0 1
33 299 0 1
35 299 0 1
43 299 0 1
45 299 0 1
46 299 0 1
48 299 0 1
51 299 0 1
52 299 0 1
55 299 0 1
65 299 0 1
66 299 0 1
67 299 0 1
78 299 0 1
79 299 0 1
80 299 0 1
81 299 0 1
82 299 0 1
88 299 0 1
90 299 0 1
91 299 0 1
92 299 0 1
95 299 0 1
185 299 0 1
186 299 0 1
1 300 0 1
11 300 0 1
28 300 0 1
29 300 0 1
34 300 0 1
36 300 0 1
37 300 0 1
38 300 0 1
40 300 0 1
41 300 0 1
42 300 0 1
44 300 0 1
47 300 0 1
50 300 0 1
52 300 0 1
53 300 0 1
54 300 0 1
56 300 0 1
59 300 0 1
60 300 0 1
61 300 0 1
62 300 0 1
63 300 0 1
69 300 0 1
71 300 0 1
73 300 0 1
76 300 0 1
77 300 0 1
83 300 0 1
85 300 0 1
86 300 0 1
89 300 0 1
94 300 0 1
11 301 0 1
28 301 0 1
29 301 0 1
37 301 0 1
38 301 0 1
41 301 0 1
54 301 0 1
56 301 0 1
57 301 0 1
58 301 0 1
59 301 0 1
60 301 0 1
68 301 0 1
72 301 0 1
85 301 0 1
86 301 0 1
183 301 0 1
11 302 0 1
28 302 0 1
29 302 0 1
37 302 0 1
38 302 0 1
40 302 0 1
41 302 0 1
54 302 0 1
56 302 0 1
57 302 0 1
58 302 0 1
59 302 0 1
60 302 0 1
68 302 0 1
71 302 0 1
72 302 0 1
76 302 0 1
83 302 0 1
85 302 0 1
86 302 0 1
89 302 0 1
183 302 0 1
195 302 0 1
13 303 0 1
14 303 0 1
15 303 0 1
19 303 0 1
20 303 0 1
30 303 0 1
31 303 0 1
32 303 0 1
33 303 0 1
35 303 0 1
39 303 0 1
43 303 0 1
45 303 0 1
46 303 0 1
48 303 0 1
49 303 0 1
55 303 0 1
66 303 0 1
67 303 0 1
70 303 0 1
74 303 0 1
75 303 0 1
78 303 0 1
79 303 0 1
81 303 0 1
82 303 0 1
84 303 0 1
87 303 0 1
91 303 0 1
92 303 0 1
93 303 0 1
95 303 0 1
12 304 0 1
15 304 0 1
24 304 0 1
25 304 0 1
26 304 0 1
27 304 0 1
31 304 0 1
32 304 0 1
33 304 0 1
36 304 0 1
43 304 0 1
44 304 0 1
46 304 0 1
51 304 0 1
52 304 0 1
55 304 0 1
63 304 0 1
64 304 0 1
65 304 0 1
66 304 0 1
78 304 0 1
80 304 0 1
82 304 0 1
88 304 0 1
90 304 0 1
91 304 0 1
92 304 0 1
94 304 0 1
95 304 0 1
185 304 0 1
186 304 0 1
187 304 0 1
11 305 0 1
28 305 0 1
29 305 0 1
34 305 0 1
36 305 0 1
38 305 0 1
40 305 0 1
41 305 0 1
42 305 0 1
44 305 0 1
47 305 0 1
50 305 0 1
52 305 0 1
53 305 0 1
54 305 0 1
56 305 0 1
60 305 0 1
61 305 0 1
62 305 0 1
63 305 0 1
64 305 0 1
69 305 0 1
71 305 0 1
73 305 0 1
76 305 0 1
77 305 0 1
83 305 0 1
86 305 0 1
88 305 0 1
89 305 0 1
90 305 0 1
94 305 0 1
189 305 0 1
190 305 0 1
191 305 0 1
192 305 0 1
193 305 0 1
11 306 0 1
12 306 0 1
29 306 0 1
34 306 0 1
36 306 0 1
38 306 0 1
40 306 0 1
41 306 0 1
42 306 0 1
44 306 0 1
47 306 0 1
50 306 0 1
52 306 0 1
53 306 0 1
54 306 0 1
60 306 0 1
61 306 0 1
62 306 0 1
63 306 0 1
64 306 0 1
69 306 0 1
71 306 0 1
73 306 0 1
76 306 0 1
77 306 0 1
80 306 0 1
83 306 0 1
86 306 0 1
88 306 0 1
89 306 0 1
90 306 0 1
94 306 0 1
189 306 0 1
190 306 0 1
191 306 0 1
192 306 0 1
193 306 0 1
12 307 0 1
26 307 0 1
31 307 0 1
33 307 0 1
34 307 0 1
36 307 0 1
42 307 0 1
43 307 0 1
44 307 0 1
46 307 0 1
47 307 0 1
51 307 0 1
52 307 0 1
55 307 0 1
61 307 0 1
62 307 0 1
63 307 0 1
64 307 0 1
65 307 0 1
69 307 0 1
73 307 0 1
77 307 0 1
78 307 0 1
80 307 0 1
88 307 0 1
90 307 0 1
91 307 0 1
94 307 0 1
187 307 0 1
189 307 0 1
191 307 0 1
192 307 0 1
13 308 0 1
15 308 0 1
27 308 0 1
31 308 0 1
32 308 0 1
33 308 0 1
35 308 0 1
43 308 0 1
45 308 0 1
46 308 0 1
48 308 0 1
51 308 0 1
52 308 0 1
55 308 0 1
65 308 0 1
66 308 0 1
67 308 0 1
78 308 0 1
79 308 0 1
80 308 0 1
81 308 0 1
82 308 0 1
87 308 0 1
88 308 0 1
90 308 0 1
91 308 0 1
92 308 0 1
95 308 0 1
185 308 0 1
186 308 0 1
187 308 0 1
194 308 0 1
13 309 0 1
14 309 0 1
15 309 0 1
20 309 0 1
30 309 0 1
31 309 0 1
32 309 0 1
33 309 0 1
35 309 0 1
39 309 0 1
43 309 0 1
45 309 0 1
48 309 0 1
49 309 0 1
55 309 0 1
66 309 0 1
67 309 0 1
70 309 0 1
74 309 0 1
75 309 0 1
78 309 0 1
79 309 0 1
81 309 0 1
82 309 0 1
84 309 0 1
87 309 0 1
91 309 0 1
92 309 0 1
93 309 0 1
95 309 0 1
184 309 0 1
185 309 0 1
67 310 0 1
70 310 0 1
74 310 0 1
75 310 0 1
84 310 0 1
96 310 0 1
100 310 0 1
105 310 0 1
109 310 0 1
113 310 0 1
114 310 0 1
120 310 0 1
123 310 0 1
124 310 0 1
125 310 0 1
182 310 0 1
184 310 0 1
188 310 0 1
196 310 0 1
66 311 0 1
67 311 0 1
70 311 0 1
74 311 0 1
75 311 0 1
81 311 0 1
84 311 0 1
96 311 0 1
100 311 0 1
101 311 0 1
103 311 0 1
105 311 0 1
107 311 0 1
108 311 0 1
109 311 0 1
111 311 0 1
113 311 0 1
114 311 0 1
120 311 0 1
121 311 0 1
122 311 0 1
123 311 0 1
124 311 0 1
125 311 0 1
182 311 0 1
184 311 0 1
185 311 0 1
186 311 0 1
188 311 0 1
194 311 0 1
196 311 0 1
60 312 0 1
71 312 0 1
72 312 0 1
73 312 0 1
97 312 0 1
99 312 0 1
104 312 0 1
106 312 0 1
110 312 0 1
115 312 0 1
116 312 0 1
117 312 0 1
118 312 0 1
119 312 0 1
126 312 0 1
127 312 0 1
128 312 0 1
129 312 0 1
131 312 0 1
136 312 0 1
137 312 0 1
138 312 0 1
139 312 0 1
172 312 0 1
173 312 0 1
174 312 0 1
175 312 0 1
176 312 0 1
178 312 0 1
180 312 0 1
181 312 0 1
183 312 0 1
189 312 0 1
190 312 0 1
192 312 0 1
193 312 0 1
195 312 0 1
61 313 0 1
62 313 0 1
63 313 0 1
64 313 0 1
65 313 0 1
69 313 0 1
73 313 0 1
97 313 0 1
98 313 0 1
99 313 0 1
102 313 0 1
103 313 0 1
112 313 0 1
116 313 0 1
117 313 0 1
126 313 0 1
130 313 0 1
131 313 0 1
136 313 0 1
173 313 0 1
176 313 0 1
179 313 0 1
187 313 0 1
189 313 0 1
190 313 0 1
191 313 0 1
192 313 0 1
193 313 0 1
61 314 0 1
62 314 0 1
63 314 0 1
69 314 0 1
71 314 0 1
73 314 0 1
97 314 0 1
98 314 0 1
99 314 0 1
102 314 0 1
104 314 0 1
112 314 0 1
116 314 0 1
117 314 0 1
126 314 0 1
127 314 0 1
130 314 0 1
131 314 0 1
136 314 0 1
140 314 0 1
172 314 0 1
173 314 0 1
175 314 0 1
176 314 0 1
179 314 0 1
181 314 0 1
189 314 0 1
190 314 0 1
191 314 0 1
192 314 0 1
193 314 0 1
195 314 0 1
97 315 0 1
104 315 0 1
106 315 0 1
110 315 0 1
115 315 0 1
116 315 0 1
118 315 0 1
119 315 0 1
127 315 0 1
128 315 0 1
129 315 0 1
132 315 0 1
137 315 0 1
138 315 0 1
139 315 0 1
158 315 0 1
164 315 0 1
165 315 0 1
172 315 0 1
173 315 0 1
174 315 0 1
175 315 0 1
177 315 0 1
178 315 0 1
180 315 0 1
181 315 0 1
183 315 0 1
195 315 0 1
84 316 0 1
96 316 0 1
100 316 0 1
105 316 0 1
109 316 0 1
113 316 0 1
120 316 0 1
123 316 0 1
124 316 0 1
125 316 0 1
143 316 0 1
182 316 0 1
184 316 0 1
188 316 0 1
196 316 0 1
64 317 0 1
65 317 0 1
69 317 0 1
73 317 0 1
98 317 0 1
101 317 0 1
102 317 0 1
103 317 0 1
107 317 0 1
108 317 0 1
111 317 0 1
112 317 0 1
114 317 0 1
117 317 0 1
121 317 0 1
122 317 0 1
130 317 0 1
131 317 0 1
141 317 0 1
185 317 0 1
186 317 0 1
187 317 0 1
189 317 0 1
190 317 0 1
191 317 0 1
192 317 0 1
194 317 0 1
60 318 0 1
71 318 0 1
72 318 0 1
97 318 0 1
99 318 0 1
104 318 0 1
106 318 0 1
110 318 0 1
115 318 0 1
116 318 0 1
118 318 0 1
119 318 0 1
126 318 0 1
127 318 0 1
128 318 0 1
129 318 0 1
131 318 0 1
136 318 0 1
137 318 0 1
138 318 0 1
139 318 0 1
165 318 0 1
172 318 0 1
173 318 0 1
174 318 0 1
175 318 0 1
176 318 0 1
177 318 0 1
178 318 0 1
180 318 0 1
181 318 0 1
183 318 0 1
190 318 0 1
193 318 0 1
195 318 0 1
60 319 0 1
61 319 0 1
71 319 0 1
72 319 0 1
73 319 0 1
83 319 0 1
97 319 0 1
99 319 0 1
102 319 0 1
104 319 0 1
106 319 0 1
110 319 0 1
115 319 0 1
116 319 0 1
117 319 0 1
118 319 0 1
119 319 0 1
126 319 0 1
127 319 0 1
128 319 0 1
131 319 0 1
133 319 0 1
134 319 0 1
136 319 0 1
137 319 0 1
138 319 0 1
139 319 0 1
140 319 0 1
144 319 0 1
145 319 0 1
165 319 0 1
172 319 0 1
173 319 0 1
174 319 0 1
175 319 0 1
176 319 0 1
178 319 0 1
179 319 0 1
180 319 0 1
181 319 0 1
183 319 0 1
189 319 0 1
190 319 0 1
192 319 0 1
193 319 0 1
195 319 0 1
65 320 0 1
98 320 0 1
101 320 0 1
102 320 0 1
103 320 0 1
107 320 0 1
108 320 0 1
111 320 0 1
112 320 0 1
114 320 0 1
117 320 0 1
121 320 0 1
122 320 0 1
130 320 0 1
131 320 0 1
141 320 0 1
185 320 0 1
186 320 0 1
187 320 0 1
191 320 0 1
192 320 0 1
194 320 0 1
65 321 0 1
66 321 0 1
67 321 0 1
78 321 0 1
98 321 0 1
101 321 0 1
103 321 0 1
105 321 0 1
107 321 0 1
108 321 0 1
111 321 0 1
112 321 0 1
114 321 0 1
117 321 0 1
121 321 0 1
122 321 0 1
125 321 0 1
130 321 0 1
142 321 0 1
185 321 0 1
186 321 0 1
187 321 0 1
194 321 0 1
196 321 0 1
65 322 0 1
66 322 0 1
98 322 0 1
101 322 0 1
103 322 0 1
107 322 0 1
108 322 0 1
111 322 0 1
112 322 0 1
114 322 0 1
117 322 0 1
121 322 0 1
122 322 0 1
130 322 0 1
141 322 0 1
142 322 0 1
185 322 0 1
186 322 0 1
187 322 0 1
194 322 0 1
70 323 0 1
74 323 0 1
75 323 0 1
84 323 0 1
96 323 0 1
100 323 0 1
105 323 0 1
108 323 0 1
109 323 0 1
111 323 0 1
113 323 0 1
114 323 0 1
120 323 0 1
123 323 0 1
124 323 0 1
125 323 0 1
182 323 0 1
184 323 0 1
188 323 0 1
196 323 0 1
71 324 0 1
72 324 0 1
97 324 0 1
99 324 0 1
104 324 0 1
106 324 0 1
110 324 0 1
115 324 0 1
116 324 0 1
117 324 0 1
118 324 0 1
119 324 0 1
126 324 0 1
127 324 0 1
128 324 0 1
129 324 0 1
131 324 0 1
136 324 0 1
137 324 0 1
138 324 0 1
139 324 0 1
145 324 0 1
165 324 0 1
172 324 0 1
173 324 0 1
174 324 0 1
175 324 0 1
176 324 0 1
177 324 0 1
178 324 0 1
179 324 0 1
180 324 0 1
181 324 0 1
183 324 0 1
190 324 0 1
193 324 0 1
195 324 0 1
65 325 0 1
98 325 0 1
101 325 0 1
102 325 0 1
103 325 0 1
107 325 0 1
108 325 0 1
111 325 0 1
112 325 0 1
114 325 0 1
117 325 0 1
121 325 0 1
122 325 0 1
130 325 0 1
141 325 0 1
142 325 0 1
185 325 0 1
186 325 0 1
187 325 0 1
191 325 0 1
192 325 0 1
194 325 0 1
65 326 0 1
73 326 0 1
98 326 0 1
99 326 0 1
102 326 0 1
103 326 0 1
112 326 0 1
116 326 0 1
117 326 0 1
126 326 0 1
130 326 0 1
131 326 0 1
136 326 0 1
140 326 0 1
141 326 0 1
144 326 0 1
173 326 0 1
176 326 0 1
179 326 0 1
187 326 0 1
189 326 0 1
190 326 0 1
191 326 0 1
192 326 0 1
193 326 0 1
71 327 0 1
72 327 0 1
97 327 0 1
99 327 0 1
104 327 0 1
106 327 0 1
110 327 0 1
115 327 0 1
116 327 0 1
118 327 0 1
119 327 0 1
126 327 0 1
127 327 0 1
128 327 0 1
129 327 0 1
131 327 0 1
132 327 0 1
133 327 0 1
134 327 0 1
136 327 0 1
137 327 0 1
138 327 0 1
139 327 0 1
144 327 0 1
145 327 0 1
165 327 0 1
172 327 0 1
173 327 0 1
174 327 0 1
175 327 0 1
176 327 0 1
177 327 0 1
178 327 0 1
179 327 0 1
180 327 0 1
181 327 0 1
183 327 0 1
190 327 0 1
193 327 0 1
195 327 0 1
100 328 0 1
101 328 0 1
103 328 0 1
105 328 0 1
107 328 0 1
108 328 0 1
109 328 0 1
111 328 0 1
113 328 0 1
114 328 0 1
121 328 0 1
122 328 0 1
123 328 0 1
124 328 0 1
125 328 0 1
135 328 0 1
142 328 0 1
143 328 0 1
157 328 0 1
159 328 0 1
182 328 0 1
184 328 0 1
185 328 0 1
186 328 0 1
194 328 0 1
196 328 0 1
65 329 0 1
98 329 0 1
101 329 0 1
102 329 0 1
103 329 0 1
107 329 0 1
111 329 0 1
112 329 0 1
117 329 0 1
121 329 0 1
122 329 0 1
126 329 0 1
130 329 0 1
131 329 0 1
135 329 0 1
140 329 0 1
141 329 0 1
179 329 0 1
187 329 0 1
191 329 0 1
192 329 0 1
194 329 0 1
97 330 0 1
98 330 0 1
99 330 0 1
102 330 0 1
104 330 0 1
110 330 0 1
112 330 0 1
116 330 0 1
117 330 0 1
126 330 0 1
127 330 0 1
128 330 0 1
130 330 0 1
131 330 0 1
133 330 0 1
134 330 0 1
136 330 0 1
137 330 0 1
139 330 0 1
140 330 0 1
144 330 0 1
145 330 0 1
162 330 0 1
165 330 0 1
172 330 0 1
173 330 0 1
175 330 0 1
176 330 0 1
178 330 0 1
179 330 0 1
180 330 0 1
181 330 0 1
189 330 0 1
190 330 0 1
192 330 0 1
193 330 0 1
73 331 0 1
97 331 0 1
98 331 0 1
99 331 0 1
102 331 0 1
104 331 0 1
110 331 0 1
112 331 0 1
116 331 0 1
117 331 0 1
126 331 0 1
127 331 0 1
130 331 0 1
131 331 0 1
133 331 0 1
134 331 0 1
136 331 0 1
137 331 0 1
139 331 0 1
140 331 0 1
144 331 0 1
145 331 0 1
172 331 0 1
173 331 0 1
175 331 0 1
176 331 0 1
179 331 0 1
181 331 0 1
189 331 0 1
190 331 0 1
191 331 0 1
192 331 0 1
193 331 0 1
195 331 0 1
74 332 0 1
75 332 0 1
84 332 0 1
96 332 0 1
100 332 0 1
101 332 0 1
105 332 0 1
107 332 0 1
108 332 0 1
109 332 0 1
111 332 0 1
113 332 0 1
114 332 0 1
120 332 0 1
121 332 0 1
123 332 0 1
124 332 0 1
125 332 0 1
142 332 0 1
143 332 0 1
157 332 0 1
182 332 0 1
184 332 0 1
188 332 0 1
196 332 0 1
73 333 0 1
97 333 0 1
98 333 0 1
99 333 0 1
102 333 0 1
103 333 0 1
112 333 0 1
116 333 0 1
117 333 0 1
126 333 0 1
130 333 0 1
131 333 0 1
136 333 0 1
139 333 0 1
140 333 0 1
141 333 0 1
144 333 0 1
145 333 0 1
172 333 0 1
173 333 0 1
176 333 0 1
179 333 0 1
181 333 0 1
189 333 0 1
190 333 0 1
191 333 0 1
192 333 0 1
193 333 0 1
65 334 0 1
98 334 0 1
101 334 0 1
102 334 0 1
103 334 0 1
107 334 0 1
108 334 0 1
111 334 0 1
112 334 0 1
114 334 0 1
117 334 0 1
121 334 0 1
122 334 0 1
130 334 0 1
135 334 0 1
141 334 0 1
142 334 0 1
185 334 0 1
186 334 0 1
187 334 0 1
194 334 0 1
98 335 0 1
99 335 0 1
102 335 0 1
103 335 0 1
112 335 0 1
117 335 0 1
126 335 0 1
130 335 0 1
131 335 0 1
136 335 0 1
140 335 0 1
141 335 0 1
144 335 0 1
173 335 0 1
176 335 0 1
179 335 0 1
189 335 0 1
190 335 0 1
191 335 0 1
192 335 0 1
193 335 0 1
96 336 0 1
100 336 0 1
105 336 0 1
109 336 0 1
113 336 0 1
120 336 0 1
123 336 0 1
124 336 0 1
125 336 0 1
143 336 0 1
157 336 0 1
167 336 0 1
182 336 0 1
100 337 0 1
101 337 0 1
105 337 0 1
107 337 0 1
108 337 0 1
109 337 0 1
111 337 0 1
113 337 0 1
114 337 0 1
120 337 0 1
121 337 0 1
123 337 0 1
124 337 0 1
125 337 0 1
135 337 0 1
142 337 0 1
143 337 0 1
156 337 0 1
157 337 0 1
159 337 0 1
167 337 0 1
168 337 0 1
182 337 0 1
102 338 0 1
103 338 0 1
112 338 0 1
117 338 0 1
126 338 0 1
130 338 0 1
131 338 0 1
134 338 0 1
135 338 0 1
136 338 0 1
140 338 0 1
141 338 0 1
144 338 0 1
145 338 0 1
154 338 0 1
160 338 0 1
161 338 0 1
162 338 0 1
171 338 0 1
173 338 0 1
176 338 0 1
179 338 0 1
104 339 0 1
110 339 0 1
126 339 0 1
127 339 0 1
128 339 0 1
131 339 0 1
132 339 0 1
133 339 0 1
134 339 0 1
136 339 0 1
137 339 0 1
138 339 0 1
139 339 0 1
140 339 0 1
144 339 0 1
145 339 0 1
146 339 0 1
147 339 0 1
148 339 0 1
149 339 0 1
153 339 0 1
154 339 0 1
155 339 0 1
158 339 0 1
160 339 0 1
162 339 0 1
163 339 0 1
164 339 0 1
165 339 0 1
166 339 0 1
169 339 0 1
170 339 0 1
172 339 0 1
173 339 0 1
174 339 0 1
175 339 0 1
176 339 0 1
177 339 0 1
178 339 0 1
179 339 0 1
180 339 0 1
181 339 0 1
102 340 0 1
112 340 0 1
126 340 0 1
130 340 0 1
131 340 0 1
134 340 0 1
135 340 0 1
136 340 0 1
140 340 0 1
141 340 0 1
144 340 0 1
145 340 0 1
149 340 0 1
152 340 0 1
154 340 0 1
155 340 0 1
160 340 0 1
161 340 0 1
162 340 0 1
170 340 0 1
171 340 0 1
173 340 0 1
176 340 0 1
179 340 0 1
102 341 0 1
112 341 0 1
126 341 0 1
130 341 0 1
131 341 0 1
133 341 0 1
134 341 0 1
135 341 0 1
136 341 0 1
139 341 0 1
140 341 0 1
141 341 0 1
144 341 0 1
145 341 0 1
148 341 0 1
149 341 0 1
152 341 0 1
154 341 0 1
155 341 0 1
160 341 0 1
161 341 0 1
162 341 0 1
169 341 0 1
170 341 0 1
171 341 0 1
173 341 0 1
176 341 0 1
179 341 0 1
101 342 0 1
103 342 0 1
107 342 0 1
108 342 0 1
111 342 0 1
112 342 0 1
130 342 0 1
135 342 0 1
141 342 0 1
142 342 0 1
143 342 0 1
151 342 0 1
156 342 0 1
157 342 0 1
159 342 0 1
161 342 0 1
168 342 0 1
171 342 0 1
182 342 0 1
100 343 0 1
101 343 0 1
105 343 0 1
108 343 0 1
109 343 0 1
111 343 0 1
123 343 0 1
124 343 0 1
125 343 0 1
142 343 0 1
143 343 0 1
150 343 0 1
156 343 0 1
157 343 0 1
159 343 0 1
167 343 0 1
168 343 0 1
182 343 0 1
105 344 0 1
109 344 0 1
111 344 0 1
123 344 0 1
124 344 0 1
125 344 0 1
142 344 0 1
143 344 0 1
150 344 0 1
156 344 0 1
157 344 0 1
159 344 0 1
167 344 0 1
168 344 0 1
182 344 0 1
101 345 0 1
107 345 0 1
108 345 0 1
111 345 0 1
125 345 0 1
135 345 0 1
141 345 0 1
142 345 0 1
143 345 0 1
150 345 0 1
151 345 0 1
156 345 0 1
157 345 0 1
159 345 0 1
161 345 0 1
167 345 0 1
168 345 0 1
182 345 0 1
101 346 0 1
103 346 0 1
111 346 0 1
112 346 0 1
130 346 0 1
135 346 0 1
141 346 0 1
142 346 0 1
143 346 0 1
151 346 0 1
152 346 0 1
156 346 0 1
157 346 0 1
159 346 0 1
161 346 0 1
168 346 0 1
171 346 0 1
101 347 0 1
103 347 0 1
107 347 0 1
111 347 0 1
112 347 0 1
130 347 0 1
135 347 0 1
141 347 0 1
142 347 0 1
143 347 0 1
150 347 0 1
151 347 0 1
156 347 0 1
157 347 0 1
159 347 0 1
161 347 0 1
167 347 0 1
168 347 0 1
171 347 0 1
182 347 0 1
100 348 0 1
105 348 0 1
108 348 0 1
109 348 0 1
111 348 0 1
113 348 0 1
120 348 0 1
123 348 0 1
124 348 0 1
125 348 0 1
142 348 0 1
143 348 0 1
156 348 0 1
157 348 0 1
159 348 0 1
167 348 0 1
182 348 0 1
101 349 0 1
102 349 0 1
103 349 0 1
107 349 0 1
108 349 0 1
111 349 0 1
112 349 0 1
114 349 0 1
117 349 0 1
121 349 0 1
122 349 0 1
130 349 0 1
131 349 0 1
135 349 0 1
141 349 0 1
142 349 0 1
143 349 0 1
151 349 0 1
156 349 0 1
157 349 0 1
159 349 0 1
161 349 0 1
168 349 0 1
171 349 0 1
179 349 0 1
182 349 0 1
102 350 0 1
112 350 0 1
117 350 0 1
126 350 0 1
127 350 0 1
130 350 0 1
131 350 0 1
133 350 0 1
134 350 0 1
136 350 0 1
137 350 0 1
138 350 0 1
139 350 0 1
140 350 0 1
141 350 0 1
144 350 0 1
145 350 0 1
148 350 0 1
149 350 0 1
153 350 0 1
154 350 0 1
155 350 0 1
160 350 0 1
162 350 0 1
163 350 0 1
165 350 0 1
169 350 0 1
170 350 0 1
171 350 0 1
172 350 0 1
173 350 0 1
175 350 0 1
176 350 0 1
178 350 0 1
179 350 0 1
180 350 0 1
181 350 0 1
102 351 0 1
112 351 0 1
117 351 0 1
126 351 0 1
130 351 0 1
131 351 0 1
133 351 0 1
134 351 0 1
136 351 0 1
137 351 0 1
139 351 0 1
140 351 0 1
141 351 0 1
144 351 0 1
145 351 0 1
154 351 0 1
155 351 0 1
160 351 0 1
161 351 0 1
162 351 0 1
169 351 0 1
170 351 0 1
171 351 0 1
172 351 0 1
173 351 0 1
176 351 0 1
179 351 0 1
181 351 0 1
100 352 0 1
101 352 0 1
105 352 0 1
107 352 0 1
108 352 0 1
109 352 0 1
111 352 0 1
113 352 0 1
114 352 0 1
121 352 0 1
123 352 0 1
124 352 0 1
125 352 0 1
135 352 0 1
142 352 0 1
143 352 0 1
150 352 0 1
156 352 0 1
157 352 0 1
159 352 0 1
167 352 0 1
168 352 0 1
182 352 0 1
100 353 0 1
105 353 0 1
109 353 0 1
120 353 0 1
123 353 0 1
124 353 0 1
125 353 0 1
143 353 0 1
157 353 0 1
167 353 0 1
182 353 0 1
101 354 0 1
103 354 0 1
107 354 0 1
108 354 0 1
111 354 0 1
112 354 0 1
114 354 0 1
117 354 0 1
121 354 0 1
122 354 0 1
130 354 0 1
135 354 0 1
141 354 0 1
142 354 0 1
143 354 0 1
151 354 0 1
156 354 0 1
157 354 0 1
159 354 0 1
161 354 0 1
168 354 0 1
171 354 0 1
182 354 0 1
101 355 0 1
102 355 0 1
103 355 0 1
107 355 0 1
111 355 0 1
112 355 0 1
117 355 0 1
122 355 0 1
130 355 0 1
131 355 0 1
135 355 0 1
140 355 0 1
141 355 0 1
142 355 0 1
152 355 0 1
159 355 0 1
160 355 0 1
161 355 0 1
168 355 0 1
171 355 0 1
179 355 0 1
101 356 0 1
105 356 0 1
107 356 0 1
108 356 0 1
109 356 0 1
111 356 0 1
114 356 0 1
121 356 0 1
123 356 0 1
124 356 0 1
125 356 0 1
135 356 0 1
142 356 0 1
143 356 0 1
150 356 0 1
151 356 0 1
156 356 0 1
157 356 0 1
159 356 0 1
161 356 0 1
167 356 0 1
168 356 0 1
182 356 0 1
102 357 0 1
112 357 0 1
117 357 0 1
126 357 0 1
130 357 0 1
131 357 0 1
133 357 0 1
134 357 0 1
135 357 0 1
136 357 0 1
139 357 0 1
140 357 0 1
141 357 0 1
144 357 0 1
145 357 0 1
149 357 0 1
152 357 0 1
154 357 0 1
155 357 0 1
160 357 0 1
161 357 0 1
162 357 0 1
169 357 0 1
170 357 0 1
171 357 0 1
173 357 0 1
176 357 0 1
179 357 0 1
101 358 0 1
102 358 0 1
103 358 0 1
112 358 0 1
117 358 0 1
126 358 0 1
130 358 0 1
131 358 0 1
135 358 0 1
136 358 0 1
140 358 0 1
141 358 0 1
142 358 0 1
144 358 0 1
152 358 0 1
154 358 0 1
160 358 0 1
161 358 0 1
162 358 0 1
168 358 0 1
171 358 0 1
179 358 0 1
132 359 0 1
138 359 0 1
146 359 0 1
147 359 0 1
153 359 0 1
158 359 0 1
163 359 0 1
164 359 0 1
165 359 0 1
166 359 0 1
174 359 0 1
177 359 0 1
178 359 0 1
180 359 0 1
150 360 0 1
157 360 0 1
167 360 0 1
182 360 0 1
123 361 0 1
143 361 0 1
150 361 0 1
156 361 0 1
157 361 0 1
159 361 0 1
167 361 0 1
182 361 0 1
135 362 0 1
141 362 0 1
142 362 0 1
150 362 0 1
151 362 0 1
152 362 0 1
156 362 0 1
157 362 0 1
159 362 0 1
161 362 0 1
167 362 0 1
168 362 0 1
171 362 0 1
133 363 0 1
134 363 0 1
136 363 0 1
137 363 0 1
139 363 0 1
140 363 0 1
144 363 0 1
145 363 0 1
147 363 0 1
148 363 0 1
149 363 0 1
152 363 0 1
153 363 0 1
154 363 0 1
155 363 0 1
160 363 0 1
162 363 0 1
163 363 0 1
164 363 0 1
165 363 0 1
169 363 0 1
170 363 0 1
171 363 0 1
173 363 0 1
179 363 0 1
181 363 0 1
133 364 0 1
134 364 0 1
136 364 0 1
139 364 0 1
140 364 0 1
144 364 0 1
145 364 0 1
147 364 0 1
148 364 0 1
149 364 0 1
152 364 0 1
153 364 0 1
154 364 0 1
155 364 0 1
160 364 0 1
162 364 0 1
163 364 0 1
165 364 0 1
169 364 0 1
170 364 0 1
171 364 0 1
173 364 0 1
179 364 0 1
135 365 0 1
142 365 0 1
143 365 0 1
150 365 0 1
151 365 0 1
156 365 0 1
157 365 0 1
159 365 0 1
161 365 0 1
167 365 0 1
168 365 0 1
182 365 0 1
134 366 0 1
136 366 0 1
140 366 0 1
141 366 0 1
144 366 0 1
145 366 0 1
148 366 0 1
149 366 0 1
152 366 0 1
154 366 0 1
155 366 0 1
160 366 0 1
161 366 0 1
162 366 0 1
169 366 0 1
170 366 0 1
171 366 0 1
179 366 0 1
133 367 0 1
134 367 0 1
136 367 0 1
140 367 0 1
141 367 0 1
144 367 0 1
145 367 0 1
148 367 0 1
149 367 0 1
152 367 0 1
154 367 0 1
155 367 0 1
160 367 0 1
161 367 0 1
162 367 0 1
163 367 0 1
169 367 0 1
170 367 0 1
171 367 0 1
135 368 0 1
141 368 0 1
150 368 0 1
151 368 0 1
152 368 0 1
154 368 0 1
156 368 0 1
159 368 0 1
160 368 0 1
161 368 0 1
168 368 0 1
171 368 0 1
135 369 0 1
140 369 0 1
141 369 0 1
144 369 0 1
148 369 0 1
149 369 0 1
151 369 0 1
152 369 0 1
154 369 0 1
155 369 0 1
160 369 0 1
161 369 0 1
162 369 0 1
170 369 0 1
171 369 0 1
127 370 0 1
128 370 0 1
129 370 0 1
132 370 0 1
133 370 0 1
134 370 0 1
136 370 0 1
137 370 0 1
138 370 0 1
139 370 0 1
144 370 0 1
145 370 0 1
146 370 0 1
147 370 0 1
148 370 0 1
149 370 0 1
153 370 0 1
154 370 0 1
155 370 0 1
158 370 0 1
162 370 0 1
163 370 0 1
164 370 0 1
165 370 0 1
166 370 0 1
169 370 0 1
170 370 0 1
172 370 0 1
173 370 0 1
174 370 0 1
175 370 0 1
177 370 0 1
178 370 0 1
180 370 0 1
181 370 0 1
126 371 0 1
133 371 0 1
134 371 0 1
136 371 0 1
137 371 0 1
138 371 0 1
139 371 0 1
140 371 0 1
144 371 0 1
145 371 0 1
146 371 0 1
147 371 0 1
148 371 0 1
149 371 0 1
152 371 0 1
153 371 0 1
154 371 0 1
155 371 0 1
160 371 0 1
162 371 0 1
163 371 0 1
164 371 0 1
165 371 0 1
169 371 0 1
170 371 0 1
171 371 0 1
172 371 0 1
173 371 0 1
176 371 0 1
179 371 0 1
180 371 0 1
181 371 0 1
133 372 0 1
134 372 0 1
136 372 0 1
137 372 0 1
138 372 0 1
139 372 0 1
140 372 0 1
144 372 0 1
145 372 0 1
146 372 0 1
147 372 0 1
148 372 0 1
149 372 0 1
153 372 0 1
154 372 0 1
155 372 0 1
158 372 0 1
160 372 0 1
162 372 0 1
163 372 0 1
164 372 0 1
165 372 0 1
166 372 0 1
169 372 0 1
170 372 0 1
172 372 0 1
173 372 0 1
174 372 0 1
175 372 0 1
176 372 0 1
178 372 0 1
179 372 0 1
180 372 0 1
181 372 0 1
133 373 0 1
134 373 0 1
136 373 0 1
139 373 0 1
140 373 0 1
141 373 0 1
144 373 0 1
145 373 0 1
148 373 0 1
149 373 0 1
152 373 0 1
154 373 0 1
155 373 0 1
160 373 0 1
161 373 0 1
162 373 0 1
163 373 0 1
169 373 0 1
170 373 0 1
171 373 0 1
173 373 0 1
179 373 0 1
130 374 0 1
134 374 0 1
135 374 0 1
136 374 0 1
140 374 0 1
141 374 0 1
144 374 0 1
149 374 0 1
152 374 0 1
154 374 0 1
155 374 0 1
160 374 0 1
161 374 0 1
162 374 0 1
170 374 0 1
171 374 0 1
179 374 0 1
135 375 0 1
141 375 0 1
142 375 0 1
150 375 0 1
151 375 0 1
152 375 0 1
154 375 0 1
156 375 0 1
157 375 0 1
159 375 0 1
161 375 0 1
168 375 0 1
171 375 0 1
123 376 0 1
135 376 0 1
142 376 0 1
143 376 0 1
150 376 0 1
151 376 0 1
156 376 0 1
157 376 0 1
159 376 0 1
167 376 0 1
168 376 0 1
182 376 0 1
135 377 0 1
140 377 0 1
141 377 0 1
144 377 0 1
149 377 0 1
151 377 0 1
152 377 0 1
154 377 0 1
155 377 0 1
160 377 0 1
161 377 0 1
162 377 0 1
168 377 0 1
171 377 0 1
179 377 0 1
135 378 0 1
141 378 0 1
142 378 0 1
143 378 0 1
150 378 0 1
151 378 0 1
156 378 0 1
157 378 0 1
159 378 0 1
161 378 0 1
167 378 0 1
168 378 0 1
182 378 0 1
135 379 0 1
141 379 0 1
142 379 0 1
143 379 0 1
150 379 0 1
151 379 0 1
152 379 0 1
156 379 0 1
157 379 0 1
159 379 0 1
161 379 0 1
167 379 0 1
168 379 0 1
171 379 0 1
135 380 0 1
141 380 0 1
142 380 0 1
151 380 0 1
152 380 0 1
154 380 0 1
156 380 0 1
159 380 0 1
160 380 0 1
161 380 0 1
168 380 0 1
171 380 0 1
126 381 0 1
127 381 0 1
128 381 0 1
132 381 0 1
133 381 0 1
134 381 0 1
136 381 0 1
137 381 0 1
138 381 0 1
139 381 0 1
140 381 0 1
144 381 0 1
145 381 0 1
146 381 0 1
147 381 0 1
148 381 0 1
149 381 0 1
153 381 0 1
154 381 0 1
155 381 0 1
158 381 0 1
160 381 0 1
162 381 0 1
163 381 0 1
164 381 0 1
165 381 0 1
166 381 0 1
169 381 0 1
170 381 0 1
172 381 0 1
173 381 0 1
174 381 0 1
175 381 0 1
176 381 0 1
177 381 0 1
178 381 0 1
179 381 0 1
180 381 0 1
181 381 0 1
126 382 0 1
127 382 0 1
131 382 0 1
133 382 0 1
134 382 0 1
136 382 0 1
137 382 0 1
138 382 0 1
139 382 0 1
140 382 0 1
144 382 0 1
145 382 0 1
146 382 0 1
147 382 0 1
148 382 0 1
149 382 0 1
152 382 0 1
153 382 0 1
154 382 0 1
155 382 0 1
158 382 0 1
160 382 0 1
162 382 0 1
163 382 0 1
164 382 0 1
165 382 0 1
169 382 0 1
170 382 0 1
171 382 0 1
172 382 0 1
173 382 0 1
174 382 0 1
175 382 0 1
176 382 0 1
178 382 0 1
179 382 0 1
180 382 0 1
181 382 0 1
102 383 0 1
126 383 0 1
130 383 0 1
131 383 0 1
133 383 0 1
134 383 0 1
136 383 0 1
139 383 0 1
140 383 0 1
141 383 0 1
144 383 0 1
145 383 0 1
148 383 0 1
149 383 0 1
152 383 0 1
154 383 0 1
155 383 0 1
160 383 0 1
161 383 0 1
162 383 0 1
163 383 0 1
169 383 0 1
170 383 0 1
171 383 0 1
173 383 0 1
176 383 0 1
179 383 0 1
101 384 0 1
111 384 0 1
125 384 0 1
135 384 0 1
141 384 0 1
142 384 0 1
143 384 0 1
150 384 0 1
151 384 0 1
156 384 0 1
157 384 0 1
159 384 0 1
161 384 0 1
167 384 0 1
168 384 0 1
182 384 0 1
102 385 0 1
112 385 0 1
130 385 0 1
131 385 0 1
134 385 0 1
135 385 0 1
136 385 0 1
140 385 0 1
141 385 0 1
144 385 0 1
149 385 0 1
152 385 0 1
154 385 0 1
160 385 0 1
161 385 0 1
162 385 0 1
171 385 0 1
179 385 0 1
101 386 0 1
111 386 0 1
130 386 0 1
135 386 0 1
141 386 0 1
142 386 0 1
143 386 0 1
150 386 0 1
151 386 0 1
152 386 0 1
156 386 0 1
157 386 0 1
159 386 0 1
161 386 0 1
167 386 0 1
168 386 0 1
171 386 0 1
182 386 0 1
102 387 0 1
126 387 0 1
130 387 0 1
131 387 0 1
133 387 0 1
134 387 0 1
136 387 0 1
137 387 0 1
139 387 0 1
140 387 0 1
141 387 0 1
144 387 0 1
145 387 0 1
147 387 0 1
148 387 0 1
149 387 0 1
152 387 0 1
153 387 0 1
154 387 0 1
155 387 0 1
160 387 0 1
161 387 0 1
162 387 0 1
163 387 0 1
164 387 0 1
165 387 0 1
169 387 0 1
170 387 0 1
171 387 0 1
172 387 0 1
173 387 0 1
175 387 0 1
176 387 0 1
179 387 0 1
180 387 0 1
181 387 0 1
123 388 0 1
124 388 0 1
125 388 0 1
143 388 0 1
150 388 0 1
156 388 0 1
157 388 0 1
159 388 0 1
167 388 0 1
182 388 0 1
130 389 0 1
135 389 0 1
141 389 0 1
142 389 0 1
150 389 0 1
151 389 0 1
152 389 0 1
156 389 0 1
157 389 0 1
159 389 0 1
161 389 0 1
168 389 0 1
171 389 0 1
126 390 0 1
130 390 0 1
131 390 0 1
134 390 0 1
135 390 0 1
136 390 0 1
140 390 0 1
141 390 0 1
144 390 0 1
145 390 0 1
148 390 0 1
149 390 0 1
152 390 0 1
154 390 0 1
155 390 0 1
160 390 0 1
161 390 0 1
162 390 0 1
169 390 0 1
170 390 0 1
171 390 0 1
173 390 0 1
176 390 0 1
179 390 0 1
130 391 0 1
135 391 0 1
140 391 0 1
141 391 0 1
142 391 0 1
144 391 0 1
151 391 0 1
152 391 0 1
154 391 0 1
157 391 0 1
159 391 0 1
160 391 0 1
161 391 0 1
162 391 0 1
168 391 0 1
171 391 0 1
179 391 0 1
135 392 0 1
141 392 0 1
142 392 0 1
143 392 0 1
150 392 0 1
151 392 0 1
152 392 0 1
156 392 0 1
157 392 0 1
159 392 0 1
161 392 0 1
167 392 0 1
168 392 0 1
171 392 0 1
182 392 0 1
123 393 0 1
124 393 0 1
125 393 0 1
142 393 0 1
143 393 0 1
150 393 0 1
151 393 0 1
156 393 0 1
157 393 0 1
159 393 0 1
167 393 0 1
168 393 0 1
182 393 0 1
130 394 0 1
135 394 0 1
136 394 0 1
140 394 0 1
141 394 0 1
144 394 0 1
149 394 0 1
151 394 0 1
152 394 0 1
154 394 0 1
160 394 0 1
161 394 0 1
162 394 0 1
168 394 0 1
170 394 0 1
171 394 0 1
179 394 0 1
98 395 0 1
101 395 0 1
102 395 0 1
103 395 0 1
107 395 0 1
108 395 0 1
111 395 0 1
112 395 0 1
114 395 0 1
117 395 0 1
121 395 0 1
122 395 0 1
126 395 0 1
130 395 0 1
131 395 0 1
134 395 0 1
135 395 0 1
136 395 0 1
140 395 0 1
141 395 0 1
142 395 0 1
144 395 0 1
152 395 0 1
154 395 0 1
160 395 0 1
161 395 0 1
162 395 0 1
168 395 0 1
171 395 0 1
173 395 0 1
176 395 0 1
179 395 0 1
67 396 0 1
70 396 0 1
74 396 0 1
75 396 0 1
84 396 0 1
96 396 0 1
100 396 0 1
101 396 0 1
105 396 0 1
107 396 0 1
108 396 0 1
109 396 0 1
111 396 0 1
113 396 0 1
114 396 0 1
120 396 0 1
123 396 0 1
124 396 0 1
125 396 0 1
142 396 0 1
143 396 0 1
157 396 0 1
182 396 0 1
184 396 0 1
188 396 0 1
196 396 0 1
71 397 0 1
73 397 0 1
97 397 0 1
99 397 0 1
102 397 0 1
104 397 0 1
110 397 0 1
112 397 0 1
115 397 0 1
116 397 0 1
117 397 0 1
126 397 0 1
127 397 0 1
128 397 0 1
130 397 0 1
131 397 0 1
133 397 0 1
134 397 0 1
136 397 0 1
137 397 0 1
138 397 0 1
139 397 0 1
140 397 0 1
144 397 0 1
145 397 0 1
160 397 0 1
162 397 0 1
163 397 0 1
165 397 0 1
170 397 0 1
172 397 0 1
173 397 0 1
174 397 0 1
175 397 0 1
176 397 0 1
178 397 0 1
179 397 0 1
180 397 0 1
181 397 0 1
189 397 0 1
190 397 0 1
192 397 0 1
193 397 0 1
195 397 0 1
97 398 0 1
98 398 0 1
99 398 0 1
102 398 0 1
104 398 0 1
110 398 0 1
112 398 0 1
116 398 0 1
117 398 0 1
126 398 0 1
127 398 0 1
130 398 0 1
131 398 0 1
133 398 0 1
134 398 0 1
136 398 0 1
137 398 0 1
139 398 0 1
140 398 0 1
144 398 0 1
145 398 0 1
160 398 0 1
162 398 0 1
165 398 0 1
172 398 0 1
173 398 0 1
175 398 0 1
176 398 0 1
179 398 0 1
180 398 0 1
181 398 0 1
190 398 0 1
192 398 0 1
193 398 0 1
97 399 0 1
98 399 0 1
99 399 0 1
102 399 0 1
112 399 0 1
116 399 0 1
117 399 0 1
126 399 0 1
130 399 0 1
131 399 0 1
133 399 0 1
134 399 0 1
136 399 0 1
137 399 0 1
139 399 0 1
140 399 0 1
141 399 0 1
144 399 0 1
145 399 0 1
160 399 0 1
162 399 0 1
172 399 0 1
173 399 0 1
176 399 0 1
179 399 0 1
181 399 0 1
189 399 0 1
190 399 0 1
192 399 0 1
193 399 0 1
98 400 0 1
101 400 0 1
103 400 0 1
105 400 0 1
107 400 0 1
108 400 0 1
111 400 0 1
112 400 0 1
114 400 0 1
117 400 0 1
121 400 0 1
122 400 0 1
124 400 0 1
125 400 0 1
130 400 0 1
135 400 0 1
141 400 0 1
142 400 0 1
143 400 0 1
156 400 0 1
157 400 0 1
159 400 0 1
161 400 0 1
168 400 0 1
182 400 0 1
186 400 0 1
194 400 0 1
97 401 0 1
99 401 0 1
102 401 0 1
104 401 0 1
110 401 0 1
115 401 0 1
116 401 0 1
117 401 0 1
126 401 0 1
127 401 0 1
128 401 0 1
130 401 0 1
131 401 0 1
133 401 0 1
134 401 0 1
136 401 0 1
137 401 0 1
138 401 0 1
139 401 0 1
140 401 0 1
144 401 0 1
145 401 0 1
160 401 0 1
162 401 0 1
163 401 0 1
164 401 0 1
165 401 0 1
169 401 0 1
170 401 0 1
172 401 0 1
173 401 0 1
174 401 0 1
175 401 0 1
176 401 0 1
178 401 0 1
179 401 0 1
180 401 0 1
181 401 0 1
190 401 0 1
97 402 0 1
99 402 0 1
102 402 0 1
104 402 0 1
106 402 0 1
110 402 0 1
115 402 0 1
116 402 0 1
126 402 0 1
127 402 0 1
128 402 0 1
129 402 0 1
131 402 0 1
133 402 0 1
134 402 0 1
136 402 0 1
137 402 0 1
138 402 0 1
139 402 0 1
140 402 0 1
144 402 0 1
145 402 0 1
153 402 0 1
154 402 0 1
158 402 0 1
160 402 0 1
162 402 0 1
163 402 0 1
164 402 0 1
165 402 0 1
169 402 0 1
170 402 0 1
172 402 0 1
173 402 0 1
174 402 0 1
175 402 0 1
176 402 0 1
177 402 0 1
178 402 0 1
179 402 0 1
180 402 0 1
181 402 0 1
98 403 0 1
101 403 0 1
102 403 0 1
103 403 0 1
112 403 0 1
117 403 0 1
122 403 0 1
126 403 0 1
130 403 0 1
131 403 0 1
135 403 0 1
136 403 0 1
140 403 0 1
141 403 0 1
144 403 0 1
160 403 0 1
161 403 0 1
171 403 0 1
176 403 0 1
179 403 0 1
99 404 0 1
102 404 0 1
104 404 0 1
112 404 0 1
116 404 0 1
117 404 0 1
126 404 0 1
127 404 0 1
130 404 0 1
131 404 0 1
133 404 0 1
134 404 0 1
136 404 0 1
137 404 0 1
139 404 0 1
140 404 0 1
141 404 0 1
144 404 0 1
145 404 0 1
154 404 0 1
160 404 0 1
162 404 0 1
163 404 0 1
165 404 0 1
169 404 0 1
170 404 0 1
171 404 0 1
172 404 0 1
173 404 0 1
175 404 0 1
176 404 0 1
178 404 0 1
179 404 0 1
180 404 0 1
181 404 0 1
190 404 0 1
101 405 0 1
103 405 0 1
105 405 0 1
107 405 0 1
108 405 0 1
109 405 0 1
111 405 0 1
113 405 0 1
114 405 0 1
121 405 0 1
122 405 0 1
123 405 0 1
124 405 0 1
125 405 0 1
135 405 0 1
142 405 0 1
143 405 0 1
156 405 0 1
157 405 0 1
159 405 0 1
167 405 0 1
168 405 0 1
182 405 0 1
98 406 0 1
101 406 0 1
102 406 0 1
103 406 0 1
107 406 0 1
108 406 0 1
111 406 0 1
112 406 0 1
114 406 0 1
117 406 0 1
121 406 0 1
122 406 0 1
130 406 0 1
131 406 0 1
135 406 0 1
141 406 0 1
142 406 0 1
161 406 0 1
168 406 0 1
171 406 0 1
101 407 0 1
103 407 0 1
105 407 0 1
107 407 0 1
108 407 0 1
111 407 0 1
114 407 0 1
121 407 0 1
122 407 0 1
124 407 0 1
125 407 0 1
135 407 0 1
141 407 0 1
142 407 0 1
143 407 0 1
156 407 0 1
157 407 0 1
159 407 0 1
161 407 0 1
167 407 0 1
168 407 0 1
182 407 0 1
66 408 0 1
67 408 0 1
70 408 0 1
74 408 0 1
75 408 0 1
78 408 0 1
79 408 0 1
81 408 0 1
82 408 0 1
84 408 0 1
95 408 0 1
96 408 0 1
100 408 0 1
101 408 0 1
103 408 0 1
105 408 0 1
107 408 0 1
108 408 0 1
109 408 0 1
111 408 0 1
113 408 0 1
114 408 0 1
120 408 0 1
121 408 0 1
122 408 0 1
124 408 0 1
125 408 0 1
182 408 0 1
184 408 0 1
185 408 0 1
186 408 0 1
188 408 0 1
194 408 0 1
196 408 0 1
61 409 0 1
62 409 0 1
63 409 0 1
64 409 0 1
65 409 0 1
69 409 0 1
71 409 0 1
73 409 0 1
76 409 0 1
77 409 0 1
83 409 0 1
94 409 0 1
97 409 0 1
98 409 0 1
99 409 0 1
102 409 0 1
112 409 0 1
116 409 0 1
117 409 0 1
126 409 0 1
130 409 0 1
131 409 0 1
173 409 0 1
176 409 0 1
179 409 0 1
187 409 0 1
189 409 0 1
190 409 0 1
191 409 0 1
192 409 0 1
193 409 0 1
195 409 0 1
66 410 0 1
67 410 0 1
70 410 0 1
74 410 0 1
75 410 0 1
78 410 0 1
79 410 0 1
81 410 0 1
82 410 0 1
84 410 0 1
87 410 0 1
93 410 0 1
95 410 0 1
96 410 0 1
100 410 0 1
101 410 0 1
105 410 0 1
107 410 0 1
108 410 0 1
109 410 0 1
111 410 0 1
113 410 0 1
114 410 0 1
120 410 0 1
121 410 0 1
122 410 0 1
124 410 0 1
125 410 0 1
184 410 0 1
185 410 0 1
186 410 0 1
188 410 0 1
194 410 0 1
196 410 0 1
61 411 0 1
62 411 0 1
63 411 0 1
64 411 0 1
65 411 0 1
69 411 0 1
71 411 0 1
73 411 0 1
76 411 0 1
77 411 0 1
83 411 0 1
94 411 0 1
97 411 0 1
98 411 0 1
99 411 0 1
102 411 0 1
104 411 0 1
112 411 0 1
116 411 0 1
117 411 0 1
126 411 0 1
130 411 0 1
131 411 0 1
176 411 0 1
189 411 0 1
190 411 0 1
191 411 0 1
192 411 0 1
193 411 0 1
195 411 0 1
57 412 0 1
58 412 0 1
59 412 0 1
60 412 0 1
68 412 0 1
71 412 0 1
72 412 0 1
97 412 0 1
104 412 0 1
106 412 0 1
110 412 0 1
115 412 0 1
116 412 0 1
118 412 0 1
119 412 0 1
127 412 0 1
128 412 0 1
129 412 0 1
172 412 0 1
174 412 0 1
175 412 0 1
177 412 0 1
178 412 0 1
180 412 0 1
183 412 0 1
195 412 0 1
60 413 0 1
61 413 0 1
62 413 0 1
63 413 0 1
69 413 0 1
71 413 0 1
72 413 0 1
73 413 0 1
76 413 0 1
83 413 0 1
97 413 0 1
99 413 0 1
102 413 0 1
104 413 0 1
110 413 0 1
115 413 0 1
116 413 0 1
117 413 0 1
126 413 0 1
127 413 0 1
128 413 0 1
131 413 0 1
136 413 0 1
137 413 0 1
172 413 0 1
173 413 0 1
175 413 0 1
176 413 0 1
178 413 0 1
179 413 0 1
180 413 0 1
181 413 0 1
183 413 0 1
189 413 0 1
190 413 0 1
191 413 0 1
192 413 0 1
193 413 0 1
195 413 0 1
56 414 0 1
58 414 0 1
59 414 0 1
60 414 0 1
68 414 0 1
71 414 0 1
72 414 0 1
97 414 0 1
99 414 0 1
104 414 0 1
106 414 0 1
110 414 0 1
115 414 0 1
116 414 0 1
118 414 0 1
119 414 0 1
126 414 0 1
127 414 0 1
128 414 0 1
129 414 0 1
138 414 0 1
172 414 0 1
173 414 0 1
174 414 0 1
175 414 0 1
176 414 0 1
177 414 0 1
178 414 0 1
180 414 0 1
181 414 0 1
183 414 0 1
190 414 0 1
193 414 0 1
195 414 0 1
67 415 0 1
70 415 0 1
74 415 0 1
75 415 0 1
81 415 0 1
84 415 0 1
93 415 0 1
96 415 0 1
100 415 0 1
105 415 0 1
108 415 0 1
109 415 0 1
111 415 0 1
113 415 0 1
114 415 0 1
120 415 0 1
123 415 0 1
124 415 0 1
125 415 0 1
182 415 0 1
184 415 0 1
188 415 0 1
196 415 0 1
63 416 0 1
64 416 0 1
65 416 0 1
66 416 0 1
67 416 0 1
69 416 0 1
73 416 0 1
78 416 0 1
80 416 0 1
98 416 0 1
101 416 0 1
102 416 0 1
103 416 0 1
107 416 0 1
108 416 0 1
111 416 0 1
112 416 0 1
114 416 0 1
117 416 0 1
121 416 0 1
122 416 0 1
130 416 0 1
131 416 0 1
185 416 0 1
186 416 0 1
187 416 0 1
189 416 0 1
191 416 0 1
192 416 0 1
194 416 0 1
