1 2 0 0
1 3 0 0
2 3 0 0
4 5 0 0
2 6 0 0
3 6 0 0
2 8 0 0
1 9 0 0
2 9 0 0
3 9 0 0
6 9 0 0
7 10 0 0
1 11 0 0
2 11 0 0
3 11 0 0
6 11 0 0
9 11 0 0
1 12 0 0
2 12 0 0
3 12 0 0
6 12 0 0
9 12 0 0
11 12 0 0
8 13 0 0
10 13 0 0
1 14 0 0
3 14 0 0
1 15 0 0
3 15 0 0
14 15 0 0
2 16 0 0
6 16 0 0
8 16 0 0
9 16 0 0
12 16 0 0
13 16 0 0
7 17 0 0
8 17 0 0
10 17 0 0
13 17 0 0
16 17 0 0
8 18 0 0
10 18 0 0
13 18 0 0
16 18 0 0
17 18 0 0
2 19 0 0
3 19 0 0
6 19 0 0
8 19 0 0
9 19 0 0
12 19 0 0
13 19 0 0
16 19 0 0
18 19 0 0
2 20 0 0
6 20 0 0
8 20 0 0
13 20 0 0
16 20 0 0
17 20 0 0
18 20 0 0
19 20 0 0
1 21 0 0
3 21 0 0
14 21 0 0
15 21 0 0
2 22 0 0
3 22 0 0
6 22 0 0
8 22 0 0
9 22 0 0
12 22 0 0
13 22 0 0
16 22 0 0
18 22 0 0
19 22 0 0
20 22 0 0
2 23 0 0
3 23 0 0
6 23 0 0
14 23 0 0
10 24 0 0
13 24 0 0
17 24 0 0
18 24 0 0
20 24 0 0
10 25 0 0
13 25 0 0
16 25 0 0
17 25 0 0
18 25 0 0
19 25 0 0
20 25 0 0
24 25 0 0
10 26 0 0
17 26 0 0
18 26 0 0
20 26 0 0
24 26 0 0
25 26 0 0
17 27 0 0
18 27 0 0
20 27 0 0
24 27 0 0
25 27 0 0
26 27 0 0
1 28 0 0
2 28 0 0
3 28 0 0
6 28 0 0
11 28 0 0
12 28 0 0
14 28 0 0
23 28 0 0
2 29 0 0
6 29 0 0
13 29 0 0
16 29 0 0
18 29 0 0
19 29 0 0
20 29 0 0
22 29 0 0
24 29 0 0
25 29 0 0
26 29 0 0
27 29 0 0
2 30 0 0
3 30 0 0
6 30 0 0
16 30 0 0
18 30 0 0
19 30 0 0
20 30 0 0
22 30 0 0
25 30 0 0
27 30 0 0
29 30 0 0
13 31 0 0
16 31 0 0
17 31 0 0
18 31 0 0
19 31 0 0
20 31 0 0
22 31 0 0
24 31 0 0
25 31 0 0
26 31 0 0
27 31 0 0
29 31 0 0
30 31 0 0
2 32 0 0
6 32 0 0
16 32 0 0
18 32 0 0
19 32 0 0
20 32 0 0
22 32 0 0
24 32 0 0
25 32 0 0
27 32 0 0
29 32 0 0
30 32 0 0
31 32 0 0
1 33 0 0
2 33 0 0
3 33 0 0
6 33 0 0
11 33 0 0
12 33 0 0
14 33 0 0
23 33 0 0
28 33 0 0
1 34 0 0
2 34 0 0
3 34 0 0
6 34 0 0
14 34 0 0
23 34 0 0
28 34 0 0
33 34 0 0
2 35 0 0
3 35 0 0
6 35 0 0
16 35 0 0
19 35 0 0
20 35 0 0
22 35 0 0
29 35 0 0
30 35 0 0
31 35 0 0
32 35 0 0
10 36 0 0
13 36 0 0
17 36 0 0
18 36 0 0
20 36 0 0
24 36 0 0
25 36 0 0
26 36 0 0
27 36 0 0
29 36 0 0
31 36 0 0
10 37 0 0
13 37 0 0
16 37 0 0
17 37 0 0
18 37 0 0
20 37 0 0
24 37 0 0
25 37 0 0
26 37 0 0
27 37 0 0
29 37 0 0
30 37 0 0
31 37 0 0
32 37 0 0
36 37 0 0
2 38 0 0
6 38 0 0
8 38 0 0
13 38 0 0
16 38 0 0
18 38 0 0
19 38 0 0
20 38 0 0
22 38 0 0
24 38 0 0
25 38 0 0
27 38 0 0
29 38 0 0
30 38 0 0
31 38 0 0
32 38 0 0
35 38 0 0
36 38 0 0
37 38 0 0
7 39 0 0
8 39 0 0
10 39 0 0
13 39 0 0
16 39 0 0
17 39 0 0
18 39 0 0
19 39 0 0
20 39 0 0
22 39 0 0
24 39 0 0
25 39 0 0
26 39 0 0
27 39 0 0
29 39 0 0
30 39 0 0
31 39 0 0
32 39 0 0
36 39 0 0
37 39 0 0
38 39 0 0
2 40 0 0
3 40 0 0
6 40 0 0
8 40 0 0
9 40 0 0
13 40 0 0
16 40 0 0
18 40 0 0
19 40 0 0
20 40 0 0
22 40 0 0
24 40 0 0
25 40 0 0
27 40 0 0
29 40 0 0
30 40 0 0
31 40 0 0
32 40 0 0
35 40 0 0
37 40 0 0
38 40 0 0
39 40 0 0
2 41 0 0
6 41 0 0
8 41 0 0
13 41 0 0
16 41 0 0
17 41 0 0
18 41 0 0
19 41 0 0
20 41 0 0
22 41 0 0
24 41 0 0
25 41 0 0
26 41 0 0
27 41 0 0
29 41 0 0
30 41 0 0
31 41 0 0
32 41 0 0
35 41 0 0
36 41 0 0
37 41 0 0
38 41 0 0
39 41 0 0
40 41 0 0
1 42 0 0
2 42 0 0
3 42 0 0
6 42 0 0
11 42 0 0
12 42 0 0
14 42 0 0
15 42 0 0
21 42 0 0
23 42 0 0
28 42 0 0
33 42 0 0
34 42 0 0
8 43 0 0
10 43 0 0
13 43 0 0
16 43 0 0
17 43 0 0
18 43 0 0
19 43 0 0
20 43 0 0
22 43 0 0
24 43 0 0
25 43 0 0
26 43 0 0
27 43 0 0
29 43 0 0
30 43 0 0
31 43 0 0
32 43 0 0
35 43 0 0
36 43 0 0
37 43 0 0
38 43 0 0
39 43 0 0
40 43 0 0
41 43 0 0
14 44 0 0
23 44 0 0
28 44 0 0
34 44 0 0
42 44 0 0
3 45 0 0
6 45 0 0
23 45 0 0
28 45 0 0
33 45 0 0
34 45 0 0
42 45 0 0
44 45 0 0
26 46 0 0
24 47 0 0
25 47 0 0
26 47 0 0
27 47 0 0
31 47 0 0
36 47 0 0
37 47 0 0
39 47 0 0
41 47 0 0
43 47 0 0
46 47 0 0
6 48 0 0
23 48 0 0
28 48 0 0
33 48 0 0
34 48 0 0
42 48 0 0
44 48 0 0
45 48 0 0
26 49 0 0
46 49 0 0
47 49 0 0
26 50 0 0
46 50 0 0
47 50 0 0
49 50 0 0
24 51 0 0
25 51 0 0
26 51 0 0
27 51 0 0
29 51 0 0
30 51 0 0
31 51 0 0
32 51 0 0
35 51 0 0
36 51 0 0
37 51 0 0
38 51 0 0
39 51 0 0
41 51 0 0
43 51 0 0
47 51 0 0
6 52 0 0
23 52 0 0
28 52 0 0
30 52 0 0
32 52 0 0
33 52 0 0
34 52 0 0
35 52 0 0
45 52 0 0
44 53 0 0
48 53 0 0
24 54 0 0
25 54 0 0
26 54 0 0
27 54 0 0
31 54 0 0
36 54 0 0
37 54 0 0
41 54 0 0
46 54 0 0
47 54 0 0
49 54 0 0
50 54 0 0
51 54 0 0
6 55 0 0
23 55 0 0
28 55 0 0
33 55 0 0
34 55 0 0
42 55 0 0
44 55 0 0
45 55 0 0
48 55 0 0
53 55 0 0
24 56 0 0
26 56 0 0
27 56 0 0
46 56 0 0
47 56 0 0
49 56 0 0
50 56 0 0
51 56 0 0
54 56 0 0
6 57 0 0
23 57 0 0
28 57 0 0
33 57 0 0
34 57 0 0
45 57 0 0
48 57 0 0
52 57 0 0
55 57 0 0
6 58 0 0
23 58 0 0
28 58 0 0
33 58 0 0
34 58 0 0
42 58 0 0
44 58 0 0
45 58 0 0
48 58 0 0
52 58 0 0
53 58 0 0
55 58 0 0
57 58 0 0
44 59 0 0
45 59 0 0
48 59 0 0
53 59 0 0
55 59 0 0
57 59 0 0
58 59 0 0
4 60 0 0
26 60 0 0
27 60 0 0
46 60 0 0
47 60 0 0
49 60 0 0
50 60 0 0
51 60 0 0
54 60 0 0
56 60 0 0
23 61 0 0
34 61 0 0
44 61 0 0
45 61 0 0
48 61 0 0
53 61 0 0
55 61 0 0
57 61 0 0
58 61 0 0
59 61 0 0
6 62 0 0
23 62 0 0
33 62 0 0
34 62 0 0
44 62 0 0
45 62 0 0
48 62 0 0
53 62 0 0
55 62 0 0
57 62 0 0
58 62 0 0
59 62 0 0
61 62 0 0
23 63 0 0
34 63 0 0
44 63 0 0
45 63 0 0
48 63 0 0
53 63 0 0
55 63 0 0
57 63 0 0
58 63 0 0
59 63 0 0
61 63 0 0
62 63 0 0
6 64 0 0
23 64 0 0
34 64 0 0
44 64 0 0
45 64 0 0
48 64 0 0
52 64 0 0
53 64 0 0
55 64 0 0
57 64 0 0
58 64 0 0
59 64 0 0
61 64 0 0
62 64 0 0
63 64 0 0
6 65 0 0
35 65 0 0
52 65 0 0
57 65 0 0
6 66 0 0
35 66 0 0
52 66 0 0
57 66 0 0
58 66 0 0
64 66 0 0
65 66 0 0
6 67 0 0
23 67 0 0
34 67 0 0
45 67 0 0
48 67 0 0
52 67 0 0
55 67 0 0
57 67 0 0
58 67 0 0
59 67 0 0
61 67 0 0
62 67 0 0
63 67 0 0
64 67 0 0
65 67 0 0
66 67 0 0
4 68 0 0
32 68 0 0
35 68 0 0
51 68 0 0
52 68 0 0
54 68 0 0
60 68 0 0
65 68 0 0
66 68 0 0
4 69 0 0
51 69 0 0
52 69 0 0
57 69 0 0
65 69 0 0
66 69 0 0
67 69 0 0
68 69 0 0
4 70 0 0
47 70 0 0
51 70 0 0
54 70 0 0
56 70 0 0
60 70 0 0
68 70 0 0
6 71 0 0
23 71 0 0
45 71 0 0
48 71 0 0
52 71 0 0
55 71 0 0
57 71 0 0
58 71 0 0
59 71 0 0
61 71 0 0
62 71 0 0
63 71 0 0
64 71 0 0
65 71 0 0
66 71 0 0
67 71 0 0
69 71 0 0
44 72 0 0
45 72 0 0
48 72 0 0
53 72 0 0
55 72 0 0
57 72 0 0
58 72 0 0
59 72 0 0
61 72 0 0
62 72 0 0
63 72 0 0
64 72 0 0
66 72 0 0
67 72 0 0
71 72 0 0
6 73 0 0
45 73 0 0
52 73 0 0
57 73 0 0
58 73 0 0
63 73 0 0
64 73 0 0
65 73 0 0
66 73 0 0
67 73 0 0
68 73 0 0
69 73 0 0
71 73 0 0
72 73 0 0
4 74 0 0
31 74 0 0
47 74 0 0
51 74 0 0
54 74 0 0
56 74 0 0
60 74 0 0
65 74 0 0
66 74 0 0
68 74 0 0
69 74 0 0
70 74 0 0
6 75 0 0
23 75 0 0
45 75 0 0
52 75 0 0
55 75 0 0
57 75 0 0
58 75 0 0
62 75 0 0
63 75 0 0
64 75 0 0
65 75 0 0
66 75 0 0
67 75 0 0
69 75 0 0
71 75 0 0
72 75 0 0
73 75 0 0
4 76 0 0
51 76 0 0
54 76 0 0
60 76 0 0
68 76 0 0
69 76 0 0
70 76 0 0
74 76 0 0
59 77 0 0
63 77 0 0
72 77 0 0
59 78 0 0
63 78 0 0
64 78 0 0
67 78 0 0
71 78 0 0
72 78 0 0
75 78 0 0
77 78 0 0
66 79 0 0
67 79 0 0
69 79 0 0
71 79 0 0
73 79 0 0
75 79 0 0
78 79 0 0
55 80 0 0
57 80 0 0
58 80 0 0
59 80 0 0
61 80 0 0
62 80 0 0
63 80 0 0
64 80 0 0
67 80 0 0
71 80 0 0
72 80 0 0
73 80 0 0
75 80 0 0
77 80 0 0
78 80 0 0
79 80 0 0
4 81 0 0
65 81 0 0
66 81 0 0
68 81 0 0
69 81 0 0
71 81 0 0
73 81 0 0
74 81 0 0
75 81 0 0
79 81 0 0
59 82 0 0
63 82 0 0
64 82 0 0
67 82 0 0
71 82 0 0
72 82 0 0
73 82 0 0
75 82 0 0
77 82 0 0
78 82 0 0
79 82 0 0
80 82 0 0
81 82 0 0
66 83 0 0
67 83 0 0
69 83 0 0
71 83 0 0
72 83 0 0
73 83 0 0
75 83 0 0
78 83 0 0
79 83 0 0
80 83 0 0
81 83 0 0
82 83 0 0
4 85 0 0
5 85 0 0
76 85 0 0
81 85 0 0
4 86 0 0
5 86 0 0
69 86 0 0
79 86 0 0
81 86 0 0
83 86 0 0
85 86 0 0
4 87 0 0
76 87 0 0
84 87 0 0
85 87 0 0
4 88 0 0
5 88 0 0
69 88 0 0
76 88 0 0
79 88 0 0
81 88 0 0
83 88 0 0
85 88 0 0
86 88 0 0
87 88 0 0
84 89 0 0
87 89 0 0
4 90 0 0
60 90 0 0
84 90 0 0
87 90 0 0
89 90 0 0
4 91 0 0
60 91 0 0
76 91 0 0
84 91 0 0
87 91 0 0
89 91 0 0
90 91 0 0
4 92 0 0
60 92 0 0
84 92 0 0
87 92 0 0
89 92 0 0
90 92 0 0
91 92 0 0
4 93 0 0
5 93 0 0
69 93 0 0
73 93 0 0
76 93 0 0
79 93 0 0
81 93 0 0
83 93 0 0
85 93 0 0
86 93 0 0
88 93 0 0
5 94 0 0
78 94 0 0
79 94 0 0
83 94 0 0
86 94 0 0
88 94 0 0
93 94 0 0
4 95 0 0
85 95 0 0
87 95 0 0
89 95 0 0
91 95 0 0
92 95 0 0
4 96 0 0
85 96 0 0
87 96 0 0
88 96 0 0
89 96 0 0
91 96 0 0
92 96 0 0
95 96 0 0
89 97 0 0
95 97 0 0
96 97 0 0
98 99 0 0
5 100 0 0
94 100 0 0
98 100 0 0
99 100 0 0
98 101 0 0
99 101 0 0
100 101 0 0
5 102 0 0
78 102 0 0
94 102 0 0
98 102 0 0
99 102 0 0
100 102 0 0
101 102 0 0
4 103 0 0
85 103 0 0
87 103 0 0
95 103 0 0
96 103 0 0
97 103 0 0
5 104 0 0
94 104 0 0
98 104 0 0
99 104 0 0
100 104 0 0
101 104 0 0
102 104 0 0
5 105 0 0
85 105 0 0
88 105 0 0
94 105 0 0
5 106 0 0
94 106 0 0
99 106 0 0
100 106 0 0
102 106 0 0
104 106 0 0
105 106 0 0
4 107 0 0
5 107 0 0
78 107 0 0
79 107 0 0
81 107 0 0
82 107 0 0
83 107 0 0
85 107 0 0
86 107 0 0
88 107 0 0
93 107 0 0
94 107 0 0
100 107 0 0
102 107 0 0
105 107 0 0
106 107 0 0
84 108 0 0
87 108 0 0
89 108 0 0
90 108 0 0
91 108 0 0
92 108 0 0
95 108 0 0
96 108 0 0
97 108 0 0
103 108 0 0
4 109 0 0
5 109 0 0
76 109 0 0
81 109 0 0
85 109 0 0
86 109 0 0
87 109 0 0
88 109 0 0
93 109 0 0
96 109 0 0
103 109 0 0
105 109 0 0
107 109 0 0
4 110 0 0
5 110 0 0
76 110 0 0
81 110 0 0
85 110 0 0
86 110 0 0
87 110 0 0
88 110 0 0
93 110 0 0
95 110 0 0
96 110 0 0
103 110 0 0
105 110 0 0
109 110 0 0
4 111 0 0
5 111 0 0
79 111 0 0
81 111 0 0
85 111 0 0
86 111 0 0
88 111 0 0
93 111 0 0
94 111 0 0
96 111 0 0
105 111 0 0
107 111 0 0
109 111 0 0
110 111 0 0
4 112 0 0
5 112 0 0
76 112 0 0
85 112 0 0
87 112 0 0
88 112 0 0
93 112 0 0
95 112 0 0
96 112 0 0
103 112 0 0
105 112 0 0
109 112 0 0
110 112 0 0
111 112 0 0
4 113 0 0
47 113 0 0
50 113 0 0
51 113 0 0
54 113 0 0
56 113 0 0
60 113 0 0
68 113 0 0
70 113 0 0
74 113 0 0
76 113 0 0
87 113 0 0
90 113 0 0
91 113 0 0
92 113 0 0
4 114 0 0
47 114 0 0
51 114 0 0
54 114 0 0
56 114 0 0
60 114 0 0
68 114 0 0
69 114 0 0
70 114 0 0
74 114 0 0
76 114 0 0
81 114 0 0
87 114 0 0
88 114 0 0
93 114 0 0
113 114 0 0
45 115 0 0
48 115 0 0
52 115 0 0
55 115 0 0
57 115 0 0
58 115 0 0
59 115 0 0
61 115 0 0
62 115 0 0
63 115 0 0
64 115 0 0
65 115 0 0
66 115 0 0
67 115 0 0
69 115 0 0
71 115 0 0
72 115 0 0
73 115 0 0
75 115 0 0
77 115 0 0
78 115 0 0
79 115 0 0
80 115 0 0
81 115 0 0
82 115 0 0
83 115 0 0
86 115 0 0
88 115 0 0
93 115 0 0
107 115 0 0
4 116 0 0
51 116 0 0
52 116 0 0
65 116 0 0
66 116 0 0
68 116 0 0
69 116 0 0
73 116 0 0
74 116 0 0
75 116 0 0
76 116 0 0
79 116 0 0
81 116 0 0
83 116 0 0
86 116 0 0
88 116 0 0
93 116 0 0
114 116 0 0
115 116 0 0
4 117 0 0
52 117 0 0
57 117 0 0
65 117 0 0
66 117 0 0
67 117 0 0
68 117 0 0
69 117 0 0
71 117 0 0
73 117 0 0
74 117 0 0
75 117 0 0
79 117 0 0
81 117 0 0
82 117 0 0
83 117 0 0
86 117 0 0
88 117 0 0
93 117 0 0
114 117 0 0
115 117 0 0
116 117 0 0
26 118 0 0
36 118 0 0
39 118 0 0
46 118 0 0
47 118 0 0
49 118 0 0
50 118 0 0
56 118 0 0
60 118 0 0
2 119 0 0
3 119 0 0
6 119 0 0
22 119 0 0
23 119 0 0
28 119 0 0
29 119 0 0
30 119 0 0
32 119 0 0
33 119 0 0
34 119 0 0
35 119 0 0
38 119 0 0
40 119 0 0
41 119 0 0
52 119 0 0
57 119 0 0
65 119 0 0
66 119 0 0
68 119 0 0
69 119 0 0
73 119 0 0
75 119 0 0
24 120 0 0
25 120 0 0
26 120 0 0
27 120 0 0
29 120 0 0
31 120 0 0
32 120 0 0
36 120 0 0
37 120 0 0
39 120 0 0
41 120 0 0
43 120 0 0
46 120 0 0
47 120 0 0
50 120 0 0
51 120 0 0
54 120 0 0
56 120 0 0
60 120 0 0
70 120 0 0
74 120 0 0
113 120 0 0
118 120 0 0
3 121 0 0
6 121 0 0
14 121 0 0
23 121 0 0
28 121 0 0
33 121 0 0
34 121 0 0
42 121 0 0
44 121 0 0
45 121 0 0
48 121 0 0
52 121 0 0
53 121 0 0
55 121 0 0
57 121 0 0
58 121 0 0
59 121 0 0
61 121 0 0
62 121 0 0
63 121 0 0
64 121 0 0
67 121 0 0
71 121 0 0
72 121 0 0
75 121 0 0
115 121 0 0
20 122 0 0
24 122 0 0
25 122 0 0
26 122 0 0
27 122 0 0
29 122 0 0
30 122 0 0
31 122 0 0
32 122 0 0
35 122 0 0
36 122 0 0
37 122 0 0
38 122 0 0
39 122 0 0
40 122 0 0
41 122 0 0
43 122 0 0
47 122 0 0
51 122 0 0
54 122 0 0
56 122 0 0
60 122 0 0
68 122 0 0
70 122 0 0
74 122 0 0
113 122 0 0
114 122 0 0
119 122 0 0
120 122 0 0
59 123 0 1
77 123 0 1
78 123 0 1
80 123 0 1
82 123 0 1
83 123 0 1
98 123 0 1
99 123 0 1
101 123 0 1
102 123 0 1
104 123 0 1
115 123 0 1
8 124 0 1
10 124 0 1
13 124 0 1
16 124 0 1
17 124 0 1
18 124 0 1
19 124 0 1
20 124 0 1
24 124 0 1
25 124 0 1
36 124 0 1
37 124 0 1
39 124 0 1
40 124 0 1
41 124 0 1
43 124 0 1
2 125 0 1
6 125 0 1
8 125 0 1
9 125 0 1
12 125 0 1
13 125 0 1
16 125 0 1
18 125 0 1
19 125 0 1
20 125 0 1
22 125 0 1
29 125 0 1
38 125 0 1
39 125 0 1
40 125 0 1
41 125 0 1
43 125 0 1
7 126 0 1
8 126 0 1
10 126 0 1
13 126 0 1
17 126 0 1
18 126 0 1
20 126 0 1
36 126 0 1
37 126 0 1
39 126 0 1
43 126 0 1
7 127 0 1
10 127 0 1
13 127 0 1
17 127 0 1
18 127 0 1
24 127 0 1
36 127 0 1
37 127 0 1
39 127 0 1
43 127 0 1
2 128 0 1
3 128 0 1
6 128 0 1
8 128 0 1
9 128 0 1
12 128 0 1
13 128 0 1
16 128 0 1
18 128 0 1
19 128 0 1
20 128 0 1
22 128 0 1
29 128 0 1
30 128 0 1
32 128 0 1
35 128 0 1
38 128 0 1
39 128 0 1
40 128 0 1
41 128 0 1
43 128 0 1
7 129 0 1
10 129 0 1
13 129 0 1
17 129 0 1
18 129 0 1
24 129 0 1
26 129 0 1
36 129 0 1
37 129 0 1
39 129 0 1
7 130 0 1
8 130 0 1
10 130 0 1
13 130 0 1
16 130 0 1
17 130 0 1
18 130 0 1
20 130 0 1
24 130 0 1
25 130 0 1
26 130 0 1
27 130 0 1
36 130 0 1
37 130 0 1
39 130 0 1
41 130 0 1
43 130 0 1
1 131 0 1
3 131 0 1
14 131 0 1
15 131 0 1
21 131 0 1
42 131 0 1
7 132 0 1
10 132 0 1
13 132 0 1
17 132 0 1
18 132 0 1
20 132 0 1
24 132 0 1
25 132 0 1
26 132 0 1
27 132 0 1
31 132 0 1
36 132 0 1
37 132 0 1
39 132 0 1
41 132 0 1
43 132 0 1
118 132 0 1
120 132 0 1
7 133 0 1
10 133 0 1
17 133 0 1
26 133 0 1
36 133 0 1
39 133 0 1
118 133 0 1
7 134 0 1
10 134 0 1
17 134 0 1
24 134 0 1
26 134 0 1
36 134 0 1
37 134 0 1
39 134 0 1
2 135 0 1
3 135 0 1
6 135 0 1
8 135 0 1
9 135 0 1
11 135 0 1
12 135 0 1
13 135 0 1
16 135 0 1
18 135 0 1
19 135 0 1
20 135 0 1
22 135 0 1
29 135 0 1
30 135 0 1
32 135 0 1
35 135 0 1
38 135 0 1
39 135 0 1
40 135 0 1
41 135 0 1
43 135 0 1
119 135 0 1
13 136 0 1
16 136 0 1
17 136 0 1
18 136 0 1
19 136 0 1
20 136 0 1
24 136 0 1
25 136 0 1
26 136 0 1
27 136 0 1
29 136 0 1
30 136 0 1
31 136 0 1
32 136 0 1
35 136 0 1
36 136 0 1
37 136 0 1
38 136 0 1
39 136 0 1
40 136 0 1
41 136 0 1
43 136 0 1
47 136 0 1
51 136 0 1
54 136 0 1
56 136 0 1
60 136 0 1
74 136 0 1
120 136 0 1
122 136 0 1
2 137 0 1
3 137 0 1
6 137 0 1
12 137 0 1
16 137 0 1
19 137 0 1
22 137 0 1
23 137 0 1
28 137 0 1
29 137 0 1
30 137 0 1
32 137 0 1
33 137 0 1
34 137 0 1
35 137 0 1
38 137 0 1
40 137 0 1
41 137 0 1
52 137 0 1
119 137 0 1
122 137 0 1
7 138 0 1
10 138 0 1
13 138 0 1
17 138 0 1
18 138 0 1
24 138 0 1
25 138 0 1
26 138 0 1
27 138 0 1
31 138 0 1
36 138 0 1
37 138 0 1
39 138 0 1
41 138 0 1
43 138 0 1
46 138 0 1
49 138 0 1
50 138 0 1
118 138 0 1
120 138 0 1
1 139 0 1
3 139 0 1
6 139 0 1
11 139 0 1
12 139 0 1
14 139 0 1
15 139 0 1
21 139 0 1
23 139 0 1
28 139 0 1
33 139 0 1
34 139 0 1
42 139 0 1
44 139 0 1
45 139 0 1
48 139 0 1
55 139 0 1
121 139 0 1
1 140 0 1
2 140 0 1
3 140 0 1
6 140 0 1
9 140 0 1
11 140 0 1
12 140 0 1
14 140 0 1
21 140 0 1
23 140 0 1
28 140 0 1
33 140 0 1
34 140 0 1
42 140 0 1
45 140 0 1
48 140 0 1
121 140 0 1
7 141 0 1
10 141 0 1
17 141 0 1
24 141 0 1
25 141 0 1
26 141 0 1
27 141 0 1
36 141 0 1
37 141 0 1
39 141 0 1
43 141 0 1
46 141 0 1
47 141 0 1
49 141 0 1
50 141 0 1
118 141 0 1
120 141 0 1
24 142 0 1
25 142 0 1
26 142 0 1
27 142 0 1
31 142 0 1
36 142 0 1
37 142 0 1
39 142 0 1
41 142 0 1
43 142 0 1
46 142 0 1
47 142 0 1
49 142 0 1
50 142 0 1
51 142 0 1
54 142 0 1
56 142 0 1
60 142 0 1
70 142 0 1
74 142 0 1
113 142 0 1
114 142 0 1
118 142 0 1
120 142 0 1
122 142 0 1
6 143 0 1
25 143 0 1
27 143 0 1
29 143 0 1
30 143 0 1
31 143 0 1
32 143 0 1
35 143 0 1
38 143 0 1
40 143 0 1
41 143 0 1
43 143 0 1
51 143 0 1
52 143 0 1
54 143 0 1
65 143 0 1
66 143 0 1
68 143 0 1
69 143 0 1
70 143 0 1
73 143 0 1
74 143 0 1
114 143 0 1
116 143 0 1
117 143 0 1
119 143 0 1
120 143 0 1
122 143 0 1
14 144 0 1
15 144 0 1
21 144 0 1
23 144 0 1
28 144 0 1
33 144 0 1
34 144 0 1
42 144 0 1
44 144 0 1
45 144 0 1
48 144 0 1
53 144 0 1
55 144 0 1
58 144 0 1
59 144 0 1
61 144 0 1
62 144 0 1
63 144 0 1
64 144 0 1
72 144 0 1
121 144 0 1
24 145 0 1
25 145 0 1
26 145 0 1
27 145 0 1
31 145 0 1
36 145 0 1
37 145 0 1
39 145 0 1
41 145 0 1
43 145 0 1
46 145 0 1
47 145 0 1
49 145 0 1
50 145 0 1
51 145 0 1
54 145 0 1
56 145 0 1
60 145 0 1
70 145 0 1
74 145 0 1
113 145 0 1
118 145 0 1
120 145 0 1
122 145 0 1
24 146 0 1
25 146 0 1
26 146 0 1
27 146 0 1
31 146 0 1
36 146 0 1
37 146 0 1
39 146 0 1
41 146 0 1
43 146 0 1
46 146 0 1
47 146 0 1
49 146 0 1
50 146 0 1
51 146 0 1
54 146 0 1
56 146 0 1
60 146 0 1
70 146 0 1
74 146 0 1
113 146 0 1
118 146 0 1
120 146 0 1
122 146 0 1
26 147 0 1
46 147 0 1
47 147 0 1
49 147 0 1
50 147 0 1
54 147 0 1
56 147 0 1
60 147 0 1
118 147 0 1
120 147 0 1
24 148 0 1
26 148 0 1
27 148 0 1
36 148 0 1
39 148 0 1
46 148 0 1
47 148 0 1
49 148 0 1
50 148 0 1
54 148 0 1
56 148 0 1
60 148 0 1
118 148 0 1
120 148 0 1
14 149 0 1
15 149 0 1
21 149 0 1
42 149 0 1
44 149 0 1
45 149 0 1
48 149 0 1
53 149 0 1
55 149 0 1
58 149 0 1
59 149 0 1
61 149 0 1
62 149 0 1
63 149 0 1
64 149 0 1
121 149 0 1
2 150 0 1
3 150 0 1
6 150 0 1
23 150 0 1
28 150 0 1
30 150 0 1
32 150 0 1
33 150 0 1
34 150 0 1
35 150 0 1
38 150 0 1
40 150 0 1
42 150 0 1
45 150 0 1
52 150 0 1
57 150 0 1
58 150 0 1
64 150 0 1
65 150 0 1
66 150 0 1
67 150 0 1
69 150 0 1
71 150 0 1
73 150 0 1
75 150 0 1
115 150 0 1
117 150 0 1
119 150 0 1
121 150 0 1
6 151 0 1
24 151 0 1
25 151 0 1
26 151 0 1
27 151 0 1
29 151 0 1
30 151 0 1
31 151 0 1
32 151 0 1
35 151 0 1
36 151 0 1
37 151 0 1
38 151 0 1
39 151 0 1
40 151 0 1
41 151 0 1
43 151 0 1
47 151 0 1
51 151 0 1
52 151 0 1
54 151 0 1
60 151 0 1
65 151 0 1
66 151 0 1
68 151 0 1
69 151 0 1
70 151 0 1
74 151 0 1
113 151 0 1
114 151 0 1
116 151 0 1
119 151 0 1
120 151 0 1
122 151 0 1
6 152 0 1
29 152 0 1
30 152 0 1
31 152 0 1
32 152 0 1
35 152 0 1
38 152 0 1
40 152 0 1
41 152 0 1
51 152 0 1
52 152 0 1
57 152 0 1
65 152 0 1
66 152 0 1
68 152 0 1
69 152 0 1
73 152 0 1
74 152 0 1
75 152 0 1
116 152 0 1
117 152 0 1
119 152 0 1
122 152 0 1
3 153 0 1
6 153 0 1
23 153 0 1
28 153 0 1
33 153 0 1
34 153 0 1
35 153 0 1
42 153 0 1
45 153 0 1
48 153 0 1
52 153 0 1
55 153 0 1
57 153 0 1
58 153 0 1
61 153 0 1
62 153 0 1
63 153 0 1
64 153 0 1
65 153 0 1
66 153 0 1
67 153 0 1
71 153 0 1
72 153 0 1
73 153 0 1
75 153 0 1
115 153 0 1
119 153 0 1
121 153 0 1
1 154 0 1
3 154 0 1
6 154 0 1
14 154 0 1
15 154 0 1
21 154 0 1
23 154 0 1
28 154 0 1
33 154 0 1
34 154 0 1
42 154 0 1
44 154 0 1
45 154 0 1
48 154 0 1
53 154 0 1
55 154 0 1
58 154 0 1
59 154 0 1
61 154 0 1
62 154 0 1
63 154 0 1
121 154 0 1
7 155 0 1
10 155 0 1
17 155 0 1
18 155 0 1
24 155 0 1
25 155 0 1
26 155 0 1
27 155 0 1
31 155 0 1
36 155 0 1
37 155 0 1
39 155 0 1
41 155 0 1
43 155 0 1
46 155 0 1
47 155 0 1
49 155 0 1
50 155 0 1
51 155 0 1
54 155 0 1
56 155 0 1
60 155 0 1
113 155 0 1
118 155 0 1
120 155 0 1
122 155 0 1
2 156 0 1
6 156 0 1
16 156 0 1
19 156 0 1
20 156 0 1
22 156 0 1
25 156 0 1
27 156 0 1
29 156 0 1
30 156 0 1
31 156 0 1
32 156 0 1
35 156 0 1
37 156 0 1
38 156 0 1
39 156 0 1
40 156 0 1
41 156 0 1
43 156 0 1
51 156 0 1
52 156 0 1
65 156 0 1
119 156 0 1
122 156 0 1
2 157 0 1
6 157 0 1
16 157 0 1
18 157 0 1
19 157 0 1
20 157 0 1
22 157 0 1
24 157 0 1
25 157 0 1
26 157 0 1
27 157 0 1
29 157 0 1
30 157 0 1
31 157 0 1
32 157 0 1
35 157 0 1
36 157 0 1
37 157 0 1
38 157 0 1
39 157 0 1
40 157 0 1
41 157 0 1
43 157 0 1
51 157 0 1
52 157 0 1
54 157 0 1
68 157 0 1
74 157 0 1
119 157 0 1
120 157 0 1
122 157 0 1
26 158 0 1
36 158 0 1
39 158 0 1
46 158 0 1
47 158 0 1
49 158 0 1
50 158 0 1
56 158 0 1
60 158 0 1
118 158 0 1
1 159 0 1
3 159 0 1
6 159 0 1
14 159 0 1
15 159 0 1
21 159 0 1
23 159 0 1
28 159 0 1
33 159 0 1
34 159 0 1
42 159 0 1
44 159 0 1
45 159 0 1
48 159 0 1
53 159 0 1
55 159 0 1
57 159 0 1
58 159 0 1
59 159 0 1
61 159 0 1
62 159 0 1
63 159 0 1
64 159 0 1
121 159 0 1
24 160 0 1
25 160 0 1
26 160 0 1
27 160 0 1
31 160 0 1
36 160 0 1
37 160 0 1
39 160 0 1
41 160 0 1
43 160 0 1
46 160 0 1
47 160 0 1
49 160 0 1
50 160 0 1
51 160 0 1
54 160 0 1
56 160 0 1
60 160 0 1
118 160 0 1
120 160 0 1
122 160 0 1
6 161 0 1
16 161 0 1
19 161 0 1
20 161 0 1
22 161 0 1
24 161 0 1
25 161 0 1
26 161 0 1
27 161 0 1
29 161 0 1
30 161 0 1
31 161 0 1
32 161 0 1
35 161 0 1
36 161 0 1
37 161 0 1
38 161 0 1
39 161 0 1
40 161 0 1
41 161 0 1
43 161 0 1
47 161 0 1
51 161 0 1
52 161 0 1
54 161 0 1
68 161 0 1
74 161 0 1
119 161 0 1
120 161 0 1
122 161 0 1
1 162 0 1
3 162 0 1
6 162 0 1
14 162 0 1
15 162 0 1
21 162 0 1
23 162 0 1
28 162 0 1
33 162 0 1
34 162 0 1
42 162 0 1
44 162 0 1
45 162 0 1
48 162 0 1
53 162 0 1
55 162 0 1
57 162 0 1
58 162 0 1
59 162 0 1
61 162 0 1
62 162 0 1
63 162 0 1
64 162 0 1
67 162 0 1
71 162 0 1
72 162 0 1
75 162 0 1
115 162 0 1
121 162 0 1
18 163 0 1
20 163 0 1
24 163 0 1
25 163 0 1
26 163 0 1
27 163 0 1
29 163 0 1
30 163 0 1
31 163 0 1
32 163 0 1
35 163 0 1
36 163 0 1
37 163 0 1
38 163 0 1
39 163 0 1
40 163 0 1
41 163 0 1
43 163 0 1
47 163 0 1
51 163 0 1
54 163 0 1
56 163 0 1
60 163 0 1
68 163 0 1
70 163 0 1
74 163 0 1
113 163 0 1
120 163 0 1
122 163 0 1
46 164 0 1
47 164 0 1
49 164 0 1
50 164 0 1
54 164 0 1
56 164 0 1
60 164 0 1
84 164 0 1
89 164 0 1
90 164 0 1
91 164 0 1
92 164 0 1
113 164 0 1
118 164 0 1
46 165 0 1
47 165 0 1
49 165 0 1
50 165 0 1
54 165 0 1
56 165 0 1
60 165 0 1
70 165 0 1
74 165 0 1
90 165 0 1
91 165 0 1
92 165 0 1
113 165 0 1
118 165 0 1
120 165 0 1
46 166 0 1
47 166 0 1
49 166 0 1
50 166 0 1
54 166 0 1
56 166 0 1
60 166 0 1
70 166 0 1
84 166 0 1
90 166 0 1
91 166 0 1
92 166 0 1
113 166 0 1
118 166 0 1
46 167 0 1
47 167 0 1
49 167 0 1
50 167 0 1
54 167 0 1
56 167 0 1
60 167 0 1
70 167 0 1
74 167 0 1
84 167 0 1
90 167 0 1
91 167 0 1
92 167 0 1
113 167 0 1
118 167 0 1
120 167 0 1
44 168 0 1
48 168 0 1
53 168 0 1
55 168 0 1
59 168 0 1
61 168 0 1
62 168 0 1
63 168 0 1
64 168 0 1
72 168 0 1
77 168 0 1
115 168 0 1
4 169 0 1
51 169 0 1
52 169 0 1
54 169 0 1
65 169 0 1
66 169 0 1
68 169 0 1
69 169 0 1
70 169 0 1
73 169 0 1
74 169 0 1
75 169 0 1
76 169 0 1
81 169 0 1
93 169 0 1
113 169 0 1
114 169 0 1
115 169 0 1
116 169 0 1
117 169 0 1
122 169 0 1
4 170 0 1
51 170 0 1
52 170 0 1
54 170 0 1
65 170 0 1
66 170 0 1
68 170 0 1
69 170 0 1
70 170 0 1
73 170 0 1
74 170 0 1
75 170 0 1
76 170 0 1
81 170 0 1
86 170 0 1
88 170 0 1
93 170 0 1
113 170 0 1
114 170 0 1
115 170 0 1
116 170 0 1
117 170 0 1
122 170 0 1
46 171 0 1
47 171 0 1
49 171 0 1
50 171 0 1
54 171 0 1
56 171 0 1
60 171 0 1
84 171 0 1
89 171 0 1
90 171 0 1
91 171 0 1
92 171 0 1
113 171 0 1
4 172 0 1
52 172 0 1
57 172 0 1
65 172 0 1
66 172 0 1
68 172 0 1
69 172 0 1
71 172 0 1
73 172 0 1
74 172 0 1
75 172 0 1
76 172 0 1
79 172 0 1
81 172 0 1
83 172 0 1
85 172 0 1
86 172 0 1
88 172 0 1
93 172 0 1
114 172 0 1
115 172 0 1
116 172 0 1
117 172 0 1
4 173 0 1
51 173 0 1
54 173 0 1
65 173 0 1
66 173 0 1
68 173 0 1
69 173 0 1
70 173 0 1
73 173 0 1
74 173 0 1
76 173 0 1
81 173 0 1
85 173 0 1
86 173 0 1
88 173 0 1
93 173 0 1
113 173 0 1
114 173 0 1
115 173 0 1
116 173 0 1
117 173 0 1
44 174 0 1
48 174 0 1
53 174 0 1
55 174 0 1
57 174 0 1
58 174 0 1
59 174 0 1
61 174 0 1
62 174 0 1
63 174 0 1
64 174 0 1
67 174 0 1
71 174 0 1
72 174 0 1
77 174 0 1
78 174 0 1
80 174 0 1
82 174 0 1
115 174 0 1
44 175 0 1
45 175 0 1
48 175 0 1
53 175 0 1
55 175 0 1
57 175 0 1
58 175 0 1
59 175 0 1
61 175 0 1
62 175 0 1
63 175 0 1
64 175 0 1
67 175 0 1
71 175 0 1
72 175 0 1
75 175 0 1
77 175 0 1
78 175 0 1
80 175 0 1
82 175 0 1
83 175 0 1
115 175 0 1
46 176 0 1
49 176 0 1
50 176 0 1
56 176 0 1
60 176 0 1
84 176 0 1
89 176 0 1
90 176 0 1
91 176 0 1
92 176 0 1
113 176 0 1
46 177 0 1
47 177 0 1
49 177 0 1
50 177 0 1
54 177 0 1
56 177 0 1
60 177 0 1
70 177 0 1
84 177 0 1
87 177 0 1
89 177 0 1
90 177 0 1
91 177 0 1
92 177 0 1
113 177 0 1
4 178 0 1
47 178 0 1
51 178 0 1
54 178 0 1
56 178 0 1
60 178 0 1
68 178 0 1
70 178 0 1
74 178 0 1
76 178 0 1
85 178 0 1
87 178 0 1
89 178 0 1
90 178 0 1
91 178 0 1
92 178 0 1
110 178 0 1
113 178 0 1
114 178 0 1
44 179 0 1
48 179 0 1
53 179 0 1
55 179 0 1
57 179 0 1
58 179 0 1
59 179 0 1
61 179 0 1
62 179 0 1
63 179 0 1
64 179 0 1
67 179 0 1
71 179 0 1
72 179 0 1
77 179 0 1
78 179 0 1
80 179 0 1
82 179 0 1
83 179 0 1
115 179 0 1
44 180 0 1
48 180 0 1
53 180 0 1
55 180 0 1
58 180 0 1
59 180 0 1
61 180 0 1
62 180 0 1
63 180 0 1
64 180 0 1
67 180 0 1
71 180 0 1
72 180 0 1
77 180 0 1
78 180 0 1
80 180 0 1
82 180 0 1
115 180 0 1
44 181 0 1
48 181 0 1
53 181 0 1
55 181 0 1
57 181 0 1
58 181 0 1
59 181 0 1
61 181 0 1
62 181 0 1
63 181 0 1
64 181 0 1
67 181 0 1
71 181 0 1
72 181 0 1
75 181 0 1
77 181 0 1
78 181 0 1
79 181 0 1
80 181 0 1
82 181 0 1
83 181 0 1
115 181 0 1
4 182 0 1
51 182 0 1
54 182 0 1
65 182 0 1
66 182 0 1
68 182 0 1
69 182 0 1
70 182 0 1
73 182 0 1
74 182 0 1
76 182 0 1
81 182 0 1
85 182 0 1
86 182 0 1
87 182 0 1
88 182 0 1
93 182 0 1
109 182 0 1
110 182 0 1
113 182 0 1
114 182 0 1
116 182 0 1
117 182 0 1
4 183 0 1
47 183 0 1
54 183 0 1
56 183 0 1
60 183 0 1
70 183 0 1
74 183 0 1
76 183 0 1
84 183 0 1
87 183 0 1
89 183 0 1
90 183 0 1
91 183 0 1
92 183 0 1
113 183 0 1
114 183 0 1
52 184 0 1
57 184 0 1
58 184 0 1
64 184 0 1
65 184 0 1
66 184 0 1
67 184 0 1
68 184 0 1
69 184 0 1
71 184 0 1
72 184 0 1
73 184 0 1
75 184 0 1
78 184 0 1
79 184 0 1
80 184 0 1
81 184 0 1
82 184 0 1
83 184 0 1
86 184 0 1
88 184 0 1
93 184 0 1
107 184 0 1
115 184 0 1
116 184 0 1
117 184 0 1
6 185 0 1
23 185 0 1
28 185 0 1
33 185 0 1
34 185 0 1
44 185 0 1
45 185 0 1
48 185 0 1
52 185 0 1
53 185 0 1
55 185 0 1
57 185 0 1
58 185 0 1
59 185 0 1
61 185 0 1
62 185 0 1
63 185 0 1
64 185 0 1
65 185 0 1
66 185 0 1
67 185 0 1
71 185 0 1
72 185 0 1
73 185 0 1
75 185 0 1
80 185 0 1
82 185 0 1
115 185 0 1
121 185 0 1
6 186 0 1
23 186 0 1
33 186 0 1
34 186 0 1
35 186 0 1
45 186 0 1
52 186 0 1
55 186 0 1
57 186 0 1
58 186 0 1
62 186 0 1
63 186 0 1
64 186 0 1
65 186 0 1
66 186 0 1
67 186 0 1
69 186 0 1
71 186 0 1
72 186 0 1
73 186 0 1
75 186 0 1
81 186 0 1
115 186 0 1
116 186 0 1
117 186 0 1
119 186 0 1
121 186 0 1
6 187 0 1
23 187 0 1
33 187 0 1
34 187 0 1
44 187 0 1
45 187 0 1
48 187 0 1
53 187 0 1
55 187 0 1
57 187 0 1
58 187 0 1
59 187 0 1
61 187 0 1
62 187 0 1
63 187 0 1
64 187 0 1
67 187 0 1
71 187 0 1
72 187 0 1
73 187 0 1
75 187 0 1
80 187 0 1
115 187 0 1
121 187 0 1
46 188 0 1
47 188 0 1
49 188 0 1
50 188 0 1
54 188 0 1
56 188 0 1
60 188 0 1
90 188 0 1
92 188 0 1
113 188 0 1
118 188 0 1
120 188 0 1
44 189 0 1
48 189 0 1
53 189 0 1
55 189 0 1
58 189 0 1
59 189 0 1
61 189 0 1
62 189 0 1
63 189 0 1
64 189 0 1
72 189 0 1
77 189 0 1
80 189 0 1
115 189 0 1
121 189 0 1
44 190 0 1
45 190 0 1
48 190 0 1
53 190 0 1
55 190 0 1
57 190 0 1
58 190 0 1
59 190 0 1
61 190 0 1
62 190 0 1
63 190 0 1
64 190 0 1
67 190 0 1
71 190 0 1
72 190 0 1
77 190 0 1
78 190 0 1
80 190 0 1
82 190 0 1
115 190 0 1
121 190 0 1
15 191 0 1
42 191 0 1
44 191 0 1
45 191 0 1
48 191 0 1
53 191 0 1
55 191 0 1
58 191 0 1
59 191 0 1
61 191 0 1
62 191 0 1
63 191 0 1
64 191 0 1
72 191 0 1
121 191 0 1
3 192 0 1
6 192 0 1
23 192 0 1
28 192 0 1
33 192 0 1
34 192 0 1
35 192 0 1
42 192 0 1
44 192 0 1
45 192 0 1
48 192 0 1
52 192 0 1
55 192 0 1
57 192 0 1
58 192 0 1
59 192 0 1
61 192 0 1
62 192 0 1
63 192 0 1
64 192 0 1
65 192 0 1
66 192 0 1
67 192 0 1
69 192 0 1
71 192 0 1
72 192 0 1
73 192 0 1
75 192 0 1
115 192 0 1
117 192 0 1
119 192 0 1
121 192 0 1
24 193 0 1
25 193 0 1
26 193 0 1
27 193 0 1
31 193 0 1
36 193 0 1
37 193 0 1
39 193 0 1
46 193 0 1
47 193 0 1
49 193 0 1
50 193 0 1
51 193 0 1
54 193 0 1
56 193 0 1
60 193 0 1
70 193 0 1
74 193 0 1
113 193 0 1
118 193 0 1
120 193 0 1
6 194 0 1
23 194 0 1
29 194 0 1
30 194 0 1
32 194 0 1
33 194 0 1
34 194 0 1
35 194 0 1
38 194 0 1
45 194 0 1
52 194 0 1
57 194 0 1
58 194 0 1
65 194 0 1
66 194 0 1
67 194 0 1
68 194 0 1
69 194 0 1
71 194 0 1
73 194 0 1
75 194 0 1
115 194 0 1
116 194 0 1
117 194 0 1
119 194 0 1
6 195 0 1
23 195 0 1
28 195 0 1
30 195 0 1
33 195 0 1
34 195 0 1
35 195 0 1
45 195 0 1
48 195 0 1
52 195 0 1
55 195 0 1
57 195 0 1
58 195 0 1
62 195 0 1
63 195 0 1
64 195 0 1
65 195 0 1
66 195 0 1
67 195 0 1
69 195 0 1
71 195 0 1
72 195 0 1
73 195 0 1
75 195 0 1
115 195 0 1
116 195 0 1
117 195 0 1
119 195 0 1
121 195 0 1
6 196 0 1
29 196 0 1
30 196 0 1
32 196 0 1
35 196 0 1
38 196 0 1
41 196 0 1
51 196 0 1
52 196 0 1
57 196 0 1
65 196 0 1
66 196 0 1
68 196 0 1
69 196 0 1
73 196 0 1
74 196 0 1
75 196 0 1
114 196 0 1
115 196 0 1
116 196 0 1
117 196 0 1
119 196 0 1
122 196 0 1
6 197 0 1
24 197 0 1
25 197 0 1
26 197 0 1
27 197 0 1
29 197 0 1
30 197 0 1
31 197 0 1
32 197 0 1
35 197 0 1
37 197 0 1
38 197 0 1
41 197 0 1
43 197 0 1
47 197 0 1
51 197 0 1
52 197 0 1
54 197 0 1
56 197 0 1
60 197 0 1
65 197 0 1
66 197 0 1
68 197 0 1
69 197 0 1
70 197 0 1
73 197 0 1
74 197 0 1
76 197 0 1
113 197 0 1
114 197 0 1
116 197 0 1
117 197 0 1
119 197 0 1
120 197 0 1
122 197 0 1
24 198 0 1
25 198 0 1
26 198 0 1
27 198 0 1
29 198 0 1
31 198 0 1
32 198 0 1
36 198 0 1
37 198 0 1
41 198 0 1
43 198 0 1
47 198 0 1
50 198 0 1
51 198 0 1
54 198 0 1
56 198 0 1
60 198 0 1
68 198 0 1
70 198 0 1
74 198 0 1
76 198 0 1
113 198 0 1
114 198 0 1
120 198 0 1
122 198 0 1
46 199 0 1
47 199 0 1
49 199 0 1
50 199 0 1
54 199 0 1
56 199 0 1
60 199 0 1
118 199 0 1
34 200 0 1
44 200 0 1
45 200 0 1
48 200 0 1
53 200 0 1
55 200 0 1
57 200 0 1
58 200 0 1
59 200 0 1
61 200 0 1
62 200 0 1
63 200 0 1
64 200 0 1
67 200 0 1
72 200 0 1
115 200 0 1
121 200 0 1
26 201 0 1
46 201 0 1
47 201 0 1
49 201 0 1
50 201 0 1
54 201 0 1
56 201 0 1
60 201 0 1
70 201 0 1
74 201 0 1
113 201 0 1
118 201 0 1
120 201 0 1
24 202 0 1
25 202 0 1
26 202 0 1
27 202 0 1
31 202 0 1
32 202 0 1
41 202 0 1
43 202 0 1
47 202 0 1
51 202 0 1
54 202 0 1
56 202 0 1
60 202 0 1
68 202 0 1
70 202 0 1
74 202 0 1
76 202 0 1
113 202 0 1
114 202 0 1
116 202 0 1
120 202 0 1
122 202 0 1
6 203 0 1
29 203 0 1
30 203 0 1
31 203 0 1
32 203 0 1
35 203 0 1
38 203 0 1
41 203 0 1
51 203 0 1
52 203 0 1
54 203 0 1
57 203 0 1
65 203 0 1
66 203 0 1
68 203 0 1
69 203 0 1
70 203 0 1
73 203 0 1
74 203 0 1
75 203 0 1
76 203 0 1
81 203 0 1
113 203 0 1
114 203 0 1
115 203 0 1
116 203 0 1
117 203 0 1
119 203 0 1
122 203 0 1
44 204 0 1
45 204 0 1
48 204 0 1
53 204 0 1
55 204 0 1
58 204 0 1
59 204 0 1
61 204 0 1
62 204 0 1
63 204 0 1
64 204 0 1
72 204 0 1
115 204 0 1
121 204 0 1
6 205 0 1
23 205 0 1
28 205 0 1
33 205 0 1
34 205 0 1
35 205 0 1
45 205 0 1
48 205 0 1
52 205 0 1
55 205 0 1
57 205 0 1
58 205 0 1
61 205 0 1
62 205 0 1
63 205 0 1
64 205 0 1
65 205 0 1
66 205 0 1
67 205 0 1
69 205 0 1
71 205 0 1
72 205 0 1
73 205 0 1
75 205 0 1
80 205 0 1
81 205 0 1
82 205 0 1
83 205 0 1
115 205 0 1
116 205 0 1
117 205 0 1
119 205 0 1
121 205 0 1
60 206 0 1
84 206 0 1
89 206 0 1
90 206 0 1
91 206 0 1
92 206 0 1
108 206 0 1
4 207 0 1
54 207 0 1
60 207 0 1
68 207 0 1
70 207 0 1
74 207 0 1
76 207 0 1
85 207 0 1
87 207 0 1
88 207 0 1
89 207 0 1
90 207 0 1
91 207 0 1
92 207 0 1
96 207 0 1
109 207 0 1
110 207 0 1
112 207 0 1
113 207 0 1
114 207 0 1
59 208 0 1
61 208 0 1
63 208 0 1
72 208 0 1
77 208 0 1
78 208 0 1
80 208 0 1
82 208 0 1
115 208 0 1
4 209 0 1
56 209 0 1
60 209 0 1
70 209 0 1
74 209 0 1
76 209 0 1
84 209 0 1
87 209 0 1
89 209 0 1
90 209 0 1
91 209 0 1
92 209 0 1
96 209 0 1
108 209 0 1
113 209 0 1
114 209 0 1
84 210 0 1
87 210 0 1
89 210 0 1
90 210 0 1
91 210 0 1
92 210 0 1
95 210 0 1
108 210 0 1
4 211 0 1
60 211 0 1
70 211 0 1
76 211 0 1
84 211 0 1
87 211 0 1
89 211 0 1
90 211 0 1
91 211 0 1
92 211 0 1
95 211 0 1
96 211 0 1
108 211 0 1
110 211 0 1
112 211 0 1
113 211 0 1
114 211 0 1
59 212 0 1
63 212 0 1
64 212 0 1
67 212 0 1
71 212 0 1
72 212 0 1
77 212 0 1
78 212 0 1
79 212 0 1
80 212 0 1
82 212 0 1
83 212 0 1
102 212 0 1
104 212 0 1
115 212 0 1
4 213 0 1
54 213 0 1
60 213 0 1
70 213 0 1
74 213 0 1
76 213 0 1
84 213 0 1
85 213 0 1
87 213 0 1
89 213 0 1
90 213 0 1
91 213 0 1
92 213 0 1
95 213 0 1
96 213 0 1
108 213 0 1
110 213 0 1
112 213 0 1
113 213 0 1
114 213 0 1
65 214 0 1
66 214 0 1
67 214 0 1
69 214 0 1
71 214 0 1
72 214 0 1
73 214 0 1
75 214 0 1
78 214 0 1
79 214 0 1
80 214 0 1
81 214 0 1
82 214 0 1
83 214 0 1
86 214 0 1
88 214 0 1
93 214 0 1
94 214 0 1
107 214 0 1
115 214 0 1
116 214 0 1
117 214 0 1
59 215 0 1
62 215 0 1
63 215 0 1
64 215 0 1
67 215 0 1
71 215 0 1
72 215 0 1
77 215 0 1
78 215 0 1
79 215 0 1
80 215 0 1
82 215 0 1
83 215 0 1
115 215 0 1
4 216 0 1
5 216 0 1
69 216 0 1
73 216 0 1
75 216 0 1
78 216 0 1
79 216 0 1
80 216 0 1
81 216 0 1
82 216 0 1
83 216 0 1
85 216 0 1
86 216 0 1
88 216 0 1
93 216 0 1
94 216 0 1
102 216 0 1
106 216 0 1
107 216 0 1
109 216 0 1
111 216 0 1
115 216 0 1
116 216 0 1
117 216 0 1
5 217 0 1
78 217 0 1
79 217 0 1
80 217 0 1
81 217 0 1
82 217 0 1
83 217 0 1
86 217 0 1
88 217 0 1
93 217 0 1
94 217 0 1
102 217 0 1
104 217 0 1
106 217 0 1
107 217 0 1
115 217 0 1
117 217 0 1
84 218 0 1
89 218 0 1
90 218 0 1
91 218 0 1
92 218 0 1
95 218 0 1
96 218 0 1
97 218 0 1
108 218 0 1
77 219 0 1
78 219 0 1
79 219 0 1
80 219 0 1
82 219 0 1
83 219 0 1
94 219 0 1
98 219 0 1
99 219 0 1
100 219 0 1
101 219 0 1
102 219 0 1
104 219 0 1
106 219 0 1
107 219 0 1
4 220 0 1
5 220 0 1
85 220 0 1
86 220 0 1
87 220 0 1
88 220 0 1
93 220 0 1
95 220 0 1
96 220 0 1
103 220 0 1
105 220 0 1
109 220 0 1
110 220 0 1
111 220 0 1
112 220 0 1
77 221 0 1
78 221 0 1
82 221 0 1
98 221 0 1
99 221 0 1
100 221 0 1
101 221 0 1
102 221 0 1
104 221 0 1
77 222 0 1
78 222 0 1
98 222 0 1
99 222 0 1
100 222 0 1
101 222 0 1
102 222 0 1
104 222 0 1
77 223 0 1
78 223 0 1
98 223 0 1
99 223 0 1
101 223 0 1
102 223 0 1
104 223 0 1
78 224 0 1
82 224 0 1
94 224 0 1
98 224 0 1
99 224 0 1
100 224 0 1
101 224 0 1
102 224 0 1
104 224 0 1
106 224 0 1
4 225 0 1
84 225 0 1
87 225 0 1
89 225 0 1
90 225 0 1
91 225 0 1
92 225 0 1
95 225 0 1
96 225 0 1
97 225 0 1
103 225 0 1
108 225 0 1
110 225 0 1
112 225 0 1
95 226 0 1
96 226 0 1
97 226 0 1
103 226 0 1
108 226 0 1
95 227 0 1
96 227 0 1
97 227 0 1
103 227 0 1
108 227 0 1
5 228 0 1
85 228 0 1
95 228 0 1
96 228 0 1
103 228 0 1
105 228 0 1
109 228 0 1
110 228 0 1
111 228 0 1
112 228 0 1
5 229 0 1
85 229 0 1
88 229 0 1
94 229 0 1
105 229 0 1
106 229 0 1
107 229 0 1
109 229 0 1
110 229 0 1
111 229 0 1
112 229 0 1
95 230 0 1
96 230 0 1
97 230 0 1
103 230 0 1
108 230 0 1
112 230 0 1
98 231 0 1
99 231 0 1
101 231 0 1
104 231 0 1
5 232 0 1
94 232 0 1
98 232 0 1
99 232 0 1
100 232 0 1
101 232 0 1
102 232 0 1
104 232 0 1
105 232 0 1
106 232 0 1
107 232 0 1
5 233 0 1
94 233 0 1
98 233 0 1
99 233 0 1
100 233 0 1
101 233 0 1
102 233 0 1
104 233 0 1
106 233 0 1
5 234 0 1
85 234 0 1
88 234 0 1
96 234 0 1
103 234 0 1
105 234 0 1
106 234 0 1
109 234 0 1
110 234 0 1
111 234 0 1
112 234 0 1
4 235 0 1
5 235 0 1
85 235 0 1
87 235 0 1
88 235 0 1
95 235 0 1
96 235 0 1
97 235 0 1
103 235 0 1
105 235 0 1
109 235 0 1
110 235 0 1
111 235 0 1
112 235 0 1
84 236 0 1
89 236 0 1
91 236 0 1
92 236 0 1
95 236 0 1
96 236 0 1
97 236 0 1
103 236 0 1
108 236 0 1
4 237 0 1
84 237 0 1
87 237 0 1
89 237 0 1
91 237 0 1
92 237 0 1
95 237 0 1
96 237 0 1
97 237 0 1
103 237 0 1
108 237 0 1
110 237 0 1
112 237 0 1
84 238 0 1
89 238 0 1
92 238 0 1
95 238 0 1
96 238 0 1
97 238 0 1
103 238 0 1
108 238 0 1
84 239 0 1
87 239 0 1
89 239 0 1
90 239 0 1
91 239 0 1
92 239 0 1
95 239 0 1
96 239 0 1
97 239 0 1
103 239 0 1
108 239 0 1
78 240 0 1
98 240 0 1
99 240 0 1
100 240 0 1
101 240 0 1
102 240 0 1
104 240 0 1
5 241 0 1
78 241 0 1
79 241 0 1
83 241 0 1
86 241 0 1
94 241 0 1
99 241 0 1
100 241 0 1
102 241 0 1
104 241 0 1
105 241 0 1
106 241 0 1
107 241 0 1
5 242 0 1
79 242 0 1
86 242 0 1
88 242 0 1
94 242 0 1
100 242 0 1
102 242 0 1
104 242 0 1
105 242 0 1
106 242 0 1
107 242 0 1
109 242 0 1
111 242 0 1
98 243 0 1
99 243 0 1
100 243 0 1
101 243 0 1
102 243 0 1
104 243 0 1
4 244 0 1
5 244 0 1
85 244 0 1
86 244 0 1
88 244 0 1
93 244 0 1
95 244 0 1
96 244 0 1
103 244 0 1
105 244 0 1
107 244 0 1
109 244 0 1
110 244 0 1
111 244 0 1
112 244 0 1
5 245 0 1
94 245 0 1
98 245 0 1
99 245 0 1
100 245 0 1
102 245 0 1
104 245 0 1
105 245 0 1
106 245 0 1
107 245 0 1
4 246 0 1
87 246 0 1
89 246 0 1
95 246 0 1
96 246 0 1
97 246 0 1
103 246 0 1
108 246 0 1
110 246 0 1
112 246 0 1
89 247 0 1
92 247 0 1
95 247 0 1
96 247 0 1
97 247 0 1
103 247 0 1
108 247 0 1
4 248 0 1
85 248 0 1
87 248 0 1
95 248 0 1
96 248 0 1
97 248 0 1
103 248 0 1
105 248 0 1
109 248 0 1
110 248 0 1
111 248 0 1
112 248 0 1
4 249 0 1
84 249 0 1
87 249 0 1
89 249 0 1
90 249 0 1
91 249 0 1
92 249 0 1
95 249 0 1
96 249 0 1
97 249 0 1
103 249 0 1
108 249 0 1
4 250 0 1
76 250 0 1
84 250 0 1
85 250 0 1
87 250 0 1
89 250 0 1
90 250 0 1
91 250 0 1
92 250 0 1
95 250 0 1
96 250 0 1
103 250 0 1
108 250 0 1
110 250 0 1
112 250 0 1
113 250 0 1
4 251 0 1
5 251 0 1
69 251 0 1
78 251 0 1
79 251 0 1
81 251 0 1
82 251 0 1
83 251 0 1
85 251 0 1
86 251 0 1
88 251 0 1
93 251 0 1
94 251 0 1
105 251 0 1
106 251 0 1
107 251 0 1
109 251 0 1
110 251 0 1
111 251 0 1
115 251 0 1
116 251 0 1
117 251 0 1
59 252 0 1
63 252 0 1
77 252 0 1
78 252 0 1
80 252 0 1
98 252 0 1
99 252 0 1
101 252 0 1
104 252 0 1
115 252 0 1
4 253 0 1
84 253 0 1
87 253 0 1
89 253 0 1
90 253 0 1
91 253 0 1
92 253 0 1
95 253 0 1
96 253 0 1
97 253 0 1
103 253 0 1
108 253 0 1
110 253 0 1
112 253 0 1
4 254 0 1
76 254 0 1
84 254 0 1
85 254 0 1
87 254 0 1
89 254 0 1
90 254 0 1
91 254 0 1
92 254 0 1
95 254 0 1
96 254 0 1
103 254 0 1
108 254 0 1
109 254 0 1
110 254 0 1
112 254 0 1
4 255 0 1
5 255 0 1
78 255 0 1
79 255 0 1
81 255 0 1
82 255 0 1
83 255 0 1
85 255 0 1
86 255 0 1
88 255 0 1
93 255 0 1
94 255 0 1
102 255 0 1
105 255 0 1
106 255 0 1
107 255 0 1
109 255 0 1
110 255 0 1
111 255 0 1
115 255 0 1
117 255 0 1
5 256 0 1
78 256 0 1
79 256 0 1
80 256 0 1
81 256 0 1
82 256 0 1
83 256 0 1
86 256 0 1
88 256 0 1
93 256 0 1
94 256 0 1
102 256 0 1
104 256 0 1
106 256 0 1
107 256 0 1
115 256 0 1
5 257 0 1
78 257 0 1
79 257 0 1
80 257 0 1
81 257 0 1
82 257 0 1
83 257 0 1
86 257 0 1
93 257 0 1
94 257 0 1
98 257 0 1
99 257 0 1
100 257 0 1
102 257 0 1
104 257 0 1
105 257 0 1
106 257 0 1
107 257 0 1
115 257 0 1
77 258 0 1
78 258 0 1
79 258 0 1
80 258 0 1
82 258 0 1
83 258 0 1
94 258 0 1
98 258 0 1
99 258 0 1
100 258 0 1
102 258 0 1
104 258 0 1
106 258 0 1
107 258 0 1
115 258 0 1
4 259 0 1
5 259 0 1
79 259 0 1
81 259 0 1
83 259 0 1
85 259 0 1
86 259 0 1
88 259 0 1
93 259 0 1
94 259 0 1
105 259 0 1
106 259 0 1
107 259 0 1
109 259 0 1
110 259 0 1
111 259 0 1
112 259 0 1
115 259 0 1
5 260 0 1
78 260 0 1
79 260 0 1
80 260 0 1
81 260 0 1
82 260 0 1
83 260 0 1
86 260 0 1
88 260 0 1
93 260 0 1
94 260 0 1
100 260 0 1
102 260 0 1
104 260 0 1
105 260 0 1
106 260 0 1
107 260 0 1
111 260 0 1
115 260 0 1
4 261 0 1
84 261 0 1
85 261 0 1
87 261 0 1
89 261 0 1
90 261 0 1
91 261 0 1
92 261 0 1
95 261 0 1
96 261 0 1
97 261 0 1
103 261 0 1
108 261 0 1
109 261 0 1
110 261 0 1
112 261 0 1
4 262 0 1
54 262 0 1
56 262 0 1
60 262 0 1
70 262 0 1
74 262 0 1
76 262 0 1
84 262 0 1
87 262 0 1
89 262 0 1
90 262 0 1
91 262 0 1
92 262 0 1
108 262 0 1
113 262 0 1
4 263 0 1
50 263 0 1
54 263 0 1
56 263 0 1
60 263 0 1
70 263 0 1
76 263 0 1
84 263 0 1
87 263 0 1
89 263 0 1
90 263 0 1
91 263 0 1
92 263 0 1
108 263 0 1
113 263 0 1
4 264 0 1
65 264 0 1
66 264 0 1
68 264 0 1
69 264 0 1
70 264 0 1
73 264 0 1
74 264 0 1
75 264 0 1
76 264 0 1
79 264 0 1
81 264 0 1
83 264 0 1
85 264 0 1
86 264 0 1
87 264 0 1
88 264 0 1
93 264 0 1
107 264 0 1
109 264 0 1
110 264 0 1
111 264 0 1
112 264 0 1
113 264 0 1
114 264 0 1
115 264 0 1
116 264 0 1
117 264 0 1
4 265 0 1
47 265 0 1
54 265 0 1
56 265 0 1
60 265 0 1
70 265 0 1
74 265 0 1
76 265 0 1
84 265 0 1
87 265 0 1
89 265 0 1
90 265 0 1
91 265 0 1
92 265 0 1
110 265 0 1
113 265 0 1
114 265 0 1
48 266 0 1
53 266 0 1
55 266 0 1
58 266 0 1
59 266 0 1
61 266 0 1
62 266 0 1
63 266 0 1
64 266 0 1
67 266 0 1
71 266 0 1
72 266 0 1
77 266 0 1
78 266 0 1
80 266 0 1
82 266 0 1
83 266 0 1
115 266 0 1
4 267 0 1
57 267 0 1
65 267 0 1
66 267 0 1
67 267 0 1
68 267 0 1
69 267 0 1
71 267 0 1
73 267 0 1
74 267 0 1
75 267 0 1
79 267 0 1
81 267 0 1
82 267 0 1
83 267 0 1
85 267 0 1
86 267 0 1
88 267 0 1
93 267 0 1
107 267 0 1
115 267 0 1
116 267 0 1
117 267 0 1
4 268 0 1
65 268 0 1
66 268 0 1
68 268 0 1
69 268 0 1
73 268 0 1
74 268 0 1
75 268 0 1
76 268 0 1
79 268 0 1
81 268 0 1
83 268 0 1
85 268 0 1
86 268 0 1
88 268 0 1
93 268 0 1
107 268 0 1
109 268 0 1
110 268 0 1
114 268 0 1
115 268 0 1
116 268 0 1
117 268 0 1
44 269 0 1
48 269 0 1
53 269 0 1
55 269 0 1
58 269 0 1
59 269 0 1
61 269 0 1
62 269 0 1
63 269 0 1
64 269 0 1
67 269 0 1
72 269 0 1
77 269 0 1
78 269 0 1
80 269 0 1
82 269 0 1
115 269 0 1
4 270 0 1
51 270 0 1
54 270 0 1
60 270 0 1
65 270 0 1
68 270 0 1
69 270 0 1
70 270 0 1
74 270 0 1
76 270 0 1
81 270 0 1
85 270 0 1
86 270 0 1
87 270 0 1
88 270 0 1
93 270 0 1
109 270 0 1
110 270 0 1
113 270 0 1
114 270 0 1
116 270 0 1
117 270 0 1
53 271 0 1
59 271 0 1
61 271 0 1
63 271 0 1
77 271 0 1
78 271 0 1
80 271 0 1
115 271 0 1
4 272 0 1
54 272 0 1
56 272 0 1
60 272 0 1
70 272 0 1
74 272 0 1
76 272 0 1
84 272 0 1
87 272 0 1
89 272 0 1
90 272 0 1
91 272 0 1
92 272 0 1
108 272 0 1
113 272 0 1
114 272 0 1
57 273 0 1
58 273 0 1
62 273 0 1
63 273 0 1
64 273 0 1
65 273 0 1
66 273 0 1
67 273 0 1
69 273 0 1
71 273 0 1
72 273 0 1
73 273 0 1
75 273 0 1
78 273 0 1
79 273 0 1
80 273 0 1
81 273 0 1
82 273 0 1
83 273 0 1
86 273 0 1
93 273 0 1
107 273 0 1
115 273 0 1
116 273 0 1
117 273 0 1
4 274 0 1
54 274 0 1
56 274 0 1
60 274 0 1
68 274 0 1
70 274 0 1
74 274 0 1
76 274 0 1
85 274 0 1
87 274 0 1
89 274 0 1
90 274 0 1
91 274 0 1
92 274 0 1
96 274 0 1
110 274 0 1
112 274 0 1
113 274 0 1
114 274 0 1
