1 3 0 0
2 4 0 0
2 5 0 0
4 5 0 0
2 6 0 0
4 6 0 0
5 6 0 0
2 7 0 0
4 7 0 0
5 7 0 0
6 7 0 0
1 8 0 0
3 8 0 0
5 9 0 0
6 9 0 0
7 9 0 0
1 10 0 0
1 11 0 0
8 11 0 0
6 12 0 0
7 12 0 0
9 12 0 0
1 13 0 0
8 13 0 0
10 13 0 0
11 13 0 0
1 14 0 0
8 14 0 0
10 14 0 0
13 14 0 0
6 15 0 0
9 15 0 0
12 15 0 0
1 16 0 0
10 16 0 0
14 16 0 0
1 17 0 0
10 17 0 0
16 17 0 0
1 18 0 0
1 19 0 0
18 19 0 0
1 20 0 0
18 20 0 0
19 20 0 0
1 21 0 0
10 21 0 0
14 21 0 0
16 21 0 0
17 21 0 0
6 22 0 0
7 22 0 0
9 22 0 0
12 22 0 0
15 22 0 0
1 23 0 0
10 23 0 0
14 23 0 0
16 23 0 0
17 23 0 0
21 23 0 0
1 24 0 1
2 24 0 1
4 24 0 1
5 24 0 1
6 24 0 1
7 24 0 1
11 24 0 1
1 25 0 1
11 25 0 1
19 25 0 1
20 25 0 1
22 25 0 1
1 26 0 1
3 26 0 1
1 27 0 1
1 28 0 1
3 28 0 1
8 28 0 1
13 28 0 1
2 29 0 1
4 29 0 1
5 29 0 1
6 29 0 1
1 30 0 1
11 30 0 1
1 31 0 1
11 31 0 1
12 32 0 1
22 32 0 1
4 34 0 1
5 34 0 1
6 34 0 1
7 34 0 1
9 34 0 1
12 34 0 1
15 34 0 1
22 34 0 1
6 36 0 1
9 36 0 1
12 36 0 1
15 36 0 1
22 36 0 1
12 37 0 1
15 37 0 1
22 37 0 1
1 38 0 1
1 41 0 1
18 41 0 1
19 41 0 1
20 41 0 1
1 42 0 1
19 42 0 1
20 42 0 1
1 50 0 1
19 50 0 1
20 50 0 1
1 51 0 1
18 51 0 1
19 51 0 1
20 51 0 1
22 60 0 1
12 62 0 1
15 62 0 1
22 62 0 1
