1 2 0 0
1 3 0 0
2 3 0 0
6 7 0 0
6 8 0 0
7 8 0 0
5 10 0 0
9 10 0 0
5 11 0 0
10 11 0 0
9 12 0 0
10 12 0 0
6 13 0 0
7 13 0 0
8 13 0 0
9 13 0 0
12 13 0 0
8 14 0 0
9 14 0 0
12 14 0 0
13 14 0 0
6 15 0 0
7 15 0 0
8 15 0 0
13 15 0 0
14 15 0 0
4 16 0 0
4 17 0 0
5 17 0 0
10 17 0 0
11 17 0 0
16 17 0 0
4 18 0 0
5 18 0 0
10 18 0 0
11 18 0 0
16 18 0 0
17 18 0 0
6 19 0 0
7 19 0 0
8 19 0 0
13 19 0 0
14 19 0 0
15 19 0 0
7 20 0 0
8 20 0 0
9 20 0 0
12 20 0 0
13 20 0 0
14 20 0 0
15 20 0 0
19 20 0 0
6 21 0 0
7 21 0 0
8 21 0 0
15 21 0 0
19 21 0 0
6 22 0 0
7 22 0 0
8 22 0 0
15 22 0 0
19 22 0 0
21 22 0 0
6 23 0 0
7 23 0 0
8 23 0 0
13 23 0 0
15 23 0 0
19 23 0 0
20 23 0 0
21 23 0 0
22 23 0 0
7 24 0 0
8 24 0 0
9 24 0 0
12 24 0 0
13 24 0 0
14 24 0 0
15 24 0 0
19 24 0 0
20 24 0 0
23 24 0 0
1 25 0 0
3 25 0 0
4 25 0 0
5 25 0 0
11 25 0 0
16 25 0 0
17 25 0 0
18 25 0 0
3 26 0 0
4 26 0 0
16 26 0 0
17 26 0 0
18 26 0 0
25 26 0 0
4 27 0 0
16 27 0 0
17 27 0 0
18 27 0 0
25 27 0 0
26 27 0 0
6 28 0 0
7 28 0 0
8 28 0 0
12 28 0 0
13 28 0 0
14 28 0 0
15 28 0 0
19 28 0 0
20 28 0 0
21 28 0 0
22 28 0 0
23 28 0 0
24 28 0 0
7 29 0 0
8 29 0 0
9 29 0 0
12 29 0 0
13 29 0 0
14 29 0 0
15 29 0 0
19 29 0 0
20 29 0 0
23 29 0 0
24 29 0 0
28 29 0 0
4 30 0 0
16 30 0 0
17 30 0 0
18 30 0 0
25 30 0 0
26 30 0 0
27 30 0 0
6 31 0 0
7 31 0 0
8 31 0 0
9 31 0 0
12 31 0 0
13 31 0 0
14 31 0 0
15 31 0 0
19 31 0 0
20 31 0 0
21 31 0 0
22 31 0 0
23 31 0 0
24 31 0 0
28 31 0 0
29 31 0 0
6 32 0 0
7 32 0 0
8 32 0 0
13 32 0 0
15 32 0 0
19 32 0 0
20 32 0 0
21 32 0 0
22 32 0 0
23 32 0 0
28 32 0 0
31 32 0 0
9 33 0 0
10 33 0 0
12 33 0 0
13 33 0 0
14 33 0 0
20 33 0 0
24 33 0 0
29 33 0 0
31 33 0 0
9 34 0 0
10 34 0 0
11 34 0 0
12 34 0 0
14 34 0 0
20 34 0 0
24 34 0 0
29 34 0 0
33 34 0 0
4 35 0 0
5 35 0 0
11 35 0 0
16 35 0 0
17 35 0 0
18 35 0 0
25 35 0 0
26 35 0 0
27 35 0 0
30 35 0 0
6 36 0 0
7 36 0 0
8 36 0 0
13 36 0 0
15 36 0 0
19 36 0 0
20 36 0 0
21 36 0 0
22 36 0 0
23 36 0 0
24 36 0 0
28 36 0 0
29 36 0 0
31 36 0 0
32 36 0 0
3 37 0 0
4 37 0 0
16 37 0 0
17 37 0 0
18 37 0 0
25 37 0 0
26 37 0 0
27 37 0 0
30 37 0 0
35 37 0 0
9 38 0 0
12 38 0 0
13 38 0 0
14 38 0 0
19 38 0 0
20 38 0 0
24 38 0 0
28 38 0 0
29 38 0 0
31 38 0 0
33 38 0 0
34 38 0 0
5 39 0 0
9 39 0 0
10 39 0 0
11 39 0 0
12 39 0 0
33 39 0 0
34 39 0 0
38 39 0 0
9 40 0 0
10 40 0 0
11 40 0 0
12 40 0 0
13 40 0 0
14 40 0 0
20 40 0 0
24 40 0 0
29 40 0 0
31 40 0 0
33 40 0 0
34 40 0 0
38 40 0 0
39 40 0 0
8 41 0 0
15 41 0 0
19 41 0 0
20 41 0 0
21 41 0 0
22 41 0 0
23 41 0 0
24 41 0 0
28 41 0 0
29 41 0 0
31 41 0 0
32 41 0 0
36 41 0 0
21 42 0 0
22 42 0 0
23 42 0 0
24 42 0 0
28 42 0 0
31 42 0 0
36 42 0 0
41 42 0 0
1 43 0 0
3 43 0 0
25 43 0 0
15 44 0 0
19 44 0 0
20 44 0 0
21 44 0 0
22 44 0 0
23 44 0 0
24 44 0 0
28 44 0 0
29 44 0 0
31 44 0 0
32 44 0 0
36 44 0 0
41 44 0 0
42 44 0 0
15 45 0 0
19 45 0 0
21 45 0 0
22 45 0 0
23 45 0 0
24 45 0 0
28 45 0 0
31 45 0 0
32 45 0 0
36 45 0 0
41 45 0 0
42 45 0 0
44 45 0 0
15 46 0 0
19 46 0 0
20 46 0 0
21 46 0 0
22 46 0 0
23 46 0 0
24 46 0 0
28 46 0 0
29 46 0 0
31 46 0 0
32 46 0 0
36 46 0 0
38 46 0 0
41 46 0 0
42 46 0 0
44 46 0 0
45 46 0 0
1 47 0 0
3 47 0 0
16 47 0 0
17 47 0 0
18 47 0 0
25 47 0 0
26 47 0 0
27 47 0 0
30 47 0 0
35 47 0 0
37 47 0 0
43 47 0 0
24 48 0 0
33 48 0 0
34 48 0 0
38 48 0 0
39 48 0 0
40 48 0 0
43 48 0 0
1 49 0 0
3 49 0 0
18 49 0 0
25 49 0 0
26 49 0 0
27 49 0 0
30 49 0 0
35 49 0 0
37 49 0 0
43 49 0 0
47 49 0 0
1 50 0 0
3 50 0 0
18 50 0 0
25 50 0 0
26 50 0 0
35 50 0 0
39 50 0 0
43 50 0 0
47 50 0 0
48 50 0 0
49 50 0 0
1 51 0 0
10 51 0 0
34 51 0 0
39 51 0 0
40 51 0 0
43 51 0 0
47 51 0 0
48 51 0 0
50 51 0 0
24 52 0 0
33 52 0 0
34 52 0 0
38 52 0 0
39 52 0 0
40 52 0 0
48 52 0 0
51 52 0 0
4 53 0 0
16 53 0 0
18 53 0 0
25 53 0 0
26 53 0 0
27 53 0 0
30 53 0 0
35 53 0 0
37 53 0 0
47 53 0 0
49 53 0 0
1 54 0 0
3 54 0 0
4 54 0 0
16 54 0 0
17 54 0 0
18 54 0 0
25 54 0 0
26 54 0 0
27 54 0 0
30 54 0 0
35 54 0 0
37 54 0 0
43 54 0 0
47 54 0 0
49 54 0 0
50 54 0 0
53 54 0 0
6 55 0 0
7 55 0 0
8 55 0 0
13 55 0 0
15 55 0 0
19 55 0 0
20 55 0 0
21 55 0 0
22 55 0 0
23 55 0 0
24 55 0 0
28 55 0 0
29 55 0 0
31 55 0 0
32 55 0 0
36 55 0 0
41 55 0 0
42 55 0 0
44 55 0 0
45 55 0 0
46 55 0 0
9 56 0 0
10 56 0 0
11 56 0 0
12 56 0 0
14 56 0 0
20 56 0 0
24 56 0 0
29 56 0 0
33 56 0 0
34 56 0 0
38 56 0 0
39 56 0 0
40 56 0 0
48 56 0 0
51 56 0 0
52 56 0 0
9 57 0 0
10 57 0 0
12 57 0 0
13 57 0 0
14 57 0 0
20 57 0 0
24 57 0 0
29 57 0 0
31 57 0 0
33 57 0 0
34 57 0 0
38 57 0 0
39 57 0 0
40 57 0 0
48 57 0 0
51 57 0 0
52 57 0 0
56 57 0 0
4 58 0 0
16 58 0 0
25 58 0 0
26 58 0 0
27 58 0 0
30 58 0 0
35 58 0 0
37 58 0 0
47 58 0 0
49 58 0 0
53 58 0 0
54 58 0 0
1 59 0 0
3 59 0 0
4 59 0 0
11 59 0 0
16 59 0 0
17 59 0 0
18 59 0 0
25 59 0 0
26 59 0 0
27 59 0 0
30 59 0 0
35 59 0 0
37 59 0 0
43 59 0 0
47 59 0 0
49 59 0 0
50 59 0 0
53 59 0 0
54 59 0 0
58 59 0 0
3 60 0 0
4 60 0 0
16 60 0 0
18 60 0 0
25 60 0 0
26 60 0 0
27 60 0 0
30 60 0 0
35 60 0 0
37 60 0 0
47 60 0 0
49 60 0 0
53 60 0 0
54 60 0 0
58 60 0 0
59 60 0 0
8 61 0 0
13 61 0 0
15 61 0 0
19 61 0 0
20 61 0 0
21 61 0 0
22 61 0 0
23 61 0 0
24 61 0 0
28 61 0 0
29 61 0 0
31 61 0 0
32 61 0 0
36 61 0 0
38 61 0 0
41 61 0 0
42 61 0 0
44 61 0 0
45 61 0 0
46 61 0 0
55 61 0 0
1 62 0 0
3 62 0 0
4 62 0 0
16 62 0 0
17 62 0 0
18 62 0 0
25 62 0 0
26 62 0 0
27 62 0 0
30 62 0 0
35 62 0 0
37 62 0 0
43 62 0 0
47 62 0 0
49 62 0 0
50 62 0 0
53 62 0 0
54 62 0 0
58 62 0 0
59 62 0 0
60 62 0 0
1 63 0 0
3 63 0 0
47 63 0 0
49 63 0 0
53 63 0 0
54 63 0 0
58 63 0 0
60 63 0 0
62 63 0 0
41 64 0 0
42 64 0 0
44 64 0 0
45 64 0 0
46 64 0 0
61 64 0 0
1 65 0 0
2 65 0 0
3 65 0 0
47 65 0 0
49 65 0 0
60 65 0 0
62 65 0 0
63 65 0 0
42 66 0 0
48 66 0 0
52 66 0 0
64 66 0 0
48 67 0 0
51 67 0 0
52 67 0 0
66 67 0 0
1 68 0 0
2 68 0 0
3 68 0 0
43 68 0 0
47 68 0 0
49 68 0 0
50 68 0 0
51 68 0 0
48 69 0 0
51 69 0 0
52 69 0 0
64 69 0 0
66 69 0 0
67 69 0 0
1 70 0 0
2 70 0 0
3 70 0 0
43 70 0 0
47 70 0 0
48 70 0 0
50 70 0 0
51 70 0 0
67 70 0 0
68 70 0 0
69 70 0 0
1 71 0 0
2 71 0 0
3 71 0 0
43 71 0 0
47 71 0 0
49 71 0 0
50 71 0 0
62 71 0 0
65 71 0 0
68 71 0 0
70 71 0 0
48 72 0 0
51 72 0 0
52 72 0 0
66 72 0 0
67 72 0 0
69 72 0 0
70 72 0 0
1 73 0 0
2 73 0 0
3 73 0 0
43 73 0 0
48 73 0 0
51 73 0 0
52 73 0 0
66 73 0 0
67 73 0 0
68 73 0 0
69 73 0 0
70 73 0 0
72 73 0 0
1 74 0 0
2 74 0 0
3 74 0 0
43 74 0 0
47 74 0 0
49 74 0 0
50 74 0 0
62 74 0 0
65 74 0 0
68 74 0 0
70 74 0 0
71 74 0 0
73 74 0 0
3 75 0 0
49 75 0 0
62 75 0 0
63 75 0 0
65 75 0 0
71 75 0 0
42 76 0 0
46 76 0 0
52 76 0 0
64 76 0 0
66 76 0 0
67 76 0 0
69 76 0 0
72 76 0 0
48 77 0 0
52 77 0 0
64 77 0 0
66 77 0 0
67 77 0 0
69 77 0 0
72 77 0 0
73 77 0 0
76 77 0 0
48 78 0 0
51 78 0 0
52 78 0 0
57 78 0 0
64 78 0 0
66 78 0 0
67 78 0 0
69 78 0 0
72 78 0 0
73 78 0 0
76 78 0 0
77 78 0 0
1 79 0 0
2 79 0 0
3 79 0 0
47 79 0 0
49 79 0 0
53 79 0 0
54 79 0 0
58 79 0 0
60 79 0 0
62 79 0 0
63 79 0 0
65 79 0 0
71 79 0 0
74 79 0 0
75 79 0 0
48 80 0 0
52 80 0 0
64 80 0 0
66 80 0 0
67 80 0 0
69 80 0 0
72 80 0 0
73 80 0 0
76 80 0 0
77 80 0 0
78 80 0 0
48 81 0 0
51 81 0 0
52 81 0 0
66 81 0 0
67 81 0 0
69 81 0 0
70 81 0 0
72 81 0 0
73 81 0 0
76 81 0 0
77 81 0 0
78 81 0 0
80 81 0 0
1 82 0 0
2 82 0 0
3 82 0 0
47 82 0 0
49 82 0 0
54 82 0 0
60 82 0 0
62 82 0 0
63 82 0 0
65 82 0 0
68 82 0 0
71 82 0 0
74 82 0 0
75 82 0 0
79 82 0 0
39 83 0 0
40 83 0 0
43 83 0 0
48 83 0 0
51 83 0 0
52 83 0 0
56 83 0 0
57 83 0 0
66 83 0 0
67 83 0 0
69 83 0 0
70 83 0 0
72 83 0 0
73 83 0 0
77 83 0 0
78 83 0 0
80 83 0 0
81 83 0 0
1 84 0 0
3 84 0 0
25 84 0 0
26 84 0 0
27 84 0 0
37 84 0 0
47 84 0 0
49 84 0 0
53 84 0 0
54 84 0 0
58 84 0 0
59 84 0 0
60 84 0 0
62 84 0 0
63 84 0 0
65 84 0 0
71 84 0 0
75 84 0 0
79 84 0 0
82 84 0 0
1 85 0 0
3 85 0 0
25 85 0 0
26 85 0 0
37 85 0 0
43 85 0 0
47 85 0 0
49 85 0 0
50 85 0 0
51 85 0 0
54 85 0 0
59 85 0 0
60 85 0 0
62 85 0 0
63 85 0 0
65 85 0 0
68 85 0 0
70 85 0 0
71 85 0 0
74 85 0 0
79 85 0 0
82 85 0 0
84 85 0 0
1 86 0 0
3 86 0 0
26 86 0 0
37 86 0 0
47 86 0 0
49 86 0 0
53 86 0 0
54 86 0 0
58 86 0 0
59 86 0 0
60 86 0 0
62 86 0 0
63 86 0 0
65 86 0 0
71 86 0 0
75 86 0 0
79 86 0 0
82 86 0 0
84 86 0 0
85 86 0 0
34 87 0 0
38 87 0 0
39 87 0 0
40 87 0 0
48 87 0 0
51 87 0 0
52 87 0 0
56 87 0 0
57 87 0 0
66 87 0 0
67 87 0 0
69 87 0 0
70 87 0 0
72 87 0 0
73 87 0 0
76 87 0 0
77 87 0 0
78 87 0 0
80 87 0 0
81 87 0 0
83 87 0 0
21 88 0 0
22 88 0 0
23 88 0 0
24 88 0 0
31 88 0 0
36 88 0 0
41 88 0 0
42 88 0 0
44 88 0 0
45 88 0 0
46 88 0 0
55 88 0 0
61 88 0 0
64 88 0 0
66 88 0 0
76 88 0 0
1 89 0 0
3 89 0 0
25 89 0 0
26 89 0 0
37 89 0 0
43 89 0 0
47 89 0 0
49 89 0 0
50 89 0 0
53 89 0 0
54 89 0 0
58 89 0 0
59 89 0 0
60 89 0 0
62 89 0 0
63 89 0 0
65 89 0 0
68 89 0 0
71 89 0 0
74 89 0 0
75 89 0 0
79 89 0 0
82 89 0 0
84 89 0 0
85 89 0 0
86 89 0 0
1 90 0 0
3 90 0 0
43 90 0 0
47 90 0 0
48 90 0 0
50 90 0 0
51 90 0 0
52 90 0 0
67 90 0 0
68 90 0 0
69 90 0 0
70 90 0 0
71 90 0 0
72 90 0 0
73 90 0 0
74 90 0 0
81 90 0 0
83 90 0 0
85 90 0 0
87 90 0 0
22 91 0 0
23 91 0 0
24 91 0 0
31 91 0 0
41 91 0 0
42 91 0 0
44 91 0 0
45 91 0 0
46 91 0 0
55 91 0 0
61 91 0 0
64 91 0 0
66 91 0 0
76 91 0 0
77 91 0 0
78 91 0 0
80 91 0 0
88 91 0 0
1 92 0 0
2 92 0 0
3 92 0 0
25 92 0 0
26 92 0 0
27 92 0 0
30 92 0 0
35 92 0 0
37 92 0 0
43 92 0 0
47 92 0 0
49 92 0 0
50 92 0 0
53 92 0 0
54 92 0 0
58 92 0 0
59 92 0 0
60 92 0 0
62 92 0 0
63 92 0 0
65 92 0 0
68 92 0 0
71 92 0 0
74 92 0 0
75 92 0 0
79 92 0 0
82 92 0 0
84 92 0 0
85 92 0 0
86 92 0 0
89 92 0 0
1 93 0 0
3 93 0 0
25 93 0 0
26 93 0 0
37 93 0 0
47 93 0 0
49 93 0 0
53 93 0 0
54 93 0 0
58 93 0 0
59 93 0 0
60 93 0 0
62 93 0 0
63 93 0 0
65 93 0 0
71 93 0 0
74 93 0 0
75 93 0 0
79 93 0 0
82 93 0 0
84 93 0 0
85 93 0 0
86 93 0 0
89 93 0 0
92 93 0 0
22 94 0 0
31 94 0 0
41 94 0 0
42 94 0 0
44 94 0 0
45 94 0 0
46 94 0 0
55 94 0 0
61 94 0 0
64 94 0 0
66 94 0 0
76 94 0 0
77 94 0 0
78 94 0 0
80 94 0 0
88 94 0 0
91 94 0 0
48 95 0 0
51 95 0 0
52 95 0 0
56 95 0 0
57 95 0 0
66 95 0 0
67 95 0 0
69 95 0 0
70 95 0 0
72 95 0 0
73 95 0 0
76 95 0 0
77 95 0 0
78 95 0 0
80 95 0 0
81 95 0 0
83 95 0 0
87 95 0 0
90 95 0 0
1 96 0 0
3 96 0 0
43 96 0 0
47 96 0 0
48 96 0 0
50 96 0 0
51 96 0 0
52 96 0 0
67 96 0 0
68 96 0 0
70 96 0 0
71 96 0 0
72 96 0 0
73 96 0 0
74 96 0 0
81 96 0 0
83 96 0 0
85 96 0 0
87 96 0 0
90 96 0 0
95 96 0 0
1 97 0 0
3 97 0 0
37 97 0 0
47 97 0 0
49 97 0 0
53 97 0 0
54 97 0 0
58 97 0 0
59 97 0 0
60 97 0 0
62 97 0 0
63 97 0 0
65 97 0 0
68 97 0 0
71 97 0 0
74 97 0 0
75 97 0 0
79 97 0 0
82 97 0 0
84 97 0 0
85 97 0 0
86 97 0 0
89 97 0 0
92 97 0 0
93 97 0 0
2 98 0 0
3 98 0 0
63 98 0 0
65 98 0 0
71 98 0 0
74 98 0 0
75 98 0 0
79 98 0 0
82 98 0 0
97 98 0 0
64 99 0 0
66 99 0 0
76 99 0 0
77 99 0 0
94 99 0 0
2 100 0 0
3 100 0 0
67 100 0 0
69 100 0 0
70 100 0 0
72 100 0 0
73 100 0 0
77 100 0 0
81 100 0 0
2 101 0 0
3 101 0 0
66 101 0 0
67 101 0 0
69 101 0 0
70 101 0 0
72 101 0 0
73 101 0 0
77 101 0 0
78 101 0 0
80 101 0 0
81 101 0 0
90 101 0 0
95 101 0 0
96 101 0 0
100 101 0 0
66 102 0 0
67 102 0 0
69 102 0 0
70 102 0 0
72 102 0 0
73 102 0 0
76 102 0 0
77 102 0 0
78 102 0 0
80 102 0 0
81 102 0 0
83 102 0 0
87 102 0 0
95 102 0 0
100 102 0 0
101 102 0 0
1 103 0 0
2 103 0 0
3 103 0 0
63 103 0 0
65 103 0 0
68 103 0 0
71 103 0 0
74 103 0 0
75 103 0 0
79 103 0 0
82 103 0 0
92 103 0 0
97 103 0 0
98 103 0 0
64 104 0 0
66 104 0 0
69 104 0 0
76 104 0 0
77 104 0 0
78 104 0 0
80 104 0 0
94 104 0 0
99 104 0 0
102 104 0 0
64 105 0 0
66 105 0 0
67 105 0 0
69 105 0 0
72 105 0 0
76 105 0 0
77 105 0 0
78 105 0 0
80 105 0 0
81 105 0 0
99 105 0 0
100 105 0 0
101 105 0 0
102 105 0 0
104 105 0 0
66 106 0 0
67 106 0 0
69 106 0 0
72 106 0 0
73 106 0 0
76 106 0 0
77 106 0 0
78 106 0 0
80 106 0 0
81 106 0 0
95 106 0 0
99 106 0 0
100 106 0 0
101 106 0 0
102 106 0 0
104 106 0 0
105 106 0 0
66 107 0 0
67 107 0 0
69 107 0 0
70 107 0 0
72 107 0 0
73 107 0 0
76 107 0 0
77 107 0 0
78 107 0 0
80 107 0 0
81 107 0 0
95 107 0 0
100 107 0 0
101 107 0 0
102 107 0 0
104 107 0 0
105 107 0 0
106 107 0 0
64 108 0 0
66 108 0 0
67 108 0 0
69 108 0 0
72 108 0 0
76 108 0 0
77 108 0 0
80 108 0 0
99 108 0 0
100 108 0 0
101 108 0 0
102 108 0 0
104 108 0 0
105 108 0 0
106 108 0 0
107 108 0 0
99 109 0 0
99 110 0 0
109 110 0 0
2 111 0 0
3 111 0 0
98 111 0 0
103 111 0 0
2 112 0 0
3 112 0 0
98 112 0 0
103 112 0 0
111 112 0 0
2 113 0 0
3 113 0 0
103 113 0 0
111 113 0 0
112 113 0 0
2 114 0 0
3 114 0 0
111 114 0 0
112 114 0 0
113 114 0 0
99 115 0 0
104 115 0 0
105 115 0 0
106 115 0 0
108 115 0 0
109 115 0 0
110 115 0 0
2 116 0 0
3 116 0 0
98 116 0 0
103 116 0 0
111 116 0 0
112 116 0 0
113 116 0 0
114 116 0 0
2 117 0 0
3 117 0 0
98 117 0 0
103 117 0 0
111 117 0 0
112 117 0 0
113 117 0 0
114 117 0 0
116 117 0 0
2 118 0 0
3 118 0 0
98 118 0 0
103 118 0 0
111 118 0 0
112 118 0 0
113 118 0 0
114 118 0 0
116 118 0 0
117 118 0 0
99 119 0 0
104 119 0 0
105 119 0 0
106 119 0 0
107 119 0 0
108 119 0 0
109 119 0 0
110 119 0 0
115 119 0 0
100 120 0 0
101 120 0 0
102 120 0 0
104 120 0 0
105 120 0 0
106 120 0 0
107 120 0 0
108 120 0 0
115 120 0 0
119 120 0 0
2 121 0 0
3 121 0 0
100 121 0 0
101 121 0 0
103 121 0 0
113 121 0 0
114 121 0 0
117 121 0 0
118 121 0 0
120 121 0 0
99 122 0 0
104 122 0 0
105 122 0 0
108 122 0 0
109 122 0 0
110 122 0 0
115 122 0 0
119 122 0 0
2 123 0 0
3 123 0 0
100 123 0 0
101 123 0 0
102 123 0 0
107 123 0 0
113 123 0 0
114 123 0 0
118 123 0 0
120 123 0 0
121 123 0 0
99 124 0 0
100 124 0 0
102 124 0 0
104 124 0 0
105 124 0 0
106 124 0 0
107 124 0 0
108 124 0 0
115 124 0 0
119 124 0 0
120 124 0 0
122 124 0 0
123 124 0 0
2 125 0 0
3 125 0 0
103 125 0 0
112 125 0 0
113 125 0 0
114 125 0 0
116 125 0 0
117 125 0 0
118 125 0 0
121 125 0 0
123 125 0 0
100 126 0 0
102 126 0 0
104 126 0 0
105 126 0 0
106 126 0 0
107 126 0 0
108 126 0 0
115 126 0 0
119 126 0 0
120 126 0 0
122 126 0 0
123 126 0 0
124 126 0 0
99 127 0 0
104 127 0 0
105 127 0 0
108 127 0 0
109 127 0 0
110 127 0 0
115 127 0 0
119 127 0 0
122 127 0 0
124 127 0 0
126 127 0 0
109 128 0 0
110 128 0 0
122 128 0 0
127 128 0 0
109 129 0 0
110 129 0 0
122 129 0 0
127 129 0 0
128 129 0 0
109 130 0 0
110 130 0 0
115 130 0 0
119 130 0 0
122 130 0 0
127 130 0 0
128 130 0 0
129 130 0 0
113 131 0 0
114 131 0 0
109 132 0 0
110 132 0 0
128 132 0 0
129 132 0 0
130 132 0 0
109 133 0 0
110 133 0 0
128 133 0 0
129 133 0 0
130 133 0 0
132 133 0 0
109 134 0 0
110 134 0 0
128 134 0 0
129 134 0 0
130 134 0 0
132 134 0 0
133 134 0 0
126 135 0 0
2 136 0 0
111 136 0 0
112 136 0 0
117 136 0 0
109 137 0 0
110 137 0 0
128 137 0 0
129 137 0 0
130 137 0 0
132 137 0 0
133 137 0 0
134 137 0 0
2 138 0 0
111 138 0 0
112 138 0 0
131 138 0 0
136 138 0 0
2 139 0 0
111 139 0 0
112 139 0 0
113 139 0 0
114 139 0 0
116 139 0 0
117 139 0 0
118 139 0 0
136 139 0 0
138 139 0 0
2 140 0 0
111 140 0 0
112 140 0 0
113 140 0 0
114 140 0 0
116 140 0 0
117 140 0 0
118 140 0 0
121 140 0 0
123 140 0 0
125 140 0 0
131 140 0 0
136 140 0 0
138 140 0 0
139 140 0 0
109 141 0 0
110 141 0 0
115 141 0 0
119 141 0 0
122 141 0 0
127 141 0 0
128 141 0 0
129 141 0 0
130 141 0 0
132 141 0 0
133 141 0 0
134 141 0 0
137 141 0 0
109 142 0 0
110 142 0 0
115 142 0 0
119 142 0 0
120 142 0 0
122 142 0 0
124 142 0 0
126 142 0 0
127 142 0 0
129 142 0 0
130 142 0 0
133 142 0 0
134 142 0 0
135 142 0 0
141 142 0 0
109 143 0 0
110 143 0 0
122 143 0 0
127 143 0 0
128 143 0 0
129 143 0 0
130 143 0 0
132 143 0 0
133 143 0 0
134 143 0 0
137 143 0 0
141 143 0 0
142 143 0 0
115 144 0 0
119 144 0 0
120 144 0 0
124 144 0 0
126 144 0 0
127 144 0 0
135 144 0 0
142 144 0 0
115 145 0 0
120 145 0 0
123 145 0 0
124 145 0 0
126 145 0 0
135 145 0 0
142 145 0 0
144 145 0 0
115 146 0 0
119 146 0 0
120 146 0 0
123 146 0 0
124 146 0 0
126 146 0 0
127 146 0 0
135 146 0 0
142 146 0 0
144 146 0 0
145 146 0 0
2 147 0 0
111 147 0 0
112 147 0 0
113 147 0 0
116 147 0 0
117 147 0 0
136 147 0 0
138 147 0 0
139 147 0 0
140 147 0 0
2 148 0 0
111 148 0 0
112 148 0 0
113 148 0 0
114 148 0 0
116 148 0 0
117 148 0 0
118 148 0 0
131 148 0 0
136 148 0 0
138 148 0 0
139 148 0 0
140 148 0 0
147 148 0 0
109 149 0 0
110 149 0 0
115 149 0 0
119 149 0 0
122 149 0 0
124 149 0 0
127 149 0 0
128 149 0 0
129 149 0 0
130 149 0 0
132 149 0 0
133 149 0 0
134 149 0 0
137 149 0 0
141 149 0 0
142 149 0 0
143 149 0 0
144 149 0 0
146 149 0 0
115 150 0 0
119 150 0 0
120 150 0 0
124 150 0 0
126 150 0 0
127 150 0 0
130 150 0 0
135 150 0 0
142 150 0 0
144 150 0 0
145 150 0 0
146 150 0 0
149 150 0 0
109 151 0 0
110 151 0 0
122 151 0 0
127 151 0 0
128 151 0 0
129 151 0 0
130 151 0 0
132 151 0 0
133 151 0 0
134 151 0 0
137 151 0 0
141 151 0 0
143 151 0 0
149 151 0 0
114 152 0 0
120 152 0 0
121 152 0 0
123 152 0 0
125 152 0 0
126 152 0 0
131 152 0 0
135 152 0 0
140 152 0 0
144 152 0 0
145 152 0 0
146 152 0 0
150 152 0 0
108 153 0 0
115 153 0 0
119 153 0 0
120 153 0 0
122 153 0 0
124 153 0 0
126 153 0 0
127 153 0 0
130 153 0 0
135 153 0 0
142 153 0 0
144 153 0 0
145 153 0 0
146 153 0 0
149 153 0 0
150 153 0 0
152 153 0 0
109 154 0 0
110 154 0 0
115 154 0 0
119 154 0 0
122 154 0 0
127 154 0 0
128 154 0 0
129 154 0 0
130 154 0 0
132 154 0 0
133 154 0 0
134 154 0 0
137 154 0 0
141 154 0 0
142 154 0 0
143 154 0 0
149 154 0 0
151 154 0 0
153 154 0 0
2 155 0 0
113 155 0 0
114 155 0 0
118 155 0 0
120 155 0 0
121 155 0 0
123 155 0 0
125 155 0 0
126 155 0 0
131 155 0 0
135 155 0 0
140 155 0 0
144 155 0 0
145 155 0 0
146 155 0 0
150 155 0 0
152 155 0 0
153 155 0 0
2 156 0 0
111 156 0 0
112 156 0 0
113 156 0 0
114 156 0 0
116 156 0 0
117 156 0 0
118 156 0 0
121 156 0 0
123 156 0 0
125 156 0 0
131 156 0 0
138 156 0 0
139 156 0 0
140 156 0 0
147 156 0 0
148 156 0 0
152 156 0 0
155 156 0 0
2 157 0 0
100 157 0 0
114 157 0 0
120 157 0 0
121 157 0 0
123 157 0 0
124 157 0 0
125 157 0 0
126 157 0 0
131 157 0 0
135 157 0 0
144 157 0 0
145 157 0 0
146 157 0 0
150 157 0 0
152 157 0 0
153 157 0 0
155 157 0 0
156 157 0 0
108 158 0 0
109 158 0 0
110 158 0 0
115 158 0 0
119 158 0 0
120 158 0 0
122 158 0 0
124 158 0 0
126 158 0 0
127 158 0 0
129 158 0 0
130 158 0 0
133 158 0 0
134 158 0 0
141 158 0 0
142 158 0 0
143 158 0 0
144 158 0 0
146 158 0 0
149 158 0 0
150 158 0 0
151 158 0 0
153 158 0 0
154 158 0 0
2 159 0 0
3 159 0 0
98 159 0 0
103 159 0 0
111 159 0 0
112 159 0 0
113 159 0 0
114 159 0 0
116 159 0 0
117 159 0 0
118 159 0 0
121 159 0 0
125 159 0 0
136 159 0 0
138 159 0 0
139 159 0 0
140 159 0 0
147 159 0 0
148 159 0 0
156 159 0 0
100 160 0 0
107 160 0 0
108 160 0 0
115 160 0 0
119 160 0 0
120 160 0 0
123 160 0 0
124 160 0 0
126 160 0 0
127 160 0 0
135 160 0 0
142 160 0 0
144 160 0 0
145 160 0 0
146 160 0 0
150 160 0 0
152 160 0 0
153 160 0 0
155 160 0 0
157 160 0 0
158 160 0 0
109 161 0 0
110 161 0 0
119 161 0 0
122 161 0 0
127 161 0 0
128 161 0 0
129 161 0 0
130 161 0 0
132 161 0 0
133 161 0 0
134 161 0 0
137 161 0 0
141 161 0 0
142 161 0 0
143 161 0 0
149 161 0 0
151 161 0 0
154 161 0 0
158 161 0 0
2 162 0 0
113 162 0 0
114 162 0 0
117 162 0 0
118 162 0 0
121 162 0 0
123 162 0 0
125 162 0 0
131 162 0 0
140 162 0 0
145 162 0 0
152 162 0 0
155 162 0 0
156 162 0 0
157 162 0 0
159 162 0 0
64 163 0 0
66 163 0 0
76 163 0 0
77 163 0 0
99 163 0 0
102 163 0 0
104 163 0 0
105 163 0 0
106 163 0 0
107 163 0 0
108 163 0 0
109 163 0 0
110 163 0 0
115 163 0 0
119 163 0 0
120 163 0 0
122 163 0 0
124 163 0 0
126 163 0 0
127 163 0 0
142 163 0 0
144 163 0 0
153 163 0 0
154 163 0 0
158 163 0 0
160 163 0 0
64 164 0 0
66 164 0 0
76 164 0 0
77 164 0 0
99 164 0 0
104 164 0 0
105 164 0 0
106 164 0 0
107 164 0 0
108 164 0 0
109 164 0 0
110 164 0 0
115 164 0 0
119 164 0 0
120 164 0 0
122 164 0 0
124 164 0 0
126 164 0 0
127 164 0 0
141 164 0 0
142 164 0 0
149 164 0 0
153 164 0 0
154 164 0 0
158 164 0 0
160 164 0 0
161 164 0 0
163 164 0 0
2 165 0 0
3 165 0 0
68 165 0 0
70 165 0 0
72 165 0 0
73 165 0 0
74 165 0 0
100 165 0 0
101 165 0 0
102 165 0 0
107 165 0 0
113 165 0 0
114 165 0 0
118 165 0 0
120 165 0 0
121 165 0 0
123 165 0 0
125 165 0 0
155 165 0 0
156 165 0 0
157 165 0 0
162 165 0 0
76 166 0 0
77 166 0 0
99 166 0 0
104 166 0 0
105 166 0 0
106 166 0 0
107 166 0 0
108 166 0 0
109 166 0 0
110 166 0 0
115 166 0 0
119 166 0 0
120 166 0 0
122 166 0 0
124 166 0 0
126 166 0 0
127 166 0 0
141 166 0 0
142 166 0 0
144 166 0 0
149 166 0 0
153 166 0 0
154 166 0 0
158 166 0 0
160 166 0 0
163 166 0 0
164 166 0 0
2 167 0 0
3 167 0 0
73 167 0 0
100 167 0 0
101 167 0 0
102 167 0 0
106 167 0 0
107 167 0 0
113 167 0 0
114 167 0 0
118 167 0 0
120 167 0 0
121 167 0 0
123 167 0 0
125 167 0 0
126 167 0 0
145 167 0 0
152 167 0 0
155 167 0 0
156 167 0 0
157 167 0 0
160 167 0 0
162 167 0 0
165 167 0 0
99 168 0 0
102 168 0 0
104 168 0 0
105 168 0 0
106 168 0 0
107 168 0 0
108 168 0 0
109 168 0 0
110 168 0 0
115 168 0 0
119 168 0 0
120 168 0 0
122 168 0 0
124 168 0 0
126 168 0 0
127 168 0 0
141 168 0 0
142 168 0 0
144 168 0 0
146 168 0 0
149 168 0 0
150 168 0 0
153 168 0 0
154 168 0 0
158 168 0 0
160 168 0 0
163 168 0 0
164 168 0 0
166 168 0 0
100 169 0 0
101 169 0 0
102 169 0 0
104 169 0 0
105 169 0 0
106 169 0 0
107 169 0 0
108 169 0 0
115 169 0 0
119 169 0 0
120 169 0 0
123 169 0 0
124 169 0 0
126 169 0 0
127 169 0 0
142 169 0 0
144 169 0 0
145 169 0 0
146 169 0 0
150 169 0 0
153 169 0 0
155 169 0 0
157 169 0 0
158 169 0 0
160 169 0 0
163 169 0 0
164 169 0 0
165 169 0 0
166 169 0 0
167 169 0 0
168 169 0 0
2 170 0 0
3 170 0 0
100 170 0 0
101 170 0 0
102 170 0 0
107 170 0 0
113 170 0 0
114 170 0 0
118 170 0 0
120 170 0 0
121 170 0 0
123 170 0 0
125 170 0 0
140 170 0 0
145 170 0 0
152 170 0 0
155 170 0 0
156 170 0 0
157 170 0 0
160 170 0 0
162 170 0 0
165 170 0 0
167 170 0 0
169 170 0 0
2 171 0 0
3 171 0 0
100 171 0 0
101 171 0 0
103 171 0 0
112 171 0 0
113 171 0 0
114 171 0 0
116 171 0 0
117 171 0 0
118 171 0 0
121 171 0 0
123 171 0 0
125 171 0 0
140 171 0 0
155 171 0 0
156 171 0 0
157 171 0 0
159 171 0 0
162 171 0 0
165 171 0 0
167 171 0 0
170 171 0 0
99 172 0 0
104 172 0 0
105 172 0 0
106 172 0 0
108 172 0 0
109 172 0 0
110 172 0 0
115 172 0 0
119 172 0 0
122 172 0 0
124 172 0 0
126 172 0 0
127 172 0 0
129 172 0 0
130 172 0 0
141 172 0 0
142 172 0 0
143 172 0 0
144 172 0 0
149 172 0 0
151 172 0 0
153 172 0 0
154 172 0 0
158 172 0 0
160 172 0 0
161 172 0 0
163 172 0 0
164 172 0 0
166 172 0 0
168 172 0 0
169 172 0 0
2 173 0 0
3 173 0 0
73 173 0 0
100 173 0 0
101 173 0 0
102 173 0 0
106 173 0 0
107 173 0 0
113 173 0 0
114 173 0 0
118 173 0 0
120 173 0 0
121 173 0 0
123 173 0 0
124 173 0 0
125 173 0 0
126 173 0 0
144 173 0 0
145 173 0 0
146 173 0 0
150 173 0 0
152 173 0 0
153 173 0 0
155 173 0 0
156 173 0 0
157 173 0 0
160 173 0 0
162 173 0 0
165 173 0 0
167 173 0 0
169 173 0 0
170 173 0 0
171 173 0 0
52 174 0 0
64 174 0 0
66 174 0 0
67 174 0 0
69 174 0 0
72 174 0 0
76 174 0 0
77 174 0 0
78 174 0 0
80 174 0 0
81 174 0 0
87 174 0 0
88 174 0 0
91 174 0 0
94 174 0 0
95 174 0 0
99 174 0 0
102 174 0 0
104 174 0 0
105 174 0 0
106 174 0 0
107 174 0 0
108 174 0 0
163 174 0 0
164 174 0 0
166 174 0 0
168 174 0 0
172 174 0 0
2 175 0 0
3 175 0 0
62 175 0 0
63 175 0 0
65 175 0 0
71 175 0 0
75 175 0 0
79 175 0 0
82 175 0 0
84 175 0 0
86 175 0 0
89 175 0 0
92 175 0 0
93 175 0 0
97 175 0 0
98 175 0 0
103 175 0 0
52 176 0 0
64 176 0 0
66 176 0 0
67 176 0 0
69 176 0 0
70 176 0 0
72 176 0 0
73 176 0 0
76 176 0 0
77 176 0 0
78 176 0 0
80 176 0 0
81 176 0 0
83 176 0 0
87 176 0 0
90 176 0 0
95 176 0 0
99 176 0 0
100 176 0 0
101 176 0 0
102 176 0 0
104 176 0 0
105 176 0 0
106 176 0 0
107 176 0 0
108 176 0 0
119 176 0 0
120 176 0 0
124 176 0 0
126 176 0 0
163 176 0 0
164 176 0 0
165 176 0 0
166 176 0 0
167 176 0 0
168 176 0 0
169 176 0 0
173 176 0 0
174 176 0 0
1 177 0 0
2 177 0 0
3 177 0 0
43 177 0 0
51 177 0 0
67 177 0 0
68 177 0 0
70 177 0 0
71 177 0 0
72 177 0 0
73 177 0 0
74 177 0 0
81 177 0 0
83 177 0 0
85 177 0 0
90 177 0 0
95 177 0 0
96 177 0 0
100 177 0 0
101 177 0 0
102 177 0 0
107 177 0 0
165 177 0 0
167 177 0 0
170 177 0 0
171 177 0 0
173 177 0 0
176 177 0 0
1 178 0 0
2 178 0 0
3 178 0 0
51 178 0 0
67 178 0 0
68 178 0 0
69 178 0 0
70 178 0 0
72 178 0 0
73 178 0 0
74 178 0 0
77 178 0 0
78 178 0 0
80 178 0 0
81 178 0 0
83 178 0 0
87 178 0 0
90 178 0 0
95 178 0 0
96 178 0 0
100 178 0 0
101 178 0 0
102 178 0 0
106 178 0 0
107 178 0 0
120 178 0 0
123 178 0 0
165 178 0 0
167 178 0 0
169 178 0 0
170 178 0 0
171 178 0 0
173 178 0 0
176 178 0 0
177 178 0 0
1 179 0 0
2 179 0 0
3 179 0 0
43 179 0 0
67 179 0 0
68 179 0 0
70 179 0 0
71 179 0 0
72 179 0 0
73 179 0 0
74 179 0 0
81 179 0 0
83 179 0 0
90 179 0 0
95 179 0 0
96 179 0 0
100 179 0 0
101 179 0 0
102 179 0 0
107 179 0 0
121 179 0 0
165 179 0 0
167 179 0 0
170 179 0 0
171 179 0 0
173 179 0 0
176 179 0 0
177 179 0 0
178 179 0 0
2 180 0 0
3 180 0 0
63 180 0 0
65 180 0 0
71 180 0 0
75 180 0 0
79 180 0 0
82 180 0 0
84 180 0 0
86 180 0 0
89 180 0 0
92 180 0 0
93 180 0 0
97 180 0 0
98 180 0 0
103 180 0 0
116 180 0 0
117 180 0 0
175 180 0 0
64 181 0 0
66 181 0 0
67 181 0 0
69 181 0 0
76 181 0 0
77 181 0 0
78 181 0 0
80 181 0 0
81 181 0 0
88 181 0 0
91 181 0 0
94 181 0 0
99 181 0 0
102 181 0 0
104 181 0 0
105 181 0 0
106 181 0 0
107 181 0 0
108 181 0 0
119 181 0 0
122 181 0 0
124 181 0 0
163 181 0 0
164 181 0 0
166 181 0 0
168 181 0 0
169 181 0 0
172 181 0 0
174 181 0 0
176 181 0 0
1 182 0 0
2 182 0 0
3 182 0 0
43 182 0 0
68 182 0 0
70 182 0 0
71 182 0 0
72 182 0 0
73 182 0 0
74 182 0 0
85 182 0 0
90 182 0 0
92 182 0 0
96 182 0 0
100 182 0 0
101 182 0 0
102 182 0 0
103 182 0 0
118 182 0 0
121 182 0 0
123 182 0 0
125 182 0 0
165 182 0 0
167 182 0 0
170 182 0 0
171 182 0 0
173 182 0 0
177 182 0 0
178 182 0 0
179 182 0 0
1 183 0 1
3 183 0 1
4 183 0 1
5 183 0 1
10 183 0 1
11 183 0 1
16 183 0 1
17 183 0 1
18 183 0 1
25 183 0 1
26 183 0 1
27 183 0 1
30 183 0 1
35 183 0 1
37 183 0 1
39 183 0 1
43 183 0 1
47 183 0 1
49 183 0 1
50 183 0 1
51 183 0 1
53 183 0 1
54 183 0 1
58 183 0 1
59 183 0 1
60 183 0 1
62 183 0 1
71 183 0 1
84 183 0 1
85 183 0 1
89 183 0 1
90 183 0 1
92 183 0 1
93 183 0 1
96 183 0 1
97 183 0 1
6 184 0 1
7 184 0 1
8 184 0 1
13 184 0 1
14 184 0 1
15 184 0 1
19 184 0 1
20 184 0 1
21 184 0 1
22 184 0 1
23 184 0 1
24 184 0 1
28 184 0 1
29 184 0 1
31 184 0 1
32 184 0 1
36 184 0 1
41 184 0 1
55 184 0 1
61 184 0 1
4 185 0 1
16 185 0 1
18 185 0 1
25 185 0 1
26 185 0 1
27 185 0 1
30 185 0 1
35 185 0 1
37 185 0 1
53 185 0 1
54 185 0 1
58 185 0 1
60 185 0 1
62 185 0 1
6 186 0 1
7 186 0 1
8 186 0 1
9 186 0 1
12 186 0 1
13 186 0 1
14 186 0 1
15 186 0 1
19 186 0 1
20 186 0 1
23 186 0 1
24 186 0 1
28 186 0 1
29 186 0 1
31 186 0 1
32 186 0 1
33 186 0 1
36 186 0 1
38 186 0 1
55 186 0 1
8 187 0 1
9 187 0 1
12 187 0 1
13 187 0 1
14 187 0 1
19 187 0 1
20 187 0 1
24 187 0 1
28 187 0 1
29 187 0 1
31 187 0 1
33 187 0 1
34 187 0 1
38 187 0 1
40 187 0 1
56 187 0 1
57 187 0 1
5 188 0 1
9 188 0 1
10 188 0 1
11 188 0 1
17 188 0 1
18 188 0 1
34 188 0 1
35 188 0 1
39 188 0 1
40 188 0 1
56 188 0 1
4 189 0 1
5 189 0 1
10 189 0 1
11 189 0 1
16 189 0 1
17 189 0 1
18 189 0 1
25 189 0 1
26 189 0 1
27 189 0 1
30 189 0 1
35 189 0 1
37 189 0 1
54 189 0 1
59 189 0 1
4 190 0 1
5 190 0 1
11 190 0 1
16 190 0 1
17 190 0 1
18 190 0 1
25 190 0 1
26 190 0 1
27 190 0 1
30 190 0 1
35 190 0 1
37 190 0 1
53 190 0 1
54 190 0 1
59 190 0 1
4 191 0 1
5 191 0 1
16 191 0 1
17 191 0 1
18 191 0 1
25 191 0 1
26 191 0 1
27 191 0 1
30 191 0 1
35 191 0 1
37 191 0 1
53 191 0 1
54 191 0 1
59 191 0 1
62 191 0 1
5 192 0 1
9 192 0 1
10 192 0 1
11 192 0 1
12 192 0 1
14 192 0 1
29 192 0 1
33 192 0 1
34 192 0 1
38 192 0 1
39 192 0 1
40 192 0 1
56 192 0 1
57 192 0 1
5 193 0 1
9 193 0 1
10 193 0 1
11 193 0 1
12 193 0 1
14 193 0 1
33 193 0 1
34 193 0 1
38 193 0 1
39 193 0 1
40 193 0 1
56 193 0 1
57 193 0 1
6 194 0 1
7 194 0 1
8 194 0 1
13 194 0 1
14 194 0 1
15 194 0 1
19 194 0 1
20 194 0 1
21 194 0 1
22 194 0 1
23 194 0 1
24 194 0 1
28 194 0 1
29 194 0 1
31 194 0 1
32 194 0 1
36 194 0 1
41 194 0 1
44 194 0 1
55 194 0 1
61 194 0 1
6 195 0 1
7 195 0 1
8 195 0 1
9 195 0 1
12 195 0 1
13 195 0 1
14 195 0 1
15 195 0 1
19 195 0 1
20 195 0 1
21 195 0 1
22 195 0 1
23 195 0 1
24 195 0 1
28 195 0 1
29 195 0 1
31 195 0 1
32 195 0 1
36 195 0 1
38 195 0 1
41 195 0 1
46 195 0 1
55 195 0 1
61 195 0 1
4 196 0 1
5 196 0 1
16 196 0 1
17 196 0 1
18 196 0 1
25 196 0 1
26 196 0 1
27 196 0 1
30 196 0 1
35 196 0 1
37 196 0 1
53 196 0 1
54 196 0 1
58 196 0 1
59 196 0 1
60 196 0 1
62 196 0 1
7 197 0 1
8 197 0 1
9 197 0 1
12 197 0 1
13 197 0 1
14 197 0 1
15 197 0 1
19 197 0 1
20 197 0 1
24 197 0 1
28 197 0 1
29 197 0 1
31 197 0 1
33 197 0 1
34 197 0 1
38 197 0 1
40 197 0 1
56 197 0 1
57 197 0 1
7 198 0 1
8 198 0 1
9 198 0 1
12 198 0 1
13 198 0 1
14 198 0 1
15 198 0 1
19 198 0 1
20 198 0 1
23 198 0 1
24 198 0 1
28 198 0 1
29 198 0 1
31 198 0 1
33 198 0 1
34 198 0 1
36 198 0 1
38 198 0 1
40 198 0 1
55 198 0 1
56 198 0 1
57 198 0 1
61 198 0 1
9 199 0 1
10 199 0 1
11 199 0 1
12 199 0 1
13 199 0 1
14 199 0 1
20 199 0 1
24 199 0 1
29 199 0 1
31 199 0 1
33 199 0 1
34 199 0 1
38 199 0 1
39 199 0 1
40 199 0 1
56 199 0 1
57 199 0 1
4 200 0 1
16 200 0 1
17 200 0 1
18 200 0 1
25 200 0 1
26 200 0 1
27 200 0 1
30 200 0 1
35 200 0 1
37 200 0 1
53 200 0 1
54 200 0 1
58 200 0 1
59 200 0 1
60 200 0 1
62 200 0 1
6 201 0 1
7 201 0 1
8 201 0 1
13 201 0 1
14 201 0 1
15 201 0 1
19 201 0 1
20 201 0 1
21 201 0 1
22 201 0 1
23 201 0 1
24 201 0 1
28 201 0 1
29 201 0 1
31 201 0 1
32 201 0 1
36 201 0 1
41 201 0 1
42 201 0 1
44 201 0 1
45 201 0 1
46 201 0 1
55 201 0 1
61 201 0 1
4 202 0 1
16 202 0 1
18 202 0 1
25 202 0 1
26 202 0 1
27 202 0 1
30 202 0 1
35 202 0 1
37 202 0 1
47 202 0 1
49 202 0 1
53 202 0 1
54 202 0 1
58 202 0 1
59 202 0 1
60 202 0 1
62 202 0 1
92 202 0 1
9 203 0 1
10 203 0 1
11 203 0 1
12 203 0 1
14 203 0 1
20 203 0 1
24 203 0 1
29 203 0 1
33 203 0 1
34 203 0 1
38 203 0 1
39 203 0 1
40 203 0 1
48 203 0 1
51 203 0 1
52 203 0 1
56 203 0 1
57 203 0 1
5 204 0 1
9 204 0 1
10 204 0 1
11 204 0 1
12 204 0 1
14 204 0 1
33 204 0 1
34 204 0 1
38 204 0 1
39 204 0 1
40 204 0 1
48 204 0 1
50 204 0 1
51 204 0 1
52 204 0 1
56 204 0 1
57 204 0 1
5 205 0 1
10 205 0 1
11 205 0 1
16 205 0 1
17 205 0 1
18 205 0 1
25 205 0 1
26 205 0 1
27 205 0 1
30 205 0 1
35 205 0 1
37 205 0 1
39 205 0 1
43 205 0 1
47 205 0 1
49 205 0 1
50 205 0 1
51 205 0 1
54 205 0 1
59 205 0 1
62 205 0 1
9 206 0 1
12 206 0 1
13 206 0 1
14 206 0 1
19 206 0 1
20 206 0 1
24 206 0 1
28 206 0 1
29 206 0 1
31 206 0 1
33 206 0 1
34 206 0 1
38 206 0 1
39 206 0 1
40 206 0 1
46 206 0 1
48 206 0 1
52 206 0 1
56 206 0 1
57 206 0 1
61 206 0 1
4 207 0 1
16 207 0 1
18 207 0 1
25 207 0 1
26 207 0 1
27 207 0 1
30 207 0 1
35 207 0 1
37 207 0 1
53 207 0 1
54 207 0 1
58 207 0 1
59 207 0 1
60 207 0 1
62 207 0 1
4 208 0 1
5 208 0 1
10 208 0 1
11 208 0 1
16 208 0 1
17 208 0 1
18 208 0 1
25 208 0 1
26 208 0 1
27 208 0 1
30 208 0 1
35 208 0 1
37 208 0 1
39 208 0 1
47 208 0 1
50 208 0 1
54 208 0 1
59 208 0 1
62 208 0 1
6 209 0 1
7 209 0 1
8 209 0 1
9 209 0 1
12 209 0 1
13 209 0 1
14 209 0 1
15 209 0 1
19 209 0 1
20 209 0 1
21 209 0 1
22 209 0 1
23 209 0 1
24 209 0 1
28 209 0 1
29 209 0 1
31 209 0 1
32 209 0 1
36 209 0 1
38 209 0 1
41 209 0 1
44 209 0 1
45 209 0 1
46 209 0 1
55 209 0 1
61 209 0 1
4 210 0 1
16 210 0 1
17 210 0 1
18 210 0 1
25 210 0 1
26 210 0 1
27 210 0 1
30 210 0 1
35 210 0 1
37 210 0 1
53 210 0 1
54 210 0 1
58 210 0 1
59 210 0 1
60 210 0 1
62 210 0 1
5 211 0 1
10 211 0 1
11 211 0 1
17 211 0 1
18 211 0 1
33 211 0 1
34 211 0 1
35 211 0 1
39 211 0 1
40 211 0 1
48 211 0 1
50 211 0 1
51 211 0 1
56 211 0 1
57 211 0 1
59 211 0 1
9 212 0 1
10 212 0 1
11 212 0 1
12 212 0 1
13 212 0 1
14 212 0 1
20 212 0 1
24 212 0 1
29 212 0 1
31 212 0 1
33 212 0 1
34 212 0 1
38 212 0 1
39 212 0 1
40 212 0 1
48 212 0 1
52 212 0 1
56 212 0 1
57 212 0 1
5 213 0 1
9 213 0 1
10 213 0 1
11 213 0 1
12 213 0 1
17 213 0 1
33 213 0 1
34 213 0 1
39 213 0 1
40 213 0 1
48 213 0 1
51 213 0 1
56 213 0 1
57 213 0 1
3 214 0 1
16 214 0 1
25 214 0 1
26 214 0 1
27 214 0 1
30 214 0 1
35 214 0 1
37 214 0 1
47 214 0 1
49 214 0 1
53 214 0 1
54 214 0 1
58 214 0 1
59 214 0 1
60 214 0 1
62 214 0 1
63 214 0 1
65 214 0 1
75 214 0 1
79 214 0 1
82 214 0 1
84 214 0 1
85 214 0 1
86 214 0 1
89 214 0 1
92 214 0 1
93 214 0 1
97 214 0 1
12 215 0 1
14 215 0 1
24 215 0 1
29 215 0 1
33 215 0 1
34 215 0 1
38 215 0 1
39 215 0 1
40 215 0 1
48 215 0 1
51 215 0 1
52 215 0 1
56 215 0 1
57 215 0 1
67 215 0 1
69 215 0 1
78 215 0 1
80 215 0 1
81 215 0 1
83 215 0 1
87 215 0 1
90 215 0 1
95 215 0 1
9 216 0 1
12 216 0 1
14 216 0 1
20 216 0 1
24 216 0 1
29 216 0 1
31 216 0 1
33 216 0 1
34 216 0 1
38 216 0 1
39 216 0 1
40 216 0 1
44 216 0 1
46 216 0 1
48 216 0 1
52 216 0 1
56 216 0 1
57 216 0 1
61 216 0 1
67 216 0 1
69 216 0 1
78 216 0 1
80 216 0 1
81 216 0 1
83 216 0 1
87 216 0 1
91 216 0 1
95 216 0 1
12 217 0 1
13 217 0 1
14 217 0 1
19 217 0 1
20 217 0 1
23 217 0 1
24 217 0 1
28 217 0 1
29 217 0 1
31 217 0 1
33 217 0 1
34 217 0 1
36 217 0 1
38 217 0 1
40 217 0 1
41 217 0 1
42 217 0 1
44 217 0 1
45 217 0 1
46 217 0 1
48 217 0 1
52 217 0 1
55 217 0 1
56 217 0 1
57 217 0 1
61 217 0 1
64 217 0 1
76 217 0 1
78 217 0 1
80 217 0 1
83 217 0 1
87 217 0 1
88 217 0 1
91 217 0 1
94 217 0 1
95 217 0 1
13 218 0 1
15 218 0 1
19 218 0 1
20 218 0 1
21 218 0 1
22 218 0 1
23 218 0 1
24 218 0 1
28 218 0 1
29 218 0 1
31 218 0 1
32 218 0 1
36 218 0 1
38 218 0 1
41 218 0 1
42 218 0 1
44 218 0 1
45 218 0 1
46 218 0 1
55 218 0 1
61 218 0 1
64 218 0 1
88 218 0 1
91 218 0 1
94 218 0 1
7 219 0 1
8 219 0 1
13 219 0 1
14 219 0 1
15 219 0 1
19 219 0 1
20 219 0 1
21 219 0 1
22 219 0 1
23 219 0 1
24 219 0 1
28 219 0 1
29 219 0 1
31 219 0 1
32 219 0 1
36 219 0 1
38 219 0 1
41 219 0 1
42 219 0 1
44 219 0 1
45 219 0 1
46 219 0 1
55 219 0 1
61 219 0 1
88 219 0 1
91 219 0 1
94 219 0 1
8 220 0 1
9 220 0 1
12 220 0 1
13 220 0 1
14 220 0 1
15 220 0 1
19 220 0 1
20 220 0 1
21 220 0 1
22 220 0 1
23 220 0 1
24 220 0 1
28 220 0 1
29 220 0 1
31 220 0 1
32 220 0 1
33 220 0 1
34 220 0 1
36 220 0 1
38 220 0 1
40 220 0 1
41 220 0 1
42 220 0 1
44 220 0 1
45 220 0 1
46 220 0 1
52 220 0 1
55 220 0 1
56 220 0 1
57 220 0 1
61 220 0 1
88 220 0 1
91 220 0 1
94 220 0 1
9 221 0 1
10 221 0 1
12 221 0 1
14 221 0 1
20 221 0 1
24 221 0 1
29 221 0 1
33 221 0 1
34 221 0 1
38 221 0 1
39 221 0 1
40 221 0 1
48 221 0 1
51 221 0 1
52 221 0 1
56 221 0 1
57 221 0 1
78 221 0 1
81 221 0 1
83 221 0 1
87 221 0 1
95 221 0 1
9 222 0 1
10 222 0 1
11 222 0 1
12 222 0 1
14 222 0 1
29 222 0 1
33 222 0 1
34 222 0 1
38 222 0 1
39 222 0 1
40 222 0 1
48 222 0 1
51 222 0 1
52 222 0 1
56 222 0 1
57 222 0 1
78 222 0 1
83 222 0 1
87 222 0 1
90 222 0 1
95 222 0 1
96 222 0 1
9 223 0 1
12 223 0 1
13 223 0 1
14 223 0 1
15 223 0 1
19 223 0 1
20 223 0 1
23 223 0 1
24 223 0 1
28 223 0 1
29 223 0 1
31 223 0 1
33 223 0 1
34 223 0 1
36 223 0 1
38 223 0 1
40 223 0 1
41 223 0 1
42 223 0 1
44 223 0 1
45 223 0 1
46 223 0 1
48 223 0 1
52 223 0 1
55 223 0 1
56 223 0 1
57 223 0 1
61 223 0 1
78 223 0 1
87 223 0 1
88 223 0 1
91 223 0 1
94 223 0 1
9 224 0 1
12 224 0 1
13 224 0 1
14 224 0 1
20 224 0 1
24 224 0 1
29 224 0 1
31 224 0 1
33 224 0 1
34 224 0 1
38 224 0 1
39 224 0 1
40 224 0 1
46 224 0 1
48 224 0 1
51 224 0 1
52 224 0 1
56 224 0 1
57 224 0 1
61 224 0 1
78 224 0 1
80 224 0 1
83 224 0 1
87 224 0 1
95 224 0 1
1 225 0 1
3 225 0 1
4 225 0 1
16 225 0 1
17 225 0 1
18 225 0 1
25 225 0 1
26 225 0 1
27 225 0 1
30 225 0 1
35 225 0 1
37 225 0 1
43 225 0 1
47 225 0 1
49 225 0 1
50 225 0 1
53 225 0 1
54 225 0 1
58 225 0 1
59 225 0 1
60 225 0 1
62 225 0 1
79 225 0 1
84 225 0 1
85 225 0 1
86 225 0 1
89 225 0 1
92 225 0 1
93 225 0 1
97 225 0 1
1 226 0 1
3 226 0 1
4 226 0 1
16 226 0 1
17 226 0 1
18 226 0 1
25 226 0 1
26 226 0 1
27 226 0 1
30 226 0 1
35 226 0 1
37 226 0 1
47 226 0 1
49 226 0 1
53 226 0 1
54 226 0 1
58 226 0 1
59 226 0 1
60 226 0 1
62 226 0 1
63 226 0 1
79 226 0 1
82 226 0 1
84 226 0 1
85 226 0 1
86 226 0 1
89 226 0 1
92 226 0 1
93 226 0 1
97 226 0 1
8 227 0 1
13 227 0 1
14 227 0 1
15 227 0 1
19 227 0 1
20 227 0 1
21 227 0 1
22 227 0 1
23 227 0 1
24 227 0 1
28 227 0 1
29 227 0 1
31 227 0 1
32 227 0 1
33 227 0 1
36 227 0 1
38 227 0 1
41 227 0 1
42 227 0 1
44 227 0 1
45 227 0 1
46 227 0 1
52 227 0 1
55 227 0 1
57 227 0 1
61 227 0 1
64 227 0 1
88 227 0 1
91 227 0 1
94 227 0 1
12 228 0 1
13 228 0 1
14 228 0 1
15 228 0 1
19 228 0 1
20 228 0 1
22 228 0 1
23 228 0 1
24 228 0 1
28 228 0 1
29 228 0 1
31 228 0 1
33 228 0 1
34 228 0 1
36 228 0 1
38 228 0 1
40 228 0 1
41 228 0 1
42 228 0 1
44 228 0 1
45 228 0 1
46 228 0 1
48 228 0 1
52 228 0 1
55 228 0 1
56 228 0 1
57 228 0 1
61 228 0 1
78 228 0 1
80 228 0 1
87 228 0 1
88 228 0 1
91 228 0 1
94 228 0 1
9 229 0 1
12 229 0 1
13 229 0 1
14 229 0 1
19 229 0 1
20 229 0 1
23 229 0 1
24 229 0 1
28 229 0 1
29 229 0 1
31 229 0 1
33 229 0 1
34 229 0 1
36 229 0 1
38 229 0 1
40 229 0 1
41 229 0 1
42 229 0 1
44 229 0 1
45 229 0 1
46 229 0 1
48 229 0 1
52 229 0 1
55 229 0 1
56 229 0 1
57 229 0 1
61 229 0 1
78 229 0 1
80 229 0 1
83 229 0 1
87 229 0 1
88 229 0 1
91 229 0 1
94 229 0 1
95 229 0 1
7 230 0 1
8 230 0 1
9 230 0 1
12 230 0 1
13 230 0 1
14 230 0 1
15 230 0 1
19 230 0 1
20 230 0 1
21 230 0 1
22 230 0 1
23 230 0 1
24 230 0 1
28 230 0 1
29 230 0 1
31 230 0 1
32 230 0 1
33 230 0 1
34 230 0 1
36 230 0 1
38 230 0 1
40 230 0 1
41 230 0 1
42 230 0 1
44 230 0 1
45 230 0 1
46 230 0 1
52 230 0 1
55 230 0 1
56 230 0 1
57 230 0 1
61 230 0 1
88 230 0 1
91 230 0 1
7 231 0 1
8 231 0 1
9 231 0 1
12 231 0 1
13 231 0 1
14 231 0 1
15 231 0 1
19 231 0 1
20 231 0 1
23 231 0 1
24 231 0 1
28 231 0 1
29 231 0 1
31 231 0 1
33 231 0 1
34 231 0 1
36 231 0 1
38 231 0 1
40 231 0 1
41 231 0 1
42 231 0 1
44 231 0 1
45 231 0 1
46 231 0 1
48 231 0 1
52 231 0 1
55 231 0 1
56 231 0 1
57 231 0 1
61 231 0 1
5 232 0 1
10 232 0 1
11 232 0 1
17 232 0 1
18 232 0 1
25 232 0 1
26 232 0 1
30 232 0 1
35 232 0 1
37 232 0 1
39 232 0 1
43 232 0 1
47 232 0 1
49 232 0 1
50 232 0 1
51 232 0 1
54 232 0 1
59 232 0 1
62 232 0 1
85 232 0 1
5 233 0 1
9 233 0 1
10 233 0 1
11 233 0 1
12 233 0 1
14 233 0 1
24 233 0 1
29 233 0 1
33 233 0 1
34 233 0 1
38 233 0 1
39 233 0 1
40 233 0 1
48 233 0 1
51 233 0 1
52 233 0 1
56 233 0 1
57 233 0 1
83 233 0 1
87 233 0 1
1 234 0 1
3 234 0 1
5 234 0 1
10 234 0 1
11 234 0 1
17 234 0 1
18 234 0 1
25 234 0 1
26 234 0 1
33 234 0 1
34 234 0 1
35 234 0 1
39 234 0 1
40 234 0 1
43 234 0 1
47 234 0 1
48 234 0 1
49 234 0 1
50 234 0 1
51 234 0 1
54 234 0 1
56 234 0 1
57 234 0 1
59 234 0 1
83 234 0 1
85 234 0 1
90 234 0 1
96 234 0 1
3 235 0 1
4 235 0 1
16 235 0 1
17 235 0 1
18 235 0 1
25 235 0 1
26 235 0 1
27 235 0 1
30 235 0 1
35 235 0 1
37 235 0 1
47 235 0 1
49 235 0 1
53 235 0 1
54 235 0 1
58 235 0 1
59 235 0 1
60 235 0 1
62 235 0 1
84 235 0 1
85 235 0 1
86 235 0 1
89 235 0 1
92 235 0 1
93 235 0 1
97 235 0 1
5 236 0 1
9 236 0 1
10 236 0 1
11 236 0 1
12 236 0 1
33 236 0 1
34 236 0 1
38 236 0 1
39 236 0 1
40 236 0 1
48 236 0 1
50 236 0 1
51 236 0 1
52 236 0 1
56 236 0 1
57 236 0 1
83 236 0 1
87 236 0 1
90 236 0 1
9 237 0 1
10 237 0 1
11 237 0 1
12 237 0 1
14 237 0 1
20 237 0 1
24 237 0 1
29 237 0 1
33 237 0 1
34 237 0 1
38 237 0 1
39 237 0 1
40 237 0 1
48 237 0 1
51 237 0 1
52 237 0 1
56 237 0 1
57 237 0 1
83 237 0 1
87 237 0 1
9 238 0 1
12 238 0 1
13 238 0 1
14 238 0 1
15 238 0 1
19 238 0 1
20 238 0 1
23 238 0 1
24 238 0 1
28 238 0 1
29 238 0 1
31 238 0 1
33 238 0 1
34 238 0 1
36 238 0 1
38 238 0 1
39 238 0 1
40 238 0 1
41 238 0 1
42 238 0 1
44 238 0 1
45 238 0 1
46 238 0 1
48 238 0 1
52 238 0 1
55 238 0 1
56 238 0 1
57 238 0 1
61 238 0 1
78 238 0 1
83 238 0 1
87 238 0 1
91 238 0 1
95 238 0 1
1 239 0 1
3 239 0 1
25 239 0 1
26 239 0 1
27 239 0 1
37 239 0 1
43 239 0 1
47 239 0 1
49 239 0 1
53 239 0 1
54 239 0 1
58 239 0 1
59 239 0 1
60 239 0 1
62 239 0 1
63 239 0 1
65 239 0 1
68 239 0 1
71 239 0 1
74 239 0 1
75 239 0 1
79 239 0 1
82 239 0 1
84 239 0 1
85 239 0 1
86 239 0 1
89 239 0 1
92 239 0 1
93 239 0 1
97 239 0 1
175 239 0 1
180 239 0 1
21 240 0 1
22 240 0 1
23 240 0 1
31 240 0 1
32 240 0 1
36 240 0 1
41 240 0 1
42 240 0 1
44 240 0 1
45 240 0 1
46 240 0 1
55 240 0 1
61 240 0 1
64 240 0 1
88 240 0 1
91 240 0 1
94 240 0 1
41 241 0 1
42 241 0 1
44 241 0 1
45 241 0 1
46 241 0 1
64 241 0 1
76 241 0 1
88 241 0 1
91 241 0 1
94 241 0 1
99 241 0 1
42 242 0 1
44 242 0 1
45 242 0 1
46 242 0 1
52 242 0 1
61 242 0 1
64 242 0 1
66 242 0 1
67 242 0 1
69 242 0 1
76 242 0 1
77 242 0 1
78 242 0 1
80 242 0 1
81 242 0 1
87 242 0 1
88 242 0 1
91 242 0 1
94 242 0 1
95 242 0 1
99 242 0 1
104 242 0 1
105 242 0 1
106 242 0 1
108 242 0 1
163 242 0 1
174 242 0 1
176 242 0 1
181 242 0 1
41 243 0 1
42 243 0 1
44 243 0 1
45 243 0 1
46 243 0 1
52 243 0 1
61 243 0 1
64 243 0 1
66 243 0 1
69 243 0 1
76 243 0 1
77 243 0 1
78 243 0 1
80 243 0 1
81 243 0 1
88 243 0 1
91 243 0 1
94 243 0 1
99 243 0 1
104 243 0 1
105 243 0 1
106 243 0 1
108 243 0 1
164 243 0 1
174 243 0 1
176 243 0 1
181 243 0 1
48 244 0 1
52 244 0 1
64 244 0 1
66 244 0 1
67 244 0 1
69 244 0 1
72 244 0 1
73 244 0 1
76 244 0 1
77 244 0 1
78 244 0 1
80 244 0 1
81 244 0 1
83 244 0 1
87 244 0 1
91 244 0 1
94 244 0 1
95 244 0 1
99 244 0 1
101 244 0 1
102 244 0 1
104 244 0 1
105 244 0 1
106 244 0 1
107 244 0 1
108 244 0 1
163 244 0 1
174 244 0 1
176 244 0 1
181 244 0 1
21 245 0 1
22 245 0 1
41 245 0 1
42 245 0 1
44 245 0 1
45 245 0 1
46 245 0 1
55 245 0 1
61 245 0 1
64 245 0 1
76 245 0 1
88 245 0 1
91 245 0 1
94 245 0 1
1 246 0 1
43 246 0 1
48 246 0 1
50 246 0 1
51 246 0 1
52 246 0 1
56 246 0 1
66 246 0 1
67 246 0 1
68 246 0 1
69 246 0 1
70 246 0 1
72 246 0 1
73 246 0 1
77 246 0 1
78 246 0 1
80 246 0 1
81 246 0 1
83 246 0 1
87 246 0 1
90 246 0 1
95 246 0 1
96 246 0 1
100 246 0 1
101 246 0 1
102 246 0 1
107 246 0 1
176 246 0 1
177 246 0 1
178 246 0 1
179 246 0 1
182 246 0 1
48 247 0 1
51 247 0 1
52 247 0 1
56 247 0 1
57 247 0 1
66 247 0 1
67 247 0 1
69 247 0 1
72 247 0 1
73 247 0 1
76 247 0 1
77 247 0 1
78 247 0 1
80 247 0 1
81 247 0 1
83 247 0 1
87 247 0 1
90 247 0 1
91 247 0 1
95 247 0 1
96 247 0 1
101 247 0 1
102 247 0 1
105 247 0 1
106 247 0 1
107 247 0 1
174 247 0 1
176 247 0 1
178 247 0 1
181 247 0 1
42 248 0 1
46 248 0 1
48 248 0 1
52 248 0 1
56 248 0 1
57 248 0 1
64 248 0 1
66 248 0 1
67 248 0 1
69 248 0 1
72 248 0 1
73 248 0 1
76 248 0 1
77 248 0 1
78 248 0 1
80 248 0 1
81 248 0 1
83 248 0 1
87 248 0 1
88 248 0 1
91 248 0 1
94 248 0 1
95 248 0 1
102 248 0 1
104 248 0 1
105 248 0 1
106 248 0 1
107 248 0 1
174 248 0 1
176 248 0 1
181 248 0 1
42 249 0 1
44 249 0 1
45 249 0 1
46 249 0 1
48 249 0 1
52 249 0 1
57 249 0 1
61 249 0 1
64 249 0 1
66 249 0 1
67 249 0 1
69 249 0 1
72 249 0 1
76 249 0 1
77 249 0 1
78 249 0 1
80 249 0 1
81 249 0 1
83 249 0 1
87 249 0 1
88 249 0 1
91 249 0 1
94 249 0 1
95 249 0 1
102 249 0 1
104 249 0 1
105 249 0 1
106 249 0 1
107 249 0 1
108 249 0 1
174 249 0 1
176 249 0 1
181 249 0 1
24 250 0 1
31 250 0 1
41 250 0 1
42 250 0 1
44 250 0 1
45 250 0 1
46 250 0 1
48 250 0 1
52 250 0 1
55 250 0 1
61 250 0 1
64 250 0 1
66 250 0 1
67 250 0 1
69 250 0 1
76 250 0 1
77 250 0 1
78 250 0 1
80 250 0 1
81 250 0 1
87 250 0 1
88 250 0 1
91 250 0 1
94 250 0 1
95 250 0 1
99 250 0 1
104 250 0 1
105 250 0 1
106 250 0 1
174 250 0 1
176 250 0 1
181 250 0 1
1 251 0 1
3 251 0 1
43 251 0 1
48 251 0 1
50 251 0 1
51 251 0 1
52 251 0 1
67 251 0 1
68 251 0 1
69 251 0 1
70 251 0 1
72 251 0 1
73 251 0 1
77 251 0 1
78 251 0 1
80 251 0 1
81 251 0 1
83 251 0 1
87 251 0 1
90 251 0 1
95 251 0 1
96 251 0 1
100 251 0 1
101 251 0 1
102 251 0 1
107 251 0 1
176 251 0 1
177 251 0 1
178 251 0 1
179 251 0 1
182 251 0 1
48 252 0 1
51 252 0 1
52 252 0 1
66 252 0 1
67 252 0 1
69 252 0 1
70 252 0 1
72 252 0 1
73 252 0 1
77 252 0 1
78 252 0 1
80 252 0 1
81 252 0 1
83 252 0 1
87 252 0 1
90 252 0 1
95 252 0 1
96 252 0 1
100 252 0 1
101 252 0 1
102 252 0 1
106 252 0 1
107 252 0 1
174 252 0 1
176 252 0 1
177 252 0 1
178 252 0 1
179 252 0 1
182 252 0 1
22 253 0 1
41 253 0 1
42 253 0 1
44 253 0 1
45 253 0 1
46 253 0 1
55 253 0 1
61 253 0 1
64 253 0 1
66 253 0 1
76 253 0 1
80 253 0 1
88 253 0 1
91 253 0 1
94 253 0 1
99 253 0 1
104 253 0 1
174 253 0 1
181 253 0 1
21 254 0 1
22 254 0 1
23 254 0 1
24 254 0 1
31 254 0 1
32 254 0 1
36 254 0 1
41 254 0 1
42 254 0 1
44 254 0 1
45 254 0 1
46 254 0 1
55 254 0 1
61 254 0 1
64 254 0 1
76 254 0 1
88 254 0 1
91 254 0 1
94 254 0 1
23 255 0 1
24 255 0 1
31 255 0 1
38 255 0 1
41 255 0 1
42 255 0 1
44 255 0 1
45 255 0 1
46 255 0 1
52 255 0 1
55 255 0 1
57 255 0 1
61 255 0 1
64 255 0 1
66 255 0 1
69 255 0 1
76 255 0 1
77 255 0 1
78 255 0 1
80 255 0 1
81 255 0 1
87 255 0 1
88 255 0 1
91 255 0 1
94 255 0 1
174 255 0 1
181 255 0 1
24 256 0 1
31 256 0 1
38 256 0 1
41 256 0 1
42 256 0 1
44 256 0 1
45 256 0 1
46 256 0 1
48 256 0 1
52 256 0 1
55 256 0 1
56 256 0 1
57 256 0 1
61 256 0 1
64 256 0 1
66 256 0 1
67 256 0 1
69 256 0 1
76 256 0 1
77 256 0 1
78 256 0 1
80 256 0 1
81 256 0 1
83 256 0 1
87 256 0 1
88 256 0 1
91 256 0 1
94 256 0 1
95 256 0 1
174 256 0 1
176 256 0 1
181 256 0 1
24 257 0 1
33 257 0 1
34 257 0 1
38 257 0 1
39 257 0 1
40 257 0 1
46 257 0 1
48 257 0 1
51 257 0 1
52 257 0 1
56 257 0 1
57 257 0 1
64 257 0 1
66 257 0 1
67 257 0 1
69 257 0 1
72 257 0 1
73 257 0 1
76 257 0 1
77 257 0 1
78 257 0 1
80 257 0 1
81 257 0 1
83 257 0 1
87 257 0 1
90 257 0 1
91 257 0 1
94 257 0 1
95 257 0 1
102 257 0 1
106 257 0 1
174 257 0 1
176 257 0 1
181 257 0 1
13 258 0 1
14 258 0 1
15 258 0 1
19 258 0 1
20 258 0 1
21 258 0 1
22 258 0 1
23 258 0 1
24 258 0 1
28 258 0 1
29 258 0 1
31 258 0 1
32 258 0 1
33 258 0 1
36 258 0 1
38 258 0 1
40 258 0 1
41 258 0 1
42 258 0 1
44 258 0 1
45 258 0 1
46 258 0 1
48 258 0 1
52 258 0 1
55 258 0 1
56 258 0 1
57 258 0 1
61 258 0 1
64 258 0 1
66 258 0 1
69 258 0 1
76 258 0 1
78 258 0 1
80 258 0 1
87 258 0 1
88 258 0 1
91 258 0 1
94 258 0 1
174 258 0 1
1 259 0 1
3 259 0 1
11 259 0 1
17 259 0 1
18 259 0 1
25 259 0 1
26 259 0 1
35 259 0 1
37 259 0 1
39 259 0 1
43 259 0 1
47 259 0 1
48 259 0 1
49 259 0 1
50 259 0 1
51 259 0 1
54 259 0 1
59 259 0 1
62 259 0 1
68 259 0 1
70 259 0 1
71 259 0 1
74 259 0 1
85 259 0 1
89 259 0 1
90 259 0 1
92 259 0 1
96 259 0 1
24 260 0 1
29 260 0 1
33 260 0 1
34 260 0 1
38 260 0 1
39 260 0 1
40 260 0 1
46 260 0 1
48 260 0 1
51 260 0 1
52 260 0 1
56 260 0 1
57 260 0 1
66 260 0 1
67 260 0 1
69 260 0 1
72 260 0 1
73 260 0 1
76 260 0 1
77 260 0 1
78 260 0 1
80 260 0 1
81 260 0 1
83 260 0 1
87 260 0 1
90 260 0 1
95 260 0 1
176 260 0 1
1 261 0 1
10 261 0 1
11 261 0 1
33 261 0 1
34 261 0 1
38 261 0 1
39 261 0 1
40 261 0 1
43 261 0 1
48 261 0 1
50 261 0 1
51 261 0 1
52 261 0 1
56 261 0 1
57 261 0 1
67 261 0 1
69 261 0 1
70 261 0 1
72 261 0 1
73 261 0 1
78 261 0 1
81 261 0 1
83 261 0 1
87 261 0 1
90 261 0 1
95 261 0 1
96 261 0 1
1 262 0 1
3 262 0 1
5 262 0 1
10 262 0 1
11 262 0 1
17 262 0 1
18 262 0 1
25 262 0 1
26 262 0 1
35 262 0 1
39 262 0 1
43 262 0 1
47 262 0 1
48 262 0 1
49 262 0 1
50 262 0 1
51 262 0 1
54 262 0 1
59 262 0 1
62 262 0 1
68 262 0 1
70 262 0 1
71 262 0 1
74 262 0 1
83 262 0 1
85 262 0 1
90 262 0 1
92 262 0 1
96 262 0 1
1 263 0 1
3 263 0 1
17 263 0 1
18 263 0 1
25 263 0 1
26 263 0 1
30 263 0 1
35 263 0 1
37 263 0 1
43 263 0 1
47 263 0 1
49 263 0 1
50 263 0 1
51 263 0 1
54 263 0 1
59 263 0 1
60 263 0 1
62 263 0 1
68 263 0 1
70 263 0 1
71 263 0 1
74 263 0 1
79 263 0 1
82 263 0 1
84 263 0 1
85 263 0 1
89 263 0 1
90 263 0 1
92 263 0 1
93 263 0 1
96 263 0 1
97 263 0 1
1 264 0 1
3 264 0 1
11 264 0 1
39 264 0 1
43 264 0 1
47 264 0 1
48 264 0 1
50 264 0 1
51 264 0 1
52 264 0 1
56 264 0 1
59 264 0 1
67 264 0 1
68 264 0 1
70 264 0 1
71 264 0 1
72 264 0 1
73 264 0 1
74 264 0 1
81 264 0 1
83 264 0 1
85 264 0 1
87 264 0 1
90 264 0 1
95 264 0 1
96 264 0 1
177 264 0 1
1 265 0 1
3 265 0 1
10 265 0 1
33 265 0 1
34 265 0 1
39 265 0 1
40 265 0 1
43 265 0 1
47 265 0 1
48 265 0 1
50 265 0 1
51 265 0 1
52 265 0 1
56 265 0 1
57 265 0 1
67 265 0 1
68 265 0 1
69 265 0 1
70 265 0 1
71 265 0 1
72 265 0 1
73 265 0 1
74 265 0 1
77 265 0 1
78 265 0 1
80 265 0 1
81 265 0 1
83 265 0 1
85 265 0 1
87 265 0 1
90 265 0 1
95 265 0 1
96 265 0 1
101 265 0 1
102 265 0 1
176 265 0 1
177 265 0 1
178 265 0 1
179 265 0 1
182 265 0 1
24 266 0 1
29 266 0 1
31 266 0 1
33 266 0 1
34 266 0 1
38 266 0 1
40 266 0 1
42 266 0 1
46 266 0 1
48 266 0 1
51 266 0 1
52 266 0 1
56 266 0 1
57 266 0 1
61 266 0 1
64 266 0 1
66 266 0 1
67 266 0 1
69 266 0 1
72 266 0 1
76 266 0 1
77 266 0 1
78 266 0 1
80 266 0 1
81 266 0 1
83 266 0 1
87 266 0 1
91 266 0 1
94 266 0 1
95 266 0 1
174 266 0 1
176 266 0 1
24 267 0 1
29 267 0 1
31 267 0 1
33 267 0 1
34 267 0 1
38 267 0 1
40 267 0 1
42 267 0 1
44 267 0 1
45 267 0 1
46 267 0 1
48 267 0 1
52 267 0 1
55 267 0 1
56 267 0 1
57 267 0 1
61 267 0 1
64 267 0 1
66 267 0 1
67 267 0 1
69 267 0 1
72 267 0 1
76 267 0 1
77 267 0 1
78 267 0 1
80 267 0 1
81 267 0 1
83 267 0 1
87 267 0 1
88 267 0 1
91 267 0 1
94 267 0 1
95 267 0 1
174 267 0 1
176 267 0 1
42 268 0 1
64 268 0 1
76 268 0 1
88 268 0 1
91 268 0 1
94 268 0 1
99 268 0 1
104 268 0 1
164 268 0 1
172 268 0 1
181 268 0 1
64 269 0 1
66 269 0 1
67 269 0 1
69 269 0 1
72 269 0 1
73 269 0 1
76 269 0 1
77 269 0 1
78 269 0 1
80 269 0 1
81 269 0 1
83 269 0 1
87 269 0 1
91 269 0 1
94 269 0 1
95 269 0 1
99 269 0 1
100 269 0 1
101 269 0 1
102 269 0 1
104 269 0 1
105 269 0 1
106 269 0 1
107 269 0 1
108 269 0 1
119 269 0 1
120 269 0 1
124 269 0 1
163 269 0 1
164 269 0 1
166 269 0 1
168 269 0 1
169 269 0 1
172 269 0 1
174 269 0 1
176 269 0 1
178 269 0 1
181 269 0 1
64 270 0 1
88 270 0 1
94 270 0 1
99 270 0 1
164 270 0 1
42 271 0 1
64 271 0 1
66 271 0 1
76 271 0 1
77 271 0 1
88 271 0 1
91 271 0 1
94 271 0 1
99 271 0 1
104 271 0 1
105 271 0 1
108 271 0 1
119 271 0 1
122 271 0 1
163 271 0 1
164 271 0 1
166 271 0 1
168 271 0 1
172 271 0 1
174 271 0 1
176 271 0 1
181 271 0 1
64 272 0 1
76 272 0 1
88 272 0 1
91 272 0 1
94 272 0 1
99 272 0 1
104 272 0 1
105 272 0 1
122 272 0 1
163 272 0 1
164 272 0 1
166 272 0 1
172 272 0 1
174 272 0 1
181 272 0 1
1 273 0 1
2 273 0 1
3 273 0 1
67 273 0 1
68 273 0 1
69 273 0 1
70 273 0 1
71 273 0 1
72 273 0 1
73 273 0 1
74 273 0 1
77 273 0 1
78 273 0 1
81 273 0 1
83 273 0 1
90 273 0 1
95 273 0 1
96 273 0 1
100 273 0 1
101 273 0 1
102 273 0 1
106 273 0 1
107 273 0 1
120 273 0 1
121 273 0 1
123 273 0 1
165 273 0 1
167 273 0 1
169 273 0 1
170 273 0 1
171 273 0 1
173 273 0 1
176 273 0 1
177 273 0 1
178 273 0 1
179 273 0 1
182 273 0 1
2 274 0 1
3 274 0 1
67 274 0 1
70 274 0 1
72 274 0 1
73 274 0 1
77 274 0 1
100 274 0 1
101 274 0 1
102 274 0 1
106 274 0 1
107 274 0 1
114 274 0 1
118 274 0 1
120 274 0 1
121 274 0 1
123 274 0 1
125 274 0 1
126 274 0 1
155 274 0 1
157 274 0 1
160 274 0 1
165 274 0 1
167 274 0 1
169 274 0 1
170 274 0 1
171 274 0 1
173 274 0 1
176 274 0 1
177 274 0 1
178 274 0 1
179 274 0 1
182 274 0 1
64 275 0 1
66 275 0 1
67 275 0 1
69 275 0 1
72 275 0 1
76 275 0 1
77 275 0 1
78 275 0 1
80 275 0 1
81 275 0 1
99 275 0 1
100 275 0 1
102 275 0 1
104 275 0 1
105 275 0 1
106 275 0 1
107 275 0 1
108 275 0 1
115 275 0 1
119 275 0 1
120 275 0 1
122 275 0 1
124 275 0 1
126 275 0 1
127 275 0 1
163 275 0 1
164 275 0 1
166 275 0 1
168 275 0 1
169 275 0 1
172 275 0 1
174 275 0 1
176 275 0 1
181 275 0 1
66 276 0 1
67 276 0 1
69 276 0 1
72 276 0 1
73 276 0 1
76 276 0 1
77 276 0 1
78 276 0 1
80 276 0 1
81 276 0 1
99 276 0 1
100 276 0 1
101 276 0 1
102 276 0 1
104 276 0 1
105 276 0 1
106 276 0 1
107 276 0 1
108 276 0 1
115 276 0 1
119 276 0 1
120 276 0 1
122 276 0 1
124 276 0 1
126 276 0 1
127 276 0 1
153 276 0 1
160 276 0 1
163 276 0 1
164 276 0 1
166 276 0 1
168 276 0 1
169 276 0 1
172 276 0 1
173 276 0 1
174 276 0 1
176 276 0 1
178 276 0 1
181 276 0 1
2 277 0 1
66 277 0 1
67 277 0 1
69 277 0 1
70 277 0 1
72 277 0 1
73 277 0 1
77 277 0 1
80 277 0 1
81 277 0 1
100 277 0 1
101 277 0 1
102 277 0 1
105 277 0 1
106 277 0 1
107 277 0 1
108 277 0 1
115 277 0 1
120 277 0 1
121 277 0 1
123 277 0 1
124 277 0 1
126 277 0 1
155 277 0 1
157 277 0 1
160 277 0 1
163 277 0 1
165 277 0 1
167 277 0 1
168 277 0 1
169 277 0 1
170 277 0 1
171 277 0 1
173 277 0 1
174 277 0 1
176 277 0 1
177 277 0 1
178 277 0 1
179 277 0 1
182 277 0 1
2 278 0 1
3 278 0 1
67 278 0 1
69 278 0 1
70 278 0 1
72 278 0 1
73 278 0 1
77 278 0 1
81 278 0 1
100 278 0 1
101 278 0 1
102 278 0 1
106 278 0 1
107 278 0 1
108 278 0 1
120 278 0 1
121 278 0 1
123 278 0 1
124 278 0 1
125 278 0 1
126 278 0 1
157 278 0 1
165 278 0 1
167 278 0 1
169 278 0 1
170 278 0 1
171 278 0 1
173 278 0 1
176 278 0 1
177 278 0 1
178 278 0 1
179 278 0 1
182 278 0 1
64 279 0 1
66 279 0 1
76 279 0 1
77 279 0 1
99 279 0 1
104 279 0 1
105 279 0 1
106 279 0 1
108 279 0 1
109 279 0 1
110 279 0 1
115 279 0 1
119 279 0 1
122 279 0 1
124 279 0 1
127 279 0 1
154 279 0 1
158 279 0 1
163 279 0 1
164 279 0 1
166 279 0 1
168 279 0 1
172 279 0 1
174 279 0 1
176 279 0 1
181 279 0 1
66 280 0 1
67 280 0 1
69 280 0 1
72 280 0 1
73 280 0 1
76 280 0 1
77 280 0 1
80 280 0 1
81 280 0 1
100 280 0 1
101 280 0 1
102 280 0 1
104 280 0 1
105 280 0 1
106 280 0 1
107 280 0 1
108 280 0 1
115 280 0 1
119 280 0 1
120 280 0 1
123 280 0 1
124 280 0 1
126 280 0 1
153 280 0 1
160 280 0 1
163 280 0 1
164 280 0 1
165 280 0 1
166 280 0 1
167 280 0 1
168 280 0 1
169 280 0 1
170 280 0 1
173 280 0 1
174 280 0 1
176 280 0 1
178 280 0 1
179 280 0 1
181 280 0 1
2 281 0 1
3 281 0 1
63 281 0 1
65 281 0 1
75 281 0 1
79 281 0 1
82 281 0 1
86 281 0 1
89 281 0 1
92 281 0 1
93 281 0 1
97 281 0 1
98 281 0 1
103 281 0 1
111 281 0 1
112 281 0 1
116 281 0 1
117 281 0 1
175 281 0 1
180 281 0 1
64 282 0 1
76 282 0 1
88 282 0 1
94 282 0 1
99 282 0 1
104 282 0 1
109 282 0 1
110 282 0 1
122 282 0 1
127 282 0 1
164 282 0 1
166 282 0 1
172 282 0 1
181 282 0 1
64 283 0 1
66 283 0 1
67 283 0 1
69 283 0 1
72 283 0 1
76 283 0 1
77 283 0 1
78 283 0 1
80 283 0 1
81 283 0 1
95 283 0 1
99 283 0 1
100 283 0 1
101 283 0 1
102 283 0 1
104 283 0 1
105 283 0 1
106 283 0 1
107 283 0 1
108 283 0 1
115 283 0 1
119 283 0 1
120 283 0 1
122 283 0 1
124 283 0 1
126 283 0 1
127 283 0 1
163 283 0 1
164 283 0 1
166 283 0 1
168 283 0 1
169 283 0 1
172 283 0 1
174 283 0 1
176 283 0 1
181 283 0 1
64 284 0 1
66 284 0 1
76 284 0 1
88 284 0 1
91 284 0 1
94 284 0 1
99 284 0 1
104 284 0 1
105 284 0 1
108 284 0 1
110 284 0 1
119 284 0 1
122 284 0 1
127 284 0 1
163 284 0 1
164 284 0 1
166 284 0 1
168 284 0 1
172 284 0 1
174 284 0 1
181 284 0 1
1 285 0 1
2 285 0 1
3 285 0 1
67 285 0 1
68 285 0 1
70 285 0 1
71 285 0 1
72 285 0 1
73 285 0 1
74 285 0 1
81 285 0 1
90 285 0 1
95 285 0 1
96 285 0 1
100 285 0 1
101 285 0 1
102 285 0 1
106 285 0 1
107 285 0 1
118 285 0 1
120 285 0 1
121 285 0 1
123 285 0 1
125 285 0 1
165 285 0 1
167 285 0 1
169 285 0 1
170 285 0 1
171 285 0 1
173 285 0 1
176 285 0 1
177 285 0 1
178 285 0 1
179 285 0 1
182 285 0 1
64 286 0 1
99 286 0 1
122 286 0 1
164 286 0 1
172 286 0 1
2 287 0 1
3 287 0 1
67 287 0 1
68 287 0 1
69 287 0 1
70 287 0 1
72 287 0 1
73 287 0 1
77 287 0 1
81 287 0 1
95 287 0 1
96 287 0 1
100 287 0 1
101 287 0 1
102 287 0 1
106 287 0 1
107 287 0 1
120 287 0 1
121 287 0 1
123 287 0 1
125 287 0 1
165 287 0 1
167 287 0 1
169 287 0 1
170 287 0 1
171 287 0 1
173 287 0 1
176 287 0 1
177 287 0 1
178 287 0 1
179 287 0 1
182 287 0 1
2 288 0 1
3 288 0 1
67 288 0 1
69 288 0 1
70 288 0 1
72 288 0 1
73 288 0 1
77 288 0 1
78 288 0 1
80 288 0 1
81 288 0 1
95 288 0 1
96 288 0 1
100 288 0 1
101 288 0 1
102 288 0 1
105 288 0 1
106 288 0 1
107 288 0 1
108 288 0 1
120 288 0 1
121 288 0 1
123 288 0 1
124 288 0 1
126 288 0 1
165 288 0 1
167 288 0 1
169 288 0 1
170 288 0 1
171 288 0 1
173 288 0 1
176 288 0 1
177 288 0 1
178 288 0 1
179 288 0 1
182 288 0 1
64 289 0 1
66 289 0 1
69 289 0 1
76 289 0 1
77 289 0 1
80 289 0 1
91 289 0 1
94 289 0 1
99 289 0 1
104 289 0 1
105 289 0 1
106 289 0 1
107 289 0 1
108 289 0 1
110 289 0 1
115 289 0 1
119 289 0 1
122 289 0 1
124 289 0 1
127 289 0 1
163 289 0 1
164 289 0 1
166 289 0 1
168 289 0 1
172 289 0 1
174 289 0 1
176 289 0 1
181 289 0 1
64 290 0 1
66 290 0 1
67 290 0 1
69 290 0 1
76 290 0 1
77 290 0 1
78 290 0 1
80 290 0 1
81 290 0 1
99 290 0 1
102 290 0 1
104 290 0 1
105 290 0 1
106 290 0 1
107 290 0 1
108 290 0 1
115 290 0 1
119 290 0 1
120 290 0 1
122 290 0 1
124 290 0 1
126 290 0 1
127 290 0 1
163 290 0 1
164 290 0 1
166 290 0 1
168 290 0 1
169 290 0 1
172 290 0 1
174 290 0 1
176 290 0 1
181 290 0 1
2 291 0 1
3 291 0 1
70 291 0 1
72 291 0 1
73 291 0 1
100 291 0 1
101 291 0 1
102 291 0 1
106 291 0 1
107 291 0 1
113 291 0 1
114 291 0 1
118 291 0 1
120 291 0 1
121 291 0 1
123 291 0 1
125 291 0 1
126 291 0 1
155 291 0 1
156 291 0 1
157 291 0 1
160 291 0 1
162 291 0 1
165 291 0 1
167 291 0 1
169 291 0 1
170 291 0 1
171 291 0 1
173 291 0 1
176 291 0 1
177 291 0 1
178 291 0 1
179 291 0 1
182 291 0 1
2 292 0 1
3 292 0 1
67 292 0 1
70 292 0 1
72 292 0 1
73 292 0 1
77 292 0 1
100 292 0 1
101 292 0 1
102 292 0 1
106 292 0 1
107 292 0 1
108 292 0 1
120 292 0 1
121 292 0 1
123 292 0 1
124 292 0 1
125 292 0 1
126 292 0 1
155 292 0 1
157 292 0 1
160 292 0 1
165 292 0 1
167 292 0 1
169 292 0 1
170 292 0 1
171 292 0 1
173 292 0 1
176 292 0 1
177 292 0 1
178 292 0 1
179 292 0 1
182 292 0 1
67 293 0 1
72 293 0 1
73 293 0 1
77 293 0 1
100 293 0 1
101 293 0 1
102 293 0 1
104 293 0 1
105 293 0 1
106 293 0 1
107 293 0 1
108 293 0 1
115 293 0 1
119 293 0 1
120 293 0 1
123 293 0 1
124 293 0 1
126 293 0 1
144 293 0 1
146 293 0 1
153 293 0 1
155 293 0 1
157 293 0 1
160 293 0 1
163 293 0 1
164 293 0 1
165 293 0 1
166 293 0 1
167 293 0 1
168 293 0 1
169 293 0 1
170 293 0 1
173 293 0 1
174 293 0 1
176 293 0 1
178 293 0 1
179 293 0 1
181 293 0 1
2 294 0 1
72 294 0 1
73 294 0 1
77 294 0 1
100 294 0 1
101 294 0 1
102 294 0 1
105 294 0 1
106 294 0 1
107 294 0 1
108 294 0 1
115 294 0 1
120 294 0 1
121 294 0 1
123 294 0 1
124 294 0 1
126 294 0 1
145 294 0 1
153 294 0 1
155 294 0 1
157 294 0 1
160 294 0 1
163 294 0 1
165 294 0 1
167 294 0 1
169 294 0 1
170 294 0 1
171 294 0 1
173 294 0 1
176 294 0 1
177 294 0 1
178 294 0 1
179 294 0 1
182 294 0 1
2 295 0 1
3 295 0 1
100 295 0 1
101 295 0 1
113 295 0 1
114 295 0 1
118 295 0 1
120 295 0 1
121 295 0 1
123 295 0 1
125 295 0 1
140 295 0 1
145 295 0 1
152 295 0 1
155 295 0 1
156 295 0 1
157 295 0 1
162 295 0 1
165 295 0 1
167 295 0 1
170 295 0 1
171 295 0 1
173 295 0 1
179 295 0 1
182 295 0 1
99 296 0 1
104 296 0 1
105 296 0 1
106 296 0 1
108 296 0 1
109 296 0 1
110 296 0 1
115 296 0 1
119 296 0 1
120 296 0 1
122 296 0 1
124 296 0 1
126 296 0 1
127 296 0 1
130 296 0 1
141 296 0 1
142 296 0 1
143 296 0 1
144 296 0 1
146 296 0 1
149 296 0 1
150 296 0 1
153 296 0 1
154 296 0 1
158 296 0 1
160 296 0 1
161 296 0 1
163 296 0 1
164 296 0 1
166 296 0 1
168 296 0 1
169 296 0 1
172 296 0 1
176 296 0 1
181 296 0 1
109 297 0 1
110 297 0 1
122 297 0 1
127 297 0 1
128 297 0 1
129 297 0 1
130 297 0 1
132 297 0 1
133 297 0 1
134 297 0 1
137 297 0 1
141 297 0 1
143 297 0 1
149 297 0 1
151 297 0 1
154 297 0 1
158 297 0 1
161 297 0 1
172 297 0 1
100 298 0 1
115 298 0 1
120 298 0 1
121 298 0 1
123 298 0 1
124 298 0 1
126 298 0 1
135 298 0 1
142 298 0 1
144 298 0 1
145 298 0 1
146 298 0 1
150 298 0 1
152 298 0 1
153 298 0 1
155 298 0 1
157 298 0 1
160 298 0 1
162 298 0 1
165 298 0 1
167 298 0 1
169 298 0 1
170 298 0 1
173 298 0 1
2 299 0 1
111 299 0 1
112 299 0 1
113 299 0 1
114 299 0 1
116 299 0 1
117 299 0 1
118 299 0 1
121 299 0 1
123 299 0 1
125 299 0 1
131 299 0 1
136 299 0 1
138 299 0 1
139 299 0 1
140 299 0 1
147 299 0 1
148 299 0 1
155 299 0 1
156 299 0 1
159 299 0 1
162 299 0 1
165 299 0 1
170 299 0 1
171 299 0 1
108 300 0 1
109 300 0 1
110 300 0 1
115 300 0 1
119 300 0 1
120 300 0 1
122 300 0 1
124 300 0 1
126 300 0 1
127 300 0 1
129 300 0 1
130 300 0 1
133 300 0 1
134 300 0 1
135 300 0 1
141 300 0 1
142 300 0 1
143 300 0 1
144 300 0 1
145 300 0 1
146 300 0 1
149 300 0 1
150 300 0 1
151 300 0 1
153 300 0 1
154 300 0 1
158 300 0 1
160 300 0 1
161 300 0 1
163 300 0 1
164 300 0 1
166 300 0 1
168 300 0 1
169 300 0 1
172 300 0 1
2 301 0 1
113 301 0 1
114 301 0 1
118 301 0 1
120 301 0 1
121 301 0 1
123 301 0 1
125 301 0 1
131 301 0 1
140 301 0 1
145 301 0 1
146 301 0 1
152 301 0 1
155 301 0 1
156 301 0 1
157 301 0 1
160 301 0 1
162 301 0 1
165 301 0 1
167 301 0 1
170 301 0 1
171 301 0 1
173 301 0 1
2 302 0 1
113 302 0 1
114 302 0 1
118 302 0 1
120 302 0 1
121 302 0 1
123 302 0 1
124 302 0 1
125 302 0 1
126 302 0 1
131 302 0 1
135 302 0 1
140 302 0 1
144 302 0 1
145 302 0 1
146 302 0 1
150 302 0 1
152 302 0 1
153 302 0 1
155 302 0 1
156 302 0 1
157 302 0 1
160 302 0 1
162 302 0 1
165 302 0 1
167 302 0 1
169 302 0 1
170 302 0 1
171 302 0 1
173 302 0 1
108 303 0 1
110 303 0 1
115 303 0 1
119 303 0 1
120 303 0 1
122 303 0 1
124 303 0 1
126 303 0 1
127 303 0 1
130 303 0 1
135 303 0 1
142 303 0 1
144 303 0 1
145 303 0 1
146 303 0 1
149 303 0 1
150 303 0 1
153 303 0 1
154 303 0 1
157 303 0 1
158 303 0 1
160 303 0 1
163 303 0 1
164 303 0 1
166 303 0 1
168 303 0 1
169 303 0 1
172 303 0 1
173 303 0 1
2 304 0 1
111 304 0 1
112 304 0 1
113 304 0 1
114 304 0 1
116 304 0 1
117 304 0 1
118 304 0 1
121 304 0 1
123 304 0 1
125 304 0 1
131 304 0 1
138 304 0 1
139 304 0 1
140 304 0 1
147 304 0 1
148 304 0 1
152 304 0 1
155 304 0 1
156 304 0 1
157 304 0 1
159 304 0 1
162 304 0 1
165 304 0 1
167 304 0 1
170 304 0 1
171 304 0 1
173 304 0 1
109 305 0 1
110 305 0 1
119 305 0 1
122 305 0 1
127 305 0 1
128 305 0 1
129 305 0 1
130 305 0 1
132 305 0 1
133 305 0 1
134 305 0 1
137 305 0 1
141 305 0 1
142 305 0 1
143 305 0 1
149 305 0 1
151 305 0 1
154 305 0 1
158 305 0 1
161 305 0 1
172 305 0 1
109 306 0 1
110 306 0 1
115 306 0 1
119 306 0 1
122 306 0 1
127 306 0 1
128 306 0 1
129 306 0 1
130 306 0 1
132 306 0 1
133 306 0 1
134 306 0 1
137 306 0 1
141 306 0 1
142 306 0 1
143 306 0 1
144 306 0 1
149 306 0 1
151 306 0 1
153 306 0 1
154 306 0 1
158 306 0 1
161 306 0 1
164 306 0 1
166 306 0 1
168 306 0 1
172 306 0 1
115 307 0 1
119 307 0 1
120 307 0 1
122 307 0 1
123 307 0 1
124 307 0 1
126 307 0 1
127 307 0 1
135 307 0 1
142 307 0 1
144 307 0 1
145 307 0 1
146 307 0 1
149 307 0 1
150 307 0 1
152 307 0 1
153 307 0 1
155 307 0 1
157 307 0 1
158 307 0 1
160 307 0 1
163 307 0 1
164 307 0 1
166 307 0 1
168 307 0 1
169 307 0 1
172 307 0 1
173 307 0 1
2 308 0 1
100 308 0 1
113 308 0 1
114 308 0 1
118 308 0 1
120 308 0 1
121 308 0 1
123 308 0 1
125 308 0 1
126 308 0 1
131 308 0 1
140 308 0 1
145 308 0 1
146 308 0 1
152 308 0 1
155 308 0 1
156 308 0 1
157 308 0 1
160 308 0 1
162 308 0 1
165 308 0 1
167 308 0 1
169 308 0 1
170 308 0 1
171 308 0 1
173 308 0 1
2 309 0 1
3 309 0 1
98 309 0 1
103 309 0 1
111 309 0 1
112 309 0 1
113 309 0 1
114 309 0 1
116 309 0 1
117 309 0 1
118 309 0 1
121 309 0 1
125 309 0 1
136 309 0 1
138 309 0 1
139 309 0 1
140 309 0 1
147 309 0 1
148 309 0 1
156 309 0 1
159 309 0 1
162 309 0 1
171 309 0 1
99 310 0 1
109 310 0 1
110 310 0 1
122 310 0 1
127 310 0 1
128 310 0 1
129 310 0 1
130 310 0 1
132 310 0 1
137 310 0 1
141 310 0 1
143 310 0 1
149 310 0 1
151 310 0 1
154 310 0 1
158 310 0 1
161 310 0 1
164 310 0 1
172 310 0 1
2 311 0 1
100 311 0 1
101 311 0 1
102 311 0 1
106 311 0 1
107 311 0 1
114 311 0 1
115 311 0 1
120 311 0 1
121 311 0 1
123 311 0 1
124 311 0 1
125 311 0 1
126 311 0 1
135 311 0 1
144 311 0 1
145 311 0 1
146 311 0 1
150 311 0 1
152 311 0 1
153 311 0 1
155 311 0 1
157 311 0 1
160 311 0 1
162 311 0 1
165 311 0 1
167 311 0 1
169 311 0 1
170 311 0 1
171 311 0 1
173 311 0 1
2 312 0 1
3 312 0 1
100 312 0 1
112 312 0 1
113 312 0 1
114 312 0 1
117 312 0 1
118 312 0 1
121 312 0 1
123 312 0 1
125 312 0 1
131 312 0 1
140 312 0 1
152 312 0 1
155 312 0 1
156 312 0 1
157 312 0 1
159 312 0 1
162 312 0 1
165 312 0 1
167 312 0 1
170 312 0 1
171 312 0 1
173 312 0 1
182 312 0 1
2 313 0 1
3 313 0 1
98 313 0 1
103 313 0 1
111 313 0 1
112 313 0 1
113 313 0 1
114 313 0 1
116 313 0 1
117 313 0 1
118 313 0 1
125 313 0 1
136 313 0 1
138 313 0 1
139 313 0 1
140 313 0 1
147 313 0 1
148 313 0 1
156 313 0 1
159 313 0 1
171 313 0 1
180 313 0 1
109 314 0 1
110 314 0 1
122 314 0 1
127 314 0 1
128 314 0 1
129 314 0 1
130 314 0 1
132 314 0 1
133 314 0 1
137 314 0 1
141 314 0 1
143 314 0 1
149 314 0 1
151 314 0 1
154 314 0 1
161 314 0 1
164 314 0 1
172 314 0 1
99 315 0 1
104 315 0 1
105 315 0 1
108 315 0 1
109 315 0 1
110 315 0 1
115 315 0 1
119 315 0 1
120 315 0 1
122 315 0 1
124 315 0 1
126 315 0 1
127 315 0 1
129 315 0 1
130 315 0 1
134 315 0 1
141 315 0 1
142 315 0 1
143 315 0 1
144 315 0 1
146 315 0 1
149 315 0 1
150 315 0 1
153 315 0 1
154 315 0 1
158 315 0 1
160 315 0 1
161 315 0 1
163 315 0 1
164 315 0 1
166 315 0 1
168 315 0 1
169 315 0 1
172 315 0 1
2 316 0 1
3 316 0 1
98 316 0 1
111 316 0 1
112 316 0 1
113 316 0 1
114 316 0 1
116 316 0 1
117 316 0 1
118 316 0 1
125 316 0 1
136 316 0 1
138 316 0 1
139 316 0 1
140 316 0 1
147 316 0 1
148 316 0 1
156 316 0 1
159 316 0 1
171 316 0 1
100 317 0 1
107 317 0 1
108 317 0 1
115 317 0 1
119 317 0 1
120 317 0 1
123 317 0 1
124 317 0 1
126 317 0 1
135 317 0 1
142 317 0 1
144 317 0 1
145 317 0 1
146 317 0 1
150 317 0 1
152 317 0 1
153 317 0 1
155 317 0 1
157 317 0 1
158 317 0 1
160 317 0 1
163 317 0 1
165 317 0 1
166 317 0 1
167 317 0 1
168 317 0 1
169 317 0 1
170 317 0 1
173 317 0 1
99 318 0 1
108 318 0 1
109 318 0 1
110 318 0 1
115 318 0 1
119 318 0 1
122 318 0 1
124 318 0 1
126 318 0 1
127 318 0 1
128 318 0 1
129 318 0 1
130 318 0 1
133 318 0 1
134 318 0 1
137 318 0 1
141 318 0 1
142 318 0 1
143 318 0 1
144 318 0 1
146 318 0 1
149 318 0 1
150 318 0 1
151 318 0 1
153 318 0 1
154 318 0 1
158 318 0 1
160 318 0 1
161 318 0 1
163 318 0 1
164 318 0 1
166 318 0 1
168 318 0 1
169 318 0 1
172 318 0 1
100 319 0 1
115 319 0 1
120 319 0 1
121 319 0 1
123 319 0 1
124 319 0 1
126 319 0 1
135 319 0 1
142 319 0 1
144 319 0 1
145 319 0 1
146 319 0 1
150 319 0 1
152 319 0 1
153 319 0 1
155 319 0 1
157 319 0 1
160 319 0 1
162 319 0 1
165 319 0 1
167 319 0 1
168 319 0 1
169 319 0 1
170 319 0 1
173 319 0 1
2 320 0 1
3 320 0 1
111 320 0 1
112 320 0 1
113 320 0 1
114 320 0 1
116 320 0 1
117 320 0 1
118 320 0 1
121 320 0 1
123 320 0 1
125 320 0 1
131 320 0 1
139 320 0 1
140 320 0 1
147 320 0 1
148 320 0 1
152 320 0 1
155 320 0 1
156 320 0 1
157 320 0 1
159 320 0 1
162 320 0 1
165 320 0 1
167 320 0 1
170 320 0 1
171 320 0 1
173 320 0 1
109 321 0 1
110 321 0 1
122 321 0 1
127 321 0 1
128 321 0 1
129 321 0 1
130 321 0 1
132 321 0 1
133 321 0 1
134 321 0 1
137 321 0 1
141 321 0 1
143 321 0 1
149 321 0 1
151 321 0 1
154 321 0 1
158 321 0 1
161 321 0 1
111 322 0 1
112 322 0 1
136 322 0 1
138 322 0 1
139 322 0 1
147 322 0 1
148 322 0 1
159 322 0 1
111 323 0 1
112 323 0 1
131 323 0 1
136 323 0 1
138 323 0 1
139 323 0 1
140 323 0 1
147 323 0 1
148 323 0 1
159 323 0 1
2 324 0 1
113 324 0 1
114 324 0 1
118 324 0 1
125 324 0 1
131 324 0 1
136 324 0 1
138 324 0 1
139 324 0 1
140 324 0 1
147 324 0 1
148 324 0 1
152 324 0 1
155 324 0 1
156 324 0 1
157 324 0 1
159 324 0 1
162 324 0 1
110 325 0 1
115 325 0 1
126 325 0 1
127 325 0 1
129 325 0 1
130 325 0 1
133 325 0 1
134 325 0 1
135 325 0 1
141 325 0 1
142 325 0 1
143 325 0 1
144 325 0 1
145 325 0 1
146 325 0 1
149 325 0 1
150 325 0 1
153 325 0 1
154 325 0 1
158 325 0 1
160 325 0 1
115 326 0 1
124 326 0 1
126 326 0 1
127 326 0 1
129 326 0 1
130 326 0 1
133 326 0 1
134 326 0 1
135 326 0 1
141 326 0 1
142 326 0 1
144 326 0 1
145 326 0 1
146 326 0 1
149 326 0 1
150 326 0 1
153 326 0 1
154 326 0 1
158 326 0 1
160 326 0 1
113 327 0 1
114 327 0 1
131 327 0 1
135 327 0 1
140 327 0 1
145 327 0 1
146 327 0 1
152 327 0 1
155 327 0 1
156 327 0 1
157 327 0 1
162 327 0 1
115 328 0 1
126 328 0 1
130 328 0 1
134 328 0 1
135 328 0 1
142 328 0 1
144 328 0 1
145 328 0 1
146 328 0 1
149 328 0 1
150 328 0 1
152 328 0 1
153 328 0 1
158 328 0 1
160 328 0 1
131 329 0 1
135 329 0 1
140 329 0 1
145 329 0 1
146 329 0 1
152 329 0 1
155 329 0 1
156 329 0 1
157 329 0 1
162 329 0 1
2 330 0 1
111 330 0 1
112 330 0 1
113 330 0 1
114 330 0 1
131 330 0 1
136 330 0 1
138 330 0 1
139 330 0 1
140 330 0 1
147 330 0 1
148 330 0 1
156 330 0 1
159 330 0 1
162 330 0 1
110 331 0 1
115 331 0 1
119 331 0 1
122 331 0 1
124 331 0 1
126 331 0 1
127 331 0 1
129 331 0 1
130 331 0 1
133 331 0 1
134 331 0 1
135 331 0 1
141 331 0 1
142 331 0 1
144 331 0 1
145 331 0 1
146 331 0 1
149 331 0 1
150 331 0 1
153 331 0 1
154 331 0 1
158 331 0 1
160 331 0 1
2 332 0 1
111 332 0 1
112 332 0 1
113 332 0 1
114 332 0 1
116 332 0 1
117 332 0 1
118 332 0 1
125 332 0 1
131 332 0 1
136 332 0 1
138 332 0 1
139 332 0 1
140 332 0 1
147 332 0 1
148 332 0 1
156 332 0 1
159 332 0 1
162 332 0 1
2 333 0 1
113 333 0 1
114 333 0 1
118 333 0 1
121 333 0 1
123 333 0 1
125 333 0 1
131 333 0 1
140 333 0 1
148 333 0 1
152 333 0 1
155 333 0 1
156 333 0 1
157 333 0 1
159 333 0 1
162 333 0 1
171 333 0 1
2 334 0 1
113 334 0 1
114 334 0 1
118 334 0 1
121 334 0 1
123 334 0 1
125 334 0 1
131 334 0 1
135 334 0 1
140 334 0 1
145 334 0 1
146 334 0 1
152 334 0 1
155 334 0 1
156 334 0 1
157 334 0 1
162 334 0 1
170 334 0 1
173 334 0 1
113 335 0 1
114 335 0 1
118 335 0 1
121 335 0 1
123 335 0 1
125 335 0 1
131 335 0 1
135 335 0 1
140 335 0 1
145 335 0 1
146 335 0 1
150 335 0 1
152 335 0 1
155 335 0 1
156 335 0 1
157 335 0 1
160 335 0 1
162 335 0 1
170 335 0 1
173 335 0 1
109 336 0 1
110 336 0 1
115 336 0 1
122 336 0 1
127 336 0 1
128 336 0 1
129 336 0 1
130 336 0 1
132 336 0 1
133 336 0 1
134 336 0 1
137 336 0 1
141 336 0 1
142 336 0 1
143 336 0 1
144 336 0 1
146 336 0 1
149 336 0 1
150 336 0 1
151 336 0 1
153 336 0 1
154 336 0 1
158 336 0 1
160 336 0 1
161 336 0 1
172 336 0 1
115 337 0 1
124 337 0 1
126 337 0 1
127 337 0 1
130 337 0 1
134 337 0 1
135 337 0 1
142 337 0 1
144 337 0 1
145 337 0 1
146 337 0 1
149 337 0 1
150 337 0 1
152 337 0 1
153 337 0 1
157 337 0 1
158 337 0 1
160 337 0 1
115 338 0 1
124 338 0 1
126 338 0 1
135 338 0 1
142 338 0 1
144 338 0 1
145 338 0 1
146 338 0 1
150 338 0 1
152 338 0 1
153 338 0 1
155 338 0 1
157 338 0 1
158 338 0 1
160 338 0 1
2 339 0 1
111 339 0 1
112 339 0 1
113 339 0 1
114 339 0 1
117 339 0 1
118 339 0 1
125 339 0 1
131 339 0 1
136 339 0 1
138 339 0 1
139 339 0 1
140 339 0 1
147 339 0 1
148 339 0 1
156 339 0 1
159 339 0 1
162 339 0 1
2 340 0 1
111 340 0 1
112 340 0 1
113 340 0 1
116 340 0 1
117 340 0 1
136 340 0 1
138 340 0 1
139 340 0 1
140 340 0 1
147 340 0 1
148 340 0 1
159 340 0 1
109 341 0 1
110 341 0 1
115 341 0 1
119 341 0 1
122 341 0 1
124 341 0 1
126 341 0 1
127 341 0 1
128 341 0 1
129 341 0 1
130 341 0 1
132 341 0 1
133 341 0 1
134 341 0 1
137 341 0 1
141 341 0 1
142 341 0 1
143 341 0 1
144 341 0 1
146 341 0 1
149 341 0 1
150 341 0 1
151 341 0 1
153 341 0 1
154 341 0 1
158 341 0 1
160 341 0 1
161 341 0 1
164 341 0 1
166 341 0 1
168 341 0 1
172 341 0 1
114 342 0 1
115 342 0 1
120 342 0 1
121 342 0 1
123 342 0 1
124 342 0 1
126 342 0 1
131 342 0 1
135 342 0 1
142 342 0 1
144 342 0 1
145 342 0 1
146 342 0 1
150 342 0 1
152 342 0 1
153 342 0 1
155 342 0 1
157 342 0 1
160 342 0 1
162 342 0 1
167 342 0 1
169 342 0 1
170 342 0 1
173 342 0 1
2 343 0 1
113 343 0 1
114 343 0 1
118 343 0 1
121 343 0 1
123 343 0 1
125 343 0 1
131 343 0 1
135 343 0 1
140 343 0 1
145 343 0 1
146 343 0 1
152 343 0 1
155 343 0 1
156 343 0 1
157 343 0 1
162 343 0 1
170 343 0 1
171 343 0 1
173 343 0 1
2 344 0 1
111 344 0 1
112 344 0 1
113 344 0 1
114 344 0 1
117 344 0 1
118 344 0 1
121 344 0 1
123 344 0 1
125 344 0 1
131 344 0 1
138 344 0 1
139 344 0 1
140 344 0 1
147 344 0 1
148 344 0 1
152 344 0 1
155 344 0 1
156 344 0 1
157 344 0 1
159 344 0 1
162 344 0 1
170 344 0 1
171 344 0 1
114 345 0 1
120 345 0 1
121 345 0 1
123 345 0 1
126 345 0 1
131 345 0 1
135 345 0 1
140 345 0 1
144 345 0 1
145 345 0 1
146 345 0 1
150 345 0 1
152 345 0 1
153 345 0 1
155 345 0 1
156 345 0 1
157 345 0 1
160 345 0 1
162 345 0 1
170 345 0 1
173 345 0 1
99 346 0 1
109 346 0 1
110 346 0 1
119 346 0 1
122 346 0 1
127 346 0 1
128 346 0 1
129 346 0 1
130 346 0 1
137 346 0 1
141 346 0 1
143 346 0 1
149 346 0 1
151 346 0 1
154 346 0 1
158 346 0 1
161 346 0 1
163 346 0 1
164 346 0 1
166 346 0 1
168 346 0 1
172 346 0 1
64 347 0 1
76 347 0 1
99 347 0 1
104 347 0 1
105 347 0 1
108 347 0 1
109 347 0 1
110 347 0 1
115 347 0 1
119 347 0 1
122 347 0 1
127 347 0 1
128 347 0 1
129 347 0 1
130 347 0 1
141 347 0 1
142 347 0 1
143 347 0 1
149 347 0 1
151 347 0 1
154 347 0 1
158 347 0 1
161 347 0 1
163 347 0 1
164 347 0 1
166 347 0 1
168 347 0 1
172 347 0 1
174 347 0 1
181 347 0 1
2 348 0 1
3 348 0 1
75 348 0 1
98 348 0 1
103 348 0 1
111 348 0 1
112 348 0 1
116 348 0 1
117 348 0 1
139 348 0 1
159 348 0 1
175 348 0 1
180 348 0 1
2 349 0 1
3 349 0 1
98 349 0 1
103 349 0 1
111 349 0 1
112 349 0 1
113 349 0 1
114 349 0 1
116 349 0 1
117 349 0 1
118 349 0 1
125 349 0 1
139 349 0 1
147 349 0 1
148 349 0 1
156 349 0 1
159 349 0 1
171 349 0 1
175 349 0 1
180 349 0 1
76 350 0 1
77 350 0 1
99 350 0 1
102 350 0 1
104 350 0 1
105 350 0 1
106 350 0 1
107 350 0 1
108 350 0 1
109 350 0 1
110 350 0 1
115 350 0 1
119 350 0 1
120 350 0 1
122 350 0 1
124 350 0 1
126 350 0 1
127 350 0 1
142 350 0 1
144 350 0 1
149 350 0 1
153 350 0 1
154 350 0 1
158 350 0 1
160 350 0 1
163 350 0 1
164 350 0 1
166 350 0 1
168 350 0 1
169 350 0 1
172 350 0 1
174 350 0 1
176 350 0 1
181 350 0 1
99 351 0 1
104 351 0 1
105 351 0 1
108 351 0 1
109 351 0 1
110 351 0 1
115 351 0 1
119 351 0 1
122 351 0 1
124 351 0 1
127 351 0 1
128 351 0 1
129 351 0 1
130 351 0 1
137 351 0 1
141 351 0 1
142 351 0 1
143 351 0 1
149 351 0 1
151 351 0 1
154 351 0 1
158 351 0 1
161 351 0 1
163 351 0 1
164 351 0 1
166 351 0 1
168 351 0 1
172 351 0 1
181 351 0 1
2 352 0 1
3 352 0 1
98 352 0 1
103 352 0 1
111 352 0 1
112 352 0 1
113 352 0 1
116 352 0 1
117 352 0 1
118 352 0 1
125 352 0 1
136 352 0 1
138 352 0 1
139 352 0 1
140 352 0 1
147 352 0 1
148 352 0 1
156 352 0 1
159 352 0 1
175 352 0 1
180 352 0 1
2 353 0 1
100 353 0 1
101 353 0 1
102 353 0 1
105 353 0 1
106 353 0 1
107 353 0 1
108 353 0 1
115 353 0 1
119 353 0 1
120 353 0 1
121 353 0 1
123 353 0 1
124 353 0 1
126 353 0 1
144 353 0 1
145 353 0 1
146 353 0 1
150 353 0 1
152 353 0 1
153 353 0 1
155 353 0 1
157 353 0 1
160 353 0 1
163 353 0 1
165 353 0 1
167 353 0 1
168 353 0 1
169 353 0 1
170 353 0 1
171 353 0 1
173 353 0 1
176 353 0 1
178 353 0 1
99 354 0 1
102 354 0 1
104 354 0 1
105 354 0 1
106 354 0 1
107 354 0 1
108 354 0 1
110 354 0 1
115 354 0 1
119 354 0 1
120 354 0 1
122 354 0 1
124 354 0 1
126 354 0 1
127 354 0 1
142 354 0 1
144 354 0 1
145 354 0 1
146 354 0 1
149 354 0 1
150 354 0 1
153 354 0 1
154 354 0 1
158 354 0 1
160 354 0 1
163 354 0 1
164 354 0 1
166 354 0 1
168 354 0 1
169 354 0 1
172 354 0 1
173 354 0 1
174 354 0 1
176 354 0 1
181 354 0 1
1 355 0 1
2 355 0 1
3 355 0 1
43 355 0 1
47 355 0 1
50 355 0 1
51 355 0 1
67 355 0 1
68 355 0 1
70 355 0 1
71 355 0 1
72 355 0 1
73 355 0 1
74 355 0 1
83 355 0 1
85 355 0 1
90 355 0 1
92 355 0 1
95 355 0 1
96 355 0 1
100 355 0 1
101 355 0 1
102 355 0 1
165 355 0 1
177 355 0 1
178 355 0 1
179 355 0 1
182 355 0 1
1 356 0 1
2 356 0 1
3 356 0 1
43 356 0 1
48 356 0 1
50 356 0 1
51 356 0 1
52 356 0 1
67 356 0 1
68 356 0 1
69 356 0 1
70 356 0 1
71 356 0 1
72 356 0 1
73 356 0 1
74 356 0 1
77 356 0 1
78 356 0 1
80 356 0 1
81 356 0 1
83 356 0 1
85 356 0 1
87 356 0 1
90 356 0 1
95 356 0 1
96 356 0 1
100 356 0 1
101 356 0 1
102 356 0 1
106 356 0 1
107 356 0 1
165 356 0 1
167 356 0 1
176 356 0 1
177 356 0 1
178 356 0 1
179 356 0 1
182 356 0 1
41 357 0 1
42 357 0 1
44 357 0 1
45 357 0 1
46 357 0 1
55 357 0 1
61 357 0 1
64 357 0 1
66 357 0 1
76 357 0 1
77 357 0 1
88 357 0 1
91 357 0 1
94 357 0 1
99 357 0 1
104 357 0 1
105 357 0 1
108 357 0 1
163 357 0 1
164 357 0 1
166 357 0 1
172 357 0 1
174 357 0 1
181 357 0 1
42 358 0 1
44 358 0 1
45 358 0 1
46 358 0 1
64 358 0 1
66 358 0 1
69 358 0 1
76 358 0 1
77 358 0 1
78 358 0 1
80 358 0 1
88 358 0 1
91 358 0 1
94 358 0 1
99 358 0 1
104 358 0 1
105 358 0 1
108 358 0 1
163 358 0 1
164 358 0 1
174 358 0 1
176 358 0 1
181 358 0 1
48 359 0 1
51 359 0 1
52 359 0 1
66 359 0 1
67 359 0 1
69 359 0 1
70 359 0 1
72 359 0 1
73 359 0 1
76 359 0 1
77 359 0 1
78 359 0 1
80 359 0 1
81 359 0 1
83 359 0 1
87 359 0 1
90 359 0 1
95 359 0 1
96 359 0 1
100 359 0 1
101 359 0 1
102 359 0 1
104 359 0 1
105 359 0 1
106 359 0 1
107 359 0 1
108 359 0 1
163 359 0 1
174 359 0 1
176 359 0 1
178 359 0 1
179 359 0 1
181 359 0 1
42 360 0 1
44 360 0 1
45 360 0 1
46 360 0 1
52 360 0 1
64 360 0 1
66 360 0 1
67 360 0 1
69 360 0 1
76 360 0 1
77 360 0 1
78 360 0 1
80 360 0 1
81 360 0 1
88 360 0 1
91 360 0 1
94 360 0 1
99 360 0 1
104 360 0 1
105 360 0 1
106 360 0 1
108 360 0 1
163 360 0 1
164 360 0 1
166 360 0 1
174 360 0 1
176 360 0 1
181 360 0 1
1 361 0 1
2 361 0 1
3 361 0 1
43 361 0 1
50 361 0 1
51 361 0 1
67 361 0 1
68 361 0 1
70 361 0 1
71 361 0 1
72 361 0 1
73 361 0 1
74 361 0 1
81 361 0 1
83 361 0 1
85 361 0 1
90 361 0 1
95 361 0 1
96 361 0 1
100 361 0 1
101 361 0 1
102 361 0 1
107 361 0 1
165 361 0 1
167 361 0 1
170 361 0 1
176 361 0 1
177 361 0 1
178 361 0 1
179 361 0 1
182 361 0 1
42 362 0 1
45 362 0 1
64 362 0 1
88 362 0 1
91 362 0 1
94 362 0 1
99 362 0 1
52 363 0 1
64 363 0 1
66 363 0 1
67 363 0 1
69 363 0 1
72 363 0 1
73 363 0 1
76 363 0 1
77 363 0 1
78 363 0 1
80 363 0 1
81 363 0 1
83 363 0 1
87 363 0 1
91 363 0 1
94 363 0 1
95 363 0 1
99 363 0 1
100 363 0 1
101 363 0 1
102 363 0 1
104 363 0 1
105 363 0 1
106 363 0 1
107 363 0 1
108 363 0 1
163 363 0 1
164 363 0 1
166 363 0 1
174 363 0 1
176 363 0 1
181 363 0 1
2 364 0 1
3 364 0 1
48 364 0 1
51 364 0 1
52 364 0 1
66 364 0 1
67 364 0 1
69 364 0 1
70 364 0 1
72 364 0 1
73 364 0 1
77 364 0 1
78 364 0 1
80 364 0 1
81 364 0 1
83 364 0 1
87 364 0 1
90 364 0 1
95 364 0 1
96 364 0 1
100 364 0 1
101 364 0 1
102 364 0 1
105 364 0 1
106 364 0 1
107 364 0 1
108 364 0 1
165 364 0 1
167 364 0 1
169 364 0 1
173 364 0 1
174 364 0 1
176 364 0 1
177 364 0 1
178 364 0 1
179 364 0 1
182 364 0 1
42 365 0 1
45 365 0 1
46 365 0 1
64 365 0 1
66 365 0 1
69 365 0 1
76 365 0 1
77 365 0 1
78 365 0 1
80 365 0 1
88 365 0 1
91 365 0 1
94 365 0 1
99 365 0 1
102 365 0 1
104 365 0 1
105 365 0 1
106 365 0 1
107 365 0 1
108 365 0 1
119 365 0 1
122 365 0 1
127 365 0 1
163 365 0 1
164 365 0 1
166 365 0 1
168 365 0 1
172 365 0 1
174 365 0 1
176 365 0 1
181 365 0 1
