1 2 0 0
2 5 0 0
4 5 0 0
4 6 0 0
5 6 0 0
1 7 0 0
1 8 0 0
2 8 0 0
2 9 0 0
5 9 0 0
8 9 0 0
1 10 0 0
7 10 0 0
1 11 0 0
2 11 0 0
8 11 0 0
9 11 0 0
4 12 0 0
5 12 0 0
6 12 0 0
1 13 0 0
2 13 0 0
8 13 0 0
9 13 0 0
11 13 0 0
10 15 0 0
1 16 0 0
10 16 0 0
14 16 0 0
15 16 0 0
1 17 0 0
10 17 0 0
14 17 0 0
15 17 0 0
16 17 0 0
10 18 0 0
15 18 0 0
16 18 0 0
17 18 0 0
15 19 0 0
16 19 0 0
17 19 0 0
18 19 0 0
1 20 0 0
7 20 0 0
10 20 0 0
15 20 0 0
16 20 0 0
17 20 0 0
18 20 0 0
19 20 0 0
1 21 0 0
7 21 0 0
10 21 0 0
14 21 0 0
15 21 0 0
16 21 0 0
17 21 0 0
18 21 0 0
19 21 0 0
20 21 0 0
1 22 0 0
2 22 0 0
8 22 0 0
11 22 0 0
13 22 0 0
14 22 0 0
17 22 0 0
1 23 0 0
7 23 0 0
10 23 0 0
15 23 0 0
20 23 0 0
21 23 0 0
1 24 0 0
7 24 0 0
10 24 0 0
15 24 0 0
16 24 0 0
17 24 0 0
20 24 0 0
21 24 0 0
23 24 0 0
1 25 0 0
2 25 0 0
8 25 0 0
9 25 0 0
11 25 0 0
13 25 0 0
22 25 0 0
2 26 0 0
5 26 0 0
8 26 0 0
9 26 0 0
11 26 0 0
13 26 0 0
22 26 0 0
25 26 0 0
1 27 0 0
7 27 0 0
10 27 0 0
15 27 0 0
16 27 0 0
20 27 0 0
21 27 0 0
23 27 0 0
24 27 0 0
2 28 0 0
4 28 0 0
5 28 0 0
6 28 0 0
9 28 0 0
12 28 0 0
26 28 0 0
1 29 0 0
7 29 0 0
10 29 0 0
15 29 0 0
16 29 0 0
17 29 0 0
20 29 0 0
21 29 0 0
23 29 0 0
24 29 0 0
27 29 0 0
1 30 0 0
7 30 0 0
10 30 0 0
11 30 0 0
14 30 0 0
15 30 0 0
16 30 0 0
17 30 0 0
18 30 0 0
20 30 0 0
21 30 0 0
22 30 0 0
23 30 0 0
24 30 0 0
25 30 0 0
27 30 0 0
29 30 0 0
14 31 0 0
17 31 0 0
18 32 0 0
19 32 0 0
3 33 0 0
15 34 0 0
16 34 0 0
18 34 0 0
19 34 0 0
32 34 0 0
31 35 0 0
33 35 0 0
31 36 0 0
33 36 0 0
35 36 0 0
3 37 0 0
3 38 0 0
33 38 0 0
35 38 0 0
36 38 0 0
3 39 0 0
37 39 0 0
3 40 0 0
33 40 0 0
35 40 0 0
36 40 0 0
38 40 0 0
3 41 0 0
33 41 0 0
35 41 0 0
38 41 0 0
40 41 0 0
14 42 0 0
15 42 0 0
16 42 0 0
17 42 0 0
18 42 0 0
19 42 0 0
31 42 0 0
32 42 0 0
34 42 0 0
14 43 0 0
17 43 0 0
31 43 0 0
35 43 0 0
36 43 0 0
42 43 0 0
14 44 0 0
31 44 0 0
33 44 0 0
35 44 0 0
36 44 0 0
43 44 0 0
10 45 0 0
14 45 0 0
15 45 0 0
16 45 0 0
17 45 0 0
18 45 0 0
19 45 0 0
20 45 0 0
21 45 0 0
24 45 0 0
30 45 0 0
32 45 0 0
34 45 0 0
42 45 0 0
13 46 0 0
22 46 0 0
31 46 0 0
35 46 0 0
36 46 0 0
43 46 0 0
44 46 0 0
14 47 0 0
15 47 0 0
16 47 0 0
17 47 0 0
18 47 0 0
19 47 0 0
20 47 0 0
21 47 0 0
30 47 0 0
31 47 0 0
32 47 0 0
34 47 0 0
42 47 0 0
43 47 0 0
45 47 0 0
13 48 0 0
14 48 0 0
17 48 0 0
22 48 0 0
30 48 0 0
31 48 0 0
35 48 0 0
36 48 0 0
42 48 0 0
43 48 0 0
44 48 0 0
46 48 0 0
47 48 0 0
14 49 0 0
15 49 0 0
16 49 0 0
17 49 0 0
18 49 0 0
19 49 0 0
21 49 0 0
30 49 0 0
31 49 0 0
32 49 0 0
34 49 0 0
35 49 0 0
36 49 0 0
42 49 0 0
43 49 0 0
44 49 0 0
45 49 0 0
47 49 0 0
48 49 0 0
13 50 0 0
14 50 0 0
22 50 0 0
31 50 0 0
35 50 0 0
36 50 0 0
43 50 0 0
44 50 0 0
46 50 0 0
48 50 0 0
49 50 0 0
13 51 0 0
14 51 0 0
22 51 0 0
31 51 0 0
35 51 0 0
36 51 0 0
43 51 0 0
44 51 0 0
46 51 0 0
48 51 0 0
49 51 0 0
50 51 0 0
14 52 0 0
16 52 0 0
17 52 0 0
22 52 0 0
30 52 0 0
31 52 0 0
35 52 0 0
36 52 0 0
42 52 0 0
43 52 0 0
44 52 0 0
45 52 0 0
46 52 0 0
47 52 0 0
48 52 0 0
49 52 0 0
50 52 0 0
51 52 0 0
14 53 0 0
15 53 0 0
16 53 0 0
17 53 0 0
18 53 0 0
19 53 0 0
21 53 0 0
30 53 0 0
31 53 0 0
32 53 0 0
34 53 0 0
42 53 0 0
43 53 0 0
45 53 0 0
47 53 0 0
48 53 0 0
49 53 0 0
51 53 0 0
52 53 0 0
3 54 0 0
33 54 0 0
38 54 0 0
40 54 0 0
41 54 0 0
3 55 0 0
33 55 0 0
38 55 0 0
40 55 0 0
41 55 0 0
54 55 0 0
3 56 0 0
40 56 0 0
41 56 0 0
54 56 0 0
55 56 0 0
3 57 0 0
41 57 0 0
54 57 0 0
55 57 0 0
56 57 0 0
54 58 0 0
3 59 0 0
55 59 0 0
56 59 0 0
57 59 0 0
58 59 0 0
3 60 0 0
54 60 0 0
55 60 0 0
56 60 0 0
57 60 0 0
58 60 0 0
59 60 0 0
3 61 0 0
40 61 0 0
41 61 0 0
54 61 0 0
55 61 0 0
56 61 0 0
57 61 0 0
58 61 0 0
59 61 0 0
60 61 0 0
3 62 0 0
54 62 0 0
55 62 0 0
56 62 0 0
57 62 0 0
58 62 0 0
59 62 0 0
60 62 0 0
61 62 0 0
3 63 0 0
54 63 0 0
55 63 0 0
56 63 0 0
57 63 0 0
59 63 0 0
60 63 0 0
61 63 0 0
62 63 0 0
3 64 0 0
54 64 0 0
55 64 0 0
56 64 0 0
57 64 0 0
59 64 0 0
60 64 0 0
61 64 0 0
62 64 0 0
63 64 0 0
3 65 0 0
54 65 0 0
55 65 0 0
56 65 0 0
57 65 0 0
59 65 0 0
60 65 0 0
61 65 0 0
62 65 0 0
63 65 0 0
64 65 0 0
3 66 0 0
33 66 0 0
38 66 0 0
40 66 0 0
41 66 0 0
54 66 0 0
55 66 0 0
56 66 0 0
57 66 0 0
58 66 0 0
59 66 0 0
60 66 0 0
61 66 0 0
62 66 0 0
63 66 0 0
64 66 0 0
65 66 0 0
3 67 0 0
33 67 0 0
38 67 0 0
40 67 0 0
41 67 0 0
54 67 0 0
55 67 0 0
58 67 0 0
60 67 0 0
61 67 0 0
62 67 0 0
66 67 0 0
3 68 0 0
33 68 0 0
38 68 0 0
40 68 0 0
41 68 0 0
54 68 0 0
55 68 0 0
56 68 0 0
57 68 0 0
58 68 0 0
59 68 0 0
60 68 0 0
61 68 0 0
62 68 0 0
63 68 0 0
64 68 0 0
65 68 0 0
66 68 0 0
67 68 0 0
3 69 0 0
38 69 0 0
40 69 0 0
41 69 0 0
54 69 0 0
55 69 0 0
56 69 0 0
57 69 0 0
58 69 0 0
59 69 0 0
60 69 0 0
61 69 0 0
62 69 0 0
63 69 0 0
64 69 0 0
65 69 0 0
66 69 0 0
67 69 0 0
68 69 0 0
3 70 0 0
33 70 0 0
36 70 0 0
38 70 0 0
40 70 0 0
41 70 0 0
54 70 0 0
55 70 0 0
61 70 0 0
62 70 0 0
66 70 0 0
67 70 0 0
68 70 0 0
69 70 0 0
58 71 0 0
67 71 0 0
68 71 0 0
70 71 0 0
3 72 0 0
33 72 0 0
38 72 0 0
40 72 0 0
41 72 0 0
54 72 0 0
55 72 0 0
56 72 0 0
57 72 0 0
61 72 0 0
62 72 0 0
63 72 0 0
64 72 0 0
65 72 0 0
66 72 0 0
67 72 0 0
68 72 0 0
69 72 0 0
70 72 0 0
3 73 0 0
33 73 0 0
38 73 0 0
40 73 0 0
41 73 0 0
54 73 0 0
55 73 0 0
56 73 0 0
58 73 0 0
61 73 0 0
62 73 0 0
66 73 0 0
67 73 0 0
68 73 0 0
69 73 0 0
70 73 0 0
71 73 0 0
72 73 0 0
3 74 0 0
33 74 0 0
38 74 0 0
40 74 0 0
41 74 0 0
54 74 0 0
55 74 0 0
56 74 0 0
57 74 0 0
60 74 0 0
61 74 0 0
62 74 0 0
63 74 0 0
64 74 0 0
65 74 0 0
66 74 0 0
67 74 0 0
68 74 0 0
69 74 0 0
70 74 0 0
72 74 0 0
73 74 0 0
12 75 0 1
28 75 0 1
58 76 0 1
62 76 0 1
67 76 0 1
68 76 0 1
69 76 0 1
70 76 0 1
71 76 0 1
73 76 0 1
3 77 0 1
14 77 0 1
17 77 0 1
19 77 0 1
31 77 0 1
32 77 0 1
33 77 0 1
34 77 0 1
35 77 0 1
36 77 0 1
38 77 0 1
40 77 0 1
41 77 0 1
42 77 0 1
43 77 0 1
44 77 0 1
45 77 0 1
47 77 0 1
48 77 0 1
49 77 0 1
50 77 0 1
51 77 0 1
52 77 0 1
53 77 0 1
54 77 0 1
55 77 0 1
66 77 0 1
67 77 0 1
68 77 0 1
69 77 0 1
70 77 0 1
71 77 0 1
72 77 0 1
73 77 0 1
74 77 0 1
7 78 0 1
10 78 0 1
15 78 0 1
20 78 0 1
21 78 0 1
23 78 0 1
24 78 0 1
27 78 0 1
29 78 0 1
30 78 0 1
2 79 0 1
4 79 0 1
5 79 0 1
6 79 0 1
9 79 0 1
12 79 0 1
13 79 0 1
26 79 0 1
28 79 0 1
4 80 0 1
5 80 0 1
6 80 0 1
12 80 0 1
28 80 0 1
4 81 0 1
5 81 0 1
6 81 0 1
12 81 0 1
28 81 0 1
7 82 0 1
10 82 0 1
15 82 0 1
16 82 0 1
18 82 0 1
20 82 0 1
21 82 0 1
23 82 0 1
24 82 0 1
27 82 0 1
29 82 0 1
30 82 0 1
45 82 0 1
1 83 0 1
7 83 0 1
10 83 0 1
14 83 0 1
15 83 0 1
16 83 0 1
17 83 0 1
18 83 0 1
19 83 0 1
20 83 0 1
21 83 0 1
23 83 0 1
24 83 0 1
27 83 0 1
29 83 0 1
30 83 0 1
45 83 0 1
47 83 0 1
49 83 0 1
53 83 0 1
4 84 0 1
5 84 0 1
6 84 0 1
12 84 0 1
28 84 0 1
1 85 0 1
2 85 0 1
8 85 0 1
9 85 0 1
11 85 0 1
13 85 0 1
22 85 0 1
25 85 0 1
26 85 0 1
28 85 0 1
46 85 0 1
4 86 0 1
5 86 0 1
6 86 0 1
12 86 0 1
28 86 0 1
4 87 0 1
5 87 0 1
6 87 0 1
12 87 0 1
28 87 0 1
2 88 0 1
4 88 0 1
5 88 0 1
9 88 0 1
12 88 0 1
13 88 0 1
26 88 0 1
28 88 0 1
2 89 0 1
4 89 0 1
5 89 0 1
6 89 0 1
9 89 0 1
12 89 0 1
26 89 0 1
28 89 0 1
2 90 0 1
9 90 0 1
11 90 0 1
13 90 0 1
22 90 0 1
25 90 0 1
26 90 0 1
28 90 0 1
46 90 0 1
50 90 0 1
2 91 0 1
5 91 0 1
6 91 0 1
9 91 0 1
12 91 0 1
13 91 0 1
26 91 0 1
28 91 0 1
2 92 0 1
9 92 0 1
12 92 0 1
13 92 0 1
26 92 0 1
28 92 0 1
46 92 0 1
50 92 0 1
1 93 0 1
2 93 0 1
11 93 0 1
13 93 0 1
22 93 0 1
25 93 0 1
26 93 0 1
31 93 0 1
35 93 0 1
44 93 0 1
46 93 0 1
48 93 0 1
50 93 0 1
51 93 0 1
52 93 0 1
2 94 0 1
12 94 0 1
13 94 0 1
28 94 0 1
46 94 0 1
1 95 0 1
11 95 0 1
13 95 0 1
14 95 0 1
16 95 0 1
17 95 0 1
21 95 0 1
22 95 0 1
25 95 0 1
30 95 0 1
31 95 0 1
43 95 0 1
44 95 0 1
47 95 0 1
48 95 0 1
49 95 0 1
50 95 0 1
51 95 0 1
52 95 0 1
53 95 0 1
2 96 0 1
12 96 0 1
13 96 0 1
28 96 0 1
46 96 0 1
50 96 0 1
13 97 0 1
35 97 0 1
36 97 0 1
44 97 0 1
46 97 0 1
50 97 0 1
51 97 0 1
12 98 0 1
12 99 0 1
46 99 0 1
35 100 0 1
46 100 0 1
50 100 0 1
14 101 0 1
16 101 0 1
17 101 0 1
19 101 0 1
31 101 0 1
32 101 0 1
34 101 0 1
36 101 0 1
42 101 0 1
43 101 0 1
44 101 0 1
45 101 0 1
47 101 0 1
48 101 0 1
49 101 0 1
51 101 0 1
52 101 0 1
53 101 0 1
14 102 0 1
17 102 0 1
31 102 0 1
35 102 0 1
36 102 0 1
42 102 0 1
43 102 0 1
44 102 0 1
47 102 0 1
48 102 0 1
49 102 0 1
50 102 0 1
51 102 0 1
52 102 0 1
53 102 0 1
3 103 0 1
3 104 0 1
33 104 0 1
35 104 0 1
38 104 0 1
46 104 0 1
3 105 0 1
37 105 0 1
39 105 0 1
14 106 0 1
31 106 0 1
33 106 0 1
35 106 0 1
36 106 0 1
43 106 0 1
44 106 0 1
46 106 0 1
47 106 0 1
48 106 0 1
49 106 0 1
50 106 0 1
51 106 0 1
52 106 0 1
53 106 0 1
3 107 0 1
33 107 0 1
35 107 0 1
36 107 0 1
38 107 0 1
41 107 0 1
44 107 0 1
46 107 0 1
50 107 0 1
51 107 0 1
3 108 0 1
33 108 0 1
35 108 0 1
38 108 0 1
46 108 0 1
13 109 0 1
31 109 0 1
33 109 0 1
35 109 0 1
36 109 0 1
43 109 0 1
44 109 0 1
46 109 0 1
48 109 0 1
50 109 0 1
51 109 0 1
52 109 0 1
13 110 0 1
31 110 0 1
33 110 0 1
35 110 0 1
36 110 0 1
38 110 0 1
43 110 0 1
44 110 0 1
46 110 0 1
50 110 0 1
51 110 0 1
3 111 0 1
33 111 0 1
35 111 0 1
46 111 0 1
50 111 0 1
13 112 0 1
33 112 0 1
35 112 0 1
44 112 0 1
46 112 0 1
50 112 0 1
51 112 0 1
3 113 0 1
12 113 0 1
37 113 0 1
39 113 0 1
3 114 0 1
37 114 0 1
31 115 0 1
33 115 0 1
35 115 0 1
36 115 0 1
38 115 0 1
41 115 0 1
43 115 0 1
44 115 0 1
46 115 0 1
48 115 0 1
50 115 0 1
51 115 0 1
1 116 0 1
11 116 0 1
13 116 0 1
14 116 0 1
17 116 0 1
22 116 0 1
31 116 0 1
35 116 0 1
36 116 0 1
43 116 0 1
44 116 0 1
46 116 0 1
47 116 0 1
48 116 0 1
49 116 0 1
50 116 0 1
51 116 0 1
52 116 0 1
53 116 0 1
12 117 0 1
46 117 0 1
5 118 0 1
6 118 0 1
12 118 0 1
28 118 0 1
46 118 0 1
1 119 0 1
2 119 0 1
11 119 0 1
13 119 0 1
14 119 0 1
22 119 0 1
25 119 0 1
31 119 0 1
35 119 0 1
36 119 0 1
43 119 0 1
44 119 0 1
46 119 0 1
48 119 0 1
49 119 0 1
50 119 0 1
51 119 0 1
52 119 0 1
2 120 0 1
13 120 0 1
35 120 0 1
46 120 0 1
50 120 0 1
12 121 0 1
19 122 0 1
32 122 0 1
34 122 0 1
42 122 0 1
45 122 0 1
49 122 0 1
53 122 0 1
3 123 0 1
37 123 0 1
39 123 0 1
3 124 0 1
31 124 0 1
33 124 0 1
35 124 0 1
36 124 0 1
38 124 0 1
40 124 0 1
41 124 0 1
43 124 0 1
44 124 0 1
54 124 0 1
55 124 0 1
66 124 0 1
67 124 0 1
68 124 0 1
70 124 0 1
71 124 0 1
72 124 0 1
73 124 0 1
74 124 0 1
14 125 0 1
31 125 0 1
35 125 0 1
36 125 0 1
42 125 0 1
43 125 0 1
44 125 0 1
47 125 0 1
48 125 0 1
49 125 0 1
50 125 0 1
51 125 0 1
52 125 0 1
53 125 0 1
70 125 0 1
3 126 0 1
33 126 0 1
35 126 0 1
38 126 0 1
41 126 0 1
46 126 0 1
31 127 0 1
33 127 0 1
35 127 0 1
36 127 0 1
38 127 0 1
40 127 0 1
41 127 0 1
43 127 0 1
44 127 0 1
46 127 0 1
48 127 0 1
49 127 0 1
50 127 0 1
51 127 0 1
52 127 0 1
53 127 0 1
67 127 0 1
70 127 0 1
71 127 0 1
73 127 0 1
74 127 0 1
3 128 0 1
31 128 0 1
33 128 0 1
35 128 0 1
36 128 0 1
38 128 0 1
40 128 0 1
41 128 0 1
43 128 0 1
44 128 0 1
46 128 0 1
50 128 0 1
51 128 0 1
54 128 0 1
55 128 0 1
66 128 0 1
67 128 0 1
68 128 0 1
70 128 0 1
72 128 0 1
73 128 0 1
74 128 0 1
19 129 0 1
32 129 0 1
34 129 0 1
42 129 0 1
45 129 0 1
3 130 0 1
37 130 0 1
39 130 0 1
3 131 0 1
37 131 0 1
39 131 0 1
3 132 0 1
31 132 0 1
33 132 0 1
35 132 0 1
36 132 0 1
38 132 0 1
40 132 0 1
41 132 0 1
43 132 0 1
44 132 0 1
46 132 0 1
48 132 0 1
50 132 0 1
51 132 0 1
52 132 0 1
70 132 0 1
72 132 0 1
73 132 0 1
74 132 0 1
32 133 0 1
34 133 0 1
32 134 0 1
34 134 0 1
42 134 0 1
71 134 0 1
58 135 0 1
67 135 0 1
68 135 0 1
70 135 0 1
71 135 0 1
73 135 0 1
67 136 0 1
71 136 0 1
32 137 0 1
71 137 0 1
32 138 0 1
67 138 0 1
68 138 0 1
70 138 0 1
71 138 0 1
73 138 0 1
32 139 0 1
67 139 0 1
70 139 0 1
71 139 0 1
32 140 0 1
32 141 0 1
58 142 0 1
67 142 0 1
68 142 0 1
70 142 0 1
71 142 0 1
73 142 0 1
32 144 0 1
34 144 0 1
67 144 0 1
71 144 0 1
58 145 0 1
67 145 0 1
71 145 0 1
58 146 0 1
59 146 0 1
60 146 0 1
61 146 0 1
62 146 0 1
67 146 0 1
68 146 0 1
69 146 0 1
58 147 0 1
59 147 0 1
60 147 0 1
61 147 0 1
62 147 0 1
67 147 0 1
68 147 0 1
69 147 0 1
54 149 0 1
58 149 0 1
60 149 0 1
61 149 0 1
62 149 0 1
67 149 0 1
68 149 0 1
69 149 0 1
70 149 0 1
71 149 0 1
73 149 0 1
54 150 0 1
58 150 0 1
59 150 0 1
60 150 0 1
61 150 0 1
62 150 0 1
66 150 0 1
67 150 0 1
68 150 0 1
69 150 0 1
70 150 0 1
71 150 0 1
73 150 0 1
58 151 0 1
67 151 0 1
32 153 0 1
34 153 0 1
42 153 0 1
45 153 0 1
71 153 0 1
32 154 0 1
34 154 0 1
42 154 0 1
45 154 0 1
71 154 0 1
3 155 0 1
31 155 0 1
33 155 0 1
35 155 0 1
36 155 0 1
38 155 0 1
40 155 0 1
41 155 0 1
43 155 0 1
44 155 0 1
51 155 0 1
54 155 0 1
67 155 0 1
68 155 0 1
70 155 0 1
71 155 0 1
72 155 0 1
73 155 0 1
74 155 0 1
31 156 0 1
33 156 0 1
35 156 0 1
36 156 0 1
38 156 0 1
40 156 0 1
41 156 0 1
43 156 0 1
44 156 0 1
54 156 0 1
67 156 0 1
68 156 0 1
70 156 0 1
71 156 0 1
73 156 0 1
74 156 0 1
32 157 0 1
34 157 0 1
42 157 0 1
32 158 0 1
34 158 0 1
42 158 0 1
32 159 0 1
42 159 0 1
67 159 0 1
70 159 0 1
71 159 0 1
73 159 0 1
35 160 0 1
36 160 0 1
40 160 0 1
43 160 0 1
67 160 0 1
68 160 0 1
70 160 0 1
71 160 0 1
73 160 0 1
