1 2 0 0
2 3 0 0
2 4 0 0
3 4 0 0
2 5 0 0
3 5 0 0
4 5 0 0
2 7 0 0
3 7 0 0
4 7 0 0
5 7 0 0
6 8 0 0
6 10 0 0
8 10 0 0
1 11 0 0
2 11 0 0
4 11 0 0
5 11 0 0
7 11 0 0
1 12 0 0
2 12 0 0
4 12 0 0
5 12 0 0
7 12 0 0
11 12 0 0
1 13 0 0
2 13 0 0
4 13 0 0
5 13 0 0
11 13 0 0
12 13 0 0
1 14 0 0
6 14 0 0
8 14 0 0
10 14 0 0
12 14 0 0
13 14 0 0
1 15 0 0
6 15 0 0
10 15 0 0
13 15 0 0
14 15 0 0
6 16 0 0
9 16 0 0
10 16 0 0
1 17 0 0
2 17 0 0
11 17 0 0
12 17 0 0
13 17 0 0
1 18 0 0
2 18 0 0
10 18 0 0
13 18 0 0
14 18 0 0
15 18 0 0
1 19 0 0
6 19 0 0
10 19 0 0
14 19 0 0
15 19 0 0
16 19 0 0
18 19 0 0
1 20 0 0
2 20 0 0
12 20 0 0
13 20 0 0
14 20 0 0
15 20 0 0
17 20 0 0
18 20 0 0
19 20 0 0
6 21 0 0
8 21 0 0
9 21 0 0
10 21 0 0
16 21 0 0
1 22 0 0
2 22 0 0
5 22 0 0
11 22 0 0
12 22 0 0
13 22 0 0
17 22 0 0
20 22 0 0
1 23 0 0
12 23 0 0
13 23 0 0
14 23 0 0
15 23 0 0
18 23 0 0
19 23 0 0
20 23 0 0
22 23 0 0
1 24 0 0
6 24 0 0
8 24 0 0
10 24 0 0
13 24 0 0
14 24 0 0
15 24 0 0
18 24 0 0
19 24 0 0
20 24 0 0
23 24 0 0
1 25 0 0
6 25 0 0
8 25 0 0
10 25 0 0
13 25 0 0
14 25 0 0
15 25 0 0
18 25 0 0
19 25 0 0
20 25 0 0
23 25 0 0
24 25 0 0
1 26 0 0
10 26 0 0
15 26 0 0
16 26 0 0
18 26 0 0
19 26 0 0
21 26 0 0
25 26 0 0
1 27 0 0
2 27 0 0
15 27 0 0
16 27 0 0
18 27 0 0
19 27 0 0
20 27 0 0
23 27 0 0
24 27 0 0
25 27 0 0
26 27 0 0
1 28 0 0
2 28 0 0
17 28 0 0
20 28 0 0
22 28 0 0
1 29 0 0
2 29 0 0
15 29 0 0
16 29 0 0
18 29 0 0
19 29 0 0
20 29 0 0
24 29 0 0
25 29 0 0
26 29 0 0
27 29 0 0
1 30 0 0
2 30 0 0
15 30 0 0
18 30 0 0
19 30 0 0
20 30 0 0
23 30 0 0
24 30 0 0
25 30 0 0
26 30 0 0
27 30 0 0
28 30 0 0
29 30 0 0
1 31 0 0
2 31 0 0
15 31 0 0
18 31 0 0
19 31 0 0
20 31 0 0
23 31 0 0
24 31 0 0
25 31 0 0
26 31 0 0
27 31 0 0
29 31 0 0
30 31 0 0
1 32 0 0
2 32 0 0
15 32 0 0
18 32 0 0
19 32 0 0
20 32 0 0
23 32 0 0
24 32 0 0
25 32 0 0
26 32 0 0
27 32 0 0
28 32 0 0
29 32 0 0
30 32 0 0
31 32 0 0
1 33 0 0
2 33 0 0
15 33 0 0
18 33 0 0
19 33 0 0
20 33 0 0
23 33 0 0
24 33 0 0
25 33 0 0
26 33 0 0
27 33 0 0
29 33 0 0
30 33 0 0
31 33 0 0
32 33 0 0
1 34 0 0
2 34 0 0
11 34 0 0
12 34 0 0
17 34 0 0
20 34 0 0
22 34 0 0
28 34 0 0
1 35 0 0
2 35 0 0
10 35 0 0
14 35 0 0
15 35 0 0
18 35 0 0
19 35 0 0
20 35 0 0
23 35 0 0
24 35 0 0
25 35 0 0
26 35 0 0
27 35 0 0
29 35 0 0
30 35 0 0
31 35 0 0
32 35 0 0
33 35 0 0
1 36 0 0
2 36 0 0
10 36 0 0
14 36 0 0
15 36 0 0
16 36 0 0
18 36 0 0
19 36 0 0
20 36 0 0
21 36 0 0
23 36 0 0
24 36 0 0
25 36 0 0
26 36 0 0
27 36 0 0
29 36 0 0
30 36 0 0
31 36 0 0
32 36 0 0
33 36 0 0
35 36 0 0
1 37 0 0
2 37 0 0
11 37 0 0
12 37 0 0
17 37 0 0
22 37 0 0
28 37 0 0
34 37 0 0
1 38 0 0
2 38 0 0
11 38 0 0
12 38 0 0
15 38 0 0
17 38 0 0
18 38 0 0
20 38 0 0
22 38 0 0
23 38 0 0
24 38 0 0
28 38 0 0
30 38 0 0
32 38 0 0
33 38 0 0
34 38 0 0
35 38 0 0
37 38 0 0
1 39 0 0
10 39 0 0
15 39 0 0
16 39 0 0
18 39 0 0
19 39 0 0
21 39 0 0
24 39 0 0
25 39 0 0
26 39 0 0
27 39 0 0
29 39 0 0
30 39 0 0
31 39 0 0
32 39 0 0
33 39 0 0
35 39 0 0
36 39 0 0
1 40 0 0
2 40 0 0
10 40 0 0
15 40 0 0
16 40 0 0
18 40 0 0
19 40 0 0
20 40 0 0
21 40 0 0
23 40 0 0
24 40 0 0
25 40 0 0
26 40 0 0
27 40 0 0
29 40 0 0
30 40 0 0
31 40 0 0
32 40 0 0
33 40 0 0
35 40 0 0
36 40 0 0
39 40 0 0
1 41 0 0
2 41 0 0
10 41 0 0
15 41 0 0
16 41 0 0
18 41 0 0
19 41 0 0
20 41 0 0
23 41 0 0
24 41 0 0
25 41 0 0
26 41 0 0
27 41 0 0
29 41 0 0
30 41 0 0
31 41 0 0
32 41 0 0
33 41 0 0
35 41 0 0
36 41 0 0
39 41 0 0
40 41 0 0
1 43 0 0
2 43 0 0
26 43 0 0
27 43 0 0
29 43 0 0
30 43 0 0
31 43 0 0
32 43 0 0
33 43 0 0
35 43 0 0
36 43 0 0
39 43 0 0
40 43 0 0
41 43 0 0
1 44 0 0
2 44 0 0
26 44 0 0
27 44 0 0
29 44 0 0
30 44 0 0
31 44 0 0
32 44 0 0
33 44 0 0
35 44 0 0
36 44 0 0
39 44 0 0
40 44 0 0
41 44 0 0
43 44 0 0
42 45 0 0
42 46 0 0
45 46 0 0
42 47 0 0
45 47 0 0
46 47 0 0
1 48 0 0
2 48 0 0
26 48 0 0
27 48 0 0
29 48 0 0
30 48 0 0
31 48 0 0
32 48 0 0
33 48 0 0
35 48 0 0
36 48 0 0
39 48 0 0
40 48 0 0
41 48 0 0
43 48 0 0
44 48 0 0
1 49 0 0
2 49 0 0
27 49 0 0
28 49 0 0
29 49 0 0
30 49 0 0
31 49 0 0
32 49 0 0
33 49 0 0
35 49 0 0
38 49 0 0
41 49 0 0
43 49 0 0
44 49 0 0
48 49 0 0
2 50 0 0
26 50 0 0
27 50 0 0
29 50 0 0
30 50 0 0
31 50 0 0
32 50 0 0
33 50 0 0
39 50 0 0
40 50 0 0
41 50 0 0
43 50 0 0
44 50 0 0
48 50 0 0
49 50 0 0
1 51 0 0
2 51 0 0
26 51 0 0
27 51 0 0
29 51 0 0
30 51 0 0
31 51 0 0
32 51 0 0
33 51 0 0
35 51 0 0
40 51 0 0
41 51 0 0
43 51 0 0
44 51 0 0
48 51 0 0
49 51 0 0
50 51 0 0
26 52 0 0
27 52 0 0
29 52 0 0
31 52 0 0
39 52 0 0
40 52 0 0
42 52 0 0
43 52 0 0
44 52 0 0
46 52 0 0
47 52 0 0
48 52 0 0
50 52 0 0
51 52 0 0
1 53 0 0
2 53 0 0
26 53 0 0
27 53 0 0
29 53 0 0
30 53 0 0
31 53 0 0
32 53 0 0
33 53 0 0
35 53 0 0
40 53 0 0
41 53 0 0
43 53 0 0
44 53 0 0
48 53 0 0
49 53 0 0
50 53 0 0
51 53 0 0
52 53 0 0
1 54 0 0
2 54 0 0
26 54 0 0
27 54 0 0
29 54 0 0
30 54 0 0
31 54 0 0
32 54 0 0
33 54 0 0
43 54 0 0
44 54 0 0
48 54 0 0
49 54 0 0
50 54 0 0
51 54 0 0
52 54 0 0
53 54 0 0
1 55 0 0
2 55 0 0
15 55 0 0
18 55 0 0
19 55 0 0
20 55 0 0
27 55 0 0
28 55 0 0
29 55 0 0
30 55 0 0
31 55 0 0
32 55 0 0
33 55 0 0
35 55 0 0
36 55 0 0
38 55 0 0
40 55 0 0
41 55 0 0
43 55 0 0
44 55 0 0
48 55 0 0
49 55 0 0
50 55 0 0
51 55 0 0
53 55 0 0
54 55 0 0
1 56 0 0
2 56 0 0
17 56 0 0
20 56 0 0
22 56 0 0
28 56 0 0
30 56 0 0
34 56 0 0
37 56 0 0
38 56 0 0
49 56 0 0
51 56 0 0
55 56 0 0
1 57 0 0
2 57 0 0
19 57 0 0
26 57 0 0
27 57 0 0
29 57 0 0
30 57 0 0
31 57 0 0
32 57 0 0
33 57 0 0
35 57 0 0
36 57 0 0
39 57 0 0
40 57 0 0
41 57 0 0
43 57 0 0
44 57 0 0
48 57 0 0
49 57 0 0
50 57 0 0
51 57 0 0
52 57 0 0
53 57 0 0
54 57 0 0
55 57 0 0
1 58 0 0
2 58 0 0
18 58 0 0
19 58 0 0
20 58 0 0
26 58 0 0
27 58 0 0
28 58 0 0
29 58 0 0
30 58 0 0
31 58 0 0
32 58 0 0
33 58 0 0
35 58 0 0
36 58 0 0
38 58 0 0
40 58 0 0
41 58 0 0
43 58 0 0
44 58 0 0
48 58 0 0
49 58 0 0
50 58 0 0
51 58 0 0
53 58 0 0
54 58 0 0
55 58 0 0
56 58 0 0
57 58 0 0
1 59 0 0
2 59 0 0
18 59 0 0
19 59 0 0
20 59 0 0
26 59 0 0
27 59 0 0
29 59 0 0
30 59 0 0
31 59 0 0
32 59 0 0
33 59 0 0
35 59 0 0
36 59 0 0
39 59 0 0
40 59 0 0
41 59 0 0
43 59 0 0
44 59 0 0
48 59 0 0
49 59 0 0
50 59 0 0
51 59 0 0
52 59 0 0
53 59 0 0
54 59 0 0
55 59 0 0
57 59 0 0
58 59 0 0
1 60 0 0
2 60 0 0
17 60 0 0
20 60 0 0
28 60 0 0
30 60 0 0
32 60 0 0
34 60 0 0
37 60 0 0
38 60 0 0
49 60 0 0
51 60 0 0
55 60 0 0
56 60 0 0
58 60 0 0
3 61 0 1
4 61 0 1
5 61 0 1
13 61 0 1
6 62 0 1
8 62 0 1
9 62 0 1
10 62 0 1
21 62 0 1
5 63 0 1
3 64 0 1
3 65 0 1
3 68 0 1
3 71 0 1
4 71 0 1
6 73 0 1
8 73 0 1
13 73 0 1
14 73 0 1
13 74 0 1
14 74 0 1
8 75 0 1
9 76 0 1
21 76 0 1
9 77 0 1
9 78 0 1
9 79 0 1
9 80 0 1
9 81 0 1
6 82 0 1
8 82 0 1
6 84 0 1
8 84 0 1
13 84 0 1
14 84 0 1
6 85 0 1
8 85 0 1
10 85 0 1
14 85 0 1
6 86 0 1
8 86 0 1
10 86 0 1
8 87 0 1
8 89 0 1
3 90 0 1
4 90 0 1
5 90 0 1
8 91 0 1
6 92 0 1
8 92 0 1
8 93 0 1
3 96 0 1
4 96 0 1
8 99 0 1
