1 2 0 0
1 3 0 0
2 3 0 0
1 5 0 0
2 5 0 0
3 5 0 0
1 6 0 0
2 6 0 0
3 6 0 0
5 6 0 0
1 7 0 0
2 7 0 0
3 7 0 0
5 7 0 0
6 7 0 0
1 8 0 0
4 8 0 0
5 8 0 0
1 9 0 0
2 9 0 0
3 9 0 0
4 9 0 0
5 9 0 0
6 9 0 0
7 9 0 0
8 9 0 0
1 10 0 0
2 10 0 0
3 10 0 0
5 10 0 0
6 10 0 0
7 10 0 0
9 10 0 0
1 11 0 0
2 11 0 0
3 11 0 0
5 11 0 0
6 11 0 0
7 11 0 0
8 11 0 0
9 11 0 0
10 11 0 0
4 12 0 0
8 12 0 0
1 13 0 0
3 13 0 0
4 13 0 0
5 13 0 0
6 13 0 0
8 13 0 0
9 13 0 0
11 13 0 0
12 13 0 0
4 15 0 0
12 15 0 0
14 15 0 0
4 16 0 0
8 16 0 0
12 16 0 0
13 16 0 0
15 16 0 0
1 17 0 0
2 17 0 0
3 17 0 0
5 17 0 0
6 17 0 0
7 17 0 0
8 17 0 0
9 17 0 0
10 17 0 0
11 17 0 0
13 17 0 0
1 18 0 0
2 18 0 0
3 18 0 0
4 18 0 0
5 18 0 0
6 18 0 0
7 18 0 0
8 18 0 0
9 18 0 0
10 18 0 0
11 18 0 0
13 18 0 0
17 18 0 0
3 19 0 0
4 19 0 0
8 19 0 0
9 19 0 0
12 19 0 0
13 19 0 0
15 19 0 0
16 19 0 0
17 19 0 0
18 19 0 0
1 20 0 0
2 20 0 0
3 20 0 0
5 20 0 0
6 20 0 0
7 20 0 0
9 20 0 0
10 20 0 0
11 20 0 0
13 20 0 0
17 20 0 0
18 20 0 0
1 21 0 0
2 21 0 0
3 21 0 0
4 21 0 0
5 21 0 0
6 21 0 0
7 21 0 0
8 21 0 0
9 21 0 0
10 21 0 0
11 21 0 0
13 21 0 0
17 21 0 0
18 21 0 0
19 21 0 0
20 21 0 0
14 22 0 0
15 22 0 0
14 23 0 0
15 23 0 0
22 23 0 0
3 24 0 0
4 24 0 0
8 24 0 0
12 24 0 0
13 24 0 0
15 24 0 0
16 24 0 0
19 24 0 0
4 25 0 0
12 25 0 0
15 25 0 0
16 25 0 0
19 25 0 0
22 25 0 0
23 25 0 0
24 25 0 0
3 26 0 0
4 26 0 0
8 26 0 0
12 26 0 0
13 26 0 0
15 26 0 0
16 26 0 0
19 26 0 0
24 26 0 0
25 26 0 0
1 27 0 0
2 27 0 0
3 27 0 0
5 27 0 0
6 27 0 0
7 27 0 0
9 27 0 0
10 27 0 0
11 27 0 0
13 27 0 0
17 27 0 0
18 27 0 0
20 27 0 0
21 27 0 0
14 28 0 0
15 28 0 0
22 28 0 0
23 28 0 0
25 28 0 0
2 29 0 0
4 30 0 0
12 30 0 0
14 30 0 0
15 30 0 0
16 30 0 0
19 30 0 0
22 30 0 0
23 30 0 0
24 30 0 0
25 30 0 0
26 30 0 0
28 30 0 0
4 31 0 0
8 31 0 0
12 31 0 0
13 31 0 0
15 31 0 0
16 31 0 0
19 31 0 0
24 31 0 0
25 31 0 0
26 31 0 0
30 31 0 0
1 32 0 0
3 32 0 0
4 32 0 0
5 32 0 0
6 32 0 0
8 32 0 0
9 32 0 0
10 32 0 0
11 32 0 0
12 32 0 0
13 32 0 0
16 32 0 0
17 32 0 0
18 32 0 0
19 32 0 0
20 32 0 0
21 32 0 0
24 32 0 0
26 32 0 0
27 32 0 0
31 32 0 0
1 33 0 0
3 33 0 0
4 33 0 0
8 33 0 0
9 33 0 0
12 33 0 0
13 33 0 0
15 33 0 0
16 33 0 0
17 33 0 0
18 33 0 0
19 33 0 0
21 33 0 0
24 33 0 0
25 33 0 0
26 33 0 0
30 33 0 0
31 33 0 0
32 33 0 0
1 34 0 0
2 34 0 0
3 34 0 0
5 34 0 0
6 34 0 0
7 34 0 0
8 34 0 0
9 34 0 0
10 34 0 0
11 34 0 0
13 34 0 0
17 34 0 0
18 34 0 0
19 34 0 0
20 34 0 0
21 34 0 0
27 34 0 0
32 34 0 0
33 34 0 0
14 35 0 0
15 35 0 0
22 35 0 0
23 35 0 0
25 35 0 0
28 35 0 0
30 35 0 0
14 36 0 0
15 36 0 0
16 36 0 0
22 36 0 0
23 36 0 0
24 36 0 0
25 36 0 0
26 36 0 0
28 36 0 0
30 36 0 0
31 36 0 0
35 36 0 0
12 37 0 0
14 37 0 0
15 37 0 0
16 37 0 0
19 37 0 0
22 37 0 0
23 37 0 0
24 37 0 0
25 37 0 0
26 37 0 0
28 37 0 0
30 37 0 0
31 37 0 0
35 37 0 0
36 37 0 0
4 38 0 0
8 38 0 0
12 38 0 0
13 38 0 0
15 38 0 0
16 38 0 0
19 38 0 0
24 38 0 0
25 38 0 0
26 38 0 0
30 38 0 0
31 38 0 0
32 38 0 0
33 38 0 0
36 38 0 0
37 38 0 0
1 39 0 0
3 39 0 0
4 39 0 0
5 39 0 0
8 39 0 0
9 39 0 0
11 39 0 0
12 39 0 0
13 39 0 0
16 39 0 0
17 39 0 0
18 39 0 0
19 39 0 0
21 39 0 0
24 39 0 0
26 39 0 0
27 39 0 0
31 39 0 0
32 39 0 0
33 39 0 0
34 39 0 0
38 39 0 0
1 40 0 0
2 40 0 0
3 40 0 0
5 40 0 0
6 40 0 0
7 40 0 0
8 40 0 0
9 40 0 0
10 40 0 0
11 40 0 0
13 40 0 0
17 40 0 0
18 40 0 0
19 40 0 0
20 40 0 0
21 40 0 0
24 40 0 0
26 40 0 0
27 40 0 0
32 40 0 0
33 40 0 0
34 40 0 0
39 40 0 0
1 41 0 0
2 41 0 0
3 41 0 0
5 41 0 0
6 41 0 0
7 41 0 0
8 41 0 0
9 41 0 0
10 41 0 0
11 41 0 0
13 41 0 0
17 41 0 0
18 41 0 0
20 41 0 0
21 41 0 0
27 41 0 0
32 41 0 0
33 41 0 0
34 41 0 0
39 41 0 0
40 41 0 0
4 42 0 0
8 42 0 0
12 42 0 0
15 42 0 0
16 42 0 0
19 42 0 0
22 42 0 0
23 42 0 0
24 42 0 0
25 42 0 0
26 42 0 0
30 42 0 0
31 42 0 0
33 42 0 0
35 42 0 0
36 42 0 0
37 42 0 0
38 42 0 0
39 42 0 0
1 43 0 0
2 43 0 0
3 43 0 0
5 43 0 0
6 43 0 0
7 43 0 0
9 43 0 0
10 43 0 0
11 43 0 0
17 43 0 0
18 43 0 0
20 43 0 0
21 43 0 0
27 43 0 0
32 43 0 0
34 43 0 0
40 43 0 0
41 43 0 0
1 44 0 0
2 44 0 0
3 44 0 0
17 44 0 0
20 44 0 0
21 44 0 0
27 44 0 0
34 44 0 0
40 44 0 0
41 44 0 0
43 44 0 0
12 45 0 0
15 45 0 0
16 45 0 0
19 45 0 0
24 45 0 0
25 45 0 0
26 45 0 0
30 45 0 0
31 45 0 0
33 45 0 0
36 45 0 0
37 45 0 0
38 45 0 0
39 45 0 0
42 45 0 0
1 46 0 0
2 46 0 0
3 46 0 0
20 46 0 0
27 46 0 0
34 46 0 0
40 46 0 0
41 46 0 0
43 46 0 0
44 46 0 0
1 47 0 0
2 47 0 0
3 47 0 0
12 47 0 0
13 47 0 0
17 47 0 0
19 47 0 0
21 47 0 0
24 47 0 0
26 47 0 0
27 47 0 0
32 47 0 0
33 47 0 0
34 47 0 0
38 47 0 0
39 47 0 0
40 47 0 0
41 47 0 0
43 47 0 0
44 47 0 0
45 47 0 0
46 47 0 0
3 48 0 0
12 48 0 0
13 48 0 0
19 48 0 0
21 48 0 0
24 48 0 0
26 48 0 0
31 48 0 0
32 48 0 0
33 48 0 0
34 48 0 0
38 48 0 0
39 48 0 0
40 48 0 0
41 48 0 0
42 48 0 0
45 48 0 0
47 48 0 0
3 49 0 0
12 49 0 0
13 49 0 0
19 49 0 0
21 49 0 0
24 49 0 0
26 49 0 0
32 49 0 0
33 49 0 0
34 49 0 0
38 49 0 0
39 49 0 0
40 49 0 0
41 49 0 0
45 49 0 0
47 49 0 0
48 49 0 0
3 50 0 0
12 50 0 0
19 50 0 0
24 50 0 0
25 50 0 0
26 50 0 0
30 50 0 0
31 50 0 0
32 50 0 0
33 50 0 0
38 50 0 0
39 50 0 0
40 50 0 0
42 50 0 0
45 50 0 0
47 50 0 0
48 50 0 0
49 50 0 0
24 51 0 0
25 51 0 0
33 51 0 0
38 51 0 0
42 51 0 0
45 51 0 0
47 51 0 0
48 51 0 0
49 51 0 0
50 51 0 0
3 52 0 0
33 52 0 0
40 52 0 0
44 52 0 0
47 52 0 0
48 52 0 0
49 52 0 0
50 52 0 0
51 52 0 0
2 53 0 0
3 53 0 0
27 53 0 0
40 53 0 0
43 53 0 0
44 53 0 0
46 53 0 0
47 53 0 0
52 53 0 0
24 54 0 0
25 54 0 0
42 54 0 0
45 54 0 0
50 54 0 0
51 54 0 0
24 55 0 0
45 55 0 0
47 55 0 0
48 55 0 0
49 55 0 0
50 55 0 0
51 55 0 0
52 55 0 0
54 55 0 0
2 56 0 0
3 56 0 0
40 56 0 0
44 56 0 0
46 56 0 0
47 56 0 0
48 56 0 0
49 56 0 0
50 56 0 0
52 56 0 0
53 56 0 0
2 57 0 0
3 57 0 0
40 57 0 0
43 57 0 0
44 57 0 0
46 57 0 0
47 57 0 0
49 57 0 0
52 57 0 0
53 57 0 0
56 57 0 0
2 58 0 0
3 58 0 0
43 58 0 0
44 58 0 0
46 58 0 0
47 58 0 0
52 58 0 0
53 58 0 0
56 58 0 0
57 58 0 0
25 59 0 0
45 59 0 0
50 59 0 0
51 59 0 0
54 59 0 0
55 59 0 0
2 60 0 0
3 60 0 0
44 60 0 0
46 60 0 0
53 60 0 0
56 60 0 0
57 60 0 0
58 60 0 0
2 61 0 0
3 61 0 0
40 61 0 0
44 61 0 0
46 61 0 0
47 61 0 0
48 61 0 0
49 61 0 0
50 61 0 0
52 61 0 0
53 61 0 0
55 61 0 0
56 61 0 0
57 61 0 0
58 61 0 0
60 61 0 0
3 62 0 0
47 62 0 0
48 62 0 0
49 62 0 0
50 62 0 0
52 62 0 0
53 62 0 0
55 62 0 0
56 62 0 0
57 62 0 0
58 62 0 0
61 62 0 0
2 63 0 0
3 63 0 0
44 63 0 0
46 63 0 0
47 63 0 0
52 63 0 0
53 63 0 0
56 63 0 0
57 63 0 0
58 63 0 0
60 63 0 0
61 63 0 0
62 63 0 0
2 64 0 0
3 64 0 0
44 64 0 0
46 64 0 0
53 64 0 0
56 64 0 0
57 64 0 0
58 64 0 0
60 64 0 0
61 64 0 0
63 64 0 0
51 65 0 0
54 65 0 0
55 65 0 0
59 65 0 0
51 66 0 0
54 66 0 0
55 66 0 0
59 66 0 0
65 66 0 0
2 67 0 0
53 67 0 0
57 67 0 0
58 67 0 0
60 67 0 0
61 67 0 0
63 67 0 0
64 67 0 0
2 68 0 0
2 69 0 0
60 69 0 0
64 69 0 0
67 69 0 0
68 69 0 0
2 70 0 0
57 70 0 0
58 70 0 0
60 70 0 0
63 70 0 0
64 70 0 0
67 70 0 0
68 70 0 0
69 70 0 0
2 71 0 0
58 71 0 0
60 71 0 0
63 71 0 0
64 71 0 0
67 71 0 0
69 71 0 0
70 71 0 0
2 73 0 0
68 73 0 0
69 73 0 0
67 74 0 0
70 74 0 0
71 74 0 0
68 75 0 0
73 75 0 0
75 76 0 0
68 77 0 0
69 77 0 0
73 77 0 0
75 77 0 0
76 77 0 0
2 78 0 0
67 78 0 0
68 78 0 0
69 78 0 0
70 78 0 0
71 78 0 0
73 78 0 0
75 78 0 0
77 78 0 0
2 79 0 0
67 79 0 0
68 79 0 0
69 79 0 0
70 79 0 0
71 79 0 0
73 79 0 0
74 79 0 0
77 79 0 0
78 79 0 0
2 80 0 0
67 80 0 0
68 80 0 0
69 80 0 0
70 80 0 0
71 80 0 0
73 80 0 0
74 80 0 0
75 80 0 0
77 80 0 0
78 80 0 0
79 80 0 0
2 81 0 0
67 81 0 0
68 81 0 0
69 81 0 0
70 81 0 0
71 81 0 0
73 81 0 0
75 81 0 0
77 81 0 0
78 81 0 0
79 81 0 0
80 81 0 0
2 82 0 0
68 82 0 0
69 82 0 0
70 82 0 0
73 82 0 0
75 82 0 0
77 82 0 0
78 82 0 0
79 82 0 0
80 82 0 0
81 82 0 0
50 83 0 0
51 83 0 0
52 83 0 0
54 83 0 0
55 83 0 0
59 83 0 0
62 83 0 0
65 83 0 0
66 83 0 0
72 83 0 0
50 84 0 0
51 84 0 0
52 84 0 0
54 84 0 0
55 84 0 0
59 84 0 0
61 84 0 0
62 84 0 0
65 84 0 0
66 84 0 0
72 84 0 0
83 84 0 0
2 85 0 0
53 85 0 0
57 85 0 0
58 85 0 0
60 85 0 0
63 85 0 0
64 85 0 0
67 85 0 0
68 85 0 0
69 85 0 0
70 85 0 0
71 85 0 0
78 85 0 0
79 85 0 0
80 85 0 0
81 85 0 0
82 85 0 0
2 86 0 0
58 86 0 0
60 86 0 0
63 86 0 0
64 86 0 0
67 86 0 0
68 86 0 0
69 86 0 0
70 86 0 0
71 86 0 0
73 86 0 0
78 86 0 0
79 86 0 0
80 86 0 0
81 86 0 0
82 86 0 0
85 86 0 0
2 87 0 0
60 87 0 0
64 87 0 0
67 87 0 0
68 87 0 0
69 87 0 0
70 87 0 0
71 87 0 0
73 87 0 0
77 87 0 0
78 87 0 0
79 87 0 0
80 87 0 0
81 87 0 0
82 87 0 0
85 87 0 0
86 87 0 0
45 88 0 0
50 88 0 0
51 88 0 0
54 88 0 0
55 88 0 0
59 88 0 0
65 88 0 0
66 88 0 0
83 88 0 0
84 88 0 0
45 89 0 0
50 89 0 0
51 89 0 0
54 89 0 0
55 89 0 0
59 89 0 0
65 89 0 0
66 89 0 0
83 89 0 0
84 89 0 0
88 89 0 0
3 90 0 0
47 90 0 0
48 90 0 0
49 90 0 0
50 90 0 0
52 90 0 0
53 90 0 0
55 90 0 0
56 90 0 0
57 90 0 0
61 90 0 0
62 90 0 0
63 90 0 0
83 90 0 0
84 90 0 0
2 91 0 0
46 91 0 0
53 91 0 0
58 91 0 0
60 91 0 0
63 91 0 0
64 91 0 0
67 91 0 0
68 91 0 0
69 91 0 0
70 91 0 0
71 91 0 0
85 91 0 0
86 91 0 0
87 91 0 0
45 92 0 0
48 92 0 0
49 92 0 0
50 92 0 0
51 92 0 0
52 92 0 0
54 92 0 0
55 92 0 0
59 92 0 0
62 92 0 0
65 92 0 0
66 92 0 0
83 92 0 0
84 92 0 0
88 92 0 0
89 92 0 0
90 92 0 0
2 93 0 0
3 93 0 0
44 93 0 0
46 93 0 0
53 93 0 0
57 93 0 0
58 93 0 0
60 93 0 0
63 93 0 0
64 93 0 0
67 93 0 0
69 93 0 0
70 93 0 0
71 93 0 0
85 93 0 0
86 93 0 0
87 93 0 0
91 93 0 0
47 94 0 0
49 94 0 0
50 94 0 0
51 94 0 0
52 94 0 0
54 94 0 0
55 94 0 0
56 94 0 0
59 94 0 0
61 94 0 0
62 94 0 0
66 94 0 0
83 94 0 0
84 94 0 0
88 94 0 0
89 94 0 0
90 94 0 0
92 94 0 0
3 95 0 0
47 95 0 0
48 95 0 0
49 95 0 0
52 95 0 0
53 95 0 0
56 95 0 0
57 95 0 0
58 95 0 0
61 95 0 0
62 95 0 0
63 95 0 0
67 95 0 0
84 95 0 0
90 95 0 0
94 95 0 0
2 96 0 0
3 96 0 0
44 96 0 0
46 96 0 0
52 96 0 0
53 96 0 0
56 96 0 0
57 96 0 0
58 96 0 0
60 96 0 0
61 96 0 0
62 96 0 0
63 96 0 0
64 96 0 0
67 96 0 0
69 96 0 0
70 96 0 0
71 96 0 0
79 96 0 0
85 96 0 0
86 96 0 0
90 96 0 0
91 96 0 0
93 96 0 0
95 96 0 0
2 97 0 0
46 97 0 0
53 97 0 0
58 97 0 0
60 97 0 0
63 97 0 0
64 97 0 0
67 97 0 0
68 97 0 0
69 97 0 0
70 97 0 0
71 97 0 0
78 97 0 0
81 97 0 0
85 97 0 0
86 97 0 0
87 97 0 0
91 97 0 0
93 97 0 0
96 97 0 0
2 98 0 0
3 98 0 0
44 98 0 0
46 98 0 0
53 98 0 0
56 98 0 0
57 98 0 0
58 98 0 0
60 98 0 0
61 98 0 0
63 98 0 0
64 98 0 0
67 98 0 0
69 98 0 0
70 98 0 0
71 98 0 0
79 98 0 0
80 98 0 0
85 98 0 0
86 98 0 0
91 98 0 0
93 98 0 0
95 98 0 0
96 98 0 0
97 98 0 0
22 99 0 0
24 99 0 0
25 99 0 0
26 99 0 0
30 99 0 0
31 99 0 0
33 99 0 0
36 99 0 0
37 99 0 0
38 99 0 0
42 99 0 0
45 99 0 0
48 99 0 0
49 99 0 0
50 99 0 0
51 99 0 0
54 99 0 0
55 99 0 0
59 99 0 0
65 99 0 0
66 99 0 0
83 99 0 0
84 99 0 0
88 99 0 0
89 99 0 0
92 99 0 0
94 99 0 0
3 100 0 0
13 100 0 0
24 100 0 0
32 100 0 0
33 100 0 0
34 100 0 0
39 100 0 0
40 100 0 0
41 100 0 0
44 100 0 0
45 100 0 0
47 100 0 0
48 100 0 0
49 100 0 0
50 100 0 0
51 100 0 0
52 100 0 0
53 100 0 0
55 100 0 0
56 100 0 0
57 100 0 0
61 100 0 0
62 100 0 0
63 100 0 0
90 100 0 0
92 100 0 0
94 100 0 0
95 100 0 0
99 100 0 0
1 101 0 0
2 101 0 0
3 101 0 0
21 101 0 0
27 101 0 0
32 101 0 0
33 101 0 0
34 101 0 0
39 101 0 0
40 101 0 0
41 101 0 0
43 101 0 0
44 101 0 0
46 101 0 0
47 101 0 0
48 101 0 0
49 101 0 0
50 101 0 0
52 101 0 0
53 101 0 0
56 101 0 0
57 101 0 0
58 101 0 0
60 101 0 0
61 101 0 0
62 101 0 0
63 101 0 0
64 101 0 0
90 101 0 0
94 101 0 0
95 101 0 0
96 101 0 0
98 101 0 0
100 101 0 0
1 102 0 0
2 102 0 0
3 102 0 0
27 102 0 0
40 102 0 0
41 102 0 0
43 102 0 0
44 102 0 0
46 102 0 0
47 102 0 0
48 102 0 0
49 102 0 0
52 102 0 0
53 102 0 0
56 102 0 0
57 102 0 0
58 102 0 0
60 102 0 0
61 102 0 0
62 102 0 0
63 102 0 0
64 102 0 0
67 102 0 0
90 102 0 0
93 102 0 0
95 102 0 0
96 102 0 0
98 102 0 0
100 102 0 0
101 102 0 0
12 103 0 0
15 103 0 0
16 103 0 0
19 103 0 0
22 103 0 0
23 103 0 0
24 103 0 0
25 103 0 0
26 103 0 0
30 103 0 0
31 103 0 0
33 103 0 0
36 103 0 0
37 103 0 0
38 103 0 0
42 103 0 0
45 103 0 0
48 103 0 0
50 103 0 0
51 103 0 0
54 103 0 0
55 103 0 0
59 103 0 0
89 103 0 0
92 103 0 0
99 103 0 0
12 104 0 0
14 104 0 0
15 104 0 0
16 104 0 0
19 104 0 0
22 104 0 0
23 104 0 0
24 104 0 0
25 104 0 0
26 104 0 0
28 104 0 0
30 104 0 0
31 104 0 0
35 104 0 0
36 104 0 0
37 104 0 0
38 104 0 0
42 104 0 0
45 104 0 0
50 104 0 0
51 104 0 0
54 104 0 0
59 104 0 0
99 104 0 0
103 104 0 0
12 105 0 0
15 105 0 0
16 105 0 0
19 105 0 0
22 105 0 0
23 105 0 0
24 105 0 0
25 105 0 0
26 105 0 0
28 105 0 0
30 105 0 0
31 105 0 0
33 105 0 0
35 105 0 0
36 105 0 0
37 105 0 0
38 105 0 0
42 105 0 0
45 105 0 0
50 105 0 0
51 105 0 0
54 105 0 0
55 105 0 0
59 105 0 0
92 105 0 0
99 105 0 0
103 105 0 0
104 105 0 0
1 106 0 0
2 106 0 0
3 106 0 0
5 106 0 0
6 106 0 0
7 106 0 0
9 106 0 0
10 106 0 0
11 106 0 0
13 106 0 0
17 106 0 0
18 106 0 0
20 106 0 0
21 106 0 0
27 106 0 0
32 106 0 0
34 106 0 0
40 106 0 0
41 106 0 0
43 106 0 0
44 106 0 0
46 106 0 0
47 106 0 0
52 106 0 0
53 106 0 0
56 106 0 0
57 106 0 0
58 106 0 0
60 106 0 0
61 106 0 0
63 106 0 0
64 106 0 0
93 106 0 0
96 106 0 0
100 106 0 0
101 106 0 0
102 106 0 0
3 107 0 0
4 107 0 0
8 107 0 0
9 107 0 0
12 107 0 0
13 107 0 0
15 107 0 0
16 107 0 0
19 107 0 0
21 107 0 0
24 107 0 0
25 107 0 0
26 107 0 0
30 107 0 0
31 107 0 0
32 107 0 0
33 107 0 0
34 107 0 0
37 107 0 0
38 107 0 0
39 107 0 0
40 107 0 0
42 107 0 0
45 107 0 0
47 107 0 0
48 107 0 0
49 107 0 0
50 107 0 0
51 107 0 0
52 107 0 0
54 107 0 0
55 107 0 0
59 107 0 0
62 107 0 0
92 107 0 0
99 107 0 0
100 107 0 0
101 107 0 0
103 107 0 0
104 107 0 0
105 107 0 0
1 108 0 0
3 108 0 0
4 108 0 0
5 108 0 0
8 108 0 0
9 108 0 0
11 108 0 0
12 108 0 0
13 108 0 0
16 108 0 0
17 108 0 0
18 108 0 0
19 108 0 0
20 108 0 0
21 108 0 0
24 108 0 0
25 108 0 0
26 108 0 0
27 108 0 0
31 108 0 0
32 108 0 0
33 108 0 0
34 108 0 0
38 108 0 0
39 108 0 0
40 108 0 0
41 108 0 0
42 108 0 0
43 108 0 0
44 108 0 0
45 108 0 0
47 108 0 0
48 108 0 0
49 108 0 0
50 108 0 0
52 108 0 0
56 108 0 0
57 108 0 0
61 108 0 0
62 108 0 0
99 108 0 0
100 108 0 0
101 108 0 0
102 108 0 0
103 108 0 0
106 108 0 0
107 108 0 0
3 109 0 0
12 109 0 0
13 109 0 0
15 109 0 0
16 109 0 0
19 109 0 0
24 109 0 0
25 109 0 0
26 109 0 0
30 109 0 0
31 109 0 0
33 109 0 0
36 109 0 0
37 109 0 0
38 109 0 0
39 109 0 0
42 109 0 0
45 109 0 0
47 109 0 0
48 109 0 0
49 109 0 0
50 109 0 0
51 109 0 0
54 109 0 0
55 109 0 0
59 109 0 0
89 109 0 0
92 109 0 0
99 109 0 0
100 109 0 0
103 109 0 0
104 109 0 0
105 109 0 0
107 109 0 0
108 109 0 0
2 110 0 0
29 110 0 0
46 110 0 0
60 110 0 0
91 110 0 0
93 110 0 0
1 111 0 0
2 111 0 0
3 111 0 0
10 111 0 0
17 111 0 0
20 111 0 0
21 111 0 0
27 111 0 0
34 111 0 0
40 111 0 0
41 111 0 0
43 111 0 0
44 111 0 0
46 111 0 0
47 111 0 0
53 111 0 0
56 111 0 0
57 111 0 0
58 111 0 0
60 111 0 0
61 111 0 0
63 111 0 0
64 111 0 0
93 111 0 0
96 111 0 0
101 111 0 0
102 111 0 0
106 111 0 0
108 111 0 0
110 111 0 0
61 112 0 1
62 112 0 1
67 112 0 1
70 112 0 1
71 112 0 1
72 112 0 1
74 112 0 1
79 112 0 1
80 112 0 1
84 112 0 1
90 112 0 1
94 112 0 1
95 112 0 1
96 112 0 1
98 112 0 1
65 113 0 1
66 113 0 1
72 113 0 1
83 113 0 1
84 113 0 1
88 113 0 1
89 113 0 1
4 114 0 1
8 114 0 1
9 114 0 1
12 114 0 1
13 114 0 1
15 114 0 1
16 114 0 1
19 114 0 1
24 114 0 1
25 114 0 1
26 114 0 1
30 114 0 1
31 114 0 1
32 114 0 1
33 114 0 1
38 114 0 1
39 114 0 1
42 114 0 1
107 114 0 1
108 114 0 1
4 115 0 1
8 115 0 1
12 115 0 1
15 115 0 1
16 115 0 1
19 115 0 1
24 115 0 1
25 115 0 1
26 115 0 1
28 115 0 1
30 115 0 1
31 115 0 1
33 115 0 1
36 115 0 1
37 115 0 1
38 115 0 1
42 115 0 1
103 115 0 1
104 115 0 1
105 115 0 1
107 115 0 1
14 116 0 1
15 116 0 1
16 116 0 1
23 116 0 1
25 116 0 1
28 116 0 1
30 116 0 1
31 116 0 1
35 116 0 1
36 116 0 1
37 116 0 1
42 116 0 1
104 116 0 1
105 116 0 1
14 117 0 1
22 117 0 1
23 117 0 1
28 117 0 1
35 117 0 1
36 117 0 1
37 117 0 1
14 118 0 1
15 118 0 1
22 118 0 1
23 118 0 1
28 118 0 1
30 118 0 1
35 118 0 1
36 118 0 1
37 118 0 1
104 118 0 1
4 119 0 1
8 119 0 1
12 119 0 1
14 119 0 1
15 119 0 1
16 119 0 1
19 119 0 1
22 119 0 1
23 119 0 1
24 119 0 1
25 119 0 1
26 119 0 1
28 119 0 1
30 119 0 1
31 119 0 1
33 119 0 1
35 119 0 1
36 119 0 1
37 119 0 1
38 119 0 1
42 119 0 1
103 119 0 1
104 119 0 1
105 119 0 1
107 119 0 1
109 119 0 1
14 120 0 1
15 120 0 1
22 120 0 1
23 120 0 1
25 120 0 1
28 120 0 1
30 120 0 1
31 120 0 1
35 120 0 1
36 120 0 1
37 120 0 1
42 120 0 1
104 120 0 1
105 120 0 1
12 121 0 1
14 121 0 1
15 121 0 1
16 121 0 1
19 121 0 1
22 121 0 1
23 121 0 1
24 121 0 1
25 121 0 1
26 121 0 1
28 121 0 1
30 121 0 1
31 121 0 1
35 121 0 1
36 121 0 1
37 121 0 1
38 121 0 1
42 121 0 1
45 121 0 1
103 121 0 1
104 121 0 1
105 121 0 1
109 121 0 1
14 122 0 1
15 122 0 1
22 122 0 1
23 122 0 1
25 122 0 1
28 122 0 1
30 122 0 1
35 122 0 1
36 122 0 1
37 122 0 1
42 122 0 1
104 122 0 1
105 122 0 1
14 123 0 1
22 123 0 1
23 123 0 1
25 123 0 1
28 123 0 1
30 123 0 1
35 123 0 1
36 123 0 1
37 123 0 1
104 123 0 1
105 123 0 1
14 124 0 1
15 124 0 1
22 124 0 1
23 124 0 1
25 124 0 1
28 124 0 1
30 124 0 1
35 124 0 1
36 124 0 1
37 124 0 1
42 124 0 1
104 124 0 1
105 124 0 1
4 125 0 1
12 125 0 1
14 125 0 1
15 125 0 1
16 125 0 1
19 125 0 1
22 125 0 1
23 125 0 1
24 125 0 1
25 125 0 1
26 125 0 1
28 125 0 1
30 125 0 1
31 125 0 1
33 125 0 1
35 125 0 1
36 125 0 1
37 125 0 1
38 125 0 1
42 125 0 1
45 125 0 1
103 125 0 1
104 125 0 1
105 125 0 1
107 125 0 1
109 125 0 1
14 126 0 1
15 126 0 1
22 126 0 1
23 126 0 1
25 126 0 1
28 126 0 1
30 126 0 1
31 126 0 1
35 126 0 1
36 126 0 1
37 126 0 1
42 126 0 1
103 126 0 1
104 126 0 1
105 126 0 1
3 127 0 1
19 127 0 1
24 127 0 1
25 127 0 1
26 127 0 1
31 127 0 1
33 127 0 1
38 127 0 1
39 127 0 1
42 127 0 1
45 127 0 1
47 127 0 1
48 127 0 1
49 127 0 1
50 127 0 1
51 127 0 1
52 127 0 1
54 127 0 1
55 127 0 1
56 127 0 1
59 127 0 1
61 127 0 1
62 127 0 1
66 127 0 1
83 127 0 1
84 127 0 1
88 127 0 1
89 127 0 1
90 127 0 1
92 127 0 1
94 127 0 1
95 127 0 1
99 127 0 1
100 127 0 1
101 127 0 1
103 127 0 1
104 127 0 1
105 127 0 1
107 127 0 1
108 127 0 1
109 127 0 1
22 128 0 1
23 128 0 1
28 128 0 1
35 128 0 1
36 128 0 1
37 128 0 1
104 128 0 1
22 129 0 1
23 129 0 1
25 129 0 1
28 129 0 1
30 129 0 1
35 129 0 1
36 129 0 1
37 129 0 1
54 129 0 1
59 129 0 1
88 129 0 1
99 129 0 1
103 129 0 1
104 129 0 1
105 129 0 1
22 130 0 1
23 130 0 1
25 130 0 1
30 130 0 1
35 130 0 1
36 130 0 1
37 130 0 1
42 130 0 1
45 130 0 1
51 130 0 1
54 130 0 1
59 130 0 1
65 130 0 1
66 130 0 1
88 130 0 1
89 130 0 1
92 130 0 1
99 130 0 1
103 130 0 1
104 130 0 1
105 130 0 1
109 130 0 1
22 131 0 1
23 131 0 1
25 131 0 1
35 131 0 1
36 131 0 1
37 131 0 1
51 131 0 1
54 131 0 1
59 131 0 1
65 131 0 1
88 131 0 1
89 131 0 1
99 131 0 1
103 131 0 1
104 131 0 1
105 131 0 1
24 132 0 1
25 132 0 1
42 132 0 1
45 132 0 1
48 132 0 1
49 132 0 1
50 132 0 1
51 132 0 1
54 132 0 1
55 132 0 1
59 132 0 1
65 132 0 1
66 132 0 1
83 132 0 1
84 132 0 1
88 132 0 1
89 132 0 1
92 132 0 1
94 132 0 1
99 132 0 1
103 132 0 1
104 132 0 1
105 132 0 1
107 132 0 1
109 132 0 1
3 133 0 1
33 133 0 1
40 133 0 1
45 133 0 1
47 133 0 1
48 133 0 1
49 133 0 1
50 133 0 1
51 133 0 1
52 133 0 1
54 133 0 1
55 133 0 1
56 133 0 1
57 133 0 1
61 133 0 1
62 133 0 1
83 133 0 1
84 133 0 1
89 133 0 1
90 133 0 1
92 133 0 1
94 133 0 1
95 133 0 1
99 133 0 1
100 133 0 1
101 133 0 1
102 133 0 1
107 133 0 1
108 133 0 1
109 133 0 1
22 134 0 1
23 134 0 1
25 134 0 1
28 134 0 1
30 134 0 1
35 134 0 1
36 134 0 1
37 134 0 1
42 134 0 1
45 134 0 1
51 134 0 1
54 134 0 1
59 134 0 1
88 134 0 1
89 134 0 1
99 134 0 1
103 134 0 1
104 134 0 1
105 134 0 1
109 134 0 1
14 135 0 1
22 135 0 1
23 135 0 1
25 135 0 1
28 135 0 1
30 135 0 1
35 135 0 1
36 135 0 1
37 135 0 1
42 135 0 1
45 135 0 1
54 135 0 1
59 135 0 1
99 135 0 1
103 135 0 1
104 135 0 1
105 135 0 1
14 136 0 1
22 136 0 1
23 136 0 1
28 136 0 1
30 136 0 1
35 136 0 1
36 136 0 1
37 136 0 1
104 136 0 1
105 136 0 1
3 137 0 1
12 137 0 1
13 137 0 1
19 137 0 1
24 137 0 1
25 137 0 1
26 137 0 1
30 137 0 1
31 137 0 1
32 137 0 1
33 137 0 1
38 137 0 1
39 137 0 1
40 137 0 1
42 137 0 1
45 137 0 1
47 137 0 1
48 137 0 1
49 137 0 1
50 137 0 1
51 137 0 1
52 137 0 1
54 137 0 1
55 137 0 1
56 137 0 1
59 137 0 1
61 137 0 1
62 137 0 1
88 137 0 1
89 137 0 1
90 137 0 1
92 137 0 1
94 137 0 1
99 137 0 1
100 137 0 1
101 137 0 1
103 137 0 1
104 137 0 1
105 137 0 1
107 137 0 1
108 137 0 1
109 137 0 1
2 138 0 1
3 138 0 1
44 138 0 1
46 138 0 1
53 138 0 1
56 138 0 1
57 138 0 1
58 138 0 1
60 138 0 1
61 138 0 1
62 138 0 1
63 138 0 1
64 138 0 1
67 138 0 1
69 138 0 1
70 138 0 1
71 138 0 1
79 138 0 1
85 138 0 1
86 138 0 1
90 138 0 1
91 138 0 1
93 138 0 1
95 138 0 1
96 138 0 1
97 138 0 1
98 138 0 1
101 138 0 1
102 138 0 1
2 139 0 1
3 139 0 1
44 139 0 1
46 139 0 1
47 139 0 1
52 139 0 1
53 139 0 1
56 139 0 1
57 139 0 1
58 139 0 1
60 139 0 1
61 139 0 1
62 139 0 1
63 139 0 1
64 139 0 1
67 139 0 1
70 139 0 1
71 139 0 1
85 139 0 1
86 139 0 1
90 139 0 1
91 139 0 1
93 139 0 1
95 139 0 1
96 139 0 1
97 139 0 1
98 139 0 1
100 139 0 1
101 139 0 1
102 139 0 1
106 139 0 1
111 139 0 1
2 140 0 1
53 140 0 1
56 140 0 1
57 140 0 1
58 140 0 1
60 140 0 1
61 140 0 1
62 140 0 1
63 140 0 1
64 140 0 1
67 140 0 1
70 140 0 1
71 140 0 1
74 140 0 1
79 140 0 1
80 140 0 1
85 140 0 1
86 140 0 1
90 140 0 1
93 140 0 1
95 140 0 1
96 140 0 1
98 140 0 1
102 140 0 1
2 141 0 1
3 141 0 1
52 141 0 1
53 141 0 1
56 141 0 1
57 141 0 1
58 141 0 1
60 141 0 1
61 141 0 1
62 141 0 1
63 141 0 1
64 141 0 1
67 141 0 1
70 141 0 1
71 141 0 1
74 141 0 1
79 141 0 1
85 141 0 1
90 141 0 1
95 141 0 1
96 141 0 1
98 141 0 1
102 141 0 1
51 142 0 1
52 142 0 1
55 142 0 1
56 142 0 1
61 142 0 1
62 142 0 1
66 142 0 1
72 142 0 1
83 142 0 1
84 142 0 1
88 142 0 1
89 142 0 1
90 142 0 1
92 142 0 1
94 142 0 1
95 142 0 1
59 143 0 1
65 143 0 1
66 143 0 1
88 143 0 1
2 144 0 1
3 144 0 1
52 144 0 1
53 144 0 1
56 144 0 1
57 144 0 1
58 144 0 1
60 144 0 1
61 144 0 1
62 144 0 1
63 144 0 1
64 144 0 1
67 144 0 1
69 144 0 1
70 144 0 1
71 144 0 1
79 144 0 1
80 144 0 1
85 144 0 1
86 144 0 1
90 144 0 1
91 144 0 1
93 144 0 1
95 144 0 1
96 144 0 1
98 144 0 1
101 144 0 1
102 144 0 1
54 145 0 1
59 145 0 1
65 145 0 1
66 145 0 1
88 145 0 1
89 145 0 1
92 145 0 1
59 146 0 1
65 146 0 1
88 146 0 1
54 147 0 1
59 147 0 1
65 147 0 1
66 147 0 1
88 147 0 1
89 147 0 1
2 148 0 1
3 148 0 1
52 148 0 1
53 148 0 1
56 148 0 1
57 148 0 1
58 148 0 1
60 148 0 1
61 148 0 1
62 148 0 1
63 148 0 1
64 148 0 1
67 148 0 1
70 148 0 1
71 148 0 1
79 148 0 1
85 148 0 1
90 148 0 1
94 148 0 1
95 148 0 1
96 148 0 1
98 148 0 1
100 148 0 1
101 148 0 1
102 148 0 1
51 149 0 1
54 149 0 1
59 149 0 1
65 149 0 1
66 149 0 1
83 149 0 1
84 149 0 1
88 149 0 1
89 149 0 1
92 149 0 1
22 150 0 1
23 150 0 1
59 150 0 1
65 150 0 1
22 151 0 1
23 151 0 1
36 151 0 1
51 151 0 1
54 151 0 1
59 151 0 1
65 151 0 1
66 151 0 1
88 151 0 1
89 151 0 1
99 151 0 1
103 151 0 1
104 151 0 1
105 151 0 1
22 152 0 1
45 152 0 1
50 152 0 1
51 152 0 1
54 152 0 1
55 152 0 1
59 152 0 1
65 152 0 1
66 152 0 1
83 152 0 1
84 152 0 1
88 152 0 1
89 152 0 1
92 152 0 1
99 152 0 1
103 152 0 1
104 152 0 1
105 152 0 1
109 152 0 1
22 153 0 1
23 153 0 1
54 153 0 1
59 153 0 1
65 153 0 1
66 153 0 1
88 153 0 1
89 153 0 1
22 154 0 1
51 154 0 1
54 154 0 1
55 154 0 1
59 154 0 1
65 154 0 1
66 154 0 1
88 154 0 1
89 154 0 1
92 154 0 1
99 154 0 1
104 154 0 1
105 154 0 1
58 155 0 1
63 155 0 1
64 155 0 1
67 155 0 1
69 155 0 1
70 155 0 1
71 155 0 1
74 155 0 1
78 155 0 1
79 155 0 1
80 155 0 1
81 155 0 1
85 155 0 1
86 155 0 1
93 155 0 1
96 155 0 1
98 155 0 1
55 156 0 1
65 156 0 1
66 156 0 1
72 156 0 1
83 156 0 1
84 156 0 1
88 156 0 1
89 156 0 1
90 156 0 1
92 156 0 1
94 156 0 1
95 156 0 1
61 157 0 1
63 157 0 1
67 157 0 1
70 157 0 1
71 157 0 1
74 157 0 1
79 157 0 1
80 157 0 1
85 157 0 1
90 157 0 1
95 157 0 1
96 157 0 1
98 157 0 1
55 158 0 1
59 158 0 1
65 158 0 1
66 158 0 1
72 158 0 1
83 158 0 1
84 158 0 1
88 158 0 1
89 158 0 1
92 158 0 1
94 158 0 1
65 159 0 1
66 159 0 1
72 159 0 1
83 159 0 1
84 159 0 1
88 159 0 1
89 159 0 1
92 159 0 1
59 160 0 1
65 160 0 1
66 160 0 1
72 160 0 1
83 160 0 1
84 160 0 1
88 160 0 1
89 160 0 1
92 160 0 1
61 161 0 1
72 161 0 1
83 161 0 1
84 161 0 1
90 161 0 1
92 161 0 1
94 161 0 1
95 161 0 1
66 162 0 1
72 162 0 1
83 162 0 1
84 162 0 1
89 162 0 1
90 162 0 1
92 162 0 1
94 162 0 1
95 162 0 1
53 163 0 1
56 163 0 1
57 163 0 1
58 163 0 1
60 163 0 1
61 163 0 1
62 163 0 1
63 163 0 1
64 163 0 1
67 163 0 1
70 163 0 1
71 163 0 1
74 163 0 1
79 163 0 1
80 163 0 1
85 163 0 1
86 163 0 1
90 163 0 1
93 163 0 1
95 163 0 1
96 163 0 1
98 163 0 1
102 163 0 1
59 164 0 1
65 164 0 1
66 164 0 1
88 164 0 1
89 164 0 1
52 165 0 1
55 165 0 1
56 165 0 1
61 165 0 1
62 165 0 1
72 165 0 1
83 165 0 1
84 165 0 1
90 165 0 1
92 165 0 1
94 165 0 1
95 165 0 1
54 166 0 1
59 166 0 1
65 166 0 1
66 166 0 1
88 166 0 1
89 166 0 1
92 166 0 1
54 167 0 1
55 167 0 1
59 167 0 1
65 167 0 1
66 167 0 1
72 167 0 1
83 167 0 1
84 167 0 1
88 167 0 1
89 167 0 1
92 167 0 1
94 167 0 1
56 168 0 1
61 168 0 1
62 168 0 1
63 168 0 1
67 168 0 1
70 168 0 1
71 168 0 1
74 168 0 1
84 168 0 1
90 168 0 1
94 168 0 1
95 168 0 1
96 168 0 1
98 168 0 1
67 169 0 1
68 169 0 1
69 169 0 1
70 169 0 1
71 169 0 1
73 169 0 1
74 169 0 1
77 169 0 1
78 169 0 1
79 169 0 1
80 169 0 1
81 169 0 1
82 169 0 1
85 169 0 1
86 169 0 1
87 169 0 1
72 170 0 1
83 170 0 1
84 170 0 1
67 171 0 1
69 171 0 1
70 171 0 1
71 171 0 1
74 171 0 1
78 171 0 1
79 171 0 1
80 171 0 1
81 171 0 1
85 171 0 1
86 171 0 1
96 171 0 1
98 171 0 1
67 172 0 1
70 172 0 1
71 172 0 1
74 172 0 1
79 172 0 1
80 172 0 1
85 172 0 1
95 172 0 1
96 172 0 1
98 172 0 1
65 173 0 1
66 173 0 1
72 173 0 1
83 173 0 1
84 173 0 1
89 173 0 1
90 173 0 1
92 173 0 1
94 173 0 1
95 173 0 1
65 174 0 1
66 174 0 1
72 174 0 1
83 174 0 1
84 174 0 1
88 174 0 1
89 174 0 1
92 174 0 1
94 174 0 1
65 175 0 1
66 175 0 1
72 175 0 1
83 175 0 1
84 175 0 1
88 175 0 1
89 175 0 1
92 175 0 1
94 175 0 1
52 176 0 1
53 176 0 1
56 176 0 1
57 176 0 1
58 176 0 1
61 176 0 1
62 176 0 1
63 176 0 1
64 176 0 1
67 176 0 1
70 176 0 1
71 176 0 1
74 176 0 1
79 176 0 1
80 176 0 1
85 176 0 1
90 176 0 1
94 176 0 1
95 176 0 1
96 176 0 1
98 176 0 1
101 176 0 1
102 176 0 1
68 177 0 1
69 177 0 1
70 177 0 1
71 177 0 1
73 177 0 1
74 177 0 1
75 177 0 1
76 177 0 1
77 177 0 1
78 177 0 1
79 177 0 1
80 177 0 1
81 177 0 1
82 177 0 1
74 178 0 1
68 179 0 1
73 179 0 1
75 179 0 1
76 179 0 1
77 179 0 1
78 179 0 1
80 179 0 1
81 179 0 1
82 179 0 1
68 180 0 1
73 180 0 1
75 180 0 1
76 180 0 1
77 180 0 1
78 180 0 1
79 180 0 1
80 180 0 1
81 180 0 1
82 180 0 1
73 181 0 1
74 181 0 1
75 181 0 1
76 181 0 1
77 181 0 1
78 181 0 1
79 181 0 1
80 181 0 1
81 181 0 1
82 181 0 1
74 182 0 1
74 183 0 1
79 183 0 1
80 183 0 1
75 185 0 1
76 185 0 1
77 185 0 1
75 187 0 1
76 187 0 1
74 192 0 1
74 193 0 1
74 197 0 1
75 197 0 1
76 197 0 1
73 198 0 1
75 198 0 1
76 198 0 1
77 198 0 1
78 198 0 1
79 198 0 1
80 198 0 1
81 198 0 1
82 198 0 1
73 200 0 1
74 200 0 1
75 200 0 1
76 200 0 1
77 200 0 1
79 200 0 1
80 200 0 1
81 200 0 1
73 201 0 1
74 201 0 1
75 201 0 1
76 201 0 1
77 201 0 1
79 201 0 1
80 201 0 1
81 201 0 1
72 202 0 1
72 203 0 1
72 204 0 1
72 205 0 1
74 206 0 1
74 207 0 1
74 208 0 1
75 208 0 1
76 208 0 1
72 209 0 1
72 213 0 1
67 216 0 1
68 216 0 1
69 216 0 1
70 216 0 1
71 216 0 1
73 216 0 1
74 216 0 1
75 216 0 1
76 216 0 1
77 216 0 1
78 216 0 1
79 216 0 1
80 216 0 1
81 216 0 1
82 216 0 1
67 217 0 1
70 217 0 1
71 217 0 1
74 217 0 1
77 217 0 1
79 217 0 1
80 217 0 1
81 217 0 1
74 218 0 1
79 218 0 1
80 218 0 1
74 219 0 1
72 220 0 1
72 221 0 1
72 222 0 1
68 223 0 1
69 223 0 1
73 223 0 1
74 223 0 1
75 223 0 1
76 223 0 1
77 223 0 1
78 223 0 1
79 223 0 1
80 223 0 1
81 223 0 1
82 223 0 1
68 224 0 1
69 224 0 1
71 224 0 1
73 224 0 1
74 224 0 1
75 224 0 1
76 224 0 1
77 224 0 1
78 224 0 1
79 224 0 1
80 224 0 1
81 224 0 1
82 224 0 1
73 225 0 1
74 225 0 1
75 225 0 1
76 225 0 1
77 225 0 1
78 225 0 1
79 225 0 1
80 225 0 1
81 225 0 1
82 225 0 1
72 227 0 1
73 229 0 1
74 229 0 1
75 229 0 1
76 229 0 1
77 229 0 1
78 229 0 1
79 229 0 1
80 229 0 1
81 229 0 1
82 229 0 1
73 230 0 1
74 230 0 1
75 230 0 1
76 230 0 1
77 230 0 1
78 230 0 1
79 230 0 1
80 230 0 1
81 230 0 1
72 231 0 1
74 231 0 1
72 232 0 1
72 233 0 1
72 234 0 1
67 235 0 1
68 235 0 1
69 235 0 1
70 235 0 1
71 235 0 1
73 235 0 1
74 235 0 1
75 235 0 1
77 235 0 1
78 235 0 1
79 235 0 1
80 235 0 1
81 235 0 1
82 235 0 1
85 235 0 1
86 235 0 1
87 235 0 1
67 236 0 1
70 236 0 1
71 236 0 1
74 236 0 1
79 236 0 1
72 237 0 1
74 237 0 1
72 238 0 1
84 238 0 1
67 239 0 1
70 239 0 1
71 239 0 1
74 239 0 1
79 239 0 1
80 239 0 1
71 240 0 1
72 240 0 1
74 240 0 1
65 241 0 1
72 241 0 1
67 242 0 1
69 242 0 1
70 242 0 1
71 242 0 1
74 242 0 1
78 242 0 1
79 242 0 1
80 242 0 1
81 242 0 1
85 242 0 1
86 242 0 1
98 242 0 1
72 243 0 1
74 243 0 1
83 243 0 1
84 243 0 1
90 243 0 1
94 243 0 1
95 243 0 1
72 244 0 1
72 245 0 1
74 245 0 1
