2 3 0 0
1 4 0 0
1 5 0 0
4 5 0 0
1 6 0 0
4 6 0 0
5 6 0 0
3 7 0 0
1 8 0 0
5 8 0 0
6 8 0 0
1 9 0 0
5 9 0 0
6 9 0 0
8 9 0 0
1 10 0 0
5 10 0 0
8 10 0 0
9 10 0 0
2 11 0 0
3 11 0 0
7 11 0 0
1 12 0 0
5 12 0 0
8 12 0 0
9 12 0 0
10 12 0 0
3 13 0 0
7 13 0 0
8 13 0 0
9 13 0 0
10 13 0 0
11 13 0 0
12 13 0 0
2 14 0 0
3 14 0 0
7 14 0 0
11 14 0 0
13 14 0 0
1 15 0 0
4 15 0 0
5 15 0 0
6 15 0 0
8 15 0 0
9 15 0 0
10 15 0 0
12 15 0 0
3 16 0 0
5 16 0 0
7 16 0 0
8 16 0 0
9 16 0 0
10 16 0 0
12 16 0 0
13 16 0 0
14 16 0 0
15 16 0 0
3 17 0 0
5 17 0 0
7 17 0 0
8 17 0 0
9 17 0 0
10 17 0 0
11 17 0 0
12 17 0 0
13 17 0 0
14 17 0 0
16 17 0 0
3 18 0 0
7 18 0 0
11 18 0 0
13 18 0 0
14 18 0 0
16 18 0 0
17 18 0 0
1 19 0 0
5 19 0 0
6 19 0 0
8 19 0 0
9 19 0 0
10 19 0 0
12 19 0 0
15 19 0 0
16 19 0 0
1 20 0 0
15 20 0 0
19 20 0 0
1 21 0 0
15 21 0 0
19 21 0 0
20 21 0 0
2 22 0 0
3 22 0 0
11 22 0 0
14 22 0 0
18 22 0 0
19 23 0 0
20 23 0 0
21 23 0 0
2 24 0 0
3 24 0 0
22 24 0 0
3 25 0 0
2 26 0 0
3 26 0 0
2 27 0 0
3 27 0 0
25 27 0 0
26 27 0 0
3 28 0 0
25 28 0 0
26 28 0 0
27 28 0 0
2 29 0 0
3 29 0 0
22 29 0 0
24 29 0 0
26 29 0 0
27 29 0 0
28 29 0 0
2 30 0 0
3 30 0 0
22 30 0 0
24 30 0 0
26 30 0 0
27 30 0 0
29 30 0 0
2 31 0 0
3 31 0 0
22 31 0 0
25 31 0 0
26 31 0 0
27 31 0 0
28 31 0 0
29 31 0 0
30 31 0 0
3 32 0 0
25 32 0 0
27 32 0 0
28 32 0 0
29 32 0 0
30 32 0 0
31 32 0 0
2 33 0 0
3 33 0 0
22 33 0 0
24 33 0 0
26 33 0 0
27 33 0 0
28 33 0 0
29 33 0 0
30 33 0 0
31 33 0 0
32 33 0 0
2 34 0 0
3 34 0 0
22 34 0 0
24 34 0 0
26 34 0 0
27 34 0 0
28 34 0 0
29 34 0 0
30 34 0 0
31 34 0 0
32 34 0 0
33 34 0 0
2 35 0 0
3 35 0 0
11 35 0 0
14 35 0 0
22 35 0 0
24 35 0 0
29 35 0 0
30 35 0 0
31 35 0 0
33 35 0 0
34 35 0 0
2 36 0 0
3 36 0 0
11 36 0 0
22 36 0 0
24 36 0 0
27 36 0 0
29 36 0 0
30 36 0 0
31 36 0 0
32 36 0 0
33 36 0 0
34 36 0 0
35 36 0 0
2 37 0 0
3 37 0 0
11 37 0 0
22 37 0 0
24 37 0 0
27 37 0 0
29 37 0 0
30 37 0 0
31 37 0 0
32 37 0 0
33 37 0 0
34 37 0 0
35 37 0 0
36 37 0 0
3 38 0 0
25 38 0 0
27 38 0 0
28 38 0 0
31 38 0 0
32 38 0 0
3 39 0 0
9 39 0 0
10 39 0 0
11 39 0 0
12 39 0 0
13 39 0 0
14 39 0 0
16 39 0 0
17 39 0 0
19 39 0 0
22 39 0 0
24 39 0 0
35 39 0 0
2 40 0 0
3 40 0 0
11 40 0 0
12 40 0 0
13 40 0 0
14 40 0 0
16 40 0 0
17 40 0 0
18 40 0 0
22 40 0 0
24 40 0 0
35 40 0 0
37 40 0 0
39 40 0 0
1 41 0 0
12 41 0 0
15 41 0 0
16 41 0 0
19 41 0 0
20 41 0 0
21 41 0 0
23 41 0 0
9 42 0 0
10 42 0 0
12 42 0 0
13 42 0 0
16 42 0 0
17 42 0 0
19 42 0 0
39 42 0 0
40 42 0 0
41 42 0 0
1 43 0 0
12 43 0 0
15 43 0 0
19 43 0 0
20 43 0 0
21 43 0 0
23 43 0 0
41 43 0 0
42 43 0 0
2 44 0 0
3 44 0 0
11 44 0 0
13 44 0 0
14 44 0 0
17 44 0 0
18 44 0 0
22 44 0 0
24 44 0 0
30 44 0 0
33 44 0 0
34 44 0 0
35 44 0 0
36 44 0 0
37 44 0 0
39 44 0 0
40 44 0 0
2 45 0 0
3 45 0 0
11 45 0 0
22 45 0 0
27 45 0 0
28 45 0 0
29 45 0 0
30 45 0 0
31 45 0 0
32 45 0 0
33 45 0 0
34 45 0 0
35 45 0 0
36 45 0 0
37 45 0 0
38 45 0 0
44 45 0 0
1 46 0 0
5 46 0 0
6 46 0 0
8 46 0 0
9 46 0 0
10 46 0 0
12 46 0 0
13 46 0 0
15 46 0 0
16 46 0 0
17 46 0 0
19 46 0 0
20 46 0 0
21 46 0 0
39 46 0 0
41 46 0 0
42 46 0 0
43 46 0 0
1 47 0 0
5 47 0 0
8 47 0 0
9 47 0 0
10 47 0 0
12 47 0 0
13 47 0 0
15 47 0 0
16 47 0 0
17 47 0 0
19 47 0 0
39 47 0 0
40 47 0 0
41 47 0 0
42 47 0 0
43 47 0 0
46 47 0 0
3 48 0 0
5 48 0 0
7 48 0 0
8 48 0 0
9 48 0 0
10 48 0 0
12 48 0 0
13 48 0 0
14 48 0 0
16 48 0 0
17 48 0 0
19 48 0 0
39 48 0 0
40 48 0 0
42 48 0 0
44 48 0 0
46 48 0 0
47 48 0 0
2 49 0 0
3 49 0 0
7 49 0 0
11 49 0 0
14 49 0 0
17 49 0 0
18 49 0 0
22 49 0 0
34 49 0 0
35 49 0 0
36 49 0 0
37 49 0 0
40 49 0 0
44 49 0 0
45 49 0 0
3 50 0 0
7 50 0 0
8 50 0 0
9 50 0 0
10 50 0 0
11 50 0 0
12 50 0 0
13 50 0 0
14 50 0 0
16 50 0 0
17 50 0 0
18 50 0 0
22 50 0 0
35 50 0 0
39 50 0 0
40 50 0 0
42 50 0 0
44 50 0 0
46 50 0 0
47 50 0 0
48 50 0 0
2 51 0 0
3 51 0 0
7 51 0 0
11 51 0 0
13 51 0 0
14 51 0 0
16 51 0 0
17 51 0 0
18 51 0 0
22 51 0 0
24 51 0 0
35 51 0 0
36 51 0 0
37 51 0 0
39 51 0 0
40 51 0 0
44 51 0 0
45 51 0 0
48 51 0 0
49 51 0 0
50 51 0 0
1 52 0 0
4 52 0 0
5 52 0 0
6 52 0 0
8 52 0 0
9 52 0 0
10 52 0 0
12 52 0 0
15 52 0 0
16 52 0 0
19 52 0 0
20 52 0 0
21 52 0 0
23 52 0 0
41 52 0 0
42 52 0 0
43 52 0 0
46 52 0 0
47 52 0 0
48 52 0 0
2 53 0 0
3 53 0 0
7 53 0 0
8 53 0 0
9 53 0 0
10 53 0 0
11 53 0 0
12 53 0 0
13 53 0 0
14 53 0 0
16 53 0 0
17 53 0 0
18 53 0 0
22 53 0 0
24 53 0 0
35 53 0 0
39 53 0 0
40 53 0 0
42 53 0 0
44 53 0 0
47 53 0 0
48 53 0 0
50 53 0 0
51 53 0 0
2 54 0 0
3 54 0 0
7 54 0 0
9 54 0 0
10 54 0 0
11 54 0 0
12 54 0 0
13 54 0 0
14 54 0 0
16 54 0 0
17 54 0 0
18 54 0 0
22 54 0 0
24 54 0 0
35 54 0 0
39 54 0 0
40 54 0 0
42 54 0 0
44 54 0 0
47 54 0 0
48 54 0 0
49 54 0 0
50 54 0 0
51 54 0 0
53 54 0 0
2 55 0 0
3 55 0 0
7 55 0 0
10 55 0 0
11 55 0 0
12 55 0 0
13 55 0 0
14 55 0 0
16 55 0 0
17 55 0 0
18 55 0 0
22 55 0 0
24 55 0 0
35 55 0 0
39 55 0 0
40 55 0 0
42 55 0 0
44 55 0 0
48 55 0 0
49 55 0 0
50 55 0 0
51 55 0 0
53 55 0 0
54 55 0 0
26 58 0 1
2 59 0 1
24 59 0 1
35 59 0 1
39 59 0 1
44 59 0 1
2 60 0 1
3 60 0 1
22 60 0 1
24 60 0 1
26 60 0 1
27 60 0 1
29 60 0 1
30 60 0 1
31 60 0 1
33 60 0 1
34 60 0 1
35 60 0 1
36 60 0 1
37 60 0 1
45 60 0 1
21 61 0 1
23 61 0 1
2 62 0 1
22 62 0 1
24 62 0 1
26 62 0 1
29 62 0 1
30 62 0 1
33 62 0 1
35 62 0 1
26 63 0 1
27 63 0 1
29 63 0 1
30 63 0 1
33 63 0 1
26 70 0 1
29 70 0 1
2 71 0 1
24 71 0 1
26 71 0 1
29 71 0 1
30 71 0 1
33 71 0 1
35 71 0 1
26 74 0 1
26 75 0 1
26 76 0 1
26 77 0 1
26 78 0 1
26 79 0 1
26 81 0 1
26 83 0 1
26 84 0 1
26 87 0 1
