1 2 0 0
2 3 0 0
4 5 0 0
4 6 0 0
5 6 0 0
7 8 0 0
7 9 0 0
8 9 0 0
7 10 0 0
8 10 0 0
9 10 0 0
7 11 0 0
8 11 0 0
9 11 0 0
10 11 0 0
7 12 0 0
8 12 0 0
10 12 0 0
11 12 0 0
4 14 0 0
5 14 0 0
6 14 0 0
7 14 0 0
10 14 0 0
12 14 0 0
7 15 0 0
8 15 0 0
9 15 0 0
10 15 0 0
11 15 0 0
12 15 0 0
14 15 0 0
7 16 0 0
10 16 0 0
12 16 0 0
14 16 0 0
15 16 0 0
2 17 0 0
2 18 0 0
3 18 0 0
13 18 0 0
2 19 0 0
17 19 0 0
2 20 0 0
13 20 0 0
18 20 0 0
2 21 0 0
17 21 0 0
19 21 0 0
2 22 0 0
3 22 0 0
18 22 0 0
19 22 0 0
20 22 0 0
2 23 0 0
17 23 0 0
19 23 0 0
21 23 0 0
2 24 0 0
13 24 0 0
18 24 0 0
20 24 0 0
22 24 0 0
2 25 0 0
13 25 0 0
18 25 0 0
20 25 0 0
22 25 0 0
24 25 0 0
2 26 0 0
13 26 0 0
18 26 0 0
20 26 0 0
22 26 0 0
24 26 0 0
25 26 0 0
2 27 0 0
17 27 0 0
19 27 0 0
21 27 0 0
23 27 0 0
2 28 0 0
3 28 0 0
18 28 0 0
20 28 0 0
22 28 0 0
24 28 0 0
25 28 0 0
26 28 0 0
2 29 0 0
3 29 0 0
18 29 0 0
20 29 0 0
22 29 0 0
24 29 0 0
25 29 0 0
26 29 0 0
28 29 0 0
2 30 0 0
3 30 0 0
18 30 0 0
20 30 0 0
22 30 0 0
24 30 0 0
25 30 0 0
26 30 0 0
28 30 0 0
29 30 0 0
2 31 0 0
3 31 0 0
18 31 0 0
20 31 0 0
22 31 0 0
24 31 0 0
25 31 0 0
26 31 0 0
28 31 0 0
29 31 0 0
30 31 0 0
2 32 0 0
3 32 0 0
18 32 0 0
19 32 0 0
20 32 0 0
22 32 0 0
24 32 0 0
25 32 0 0
26 32 0 0
28 32 0 0
29 32 0 0
30 32 0 0
31 32 0 0
2 33 0 0
21 33 0 0
27 33 0 0
2 34 0 0
3 34 0 0
18 34 0 0
20 34 0 0
22 34 0 0
26 34 0 0
28 34 0 0
29 34 0 0
30 34 0 0
31 34 0 0
32 34 0 0
2 35 0 0
3 35 0 0
18 35 0 0
20 35 0 0
22 35 0 0
24 35 0 0
25 35 0 0
26 35 0 0
28 35 0 0
29 35 0 0
30 35 0 0
31 35 0 0
32 35 0 0
34 35 0 0
2 36 0 0
3 36 0 0
18 36 0 0
20 36 0 0
22 36 0 0
26 36 0 0
28 36 0 0
29 36 0 0
30 36 0 0
31 36 0 0
32 36 0 0
34 36 0 0
35 36 0 0
2 37 0 0
21 37 0 0
27 37 0 0
33 37 0 0
2 38 0 0
3 38 0 0
18 38 0 0
20 38 0 0
22 38 0 0
28 38 0 0
29 38 0 0
30 38 0 0
31 38 0 0
32 38 0 0
34 38 0 0
35 38 0 0
36 38 0 0
2 39 0 0
3 39 0 0
18 39 0 0
22 39 0 0
28 39 0 0
29 39 0 0
30 39 0 0
31 39 0 0
32 39 0 0
34 39 0 0
35 39 0 0
36 39 0 0
38 39 0 0
3 40 0 0
34 40 0 0
35 40 0 0
36 40 0 0
38 40 0 0
39 40 0 0
3 41 0 0
34 41 0 0
35 41 0 0
36 41 0 0
38 41 0 0
39 41 0 0
40 41 0 0
1 42 0 0
2 42 0 0
33 42 0 0
2 43 0 0
3 43 0 0
39 43 0 0
40 43 0 0
41 43 0 0
42 43 0 0
1 44 0 0
2 44 0 0
1 45 0 0
2 45 0 0
42 45 0 0
44 45 0 0
1 46 0 0
2 46 0 0
42 46 0 0
44 46 0 0
45 46 0 0
2 47 0 0
3 47 0 0
40 47 0 0
41 47 0 0
43 47 0 0
3 48 0 0
47 48 0 0
1 49 0 0
2 49 0 0
46 49 0 0
1 50 0 0
2 50 0 0
42 50 0 0
44 50 0 0
45 50 0 0
46 50 0 0
49 50 0 0
1 51 0 0
2 51 0 0
42 51 0 0
44 51 0 0
45 51 0 0
46 51 0 0
49 51 0 0
50 51 0 0
1 52 0 0
2 52 0 0
33 52 0 0
37 52 0 0
42 52 0 0
44 52 0 0
45 52 0 0
46 52 0 0
49 52 0 0
50 52 0 0
51 52 0 0
2 53 0 0
3 53 0 0
40 53 0 0
41 53 0 0
43 53 0 0
47 53 0 0
48 53 0 0
2 54 0 0
3 54 0 0
40 54 0 0
41 54 0 0
43 54 0 0
47 54 0 0
48 54 0 0
53 54 0 0
1 55 0 0
2 55 0 0
33 55 0 0
37 55 0 0
45 55 0 0
52 55 0 0
1 56 0 0
2 56 0 0
33 56 0 0
37 56 0 0
42 56 0 0
44 56 0 0
45 56 0 0
46 56 0 0
52 56 0 0
55 56 0 0
2 57 0 0
3 57 0 0
34 57 0 0
35 57 0 0
36 57 0 0
38 57 0 0
39 57 0 0
40 57 0 0
41 57 0 0
42 57 0 0
43 57 0 0
53 57 0 0
54 57 0 0
2 58 0 0
3 58 0 0
33 58 0 0
42 58 0 0
43 58 0 0
46 58 0 0
52 58 0 0
56 58 0 0
57 58 0 0
8 59 0 1
9 59 0 1
11 59 0 1
2 60 0 1
4 60 0 1
5 60 0 1
6 60 0 1
7 60 0 1
10 60 0 1
12 60 0 1
14 60 0 1
15 60 0 1
16 60 0 1
17 60 0 1
18 60 0 1
19 60 0 1
21 60 0 1
22 60 0 1
23 60 0 1
24 60 0 1
26 60 0 1
27 60 0 1
1 61 0 1
2 61 0 1
33 61 0 1
37 61 0 1
44 61 0 1
45 61 0 1
46 61 0 1
50 61 0 1
52 61 0 1
55 61 0 1
56 61 0 1
2 62 0 1
7 62 0 1
8 62 0 1
9 62 0 1
10 62 0 1
11 62 0 1
12 62 0 1
14 62 0 1
15 62 0 1
16 62 0 1
17 62 0 1
19 62 0 1
21 62 0 1
23 62 0 1
27 62 0 1
33 62 0 1
37 62 0 1
55 62 0 1
56 62 0 1
13 63 0 1
6 64 0 1
13 64 0 1
24 64 0 1
25 64 0 1
4 65 0 1
5 65 0 1
6 65 0 1
13 65 0 1
5 66 0 1
6 66 0 1
13 66 0 1
4 67 0 1
5 67 0 1
6 67 0 1
13 67 0 1
4 68 0 1
5 68 0 1
7 68 0 1
8 68 0 1
10 68 0 1
11 68 0 1
12 68 0 1
14 68 0 1
15 68 0 1
16 68 0 1
6 69 0 1
13 69 0 1
4 70 0 1
5 70 0 1
7 70 0 1
8 70 0 1
10 70 0 1
12 70 0 1
14 70 0 1
15 70 0 1
16 70 0 1
5 71 0 1
6 71 0 1
13 71 0 1
24 71 0 1
25 71 0 1
26 71 0 1
2 72 0 1
6 72 0 1
13 72 0 1
18 72 0 1
19 72 0 1
20 72 0 1
22 72 0 1
23 72 0 1
24 72 0 1
25 72 0 1
26 72 0 1
29 72 0 1
31 72 0 1
7 73 0 1
10 73 0 1
12 73 0 1
14 73 0 1
15 73 0 1
16 73 0 1
17 73 0 1
27 73 0 1
7 74 0 1
8 74 0 1
9 74 0 1
10 74 0 1
11 74 0 1
12 74 0 1
15 74 0 1
16 74 0 1
5 75 0 1
6 75 0 1
13 75 0 1
17 75 0 1
19 75 0 1
24 75 0 1
25 75 0 1
26 75 0 1
9 76 0 1
11 76 0 1
2 77 0 1
5 77 0 1
6 77 0 1
17 77 0 1
19 77 0 1
23 77 0 1
24 77 0 1
26 77 0 1
8 78 0 1
9 78 0 1
11 78 0 1
4 79 0 1
5 79 0 1
6 79 0 1
14 79 0 1
16 79 0 1
4 80 0 1
5 80 0 1
6 80 0 1
13 80 0 1
24 80 0 1
8 81 0 1
9 81 0 1
11 81 0 1
2 82 0 1
7 82 0 1
10 82 0 1
12 82 0 1
14 82 0 1
15 82 0 1
16 82 0 1
17 82 0 1
19 82 0 1
21 82 0 1
23 82 0 1
27 82 0 1
2 83 0 1
13 83 0 1
17 83 0 1
18 83 0 1
19 83 0 1
20 83 0 1
22 83 0 1
23 83 0 1
24 83 0 1
25 83 0 1
26 83 0 1
28 83 0 1
29 83 0 1
30 83 0 1
31 83 0 1
32 83 0 1
35 83 0 1
2 84 0 1
13 84 0 1
18 84 0 1
19 84 0 1
20 84 0 1
22 84 0 1
23 84 0 1
24 84 0 1
25 84 0 1
26 84 0 1
28 84 0 1
29 84 0 1
30 84 0 1
31 84 0 1
32 84 0 1
35 84 0 1
2 85 0 1
7 85 0 1
10 85 0 1
12 85 0 1
14 85 0 1
15 85 0 1
16 85 0 1
17 85 0 1
19 85 0 1
21 85 0 1
23 85 0 1
27 85 0 1
7 86 0 1
10 86 0 1
12 86 0 1
14 86 0 1
15 86 0 1
16 86 0 1
17 86 0 1
21 86 0 1
27 86 0 1
7 87 0 1
9 87 0 1
10 87 0 1
11 87 0 1
12 87 0 1
14 87 0 1
15 87 0 1
16 87 0 1
9 88 0 1
11 88 0 1
2 89 0 1
17 89 0 1
19 89 0 1
21 89 0 1
23 89 0 1
27 89 0 1
33 89 0 1
37 89 0 1
2 90 0 1
10 90 0 1
15 90 0 1
21 90 0 1
27 90 0 1
33 90 0 1
37 90 0 1
10 91 0 1
15 91 0 1
33 91 0 1
37 91 0 1
33 94 0 1
37 94 0 1
55 94 0 1
56 94 0 1
1 96 0 1
2 96 0 1
33 96 0 1
37 96 0 1
44 96 0 1
45 96 0 1
52 96 0 1
55 96 0 1
56 96 0 1
55 102 0 1
1 103 0 1
33 103 0 1
37 103 0 1
44 103 0 1
52 103 0 1
55 103 0 1
56 103 0 1
2 105 0 1
3 105 0 1
40 105 0 1
41 105 0 1
43 105 0 1
47 105 0 1
48 105 0 1
49 105 0 1
53 105 0 1
54 105 0 1
57 105 0 1
1 106 0 1
44 106 0 1
45 106 0 1
52 106 0 1
2 107 0 1
43 107 0 1
47 107 0 1
48 107 0 1
49 107 0 1
51 107 0 1
53 107 0 1
54 107 0 1
1 108 0 1
2 108 0 1
44 108 0 1
45 108 0 1
46 108 0 1
50 108 0 1
51 108 0 1
52 108 0 1
55 108 0 1
56 108 0 1
2 109 0 1
17 109 0 1
19 109 0 1
21 109 0 1
23 109 0 1
27 109 0 1
33 109 0 1
37 109 0 1
55 109 0 1
56 109 0 1
33 110 0 1
37 110 0 1
55 110 0 1
2 111 0 1
17 111 0 1
19 111 0 1
21 111 0 1
23 111 0 1
27 111 0 1
33 111 0 1
37 111 0 1
55 111 0 1
56 111 0 1
33 112 0 1
37 112 0 1
55 112 0 1
2 113 0 1
21 113 0 1
33 113 0 1
37 113 0 1
55 113 0 1
56 113 0 1
