1 2 0 0
3 5 0 0
4 5 0 0
6 7 0 0
6 8 0 0
7 8 0 0
4 9 0 0
7 9 0 0
1 10 0 0
2 10 0 0
1 11 0 0
2 11 0 0
10 11 0 0
1 12 0 0
2 12 0 0
10 12 0 0
11 12 0 0
1 13 0 0
2 13 0 0
10 13 0 0
11 13 0 0
12 13 0 0
6 14 0 0
7 14 0 0
8 14 0 0
7 15 0 0
9 15 0 0
6 16 0 0
7 16 0 0
8 16 0 0
14 16 0 0
15 16 0 0
4 17 0 0
5 17 0 0
6 17 0 0
7 17 0 0
8 17 0 0
9 17 0 0
14 17 0 0
15 17 0 0
16 17 0 0
6 18 0 0
7 18 0 0
8 18 0 0
14 18 0 0
15 18 0 0
16 18 0 0
17 18 0 0
1 19 0 0
2 19 0 0
11 19 0 0
12 19 0 0
2 20 0 0
2 21 0 0
20 21 0 0
1 22 0 0
2 22 0 0
10 22 0 0
11 22 0 0
12 22 0 0
19 22 0 0
2 23 0 0
19 23 0 0
22 23 0 0
2 24 0 0
20 24 0 0
21 24 0 0
23 24 0 0
23 25 0 0
24 26 0 0
2 27 0 0
20 27 0 0
21 27 0 0
23 27 0 0
24 27 0 0
26 27 0 0
2 28 0 0
19 28 0 0
22 28 0 0
23 28 0 0
25 28 0 0
27 28 0 0
20 29 0 0
21 29 0 0
24 29 0 0
26 29 0 0
27 29 0 0
30 31 0 0
27 32 0 0
28 32 0 0
30 32 0 0
31 32 0 0
25 33 0 0
28 33 0 0
31 33 0 0
32 33 0 0
22 34 0 0
23 34 0 0
25 34 0 0
27 34 0 0
28 34 0 0
30 34 0 0
31 34 0 0
32 34 0 0
33 34 0 0
2 35 0 0
23 35 0 0
24 35 0 0
26 35 0 0
27 35 0 0
28 35 0 0
29 35 0 0
30 35 0 0
31 35 0 0
32 35 0 0
34 35 0 0
23 36 0 0
24 36 0 0
25 36 0 0
27 36 0 0
28 36 0 0
30 36 0 0
31 36 0 0
32 36 0 0
33 36 0 0
34 36 0 0
35 36 0 0
23 37 0 0
24 37 0 0
27 37 0 0
28 37 0 0
30 37 0 0
31 37 0 0
32 37 0 0
34 37 0 0
35 37 0 0
36 37 0 0
2 38 0 0
19 38 0 0
20 38 0 0
21 38 0 0
22 38 0 0
23 38 0 0
24 38 0 0
27 38 0 0
28 38 0 0
29 38 0 0
34 38 0 0
35 38 0 0
36 38 0 0
37 38 0 0
2 39 0 0
20 39 0 0
21 39 0 0
24 39 0 0
26 39 0 0
27 39 0 0
29 39 0 0
35 39 0 0
38 39 0 0
2 40 0 0
20 40 0 0
21 40 0 0
22 40 0 0
23 40 0 0
24 40 0 0
26 40 0 0
27 40 0 0
28 40 0 0
29 40 0 0
34 40 0 0
35 40 0 0
36 40 0 0
37 40 0 0
38 40 0 0
39 40 0 0
1 41 0 0
2 41 0 0
11 41 0 0
12 41 0 0
13 41 0 0
19 41 0 0
22 41 0 0
1 42 0 0
2 42 0 0
10 42 0 0
11 42 0 0
12 42 0 0
19 42 0 0
22 42 0 0
23 42 0 0
38 42 0 0
41 42 0 0
26 43 0 1
29 43 0 1
30 43 0 1
32 43 0 1
35 43 0 1
37 43 0 1
39 43 0 1
8 44 0 1
14 44 0 1
15 44 0 1
16 44 0 1
17 44 0 1
18 44 0 1
20 44 0 1
21 44 0 1
26 44 0 1
29 44 0 1
39 44 0 1
3 45 0 1
5 45 0 1
1 46 0 1
2 46 0 1
3 46 0 1
4 46 0 1
5 46 0 1
10 46 0 1
13 46 0 1
1 47 0 1
2 47 0 1
11 47 0 1
12 47 0 1
13 47 0 1
41 47 0 1
1 48 0 1
11 48 0 1
13 48 0 1
1 49 0 1
3 49 0 1
5 49 0 1
13 49 0 1
2 50 0 1
14 50 0 1
15 50 0 1
16 50 0 1
17 50 0 1
18 50 0 1
21 50 0 1
1 51 0 1
2 51 0 1
11 51 0 1
12 51 0 1
13 51 0 1
41 51 0 1
42 51 0 1
1 52 0 1
2 52 0 1
3 52 0 1
5 52 0 1
10 52 0 1
11 52 0 1
12 52 0 1
13 52 0 1
19 52 0 1
22 52 0 1
41 52 0 1
42 52 0 1
14 53 0 1
14 54 0 1
26 55 0 1
29 55 0 1
39 55 0 1
26 56 0 1
29 56 0 1
39 56 0 1
26 57 0 1
29 57 0 1
39 57 0 1
26 58 0 1
29 58 0 1
39 58 0 1
21 59 0 1
26 59 0 1
29 59 0 1
39 59 0 1
27 60 0 1
30 60 0 1
31 60 0 1
32 60 0 1
34 60 0 1
35 60 0 1
36 60 0 1
37 60 0 1
14 61 0 1
17 61 0 1
20 61 0 1
21 61 0 1
39 61 0 1
14 62 0 1
