1 2 0 0
1 4 0 0
2 4 0 0
1 5 0 0
2 5 0 0
4 5 0 0
1 6 0 0
2 6 0 0
4 6 0 0
5 6 0 0
1 7 0 0
2 7 0 0
4 7 0 0
5 7 0 0
1 8 0 0
2 8 0 0
4 8 0 0
5 8 0 0
6 8 0 0
7 8 0 0
1 9 0 0
2 9 0 0
4 9 0 0
6 9 0 0
8 9 0 0
1 10 0 0
2 10 0 0
4 10 0 0
5 10 0 0
6 10 0 0
7 10 0 0
8 10 0 0
9 10 0 0
1 11 0 0
2 11 0 0
4 11 0 0
5 11 0 0
6 11 0 0
8 11 0 0
9 11 0 0
3 12 0 0
1 13 0 0
2 13 0 0
4 13 0 0
5 13 0 0
6 13 0 0
9 13 0 0
11 13 0 0
3 14 0 0
12 14 0 0
1 15 0 0
2 15 0 0
4 15 0 0
6 15 0 0
8 15 0 0
9 15 0 0
11 15 0 0
13 15 0 0
1 16 0 0
2 16 0 0
4 16 0 0
5 16 0 0
6 16 0 0
8 16 0 0
9 16 0 0
11 16 0 0
13 16 0 0
15 16 0 0
3 17 0 0
12 17 0 0
14 17 0 0
3 18 0 0
12 18 0 0
14 18 0 0
17 18 0 0
2 19 0 0
2 20 0 0
3 20 0 0
19 20 0 0
2 21 0 0
3 21 0 0
19 21 0 0
20 21 0 0
3 22 0 0
12 22 0 0
17 22 0 0
18 22 0 0
3 23 0 0
18 23 0 0
21 23 0 0
22 23 0 0
3 24 0 0
12 24 0 0
17 24 0 0
18 24 0 0
22 24 0 0
23 24 0 0
3 25 0 0
12 25 0 0
17 25 0 0
18 25 0 0
22 25 0 0
23 25 0 0
24 25 0 0
2 26 0 0
3 26 0 0
19 26 0 0
20 26 0 0
21 26 0 0
2 27 0 0
3 27 0 0
19 27 0 0
20 27 0 0
21 27 0 0
26 27 0 0
2 28 0 0
13 28 0 0
19 28 0 0
26 28 0 0
2 29 0 0
19 29 0 0
20 29 0 0
21 29 0 0
26 29 0 0
27 29 0 0
28 29 0 0
2 30 0 0
3 30 0 0
19 30 0 0
20 30 0 0
21 30 0 0
26 30 0 0
27 30 0 0
29 30 0 0
14 31 0 1
