3 4 0 0
3 5 0 0
4 5 0 0
3 6 0 0
4 6 0 0
3 7 0 0
4 7 0 0
5 7 0 0
6 7 0 0
1 8 0 0
1 9 0 0
8 9 0 0
1 10 0 0
3 10 0 0
4 10 0 0
5 10 0 0
7 10 0 0
9 10 0 0
3 11 0 0
4 11 0 0
5 11 0 0
7 11 0 0
10 11 0 0
3 12 0 0
4 12 0 0
5 12 0 0
7 12 0 0
10 12 0 0
11 12 0 0
1 13 0 0
2 13 0 0
3 13 0 0
5 13 0 0
7 13 0 0
10 13 0 0
11 13 0 0
12 13 0 0
2 14 0 0
3 14 0 0
4 14 0 0
5 14 0 0
6 14 0 0
7 14 0 0
10 14 0 0
11 14 0 0
12 14 0 0
13 14 0 0
2 15 0 0
3 15 0 0
4 15 0 0
5 15 0 0
7 15 0 0
10 15 0 0
11 15 0 0
12 15 0 0
13 15 0 0
14 15 0 0
3 16 0 0
4 16 0 0
5 16 0 0
7 16 0 0
10 16 0 0
11 16 0 0
12 16 0 0
13 16 0 0
14 16 0 0
15 16 0 0
1 17 0 0
5 17 0 0
8 17 0 0
9 17 0 0
10 17 0 0
11 17 0 0
12 17 0 0
13 17 0 0
15 17 0 0
16 17 0 0
1 18 0 0
8 18 0 0
9 18 0 0
17 18 0 0
1 19 0 0
8 19 0 0
9 19 0 0
10 19 0 0
13 19 0 0
17 19 0 0
18 19 0 0
6 20 0 0
2 21 0 0
5 21 0 0
7 21 0 0
10 21 0 0
11 21 0 0
12 21 0 0
13 21 0 0
14 21 0 0
15 21 0 0
16 21 0 0
17 21 0 0
1 22 0 0
8 22 0 0
9 22 0 0
17 22 0 0
18 22 0 0
19 22 0 0
1 23 0 0
2 23 0 0
5 23 0 0
8 23 0 0
9 23 0 0
10 23 0 0
11 23 0 0
12 23 0 0
13 23 0 0
15 23 0 0
16 23 0 0
17 23 0 0
18 23 0 0
19 23 0 0
21 23 0 0
22 23 0 0
1 24 0 0
2 24 0 0
5 24 0 0
7 24 0 0
10 24 0 0
11 24 0 0
12 24 0 0
13 24 0 0
14 24 0 0
15 24 0 0
16 24 0 0
17 24 0 0
21 24 0 0
23 24 0 0
2 25 0 0
6 25 0 0
7 25 0 0
11 25 0 0
12 25 0 0
13 25 0 0
14 25 0 0
15 25 0 0
16 25 0 0
21 25 0 0
24 25 0 0
2 26 0 0
6 26 0 0
7 26 0 0
10 26 0 0
11 26 0 0
12 26 0 0
13 26 0 0
14 26 0 0
15 26 0 0
16 26 0 0
21 26 0 0
24 26 0 0
25 26 0 0
1 27 0 0
2 27 0 0
5 27 0 0
7 27 0 0
10 27 0 0
11 27 0 0
12 27 0 0
13 27 0 0
14 27 0 0
15 27 0 0
16 27 0 0
17 27 0 0
21 27 0 0
23 27 0 0
24 27 0 0
25 27 0 0
26 27 0 0
1 28 0 0
2 28 0 0
9 28 0 0
10 28 0 0
12 28 0 0
13 28 0 0
15 28 0 0
16 28 0 0
17 28 0 0
18 28 0 0
19 28 0 0
21 28 0 0
22 28 0 0
23 28 0 0
24 28 0 0
26 28 0 0
27 28 0 0
1 29 0 0
2 29 0 0
7 29 0 0
10 29 0 0
11 29 0 0
12 29 0 0
13 29 0 0
14 29 0 0
15 29 0 0
16 29 0 0
17 29 0 0
19 29 0 0
21 29 0 0
23 29 0 0
24 29 0 0
25 29 0 0
26 29 0 0
27 29 0 0
28 29 0 0
20 30 0 0
1 31 0 0
2 31 0 0
13 31 0 0
17 31 0 0
18 31 0 0
19 31 0 0
22 31 0 0
23 31 0 0
27 31 0 0
28 31 0 0
29 31 0 0
1 32 0 0
2 32 0 0
13 32 0 0
17 32 0 0
18 32 0 0
19 32 0 0
21 32 0 0
22 32 0 0
23 32 0 0
24 32 0 0
27 32 0 0
28 32 0 0
29 32 0 0
31 32 0 0
1 33 0 0
2 33 0 0
13 33 0 0
14 33 0 0
15 33 0 0
16 33 0 0
17 33 0 0
21 33 0 0
23 33 0 0
24 33 0 0
25 33 0 0
26 33 0 0
27 33 0 0
28 33 0 0
29 33 0 0
31 33 0 0
32 33 0 0
2 34 0 0
14 34 0 0
20 34 0 0
25 34 0 0
26 34 0 0
1 35 0 0
18 35 0 0
19 35 0 0
22 35 0 0
23 35 0 0
28 35 0 0
31 35 0 0
32 35 0 0
1 36 0 0
2 36 0 0
13 36 0 0
14 36 0 0
15 36 0 0
17 36 0 0
19 36 0 0
21 36 0 0
22 36 0 0
23 36 0 0
24 36 0 0
26 36 0 0
27 36 0 0
28 36 0 0
29 36 0 0
31 36 0 0
32 36 0 0
33 36 0 0
35 36 0 0
2 37 0 0
14 37 0 0
15 37 0 0
21 37 0 0
24 37 0 0
25 37 0 0
26 37 0 0
33 37 0 0
34 37 0 0
2 38 0 0
13 38 0 0
14 38 0 0
15 38 0 0
21 38 0 0
24 38 0 0
25 38 0 0
26 38 0 0
27 38 0 0
29 38 0 0
33 38 0 0
34 38 0 0
36 38 0 0
37 38 0 0
1 39 0 0
2 39 0 0
22 39 0 0
28 39 0 0
31 39 0 0
32 39 0 0
35 39 0 0
36 39 0 0
30 40 0 0
20 41 0 0
30 41 0 0
34 41 0 0
40 41 0 0
1 42 0 0
2 42 0 0
10 42 0 0
12 42 0 0
13 42 0 0
14 42 0 0
15 42 0 0
16 42 0 0
17 42 0 0
19 42 0 0
21 42 0 0
22 42 0 0
23 42 0 0
24 42 0 0
26 42 0 0
27 42 0 0
28 42 0 0
29 42 0 0
31 42 0 0
32 42 0 0
33 42 0 0
35 42 0 0
36 42 0 0
38 42 0 0
2 43 0 0
7 43 0 0
10 43 0 0
11 43 0 0
12 43 0 0
13 43 0 0
14 43 0 0
15 43 0 0
16 43 0 0
17 43 0 0
21 43 0 0
23 43 0 0
24 43 0 0
25 43 0 0
26 43 0 0
27 43 0 0
28 43 0 0
29 43 0 0
33 43 0 0
34 43 0 0
36 43 0 0
37 43 0 0
38 43 0 0
42 43 0 0
6 44 0 0
14 44 0 0
20 44 0 0
25 44 0 0
26 44 0 0
34 44 0 0
37 44 0 0
38 44 0 0
41 44 0 0
43 44 0 0
2 45 0 0
6 45 0 0
14 45 0 0
15 45 0 0
20 45 0 0
21 45 0 0
25 45 0 0
26 45 0 0
34 45 0 0
37 45 0 0
38 45 0 0
41 45 0 0
43 45 0 0
44 45 0 0
2 46 0 0
14 46 0 0
15 46 0 0
20 46 0 0
21 46 0 0
25 46 0 0
26 46 0 0
34 46 0 0
37 46 0 0
38 46 0 0
41 46 0 0
43 46 0 0
44 46 0 0
45 46 0 0
40 47 0 0
41 47 0 0
2 48 0 0
34 48 0 0
37 48 0 0
38 48 0 0
43 48 0 0
45 48 0 0
46 48 0 0
1 49 0 0
2 49 0 0
31 49 0 0
32 49 0 0
35 49 0 0
36 49 0 0
39 49 0 0
2 50 0 0
34 50 0 0
37 50 0 0
38 50 0 0
43 50 0 0
45 50 0 0
46 50 0 0
48 50 0 0
1 51 0 0
2 51 0 0
31 51 0 0
32 51 0 0
33 51 0 0
35 51 0 0
36 51 0 0
39 51 0 0
49 51 0 0
1 52 0 0
2 52 0 0
31 52 0 0
32 52 0 0
33 52 0 0
35 52 0 0
36 52 0 0
39 52 0 0
42 52 0 0
49 52 0 0
51 52 0 0
1 53 0 0
2 53 0 0
21 53 0 0
23 53 0 0
27 53 0 0
28 53 0 0
29 53 0 0
31 53 0 0
32 53 0 0
33 53 0 0
35 53 0 0
36 53 0 0
39 53 0 0
42 53 0 0
43 53 0 0
49 53 0 0
51 53 0 0
52 53 0 0
30 54 0 0
40 54 0 0
41 54 0 0
47 54 0 0
2 55 0 0
25 55 0 0
26 55 0 0
34 55 0 0
37 55 0 0
38 55 0 0
43 55 0 0
44 55 0 0
45 55 0 0
46 55 0 0
48 55 0 0
50 55 0 0
2 56 0 0
21 56 0 0
25 56 0 0
26 56 0 0
33 56 0 0
34 56 0 0
37 56 0 0
38 56 0 0
43 56 0 0
44 56 0 0
45 56 0 0
46 56 0 0
48 56 0 0
50 56 0 0
55 56 0 0
2 57 0 0
14 57 0 0
15 57 0 0
21 57 0 0
25 57 0 0
26 57 0 0
33 57 0 0
34 57 0 0
37 57 0 0
38 57 0 0
43 57 0 0
44 57 0 0
45 57 0 0
46 57 0 0
48 57 0 0
50 57 0 0
55 57 0 0
56 57 0 0
1 58 0 0
2 58 0 0
22 58 0 0
23 58 0 0
27 58 0 0
28 58 0 0
29 58 0 0
31 58 0 0
32 58 0 0
33 58 0 0
35 58 0 0
36 58 0 0
39 58 0 0
42 58 0 0
49 58 0 0
51 58 0 0
52 58 0 0
53 58 0 0
1 59 0 0
2 59 0 0
7 59 0 0
10 59 0 0
11 59 0 0
12 59 0 0
13 59 0 0
14 59 0 0
15 59 0 0
16 59 0 0
17 59 0 0
21 59 0 0
23 59 0 0
24 59 0 0
25 59 0 0
26 59 0 0
27 59 0 0
28 59 0 0
29 59 0 0
31 59 0 0
32 59 0 0
33 59 0 0
34 59 0 0
35 59 0 0
36 59 0 0
37 59 0 0
38 59 0 0
39 59 0 0
42 59 0 0
43 59 0 0
45 59 0 0
46 59 0 0
48 59 0 0
49 59 0 0
50 59 0 0
51 59 0 0
52 59 0 0
53 59 0 0
55 59 0 0
56 59 0 0
57 59 0 0
58 59 0 0
1 60 0 0
2 60 0 0
22 60 0 0
28 60 0 0
31 60 0 0
32 60 0 0
35 60 0 0
36 60 0 0
39 60 0 0
42 60 0 0
49 60 0 0
51 60 0 0
52 60 0 0
53 60 0 0
58 60 0 0
59 60 0 0
1 61 0 0
2 61 0 0
28 61 0 0
29 61 0 0
31 61 0 0
32 61 0 0
33 61 0 0
35 61 0 0
36 61 0 0
39 61 0 0
42 61 0 0
49 61 0 0
51 61 0 0
52 61 0 0
53 61 0 0
58 61 0 0
59 61 0 0
60 61 0 0
30 62 0 0
40 62 0 0
41 62 0 0
47 62 0 0
54 62 0 0
40 63 0 0
47 63 0 0
54 63 0 0
62 63 0 0
40 64 0 0
47 64 0 0
54 64 0 0
62 64 0 0
63 64 0 0
2 65 0 0
47 65 0 0
48 65 0 0
55 65 0 0
62 65 0 0
63 65 0 0
64 65 0 0
2 66 0 0
47 66 0 0
48 66 0 0
50 66 0 0
55 66 0 0
56 66 0 0
57 66 0 0
64 66 0 0
65 66 0 0
47 67 0 0
62 67 0 0
63 67 0 0
64 67 0 0
65 67 0 0
66 67 0 0
2 68 0 0
49 68 0 0
51 68 0 0
52 68 0 0
59 68 0 0
2 69 0 0
48 69 0 0
64 69 0 0
65 69 0 0
66 69 0 0
67 69 0 0
2 70 0 0
48 70 0 0
50 70 0 0
65 70 0 0
66 70 0 0
69 70 0 0
63 71 0 0
67 71 0 0
63 72 0 0
64 72 0 0
67 72 0 0
71 72 0 0
2 73 0 0
68 73 0 0
63 74 0 0
64 74 0 0
67 74 0 0
71 74 0 0
72 74 0 0
2 75 0 0
66 75 0 0
69 75 0 0
70 75 0 0
2 76 0 0
69 76 0 0
70 76 0 0
75 76 0 0
2 77 0 0
68 77 0 0
73 77 0 0
2 78 0 0
68 78 0 0
73 78 0 0
77 78 0 0
2 79 0 0
68 79 0 0
73 79 0 0
77 79 0 0
78 79 0 0
2 80 0 0
65 80 0 0
66 80 0 0
67 80 0 0
69 80 0 0
70 80 0 0
74 80 0 0
75 80 0 0
76 80 0 0
2 81 0 0
70 81 0 0
73 81 0 0
75 81 0 0
76 81 0 0
77 81 0 0
78 81 0 0
2 82 0 0
68 82 0 0
73 82 0 0
76 82 0 0
77 82 0 0
78 82 0 0
79 82 0 0
81 82 0 0
2 83 0 0
69 83 0 0
70 83 0 0
75 83 0 0
76 83 0 0
77 83 0 0
80 83 0 0
81 83 0 0
82 83 0 0
62 84 0 0
63 84 0 0
64 84 0 0
65 84 0 0
67 84 0 0
71 84 0 0
72 84 0 0
74 84 0 0
2 85 0 0
64 85 0 0
65 85 0 0
66 85 0 0
67 85 0 0
69 85 0 0
70 85 0 0
74 85 0 0
75 85 0 0
76 85 0 0
80 85 0 0
83 85 0 0
84 85 0 0
2 86 0 0
68 86 0 0
73 86 0 0
78 86 0 0
79 86 0 0
2 87 0 0
68 87 0 0
73 87 0 0
76 87 0 0
77 87 0 0
78 87 0 0
79 87 0 0
81 87 0 0
82 87 0 0
83 87 0 0
2 88 0 0
47 88 0 0
63 88 0 0
64 88 0 0
65 88 0 0
66 88 0 0
67 88 0 0
69 88 0 0
70 88 0 0
72 88 0 0
74 88 0 0
75 88 0 0
80 88 0 0
84 88 0 0
85 88 0 0
2 89 0 0
49 89 0 0
52 89 0 0
59 89 0 0
68 89 0 0
73 89 0 0
77 89 0 0
78 89 0 0
79 89 0 0
81 89 0 0
82 89 0 0
86 89 0 0
87 89 0 0
2 90 0 0
49 90 0 0
59 90 0 0
68 90 0 0
73 90 0 0
77 90 0 0
78 90 0 0
79 90 0 0
81 90 0 0
82 90 0 0
86 90 0 0
87 90 0 0
89 90 0 0
2 91 0 0
48 91 0 0
65 91 0 0
66 91 0 0
69 91 0 0
70 91 0 0
75 91 0 0
76 91 0 0
80 91 0 0
81 91 0 0
83 91 0 0
85 91 0 0
87 91 0 0
88 91 0 0
2 92 0 0
49 92 0 0
68 92 0 0
73 92 0 0
77 92 0 0
78 92 0 0
79 92 0 0
86 92 0 0
87 92 0 0
89 92 0 0
90 92 0 0
63 93 0 0
64 93 0 0
65 93 0 0
66 93 0 0
67 93 0 0
69 93 0 0
71 93 0 0
72 93 0 0
74 93 0 0
75 93 0 0
80 93 0 0
84 93 0 0
85 93 0 0
88 93 0 0
2 94 0 0
68 94 0 0
73 94 0 0
78 94 0 0
79 94 0 0
86 94 0 0
89 94 0 0
90 94 0 0
92 94 0 0
2 95 0 0
68 95 0 0
73 95 0 0
77 95 0 0
78 95 0 0
79 95 0 0
86 95 0 0
89 95 0 0
90 95 0 0
92 95 0 0
94 95 0 0
2 96 0 0
65 96 0 0
66 96 0 0
69 96 0 0
70 96 0 0
75 96 0 0
76 96 0 0
80 96 0 0
81 96 0 0
83 96 0 0
85 96 0 0
88 96 0 0
91 96 0 0
2 97 0 0
66 97 0 0
69 97 0 0
70 97 0 0
75 97 0 0
76 97 0 0
80 97 0 0
81 97 0 0
82 97 0 0
83 97 0 0
85 97 0 0
87 97 0 0
88 97 0 0
91 97 0 0
96 97 0 0
2 98 0 0
68 98 0 0
73 98 0 0
77 98 0 0
78 98 0 0
79 98 0 0
81 98 0 0
82 98 0 0
86 98 0 0
87 98 0 0
89 98 0 0
90 98 0 0
92 98 0 0
94 98 0 0
95 98 0 0
2 99 0 0
68 99 0 0
73 99 0 0
77 99 0 0
78 99 0 0
79 99 0 0
81 99 0 0
82 99 0 0
83 99 0 0
87 99 0 0
89 99 0 0
90 99 0 0
92 99 0 0
95 99 0 0
97 99 0 0
98 99 0 0
2 100 0 0
70 100 0 0
75 100 0 0
76 100 0 0
77 100 0 0
78 100 0 0
81 100 0 0
82 100 0 0
83 100 0 0
87 100 0 0
89 100 0 0
90 100 0 0
91 100 0 0
96 100 0 0
97 100 0 0
98 100 0 0
99 100 0 0
2 101 0 0
64 101 0 0
65 101 0 0
66 101 0 0
67 101 0 0
69 101 0 0
70 101 0 0
72 101 0 0
74 101 0 0
75 101 0 0
76 101 0 0
80 101 0 0
84 101 0 0
85 101 0 0
88 101 0 0
91 101 0 0
93 101 0 0
96 101 0 0
97 101 0 0
47 102 0 0
54 102 0 0
62 102 0 0
63 102 0 0
64 102 0 0
67 102 0 0
71 102 0 0
72 102 0 0
74 102 0 0
84 102 0 0
93 102 0 0
2 103 0 0
49 103 0 0
51 103 0 0
52 103 0 0
53 103 0 0
58 103 0 0
59 103 0 0
60 103 0 0
61 103 0 0
68 103 0 0
73 103 0 0
78 103 0 0
79 103 0 0
86 103 0 0
89 103 0 0
90 103 0 0
92 103 0 0
94 103 0 0
95 103 0 0
98 103 0 0
99 103 0 0
2 104 0 0
49 104 0 0
51 104 0 0
52 104 0 0
53 104 0 0
58 104 0 0
59 104 0 0
60 104 0 0
61 104 0 0
68 104 0 0
73 104 0 0
77 104 0 0
78 104 0 0
79 104 0 0
81 104 0 0
82 104 0 0
86 104 0 0
87 104 0 0
89 104 0 0
90 104 0 0
92 104 0 0
94 104 0 0
95 104 0 0
98 104 0 0
99 104 0 0
103 104 0 0
2 105 0 0
47 105 0 0
48 105 0 0
50 105 0 0
55 105 0 0
56 105 0 0
57 105 0 0
64 105 0 0
65 105 0 0
66 105 0 0
69 105 0 0
70 105 0 0
75 105 0 0
76 105 0 0
80 105 0 0
83 105 0 0
85 105 0 0
88 105 0 0
91 105 0 0
93 105 0 0
96 105 0 0
97 105 0 0
101 105 0 0
40 106 0 0
47 106 0 0
54 106 0 0
62 106 0 0
63 106 0 0
64 106 0 0
65 106 0 0
66 106 0 0
67 106 0 0
69 106 0 0
70 106 0 0
72 106 0 0
74 106 0 0
80 106 0 0
84 106 0 0
85 106 0 0
88 106 0 0
93 106 0 0
101 106 0 0
102 106 0 0
105 106 0 0
47 107 0 0
54 107 0 0
62 107 0 0
63 107 0 0
64 107 0 0
65 107 0 0
67 107 0 0
71 107 0 0
72 107 0 0
74 107 0 0
84 107 0 0
88 107 0 0
93 107 0 0
102 107 0 0
106 107 0 0
2 108 0 0
49 108 0 0
51 108 0 0
52 108 0 0
58 108 0 0
59 108 0 0
60 108 0 0
61 108 0 0
68 108 0 0
73 108 0 0
77 108 0 0
78 108 0 0
79 108 0 0
82 108 0 0
86 108 0 0
87 108 0 0
89 108 0 0
90 108 0 0
92 108 0 0
94 108 0 0
95 108 0 0
98 108 0 0
99 108 0 0
103 108 0 0
104 108 0 0
2 109 0 0
49 109 0 0
51 109 0 0
52 109 0 0
59 109 0 0
60 109 0 0
61 109 0 0
68 109 0 0
73 109 0 0
77 109 0 0
78 109 0 0
79 109 0 0
86 109 0 0
87 109 0 0
89 109 0 0
90 109 0 0
92 109 0 0
94 109 0 0
95 109 0 0
98 109 0 0
99 109 0 0
103 109 0 0
104 109 0 0
108 109 0 0
2 110 0 0
48 110 0 0
50 110 0 0
65 110 0 0
66 110 0 0
69 110 0 0
70 110 0 0
75 110 0 0
76 110 0 0
80 110 0 0
81 110 0 0
83 110 0 0
85 110 0 0
87 110 0 0
88 110 0 0
91 110 0 0
96 110 0 0
97 110 0 0
100 110 0 0
101 110 0 0
105 110 0 0
1 111 0 0
2 111 0 0
31 111 0 0
32 111 0 0
35 111 0 0
36 111 0 0
39 111 0 0
49 111 0 0
51 111 0 0
52 111 0 0
53 111 0 0
58 111 0 0
59 111 0 0
60 111 0 0
61 111 0 0
68 111 0 0
86 111 0 0
89 111 0 0
90 111 0 0
92 111 0 0
103 111 0 0
104 111 0 0
108 111 0 0
109 111 0 0
2 112 0 0
34 112 0 0
37 112 0 0
38 112 0 0
48 112 0 0
50 112 0 0
55 112 0 0
56 112 0 0
57 112 0 0
59 112 0 0
65 112 0 0
66 112 0 0
69 112 0 0
70 112 0 0
91 112 0 0
96 112 0 0
97 112 0 0
105 112 0 0
110 112 0 0
1 113 0 0
2 113 0 0
31 113 0 0
32 113 0 0
33 113 0 0
35 113 0 0
36 113 0 0
39 113 0 0
49 113 0 0
51 113 0 0
52 113 0 0
53 113 0 0
58 113 0 0
59 113 0 0
60 113 0 0
61 113 0 0
68 113 0 0
89 113 0 0
90 113 0 0
92 113 0 0
103 113 0 0
104 113 0 0
108 113 0 0
109 113 0 0
111 113 0 0
2 114 0 0
34 114 0 0
37 114 0 0
38 114 0 0
44 114 0 0
45 114 0 0
46 114 0 0
47 114 0 0
48 114 0 0
50 114 0 0
55 114 0 0
56 114 0 0
57 114 0 0
62 114 0 0
64 114 0 0
65 114 0 0
66 114 0 0
69 114 0 0
70 114 0 0
80 114 0 0
85 114 0 0
88 114 0 0
91 114 0 0
96 114 0 0
97 114 0 0
101 114 0 0
105 114 0 0
106 114 0 0
110 114 0 0
112 114 0 0
2 115 0 0
34 115 0 0
37 115 0 0
38 115 0 0
46 115 0 0
48 115 0 0
50 115 0 0
55 115 0 0
56 115 0 0
57 115 0 0
59 115 0 0
66 115 0 0
70 115 0 0
91 115 0 0
105 115 0 0
110 115 0 0
112 115 0 0
114 115 0 0
2 116 0 0
34 116 0 0
37 116 0 0
38 116 0 0
45 116 0 0
46 116 0 0
48 116 0 0
50 116 0 0
55 116 0 0
56 116 0 0
57 116 0 0
65 116 0 0
66 116 0 0
69 116 0 0
70 116 0 0
91 116 0 0
96 116 0 0
97 116 0 0
105 116 0 0
106 116 0 0
110 116 0 0
112 116 0 0
114 116 0 0
115 116 0 0
30 117 0 0
40 117 0 0
47 117 0 0
54 117 0 0
62 117 0 0
63 117 0 0
64 117 0 0
65 117 0 0
67 117 0 0
84 117 0 0
102 117 0 0
106 117 0 0
107 117 0 0
40 118 0 0
47 118 0 0
54 118 0 0
62 118 0 0
63 118 0 0
64 118 0 0
65 118 0 0
66 118 0 0
67 118 0 0
84 118 0 0
88 118 0 0
93 118 0 0
102 118 0 0
106 118 0 0
107 118 0 0
114 118 0 0
117 118 0 0
2 119 0 0
37 119 0 0
38 119 0 0
48 119 0 0
50 119 0 0
55 119 0 0
56 119 0 0
57 119 0 0
65 119 0 0
66 119 0 0
69 119 0 0
70 119 0 0
85 119 0 0
91 119 0 0
96 119 0 0
97 119 0 0
105 119 0 0
110 119 0 0
112 119 0 0
114 119 0 0
115 119 0 0
116 119 0 0
5 120 0 1
3 121 0 1
4 121 0 1
5 121 0 1
7 121 0 1
10 121 0 1
11 121 0 1
12 121 0 1
16 121 0 1
3 122 0 1
4 122 0 1
5 122 0 1
6 122 0 1
7 122 0 1
10 122 0 1
11 122 0 1
12 122 0 1
14 122 0 1
15 122 0 1
16 122 0 1
20 122 0 1
44 122 0 1
3 123 0 1
4 123 0 1
5 123 0 1
8 124 0 1
9 124 0 1
8 125 0 1
9 125 0 1
5 126 0 1
3 127 0 1
5 127 0 1
10 127 0 1
8 128 0 1
9 128 0 1
5 129 0 1
9 129 0 1
5 130 0 1
10 130 0 1
3 131 0 1
4 131 0 1
5 131 0 1
7 131 0 1
10 131 0 1
11 131 0 1
12 131 0 1
13 131 0 1
16 131 0 1
17 131 0 1
3 132 0 1
4 132 0 1
6 132 0 1
7 132 0 1
11 132 0 1
14 132 0 1
15 132 0 1
16 132 0 1
20 132 0 1
21 132 0 1
25 132 0 1
26 132 0 1
34 132 0 1
43 132 0 1
44 132 0 1
45 132 0 1
46 132 0 1
3 133 0 1
4 133 0 1
6 133 0 1
7 133 0 1
14 133 0 1
20 133 0 1
25 133 0 1
26 133 0 1
34 133 0 1
41 133 0 1
44 133 0 1
45 133 0 1
46 133 0 1
6 134 0 1
20 134 0 1
41 134 0 1
6 135 0 1
20 135 0 1
30 135 0 1
41 135 0 1
6 136 0 1
20 136 0 1
30 136 0 1
41 136 0 1
3 137 0 1
4 137 0 1
6 137 0 1
7 137 0 1
11 137 0 1
14 137 0 1
15 137 0 1
16 137 0 1
20 137 0 1
25 137 0 1
3 138 0 1
4 138 0 1
6 138 0 1
7 138 0 1
14 138 0 1
20 138 0 1
25 138 0 1
44 138 0 1
6 139 0 1
20 139 0 1
6 140 0 1
20 140 0 1
41 140 0 1
20 141 0 1
30 141 0 1
40 141 0 1
41 141 0 1
54 141 0 1
6 142 0 1
14 142 0 1
15 142 0 1
20 142 0 1
25 142 0 1
26 142 0 1
34 142 0 1
37 142 0 1
38 142 0 1
41 142 0 1
43 142 0 1
44 142 0 1
45 142 0 1
46 142 0 1
57 142 0 1
6 143 0 1
14 143 0 1
20 143 0 1
25 143 0 1
26 143 0 1
34 143 0 1
37 143 0 1
41 143 0 1
44 143 0 1
45 143 0 1
46 143 0 1
55 143 0 1
57 143 0 1
20 144 0 1
30 144 0 1
40 144 0 1
41 144 0 1
54 144 0 1
62 144 0 1
117 144 0 1
20 145 0 1
30 145 0 1
40 145 0 1
41 145 0 1
44 145 0 1
54 145 0 1
2 146 0 1
20 146 0 1
25 146 0 1
26 146 0 1
34 146 0 1
37 146 0 1
38 146 0 1
41 146 0 1
44 146 0 1
45 146 0 1
46 146 0 1
47 146 0 1
48 146 0 1
50 146 0 1
55 146 0 1
56 146 0 1
57 146 0 1
112 146 0 1
114 146 0 1
116 146 0 1
20 147 0 1
34 147 0 1
37 147 0 1
40 147 0 1
41 147 0 1
44 147 0 1
45 147 0 1
46 147 0 1
47 147 0 1
48 147 0 1
54 147 0 1
55 147 0 1
57 147 0 1
62 147 0 1
64 147 0 1
65 147 0 1
66 147 0 1
106 147 0 1
114 147 0 1
116 147 0 1
118 147 0 1
20 148 0 1
30 148 0 1
34 148 0 1
40 148 0 1
41 148 0 1
44 148 0 1
45 148 0 1
47 148 0 1
54 148 0 1
62 148 0 1
64 148 0 1
65 148 0 1
106 148 0 1
114 148 0 1
117 148 0 1
118 148 0 1
30 149 0 1
40 149 0 1
47 149 0 1
54 149 0 1
62 149 0 1
117 149 0 1
20 150 0 1
30 150 0 1
40 150 0 1
41 150 0 1
44 150 0 1
47 150 0 1
54 150 0 1
62 150 0 1
64 150 0 1
117 150 0 1
118 150 0 1
20 151 0 1
30 151 0 1
40 151 0 1
41 151 0 1
47 151 0 1
54 151 0 1
62 151 0 1
117 151 0 1
118 151 0 1
20 152 0 1
30 152 0 1
34 152 0 1
40 152 0 1
41 152 0 1
44 152 0 1
47 152 0 1
54 152 0 1
62 152 0 1
64 152 0 1
65 152 0 1
106 152 0 1
114 152 0 1
117 152 0 1
118 152 0 1
1 153 0 1
2 153 0 1
22 153 0 1
31 153 0 1
32 153 0 1
35 153 0 1
36 153 0 1
39 153 0 1
49 153 0 1
51 153 0 1
52 153 0 1
53 153 0 1
58 153 0 1
59 153 0 1
60 153 0 1
61 153 0 1
103 153 0 1
111 153 0 1
113 153 0 1
2 154 0 1
35 154 0 1
36 154 0 1
39 154 0 1
49 154 0 1
51 154 0 1
52 154 0 1
53 154 0 1
58 154 0 1
59 154 0 1
60 154 0 1
61 154 0 1
68 154 0 1
79 154 0 1
86 154 0 1
89 154 0 1
90 154 0 1
92 154 0 1
94 154 0 1
95 154 0 1
103 154 0 1
104 154 0 1
108 154 0 1
109 154 0 1
111 154 0 1
113 154 0 1
2 155 0 1
34 155 0 1
37 155 0 1
41 155 0 1
44 155 0 1
45 155 0 1
46 155 0 1
47 155 0 1
48 155 0 1
50 155 0 1
55 155 0 1
56 155 0 1
57 155 0 1
62 155 0 1
64 155 0 1
65 155 0 1
66 155 0 1
69 155 0 1
105 155 0 1
106 155 0 1
112 155 0 1
114 155 0 1
116 155 0 1
118 155 0 1
119 155 0 1
2 156 0 1
39 156 0 1
49 156 0 1
51 156 0 1
52 156 0 1
53 156 0 1
58 156 0 1
59 156 0 1
60 156 0 1
61 156 0 1
68 156 0 1
73 156 0 1
78 156 0 1
79 156 0 1
86 156 0 1
87 156 0 1
89 156 0 1
90 156 0 1
92 156 0 1
94 156 0 1
95 156 0 1
98 156 0 1
99 156 0 1
103 156 0 1
104 156 0 1
108 156 0 1
109 156 0 1
111 156 0 1
113 156 0 1
2 157 0 1
66 157 0 1
69 157 0 1
70 157 0 1
75 157 0 1
76 157 0 1
80 157 0 1
81 157 0 1
83 157 0 1
85 157 0 1
88 157 0 1
91 157 0 1
96 157 0 1
97 157 0 1
100 157 0 1
101 157 0 1
105 157 0 1
110 157 0 1
30 158 0 1
40 158 0 1
41 158 0 1
47 158 0 1
54 158 0 1
62 158 0 1
63 158 0 1
64 158 0 1
65 158 0 1
67 158 0 1
102 158 0 1
106 158 0 1
107 158 0 1
114 158 0 1
117 158 0 1
118 158 0 1
30 159 0 1
40 159 0 1
47 159 0 1
54 159 0 1
62 159 0 1
63 159 0 1
64 159 0 1
102 159 0 1
107 159 0 1
117 159 0 1
118 159 0 1
20 160 0 1
30 160 0 1
34 160 0 1
40 160 0 1
41 160 0 1
44 160 0 1
45 160 0 1
46 160 0 1
47 160 0 1
48 160 0 1
54 160 0 1
55 160 0 1
57 160 0 1
62 160 0 1
64 160 0 1
65 160 0 1
66 160 0 1
105 160 0 1
106 160 0 1
114 160 0 1
116 160 0 1
117 160 0 1
118 160 0 1
2 161 0 1
20 161 0 1
25 161 0 1
34 161 0 1
37 161 0 1
41 161 0 1
44 161 0 1
45 161 0 1
46 161 0 1
47 161 0 1
48 161 0 1
50 161 0 1
55 161 0 1
56 161 0 1
57 161 0 1
62 161 0 1
64 161 0 1
65 161 0 1
66 161 0 1
105 161 0 1
106 161 0 1
112 161 0 1
114 161 0 1
115 161 0 1
116 161 0 1
118 161 0 1
119 161 0 1
30 162 0 1
40 162 0 1
41 162 0 1
47 162 0 1
54 162 0 1
62 162 0 1
63 162 0 1
64 162 0 1
102 162 0 1
106 162 0 1
107 162 0 1
117 162 0 1
118 162 0 1
2 163 0 1
34 163 0 1
37 163 0 1
41 163 0 1
44 163 0 1
45 163 0 1
46 163 0 1
47 163 0 1
48 163 0 1
50 163 0 1
55 163 0 1
56 163 0 1
57 163 0 1
62 163 0 1
64 163 0 1
65 163 0 1
66 163 0 1
105 163 0 1
106 163 0 1
112 163 0 1
114 163 0 1
116 163 0 1
118 163 0 1
119 163 0 1
6 164 0 1
20 164 0 1
25 164 0 1
30 164 0 1
34 164 0 1
37 164 0 1
40 164 0 1
41 164 0 1
44 164 0 1
45 164 0 1
46 164 0 1
47 164 0 1
55 164 0 1
57 164 0 1
20 165 0 1
30 165 0 1
40 165 0 1
41 165 0 1
47 165 0 1
54 165 0 1
62 165 0 1
117 165 0 1
20 166 0 1
30 166 0 1
40 166 0 1
41 166 0 1
44 166 0 1
47 166 0 1
54 166 0 1
62 166 0 1
117 166 0 1
20 167 0 1
30 167 0 1
34 167 0 1
40 167 0 1
41 167 0 1
44 167 0 1
47 167 0 1
54 167 0 1
62 167 0 1
117 167 0 1
20 168 0 1
30 168 0 1
40 168 0 1
41 168 0 1
6 169 0 1
20 169 0 1
30 169 0 1
41 169 0 1
44 169 0 1
6 170 0 1
20 170 0 1
25 170 0 1
26 170 0 1
34 170 0 1
41 170 0 1
44 170 0 1
45 170 0 1
46 170 0 1
6 171 0 1
20 171 0 1
30 171 0 1
34 171 0 1
41 171 0 1
44 171 0 1
45 171 0 1
20 172 0 1
30 172 0 1
41 172 0 1
30 173 0 1
3 174 0 1
4 174 0 1
6 174 0 1
7 174 0 1
11 174 0 1
12 174 0 1
14 174 0 1
15 174 0 1
16 174 0 1
20 174 0 1
21 174 0 1
24 174 0 1
25 174 0 1
26 174 0 1
34 174 0 1
37 174 0 1
38 174 0 1
43 174 0 1
44 174 0 1
45 174 0 1
46 174 0 1
57 174 0 1
59 174 0 1
4 175 0 1
6 175 0 1
7 175 0 1
14 175 0 1
15 175 0 1
20 175 0 1
25 175 0 1
26 175 0 1
34 175 0 1
37 175 0 1
41 175 0 1
43 175 0 1
44 175 0 1
45 175 0 1
46 175 0 1
30 176 0 1
40 176 0 1
54 176 0 1
5 177 0 1
8 177 0 1
9 177 0 1
10 177 0 1
11 177 0 1
12 177 0 1
13 177 0 1
16 177 0 1
17 177 0 1
18 177 0 1
19 177 0 1
23 177 0 1
20 178 0 1
30 178 0 1
41 178 0 1
6 179 0 1
6 182 0 1
20 182 0 1
1 183 0 1
3 183 0 1
5 183 0 1
7 183 0 1
9 183 0 1
10 183 0 1
11 183 0 1
12 183 0 1
13 183 0 1
15 183 0 1
16 183 0 1
17 183 0 1
19 183 0 1
23 183 0 1
24 183 0 1
27 183 0 1
28 183 0 1
6 184 0 1
20 184 0 1
3 185 0 1
4 185 0 1
5 185 0 1
7 185 0 1
10 185 0 1
11 185 0 1
12 185 0 1
13 185 0 1
14 185 0 1
15 185 0 1
16 185 0 1
17 185 0 1
23 185 0 1
24 185 0 1
27 185 0 1
6 186 0 1
20 186 0 1
3 187 0 1
5 187 0 1
10 187 0 1
11 187 0 1
12 187 0 1
17 187 0 1
5 190 0 1
8 190 0 1
9 190 0 1
10 190 0 1
11 190 0 1
12 190 0 1
17 190 0 1
3 191 0 1
5 191 0 1
7 191 0 1
10 191 0 1
11 191 0 1
12 191 0 1
13 191 0 1
16 191 0 1
17 191 0 1
