1 2 0 0
1 3 0 0
2 3 0 0
1 4 0 0
2 4 0 0
3 4 0 0
1 5 0 0
2 6 0 0
1 7 0 0
2 7 0 0
3 7 0 0
4 7 0 0
1 8 0 0
2 8 0 0
3 8 0 0
4 8 0 0
7 8 0 0
1 9 0 0
1 10 0 0
9 10 0 0
1 11 0 0
9 11 0 0
10 11 0 0
1 12 0 0
2 12 0 0
6 12 0 0
7 12 0 0
8 12 0 0
9 12 0 0
10 12 0 0
11 12 0 0
1 13 0 0
9 13 0 0
10 13 0 0
11 13 0 0
1 14 0 0
9 14 0 0
10 14 0 0
11 14 0 0
13 14 0 0
1 15 0 0
9 15 0 0
10 15 0 0
11 15 0 0
12 15 0 0
13 15 0 0
14 15 0 0
10 16 0 0
13 16 0 0
14 16 0 0
15 16 0 0
16 17 0 0
17 18 0 0
17 19 0 0
18 19 0 0
17 20 0 0
18 20 0 0
19 20 0 0
15 21 0 0
16 21 0 0
17 21 0 0
18 21 0 0
19 21 0 0
20 21 0 0
15 22 0 0
18 22 0 0
20 22 0 0
21 22 0 0
17 23 0 0
18 23 0 0
19 23 0 0
20 23 0 0
21 23 0 0
18 24 0 0
19 24 0 0
23 24 0 0
17 25 0 0
18 25 0 0
19 25 0 0
20 25 0 0
21 25 0 0
23 25 0 0
24 25 0 0
18 26 0 0
20 26 0 0
21 26 0 0
22 26 0 0
23 26 0 0
24 26 0 0
25 26 0 0
17 27 0 0
18 27 0 0
19 27 0 0
20 27 0 0
21 27 0 0
23 27 0 0
24 27 0 0
25 27 0 0
26 27 0 0
17 28 0 0
18 28 0 0
19 28 0 0
20 28 0 0
21 28 0 0
22 28 0 0
23 28 0 0
24 28 0 0
25 28 0 0
26 28 0 0
27 28 0 0
17 29 0 0
18 29 0 0
19 29 0 0
20 29 0 0
21 29 0 0
23 29 0 0
24 29 0 0
25 29 0 0
26 29 0 0
27 29 0 0
28 29 0 0
17 30 0 0
18 30 0 0
19 30 0 0
20 30 0 0
21 30 0 0
23 30 0 0
24 30 0 0
25 30 0 0
26 30 0 0
27 30 0 0
28 30 0 0
29 30 0 0
1 31 0 0
9 31 0 0
10 31 0 0
11 31 0 0
12 31 0 0
13 31 0 0
14 31 0 0
15 31 0 0
16 31 0 0
22 31 0 0
1 32 0 0
9 32 0 0
10 32 0 0
11 32 0 0
12 32 0 0
13 32 0 0
14 32 0 0
15 32 0 0
16 32 0 0
17 32 0 0
18 32 0 0
20 32 0 0
21 32 0 0
22 32 0 0
28 32 0 0
29 32 0 0
30 32 0 0
31 32 0 0
1 33 0 0
9 33 0 0
10 33 0 0
11 33 0 0
12 33 0 0
13 33 0 0
14 33 0 0
15 33 0 0
16 33 0 0
31 33 0 0
32 33 0 0
1 34 0 0
9 34 0 0
10 34 0 0
11 34 0 0
12 34 0 0
13 34 0 0
14 34 0 0
15 34 0 0
16 34 0 0
21 34 0 0
22 34 0 0
31 34 0 0
32 34 0 0
33 34 0 0
1 35 0 0
2 35 0 0
3 35 0 0
4 35 0 0
6 35 0 0
7 35 0 0
8 35 0 0
11 35 0 0
12 35 0 0
31 35 0 0
32 35 0 0
2 36 0 0
6 36 0 0
8 36 0 0
12 36 0 0
32 36 0 0
35 36 0 0
28 37 0 1
1 38 0 1
9 38 0 1
10 38 0 1
13 38 0 1
14 38 0 1
31 38 0 1
6 39 0 1
36 39 0 1
6 40 0 1
6 41 0 1
36 41 0 1
6 42 0 1
36 42 0 1
6 44 0 1
6 45 0 1
22 47 0 1
22 49 0 1
20 50 0 1
22 50 0 1
32 50 0 1
22 53 0 1
32 53 0 1
22 55 0 1
13 56 0 1
14 56 0 1
16 56 0 1
31 56 0 1
22 57 0 1
32 57 0 1
17 59 0 1
19 59 0 1
21 59 0 1
23 59 0 1
25 59 0 1
27 59 0 1
28 59 0 1
29 59 0 1
30 59 0 1
18 63 0 1
20 63 0 1
24 63 0 1
25 63 0 1
26 63 0 1
28 63 0 1
18 64 0 1
20 64 0 1
22 64 0 1
26 64 0 1
28 64 0 1
18 65 0 1
20 65 0 1
22 65 0 1
25 65 0 1
26 65 0 1
28 65 0 1
32 65 0 1
18 66 0 1
20 66 0 1
22 66 0 1
26 66 0 1
28 66 0 1
16 67 0 1
17 67 0 1
19 67 0 1
21 67 0 1
27 67 0 1
29 67 0 1
18 70 0 1
20 70 0 1
22 70 0 1
24 70 0 1
25 70 0 1
26 70 0 1
28 70 0 1
22 71 0 1
26 71 0 1
28 71 0 1
6 72 0 1
36 72 0 1
6 73 0 1
36 73 0 1
1 74 0 1
9 74 0 1
10 74 0 1
13 74 0 1
14 74 0 1
16 74 0 1
31 74 0 1
33 74 0 1
1 75 0 1
9 75 0 1
10 75 0 1
13 75 0 1
14 75 0 1
15 75 0 1
31 75 0 1
33 75 0 1
6 76 0 1
