1 2 0 0
1 3 0 0
1 4 0 0
1 5 0 0
2 5 0 0
3 5 0 0
1 6 0 0
2 6 0 0
3 6 0 0
5 6 0 0
1 7 0 0
2 7 0 0
3 7 0 0
5 7 0 0
6 7 0 0
1 8 0 0
2 8 0 0
3 8 0 0
5 8 0 0
6 8 0 0
7 8 0 0
1 9 0 0
10 11 0 0
10 12 0 0
11 12 0 0
11 14 0 0
12 14 0 0
13 14 0 0
11 15 0 0
12 15 0 0
13 15 0 0
14 15 0 0
10 16 0 0
11 16 0 0
12 16 0 0
13 16 0 0
14 16 0 0
15 16 0 0
11 17 0 0
12 17 0 0
14 17 0 0
15 17 0 0
16 17 0 0
1 18 0 0
9 18 0 0
10 18 0 0
11 18 0 0
12 18 0 0
17 18 0 0
1 19 0 0
9 19 0 0
10 19 0 0
11 19 0 0
12 19 0 0
16 19 0 0
17 19 0 0
18 19 0 0
9 20 0 0
10 20 0 0
11 20 0 0
12 20 0 0
16 20 0 0
17 20 0 0
18 20 0 0
19 20 0 0
1 21 0 0
4 21 0 0
9 21 0 0
19 21 0 0
1 22 0 0
4 22 0 0
21 22 0 0
1 23 0 0
4 23 0 0
21 23 0 0
22 23 0 0
3 24 0 1
23 24 0 1
2 26 0 1
13 40 0 1
14 40 0 1
13 41 0 1
