1 2 0 0
3 4 0 0
3 5 0 0
4 5 0 0
1 6 0 0
3 7 0 0
4 7 0 0
5 7 0 0
1 8 0 0
3 8 0 0
4 8 0 0
5 8 0 0
7 8 0 0
1 9 0 0
3 9 0 0
4 9 0 0
5 9 0 0
7 9 0 0
8 9 0 0
1 10 0 0
6 10 0 0
1 11 0 0
3 11 0 0
6 11 0 0
9 11 0 0
10 11 0 0
1 12 0 0
3 12 0 0
6 12 0 0
8 12 0 0
9 12 0 0
10 12 0 0
11 12 0 0
1 13 0 0
3 13 0 0
4 13 0 0
5 13 0 0
7 13 0 0
8 13 0 0
9 13 0 0
11 13 0 0
12 13 0 0
3 14 0 0
4 14 0 0
5 14 0 0
7 14 0 0
8 14 0 0
9 14 0 0
11 14 0 0
12 14 0 0
13 14 0 0
1 15 0 0
3 15 0 0
4 15 0 0
7 15 0 0
8 15 0 0
9 15 0 0
11 15 0 0
12 15 0 0
13 15 0 0
14 15 0 0
1 16 0 0
6 16 0 0
10 16 0 0
11 16 0 0
15 16 0 0
1 17 0 0
6 17 0 0
9 17 0 0
11 17 0 0
12 17 0 0
13 17 0 0
15 17 0 0
16 17 0 0
1 18 0 0
6 18 0 0
10 18 0 0
11 18 0 0
16 18 0 0
17 18 0 0
1 19 0 0
6 19 0 0
8 19 0 0
9 19 0 0
10 19 0 0
11 19 0 0
12 19 0 0
13 19 0 0
14 19 0 0
15 19 0 0
16 19 0 0
17 19 0 0
18 19 0 0
1 20 0 0
6 20 0 0
8 20 0 0
9 20 0 0
10 20 0 0
11 20 0 0
12 20 0 0
13 20 0 0
14 20 0 0
15 20 0 0
16 20 0 0
17 20 0 0
18 20 0 0
19 20 0 0
1 21 0 0
6 21 0 0
10 21 0 0
11 21 0 0
12 21 0 0
15 21 0 0
16 21 0 0
17 21 0 0
18 21 0 0
19 21 0 0
20 21 0 0
1 22 0 0
15 22 0 0
16 22 0 0
17 22 0 0
19 22 0 0
20 22 0 0
21 22 0 0
1 23 0 0
15 23 0 0
16 23 0 0
17 23 0 0
19 23 0 0
21 23 0 0
22 23 0 0
1 25 0 0
2 25 0 0
23 25 0 0
1 26 0 0
2 26 0 0
22 26 0 0
23 26 0 0
25 26 0 0
1 27 0 0
2 27 0 0
22 27 0 0
23 27 0 0
26 27 0 0
1 28 0 0
2 28 0 0
22 28 0 0
23 28 0 0
27 28 0 0
1 29 0 0
2 29 0 0
23 29 0 0
25 29 0 0
26 29 0 0
27 29 0 0
28 29 0 0
2 30 0 0
25 30 0 0
26 30 0 0
1 31 0 0
2 31 0 0
16 31 0 0
17 31 0 0
22 31 0 0
23 31 0 0
27 31 0 0
28 31 0 0
29 31 0 0
2 32 0 0
23 32 0 0
24 32 0 0
25 32 0 0
26 32 0 0
30 32 0 0
1 33 0 0
2 33 0 0
17 33 0 0
22 33 0 0
23 33 0 0
25 33 0 0
26 33 0 0
27 33 0 0
28 33 0 0
29 33 0 0
31 33 0 0
24 34 0 0
25 34 0 0
26 34 0 0
30 34 0 0
32 34 0 0
1 35 0 0
2 35 0 0
15 35 0 0
16 35 0 0
17 35 0 0
19 35 0 0
22 35 0 0
23 35 0 0
25 35 0 0
26 35 0 0
27 35 0 0
28 35 0 0
29 35 0 0
30 35 0 0
31 35 0 0
32 35 0 0
33 35 0 0
34 35 0 0
1 36 0 0
2 36 0 0
16 36 0 0
17 36 0 0
22 36 0 0
23 36 0 0
27 36 0 0
28 36 0 0
29 36 0 0
31 36 0 0
33 36 0 0
35 36 0 0
1 37 0 0
2 37 0 0
27 37 0 0
28 37 0 0
29 37 0 0
36 37 0 0
2 38 0 0
30 38 0 0
2 39 0 0
38 39 0 0
2 40 0 0
38 40 0 0
39 40 0 0
2 41 0 0
38 41 0 0
39 41 0 0
40 41 0 0
2 42 0 0
38 42 0 0
39 42 0 0
40 42 0 0
41 42 0 0
2 43 0 0
2 44 0 0
43 44 0 0
2 45 0 0
43 45 0 0
44 45 0 0
2 46 0 0
37 46 0 0
38 46 0 0
40 46 0 0
41 46 0 0
43 46 0 0
44 46 0 0
45 46 0 0
2 47 0 0
25 47 0 0
30 47 0 0
37 47 0 0
38 47 0 0
39 47 0 0
41 47 0 0
46 47 0 0
1 48 0 0
2 48 0 0
27 48 0 0
28 48 0 0
29 48 0 0
31 48 0 0
33 48 0 0
35 48 0 0
36 48 0 0
37 48 0 0
1 49 0 0
2 49 0 0
22 49 0 0
23 49 0 0
25 49 0 0
26 49 0 0
27 49 0 0
28 49 0 0
29 49 0 0
30 49 0 0
31 49 0 0
32 49 0 0
33 49 0 0
34 49 0 0
35 49 0 0
36 49 0 0
37 49 0 0
38 49 0 0
47 49 0 0
48 49 0 0
1 50 0 0
2 50 0 0
25 50 0 0
27 50 0 0
28 50 0 0
29 50 0 0
33 50 0 0
35 50 0 0
36 50 0 0
37 50 0 0
38 50 0 0
46 50 0 0
47 50 0 0
48 50 0 0
49 50 0 0
5 51 0 1
3 55 0 1
4 55 0 1
5 55 0 1
7 55 0 1
8 55 0 1
14 55 0 1
5 56 0 1
7 56 0 1
24 61 0 1
24 62 0 1
24 64 0 1
24 65 0 1
24 66 0 1
2 68 0 1
24 68 0 1
25 68 0 1
26 68 0 1
30 68 0 1
32 68 0 1
34 68 0 1
47 68 0 1
49 68 0 1
24 74 0 1
30 74 0 1
2 78 0 1
38 78 0 1
39 78 0 1
40 78 0 1
41 78 0 1
42 78 0 1
47 78 0 1
2 79 0 1
30 79 0 1
38 79 0 1
39 79 0 1
40 79 0 1
41 79 0 1
42 79 0 1
47 79 0 1
49 79 0 1
39 83 0 1
40 83 0 1
41 83 0 1
42 83 0 1
39 85 0 1
41 85 0 1
42 85 0 1
39 86 0 1
39 87 0 1
41 87 0 1
42 87 0 1
2 96 0 1
30 96 0 1
38 96 0 1
39 96 0 1
41 96 0 1
47 96 0 1
49 96 0 1
24 97 0 1
