1 2 0 0
1 5 0 0
4 5 0 0
1 6 0 0
1 7 0 0
5 7 0 0
1 8 0 0
6 8 0 0
7 8 0 0
1 9 0 0
6 9 0 0
7 9 0 0
8 9 0 0
1 10 0 0
6 10 0 0
8 10 0 0
9 10 0 0
1 11 0 0
8 11 0 0
9 11 0 0
10 11 0 0
1 12 0 0
6 12 0 0
8 12 0 0
9 12 0 0
10 12 0 0
11 12 0 0
1 13 0 0
6 13 0 0
8 13 0 0
9 13 0 0
10 13 0 0
11 13 0 0
12 13 0 0
1 14 0 0
8 14 0 0
9 14 0 0
10 14 0 0
11 14 0 0
12 14 0 0
13 14 0 0
1 15 0 0
8 15 0 0
9 15 0 0
10 15 0 0
11 15 0 0
12 15 0 0
13 15 0 0
14 15 0 0
1 16 0 0
8 16 0 0
9 16 0 0
10 16 0 0
11 16 0 0
12 16 0 0
13 16 0 0
14 16 0 0
15 16 0 0
1 17 0 0
8 17 0 0
9 17 0 0
10 17 0 0
11 17 0 0
12 17 0 0
13 17 0 0
14 17 0 0
15 17 0 0
16 17 0 0
11 18 0 0
14 18 0 0
18 19 0 0
1 20 0 0
2 20 0 0
16 20 0 0
18 21 0 0
19 21 0 0
1 22 0 0
2 22 0 0
20 22 0 0
1 23 0 0
2 23 0 0
14 23 0 0
15 23 0 0
16 23 0 0
17 23 0 0
20 23 0 0
3 24 0 0
18 24 0 0
19 24 0 0
21 24 0 0
1 25 0 0
2 25 0 0
14 25 0 0
15 25 0 0
16 25 0 0
20 25 0 0
22 25 0 0
23 25 0 0
3 26 0 0
18 27 0 0
21 27 0 0
23 27 0 0
24 27 0 0
25 27 0 0
2 28 0 0
18 28 0 0
23 28 0 0
25 28 0 0
27 28 0 0
3 29 0 0
26 29 0 0
3 30 0 0
26 30 0 0
29 30 0 0
1 31 0 0
2 31 0 0
20 31 0 0
22 31 0 0
25 31 0 0
1 32 0 0
2 32 0 0
16 32 0 0
20 32 0 0
22 32 0 0
23 32 0 0
25 32 0 0
27 32 0 0
28 32 0 0
31 32 0 0
1 33 0 0
2 33 0 0
14 33 0 0
15 33 0 0
16 33 0 0
18 33 0 0
23 33 0 0
24 33 0 0
25 33 0 0
27 33 0 0
28 33 0 0
32 33 0 0
1 34 0 0
2 34 0 0
20 34 0 0
22 34 0 0
25 34 0 0
31 34 0 0
32 34 0 0
1 35 0 0
2 35 0 0
14 35 0 0
15 35 0 0
16 35 0 0
18 35 0 0
20 35 0 0
23 35 0 0
25 35 0 0
27 35 0 0
28 35 0 0
32 35 0 0
33 35 0 0
34 35 0 0
18 36 0 0
21 36 0 0
23 36 0 0
24 36 0 0
25 36 0 0
27 36 0 0
28 36 0 0
32 36 0 0
33 36 0 0
35 36 0 0
18 37 0 0
19 37 0 0
21 37 0 0
23 37 0 0
24 37 0 0
27 37 0 0
28 37 0 0
33 37 0 0
35 37 0 0
36 37 0 0
1 38 0 0
2 38 0 0
18 38 0 0
23 38 0 0
25 38 0 0
27 38 0 0
28 38 0 0
32 38 0 0
33 38 0 0
35 38 0 0
36 38 0 0
37 38 0 0
3 39 0 0
18 39 0 0
19 39 0 0
21 39 0 0
24 39 0 0
26 39 0 0
27 39 0 0
37 39 0 0
1 40 0 0
2 40 0 0
20 40 0 0
23 40 0 0
25 40 0 0
27 40 0 0
28 40 0 0
32 40 0 0
33 40 0 0
35 40 0 0
36 40 0 0
37 40 0 0
38 40 0 0
1 41 0 0
2 41 0 0
10 41 0 0
11 41 0 0
12 41 0 0
13 41 0 0
14 41 0 0
15 41 0 0
16 41 0 0
17 41 0 0
18 41 0 0
20 41 0 0
23 41 0 0
25 41 0 0
27 41 0 0
28 41 0 0
32 41 0 0
33 41 0 0
34 41 0 0
35 41 0 0
36 41 0 0
37 41 0 0
38 41 0 0
40 41 0 0
1 42 0 0
14 42 0 0
15 42 0 0
16 42 0 0
17 42 0 0
20 42 0 0
22 42 0 0
23 42 0 0
25 42 0 0
28 42 0 0
32 42 0 0
33 42 0 0
34 42 0 0
35 42 0 0
36 42 0 0
38 42 0 0
40 42 0 0
41 42 0 0
1 43 0 0
2 43 0 0
20 43 0 0
22 43 0 0
25 43 0 0
31 43 0 0
32 43 0 0
34 43 0 0
41 43 0 0
42 43 0 0
1 44 0 0
9 44 0 0
10 44 0 0
11 44 0 0
12 44 0 0
13 44 0 0
14 44 0 0
15 44 0 0
16 44 0 0
17 44 0 0
18 44 0 0
23 44 0 0
25 44 0 0
32 44 0 0
33 44 0 0
35 44 0 0
36 44 0 0
38 44 0 0
40 44 0 0
41 44 0 0
42 44 0 0
1 45 0 0
8 45 0 0
9 45 0 0
10 45 0 0
11 45 0 0
12 45 0 0
13 45 0 0
14 45 0 0
15 45 0 0
16 45 0 0
17 45 0 0
20 45 0 0
23 45 0 0
25 45 0 0
32 45 0 0
33 45 0 0
35 45 0 0
41 45 0 0
42 45 0 0
43 45 0 0
44 45 0 0
1 46 0 0
9 46 0 0
10 46 0 0
11 46 0 0
12 46 0 0
13 46 0 0
14 46 0 0
15 46 0 0
16 46 0 0
17 46 0 0
20 46 0 0
23 46 0 0
25 46 0 0
28 46 0 0
32 46 0 0
33 46 0 0
35 46 0 0
36 46 0 0
38 46 0 0
40 46 0 0
41 46 0 0
42 46 0 0
44 46 0 0
45 46 0 0
3 47 0 0
26 47 0 0
29 47 0 0
30 47 0 0
3 48 0 0
26 48 0 0
30 48 0 0
47 48 0 0
2 49 0 0
27 49 0 0
28 49 0 0
37 49 0 0
38 49 0 0
3 50 0 0
27 50 0 0
39 50 0 0
49 50 0 0
3 51 0 0
26 51 0 0
30 51 0 0
47 51 0 0
48 51 0 0
3 52 0 0
39 52 0 0
50 52 0 0
3 53 0 0
39 53 0 0
49 53 0 0
50 53 0 0
52 53 0 0
3 54 0 0
27 54 0 0
39 54 0 0
49 54 0 0
50 54 0 0
52 54 0 0
53 54 0 0
3 55 0 0
26 55 0 0
29 55 0 0
30 55 0 0
47 55 0 0
48 55 0 0
51 55 0 0
3 56 0 0
21 56 0 0
24 56 0 0
27 56 0 0
36 56 0 0
37 56 0 0
39 56 0 0
49 56 0 0
50 56 0 0
52 56 0 0
53 56 0 0
54 56 0 0
3 57 0 0
24 57 0 0
27 57 0 0
36 57 0 0
37 57 0 0
39 57 0 0
49 57 0 0
50 57 0 0
52 57 0 0
53 57 0 0
54 57 0 0
56 57 0 0
3 58 0 0
26 58 0 0
29 58 0 0
30 58 0 0
47 58 0 0
48 58 0 0
51 58 0 0
55 58 0 0
3 59 0 0
26 59 0 0
39 59 0 0
50 59 0 0
52 59 0 0
53 59 0 0
54 59 0 0
56 59 0 0
57 59 0 0
3 60 0 0
19 60 0 0
21 60 0 0
24 60 0 0
26 60 0 0
29 60 0 0
30 60 0 0
39 60 0 0
50 60 0 0
52 60 0 0
53 60 0 0
56 60 0 0
57 60 0 0
59 60 0 0
3 61 0 0
19 61 0 0
21 61 0 0
24 61 0 0
26 61 0 0
37 61 0 0
39 61 0 0
50 61 0 0
52 61 0 0
53 61 0 0
54 61 0 0
56 61 0 0
57 61 0 0
59 61 0 0
60 61 0 0
18 62 0 0
19 62 0 0
21 62 0 0
23 62 0 0
24 62 0 0
27 62 0 0
28 62 0 0
33 62 0 0
35 62 0 0
36 62 0 0
37 62 0 0
38 62 0 0
39 62 0 0
40 62 0 0
49 62 0 0
50 62 0 0
54 62 0 0
56 62 0 0
57 62 0 0
61 62 0 0
2 63 0 0
23 63 0 0
25 63 0 0
27 63 0 0
28 63 0 0
32 63 0 0
33 63 0 0
35 63 0 0
36 63 0 0
37 63 0 0
38 63 0 0
40 63 0 0
41 63 0 0
42 63 0 0
49 63 0 0
62 63 0 0
1 64 0 0
2 64 0 0
20 64 0 0
22 64 0 0
23 64 0 0
25 64 0 0
28 64 0 0
31 64 0 0
32 64 0 0
33 64 0 0
34 64 0 0
35 64 0 0
38 64 0 0
40 64 0 0
41 64 0 0
42 64 0 0
43 64 0 0
46 64 0 0
63 64 0 0
3 65 0 0
19 65 0 0
21 65 0 0
24 65 0 0
26 65 0 0
30 65 0 0
39 65 0 0
50 65 0 0
52 65 0 0
53 65 0 0
54 65 0 0
56 65 0 0
57 65 0 0
59 65 0 0
60 65 0 0
61 65 0 0
62 65 0 0
3 66 0 0
24 66 0 0
26 66 0 0
29 66 0 0
30 66 0 0
39 66 0 0
47 66 0 0
50 66 0 0
51 66 0 0
52 66 0 0
53 66 0 0
55 66 0 0
56 66 0 0
58 66 0 0
59 66 0 0
60 66 0 0
61 66 0 0
65 66 0 0
2 67 0 0
23 67 0 0
24 67 0 0
25 67 0 0
27 67 0 0
28 67 0 0
32 67 0 0
33 67 0 0
35 67 0 0
36 67 0 0
37 67 0 0
38 67 0 0
40 67 0 0
49 67 0 0
50 67 0 0
54 67 0 0
56 67 0 0
57 67 0 0
62 67 0 0
63 67 0 0
3 68 0 0
19 68 0 0
21 68 0 0
24 68 0 0
27 68 0 0
36 68 0 0
37 68 0 0
39 68 0 0
49 68 0 0
50 68 0 0
52 68 0 0
53 68 0 0
54 68 0 0
56 68 0 0
57 68 0 0
59 68 0 0
60 68 0 0
61 68 0 0
62 68 0 0
65 68 0 0
66 68 0 0
67 68 0 0
2 69 0 0
23 69 0 0
25 69 0 0
27 69 0 0
28 69 0 0
32 69 0 0
33 69 0 0
35 69 0 0
36 69 0 0
37 69 0 0
38 69 0 0
40 69 0 0
41 69 0 0
49 69 0 0
62 69 0 0
63 69 0 0
64 69 0 0
67 69 0 0
2 70 0 0
23 70 0 0
25 70 0 0
27 70 0 0
28 70 0 0
32 70 0 0
33 70 0 0
35 70 0 0
36 70 0 0
37 70 0 0
38 70 0 0
40 70 0 0
49 70 0 0
50 70 0 0
53 70 0 0
54 70 0 0
56 70 0 0
57 70 0 0
62 70 0 0
63 70 0 0
64 70 0 0
67 70 0 0
68 70 0 0
69 70 0 0
6 71 0 1
4 73 0 1
5 73 0 1
6 73 0 1
4 74 0 1
5 74 0 1
4 75 0 1
5 75 0 1
6 75 0 1
4 76 0 1
5 76 0 1
6 76 0 1
6 77 0 1
6 78 0 1
6 79 0 1
5 81 0 1
6 81 0 1
1 83 0 1
5 83 0 1
6 83 0 1
7 83 0 1
8 83 0 1
9 83 0 1
13 83 0 1
10 86 0 1
11 86 0 1
29 87 0 1
30 87 0 1
3 88 0 1
19 88 0 1
21 88 0 1
24 88 0 1
26 88 0 1
29 88 0 1
30 88 0 1
39 88 0 1
60 88 0 1
61 88 0 1
65 88 0 1
66 88 0 1
19 89 0 1
21 89 0 1
29 89 0 1
30 89 0 1
18 90 0 1
19 90 0 1
21 90 0 1
24 90 0 1
39 90 0 1
19 91 0 1
21 91 0 1
24 91 0 1
26 92 0 1
29 92 0 1
30 92 0 1
10 96 0 1
11 96 0 1
18 96 0 1
19 96 0 1
21 96 0 1
19 97 0 1
6 101 0 1
6 102 0 1
8 102 0 1
9 102 0 1
10 102 0 1
11 102 0 1
12 102 0 1
13 102 0 1
6 103 0 1
6 104 0 1
6 105 0 1
6 106 0 1
