1 2 0 0
1 3 0 0
1 4 0 0
3 4 0 0
3 5 0 0
1 6 0 0
3 6 0 0
4 6 0 0
5 6 0 0
5 7 0 0
6 7 0 0
1 8 0 0
2 8 0 0
1 9 0 0
3 9 0 0
4 9 0 0
5 9 0 0
6 9 0 0
7 9 0 0
1 10 0 0
2 10 0 0
8 10 0 0
3 11 0 0
5 11 0 0
6 11 0 0
7 11 0 0
9 11 0 0
1 12 0 0
3 12 0 0
4 12 0 0
5 12 0 0
6 12 0 0
9 12 0 0
5 13 0 0
6 13 0 0
7 13 0 0
9 13 0 0
11 13 0 0
3 14 0 0
5 14 0 0
6 14 0 0
7 14 0 0
9 14 0 0
11 14 0 0
12 14 0 0
13 14 0 0
1 15 0 0
3 15 0 0
4 15 0 0
6 15 0 0
9 15 0 0
12 15 0 0
1 16 0 0
3 16 0 0
4 16 0 0
5 16 0 0
6 16 0 0
9 16 0 0
12 16 0 0
15 16 0 0
1 17 0 0
2 17 0 0
10 17 0 0
3 18 0 0
5 18 0 0
6 18 0 0
7 18 0 0
9 18 0 0
11 18 0 0
13 18 0 0
14 18 0 0
16 18 0 0
1 19 0 0
2 19 0 0
8 19 0 0
10 19 0 0
17 19 0 0
1 20 0 0
2 20 0 0
10 20 0 0
17 20 0 0
19 20 0 0
1 21 0 0
3 21 0 0
4 21 0 0
5 21 0 0
6 21 0 0
9 21 0 0
12 21 0 0
14 21 0 0
15 21 0 0
16 21 0 0
18 21 0 0
1 22 0 0
2 22 0 0
8 22 0 0
10 22 0 0
17 22 0 0
19 22 0 0
3 23 0 0
5 23 0 0
6 23 0 0
7 23 0 0
9 23 0 0
11 23 0 0
12 23 0 0
13 23 0 0
14 23 0 0
16 23 0 0
18 23 0 0
21 23 0 0
1 24 0 0
3 24 0 0
4 24 0 0
5 24 0 0
6 24 0 0
9 24 0 0
12 24 0 0
14 24 0 0
15 24 0 0
16 24 0 0
18 24 0 0
21 24 0 0
23 24 0 0
1 25 0 0
2 25 0 0
8 25 0 0
10 25 0 0
17 25 0 0
19 25 0 0
20 25 0 0
22 25 0 0
1 26 0 0
2 26 0 0
17 26 0 0
19 26 0 0
20 26 0 0
25 26 0 0
1 27 0 0
2 27 0 0
8 27 0 0
10 27 0 0
17 27 0 0
19 27 0 0
20 27 0 0
22 27 0 0
25 27 0 0
1 28 0 0
3 28 0 0
4 28 0 0
5 28 0 0
6 28 0 0
9 28 0 0
11 28 0 0
12 28 0 0
14 28 0 0
15 28 0 0
16 28 0 0
18 28 0 0
21 28 0 0
23 28 0 0
24 28 0 0
1 29 0 0
2 29 0 0
17 29 0 0
19 29 0 0
22 29 0 0
25 29 0 0
27 29 0 0
1 30 0 0
15 30 0 0
16 30 0 0
20 30 0 0
24 30 0 0
26 30 0 0
28 30 0 0
1 31 0 0
2 31 0 0
10 31 0 0
17 31 0 0
19 31 0 0
20 31 0 0
22 31 0 0
25 31 0 0
26 31 0 0
27 31 0 0
29 31 0 0
1 33 0 0
2 33 0 0
17 33 0 0
29 33 0 0
30 33 0 0
31 33 0 0
1 35 0 0
2 35 0 0
29 35 0 0
33 35 0 0
1 36 0 0
29 36 0 0
33 36 0 0
35 36 0 0
1 37 0 0
29 37 0 0
31 37 0 0
33 37 0 0
35 37 0 0
36 37 0 0
2 38 0 0
29 38 0 0
35 38 0 0
2 39 0 0
29 39 0 0
31 39 0 0
35 39 0 0
36 39 0 0
37 39 0 0
38 39 0 0
40 41 0 0
35 42 0 0
39 42 0 0
35 43 0 0
36 43 0 0
37 43 0 0
40 43 0 0
42 43 0 0
36 44 0 0
40 44 0 0
41 44 0 0
43 44 0 0
35 45 0 0
36 45 0 0
40 45 0 0
43 45 0 0
44 45 0 0
40 46 0 0
41 46 0 0
44 46 0 0
45 46 0 0
42 47 0 0
43 47 0 0
45 47 0 0
36 48 0 0
40 48 0 0
43 48 0 0
44 48 0 0
45 48 0 0
46 48 0 0
47 48 0 0
35 49 0 0
36 49 0 0
42 49 0 0
43 49 0 0
44 49 0 0
45 49 0 0
47 49 0 0
48 49 0 0
40 50 0 0
41 50 0 0
43 50 0 0
44 50 0 0
45 50 0 0
46 50 0 0
48 50 0 0
49 50 0 0
40 51 0 0
41 51 0 0
43 51 0 0
44 51 0 0
45 51 0 0
46 51 0 0
48 51 0 0
49 51 0 0
50 51 0 0
42 53 0 0
47 53 0 0
41 54 0 0
46 54 0 0
50 54 0 0
51 54 0 0
43 55 0 0
44 55 0 0
45 55 0 0
47 55 0 0
48 55 0 0
49 55 0 0
50 55 0 0
51 55 0 0
46 56 0 0
50 56 0 0
51 56 0 0
54 56 0 0
47 57 0 0
48 57 0 0
49 57 0 0
53 57 0 0
55 57 0 0
40 58 0 0
41 58 0 0
44 58 0 0
46 58 0 0
50 58 0 0
51 58 0 0
54 58 0 0
56 58 0 0
42 59 0 0
43 59 0 0
44 59 0 0
45 59 0 0
47 59 0 0
48 59 0 0
49 59 0 0
53 59 0 0
55 59 0 0
57 59 0 0
40 60 0 0
41 60 0 0
44 60 0 0
45 60 0 0
46 60 0 0
48 60 0 0
50 60 0 0
51 60 0 0
54 60 0 0
55 60 0 0
56 60 0 0
58 60 0 0
42 61 0 0
43 61 0 0
45 61 0 0
47 61 0 0
48 61 0 0
49 61 0 0
53 61 0 0
55 61 0 0
57 61 0 0
59 61 0 0
40 62 0 0
43 62 0 0
44 62 0 0
45 62 0 0
46 62 0 0
48 62 0 0
49 62 0 0
50 62 0 0
51 62 0 0
54 62 0 0
55 62 0 0
56 62 0 0
57 62 0 0
58 62 0 0
59 62 0 0
60 62 0 0
43 63 0 0
44 63 0 0
45 63 0 0
46 63 0 0
48 63 0 0
49 63 0 0
50 63 0 0
51 63 0 0
54 63 0 0
55 63 0 0
56 63 0 0
57 63 0 0
58 63 0 0
59 63 0 0
60 63 0 0
62 63 0 0
41 64 0 0
44 64 0 0
46 64 0 0
50 64 0 0
51 64 0 0
54 64 0 0
56 64 0 0
58 64 0 0
60 64 0 0
62 64 0 0
63 64 0 0
41 65 0 0
44 65 0 0
46 65 0 0
50 65 0 0
51 65 0 0
54 65 0 0
56 65 0 0
58 65 0 0
60 65 0 0
62 65 0 0
63 65 0 0
64 65 0 0
42 66 0 0
43 66 0 0
45 66 0 0
47 66 0 0
48 66 0 0
49 66 0 0
51 66 0 0
53 66 0 0
55 66 0 0
57 66 0 0
59 66 0 0
61 66 0 0
62 66 0 0
63 66 0 0
47 67 0 0
53 67 0 0
57 67 0 0
61 67 0 0
66 67 0 0
53 68 0 0
57 68 0 0
61 68 0 0
66 68 0 0
67 68 0 0
53 69 0 0
55 69 0 0
57 69 0 0
59 69 0 0
61 69 0 0
63 69 0 0
66 69 0 0
67 69 0 0
68 69 0 0
54 70 0 0
55 70 0 0
56 70 0 0
58 70 0 0
60 70 0 0
62 70 0 0
63 70 0 0
64 70 0 0
65 70 0 0
69 70 0 0
53 71 0 0
55 71 0 0
57 71 0 0
59 71 0 0
61 71 0 0
63 71 0 0
66 71 0 0
67 71 0 0
68 71 0 0
69 71 0 0
70 71 0 0
47 72 0 0
53 72 0 0
55 72 0 0
57 72 0 0
59 72 0 0
61 72 0 0
66 72 0 0
67 72 0 0
68 72 0 0
69 72 0 0
71 72 0 0
42 73 0 0
47 73 0 0
53 73 0 0
57 73 0 0
59 73 0 0
61 73 0 0
66 73 0 0
67 73 0 0
68 73 0 0
69 73 0 0
71 73 0 0
72 73 0 0
47 74 0 0
49 74 0 0
53 74 0 0
55 74 0 0
57 74 0 0
59 74 0 0
61 74 0 0
63 74 0 0
66 74 0 0
67 74 0 0
68 74 0 0
69 74 0 0
71 74 0 0
72 74 0 0
73 74 0 0
48 75 0 0
50 75 0 0
51 75 0 0
54 75 0 0
55 75 0 0
56 75 0 0
57 75 0 0
58 75 0 0
60 75 0 0
62 75 0 0
63 75 0 0
64 75 0 0
65 75 0 0
66 75 0 0
69 75 0 0
70 75 0 0
71 75 0 0
44 76 0 0
45 76 0 0
46 76 0 0
48 76 0 0
49 76 0 0
50 76 0 0
51 76 0 0
54 76 0 0
55 76 0 0
56 76 0 0
57 76 0 0
58 76 0 0
59 76 0 0
60 76 0 0
61 76 0 0
62 76 0 0
63 76 0 0
64 76 0 0
65 76 0 0
66 76 0 0
69 76 0 0
70 76 0 0
71 76 0 0
72 76 0 0
74 76 0 0
75 76 0 0
50 77 0 0
54 77 0 0
55 77 0 0
56 77 0 0
58 77 0 0
60 77 0 0
62 77 0 0
63 77 0 0
64 77 0 0
65 77 0 0
70 77 0 0
75 77 0 0
76 77 0 0
50 78 0 0
51 78 0 0
54 78 0 0
55 78 0 0
56 78 0 0
58 78 0 0
60 78 0 0
62 78 0 0
63 78 0 0
64 78 0 0
65 78 0 0
70 78 0 0
71 78 0 0
75 78 0 0
76 78 0 0
77 78 0 0
50 79 0 0
51 79 0 0
54 79 0 0
55 79 0 0
56 79 0 0
57 79 0 0
58 79 0 0
59 79 0 0
60 79 0 0
62 79 0 0
63 79 0 0
65 79 0 0
66 79 0 0
69 79 0 0
70 79 0 0
71 79 0 0
74 79 0 0
75 79 0 0
76 79 0 0
77 79 0 0
78 79 0 0
47 80 0 0
53 80 0 0
57 80 0 0
59 80 0 0
61 80 0 0
66 80 0 0
67 80 0 0
68 80 0 0
69 80 0 0
71 80 0 0
72 80 0 0
73 80 0 0
74 80 0 0
48 81 0 0
49 81 0 0
51 81 0 0
53 81 0 0
54 81 0 0
55 81 0 0
56 81 0 0
57 81 0 0
58 81 0 0
59 81 0 0
60 81 0 0
61 81 0 0
62 81 0 0
63 81 0 0
64 81 0 0
65 81 0 0
66 81 0 0
68 81 0 0
69 81 0 0
70 81 0 0
71 81 0 0
72 81 0 0
74 81 0 0
75 81 0 0
76 81 0 0
77 81 0 0
78 81 0 0
79 81 0 0
80 81 0 0
47 82 0 0
53 82 0 0
55 82 0 0
57 82 0 0
59 82 0 0
61 82 0 0
62 82 0 0
63 82 0 0
66 82 0 0
67 82 0 0
68 82 0 0
69 82 0 0
71 82 0 0
72 82 0 0
73 82 0 0
74 82 0 0
75 82 0 0
76 82 0 0
79 82 0 0
80 82 0 0
81 82 0 0
1 83 0 0
2 83 0 0
8 83 0 0
10 83 0 0
17 83 0 0
19 83 0 0
20 83 0 0
22 83 0 0
25 83 0 0
26 83 0 0
27 83 0 0
29 83 0 0
31 83 0 0
33 83 0 0
1 84 0 0
12 84 0 0
15 84 0 0
16 84 0 0
17 84 0 0
20 84 0 0
24 84 0 0
26 84 0 0
30 84 0 0
33 84 0 0
1 85 0 0
2 85 0 0
10 85 0 0
17 85 0 0
19 85 0 0
20 85 0 0
25 85 0 0
26 85 0 0
27 85 0 0
29 85 0 0
31 85 0 0
33 85 0 0
83 85 0 0
84 85 0 0
1 86 0 0
2 86 0 0
10 86 0 0
17 86 0 0
19 86 0 0
20 86 0 0
22 86 0 0
25 86 0 0
26 86 0 0
27 86 0 0
29 86 0 0
31 86 0 0
33 86 0 0
83 86 0 0
85 86 0 0
1 87 0 0
3 87 0 0
4 87 0 0
12 87 0 0
15 87 0 0
16 87 0 0
20 87 0 0
21 87 0 0
24 87 0 0
26 87 0 0
28 87 0 0
30 87 0 0
84 87 0 0
1 88 0 0
12 88 0 0
15 88 0 0
16 88 0 0
21 88 0 0
24 88 0 0
26 88 0 0
28 88 0 0
30 88 0 0
84 88 0 0
87 88 0 0
1 89 0 0
2 89 0 0
10 89 0 0
17 89 0 0
19 89 0 0
20 89 0 0
22 89 0 0
25 89 0 0
26 89 0 0
27 89 0 0
29 89 0 0
31 89 0 0
33 89 0 0
37 89 0 0
83 89 0 0
85 89 0 0
86 89 0 0
1 90 0 0
2 90 0 0
10 90 0 0
17 90 0 0
19 90 0 0
20 90 0 0
22 90 0 0
25 90 0 0
26 90 0 0
27 90 0 0
29 90 0 0
31 90 0 0
33 90 0 0
37 90 0 0
83 90 0 0
85 90 0 0
86 90 0 0
89 90 0 0
52 91 0 1
34 92 0 1
41 92 0 1
46 92 0 1
50 92 0 1
51 92 0 1
52 92 0 1
54 92 0 1
56 92 0 1
58 92 0 1
60 92 0 1
64 92 0 1
65 92 0 1
77 92 0 1
3 93 0 1
5 93 0 1
6 93 0 1
7 93 0 1
9 93 0 1
11 93 0 1
13 93 0 1
14 93 0 1
18 93 0 1
21 93 0 1
23 93 0 1
28 93 0 1
3 94 0 1
5 94 0 1
6 94 0 1
7 94 0 1
9 94 0 1
11 94 0 1
13 94 0 1
14 94 0 1
15 94 0 1
16 94 0 1
18 94 0 1
21 94 0 1
23 94 0 1
24 94 0 1
28 94 0 1
5 95 0 1
6 95 0 1
7 95 0 1
9 95 0 1
11 95 0 1
13 95 0 1
14 95 0 1
18 95 0 1
23 95 0 1
1 96 0 1
5 96 0 1
6 96 0 1
9 96 0 1
12 96 0 1
15 96 0 1
16 96 0 1
18 96 0 1
21 96 0 1
23 96 0 1
24 96 0 1
28 96 0 1
30 96 0 1
32 96 0 1
84 96 0 1
87 96 0 1
88 96 0 1
13 97 0 1
18 97 0 1
5 98 0 1
13 98 0 1
14 98 0 1
18 98 0 1
23 98 0 1
5 99 0 1
6 99 0 1
7 99 0 1
9 99 0 1
11 99 0 1
13 99 0 1
14 99 0 1
18 99 0 1
23 99 0 1
1 100 0 1
3 100 0 1
5 100 0 1
6 100 0 1
9 100 0 1
12 100 0 1
14 100 0 1
15 100 0 1
16 100 0 1
18 100 0 1
21 100 0 1
23 100 0 1
24 100 0 1
28 100 0 1
32 100 0 1
87 100 0 1
88 100 0 1
1 101 0 1
15 101 0 1
16 101 0 1
21 101 0 1
24 101 0 1
28 101 0 1
30 101 0 1
32 101 0 1
84 101 0 1
87 101 0 1
88 101 0 1
1 102 0 1
2 102 0 1
17 102 0 1
19 102 0 1
27 102 0 1
29 102 0 1
31 102 0 1
33 102 0 1
35 102 0 1
36 102 0 1
37 102 0 1
38 102 0 1
39 102 0 1
83 102 0 1
85 102 0 1
86 102 0 1
89 102 0 1
90 102 0 1
1 103 0 1
15 103 0 1
16 103 0 1
30 103 0 1
32 103 0 1
33 103 0 1
84 103 0 1
87 103 0 1
88 103 0 1
1 104 0 1
15 104 0 1
16 104 0 1
21 104 0 1
24 104 0 1
28 104 0 1
30 104 0 1
32 104 0 1
84 104 0 1
87 104 0 1
88 104 0 1
23 105 0 1
32 105 0 1
34 105 0 1
3 106 0 1
5 106 0 1
6 106 0 1
7 106 0 1
9 106 0 1
11 106 0 1
12 106 0 1
13 106 0 1
14 106 0 1
15 106 0 1
16 106 0 1
18 106 0 1
21 106 0 1
23 106 0 1
24 106 0 1
28 106 0 1
32 106 0 1
88 106 0 1
1 107 0 1
5 107 0 1
6 107 0 1
9 107 0 1
15 107 0 1
16 107 0 1
18 107 0 1
21 107 0 1
23 107 0 1
24 107 0 1
28 107 0 1
30 107 0 1
32 107 0 1
87 107 0 1
88 107 0 1
1 108 0 1
6 108 0 1
15 108 0 1
16 108 0 1
21 108 0 1
23 108 0 1
24 108 0 1
28 108 0 1
30 108 0 1
32 108 0 1
84 108 0 1
87 108 0 1
88 108 0 1
15 109 0 1
16 109 0 1
21 109 0 1
23 109 0 1
24 109 0 1
28 109 0 1
30 109 0 1
32 109 0 1
87 109 0 1
88 109 0 1
34 110 0 1
1 111 0 1
2 111 0 1
29 111 0 1
31 111 0 1
33 111 0 1
35 111 0 1
36 111 0 1
37 111 0 1
38 111 0 1
39 111 0 1
43 111 0 1
86 111 0 1
89 111 0 1
90 111 0 1
30 112 0 1
32 112 0 1
40 112 0 1
1 113 0 1
30 113 0 1
32 113 0 1
33 113 0 1
37 113 0 1
40 113 0 1
41 113 0 1
44 113 0 1
87 113 0 1
88 113 0 1
1 114 0 1
2 114 0 1
29 114 0 1
31 114 0 1
33 114 0 1
35 114 0 1
36 114 0 1
37 114 0 1
38 114 0 1
39 114 0 1
43 114 0 1
86 114 0 1
89 114 0 1
90 114 0 1
32 115 0 1
41 115 0 1
1 116 0 1
2 116 0 1
17 116 0 1
29 116 0 1
31 116 0 1
33 116 0 1
35 116 0 1
36 116 0 1
37 116 0 1
38 116 0 1
39 116 0 1
83 116 0 1
85 116 0 1
86 116 0 1
89 116 0 1
90 116 0 1
15 117 0 1
16 117 0 1
28 117 0 1
32 117 0 1
15 118 0 1
16 118 0 1
30 118 0 1
32 118 0 1
88 118 0 1
1 119 0 1
2 119 0 1
29 119 0 1
31 119 0 1
33 119 0 1
35 119 0 1
36 119 0 1
37 119 0 1
38 119 0 1
39 119 0 1
83 119 0 1
85 119 0 1
86 119 0 1
89 119 0 1
90 119 0 1
34 120 0 1
32 121 0 1
34 121 0 1
32 122 0 1
34 122 0 1
1 123 0 1
30 123 0 1
31 123 0 1
33 123 0 1
35 123 0 1
36 123 0 1
37 123 0 1
40 123 0 1
43 123 0 1
44 123 0 1
84 123 0 1
87 123 0 1
88 123 0 1
90 123 0 1
1 124 0 1
2 124 0 1
17 124 0 1
29 124 0 1
31 124 0 1
33 124 0 1
35 124 0 1
36 124 0 1
37 124 0 1
39 124 0 1
83 124 0 1
85 124 0 1
86 124 0 1
89 124 0 1
90 124 0 1
34 125 0 1
34 126 0 1
35 127 0 1
36 127 0 1
37 127 0 1
39 127 0 1
42 127 0 1
43 127 0 1
45 127 0 1
47 127 0 1
48 127 0 1
49 127 0 1
59 127 0 1
61 127 0 1
66 127 0 1
35 128 0 1
36 128 0 1
37 128 0 1
40 128 0 1
43 128 0 1
44 128 0 1
45 128 0 1
46 128 0 1
48 128 0 1
49 128 0 1
50 128 0 1
51 128 0 1
59 128 0 1
60 128 0 1
62 128 0 1
63 128 0 1
34 129 0 1
32 130 0 1
41 130 0 1
35 131 0 1
36 131 0 1
39 131 0 1
42 131 0 1
43 131 0 1
45 131 0 1
47 131 0 1
48 131 0 1
49 131 0 1
59 131 0 1
61 131 0 1
66 131 0 1
40 132 0 1
41 132 0 1
44 132 0 1
46 132 0 1
50 132 0 1
51 132 0 1
54 132 0 1
56 132 0 1
58 132 0 1
60 132 0 1
64 132 0 1
65 132 0 1
34 133 0 1
1 134 0 1
33 134 0 1
35 134 0 1
36 134 0 1
37 134 0 1
40 134 0 1
41 134 0 1
43 134 0 1
44 134 0 1
45 134 0 1
46 134 0 1
48 134 0 1
49 134 0 1
50 134 0 1
51 134 0 1
1 135 0 1
33 135 0 1
35 135 0 1
36 135 0 1
37 135 0 1
40 135 0 1
43 135 0 1
44 135 0 1
45 135 0 1
48 135 0 1
49 135 0 1
51 135 0 1
32 136 0 1
40 136 0 1
41 136 0 1
44 136 0 1
45 136 0 1
46 136 0 1
50 136 0 1
51 136 0 1
32 137 0 1
40 137 0 1
41 137 0 1
44 137 0 1
46 137 0 1
50 137 0 1
32 138 0 1
40 138 0 1
41 138 0 1
46 138 0 1
2 139 0 1
35 139 0 1
36 139 0 1
37 139 0 1
38 139 0 1
39 139 0 1
42 139 0 1
43 139 0 1
45 139 0 1
47 139 0 1
49 139 0 1
59 139 0 1
61 139 0 1
32 140 0 1
34 140 0 1
41 140 0 1
32 141 0 1
40 141 0 1
41 141 0 1
44 141 0 1
46 141 0 1
50 141 0 1
32 142 0 1
40 142 0 1
41 142 0 1
46 142 0 1
50 142 0 1
32 143 0 1
34 143 0 1
32 144 0 1
40 144 0 1
41 144 0 1
32 145 0 1
40 145 0 1
41 145 0 1
32 146 0 1
40 146 0 1
41 146 0 1
46 146 0 1
1 147 0 1
30 147 0 1
33 147 0 1
35 147 0 1
36 147 0 1
37 147 0 1
40 147 0 1
43 147 0 1
44 147 0 1
45 147 0 1
32 148 0 1
40 148 0 1
41 148 0 1
32 149 0 1
34 149 0 1
1 150 0 1
15 150 0 1
16 150 0 1
21 150 0 1
24 150 0 1
28 150 0 1
30 150 0 1
32 150 0 1
33 150 0 1
40 150 0 1
41 150 0 1
44 150 0 1
84 150 0 1
87 150 0 1
88 150 0 1
32 151 0 1
1 152 0 1
33 152 0 1
35 152 0 1
36 152 0 1
37 152 0 1
40 152 0 1
43 152 0 1
44 152 0 1
45 152 0 1
48 152 0 1
1 153 0 1
2 153 0 1
29 153 0 1
33 153 0 1
35 153 0 1
36 153 0 1
37 153 0 1
38 153 0 1
39 153 0 1
42 153 0 1
43 153 0 1
32 154 0 1
34 154 0 1
32 155 0 1
41 155 0 1
42 156 0 1
47 156 0 1
53 156 0 1
57 156 0 1
59 156 0 1
61 156 0 1
66 156 0 1
67 156 0 1
72 156 0 1
73 156 0 1
74 156 0 1
80 156 0 1
52 157 0 1
52 158 0 1
47 159 0 1
48 159 0 1
49 159 0 1
53 159 0 1
55 159 0 1
57 159 0 1
59 159 0 1
61 159 0 1
62 159 0 1
63 159 0 1
66 159 0 1
67 159 0 1
68 159 0 1
69 159 0 1
71 159 0 1
72 159 0 1
73 159 0 1
74 159 0 1
75 159 0 1
76 159 0 1
79 159 0 1
80 159 0 1
81 159 0 1
82 159 0 1
50 160 0 1
51 160 0 1
54 160 0 1
56 160 0 1
58 160 0 1
60 160 0 1
62 160 0 1
63 160 0 1
64 160 0 1
65 160 0 1
70 160 0 1
75 160 0 1
76 160 0 1
77 160 0 1
78 160 0 1
79 160 0 1
81 160 0 1
41 161 0 1
46 161 0 1
50 161 0 1
51 161 0 1
52 161 0 1
54 161 0 1
56 161 0 1
58 161 0 1
60 161 0 1
64 161 0 1
65 161 0 1
70 161 0 1
77 161 0 1
78 161 0 1
52 162 0 1
54 163 0 1
56 163 0 1
58 163 0 1
60 163 0 1
64 163 0 1
65 163 0 1
70 163 0 1
75 163 0 1
77 163 0 1
78 163 0 1
81 163 0 1
52 164 0 1
54 164 0 1
64 164 0 1
52 165 0 1
54 165 0 1
56 165 0 1
58 165 0 1
64 165 0 1
65 165 0 1
77 165 0 1
50 166 0 1
51 166 0 1
54 166 0 1
56 166 0 1
58 166 0 1
60 166 0 1
64 166 0 1
65 166 0 1
70 166 0 1
75 166 0 1
76 166 0 1
77 166 0 1
78 166 0 1
79 166 0 1
81 166 0 1
52 167 0 1
64 167 0 1
54 168 0 1
56 168 0 1
58 168 0 1
60 168 0 1
64 168 0 1
65 168 0 1
70 168 0 1
75 168 0 1
76 168 0 1
77 168 0 1
78 168 0 1
79 168 0 1
81 168 0 1
52 169 0 1
54 169 0 1
56 169 0 1
58 169 0 1
60 169 0 1
64 169 0 1
65 169 0 1
70 169 0 1
77 169 0 1
78 169 0 1
81 169 0 1
52 170 0 1
52 171 0 1
54 171 0 1
56 171 0 1
64 171 0 1
40 172 0 1
41 172 0 1
44 172 0 1
45 172 0 1
46 172 0 1
48 172 0 1
50 172 0 1
51 172 0 1
54 172 0 1
56 172 0 1
58 172 0 1
60 172 0 1
62 172 0 1
63 172 0 1
64 172 0 1
65 172 0 1
75 172 0 1
76 172 0 1
77 172 0 1
78 172 0 1
79 172 0 1
81 172 0 1
52 173 0 1
40 174 0 1
41 174 0 1
44 174 0 1
46 174 0 1
50 174 0 1
51 174 0 1
54 174 0 1
56 174 0 1
58 174 0 1
60 174 0 1
64 174 0 1
65 174 0 1
35 175 0 1
36 175 0 1
42 175 0 1
43 175 0 1
45 175 0 1
47 175 0 1
48 175 0 1
49 175 0 1
53 175 0 1
55 175 0 1
57 175 0 1
59 175 0 1
61 175 0 1
66 175 0 1
