1 2 0 0
3 5 0 0
1 6 0 0
1 7 0 0
6 7 0 0
5 8 0 0
2 9 0 0
5 9 0 0
8 9 0 0
4 10 0 0
5 10 0 0
8 10 0 0
4 11 0 0
5 11 0 0
10 11 0 0
3 12 0 0
4 12 0 0
5 12 0 0
8 12 0 0
9 12 0 0
10 12 0 0
11 12 0 0
4 13 0 0
10 13 0 0
11 13 0 0
12 13 0 0
4 14 0 0
8 14 0 0
10 14 0 0
11 14 0 0
12 14 0 0
13 14 0 0
3 15 0 0
4 15 0 0
5 15 0 0
8 15 0 0
9 15 0 0
10 15 0 0
11 15 0 0
12 15 0 0
13 15 0 0
14 15 0 0
1 16 0 0
2 16 0 0
2 17 0 0
5 17 0 0
8 17 0 0
9 17 0 0
4 18 0 0
8 18 0 0
10 18 0 0
11 18 0 0
12 18 0 0
13 18 0 0
14 18 0 0
15 18 0 0
1 19 0 0
2 19 0 0
16 19 0 0
2 20 0 0
8 20 0 0
9 20 0 0
17 20 0 0
1 21 0 0
2 21 0 0
9 21 0 0
16 21 0 0
17 21 0 0
19 21 0 0
20 21 0 0
1 22 0 0
2 22 0 0
16 22 0 0
17 22 0 0
19 22 0 0
21 22 0 0
1 23 0 0
2 23 0 0
8 23 0 0
9 23 0 0
16 23 0 0
17 23 0 0
19 23 0 0
20 23 0 0
21 23 0 0
22 23 0 0
2 24 0 0
8 24 0 0
9 24 0 0
17 24 0 0
20 24 0 0
21 24 0 0
22 24 0 0
23 24 0 0
1 25 0 0
2 25 0 0
16 25 0 0
19 25 0 0
21 25 0 0
22 25 0 0
23 25 0 0
24 25 0 0
18 26 0 0
1 27 0 0
2 27 0 0
19 27 0 0
21 27 0 0
25 27 0 0
2 28 0 0
20 28 0 0
21 28 0 0
23 28 0 0
24 28 0 0
2 29 0 0
20 29 0 0
28 29 0 0
1 30 0 0
2 30 0 0
19 30 0 0
21 30 0 0
27 30 0 0
2 31 0 0
28 31 0 0
29 31 0 0
1 32 0 0
2 32 0 0
27 32 0 0
30 32 0 0
1 33 0 0
27 33 0 0
30 33 0 0
32 33 0 0
1 34 0 0
2 34 0 0
27 34 0 0
28 34 0 0
29 34 0 0
30 34 0 0
31 34 0 0
2 35 0 0
28 35 0 0
29 35 0 0
30 35 0 0
31 35 0 0
34 35 0 0
29 36 0 0
31 36 0 0
1 37 0 0
30 37 0 0
32 37 0 0
33 37 0 0
2 38 0 0
30 38 0 0
32 38 0 0
33 38 0 0
34 38 0 0
35 38 0 0
37 38 0 0
1 39 0 0
27 39 0 0
32 39 0 0
33 39 0 0
37 39 0 0
38 39 0 0
1 40 0 0
2 40 0 0
27 40 0 0
30 40 0 0
32 40 0 0
33 40 0 0
34 40 0 0
35 40 0 0
37 40 0 0
38 40 0 0
39 40 0 0
1 41 0 0
2 41 0 0
27 41 0 0
28 41 0 0
30 41 0 0
31 41 0 0
32 41 0 0
34 41 0 0
35 41 0 0
37 41 0 0
38 41 0 0
40 41 0 0
2 42 0 0
28 42 0 0
29 42 0 0
30 42 0 0
31 42 0 0
34 42 0 0
35 42 0 0
36 42 0 0
41 42 0 0
1 43 0 0
2 43 0 0
27 43 0 0
30 43 0 0
32 43 0 0
33 43 0 0
34 43 0 0
35 43 0 0
37 43 0 0
38 43 0 0
39 43 0 0
40 43 0 0
41 43 0 0
42 43 0 0
2 44 0 0
28 44 0 0
29 44 0 0
31 44 0 0
34 44 0 0
35 44 0 0
36 44 0 0
41 44 0 0
42 44 0 0
2 45 0 0
28 45 0 0
29 45 0 0
31 45 0 0
34 45 0 0
35 45 0 0
36 45 0 0
41 45 0 0
42 45 0 0
44 45 0 0
2 46 0 0
28 46 0 0
29 46 0 0
30 46 0 0
31 46 0 0
34 46 0 0
35 46 0 0
36 46 0 0
37 46 0 0
38 46 0 0
40 46 0 0
41 46 0 0
42 46 0 0
43 46 0 0
44 46 0 0
45 46 0 0
36 47 0 0
45 47 0 0
46 47 0 0
46 49 0 0
47 49 0 0
36 50 0 0
47 50 0 0
49 50 0 0
46 51 0 0
47 51 0 0
49 51 0 0
50 51 0 0
36 52 0 0
42 52 0 0
44 52 0 0
45 52 0 0
46 52 0 0
47 52 0 0
49 52 0 0
50 52 0 0
51 52 0 0
35 53 0 0
37 53 0 0
38 53 0 0
40 53 0 0
41 53 0 0
42 53 0 0
43 53 0 0
46 53 0 0
49 53 0 0
51 53 0 0
52 53 0 0
36 54 0 0
44 54 0 0
45 54 0 0
46 54 0 0
47 54 0 0
49 54 0 0
50 54 0 0
51 54 0 0
52 54 0 0
36 55 0 0
42 55 0 0
44 55 0 0
45 55 0 0
46 55 0 0
47 55 0 0
49 55 0 0
50 55 0 0
51 55 0 0
52 55 0 0
53 55 0 0
54 55 0 0
36 56 0 0
42 56 0 0
44 56 0 0
45 56 0 0
46 56 0 0
47 56 0 0
49 56 0 0
50 56 0 0
51 56 0 0
52 56 0 0
54 56 0 0
55 56 0 0
2 57 0 0
30 57 0 0
31 57 0 0
32 57 0 0
34 57 0 0
35 57 0 0
37 57 0 0
38 57 0 0
40 57 0 0
41 57 0 0
42 57 0 0
43 57 0 0
44 57 0 0
45 57 0 0
46 57 0 0
49 57 0 0
52 57 0 0
53 57 0 0
55 57 0 0
29 58 0 0
35 58 0 0
36 58 0 0
42 58 0 0
44 58 0 0
45 58 0 0
46 58 0 0
47 58 0 0
49 58 0 0
50 58 0 0
51 58 0 0
52 58 0 0
54 58 0 0
55 58 0 0
56 58 0 0
57 58 0 0
34 59 0 0
35 59 0 0
37 59 0 0
38 59 0 0
40 59 0 0
41 59 0 0
42 59 0 0
43 59 0 0
44 59 0 0
45 59 0 0
46 59 0 0
47 59 0 0
49 59 0 0
51 59 0 0
52 59 0 0
53 59 0 0
54 59 0 0
55 59 0 0
56 59 0 0
57 59 0 0
58 59 0 0
35 60 0 0
36 60 0 0
41 60 0 0
42 60 0 0
44 60 0 0
45 60 0 0
46 60 0 0
47 60 0 0
49 60 0 0
50 60 0 0
51 60 0 0
52 60 0 0
53 60 0 0
54 60 0 0
55 60 0 0
56 60 0 0
57 60 0 0
58 60 0 0
59 60 0 0
2 61 0 0
20 61 0 0
26 61 0 0
28 61 0 0
29 61 0 0
31 61 0 0
35 61 0 0
36 61 0 0
42 61 0 0
44 61 0 0
45 61 0 0
46 61 0 0
2 62 0 0
20 62 0 0
21 62 0 0
24 62 0 0
28 62 0 0
29 62 0 0
31 62 0 0
34 62 0 0
35 62 0 0
36 62 0 0
41 62 0 0
42 62 0 0
44 62 0 0
45 62 0 0
46 62 0 0
61 62 0 0
2 63 0 0
20 63 0 0
24 63 0 0
26 63 0 0
28 63 0 0
29 63 0 0
31 63 0 0
36 63 0 0
42 63 0 0
44 63 0 0
45 63 0 0
61 63 0 0
62 63 0 0
2 64 0 0
20 64 0 0
28 64 0 0
29 64 0 0
31 64 0 0
34 64 0 0
35 64 0 0
36 64 0 0
41 64 0 0
42 64 0 0
44 64 0 0
45 64 0 0
46 64 0 0
61 64 0 0
62 64 0 0
63 64 0 0
2 65 0 0
20 65 0 0
21 65 0 0
28 65 0 0
29 65 0 0
30 65 0 0
31 65 0 0
34 65 0 0
35 65 0 0
36 65 0 0
41 65 0 0
42 65 0 0
44 65 0 0
45 65 0 0
46 65 0 0
57 65 0 0
61 65 0 0
62 65 0 0
63 65 0 0
64 65 0 0
2 66 0 0
17 66 0 0
20 66 0 0
21 66 0 0
23 66 0 0
24 66 0 0
28 66 0 0
29 66 0 0
31 66 0 0
44 66 0 0
61 66 0 0
62 66 0 0
63 66 0 0
64 66 0 0
65 66 0 0
1 67 0 1
3 67 0 1
5 67 0 1
6 67 0 1
7 67 0 1
9 67 0 1
12 67 0 1
16 67 0 1
17 67 0 1
22 67 0 1
23 67 0 1
8 68 0 1
13 68 0 1
14 68 0 1
18 68 0 1
26 68 0 1
63 68 0 1
1 69 0 1
30 69 0 1
32 69 0 1
33 69 0 1
37 69 0 1
38 69 0 1
39 69 0 1
40 69 0 1
41 69 0 1
43 69 0 1
46 69 0 1
49 69 0 1
53 69 0 1
57 69 0 1
59 69 0 1
26 70 0 1
29 70 0 1
31 70 0 1
36 70 0 1
44 70 0 1
45 70 0 1
48 70 0 1
50 70 0 1
54 70 0 1
56 70 0 1
58 70 0 1
61 70 0 1
63 70 0 1
64 70 0 1
1 71 0 1
6 71 0 1
7 71 0 1
4 72 0 1
5 72 0 1
10 72 0 1
11 72 0 1
12 72 0 1
13 72 0 1
14 72 0 1
15 72 0 1
1 73 0 1
6 73 0 1
7 73 0 1
1 74 0 1
6 74 0 1
7 74 0 1
4 75 0 1
10 75 0 1
11 75 0 1
12 75 0 1
13 75 0 1
14 75 0 1
18 75 0 1
4 76 0 1
10 76 0 1
11 76 0 1
12 76 0 1
13 76 0 1
14 76 0 1
18 76 0 1
1 77 0 1
2 77 0 1
9 77 0 1
16 77 0 1
17 77 0 1
19 77 0 1
21 77 0 1
22 77 0 1
23 77 0 1
24 77 0 1
25 77 0 1
4 78 0 1
5 78 0 1
8 78 0 1
10 78 0 1
11 78 0 1
12 78 0 1
13 78 0 1
14 78 0 1
15 78 0 1
18 78 0 1
4 79 0 1
10 79 0 1
11 79 0 1
12 79 0 1
13 79 0 1
14 79 0 1
15 79 0 1
18 79 0 1
4 80 0 1
8 80 0 1
10 80 0 1
11 80 0 1
12 80 0 1
13 80 0 1
14 80 0 1
15 80 0 1
18 80 0 1
4 81 0 1
10 81 0 1
11 81 0 1
13 81 0 1
14 81 0 1
18 81 0 1
4 82 0 1
10 82 0 1
11 82 0 1
13 82 0 1
14 82 0 1
15 82 0 1
18 82 0 1
5 83 0 1
8 83 0 1
9 83 0 1
10 83 0 1
11 83 0 1
12 83 0 1
13 83 0 1
14 83 0 1
15 83 0 1
17 83 0 1
18 83 0 1
20 83 0 1
24 83 0 1
26 83 0 1
66 83 0 1
4 84 0 1
8 84 0 1
10 84 0 1
11 84 0 1
12 84 0 1
13 84 0 1
14 84 0 1
15 84 0 1
18 84 0 1
26 84 0 1
4 85 0 1
8 85 0 1
10 85 0 1
11 85 0 1
12 85 0 1
13 85 0 1
14 85 0 1
15 85 0 1
18 85 0 1
26 85 0 1
4 86 0 1
10 86 0 1
11 86 0 1
13 86 0 1
14 86 0 1
18 86 0 1
3 87 0 1
5 87 0 1
8 87 0 1
9 87 0 1
12 87 0 1
17 87 0 1
23 87 0 1
3 88 0 1
5 88 0 1
8 88 0 1
9 88 0 1
12 88 0 1
15 88 0 1
17 88 0 1
23 88 0 1
24 88 0 1
1 89 0 1
16 89 0 1
17 89 0 1
21 89 0 1
22 89 0 1
23 89 0 1
1 90 0 1
9 90 0 1
16 90 0 1
17 90 0 1
21 90 0 1
22 90 0 1
23 90 0 1
1 91 0 1
9 91 0 1
16 91 0 1
17 91 0 1
22 91 0 1
23 91 0 1
1 92 0 1
2 92 0 1
3 92 0 1
5 92 0 1
9 92 0 1
16 92 0 1
17 92 0 1
21 92 0 1
22 92 0 1
23 92 0 1
24 92 0 1
3 93 0 1
5 93 0 1
9 93 0 1
12 93 0 1
17 93 0 1
23 93 0 1
8 94 0 1
15 94 0 1
18 94 0 1
20 94 0 1
24 94 0 1
26 94 0 1
63 94 0 1
66 94 0 1
1 95 0 1
2 95 0 1
20 95 0 1
21 95 0 1
28 95 0 1
29 95 0 1
30 95 0 1
31 95 0 1
34 95 0 1
35 95 0 1
41 95 0 1
42 95 0 1
44 95 0 1
45 95 0 1
46 95 0 1
57 95 0 1
61 95 0 1
62 95 0 1
63 95 0 1
64 95 0 1
65 95 0 1
66 95 0 1
26 96 0 1
63 96 0 1
26 97 0 1
18 98 0 1
20 98 0 1
26 98 0 1
61 98 0 1
63 98 0 1
66 98 0 1
18 99 0 1
26 99 0 1
18 100 0 1
26 100 0 1
63 100 0 1
26 101 0 1
61 101 0 1
63 101 0 1
8 102 0 1
18 102 0 1
26 102 0 1
63 102 0 1
18 103 0 1
26 103 0 1
63 103 0 1
8 104 0 1
10 104 0 1
12 104 0 1
14 104 0 1
15 104 0 1
18 104 0 1
26 104 0 1
63 104 0 1
4 105 0 1
10 105 0 1
11 105 0 1
13 105 0 1
14 105 0 1
18 105 0 1
26 105 0 1
18 106 0 1
36 107 0 1
56 107 0 1
61 107 0 1
63 107 0 1
29 108 0 1
36 108 0 1
44 108 0 1
45 108 0 1
47 108 0 1
50 108 0 1
52 108 0 1
54 108 0 1
56 108 0 1
58 108 0 1
60 108 0 1
61 108 0 1
63 108 0 1
48 109 0 1
50 109 0 1
56 109 0 1
48 110 0 1
48 111 0 1
48 112 0 1
48 113 0 1
50 113 0 1
56 113 0 1
48 114 0 1
50 114 0 1
54 114 0 1
56 114 0 1
36 115 0 1
47 115 0 1
48 115 0 1
50 115 0 1
51 115 0 1
52 115 0 1
54 115 0 1
55 115 0 1
56 115 0 1
58 115 0 1
60 115 0 1
37 116 0 1
38 116 0 1
40 116 0 1
41 116 0 1
43 116 0 1
46 116 0 1
53 116 0 1
57 116 0 1
59 116 0 1
48 117 0 1
50 117 0 1
56 117 0 1
46 118 0 1
47 118 0 1
49 118 0 1
50 118 0 1
51 118 0 1
52 118 0 1
53 118 0 1
54 118 0 1
55 118 0 1
56 118 0 1
57 118 0 1
58 118 0 1
59 118 0 1
60 118 0 1
2 119 0 1
29 119 0 1
31 119 0 1
34 119 0 1
35 119 0 1
36 119 0 1
41 119 0 1
42 119 0 1
44 119 0 1
45 119 0 1
46 119 0 1
47 119 0 1
49 119 0 1
51 119 0 1
52 119 0 1
53 119 0 1
54 119 0 1
55 119 0 1
56 119 0 1
57 119 0 1
58 119 0 1
59 119 0 1
60 119 0 1
64 119 0 1
65 119 0 1
36 120 0 1
45 120 0 1
47 120 0 1
48 120 0 1
50 120 0 1
52 120 0 1
54 120 0 1
56 120 0 1
58 120 0 1
36 121 0 1
48 121 0 1
50 121 0 1
54 121 0 1
56 121 0 1
58 121 0 1
1 122 0 1
2 122 0 1
27 122 0 1
30 122 0 1
32 122 0 1
33 122 0 1
34 122 0 1
35 122 0 1
37 122 0 1
38 122 0 1
39 122 0 1
40 122 0 1
41 122 0 1
43 122 0 1
46 122 0 1
53 122 0 1
57 122 0 1
59 122 0 1
2 123 0 1
26 123 0 1
28 123 0 1
29 123 0 1
31 123 0 1
36 123 0 1
42 123 0 1
44 123 0 1
45 123 0 1
46 123 0 1
52 123 0 1
54 123 0 1
56 123 0 1
58 123 0 1
60 123 0 1
61 123 0 1
62 123 0 1
63 123 0 1
64 123 0 1
65 123 0 1
