1 2 0 0
1 3 0 0
2 3 0 0
1 4 0 0
2 4 0 0
3 4 0 0
2 5 0 0
4 5 0 0
1 6 0 0
2 6 0 0
3 6 0 0
4 6 0 0
5 6 0 0
1 7 0 0
2 7 0 0
3 7 0 0
4 7 0 0
5 7 0 0
6 7 0 0
8 9 0 0
1 10 0 0
2 10 0 0
3 10 0 0
4 10 0 0
5 10 0 0
6 10 0 0
7 10 0 0
1 11 0 0
2 11 0 0
3 11 0 0
4 11 0 0
5 11 0 0
6 11 0 0
7 11 0 0
10 11 0 0
1 12 0 0
2 12 0 0
3 12 0 0
4 12 0 0
6 12 0 0
7 12 0 0
10 12 0 0
11 12 0 0
5 13 0 0
6 13 0 0
8 13 0 0
9 13 0 0
1 14 0 0
2 14 0 0
3 14 0 0
4 14 0 0
5 14 0 0
6 14 0 0
7 14 0 0
10 14 0 0
11 14 0 0
12 14 0 0
1 15 0 0
2 15 0 0
3 15 0 0
4 15 0 0
5 15 0 0
6 15 0 0
7 15 0 0
10 15 0 0
11 15 0 0
12 15 0 0
13 15 0 0
14 15 0 0
2 16 0 0
4 16 0 0
5 16 0 0
6 16 0 0
7 16 0 0
10 16 0 0
11 16 0 0
13 16 0 0
14 16 0 0
15 16 0 0
1 17 0 0
2 17 0 0
3 17 0 0
4 17 0 0
6 17 0 0
7 17 0 0
10 17 0 0
11 17 0 0
12 17 0 0
14 17 0 0
15 17 0 0
16 17 0 0
1 18 0 0
2 18 0 0
3 18 0 0
4 18 0 0
6 18 0 0
7 18 0 0
10 18 0 0
11 18 0 0
12 18 0 0
14 18 0 0
15 18 0 0
17 18 0 0
2 19 0 0
5 19 0 0
6 19 0 0
7 19 0 0
8 19 0 0
9 19 0 0
13 19 0 0
14 19 0 0
15 19 0 0
16 19 0 0
1 20 0 0
2 20 0 0
3 20 0 0
4 20 0 0
7 20 0 0
10 20 0 0
11 20 0 0
12 20 0 0
14 20 0 0
17 20 0 0
18 20 0 0
2 21 0 0
4 21 0 0
5 21 0 0
6 21 0 0
7 21 0 0
10 21 0 0
11 21 0 0
13 21 0 0
14 21 0 0
15 21 0 0
16 21 0 0
19 21 0 0
1 22 0 0
2 22 0 0
3 22 0 0
4 22 0 0
5 22 0 0
6 22 0 0
7 22 0 0
10 22 0 0
11 22 0 0
12 22 0 0
14 22 0 0
15 22 0 0
16 22 0 0
17 22 0 0
18 22 0 0
20 22 0 0
21 22 0 0
1 23 0 0
2 23 0 0
3 23 0 0
4 23 0 0
5 23 0 0
6 23 0 0
7 23 0 0
10 23 0 0
11 23 0 0
12 23 0 0
13 23 0 0
14 23 0 0
15 23 0 0
16 23 0 0
17 23 0 0
18 23 0 0
19 23 0 0
21 23 0 0
22 23 0 0
1 24 0 0
2 24 0 0
3 24 0 0
4 24 0 0
5 24 0 0
6 24 0 0
7 24 0 0
10 24 0 0
11 24 0 0
12 24 0 0
14 24 0 0
15 24 0 0
16 24 0 0
17 24 0 0
18 24 0 0
20 24 0 0
21 24 0 0
22 24 0 0
23 24 0 0
5 25 0 0
6 25 0 0
8 25 0 0
9 25 0 0
13 25 0 0
15 25 0 0
16 25 0 0
19 25 0 0
21 25 0 0
23 25 0 0
1 26 0 0
2 26 0 0
3 26 0 0
4 26 0 0
5 26 0 0
6 26 0 0
7 26 0 0
10 26 0 0
11 26 0 0
12 26 0 0
14 26 0 0
15 26 0 0
16 26 0 0
17 26 0 0
18 26 0 0
20 26 0 0
21 26 0 0
22 26 0 0
23 26 0 0
24 26 0 0
8 27 0 0
9 27 0 0
1 28 0 0
5 28 0 0
6 28 0 0
7 28 0 0
10 28 0 0
11 28 0 0
13 28 0 0
14 28 0 0
15 28 0 0
16 28 0 0
19 28 0 0
21 28 0 0
22 28 0 0
23 28 0 0
25 28 0 0
26 28 0 0
1 30 0 0
10 30 0 0
11 30 0 0
12 30 0 0
15 30 0 0
18 30 0 0
26 30 0 0
28 30 0 0
1 31 0 0
10 31 0 0
11 31 0 0
12 31 0 0
14 31 0 0
15 31 0 0
26 31 0 0
28 31 0 0
30 31 0 0
15 32 0 0
28 32 0 0
30 32 0 0
31 32 0 0
1 33 0 0
10 33 0 0
11 33 0 0
12 33 0 0
17 33 0 0
18 33 0 0
30 33 0 0
31 33 0 0
9 34 0 0
27 34 0 0
1 35 0 0
2 35 0 0
4 35 0 0
5 35 0 0
6 35 0 0
7 35 0 0
10 35 0 0
11 35 0 0
12 35 0 0
14 35 0 0
15 35 0 0
16 35 0 0
17 35 0 0
18 35 0 0
20 35 0 0
21 35 0 0
22 35 0 0
23 35 0 0
24 35 0 0
26 35 0 0
28 35 0 0
30 35 0 0
31 35 0 0
32 35 0 0
33 35 0 0
8 36 0 0
9 36 0 0
27 36 0 0
34 36 0 0
1 37 0 0
10 37 0 0
11 37 0 0
12 37 0 0
17 37 0 0
18 37 0 0
20 37 0 0
26 37 0 0
30 37 0 0
31 37 0 0
33 37 0 0
35 37 0 0
8 38 0 0
9 38 0 0
27 38 0 0
34 38 0 0
36 38 0 0
1 39 0 0
2 39 0 0
4 39 0 0
5 39 0 0
6 39 0 0
7 39 0 0
10 39 0 0
11 39 0 0
12 39 0 0
13 39 0 0
14 39 0 0
15 39 0 0
16 39 0 0
17 39 0 0
19 39 0 0
21 39 0 0
22 39 0 0
23 39 0 0
24 39 0 0
25 39 0 0
26 39 0 0
28 39 0 0
30 39 0 0
31 39 0 0
32 39 0 0
35 39 0 0
5 40 0 0
6 40 0 0
8 40 0 0
9 40 0 0
13 40 0 0
15 40 0 0
16 40 0 0
19 40 0 0
21 40 0 0
23 40 0 0
25 40 0 0
28 40 0 0
32 40 0 0
38 40 0 0
39 40 0 0
5 41 0 0
8 41 0 0
9 41 0 0
13 41 0 0
15 41 0 0
16 41 0 0
19 41 0 0
21 41 0 0
25 41 0 0
27 41 0 0
28 41 0 0
32 41 0 0
34 41 0 0
36 41 0 0
38 41 0 0
39 41 0 0
40 41 0 0
1 42 0 0
2 42 0 0
4 42 0 0
5 42 0 0
6 42 0 0
7 42 0 0
10 42 0 0
11 42 0 0
12 42 0 0
14 42 0 0
15 42 0 0
16 42 0 0
17 42 0 0
18 42 0 0
21 42 0 0
22 42 0 0
23 42 0 0
24 42 0 0
26 42 0 0
28 42 0 0
30 42 0 0
31 42 0 0
32 42 0 0
33 42 0 0
35 42 0 0
37 42 0 0
39 42 0 0
40 42 0 0
1 43 0 0
30 43 0 0
31 43 0 0
33 43 0 0
35 43 0 0
37 43 0 0
1 44 0 0
28 44 0 0
30 44 0 0
31 44 0 0
32 44 0 0
35 44 0 0
42 44 0 0
1 45 0 0
28 45 0 0
30 45 0 0
31 45 0 0
32 45 0 0
33 45 0 0
35 45 0 0
37 45 0 0
42 45 0 0
43 45 0 0
44 45 0 0
29 46 0 0
34 47 0 0
36 47 0 0
46 47 0 0
27 48 0 0
34 48 0 0
36 48 0 0
38 48 0 0
46 48 0 0
47 48 0 0
1 49 0 0
30 49 0 0
31 49 0 0
33 49 0 0
35 49 0 0
37 49 0 0
43 49 0 0
45 49 0 0
1 50 0 0
28 50 0 0
30 50 0 0
31 50 0 0
32 50 0 0
35 50 0 0
44 50 0 0
45 50 0 0
1 51 0 0
28 51 0 0
30 51 0 0
31 51 0 0
32 51 0 0
33 51 0 0
35 51 0 0
37 51 0 0
42 51 0 0
43 51 0 0
44 51 0 0
45 51 0 0
49 51 0 0
50 51 0 0
34 52 0 0
36 52 0 0
38 52 0 0
47 52 0 0
48 52 0 0
1 53 0 0
30 53 0 0
31 53 0 0
33 53 0 0
35 53 0 0
37 53 0 0
43 53 0 0
45 53 0 0
49 53 0 0
51 53 0 0
1 54 0 0
31 54 0 0
32 54 0 0
44 54 0 0
45 54 0 0
50 54 0 0
51 54 0 0
1 55 0 0
30 55 0 0
31 55 0 0
32 55 0 0
33 55 0 0
35 55 0 0
37 55 0 0
43 55 0 0
44 55 0 0
45 55 0 0
49 55 0 0
50 55 0 0
51 55 0 0
53 55 0 0
54 55 0 0
1 56 0 0
28 56 0 0
31 56 0 0
32 56 0 0
35 56 0 0
40 56 0 0
41 56 0 0
42 56 0 0
44 56 0 0
45 56 0 0
50 56 0 0
51 56 0 0
54 56 0 0
55 56 0 0
1 57 0 0
10 57 0 0
11 57 0 0
12 57 0 0
14 57 0 0
15 57 0 0
26 57 0 0
28 57 0 0
30 57 0 0
31 57 0 0
32 57 0 0
33 57 0 0
35 57 0 0
37 57 0 0
39 57 0 0
40 57 0 0
42 57 0 0
43 57 0 0
44 57 0 0
45 57 0 0
49 57 0 0
50 57 0 0
51 57 0 0
53 57 0 0
54 57 0 0
55 57 0 0
56 57 0 0
9 58 0 0
27 58 0 0
34 58 0 0
36 58 0 0
38 58 0 0
47 58 0 0
48 58 0 0
52 58 0 0
1 59 0 0
10 59 0 0
11 59 0 0
12 59 0 0
15 59 0 0
26 59 0 0
28 59 0 0
30 59 0 0
31 59 0 0
32 59 0 0
33 59 0 0
35 59 0 0
37 59 0 0
39 59 0 0
42 59 0 0
43 59 0 0
44 59 0 0
45 59 0 0
49 59 0 0
50 59 0 0
51 59 0 0
53 59 0 0
54 59 0 0
55 59 0 0
56 59 0 0
57 59 0 0
1 60 0 0
11 60 0 0
12 60 0 0
18 60 0 0
30 60 0 0
31 60 0 0
33 60 0 0
35 60 0 0
37 60 0 0
42 60 0 0
43 60 0 0
45 60 0 0
49 60 0 0
51 60 0 0
53 60 0 0
55 60 0 0
57 60 0 0
59 60 0 0
9 61 0 0
27 61 0 0
34 61 0 0
36 61 0 0
38 61 0 0
41 61 0 0
47 61 0 0
48 61 0 0
52 61 0 0
58 61 0 0
27 62 0 0
34 62 0 0
36 62 0 0
38 62 0 0
40 62 0 0
41 62 0 0
48 62 0 0
52 62 0 0
58 62 0 0
61 62 0 0
1 63 0 0
28 63 0 0
30 63 0 0
31 63 0 0
32 63 0 0
35 63 0 0
39 63 0 0
40 63 0 0
41 63 0 0
42 63 0 0
44 63 0 0
45 63 0 0
50 63 0 0
51 63 0 0
54 63 0 0
55 63 0 0
56 63 0 0
57 63 0 0
59 63 0 0
62 63 0 0
1 64 0 0
15 64 0 0
28 64 0 0
30 64 0 0
31 64 0 0
32 64 0 0
35 64 0 0
39 64 0 0
40 64 0 0
41 64 0 0
42 64 0 0
44 64 0 0
45 64 0 0
50 64 0 0
51 64 0 0
54 64 0 0
55 64 0 0
56 64 0 0
57 64 0 0
59 64 0 0
60 64 0 0
63 64 0 0
28 65 0 0
31 65 0 0
32 65 0 0
35 65 0 0
39 65 0 0
40 65 0 0
41 65 0 0
42 65 0 0
44 65 0 0
45 65 0 0
50 65 0 0
51 65 0 0
54 65 0 0
55 65 0 0
56 65 0 0
57 65 0 0
59 65 0 0
62 65 0 0
63 65 0 0
64 65 0 0
1 66 0 0
28 66 0 0
30 66 0 0
31 66 0 0
32 66 0 0
35 66 0 0
39 66 0 0
40 66 0 0
41 66 0 0
42 66 0 0
44 66 0 0
45 66 0 0
50 66 0 0
51 66 0 0
54 66 0 0
55 66 0 0
56 66 0 0
57 66 0 0
59 66 0 0
63 66 0 0
64 66 0 0
65 66 0 0
1 67 0 0
28 67 0 0
30 67 0 0
31 67 0 0
32 67 0 0
33 67 0 0
35 67 0 0
37 67 0 0
39 67 0 0
42 67 0 0
43 67 0 0
44 67 0 0
45 67 0 0
49 67 0 0
50 67 0 0
51 67 0 0
53 67 0 0
54 67 0 0
55 67 0 0
56 67 0 0
57 67 0 0
59 67 0 0
60 67 0 0
63 67 0 0
64 67 0 0
65 67 0 0
66 67 0 0
1 68 0 0
28 68 0 0
30 68 0 0
31 68 0 0
32 68 0 0
33 68 0 0
35 68 0 0
37 68 0 0
39 68 0 0
42 68 0 0
43 68 0 0
44 68 0 0
45 68 0 0
49 68 0 0
50 68 0 0
51 68 0 0
53 68 0 0
54 68 0 0
55 68 0 0
56 68 0 0
57 68 0 0
59 68 0 0
60 68 0 0
63 68 0 0
64 68 0 0
65 68 0 0
66 68 0 0
67 68 0 0
1 69 0 0
30 69 0 0
31 69 0 0
33 69 0 0
35 69 0 0
37 69 0 0
43 69 0 0
45 69 0 0
49 69 0 0
51 69 0 0
53 69 0 0
55 69 0 0
57 69 0 0
59 69 0 0
60 69 0 0
68 69 0 0
46 70 0 0
47 70 0 0
48 70 0 0
52 70 0 0
46 71 0 0
47 71 0 0
48 71 0 0
52 71 0 0
70 71 0 0
46 72 0 0
47 72 0 0
48 72 0 0
52 72 0 0
70 72 0 0
71 72 0 0
1 73 0 0
43 73 0 0
49 73 0 0
51 73 0 0
53 73 0 0
55 73 0 0
44 74 0 0
50 74 0 0
51 74 0 0
54 74 0 0
55 74 0 0
56 74 0 0
1 75 0 0
43 75 0 0
45 75 0 0
49 75 0 0
51 75 0 0
53 75 0 0
55 75 0 0
73 75 0 0
47 76 0 0
48 76 0 0
52 76 0 0
62 76 0 0
70 76 0 0
71 76 0 0
72 76 0 0
1 77 0 0
43 77 0 0
45 77 0 0
49 77 0 0
51 77 0 0
53 77 0 0
55 77 0 0
59 77 0 0
69 77 0 0
73 77 0 0
75 77 0 0
44 78 0 0
50 78 0 0
52 78 0 0
54 78 0 0
56 78 0 0
63 78 0 0
65 78 0 0
66 78 0 0
74 78 0 0
76 78 0 0
46 79 0 0
47 79 0 0
48 79 0 0
52 79 0 0
61 79 0 0
70 79 0 0
71 79 0 0
72 79 0 0
76 79 0 0
46 80 0 0
47 80 0 0
48 80 0 0
52 80 0 0
70 80 0 0
71 80 0 0
72 80 0 0
76 80 0 0
79 80 0 0
1 81 0 0
43 81 0 0
44 81 0 0
45 81 0 0
49 81 0 0
50 81 0 0
51 81 0 0
53 81 0 0
54 81 0 0
55 81 0 0
59 81 0 0
67 81 0 0
68 81 0 0
73 81 0 0
75 81 0 0
77 81 0 0
1 82 0 0
43 82 0 0
45 82 0 0
49 82 0 0
51 82 0 0
53 82 0 0
55 82 0 0
59 82 0 0
68 82 0 0
69 82 0 0
73 82 0 0
75 82 0 0
77 82 0 0
81 82 0 0
1 83 0 0
43 83 0 0
49 83 0 0
53 83 0 0
69 83 0 0
73 83 0 0
75 83 0 0
77 83 0 0
81 83 0 0
82 83 0 0
1 84 0 0
43 84 0 0
45 84 0 0
49 84 0 0
51 84 0 0
53 84 0 0
55 84 0 0
73 84 0 0
75 84 0 0
77 84 0 0
81 84 0 0
82 84 0 0
83 84 0 0
44 85 0 0
45 85 0 0
50 85 0 0
51 85 0 0
54 85 0 0
55 85 0 0
56 85 0 0
66 85 0 0
67 85 0 0
74 85 0 0
75 85 0 0
78 85 0 0
81 85 0 0
82 85 0 0
44 86 0 0
50 86 0 0
54 86 0 0
56 86 0 0
74 86 0 0
76 86 0 0
78 86 0 0
85 86 0 0
49 87 0 0
53 87 0 0
73 87 0 0
75 87 0 0
77 87 0 0
81 87 0 0
82 87 0 0
83 87 0 0
84 87 0 0
70 89 0 0
71 89 0 0
72 89 0 0
88 89 0 0
73 90 0 0
75 90 0 0
81 90 0 0
82 90 0 0
84 90 0 0
87 90 0 0
70 91 0 0
71 91 0 0
72 91 0 0
88 91 0 0
89 91 0 0
72 92 0 0
76 92 0 0
86 92 0 0
74 93 0 0
85 93 0 0
86 93 0 0
90 93 0 0
74 94 0 0
85 94 0 0
86 94 0 0
90 94 0 0
93 94 0 0
73 95 0 0
75 95 0 0
84 95 0 0
90 95 0 0
93 95 0 0
94 95 0 0
70 96 0 0
71 96 0 0
72 96 0 0
79 96 0 0
80 96 0 0
88 96 0 0
89 96 0 0
91 96 0 0
70 97 0 0
71 97 0 0
72 97 0 0
79 97 0 0
80 97 0 0
88 97 0 0
89 97 0 0
91 97 0 0
96 97 0 0
74 98 0 0
78 98 0 0
85 98 0 0
86 98 0 0
92 98 0 0
93 98 0 0
94 98 0 0
74 99 0 0
78 99 0 0
85 99 0 0
86 99 0 0
90 99 0 0
93 99 0 0
94 99 0 0
95 99 0 0
98 99 0 0
74 100 0 0
78 100 0 0
85 100 0 0
86 100 0 0
92 100 0 0
93 100 0 0
94 100 0 0
95 100 0 0
98 100 0 0
99 100 0 0
73 101 0 0
75 101 0 0
77 101 0 0
81 101 0 0
82 101 0 0
83 101 0 0
84 101 0 0
85 101 0 0
87 101 0 0
90 101 0 0
93 101 0 0
94 101 0 0
95 101 0 0
99 101 0 0
74 102 0 0
78 102 0 0
85 102 0 0
86 102 0 0
90 102 0 0
92 102 0 0
93 102 0 0
94 102 0 0
95 102 0 0
98 102 0 0
99 102 0 0
100 102 0 0
73 103 0 0
75 103 0 0
77 103 0 0
81 103 0 0
82 103 0 0
83 103 0 0
84 103 0 0
87 103 0 0
90 103 0 0
93 103 0 0
94 103 0 0
95 103 0 0
99 103 0 0
101 103 0 0
89 104 0 0
91 104 0 0
92 104 0 0
97 104 0 0
91 105 0 0
92 105 0 0
104 105 0 0
90 106 0 0
93 106 0 0
94 106 0 0
95 106 0 0
103 106 0 0
92 107 0 0
105 107 0 0
88 108 0 0
89 108 0 0
91 108 0 0
104 108 0 0
105 108 0 0
88 109 0 0
89 109 0 0
104 109 0 0
108 109 0 0
92 110 0 0
104 110 0 0
105 110 0 0
107 110 0 0
106 111 0 0
93 112 0 0
94 112 0 0
95 112 0 0
106 112 0 0
107 112 0 0
93 113 0 0
105 113 0 0
107 113 0 0
110 113 0 0
112 113 0 0
92 114 0 0
104 114 0 0
105 114 0 0
107 114 0 0
108 114 0 0
110 114 0 0
113 114 0 0
89 115 0 0
91 115 0 0
104 115 0 0
105 115 0 0
108 115 0 0
109 115 0 0
114 115 0 0
93 116 0 0
107 116 0 0
110 116 0 0
112 116 0 0
113 116 0 0
90 117 0 0
93 117 0 0
94 117 0 0
95 117 0 0
99 117 0 0
100 117 0 0
101 117 0 0
102 117 0 0
103 117 0 0
106 117 0 0
111 117 0 0
112 117 0 0
116 117 0 0
90 118 0 0
93 118 0 0
94 118 0 0
95 118 0 0
99 118 0 0
101 118 0 0
103 118 0 0
106 118 0 0
111 118 0 0
112 118 0 0
117 118 0 0
90 119 0 0
93 119 0 0
94 119 0 0
95 119 0 0
101 119 0 0
103 119 0 0
106 119 0 0
111 119 0 0
112 119 0 0
117 119 0 0
118 119 0 0
90 120 0 0
95 120 0 0
101 120 0 0
103 120 0 0
106 120 0 0
111 120 0 0
117 120 0 0
118 120 0 0
119 120 0 0
89 121 0 0
91 121 0 0
92 121 0 0
96 121 0 0
97 121 0 0
104 121 0 0
105 121 0 0
107 121 0 0
108 121 0 0
110 121 0 0
114 121 0 0
115 121 0 0
92 122 0 0
93 122 0 0
94 122 0 0
98 122 0 0
99 122 0 0
100 122 0 0
102 122 0 0
107 122 0 0
110 122 0 0
112 122 0 0
113 122 0 0
116 122 0 0
117 122 0 0
88 123 0 0
89 123 0 0
91 123 0 0
96 123 0 0
97 123 0 0
104 123 0 0
105 123 0 0
108 123 0 0
109 123 0 0
114 123 0 0
115 123 0 0
121 123 0 0
90 124 0 0
93 124 0 0
94 124 0 0
95 124 0 0
99 124 0 0
100 124 0 0
101 124 0 0
102 124 0 0
103 124 0 0
106 124 0 0
111 124 0 0
112 124 0 0
116 124 0 0
117 124 0 0
118 124 0 0
119 124 0 0
120 124 0 0
122 124 0 0
90 125 0 0
93 125 0 0
94 125 0 0
95 125 0 0
98 125 0 0
99 125 0 0
100 125 0 0
102 125 0 0
103 125 0 0
106 125 0 0
107 125 0 0
112 125 0 0
113 125 0 0
116 125 0 0
117 125 0 0
118 125 0 0
119 125 0 0
122 125 0 0
124 125 0 0
90 126 0 0
93 126 0 0
94 126 0 0
95 126 0 0
99 126 0 0
101 126 0 0
103 126 0 0
106 126 0 0
111 126 0 0
112 126 0 0
117 126 0 0
118 126 0 0
119 126 0 0
120 126 0 0
124 126 0 0
125 126 0 0
92 127 0 0
98 127 0 0
104 127 0 0
105 127 0 0
107 127 0 0
110 127 0 0
113 127 0 0
114 127 0 0
116 127 0 0
121 127 0 0
122 127 0 0
89 128 0 0
91 128 0 0
92 128 0 0
97 128 0 0
104 128 0 0
105 128 0 0
108 128 0 0
110 128 0 0
114 128 0 0
115 128 0 0
121 128 0 0
123 128 0 0
127 128 0 0
91 129 0 0
92 129 0 0
97 129 0 0
104 129 0 0
105 129 0 0
107 129 0 0
108 129 0 0
110 129 0 0
114 129 0 0
115 129 0 0
121 129 0 0
123 129 0 0
127 129 0 0
128 129 0 0
71 130 0 0
72 130 0 0
88 130 0 0
89 130 0 0
91 130 0 0
96 130 0 0
97 130 0 0
104 130 0 0
105 130 0 0
108 130 0 0
109 130 0 0
114 130 0 0
115 130 0 0
121 130 0 0
123 130 0 0
128 130 0 0
129 130 0 0
71 131 0 0
72 131 0 0
88 131 0 0
89 131 0 0
91 131 0 0
92 131 0 0
96 131 0 0
97 131 0 0
104 131 0 0
105 131 0 0
108 131 0 0
109 131 0 0
114 131 0 0
115 131 0 0
121 131 0 0
123 131 0 0
127 131 0 0
128 131 0 0
129 131 0 0
130 131 0 0
90 132 0 0
93 132 0 0
94 132 0 0
95 132 0 0
98 132 0 0
99 132 0 0
100 132 0 0
101 132 0 0
102 132 0 0
103 132 0 0
106 132 0 0
112 132 0 0
117 132 0 0
118 132 0 0
119 132 0 0
120 132 0 0
122 132 0 0
124 132 0 0
125 132 0 0
126 132 0 0
73 133 0 0
75 133 0 0
87 133 0 0
90 133 0 0
94 133 0 0
95 133 0 0
101 133 0 0
103 133 0 0
106 133 0 0
111 133 0 0
117 133 0 0
118 133 0 0
119 133 0 0
120 133 0 0
124 133 0 0
126 133 0 0
132 133 0 0
73 134 0 0
75 134 0 0
84 134 0 0
87 134 0 0
90 134 0 0
93 134 0 0
94 134 0 0
95 134 0 0
101 134 0 0
103 134 0 0
106 134 0 0
111 134 0 0
117 134 0 0
118 134 0 0
119 134 0 0
120 134 0 0
124 134 0 0
125 134 0 0
126 134 0 0
132 134 0 0
133 134 0 0
73 135 0 0
75 135 0 0
87 135 0 0
90 135 0 0
93 135 0 0
94 135 0 0
95 135 0 0
99 135 0 0
101 135 0 0
103 135 0 0
106 135 0 0
111 135 0 0
112 135 0 0
117 135 0 0
118 135 0 0
119 135 0 0
120 135 0 0
124 135 0 0
125 135 0 0
126 135 0 0
132 135 0 0
133 135 0 0
134 135 0 0
88 136 0 0
89 136 0 0
91 136 0 0
96 136 0 0
97 136 0 0
104 136 0 0
105 136 0 0
108 136 0 0
109 136 0 0
114 136 0 0
115 136 0 0
121 136 0 0
123 136 0 0
128 136 0 0
129 136 0 0
130 136 0 0
131 136 0 0
90 137 0 0
93 137 0 0
94 137 0 0
95 137 0 0
98 137 0 0
99 137 0 0
100 137 0 0
101 137 0 0
102 137 0 0
103 137 0 0
106 137 0 0
111 137 0 0
112 137 0 0
116 137 0 0
117 137 0 0
118 137 0 0
119 137 0 0
120 137 0 0
122 137 0 0
124 137 0 0
125 137 0 0
126 137 0 0
132 137 0 0
133 137 0 0
134 137 0 0
135 137 0 0
90 138 0 0
93 138 0 0
94 138 0 0
95 138 0 0
98 138 0 0
99 138 0 0
100 138 0 0
101 138 0 0
102 138 0 0
103 138 0 0
106 138 0 0
112 138 0 0
113 138 0 0
116 138 0 0
117 138 0 0
118 138 0 0
119 138 0 0
122 138 0 0
124 138 0 0
125 138 0 0
126 138 0 0
132 138 0 0
134 138 0 0
135 138 0 0
137 138 0 0
86 139 0 0
92 139 0 0
93 139 0 0
94 139 0 0
98 139 0 0
99 139 0 0
100 139 0 0
102 139 0 0
107 139 0 0
110 139 0 0
112 139 0 0
113 139 0 0
116 139 0 0
117 139 0 0
122 139 0 0
124 139 0 0
125 139 0 0
127 139 0 0
132 139 0 0
137 139 0 0
138 139 0 0
92 140 0 0
98 140 0 0
100 140 0 0
102 140 0 0
104 140 0 0
105 140 0 0
107 140 0 0
110 140 0 0
113 140 0 0
114 140 0 0
116 140 0 0
121 140 0 0
122 140 0 0
127 140 0 0
128 140 0 0
129 140 0 0
131 140 0 0
139 140 0 0
91 141 0 0
92 141 0 0
97 141 0 0
98 141 0 0
104 141 0 0
105 141 0 0
107 141 0 0
110 141 0 0
113 141 0 0
114 141 0 0
115 141 0 0
121 141 0 0
122 141 0 0
123 141 0 0
127 141 0 0
128 141 0 0
129 141 0 0
130 141 0 0
131 141 0 0
139 141 0 0
140 141 0 0
53 142 0 0
73 142 0 0
75 142 0 0
77 142 0 0
81 142 0 0
82 142 0 0
83 142 0 0
84 142 0 0
87 142 0 0
90 142 0 0
93 142 0 0
94 142 0 0
95 142 0 0
101 142 0 0
103 142 0 0
106 142 0 0
111 142 0 0
117 142 0 0
118 142 0 0
119 142 0 0
120 142 0 0
124 142 0 0
126 142 0 0
132 142 0 0
133 142 0 0
134 142 0 0
135 142 0 0
137 142 0 0
138 142 0 0
1 143 0 0
45 143 0 0
49 143 0 0
50 143 0 0
51 143 0 0
53 143 0 0
54 143 0 0
55 143 0 0
73 143 0 0
74 143 0 0
75 143 0 0
77 143 0 0
81 143 0 0
82 143 0 0
83 143 0 0
84 143 0 0
85 143 0 0
86 143 0 0
87 143 0 0
90 143 0 0
93 143 0 0
94 143 0 0
95 143 0 0
99 143 0 0
100 143 0 0
101 143 0 0
102 143 0 0
103 143 0 0
117 143 0 0
118 143 0 0
119 143 0 0
120 143 0 0
126 143 0 0
132 143 0 0
133 143 0 0
134 143 0 0
135 143 0 0
137 143 0 0
138 143 0 0
142 143 0 0
44 144 0 0
50 144 0 0
51 144 0 0
54 144 0 0
55 144 0 0
74 144 0 0
75 144 0 0
78 144 0 0
81 144 0 0
82 144 0 0
85 144 0 0
86 144 0 0
90 144 0 0
93 144 0 0
94 144 0 0
95 144 0 0
98 144 0 0
99 144 0 0
100 144 0 0
101 144 0 0
102 144 0 0
103 144 0 0
132 144 0 0
135 144 0 0
137 144 0 0
138 144 0 0
139 144 0 0
143 144 0 0
46 145 0 0
47 145 0 0
70 145 0 0
71 145 0 0
72 145 0 0
79 145 0 0
80 145 0 0
88 145 0 0
89 145 0 0
91 145 0 0
96 145 0 0
97 145 0 0
130 145 0 0
131 145 0 0
136 145 0 0
50 146 0 0
51 146 0 0
54 146 0 0
55 146 0 0
73 146 0 0
74 146 0 0
75 146 0 0
78 146 0 0
81 146 0 0
82 146 0 0
84 146 0 0
85 146 0 0
86 146 0 0
90 146 0 0
93 146 0 0
94 146 0 0
95 146 0 0
98 146 0 0
99 146 0 0
100 146 0 0
101 146 0 0
102 146 0 0
103 146 0 0
132 146 0 0
134 146 0 0
135 146 0 0
137 146 0 0
138 146 0 0
142 146 0 0
143 146 0 0
144 146 0 0
50 147 0 0
54 147 0 0
74 147 0 0
76 147 0 0
78 147 0 0
85 147 0 0
86 147 0 0
92 147 0 0
93 147 0 0
94 147 0 0
98 147 0 0
99 147 0 0
100 147 0 0
102 147 0 0
122 147 0 0
138 147 0 0
139 147 0 0
140 147 0 0
144 147 0 0
146 147 0 0
54 148 0 0
55 148 0 0
74 148 0 0
75 148 0 0
78 148 0 0
81 148 0 0
82 148 0 0
84 148 0 0
85 148 0 0
86 148 0 0
90 148 0 0
93 148 0 0
94 148 0 0
95 148 0 0
98 148 0 0
99 148 0 0
100 148 0 0
101 148 0 0
102 148 0 0
103 148 0 0
117 148 0 0
125 148 0 0
132 148 0 0
134 148 0 0
135 148 0 0
137 148 0 0
138 148 0 0
139 148 0 0
142 148 0 0
143 148 0 0
144 148 0 0
146 148 0 0
147 148 0 0
46 149 0 0
47 149 0 0
70 149 0 0
71 149 0 0
72 149 0 0
76 149 0 0
79 149 0 0
80 149 0 0
88 149 0 0
89 149 0 0
91 149 0 0
96 149 0 0
97 149 0 0
121 149 0 0
130 149 0 0
131 149 0 0
136 149 0 0
145 149 0 0
54 150 0 0
74 150 0 0
78 150 0 0
85 150 0 0
86 150 0 0
92 150 0 0
93 150 0 0
94 150 0 0
98 150 0 0
99 150 0 0
100 150 0 0
102 150 0 0
122 150 0 0
132 150 0 0
137 150 0 0
138 150 0 0
139 150 0 0
143 150 0 0
144 150 0 0
146 150 0 0
147 150 0 0
148 150 0 0
50 151 0 0
54 151 0 0
74 151 0 0
78 151 0 0
81 151 0 0
85 151 0 0
86 151 0 0
90 151 0 0
93 151 0 0
94 151 0 0
95 151 0 0
98 151 0 0
99 151 0 0
100 151 0 0
101 151 0 0
102 151 0 0
117 151 0 0
122 151 0 0
124 151 0 0
125 151 0 0
132 151 0 0
135 151 0 0
137 151 0 0
138 151 0 0
139 151 0 0
143 151 0 0
144 151 0 0
146 151 0 0
147 151 0 0
148 151 0 0
150 151 0 0
51 152 0 0
55 152 0 0
73 152 0 0
74 152 0 0
75 152 0 0
77 152 0 0
81 152 0 0
82 152 0 0
84 152 0 0
85 152 0 0
86 152 0 0
87 152 0 0
90 152 0 0
93 152 0 0
94 152 0 0
95 152 0 0
98 152 0 0
99 152 0 0
100 152 0 0
101 152 0 0
102 152 0 0
103 152 0 0
117 152 0 0
118 152 0 0
119 152 0 0
124 152 0 0
125 152 0 0
126 152 0 0
132 152 0 0
133 152 0 0
134 152 0 0
135 152 0 0
137 152 0 0
138 152 0 0
139 152 0 0
142 152 0 0
143 152 0 0
144 152 0 0
146 152 0 0
147 152 0 0
148 152 0 0
150 152 0 0
151 152 0 0
74 153 0 0
76 153 0 0
78 153 0 0
85 153 0 0
86 153 0 0
92 153 0 0
93 153 0 0
94 153 0 0
98 153 0 0
99 153 0 0
100 153 0 0
102 153 0 0
122 153 0 0
125 153 0 0
132 153 0 0
137 153 0 0
138 153 0 0
139 153 0 0
140 153 0 0
144 153 0 0
146 153 0 0
147 153 0 0
148 153 0 0
150 153 0 0
151 153 0 0
152 153 0 0
73 154 0 0
74 154 0 0
75 154 0 0
77 154 0 0
81 154 0 0
82 154 0 0
83 154 0 0
84 154 0 0
85 154 0 0
87 154 0 0
90 154 0 0
93 154 0 0
94 154 0 0
95 154 0 0
99 154 0 0
100 154 0 0
101 154 0 0
102 154 0 0
103 154 0 0
117 154 0 0
118 154 0 0
119 154 0 0
120 154 0 0
124 154 0 0
126 154 0 0
132 154 0 0
133 154 0 0
134 154 0 0
135 154 0 0
137 154 0 0
138 154 0 0
142 154 0 0
143 154 0 0
144 154 0 0
146 154 0 0
148 154 0 0
150 154 0 0
151 154 0 0
152 154 0 0
1 155 0 0
30 155 0 0
31 155 0 0
35 155 0 0
43 155 0 0
44 155 0 0
45 155 0 0
49 155 0 0
50 155 0 0
51 155 0 0
53 155 0 0
54 155 0 0
55 155 0 0
56 155 0 0
57 155 0 0
59 155 0 0
60 155 0 0
63 155 0 0
64 155 0 0
66 155 0 0
67 155 0 0
68 155 0 0
69 155 0 0
73 155 0 0
74 155 0 0
75 155 0 0
77 155 0 0
81 155 0 0
82 155 0 0
83 155 0 0
84 155 0 0
85 155 0 0
87 155 0 0
101 155 0 0
103 155 0 0
142 155 0 0
143 155 0 0
144 155 0 0
146 155 0 0
148 155 0 0
151 155 0 0
152 155 0 0
154 155 0 0
29 156 0 0
46 156 0 0
47 156 0 0
70 156 0 0
71 156 0 0
72 156 0 0
80 156 0 0
145 156 0 0
149 156 0 0
1 157 0 0
30 157 0 0
31 157 0 0
32 157 0 0
35 157 0 0
43 157 0 0
44 157 0 0
45 157 0 0
49 157 0 0
50 157 0 0
51 157 0 0
53 157 0 0
54 157 0 0
55 157 0 0
56 157 0 0
57 157 0 0
59 157 0 0
60 157 0 0
63 157 0 0
64 157 0 0
65 157 0 0
66 157 0 0
67 157 0 0
68 157 0 0
73 157 0 0
74 157 0 0
75 157 0 0
77 157 0 0
78 157 0 0
81 157 0 0
82 157 0 0
84 157 0 0
85 157 0 0
86 157 0 0
99 157 0 0
101 157 0 0
143 157 0 0
144 157 0 0
146 157 0 0
148 157 0 0
150 157 0 0
151 157 0 0
152 157 0 0
154 157 0 0
155 157 0 0
1 158 0 0
30 158 0 0
31 158 0 0
33 158 0 0
35 158 0 0
37 158 0 0
43 158 0 0
45 158 0 0
49 158 0 0
51 158 0 0
53 158 0 0
55 158 0 0
59 158 0 0
60 158 0 0
67 158 0 0
68 158 0 0
69 158 0 0
73 158 0 0
75 158 0 0
77 158 0 0
81 158 0 0
82 158 0 0
83 158 0 0
84 158 0 0
87 158 0 0
101 158 0 0
142 158 0 0
143 158 0 0
152 158 0 0
154 158 0 0
155 158 0 0
157 158 0 0
34 159 0 0
36 159 0 0
46 159 0 0
47 159 0 0
48 159 0 0
52 159 0 0
58 159 0 0
61 159 0 0
62 159 0 0
70 159 0 0
71 159 0 0
72 159 0 0
76 159 0 0
79 159 0 0
80 159 0 0
145 159 0 0
149 159 0 0
156 159 0 0
34 160 0 0
36 160 0 0
38 160 0 0
46 160 0 0
47 160 0 0
48 160 0 0
52 160 0 0
58 160 0 0
61 160 0 0
62 160 0 0
70 160 0 0
71 160 0 0
72 160 0 0
76 160 0 0
79 160 0 0
80 160 0 0
145 160 0 0
149 160 0 0
156 160 0 0
159 160 0 0
1 161 0 0
30 161 0 0
31 161 0 0
32 161 0 0
35 161 0 0
44 161 0 0
45 161 0 0
49 161 0 0
50 161 0 0
51 161 0 0
53 161 0 0
54 161 0 0
55 161 0 0
56 161 0 0
57 161 0 0
59 161 0 0
60 161 0 0
63 161 0 0
64 161 0 0
65 161 0 0
66 161 0 0
67 161 0 0
68 161 0 0
73 161 0 0
74 161 0 0
75 161 0 0
76 161 0 0
77 161 0 0
78 161 0 0
81 161 0 0
82 161 0 0
84 161 0 0
85 161 0 0
86 161 0 0
93 161 0 0
98 161 0 0
99 161 0 0
100 161 0 0
101 161 0 0
102 161 0 0
143 161 0 0
144 161 0 0
146 161 0 0
147 161 0 0
148 161 0 0
150 161 0 0
151 161 0 0
152 161 0 0
153 161 0 0
154 161 0 0
155 161 0 0
157 161 0 0
158 161 0 0
1 162 0 0
30 162 0 0
31 162 0 0
33 162 0 0
35 162 0 0
37 162 0 0
43 162 0 0
44 162 0 0
45 162 0 0
49 162 0 0
50 162 0 0
51 162 0 0
53 162 0 0
54 162 0 0
55 162 0 0
56 162 0 0
57 162 0 0
59 162 0 0
60 162 0 0
63 162 0 0
64 162 0 0
66 162 0 0
67 162 0 0
68 162 0 0
69 162 0 0
73 162 0 0
75 162 0 0
77 162 0 0
81 162 0 0
82 162 0 0
83 162 0 0
84 162 0 0
85 162 0 0
87 162 0 0
101 162 0 0
142 162 0 0
143 162 0 0
144 162 0 0
146 162 0 0
148 162 0 0
152 162 0 0
154 162 0 0
155 162 0 0
157 162 0 0
158 162 0 0
161 162 0 0
1 163 0 0
30 163 0 0
31 163 0 0
33 163 0 0
35 163 0 0
37 163 0 0
43 163 0 0
45 163 0 0
49 163 0 0
51 163 0 0
53 163 0 0
55 163 0 0
59 163 0 0
60 163 0 0
68 163 0 0
69 163 0 0
73 163 0 0
75 163 0 0
77 163 0 0
81 163 0 0
82 163 0 0
83 163 0 0
84 163 0 0
87 163 0 0
142 163 0 0
143 163 0 0
155 163 0 0
157 163 0 0
158 163 0 0
162 163 0 0
46 164 0 0
47 164 0 0
48 164 0 0
52 164 0 0
70 164 0 0
71 164 0 0
72 164 0 0
79 164 0 0
80 164 0 0
96 164 0 0
97 164 0 0
145 164 0 0
149 164 0 0
156 164 0 0
159 164 0 0
160 164 0 0
1 165 0 0
30 165 0 0
31 165 0 0
33 165 0 0
43 165 0 0
44 165 0 0
45 165 0 0
49 165 0 0
50 165 0 0
51 165 0 0
53 165 0 0
55 165 0 0
57 165 0 0
59 165 0 0
60 165 0 0
67 165 0 0
68 165 0 0
69 165 0 0
73 165 0 0
75 165 0 0
77 165 0 0
81 165 0 0
82 165 0 0
83 165 0 0
84 165 0 0
85 165 0 0
87 165 0 0
101 165 0 0
142 165 0 0
143 165 0 0
144 165 0 0
146 165 0 0
148 165 0 0
152 165 0 0
154 165 0 0
155 165 0 0
157 165 0 0
158 165 0 0
161 165 0 0
162 165 0 0
163 165 0 0
32 166 0 0
44 166 0 0
45 166 0 0
50 166 0 0
51 166 0 0
54 166 0 0
55 166 0 0
56 166 0 0
57 166 0 0
63 166 0 0
64 166 0 0
65 166 0 0
66 166 0 0
67 166 0 0
68 166 0 0
74 166 0 0
78 166 0 0
85 166 0 0
86 166 0 0
100 166 0 0
143 166 0 0
144 166 0 0
146 166 0 0
147 166 0 0
148 166 0 0
150 166 0 0
151 166 0 0
152 166 0 0
153 166 0 0
155 166 0 0
157 166 0 0
161 166 0 0
162 166 0 0
1 167 0 0
43 167 0 0
45 167 0 0
49 167 0 0
51 167 0 0
53 167 0 0
55 167 0 0
59 167 0 0
60 167 0 0
69 167 0 0
73 167 0 0
75 167 0 0
77 167 0 0
81 167 0 0
82 167 0 0
83 167 0 0
84 167 0 0
87 167 0 0
101 167 0 0
103 167 0 0
142 167 0 0
143 167 0 0
152 167 0 0
154 167 0 0
155 167 0 0
157 167 0 0
158 167 0 0
162 167 0 0
163 167 0 0
165 167 0 0
8 168 0 1
9 168 0 1
13 168 0 1
19 168 0 1
25 168 0 1
27 168 0 1
29 168 0 1
34 168 0 1
36 168 0 1
38 168 0 1
41 168 0 1
58 168 0 1
61 168 0 1
62 168 0 1
5 169 0 1
8 169 0 1
9 169 0 1
13 169 0 1
19 169 0 1
25 169 0 1
40 169 0 1
41 169 0 1
8 170 0 1
9 170 0 1
13 170 0 1
19 170 0 1
25 170 0 1
2 171 0 1
5 171 0 1
6 171 0 1
7 171 0 1
8 171 0 1
10 171 0 1
13 171 0 1
14 171 0 1
15 171 0 1
16 171 0 1
19 171 0 1
21 171 0 1
22 171 0 1
23 171 0 1
25 171 0 1
26 171 0 1
28 171 0 1
39 171 0 1
40 171 0 1
41 171 0 1
42 171 0 1
8 173 0 1
9 173 0 1
13 173 0 1
19 173 0 1
25 173 0 1
27 173 0 1
40 173 0 1
41 173 0 1
1 174 0 1
2 174 0 1
4 174 0 1
5 174 0 1
6 174 0 1
7 174 0 1
10 174 0 1
11 174 0 1
12 174 0 1
13 174 0 1
14 174 0 1
15 174 0 1
16 174 0 1
17 174 0 1
18 174 0 1
19 174 0 1
21 174 0 1
22 174 0 1
23 174 0 1
24 174 0 1
25 174 0 1
26 174 0 1
28 174 0 1
31 174 0 1
32 174 0 1
35 174 0 1
39 174 0 1
40 174 0 1
41 174 0 1
42 174 0 1
57 174 0 1
8 175 0 1
9 175 0 1
13 175 0 1
19 175 0 1
25 175 0 1
27 175 0 1
34 175 0 1
36 175 0 1
38 175 0 1
40 175 0 1
41 175 0 1
58 175 0 1
62 175 0 1
5 176 0 1
8 176 0 1
9 176 0 1
13 176 0 1
15 176 0 1
16 176 0 1
19 176 0 1
21 176 0 1
25 176 0 1
27 176 0 1
28 176 0 1
32 176 0 1
34 176 0 1
36 176 0 1
38 176 0 1
40 176 0 1
41 176 0 1
9 177 0 1
27 177 0 1
29 177 0 1
36 177 0 1
2 178 0 1
5 178 0 1
6 178 0 1
7 178 0 1
8 178 0 1
10 178 0 1
11 178 0 1
13 178 0 1
14 178 0 1
15 178 0 1
16 178 0 1
19 178 0 1
21 178 0 1
22 178 0 1
23 178 0 1
25 178 0 1
26 178 0 1
28 178 0 1
32 178 0 1
35 178 0 1
39 178 0 1
40 178 0 1
41 178 0 1
42 178 0 1
57 178 0 1
63 178 0 1
64 178 0 1
65 178 0 1
9 179 0 1
27 179 0 1
29 179 0 1
36 179 0 1
5 180 0 1
6 180 0 1
8 180 0 1
9 180 0 1
10 180 0 1
13 180 0 1
15 180 0 1
16 180 0 1
19 180 0 1
21 180 0 1
23 180 0 1
25 180 0 1
28 180 0 1
32 180 0 1
39 180 0 1
40 180 0 1
41 180 0 1
42 180 0 1
63 180 0 1
8 181 0 1
9 181 0 1
13 181 0 1
19 181 0 1
25 181 0 1
27 181 0 1
34 181 0 1
36 181 0 1
38 181 0 1
40 181 0 1
41 181 0 1
58 181 0 1
61 181 0 1
62 181 0 1
5 182 0 1
8 182 0 1
9 182 0 1
13 182 0 1
19 182 0 1
25 182 0 1
27 182 0 1
34 182 0 1
36 182 0 1
38 182 0 1
40 182 0 1
41 182 0 1
58 182 0 1
61 182 0 1
62 182 0 1
8 183 0 1
9 183 0 1
13 183 0 1
19 183 0 1
25 183 0 1
27 183 0 1
36 183 0 1
38 183 0 1
40 183 0 1
41 183 0 1
2 184 0 1
5 184 0 1
6 184 0 1
7 184 0 1
8 184 0 1
10 184 0 1
13 184 0 1
14 184 0 1
15 184 0 1
16 184 0 1
19 184 0 1
21 184 0 1
22 184 0 1
23 184 0 1
25 184 0 1
26 184 0 1
28 184 0 1
32 184 0 1
35 184 0 1
39 184 0 1
40 184 0 1
41 184 0 1
42 184 0 1
8 185 0 1
9 185 0 1
13 185 0 1
27 185 0 1
36 185 0 1
38 185 0 1
8 186 0 1
9 186 0 1
13 186 0 1
19 186 0 1
25 186 0 1
27 186 0 1
34 186 0 1
36 186 0 1
38 186 0 1
40 186 0 1
41 186 0 1
2 187 0 1
5 187 0 1
6 187 0 1
8 187 0 1
9 187 0 1
10 187 0 1
13 187 0 1
14 187 0 1
15 187 0 1
16 187 0 1
19 187 0 1
21 187 0 1
23 187 0 1
25 187 0 1
28 187 0 1
32 187 0 1
39 187 0 1
40 187 0 1
41 187 0 1
42 187 0 1
1 188 0 1
2 188 0 1
3 188 0 1
4 188 0 1
6 188 0 1
7 188 0 1
10 188 0 1
11 188 0 1
12 188 0 1
14 188 0 1
15 188 0 1
16 188 0 1
17 188 0 1
18 188 0 1
20 188 0 1
22 188 0 1
23 188 0 1
24 188 0 1
26 188 0 1
28 188 0 1
30 188 0 1
31 188 0 1
33 188 0 1
35 188 0 1
37 188 0 1
39 188 0 1
42 188 0 1
57 188 0 1
59 188 0 1
60 188 0 1
67 188 0 1
68 188 0 1
69 188 0 1
163 188 0 1
1 189 0 1
2 189 0 1
4 189 0 1
6 189 0 1
7 189 0 1
10 189 0 1
11 189 0 1
12 189 0 1
14 189 0 1
15 189 0 1
16 189 0 1
17 189 0 1
18 189 0 1
20 189 0 1
21 189 0 1
22 189 0 1
23 189 0 1
24 189 0 1
26 189 0 1
28 189 0 1
30 189 0 1
31 189 0 1
32 189 0 1
33 189 0 1
35 189 0 1
37 189 0 1
39 189 0 1
42 189 0 1
45 189 0 1
57 189 0 1
59 189 0 1
60 189 0 1
63 189 0 1
64 189 0 1
66 189 0 1
67 189 0 1
68 189 0 1
69 189 0 1
1 190 0 1
10 190 0 1
11 190 0 1
12 190 0 1
14 190 0 1
15 190 0 1
16 190 0 1
18 190 0 1
26 190 0 1
28 190 0 1
30 190 0 1
31 190 0 1
32 190 0 1
33 190 0 1
35 190 0 1
37 190 0 1
39 190 0 1
42 190 0 1
43 190 0 1
44 190 0 1
45 190 0 1
49 190 0 1
50 190 0 1
51 190 0 1
53 190 0 1
54 190 0 1
55 190 0 1
56 190 0 1
57 190 0 1
59 190 0 1
60 190 0 1
63 190 0 1
64 190 0 1
65 190 0 1
66 190 0 1
67 190 0 1
68 190 0 1
69 190 0 1
155 190 0 1
157 190 0 1
161 190 0 1
162 190 0 1
163 190 0 1
29 191 0 1
46 191 0 1
47 191 0 1
156 191 0 1
8 192 0 1
9 192 0 1
27 192 0 1
34 192 0 1
36 192 0 1
38 192 0 1
41 192 0 1
48 192 0 1
52 192 0 1
58 192 0 1
61 192 0 1
62 192 0 1
8 193 0 1
9 193 0 1
27 193 0 1
34 193 0 1
36 193 0 1
38 193 0 1
47 193 0 1
48 193 0 1
52 193 0 1
58 193 0 1
61 193 0 1
62 193 0 1
160 193 0 1
27 194 0 1
29 194 0 1
36 194 0 1
46 194 0 1
58 194 0 1
8 195 0 1
9 195 0 1
27 195 0 1
34 195 0 1
36 195 0 1
38 195 0 1
48 195 0 1
52 195 0 1
58 195 0 1
61 195 0 1
62 195 0 1
13 196 0 1
15 196 0 1
16 196 0 1
19 196 0 1
21 196 0 1
25 196 0 1
28 196 0 1
32 196 0 1
35 196 0 1
38 196 0 1
39 196 0 1
40 196 0 1
41 196 0 1
42 196 0 1
44 196 0 1
50 196 0 1
54 196 0 1
56 196 0 1
57 196 0 1
62 196 0 1
63 196 0 1
64 196 0 1
65 196 0 1
66 196 0 1
67 196 0 1
68 196 0 1
161 196 0 1
8 197 0 1
9 197 0 1
13 197 0 1
25 197 0 1
27 197 0 1
32 197 0 1
34 197 0 1
36 197 0 1
38 197 0 1
40 197 0 1
41 197 0 1
48 197 0 1
52 197 0 1
56 197 0 1
58 197 0 1
61 197 0 1
62 197 0 1
63 197 0 1
65 197 0 1
8 198 0 1
9 198 0 1
27 198 0 1
34 198 0 1
36 198 0 1
38 198 0 1
41 198 0 1
47 198 0 1
48 198 0 1
52 198 0 1
58 198 0 1
61 198 0 1
62 198 0 1
160 198 0 1
8 199 0 1
9 199 0 1
27 199 0 1
32 199 0 1
34 199 0 1
36 199 0 1
38 199 0 1
40 199 0 1
41 199 0 1
48 199 0 1
52 199 0 1
56 199 0 1
58 199 0 1
61 199 0 1
62 199 0 1
63 199 0 1
65 199 0 1
27 200 0 1
29 200 0 1
36 200 0 1
46 200 0 1
47 200 0 1
156 200 0 1
1 201 0 1
5 201 0 1
6 201 0 1
7 201 0 1
10 201 0 1
11 201 0 1
12 201 0 1
14 201 0 1
15 201 0 1
16 201 0 1
17 201 0 1
19 201 0 1
21 201 0 1
22 201 0 1
23 201 0 1
24 201 0 1
25 201 0 1
26 201 0 1
28 201 0 1
30 201 0 1
31 201 0 1
32 201 0 1
33 201 0 1
35 201 0 1
37 201 0 1
39 201 0 1
40 201 0 1
41 201 0 1
42 201 0 1
44 201 0 1
45 201 0 1
50 201 0 1
51 201 0 1
56 201 0 1
57 201 0 1
59 201 0 1
60 201 0 1
63 201 0 1
64 201 0 1
65 201 0 1
66 201 0 1
67 201 0 1
68 201 0 1
161 201 0 1
5 202 0 1
6 202 0 1
10 202 0 1
13 202 0 1
14 202 0 1
15 202 0 1
16 202 0 1
19 202 0 1
21 202 0 1
23 202 0 1
25 202 0 1
26 202 0 1
28 202 0 1
31 202 0 1
32 202 0 1
35 202 0 1
39 202 0 1
40 202 0 1
41 202 0 1
42 202 0 1
44 202 0 1
50 202 0 1
56 202 0 1
57 202 0 1
59 202 0 1
63 202 0 1
64 202 0 1
65 202 0 1
66 202 0 1
67 202 0 1
68 202 0 1
8 203 0 1
9 203 0 1
13 203 0 1
19 203 0 1
25 203 0 1
27 203 0 1
28 203 0 1
32 203 0 1
34 203 0 1
36 203 0 1
38 203 0 1
40 203 0 1
41 203 0 1
56 203 0 1
58 203 0 1
61 203 0 1
62 203 0 1
63 203 0 1
65 203 0 1
1 204 0 1
2 204 0 1
4 204 0 1
5 204 0 1
6 204 0 1
7 204 0 1
10 204 0 1
11 204 0 1
12 204 0 1
14 204 0 1
15 204 0 1
16 204 0 1
17 204 0 1
18 204 0 1
19 204 0 1
21 204 0 1
22 204 0 1
23 204 0 1
24 204 0 1
26 204 0 1
28 204 0 1
30 204 0 1
31 204 0 1
32 204 0 1
33 204 0 1
35 204 0 1
37 204 0 1
39 204 0 1
40 204 0 1
42 204 0 1
57 204 0 1
59 204 0 1
60 204 0 1
63 204 0 1
64 204 0 1
66 204 0 1
67 204 0 1
68 204 0 1
8 205 0 1
9 205 0 1
27 205 0 1
34 205 0 1
36 205 0 1
38 205 0 1
58 205 0 1
61 205 0 1
62 205 0 1
5 206 0 1
8 206 0 1
9 206 0 1
13 206 0 1
15 206 0 1
16 206 0 1
19 206 0 1
21 206 0 1
25 206 0 1
27 206 0 1
28 206 0 1
32 206 0 1
34 206 0 1
36 206 0 1
38 206 0 1
39 206 0 1
40 206 0 1
41 206 0 1
62 206 0 1
63 206 0 1
65 206 0 1
8 207 0 1
9 207 0 1
13 207 0 1
19 207 0 1
25 207 0 1
27 207 0 1
32 207 0 1
34 207 0 1
36 207 0 1
38 207 0 1
40 207 0 1
41 207 0 1
58 207 0 1
61 207 0 1
62 207 0 1
8 208 0 1
9 208 0 1
13 208 0 1
25 208 0 1
27 208 0 1
34 208 0 1
36 208 0 1
38 208 0 1
40 208 0 1
41 208 0 1
58 208 0 1
61 208 0 1
62 208 0 1
29 209 0 1
27 210 0 1
29 210 0 1
34 210 0 1
36 210 0 1
58 210 0 1
2 211 0 1
5 211 0 1
6 211 0 1
7 211 0 1
8 211 0 1
10 211 0 1
11 211 0 1
13 211 0 1
14 211 0 1
15 211 0 1
16 211 0 1
19 211 0 1
21 211 0 1
22 211 0 1
23 211 0 1
25 211 0 1
26 211 0 1
28 211 0 1
31 211 0 1
32 211 0 1
35 211 0 1
39 211 0 1
40 211 0 1
41 211 0 1
42 211 0 1
56 211 0 1
57 211 0 1
59 211 0 1
63 211 0 1
64 211 0 1
65 211 0 1
66 211 0 1
67 211 0 1
68 211 0 1
8 212 0 1
9 212 0 1
27 212 0 1
34 212 0 1
36 212 0 1
38 212 0 1
41 212 0 1
58 212 0 1
61 212 0 1
62 212 0 1
5 213 0 1
8 213 0 1
9 213 0 1
13 213 0 1
19 213 0 1
21 213 0 1
25 213 0 1
27 213 0 1
28 213 0 1
32 213 0 1
34 213 0 1
36 213 0 1
38 213 0 1
40 213 0 1
41 213 0 1
56 213 0 1
58 213 0 1
61 213 0 1
62 213 0 1
63 213 0 1
65 213 0 1
5 214 0 1
6 214 0 1
8 214 0 1
9 214 0 1
13 214 0 1
15 214 0 1
16 214 0 1
19 214 0 1
21 214 0 1
23 214 0 1
25 214 0 1
28 214 0 1
32 214 0 1
34 214 0 1
35 214 0 1
38 214 0 1
39 214 0 1
40 214 0 1
41 214 0 1
42 214 0 1
44 214 0 1
50 214 0 1
56 214 0 1
57 214 0 1
62 214 0 1
63 214 0 1
64 214 0 1
65 214 0 1
66 214 0 1
67 214 0 1
8 215 0 1
9 215 0 1
13 215 0 1
19 215 0 1
25 215 0 1
27 215 0 1
34 215 0 1
36 215 0 1
38 215 0 1
40 215 0 1
41 215 0 1
48 215 0 1
52 215 0 1
58 215 0 1
61 215 0 1
62 215 0 1
8 216 0 1
9 216 0 1
27 216 0 1
34 216 0 1
36 216 0 1
38 216 0 1
41 216 0 1
48 216 0 1
58 216 0 1
61 216 0 1
62 216 0 1
27 217 0 1
32 217 0 1
34 217 0 1
36 217 0 1
38 217 0 1
40 217 0 1
41 217 0 1
48 217 0 1
52 217 0 1
56 217 0 1
58 217 0 1
61 217 0 1
62 217 0 1
63 217 0 1
65 217 0 1
160 217 0 1
1 218 0 1
28 218 0 1
30 218 0 1
31 218 0 1
32 218 0 1
33 218 0 1
35 218 0 1
37 218 0 1
42 218 0 1
43 218 0 1
44 218 0 1
45 218 0 1
49 218 0 1
50 218 0 1
51 218 0 1
53 218 0 1
54 218 0 1
55 218 0 1
56 218 0 1
57 218 0 1
59 218 0 1
60 218 0 1
63 218 0 1
64 218 0 1
65 218 0 1
66 218 0 1
67 218 0 1
68 218 0 1
69 218 0 1
77 218 0 1
81 218 0 1
82 218 0 1
84 218 0 1
85 218 0 1
143 218 0 1
155 218 0 1
157 218 0 1
158 218 0 1
161 218 0 1
162 218 0 1
163 218 0 1
165 218 0 1
166 218 0 1
32 219 0 1
44 219 0 1
50 219 0 1
51 219 0 1
52 219 0 1
54 219 0 1
55 219 0 1
56 219 0 1
57 219 0 1
62 219 0 1
63 219 0 1
64 219 0 1
65 219 0 1
66 219 0 1
67 219 0 1
68 219 0 1
74 219 0 1
76 219 0 1
78 219 0 1
85 219 0 1
86 219 0 1
144 219 0 1
147 219 0 1
150 219 0 1
151 219 0 1
153 219 0 1
157 219 0 1
161 219 0 1
166 219 0 1
34 220 0 1
36 220 0 1
38 220 0 1
47 220 0 1
48 220 0 1
52 220 0 1
54 220 0 1
56 220 0 1
58 220 0 1
61 220 0 1
62 220 0 1
65 220 0 1
72 220 0 1
76 220 0 1
78 220 0 1
79 220 0 1
80 220 0 1
86 220 0 1
147 220 0 1
159 220 0 1
160 220 0 1
161 220 0 1
166 220 0 1
34 221 0 1
36 221 0 1
38 221 0 1
46 221 0 1
47 221 0 1
48 221 0 1
52 221 0 1
58 221 0 1
61 221 0 1
62 221 0 1
70 221 0 1
71 221 0 1
72 221 0 1
76 221 0 1
79 221 0 1
80 221 0 1
145 221 0 1
149 221 0 1
156 221 0 1
159 221 0 1
160 221 0 1
164 221 0 1
29 222 0 1
46 222 0 1
47 222 0 1
70 222 0 1
156 222 0 1
159 222 0 1
164 222 0 1
32 223 0 1
38 223 0 1
41 223 0 1
44 223 0 1
50 223 0 1
51 223 0 1
52 223 0 1
54 223 0 1
56 223 0 1
57 223 0 1
61 223 0 1
62 223 0 1
63 223 0 1
64 223 0 1
65 223 0 1
66 223 0 1
67 223 0 1
74 223 0 1
76 223 0 1
78 223 0 1
85 223 0 1
86 223 0 1
147 223 0 1
161 223 0 1
166 223 0 1
29 224 0 1
46 224 0 1
47 224 0 1
70 224 0 1
71 224 0 1
80 224 0 1
145 224 0 1
156 224 0 1
159 224 0 1
164 224 0 1
34 225 0 1
36 225 0 1
38 225 0 1
47 225 0 1
48 225 0 1
52 225 0 1
54 225 0 1
58 225 0 1
61 225 0 1
62 225 0 1
65 225 0 1
72 225 0 1
76 225 0 1
78 225 0 1
79 225 0 1
80 225 0 1
86 225 0 1
159 225 0 1
160 225 0 1
161 225 0 1
1 226 0 1
28 226 0 1
30 226 0 1
31 226 0 1
32 226 0 1
35 226 0 1
40 226 0 1
41 226 0 1
42 226 0 1
44 226 0 1
45 226 0 1
50 226 0 1
51 226 0 1
54 226 0 1
55 226 0 1
56 226 0 1
57 226 0 1
59 226 0 1
63 226 0 1
64 226 0 1
65 226 0 1
66 226 0 1
67 226 0 1
68 226 0 1
74 226 0 1
78 226 0 1
85 226 0 1
155 226 0 1
157 226 0 1
161 226 0 1
162 226 0 1
166 226 0 1
27 227 0 1
34 227 0 1
36 227 0 1
38 227 0 1
46 227 0 1
47 227 0 1
48 227 0 1
52 227 0 1
58 227 0 1
61 227 0 1
62 227 0 1
70 227 0 1
71 227 0 1
72 227 0 1
76 227 0 1
79 227 0 1
80 227 0 1
156 227 0 1
159 227 0 1
160 227 0 1
164 227 0 1
28 228 0 1
32 228 0 1
38 228 0 1
40 228 0 1
41 228 0 1
44 228 0 1
50 228 0 1
51 228 0 1
54 228 0 1
56 228 0 1
57 228 0 1
62 228 0 1
63 228 0 1
64 228 0 1
65 228 0 1
66 228 0 1
67 228 0 1
68 228 0 1
78 228 0 1
85 228 0 1
86 228 0 1
157 228 0 1
161 228 0 1
166 228 0 1
32 229 0 1
34 229 0 1
36 229 0 1
38 229 0 1
40 229 0 1
41 229 0 1
44 229 0 1
48 229 0 1
50 229 0 1
52 229 0 1
54 229 0 1
56 229 0 1
58 229 0 1
61 229 0 1
62 229 0 1
63 229 0 1
64 229 0 1
65 229 0 1
66 229 0 1
67 229 0 1
74 229 0 1
76 229 0 1
78 229 0 1
85 229 0 1
86 229 0 1
160 229 0 1
161 229 0 1
166 229 0 1
27 230 0 1
34 230 0 1
36 230 0 1
38 230 0 1
41 230 0 1
47 230 0 1
48 230 0 1
52 230 0 1
58 230 0 1
61 230 0 1
62 230 0 1
65 230 0 1
76 230 0 1
78 230 0 1
79 230 0 1
80 230 0 1
159 230 0 1
160 230 0 1
9 231 0 1
27 231 0 1
34 231 0 1
36 231 0 1
38 231 0 1
41 231 0 1
47 231 0 1
48 231 0 1
52 231 0 1
58 231 0 1
61 231 0 1
62 231 0 1
76 231 0 1
79 231 0 1
80 231 0 1
159 231 0 1
160 231 0 1
29 232 0 1
46 232 0 1
47 232 0 1
156 232 0 1
159 232 0 1
164 232 0 1
27 233 0 1
34 233 0 1
36 233 0 1
38 233 0 1
46 233 0 1
47 233 0 1
48 233 0 1
52 233 0 1
58 233 0 1
61 233 0 1
62 233 0 1
70 233 0 1
79 233 0 1
80 233 0 1
156 233 0 1
159 233 0 1
160 233 0 1
164 233 0 1
27 234 0 1
34 234 0 1
36 234 0 1
38 234 0 1
47 234 0 1
48 234 0 1
52 234 0 1
58 234 0 1
61 234 0 1
62 234 0 1
76 234 0 1
79 234 0 1
80 234 0 1
159 234 0 1
160 234 0 1
164 234 0 1
28 235 0 1
31 235 0 1
32 235 0 1
41 235 0 1
44 235 0 1
45 235 0 1
50 235 0 1
51 235 0 1
54 235 0 1
55 235 0 1
56 235 0 1
57 235 0 1
59 235 0 1
62 235 0 1
63 235 0 1
64 235 0 1
65 235 0 1
66 235 0 1
67 235 0 1
68 235 0 1
74 235 0 1
78 235 0 1
85 235 0 1
86 235 0 1
155 235 0 1
157 235 0 1
161 235 0 1
166 235 0 1
29 236 0 1
46 236 0 1
47 236 0 1
70 236 0 1
80 236 0 1
156 236 0 1
159 236 0 1
164 236 0 1
29 237 0 1
36 237 0 1
46 237 0 1
47 237 0 1
48 237 0 1
58 237 0 1
70 237 0 1
79 237 0 1
80 237 0 1
156 237 0 1
159 237 0 1
160 237 0 1
164 237 0 1
27 238 0 1
29 238 0 1
34 238 0 1
36 238 0 1
38 238 0 1
46 238 0 1
47 238 0 1
48 238 0 1
52 238 0 1
58 238 0 1
61 238 0 1
70 238 0 1
71 238 0 1
72 238 0 1
79 238 0 1
80 238 0 1
156 238 0 1
159 238 0 1
160 238 0 1
164 238 0 1
27 239 0 1
34 239 0 1
36 239 0 1
38 239 0 1
47 239 0 1
48 239 0 1
52 239 0 1
58 239 0 1
61 239 0 1
62 239 0 1
72 239 0 1
76 239 0 1
79 239 0 1
80 239 0 1
159 239 0 1
160 239 0 1
164 239 0 1
27 240 0 1
32 240 0 1
34 240 0 1
36 240 0 1
38 240 0 1
41 240 0 1
44 240 0 1
48 240 0 1
50 240 0 1
52 240 0 1
54 240 0 1
56 240 0 1
58 240 0 1
61 240 0 1
62 240 0 1
63 240 0 1
65 240 0 1
66 240 0 1
76 240 0 1
78 240 0 1
79 240 0 1
86 240 0 1
159 240 0 1
160 240 0 1
161 240 0 1
166 240 0 1
46 241 0 1
47 241 0 1
70 241 0 1
71 241 0 1
72 241 0 1
80 241 0 1
88 241 0 1
96 241 0 1
97 241 0 1
145 241 0 1
149 241 0 1
156 241 0 1
159 241 0 1
164 241 0 1
46 242 0 1
47 242 0 1
70 242 0 1
71 242 0 1
80 242 0 1
96 242 0 1
145 242 0 1
149 242 0 1
156 242 0 1
159 242 0 1
164 242 0 1
46 243 0 1
47 243 0 1
48 243 0 1
52 243 0 1
70 243 0 1
71 243 0 1
72 243 0 1
79 243 0 1
80 243 0 1
96 243 0 1
145 243 0 1
149 243 0 1
156 243 0 1
159 243 0 1
160 243 0 1
164 243 0 1
34 244 0 1
36 244 0 1
38 244 0 1
46 244 0 1
47 244 0 1
48 244 0 1
52 244 0 1
58 244 0 1
61 244 0 1
62 244 0 1
70 244 0 1
71 244 0 1
72 244 0 1
76 244 0 1
79 244 0 1
80 244 0 1
149 244 0 1
159 244 0 1
160 244 0 1
164 244 0 1
46 245 0 1
47 245 0 1
48 245 0 1
52 245 0 1
58 245 0 1
61 245 0 1
70 245 0 1
71 245 0 1
72 245 0 1
76 245 0 1
79 245 0 1
80 245 0 1
145 245 0 1
149 245 0 1
156 245 0 1
159 245 0 1
160 245 0 1
164 245 0 1
32 246 0 1
44 246 0 1
50 246 0 1
52 246 0 1
54 246 0 1
56 246 0 1
62 246 0 1
63 246 0 1
64 246 0 1
65 246 0 1
66 246 0 1
67 246 0 1
74 246 0 1
76 246 0 1
78 246 0 1
85 246 0 1
86 246 0 1
98 246 0 1
100 246 0 1
144 246 0 1
146 246 0 1
147 246 0 1
148 246 0 1
150 246 0 1
151 246 0 1
153 246 0 1
157 246 0 1
161 246 0 1
166 246 0 1
46 247 0 1
47 247 0 1
48 247 0 1
70 247 0 1
71 247 0 1
72 247 0 1
79 247 0 1
80 247 0 1
96 247 0 1
145 247 0 1
149 247 0 1
156 247 0 1
159 247 0 1
160 247 0 1
164 247 0 1
34 248 0 1
36 248 0 1
38 248 0 1
47 248 0 1
48 248 0 1
52 248 0 1
58 248 0 1
61 248 0 1
62 248 0 1
70 248 0 1
71 248 0 1
72 248 0 1
76 248 0 1
78 248 0 1
79 248 0 1
80 248 0 1
86 248 0 1
145 248 0 1
149 248 0 1
159 248 0 1
160 248 0 1
161 248 0 1
164 248 0 1
34 249 0 1
38 249 0 1
48 249 0 1
50 249 0 1
52 249 0 1
54 249 0 1
56 249 0 1
58 249 0 1
61 249 0 1
62 249 0 1
63 249 0 1
65 249 0 1
74 249 0 1
76 249 0 1
78 249 0 1
79 249 0 1
85 249 0 1
86 249 0 1
147 249 0 1
150 249 0 1
153 249 0 1
160 249 0 1
161 249 0 1
166 249 0 1
32 250 0 1
44 250 0 1
48 250 0 1
50 250 0 1
52 250 0 1
54 250 0 1
56 250 0 1
61 250 0 1
62 250 0 1
63 250 0 1
64 250 0 1
65 250 0 1
66 250 0 1
74 250 0 1
76 250 0 1
78 250 0 1
85 250 0 1
86 250 0 1
100 250 0 1
144 250 0 1
147 250 0 1
150 250 0 1
151 250 0 1
153 250 0 1
160 250 0 1
161 250 0 1
166 250 0 1
48 251 0 1
50 251 0 1
52 251 0 1
54 251 0 1
56 251 0 1
61 251 0 1
62 251 0 1
65 251 0 1
74 251 0 1
76 251 0 1
78 251 0 1
79 251 0 1
85 251 0 1
86 251 0 1
98 251 0 1
100 251 0 1
147 251 0 1
150 251 0 1
151 251 0 1
153 251 0 1
160 251 0 1
161 251 0 1
166 251 0 1
44 252 0 1
50 252 0 1
51 252 0 1
54 252 0 1
56 252 0 1
63 252 0 1
64 252 0 1
65 252 0 1
66 252 0 1
67 252 0 1
74 252 0 1
76 252 0 1
78 252 0 1
85 252 0 1
86 252 0 1
98 252 0 1
99 252 0 1
100 252 0 1
144 252 0 1
146 252 0 1
147 252 0 1
148 252 0 1
150 252 0 1
151 252 0 1
153 252 0 1
157 252 0 1
161 252 0 1
166 252 0 1
44 253 0 1
50 253 0 1
52 253 0 1
54 253 0 1
56 253 0 1
62 253 0 1
63 253 0 1
65 253 0 1
66 253 0 1
74 253 0 1
76 253 0 1
78 253 0 1
85 253 0 1
86 253 0 1
98 253 0 1
100 253 0 1
144 253 0 1
147 253 0 1
148 253 0 1
150 253 0 1
151 253 0 1
153 253 0 1
161 253 0 1
166 253 0 1
52 254 0 1
54 254 0 1
74 254 0 1
76 254 0 1
78 254 0 1
79 254 0 1
85 254 0 1
86 254 0 1
92 254 0 1
93 254 0 1
98 254 0 1
99 254 0 1
100 254 0 1
102 254 0 1
139 254 0 1
140 254 0 1
144 254 0 1
147 254 0 1
150 254 0 1
151 254 0 1
153 254 0 1
161 254 0 1
166 254 0 1
48 255 0 1
52 255 0 1
71 255 0 1
72 255 0 1
76 255 0 1
78 255 0 1
79 255 0 1
80 255 0 1
86 255 0 1
92 255 0 1
98 255 0 1
140 255 0 1
141 255 0 1
147 255 0 1
149 255 0 1
153 255 0 1
159 255 0 1
160 255 0 1
161 255 0 1
46 256 0 1
47 256 0 1
48 256 0 1
52 256 0 1
70 256 0 1
71 256 0 1
72 256 0 1
76 256 0 1
79 256 0 1
80 256 0 1
88 256 0 1
89 256 0 1
91 256 0 1
96 256 0 1
97 256 0 1
130 256 0 1
131 256 0 1
145 256 0 1
149 256 0 1
156 256 0 1
159 256 0 1
160 256 0 1
164 256 0 1
46 257 0 1
47 257 0 1
70 257 0 1
71 257 0 1
72 257 0 1
79 257 0 1
80 257 0 1
88 257 0 1
89 257 0 1
91 257 0 1
96 257 0 1
97 257 0 1
130 257 0 1
131 257 0 1
136 257 0 1
145 257 0 1
149 257 0 1
156 257 0 1
159 257 0 1
160 257 0 1
164 257 0 1
46 258 0 1
70 258 0 1
71 258 0 1
72 258 0 1
80 258 0 1
88 258 0 1
89 258 0 1
91 258 0 1
96 258 0 1
97 258 0 1
130 258 0 1
131 258 0 1
136 258 0 1
145 258 0 1
149 258 0 1
156 258 0 1
164 258 0 1
46 259 0 1
47 259 0 1
70 259 0 1
71 259 0 1
72 259 0 1
76 259 0 1
79 259 0 1
80 259 0 1
89 259 0 1
91 259 0 1
92 259 0 1
96 259 0 1
97 259 0 1
130 259 0 1
131 259 0 1
136 259 0 1
141 259 0 1
145 259 0 1
149 259 0 1
156 259 0 1
159 259 0 1
160 259 0 1
164 259 0 1
47 260 0 1
48 260 0 1
52 260 0 1
70 260 0 1
71 260 0 1
72 260 0 1
76 260 0 1
79 260 0 1
80 260 0 1
91 260 0 1
92 260 0 1
96 260 0 1
97 260 0 1
131 260 0 1
140 260 0 1
141 260 0 1
145 260 0 1
149 260 0 1
159 260 0 1
160 260 0 1
164 260 0 1
46 261 0 1
47 261 0 1
70 261 0 1
71 261 0 1
72 261 0 1
79 261 0 1
80 261 0 1
88 261 0 1
89 261 0 1
91 261 0 1
96 261 0 1
97 261 0 1
130 261 0 1
131 261 0 1
136 261 0 1
145 261 0 1
149 261 0 1
156 261 0 1
159 261 0 1
160 261 0 1
164 261 0 1
74 262 0 1
76 262 0 1
78 262 0 1
85 262 0 1
86 262 0 1
92 262 0 1
93 262 0 1
98 262 0 1
99 262 0 1
100 262 0 1
102 262 0 1
122 262 0 1
139 262 0 1
140 262 0 1
141 262 0 1
144 262 0 1
147 262 0 1
148 262 0 1
150 262 0 1
151 262 0 1
153 262 0 1
161 262 0 1
166 262 0 1
70 263 0 1
71 263 0 1
88 263 0 1
89 263 0 1
91 263 0 1
96 263 0 1
97 263 0 1
108 263 0 1
109 263 0 1
123 263 0 1
130 263 0 1
131 263 0 1
136 263 0 1
145 263 0 1
149 263 0 1
73 264 0 1
75 264 0 1
81 264 0 1
82 264 0 1
84 264 0 1
87 264 0 1
90 264 0 1
93 264 0 1
94 264 0 1
95 264 0 1
99 264 0 1
101 264 0 1
103 264 0 1
106 264 0 1
111 264 0 1
117 264 0 1
118 264 0 1
119 264 0 1
120 264 0 1
124 264 0 1
125 264 0 1
126 264 0 1
132 264 0 1
133 264 0 1
134 264 0 1
135 264 0 1
137 264 0 1
138 264 0 1
142 264 0 1
143 264 0 1
144 264 0 1
146 264 0 1
148 264 0 1
152 264 0 1
154 264 0 1
74 265 0 1
86 265 0 1
92 265 0 1
93 265 0 1
94 265 0 1
98 265 0 1
99 265 0 1
100 265 0 1
102 265 0 1
107 265 0 1
110 265 0 1
113 265 0 1
116 265 0 1
122 265 0 1
125 265 0 1
127 265 0 1
138 265 0 1
139 265 0 1
140 265 0 1
141 265 0 1
144 265 0 1
147 265 0 1
148 265 0 1
150 265 0 1
151 265 0 1
153 265 0 1
161 265 0 1
70 266 0 1
71 266 0 1
72 266 0 1
88 266 0 1
89 266 0 1
91 266 0 1
96 266 0 1
97 266 0 1
104 266 0 1
105 266 0 1
108 266 0 1
109 266 0 1
114 266 0 1
115 266 0 1
121 266 0 1
123 266 0 1
128 266 0 1
129 266 0 1
130 266 0 1
131 266 0 1
136 266 0 1
141 266 0 1
145 266 0 1
149 266 0 1
71 267 0 1
72 267 0 1
88 267 0 1
89 267 0 1
91 267 0 1
96 267 0 1
97 267 0 1
104 267 0 1
108 267 0 1
109 267 0 1
115 267 0 1
121 267 0 1
123 267 0 1
128 267 0 1
130 267 0 1
131 267 0 1
136 267 0 1
145 267 0 1
149 267 0 1
73 268 0 1
74 268 0 1
75 268 0 1
81 268 0 1
82 268 0 1
84 268 0 1
85 268 0 1
86 268 0 1
90 268 0 1
93 268 0 1
94 268 0 1
95 268 0 1
98 268 0 1
99 268 0 1
100 268 0 1
101 268 0 1
102 268 0 1
103 268 0 1
106 268 0 1
117 268 0 1
118 268 0 1
119 268 0 1
120 268 0 1
124 268 0 1
125 268 0 1
126 268 0 1
132 268 0 1
133 268 0 1
134 268 0 1
135 268 0 1
137 268 0 1
138 268 0 1
139 268 0 1
142 268 0 1
143 268 0 1
144 268 0 1
146 268 0 1
147 268 0 1
148 268 0 1
150 268 0 1
151 268 0 1
152 268 0 1
153 268 0 1
154 268 0 1
157 268 0 1
161 268 0 1
72 269 0 1
76 269 0 1
86 269 0 1
92 269 0 1
98 269 0 1
100 269 0 1
102 269 0 1
105 269 0 1
107 269 0 1
110 269 0 1
121 269 0 1
122 269 0 1
127 269 0 1
128 269 0 1
129 269 0 1
131 269 0 1
139 269 0 1
140 269 0 1
141 269 0 1
147 269 0 1
150 269 0 1
153 269 0 1
70 270 0 1
71 270 0 1
72 270 0 1
79 270 0 1
80 270 0 1
88 270 0 1
89 270 0 1
91 270 0 1
92 270 0 1
96 270 0 1
97 270 0 1
104 270 0 1
105 270 0 1
108 270 0 1
115 270 0 1
121 270 0 1
123 270 0 1
128 270 0 1
129 270 0 1
130 270 0 1
131 270 0 1
136 270 0 1
140 270 0 1
141 270 0 1
145 270 0 1
149 270 0 1
74 271 0 1
86 271 0 1
92 271 0 1
93 271 0 1
94 271 0 1
98 271 0 1
99 271 0 1
100 271 0 1
102 271 0 1
107 271 0 1
110 271 0 1
113 271 0 1
122 271 0 1
125 271 0 1
127 271 0 1
138 271 0 1
139 271 0 1
140 271 0 1
141 271 0 1
144 271 0 1
147 271 0 1
148 271 0 1
150 271 0 1
151 271 0 1
153 271 0 1
161 271 0 1
74 272 0 1
75 272 0 1
78 272 0 1
81 272 0 1
85 272 0 1
86 272 0 1
90 272 0 1
93 272 0 1
94 272 0 1
95 272 0 1
98 272 0 1
99 272 0 1
100 272 0 1
101 272 0 1
102 272 0 1
103 272 0 1
117 272 0 1
118 272 0 1
122 272 0 1
124 272 0 1
125 272 0 1
132 272 0 1
135 272 0 1
137 272 0 1
138 272 0 1
139 272 0 1
143 272 0 1
144 272 0 1
146 272 0 1
147 272 0 1
148 272 0 1
150 272 0 1
151 272 0 1
152 272 0 1
153 272 0 1
154 272 0 1
155 272 0 1
157 272 0 1
161 272 0 1
166 272 0 1
70 273 0 1
71 273 0 1
72 273 0 1
76 273 0 1
79 273 0 1
80 273 0 1
88 273 0 1
89 273 0 1
91 273 0 1
92 273 0 1
96 273 0 1
97 273 0 1
104 273 0 1
105 273 0 1
121 273 0 1
123 273 0 1
128 273 0 1
129 273 0 1
130 273 0 1
131 273 0 1
136 273 0 1
140 273 0 1
141 273 0 1
145 273 0 1
149 273 0 1
159 273 0 1
160 273 0 1
164 273 0 1
52 274 0 1
70 274 0 1
71 274 0 1
72 274 0 1
76 274 0 1
78 274 0 1
79 274 0 1
80 274 0 1
86 274 0 1
91 274 0 1
92 274 0 1
96 274 0 1
97 274 0 1
98 274 0 1
100 274 0 1
104 274 0 1
105 274 0 1
107 274 0 1
110 274 0 1
114 274 0 1
121 274 0 1
123 274 0 1
127 274 0 1
128 274 0 1
129 274 0 1
130 274 0 1
131 274 0 1
139 274 0 1
140 274 0 1
141 274 0 1
145 274 0 1
147 274 0 1
149 274 0 1
153 274 0 1
159 274 0 1
160 274 0 1
47 275 0 1
70 275 0 1
71 275 0 1
72 275 0 1
76 275 0 1
79 275 0 1
80 275 0 1
89 275 0 1
91 275 0 1
92 275 0 1
96 275 0 1
97 275 0 1
121 275 0 1
128 275 0 1
129 275 0 1
130 275 0 1
131 275 0 1
136 275 0 1
140 275 0 1
141 275 0 1
145 275 0 1
149 275 0 1
159 275 0 1
160 275 0 1
164 275 0 1
70 276 0 1
71 276 0 1
72 276 0 1
80 276 0 1
88 276 0 1
89 276 0 1
91 276 0 1
96 276 0 1
97 276 0 1
123 276 0 1
130 276 0 1
131 276 0 1
136 276 0 1
145 276 0 1
149 276 0 1
156 276 0 1
164 276 0 1
70 277 0 1
71 277 0 1
72 277 0 1
76 277 0 1
79 277 0 1
80 277 0 1
89 277 0 1
91 277 0 1
92 277 0 1
96 277 0 1
97 277 0 1
105 277 0 1
121 277 0 1
128 277 0 1
129 277 0 1
130 277 0 1
131 277 0 1
136 277 0 1
140 277 0 1
141 277 0 1
145 277 0 1
149 277 0 1
160 277 0 1
74 278 0 1
76 278 0 1
78 278 0 1
85 278 0 1
86 278 0 1
92 278 0 1
93 278 0 1
94 278 0 1
98 278 0 1
99 278 0 1
100 278 0 1
102 278 0 1
122 278 0 1
125 278 0 1
127 278 0 1
138 278 0 1
139 278 0 1
140 278 0 1
141 278 0 1
144 278 0 1
146 278 0 1
147 278 0 1
148 278 0 1
150 278 0 1
151 278 0 1
153 278 0 1
161 278 0 1
70 279 0 1
71 279 0 1
72 279 0 1
79 279 0 1
80 279 0 1
88 279 0 1
89 279 0 1
91 279 0 1
96 279 0 1
97 279 0 1
104 279 0 1
108 279 0 1
121 279 0 1
123 279 0 1
128 279 0 1
129 279 0 1
130 279 0 1
131 279 0 1
136 279 0 1
145 279 0 1
149 279 0 1
164 279 0 1
88 280 0 1
89 280 0 1
91 280 0 1
96 280 0 1
97 280 0 1
104 280 0 1
108 280 0 1
109 280 0 1
115 280 0 1
123 280 0 1
130 280 0 1
131 280 0 1
136 280 0 1
90 281 0 1
93 281 0 1
94 281 0 1
95 281 0 1
99 281 0 1
101 281 0 1
102 281 0 1
103 281 0 1
106 281 0 1
111 281 0 1
112 281 0 1
117 281 0 1
118 281 0 1
119 281 0 1
120 281 0 1
124 281 0 1
125 281 0 1
126 281 0 1
132 281 0 1
133 281 0 1
134 281 0 1
135 281 0 1
137 281 0 1
138 281 0 1
142 281 0 1
143 281 0 1
152 281 0 1
154 281 0 1
90 282 0 1
93 282 0 1
94 282 0 1
95 282 0 1
98 282 0 1
99 282 0 1
100 282 0 1
102 282 0 1
106 282 0 1
107 282 0 1
112 282 0 1
113 282 0 1
116 282 0 1
117 282 0 1
118 282 0 1
119 282 0 1
122 282 0 1
124 282 0 1
125 282 0 1
126 282 0 1
132 282 0 1
135 282 0 1
137 282 0 1
138 282 0 1
139 282 0 1
151 282 0 1
152 282 0 1
153 282 0 1
88 283 0 1
89 283 0 1
91 283 0 1
96 283 0 1
97 283 0 1
104 283 0 1
105 283 0 1
108 283 0 1
109 283 0 1
114 283 0 1
115 283 0 1
121 283 0 1
123 283 0 1
128 283 0 1
129 283 0 1
130 283 0 1
131 283 0 1
136 283 0 1
141 283 0 1
149 283 0 1
92 284 0 1
93 284 0 1
94 284 0 1
98 284 0 1
99 284 0 1
100 284 0 1
102 284 0 1
107 284 0 1
110 284 0 1
112 284 0 1
113 284 0 1
116 284 0 1
117 284 0 1
122 284 0 1
124 284 0 1
125 284 0 1
127 284 0 1
132 284 0 1
137 284 0 1
138 284 0 1
139 284 0 1
140 284 0 1
141 284 0 1
151 284 0 1
153 284 0 1
91 285 0 1
92 285 0 1
97 285 0 1
104 285 0 1
105 285 0 1
107 285 0 1
108 285 0 1
110 285 0 1
113 285 0 1
114 285 0 1
115 285 0 1
121 285 0 1
123 285 0 1
127 285 0 1
128 285 0 1
129 285 0 1
130 285 0 1
131 285 0 1
136 285 0 1
140 285 0 1
141 285 0 1
103 286 0 1
106 286 0 1
111 286 0 1
118 286 0 1
119 286 0 1
120 286 0 1
126 286 0 1
133 286 0 1
134 286 0 1
135 286 0 1
142 286 0 1
90 287 0 1
93 287 0 1
94 287 0 1
95 287 0 1
101 287 0 1
103 287 0 1
106 287 0 1
111 287 0 1
112 287 0 1
117 287 0 1
118 287 0 1
119 287 0 1
120 287 0 1
124 287 0 1
125 287 0 1
126 287 0 1
132 287 0 1
133 287 0 1
134 287 0 1
135 287 0 1
137 287 0 1
138 287 0 1
142 287 0 1
143 287 0 1
89 288 0 1
104 288 0 1
108 288 0 1
109 288 0 1
114 288 0 1
115 288 0 1
121 288 0 1
123 288 0 1
128 288 0 1
130 288 0 1
131 288 0 1
136 288 0 1
90 289 0 1
95 289 0 1
103 289 0 1
106 289 0 1
111 289 0 1
112 289 0 1
117 289 0 1
118 289 0 1
119 289 0 1
120 289 0 1
124 289 0 1
126 289 0 1
132 289 0 1
133 289 0 1
134 289 0 1
135 289 0 1
137 289 0 1
142 289 0 1
143 289 0 1
89 290 0 1
91 290 0 1
104 290 0 1
105 290 0 1
108 290 0 1
109 290 0 1
110 290 0 1
114 290 0 1
115 290 0 1
121 290 0 1
123 290 0 1
127 290 0 1
128 290 0 1
129 290 0 1
130 290 0 1
131 290 0 1
136 290 0 1
141 290 0 1
90 291 0 1
93 291 0 1
94 291 0 1
95 291 0 1
103 291 0 1
106 291 0 1
111 291 0 1
112 291 0 1
117 291 0 1
118 291 0 1
119 291 0 1
120 291 0 1
124 291 0 1
125 291 0 1
126 291 0 1
132 291 0 1
133 291 0 1
134 291 0 1
135 291 0 1
137 291 0 1
138 291 0 1
142 291 0 1
90 292 0 1
93 292 0 1
94 292 0 1
95 292 0 1
103 292 0 1
106 292 0 1
111 292 0 1
112 292 0 1
116 292 0 1
117 292 0 1
118 292 0 1
119 292 0 1
120 292 0 1
124 292 0 1
125 292 0 1
126 292 0 1
132 292 0 1
133 292 0 1
134 292 0 1
135 292 0 1
137 292 0 1
138 292 0 1
142 292 0 1
93 293 0 1
94 293 0 1
95 293 0 1
99 293 0 1
102 293 0 1
106 293 0 1
107 293 0 1
110 293 0 1
112 293 0 1
113 293 0 1
116 293 0 1
117 293 0 1
118 293 0 1
122 293 0 1
124 293 0 1
125 293 0 1
126 293 0 1
132 293 0 1
137 293 0 1
138 293 0 1
139 293 0 1
95 294 0 1
106 294 0 1
111 294 0 1
112 294 0 1
117 294 0 1
118 294 0 1
119 294 0 1
120 294 0 1
124 294 0 1
126 294 0 1
132 294 0 1
133 294 0 1
134 294 0 1
135 294 0 1
137 294 0 1
142 294 0 1
93 295 0 1
94 295 0 1
95 295 0 1
106 295 0 1
107 295 0 1
110 295 0 1
112 295 0 1
113 295 0 1
116 295 0 1
117 295 0 1
118 295 0 1
119 295 0 1
122 295 0 1
124 295 0 1
125 295 0 1
126 295 0 1
132 295 0 1
137 295 0 1
138 295 0 1
139 295 0 1
91 296 0 1
104 296 0 1
105 296 0 1
108 296 0 1
109 296 0 1
114 296 0 1
115 296 0 1
121 296 0 1
123 296 0 1
128 296 0 1
129 296 0 1
130 296 0 1
131 296 0 1
136 296 0 1
105 297 0 1
107 297 0 1
110 297 0 1
112 297 0 1
113 297 0 1
114 297 0 1
116 297 0 1
121 297 0 1
122 297 0 1
127 297 0 1
128 297 0 1
129 297 0 1
139 297 0 1
140 297 0 1
141 297 0 1
107 298 0 1
110 298 0 1
112 298 0 1
113 298 0 1
116 298 0 1
122 298 0 1
124 298 0 1
125 298 0 1
127 298 0 1
138 298 0 1
139 298 0 1
140 298 0 1
93 299 0 1
94 299 0 1
106 299 0 1
107 299 0 1
112 299 0 1
113 299 0 1
116 299 0 1
117 299 0 1
118 299 0 1
119 299 0 1
122 299 0 1
124 299 0 1
125 299 0 1
126 299 0 1
132 299 0 1
137 299 0 1
138 299 0 1
139 299 0 1
90 300 0 1
94 300 0 1
95 300 0 1
106 300 0 1
111 300 0 1
112 300 0 1
116 300 0 1
117 300 0 1
118 300 0 1
119 300 0 1
120 300 0 1
124 300 0 1
125 300 0 1
126 300 0 1
132 300 0 1
133 300 0 1
134 300 0 1
135 300 0 1
137 300 0 1
138 300 0 1
88 301 0 1
89 301 0 1
91 301 0 1
96 301 0 1
97 301 0 1
104 301 0 1
105 301 0 1
108 301 0 1
109 301 0 1
114 301 0 1
115 301 0 1
121 301 0 1
123 301 0 1
128 301 0 1
129 301 0 1
130 301 0 1
131 301 0 1
136 301 0 1
93 302 0 1
94 302 0 1
95 302 0 1
98 302 0 1
99 302 0 1
100 302 0 1
102 302 0 1
107 302 0 1
110 302 0 1
112 302 0 1
113 302 0 1
116 302 0 1
117 302 0 1
118 302 0 1
122 302 0 1
124 302 0 1
125 302 0 1
126 302 0 1
127 302 0 1
132 302 0 1
137 302 0 1
138 302 0 1
139 302 0 1
140 302 0 1
151 302 0 1
88 303 0 1
89 303 0 1
91 303 0 1
97 303 0 1
104 303 0 1
105 303 0 1
108 303 0 1
109 303 0 1
114 303 0 1
115 303 0 1
121 303 0 1
123 303 0 1
128 303 0 1
129 303 0 1
130 303 0 1
131 303 0 1
136 303 0 1
141 303 0 1
92 304 0 1
104 304 0 1
105 304 0 1
107 304 0 1
110 304 0 1
113 304 0 1
114 304 0 1
115 304 0 1
121 304 0 1
122 304 0 1
123 304 0 1
127 304 0 1
128 304 0 1
129 304 0 1
131 304 0 1
139 304 0 1
140 304 0 1
141 304 0 1
90 305 0 1
93 305 0 1
94 305 0 1
95 305 0 1
103 305 0 1
106 305 0 1
111 305 0 1
112 305 0 1
117 305 0 1
118 305 0 1
119 305 0 1
120 305 0 1
124 305 0 1
125 305 0 1
126 305 0 1
132 305 0 1
133 305 0 1
134 305 0 1
135 305 0 1
137 305 0 1
138 305 0 1
142 305 0 1
90 306 0 1
93 306 0 1
94 306 0 1
95 306 0 1
99 306 0 1
102 306 0 1
103 306 0 1
106 306 0 1
111 306 0 1
112 306 0 1
116 306 0 1
117 306 0 1
118 306 0 1
119 306 0 1
120 306 0 1
122 306 0 1
124 306 0 1
125 306 0 1
126 306 0 1
132 306 0 1
133 306 0 1
134 306 0 1
135 306 0 1
137 306 0 1
138 306 0 1
139 306 0 1
142 306 0 1
90 307 0 1
93 307 0 1
94 307 0 1
95 307 0 1
99 307 0 1
102 307 0 1
106 307 0 1
107 307 0 1
112 307 0 1
113 307 0 1
116 307 0 1
117 307 0 1
118 307 0 1
119 307 0 1
122 307 0 1
124 307 0 1
125 307 0 1
126 307 0 1
132 307 0 1
135 307 0 1
137 307 0 1
138 307 0 1
139 307 0 1
88 308 0 1
89 308 0 1
91 308 0 1
96 308 0 1
97 308 0 1
104 308 0 1
108 308 0 1
109 308 0 1
115 308 0 1
121 308 0 1
123 308 0 1
128 308 0 1
130 308 0 1
131 308 0 1
136 308 0 1
145 308 0 1
149 308 0 1
75 309 0 1
90 309 0 1
93 309 0 1
94 309 0 1
95 309 0 1
99 309 0 1
100 309 0 1
101 309 0 1
102 309 0 1
103 309 0 1
106 309 0 1
111 309 0 1
112 309 0 1
117 309 0 1
118 309 0 1
119 309 0 1
120 309 0 1
124 309 0 1
125 309 0 1
126 309 0 1
132 309 0 1
133 309 0 1
134 309 0 1
135 309 0 1
137 309 0 1
138 309 0 1
139 309 0 1
142 309 0 1
143 309 0 1
144 309 0 1
146 309 0 1
148 309 0 1
150 309 0 1
151 309 0 1
152 309 0 1
154 309 0 1
72 310 0 1
91 310 0 1
92 310 0 1
96 310 0 1
97 310 0 1
98 310 0 1
104 310 0 1
105 310 0 1
107 310 0 1
110 310 0 1
113 310 0 1
114 310 0 1
115 310 0 1
121 310 0 1
122 310 0 1
123 310 0 1
127 310 0 1
128 310 0 1
129 310 0 1
130 310 0 1
131 310 0 1
136 310 0 1
139 310 0 1
140 310 0 1
141 310 0 1
149 310 0 1
86 311 0 1
92 311 0 1
93 311 0 1
94 311 0 1
98 311 0 1
99 311 0 1
100 311 0 1
102 311 0 1
105 311 0 1
107 311 0 1
110 311 0 1
112 311 0 1
113 311 0 1
116 311 0 1
122 311 0 1
125 311 0 1
127 311 0 1
137 311 0 1
138 311 0 1
139 311 0 1
140 311 0 1
141 311 0 1
147 311 0 1
150 311 0 1
151 311 0 1
153 311 0 1
92 312 0 1
98 312 0 1
104 312 0 1
105 312 0 1
107 312 0 1
110 312 0 1
113 312 0 1
114 312 0 1
116 312 0 1
121 312 0 1
122 312 0 1
127 312 0 1
128 312 0 1
129 312 0 1
131 312 0 1
139 312 0 1
140 312 0 1
141 312 0 1
153 312 0 1
92 313 0 1
93 313 0 1
98 313 0 1
100 313 0 1
102 313 0 1
104 313 0 1
105 313 0 1
107 313 0 1
110 313 0 1
113 313 0 1
114 313 0 1
116 313 0 1
121 313 0 1
122 313 0 1
127 313 0 1
128 313 0 1
129 313 0 1
131 313 0 1
139 313 0 1
140 313 0 1
141 313 0 1
147 313 0 1
150 313 0 1
151 313 0 1
153 313 0 1
91 314 0 1
92 314 0 1
97 314 0 1
104 314 0 1
105 314 0 1
107 314 0 1
108 314 0 1
110 314 0 1
114 314 0 1
115 314 0 1
121 314 0 1
123 314 0 1
127 314 0 1
128 314 0 1
129 314 0 1
130 314 0 1
131 314 0 1
136 314 0 1
140 314 0 1
141 314 0 1
149 314 0 1
88 315 0 1
89 315 0 1
91 315 0 1
92 315 0 1
96 315 0 1
97 315 0 1
104 315 0 1
105 315 0 1
108 315 0 1
109 315 0 1
114 315 0 1
115 315 0 1
121 315 0 1
123 315 0 1
127 315 0 1
128 315 0 1
129 315 0 1
130 315 0 1
131 315 0 1
136 315 0 1
140 315 0 1
141 315 0 1
145 315 0 1
149 315 0 1
1 316 0 1
43 316 0 1
44 316 0 1
45 316 0 1
49 316 0 1
50 316 0 1
51 316 0 1
53 316 0 1
54 316 0 1
55 316 0 1
59 316 0 1
67 316 0 1
68 316 0 1
73 316 0 1
74 316 0 1
75 316 0 1
77 316 0 1
81 316 0 1
82 316 0 1
83 316 0 1
84 316 0 1
85 316 0 1
87 316 0 1
90 316 0 1
95 316 0 1
99 316 0 1
101 316 0 1
103 316 0 1
142 316 0 1
143 316 0 1
144 316 0 1
146 316 0 1
148 316 0 1
150 316 0 1
151 316 0 1
152 316 0 1
154 316 0 1
155 316 0 1
157 316 0 1
158 316 0 1
161 316 0 1
162 316 0 1
163 316 0 1
165 316 0 1
166 316 0 1
167 316 0 1
48 317 0 1
52 317 0 1
54 317 0 1
56 317 0 1
72 317 0 1
74 317 0 1
76 317 0 1
78 317 0 1
79 317 0 1
85 317 0 1
86 317 0 1
92 317 0 1
98 317 0 1
100 317 0 1
102 317 0 1
147 317 0 1
150 317 0 1
151 317 0 1
153 317 0 1
160 317 0 1
161 317 0 1
166 317 0 1
46 318 0 1
47 318 0 1
70 318 0 1
71 318 0 1
72 318 0 1
79 318 0 1
80 318 0 1
88 318 0 1
89 318 0 1
91 318 0 1
96 318 0 1
97 318 0 1
145 318 0 1
149 318 0 1
156 318 0 1
159 318 0 1
164 318 0 1
46 319 0 1
47 319 0 1
70 319 0 1
71 319 0 1
80 319 0 1
88 319 0 1
89 319 0 1
96 319 0 1
97 319 0 1
145 319 0 1
149 319 0 1
156 319 0 1
159 319 0 1
164 319 0 1
47 320 0 1
48 320 0 1
52 320 0 1
70 320 0 1
71 320 0 1
72 320 0 1
74 320 0 1
76 320 0 1
78 320 0 1
79 320 0 1
80 320 0 1
86 320 0 1
92 320 0 1
98 320 0 1
147 320 0 1
149 320 0 1
150 320 0 1
153 320 0 1
159 320 0 1
160 320 0 1
161 320 0 1
47 321 0 1
48 321 0 1
52 321 0 1
70 321 0 1
71 321 0 1
72 321 0 1
76 321 0 1
79 321 0 1
80 321 0 1
92 321 0 1
97 321 0 1
145 321 0 1
149 321 0 1
159 321 0 1
160 321 0 1
164 321 0 1
46 322 0 1
47 322 0 1
48 322 0 1
52 322 0 1
70 322 0 1
71 322 0 1
72 322 0 1
76 322 0 1
79 322 0 1
80 322 0 1
89 322 0 1
91 322 0 1
96 322 0 1
97 322 0 1
130 322 0 1
131 322 0 1
145 322 0 1
149 322 0 1
156 322 0 1
159 322 0 1
160 322 0 1
164 322 0 1
46 323 0 1
47 323 0 1
70 323 0 1
71 323 0 1
72 323 0 1
79 323 0 1
80 323 0 1
88 323 0 1
89 323 0 1
91 323 0 1
96 323 0 1
97 323 0 1
130 323 0 1
145 323 0 1
149 323 0 1
156 323 0 1
159 323 0 1
160 323 0 1
164 323 0 1
46 324 0 1
47 324 0 1
70 324 0 1
71 324 0 1
72 324 0 1
80 324 0 1
88 324 0 1
89 324 0 1
91 324 0 1
96 324 0 1
97 324 0 1
130 324 0 1
136 324 0 1
145 324 0 1
149 324 0 1
156 324 0 1
159 324 0 1
164 324 0 1
29 325 0 1
46 325 0 1
156 325 0 1
1 326 0 1
10 326 0 1
11 326 0 1
15 326 0 1
16 326 0 1
26 326 0 1
28 326 0 1
30 326 0 1
31 326 0 1
32 326 0 1
33 326 0 1
35 326 0 1
37 326 0 1
39 326 0 1
40 326 0 1
41 326 0 1
42 326 0 1
44 326 0 1
45 326 0 1
50 326 0 1
51 326 0 1
54 326 0 1
55 326 0 1
56 326 0 1
57 326 0 1
59 326 0 1
60 326 0 1
63 326 0 1
64 326 0 1
65 326 0 1
66 326 0 1
67 326 0 1
68 326 0 1
155 326 0 1
157 326 0 1
161 326 0 1
162 326 0 1
166 326 0 1
8 327 0 1
9 327 0 1
13 327 0 1
15 327 0 1
19 327 0 1
25 327 0 1
27 327 0 1
28 327 0 1
32 327 0 1
34 327 0 1
36 327 0 1
38 327 0 1
39 327 0 1
40 327 0 1
41 327 0 1
42 327 0 1
44 327 0 1
48 327 0 1
50 327 0 1
52 327 0 1
54 327 0 1
56 327 0 1
57 327 0 1
58 327 0 1
61 327 0 1
62 327 0 1
63 327 0 1
64 327 0 1
65 327 0 1
66 327 0 1
67 327 0 1
68 327 0 1
161 327 0 1
166 327 0 1
27 328 0 1
29 328 0 1
34 328 0 1
36 328 0 1
38 328 0 1
46 328 0 1
47 328 0 1
48 328 0 1
58 328 0 1
61 328 0 1
156 328 0 1
159 328 0 1
160 328 0 1
164 328 0 1
9 329 0 1
27 329 0 1
29 329 0 1
34 329 0 1
36 329 0 1
38 329 0 1
46 329 0 1
47 329 0 1
48 329 0 1
52 329 0 1
58 329 0 1
61 329 0 1
62 329 0 1
79 329 0 1
80 329 0 1
156 329 0 1
159 329 0 1
160 329 0 1
164 329 0 1
28 330 0 1
31 330 0 1
32 330 0 1
35 330 0 1
39 330 0 1
40 330 0 1
41 330 0 1
42 330 0 1
44 330 0 1
50 330 0 1
51 330 0 1
54 330 0 1
56 330 0 1
57 330 0 1
59 330 0 1
62 330 0 1
63 330 0 1
64 330 0 1
65 330 0 1
66 330 0 1
67 330 0 1
68 330 0 1
161 330 0 1
166 330 0 1
27 331 0 1
29 331 0 1
34 331 0 1
36 331 0 1
46 331 0 1
47 331 0 1
48 331 0 1
58 331 0 1
61 331 0 1
156 331 0 1
159 331 0 1
160 331 0 1
164 331 0 1
27 332 0 1
29 332 0 1
34 332 0 1
36 332 0 1
38 332 0 1
46 332 0 1
47 332 0 1
48 332 0 1
52 332 0 1
58 332 0 1
61 332 0 1
62 332 0 1
156 332 0 1
159 332 0 1
160 332 0 1
164 332 0 1
29 333 0 1
46 333 0 1
47 333 0 1
156 333 0 1
159 333 0 1
164 333 0 1
9 334 0 1
27 334 0 1
32 334 0 1
34 334 0 1
36 334 0 1
38 334 0 1
40 334 0 1
41 334 0 1
44 334 0 1
48 334 0 1
50 334 0 1
52 334 0 1
54 334 0 1
56 334 0 1
58 334 0 1
61 334 0 1
62 334 0 1
63 334 0 1
64 334 0 1
65 334 0 1
66 334 0 1
76 334 0 1
78 334 0 1
160 334 0 1
161 334 0 1
166 334 0 1
