1 3 0 0
2 4 0 0
2 5 0 0
5 6 0 0
7 8 0 0
1 9 0 0
5 10 0 0
6 10 0 0
2 11 0 0
5 11 0 0
6 11 0 0
10 11 0 0
2 12 0 0
5 12 0 0
6 12 0 0
11 12 0 0
5 13 0 0
6 13 0 0
10 13 0 0
11 13 0 0
12 13 0 0
1 14 0 0
3 14 0 0
2 15 0 0
4 15 0 0
5 15 0 0
6 15 0 0
11 15 0 0
12 15 0 0
2 16 0 0
4 16 0 0
5 16 0 0
6 16 0 0
10 16 0 0
11 16 0 0
12 16 0 0
13 16 0 0
15 16 0 0
2 17 0 0
4 17 0 0
5 17 0 0
6 17 0 0
11 17 0 0
12 17 0 0
15 17 0 0
16 17 0 0
1 18 0 1
8 18 0 1
9 18 0 1
1 19 0 1
1 20 0 1
3 20 0 1
9 20 0 1
14 20 0 1
1 21 0 1
1 22 0 1
1 24 0 1
9 24 0 1
6 25 0 1
11 25 0 1
12 25 0 1
17 25 0 1
12 26 0 1
6 28 0 1
11 28 0 1
12 28 0 1
9 29 0 1
1 30 0 1
9 30 0 1
1 32 0 1
6 35 0 1
7 35 0 1
8 35 0 1
11 35 0 1
12 35 0 1
13 35 0 1
