2 4 0 0
2 5 0 0
4 5 0 0
2 6 0 0
4 6 0 0
5 6 0 0
2 8 0 0
4 8 0 0
5 8 0 0
6 8 0 0
3 9 0 0
2 10 0 0
4 10 0 0
5 10 0 0
6 10 0 0
8 10 0 0
7 11 0 0
7 12 0 0
11 12 0 0
7 13 0 0
11 13 0 0
12 13 0 0
7 14 0 0
11 14 0 0
12 14 0 0
13 14 0 0
7 15 0 0
11 15 0 0
12 15 0 0
13 15 0 0
14 15 0 0
5 16 0 0
10 16 0 0
3 17 0 0
5 17 0 0
16 17 0 0
3 18 0 0
9 18 0 0
17 18 0 0
7 19 0 0
11 19 0 0
12 19 0 0
13 19 0 0
14 19 0 0
15 19 0 0
5 20 0 0
6 20 0 0
8 20 0 0
10 20 0 0
16 20 0 0
17 20 0 0
5 21 0 0
6 21 0 0
10 21 0 0
16 21 0 0
17 21 0 0
18 21 0 0
20 21 0 0
7 22 0 0
11 22 0 0
12 22 0 0
13 22 0 0
14 22 0 0
15 22 0 0
19 22 0 0
3 23 0 0
4 23 0 0
5 23 0 0
6 23 0 0
8 23 0 0
10 23 0 0
16 23 0 0
17 23 0 0
20 23 0 0
21 23 0 0
2 24 0 0
4 24 0 0
5 24 0 0
6 24 0 0
8 24 0 0
10 24 0 0
16 24 0 0
17 24 0 0
20 24 0 0
21 24 0 0
23 24 0 0
3 25 0 0
5 25 0 0
6 25 0 0
10 25 0 0
16 25 0 0
17 25 0 0
18 25 0 0
20 25 0 0
21 25 0 0
23 25 0 0
24 25 0 0
16 26 0 0
17 26 0 0
20 26 0 0
21 26 0 0
23 26 0 0
24 26 0 0
25 26 0 0
8 27 0 0
10 27 0 0
16 27 0 0
20 27 0 0
21 27 0 0
24 27 0 0
26 27 0 0
8 28 0 0
20 28 0 0
24 28 0 0
26 28 0 0
27 28 0 0
8 29 0 0
10 29 0 0
16 29 0 0
20 29 0 0
21 29 0 0
24 29 0 0
26 29 0 0
27 29 0 0
28 29 0 0
16 30 0 0
17 30 0 0
18 30 0 0
20 30 0 0
21 30 0 0
25 30 0 0
26 30 0 0
27 30 0 0
12 31 0 0
13 31 0 0
14 31 0 0
15 31 0 0
19 31 0 0
11 32 0 0
14 32 0 0
15 32 0 0
31 32 0 0
16 33 0 0
17 33 0 0
18 33 0 0
21 33 0 0
26 33 0 0
30 33 0 0
16 34 0 0
17 34 0 0
20 34 0 0
21 34 0 0
26 34 0 0
27 34 0 0
29 34 0 0
30 34 0 0
33 34 0 0
16 35 0 0
20 35 0 0
21 35 0 0
26 35 0 0
27 35 0 0
28 35 0 0
29 35 0 0
30 35 0 0
34 35 0 0
16 36 0 0
20 36 0 0
21 36 0 0
26 36 0 0
27 36 0 0
28 36 0 0
29 36 0 0
30 36 0 0
34 36 0 0
35 36 0 0
16 37 0 0
17 37 0 0
20 37 0 0
21 37 0 0
26 37 0 0
27 37 0 0
28 37 0 0
29 37 0 0
30 37 0 0
33 37 0 0
34 37 0 0
35 37 0 0
36 37 0 0
7 38 0 0
11 38 0 0
12 38 0 0
13 38 0 0
14 38 0 0
15 38 0 0
19 38 0 0
22 38 0 0
31 38 0 0
32 38 0 0
16 39 0 0
17 39 0 0
20 39 0 0
21 39 0 0
23 39 0 0
24 39 0 0
25 39 0 0
26 39 0 0
27 39 0 0
29 39 0 0
30 39 0 0
33 39 0 0
34 39 0 0
35 39 0 0
36 39 0 0
37 39 0 0
8 40 0 0
10 40 0 0
20 40 0 0
24 40 0 0
26 40 0 0
27 40 0 0
28 40 0 0
29 40 0 0
34 40 0 0
35 40 0 0
36 40 0 0
37 40 0 0
16 41 0 0
17 41 0 0
18 41 0 0
21 41 0 0
25 41 0 0
26 41 0 0
30 41 0 0
33 41 0 0
34 41 0 0
37 41 0 0
39 41 0 0
16 42 0 0
17 42 0 0
18 42 0 0
20 42 0 0
21 42 0 0
23 42 0 0
24 42 0 0
25 42 0 0
26 42 0 0
27 42 0 0
29 42 0 0
30 42 0 0
33 42 0 0
34 42 0 0
35 42 0 0
36 42 0 0
37 42 0 0
39 42 0 0
41 42 0 0
16 43 0 0
17 43 0 0
20 43 0 0
21 43 0 0
23 43 0 0
24 43 0 0
25 43 0 0
26 43 0 0
27 43 0 0
29 43 0 0
30 43 0 0
33 43 0 0
34 43 0 0
35 43 0 0
36 43 0 0
37 43 0 0
39 43 0 0
40 43 0 0
41 43 0 0
42 43 0 0
32 44 0 0
16 45 0 0
17 45 0 0
26 45 0 0
30 45 0 0
33 45 0 0
34 45 0 0
37 45 0 0
39 45 0 0
41 45 0 0
42 45 0 0
43 45 0 0
16 46 0 0
26 46 0 0
27 46 0 0
29 46 0 0
30 46 0 0
33 46 0 0
34 46 0 0
35 46 0 0
36 46 0 0
37 46 0 0
39 46 0 0
42 46 0 0
43 46 0 0
45 46 0 0
16 47 0 0
20 47 0 0
26 47 0 0
27 47 0 0
28 47 0 0
29 47 0 0
30 47 0 0
34 47 0 0
35 47 0 0
36 47 0 0
37 47 0 0
39 47 0 0
40 47 0 0
42 47 0 0
43 47 0 0
45 47 0 0
46 47 0 0
33 48 0 0
44 48 0 0
33 49 0 0
44 49 0 0
45 49 0 0
48 49 0 0
30 50 0 0
33 50 0 0
41 50 0 0
45 50 0 0
46 50 0 0
48 50 0 0
49 50 0 0
15 51 0 0
31 51 0 0
32 51 0 0
38 51 0 0
44 51 0 0
30 52 0 0
33 52 0 0
34 52 0 0
37 52 0 0
41 52 0 0
42 52 0 0
43 52 0 0
45 52 0 0
46 52 0 0
48 52 0 0
49 52 0 0
50 52 0 0
30 53 0 0
33 53 0 0
41 53 0 0
44 53 0 0
45 53 0 0
48 53 0 0
49 53 0 0
50 53 0 0
52 53 0 0
26 54 0 0
27 54 0 0
28 54 0 0
29 54 0 0
34 54 0 0
35 54 0 0
36 54 0 0
37 54 0 0
40 54 0 0
46 54 0 0
47 54 0 0
16 55 0 0
17 55 0 0
26 55 0 0
27 55 0 0
30 55 0 0
33 55 0 0
34 55 0 0
35 55 0 0
36 55 0 0
37 55 0 0
39 55 0 0
41 55 0 0
42 55 0 0
43 55 0 0
45 55 0 0
46 55 0 0
47 55 0 0
49 55 0 0
50 55 0 0
52 55 0 0
53 55 0 0
54 55 0 0
27 56 0 0
28 56 0 0
29 56 0 0
35 56 0 0
36 56 0 0
40 56 0 0
47 56 0 0
54 56 0 0
32 57 0 0
44 57 0 0
48 57 0 0
49 57 0 0
51 57 0 0
53 57 0 0
26 58 0 0
27 58 0 0
28 58 0 0
29 58 0 0
34 58 0 0
35 58 0 0
36 58 0 0
37 58 0 0
40 58 0 0
46 58 0 0
47 58 0 0
54 58 0 0
55 58 0 0
56 58 0 0
26 59 0 0
27 59 0 0
29 59 0 0
30 59 0 0
33 59 0 0
34 59 0 0
35 59 0 0
36 59 0 0
37 59 0 0
42 59 0 0
43 59 0 0
45 59 0 0
46 59 0 0
47 59 0 0
50 59 0 0
52 59 0 0
54 59 0 0
55 59 0 0
56 59 0 0
58 59 0 0
15 60 0 0
19 60 0 0
31 60 0 0
32 60 0 0
38 60 0 0
51 60 0 0
14 61 0 0
15 61 0 0
19 61 0 0
31 61 0 0
32 61 0 0
38 61 0 0
51 61 0 0
57 61 0 0
60 61 0 0
15 62 0 0
32 62 0 0
38 62 0 0
44 62 0 0
48 62 0 0
51 62 0 0
53 62 0 0
57 62 0 0
60 62 0 0
61 62 0 0
17 63 0 0
18 63 0 0
30 63 0 0
33 63 0 0
34 63 0 0
39 63 0 0
41 63 0 0
42 63 0 0
43 63 0 0
45 63 0 0
46 63 0 0
48 63 0 0
49 63 0 0
50 63 0 0
52 63 0 0
53 63 0 0
55 63 0 0
20 64 0 0
26 64 0 0
27 64 0 0
28 64 0 0
29 64 0 0
34 64 0 0
35 64 0 0
36 64 0 0
37 64 0 0
40 64 0 0
46 64 0 0
47 64 0 0
54 64 0 0
56 64 0 0
58 64 0 0
59 64 0 0
16 65 0 0
17 65 0 0
18 65 0 0
20 65 0 0
21 65 0 0
26 65 0 0
27 65 0 0
30 65 0 0
33 65 0 0
34 65 0 0
35 65 0 0
36 65 0 0
37 65 0 0
39 65 0 0
41 65 0 0
42 65 0 0
43 65 0 0
45 65 0 0
46 65 0 0
47 65 0 0
49 65 0 0
50 65 0 0
52 65 0 0
53 65 0 0
55 65 0 0
58 65 0 0
59 65 0 0
63 65 0 0
15 66 0 0
32 66 0 0
38 66 0 0
44 66 0 0
48 66 0 0
51 66 0 0
57 66 0 0
60 66 0 0
61 66 0 0
62 66 0 0
15 67 0 0
31 67 0 0
32 67 0 0
38 67 0 0
44 67 0 0
51 67 0 0
57 67 0 0
60 67 0 0
61 67 0 0
62 67 0 0
66 67 0 0
16 68 0 0
17 68 0 0
20 68 0 0
21 68 0 0
26 68 0 0
27 68 0 0
29 68 0 0
30 68 0 0
33 68 0 0
34 68 0 0
35 68 0 0
36 68 0 0
37 68 0 0
39 68 0 0
41 68 0 0
42 68 0 0
43 68 0 0
45 68 0 0
46 68 0 0
47 68 0 0
49 68 0 0
50 68 0 0
52 68 0 0
53 68 0 0
54 68 0 0
55 68 0 0
58 68 0 0
59 68 0 0
63 68 0 0
64 68 0 0
65 68 0 0
16 69 0 0
20 69 0 0
21 69 0 0
26 69 0 0
27 69 0 0
28 69 0 0
29 69 0 0
30 69 0 0
34 69 0 0
35 69 0 0
36 69 0 0
37 69 0 0
39 69 0 0
40 69 0 0
42 69 0 0
43 69 0 0
45 69 0 0
46 69 0 0
47 69 0 0
54 69 0 0
55 69 0 0
56 69 0 0
58 69 0 0
59 69 0 0
64 69 0 0
65 69 0 0
68 69 0 0
16 70 0 0
20 70 0 0
21 70 0 0
26 70 0 0
27 70 0 0
28 70 0 0
29 70 0 0
30 70 0 0
34 70 0 0
35 70 0 0
36 70 0 0
37 70 0 0
39 70 0 0
40 70 0 0
42 70 0 0
43 70 0 0
46 70 0 0
47 70 0 0
54 70 0 0
55 70 0 0
56 70 0 0
58 70 0 0
59 70 0 0
64 70 0 0
65 70 0 0
68 70 0 0
69 70 0 0
20 71 0 0
26 71 0 0
27 71 0 0
28 71 0 0
29 71 0 0
34 71 0 0
35 71 0 0
36 71 0 0
37 71 0 0
40 71 0 0
43 71 0 0
46 71 0 0
47 71 0 0
54 71 0 0
55 71 0 0
56 71 0 0
58 71 0 0
59 71 0 0
64 71 0 0
68 71 0 0
69 71 0 0
70 71 0 0
16 72 0 0
17 72 0 0
21 72 0 0
26 72 0 0
27 72 0 0
30 72 0 0
33 72 0 0
34 72 0 0
35 72 0 0
36 72 0 0
37 72 0 0
39 72 0 0
41 72 0 0
42 72 0 0
43 72 0 0
45 72 0 0
46 72 0 0
47 72 0 0
49 72 0 0
50 72 0 0
52 72 0 0
53 72 0 0
54 72 0 0
55 72 0 0
58 72 0 0
59 72 0 0
63 72 0 0
65 72 0 0
68 72 0 0
69 72 0 0
70 72 0 0
71 72 0 0
31 73 0 0
51 73 0 0
60 73 0 0
61 73 0 0
67 73 0 0
51 74 0 0
57 74 0 0
67 74 0 0
73 74 0 0
51 75 0 0
60 75 0 0
67 75 0 0
73 75 0 0
74 75 0 0
51 76 0 0
57 76 0 0
60 76 0 0
66 76 0 0
67 76 0 0
73 76 0 0
74 76 0 0
75 76 0 0
44 77 0 0
48 77 0 0
51 77 0 0
57 77 0 0
66 77 0 0
67 77 0 0
74 77 0 0
75 77 0 0
76 77 0 0
1 78 0 0
45 78 0 0
46 78 0 0
49 78 0 0
50 78 0 0
52 78 0 0
53 78 0 0
55 78 0 0
59 78 0 0
65 78 0 0
72 78 0 0
1 79 0 0
46 79 0 0
47 79 0 0
54 79 0 0
55 79 0 0
56 79 0 0
58 79 0 0
59 79 0 0
70 79 0 0
71 79 0 0
78 79 0 0
44 80 0 0
48 80 0 0
49 80 0 0
57 80 0 0
74 80 0 0
76 80 0 0
77 80 0 0
1 81 0 0
46 81 0 0
47 81 0 0
50 81 0 0
54 81 0 0
55 81 0 0
58 81 0 0
59 81 0 0
78 81 0 0
79 81 0 0
31 82 0 0
51 82 0 0
60 82 0 0
61 82 0 0
67 82 0 0
73 82 0 0
74 82 0 0
75 82 0 0
76 82 0 0
77 82 0 0
1 83 0 0
47 83 0 0
54 83 0 0
56 83 0 0
58 83 0 0
59 83 0 0
64 83 0 0
69 83 0 0
70 83 0 0
71 83 0 0
79 83 0 0
81 83 0 0
33 84 0 0
45 84 0 0
46 84 0 0
48 84 0 0
49 84 0 0
50 84 0 0
52 84 0 0
53 84 0 0
55 84 0 0
59 84 0 0
63 84 0 0
65 84 0 0
68 84 0 0
72 84 0 0
78 84 0 0
81 84 0 0
45 85 0 0
46 85 0 0
47 85 0 0
49 85 0 0
50 85 0 0
52 85 0 0
53 85 0 0
55 85 0 0
58 85 0 0
59 85 0 0
63 85 0 0
65 85 0 0
68 85 0 0
72 85 0 0
78 85 0 0
79 85 0 0
81 85 0 0
84 85 0 0
1 86 0 0
36 86 0 0
46 86 0 0
47 86 0 0
54 86 0 0
55 86 0 0
56 86 0 0
58 86 0 0
59 86 0 0
64 86 0 0
68 86 0 0
69 86 0 0
70 86 0 0
71 86 0 0
72 86 0 0
78 86 0 0
79 86 0 0
81 86 0 0
83 86 0 0
84 86 0 0
85 86 0 0
44 87 0 0
48 87 0 0
49 87 0 0
50 87 0 0
53 87 0 0
57 87 0 0
62 87 0 0
66 87 0 0
74 87 0 0
76 87 0 0
77 87 0 0
80 87 0 0
1 88 0 0
45 88 0 0
46 88 0 0
47 88 0 0
49 88 0 0
50 88 0 0
52 88 0 0
53 88 0 0
54 88 0 0
55 88 0 0
58 88 0 0
59 88 0 0
63 88 0 0
65 88 0 0
68 88 0 0
69 88 0 0
72 88 0 0
78 88 0 0
79 88 0 0
81 88 0 0
84 88 0 0
85 88 0 0
86 88 0 0
44 89 0 0
48 89 0 0
49 89 0 0
51 89 0 0
53 89 0 0
57 89 0 0
62 89 0 0
66 89 0 0
67 89 0 0
74 89 0 0
76 89 0 0
77 89 0 0
80 89 0 0
87 89 0 0
45 90 0 0
46 90 0 0
48 90 0 0
49 90 0 0
50 90 0 0
52 90 0 0
53 90 0 0
55 90 0 0
59 90 0 0
63 90 0 0
65 90 0 0
72 90 0 0
78 90 0 0
81 90 0 0
84 90 0 0
85 90 0 0
87 90 0 0
88 90 0 0
1 91 0 0
45 91 0 0
46 91 0 0
47 91 0 0
50 91 0 0
52 91 0 0
54 91 0 0
55 91 0 0
58 91 0 0
59 91 0 0
65 91 0 0
68 91 0 0
69 91 0 0
70 91 0 0
71 91 0 0
72 91 0 0
78 91 0 0
79 91 0 0
81 91 0 0
83 91 0 0
84 91 0 0
85 91 0 0
86 91 0 0
88 91 0 0
90 91 0 0
51 92 0 0
57 92 0 0
60 92 0 0
61 92 0 0
67 92 0 0
73 92 0 0
74 92 0 0
75 92 0 0
76 92 0 0
77 92 0 0
80 92 0 0
82 92 0 0
89 92 0 0
45 93 0 0
48 93 0 0
49 93 0 0
50 93 0 0
52 93 0 0
53 93 0 0
55 93 0 0
63 93 0 0
78 93 0 0
80 93 0 0
81 93 0 0
84 93 0 0
85 93 0 0
87 93 0 0
88 93 0 0
89 93 0 0
90 93 0 0
91 93 0 0
31 94 0 0
32 94 0 0
51 94 0 0
57 94 0 0
60 94 0 0
61 94 0 0
62 94 0 0
66 94 0 0
67 94 0 0
73 94 0 0
74 94 0 0
75 94 0 0
76 94 0 0
77 94 0 0
82 94 0 0
89 94 0 0
92 94 0 0
1 95 0 0
35 95 0 0
36 95 0 0
37 95 0 0
46 95 0 0
47 95 0 0
54 95 0 0
55 95 0 0
56 95 0 0
58 95 0 0
59 95 0 0
64 95 0 0
68 95 0 0
69 95 0 0
70 95 0 0
71 95 0 0
79 95 0 0
81 95 0 0
83 95 0 0
86 95 0 0
88 95 0 0
91 95 0 0
32 96 0 0
44 96 0 0
51 96 0 0
57 96 0 0
60 96 0 0
61 96 0 0
62 96 0 0
66 96 0 0
67 96 0 0
73 96 0 0
74 96 0 0
75 96 0 0
76 96 0 0
77 96 0 0
80 96 0 0
82 96 0 0
87 96 0 0
89 96 0 0
92 96 0 0
94 96 0 0
30 97 0 0
33 97 0 0
34 97 0 0
37 97 0 0
45 97 0 0
46 97 0 0
47 97 0 0
49 97 0 0
50 97 0 0
52 97 0 0
53 97 0 0
55 97 0 0
58 97 0 0
59 97 0 0
63 97 0 0
65 97 0 0
68 97 0 0
69 97 0 0
70 97 0 0
72 97 0 0
78 97 0 0
79 97 0 0
81 97 0 0
84 97 0 0
85 97 0 0
86 97 0 0
88 97 0 0
90 97 0 0
91 97 0 0
93 97 0 0
95 97 0 0
26 98 0 0
30 98 0 0
33 98 0 0
34 98 0 0
36 98 0 0
37 98 0 0
42 98 0 0
45 98 0 0
46 98 0 0
47 98 0 0
49 98 0 0
50 98 0 0
52 98 0 0
53 98 0 0
54 98 0 0
55 98 0 0
58 98 0 0
59 98 0 0
63 98 0 0
65 98 0 0
68 98 0 0
69 98 0 0
70 98 0 0
72 98 0 0
78 98 0 0
79 98 0 0
81 98 0 0
84 98 0 0
85 98 0 0
86 98 0 0
88 98 0 0
90 98 0 0
91 98 0 0
93 98 0 0
95 98 0 0
97 98 0 0
32 99 0 0
44 99 0 0
48 99 0 0
51 99 0 0
57 99 0 0
60 99 0 0
61 99 0 0
62 99 0 0
66 99 0 0
67 99 0 0
74 99 0 0
76 99 0 0
77 99 0 0
80 99 0 0
87 99 0 0
89 99 0 0
92 99 0 0
94 99 0 0
96 99 0 0
1 100 0 0
26 100 0 0
27 100 0 0
29 100 0 0
30 100 0 0
34 100 0 0
35 100 0 0
36 100 0 0
37 100 0 0
45 100 0 0
46 100 0 0
47 100 0 0
54 100 0 0
55 100 0 0
56 100 0 0
58 100 0 0
59 100 0 0
64 100 0 0
65 100 0 0
68 100 0 0
69 100 0 0
70 100 0 0
71 100 0 0
72 100 0 0
78 100 0 0
79 100 0 0
81 100 0 0
83 100 0 0
84 100 0 0
85 100 0 0
86 100 0 0
88 100 0 0
91 100 0 0
95 100 0 0
97 100 0 0
98 100 0 0
26 101 0 0
27 101 0 0
30 101 0 0
33 101 0 0
34 101 0 0
35 101 0 0
36 101 0 0
37 101 0 0
39 101 0 0
42 101 0 0
43 101 0 0
45 101 0 0
46 101 0 0
47 101 0 0
49 101 0 0
50 101 0 0
52 101 0 0
53 101 0 0
54 101 0 0
55 101 0 0
58 101 0 0
59 101 0 0
63 101 0 0
64 101 0 0
65 101 0 0
68 101 0 0
69 101 0 0
70 101 0 0
71 101 0 0
72 101 0 0
78 101 0 0
79 101 0 0
81 101 0 0
84 101 0 0
85 101 0 0
86 101 0 0
88 101 0 0
90 101 0 0
91 101 0 0
93 101 0 0
95 101 0 0
97 101 0 0
98 101 0 0
100 101 0 0
35 102 0 0
36 102 0 0
46 102 0 0
47 102 0 0
54 102 0 0
56 102 0 0
58 102 0 0
59 102 0 0
64 102 0 0
69 102 0 0
70 102 0 0
71 102 0 0
79 102 0 0
81 102 0 0
83 102 0 0
86 102 0 0
91 102 0 0
95 102 0 0
100 102 0 0
101 102 0 0
31 103 0 0
32 103 0 0
51 103 0 0
57 103 0 0
60 103 0 0
61 103 0 0
66 103 0 0
67 103 0 0
73 103 0 0
74 103 0 0
75 103 0 0
76 103 0 0
77 103 0 0
82 103 0 0
89 103 0 0
92 103 0 0
94 103 0 0
96 103 0 0
99 103 0 0
33 104 0 0
45 104 0 0
48 104 0 0
49 104 0 0
50 104 0 0
52 104 0 0
53 104 0 0
55 104 0 0
63 104 0 0
65 104 0 0
72 104 0 0
78 104 0 0
80 104 0 0
84 104 0 0
85 104 0 0
87 104 0 0
88 104 0 0
90 104 0 0
93 104 0 0
97 104 0 0
98 104 0 0
101 104 0 0
1 105 0 0
35 105 0 0
36 105 0 0
37 105 0 0
45 105 0 0
46 105 0 0
47 105 0 0
54 105 0 0
55 105 0 0
56 105 0 0
58 105 0 0
59 105 0 0
64 105 0 0
65 105 0 0
68 105 0 0
69 105 0 0
70 105 0 0
71 105 0 0
72 105 0 0
78 105 0 0
79 105 0 0
81 105 0 0
83 105 0 0
84 105 0 0
85 105 0 0
86 105 0 0
88 105 0 0
91 105 0 0
95 105 0 0
97 105 0 0
98 105 0 0
100 105 0 0
101 105 0 0
102 105 0 0
1 106 0 0
35 106 0 0
36 106 0 0
37 106 0 0
46 106 0 0
47 106 0 0
54 106 0 0
55 106 0 0
56 106 0 0
58 106 0 0
59 106 0 0
64 106 0 0
68 106 0 0
69 106 0 0
70 106 0 0
71 106 0 0
72 106 0 0
79 106 0 0
81 106 0 0
83 106 0 0
85 106 0 0
86 106 0 0
88 106 0 0
91 106 0 0
95 106 0 0
97 106 0 0
98 106 0 0
100 106 0 0
101 106 0 0
102 106 0 0
105 106 0 0
1 107 0 0
35 107 0 0
47 107 0 0
54 107 0 0
56 107 0 0
58 107 0 0
59 107 0 0
64 107 0 0
69 107 0 0
70 107 0 0
71 107 0 0
79 107 0 0
83 107 0 0
86 107 0 0
91 107 0 0
95 107 0 0
100 107 0 0
102 107 0 0
105 107 0 0
106 107 0 0
73 108 0 0
74 108 0 0
75 108 0 0
76 108 0 0
82 108 0 0
92 108 0 0
94 108 0 0
103 108 0 0
73 109 0 0
74 109 0 0
75 109 0 0
76 109 0 0
82 109 0 0
92 109 0 0
94 109 0 0
103 109 0 0
108 109 0 0
1 110 0 0
79 110 0 0
81 110 0 0
83 110 0 0
86 110 0 0
91 110 0 0
95 110 0 0
100 110 0 0
102 110 0 0
105 110 0 0
106 110 0 0
107 110 0 0
49 111 0 0
78 111 0 0
80 111 0 0
84 111 0 0
85 111 0 0
87 111 0 0
88 111 0 0
90 111 0 0
93 111 0 0
97 111 0 0
104 111 0 0
74 112 0 0
75 112 0 0
76 112 0 0
77 112 0 0
80 112 0 0
82 112 0 0
87 112 0 0
89 112 0 0
92 112 0 0
94 112 0 0
96 112 0 0
99 112 0 0
103 112 0 0
109 112 0 0
78 113 0 0
80 113 0 0
84 113 0 0
85 113 0 0
87 113 0 0
88 113 0 0
90 113 0 0
93 113 0 0
97 113 0 0
104 113 0 0
111 113 0 0
73 114 0 0
74 114 0 0
75 114 0 0
76 114 0 0
77 114 0 0
80 114 0 0
82 114 0 0
89 114 0 0
92 114 0 0
94 114 0 0
96 114 0 0
103 114 0 0
108 114 0 0
109 114 0 0
112 114 0 0
74 115 0 0
75 115 0 0
76 115 0 0
77 115 0 0
80 115 0 0
82 115 0 0
87 115 0 0
89 115 0 0
92 115 0 0
94 115 0 0
96 115 0 0
103 115 0 0
108 115 0 0
109 115 0 0
112 115 0 0
114 115 0 0
74 116 0 0
76 116 0 0
77 116 0 0
80 116 0 0
87 116 0 0
89 116 0 0
111 116 0 0
112 116 0 0
113 116 0 0
114 116 0 0
115 116 0 0
73 117 0 0
74 117 0 0
75 117 0 0
76 117 0 0
77 117 0 0
82 117 0 0
92 117 0 0
103 117 0 0
108 117 0 0
109 117 0 0
112 117 0 0
114 117 0 0
115 117 0 0
1 118 0 0
79 118 0 0
81 118 0 0
83 118 0 0
86 118 0 0
91 118 0 0
95 118 0 0
105 118 0 0
106 118 0 0
107 118 0 0
110 118 0 0
1 119 0 0
79 119 0 0
83 119 0 0
86 119 0 0
95 119 0 0
102 119 0 0
107 119 0 0
110 119 0 0
118 119 0 0
1 120 0 0
78 120 0 0
81 120 0 0
84 120 0 0
85 120 0 0
88 120 0 0
90 120 0 0
91 120 0 0
93 120 0 0
97 120 0 0
104 120 0 0
111 120 0 0
113 120 0 0
1 121 0 0
78 121 0 0
79 121 0 0
81 121 0 0
83 121 0 0
84 121 0 0
85 121 0 0
86 121 0 0
88 121 0 0
90 121 0 0
91 121 0 0
93 121 0 0
95 121 0 0
97 121 0 0
98 121 0 0
100 121 0 0
101 121 0 0
105 121 0 0
106 121 0 0
110 121 0 0
111 121 0 0
113 121 0 0
118 121 0 0
119 121 0 0
120 121 0 0
1 122 0 0
78 122 0 0
79 122 0 0
81 122 0 0
84 122 0 0
85 122 0 0
86 122 0 0
88 122 0 0
90 122 0 0
91 122 0 0
93 122 0 0
97 122 0 0
98 122 0 0
100 122 0 0
101 122 0 0
104 122 0 0
105 122 0 0
106 122 0 0
110 122 0 0
111 122 0 0
113 122 0 0
118 122 0 0
120 122 0 0
121 122 0 0
78 123 0 0
80 123 0 0
84 123 0 0
85 123 0 0
87 123 0 0
89 123 0 0
90 123 0 0
93 123 0 0
104 123 0 0
111 123 0 0
113 123 0 0
116 123 0 0
120 123 0 0
122 123 0 0
75 124 0 0
108 124 0 0
109 124 0 0
112 124 0 0
114 124 0 0
115 124 0 0
117 124 0 0
108 125 0 0
109 125 0 0
112 125 0 0
114 125 0 0
115 125 0 0
117 125 0 0
124 125 0 0
1 126 0 0
81 126 0 0
110 126 0 0
118 126 0 0
119 126 0 0
120 126 0 0
121 126 0 0
122 126 0 0
80 127 0 0
112 127 0 0
114 127 0 0
115 127 0 0
116 127 0 0
123 127 0 0
124 127 0 0
125 127 0 0
1 128 0 0
78 128 0 0
111 128 0 0
113 128 0 0
120 128 0 0
121 128 0 0
122 128 0 0
123 128 0 0
126 128 0 0
93 129 0 0
111 129 0 0
113 129 0 0
116 129 0 0
120 129 0 0
121 129 0 0
122 129 0 0
123 129 0 0
126 129 0 0
128 129 0 0
93 130 0 0
111 130 0 0
113 130 0 0
120 130 0 0
121 130 0 0
122 130 0 0
123 130 0 0
126 130 0 0
128 130 0 0
129 130 0 0
1 131 0 0
113 131 0 0
118 131 0 0
120 131 0 0
121 131 0 0
122 131 0 0
126 131 0 0
128 131 0 0
129 131 0 0
130 131 0 0
1 132 0 0
118 132 0 0
120 132 0 0
121 132 0 0
122 132 0 0
126 132 0 0
128 132 0 0
129 132 0 0
130 132 0 0
131 132 0 0
1 133 0 0
113 133 0 0
118 133 0 0
120 133 0 0
121 133 0 0
122 133 0 0
126 133 0 0
128 133 0 0
129 133 0 0
130 133 0 0
131 133 0 0
132 133 0 0
74 134 0 0
108 134 0 0
109 134 0 0
112 134 0 0
114 134 0 0
115 134 0 0
116 134 0 0
117 134 0 0
124 134 0 0
125 134 0 0
127 134 0 0
112 135 0 0
114 135 0 0
115 135 0 0
116 135 0 0
117 135 0 0
124 135 0 0
125 135 0 0
127 135 0 0
134 135 0 0
108 136 0 0
109 136 0 0
112 136 0 0
114 136 0 0
115 136 0 0
117 136 0 0
124 136 0 0
125 136 0 0
127 136 0 0
134 136 0 0
135 136 0 0
108 137 0 0
109 137 0 0
112 137 0 0
114 137 0 0
115 137 0 0
117 137 0 0
124 137 0 0
125 137 0 0
127 137 0 0
134 137 0 0
135 137 0 0
136 137 0 0
112 138 0 0
114 138 0 0
115 138 0 0
116 138 0 0
123 138 0 0
125 138 0 0
127 138 0 0
129 138 0 0
134 138 0 0
135 138 0 0
136 138 0 0
137 138 0 0
112 139 0 0
114 139 0 0
115 139 0 0
116 139 0 0
124 139 0 0
125 139 0 0
127 139 0 0
134 139 0 0
135 139 0 0
136 139 0 0
137 139 0 0
138 139 0 0
76 140 0 0
77 140 0 0
80 140 0 0
87 140 0 0
89 140 0 0
93 140 0 0
111 140 0 0
112 140 0 0
113 140 0 0
114 140 0 0
115 140 0 0
116 140 0 0
123 140 0 0
127 140 0 0
129 140 0 0
130 140 0 0
134 140 0 0
135 140 0 0
138 140 0 0
139 140 0 0
77 141 0 0
80 141 0 0
87 141 0 0
89 141 0 0
93 141 0 0
111 141 0 0
112 141 0 0
113 141 0 0
115 141 0 0
116 141 0 0
120 141 0 0
123 141 0 0
127 141 0 0
128 141 0 0
129 141 0 0
130 141 0 0
135 141 0 0
138 141 0 0
139 141 0 0
140 141 0 0
1 142 0 0
78 142 0 0
79 142 0 0
81 142 0 0
85 142 0 0
86 142 0 0
88 142 0 0
91 142 0 0
110 142 0 0
118 142 0 0
119 142 0 0
120 142 0 0
121 142 0 0
122 142 0 0
126 142 0 0
128 142 0 0
130 142 0 0
131 142 0 0
132 142 0 0
133 142 0 0
1 143 0 0
78 143 0 0
81 143 0 0
84 143 0 0
85 143 0 0
88 143 0 0
90 143 0 0
91 143 0 0
93 143 0 0
97 143 0 0
111 143 0 0
113 143 0 0
118 143 0 0
120 143 0 0
121 143 0 0
122 143 0 0
123 143 0 0
126 143 0 0
128 143 0 0
129 143 0 0
130 143 0 0
131 143 0 0
132 143 0 0
133 143 0 0
142 143 0 0
73 144 0 0
74 144 0 0
75 144 0 0
82 144 0 0
92 144 0 0
108 144 0 0
109 144 0 0
114 144 0 0
117 144 0 0
124 144 0 0
125 144 0 0
134 144 0 0
136 144 0 0
137 144 0 0
74 145 0 0
76 145 0 0
77 145 0 0
80 145 0 0
87 145 0 0
89 145 0 0
92 145 0 0
109 145 0 0
112 145 0 0
114 145 0 0
115 145 0 0
116 145 0 0
117 145 0 0
124 145 0 0
125 145 0 0
127 145 0 0
134 145 0 0
135 145 0 0
136 145 0 0
137 145 0 0
138 145 0 0
139 145 0 0
140 145 0 0
141 145 0 0
144 145 0 0
74 146 0 0
75 146 0 0
76 146 0 0
77 146 0 0
92 146 0 0
108 146 0 0
109 146 0 0
112 146 0 0
114 146 0 0
115 146 0 0
116 146 0 0
117 146 0 0
124 146 0 0
125 146 0 0
127 146 0 0
134 146 0 0
135 146 0 0
136 146 0 0
137 146 0 0
138 146 0 0
139 146 0 0
140 146 0 0
144 146 0 0
145 146 0 0
74 147 0 0
76 147 0 0
77 147 0 0
80 147 0 0
87 147 0 0
89 147 0 0
92 147 0 0
112 147 0 0
114 147 0 0
115 147 0 0
116 147 0 0
117 147 0 0
123 147 0 0
125 147 0 0
127 147 0 0
134 147 0 0
135 147 0 0
136 147 0 0
137 147 0 0
138 147 0 0
139 147 0 0
140 147 0 0
141 147 0 0
145 147 0 0
146 147 0 0
77 148 0 0
80 148 0 0
87 148 0 0
89 148 0 0
111 148 0 0
112 148 0 0
113 148 0 0
114 148 0 0
115 148 0 0
116 148 0 0
123 148 0 0
127 148 0 0
129 148 0 0
130 148 0 0
134 148 0 0
135 148 0 0
138 148 0 0
139 148 0 0
140 148 0 0
141 148 0 0
145 148 0 0
147 148 0 0
80 149 0 0
87 149 0 0
93 149 0 0
111 149 0 0
112 149 0 0
113 149 0 0
116 149 0 0
120 149 0 0
123 149 0 0
127 149 0 0
128 149 0 0
129 149 0 0
130 149 0 0
138 149 0 0
139 149 0 0
140 149 0 0
141 149 0 0
143 149 0 0
145 149 0 0
147 149 0 0
148 149 0 0
1 150 0 0
78 150 0 0
90 150 0 0
93 150 0 0
111 150 0 0
113 150 0 0
120 150 0 0
121 150 0 0
122 150 0 0
123 150 0 0
126 150 0 0
128 150 0 0
129 150 0 0
130 150 0 0
131 150 0 0
132 150 0 0
133 150 0 0
140 150 0 0
141 150 0 0
142 150 0 0
143 150 0 0
148 150 0 0
149 150 0 0
78 151 0 0
87 151 0 0
90 151 0 0
93 151 0 0
111 151 0 0
113 151 0 0
116 151 0 0
120 151 0 0
122 151 0 0
123 151 0 0
128 151 0 0
129 151 0 0
130 151 0 0
131 151 0 0
133 151 0 0
140 151 0 0
141 151 0 0
143 151 0 0
148 151 0 0
149 151 0 0
150 151 0 0
74 152 0 0
76 152 0 0
77 152 0 0
92 152 0 0
108 152 0 0
109 152 0 0
112 152 0 0
114 152 0 0
115 152 0 0
116 152 0 0
117 152 0 0
124 152 0 0
125 152 0 0
127 152 0 0
134 152 0 0
135 152 0 0
136 152 0 0
137 152 0 0
138 152 0 0
139 152 0 0
140 152 0 0
144 152 0 0
145 152 0 0
146 152 0 0
147 152 0 0
148 152 0 0
74 153 0 0
76 153 0 0
77 153 0 0
80 153 0 0
87 153 0 0
89 153 0 0
112 153 0 0
114 153 0 0
115 153 0 0
116 153 0 0
123 153 0 0
125 153 0 0
127 153 0 0
129 153 0 0
134 153 0 0
135 153 0 0
137 153 0 0
138 153 0 0
139 153 0 0
140 153 0 0
141 153 0 0
145 153 0 0
146 153 0 0
147 153 0 0
148 153 0 0
149 153 0 0
151 153 0 0
152 153 0 0
1 154 0 0
78 154 0 0
81 154 0 0
88 154 0 0
90 154 0 0
91 154 0 0
93 154 0 0
111 154 0 0
113 154 0 0
118 154 0 0
120 154 0 0
121 154 0 0
122 154 0 0
123 154 0 0
126 154 0 0
128 154 0 0
129 154 0 0
130 154 0 0
131 154 0 0
132 154 0 0
133 154 0 0
142 154 0 0
143 154 0 0
150 154 0 0
151 154 0 0
77 155 0 0
80 155 0 0
87 155 0 0
89 155 0 0
111 155 0 0
112 155 0 0
113 155 0 0
114 155 0 0
115 155 0 0
116 155 0 0
123 155 0 0
127 155 0 0
129 155 0 0
130 155 0 0
134 155 0 0
135 155 0 0
137 155 0 0
138 155 0 0
139 155 0 0
140 155 0 0
141 155 0 0
145 155 0 0
146 155 0 0
147 155 0 0
148 155 0 0
149 155 0 0
151 155 0 0
152 155 0 0
153 155 0 0
80 156 0 0
87 156 0 0
93 156 0 0
111 156 0 0
112 156 0 0
113 156 0 0
115 156 0 0
116 156 0 0
120 156 0 0
122 156 0 0
123 156 0 0
127 156 0 0
128 156 0 0
129 156 0 0
130 156 0 0
133 156 0 0
134 156 0 0
135 156 0 0
138 156 0 0
139 156 0 0
140 156 0 0
141 156 0 0
143 156 0 0
145 156 0 0
147 156 0 0
148 156 0 0
149 156 0 0
150 156 0 0
151 156 0 0
152 156 0 0
153 156 0 0
154 156 0 0
155 156 0 0
57 157 0 0
73 157 0 0
74 157 0 0
75 157 0 0
76 157 0 0
77 157 0 0
80 157 0 0
82 157 0 0
87 157 0 0
89 157 0 0
92 157 0 0
94 157 0 0
96 157 0 0
99 157 0 0
103 157 0 0
108 157 0 0
109 157 0 0
112 157 0 0
114 157 0 0
115 157 0 0
116 157 0 0
117 157 0 0
124 157 0 0
125 157 0 0
127 157 0 0
134 157 0 0
135 157 0 0
137 157 0 0
138 157 0 0
139 157 0 0
140 157 0 0
141 157 0 0
144 157 0 0
145 157 0 0
146 157 0 0
147 157 0 0
148 157 0 0
152 157 0 0
153 157 0 0
155 157 0 0
48 158 0 0
57 158 0 0
74 158 0 0
76 158 0 0
77 158 0 0
80 158 0 0
87 158 0 0
89 158 0 0
93 158 0 0
96 158 0 0
99 158 0 0
104 158 0 0
111 158 0 0
112 158 0 0
113 158 0 0
114 158 0 0
115 158 0 0
116 158 0 0
123 158 0 0
127 158 0 0
129 158 0 0
135 158 0 0
138 158 0 0
139 158 0 0
140 158 0 0
141 158 0 0
145 158 0 0
147 158 0 0
148 158 0 0
149 158 0 0
151 158 0 0
152 158 0 0
153 158 0 0
155 158 0 0
156 158 0 0
157 158 0 0
48 159 0 0
49 159 0 0
57 159 0 0
77 159 0 0
80 159 0 0
87 159 0 0
89 159 0 0
90 159 0 0
93 159 0 0
99 159 0 0
104 159 0 0
111 159 0 0
112 159 0 0
113 159 0 0
115 159 0 0
116 159 0 0
123 159 0 0
127 159 0 0
129 159 0 0
138 159 0 0
140 159 0 0
141 159 0 0
145 159 0 0
147 159 0 0
148 159 0 0
149 159 0 0
150 159 0 0
151 159 0 0
153 159 0 0
155 159 0 0
156 159 0 0
157 159 0 0
158 159 0 0
44 160 0 0
48 160 0 0
49 160 0 0
50 160 0 0
53 160 0 0
57 160 0 0
77 160 0 0
78 160 0 0
80 160 0 0
84 160 0 0
87 160 0 0
89 160 0 0
90 160 0 0
93 160 0 0
99 160 0 0
104 160 0 0
111 160 0 0
112 160 0 0
113 160 0 0
115 160 0 0
116 160 0 0
120 160 0 0
123 160 0 0
127 160 0 0
129 160 0 0
130 160 0 0
140 160 0 0
141 160 0 0
145 160 0 0
147 160 0 0
148 160 0 0
149 160 0 0
150 160 0 0
151 160 0 0
153 160 0 0
155 160 0 0
156 160 0 0
157 160 0 0
158 160 0 0
159 160 0 0
73 161 0 0
74 161 0 0
75 161 0 0
76 161 0 0
82 161 0 0
92 161 0 0
94 161 0 0
96 161 0 0
103 161 0 0
108 161 0 0
109 161 0 0
114 161 0 0
115 161 0 0
117 161 0 0
124 161 0 0
125 161 0 0
136 161 0 0
137 161 0 0
144 161 0 0
145 161 0 0
146 161 0 0
152 161 0 0
157 161 0 0
48 162 0 0
57 162 0 0
74 162 0 0
76 162 0 0
77 162 0 0
80 162 0 0
87 162 0 0
89 162 0 0
92 162 0 0
94 162 0 0
96 162 0 0
99 162 0 0
103 162 0 0
111 162 0 0
112 162 0 0
114 162 0 0
115 162 0 0
116 162 0 0
123 162 0 0
127 162 0 0
134 162 0 0
135 162 0 0
138 162 0 0
139 162 0 0
140 162 0 0
141 162 0 0
145 162 0 0
146 162 0 0
147 162 0 0
148 162 0 0
149 162 0 0
152 162 0 0
153 162 0 0
155 162 0 0
156 162 0 0
157 162 0 0
158 162 0 0
159 162 0 0
160 162 0 0
48 163 0 0
49 163 0 0
50 163 0 0
52 163 0 0
53 163 0 0
78 163 0 0
80 163 0 0
84 163 0 0
85 163 0 0
87 163 0 0
88 163 0 0
89 163 0 0
90 163 0 0
93 163 0 0
97 163 0 0
98 163 0 0
104 163 0 0
111 163 0 0
113 163 0 0
116 163 0 0
120 163 0 0
122 163 0 0
123 163 0 0
128 163 0 0
129 163 0 0
130 163 0 0
140 163 0 0
141 163 0 0
143 163 0 0
147 163 0 0
148 163 0 0
149 163 0 0
150 163 0 0
151 163 0 0
153 163 0 0
154 163 0 0
155 163 0 0
156 163 0 0
158 163 0 0
159 163 0 0
160 163 0 0
162 163 0 0
1 164 0 0
54 164 0 0
56 164 0 0
58 164 0 0
59 164 0 0
79 164 0 0
81 164 0 0
83 164 0 0
86 164 0 0
88 164 0 0
91 164 0 0
95 164 0 0
100 164 0 0
101 164 0 0
102 164 0 0
105 164 0 0
106 164 0 0
107 164 0 0
110 164 0 0
118 164 0 0
119 164 0 0
121 164 0 0
122 164 0 0
126 164 0 0
142 164 0 0
45 165 0 0
48 165 0 0
49 165 0 0
50 165 0 0
52 165 0 0
53 165 0 0
55 165 0 0
78 165 0 0
80 165 0 0
81 165 0 0
84 165 0 0
85 165 0 0
87 165 0 0
88 165 0 0
90 165 0 0
91 165 0 0
93 165 0 0
97 165 0 0
98 165 0 0
101 165 0 0
104 165 0 0
111 165 0 0
113 165 0 0
120 165 0 0
121 165 0 0
122 165 0 0
123 165 0 0
128 165 0 0
129 165 0 0
130 165 0 0
140 165 0 0
141 165 0 0
142 165 0 0
143 165 0 0
148 165 0 0
149 165 0 0
150 165 0 0
151 165 0 0
154 165 0 0
156 165 0 0
158 165 0 0
159 165 0 0
160 165 0 0
163 165 0 0
1 166 0 0
46 166 0 0
54 166 0 0
55 166 0 0
58 166 0 0
59 166 0 0
78 166 0 0
79 166 0 0
81 166 0 0
83 166 0 0
84 166 0 0
85 166 0 0
86 166 0 0
88 166 0 0
90 166 0 0
91 166 0 0
95 166 0 0
97 166 0 0
98 166 0 0
100 166 0 0
101 166 0 0
102 166 0 0
105 166 0 0
106 166 0 0
107 166 0 0
110 166 0 0
118 166 0 0
119 166 0 0
120 166 0 0
121 166 0 0
122 166 0 0
126 166 0 0
131 166 0 0
142 166 0 0
143 166 0 0
154 166 0 0
164 166 0 0
165 166 0 0
1 167 0 0
46 167 0 0
50 167 0 0
55 167 0 0
58 167 0 0
59 167 0 0
78 167 0 0
79 167 0 0
81 167 0 0
84 167 0 0
85 167 0 0
86 167 0 0
88 167 0 0
90 167 0 0
91 167 0 0
93 167 0 0
95 167 0 0
97 167 0 0
98 167 0 0
100 167 0 0
101 167 0 0
104 167 0 0
105 167 0 0
106 167 0 0
110 167 0 0
111 167 0 0
113 167 0 0
118 167 0 0
120 167 0 0
121 167 0 0
122 167 0 0
126 167 0 0
128 167 0 0
130 167 0 0
131 167 0 0
132 167 0 0
133 167 0 0
142 167 0 0
143 167 0 0
150 167 0 0
154 167 0 0
163 167 0 0
164 167 0 0
165 167 0 0
166 167 0 0
1 168 0 0
47 168 0 0
54 168 0 0
56 168 0 0
58 168 0 0
59 168 0 0
78 168 0 0
79 168 0 0
81 168 0 0
83 168 0 0
85 168 0 0
86 168 0 0
88 168 0 0
91 168 0 0
95 168 0 0
97 168 0 0
98 168 0 0
100 168 0 0
101 168 0 0
102 168 0 0
105 168 0 0
106 168 0 0
107 168 0 0
110 168 0 0
118 168 0 0
119 168 0 0
120 168 0 0
121 168 0 0
122 168 0 0
126 168 0 0
142 168 0 0
143 168 0 0
154 168 0 0
164 168 0 0
166 168 0 0
167 168 0 0
1 169 0 0
35 169 0 0
36 169 0 0
46 169 0 0
47 169 0 0
54 169 0 0
55 169 0 0
56 169 0 0
58 169 0 0
59 169 0 0
64 169 0 0
69 169 0 0
70 169 0 0
71 169 0 0
79 169 0 0
81 169 0 0
83 169 0 0
85 169 0 0
86 169 0 0
88 169 0 0
91 169 0 0
95 169 0 0
97 169 0 0
98 169 0 0
100 169 0 0
101 169 0 0
102 169 0 0
105 169 0 0
106 169 0 0
107 169 0 0
110 169 0 0
118 169 0 0
119 169 0 0
121 169 0 0
122 169 0 0
142 169 0 0
164 169 0 0
166 169 0 0
167 169 0 0
168 169 0 0
1 170 0 0
58 170 0 0
59 170 0 0
78 170 0 0
79 170 0 0
81 170 0 0
83 170 0 0
84 170 0 0
85 170 0 0
86 170 0 0
88 170 0 0
90 170 0 0
91 170 0 0
93 170 0 0
95 170 0 0
97 170 0 0
98 170 0 0
100 170 0 0
101 170 0 0
105 170 0 0
106 170 0 0
110 170 0 0
118 170 0 0
120 170 0 0
121 170 0 0
122 170 0 0
126 170 0 0
128 170 0 0
131 170 0 0
132 170 0 0
133 170 0 0
142 170 0 0
143 170 0 0
150 170 0 0
154 170 0 0
164 170 0 0
165 170 0 0
166 170 0 0
167 170 0 0
168 170 0 0
169 170 0 0
1 171 0 0
50 171 0 0
55 171 0 0
59 171 0 0
78 171 0 0
79 171 0 0
81 171 0 0
84 171 0 0
85 171 0 0
86 171 0 0
88 171 0 0
90 171 0 0
91 171 0 0
93 171 0 0
97 171 0 0
98 171 0 0
100 171 0 0
101 171 0 0
104 171 0 0
105 171 0 0
106 171 0 0
111 171 0 0
113 171 0 0
118 171 0 0
120 171 0 0
121 171 0 0
122 171 0 0
123 171 0 0
126 171 0 0
128 171 0 0
129 171 0 0
130 171 0 0
131 171 0 0
132 171 0 0
133 171 0 0
142 171 0 0
143 171 0 0
150 171 0 0
151 171 0 0
154 171 0 0
163 171 0 0
164 171 0 0
165 171 0 0
166 171 0 0
167 171 0 0
168 171 0 0
169 171 0 0
170 171 0 0
48 172 0 0
49 172 0 0
50 172 0 0
53 172 0 0
78 172 0 0
80 172 0 0
84 172 0 0
85 172 0 0
87 172 0 0
88 172 0 0
90 172 0 0
93 172 0 0
97 172 0 0
98 172 0 0
101 172 0 0
104 172 0 0
111 172 0 0
113 172 0 0
120 172 0 0
121 172 0 0
122 172 0 0
123 172 0 0
128 172 0 0
129 172 0 0
130 172 0 0
140 172 0 0
141 172 0 0
143 172 0 0
148 172 0 0
149 172 0 0
150 172 0 0
151 172 0 0
154 172 0 0
156 172 0 0
158 172 0 0
159 172 0 0
160 172 0 0
163 172 0 0
165 172 0 0
167 172 0 0
170 172 0 0
171 172 0 0
73 173 0 0
74 173 0 0
75 173 0 0
76 173 0 0
77 173 0 0
82 173 0 0
92 173 0 0
94 173 0 0
96 173 0 0
103 173 0 0
108 173 0 0
109 173 0 0
112 173 0 0
114 173 0 0
115 173 0 0
117 173 0 0
124 173 0 0
125 173 0 0
134 173 0 0
135 173 0 0
136 173 0 0
137 173 0 0
144 173 0 0
145 173 0 0
146 173 0 0
147 173 0 0
152 173 0 0
157 173 0 0
161 173 0 0
162 173 0 0
73 174 0 0
74 174 0 0
75 174 0 0
76 174 0 0
77 174 0 0
80 174 0 0
82 174 0 0
89 174 0 0
92 174 0 0
94 174 0 0
96 174 0 0
99 174 0 0
103 174 0 0
108 174 0 0
109 174 0 0
112 174 0 0
114 174 0 0
115 174 0 0
116 174 0 0
117 174 0 0
124 174 0 0
125 174 0 0
127 174 0 0
134 174 0 0
135 174 0 0
136 174 0 0
137 174 0 0
139 174 0 0
144 174 0 0
145 174 0 0
146 174 0 0
147 174 0 0
152 174 0 0
153 174 0 0
157 174 0 0
158 174 0 0
161 174 0 0
162 174 0 0
173 174 0 0
1 175 0 0
49 175 0 0
50 175 0 0
52 175 0 0
78 175 0 0
81 175 0 0
84 175 0 0
85 175 0 0
86 175 0 0
88 175 0 0
90 175 0 0
91 175 0 0
93 175 0 0
97 175 0 0
98 175 0 0
101 175 0 0
104 175 0 0
105 175 0 0
111 175 0 0
113 175 0 0
120 175 0 0
121 175 0 0
122 175 0 0
123 175 0 0
126 175 0 0
128 175 0 0
129 175 0 0
130 175 0 0
131 175 0 0
132 175 0 0
133 175 0 0
141 175 0 0
142 175 0 0
143 175 0 0
149 175 0 0
150 175 0 0
151 175 0 0
154 175 0 0
156 175 0 0
159 175 0 0
160 175 0 0
163 175 0 0
165 175 0 0
166 175 0 0
167 175 0 0
168 175 0 0
170 175 0 0
171 175 0 0
172 175 0 0
49 176 0 0
50 176 0 0
78 176 0 0
81 176 0 0
84 176 0 0
85 176 0 0
87 176 0 0
88 176 0 0
90 176 0 0
91 176 0 0
93 176 0 0
97 176 0 0
98 176 0 0
101 176 0 0
104 176 0 0
111 176 0 0
113 176 0 0
120 176 0 0
121 176 0 0
122 176 0 0
123 176 0 0
126 176 0 0
128 176 0 0
129 176 0 0
130 176 0 0
131 176 0 0
133 176 0 0
141 176 0 0
142 176 0 0
143 176 0 0
148 176 0 0
149 176 0 0
150 176 0 0
151 176 0 0
154 176 0 0
156 176 0 0
158 176 0 0
159 176 0 0
160 176 0 0
163 176 0 0
165 176 0 0
166 176 0 0
167 176 0 0
170 176 0 0
171 176 0 0
172 176 0 0
175 176 0 0
48 177 0 0
74 177 0 0
76 177 0 0
77 177 0 0
80 177 0 0
87 177 0 0
89 177 0 0
93 177 0 0
96 177 0 0
99 177 0 0
111 177 0 0
112 177 0 0
113 177 0 0
114 177 0 0
115 177 0 0
116 177 0 0
123 177 0 0
127 177 0 0
129 177 0 0
134 177 0 0
135 177 0 0
138 177 0 0
139 177 0 0
140 177 0 0
141 177 0 0
145 177 0 0
146 177 0 0
147 177 0 0
148 177 0 0
149 177 0 0
151 177 0 0
152 177 0 0
153 177 0 0
155 177 0 0
156 177 0 0
157 177 0 0
158 177 0 0
159 177 0 0
160 177 0 0
162 177 0 0
163 177 0 0
172 177 0 0
174 177 0 0
48 178 0 0
49 178 0 0
76 178 0 0
77 178 0 0
80 178 0 0
87 178 0 0
89 178 0 0
90 178 0 0
93 178 0 0
99 178 0 0
104 178 0 0
111 178 0 0
112 178 0 0
113 178 0 0
114 178 0 0
115 178 0 0
116 178 0 0
123 178 0 0
127 178 0 0
129 178 0 0
130 178 0 0
135 178 0 0
138 178 0 0
139 178 0 0
140 178 0 0
141 178 0 0
145 178 0 0
147 178 0 0
148 178 0 0
149 178 0 0
150 178 0 0
151 178 0 0
152 178 0 0
153 178 0 0
155 178 0 0
156 178 0 0
157 178 0 0
158 178 0 0
159 178 0 0
160 178 0 0
162 178 0 0
163 178 0 0
165 178 0 0
172 178 0 0
175 178 0 0
176 178 0 0
177 178 0 0
3 179 0 1
7 179 0 1
9 179 0 1
11 179 0 1
14 179 0 1
15 179 0 1
18 179 0 1
3 180 0 1
5 180 0 1
9 180 0 1
16 180 0 1
17 180 0 1
18 180 0 1
20 180 0 1
21 180 0 1
23 180 0 1
24 180 0 1
25 180 0 1
26 180 0 1
30 180 0 1
33 180 0 1
34 180 0 1
37 180 0 1
39 180 0 1
41 180 0 1
42 180 0 1
43 180 0 1
44 180 0 1
53 180 0 1
62 180 0 1
63 180 0 1
65 180 0 1
68 180 0 1
2 181 0 1
4 181 0 1
5 181 0 1
6 181 0 1
8 181 0 1
10 181 0 1
24 181 0 1
3 182 0 1
9 182 0 1
3 183 0 1
5 183 0 1
23 183 0 1
25 183 0 1
3 184 0 1
9 184 0 1
9 185 0 1
9 186 0 1
7 187 0 1
3 188 0 1
9 188 0 1
2 189 0 1
4 189 0 1
5 189 0 1
6 189 0 1
8 189 0 1
10 189 0 1
23 189 0 1
24 189 0 1
25 189 0 1
2 190 0 1
3 190 0 1
4 190 0 1
5 190 0 1
6 190 0 1
10 190 0 1
23 190 0 1
24 190 0 1
25 190 0 1
9 191 0 1
7 192 0 1
22 192 0 1
3 193 0 1
23 193 0 1
25 193 0 1
9 194 0 1
7 195 0 1
12 195 0 1
22 195 0 1
7 196 0 1
12 196 0 1
13 196 0 1
22 196 0 1
2 197 0 1
4 197 0 1
5 197 0 1
6 197 0 1
8 197 0 1
10 197 0 1
24 197 0 1
3 198 0 1
9 198 0 1
7 199 0 1
11 199 0 1
12 199 0 1
14 199 0 1
22 199 0 1
7 200 0 1
11 200 0 1
14 200 0 1
22 200 0 1
2 201 0 1
3 201 0 1
4 201 0 1
5 201 0 1
6 201 0 1
10 201 0 1
23 201 0 1
24 201 0 1
25 201 0 1
2 202 0 1
4 202 0 1
5 202 0 1
6 202 0 1
8 202 0 1
10 202 0 1
16 202 0 1
17 202 0 1
20 202 0 1
21 202 0 1
23 202 0 1
24 202 0 1
25 202 0 1
2 203 0 1
3 203 0 1
4 203 0 1
5 203 0 1
6 203 0 1
10 203 0 1
16 203 0 1
17 203 0 1
20 203 0 1
21 203 0 1
23 203 0 1
24 203 0 1
25 203 0 1
39 203 0 1
3 204 0 1
5 204 0 1
6 204 0 1
10 204 0 1
16 204 0 1
17 204 0 1
20 204 0 1
21 204 0 1
23 204 0 1
24 204 0 1
25 204 0 1
3 205 0 1
9 205 0 1
18 205 0 1
7 206 0 1
9 206 0 1
11 206 0 1
13 206 0 1
14 206 0 1
15 206 0 1
22 206 0 1
38 206 0 1
3 207 0 1
5 207 0 1
6 207 0 1
10 207 0 1
16 207 0 1
17 207 0 1
20 207 0 1
21 207 0 1
23 207 0 1
24 207 0 1
25 207 0 1
39 207 0 1
42 207 0 1
2 208 0 1
4 208 0 1
5 208 0 1
6 208 0 1
8 208 0 1
10 208 0 1
16 208 0 1
17 208 0 1
20 208 0 1
21 208 0 1
23 208 0 1
24 208 0 1
25 208 0 1
26 208 0 1
39 208 0 1
42 208 0 1
43 208 0 1
7 209 0 1
9 209 0 1
11 209 0 1
15 209 0 1
18 209 0 1
3 210 0 1
5 210 0 1
6 210 0 1
10 210 0 1
16 210 0 1
17 210 0 1
18 210 0 1
20 210 0 1
21 210 0 1
23 210 0 1
24 210 0 1
25 210 0 1
30 210 0 1
39 210 0 1
41 210 0 1
42 210 0 1
43 210 0 1
3 211 0 1
9 211 0 1
17 211 0 1
18 211 0 1
25 211 0 1
7 212 0 1
11 212 0 1
12 212 0 1
13 212 0 1
14 212 0 1
15 212 0 1
19 212 0 1
22 212 0 1
38 212 0 1
7 213 0 1
11 213 0 1
12 213 0 1
13 213 0 1
14 213 0 1
15 213 0 1
19 213 0 1
22 213 0 1
38 213 0 1
7 214 0 1
9 214 0 1
11 214 0 1
12 214 0 1
13 214 0 1
14 214 0 1
15 214 0 1
22 214 0 1
38 214 0 1
3 215 0 1
9 215 0 1
17 215 0 1
18 215 0 1
25 215 0 1
7 216 0 1
11 216 0 1
12 216 0 1
13 216 0 1
14 216 0 1
22 216 0 1
2 217 0 1
3 217 0 1
4 217 0 1
5 217 0 1
6 217 0 1
8 217 0 1
10 217 0 1
17 217 0 1
23 217 0 1
24 217 0 1
25 217 0 1
3 218 0 1
9 218 0 1
18 218 0 1
25 218 0 1
7 219 0 1
9 219 0 1
11 219 0 1
12 219 0 1
13 219 0 1
14 219 0 1
22 219 0 1
3 220 0 1
9 220 0 1
17 220 0 1
18 220 0 1
23 220 0 1
25 220 0 1
3 221 0 1
5 221 0 1
6 221 0 1
17 221 0 1
23 221 0 1
25 221 0 1
7 222 0 1
11 222 0 1
12 222 0 1
13 222 0 1
14 222 0 1
22 222 0 1
7 223 0 1
11 223 0 1
12 223 0 1
13 223 0 1
14 223 0 1
15 223 0 1
22 223 0 1
3 224 0 1
5 224 0 1
6 224 0 1
9 224 0 1
16 224 0 1
17 224 0 1
18 224 0 1
20 224 0 1
21 224 0 1
23 224 0 1
24 224 0 1
25 224 0 1
39 224 0 1
41 224 0 1
42 224 0 1
43 224 0 1
7 225 0 1
11 225 0 1
12 225 0 1
13 225 0 1
14 225 0 1
15 225 0 1
19 225 0 1
22 225 0 1
32 225 0 1
38 225 0 1
4 226 0 1
5 226 0 1
6 226 0 1
8 226 0 1
10 226 0 1
16 226 0 1
20 226 0 1
23 226 0 1
24 226 0 1
26 226 0 1
27 226 0 1
28 226 0 1
29 226 0 1
35 226 0 1
36 226 0 1
40 226 0 1
43 226 0 1
64 226 0 1
3 227 0 1
5 227 0 1
6 227 0 1
10 227 0 1
16 227 0 1
17 227 0 1
18 227 0 1
20 227 0 1
21 227 0 1
23 227 0 1
24 227 0 1
25 227 0 1
26 227 0 1
27 227 0 1
30 227 0 1
33 227 0 1
34 227 0 1
37 227 0 1
39 227 0 1
41 227 0 1
42 227 0 1
43 227 0 1
65 227 0 1
4 228 0 1
5 228 0 1
6 228 0 1
8 228 0 1
10 228 0 1
16 228 0 1
20 228 0 1
21 228 0 1
23 228 0 1
24 228 0 1
26 228 0 1
27 228 0 1
28 228 0 1
29 228 0 1
34 228 0 1
35 228 0 1
36 228 0 1
39 228 0 1
40 228 0 1
43 228 0 1
3 229 0 1
9 229 0 1
17 229 0 1
18 229 0 1
25 229 0 1
30 229 0 1
33 229 0 1
41 229 0 1
42 229 0 1
65 229 0 1
7 230 0 1
11 230 0 1
12 230 0 1
13 230 0 1
14 230 0 1
15 230 0 1
19 230 0 1
22 230 0 1
32 230 0 1
38 230 0 1
7 231 0 1
9 231 0 1
11 231 0 1
13 231 0 1
14 231 0 1
15 231 0 1
32 231 0 1
38 231 0 1
62 231 0 1
4 232 0 1
5 232 0 1
6 232 0 1
8 232 0 1
10 232 0 1
20 232 0 1
24 232 0 1
26 232 0 1
27 232 0 1
28 232 0 1
29 232 0 1
35 232 0 1
36 232 0 1
40 232 0 1
64 232 0 1
70 232 0 1
3 233 0 1
9 233 0 1
16 233 0 1
17 233 0 1
18 233 0 1
21 233 0 1
25 233 0 1
30 233 0 1
33 233 0 1
39 233 0 1
41 233 0 1
42 233 0 1
53 233 0 1
63 233 0 1
65 233 0 1
3 234 0 1
9 234 0 1
16 234 0 1
17 234 0 1
18 234 0 1
21 234 0 1
25 234 0 1
30 234 0 1
33 234 0 1
39 234 0 1
41 234 0 1
42 234 0 1
43 234 0 1
63 234 0 1
65 234 0 1
4 235 0 1
5 235 0 1
6 235 0 1
8 235 0 1
10 235 0 1
16 235 0 1
20 235 0 1
21 235 0 1
23 235 0 1
24 235 0 1
26 235 0 1
27 235 0 1
28 235 0 1
29 235 0 1
34 235 0 1
35 235 0 1
36 235 0 1
37 235 0 1
39 235 0 1
40 235 0 1
42 235 0 1
43 235 0 1
64 235 0 1
69 235 0 1
70 235 0 1
71 235 0 1
7 236 0 1
9 236 0 1
11 236 0 1
14 236 0 1
15 236 0 1
18 236 0 1
32 236 0 1
38 236 0 1
44 236 0 1
61 236 0 1
62 236 0 1
66 236 0 1
67 236 0 1
9 237 0 1
11 237 0 1
15 237 0 1
18 237 0 1
32 237 0 1
41 237 0 1
44 237 0 1
62 237 0 1
66 237 0 1
5 238 0 1
6 238 0 1
8 238 0 1
10 238 0 1
16 238 0 1
17 238 0 1
20 238 0 1
21 238 0 1
23 238 0 1
24 238 0 1
25 238 0 1
26 238 0 1
27 238 0 1
28 238 0 1
29 238 0 1
30 238 0 1
34 238 0 1
35 238 0 1
36 238 0 1
37 238 0 1
39 238 0 1
40 238 0 1
42 238 0 1
43 238 0 1
46 238 0 1
47 238 0 1
64 238 0 1
65 238 0 1
68 238 0 1
69 238 0 1
70 238 0 1
71 238 0 1
72 238 0 1
16 239 0 1
17 239 0 1
20 239 0 1
21 239 0 1
24 239 0 1
26 239 0 1
27 239 0 1
28 239 0 1
29 239 0 1
30 239 0 1
33 239 0 1
34 239 0 1
35 239 0 1
36 239 0 1
37 239 0 1
39 239 0 1
40 239 0 1
42 239 0 1
43 239 0 1
45 239 0 1
46 239 0 1
47 239 0 1
54 239 0 1
55 239 0 1
56 239 0 1
58 239 0 1
59 239 0 1
64 239 0 1
65 239 0 1
68 239 0 1
69 239 0 1
70 239 0 1
71 239 0 1
72 239 0 1
95 239 0 1
98 239 0 1
100 239 0 1
101 239 0 1
105 239 0 1
16 240 0 1
17 240 0 1
20 240 0 1
21 240 0 1
23 240 0 1
24 240 0 1
25 240 0 1
26 240 0 1
27 240 0 1
28 240 0 1
29 240 0 1
30 240 0 1
33 240 0 1
34 240 0 1
35 240 0 1
36 240 0 1
37 240 0 1
39 240 0 1
40 240 0 1
41 240 0 1
42 240 0 1
43 240 0 1
45 240 0 1
46 240 0 1
47 240 0 1
52 240 0 1
54 240 0 1
55 240 0 1
58 240 0 1
59 240 0 1
63 240 0 1
64 240 0 1
65 240 0 1
68 240 0 1
69 240 0 1
70 240 0 1
71 240 0 1
72 240 0 1
98 240 0 1
100 240 0 1
101 240 0 1
16 241 0 1
17 241 0 1
18 241 0 1
20 241 0 1
21 241 0 1
25 241 0 1
26 241 0 1
27 241 0 1
30 241 0 1
33 241 0 1
34 241 0 1
36 241 0 1
37 241 0 1
39 241 0 1
41 241 0 1
42 241 0 1
43 241 0 1
45 241 0 1
46 241 0 1
47 241 0 1
49 241 0 1
50 241 0 1
52 241 0 1
53 241 0 1
55 241 0 1
59 241 0 1
63 241 0 1
65 241 0 1
68 241 0 1
69 241 0 1
70 241 0 1
72 241 0 1
97 241 0 1
98 241 0 1
101 241 0 1
11 242 0 1
13 242 0 1
14 242 0 1
15 242 0 1
19 242 0 1
31 242 0 1
32 242 0 1
38 242 0 1
44 242 0 1
51 242 0 1
57 242 0 1
60 242 0 1
61 242 0 1
62 242 0 1
66 242 0 1
67 242 0 1
96 242 0 1
99 242 0 1
17 243 0 1
18 243 0 1
30 243 0 1
33 243 0 1
41 243 0 1
44 243 0 1
45 243 0 1
48 243 0 1
49 243 0 1
50 243 0 1
52 243 0 1
53 243 0 1
57 243 0 1
62 243 0 1
63 243 0 1
65 243 0 1
66 243 0 1
11 244 0 1
14 244 0 1
15 244 0 1
31 244 0 1
32 244 0 1
38 244 0 1
44 244 0 1
51 244 0 1
57 244 0 1
60 244 0 1
61 244 0 1
62 244 0 1
66 244 0 1
67 244 0 1
94 244 0 1
96 244 0 1
99 244 0 1
16 245 0 1
17 245 0 1
20 245 0 1
21 245 0 1
26 245 0 1
27 245 0 1
29 245 0 1
30 245 0 1
33 245 0 1
34 245 0 1
35 245 0 1
36 245 0 1
37 245 0 1
39 245 0 1
41 245 0 1
42 245 0 1
43 245 0 1
45 245 0 1
46 245 0 1
47 245 0 1
50 245 0 1
52 245 0 1
54 245 0 1
55 245 0 1
58 245 0 1
59 245 0 1
63 245 0 1
64 245 0 1
65 245 0 1
68 245 0 1
69 245 0 1
70 245 0 1
71 245 0 1
72 245 0 1
79 245 0 1
81 245 0 1
84 245 0 1
85 245 0 1
86 245 0 1
88 245 0 1
91 245 0 1
95 245 0 1
97 245 0 1
98 245 0 1
100 245 0 1
101 245 0 1
105 245 0 1
106 245 0 1
169 245 0 1
15 246 0 1
31 246 0 1
32 246 0 1
38 246 0 1
51 246 0 1
57 246 0 1
60 246 0 1
61 246 0 1
62 246 0 1
66 246 0 1
67 246 0 1
73 246 0 1
74 246 0 1
75 246 0 1
76 246 0 1
77 246 0 1
82 246 0 1
92 246 0 1
94 246 0 1
96 246 0 1
99 246 0 1
103 246 0 1
161 246 0 1
15 247 0 1
31 247 0 1
32 247 0 1
38 247 0 1
44 247 0 1
51 247 0 1
57 247 0 1
60 247 0 1
61 247 0 1
62 247 0 1
66 247 0 1
67 247 0 1
74 247 0 1
75 247 0 1
76 247 0 1
77 247 0 1
82 247 0 1
89 247 0 1
92 247 0 1
94 247 0 1
96 247 0 1
99 247 0 1
103 247 0 1
16 248 0 1
17 248 0 1
26 248 0 1
30 248 0 1
33 248 0 1
34 248 0 1
36 248 0 1
37 248 0 1
39 248 0 1
41 248 0 1
42 248 0 1
43 248 0 1
45 248 0 1
46 248 0 1
47 248 0 1
49 248 0 1
50 248 0 1
52 248 0 1
53 248 0 1
55 248 0 1
58 248 0 1
59 248 0 1
63 248 0 1
65 248 0 1
68 248 0 1
69 248 0 1
70 248 0 1
72 248 0 1
78 248 0 1
81 248 0 1
84 248 0 1
85 248 0 1
86 248 0 1
88 248 0 1
90 248 0 1
91 248 0 1
93 248 0 1
97 248 0 1
98 248 0 1
100 248 0 1
101 248 0 1
104 248 0 1
105 248 0 1
165 248 0 1
30 249 0 1
33 249 0 1
41 249 0 1
44 249 0 1
45 249 0 1
48 249 0 1
49 249 0 1
50 249 0 1
52 249 0 1
53 249 0 1
55 249 0 1
63 249 0 1
65 249 0 1
68 249 0 1
72 249 0 1
78 249 0 1
84 249 0 1
85 249 0 1
87 249 0 1
88 249 0 1
90 249 0 1
93 249 0 1
97 249 0 1
98 249 0 1
101 249 0 1
104 249 0 1
160 249 0 1
163 249 0 1
165 249 0 1
33 250 0 1
41 250 0 1
44 250 0 1
45 250 0 1
48 250 0 1
49 250 0 1
50 250 0 1
52 250 0 1
53 250 0 1
57 250 0 1
62 250 0 1
63 250 0 1
65 250 0 1
66 250 0 1
80 250 0 1
84 250 0 1
87 250 0 1
89 250 0 1
90 250 0 1
93 250 0 1
99 250 0 1
104 250 0 1
160 250 0 1
163 250 0 1
15 251 0 1
32 251 0 1
38 251 0 1
44 251 0 1
48 251 0 1
51 251 0 1
57 251 0 1
60 251 0 1
61 251 0 1
62 251 0 1
66 251 0 1
67 251 0 1
87 251 0 1
89 251 0 1
94 251 0 1
96 251 0 1
99 251 0 1
11 252 0 1
14 252 0 1
15 252 0 1
31 252 0 1
32 252 0 1
38 252 0 1
44 252 0 1
51 252 0 1
57 252 0 1
60 252 0 1
61 252 0 1
62 252 0 1
66 252 0 1
67 252 0 1
94 252 0 1
96 252 0 1
99 252 0 1
17 253 0 1
18 253 0 1
30 253 0 1
33 253 0 1
41 253 0 1
44 253 0 1
45 253 0 1
48 253 0 1
49 253 0 1
50 253 0 1
52 253 0 1
53 253 0 1
55 253 0 1
57 253 0 1
62 253 0 1
63 253 0 1
65 253 0 1
66 253 0 1
98 253 0 1
104 253 0 1
18 254 0 1
33 254 0 1
41 254 0 1
44 254 0 1
45 254 0 1
48 254 0 1
49 254 0 1
50 254 0 1
52 254 0 1
53 254 0 1
57 254 0 1
62 254 0 1
63 254 0 1
65 254 0 1
66 254 0 1
99 254 0 1
104 254 0 1
18 255 0 1
32 255 0 1
33 255 0 1
41 255 0 1
44 255 0 1
48 255 0 1
49 255 0 1
50 255 0 1
52 255 0 1
53 255 0 1
57 255 0 1
62 255 0 1
63 255 0 1
66 255 0 1
87 255 0 1
99 255 0 1
104 255 0 1
16 256 0 1
17 256 0 1
21 256 0 1
26 256 0 1
30 256 0 1
33 256 0 1
34 256 0 1
37 256 0 1
39 256 0 1
41 256 0 1
42 256 0 1
43 256 0 1
45 256 0 1
46 256 0 1
48 256 0 1
49 256 0 1
50 256 0 1
52 256 0 1
53 256 0 1
55 256 0 1
59 256 0 1
63 256 0 1
65 256 0 1
68 256 0 1
69 256 0 1
72 256 0 1
78 256 0 1
84 256 0 1
85 256 0 1
88 256 0 1
90 256 0 1
93 256 0 1
97 256 0 1
98 256 0 1
100 256 0 1
101 256 0 1
104 256 0 1
18 257 0 1
33 257 0 1
41 257 0 1
44 257 0 1
48 257 0 1
49 257 0 1
50 257 0 1
52 257 0 1
53 257 0 1
57 257 0 1
62 257 0 1
63 257 0 1
66 257 0 1
87 257 0 1
89 257 0 1
93 257 0 1
99 257 0 1
104 257 0 1
15 258 0 1
31 258 0 1
32 258 0 1
38 258 0 1
44 258 0 1
51 258 0 1
57 258 0 1
60 258 0 1
61 258 0 1
62 258 0 1
66 258 0 1
67 258 0 1
76 258 0 1
82 258 0 1
89 258 0 1
92 258 0 1
94 258 0 1
96 258 0 1
99 258 0 1
103 258 0 1
1 259 0 1
45 259 0 1
46 259 0 1
47 259 0 1
50 259 0 1
52 259 0 1
54 259 0 1
55 259 0 1
58 259 0 1
59 259 0 1
68 259 0 1
72 259 0 1
78 259 0 1
79 259 0 1
81 259 0 1
84 259 0 1
85 259 0 1
86 259 0 1
88 259 0 1
90 259 0 1
91 259 0 1
93 259 0 1
95 259 0 1
97 259 0 1
98 259 0 1
100 259 0 1
101 259 0 1
104 259 0 1
105 259 0 1
106 259 0 1
110 259 0 1
111 259 0 1
113 259 0 1
118 259 0 1
120 259 0 1
121 259 0 1
122 259 0 1
142 259 0 1
143 259 0 1
150 259 0 1
154 259 0 1
163 259 0 1
164 259 0 1
165 259 0 1
166 259 0 1
167 259 0 1
168 259 0 1
169 259 0 1
170 259 0 1
171 259 0 1
172 259 0 1
175 259 0 1
176 259 0 1
51 260 0 1
67 260 0 1
73 260 0 1
74 260 0 1
75 260 0 1
76 260 0 1
77 260 0 1
80 260 0 1
82 260 0 1
89 260 0 1
92 260 0 1
94 260 0 1
96 260 0 1
99 260 0 1
103 260 0 1
108 260 0 1
109 260 0 1
112 260 0 1
114 260 0 1
115 260 0 1
116 260 0 1
117 260 0 1
124 260 0 1
125 260 0 1
144 260 0 1
145 260 0 1
146 260 0 1
147 260 0 1
152 260 0 1
157 260 0 1
161 260 0 1
162 260 0 1
173 260 0 1
174 260 0 1
48 261 0 1
57 261 0 1
74 261 0 1
76 261 0 1
77 261 0 1
80 261 0 1
87 261 0 1
89 261 0 1
92 261 0 1
94 261 0 1
96 261 0 1
99 261 0 1
103 261 0 1
112 261 0 1
114 261 0 1
115 261 0 1
116 261 0 1
123 261 0 1
127 261 0 1
134 261 0 1
135 261 0 1
138 261 0 1
139 261 0 1
140 261 0 1
141 261 0 1
145 261 0 1
146 261 0 1
147 261 0 1
148 261 0 1
149 261 0 1
152 261 0 1
153 261 0 1
155 261 0 1
156 261 0 1
157 261 0 1
158 261 0 1
159 261 0 1
160 261 0 1
162 261 0 1
163 261 0 1
173 261 0 1
174 261 0 1
177 261 0 1
178 261 0 1
44 262 0 1
48 262 0 1
49 262 0 1
53 262 0 1
57 262 0 1
74 262 0 1
76 262 0 1
77 262 0 1
80 262 0 1
87 262 0 1
89 262 0 1
93 262 0 1
96 262 0 1
99 262 0 1
104 262 0 1
111 262 0 1
112 262 0 1
113 262 0 1
114 262 0 1
115 262 0 1
116 262 0 1
123 262 0 1
127 262 0 1
140 262 0 1
141 262 0 1
145 262 0 1
147 262 0 1
148 262 0 1
149 262 0 1
151 262 0 1
153 262 0 1
155 262 0 1
156 262 0 1
157 262 0 1
158 262 0 1
159 262 0 1
160 262 0 1
162 262 0 1
163 262 0 1
165 262 0 1
172 262 0 1
176 262 0 1
177 262 0 1
178 262 0 1
1 263 0 1
45 263 0 1
46 263 0 1
47 263 0 1
49 263 0 1
50 263 0 1
52 263 0 1
54 263 0 1
55 263 0 1
58 263 0 1
59 263 0 1
65 263 0 1
68 263 0 1
69 263 0 1
70 263 0 1
72 263 0 1
78 263 0 1
79 263 0 1
81 263 0 1
84 263 0 1
85 263 0 1
86 263 0 1
88 263 0 1
90 263 0 1
91 263 0 1
93 263 0 1
95 263 0 1
97 263 0 1
98 263 0 1
100 263 0 1
101 263 0 1
104 263 0 1
105 263 0 1
106 263 0 1
120 263 0 1
121 263 0 1
122 263 0 1
142 263 0 1
143 263 0 1
154 263 0 1
163 263 0 1
164 263 0 1
165 263 0 1
166 263 0 1
167 263 0 1
168 263 0 1
169 263 0 1
170 263 0 1
171 263 0 1
172 263 0 1
175 263 0 1
176 263 0 1
32 264 0 1
44 264 0 1
51 264 0 1
57 264 0 1
60 264 0 1
61 264 0 1
62 264 0 1
66 264 0 1
67 264 0 1
73 264 0 1
74 264 0 1
75 264 0 1
76 264 0 1
77 264 0 1
80 264 0 1
82 264 0 1
87 264 0 1
89 264 0 1
92 264 0 1
94 264 0 1
96 264 0 1
99 264 0 1
103 264 0 1
112 264 0 1
114 264 0 1
115 264 0 1
116 264 0 1
117 264 0 1
145 264 0 1
147 264 0 1
157 264 0 1
158 264 0 1
159 264 0 1
161 264 0 1
162 264 0 1
173 264 0 1
174 264 0 1
177 264 0 1
178 264 0 1
44 265 0 1
48 265 0 1
51 265 0 1
57 265 0 1
62 265 0 1
66 265 0 1
67 265 0 1
74 265 0 1
75 265 0 1
76 265 0 1
77 265 0 1
80 265 0 1
82 265 0 1
87 265 0 1
89 265 0 1
92 265 0 1
94 265 0 1
96 265 0 1
99 265 0 1
103 265 0 1
112 265 0 1
114 265 0 1
115 265 0 1
116 265 0 1
127 265 0 1
140 265 0 1
141 265 0 1
145 265 0 1
146 265 0 1
147 265 0 1
148 265 0 1
152 265 0 1
153 265 0 1
155 265 0 1
157 265 0 1
158 265 0 1
159 265 0 1
160 265 0 1
162 265 0 1
163 265 0 1
173 265 0 1
174 265 0 1
177 265 0 1
178 265 0 1
1 266 0 1
79 266 0 1
81 266 0 1
83 266 0 1
86 266 0 1
91 266 0 1
95 266 0 1
100 266 0 1
102 266 0 1
105 266 0 1
106 266 0 1
107 266 0 1
110 266 0 1
118 266 0 1
119 266 0 1
121 266 0 1
122 266 0 1
126 266 0 1
131 266 0 1
132 266 0 1
142 266 0 1
154 266 0 1
164 266 0 1
166 266 0 1
167 266 0 1
168 266 0 1
169 266 0 1
170 266 0 1
171 266 0 1
74 267 0 1
76 267 0 1
77 267 0 1
80 267 0 1
87 267 0 1
89 267 0 1
92 267 0 1
96 267 0 1
103 267 0 1
109 267 0 1
112 267 0 1
114 267 0 1
115 267 0 1
116 267 0 1
117 267 0 1
124 267 0 1
125 267 0 1
127 267 0 1
134 267 0 1
135 267 0 1
136 267 0 1
137 267 0 1
138 267 0 1
139 267 0 1
140 267 0 1
141 267 0 1
145 267 0 1
146 267 0 1
147 267 0 1
148 267 0 1
149 267 0 1
152 267 0 1
153 267 0 1
155 267 0 1
156 267 0 1
157 267 0 1
158 267 0 1
159 267 0 1
160 267 0 1
162 267 0 1
173 267 0 1
174 267 0 1
177 267 0 1
178 267 0 1
73 268 0 1
74 268 0 1
75 268 0 1
76 268 0 1
77 268 0 1
92 268 0 1
108 268 0 1
109 268 0 1
112 268 0 1
114 268 0 1
115 268 0 1
117 268 0 1
124 268 0 1
125 268 0 1
127 268 0 1
134 268 0 1
135 268 0 1
136 268 0 1
137 268 0 1
138 268 0 1
139 268 0 1
144 268 0 1
145 268 0 1
146 268 0 1
147 268 0 1
152 268 0 1
153 268 0 1
157 268 0 1
161 268 0 1
162 268 0 1
173 268 0 1
174 268 0 1
108 269 0 1
109 269 0 1
114 269 0 1
117 269 0 1
124 269 0 1
125 269 0 1
134 269 0 1
135 269 0 1
136 269 0 1
137 269 0 1
144 269 0 1
145 269 0 1
146 269 0 1
152 269 0 1
161 269 0 1
173 269 0 1
174 269 0 1
1 270 0 1
78 270 0 1
81 270 0 1
111 270 0 1
113 270 0 1
120 270 0 1
121 270 0 1
122 270 0 1
123 270 0 1
126 270 0 1
128 270 0 1
129 270 0 1
130 270 0 1
131 270 0 1
132 270 0 1
133 270 0 1
142 270 0 1
143 270 0 1
149 270 0 1
150 270 0 1
151 270 0 1
154 270 0 1
156 270 0 1
163 270 0 1
165 270 0 1
166 270 0 1
167 270 0 1
170 270 0 1
171 270 0 1
172 270 0 1
175 270 0 1
176 270 0 1
74 271 0 1
75 271 0 1
76 271 0 1
77 271 0 1
80 271 0 1
89 271 0 1
92 271 0 1
108 271 0 1
109 271 0 1
112 271 0 1
114 271 0 1
115 271 0 1
116 271 0 1
117 271 0 1
124 271 0 1
125 271 0 1
127 271 0 1
134 271 0 1
135 271 0 1
136 271 0 1
137 271 0 1
138 271 0 1
139 271 0 1
140 271 0 1
141 271 0 1
144 271 0 1
145 271 0 1
146 271 0 1
147 271 0 1
148 271 0 1
152 271 0 1
153 271 0 1
155 271 0 1
156 271 0 1
157 271 0 1
158 271 0 1
159 271 0 1
161 271 0 1
162 271 0 1
173 271 0 1
174 271 0 1
177 271 0 1
178 271 0 1
1 272 0 1
78 272 0 1
79 272 0 1
81 272 0 1
84 272 0 1
85 272 0 1
88 272 0 1
90 272 0 1
91 272 0 1
93 272 0 1
97 272 0 1
111 272 0 1
113 272 0 1
118 272 0 1
120 272 0 1
121 272 0 1
122 272 0 1
123 272 0 1
126 272 0 1
128 272 0 1
129 272 0 1
130 272 0 1
131 272 0 1
132 272 0 1
133 272 0 1
142 272 0 1
143 272 0 1
150 272 0 1
151 272 0 1
154 272 0 1
156 272 0 1
163 272 0 1
165 272 0 1
166 272 0 1
167 272 0 1
168 272 0 1
170 272 0 1
171 272 0 1
172 272 0 1
175 272 0 1
176 272 0 1
1 273 0 1
78 273 0 1
81 273 0 1
84 273 0 1
85 273 0 1
90 273 0 1
93 273 0 1
111 273 0 1
113 273 0 1
120 273 0 1
121 273 0 1
122 273 0 1
123 273 0 1
126 273 0 1
128 273 0 1
129 273 0 1
130 273 0 1
131 273 0 1
132 273 0 1
133 273 0 1
141 273 0 1
142 273 0 1
143 273 0 1
149 273 0 1
150 273 0 1
151 273 0 1
154 273 0 1
156 273 0 1
163 273 0 1
165 273 0 1
166 273 0 1
167 273 0 1
170 273 0 1
171 273 0 1
172 273 0 1
175 273 0 1
176 273 0 1
73 274 0 1
74 274 0 1
75 274 0 1
76 274 0 1
77 274 0 1
82 274 0 1
89 274 0 1
92 274 0 1
94 274 0 1
96 274 0 1
103 274 0 1
108 274 0 1
109 274 0 1
112 274 0 1
114 274 0 1
115 274 0 1
116 274 0 1
117 274 0 1
124 274 0 1
125 274 0 1
127 274 0 1
134 274 0 1
135 274 0 1
136 274 0 1
137 274 0 1
139 274 0 1
144 274 0 1
145 274 0 1
146 274 0 1
147 274 0 1
152 274 0 1
153 274 0 1
157 274 0 1
161 274 0 1
162 274 0 1
173 274 0 1
174 274 0 1
177 274 0 1
73 275 0 1
74 275 0 1
75 275 0 1
76 275 0 1
77 275 0 1
80 275 0 1
82 275 0 1
87 275 0 1
89 275 0 1
92 275 0 1
94 275 0 1
96 275 0 1
99 275 0 1
103 275 0 1
108 275 0 1
109 275 0 1
112 275 0 1
114 275 0 1
115 275 0 1
116 275 0 1
117 275 0 1
124 275 0 1
125 275 0 1
127 275 0 1
134 275 0 1
135 275 0 1
136 275 0 1
137 275 0 1
138 275 0 1
139 275 0 1
140 275 0 1
144 275 0 1
145 275 0 1
146 275 0 1
147 275 0 1
148 275 0 1
152 275 0 1
153 275 0 1
155 275 0 1
157 275 0 1
158 275 0 1
161 275 0 1
162 275 0 1
173 275 0 1
174 275 0 1
177 275 0 1
178 275 0 1
31 276 0 1
51 276 0 1
60 276 0 1
61 276 0 1
67 276 0 1
73 276 0 1
74 276 0 1
75 276 0 1
76 276 0 1
82 276 0 1
92 276 0 1
94 276 0 1
96 276 0 1
103 276 0 1
108 276 0 1
109 276 0 1
117 276 0 1
144 276 0 1
161 276 0 1
173 276 0 1
174 276 0 1
31 277 0 1
32 277 0 1
51 277 0 1
60 277 0 1
61 277 0 1
67 277 0 1
73 277 0 1
74 277 0 1
75 277 0 1
76 277 0 1
77 277 0 1
82 277 0 1
92 277 0 1
94 277 0 1
96 277 0 1
99 277 0 1
103 277 0 1
108 277 0 1
109 277 0 1
114 277 0 1
117 277 0 1
157 277 0 1
161 277 0 1
173 277 0 1
174 277 0 1
31 278 0 1
32 278 0 1
44 278 0 1
51 278 0 1
57 278 0 1
60 278 0 1
61 278 0 1
62 278 0 1
66 278 0 1
67 278 0 1
73 278 0 1
74 278 0 1
75 278 0 1
76 278 0 1
77 278 0 1
80 278 0 1
82 278 0 1
87 278 0 1
89 278 0 1
92 278 0 1
94 278 0 1
96 278 0 1
99 278 0 1
103 278 0 1
112 278 0 1
114 278 0 1
115 278 0 1
157 278 0 1
158 278 0 1
161 278 0 1
162 278 0 1
173 278 0 1
174 278 0 1
177 278 0 1
44 279 0 1
48 279 0 1
49 279 0 1
50 279 0 1
53 279 0 1
57 279 0 1
62 279 0 1
63 279 0 1
66 279 0 1
76 279 0 1
77 279 0 1
80 279 0 1
87 279 0 1
89 279 0 1
93 279 0 1
96 279 0 1
99 279 0 1
104 279 0 1
158 279 0 1
159 279 0 1
160 279 0 1
162 279 0 1
163 279 0 1
165 279 0 1
172 279 0 1
177 279 0 1
178 279 0 1
33 280 0 1
45 280 0 1
46 280 0 1
48 280 0 1
49 280 0 1
50 280 0 1
52 280 0 1
53 280 0 1
55 280 0 1
63 280 0 1
65 280 0 1
68 280 0 1
72 280 0 1
78 280 0 1
81 280 0 1
84 280 0 1
85 280 0 1
87 280 0 1
88 280 0 1
90 280 0 1
91 280 0 1
93 280 0 1
97 280 0 1
98 280 0 1
101 280 0 1
104 280 0 1
111 280 0 1
113 280 0 1
122 280 0 1
123 280 0 1
159 280 0 1
160 280 0 1
163 280 0 1
165 280 0 1
167 280 0 1
171 280 0 1
172 280 0 1
175 280 0 1
176 280 0 1
178 280 0 1
32 281 0 1
44 281 0 1
48 281 0 1
51 281 0 1
57 281 0 1
61 281 0 1
62 281 0 1
66 281 0 1
67 281 0 1
74 281 0 1
76 281 0 1
77 281 0 1
80 281 0 1
82 281 0 1
87 281 0 1
89 281 0 1
92 281 0 1
94 281 0 1
96 281 0 1
99 281 0 1
103 281 0 1
112 281 0 1
114 281 0 1
115 281 0 1
116 281 0 1
140 281 0 1
147 281 0 1
157 281 0 1
158 281 0 1
159 281 0 1
160 281 0 1
162 281 0 1
174 281 0 1
177 281 0 1
178 281 0 1
33 282 0 1
44 282 0 1
45 282 0 1
48 282 0 1
49 282 0 1
50 282 0 1
52 282 0 1
53 282 0 1
55 282 0 1
63 282 0 1
65 282 0 1
72 282 0 1
78 282 0 1
80 282 0 1
84 282 0 1
85 282 0 1
87 282 0 1
88 282 0 1
89 282 0 1
90 282 0 1
93 282 0 1
97 282 0 1
98 282 0 1
101 282 0 1
104 282 0 1
111 282 0 1
113 282 0 1
123 282 0 1
158 282 0 1
159 282 0 1
160 282 0 1
163 282 0 1
165 282 0 1
171 282 0 1
172 282 0 1
175 282 0 1
176 282 0 1
178 282 0 1
32 283 0 1
44 283 0 1
48 283 0 1
51 283 0 1
57 283 0 1
60 283 0 1
61 283 0 1
62 283 0 1
66 283 0 1
67 283 0 1
74 283 0 1
75 283 0 1
76 283 0 1
77 283 0 1
80 283 0 1
82 283 0 1
87 283 0 1
89 283 0 1
92 283 0 1
94 283 0 1
96 283 0 1
99 283 0 1
103 283 0 1
112 283 0 1
114 283 0 1
115 283 0 1
116 283 0 1
145 283 0 1
157 283 0 1
158 283 0 1
159 283 0 1
160 283 0 1
162 283 0 1
173 283 0 1
174 283 0 1
177 283 0 1
178 283 0 1
33 284 0 1
44 284 0 1
45 284 0 1
48 284 0 1
49 284 0 1
50 284 0 1
52 284 0 1
53 284 0 1
55 284 0 1
57 284 0 1
62 284 0 1
63 284 0 1
65 284 0 1
66 284 0 1
78 284 0 1
80 284 0 1
84 284 0 1
85 284 0 1
87 284 0 1
89 284 0 1
90 284 0 1
93 284 0 1
98 284 0 1
99 284 0 1
104 284 0 1
158 284 0 1
159 284 0 1
160 284 0 1
163 284 0 1
165 284 0 1
172 284 0 1
30 285 0 1
33 285 0 1
41 285 0 1
45 285 0 1
46 285 0 1
48 285 0 1
49 285 0 1
50 285 0 1
52 285 0 1
53 285 0 1
55 285 0 1
59 285 0 1
63 285 0 1
65 285 0 1
68 285 0 1
72 285 0 1
78 285 0 1
84 285 0 1
85 285 0 1
87 285 0 1
88 285 0 1
90 285 0 1
93 285 0 1
97 285 0 1
98 285 0 1
101 285 0 1
104 285 0 1
160 285 0 1
163 285 0 1
165 285 0 1
172 285 0 1
175 285 0 1
176 285 0 1
15 286 0 1
32 286 0 1
44 286 0 1
48 286 0 1
51 286 0 1
53 286 0 1
57 286 0 1
60 286 0 1
61 286 0 1
62 286 0 1
66 286 0 1
67 286 0 1
74 286 0 1
76 286 0 1
77 286 0 1
80 286 0 1
87 286 0 1
89 286 0 1
92 286 0 1
94 286 0 1
96 286 0 1
99 286 0 1
103 286 0 1
160 286 0 1
162 286 0 1
15 287 0 1
32 287 0 1
33 287 0 1
41 287 0 1
44 287 0 1
48 287 0 1
49 287 0 1
50 287 0 1
51 287 0 1
52 287 0 1
53 287 0 1
57 287 0 1
61 287 0 1
62 287 0 1
63 287 0 1
66 287 0 1
67 287 0 1
76 287 0 1
77 287 0 1
80 287 0 1
87 287 0 1
89 287 0 1
93 287 0 1
96 287 0 1
99 287 0 1
104 287 0 1
158 287 0 1
159 287 0 1
160 287 0 1
162 287 0 1
163 287 0 1
177 287 0 1
178 287 0 1
30 288 0 1
33 288 0 1
34 288 0 1
37 288 0 1
41 288 0 1
42 288 0 1
45 288 0 1
46 288 0 1
48 288 0 1
49 288 0 1
50 288 0 1
52 288 0 1
53 288 0 1
55 288 0 1
59 288 0 1
63 288 0 1
65 288 0 1
68 288 0 1
69 288 0 1
72 288 0 1
78 288 0 1
81 288 0 1
84 288 0 1
85 288 0 1
88 288 0 1
90 288 0 1
91 288 0 1
93 288 0 1
97 288 0 1
98 288 0 1
100 288 0 1
101 288 0 1
104 288 0 1
105 288 0 1
163 288 0 1
165 288 0 1
167 288 0 1
171 288 0 1
172 288 0 1
175 288 0 1
30 289 0 1
33 289 0 1
44 289 0 1
45 289 0 1
48 289 0 1
49 289 0 1
50 289 0 1
52 289 0 1
53 289 0 1
55 289 0 1
63 289 0 1
65 289 0 1
68 289 0 1
72 289 0 1
78 289 0 1
84 289 0 1
85 289 0 1
87 289 0 1
88 289 0 1
90 289 0 1
93 289 0 1
97 289 0 1
98 289 0 1
101 289 0 1
104 289 0 1
111 289 0 1
159 289 0 1
160 289 0 1
163 289 0 1
165 289 0 1
172 289 0 1
175 289 0 1
176 289 0 1
33 290 0 1
44 290 0 1
45 290 0 1
48 290 0 1
49 290 0 1
50 290 0 1
52 290 0 1
53 290 0 1
57 290 0 1
62 290 0 1
63 290 0 1
66 290 0 1
80 290 0 1
84 290 0 1
87 290 0 1
89 290 0 1
90 290 0 1
93 290 0 1
98 290 0 1
99 290 0 1
104 290 0 1
158 290 0 1
159 290 0 1
160 290 0 1
162 290 0 1
163 290 0 1
165 290 0 1
172 290 0 1
177 290 0 1
178 290 0 1
31 291 0 1
32 291 0 1
44 291 0 1
51 291 0 1
57 291 0 1
60 291 0 1
61 291 0 1
62 291 0 1
66 291 0 1
67 291 0 1
73 291 0 1
74 291 0 1
75 291 0 1
76 291 0 1
77 291 0 1
80 291 0 1
82 291 0 1
87 291 0 1
89 291 0 1
92 291 0 1
94 291 0 1
96 291 0 1
99 291 0 1
103 291 0 1
157 291 0 1
161 291 0 1
162 291 0 1
173 291 0 1
174 291 0 1
31 292 0 1
32 292 0 1
51 292 0 1
57 292 0 1
60 292 0 1
61 292 0 1
62 292 0 1
66 292 0 1
67 292 0 1
73 292 0 1
74 292 0 1
75 292 0 1
76 292 0 1
77 292 0 1
82 292 0 1
89 292 0 1
92 292 0 1
94 292 0 1
96 292 0 1
99 292 0 1
103 292 0 1
157 292 0 1
161 292 0 1
173 292 0 1
174 292 0 1
32 293 0 1
44 293 0 1
48 293 0 1
51 293 0 1
57 293 0 1
60 293 0 1
61 293 0 1
62 293 0 1
66 293 0 1
67 293 0 1
74 293 0 1
76 293 0 1
77 293 0 1
80 293 0 1
82 293 0 1
87 293 0 1
89 293 0 1
92 293 0 1
94 293 0 1
96 293 0 1
99 293 0 1
103 293 0 1
112 293 0 1
157 293 0 1
158 293 0 1
159 293 0 1
160 293 0 1
162 293 0 1
177 293 0 1
44 294 0 1
48 294 0 1
49 294 0 1
50 294 0 1
52 294 0 1
53 294 0 1
57 294 0 1
62 294 0 1
63 294 0 1
66 294 0 1
77 294 0 1
80 294 0 1
87 294 0 1
89 294 0 1
90 294 0 1
93 294 0 1
96 294 0 1
99 294 0 1
104 294 0 1
158 294 0 1
159 294 0 1
160 294 0 1
162 294 0 1
163 294 0 1
165 294 0 1
172 294 0 1
177 294 0 1
178 294 0 1
7 295 0 1
11 295 0 1
12 295 0 1
13 295 0 1
14 295 0 1
15 295 0 1
19 295 0 1
22 295 0 1
31 295 0 1
32 295 0 1
38 295 0 1
51 295 0 1
60 295 0 1
61 295 0 1
67 295 0 1
3 296 0 1
9 296 0 1
16 296 0 1
17 296 0 1
18 296 0 1
20 296 0 1
21 296 0 1
23 296 0 1
25 296 0 1
26 296 0 1
30 296 0 1
33 296 0 1
34 296 0 1
37 296 0 1
39 296 0 1
41 296 0 1
42 296 0 1
43 296 0 1
45 296 0 1
52 296 0 1
53 296 0 1
55 296 0 1
63 296 0 1
65 296 0 1
68 296 0 1
72 296 0 1
9 297 0 1
15 297 0 1
18 297 0 1
32 297 0 1
33 297 0 1
41 297 0 1
44 297 0 1
48 297 0 1
49 297 0 1
50 297 0 1
52 297 0 1
53 297 0 1
57 297 0 1
62 297 0 1
63 297 0 1
65 297 0 1
66 297 0 1
99 297 0 1
4 298 0 1
5 298 0 1
6 298 0 1
8 298 0 1
10 298 0 1
16 298 0 1
20 298 0 1
21 298 0 1
23 298 0 1
24 298 0 1
26 298 0 1
27 298 0 1
28 298 0 1
29 298 0 1
34 298 0 1
35 298 0 1
36 298 0 1
37 298 0 1
39 298 0 1
40 298 0 1
43 298 0 1
47 298 0 1
54 298 0 1
56 298 0 1
64 298 0 1
69 298 0 1
70 298 0 1
71 298 0 1
7 299 0 1
11 299 0 1
12 299 0 1
13 299 0 1
14 299 0 1
15 299 0 1
19 299 0 1
22 299 0 1
31 299 0 1
32 299 0 1
38 299 0 1
51 299 0 1
60 299 0 1
61 299 0 1
67 299 0 1
7 300 0 1
11 300 0 1
14 300 0 1
15 300 0 1
32 300 0 1
38 300 0 1
44 300 0 1
51 300 0 1
60 300 0 1
61 300 0 1
62 300 0 1
66 300 0 1
67 300 0 1
11 301 0 1
14 301 0 1
15 301 0 1
18 301 0 1
32 301 0 1
38 301 0 1
44 301 0 1
57 301 0 1
61 301 0 1
62 301 0 1
66 301 0 1
67 301 0 1
7 302 0 1
11 302 0 1
12 302 0 1
13 302 0 1
14 302 0 1
15 302 0 1
19 302 0 1
22 302 0 1
31 302 0 1
32 302 0 1
38 302 0 1
51 302 0 1
60 302 0 1
61 302 0 1
62 302 0 1
66 302 0 1
67 302 0 1
16 303 0 1
17 303 0 1
18 303 0 1
21 303 0 1
23 303 0 1
25 303 0 1
26 303 0 1
30 303 0 1
33 303 0 1
34 303 0 1
37 303 0 1
39 303 0 1
41 303 0 1
42 303 0 1
43 303 0 1
45 303 0 1
46 303 0 1
50 303 0 1
52 303 0 1
53 303 0 1
55 303 0 1
63 303 0 1
65 303 0 1
68 303 0 1
72 303 0 1
7 304 0 1
11 304 0 1
13 304 0 1
14 304 0 1
15 304 0 1
19 304 0 1
31 304 0 1
32 304 0 1
38 304 0 1
44 304 0 1
51 304 0 1
57 304 0 1
60 304 0 1
61 304 0 1
62 304 0 1
66 304 0 1
67 304 0 1
16 305 0 1
17 305 0 1
18 305 0 1
21 305 0 1
25 305 0 1
30 305 0 1
33 305 0 1
34 305 0 1
39 305 0 1
41 305 0 1
42 305 0 1
43 305 0 1
45 305 0 1
49 305 0 1
50 305 0 1
52 305 0 1
53 305 0 1
55 305 0 1
63 305 0 1
65 305 0 1
68 305 0 1
72 305 0 1
98 305 0 1
11 306 0 1
14 306 0 1
15 306 0 1
31 306 0 1
32 306 0 1
38 306 0 1
44 306 0 1
51 306 0 1
57 306 0 1
60 306 0 1
61 306 0 1
62 306 0 1
66 306 0 1
67 306 0 1
96 306 0 1
99 306 0 1
11 307 0 1
14 307 0 1
15 307 0 1
32 307 0 1
38 307 0 1
44 307 0 1
51 307 0 1
57 307 0 1
61 307 0 1
62 307 0 1
66 307 0 1
67 307 0 1
99 307 0 1
2 308 0 1
4 308 0 1
5 308 0 1
6 308 0 1
8 308 0 1
10 308 0 1
16 308 0 1
20 308 0 1
21 308 0 1
23 308 0 1
24 308 0 1
26 308 0 1
27 308 0 1
28 308 0 1
29 308 0 1
35 308 0 1
40 308 0 1
43 308 0 1
7 309 0 1
9 309 0 1
11 309 0 1
14 309 0 1
15 309 0 1
38 309 0 1
3 310 0 1
9 310 0 1
18 310 0 1
3 311 0 1
5 311 0 1
6 311 0 1
10 311 0 1
16 311 0 1
17 311 0 1
18 311 0 1
20 311 0 1
21 311 0 1
23 311 0 1
24 311 0 1
25 311 0 1
26 311 0 1
30 311 0 1
39 311 0 1
41 311 0 1
42 311 0 1
43 311 0 1
7 312 0 1
11 312 0 1
12 312 0 1
13 312 0 1
14 312 0 1
15 312 0 1
19 312 0 1
22 312 0 1
38 312 0 1
7 313 0 1
11 313 0 1
12 313 0 1
13 313 0 1
14 313 0 1
15 313 0 1
19 313 0 1
22 313 0 1
38 313 0 1
7 314 0 1
11 314 0 1
12 314 0 1
13 314 0 1
14 314 0 1
15 314 0 1
19 314 0 1
22 314 0 1
32 314 0 1
38 314 0 1
4 315 0 1
5 315 0 1
6 315 0 1
8 315 0 1
10 315 0 1
16 315 0 1
17 315 0 1
20 315 0 1
21 315 0 1
23 315 0 1
24 315 0 1
25 315 0 1
26 315 0 1
27 315 0 1
29 315 0 1
30 315 0 1
34 315 0 1
35 315 0 1
37 315 0 1
39 315 0 1
40 315 0 1
42 315 0 1
43 315 0 1
