2 3 0 0
3 4 0 0
1 5 0 0
1 6 0 0
5 6 0 0
1 7 0 0
4 7 0 0
1 8 0 0
7 8 0 0
1 9 0 0
7 9 0 0
8 9 0 0
10 11 0 0
1 12 0 0
1 13 0 0
12 13 0 0
10 14 0 0
11 14 0 0
1 15 0 0
12 15 0 0
13 15 0 0
10 16 0 0
11 16 0 0
14 16 0 0
1 17 0 0
12 17 0 0
13 17 0 0
15 17 0 0
1 18 0 0
12 18 0 0
13 18 0 0
15 18 0 0
17 18 0 0
1 19 0 0
12 19 0 0
13 19 0 0
15 19 0 0
17 19 0 0
18 19 0 0
10 20 0 0
11 20 0 0
14 20 0 0
16 20 0 0
1 21 0 0
7 21 0 0
8 21 0 0
9 21 0 0
4 22 0 1
10 23 0 1
11 23 0 1
20 23 0 1
2 26 0 1
3 26 0 1
5 26 0 1
4 29 0 1
4 30 0 1
7 30 0 1
7 31 0 1
13 33 0 1
20 33 0 1
10 34 0 1
20 34 0 1
21 34 0 1
10 35 0 1
20 35 0 1
