2 3 0 0
2 4 0 0
3 4 0 0
3 5 0 0
6 7 0 0
1 8 0 0
6 8 0 0
6 9 0 0
7 9 0 0
6 10 0 0
7 10 0 0
9 10 0 0
1 11 0 0
6 11 0 0
7 11 0 0
8 11 0 0
9 11 0 0
10 11 0 0
1 12 0 0
6 12 0 0
7 12 0 0
8 12 0 0
9 12 0 0
10 12 0 0
11 12 0 0
6 13 0 0
7 13 0 0
9 13 0 0
10 13 0 0
11 13 0 0
12 13 0 0
1 14 0 0
8 14 0 0
12 14 0 0
15 16 0 0
15 17 0 0
16 17 0 0
7 18 0 0
9 18 0 0
10 18 0 0
13 18 0 0
15 18 0 0
16 18 0 0
17 18 0 0
1 19 0 0
6 19 0 0
7 19 0 0
8 19 0 0
9 19 0 0
10 19 0 0
11 19 0 0
12 19 0 0
13 19 0 0
14 19 0 0
18 19 0 0
6 20 0 0
7 20 0 0
9 20 0 0
10 20 0 0
11 20 0 0
12 20 0 0
13 20 0 0
15 20 0 0
16 20 0 0
17 20 0 0
18 20 0 0
19 20 0 0
6 21 0 0
7 21 0 0
9 21 0 0
10 21 0 0
11 21 0 0
12 21 0 0
13 21 0 0
16 21 0 0
18 21 0 0
19 21 0 0
20 21 0 0
1 22 0 0
8 22 0 0
11 22 0 0
12 22 0 0
14 22 0 0
19 22 0 0
1 23 0 0
14 23 0 0
19 23 0 0
22 23 0 0
7 24 0 0
9 24 0 0
10 24 0 0
13 24 0 0
15 24 0 0
16 24 0 0
17 24 0 0
18 24 0 0
20 24 0 0
21 24 0 0
5 26 0 0
5 27 0 0
26 27 0 0
15 28 0 0
16 28 0 0
17 28 0 0
15 29 0 0
16 29 0 0
17 29 0 0
28 29 0 0
19 30 0 0
15 31 0 0
16 31 0 0
17 31 0 0
20 31 0 0
24 31 0 0
28 31 0 0
29 31 0 0
30 31 0 0
5 32 0 0
26 32 0 0
27 32 0 0
3 33 0 0
4 33 0 0
28 33 0 0
29 33 0 0
31 33 0 0
25 34 0 0
30 34 0 0
3 35 0 0
4 35 0 0
5 35 0 0
26 35 0 0
27 35 0 0
28 35 0 0
29 35 0 0
32 35 0 0
33 35 0 0
3 36 0 0
5 36 0 0
26 36 0 0
27 36 0 0
32 36 0 0
35 36 0 0
4 37 0 0
30 37 0 0
34 37 0 0
25 38 0 0
30 38 0 0
34 38 0 0
37 38 0 0
5 39 0 0
26 39 0 0
27 39 0 0
32 39 0 0
35 39 0 0
36 39 0 0
5 40 0 0
26 40 0 0
27 40 0 0
32 40 0 0
35 40 0 0
36 40 0 0
39 40 0 0
25 41 0 0
34 41 0 0
38 41 0 0
5 42 0 0
26 42 0 0
27 42 0 0
32 42 0 0
35 42 0 0
36 42 0 0
39 42 0 0
40 42 0 0
30 43 0 0
34 43 0 0
37 43 0 0
38 43 0 0
41 43 0 0
14 44 0 0
19 44 0 0
22 44 0 0
30 44 0 0
34 44 0 0
37 44 0 0
38 44 0 0
43 44 0 0
15 45 0 0
16 45 0 0
17 45 0 0
18 45 0 0
20 45 0 0
21 45 0 0
24 45 0 0
28 45 0 0
29 45 0 0
31 45 0 0
33 45 0 0
15 46 0 0
16 46 0 0
17 46 0 0
18 46 0 0
19 46 0 0
20 46 0 0
21 46 0 0
24 46 0 0
28 46 0 0
29 46 0 0
30 46 0 0
31 46 0 0
33 46 0 0
45 46 0 0
5 47 0 0
26 47 0 0
27 47 0 0
32 47 0 0
36 47 0 0
39 47 0 0
40 47 0 0
42 47 0 0
14 48 0 0
19 48 0 0
30 48 0 0
31 48 0 0
34 48 0 0
37 48 0 0
38 48 0 0
43 48 0 0
44 48 0 0
46 48 0 0
19 49 0 0
21 49 0 0
28 49 0 0
29 49 0 0
30 49 0 0
31 49 0 0
33 49 0 0
34 49 0 0
37 49 0 0
38 49 0 0
43 49 0 0
44 49 0 0
45 49 0 0
46 49 0 0
48 49 0 0
1 50 0 0
14 50 0 0
19 50 0 0
22 50 0 0
23 50 0 0
25 50 0 0
30 50 0 0
44 50 0 0
48 50 0 0
26 51 0 0
27 51 0 0
39 51 0 0
40 51 0 0
42 51 0 0
47 51 0 0
1 52 0 0
11 52 0 0
12 52 0 0
13 52 0 0
14 52 0 0
19 52 0 0
21 52 0 0
22 52 0 0
30 52 0 0
43 52 0 0
44 52 0 0
48 52 0 0
49 52 0 0
50 52 0 0
6 53 0 0
9 53 0 0
11 53 0 0
12 53 0 0
13 53 0 0
16 53 0 0
18 53 0 0
19 53 0 0
20 53 0 0
21 53 0 0
24 53 0 0
28 53 0 0
29 53 0 0
30 53 0 0
31 53 0 0
33 53 0 0
43 53 0 0
44 53 0 0
45 53 0 0
46 53 0 0
48 53 0 0
49 53 0 0
52 53 0 0
13 54 0 0
15 54 0 0
16 54 0 0
17 54 0 0
18 54 0 0
19 54 0 0
20 54 0 0
21 54 0 0
24 54 0 0
28 54 0 0
29 54 0 0
31 54 0 0
33 54 0 0
45 54 0 0
46 54 0 0
49 54 0 0
53 54 0 0
1 55 0 0
14 55 0 0
19 55 0 0
22 55 0 0
23 55 0 0
30 55 0 0
44 55 0 0
48 55 0 0
49 55 0 0
50 55 0 0
52 55 0 0
53 55 0 0
1 56 0 0
11 56 0 0
12 56 0 0
13 56 0 0
14 56 0 0
19 56 0 0
20 56 0 0
21 56 0 0
22 56 0 0
30 56 0 0
31 56 0 0
44 56 0 0
46 56 0 0
48 56 0 0
49 56 0 0
50 56 0 0
52 56 0 0
53 56 0 0
54 56 0 0
55 56 0 0
11 57 0 0
19 57 0 0
21 57 0 0
30 57 0 0
31 57 0 0
44 57 0 0
45 57 0 0
46 57 0 0
48 57 0 0
49 57 0 0
52 57 0 0
53 57 0 0
54 57 0 0
55 57 0 0
56 57 0 0
11 58 0 0
14 58 0 0
19 58 0 0
21 58 0 0
30 58 0 0
31 58 0 0
43 58 0 0
44 58 0 0
46 58 0 0
48 58 0 0
49 58 0 0
50 58 0 0
52 58 0 0
53 58 0 0
55 58 0 0
56 58 0 0
57 58 0 0
25 59 0 0
34 59 0 0
37 59 0 0
38 59 0 0
41 59 0 0
43 59 0 0
4 60 0 0
34 60 0 0
37 60 0 0
38 60 0 0
43 60 0 0
59 60 0 0
2 61 0 0
5 61 0 0
32 61 0 0
35 61 0 0
36 61 0 0
39 61 0 0
40 61 0 0
42 61 0 0
3 62 0 0
4 62 0 0
33 62 0 0
37 62 0 0
43 62 0 0
60 62 0 0
3 63 0 0
4 63 0 0
33 63 0 0
35 63 0 0
62 63 0 0
2 64 0 0
5 64 0 0
32 64 0 0
35 64 0 0
36 64 0 0
39 64 0 0
40 64 0 0
42 64 0 0
61 64 0 0
2 65 0 0
3 65 0 0
5 65 0 0
32 65 0 0
35 65 0 0
36 65 0 0
39 65 0 0
40 65 0 0
42 65 0 0
61 65 0 0
64 65 0 0
34 66 0 0
37 66 0 0
38 66 0 0
43 66 0 0
59 66 0 0
60 66 0 0
2 67 0 0
3 67 0 0
5 67 0 0
35 67 0 0
36 67 0 0
61 67 0 0
64 67 0 0
65 67 0 0
4 68 0 0
59 68 0 0
60 68 0 0
62 68 0 0
66 68 0 0
2 69 0 0
3 69 0 0
4 69 0 0
62 69 0 0
63 69 0 0
59 70 0 0
66 70 0 0
68 70 0 0
2 71 0 0
3 71 0 0
61 71 0 0
64 71 0 0
65 71 0 0
67 71 0 0
69 71 0 0
2 72 0 0
3 72 0 0
4 72 0 0
62 72 0 0
63 72 0 0
69 72 0 0
2 73 0 0
3 73 0 0
65 73 0 0
67 73 0 0
69 73 0 0
71 73 0 0
2 74 0 0
3 74 0 0
65 74 0 0
67 74 0 0
69 74 0 0
71 74 0 0
72 74 0 0
73 74 0 0
68 75 0 0
70 75 0 0
68 76 0 0
70 76 0 0
75 76 0 0
2 77 0 0
3 77 0 0
4 77 0 0
69 77 0 0
71 77 0 0
72 77 0 0
73 77 0 0
74 77 0 0
70 78 0 0
75 78 0 0
76 78 0 0
2 79 0 0
4 79 0 0
69 79 0 0
72 79 0 0
77 79 0 0
68 80 0 0
70 80 0 0
75 80 0 0
76 80 0 0
78 80 0 0
2 81 0 0
4 81 0 0
69 81 0 0
72 81 0 0
77 81 0 0
79 81 0 0
2 82 0 0
3 82 0 0
4 82 0 0
67 82 0 0
69 82 0 0
71 82 0 0
72 82 0 0
73 82 0 0
74 82 0 0
77 82 0 0
79 82 0 0
81 82 0 0
2 83 0 0
3 83 0 0
5 83 0 0
61 83 0 0
64 83 0 0
65 83 0 0
67 83 0 0
71 83 0 0
73 83 0 0
74 83 0 0
82 83 0 0
2 84 0 0
3 84 0 0
4 84 0 0
63 84 0 0
69 84 0 0
72 84 0 0
73 84 0 0
74 84 0 0
77 84 0 0
79 84 0 0
81 84 0 0
82 84 0 0
70 85 0 0
75 85 0 0
76 85 0 0
78 85 0 0
80 85 0 0
2 86 0 0
64 86 0 0
71 86 0 0
73 86 0 0
83 86 0 0
66 87 0 0
68 87 0 0
70 87 0 0
75 87 0 0
76 87 0 0
78 87 0 0
80 87 0 0
85 87 0 0
66 88 0 0
68 88 0 0
70 88 0 0
75 88 0 0
76 88 0 0
78 88 0 0
80 88 0 0
85 88 0 0
87 88 0 0
2 89 0 0
3 89 0 0
5 89 0 0
32 89 0 0
35 89 0 0
36 89 0 0
61 89 0 0
64 89 0 0
65 89 0 0
67 89 0 0
71 89 0 0
73 89 0 0
74 89 0 0
82 89 0 0
83 89 0 0
86 89 0 0
2 90 0 0
5 90 0 0
32 90 0 0
36 90 0 0
42 90 0 0
61 90 0 0
64 90 0 0
65 90 0 0
67 90 0 0
71 90 0 0
73 90 0 0
83 90 0 0
86 90 0 0
89 90 0 0
38 91 0 0
59 91 0 0
60 91 0 0
66 91 0 0
68 91 0 0
70 91 0 0
75 91 0 0
85 91 0 0
87 91 0 0
88 91 0 0
34 92 0 0
37 92 0 0
38 92 0 0
59 92 0 0
60 92 0 0
66 92 0 0
68 92 0 0
70 92 0 0
85 92 0 0
87 92 0 0
88 92 0 0
91 92 0 0
3 93 0 0
4 93 0 0
60 93 0 0
62 93 0 0
63 93 0 0
68 93 0 0
69 93 0 0
72 93 0 0
81 93 0 0
84 93 0 0
2 94 0 0
3 94 0 0
4 94 0 0
35 94 0 0
62 94 0 0
63 94 0 0
67 94 0 0
69 94 0 0
71 94 0 0
72 94 0 0
73 94 0 0
74 94 0 0
77 94 0 0
81 94 0 0
82 94 0 0
84 94 0 0
93 94 0 0
3 95 0 0
4 95 0 0
60 95 0 0
62 95 0 0
63 95 0 0
68 95 0 0
69 95 0 0
72 95 0 0
79 95 0 0
81 95 0 0
84 95 0 0
93 95 0 0
94 95 0 0
2 96 0 0
3 96 0 0
4 96 0 0
63 96 0 0
67 96 0 0
69 96 0 0
71 96 0 0
72 96 0 0
73 96 0 0
74 96 0 0
77 96 0 0
79 96 0 0
81 96 0 0
82 96 0 0
84 96 0 0
89 96 0 0
93 96 0 0
94 96 0 0
95 96 0 0
2 97 0 0
3 97 0 0
4 97 0 0
62 97 0 0
63 97 0 0
69 97 0 0
71 97 0 0
72 97 0 0
73 97 0 0
74 97 0 0
77 97 0 0
79 97 0 0
81 97 0 0
82 97 0 0
84 97 0 0
93 97 0 0
94 97 0 0
95 97 0 0
96 97 0 0
25 98 0 0
34 98 0 0
38 98 0 0
41 98 0 0
43 98 0 0
59 98 0 0
66 98 0 0
70 98 0 0
91 98 0 0
92 98 0 0
3 99 0 0
5 99 0 0
26 99 0 0
27 99 0 0
32 99 0 0
33 99 0 0
35 99 0 0
36 99 0 0
39 99 0 0
40 99 0 0
42 99 0 0
61 99 0 0
63 99 0 0
64 99 0 0
65 99 0 0
67 99 0 0
71 99 0 0
73 99 0 0
83 99 0 0
89 99 0 0
90 99 0 0
94 99 0 0
96 99 0 0
3 100 0 0
4 100 0 0
33 100 0 0
37 100 0 0
43 100 0 0
49 100 0 0
60 100 0 0
62 100 0 0
63 100 0 0
93 100 0 0
95 100 0 0
5 101 0 0
26 101 0 0
27 101 0 0
32 101 0 0
35 101 0 0
36 101 0 0
39 101 0 0
40 101 0 0
42 101 0 0
61 101 0 0
64 101 0 0
65 101 0 0
67 101 0 0
83 101 0 0
89 101 0 0
90 101 0 0
99 101 0 0
3 102 0 0
5 102 0 0
26 102 0 0
27 102 0 0
32 102 0 0
35 102 0 0
36 102 0 0
39 102 0 0
40 102 0 0
42 102 0 0
61 102 0 0
64 102 0 0
65 102 0 0
67 102 0 0
71 102 0 0
83 102 0 0
89 102 0 0
90 102 0 0
96 102 0 0
99 102 0 0
101 102 0 0
3 103 0 0
4 103 0 0
5 103 0 0
29 103 0 0
33 103 0 0
35 103 0 0
36 103 0 0
40 103 0 0
63 103 0 0
65 103 0 0
67 103 0 0
69 103 0 0
71 103 0 0
89 103 0 0
94 103 0 0
96 103 0 0
97 103 0 0
99 103 0 0
102 103 0 0
3 104 0 0
4 104 0 0
28 104 0 0
29 104 0 0
33 104 0 0
35 104 0 0
62 104 0 0
63 104 0 0
67 104 0 0
69 104 0 0
94 104 0 0
96 104 0 0
97 104 0 0
99 104 0 0
100 104 0 0
102 104 0 0
103 104 0 0
3 105 0 0
4 105 0 0
33 105 0 0
34 105 0 0
37 105 0 0
38 105 0 0
43 105 0 0
49 105 0 0
60 105 0 0
62 105 0 0
63 105 0 0
66 105 0 0
68 105 0 0
93 105 0 0
95 105 0 0
100 105 0 0
104 105 0 0
5 106 0 1
15 106 0 1
16 106 0 1
17 106 0 1
18 106 0 1
20 106 0 1
24 106 0 1
26 106 0 1
27 106 0 1
28 106 0 1
29 106 0 1
31 106 0 1
32 106 0 1
35 106 0 1
36 106 0 1
39 106 0 1
40 106 0 1
42 106 0 1
45 106 0 1
47 106 0 1
51 106 0 1
54 106 0 1
3 107 0 1
4 107 0 1
37 107 0 1
38 107 0 1
59 107 0 1
60 107 0 1
62 107 0 1
66 107 0 1
68 107 0 1
69 107 0 1
70 107 0 1
72 107 0 1
75 107 0 1
76 107 0 1
77 107 0 1
78 107 0 1
79 107 0 1
80 107 0 1
81 107 0 1
84 107 0 1
85 107 0 1
87 107 0 1
88 107 0 1
91 107 0 1
92 107 0 1
93 107 0 1
95 107 0 1
97 107 0 1
100 107 0 1
105 107 0 1
1 108 0 1
6 108 0 1
7 108 0 1
8 108 0 1
9 108 0 1
10 108 0 1
11 108 0 1
12 108 0 1
13 108 0 1
19 108 0 1
21 108 0 1
53 108 0 1
56 108 0 1
6 109 0 1
7 109 0 1
8 109 0 1
9 109 0 1
10 109 0 1
11 109 0 1
12 109 0 1
13 109 0 1
19 109 0 1
20 109 0 1
21 109 0 1
53 109 0 1
7 111 0 1
9 111 0 1
10 111 0 1
15 111 0 1
17 111 0 1
18 111 0 1
20 111 0 1
21 111 0 1
24 111 0 1
15 112 0 1
7 113 0 1
10 113 0 1
15 113 0 1
17 113 0 1
18 113 0 1
20 113 0 1
24 113 0 1
7 114 0 1
9 114 0 1
10 114 0 1
15 114 0 1
16 114 0 1
17 114 0 1
18 114 0 1
20 114 0 1
21 114 0 1
24 114 0 1
6 115 0 1
7 115 0 1
9 115 0 1
10 115 0 1
11 115 0 1
12 115 0 1
13 115 0 1
16 115 0 1
18 115 0 1
19 115 0 1
20 115 0 1
21 115 0 1
24 115 0 1
53 115 0 1
54 115 0 1
56 115 0 1
6 116 0 1
7 116 0 1
9 116 0 1
10 116 0 1
11 116 0 1
12 116 0 1
13 116 0 1
15 116 0 1
16 116 0 1
17 116 0 1
18 116 0 1
19 116 0 1
20 116 0 1
21 116 0 1
24 116 0 1
53 116 0 1
54 116 0 1
10 117 0 1
15 117 0 1
16 117 0 1
17 117 0 1
18 117 0 1
20 117 0 1
24 117 0 1
54 117 0 1
7 118 0 1
9 118 0 1
10 118 0 1
15 118 0 1
16 118 0 1
17 118 0 1
18 118 0 1
20 118 0 1
21 118 0 1
24 118 0 1
54 118 0 1
6 119 0 1
7 119 0 1
9 119 0 1
10 119 0 1
11 119 0 1
12 119 0 1
13 119 0 1
15 119 0 1
16 119 0 1
17 119 0 1
18 119 0 1
19 119 0 1
20 119 0 1
21 119 0 1
24 119 0 1
31 119 0 1
45 119 0 1
46 119 0 1
49 119 0 1
52 119 0 1
53 119 0 1
54 119 0 1
56 119 0 1
57 119 0 1
58 119 0 1
7 120 0 1
9 120 0 1
10 120 0 1
11 120 0 1
13 120 0 1
15 120 0 1
16 120 0 1
17 120 0 1
18 120 0 1
19 120 0 1
20 120 0 1
21 120 0 1
24 120 0 1
31 120 0 1
45 120 0 1
46 120 0 1
53 120 0 1
54 120 0 1
56 120 0 1
27 121 0 1
47 121 0 1
51 121 0 1
1 122 0 1
14 122 0 1
19 122 0 1
22 122 0 1
23 122 0 1
25 122 0 1
44 122 0 1
48 122 0 1
50 122 0 1
52 122 0 1
55 122 0 1
56 122 0 1
58 122 0 1
10 123 0 1
15 123 0 1
16 123 0 1
17 123 0 1
18 123 0 1
20 123 0 1
21 123 0 1
24 123 0 1
28 123 0 1
29 123 0 1
31 123 0 1
45 123 0 1
46 123 0 1
53 123 0 1
54 123 0 1
9 124 0 1
10 124 0 1
11 124 0 1
12 124 0 1
13 124 0 1
15 124 0 1
16 124 0 1
17 124 0 1
18 124 0 1
19 124 0 1
20 124 0 1
21 124 0 1
24 124 0 1
28 124 0 1
29 124 0 1
30 124 0 1
31 124 0 1
45 124 0 1
46 124 0 1
49 124 0 1
52 124 0 1
53 124 0 1
54 124 0 1
56 124 0 1
57 124 0 1
58 124 0 1
15 125 0 1
16 125 0 1
17 125 0 1
18 125 0 1
20 125 0 1
24 125 0 1
28 125 0 1
31 125 0 1
45 125 0 1
51 125 0 1
54 125 0 1
15 126 0 1
16 126 0 1
17 126 0 1
18 126 0 1
20 126 0 1
24 126 0 1
28 126 0 1
29 126 0 1
31 126 0 1
45 126 0 1
46 126 0 1
54 126 0 1
7 127 0 1
9 127 0 1
10 127 0 1
15 127 0 1
16 127 0 1
17 127 0 1
18 127 0 1
20 127 0 1
21 127 0 1
24 127 0 1
45 127 0 1
54 127 0 1
7 128 0 1
9 128 0 1
10 128 0 1
15 128 0 1
16 128 0 1
17 128 0 1
18 128 0 1
20 128 0 1
21 128 0 1
24 128 0 1
31 128 0 1
45 128 0 1
46 128 0 1
54 128 0 1
5 129 0 1
26 129 0 1
27 129 0 1
32 129 0 1
36 129 0 1
39 129 0 1
40 129 0 1
42 129 0 1
47 129 0 1
51 129 0 1
16 130 0 1
19 130 0 1
20 130 0 1
21 130 0 1
28 130 0 1
29 130 0 1
30 130 0 1
31 130 0 1
33 130 0 1
45 130 0 1
46 130 0 1
48 130 0 1
49 130 0 1
52 130 0 1
53 130 0 1
54 130 0 1
56 130 0 1
57 130 0 1
58 130 0 1
15 131 0 1
16 131 0 1
17 131 0 1
20 131 0 1
24 131 0 1
28 131 0 1
29 131 0 1
31 131 0 1
33 131 0 1
35 131 0 1
45 131 0 1
46 131 0 1
49 131 0 1
53 131 0 1
54 131 0 1
25 132 0 1
34 132 0 1
38 132 0 1
41 132 0 1
43 132 0 1
44 132 0 1
50 132 0 1
52 132 0 1
55 132 0 1
98 132 0 1
5 133 0 1
17 133 0 1
26 133 0 1
27 133 0 1
28 133 0 1
29 133 0 1
32 133 0 1
35 133 0 1
36 133 0 1
39 133 0 1
40 133 0 1
42 133 0 1
47 133 0 1
51 133 0 1
99 133 0 1
101 133 0 1
102 133 0 1
5 134 0 1
15 134 0 1
17 134 0 1
26 134 0 1
27 134 0 1
28 134 0 1
29 134 0 1
31 134 0 1
33 134 0 1
35 134 0 1
36 134 0 1
39 134 0 1
40 134 0 1
42 134 0 1
45 134 0 1
47 134 0 1
51 134 0 1
54 134 0 1
99 134 0 1
102 134 0 1
103 134 0 1
104 134 0 1
16 135 0 1
17 135 0 1
28 135 0 1
29 135 0 1
31 135 0 1
33 135 0 1
35 135 0 1
45 135 0 1
46 135 0 1
49 135 0 1
53 135 0 1
54 135 0 1
104 135 0 1
16 136 0 1
28 136 0 1
29 136 0 1
30 136 0 1
31 136 0 1
33 136 0 1
45 136 0 1
46 136 0 1
48 136 0 1
49 136 0 1
52 136 0 1
53 136 0 1
54 136 0 1
56 136 0 1
57 136 0 1
58 136 0 1
100 136 0 1
105 136 0 1
30 137 0 1
34 137 0 1
37 137 0 1
38 137 0 1
43 137 0 1
44 137 0 1
48 137 0 1
49 137 0 1
52 137 0 1
53 137 0 1
55 137 0 1
56 137 0 1
57 137 0 1
58 137 0 1
60 137 0 1
100 137 0 1
105 137 0 1
30 138 0 1
31 138 0 1
34 138 0 1
37 138 0 1
38 138 0 1
43 138 0 1
44 138 0 1
46 138 0 1
48 138 0 1
49 138 0 1
52 138 0 1
53 138 0 1
56 138 0 1
57 138 0 1
58 138 0 1
100 138 0 1
105 138 0 1
14 139 0 1
19 139 0 1
25 139 0 1
30 139 0 1
34 139 0 1
37 139 0 1
38 139 0 1
41 139 0 1
43 139 0 1
44 139 0 1
48 139 0 1
49 139 0 1
50 139 0 1
52 139 0 1
55 139 0 1
56 139 0 1
58 139 0 1
5 140 0 1
15 140 0 1
16 140 0 1
17 140 0 1
26 140 0 1
27 140 0 1
28 140 0 1
29 140 0 1
31 140 0 1
33 140 0 1
35 140 0 1
36 140 0 1
39 140 0 1
40 140 0 1
42 140 0 1
45 140 0 1
47 140 0 1
51 140 0 1
54 140 0 1
99 140 0 1
15 141 0 1
16 141 0 1
17 141 0 1
26 141 0 1
27 141 0 1
28 141 0 1
29 141 0 1
31 141 0 1
33 141 0 1
35 141 0 1
36 141 0 1
39 141 0 1
40 141 0 1
45 141 0 1
46 141 0 1
54 141 0 1
19 142 0 1
25 142 0 1
30 142 0 1
34 142 0 1
37 142 0 1
38 142 0 1
41 142 0 1
43 142 0 1
44 142 0 1
48 142 0 1
50 142 0 1
52 142 0 1
55 142 0 1
98 142 0 1
15 143 0 1
16 143 0 1
17 143 0 1
28 143 0 1
29 143 0 1
31 143 0 1
33 143 0 1
35 143 0 1
45 143 0 1
46 143 0 1
49 143 0 1
53 143 0 1
54 143 0 1
57 143 0 1
19 144 0 1
30 144 0 1
34 144 0 1
37 144 0 1
38 144 0 1
43 144 0 1
44 144 0 1
48 144 0 1
49 144 0 1
50 144 0 1
52 144 0 1
53 144 0 1
55 144 0 1
56 144 0 1
57 144 0 1
58 144 0 1
5 145 0 1
15 145 0 1
17 145 0 1
26 145 0 1
27 145 0 1
32 145 0 1
36 145 0 1
39 145 0 1
40 145 0 1
42 145 0 1
47 145 0 1
51 145 0 1
16 146 0 1
19 146 0 1
20 146 0 1
21 146 0 1
24 146 0 1
28 146 0 1
29 146 0 1
30 146 0 1
31 146 0 1
45 146 0 1
46 146 0 1
48 146 0 1
49 146 0 1
52 146 0 1
53 146 0 1
54 146 0 1
56 146 0 1
57 146 0 1
58 146 0 1
1 147 0 1
14 147 0 1
19 147 0 1
22 147 0 1
23 147 0 1
25 147 0 1
30 147 0 1
34 147 0 1
37 147 0 1
38 147 0 1
41 147 0 1
43 147 0 1
44 147 0 1
48 147 0 1
49 147 0 1
50 147 0 1
52 147 0 1
53 147 0 1
55 147 0 1
56 147 0 1
57 147 0 1
58 147 0 1
1 148 0 1
14 148 0 1
19 148 0 1
22 148 0 1
23 148 0 1
25 148 0 1
34 148 0 1
41 148 0 1
44 148 0 1
50 148 0 1
52 148 0 1
55 148 0 1
98 148 0 1
1 149 0 1
14 149 0 1
19 149 0 1
22 149 0 1
23 149 0 1
25 149 0 1
44 149 0 1
50 149 0 1
52 149 0 1
55 149 0 1
1 150 0 1
14 150 0 1
19 150 0 1
22 150 0 1
30 150 0 1
43 150 0 1
44 150 0 1
48 150 0 1
49 150 0 1
50 150 0 1
52 150 0 1
53 150 0 1
55 150 0 1
56 150 0 1
57 150 0 1
58 150 0 1
10 151 0 1
11 151 0 1
13 151 0 1
15 151 0 1
16 151 0 1
17 151 0 1
18 151 0 1
19 151 0 1
20 151 0 1
21 151 0 1
24 151 0 1
28 151 0 1
29 151 0 1
30 151 0 1
31 151 0 1
45 151 0 1
46 151 0 1
49 151 0 1
52 151 0 1
53 151 0 1
54 151 0 1
56 151 0 1
57 151 0 1
58 151 0 1
15 152 0 1
16 152 0 1
17 152 0 1
18 152 0 1
20 152 0 1
24 152 0 1
28 152 0 1
29 152 0 1
31 152 0 1
33 152 0 1
35 152 0 1
40 152 0 1
45 152 0 1
46 152 0 1
53 152 0 1
54 152 0 1
25 153 0 1
34 153 0 1
37 153 0 1
38 153 0 1
41 153 0 1
43 153 0 1
59 153 0 1
60 153 0 1
66 153 0 1
91 153 0 1
92 153 0 1
98 153 0 1
34 154 0 1
37 154 0 1
38 154 0 1
41 154 0 1
43 154 0 1
59 154 0 1
60 154 0 1
62 154 0 1
66 154 0 1
68 154 0 1
70 154 0 1
91 154 0 1
92 154 0 1
98 154 0 1
105 154 0 1
3 155 0 1
4 155 0 1
33 155 0 1
35 155 0 1
62 155 0 1
63 155 0 1
69 155 0 1
72 155 0 1
84 155 0 1
93 155 0 1
94 155 0 1
95 155 0 1
96 155 0 1
97 155 0 1
99 155 0 1
100 155 0 1
103 155 0 1
104 155 0 1
105 155 0 1
4 156 0 1
34 156 0 1
37 156 0 1
38 156 0 1
43 156 0 1
49 156 0 1
59 156 0 1
60 156 0 1
62 156 0 1
66 156 0 1
68 156 0 1
91 156 0 1
92 156 0 1
93 156 0 1
95 156 0 1
100 156 0 1
105 156 0 1
4 157 0 1
30 157 0 1
34 157 0 1
37 157 0 1
38 157 0 1
43 157 0 1
49 157 0 1
60 157 0 1
62 157 0 1
66 157 0 1
92 157 0 1
93 157 0 1
95 157 0 1
100 157 0 1
105 157 0 1
34 158 0 1
37 158 0 1
38 158 0 1
41 158 0 1
43 158 0 1
59 158 0 1
60 158 0 1
62 158 0 1
66 158 0 1
68 158 0 1
91 158 0 1
92 158 0 1
98 158 0 1
100 158 0 1
105 158 0 1
3 159 0 1
4 159 0 1
33 159 0 1
37 159 0 1
60 159 0 1
62 159 0 1
63 159 0 1
69 159 0 1
93 159 0 1
94 159 0 1
95 159 0 1
97 159 0 1
100 159 0 1
104 159 0 1
105 159 0 1
3 160 0 1
4 160 0 1
29 160 0 1
33 160 0 1
35 160 0 1
62 160 0 1
63 160 0 1
69 160 0 1
72 160 0 1
93 160 0 1
94 160 0 1
95 160 0 1
96 160 0 1
97 160 0 1
99 160 0 1
100 160 0 1
103 160 0 1
104 160 0 1
105 160 0 1
3 161 0 1
4 161 0 1
28 161 0 1
29 161 0 1
31 161 0 1
33 161 0 1
35 161 0 1
36 161 0 1
40 161 0 1
45 161 0 1
63 161 0 1
99 161 0 1
102 161 0 1
103 161 0 1
104 161 0 1
4 162 0 1
30 162 0 1
34 162 0 1
37 162 0 1
38 162 0 1
43 162 0 1
49 162 0 1
53 162 0 1
60 162 0 1
62 162 0 1
66 162 0 1
93 162 0 1
100 162 0 1
105 162 0 1
3 163 0 1
5 163 0 1
26 163 0 1
27 163 0 1
28 163 0 1
29 163 0 1
32 163 0 1
33 163 0 1
35 163 0 1
36 163 0 1
39 163 0 1
40 163 0 1
42 163 0 1
61 163 0 1
64 163 0 1
65 163 0 1
67 163 0 1
71 163 0 1
89 163 0 1
90 163 0 1
99 163 0 1
101 163 0 1
102 163 0 1
103 163 0 1
104 163 0 1
41 164 0 1
59 164 0 1
66 164 0 1
70 164 0 1
85 164 0 1
91 164 0 1
92 164 0 1
98 164 0 1
2 165 0 1
3 165 0 1
5 165 0 1
32 165 0 1
35 165 0 1
36 165 0 1
40 165 0 1
42 165 0 1
61 165 0 1
64 165 0 1
65 165 0 1
67 165 0 1
71 165 0 1
73 165 0 1
74 165 0 1
82 165 0 1
83 165 0 1
89 165 0 1
90 165 0 1
96 165 0 1
99 165 0 1
101 165 0 1
102 165 0 1
103 165 0 1
4 166 0 1
34 166 0 1
37 166 0 1
38 166 0 1
43 166 0 1
59 166 0 1
60 166 0 1
62 166 0 1
66 166 0 1
68 166 0 1
70 166 0 1
91 166 0 1
92 166 0 1
93 166 0 1
98 166 0 1
105 166 0 1
2 167 0 1
3 167 0 1
5 167 0 1
26 167 0 1
27 167 0 1
32 167 0 1
35 167 0 1
36 167 0 1
39 167 0 1
40 167 0 1
42 167 0 1
61 167 0 1
63 167 0 1
64 167 0 1
65 167 0 1
67 167 0 1
71 167 0 1
73 167 0 1
74 167 0 1
83 167 0 1
89 167 0 1
90 167 0 1
96 167 0 1
99 167 0 1
101 167 0 1
102 167 0 1
103 167 0 1
104 167 0 1
34 168 0 1
37 168 0 1
38 168 0 1
41 168 0 1
43 168 0 1
59 168 0 1
60 168 0 1
66 168 0 1
68 168 0 1
70 168 0 1
91 168 0 1
92 168 0 1
98 168 0 1
3 169 0 1
4 169 0 1
34 169 0 1
37 169 0 1
38 169 0 1
43 169 0 1
60 169 0 1
62 169 0 1
66 169 0 1
68 169 0 1
91 169 0 1
92 169 0 1
93 169 0 1
95 169 0 1
100 169 0 1
105 169 0 1
2 170 0 1
3 170 0 1
4 170 0 1
35 170 0 1
63 170 0 1
65 170 0 1
67 170 0 1
69 170 0 1
71 170 0 1
72 170 0 1
73 170 0 1
74 170 0 1
77 170 0 1
82 170 0 1
83 170 0 1
84 170 0 1
89 170 0 1
94 170 0 1
96 170 0 1
97 170 0 1
99 170 0 1
102 170 0 1
103 170 0 1
104 170 0 1
2 171 0 1
3 171 0 1
4 171 0 1
61 171 0 1
63 171 0 1
65 171 0 1
67 171 0 1
69 171 0 1
71 171 0 1
73 171 0 1
74 171 0 1
77 171 0 1
82 171 0 1
83 171 0 1
84 171 0 1
89 171 0 1
94 171 0 1
96 171 0 1
97 171 0 1
99 171 0 1
102 171 0 1
103 171 0 1
104 171 0 1
2 172 0 1
3 172 0 1
4 172 0 1
63 172 0 1
67 172 0 1
69 172 0 1
71 172 0 1
72 172 0 1
73 172 0 1
74 172 0 1
77 172 0 1
79 172 0 1
81 172 0 1
82 172 0 1
84 172 0 1
94 172 0 1
96 172 0 1
97 172 0 1
66 173 0 1
68 173 0 1
70 173 0 1
75 173 0 1
76 173 0 1
78 173 0 1
80 173 0 1
85 173 0 1
87 173 0 1
88 173 0 1
91 173 0 1
92 173 0 1
59 174 0 1
66 174 0 1
68 174 0 1
70 174 0 1
75 174 0 1
76 174 0 1
78 174 0 1
80 174 0 1
85 174 0 1
87 174 0 1
88 174 0 1
91 174 0 1
92 174 0 1
66 175 0 1
68 175 0 1
70 175 0 1
75 175 0 1
76 175 0 1
78 175 0 1
80 175 0 1
85 175 0 1
87 175 0 1
88 175 0 1
91 175 0 1
92 175 0 1
59 176 0 1
60 176 0 1
66 176 0 1
68 176 0 1
70 176 0 1
75 176 0 1
76 176 0 1
78 176 0 1
80 176 0 1
85 176 0 1
87 176 0 1
88 176 0 1
91 176 0 1
92 176 0 1
98 176 0 1
59 177 0 1
60 177 0 1
66 177 0 1
68 177 0 1
70 177 0 1
75 177 0 1
76 177 0 1
78 177 0 1
80 177 0 1
85 177 0 1
87 177 0 1
88 177 0 1
91 177 0 1
92 177 0 1
93 177 0 1
95 177 0 1
59 178 0 1
60 178 0 1
66 178 0 1
68 178 0 1
70 178 0 1
75 178 0 1
76 178 0 1
78 178 0 1
80 178 0 1
85 178 0 1
87 178 0 1
88 178 0 1
91 178 0 1
92 178 0 1
59 179 0 1
66 179 0 1
68 179 0 1
70 179 0 1
75 179 0 1
76 179 0 1
78 179 0 1
80 179 0 1
85 179 0 1
87 179 0 1
88 179 0 1
91 179 0 1
92 179 0 1
2 180 0 1
71 180 0 1
73 180 0 1
83 180 0 1
86 180 0 1
89 180 0 1
90 180 0 1
2 181 0 1
65 181 0 1
67 181 0 1
71 181 0 1
73 181 0 1
74 181 0 1
82 181 0 1
83 181 0 1
86 181 0 1
89 181 0 1
90 181 0 1
2 182 0 1
4 182 0 1
69 182 0 1
72 182 0 1
77 182 0 1
79 182 0 1
81 182 0 1
82 182 0 1
84 182 0 1
93 182 0 1
94 182 0 1
95 182 0 1
96 182 0 1
97 182 0 1
2 183 0 1
3 183 0 1
4 183 0 1
69 183 0 1
71 183 0 1
72 183 0 1
73 183 0 1
74 183 0 1
77 183 0 1
79 183 0 1
81 183 0 1
82 183 0 1
84 183 0 1
94 183 0 1
95 183 0 1
96 183 0 1
97 183 0 1
2 184 0 1
4 184 0 1
69 184 0 1
72 184 0 1
77 184 0 1
79 184 0 1
81 184 0 1
84 184 0 1
93 184 0 1
94 184 0 1
95 184 0 1
96 184 0 1
97 184 0 1
41 185 0 1
59 185 0 1
66 185 0 1
70 185 0 1
85 185 0 1
87 185 0 1
88 185 0 1
91 185 0 1
92 185 0 1
98 185 0 1
4 186 0 1
34 186 0 1
37 186 0 1
38 186 0 1
43 186 0 1
59 186 0 1
60 186 0 1
62 186 0 1
66 186 0 1
68 186 0 1
70 186 0 1
75 186 0 1
87 186 0 1
88 186 0 1
91 186 0 1
92 186 0 1
93 186 0 1
95 186 0 1
98 186 0 1
100 186 0 1
105 186 0 1
2 187 0 1
3 187 0 1
5 187 0 1
35 187 0 1
61 187 0 1
63 187 0 1
64 187 0 1
65 187 0 1
67 187 0 1
69 187 0 1
71 187 0 1
73 187 0 1
74 187 0 1
82 187 0 1
83 187 0 1
84 187 0 1
89 187 0 1
90 187 0 1
94 187 0 1
96 187 0 1
97 187 0 1
99 187 0 1
102 187 0 1
103 187 0 1
104 187 0 1
4 188 0 1
28 188 0 1
29 188 0 1
30 188 0 1
31 188 0 1
33 188 0 1
34 188 0 1
37 188 0 1
38 188 0 1
43 188 0 1
44 188 0 1
45 188 0 1
46 188 0 1
48 188 0 1
49 188 0 1
52 188 0 1
53 188 0 1
54 188 0 1
56 188 0 1
57 188 0 1
58 188 0 1
60 188 0 1
62 188 0 1
100 188 0 1
105 188 0 1
25 189 0 1
30 189 0 1
34 189 0 1
37 189 0 1
38 189 0 1
41 189 0 1
43 189 0 1
44 189 0 1
48 189 0 1
50 189 0 1
52 189 0 1
55 189 0 1
59 189 0 1
60 189 0 1
66 189 0 1
91 189 0 1
92 189 0 1
98 189 0 1
3 190 0 1
4 190 0 1
16 190 0 1
28 190 0 1
29 190 0 1
30 190 0 1
31 190 0 1
33 190 0 1
35 190 0 1
45 190 0 1
46 190 0 1
48 190 0 1
49 190 0 1
53 190 0 1
54 190 0 1
56 190 0 1
57 190 0 1
58 190 0 1
62 190 0 1
63 190 0 1
100 190 0 1
103 190 0 1
104 190 0 1
105 190 0 1
30 191 0 1
34 191 0 1
37 191 0 1
38 191 0 1
43 191 0 1
44 191 0 1
48 191 0 1
49 191 0 1
52 191 0 1
53 191 0 1
56 191 0 1
57 191 0 1
58 191 0 1
60 191 0 1
100 191 0 1
105 191 0 1
5 192 0 1
26 192 0 1
27 192 0 1
28 192 0 1
32 192 0 1
35 192 0 1
36 192 0 1
39 192 0 1
40 192 0 1
42 192 0 1
47 192 0 1
51 192 0 1
61 192 0 1
99 192 0 1
101 192 0 1
102 192 0 1
103 192 0 1
3 193 0 1
5 193 0 1
26 193 0 1
27 193 0 1
28 193 0 1
29 193 0 1
33 193 0 1
35 193 0 1
36 193 0 1
39 193 0 1
40 193 0 1
42 193 0 1
99 193 0 1
102 193 0 1
103 193 0 1
104 193 0 1
3 194 0 1
5 194 0 1
26 194 0 1
27 194 0 1
28 194 0 1
29 194 0 1
31 194 0 1
33 194 0 1
35 194 0 1
36 194 0 1
39 194 0 1
40 194 0 1
42 194 0 1
63 194 0 1
99 194 0 1
102 194 0 1
103 194 0 1
104 194 0 1
3 195 0 1
5 195 0 1
26 195 0 1
28 195 0 1
29 195 0 1
31 195 0 1
33 195 0 1
35 195 0 1
36 195 0 1
39 195 0 1
40 195 0 1
45 195 0 1
54 195 0 1
63 195 0 1
99 195 0 1
102 195 0 1
103 195 0 1
104 195 0 1
3 196 0 1
4 196 0 1
28 196 0 1
29 196 0 1
31 196 0 1
33 196 0 1
35 196 0 1
45 196 0 1
46 196 0 1
49 196 0 1
53 196 0 1
54 196 0 1
63 196 0 1
99 196 0 1
100 196 0 1
103 196 0 1
104 196 0 1
3 197 0 1
4 197 0 1
28 197 0 1
29 197 0 1
30 197 0 1
31 197 0 1
33 197 0 1
35 197 0 1
37 197 0 1
38 197 0 1
43 197 0 1
45 197 0 1
46 197 0 1
48 197 0 1
49 197 0 1
53 197 0 1
57 197 0 1
58 197 0 1
60 197 0 1
62 197 0 1
63 197 0 1
69 197 0 1
93 197 0 1
94 197 0 1
95 197 0 1
96 197 0 1
97 197 0 1
99 197 0 1
100 197 0 1
103 197 0 1
104 197 0 1
105 197 0 1
