2 3 0 0
3 4 0 0
2 5 0 0
3 5 0 0
4 5 0 0
2 6 0 0
3 6 0 0
4 6 0 0
5 6 0 0
2 7 0 0
3 7 0 0
4 7 0 0
5 7 0 0
6 7 0 0
3 8 0 0
4 8 0 0
5 8 0 0
6 8 0 0
7 8 0 0
4 9 0 0
5 9 0 0
6 9 0 0
7 9 0 0
8 9 0 0
3 10 0 0
4 10 0 0
5 10 0 0
6 10 0 0
7 10 0 0
8 10 0 0
9 10 0 0
2 11 0 0
3 11 0 0
5 11 0 0
6 11 0 0
7 11 0 0
8 11 0 0
9 11 0 0
10 11 0 0
2 12 0 0
3 12 0 0
5 12 0 0
6 12 0 0
7 12 0 0
8 12 0 0
10 12 0 0
11 12 0 0
8 13 0 0
9 13 0 0
10 13 0 0
1 14 0 0
8 14 0 0
10 14 0 0
11 14 0 0
12 14 0 0
1 15 0 0
5 15 0 0
8 15 0 0
9 15 0 0
10 15 0 0
11 15 0 0
12 15 0 0
14 15 0 0
1 16 0 0
5 16 0 0
8 16 0 0
10 16 0 0
11 16 0 0
12 16 0 0
14 16 0 0
15 16 0 0
1 17 0 0
5 17 0 0
8 17 0 0
9 17 0 0
10 17 0 0
11 17 0 0
12 17 0 0
14 17 0 0
15 17 0 0
16 17 0 0
1 18 0 0
5 18 0 0
8 18 0 0
9 18 0 0
10 18 0 0
11 18 0 0
12 18 0 0
14 18 0 0
15 18 0 0
16 18 0 0
17 18 0 0
1 19 0 0
5 19 0 0
8 19 0 0
9 19 0 0
10 19 0 0
11 19 0 0
12 19 0 0
13 19 0 0
14 19 0 0
15 19 0 0
16 19 0 0
17 19 0 0
18 19 0 0
1 20 0 0
13 20 0 0
1 21 0 0
14 21 0 0
15 21 0 0
16 21 0 0
17 21 0 0
18 21 0 0
19 21 0 0
1 22 0 0
14 22 0 0
15 22 0 0
16 22 0 0
17 22 0 0
18 22 0 0
19 22 0 0
20 22 0 0
21 22 0 0
1 23 0 0
9 23 0 0
10 23 0 0
13 23 0 0
19 23 0 0
20 23 0 0
21 23 0 0
22 23 0 0
1 24 0 0
8 24 0 0
9 24 0 0
10 24 0 0
13 24 0 0
14 24 0 0
15 24 0 0
17 24 0 0
18 24 0 0
19 24 0 0
20 24 0 0
21 24 0 0
22 24 0 0
23 24 0 0
1 25 0 0
8 25 0 0
10 25 0 0
12 25 0 0
14 25 0 0
15 25 0 0
16 25 0 0
17 25 0 0
18 25 0 0
19 25 0 0
21 25 0 0
22 25 0 0
24 25 0 0
1 26 0 0
8 26 0 0
10 26 0 0
14 26 0 0
15 26 0 0
16 26 0 0
17 26 0 0
18 26 0 0
19 26 0 0
21 26 0 0
22 26 0 0
24 26 0 0
25 26 0 0
1 27 0 0
8 27 0 0
9 27 0 0
10 27 0 0
13 27 0 0
14 27 0 0
15 27 0 0
16 27 0 0
17 27 0 0
18 27 0 0
19 27 0 0
21 27 0 0
22 27 0 0
23 27 0 0
24 27 0 0
25 27 0 0
26 27 0 0
1 28 0 0
8 28 0 0
9 28 0 0
10 28 0 0
13 28 0 0
14 28 0 0
15 28 0 0
16 28 0 0
17 28 0 0
18 28 0 0
19 28 0 0
20 28 0 0
21 28 0 0
22 28 0 0
23 28 0 0
24 28 0 0
25 28 0 0
26 28 0 0
27 28 0 0
1 29 0 0
9 29 0 0
10 29 0 0
13 29 0 0
15 29 0 0
18 29 0 0
19 29 0 0
20 29 0 0
21 29 0 0
22 29 0 0
23 29 0 0
24 29 0 0
26 29 0 0
27 29 0 0
28 29 0 0
1 30 0 0
9 30 0 0
10 30 0 0
13 30 0 0
15 30 0 0
19 30 0 0
20 30 0 0
21 30 0 0
22 30 0 0
23 30 0 0
24 30 0 0
26 30 0 0
27 30 0 0
28 30 0 0
29 30 0 0
1 31 0 0
8 31 0 0
10 31 0 0
14 31 0 0
15 31 0 0
16 31 0 0
17 31 0 0
18 31 0 0
19 31 0 0
21 31 0 0
22 31 0 0
24 31 0 0
25 31 0 0
26 31 0 0
27 31 0 0
28 31 0 0
29 31 0 0
1 32 0 0
8 32 0 0
9 32 0 0
10 32 0 0
13 32 0 0
14 32 0 0
15 32 0 0
16 32 0 0
17 32 0 0
18 32 0 0
19 32 0 0
20 32 0 0
21 32 0 0
22 32 0 0
23 32 0 0
24 32 0 0
25 32 0 0
26 32 0 0
27 32 0 0
28 32 0 0
29 32 0 0
30 32 0 0
31 32 0 0
1 34 0 0
20 34 0 0
21 34 0 0
22 34 0 0
24 34 0 0
25 34 0 0
26 34 0 0
27 34 0 0
28 34 0 0
29 34 0 0
30 34 0 0
31 34 0 0
32 34 0 0
1 35 0 0
21 35 0 0
22 35 0 0
26 35 0 0
28 35 0 0
31 35 0 0
32 35 0 0
34 35 0 0
20 36 0 0
33 36 0 0
1 37 0 0
20 37 0 0
21 37 0 0
22 37 0 0
23 37 0 0
24 37 0 0
28 37 0 0
29 37 0 0
30 37 0 0
32 37 0 0
34 37 0 0
36 37 0 0
1 38 0 0
20 38 0 0
21 38 0 0
22 38 0 0
23 38 0 0
24 38 0 0
28 38 0 0
29 38 0 0
30 38 0 0
32 38 0 0
34 38 0 0
35 38 0 0
36 38 0 0
37 38 0 0
33 39 0 0
36 39 0 0
1 40 0 0
20 40 0 0
30 40 0 0
36 40 0 0
37 40 0 0
38 40 0 0
1 41 0 0
20 41 0 0
21 41 0 0
22 41 0 0
29 41 0 0
30 41 0 0
32 41 0 0
34 41 0 0
35 41 0 0
37 41 0 0
38 41 0 0
40 41 0 0
1 42 0 0
20 42 0 0
22 42 0 0
30 42 0 0
34 42 0 0
36 42 0 0
37 42 0 0
38 42 0 0
40 42 0 0
41 42 0 0
1 43 0 0
20 43 0 0
36 43 0 0
37 43 0 0
38 43 0 0
40 43 0 0
41 43 0 0
42 43 0 0
20 44 0 0
33 44 0 0
36 44 0 0
37 44 0 0
39 44 0 0
40 44 0 0
43 44 0 0
1 45 0 0
14 45 0 0
15 45 0 0
16 45 0 0
18 45 0 0
19 45 0 0
21 45 0 0
22 45 0 0
24 45 0 0
25 45 0 0
26 45 0 0
27 45 0 0
28 45 0 0
29 45 0 0
30 45 0 0
31 45 0 0
32 45 0 0
34 45 0 0
35 45 0 0
38 45 0 0
41 45 0 0
1 46 0 0
14 46 0 0
15 46 0 0
19 46 0 0
21 46 0 0
22 46 0 0
24 46 0 0
25 46 0 0
26 46 0 0
27 46 0 0
28 46 0 0
29 46 0 0
30 46 0 0
31 46 0 0
32 46 0 0
34 46 0 0
35 46 0 0
37 46 0 0
38 46 0 0
41 46 0 0
42 46 0 0
45 46 0 0
1 47 0 0
14 47 0 0
15 47 0 0
18 47 0 0
19 47 0 0
20 47 0 0
21 47 0 0
22 47 0 0
23 47 0 0
24 47 0 0
25 47 0 0
26 47 0 0
27 47 0 0
28 47 0 0
29 47 0 0
30 47 0 0
31 47 0 0
32 47 0 0
34 47 0 0
35 47 0 0
37 47 0 0
38 47 0 0
41 47 0 0
42 47 0 0
45 47 0 0
46 47 0 0
1 48 0 0
13 48 0 0
14 48 0 0
15 48 0 0
17 48 0 0
18 48 0 0
19 48 0 0
20 48 0 0
21 48 0 0
22 48 0 0
23 48 0 0
24 48 0 0
25 48 0 0
26 48 0 0
27 48 0 0
28 48 0 0
29 48 0 0
30 48 0 0
31 48 0 0
32 48 0 0
34 48 0 0
35 48 0 0
37 48 0 0
38 48 0 0
40 48 0 0
41 48 0 0
42 48 0 0
43 48 0 0
45 48 0 0
46 48 0 0
47 48 0 0
20 49 0 0
33 49 0 0
36 49 0 0
37 49 0 0
39 49 0 0
40 49 0 0
43 49 0 0
44 49 0 0
20 50 0 0
23 50 0 0
33 50 0 0
36 50 0 0
37 50 0 0
38 50 0 0
39 50 0 0
40 50 0 0
42 50 0 0
43 50 0 0
44 50 0 0
49 50 0 0
1 51 0 0
15 51 0 0
20 51 0 0
21 51 0 0
22 51 0 0
23 51 0 0
24 51 0 0
26 51 0 0
27 51 0 0
28 51 0 0
29 51 0 0
30 51 0 0
31 51 0 0
32 51 0 0
34 51 0 0
35 51 0 0
37 51 0 0
38 51 0 0
40 51 0 0
41 51 0 0
42 51 0 0
43 51 0 0
45 51 0 0
46 51 0 0
47 51 0 0
48 51 0 0
1 52 0 0
20 52 0 0
21 52 0 0
22 52 0 0
23 52 0 0
24 52 0 0
27 52 0 0
28 52 0 0
29 52 0 0
30 52 0 0
32 52 0 0
34 52 0 0
36 52 0 0
37 52 0 0
38 52 0 0
40 52 0 0
41 52 0 0
42 52 0 0
43 52 0 0
45 52 0 0
46 52 0 0
47 52 0 0
48 52 0 0
50 52 0 0
51 52 0 0
1 53 0 0
20 53 0 0
23 53 0 0
24 53 0 0
28 53 0 0
29 53 0 0
30 53 0 0
34 53 0 0
36 53 0 0
37 53 0 0
38 53 0 0
40 53 0 0
41 53 0 0
42 53 0 0
43 53 0 0
44 53 0 0
48 53 0 0
49 53 0 0
50 53 0 0
51 53 0 0
52 53 0 0
1 54 0 0
36 54 0 0
37 54 0 0
39 54 0 0
40 54 0 0
42 54 0 0
43 54 0 0
44 54 0 0
49 54 0 0
50 54 0 0
53 54 0 0
33 55 0 0
36 55 0 0
39 55 0 0
43 55 0 0
44 55 0 0
49 55 0 0
50 55 0 0
54 55 0 0
1 56 0 0
20 56 0 0
36 56 0 0
37 56 0 0
38 56 0 0
39 56 0 0
40 56 0 0
41 56 0 0
42 56 0 0
43 56 0 0
44 56 0 0
49 56 0 0
50 56 0 0
52 56 0 0
53 56 0 0
54 56 0 0
55 56 0 0
1 57 0 0
20 57 0 0
34 57 0 0
36 57 0 0
37 57 0 0
38 57 0 0
40 57 0 0
41 57 0 0
42 57 0 0
43 57 0 0
47 57 0 0
48 57 0 0
50 57 0 0
51 57 0 0
52 57 0 0
53 57 0 0
54 57 0 0
56 57 0 0
1 58 0 0
36 58 0 0
37 58 0 0
38 58 0 0
39 58 0 0
40 58 0 0
42 58 0 0
43 58 0 0
44 58 0 0
49 58 0 0
50 58 0 0
52 58 0 0
53 58 0 0
54 58 0 0
55 58 0 0
56 58 0 0
57 58 0 0
1 59 0 0
20 59 0 0
36 59 0 0
37 59 0 0
38 59 0 0
40 59 0 0
41 59 0 0
42 59 0 0
43 59 0 0
44 59 0 0
48 59 0 0
49 59 0 0
50 59 0 0
51 59 0 0
52 59 0 0
53 59 0 0
54 59 0 0
55 59 0 0
56 59 0 0
57 59 0 0
58 59 0 0
39 60 0 0
54 60 0 0
55 60 0 0
39 61 0 0
54 61 0 0
55 61 0 0
56 61 0 0
58 61 0 0
60 61 0 0
39 62 0 0
54 62 0 0
55 62 0 0
56 62 0 0
58 62 0 0
59 62 0 0
60 62 0 0
61 62 0 0
60 63 0 0
54 64 0 0
60 64 0 0
61 64 0 0
62 64 0 0
63 64 0 0
54 65 0 0
58 65 0 0
60 65 0 0
61 65 0 0
62 65 0 0
64 65 0 0
1 66 0 0
54 66 0 0
60 66 0 0
61 66 0 0
62 66 0 0
64 66 0 0
65 66 0 0
60 67 0 0
61 67 0 0
62 67 0 0
63 67 0 0
64 67 0 0
65 67 0 0
66 67 0 0
60 68 0 0
61 68 0 0
62 68 0 0
63 68 0 0
64 68 0 0
65 68 0 0
66 68 0 0
67 68 0 0
60 69 0 0
61 69 0 0
62 69 0 0
64 69 0 0
65 69 0 0
66 69 0 0
67 69 0 0
68 69 0 0
1 70 0 0
59 70 0 0
65 70 0 0
66 70 0 0
69 70 0 0
1 71 0 0
61 71 0 0
62 71 0 0
64 71 0 0
65 71 0 0
66 71 0 0
67 71 0 0
68 71 0 0
69 71 0 0
70 71 0 0
60 72 0 0
61 72 0 0
62 72 0 0
64 72 0 0
65 72 0 0
66 72 0 0
67 72 0 0
68 72 0 0
69 72 0 0
70 72 0 0
71 72 0 0
60 73 0 0
61 73 0 0
62 73 0 0
64 73 0 0
65 73 0 0
66 73 0 0
67 73 0 0
68 73 0 0
69 73 0 0
71 73 0 0
72 73 0 0
60 74 0 0
61 74 0 0
63 74 0 0
67 74 0 0
68 74 0 0
1 75 0 0
43 75 0 0
54 75 0 0
55 75 0 0
56 75 0 0
57 75 0 0
58 75 0 0
59 75 0 0
61 75 0 0
62 75 0 0
64 75 0 0
65 75 0 0
66 75 0 0
68 75 0 0
69 75 0 0
70 75 0 0
71 75 0 0
72 75 0 0
73 75 0 0
1 76 0 0
39 76 0 0
54 76 0 0
55 76 0 0
56 76 0 0
58 76 0 0
59 76 0 0
60 76 0 0
61 76 0 0
62 76 0 0
64 76 0 0
65 76 0 0
66 76 0 0
67 76 0 0
68 76 0 0
69 76 0 0
70 76 0 0
71 76 0 0
72 76 0 0
73 76 0 0
75 76 0 0
39 77 0 0
55 77 0 0
60 77 0 0
61 77 0 0
62 77 0 0
63 77 0 0
64 77 0 0
65 77 0 0
66 77 0 0
67 77 0 0
68 77 0 0
69 77 0 0
72 77 0 0
73 77 0 0
74 77 0 0
76 77 0 0
1 78 0 0
43 78 0 0
54 78 0 0
56 78 0 0
57 78 0 0
58 78 0 0
59 78 0 0
62 78 0 0
65 78 0 0
66 78 0 0
70 78 0 0
71 78 0 0
72 78 0 0
75 78 0 0
76 78 0 0
60 79 0 0
61 79 0 0
62 79 0 0
63 79 0 0
64 79 0 0
65 79 0 0
67 79 0 0
68 79 0 0
69 79 0 0
73 79 0 0
74 79 0 0
77 79 0 0
54 80 0 0
55 80 0 0
60 80 0 0
61 80 0 0
62 80 0 0
63 80 0 0
64 80 0 0
65 80 0 0
66 80 0 0
67 80 0 0
68 80 0 0
69 80 0 0
71 80 0 0
72 80 0 0
73 80 0 0
74 80 0 0
75 80 0 0
76 80 0 0
77 80 0 0
79 80 0 0
54 81 0 0
55 81 0 0
56 81 0 0
58 81 0 0
60 81 0 0
61 81 0 0
62 81 0 0
64 81 0 0
65 81 0 0
66 81 0 0
67 81 0 0
68 81 0 0
69 81 0 0
70 81 0 0
71 81 0 0
72 81 0 0
73 81 0 0
75 81 0 0
76 81 0 0
77 81 0 0
78 81 0 0
79 81 0 0
80 81 0 0
54 82 0 0
60 82 0 0
61 82 0 0
62 82 0 0
63 82 0 0
64 82 0 0
65 82 0 0
66 82 0 0
67 82 0 0
68 82 0 0
69 82 0 0
71 82 0 0
72 82 0 0
73 82 0 0
74 82 0 0
75 82 0 0
76 82 0 0
77 82 0 0
79 82 0 0
80 82 0 0
81 82 0 0
1 83 0 0
54 83 0 0
56 83 0 0
58 83 0 0
59 83 0 0
60 83 0 0
61 83 0 0
62 83 0 0
64 83 0 0
65 83 0 0
66 83 0 0
67 83 0 0
68 83 0 0
69 83 0 0
70 83 0 0
71 83 0 0
72 83 0 0
73 83 0 0
75 83 0 0
76 83 0 0
77 83 0 0
78 83 0 0
80 83 0 0
81 83 0 0
82 83 0 0
36 84 0 0
39 84 0 0
49 84 0 0
54 84 0 0
55 84 0 0
56 84 0 0
58 84 0 0
60 84 0 0
61 84 0 0
62 84 0 0
63 84 0 0
64 84 0 0
65 84 0 0
66 84 0 0
67 84 0 0
68 84 0 0
69 84 0 0
73 84 0 0
74 84 0 0
75 84 0 0
76 84 0 0
77 84 0 0
79 84 0 0
80 84 0 0
81 84 0 0
82 84 0 0
83 84 0 0
36 85 0 0
39 85 0 0
40 85 0 0
43 85 0 0
49 85 0 0
50 85 0 0
54 85 0 0
55 85 0 0
56 85 0 0
58 85 0 0
59 85 0 0
60 85 0 0
61 85 0 0
62 85 0 0
64 85 0 0
65 85 0 0
66 85 0 0
68 85 0 0
69 85 0 0
71 85 0 0
72 85 0 0
73 85 0 0
75 85 0 0
76 85 0 0
77 85 0 0
78 85 0 0
80 85 0 0
81 85 0 0
82 85 0 0
83 85 0 0
84 85 0 0
36 86 0 0
39 86 0 0
54 86 0 0
55 86 0 0
56 86 0 0
58 86 0 0
60 86 0 0
61 86 0 0
62 86 0 0
64 86 0 0
65 86 0 0
66 86 0 0
67 86 0 0
68 86 0 0
69 86 0 0
71 86 0 0
72 86 0 0
73 86 0 0
74 86 0 0
75 86 0 0
76 86 0 0
77 86 0 0
79 86 0 0
80 86 0 0
81 86 0 0
82 86 0 0
83 86 0 0
84 86 0 0
85 86 0 0
36 87 0 0
39 87 0 0
43 87 0 0
49 87 0 0
54 87 0 0
55 87 0 0
56 87 0 0
58 87 0 0
59 87 0 0
60 87 0 0
61 87 0 0
62 87 0 0
64 87 0 0
65 87 0 0
66 87 0 0
67 87 0 0
68 87 0 0
69 87 0 0
71 87 0 0
72 87 0 0
73 87 0 0
75 87 0 0
76 87 0 0
77 87 0 0
78 87 0 0
79 87 0 0
80 87 0 0
81 87 0 0
82 87 0 0
83 87 0 0
84 87 0 0
85 87 0 0
86 87 0 0
1 88 0 0
36 88 0 0
37 88 0 0
38 88 0 0
39 88 0 0
40 88 0 0
41 88 0 0
42 88 0 0
43 88 0 0
50 88 0 0
54 88 0 0
55 88 0 0
56 88 0 0
57 88 0 0
58 88 0 0
59 88 0 0
60 88 0 0
61 88 0 0
62 88 0 0
64 88 0 0
65 88 0 0
66 88 0 0
68 88 0 0
69 88 0 0
70 88 0 0
71 88 0 0
72 88 0 0
73 88 0 0
75 88 0 0
76 88 0 0
78 88 0 0
80 88 0 0
81 88 0 0
82 88 0 0
83 88 0 0
84 88 0 0
85 88 0 0
86 88 0 0
87 88 0 0
1 89 0 0
36 89 0 0
37 89 0 0
38 89 0 0
39 89 0 0
40 89 0 0
41 89 0 0
42 89 0 0
43 89 0 0
49 89 0 0
50 89 0 0
52 89 0 0
53 89 0 0
54 89 0 0
55 89 0 0
56 89 0 0
57 89 0 0
58 89 0 0
59 89 0 0
61 89 0 0
62 89 0 0
65 89 0 0
66 89 0 0
70 89 0 0
71 89 0 0
75 89 0 0
76 89 0 0
78 89 0 0
81 89 0 0
83 89 0 0
84 89 0 0
85 89 0 0
86 89 0 0
87 89 0 0
88 89 0 0
1 90 0 0
20 90 0 0
34 90 0 0
36 90 0 0
37 90 0 0
38 90 0 0
40 90 0 0
41 90 0 0
42 90 0 0
43 90 0 0
47 90 0 0
48 90 0 0
50 90 0 0
51 90 0 0
52 90 0 0
53 90 0 0
54 90 0 0
56 90 0 0
57 90 0 0
58 90 0 0
59 90 0 0
70 90 0 0
75 90 0 0
76 90 0 0
78 90 0 0
83 90 0 0
85 90 0 0
87 90 0 0
88 90 0 0
89 90 0 0
1 91 0 0
36 91 0 0
37 91 0 0
38 91 0 0
40 91 0 0
41 91 0 0
42 91 0 0
43 91 0 0
53 91 0 0
54 91 0 0
56 91 0 0
57 91 0 0
58 91 0 0
59 91 0 0
62 91 0 0
65 91 0 0
66 91 0 0
70 91 0 0
71 91 0 0
72 91 0 0
75 91 0 0
76 91 0 0
78 91 0 0
81 91 0 0
83 91 0 0
85 91 0 0
87 91 0 0
88 91 0 0
89 91 0 0
90 91 0 0
1 92 0 0
37 92 0 0
38 92 0 0
40 92 0 0
41 92 0 0
42 92 0 0
43 92 0 0
54 92 0 0
56 92 0 0
57 92 0 0
58 92 0 0
59 92 0 0
61 92 0 0
62 92 0 0
64 92 0 0
65 92 0 0
66 92 0 0
69 92 0 0
70 92 0 0
71 92 0 0
72 92 0 0
75 92 0 0
76 92 0 0
78 92 0 0
81 92 0 0
83 92 0 0
85 92 0 0
87 92 0 0
88 92 0 0
89 92 0 0
90 92 0 0
91 92 0 0
4 94 0 1
6 94 0 1
7 94 0 1
4 95 0 1
4 96 0 1
7 96 0 1
4 101 0 1
4 103 0 1
3 104 0 1
4 104 0 1
6 104 0 1
7 104 0 1
9 104 0 1
10 104 0 1
4 105 0 1
2 106 0 1
3 106 0 1
4 106 0 1
5 106 0 1
6 106 0 1
7 106 0 1
8 106 0 1
9 106 0 1
10 106 0 1
11 106 0 1
12 106 0 1
14 106 0 1
15 106 0 1
16 106 0 1
17 106 0 1
18 106 0 1
19 106 0 1
3 107 0 1
4 107 0 1
5 107 0 1
6 107 0 1
7 107 0 1
8 107 0 1
9 107 0 1
10 107 0 1
13 107 0 1
13 108 0 1
4 109 0 1
9 109 0 1
13 109 0 1
4 110 0 1
9 110 0 1
13 110 0 1
3 113 0 1
4 113 0 1
5 113 0 1
6 113 0 1
7 113 0 1
8 113 0 1
9 113 0 1
10 113 0 1
4 114 0 1
3 117 0 1
4 117 0 1
5 117 0 1
6 117 0 1
7 117 0 1
8 117 0 1
9 117 0 1
10 117 0 1
13 117 0 1
4 118 0 1
9 118 0 1
13 118 0 1
4 119 0 1
4 120 0 1
7 120 0 1
8 120 0 1
9 120 0 1
10 120 0 1
13 120 0 1
15 120 0 1
19 120 0 1
23 120 0 1
24 120 0 1
27 120 0 1
28 120 0 1
29 120 0 1
30 120 0 1
32 120 0 1
48 120 0 1
9 121 0 1
13 121 0 1
23 121 0 1
13 122 0 1
23 122 0 1
1 124 0 1
5 124 0 1
6 124 0 1
7 124 0 1
8 124 0 1
9 124 0 1
10 124 0 1
11 124 0 1
12 124 0 1
13 124 0 1
14 124 0 1
15 124 0 1
16 124 0 1
17 124 0 1
18 124 0 1
19 124 0 1
21 124 0 1
22 124 0 1
23 124 0 1
24 124 0 1
25 124 0 1
26 124 0 1
27 124 0 1
28 124 0 1
29 124 0 1
30 124 0 1
31 124 0 1
32 124 0 1
47 124 0 1
48 124 0 1
8 125 0 1
9 125 0 1
10 125 0 1
13 125 0 1
15 125 0 1
19 125 0 1
20 125 0 1
22 125 0 1
23 125 0 1
24 125 0 1
27 125 0 1
28 125 0 1
29 125 0 1
30 125 0 1
32 125 0 1
48 125 0 1
52 125 0 1
33 126 0 1
33 127 0 1
33 128 0 1
39 128 0 1
44 128 0 1
49 128 0 1
33 129 0 1
1 132 0 1
9 132 0 1
13 132 0 1
20 132 0 1
22 132 0 1
23 132 0 1
24 132 0 1
28 132 0 1
29 132 0 1
30 132 0 1
32 132 0 1
36 132 0 1
37 132 0 1
38 132 0 1
40 132 0 1
41 132 0 1
42 132 0 1
43 132 0 1
44 132 0 1
47 132 0 1
48 132 0 1
50 132 0 1
51 132 0 1
52 132 0 1
53 132 0 1
57 132 0 1
33 133 0 1
33 135 0 1
33 136 0 1
36 136 0 1
44 136 0 1
49 136 0 1
50 136 0 1
9 137 0 1
13 137 0 1
20 137 0 1
23 137 0 1
24 137 0 1
29 137 0 1
30 137 0 1
44 137 0 1
48 137 0 1
50 137 0 1
53 137 0 1
33 138 0 1
13 139 0 1
20 139 0 1
44 139 0 1
49 139 0 1
50 139 0 1
9 140 0 1
10 140 0 1
13 140 0 1
20 140 0 1
22 140 0 1
23 140 0 1
24 140 0 1
27 140 0 1
28 140 0 1
29 140 0 1
30 140 0 1
32 140 0 1
37 140 0 1
44 140 0 1
48 140 0 1
50 140 0 1
52 140 0 1
53 140 0 1
33 141 0 1
9 142 0 1
10 142 0 1
13 142 0 1
20 142 0 1
22 142 0 1
23 142 0 1
24 142 0 1
27 142 0 1
28 142 0 1
29 142 0 1
30 142 0 1
32 142 0 1
37 142 0 1
38 142 0 1
47 142 0 1
48 142 0 1
50 142 0 1
51 142 0 1
52 142 0 1
53 142 0 1
33 143 0 1
36 143 0 1
44 143 0 1
49 143 0 1
50 143 0 1
33 145 0 1
44 145 0 1
49 145 0 1
33 146 0 1
20 147 0 1
33 147 0 1
36 147 0 1
39 147 0 1
40 147 0 1
43 147 0 1
44 147 0 1
49 147 0 1
50 147 0 1
53 147 0 1
54 147 0 1
55 147 0 1
56 147 0 1
58 147 0 1
33 148 0 1
39 148 0 1
55 148 0 1
1 149 0 1
20 149 0 1
36 149 0 1
37 149 0 1
38 149 0 1
39 149 0 1
40 149 0 1
41 149 0 1
42 149 0 1
43 149 0 1
44 149 0 1
49 149 0 1
50 149 0 1
52 149 0 1
53 149 0 1
54 149 0 1
55 149 0 1
56 149 0 1
57 149 0 1
58 149 0 1
59 149 0 1
61 149 0 1
62 149 0 1
75 149 0 1
76 149 0 1
78 149 0 1
81 149 0 1
83 149 0 1
85 149 0 1
86 149 0 1
87 149 0 1
88 149 0 1
89 149 0 1
90 149 0 1
91 149 0 1
92 149 0 1
20 150 0 1
33 150 0 1
36 150 0 1
37 150 0 1
38 150 0 1
39 150 0 1
40 150 0 1
42 150 0 1
43 150 0 1
44 150 0 1
49 150 0 1
50 150 0 1
52 150 0 1
53 150 0 1
54 150 0 1
55 150 0 1
56 150 0 1
57 150 0 1
58 150 0 1
59 150 0 1
62 150 0 1
84 150 0 1
85 150 0 1
86 150 0 1
87 150 0 1
88 150 0 1
89 150 0 1
90 150 0 1
91 150 0 1
92 150 0 1
20 151 0 1
33 151 0 1
36 151 0 1
37 151 0 1
39 151 0 1
40 151 0 1
42 151 0 1
43 151 0 1
44 151 0 1
49 151 0 1
50 151 0 1
53 151 0 1
54 151 0 1
55 151 0 1
56 151 0 1
57 151 0 1
58 151 0 1
59 151 0 1
61 151 0 1
62 151 0 1
76 151 0 1
84 151 0 1
85 151 0 1
86 151 0 1
87 151 0 1
88 151 0 1
89 151 0 1
90 151 0 1
91 151 0 1
33 152 0 1
74 152 0 1
33 153 0 1
39 153 0 1
49 153 0 1
55 153 0 1
84 153 0 1
86 153 0 1
33 157 0 1
39 157 0 1
60 157 0 1
63 157 0 1
74 157 0 1
77 157 0 1
79 157 0 1
80 157 0 1
84 157 0 1
86 157 0 1
63 158 0 1
74 158 0 1
63 159 0 1
74 159 0 1
63 160 0 1
74 160 0 1
60 161 0 1
63 161 0 1
67 161 0 1
68 161 0 1
74 161 0 1
77 161 0 1
79 161 0 1
80 161 0 1
82 161 0 1
84 161 0 1
74 162 0 1
33 163 0 1
36 163 0 1
39 163 0 1
43 163 0 1
44 163 0 1
49 163 0 1
50 163 0 1
54 163 0 1
55 163 0 1
56 163 0 1
58 163 0 1
59 163 0 1
60 163 0 1
61 163 0 1
62 163 0 1
64 163 0 1
75 163 0 1
76 163 0 1
77 163 0 1
80 163 0 1
81 163 0 1
82 163 0 1
83 163 0 1
84 163 0 1
85 163 0 1
86 163 0 1
87 163 0 1
88 163 0 1
89 163 0 1
91 163 0 1
92 163 0 1
74 164 0 1
74 165 0 1
74 166 0 1
33 167 0 1
36 167 0 1
39 167 0 1
44 167 0 1
49 167 0 1
50 167 0 1
55 167 0 1
56 167 0 1
84 167 0 1
33 169 0 1
39 169 0 1
44 169 0 1
49 169 0 1
55 169 0 1
84 169 0 1
33 171 0 1
36 171 0 1
39 171 0 1
44 171 0 1
49 171 0 1
50 171 0 1
55 171 0 1
84 171 0 1
85 171 0 1
86 171 0 1
33 172 0 1
39 172 0 1
33 173 0 1
39 173 0 1
33 175 0 1
33 176 0 1
33 177 0 1
39 177 0 1
33 178 0 1
36 178 0 1
39 178 0 1
44 178 0 1
49 178 0 1
50 178 0 1
55 178 0 1
13 179 0 1
9 185 0 1
13 185 0 1
20 185 0 1
23 185 0 1
29 185 0 1
30 185 0 1
44 185 0 1
33 186 0 1
4 188 0 1
9 188 0 1
13 188 0 1
3 191 0 1
4 191 0 1
5 191 0 1
6 191 0 1
7 191 0 1
8 191 0 1
9 191 0 1
10 191 0 1
11 191 0 1
12 191 0 1
13 191 0 1
14 191 0 1
15 191 0 1
16 191 0 1
17 191 0 1
18 191 0 1
19 191 0 1
24 191 0 1
26 191 0 1
27 191 0 1
28 191 0 1
4 192 0 1
7 192 0 1
8 192 0 1
9 192 0 1
10 192 0 1
13 192 0 1
23 192 0 1
24 192 0 1
