2 3 0 0
2 4 0 0
3 4 0 0
2 5 0 0
3 5 0 0
4 5 0 0
2 6 0 0
3 6 0 0
4 6 0 0
5 6 0 0
5 7 0 0
6 7 0 0
2 8 0 0
3 8 0 0
4 8 0 0
5 8 0 0
6 8 0 0
7 8 0 0
2 9 0 0
3 9 0 0
4 9 0 0
5 9 0 0
6 9 0 0
7 9 0 0
8 9 0 0
2 10 0 0
3 10 0 0
4 10 0 0
5 10 0 0
6 10 0 0
7 10 0 0
8 10 0 0
9 10 0 0
1 11 0 0
6 11 0 0
7 11 0 0
1 12 0 0
6 12 0 0
7 12 0 0
8 12 0 0
9 12 0 0
10 12 0 0
11 12 0 0
1 13 0 0
5 13 0 0
6 13 0 0
7 13 0 0
8 13 0 0
9 13 0 0
10 13 0 0
11 13 0 0
12 13 0 0
1 14 0 0
1 15 0 0
14 15 0 0
1 16 0 0
14 16 0 0
15 16 0 0
1 17 0 0
11 17 0 0
13 17 0 0
15 17 0 0
16 17 0 0
1 18 0 0
14 18 0 0
15 18 0 0
16 18 0 0
17 18 0 0
1 19 0 0
5 24 0 1
7 33 0 1
11 33 0 1
12 33 0 1
13 33 0 1
7 34 0 1
11 34 0 1
12 34 0 1
13 34 0 1
7 35 0 1
11 35 0 1
12 35 0 1
13 35 0 1
1 40 0 1
14 40 0 1
16 40 0 1
18 40 0 1
1 41 0 1
14 41 0 1
16 41 0 1
18 41 0 1
14 43 0 1
