1 2 0 0
3 4 0 0
4 6 0 0
5 6 0 0
3 7 0 0
4 7 0 0
5 7 0 0
6 7 0 0
3 8 0 0
4 8 0 0
5 8 0 0
6 8 0 0
7 8 0 0
1 9 0 0
1 10 0 0
2 10 0 0
5 10 0 0
9 10 0 0
1 11 0 0
4 12 0 0
5 12 0 0
6 12 0 0
7 12 0 0
8 12 0 0
3 13 0 0
4 13 0 0
7 13 0 0
8 13 0 0
12 13 0 0
3 14 0 0
4 14 0 0
6 14 0 0
7 14 0 0
8 14 0 0
12 14 0 0
13 14 0 0
3 15 0 0
4 15 0 0
5 15 0 0
6 15 0 0
7 15 0 0
8 15 0 0
12 15 0 0
13 15 0 0
14 15 0 0
5 16 0 0
6 16 0 0
7 16 0 0
8 16 0 0
12 16 0 0
15 16 0 0
3 17 0 0
4 17 0 0
7 17 0 0
8 17 0 0
12 17 0 0
13 17 0 0
14 17 0 0
15 17 0 0
5 18 0 0
6 18 0 0
7 18 0 0
8 18 0 0
12 18 0 0
14 18 0 0
15 18 0 0
16 18 0 0
3 19 0 0
4 19 0 0
5 19 0 0
6 19 0 0
7 19 0 0
8 19 0 0
12 19 0 0
13 19 0 0
14 19 0 0
15 19 0 0
16 19 0 0
17 19 0 0
18 19 0 0
4 20 0 0
5 20 0 0
6 20 0 0
7 20 0 0
8 20 0 0
12 20 0 0
14 20 0 0
15 20 0 0
16 20 0 0
17 20 0 0
18 20 0 0
19 20 0 0
4 21 0 0
5 21 0 0
6 21 0 0
7 21 0 0
8 21 0 0
12 21 0 0
13 21 0 0
14 21 0 0
15 21 0 0
16 21 0 0
17 21 0 0
18 21 0 0
19 21 0 0
20 21 0 0
12 22 0 0
13 22 0 0
14 22 0 0
15 22 0 0
17 22 0 0
19 22 0 0
20 22 0 0
21 22 0 0
1 23 0 0
2 23 0 0
11 23 0 0
1 24 0 0
2 24 0 0
10 24 0 0
11 24 0 0
23 24 0 0
1 25 0 0
2 25 0 0
9 25 0 0
10 25 0 0
11 25 0 0
23 25 0 0
24 25 0 0
12 26 0 0
15 26 0 0
18 26 0 0
19 26 0 0
20 26 0 0
21 26 0 0
22 26 0 0
1 27 0 0
2 27 0 0
9 27 0 0
10 27 0 0
23 27 0 0
24 27 0 0
25 27 0 0
1 28 0 0
2 28 0 0
9 28 0 0
10 28 0 0
23 28 0 0
24 28 0 0
25 28 0 0
27 28 0 0
12 29 0 0
22 29 0 0
26 29 0 0
2 30 0 0
12 30 0 0
22 30 0 0
26 30 0 0
29 30 0 0
1 31 0 0
2 31 0 0
10 31 0 0
27 31 0 0
28 31 0 0
30 31 0 0
22 32 0 0
26 32 0 0
29 32 0 0
30 32 0 0
1 33 0 0
2 33 0 0
11 33 0 0
23 33 0 0
24 33 0 0
25 33 0 0
27 33 0 0
28 33 0 0
2 34 0 0
23 34 0 0
24 34 0 0
25 34 0 0
28 34 0 0
1 35 0 0
2 35 0 0
23 35 0 0
24 35 0 0
25 35 0 0
27 35 0 0
28 35 0 0
33 35 0 0
34 35 0 0
2 36 0 0
22 36 0 0
26 36 0 0
29 36 0 0
30 36 0 0
31 36 0 0
32 36 0 0
1 37 0 0
2 37 0 0
11 37 0 0
23 37 0 0
24 37 0 0
25 37 0 0
27 37 0 0
28 37 0 0
33 37 0 0
34 37 0 0
35 37 0 0
1 38 0 0
2 38 0 0
23 38 0 0
24 38 0 0
25 38 0 0
33 38 0 0
34 38 0 0
35 38 0 0
37 38 0 0
2 39 0 0
36 39 0 0
2 40 0 0
36 40 0 0
39 40 0 0
2 41 0 0
34 41 0 0
35 41 0 0
37 41 0 0
38 41 0 0
39 42 0 0
2 43 0 0
41 43 0 0
2 44 0 0
39 44 0 0
40 44 0 0
2 45 0 0
41 45 0 0
43 45 0 0
2 46 0 0
43 46 0 0
45 46 0 0
2 47 0 0
43 47 0 0
45 47 0 0
46 47 0 0
2 48 0 0
34 48 0 0
41 48 0 0
43 48 0 0
45 48 0 0
46 48 0 0
47 48 0 0
2 49 0 0
41 49 0 0
43 49 0 0
45 49 0 0
46 49 0 0
47 49 0 0
48 49 0 0
2 50 0 0
34 50 0 0
35 50 0 0
37 50 0 0
38 50 0 0
41 50 0 0
43 50 0 0
45 50 0 0
46 50 0 0
48 50 0 0
49 50 0 0
36 51 0 0
39 51 0 0
40 51 0 0
42 51 0 0
2 52 0 0
36 52 0 0
39 52 0 0
40 52 0 0
42 52 0 0
44 52 0 0
51 52 0 0
2 53 0 0
36 53 0 0
39 53 0 0
40 53 0 0
44 53 0 0
51 53 0 0
52 53 0 0
2 54 0 0
39 54 0 0
40 54 0 0
44 54 0 0
52 54 0 0
53 54 0 0
2 55 0 0
34 55 0 0
35 55 0 0
37 55 0 0
38 55 0 0
41 55 0 0
43 55 0 0
45 55 0 0
46 55 0 0
48 55 0 0
49 55 0 0
50 55 0 0
2 56 0 0
39 56 0 0
40 56 0 0
42 56 0 0
44 56 0 0
51 56 0 0
52 56 0 0
53 56 0 0
54 56 0 0
2 57 0 0
39 57 0 0
40 57 0 0
43 57 0 0
44 57 0 0
46 57 0 0
52 57 0 0
53 57 0 0
54 57 0 0
56 57 0 0
2 58 0 0
29 58 0 0
30 58 0 0
31 58 0 0
32 58 0 0
36 58 0 0
39 58 0 0
40 58 0 0
42 58 0 0
44 58 0 0
51 58 0 0
52 58 0 0
53 58 0 0
54 58 0 0
56 58 0 0
57 58 0 0
2 59 0 0
30 59 0 0
31 59 0 0
32 59 0 0
36 59 0 0
39 59 0 0
40 59 0 0
44 59 0 0
51 59 0 0
52 59 0 0
53 59 0 0
54 59 0 0
56 59 0 0
57 59 0 0
58 59 0 0
2 60 0 0
23 60 0 0
24 60 0 0
34 60 0 0
35 60 0 0
37 60 0 0
38 60 0 0
41 60 0 0
45 60 0 0
48 60 0 0
50 60 0 0
55 60 0 0
1 61 0 1
9 61 0 1
11 61 0 1
33 61 0 1
4 62 0 1
8 62 0 1
12 62 0 1
13 62 0 1
14 62 0 1
15 62 0 1
17 62 0 1
19 62 0 1
22 62 0 1
26 62 0 1
29 62 0 1
30 62 0 1
32 62 0 1
42 62 0 1
51 62 0 1
3 63 0 1
4 63 0 1
9 64 0 1
3 65 0 1
4 65 0 1
1 66 0 1
9 66 0 1
10 66 0 1
1 67 0 1
9 67 0 1
10 67 0 1
3 68 0 1
4 68 0 1
13 68 0 1
14 68 0 1
17 68 0 1
9 69 0 1
3 70 0 1
4 70 0 1
5 70 0 1
6 70 0 1
7 70 0 1
8 70 0 1
12 70 0 1
13 70 0 1
14 70 0 1
15 70 0 1
16 70 0 1
17 70 0 1
18 70 0 1
19 70 0 1
20 70 0 1
21 70 0 1
9 71 0 1
5 72 0 1
9 72 0 1
10 72 0 1
1 73 0 1
9 73 0 1
10 73 0 1
11 73 0 1
23 73 0 1
24 73 0 1
25 73 0 1
27 73 0 1
28 73 0 1
33 73 0 1
1 74 0 1
2 74 0 1
9 74 0 1
10 74 0 1
18 74 0 1
27 74 0 1
28 74 0 1
31 74 0 1
36 74 0 1
4 75 0 1
7 75 0 1
8 75 0 1
12 75 0 1
13 75 0 1
14 75 0 1
15 75 0 1
17 75 0 1
19 75 0 1
21 75 0 1
22 75 0 1
26 75 0 1
4 76 0 1
7 76 0 1
8 76 0 1
12 76 0 1
13 76 0 1
14 76 0 1
15 76 0 1
17 76 0 1
19 76 0 1
22 76 0 1
4 77 0 1
12 77 0 1
13 77 0 1
14 77 0 1
17 77 0 1
19 77 0 1
22 77 0 1
3 78 0 1
4 78 0 1
13 78 0 1
17 78 0 1
1 79 0 1
5 79 0 1
6 79 0 1
9 79 0 1
10 79 0 1
16 79 0 1
18 79 0 1
1 80 0 1
5 80 0 1
9 80 0 1
10 80 0 1
16 80 0 1
18 80 0 1
1 81 0 1
5 81 0 1
9 81 0 1
10 81 0 1
1 82 0 1
9 82 0 1
10 82 0 1
11 82 0 1
1 83 0 1
9 83 0 1
11 83 0 1
23 83 0 1
24 83 0 1
25 83 0 1
33 83 0 1
1 84 0 1
9 84 0 1
10 84 0 1
11 84 0 1
25 84 0 1
33 84 0 1
22 85 0 1
26 85 0 1
29 85 0 1
30 85 0 1
32 85 0 1
36 85 0 1
42 86 0 1
51 86 0 1
42 87 0 1
51 87 0 1
2 88 0 1
43 88 0 1
44 88 0 1
45 88 0 1
46 88 0 1
47 88 0 1
48 88 0 1
49 88 0 1
54 88 0 1
55 88 0 1
57 88 0 1
2 89 0 1
40 89 0 1
43 89 0 1
44 89 0 1
45 89 0 1
46 89 0 1
48 89 0 1
49 89 0 1
53 89 0 1
54 89 0 1
57 89 0 1
2 90 0 1
43 90 0 1
44 90 0 1
46 90 0 1
48 90 0 1
49 90 0 1
57 90 0 1
42 91 0 1
44 91 0 1
56 91 0 1
57 91 0 1
42 92 0 1
51 92 0 1
42 93 0 1
2 94 0 1
43 94 0 1
44 94 0 1
45 94 0 1
46 94 0 1
48 94 0 1
49 94 0 1
53 94 0 1
54 94 0 1
56 94 0 1
57 94 0 1
42 95 0 1
51 95 0 1
42 96 0 1
44 96 0 1
51 96 0 1
56 96 0 1
42 97 0 1
51 97 0 1
56 97 0 1
