1 2 0 0
2 3 0 0
1 4 0 0
2 4 0 0
1 5 0 0
1 6 0 0
4 6 0 0
5 6 0 0
1 7 0 0
5 7 0 0
6 7 0 0
1 8 0 0
7 8 0 0
1 9 0 0
7 9 0 0
8 9 0 0
1 10 0 0
5 10 0 0
7 10 0 0
8 10 0 0
9 10 0 0
1 11 0 0
5 11 0 0
7 11 0 0
8 11 0 0
9 11 0 0
10 11 0 0
1 12 0 0
7 12 0 0
8 12 0 0
9 12 0 0
10 12 0 0
11 12 0 0
1 13 0 0
7 13 0 0
8 13 0 0
9 13 0 0
10 13 0 0
11 13 0 0
12 13 0 0
1 14 0 0
8 14 0 0
1 15 0 0
14 15 0 0
1 16 0 0
14 16 0 0
15 16 0 0
1 17 0 0
14 17 0 0
15 17 0 0
16 17 0 0
1 18 0 0
14 18 0 0
15 18 0 0
16 18 0 0
17 18 0 0
1 19 0 0
14 19 0 0
15 19 0 0
16 19 0 0
17 19 0 0
18 19 0 0
1 20 0 0
7 20 0 0
8 20 0 0
9 20 0 0
11 20 0 0
12 20 0 0
13 20 0 0
14 20 0 0
15 20 0 0
16 20 0 0
17 20 0 0
18 20 0 0
19 20 0 0
1 21 0 0
7 21 0 0
14 21 0 0
15 21 0 0
16 21 0 0
17 21 0 0
18 21 0 0
19 21 0 0
20 21 0 0
1 22 0 0
8 22 0 0
9 22 0 0
11 22 0 0
13 22 0 0
14 22 0 0
15 22 0 0
16 22 0 0
17 22 0 0
18 22 0 0
19 22 0 0
20 22 0 0
21 22 0 0
