2 3 0 0
2 4 0 0
3 4 0 0
2 5 0 0
3 5 0 0
4 5 0 0
2 6 0 0
3 6 0 0
4 6 0 0
5 6 0 0
2 7 0 0
2 8 0 0
7 8 0 0
2 9 0 0
6 9 0 0
7 9 0 0
8 9 0 0
5 10 0 0
1 11 0 0
1 12 0 0
10 12 0 0
11 12 0 0
1 13 0 0
11 13 0 0
12 13 0 0
1 14 0 0
13 14 0 0
1 15 0 0
14 15 0 0
1 16 0 0
14 16 0 0
15 16 0 0
1 17 0 0
14 17 0 0
15 17 0 0
16 17 0 0
1 18 0 0
14 18 0 0
15 18 0 0
16 18 0 0
17 18 0 0
1 19 0 0
13 19 0 0
14 19 0 0
15 19 0 0
16 19 0 0
17 19 0 0
18 19 0 0
1 20 0 0
13 20 0 0
14 20 0 0
15 20 0 0
16 20 0 0
17 20 0 0
18 20 0 0
19 20 0 0
1 21 0 0
12 21 0 0
13 21 0 0
14 21 0 0
15 21 0 0
16 21 0 0
17 21 0 0
18 21 0 0
19 21 0 0
20 21 0 0
1 22 0 0
13 22 0 0
14 22 0 0
16 22 0 0
17 22 0 0
18 22 0 0
19 22 0 0
20 22 0 0
21 22 0 0
1 23 0 0
12 23 0 0
13 23 0 0
14 23 0 0
17 23 0 0
20 23 0 0
21 23 0 0
22 23 0 0
1 24 0 0
11 24 0 0
1 25 0 0
3 25 0 0
11 25 0 0
24 25 0 0
1 26 0 0
3 26 0 0
11 26 0 0
24 26 0 0
25 26 0 0
2 27 0 0
3 27 0 0
4 27 0 0
5 27 0 0
6 27 0 0
10 27 0 0
25 27 0 0
26 27 0 0
3 28 0 0
4 28 0 0
5 28 0 0
10 28 0 0
11 28 0 0
12 28 0 0
24 28 0 0
25 28 0 0
26 28 0 0
27 28 0 0
2 29 0 0
3 29 0 0
4 29 0 0
5 29 0 0
6 29 0 0
10 29 0 0
27 29 0 0
28 29 0 0
20 31 0 1
23 31 0 1
2 32 0 1
7 32 0 1
8 32 0 1
9 32 0 1
20 34 0 1
21 34 0 1
22 34 0 1
23 34 0 1
20 37 0 1
21 37 0 1
23 37 0 1
20 38 0 1
21 38 0 1
23 38 0 1
20 39 0 1
21 39 0 1
23 39 0 1
20 40 0 1
21 40 0 1
23 40 0 1
17 41 0 1
20 41 0 1
21 41 0 1
23 41 0 1
17 51 0 1
20 51 0 1
