3 4 0 0
2 5 0 0
3 5 0 0
4 5 0 0
3 6 0 0
4 6 0 0
5 6 0 0
3 7 0 0
4 7 0 0
5 7 0 0
6 7 0 0
3 8 0 0
4 8 0 0
5 8 0 0
6 8 0 0
7 8 0 0
3 9 0 0
6 9 0 0
8 9 0 0
2 10 0 0
2 11 0 0
10 11 0 0
3 12 0 0
4 12 0 0
5 12 0 0
6 12 0 0
7 12 0 0
8 12 0 0
9 12 0 0
3 13 0 0
4 13 0 0
5 13 0 0
6 13 0 0
7 13 0 0
8 13 0 0
9 13 0 0
12 13 0 0
3 14 0 0
4 14 0 0
5 14 0 0
6 14 0 0
7 14 0 0
8 14 0 0
9 14 0 0
12 14 0 0
13 14 0 0
3 15 0 0
4 15 0 0
5 15 0 0
6 15 0 0
7 15 0 0
8 15 0 0
9 15 0 0
12 15 0 0
13 15 0 0
14 15 0 0
2 16 0 0
3 16 0 0
4 16 0 0
5 16 0 0
6 16 0 0
7 16 0 0
8 16 0 0
9 16 0 0
12 16 0 0
13 16 0 0
14 16 0 0
15 16 0 0
1 17 0 0
8 17 0 0
9 17 0 0
12 17 0 0
13 17 0 0
14 17 0 0
15 17 0 0
16 17 0 0
1 18 0 0
8 18 0 0
12 18 0 0
13 18 0 0
14 18 0 0
15 18 0 0
16 18 0 0
17 18 0 0
2 19 0 0
4 19 0 0
5 19 0 0
6 19 0 0
7 19 0 0
8 19 0 0
12 19 0 0
13 19 0 0
14 19 0 0
15 19 0 0
16 19 0 0
17 19 0 0
18 19 0 0
1 20 0 0
3 20 0 0
6 20 0 0
7 20 0 0
8 20 0 0
9 20 0 0
12 20 0 0
13 20 0 0
14 20 0 0
15 20 0 0
16 20 0 0
17 20 0 0
18 20 0 0
19 20 0 0
2 21 0 0
4 21 0 0
5 21 0 0
7 21 0 0
13 21 0 0
14 21 0 0
15 21 0 0
16 21 0 0
18 21 0 0
19 21 0 0
1 22 0 0
6 22 0 0
8 22 0 0
9 22 0 0
12 22 0 0
13 22 0 0
14 22 0 0
15 22 0 0
16 22 0 0
17 22 0 0
18 22 0 0
19 22 0 0
20 22 0 0
1 23 0 0
5 23 0 0
6 23 0 0
7 23 0 0
8 23 0 0
9 23 0 0
12 23 0 0
13 23 0 0
14 23 0 0
15 23 0 0
16 23 0 0
17 23 0 0
18 23 0 0
19 23 0 0
20 23 0 0
22 23 0 0
2 24 0 0
11 24 0 0
1 25 0 0
2 25 0 0
4 25 0 0
5 25 0 0
7 25 0 0
12 25 0 0
13 25 0 0
14 25 0 0
15 25 0 0
16 25 0 0
17 25 0 0
18 25 0 0
19 25 0 0
21 25 0 0
23 25 0 0
1 26 0 0
2 26 0 0
12 26 0 0
13 26 0 0
14 26 0 0
15 26 0 0
16 26 0 0
17 26 0 0
18 26 0 0
19 26 0 0
20 26 0 0
21 26 0 0
22 26 0 0
23 26 0 0
25 26 0 0
2 27 0 0
16 27 0 0
19 27 0 0
21 27 0 0
24 27 0 0
25 27 0 0
26 27 0 0
2 28 0 0
10 28 0 0
11 28 0 0
24 28 0 0
27 28 0 0
2 29 0 0
24 29 0 0
28 29 0 0
2 30 0 0
24 30 0 0
28 30 0 0
29 30 0 0
1 31 0 0
26 31 0 0
1 32 0 0
31 32 0 0
2 33 0 0
24 33 0 0
29 33 0 0
30 33 0 0
2 34 0 0
29 34 0 0
30 34 0 0
33 34 0 0
1 35 0 0
31 35 0 0
32 35 0 0
34 35 0 0
1 36 0 0
32 36 0 0
1 37 0 0
32 37 0 0
36 37 0 0
2 38 0 0
29 38 0 0
30 38 0 0
33 38 0 0
34 38 0 0
2 39 0 0
29 39 0 0
33 39 0 0
34 39 0 0
35 39 0 0
38 39 0 0
1 40 0 0
31 40 0 0
34 40 0 0
35 40 0 0
39 40 0 0
2 41 0 0
24 41 0 0
27 41 0 0
28 41 0 0
29 41 0 0
30 41 0 0
33 41 0 0
34 41 0 0
38 41 0 0
39 41 0 0
40 41 0 0
2 42 0 0
24 42 0 0
28 42 0 0
29 42 0 0
30 42 0 0
33 42 0 0
34 42 0 0
38 42 0 0
39 42 0 0
41 42 0 0
1 43 0 0
2 43 0 0
25 43 0 0
26 43 0 0
27 43 0 0
31 43 0 0
34 43 0 0
35 43 0 0
39 43 0 0
40 43 0 0
41 43 0 0
2 44 0 0
24 44 0 0
25 44 0 0
27 44 0 0
29 44 0 0
33 44 0 0
34 44 0 0
35 44 0 0
38 44 0 0
39 44 0 0
40 44 0 0
41 44 0 0
42 44 0 0
43 44 0 0
2 45 0 0
21 45 0 0
24 45 0 0
25 45 0 0
27 45 0 0
28 45 0 0
34 45 0 0
35 45 0 0
39 45 0 0
40 45 0 0
41 45 0 0
42 45 0 0
43 45 0 0
44 45 0 0
2 46 0 0
16 46 0 0
19 46 0 0
21 46 0 0
24 46 0 0
25 46 0 0
26 46 0 0
27 46 0 0
34 46 0 0
35 46 0 0
39 46 0 0
40 46 0 0
41 46 0 0
43 46 0 0
44 46 0 0
45 46 0 0
2 47 0 0
16 47 0 0
19 47 0 0
21 47 0 0
25 47 0 0
26 47 0 0
27 47 0 0
35 47 0 0
40 47 0 0
43 47 0 0
44 47 0 0
45 47 0 0
46 47 0 0
1 48 0 0
2 48 0 0
14 48 0 0
15 48 0 0
16 48 0 0
17 48 0 0
18 48 0 0
19 48 0 0
20 48 0 0
21 48 0 0
22 48 0 0
23 48 0 0
25 48 0 0
26 48 0 0
27 48 0 0
31 48 0 0
32 48 0 0
35 48 0 0
39 48 0 0
40 48 0 0
43 48 0 0
44 48 0 0
45 48 0 0
46 48 0 0
47 48 0 0
2 49 0 0
16 49 0 0
19 49 0 0
21 49 0 0
24 49 0 0
25 49 0 0
27 49 0 0
28 49 0 0
34 49 0 0
41 49 0 0
43 49 0 0
44 49 0 0
45 49 0 0
46 49 0 0
47 49 0 0
48 49 0 0
1 50 0 0
2 50 0 0
16 50 0 0
18 50 0 0
19 50 0 0
21 50 0 0
23 50 0 0
25 50 0 0
26 50 0 0
27 50 0 0
31 50 0 0
35 50 0 0
40 50 0 0
43 50 0 0
44 50 0 0
45 50 0 0
46 50 0 0
47 50 0 0
48 50 0 0
49 50 0 0
2 51 0 0
24 51 0 0
25 51 0 0
27 51 0 0
28 51 0 0
29 51 0 0
30 51 0 0
33 51 0 0
34 51 0 0
35 51 0 0
38 51 0 0
39 51 0 0
40 51 0 0
41 51 0 0
42 51 0 0
43 51 0 0
44 51 0 0
45 51 0 0
46 51 0 0
47 51 0 0
48 51 0 0
49 51 0 0
50 51 0 0
3 52 0 1
3 66 0 1
6 66 0 1
7 66 0 1
3 68 0 1
4 68 0 1
5 68 0 1
6 68 0 1
7 68 0 1
8 68 0 1
13 68 0 1
4 69 0 1
3 70 0 1
4 70 0 1
5 70 0 1
7 70 0 1
4 71 0 1
5 71 0 1
3 74 0 1
4 74 0 1
5 74 0 1
6 74 0 1
7 74 0 1
13 74 0 1
4 75 0 1
3 76 0 1
6 76 0 1
8 76 0 1
9 76 0 1
20 76 0 1
2 77 0 1
10 77 0 1
11 77 0 1
3 78 0 1
6 78 0 1
8 78 0 1
9 78 0 1
12 78 0 1
13 78 0 1
15 78 0 1
17 78 0 1
20 78 0 1
22 78 0 1
23 78 0 1
2 79 0 1
4 79 0 1
5 79 0 1
16 79 0 1
19 79 0 1
21 79 0 1
25 79 0 1
27 79 0 1
49 79 0 1
3 80 0 1
6 80 0 1
7 80 0 1
8 80 0 1
9 80 0 1
12 80 0 1
13 80 0 1
14 80 0 1
15 80 0 1
20 80 0 1
22 80 0 1
23 80 0 1
2 81 0 1
10 81 0 1
11 81 0 1
2 82 0 1
4 82 0 1
11 82 0 1
11 83 0 1
11 84 0 1
3 86 0 1
4 86 0 1
5 86 0 1
7 86 0 1
3 87 0 1
6 87 0 1
7 87 0 1
8 87 0 1
9 87 0 1
12 87 0 1
13 87 0 1
2 88 0 1
10 88 0 1
11 88 0 1
3 89 0 1
4 89 0 1
5 89 0 1
7 89 0 1
13 89 0 1
3 90 0 1
4 90 0 1
5 90 0 1
6 90 0 1
7 90 0 1
8 90 0 1
12 90 0 1
13 90 0 1
14 90 0 1
16 90 0 1
2 91 0 1
11 91 0 1
3 92 0 1
4 92 0 1
5 92 0 1
6 92 0 1
7 92 0 1
8 92 0 1
12 92 0 1
13 92 0 1
14 92 0 1
16 92 0 1
3 97 0 1
4 97 0 1
5 97 0 1
3 99 0 1
3 100 0 1
4 104 0 1
