2 3 0 0
2 4 0 0
3 4 0 0
2 5 0 0
3 5 0 0
4 5 0 0
2 6 0 0
3 6 0 0
4 6 0 0
5 6 0 0
2 7 0 0
3 7 0 0
4 7 0 0
5 7 0 0
6 7 0 0
2 8 0 0
3 8 0 0
4 8 0 0
5 8 0 0
6 8 0 0
7 8 0 0
2 9 0 0
3 9 0 0
4 9 0 0
5 9 0 0
6 9 0 0
7 9 0 0
8 9 0 0
2 10 0 0
3 10 0 0
4 10 0 0
5 10 0 0
6 10 0 0
7 10 0 0
8 10 0 0
9 10 0 0
2 11 0 0
3 11 0 0
4 11 0 0
5 11 0 0
6 11 0 0
7 11 0 0
8 11 0 0
9 11 0 0
10 11 0 0
1 12 0 0
3 12 0 0
4 12 0 0
5 12 0 0
6 12 0 0
7 12 0 0
8 12 0 0
9 12 0 0
10 12 0 0
11 12 0 0
1 14 0 0
3 14 0 0
4 14 0 0
5 14 0 0
6 14 0 0
7 14 0 0
8 14 0 0
9 14 0 0
10 14 0 0
11 14 0 0
12 14 0 0
3 15 0 0
5 15 0 0
6 15 0 0
7 15 0 0
8 15 0 0
11 15 0 0
12 15 0 0
13 15 0 0
14 15 0 0
3 16 0 0
6 16 0 0
7 16 0 0
8 16 0 0
11 16 0 0
13 16 0 0
15 16 0 0
1 17 0 0
2 17 0 0
3 17 0 0
4 17 0 0
5 17 0 0
6 17 0 0
7 17 0 0
8 17 0 0
9 17 0 0
10 17 0 0
11 17 0 0
12 17 0 0
14 17 0 0
15 17 0 0
2 18 0 0
3 18 0 0
5 18 0 0
6 18 0 0
7 18 0 0
8 18 0 0
9 18 0 0
11 18 0 0
13 18 0 0
14 18 0 0
15 18 0 0
16 18 0 0
17 18 0 0
3 19 0 0
5 19 0 0
6 19 0 0
7 19 0 0
8 19 0 0
11 19 0 0
13 19 0 0
14 19 0 0
15 19 0 0
16 19 0 0
17 19 0 0
18 19 0 0
1 20 0 0
2 20 0 0
3 20 0 0
4 20 0 0
5 20 0 0
6 20 0 0
7 20 0 0
8 20 0 0
9 20 0 0
10 20 0 0
11 20 0 0
12 20 0 0
14 20 0 0
15 20 0 0
16 20 0 0
17 20 0 0
18 20 0 0
19 20 0 0
1 21 0 0
7 21 0 0
10 21 0 0
11 21 0 0
12 21 0 0
14 21 0 0
15 21 0 0
17 21 0 0
18 21 0 0
19 21 0 0
20 21 0 0
1 22 0 0
8 22 0 0
10 22 0 0
11 22 0 0
12 22 0 0
13 22 0 0
14 22 0 0
15 22 0 0
16 22 0 0
17 22 0 0
18 22 0 0
19 22 0 0
20 22 0 0
21 22 0 0
1 23 0 0
11 23 0 0
13 23 0 0
14 23 0 0
15 23 0 0
16 23 0 0
17 23 0 0
18 23 0 0
19 23 0 0
20 23 0 0
21 23 0 0
22 23 0 0
1 24 0 0
10 24 0 0
11 24 0 0
12 24 0 0
14 24 0 0
15 24 0 0
17 24 0 0
20 24 0 0
21 24 0 0
22 24 0 0
23 24 0 0
1 25 0 0
12 25 0 0
14 25 0 0
17 25 0 0
20 25 0 0
21 25 0 0
22 25 0 0
23 25 0 0
24 25 0 0
1 26 0 0
13 26 0 0
15 26 0 0
16 26 0 0
18 26 0 0
19 26 0 0
20 26 0 0
21 26 0 0
22 26 0 0
23 26 0 0
24 26 0 0
25 26 0 0
13 27 0 0
15 27 0 0
16 27 0 0
18 27 0 0
19 27 0 0
21 27 0 0
22 27 0 0
23 27 0 0
26 27 0 0
1 28 0 0
11 28 0 0
12 28 0 0
14 28 0 0
15 28 0 0
17 28 0 0
18 28 0 0
20 28 0 0
21 28 0 0
22 28 0 0
23 28 0 0
24 28 0 0
25 28 0 0
26 28 0 0
27 28 0 0
1 29 0 0
13 29 0 0
14 29 0 0
15 29 0 0
18 29 0 0
19 29 0 0
20 29 0 0
21 29 0 0
22 29 0 0
23 29 0 0
24 29 0 0
25 29 0 0
26 29 0 0
27 29 0 0
28 29 0 0
1 30 0 0
3 30 0 0
4 30 0 0
5 30 0 0
6 30 0 0
7 30 0 0
8 30 0 0
9 30 0 0
10 30 0 0
11 30 0 0
12 30 0 0
14 30 0 0
15 30 0 0
16 30 0 0
17 30 0 0
18 30 0 0
19 30 0 0
20 30 0 0
21 30 0 0
22 30 0 0
23 30 0 0
24 30 0 0
25 30 0 0
26 30 0 0
28 30 0 0
29 30 0 0
1 31 0 0
8 31 0 0
11 31 0 0
13 31 0 0
14 31 0 0
15 31 0 0
16 31 0 0
17 31 0 0
18 31 0 0
19 31 0 0
20 31 0 0
21 31 0 0
22 31 0 0
23 31 0 0
24 31 0 0
25 31 0 0
26 31 0 0
27 31 0 0
28 31 0 0
29 31 0 0
30 31 0 0
13 32 0 0
15 32 0 0
16 32 0 0
18 32 0 0
19 32 0 0
22 32 0 0
23 32 0 0
26 32 0 0
27 32 0 0
29 32 0 0
31 32 0 0
1 33 0 0
5 33 0 0
7 33 0 0
10 33 0 0
11 33 0 0
12 33 0 0
14 33 0 0
17 33 0 0
20 33 0 0
21 33 0 0
22 33 0 0
23 33 0 0
24 33 0 0
25 33 0 0
28 33 0 0
29 33 0 0
30 33 0 0
31 33 0 0
1 34 0 0
5 34 0 0
7 34 0 0
8 34 0 0
10 34 0 0
11 34 0 0
12 34 0 0
14 34 0 0
15 34 0 0
17 34 0 0
18 34 0 0
19 34 0 0
20 34 0 0
21 34 0 0
22 34 0 0
23 34 0 0
24 34 0 0
25 34 0 0
26 34 0 0
28 34 0 0
29 34 0 0
30 34 0 0
31 34 0 0
33 34 0 0
1 35 0 0
21 35 0 0
22 35 0 0
23 35 0 0
25 35 0 0
26 35 0 0
27 35 0 0
28 35 0 0
29 35 0 0
31 35 0 0
32 35 0 0
36 37 0 0
35 38 0 0
36 38 0 0
37 38 0 0
1 39 0 0
26 39 0 0
27 39 0 0
29 39 0 0
32 39 0 0
35 39 0 0
36 39 0 0
37 39 0 0
38 39 0 0
1 40 0 0
23 40 0 0
26 40 0 0
27 40 0 0
29 40 0 0
35 40 0 0
38 40 0 0
39 40 0 0
1 41 0 0
21 41 0 0
22 41 0 0
23 41 0 0
24 41 0 0
25 41 0 0
26 41 0 0
27 41 0 0
28 41 0 0
29 41 0 0
31 41 0 0
34 41 0 0
35 41 0 0
40 41 0 0
1 42 0 0
21 42 0 0
22 42 0 0
23 42 0 0
24 42 0 0
25 42 0 0
26 42 0 0
27 42 0 0
28 42 0 0
29 42 0 0
31 42 0 0
35 42 0 0
39 42 0 0
40 42 0 0
41 42 0 0
1 43 0 0
26 43 0 0
27 43 0 0
29 43 0 0
35 43 0 0
37 43 0 0
38 43 0 0
39 43 0 0
40 43 0 0
41 43 0 0
42 43 0 0
1 44 0 0
25 44 0 0
26 44 0 0
28 44 0 0
29 44 0 0
35 44 0 0
39 44 0 0
40 44 0 0
41 44 0 0
42 44 0 0
43 44 0 0
1 45 0 0
26 45 0 0
27 45 0 0
29 45 0 0
35 45 0 0
38 45 0 0
39 45 0 0
40 45 0 0
41 45 0 0
42 45 0 0
43 45 0 0
44 45 0 0
1 46 0 0
26 46 0 0
27 46 0 0
29 46 0 0
35 46 0 0
37 46 0 0
38 46 0 0
39 46 0 0
40 46 0 0
41 46 0 0
42 46 0 0
43 46 0 0
44 46 0 0
45 46 0 0
1 47 0 0
26 47 0 0
27 47 0 0
35 47 0 0
37 47 0 0
38 47 0 0
39 47 0 0
40 47 0 0
42 47 0 0
43 47 0 0
44 47 0 0
45 47 0 0
46 47 0 0
13 48 0 0
26 48 0 0
27 48 0 0
32 48 0 0
35 48 0 0
36 48 0 0
37 48 0 0
38 48 0 0
39 48 0 0
40 48 0 0
43 48 0 0
46 48 0 0
47 48 0 0
1 49 0 0
12 49 0 0
14 49 0 0
20 49 0 0
21 49 0 0
22 49 0 0
23 49 0 0
24 49 0 0
25 49 0 0
26 49 0 0
28 49 0 0
29 49 0 0
30 49 0 0
31 49 0 0
33 49 0 0
34 49 0 0
35 49 0 0
40 49 0 0
41 49 0 0
42 49 0 0
44 49 0 0
45 49 0 0
1 50 0 0
12 50 0 0
13 50 0 0
14 50 0 0
15 50 0 0
17 50 0 0
18 50 0 0
19 50 0 0
20 50 0 0
21 50 0 0
22 50 0 0
23 50 0 0
24 50 0 0
25 50 0 0
26 50 0 0
27 50 0 0
28 50 0 0
29 50 0 0
30 50 0 0
31 50 0 0
32 50 0 0
33 50 0 0
34 50 0 0
35 50 0 0
40 50 0 0
41 50 0 0
42 50 0 0
43 50 0 0
44 50 0 0
45 50 0 0
46 50 0 0
49 50 0 0
1 51 0 0
20 51 0 0
21 51 0 0
22 51 0 0
23 51 0 0
24 51 0 0
25 51 0 0
26 51 0 0
27 51 0 0
28 51 0 0
29 51 0 0
30 51 0 0
31 51 0 0
33 51 0 0
34 51 0 0
35 51 0 0
40 51 0 0
41 51 0 0
42 51 0 0
44 51 0 0
45 51 0 0
46 51 0 0
49 51 0 0
50 51 0 0
1 52 0 0
21 52 0 0
22 52 0 0
23 52 0 0
24 52 0 0
25 52 0 0
26 52 0 0
27 52 0 0
28 52 0 0
29 52 0 0
30 52 0 0
31 52 0 0
33 52 0 0
34 52 0 0
35 52 0 0
40 52 0 0
41 52 0 0
42 52 0 0
43 52 0 0
44 52 0 0
45 52 0 0
46 52 0 0
47 52 0 0
49 52 0 0
50 52 0 0
51 52 0 0
36 53 0 0
37 53 0 0
38 53 0 0
36 54 0 0
37 54 0 0
38 54 0 0
39 54 0 0
47 54 0 0
53 54 0 0
1 55 0 0
35 55 0 0
37 55 0 0
38 55 0 0
39 55 0 0
40 55 0 0
41 55 0 0
42 55 0 0
43 55 0 0
44 55 0 0
45 55 0 0
46 55 0 0
47 55 0 0
54 55 0 0
1 56 0 0
35 56 0 0
39 56 0 0
40 56 0 0
41 56 0 0
42 56 0 0
43 56 0 0
44 56 0 0
45 56 0 0
46 56 0 0
47 56 0 0
55 56 0 0
1 57 0 0
37 57 0 0
38 57 0 0
39 57 0 0
40 57 0 0
43 57 0 0
45 57 0 0
46 57 0 0
47 57 0 0
54 57 0 0
55 57 0 0
56 57 0 0
1 58 0 0
41 58 0 0
44 58 0 0
36 59 0 0
37 59 0 0
38 59 0 0
39 59 0 0
40 59 0 0
43 59 0 0
46 59 0 0
47 59 0 0
48 59 0 0
53 59 0 0
54 59 0 0
55 59 0 0
57 59 0 0
1 60 0 0
35 60 0 0
39 60 0 0
40 60 0 0
41 60 0 0
42 60 0 0
43 60 0 0
44 60 0 0
45 60 0 0
46 60 0 0
47 60 0 0
51 60 0 0
52 60 0 0
55 60 0 0
56 60 0 0
57 60 0 0
1 61 0 0
35 61 0 0
37 61 0 0
38 61 0 0
39 61 0 0
40 61 0 0
41 61 0 0
42 61 0 0
43 61 0 0
44 61 0 0
45 61 0 0
46 61 0 0
47 61 0 0
52 61 0 0
55 61 0 0
56 61 0 0
57 61 0 0
59 61 0 0
60 61 0 0
1 62 0 0
35 62 0 0
37 62 0 0
38 62 0 0
39 62 0 0
40 62 0 0
42 62 0 0
43 62 0 0
44 62 0 0
45 62 0 0
46 62 0 0
47 62 0 0
54 62 0 0
55 62 0 0
56 62 0 0
57 62 0 0
59 62 0 0
60 62 0 0
61 62 0 0
36 63 0 0
37 63 0 0
38 63 0 0
39 63 0 0
40 63 0 0
43 63 0 0
45 63 0 0
46 63 0 0
47 63 0 0
53 63 0 0
54 63 0 0
55 63 0 0
56 63 0 0
57 63 0 0
59 63 0 0
60 63 0 0
61 63 0 0
62 63 0 0
1 64 0 0
29 64 0 0
35 64 0 0
38 64 0 0
39 64 0 0
40 64 0 0
41 64 0 0
42 64 0 0
43 64 0 0
44 64 0 0
45 64 0 0
46 64 0 0
47 64 0 0
49 64 0 0
50 64 0 0
51 64 0 0
52 64 0 0
55 64 0 0
56 64 0 0
57 64 0 0
60 64 0 0
61 64 0 0
62 64 0 0
1 65 0 0
26 65 0 0
35 65 0 0
38 65 0 0
39 65 0 0
40 65 0 0
41 65 0 0
42 65 0 0
43 65 0 0
44 65 0 0
45 65 0 0
46 65 0 0
47 65 0 0
50 65 0 0
51 65 0 0
52 65 0 0
55 65 0 0
56 65 0 0
57 65 0 0
59 65 0 0
60 65 0 0
61 65 0 0
62 65 0 0
63 65 0 0
64 65 0 0
36 66 0 0
37 66 0 0
38 66 0 0
39 66 0 0
43 66 0 0
47 66 0 0
48 66 0 0
53 66 0 0
54 66 0 0
55 66 0 0
57 66 0 0
59 66 0 0
62 66 0 0
63 66 0 0
1 67 0 0
35 67 0 0
37 67 0 0
38 67 0 0
39 67 0 0
40 67 0 0
41 67 0 0
42 67 0 0
43 67 0 0
44 67 0 0
45 67 0 0
46 67 0 0
47 67 0 0
52 67 0 0
55 67 0 0
56 67 0 0
57 67 0 0
59 67 0 0
60 67 0 0
61 67 0 0
62 67 0 0
63 67 0 0
64 67 0 0
65 67 0 0
66 67 0 0
36 68 0 0
37 68 0 0
38 68 0 0
39 68 0 0
40 68 0 0
43 68 0 0
46 68 0 0
47 68 0 0
48 68 0 0
53 68 0 0
54 68 0 0
55 68 0 0
57 68 0 0
59 68 0 0
61 68 0 0
62 68 0 0
63 68 0 0
65 68 0 0
66 68 0 0
67 68 0 0
36 69 0 0
53 69 0 0
54 69 0 0
63 69 0 0
66 69 0 0
1 70 0 0
38 70 0 0
53 70 0 0
54 70 0 0
55 70 0 0
56 70 0 0
57 70 0 0
59 70 0 0
61 70 0 0
62 70 0 0
63 70 0 0
66 70 0 0
67 70 0 0
68 70 0 0
1 71 0 0
47 71 0 0
54 71 0 0
55 71 0 0
56 71 0 0
57 71 0 0
59 71 0 0
60 71 0 0
61 71 0 0
62 71 0 0
63 71 0 0
65 71 0 0
66 71 0 0
67 71 0 0
68 71 0 0
70 71 0 0
1 72 0 0
55 72 0 0
56 72 0 0
57 72 0 0
60 72 0 0
61 72 0 0
62 72 0 0
63 72 0 0
64 72 0 0
65 72 0 0
67 72 0 0
70 72 0 0
71 72 0 0
1 73 0 0
53 73 0 0
54 73 0 0
55 73 0 0
57 73 0 0
59 73 0 0
61 73 0 0
62 73 0 0
63 73 0 0
66 73 0 0
68 73 0 0
69 73 0 0
70 73 0 0
71 73 0 0
72 73 0 0
1 74 0 0
54 74 0 0
55 74 0 0
56 74 0 0
57 74 0 0
61 74 0 0
62 74 0 0
63 74 0 0
70 74 0 0
71 74 0 0
72 74 0 0
73 74 0 0
1 75 0 0
53 75 0 0
54 75 0 0
69 75 0 0
70 75 0 0
71 75 0 0
73 75 0 0
1 76 0 0
54 76 0 0
55 76 0 0
56 76 0 0
57 76 0 0
70 76 0 0
71 76 0 0
72 76 0 0
73 76 0 0
74 76 0 0
75 76 0 0
69 77 0 0
75 77 0 0
1 78 0 0
70 78 0 0
71 78 0 0
72 78 0 0
73 78 0 0
74 78 0 0
75 78 0 0
76 78 0 0
1 79 0 0
70 79 0 0
71 79 0 0
73 79 0 0
74 79 0 0
75 79 0 0
76 79 0 0
78 79 0 0
1 80 0 0
69 80 0 0
70 80 0 0
73 80 0 0
75 80 0 0
76 80 0 0
77 80 0 0
78 80 0 0
79 80 0 0
1 81 0 0
53 81 0 0
69 81 0 0
73 81 0 0
75 81 0 0
77 81 0 0
79 81 0 0
80 81 0 0
1 82 0 0
53 82 0 0
54 82 0 0
69 82 0 0
70 82 0 0
71 82 0 0
73 82 0 0
74 82 0 0
75 82 0 0
76 82 0 0
77 82 0 0
78 82 0 0
79 82 0 0
80 82 0 0
81 82 0 0
1 83 0 0
54 83 0 0
69 83 0 0
70 83 0 0
71 83 0 0
73 83 0 0
74 83 0 0
75 83 0 0
76 83 0 0
78 83 0 0
79 83 0 0
80 83 0 0
81 83 0 0
82 83 0 0
1 84 0 0
54 84 0 0
69 84 0 0
70 84 0 0
71 84 0 0
73 84 0 0
74 84 0 0
75 84 0 0
76 84 0 0
78 84 0 0
79 84 0 0
80 84 0 0
81 84 0 0
82 84 0 0
83 84 0 0
1 85 0 0
69 85 0 0
73 85 0 0
75 85 0 0
77 85 0 0
79 85 0 0
80 85 0 0
81 85 0 0
82 85 0 0
83 85 0 0
84 85 0 0
1 86 0 0
55 86 0 0
56 86 0 0
57 86 0 0
60 86 0 0
61 86 0 0
62 86 0 0
63 86 0 0
65 86 0 0
67 86 0 0
70 86 0 0
71 86 0 0
72 86 0 0
73 86 0 0
74 86 0 0
76 86 0 0
78 86 0 0
83 86 0 0
1 87 0 0
54 87 0 0
55 87 0 0
56 87 0 0
57 87 0 0
59 87 0 0
61 87 0 0
62 87 0 0
63 87 0 0
70 87 0 0
71 87 0 0
72 87 0 0
73 87 0 0
74 87 0 0
75 87 0 0
76 87 0 0
78 87 0 0
79 87 0 0
80 87 0 0
82 87 0 0
83 87 0 0
84 87 0 0
85 87 0 0
86 87 0 0
1 88 0 0
53 88 0 0
54 88 0 0
69 88 0 0
73 88 0 0
75 88 0 0
77 88 0 0
79 88 0 0
80 88 0 0
81 88 0 0
82 88 0 0
83 88 0 0
84 88 0 0
85 88 0 0
87 88 0 0
1 89 0 0
53 89 0 0
54 89 0 0
57 89 0 0
63 89 0 0
69 89 0 0
70 89 0 0
71 89 0 0
73 89 0 0
74 89 0 0
75 89 0 0
76 89 0 0
78 89 0 0
79 89 0 0
80 89 0 0
81 89 0 0
82 89 0 0
83 89 0 0
84 89 0 0
85 89 0 0
87 89 0 0
88 89 0 0
1 90 0 0
53 90 0 0
54 90 0 0
55 90 0 0
57 90 0 0
59 90 0 0
63 90 0 0
69 90 0 0
70 90 0 0
71 90 0 0
72 90 0 0
73 90 0 0
74 90 0 0
75 90 0 0
76 90 0 0
78 90 0 0
79 90 0 0
80 90 0 0
81 90 0 0
82 90 0 0
83 90 0 0
84 90 0 0
85 90 0 0
86 90 0 0
87 90 0 0
88 90 0 0
89 90 0 0
1 91 0 0
55 91 0 0
56 91 0 0
57 91 0 0
61 91 0 0
62 91 0 0
63 91 0 0
70 91 0 0
71 91 0 0
72 91 0 0
73 91 0 0
74 91 0 0
75 91 0 0
76 91 0 0
78 91 0 0
79 91 0 0
82 91 0 0
83 91 0 0
84 91 0 0
86 91 0 0
87 91 0 0
89 91 0 0
90 91 0 0
1 92 0 0
38 92 0 0
39 92 0 0
40 92 0 0
41 92 0 0
42 92 0 0
43 92 0 0
44 92 0 0
45 92 0 0
46 92 0 0
47 92 0 0
54 92 0 0
55 92 0 0
56 92 0 0
57 92 0 0
59 92 0 0
60 92 0 0
61 92 0 0
62 92 0 0
63 92 0 0
64 92 0 0
65 92 0 0
67 92 0 0
68 92 0 0
70 92 0 0
71 92 0 0
72 92 0 0
73 92 0 0
74 92 0 0
76 92 0 0
78 92 0 0
83 92 0 0
86 92 0 0
87 92 0 0
90 92 0 0
91 92 0 0
1 93 0 0
36 93 0 0
37 93 0 0
38 93 0 0
53 93 0 0
54 93 0 0
59 93 0 0
63 93 0 0
66 93 0 0
68 93 0 0
69 93 0 0
70 93 0 0
71 93 0 0
73 93 0 0
75 93 0 0
79 93 0 0
80 93 0 0
81 93 0 0
82 93 0 0
83 93 0 0
84 93 0 0
85 93 0 0
87 93 0 0
88 93 0 0
89 93 0 0
90 93 0 0
1 94 0 0
38 94 0 0
47 94 0 0
54 94 0 0
55 94 0 0
56 94 0 0
57 94 0 0
59 94 0 0
60 94 0 0
61 94 0 0
62 94 0 0
63 94 0 0
65 94 0 0
66 94 0 0
67 94 0 0
68 94 0 0
70 94 0 0
71 94 0 0
72 94 0 0
73 94 0 0
74 94 0 0
75 94 0 0
76 94 0 0
78 94 0 0
79 94 0 0
82 94 0 0
83 94 0 0
84 94 0 0
86 94 0 0
87 94 0 0
89 94 0 0
90 94 0 0
91 94 0 0
92 94 0 0
93 94 0 0
1 95 0 0
44 95 0 0
45 95 0 0
55 95 0 0
56 95 0 0
57 95 0 0
60 95 0 0
61 95 0 0
62 95 0 0
63 95 0 0
64 95 0 0
65 95 0 0
67 95 0 0
70 95 0 0
71 95 0 0
72 95 0 0
74 95 0 0
76 95 0 0
78 95 0 0
86 95 0 0
87 95 0 0
91 95 0 0
92 95 0 0
94 95 0 0
2 99 0 1
3 99 0 1
6 99 0 1
7 99 0 1
8 99 0 1
11 99 0 1
15 99 0 1
16 99 0 1
18 99 0 1
19 99 0 1
8 100 0 1
16 100 0 1
18 100 0 1
19 100 0 1
13 103 0 1
15 103 0 1
16 103 0 1
18 103 0 1
19 103 0 1
32 103 0 1
13 104 0 1
15 104 0 1
16 104 0 1
18 104 0 1
19 104 0 1
32 104 0 1
16 107 0 1
13 109 0 1
16 109 0 1
19 109 0 1
27 109 0 1
32 109 0 1
48 109 0 1
13 110 0 1
32 110 0 1
48 110 0 1
13 113 0 1
16 113 0 1
32 113 0 1
13 117 0 1
19 117 0 1
23 117 0 1
26 117 0 1
27 117 0 1
29 117 0 1
31 117 0 1
32 117 0 1
35 117 0 1
37 117 0 1
38 117 0 1
39 117 0 1
40 117 0 1
43 117 0 1
46 117 0 1
47 117 0 1
48 117 0 1
13 118 0 1
26 118 0 1
27 118 0 1
32 118 0 1
37 118 0 1
39 118 0 1
48 118 0 1
36 120 0 1
13 121 0 1
26 121 0 1
27 121 0 1
32 121 0 1
37 121 0 1
38 121 0 1
39 121 0 1
43 121 0 1
47 121 0 1
48 121 0 1
36 124 0 1
37 124 0 1
48 124 0 1
36 126 0 1
37 126 0 1
38 126 0 1
39 126 0 1
48 126 0 1
53 126 0 1
54 126 0 1
59 126 0 1
63 126 0 1
66 126 0 1
68 126 0 1
36 127 0 1
36 128 0 1
37 128 0 1
53 128 0 1
54 128 0 1
59 128 0 1
63 128 0 1
66 128 0 1
68 128 0 1
69 128 0 1
93 128 0 1
36 129 0 1
53 129 0 1
69 129 0 1
36 130 0 1
36 133 0 1
37 133 0 1
53 133 0 1
54 133 0 1
66 133 0 1
68 133 0 1
69 133 0 1
93 133 0 1
36 137 0 1
37 137 0 1
53 137 0 1
66 137 0 1
69 137 0 1
36 139 0 1
36 141 0 1
36 143 0 1
53 143 0 1
66 143 0 1
36 145 0 1
53 145 0 1
54 145 0 1
69 145 0 1
88 145 0 1
93 145 0 1
1 147 0 1
36 147 0 1
53 147 0 1
54 147 0 1
59 147 0 1
63 147 0 1
66 147 0 1
68 147 0 1
69 147 0 1
70 147 0 1
71 147 0 1
73 147 0 1
75 147 0 1
76 147 0 1
79 147 0 1
80 147 0 1
81 147 0 1
82 147 0 1
83 147 0 1
84 147 0 1
85 147 0 1
87 147 0 1
88 147 0 1
89 147 0 1
90 147 0 1
93 147 0 1
94 147 0 1
53 148 0 1
54 148 0 1
69 148 0 1
75 148 0 1
77 148 0 1
81 148 0 1
82 148 0 1
85 148 0 1
88 148 0 1
89 148 0 1
93 148 0 1
69 151 0 1
77 151 0 1
53 152 0 1
69 152 0 1
77 152 0 1
81 152 0 1
85 152 0 1
88 152 0 1
93 152 0 1
1 154 0 1
54 154 0 1
55 154 0 1
57 154 0 1
63 154 0 1
70 154 0 1
71 154 0 1
72 154 0 1
73 154 0 1
74 154 0 1
75 154 0 1
76 154 0 1
78 154 0 1
79 154 0 1
80 154 0 1
81 154 0 1
82 154 0 1
83 154 0 1
84 154 0 1
85 154 0 1
86 154 0 1
87 154 0 1
88 154 0 1
89 154 0 1
90 154 0 1
91 154 0 1
92 154 0 1
93 154 0 1
94 154 0 1
69 155 0 1
77 155 0 1
81 155 0 1
85 155 0 1
88 155 0 1
77 156 0 1
69 157 0 1
75 157 0 1
77 157 0 1
80 157 0 1
81 157 0 1
82 157 0 1
85 157 0 1
88 157 0 1
89 157 0 1
77 158 0 1
77 159 0 1
69 160 0 1
77 160 0 1
81 160 0 1
88 160 0 1
53 162 0 1
69 162 0 1
75 162 0 1
77 162 0 1
80 162 0 1
81 162 0 1
82 162 0 1
85 162 0 1
88 162 0 1
89 162 0 1
93 162 0 1
69 163 0 1
77 163 0 1
88 163 0 1
53 164 0 1
54 164 0 1
69 164 0 1
73 164 0 1
75 164 0 1
77 164 0 1
79 164 0 1
80 164 0 1
81 164 0 1
82 164 0 1
83 164 0 1
84 164 0 1
85 164 0 1
88 164 0 1
89 164 0 1
90 164 0 1
93 164 0 1
69 167 0 1
53 169 0 1
69 169 0 1
77 169 0 1
81 169 0 1
88 169 0 1
93 169 0 1
36 171 0 1
53 171 0 1
69 171 0 1
88 171 0 1
93 171 0 1
53 176 0 1
69 176 0 1
36 177 0 1
37 177 0 1
38 177 0 1
39 177 0 1
48 177 0 1
66 177 0 1
32 179 0 1
36 179 0 1
37 179 0 1
38 179 0 1
39 179 0 1
43 179 0 1
47 179 0 1
48 179 0 1
59 179 0 1
66 179 0 1
68 179 0 1
36 180 0 1
37 180 0 1
48 180 0 1
36 181 0 1
37 181 0 1
48 181 0 1
66 181 0 1
36 182 0 1
37 182 0 1
36 183 0 1
48 186 0 1
13 188 0 1
32 188 0 1
48 188 0 1
48 189 0 1
48 190 0 1
