2 3 0 0
4 5 0 0
2 6 0 0
3 6 0 0
5 7 0 0
4 8 0 0
6 9 0 0
7 9 0 0
2 10 0 0
3 10 0 0
6 10 0 0
9 10 0 0
4 11 0 0
8 11 0 0
2 12 0 0
3 12 0 0
6 12 0 0
9 12 0 0
10 12 0 0
2 13 0 0
3 13 0 0
6 13 0 0
9 13 0 0
10 13 0 0
12 13 0 0
2 14 0 0
3 14 0 0
6 14 0 0
9 14 0 0
10 14 0 0
12 14 0 0
13 14 0 0
4 15 0 0
5 15 0 0
7 15 0 0
11 15 0 0
4 16 0 0
8 16 0 0
11 16 0 0
15 16 0 0
4 17 0 0
8 17 0 0
11 17 0 0
16 17 0 0
4 18 0 0
8 18 0 0
11 18 0 0
16 18 0 0
17 18 0 0
4 19 0 0
8 19 0 0
11 19 0 0
16 19 0 0
17 19 0 0
18 19 0 0
4 20 0 0
5 20 0 0
8 20 0 0
11 20 0 0
15 20 0 0
16 20 0 0
18 20 0 0
19 20 0 0
4 21 0 0
5 21 0 0
7 21 0 0
15 21 0 0
16 21 0 0
18 21 0 0
20 21 0 0
5 22 0 0
7 22 0 0
9 22 0 0
15 22 0 0
20 22 0 0
21 22 0 0
5 23 0 0
7 23 0 0
9 23 0 0
10 23 0 0
14 23 0 0
21 23 0 0
22 23 0 0
2 24 0 0
3 24 0 0
6 24 0 0
7 24 0 0
9 24 0 0
10 24 0 0
12 24 0 0
13 24 0 0
14 24 0 0
23 24 0 0
2 25 0 0
3 25 0 0
6 25 0 0
9 25 0 0
10 25 0 0
12 25 0 0
13 25 0 0
14 25 0 0
24 25 0 0
2 26 0 0
3 26 0 0
6 26 0 0
9 26 0 0
10 26 0 0
12 26 0 0
13 26 0 0
14 26 0 0
23 26 0 0
24 26 0 0
25 26 0 0
5 27 0 0
7 27 0 0
9 27 0 0
15 27 0 0
20 27 0 0
21 27 0 0
22 27 0 0
23 27 0 0
2 28 0 0
3 28 0 0
6 28 0 0
9 28 0 0
10 28 0 0
12 28 0 0
13 28 0 0
14 28 0 0
23 28 0 0
24 28 0 0
25 28 0 0
26 28 0 0
4 29 0 0
5 29 0 0
7 29 0 0
11 29 0 0
15 29 0 0
16 29 0 0
18 29 0 0
20 29 0 0
21 29 0 0
22 29 0 0
27 29 0 0
8 30 0 0
11 30 0 0
16 30 0 0
17 30 0 0
18 30 0 0
19 30 0 0
8 31 0 0
11 31 0 0
16 31 0 0
17 31 0 0
18 31 0 0
19 31 0 0
20 31 0 0
30 31 0 0
8 32 0 0
11 32 0 0
16 32 0 0
18 32 0 0
19 32 0 0
20 32 0 0
21 32 0 0
29 32 0 0
30 32 0 0
31 32 0 0
3 33 0 0
9 33 0 0
10 33 0 0
12 33 0 0
13 33 0 0
14 33 0 0
24 33 0 0
25 33 0 0
26 33 0 0
28 33 0 0
15 34 0 0
16 34 0 0
18 34 0 0
20 34 0 0
21 34 0 0
22 34 0 0
27 34 0 0
29 34 0 0
31 34 0 0
32 34 0 0
9 35 0 0
10 35 0 0
12 35 0 0
13 35 0 0
14 35 0 0
24 35 0 0
25 35 0 0
26 35 0 0
28 35 0 0
33 35 0 0
17 36 0 0
18 36 0 0
19 36 0 0
30 36 0 0
31 36 0 0
32 36 0 0
27 37 0 0
10 38 0 0
12 38 0 0
24 38 0 0
25 38 0 0
26 38 0 0
28 38 0 0
33 38 0 0
35 38 0 0
8 39 0 0
17 39 0 0
18 39 0 0
19 39 0 0
30 39 0 0
31 39 0 0
32 39 0 0
36 39 0 0
8 40 0 0
17 40 0 0
18 40 0 0
19 40 0 0
20 40 0 0
30 40 0 0
31 40 0 0
32 40 0 0
36 40 0 0
39 40 0 0
7 41 0 0
9 41 0 0
10 41 0 0
21 41 0 0
22 41 0 0
23 41 0 0
24 41 0 0
27 41 0 0
28 41 0 0
35 41 0 0
37 41 0 0
5 42 0 0
7 42 0 0
15 42 0 0
20 42 0 0
21 42 0 0
22 42 0 0
27 42 0 0
29 42 0 0
32 42 0 0
34 42 0 0
37 42 0 0
41 42 0 0
9 43 0 0
10 43 0 0
12 43 0 0
13 43 0 0
24 43 0 0
25 43 0 0
26 43 0 0
28 43 0 0
33 43 0 0
35 43 0 0
38 43 0 0
8 44 0 0
11 44 0 0
16 44 0 0
17 44 0 0
18 44 0 0
19 44 0 0
20 44 0 0
30 44 0 0
31 44 0 0
32 44 0 0
34 44 0 0
36 44 0 0
39 44 0 0
40 44 0 0
8 45 0 0
16 45 0 0
18 45 0 0
19 45 0 0
20 45 0 0
21 45 0 0
29 45 0 0
31 45 0 0
32 45 0 0
34 45 0 0
36 45 0 0
39 45 0 0
40 45 0 0
42 45 0 0
44 45 0 0
9 46 0 0
10 46 0 0
14 46 0 0
24 46 0 0
25 46 0 0
26 46 0 0
28 46 0 0
33 46 0 0
35 46 0 0
38 46 0 0
41 46 0 0
43 46 0 0
7 47 0 0
9 47 0 0
23 47 0 0
24 47 0 0
27 47 0 0
28 47 0 0
35 47 0 0
37 47 0 0
41 47 0 0
43 47 0 0
46 47 0 0
7 48 0 0
20 48 0 0
21 48 0 0
22 48 0 0
23 48 0 0
27 48 0 0
29 48 0 0
34 48 0 0
37 48 0 0
41 48 0 0
42 48 0 0
45 48 0 0
47 48 0 0
8 49 0 0
16 49 0 0
18 49 0 0
19 49 0 0
20 49 0 0
21 49 0 0
29 49 0 0
30 49 0 0
31 49 0 0
32 49 0 0
34 49 0 0
36 49 0 0
39 49 0 0
40 49 0 0
42 49 0 0
44 49 0 0
45 49 0 0
17 50 0 0
18 50 0 0
19 50 0 0
30 50 0 0
31 50 0 0
36 50 0 0
39 50 0 0
40 50 0 0
44 50 0 0
49 50 0 0
18 51 0 0
20 51 0 0
21 51 0 0
22 51 0 0
27 51 0 0
29 51 0 0
31 51 0 0
32 51 0 0
34 51 0 0
36 51 0 0
39 51 0 0
40 51 0 0
42 51 0 0
44 51 0 0
45 51 0 0
48 51 0 0
49 51 0 0
20 52 0 0
21 52 0 0
22 52 0 0
27 52 0 0
29 52 0 0
32 52 0 0
34 52 0 0
37 52 0 0
41 52 0 0
42 52 0 0
45 52 0 0
48 52 0 0
49 52 0 0
51 52 0 0
7 53 0 0
21 53 0 0
22 53 0 0
23 53 0 0
27 53 0 0
34 53 0 0
37 53 0 0
41 53 0 0
42 53 0 0
47 53 0 0
48 53 0 0
51 53 0 0
52 53 0 0
8 54 0 0
17 54 0 0
18 54 0 0
19 54 0 0
20 54 0 0
30 54 0 0
31 54 0 0
32 54 0 0
34 54 0 0
36 54 0 0
39 54 0 0
40 54 0 0
44 54 0 0
45 54 0 0
49 54 0 0
50 54 0 0
51 54 0 0
2 55 0 0
3 55 0 0
6 55 0 0
9 55 0 0
10 55 0 0
12 55 0 0
13 55 0 0
14 55 0 0
24 55 0 0
25 55 0 0
26 55 0 0
28 55 0 0
33 55 0 0
35 55 0 0
38 55 0 0
43 55 0 0
46 55 0 0
4 56 0 0
8 56 0 0
11 56 0 0
16 56 0 0
17 56 0 0
18 56 0 0
19 56 0 0
30 56 0 0
31 56 0 0
32 56 0 0
36 56 0 0
39 56 0 0
40 56 0 0
44 56 0 0
49 56 0 0
50 56 0 0
54 56 0 0
5 57 0 0
7 57 0 0
15 57 0 0
20 57 0 0
21 57 0 0
22 57 0 0
23 57 0 0
27 57 0 0
29 57 0 0
34 57 0 0
37 57 0 0
41 57 0 0
42 57 0 0
47 57 0 0
48 57 0 0
51 57 0 0
52 57 0 0
53 57 0 0
7 58 0 0
9 58 0 0
10 58 0 0
14 58 0 0
21 58 0 0
22 58 0 0
23 58 0 0
24 58 0 0
27 58 0 0
28 58 0 0
37 58 0 0
41 58 0 0
42 58 0 0
46 58 0 0
47 58 0 0
48 58 0 0
52 58 0 0
53 58 0 0
57 58 0 0
5 59 0 0
7 59 0 0
15 59 0 0
20 59 0 0
21 59 0 0
22 59 0 0
23 59 0 0
27 59 0 0
29 59 0 0
34 59 0 0
37 59 0 0
41 59 0 0
42 59 0 0
45 59 0 0
47 59 0 0
48 59 0 0
51 59 0 0
52 59 0 0
53 59 0 0
57 59 0 0
58 59 0 0
2 60 0 0
3 60 0 0
6 60 0 0
9 60 0 0
10 60 0 0
12 60 0 0
13 60 0 0
14 60 0 0
23 60 0 0
24 60 0 0
25 60 0 0
26 60 0 0
28 60 0 0
33 60 0 0
35 60 0 0
38 60 0 0
41 60 0 0
43 60 0 0
46 60 0 0
47 60 0 0
55 60 0 0
58 60 0 0
4 61 0 0
8 61 0 0
11 61 0 0
16 61 0 0
17 61 0 0
18 61 0 0
19 61 0 0
20 61 0 0
21 61 0 0
29 61 0 0
30 61 0 0
31 61 0 0
32 61 0 0
34 61 0 0
36 61 0 0
39 61 0 0
40 61 0 0
44 61 0 0
45 61 0 0
49 61 0 0
50 61 0 0
51 61 0 0
54 61 0 0
56 61 0 0
5 62 0 0
15 62 0 0
16 62 0 0
18 62 0 0
20 62 0 0
21 62 0 0
22 62 0 0
27 62 0 0
29 62 0 0
31 62 0 0
32 62 0 0
34 62 0 0
40 62 0 0
42 62 0 0
44 62 0 0
45 62 0 0
48 62 0 0
49 62 0 0
51 62 0 0
52 62 0 0
54 62 0 0
57 62 0 0
59 62 0 0
61 62 0 0
5 63 0 0
7 63 0 0
15 63 0 0
20 63 0 0
21 63 0 0
22 63 0 0
27 63 0 0
29 63 0 0
32 63 0 0
34 63 0 0
37 63 0 0
41 63 0 0
42 63 0 0
45 63 0 0
48 63 0 0
49 63 0 0
51 63 0 0
52 63 0 0
53 63 0 0
57 63 0 0
58 63 0 0
59 63 0 0
61 63 0 0
62 63 0 0
7 64 0 0
9 64 0 0
21 64 0 0
22 64 0 0
23 64 0 0
24 64 0 0
27 64 0 0
34 64 0 0
37 64 0 0
41 64 0 0
42 64 0 0
47 64 0 0
48 64 0 0
52 64 0 0
53 64 0 0
57 64 0 0
58 64 0 0
59 64 0 0
63 64 0 0
6 65 0 0
9 65 0 0
10 65 0 0
12 65 0 0
13 65 0 0
14 65 0 0
23 65 0 0
24 65 0 0
25 65 0 0
26 65 0 0
28 65 0 0
33 65 0 0
35 65 0 0
38 65 0 0
41 65 0 0
43 65 0 0
46 65 0 0
47 65 0 0
55 65 0 0
58 65 0 0
60 65 0 0
64 65 0 0
1 66 0 0
35 66 0 0
37 66 0 0
41 66 0 0
46 66 0 0
47 66 0 0
48 66 0 0
53 66 0 0
36 67 0 0
50 67 0 0
54 67 0 0
37 68 0 0
66 68 0 0
36 69 0 0
50 69 0 0
54 69 0 0
67 69 0 0
1 70 0 0
38 70 0 0
36 71 0 0
39 71 0 0
40 71 0 0
44 71 0 0
49 71 0 0
50 71 0 0
51 71 0 0
54 71 0 0
67 71 0 0
69 71 0 0
42 72 0 0
45 72 0 0
49 72 0 0
51 72 0 0
52 72 0 0
54 72 0 0
67 72 0 0
71 72 0 0
37 73 0 0
41 73 0 0
42 73 0 0
47 73 0 0
48 73 0 0
51 73 0 0
52 73 0 0
53 73 0 0
66 73 0 0
68 73 0 0
72 73 0 0
37 74 0 0
41 74 0 0
42 74 0 0
47 74 0 0
48 74 0 0
52 74 0 0
53 74 0 0
66 74 0 0
68 74 0 0
73 74 0 0
1 75 0 0
35 75 0 0
38 75 0 0
43 75 0 0
46 75 0 0
70 75 0 0
36 76 0 0
39 76 0 0
50 76 0 0
54 76 0 0
67 76 0 0
69 76 0 0
71 76 0 0
36 77 0 0
45 77 0 0
49 77 0 0
51 77 0 0
54 77 0 0
67 77 0 0
71 77 0 0
72 77 0 0
73 77 0 0
32 78 0 0
34 78 0 0
37 78 0 0
42 78 0 0
45 78 0 0
48 78 0 0
49 78 0 0
51 78 0 0
52 78 0 0
53 78 0 0
62 78 0 0
63 78 0 0
67 78 0 0
71 78 0 0
72 78 0 0
73 78 0 0
74 78 0 0
77 78 0 0
19 79 0 0
30 79 0 0
31 79 0 0
32 79 0 0
36 79 0 0
39 79 0 0
40 79 0 0
44 79 0 0
49 79 0 0
50 79 0 0
54 79 0 0
56 79 0 0
61 79 0 0
67 79 0 0
69 79 0 0
71 79 0 0
76 79 0 0
77 79 0 0
1 80 0 0
25 80 0 0
33 80 0 0
35 80 0 0
38 80 0 0
43 80 0 0
46 80 0 0
55 80 0 0
60 80 0 0
65 80 0 0
70 80 0 0
75 80 0 0
1 81 0 0
25 81 0 0
33 81 0 0
35 81 0 0
38 81 0 0
43 81 0 0
46 81 0 0
55 81 0 0
60 81 0 0
65 81 0 0
66 81 0 0
70 81 0 0
75 81 0 0
80 81 0 0
27 82 0 0
34 82 0 0
37 82 0 0
41 82 0 0
42 82 0 0
47 82 0 0
48 82 0 0
51 82 0 0
52 82 0 0
53 82 0 0
57 82 0 0
58 82 0 0
59 82 0 0
63 82 0 0
64 82 0 0
66 82 0 0
68 82 0 0
72 82 0 0
73 82 0 0
74 82 0 0
78 82 0 0
18 83 0 0
19 83 0 0
30 83 0 0
31 83 0 0
32 83 0 0
36 83 0 0
39 83 0 0
40 83 0 0
44 83 0 0
45 83 0 0
49 83 0 0
50 83 0 0
51 83 0 0
54 83 0 0
56 83 0 0
61 83 0 0
67 83 0 0
69 83 0 0
71 83 0 0
72 83 0 0
76 83 0 0
77 83 0 0
79 83 0 0
20 84 0 0
21 84 0 0
32 84 0 0
34 84 0 0
37 84 0 0
41 84 0 0
42 84 0 0
45 84 0 0
48 84 0 0
49 84 0 0
51 84 0 0
52 84 0 0
53 84 0 0
57 84 0 0
59 84 0 0
62 84 0 0
63 84 0 0
64 84 0 0
68 84 0 0
72 84 0 0
73 84 0 0
74 84 0 0
77 84 0 0
78 84 0 0
82 84 0 0
20 85 0 0
21 85 0 0
31 85 0 0
32 85 0 0
34 85 0 0
36 85 0 0
40 85 0 0
42 85 0 0
44 85 0 0
45 85 0 0
48 85 0 0
49 85 0 0
51 85 0 0
52 85 0 0
54 85 0 0
61 85 0 0
62 85 0 0
63 85 0 0
67 85 0 0
71 85 0 0
72 85 0 0
73 85 0 0
77 85 0 0
78 85 0 0
82 85 0 0
83 85 0 0
84 85 0 0
18 86 0 0
19 86 0 0
20 86 0 0
30 86 0 0
31 86 0 0
32 86 0 0
34 86 0 0
36 86 0 0
39 86 0 0
40 86 0 0
42 86 0 0
44 86 0 0
45 86 0 0
49 86 0 0
50 86 0 0
51 86 0 0
52 86 0 0
54 86 0 0
56 86 0 0
61 86 0 0
62 86 0 0
63 86 0 0
67 86 0 0
69 86 0 0
71 86 0 0
72 86 0 0
76 86 0 0
77 86 0 0
78 86 0 0
79 86 0 0
83 86 0 0
84 86 0 0
85 86 0 0
1 87 0 0
24 87 0 0
25 87 0 0
26 87 0 0
28 87 0 0
33 87 0 0
35 87 0 0
38 87 0 0
43 87 0 0
46 87 0 0
47 87 0 0
55 87 0 0
60 87 0 0
65 87 0 0
66 87 0 0
70 87 0 0
75 87 0 0
80 87 0 0
81 87 0 0
30 88 0 0
31 88 0 0
32 88 0 0
36 88 0 0
39 88 0 0
40 88 0 0
44 88 0 0
45 88 0 0
49 88 0 0
50 88 0 0
51 88 0 0
54 88 0 0
56 88 0 0
61 88 0 0
67 88 0 0
69 88 0 0
71 88 0 0
72 88 0 0
76 88 0 0
77 88 0 0
78 88 0 0
79 88 0 0
83 88 0 0
85 88 0 0
86 88 0 0
1 89 0 0
33 89 0 0
35 89 0 0
38 89 0 0
43 89 0 0
46 89 0 0
55 89 0 0
60 89 0 0
65 89 0 0
70 89 0 0
75 89 0 0
80 89 0 0
81 89 0 0
87 89 0 0
37 90 0 0
41 90 0 0
46 90 0 0
47 90 0 0
48 90 0 0
53 90 0 0
57 90 0 0
58 90 0 0
64 90 0 0
66 90 0 0
68 90 0 0
73 90 0 0
74 90 0 0
82 90 0 0
84 90 0 0
32 91 0 0
34 91 0 0
36 91 0 0
40 91 0 0
42 91 0 0
44 91 0 0
45 91 0 0
48 91 0 0
49 91 0 0
51 91 0 0
52 91 0 0
53 91 0 0
54 91 0 0
61 91 0 0
62 91 0 0
63 91 0 0
67 91 0 0
71 91 0 0
72 91 0 0
73 91 0 0
74 91 0 0
77 91 0 0
78 91 0 0
79 91 0 0
82 91 0 0
83 91 0 0
84 91 0 0
85 91 0 0
86 91 0 0
88 91 0 0
30 92 0 0
31 92 0 0
32 92 0 0
34 92 0 0
36 92 0 0
39 92 0 0
40 92 0 0
42 92 0 0
44 92 0 0
45 92 0 0
49 92 0 0
50 92 0 0
51 92 0 0
52 92 0 0
54 92 0 0
61 92 0 0
62 92 0 0
67 92 0 0
69 92 0 0
71 92 0 0
72 92 0 0
76 92 0 0
77 92 0 0
78 92 0 0
79 92 0 0
83 92 0 0
84 92 0 0
85 92 0 0
86 92 0 0
88 92 0 0
91 92 0 0
37 93 0 0
41 93 0 0
42 93 0 0
47 93 0 0
48 93 0 0
52 93 0 0
53 93 0 0
57 93 0 0
58 93 0 0
64 93 0 0
66 93 0 0
68 93 0 0
73 93 0 0
74 93 0 0
78 93 0 0
82 93 0 0
84 93 0 0
90 93 0 0
91 93 0 0
67 94 0 0
69 94 0 0
71 94 0 0
72 94 0 0
76 94 0 0
77 94 0 0
79 94 0 0
86 94 0 0
88 94 0 0
92 94 0 0
67 95 0 0
69 95 0 0
71 95 0 0
72 95 0 0
77 95 0 0
79 95 0 0
88 95 0 0
92 95 0 0
94 95 0 0
68 96 0 0
72 96 0 0
73 96 0 0
74 96 0 0
77 96 0 0
78 96 0 0
84 96 0 0
95 96 0 0
1 97 0 0
70 97 0 0
75 97 0 0
80 97 0 0
81 97 0 0
1 98 0 0
66 98 0 0
70 98 0 0
75 98 0 0
97 98 0 0
66 99 0 0
68 99 0 0
73 99 0 0
74 99 0 0
90 99 0 0
96 99 0 0
97 99 0 0
98 99 0 0
66 100 0 0
68 100 0 0
73 100 0 0
74 100 0 0
93 100 0 0
96 100 0 0
99 100 0 0
1 101 0 0
66 101 0 0
68 101 0 0
75 101 0 0
97 101 0 0
98 101 0 0
99 101 0 0
100 101 0 0
67 102 0 0
69 102 0 0
71 102 0 0
76 102 0 0
77 102 0 0
79 102 0 0
94 102 0 0
95 102 0 0
1 103 0 0
70 103 0 0
75 103 0 0
97 103 0 0
98 103 0 0
99 103 0 0
101 103 0 0
67 104 0 0
72 104 0 0
73 104 0 0
77 104 0 0
78 104 0 0
94 104 0 0
95 104 0 0
96 104 0 0
100 104 0 0
102 104 0 0
68 105 0 0
73 105 0 0
77 105 0 0
95 105 0 0
96 105 0 0
100 105 0 0
104 105 0 0
1 106 0 0
97 106 0 0
98 106 0 0
99 106 0 0
101 106 0 0
103 106 0 0
1 107 0 0
68 107 0 0
97 107 0 0
98 107 0 0
99 107 0 0
100 107 0 0
101 107 0 0
103 107 0 0
106 107 0 0
68 108 0 0
73 108 0 0
74 108 0 0
96 108 0 0
99 108 0 0
100 108 0 0
101 108 0 0
105 108 0 0
106 108 0 0
107 108 0 0
1 109 0 0
66 109 0 0
68 109 0 0
97 109 0 0
98 109 0 0
99 109 0 0
100 109 0 0
101 109 0 0
103 109 0 0
106 109 0 0
107 109 0 0
108 109 0 0
68 110 0 0
73 110 0 0
74 110 0 0
96 110 0 0
99 110 0 0
100 110 0 0
104 110 0 0
105 110 0 0
108 110 0 0
109 110 0 0
1 111 0 0
66 111 0 0
68 111 0 0
97 111 0 0
98 111 0 0
99 111 0 0
100 111 0 0
101 111 0 0
103 111 0 0
106 111 0 0
107 111 0 0
108 111 0 0
109 111 0 0
1 112 0 0
68 112 0 0
97 112 0 0
98 112 0 0
99 112 0 0
100 112 0 0
101 112 0 0
103 112 0 0
106 112 0 0
107 112 0 0
108 112 0 0
109 112 0 0
111 112 0 0
1 113 0 0
70 113 0 0
75 113 0 0
97 113 0 0
98 113 0 0
101 113 0 0
103 113 0 0
106 113 0 0
107 113 0 0
111 113 0 0
112 113 0 0
69 114 0 0
94 114 0 0
102 114 0 0
1 115 0 0
97 115 0 0
98 115 0 0
103 115 0 0
106 115 0 0
112 115 0 0
113 115 0 0
1 116 0 0
103 116 0 0
106 116 0 0
113 116 0 0
115 116 0 0
1 117 0 0
97 117 0 0
98 117 0 0
101 117 0 0
103 117 0 0
106 117 0 0
107 117 0 0
112 117 0 0
113 117 0 0
115 117 0 0
116 117 0 0
99 118 0 0
100 118 0 0
106 118 0 0
107 118 0 0
108 118 0 0
109 118 0 0
111 118 0 0
112 118 0 0
1 119 0 0
97 119 0 0
98 119 0 0
101 119 0 0
103 119 0 0
106 119 0 0
107 119 0 0
109 119 0 0
111 119 0 0
112 119 0 0
113 119 0 0
115 119 0 0
116 119 0 0
117 119 0 0
95 120 0 0
96 120 0 0
100 120 0 0
104 120 0 0
105 120 0 0
108 120 0 0
110 120 0 0
1 121 0 0
97 121 0 0
98 121 0 0
101 121 0 0
103 121 0 0
106 121 0 0
107 121 0 0
111 121 0 0
112 121 0 0
113 121 0 0
115 121 0 0
116 121 0 0
117 121 0 0
119 121 0 0
1 122 0 0
97 122 0 0
98 122 0 0
103 122 0 0
106 122 0 0
112 122 0 0
113 122 0 0
115 122 0 0
116 122 0 0
117 122 0 0
119 122 0 0
121 122 0 0
99 123 0 0
100 123 0 0
101 123 0 0
106 123 0 0
107 123 0 0
108 123 0 0
109 123 0 0
110 123 0 0
111 123 0 0
112 123 0 0
118 123 0 0
120 123 0 0
95 124 0 0
96 124 0 0
104 124 0 0
105 124 0 0
110 124 0 0
120 124 0 0
99 125 0 0
100 125 0 0
107 125 0 0
108 125 0 0
109 125 0 0
110 125 0 0
111 125 0 0
112 125 0 0
118 125 0 0
120 125 0 0
123 125 0 0
114 126 0 0
115 127 0 0
116 127 0 0
117 127 0 0
119 127 0 0
121 127 0 0
122 127 0 0
126 128 0 0
118 129 0 0
120 129 0 0
124 129 0 0
125 129 0 0
114 130 0 0
126 130 0 0
128 130 0 0
118 131 0 0
124 131 0 0
125 131 0 0
129 131 0 0
115 132 0 0
116 132 0 0
117 132 0 0
127 132 0 0
126 133 0 0
128 133 0 0
130 133 0 0
126 134 0 0
128 134 0 0
130 134 0 0
133 134 0 0
126 135 0 0
128 135 0 0
130 135 0 0
133 135 0 0
134 135 0 0
118 136 0 0
123 136 0 0
125 136 0 0
129 136 0 0
131 136 0 0
120 137 0 0
124 137 0 0
125 137 0 0
129 137 0 0
131 137 0 0
120 138 0 0
124 138 0 0
126 138 0 0
128 138 0 0
130 138 0 0
133 138 0 0
134 138 0 0
135 138 0 0
137 138 0 0
109 139 0 0
118 139 0 0
123 139 0 0
125 139 0 0
129 139 0 0
131 139 0 0
136 139 0 0
118 140 0 0
120 140 0 0
123 140 0 0
124 140 0 0
125 140 0 0
129 140 0 0
131 140 0 0
136 140 0 0
137 140 0 0
139 140 0 0
120 141 0 0
124 141 0 0
128 141 0 0
129 141 0 0
130 141 0 0
133 141 0 0
134 141 0 0
135 141 0 0
137 141 0 0
138 141 0 0
120 142 0 0
124 142 0 0
129 142 0 0
131 142 0 0
135 142 0 0
137 142 0 0
138 142 0 0
140 142 0 0
141 142 0 0
115 143 0 0
117 143 0 0
118 143 0 0
119 143 0 0
121 143 0 0
123 143 0 0
125 143 0 0
127 143 0 0
132 143 0 0
136 143 0 0
139 143 0 0
118 144 0 0
123 144 0 0
125 144 0 0
129 144 0 0
131 144 0 0
136 144 0 0
137 144 0 0
139 144 0 0
140 144 0 0
142 144 0 0
143 144 0 0
120 145 0 0
124 145 0 0
128 145 0 0
129 145 0 0
130 145 0 0
133 145 0 0
134 145 0 0
135 145 0 0
137 145 0 0
138 145 0 0
141 145 0 0
142 145 0 0
126 146 0 0
128 146 0 0
130 146 0 0
133 146 0 0
134 146 0 0
135 146 0 0
138 146 0 0
141 146 0 0
145 146 0 0
120 147 0 0
124 147 0 0
128 147 0 0
130 147 0 0
133 147 0 0
134 147 0 0
135 147 0 0
137 147 0 0
138 147 0 0
141 147 0 0
142 147 0 0
145 147 0 0
146 147 0 0
95 148 0 0
96 148 0 0
104 148 0 0
105 148 0 0
110 148 0 0
120 148 0 0
124 148 0 0
129 148 0 0
131 148 0 0
135 148 0 0
137 148 0 0
138 148 0 0
141 148 0 0
142 148 0 0
145 148 0 0
146 148 0 0
147 148 0 0
96 149 0 0
100 149 0 0
104 149 0 0
105 149 0 0
108 149 0 0
110 149 0 0
118 149 0 0
120 149 0 0
123 149 0 0
124 149 0 0
125 149 0 0
129 149 0 0
131 149 0 0
137 149 0 0
138 149 0 0
140 149 0 0
141 149 0 0
142 149 0 0
144 149 0 0
145 149 0 0
147 149 0 0
148 149 0 0
106 150 0 0
112 150 0 0
113 150 0 0
115 150 0 0
116 150 0 0
117 150 0 0
118 150 0 0
119 150 0 0
121 150 0 0
122 150 0 0
127 150 0 0
132 150 0 0
139 150 0 0
143 150 0 0
102 151 0 0
114 151 0 0
126 151 0 0
128 151 0 0
130 151 0 0
133 151 0 0
134 151 0 0
135 151 0 0
138 151 0 0
141 151 0 0
142 151 0 0
145 151 0 0
146 151 0 0
147 151 0 0
148 151 0 0
105 152 0 0
108 152 0 0
110 152 0 0
118 152 0 0
120 152 0 0
123 152 0 0
124 152 0 0
125 152 0 0
129 152 0 0
131 152 0 0
136 152 0 0
137 152 0 0
139 152 0 0
140 152 0 0
141 152 0 0
142 152 0 0
144 152 0 0
145 152 0 0
147 152 0 0
148 152 0 0
149 152 0 0
107 153 0 0
108 153 0 0
109 153 0 0
118 153 0 0
123 153 0 0
125 153 0 0
129 153 0 0
131 153 0 0
136 153 0 0
139 153 0 0
140 153 0 0
143 153 0 0
144 153 0 0
149 153 0 0
150 153 0 0
152 153 0 0
105 154 0 0
110 154 0 0
118 154 0 0
120 154 0 0
123 154 0 0
124 154 0 0
125 154 0 0
129 154 0 0
131 154 0 0
136 154 0 0
137 154 0 0
139 154 0 0
140 154 0 0
141 154 0 0
142 154 0 0
144 154 0 0
145 154 0 0
148 154 0 0
149 154 0 0
152 154 0 0
153 154 0 0
67 155 0 0
72 155 0 0
77 155 0 0
94 155 0 0
95 155 0 0
96 155 0 0
102 155 0 0
104 155 0 0
105 155 0 0
110 155 0 0
120 155 0 0
124 155 0 0
138 155 0 0
141 155 0 0
142 155 0 0
147 155 0 0
148 155 0 0
149 155 0 0
151 155 0 0
152 155 0 0
1 156 0 0
97 156 0 0
98 156 0 0
99 156 0 0
101 156 0 0
103 156 0 0
106 156 0 0
107 156 0 0
109 156 0 0
111 156 0 0
112 156 0 0
113 156 0 0
115 156 0 0
116 156 0 0
117 156 0 0
119 156 0 0
121 156 0 0
122 156 0 0
150 156 0 0
68 157 0 0
73 157 0 0
74 157 0 0
96 157 0 0
99 157 0 0
100 157 0 0
104 157 0 0
105 157 0 0
107 157 0 0
108 157 0 0
109 157 0 0
110 157 0 0
111 157 0 0
112 157 0 0
118 157 0 0
120 157 0 0
123 157 0 0
124 157 0 0
125 157 0 0
139 157 0 0
140 157 0 0
144 157 0 0
149 157 0 0
152 157 0 0
153 157 0 0
154 157 0 0
155 157 0 0
67 158 0 0
71 158 0 0
72 158 0 0
73 158 0 0
77 158 0 0
92 158 0 0
94 158 0 0
95 158 0 0
96 158 0 0
100 158 0 0
102 158 0 0
104 158 0 0
105 158 0 0
110 158 0 0
120 158 0 0
124 158 0 0
129 158 0 0
137 158 0 0
138 158 0 0
141 158 0 0
142 158 0 0
145 158 0 0
147 158 0 0
148 158 0 0
149 158 0 0
151 158 0 0
152 158 0 0
154 158 0 0
155 158 0 0
157 158 0 0
68 159 0 0
96 159 0 0
98 159 0 0
99 159 0 0
100 159 0 0
101 159 0 0
105 159 0 0
106 159 0 0
107 159 0 0
108 159 0 0
109 159 0 0
110 159 0 0
111 159 0 0
112 159 0 0
118 159 0 0
120 159 0 0
123 159 0 0
125 159 0 0
139 159 0 0
140 159 0 0
144 159 0 0
149 159 0 0
152 159 0 0
153 159 0 0
154 159 0 0
156 159 0 0
157 159 0 0
68 160 0 0
73 160 0 0
96 160 0 0
99 160 0 0
100 160 0 0
104 160 0 0
105 160 0 0
107 160 0 0
108 160 0 0
109 160 0 0
110 160 0 0
111 160 0 0
118 160 0 0
120 160 0 0
123 160 0 0
124 160 0 0
125 160 0 0
140 160 0 0
148 160 0 0
149 160 0 0
152 160 0 0
153 160 0 0
154 160 0 0
155 160 0 0
157 160 0 0
158 160 0 0
159 160 0 0
1 161 0 0
97 161 0 0
98 161 0 0
101 161 0 0
103 161 0 0
106 161 0 0
112 161 0 0
113 161 0 0
115 161 0 0
116 161 0 0
117 161 0 0
119 161 0 0
121 161 0 0
122 161 0 0
150 161 0 0
156 161 0 0
1 162 0 0
97 162 0 0
98 162 0 0
103 162 0 0
106 162 0 0
113 162 0 0
115 162 0 0
116 162 0 0
117 162 0 0
119 162 0 0
121 162 0 0
122 162 0 0
150 162 0 0
156 162 0 0
161 162 0 0
1 163 0 0
68 163 0 0
97 163 0 0
98 163 0 0
99 163 0 0
100 163 0 0
101 163 0 0
103 163 0 0
106 163 0 0
107 163 0 0
108 163 0 0
109 163 0 0
111 163 0 0
112 163 0 0
117 163 0 0
118 163 0 0
119 163 0 0
121 163 0 0
123 163 0 0
125 163 0 0
139 163 0 0
140 163 0 0
143 163 0 0
144 163 0 0
150 163 0 0
153 163 0 0
156 163 0 0
157 163 0 0
159 163 0 0
160 163 0 0
1 164 0 0
97 164 0 0
98 164 0 0
99 164 0 0
101 164 0 0
103 164 0 0
106 164 0 0
107 164 0 0
109 164 0 0
111 164 0 0
112 164 0 0
113 164 0 0
115 164 0 0
116 164 0 0
117 164 0 0
118 164 0 0
119 164 0 0
121 164 0 0
122 164 0 0
123 164 0 0
150 164 0 0
156 164 0 0
159 164 0 0
161 164 0 0
162 164 0 0
163 164 0 0
96 165 0 0
99 165 0 0
100 165 0 0
104 165 0 0
105 165 0 0
108 165 0 0
110 165 0 0
118 165 0 0
120 165 0 0
123 165 0 0
124 165 0 0
125 165 0 0
129 165 0 0
137 165 0 0
140 165 0 0
142 165 0 0
148 165 0 0
149 165 0 0
152 165 0 0
154 165 0 0
155 165 0 0
157 165 0 0
158 165 0 0
159 165 0 0
160 165 0 0
68 166 0 0
98 166 0 0
99 166 0 0
100 166 0 0
101 166 0 0
103 166 0 0
106 166 0 0
107 166 0 0
108 166 0 0
109 166 0 0
110 166 0 0
111 166 0 0
112 166 0 0
118 166 0 0
123 166 0 0
125 166 0 0
139 166 0 0
140 166 0 0
143 166 0 0
144 166 0 0
149 166 0 0
152 166 0 0
153 166 0 0
154 166 0 0
156 166 0 0
157 166 0 0
159 166 0 0
160 166 0 0
163 166 0 0
164 166 0 0
165 166 0 0
68 167 0 0
96 167 0 0
99 167 0 0
100 167 0 0
101 167 0 0
105 167 0 0
106 167 0 0
107 167 0 0
108 167 0 0
109 167 0 0
110 167 0 0
111 167 0 0
112 167 0 0
118 167 0 0
120 167 0 0
123 167 0 0
124 167 0 0
125 167 0 0
129 167 0 0
131 167 0 0
137 167 0 0
139 167 0 0
140 167 0 0
144 167 0 0
149 167 0 0
152 167 0 0
153 167 0 0
154 167 0 0
157 167 0 0
158 167 0 0
159 167 0 0
160 167 0 0
163 167 0 0
165 167 0 0
166 167 0 0
68 168 0 0
96 168 0 0
99 168 0 0
100 168 0 0
104 168 0 0
105 168 0 0
107 168 0 0
108 168 0 0
109 168 0 0
110 168 0 0
111 168 0 0
118 168 0 0
120 168 0 0
123 168 0 0
124 168 0 0
125 168 0 0
129 168 0 0
131 168 0 0
136 168 0 0
137 168 0 0
139 168 0 0
140 168 0 0
142 168 0 0
144 168 0 0
148 168 0 0
149 168 0 0
152 168 0 0
153 168 0 0
154 168 0 0
155 168 0 0
157 168 0 0
158 168 0 0
159 168 0 0
160 168 0 0
163 168 0 0
165 168 0 0
166 168 0 0
167 168 0 0
36 169 0 0
50 169 0 0
54 169 0 0
67 169 0 0
69 169 0 0
71 169 0 0
72 169 0 0
76 169 0 0
77 169 0 0
78 169 0 0
79 169 0 0
83 169 0 0
84 169 0 0
85 169 0 0
86 169 0 0
88 169 0 0
91 169 0 0
92 169 0 0
94 169 0 0
95 169 0 0
96 169 0 0
102 169 0 0
104 169 0 0
105 169 0 0
110 169 0 0
114 169 0 0
120 169 0 0
155 169 0 0
158 169 0 0
1 170 0 0
66 170 0 0
68 170 0 0
75 170 0 0
81 170 0 0
90 170 0 0
97 170 0 0
98 170 0 0
99 170 0 0
100 170 0 0
101 170 0 0
103 170 0 0
106 170 0 0
107 170 0 0
108 170 0 0
109 170 0 0
111 170 0 0
112 170 0 0
113 170 0 0
156 170 0 0
157 170 0 0
159 170 0 0
163 170 0 0
164 170 0 0
166 170 0 0
167 170 0 0
1 171 0 0
66 171 0 0
68 171 0 0
73 171 0 0
74 171 0 0
90 171 0 0
93 171 0 0
97 171 0 0
98 171 0 0
99 171 0 0
100 171 0 0
101 171 0 0
103 171 0 0
106 171 0 0
107 171 0 0
108 171 0 0
109 171 0 0
110 171 0 0
111 171 0 0
112 171 0 0
118 171 0 0
123 171 0 0
125 171 0 0
156 171 0 0
157 171 0 0
159 171 0 0
160 171 0 0
163 171 0 0
164 171 0 0
166 171 0 0
167 171 0 0
168 171 0 0
170 171 0 0
67 172 0 0
71 172 0 0
72 172 0 0
73 172 0 0
77 172 0 0
78 172 0 0
84 172 0 0
91 172 0 0
92 172 0 0
94 172 0 0
95 172 0 0
96 172 0 0
102 172 0 0
104 172 0 0
105 172 0 0
110 172 0 0
120 172 0 0
124 172 0 0
148 172 0 0
149 172 0 0
155 172 0 0
157 172 0 0
158 172 0 0
160 172 0 0
165 172 0 0
169 172 0 0
1 173 0 0
66 173 0 0
70 173 0 0
75 173 0 0
80 173 0 0
81 173 0 0
89 173 0 0
97 173 0 0
98 173 0 0
99 173 0 0
101 173 0 0
103 173 0 0
106 173 0 0
107 173 0 0
109 173 0 0
111 173 0 0
112 173 0 0
113 173 0 0
119 173 0 0
121 173 0 0
122 173 0 0
156 173 0 0
161 173 0 0
162 173 0 0
163 173 0 0
164 173 0 0
170 173 0 0
171 173 0 0
4 174 0 1
8 174 0 1
11 174 0 1
16 174 0 1
17 174 0 1
18 174 0 1
19 174 0 1
56 174 0 1
4 175 0 1
8 175 0 1
11 175 0 1
15 175 0 1
16 175 0 1
17 175 0 1
18 175 0 1
19 175 0 1
20 175 0 1
31 175 0 1
56 175 0 1
61 175 0 1
4 176 0 1
5 176 0 1
8 176 0 1
11 176 0 1
15 176 0 1
16 176 0 1
18 176 0 1
19 176 0 1
20 176 0 1
21 176 0 1
29 176 0 1
32 176 0 1
61 176 0 1
62 176 0 1
4 177 0 1
5 177 0 1
7 177 0 1
11 177 0 1
15 177 0 1
16 177 0 1
20 177 0 1
21 177 0 1
22 177 0 1
27 177 0 1
29 177 0 1
34 177 0 1
59 177 0 1
62 177 0 1
63 177 0 1
6 178 0 1
7 178 0 1
9 178 0 1
10 178 0 1
12 178 0 1
13 178 0 1
14 178 0 1
22 178 0 1
23 178 0 1
24 178 0 1
25 178 0 1
26 178 0 1
27 178 0 1
28 178 0 1
58 178 0 1
60 178 0 1
65 178 0 1
2 179 0 1
3 179 0 1
6 179 0 1
9 179 0 1
10 179 0 1
12 179 0 1
13 179 0 1
14 179 0 1
24 179 0 1
25 179 0 1
26 179 0 1
28 179 0 1
33 179 0 1
35 179 0 1
38 179 0 1
43 179 0 1
46 179 0 1
55 179 0 1
60 179 0 1
65 179 0 1
2 180 0 1
3 180 0 1
6 180 0 1
7 180 0 1
9 180 0 1
10 180 0 1
12 180 0 1
13 180 0 1
14 180 0 1
23 180 0 1
24 180 0 1
25 180 0 1
26 180 0 1
28 180 0 1
55 180 0 1
58 180 0 1
60 180 0 1
65 180 0 1
3 181 0 1
6 181 0 1
7 181 0 1
9 181 0 1
10 181 0 1
12 181 0 1
13 181 0 1
14 181 0 1
23 181 0 1
24 181 0 1
25 181 0 1
26 181 0 1
27 181 0 1
28 181 0 1
33 181 0 1
35 181 0 1
41 181 0 1
58 181 0 1
60 181 0 1
64 181 0 1
65 181 0 1
5 182 0 1
6 182 0 1
7 182 0 1
9 182 0 1
10 182 0 1
13 182 0 1
14 182 0 1
15 182 0 1
21 182 0 1
22 182 0 1
23 182 0 1
24 182 0 1
25 182 0 1
26 182 0 1
27 182 0 1
28 182 0 1
41 182 0 1
57 182 0 1
58 182 0 1
59 182 0 1
60 182 0 1
64 182 0 1
65 182 0 1
4 183 0 1
5 183 0 1
8 183 0 1
11 183 0 1
15 183 0 1
16 183 0 1
17 183 0 1
18 183 0 1
19 183 0 1
20 183 0 1
21 183 0 1
29 183 0 1
31 183 0 1
32 183 0 1
56 183 0 1
61 183 0 1
62 183 0 1
4 184 0 1
8 184 0 1
11 184 0 1
16 184 0 1
17 184 0 1
18 184 0 1
19 184 0 1
30 184 0 1
31 184 0 1
39 184 0 1
44 184 0 1
50 184 0 1
56 184 0 1
61 184 0 1
4 185 0 1
5 185 0 1
7 185 0 1
11 185 0 1
15 185 0 1
16 185 0 1
18 185 0 1
20 185 0 1
21 185 0 1
22 185 0 1
27 185 0 1
29 185 0 1
32 185 0 1
34 185 0 1
42 185 0 1
45 185 0 1
57 185 0 1
59 185 0 1
62 185 0 1
63 185 0 1
4 186 0 1
5 186 0 1
8 186 0 1
11 186 0 1
15 186 0 1
16 186 0 1
18 186 0 1
19 186 0 1
20 186 0 1
21 186 0 1
22 186 0 1
29 186 0 1
32 186 0 1
34 186 0 1
42 186 0 1
45 186 0 1
59 186 0 1
61 186 0 1
62 186 0 1
63 186 0 1
6 187 0 1
7 187 0 1
9 187 0 1
10 187 0 1
13 187 0 1
14 187 0 1
22 187 0 1
23 187 0 1
24 187 0 1
25 187 0 1
26 187 0 1
27 187 0 1
28 187 0 1
41 187 0 1
57 187 0 1
58 187 0 1
59 187 0 1
60 187 0 1
64 187 0 1
65 187 0 1
5 188 0 1
7 188 0 1
15 188 0 1
20 188 0 1
21 188 0 1
22 188 0 1
23 188 0 1
27 188 0 1
29 188 0 1
34 188 0 1
41 188 0 1
42 188 0 1
57 188 0 1
58 188 0 1
59 188 0 1
62 188 0 1
63 188 0 1
64 188 0 1
5 189 0 1
7 189 0 1
15 189 0 1
20 189 0 1
21 189 0 1
22 189 0 1
23 189 0 1
27 189 0 1
29 189 0 1
41 189 0 1
42 189 0 1
57 189 0 1
58 189 0 1
59 189 0 1
63 189 0 1
64 189 0 1
5 190 0 1
7 190 0 1
9 190 0 1
15 190 0 1
20 190 0 1
21 190 0 1
22 190 0 1
23 190 0 1
27 190 0 1
29 190 0 1
41 190 0 1
42 190 0 1
48 190 0 1
57 190 0 1
58 190 0 1
59 190 0 1
63 190 0 1
64 190 0 1
4 191 0 1
5 191 0 1
8 191 0 1
11 191 0 1
15 191 0 1
16 191 0 1
18 191 0 1
19 191 0 1
20 191 0 1
21 191 0 1
22 191 0 1
29 191 0 1
31 191 0 1
32 191 0 1
34 191 0 1
42 191 0 1
44 191 0 1
45 191 0 1
61 191 0 1
62 191 0 1
63 191 0 1
2 192 0 1
3 192 0 1
6 192 0 1
9 192 0 1
10 192 0 1
12 192 0 1
13 192 0 1
14 192 0 1
24 192 0 1
25 192 0 1
26 192 0 1
28 192 0 1
33 192 0 1
35 192 0 1
38 192 0 1
43 192 0 1
46 192 0 1
55 192 0 1
60 192 0 1
65 192 0 1
87 192 0 1
4 193 0 1
8 193 0 1
11 193 0 1
15 193 0 1
16 193 0 1
17 193 0 1
18 193 0 1
19 193 0 1
20 193 0 1
21 193 0 1
29 193 0 1
30 193 0 1
31 193 0 1
32 193 0 1
34 193 0 1
39 193 0 1
40 193 0 1
44 193 0 1
45 193 0 1
49 193 0 1
54 193 0 1
56 193 0 1
61 193 0 1
62 193 0 1
4 194 0 1
8 194 0 1
11 194 0 1
16 194 0 1
17 194 0 1
18 194 0 1
19 194 0 1
20 194 0 1
30 194 0 1
31 194 0 1
32 194 0 1
39 194 0 1
40 194 0 1
44 194 0 1
49 194 0 1
56 194 0 1
61 194 0 1
3 195 0 1
6 195 0 1
7 195 0 1
9 195 0 1
10 195 0 1
12 195 0 1
13 195 0 1
14 195 0 1
23 195 0 1
24 195 0 1
25 195 0 1
26 195 0 1
28 195 0 1
33 195 0 1
35 195 0 1
41 195 0 1
43 195 0 1
46 195 0 1
47 195 0 1
55 195 0 1
58 195 0 1
60 195 0 1
64 195 0 1
65 195 0 1
4 196 0 1
5 196 0 1
7 196 0 1
8 196 0 1
11 196 0 1
15 196 0 1
16 196 0 1
18 196 0 1
20 196 0 1
21 196 0 1
22 196 0 1
27 196 0 1
29 196 0 1
32 196 0 1
34 196 0 1
42 196 0 1
45 196 0 1
48 196 0 1
49 196 0 1
51 196 0 1
52 196 0 1
57 196 0 1
59 196 0 1
61 196 0 1
62 196 0 1
63 196 0 1
64 196 0 1
2 197 0 1
3 197 0 1
6 197 0 1
9 197 0 1
10 197 0 1
12 197 0 1
13 197 0 1
14 197 0 1
23 197 0 1
24 197 0 1
25 197 0 1
26 197 0 1
28 197 0 1
33 197 0 1
35 197 0 1
38 197 0 1
43 197 0 1
46 197 0 1
55 197 0 1
60 197 0 1
65 197 0 1
87 197 0 1
6 198 0 1
7 198 0 1
9 198 0 1
10 198 0 1
13 198 0 1
14 198 0 1
22 198 0 1
23 198 0 1
24 198 0 1
25 198 0 1
26 198 0 1
27 198 0 1
28 198 0 1
35 198 0 1
41 198 0 1
46 198 0 1
47 198 0 1
57 198 0 1
58 198 0 1
59 198 0 1
60 198 0 1
64 198 0 1
65 198 0 1
4 199 0 1
8 199 0 1
11 199 0 1
15 199 0 1
16 199 0 1
17 199 0 1
18 199 0 1
19 199 0 1
20 199 0 1
21 199 0 1
29 199 0 1
30 199 0 1
31 199 0 1
32 199 0 1
34 199 0 1
39 199 0 1
40 199 0 1
44 199 0 1
45 199 0 1
49 199 0 1
51 199 0 1
54 199 0 1
56 199 0 1
61 199 0 1
62 199 0 1
63 199 0 1
6 200 0 1
9 200 0 1
10 200 0 1
12 200 0 1
13 200 0 1
14 200 0 1
23 200 0 1
24 200 0 1
25 200 0 1
26 200 0 1
28 200 0 1
33 200 0 1
35 200 0 1
38 200 0 1
41 200 0 1
43 200 0 1
46 200 0 1
47 200 0 1
55 200 0 1
58 200 0 1
60 200 0 1
64 200 0 1
65 200 0 1
81 200 0 1
87 200 0 1
7 201 0 1
9 201 0 1
10 201 0 1
14 201 0 1
22 201 0 1
23 201 0 1
24 201 0 1
26 201 0 1
27 201 0 1
28 201 0 1
35 201 0 1
37 201 0 1
41 201 0 1
46 201 0 1
47 201 0 1
48 201 0 1
53 201 0 1
57 201 0 1
58 201 0 1
59 201 0 1
60 201 0 1
64 201 0 1
65 201 0 1
82 201 0 1
90 201 0 1
93 201 0 1
8 202 0 1
17 202 0 1
18 202 0 1
19 202 0 1
30 202 0 1
31 202 0 1
36 202 0 1
39 202 0 1
40 202 0 1
44 202 0 1
49 202 0 1
50 202 0 1
54 202 0 1
56 202 0 1
61 202 0 1
76 202 0 1
79 202 0 1
83 202 0 1
86 202 0 1
88 202 0 1
7 203 0 1
9 203 0 1
10 203 0 1
22 203 0 1
23 203 0 1
24 203 0 1
26 203 0 1
27 203 0 1
28 203 0 1
35 203 0 1
37 203 0 1
41 203 0 1
43 203 0 1
46 203 0 1
47 203 0 1
48 203 0 1
53 203 0 1
57 203 0 1
58 203 0 1
59 203 0 1
60 203 0 1
64 203 0 1
65 203 0 1
66 203 0 1
73 203 0 1
74 203 0 1
82 203 0 1
90 203 0 1
93 203 0 1
1 204 0 1
10 204 0 1
12 204 0 1
24 204 0 1
25 204 0 1
26 204 0 1
28 204 0 1
33 204 0 1
35 204 0 1
38 204 0 1
43 204 0 1
46 204 0 1
55 204 0 1
60 204 0 1
65 204 0 1
70 204 0 1
75 204 0 1
80 204 0 1
81 204 0 1
87 204 0 1
89 204 0 1
9 205 0 1
10 205 0 1
14 205 0 1
23 205 0 1
24 205 0 1
25 205 0 1
26 205 0 1
28 205 0 1
33 205 0 1
35 205 0 1
37 205 0 1
38 205 0 1
41 205 0 1
43 205 0 1
46 205 0 1
47 205 0 1
53 205 0 1
55 205 0 1
58 205 0 1
60 205 0 1
64 205 0 1
65 205 0 1
66 205 0 1
81 205 0 1
87 205 0 1
89 205 0 1
90 205 0 1
93 205 0 1
10 206 0 1
12 206 0 1
24 206 0 1
25 206 0 1
26 206 0 1
28 206 0 1
33 206 0 1
35 206 0 1
38 206 0 1
43 206 0 1
46 206 0 1
55 206 0 1
60 206 0 1
65 206 0 1
70 206 0 1
75 206 0 1
80 206 0 1
81 206 0 1
87 206 0 1
89 206 0 1
8 207 0 1
11 207 0 1
16 207 0 1
17 207 0 1
18 207 0 1
19 207 0 1
30 207 0 1
31 207 0 1
32 207 0 1
36 207 0 1
39 207 0 1
40 207 0 1
44 207 0 1
49 207 0 1
50 207 0 1
54 207 0 1
56 207 0 1
61 207 0 1
79 207 0 1
83 207 0 1
86 207 0 1
88 207 0 1
92 207 0 1
4 208 0 1
8 208 0 1
11 208 0 1
16 208 0 1
17 208 0 1
18 208 0 1
19 208 0 1
20 208 0 1
21 208 0 1
29 208 0 1
30 208 0 1
31 208 0 1
32 208 0 1
34 208 0 1
36 208 0 1
39 208 0 1
40 208 0 1
42 208 0 1
44 208 0 1
45 208 0 1
49 208 0 1
50 208 0 1
51 208 0 1
52 208 0 1
54 208 0 1
56 208 0 1
61 208 0 1
62 208 0 1
63 208 0 1
71 208 0 1
72 208 0 1
79 208 0 1
83 208 0 1
85 208 0 1
86 208 0 1
88 208 0 1
91 208 0 1
92 208 0 1
2 209 0 1
3 209 0 1
6 209 0 1
9 209 0 1
10 209 0 1
12 209 0 1
13 209 0 1
14 209 0 1
24 209 0 1
25 209 0 1
26 209 0 1
28 209 0 1
33 209 0 1
35 209 0 1
38 209 0 1
43 209 0 1
46 209 0 1
55 209 0 1
60 209 0 1
65 209 0 1
80 209 0 1
81 209 0 1
87 209 0 1
89 209 0 1
2 210 0 1
3 210 0 1
10 210 0 1
12 210 0 1
13 210 0 1
24 210 0 1
25 210 0 1
26 210 0 1
28 210 0 1
33 210 0 1
35 210 0 1
38 210 0 1
43 210 0 1
46 210 0 1
55 210 0 1
60 210 0 1
65 210 0 1
75 210 0 1
80 210 0 1
81 210 0 1
87 210 0 1
89 210 0 1
2 211 0 1
3 211 0 1
10 211 0 1
12 211 0 1
13 211 0 1
25 211 0 1
26 211 0 1
28 211 0 1
33 211 0 1
35 211 0 1
38 211 0 1
43 211 0 1
46 211 0 1
55 211 0 1
60 211 0 1
65 211 0 1
80 211 0 1
81 211 0 1
87 211 0 1
89 211 0 1
6 212 0 1
7 212 0 1
9 212 0 1
10 212 0 1
12 212 0 1
13 212 0 1
14 212 0 1
22 212 0 1
23 212 0 1
24 212 0 1
25 212 0 1
26 212 0 1
27 212 0 1
28 212 0 1
33 212 0 1
35 212 0 1
37 212 0 1
38 212 0 1
41 212 0 1
43 212 0 1
46 212 0 1
47 212 0 1
48 212 0 1
53 212 0 1
55 212 0 1
57 212 0 1
58 212 0 1
59 212 0 1
60 212 0 1
64 212 0 1
65 212 0 1
66 212 0 1
81 212 0 1
82 212 0 1
87 212 0 1
90 212 0 1
93 212 0 1
4 213 0 1
5 213 0 1
7 213 0 1
15 213 0 1
16 213 0 1
18 213 0 1
20 213 0 1
21 213 0 1
22 213 0 1
27 213 0 1
29 213 0 1
31 213 0 1
32 213 0 1
34 213 0 1
42 213 0 1
44 213 0 1
45 213 0 1
48 213 0 1
49 213 0 1
51 213 0 1
52 213 0 1
53 213 0 1
54 213 0 1
57 213 0 1
59 213 0 1
61 213 0 1
62 213 0 1
63 213 0 1
64 213 0 1
78 213 0 1
82 213 0 1
84 213 0 1
85 213 0 1
86 213 0 1
91 213 0 1
92 213 0 1
4 214 0 1
8 214 0 1
11 214 0 1
16 214 0 1
17 214 0 1
18 214 0 1
19 214 0 1
20 214 0 1
21 214 0 1
29 214 0 1
30 214 0 1
31 214 0 1
32 214 0 1
34 214 0 1
36 214 0 1
39 214 0 1
40 214 0 1
42 214 0 1
44 214 0 1
45 214 0 1
49 214 0 1
50 214 0 1
51 214 0 1
52 214 0 1
54 214 0 1
56 214 0 1
61 214 0 1
62 214 0 1
63 214 0 1
79 214 0 1
83 214 0 1
85 214 0 1
86 214 0 1
88 214 0 1
91 214 0 1
92 214 0 1
15 215 0 1
16 215 0 1
18 215 0 1
20 215 0 1
21 215 0 1
22 215 0 1
27 215 0 1
29 215 0 1
31 215 0 1
32 215 0 1
34 215 0 1
40 215 0 1
42 215 0 1
44 215 0 1
45 215 0 1
48 215 0 1
49 215 0 1
51 215 0 1
52 215 0 1
54 215 0 1
57 215 0 1
59 215 0 1
61 215 0 1
62 215 0 1
63 215 0 1
72 215 0 1
78 215 0 1
82 215 0 1
84 215 0 1
85 215 0 1
86 215 0 1
91 215 0 1
92 215 0 1
5 216 0 1
7 216 0 1
15 216 0 1
20 216 0 1
21 216 0 1
22 216 0 1
23 216 0 1
27 216 0 1
29 216 0 1
32 216 0 1
34 216 0 1
37 216 0 1
41 216 0 1
42 216 0 1
45 216 0 1
47 216 0 1
48 216 0 1
51 216 0 1
52 216 0 1
53 216 0 1
57 216 0 1
58 216 0 1
59 216 0 1
62 216 0 1
63 216 0 1
64 216 0 1
73 216 0 1
78 216 0 1
82 216 0 1
84 216 0 1
85 216 0 1
90 216 0 1
91 216 0 1
93 216 0 1
2 217 0 1
3 217 0 1
6 217 0 1
9 217 0 1
10 217 0 1
12 217 0 1
13 217 0 1
14 217 0 1
24 217 0 1
25 217 0 1
26 217 0 1
28 217 0 1
33 217 0 1
35 217 0 1
38 217 0 1
43 217 0 1
46 217 0 1
55 217 0 1
60 217 0 1
65 217 0 1
80 217 0 1
81 217 0 1
87 217 0 1
4 218 0 1
8 218 0 1
11 218 0 1
16 218 0 1
17 218 0 1
18 218 0 1
19 218 0 1
20 218 0 1
21 218 0 1
29 218 0 1
30 218 0 1
31 218 0 1
32 218 0 1
34 218 0 1
36 218 0 1
39 218 0 1
40 218 0 1
44 218 0 1
45 218 0 1
49 218 0 1
50 218 0 1
51 218 0 1
54 218 0 1
56 218 0 1
61 218 0 1
62 218 0 1
79 218 0 1
83 218 0 1
85 218 0 1
86 218 0 1
88 218 0 1
92 218 0 1
6 219 0 1
7 219 0 1
9 219 0 1
10 219 0 1
12 219 0 1
13 219 0 1
14 219 0 1
23 219 0 1
24 219 0 1
25 219 0 1
26 219 0 1
27 219 0 1
28 219 0 1
33 219 0 1
35 219 0 1
38 219 0 1
41 219 0 1
43 219 0 1
46 219 0 1
47 219 0 1
55 219 0 1
58 219 0 1
60 219 0 1
64 219 0 1
65 219 0 1
87 219 0 1
4 220 0 1
5 220 0 1
8 220 0 1
11 220 0 1
15 220 0 1
16 220 0 1
18 220 0 1
19 220 0 1
20 220 0 1
21 220 0 1
29 220 0 1
31 220 0 1
32 220 0 1
34 220 0 1
39 220 0 1
40 220 0 1
42 220 0 1
44 220 0 1
45 220 0 1
49 220 0 1
51 220 0 1
52 220 0 1
54 220 0 1
56 220 0 1
61 220 0 1
62 220 0 1
63 220 0 1
4 221 0 1
8 221 0 1
11 221 0 1
16 221 0 1
17 221 0 1
18 221 0 1
19 221 0 1
20 221 0 1
21 221 0 1
29 221 0 1
30 221 0 1
31 221 0 1
32 221 0 1
34 221 0 1
36 221 0 1
39 221 0 1
40 221 0 1
44 221 0 1
45 221 0 1
49 221 0 1
50 221 0 1
51 221 0 1
54 221 0 1
56 221 0 1
61 221 0 1
62 221 0 1
83 221 0 1
86 221 0 1
4 222 0 1
8 222 0 1
11 222 0 1
15 222 0 1
16 222 0 1
17 222 0 1
18 222 0 1
19 222 0 1
20 222 0 1
21 222 0 1
29 222 0 1
30 222 0 1
31 222 0 1
32 222 0 1
34 222 0 1
36 222 0 1
39 222 0 1
40 222 0 1
42 222 0 1
44 222 0 1
45 222 0 1
49 222 0 1
51 222 0 1
52 222 0 1
54 222 0 1
56 222 0 1
61 222 0 1
62 222 0 1
63 222 0 1
83 222 0 1
85 222 0 1
86 222 0 1
4 223 0 1
5 223 0 1
7 223 0 1
11 223 0 1
15 223 0 1
16 223 0 1
18 223 0 1
20 223 0 1
21 223 0 1
22 223 0 1
27 223 0 1
29 223 0 1
32 223 0 1
34 223 0 1
42 223 0 1
44 223 0 1
45 223 0 1
48 223 0 1
49 223 0 1
51 223 0 1
52 223 0 1
57 223 0 1
59 223 0 1
61 223 0 1
62 223 0 1
63 223 0 1
84 223 0 1
85 223 0 1
2 224 0 1
3 224 0 1
6 224 0 1
9 224 0 1
10 224 0 1
12 224 0 1
13 224 0 1
14 224 0 1
23 224 0 1
24 224 0 1
25 224 0 1
26 224 0 1
28 224 0 1
33 224 0 1
35 224 0 1
38 224 0 1
41 224 0 1
43 224 0 1
46 224 0 1
47 224 0 1
55 224 0 1
58 224 0 1
60 224 0 1
64 224 0 1
65 224 0 1
87 224 0 1
4 225 0 1
5 225 0 1
8 225 0 1
11 225 0 1
15 225 0 1
16 225 0 1
18 225 0 1
19 225 0 1
20 225 0 1
21 225 0 1
22 225 0 1
27 225 0 1
29 225 0 1
31 225 0 1
32 225 0 1
34 225 0 1
40 225 0 1
42 225 0 1
44 225 0 1
45 225 0 1
49 225 0 1
51 225 0 1
52 225 0 1
54 225 0 1
59 225 0 1
61 225 0 1
62 225 0 1
63 225 0 1
85 225 0 1
4 226 0 1
8 226 0 1
11 226 0 1
16 226 0 1
17 226 0 1
18 226 0 1
19 226 0 1
20 226 0 1
30 226 0 1
31 226 0 1
32 226 0 1
36 226 0 1
39 226 0 1
40 226 0 1
44 226 0 1
45 226 0 1
49 226 0 1
50 226 0 1
54 226 0 1
56 226 0 1
61 226 0 1
83 226 0 1
5 227 0 1
7 227 0 1
9 227 0 1
10 227 0 1
14 227 0 1
15 227 0 1
21 227 0 1
22 227 0 1
23 227 0 1
24 227 0 1
27 227 0 1
28 227 0 1
29 227 0 1
37 227 0 1
41 227 0 1
42 227 0 1
47 227 0 1
48 227 0 1
53 227 0 1
57 227 0 1
58 227 0 1
59 227 0 1
63 227 0 1
64 227 0 1
5 228 0 1
7 228 0 1
15 228 0 1
20 228 0 1
21 228 0 1
22 228 0 1
23 228 0 1
27 228 0 1
29 228 0 1
32 228 0 1
34 228 0 1
41 228 0 1
42 228 0 1
45 228 0 1
48 228 0 1
51 228 0 1
52 228 0 1
53 228 0 1
57 228 0 1
58 228 0 1
59 228 0 1
62 228 0 1
63 228 0 1
64 228 0 1
84 228 0 1
4 229 0 1
8 229 0 1
11 229 0 1
16 229 0 1
17 229 0 1
18 229 0 1
19 229 0 1
20 229 0 1
30 229 0 1
31 229 0 1
32 229 0 1
36 229 0 1
39 229 0 1
40 229 0 1
44 229 0 1
45 229 0 1
49 229 0 1
50 229 0 1
54 229 0 1
56 229 0 1
61 229 0 1
79 229 0 1
83 229 0 1
86 229 0 1
4 230 0 1
5 230 0 1
8 230 0 1
11 230 0 1
15 230 0 1
16 230 0 1
18 230 0 1
19 230 0 1
20 230 0 1
21 230 0 1
29 230 0 1
30 230 0 1
31 230 0 1
32 230 0 1
34 230 0 1
36 230 0 1
39 230 0 1
40 230 0 1
42 230 0 1
44 230 0 1
45 230 0 1
49 230 0 1
51 230 0 1
52 230 0 1
54 230 0 1
56 230 0 1
61 230 0 1
62 230 0 1
63 230 0 1
83 230 0 1
85 230 0 1
86 230 0 1
2 231 0 1
3 231 0 1
6 231 0 1
9 231 0 1
10 231 0 1
12 231 0 1
13 231 0 1
14 231 0 1
24 231 0 1
25 231 0 1
26 231 0 1
28 231 0 1
33 231 0 1
35 231 0 1
38 231 0 1
43 231 0 1
46 231 0 1
55 231 0 1
60 231 0 1
65 231 0 1
80 231 0 1
81 231 0 1
87 231 0 1
89 231 0 1
5 232 0 1
7 232 0 1
15 232 0 1
20 232 0 1
21 232 0 1
22 232 0 1
23 232 0 1
27 232 0 1
29 232 0 1
32 232 0 1
34 232 0 1
37 232 0 1
41 232 0 1
42 232 0 1
45 232 0 1
48 232 0 1
49 232 0 1
51 232 0 1
52 232 0 1
53 232 0 1
57 232 0 1
58 232 0 1
59 232 0 1
62 232 0 1
63 232 0 1
64 232 0 1
82 232 0 1
84 232 0 1
85 232 0 1
91 232 0 1
36 233 0 1
39 233 0 1
40 233 0 1
44 233 0 1
49 233 0 1
50 233 0 1
54 233 0 1
67 233 0 1
69 233 0 1
71 233 0 1
72 233 0 1
76 233 0 1
77 233 0 1
79 233 0 1
83 233 0 1
86 233 0 1
88 233 0 1
91 233 0 1
92 233 0 1
94 233 0 1
95 233 0 1
102 233 0 1
169 233 0 1
36 234 0 1
39 234 0 1
40 234 0 1
44 234 0 1
45 234 0 1
49 234 0 1
50 234 0 1
51 234 0 1
54 234 0 1
67 234 0 1
69 234 0 1
71 234 0 1
72 234 0 1
76 234 0 1
77 234 0 1
78 234 0 1
79 234 0 1
83 234 0 1
84 234 0 1
85 234 0 1
86 234 0 1
88 234 0 1
91 234 0 1
92 234 0 1
94 234 0 1
95 234 0 1
102 234 0 1
104 234 0 1
155 234 0 1
158 234 0 1
169 234 0 1
172 234 0 1
30 235 0 1
31 235 0 1
36 235 0 1
39 235 0 1
40 235 0 1
44 235 0 1
45 235 0 1
49 235 0 1
50 235 0 1
51 235 0 1
54 235 0 1
67 235 0 1
69 235 0 1
71 235 0 1
72 235 0 1
76 235 0 1
77 235 0 1
79 235 0 1
83 235 0 1
85 235 0 1
86 235 0 1
88 235 0 1
91 235 0 1
92 235 0 1
94 235 0 1
95 235 0 1
102 235 0 1
169 235 0 1
37 236 0 1
41 236 0 1
46 236 0 1
47 236 0 1
48 236 0 1
53 236 0 1
58 236 0 1
64 236 0 1
66 236 0 1
68 236 0 1
73 236 0 1
74 236 0 1
82 236 0 1
84 236 0 1
90 236 0 1
93 236 0 1
99 236 0 1
170 236 0 1
171 236 0 1
1 237 0 1
33 237 0 1
35 237 0 1
37 237 0 1
41 237 0 1
43 237 0 1
46 237 0 1
47 237 0 1
48 237 0 1
53 237 0 1
60 237 0 1
64 237 0 1
65 237 0 1
66 237 0 1
68 237 0 1
73 237 0 1
74 237 0 1
81 237 0 1
82 237 0 1
87 237 0 1
89 237 0 1
90 237 0 1
93 237 0 1
99 237 0 1
101 237 0 1
170 237 0 1
171 237 0 1
173 237 0 1
1 238 0 1
33 238 0 1
35 238 0 1
37 238 0 1
38 238 0 1
41 238 0 1
43 238 0 1
46 238 0 1
47 238 0 1
53 238 0 1
60 238 0 1
65 238 0 1
66 238 0 1
68 238 0 1
74 238 0 1
75 238 0 1
80 238 0 1
81 238 0 1
82 238 0 1
87 238 0 1
89 238 0 1
90 238 0 1
93 238 0 1
98 238 0 1
99 238 0 1
101 238 0 1
170 238 0 1
171 238 0 1
173 238 0 1
37 239 0 1
41 239 0 1
46 239 0 1
47 239 0 1
48 239 0 1
53 239 0 1
64 239 0 1
66 239 0 1
68 239 0 1
73 239 0 1
74 239 0 1
81 239 0 1
82 239 0 1
90 239 0 1
93 239 0 1
99 239 0 1
100 239 0 1
170 239 0 1
171 239 0 1
37 240 0 1
41 240 0 1
42 240 0 1
47 240 0 1
48 240 0 1
51 240 0 1
52 240 0 1
53 240 0 1
66 240 0 1
68 240 0 1
72 240 0 1
73 240 0 1
74 240 0 1
77 240 0 1
78 240 0 1
82 240 0 1
84 240 0 1
85 240 0 1
90 240 0 1
91 240 0 1
93 240 0 1
96 240 0 1
100 240 0 1
110 240 0 1
157 240 0 1
172 240 0 1
1 241 0 1
35 241 0 1
37 241 0 1
41 241 0 1
43 241 0 1
46 241 0 1
47 241 0 1
53 241 0 1
66 241 0 1
68 241 0 1
74 241 0 1
75 241 0 1
81 241 0 1
82 241 0 1
87 241 0 1
89 241 0 1
90 241 0 1
93 241 0 1
97 241 0 1
98 241 0 1
99 241 0 1
101 241 0 1
111 241 0 1
170 241 0 1
171 241 0 1
173 241 0 1
42 242 0 1
45 242 0 1
49 242 0 1
51 242 0 1
52 242 0 1
67 242 0 1
71 242 0 1
72 242 0 1
73 242 0 1
74 242 0 1
77 242 0 1
78 242 0 1
82 242 0 1
84 242 0 1
85 242 0 1
86 242 0 1
88 242 0 1
91 242 0 1
92 242 0 1
95 242 0 1
96 242 0 1
104 242 0 1
105 242 0 1
110 242 0 1
155 242 0 1
158 242 0 1
169 242 0 1
172 242 0 1
37 243 0 1
42 243 0 1
48 243 0 1
51 243 0 1
52 243 0 1
53 243 0 1
68 243 0 1
72 243 0 1
73 243 0 1
74 243 0 1
77 243 0 1
78 243 0 1
82 243 0 1
84 243 0 1
85 243 0 1
90 243 0 1
91 243 0 1
93 243 0 1
96 243 0 1
99 243 0 1
100 243 0 1
104 243 0 1
105 243 0 1
108 243 0 1
110 243 0 1
157 243 0 1
158 243 0 1
172 243 0 1
37 244 0 1
41 244 0 1
47 244 0 1
48 244 0 1
53 244 0 1
66 244 0 1
68 244 0 1
73 244 0 1
74 244 0 1
78 244 0 1
82 244 0 1
84 244 0 1
90 244 0 1
91 244 0 1
93 244 0 1
96 244 0 1
99 244 0 1
100 244 0 1
108 244 0 1
109 244 0 1
110 244 0 1
157 244 0 1
170 244 0 1
171 244 0 1
1 245 0 1
37 245 0 1
46 245 0 1
47 245 0 1
66 245 0 1
68 245 0 1
73 245 0 1
74 245 0 1
75 245 0 1
81 245 0 1
82 245 0 1
87 245 0 1
89 245 0 1
90 245 0 1
93 245 0 1
97 245 0 1
98 245 0 1
99 245 0 1
100 245 0 1
101 245 0 1
103 245 0 1
106 245 0 1
107 245 0 1
108 245 0 1
109 245 0 1
111 245 0 1
112 245 0 1
156 245 0 1
157 245 0 1
159 245 0 1
170 245 0 1
171 245 0 1
173 245 0 1
1 246 0 1
37 246 0 1
41 246 0 1
46 246 0 1
47 246 0 1
53 246 0 1
66 246 0 1
68 246 0 1
73 246 0 1
74 246 0 1
81 246 0 1
82 246 0 1
87 246 0 1
90 246 0 1
93 246 0 1
97 246 0 1
98 246 0 1
99 246 0 1
100 246 0 1
101 246 0 1
103 246 0 1
107 246 0 1
108 246 0 1
109 246 0 1
111 246 0 1
112 246 0 1
157 246 0 1
170 246 0 1
171 246 0 1
173 246 0 1
37 247 0 1
48 247 0 1
53 247 0 1
66 247 0 1
68 247 0 1
73 247 0 1
74 247 0 1
78 247 0 1
82 247 0 1
84 247 0 1
90 247 0 1
91 247 0 1
93 247 0 1
96 247 0 1
99 247 0 1
100 247 0 1
104 247 0 1
105 247 0 1
108 247 0 1
109 247 0 1
110 247 0 1
157 247 0 1
159 247 0 1
160 247 0 1
171 247 0 1
172 247 0 1
1 248 0 1
25 248 0 1
26 248 0 1
33 248 0 1
35 248 0 1
38 248 0 1
43 248 0 1
46 248 0 1
47 248 0 1
55 248 0 1
60 248 0 1
65 248 0 1
66 248 0 1
70 248 0 1
75 248 0 1
80 248 0 1
81 248 0 1
87 248 0 1
89 248 0 1
30 249 0 1
31 249 0 1
32 249 0 1
34 249 0 1
36 249 0 1
39 249 0 1
40 249 0 1
42 249 0 1
44 249 0 1
45 249 0 1
49 249 0 1
50 249 0 1
51 249 0 1
52 249 0 1
54 249 0 1
61 249 0 1
62 249 0 1
63 249 0 1
67 249 0 1
71 249 0 1
72 249 0 1
77 249 0 1
78 249 0 1
79 249 0 1
83 249 0 1
84 249 0 1
85 249 0 1
86 249 0 1
88 249 0 1
91 249 0 1
92 249 0 1
169 249 0 1
1 250 0 1
25 250 0 1
33 250 0 1
35 250 0 1
38 250 0 1
43 250 0 1
46 250 0 1
55 250 0 1
60 250 0 1
65 250 0 1
70 250 0 1
75 250 0 1
80 250 0 1
81 250 0 1
87 250 0 1
89 250 0 1
1 251 0 1
33 251 0 1
35 251 0 1
38 251 0 1
43 251 0 1
46 251 0 1
47 251 0 1
60 251 0 1
65 251 0 1
66 251 0 1
70 251 0 1
75 251 0 1
80 251 0 1
81 251 0 1
87 251 0 1
89 251 0 1
90 251 0 1
97 251 0 1
98 251 0 1
101 251 0 1
103 251 0 1
170 251 0 1
171 251 0 1
173 251 0 1
1 252 0 1
9 252 0 1
10 252 0 1
24 252 0 1
25 252 0 1
26 252 0 1
28 252 0 1
33 252 0 1
35 252 0 1
37 252 0 1
38 252 0 1
41 252 0 1
43 252 0 1
46 252 0 1
47 252 0 1
55 252 0 1
60 252 0 1
65 252 0 1
66 252 0 1
75 252 0 1
80 252 0 1
81 252 0 1
87 252 0 1
89 252 0 1
90 252 0 1
8 253 0 1
17 253 0 1
18 253 0 1
19 253 0 1
30 253 0 1
31 253 0 1
32 253 0 1
36 253 0 1
39 253 0 1
40 253 0 1
44 253 0 1
45 253 0 1
49 253 0 1
50 253 0 1
54 253 0 1
56 253 0 1
61 253 0 1
69 253 0 1
71 253 0 1
76 253 0 1
79 253 0 1
83 253 0 1
86 253 0 1
88 253 0 1
92 253 0 1
1 254 0 1
9 254 0 1
10 254 0 1
23 254 0 1
24 254 0 1
25 254 0 1
26 254 0 1
27 254 0 1
28 254 0 1
33 254 0 1
35 254 0 1
37 254 0 1
38 254 0 1
41 254 0 1
43 254 0 1
46 254 0 1
47 254 0 1
48 254 0 1
53 254 0 1
57 254 0 1
58 254 0 1
59 254 0 1
60 254 0 1
64 254 0 1
65 254 0 1
66 254 0 1
68 254 0 1
73 254 0 1
74 254 0 1
75 254 0 1
81 254 0 1
82 254 0 1
87 254 0 1
89 254 0 1
90 254 0 1
93 254 0 1
170 254 0 1
1 255 0 1
25 255 0 1
26 255 0 1
28 255 0 1
33 255 0 1
35 255 0 1
38 255 0 1
43 255 0 1
46 255 0 1
55 255 0 1
60 255 0 1
65 255 0 1
70 255 0 1
75 255 0 1
80 255 0 1
81 255 0 1
87 255 0 1
89 255 0 1
1 256 0 1
25 256 0 1
33 256 0 1
35 256 0 1
38 256 0 1
43 256 0 1
46 256 0 1
55 256 0 1
60 256 0 1
65 256 0 1
70 256 0 1
75 256 0 1
80 256 0 1
81 256 0 1
87 256 0 1
89 256 0 1
1 257 0 1
25 257 0 1
26 257 0 1
28 257 0 1
33 257 0 1
35 257 0 1
38 257 0 1
43 257 0 1
46 257 0 1
55 257 0 1
60 257 0 1
65 257 0 1
70 257 0 1
75 257 0 1
80 257 0 1
81 257 0 1
87 257 0 1
89 257 0 1
17 258 0 1
18 258 0 1
19 258 0 1
30 258 0 1
31 258 0 1
36 258 0 1
39 258 0 1
40 258 0 1
44 258 0 1
49 258 0 1
50 258 0 1
54 258 0 1
56 258 0 1
61 258 0 1
69 258 0 1
71 258 0 1
76 258 0 1
79 258 0 1
83 258 0 1
86 258 0 1
88 258 0 1
92 258 0 1
20 259 0 1
21 259 0 1
22 259 0 1
27 259 0 1
29 259 0 1
32 259 0 1
34 259 0 1
37 259 0 1
41 259 0 1
42 259 0 1
45 259 0 1
47 259 0 1
48 259 0 1
51 259 0 1
52 259 0 1
53 259 0 1
57 259 0 1
58 259 0 1
59 259 0 1
62 259 0 1
63 259 0 1
64 259 0 1
72 259 0 1
73 259 0 1
74 259 0 1
78 259 0 1
82 259 0 1
84 259 0 1
85 259 0 1
90 259 0 1
91 259 0 1
93 259 0 1
20 260 0 1
21 260 0 1
22 260 0 1
27 260 0 1
29 260 0 1
34 260 0 1
37 260 0 1
41 260 0 1
42 260 0 1
45 260 0 1
47 260 0 1
48 260 0 1
51 260 0 1
52 260 0 1
53 260 0 1
57 260 0 1
58 260 0 1
59 260 0 1
62 260 0 1
63 260 0 1
64 260 0 1
72 260 0 1
73 260 0 1
74 260 0 1
78 260 0 1
82 260 0 1
84 260 0 1
85 260 0 1
90 260 0 1
91 260 0 1
93 260 0 1
1 261 0 1
25 261 0 1
26 261 0 1
28 261 0 1
33 261 0 1
35 261 0 1
38 261 0 1
43 261 0 1
46 261 0 1
55 261 0 1
60 261 0 1
65 261 0 1
66 261 0 1
70 261 0 1
75 261 0 1
80 261 0 1
81 261 0 1
87 261 0 1
89 261 0 1
20 262 0 1
21 262 0 1
27 262 0 1
29 262 0 1
32 262 0 1
34 262 0 1
37 262 0 1
41 262 0 1
42 262 0 1
45 262 0 1
48 262 0 1
49 262 0 1
51 262 0 1
52 262 0 1
53 262 0 1
57 262 0 1
58 262 0 1
59 262 0 1
62 262 0 1
63 262 0 1
64 262 0 1
72 262 0 1
73 262 0 1
74 262 0 1
77 262 0 1
78 262 0 1
82 262 0 1
84 262 0 1
85 262 0 1
86 262 0 1
90 262 0 1
91 262 0 1
92 262 0 1
93 262 0 1
1 263 0 1
25 263 0 1
26 263 0 1
28 263 0 1
33 263 0 1
35 263 0 1
38 263 0 1
43 263 0 1
46 263 0 1
47 263 0 1
55 263 0 1
60 263 0 1
65 263 0 1
66 263 0 1
70 263 0 1
75 263 0 1
80 263 0 1
81 263 0 1
87 263 0 1
89 263 0 1
23 264 0 1
27 264 0 1
37 264 0 1
41 264 0 1
42 264 0 1
46 264 0 1
47 264 0 1
48 264 0 1
53 264 0 1
57 264 0 1
58 264 0 1
59 264 0 1
64 264 0 1
65 264 0 1
66 264 0 1
68 264 0 1
73 264 0 1
74 264 0 1
82 264 0 1
84 264 0 1
90 264 0 1
93 264 0 1
27 265 0 1
35 265 0 1
37 265 0 1
41 265 0 1
46 265 0 1
47 265 0 1
48 265 0 1
53 265 0 1
57 265 0 1
58 265 0 1
59 265 0 1
60 265 0 1
64 265 0 1
65 265 0 1
66 265 0 1
68 265 0 1
73 265 0 1
74 265 0 1
82 265 0 1
87 265 0 1
90 265 0 1
93 265 0 1
1 266 0 1
70 266 0 1
75 266 0 1
80 266 0 1
81 266 0 1
89 266 0 1
97 266 0 1
98 266 0 1
101 266 0 1
103 266 0 1
106 266 0 1
107 266 0 1
109 266 0 1
111 266 0 1
112 266 0 1
113 266 0 1
117 266 0 1
119 266 0 1
121 266 0 1
122 266 0 1
156 266 0 1
161 266 0 1
162 266 0 1
164 266 0 1
170 266 0 1
171 266 0 1
173 266 0 1
67 267 0 1
69 267 0 1
71 267 0 1
72 267 0 1
76 267 0 1
77 267 0 1
79 267 0 1
86 267 0 1
88 267 0 1
92 267 0 1
94 267 0 1
95 267 0 1
102 267 0 1
104 267 0 1
114 267 0 1
155 267 0 1
158 267 0 1
169 267 0 1
172 267 0 1
68 268 0 1
73 268 0 1
74 268 0 1
84 268 0 1
96 268 0 1
99 268 0 1
100 268 0 1
104 268 0 1
105 268 0 1
108 268 0 1
109 268 0 1
110 268 0 1
111 268 0 1
120 268 0 1
123 268 0 1
124 268 0 1
125 268 0 1
149 268 0 1
155 268 0 1
157 268 0 1
158 268 0 1
159 268 0 1
160 268 0 1
163 268 0 1
165 268 0 1
166 268 0 1
167 268 0 1
168 268 0 1
171 268 0 1
172 268 0 1
68 269 0 1
72 269 0 1
73 269 0 1
74 269 0 1
77 269 0 1
78 269 0 1
84 269 0 1
95 269 0 1
96 269 0 1
99 269 0 1
100 269 0 1
104 269 0 1
105 269 0 1
108 269 0 1
110 269 0 1
120 269 0 1
124 269 0 1
149 269 0 1
155 269 0 1
157 269 0 1
158 269 0 1
159 269 0 1
160 269 0 1
165 269 0 1
167 269 0 1
168 269 0 1
169 269 0 1
171 269 0 1
172 269 0 1
1 270 0 1
66 270 0 1
70 270 0 1
75 270 0 1
80 270 0 1
81 270 0 1
89 270 0 1
97 270 0 1
98 270 0 1
99 270 0 1
101 270 0 1
103 270 0 1
106 270 0 1
107 270 0 1
109 270 0 1
111 270 0 1
112 270 0 1
113 270 0 1
119 270 0 1
121 270 0 1
156 270 0 1
161 270 0 1
162 270 0 1
163 270 0 1
164 270 0 1
170 270 0 1
171 270 0 1
173 270 0 1
1 271 0 1
66 271 0 1
68 271 0 1
75 271 0 1
81 271 0 1
97 271 0 1
98 271 0 1
99 271 0 1
100 271 0 1
101 271 0 1
103 271 0 1
106 271 0 1
107 271 0 1
108 271 0 1
109 271 0 1
111 271 0 1
112 271 0 1
113 271 0 1
121 271 0 1
156 271 0 1
159 271 0 1
163 271 0 1
164 271 0 1
166 271 0 1
170 271 0 1
171 271 0 1
173 271 0 1
68 272 0 1
72 272 0 1
73 272 0 1
74 272 0 1
78 272 0 1
82 272 0 1
84 272 0 1
90 272 0 1
91 272 0 1
93 272 0 1
96 272 0 1
99 272 0 1
100 272 0 1
104 272 0 1
105 272 0 1
108 272 0 1
109 272 0 1
110 272 0 1
120 272 0 1
149 272 0 1
155 272 0 1
157 272 0 1
158 272 0 1
159 272 0 1
160 272 0 1
165 272 0 1
166 272 0 1
167 272 0 1
168 272 0 1
171 272 0 1
172 272 0 1
66 273 0 1
68 273 0 1
73 273 0 1
74 273 0 1
82 273 0 1
84 273 0 1
90 273 0 1
93 273 0 1
96 273 0 1
99 273 0 1
100 273 0 1
101 273 0 1
105 273 0 1
106 273 0 1
107 273 0 1
108 273 0 1
109 273 0 1
110 273 0 1
111 273 0 1
112 273 0 1
123 273 0 1
125 273 0 1
157 273 0 1
159 273 0 1
160 273 0 1
163 273 0 1
165 273 0 1
166 273 0 1
167 273 0 1
168 273 0 1
170 273 0 1
171 273 0 1
1 274 0 1
66 274 0 1
68 274 0 1
73 274 0 1
74 274 0 1
90 274 0 1
93 274 0 1
97 274 0 1
98 274 0 1
99 274 0 1
100 274 0 1
101 274 0 1
103 274 0 1
106 274 0 1
107 274 0 1
108 274 0 1
109 274 0 1
110 274 0 1
111 274 0 1
112 274 0 1
123 274 0 1
156 274 0 1
157 274 0 1
159 274 0 1
160 274 0 1
163 274 0 1
164 274 0 1
166 274 0 1
167 274 0 1
168 274 0 1
170 274 0 1
171 274 0 1
173 274 0 1
67 275 0 1
68 275 0 1
72 275 0 1
73 275 0 1
74 275 0 1
77 275 0 1
78 275 0 1
84 275 0 1
91 275 0 1
92 275 0 1
94 275 0 1
95 275 0 1
96 275 0 1
99 275 0 1
100 275 0 1
104 275 0 1
105 275 0 1
108 275 0 1
110 275 0 1
120 275 0 1
124 275 0 1
149 275 0 1
155 275 0 1
157 275 0 1
158 275 0 1
160 275 0 1
165 275 0 1
167 275 0 1
168 275 0 1
169 275 0 1
172 275 0 1
68 276 0 1
72 276 0 1
73 276 0 1
74 276 0 1
77 276 0 1
78 276 0 1
84 276 0 1
93 276 0 1
96 276 0 1
99 276 0 1
100 276 0 1
104 276 0 1
105 276 0 1
108 276 0 1
109 276 0 1
110 276 0 1
120 276 0 1
124 276 0 1
149 276 0 1
155 276 0 1
157 276 0 1
158 276 0 1
159 276 0 1
160 276 0 1
165 276 0 1
166 276 0 1
167 276 0 1
168 276 0 1
169 276 0 1
171 276 0 1
172 276 0 1
67 277 0 1
69 277 0 1
76 277 0 1
79 277 0 1
94 277 0 1
102 277 0 1
114 277 0 1
169 277 0 1
1 278 0 1
97 278 0 1
98 278 0 1
99 278 0 1
101 278 0 1
103 278 0 1
106 278 0 1
107 278 0 1
108 278 0 1
109 278 0 1
111 278 0 1
112 278 0 1
113 278 0 1
115 278 0 1
116 278 0 1
117 278 0 1
118 278 0 1
119 278 0 1
121 278 0 1
122 278 0 1
123 278 0 1
150 278 0 1
156 278 0 1
159 278 0 1
161 278 0 1
162 278 0 1
163 278 0 1
164 278 0 1
166 278 0 1
170 278 0 1
171 278 0 1
173 278 0 1
72 279 0 1
73 279 0 1
77 279 0 1
95 279 0 1
96 279 0 1
100 279 0 1
104 279 0 1
105 279 0 1
108 279 0 1
110 279 0 1
120 279 0 1
124 279 0 1
148 279 0 1
149 279 0 1
152 279 0 1
155 279 0 1
157 279 0 1
158 279 0 1
160 279 0 1
165 279 0 1
167 279 0 1
168 279 0 1
169 279 0 1
172 279 0 1
67 280 0 1
69 280 0 1
71 280 0 1
77 280 0 1
79 280 0 1
92 280 0 1
94 280 0 1
95 280 0 1
102 280 0 1
104 280 0 1
105 280 0 1
114 280 0 1
124 280 0 1
147 280 0 1
148 280 0 1
155 280 0 1
158 280 0 1
169 280 0 1
172 280 0 1
67 281 0 1
69 281 0 1
71 281 0 1
76 281 0 1
79 281 0 1
94 281 0 1
95 281 0 1
102 281 0 1
114 281 0 1
151 281 0 1
155 281 0 1
158 281 0 1
169 281 0 1
67 282 0 1
71 282 0 1
77 282 0 1
94 282 0 1
95 282 0 1
96 282 0 1
102 282 0 1
104 282 0 1
105 282 0 1
110 282 0 1
120 282 0 1
124 282 0 1
141 282 0 1
147 282 0 1
148 282 0 1
149 282 0 1
155 282 0 1
158 282 0 1
165 282 0 1
169 282 0 1
172 282 0 1
67 283 0 1
69 283 0 1
71 283 0 1
77 283 0 1
94 283 0 1
95 283 0 1
96 283 0 1
102 283 0 1
104 283 0 1
105 283 0 1
110 283 0 1
120 283 0 1
124 283 0 1
147 283 0 1
148 283 0 1
149 283 0 1
151 283 0 1
155 283 0 1
158 283 0 1
169 283 0 1
172 283 0 1
1 284 0 1
68 284 0 1
97 284 0 1
98 284 0 1
99 284 0 1
100 284 0 1
101 284 0 1
103 284 0 1
106 284 0 1
107 284 0 1
108 284 0 1
109 284 0 1
111 284 0 1
112 284 0 1
113 284 0 1
117 284 0 1
118 284 0 1
119 284 0 1
121 284 0 1
123 284 0 1
125 284 0 1
139 284 0 1
150 284 0 1
153 284 0 1
156 284 0 1
157 284 0 1
159 284 0 1
160 284 0 1
163 284 0 1
164 284 0 1
166 284 0 1
167 284 0 1
168 284 0 1
170 284 0 1
171 284 0 1
173 284 0 1
68 285 0 1
73 285 0 1
95 285 0 1
96 285 0 1
99 285 0 1
100 285 0 1
104 285 0 1
105 285 0 1
108 285 0 1
110 285 0 1
120 285 0 1
123 285 0 1
124 285 0 1
125 285 0 1
137 285 0 1
142 285 0 1
148 285 0 1
149 285 0 1
152 285 0 1
154 285 0 1
155 285 0 1
157 285 0 1
158 285 0 1
159 285 0 1
160 285 0 1
165 285 0 1
167 285 0 1
168 285 0 1
169 285 0 1
172 285 0 1
67 286 0 1
69 286 0 1
76 286 0 1
79 286 0 1
94 286 0 1
95 286 0 1
102 286 0 1
114 286 0 1
126 286 0 1
151 286 0 1
169 286 0 1
67 287 0 1
69 287 0 1
71 287 0 1
79 287 0 1
94 287 0 1
95 287 0 1
102 287 0 1
104 287 0 1
114 287 0 1
126 287 0 1
138 287 0 1
141 287 0 1
146 287 0 1
147 287 0 1
148 287 0 1
151 287 0 1
155 287 0 1
158 287 0 1
169 287 0 1
172 287 0 1
67 288 0 1
69 288 0 1
76 288 0 1
79 288 0 1
94 288 0 1
95 288 0 1
102 288 0 1
114 288 0 1
126 288 0 1
147 288 0 1
151 288 0 1
155 288 0 1
169 288 0 1
1 289 0 1
97 289 0 1
98 289 0 1
99 289 0 1
101 289 0 1
103 289 0 1
106 289 0 1
107 289 0 1
108 289 0 1
109 289 0 1
111 289 0 1
112 289 0 1
113 289 0 1
115 289 0 1
116 289 0 1
117 289 0 1
118 289 0 1
119 289 0 1
121 289 0 1
122 289 0 1
123 289 0 1
125 289 0 1
139 289 0 1
143 289 0 1
150 289 0 1
153 289 0 1
156 289 0 1
159 289 0 1
161 289 0 1
162 289 0 1
163 289 0 1
164 289 0 1
166 289 0 1
167 289 0 1
170 289 0 1
171 289 0 1
173 289 0 1
67 290 0 1
94 290 0 1
95 290 0 1
96 290 0 1
102 290 0 1
104 290 0 1
105 290 0 1
114 290 0 1
120 290 0 1
124 290 0 1
138 290 0 1
141 290 0 1
142 290 0 1
147 290 0 1
148 290 0 1
149 290 0 1
151 290 0 1
155 290 0 1
158 290 0 1
165 290 0 1
169 290 0 1
172 290 0 1
1 291 0 1
97 291 0 1
98 291 0 1
99 291 0 1
100 291 0 1
101 291 0 1
103 291 0 1
106 291 0 1
107 291 0 1
108 291 0 1
109 291 0 1
111 291 0 1
112 291 0 1
113 291 0 1
115 291 0 1
116 291 0 1
117 291 0 1
118 291 0 1
119 291 0 1
121 291 0 1
122 291 0 1
123 291 0 1
125 291 0 1
139 291 0 1
143 291 0 1
150 291 0 1
153 291 0 1
156 291 0 1
157 291 0 1
159 291 0 1
161 291 0 1
162 291 0 1
163 291 0 1
164 291 0 1
166 291 0 1
167 291 0 1
168 291 0 1
170 291 0 1
171 291 0 1
173 291 0 1
67 292 0 1
94 292 0 1
95 292 0 1
102 292 0 1
104 292 0 1
114 292 0 1
124 292 0 1
126 292 0 1
138 292 0 1
141 292 0 1
145 292 0 1
146 292 0 1
147 292 0 1
148 292 0 1
151 292 0 1
155 292 0 1
158 292 0 1
169 292 0 1
172 292 0 1
94 293 0 1
95 293 0 1
96 293 0 1
102 293 0 1
104 293 0 1
105 293 0 1
110 293 0 1
120 293 0 1
124 293 0 1
137 293 0 1
138 293 0 1
141 293 0 1
142 293 0 1
145 293 0 1
147 293 0 1
148 293 0 1
149 293 0 1
151 293 0 1
152 293 0 1
155 293 0 1
158 293 0 1
165 293 0 1
168 293 0 1
169 293 0 1
172 293 0 1
68 294 0 1
96 294 0 1
99 294 0 1
100 294 0 1
101 294 0 1
106 294 0 1
107 294 0 1
108 294 0 1
109 294 0 1
110 294 0 1
111 294 0 1
112 294 0 1
118 294 0 1
120 294 0 1
123 294 0 1
125 294 0 1
139 294 0 1
140 294 0 1
144 294 0 1
149 294 0 1
152 294 0 1
153 294 0 1
154 294 0 1
157 294 0 1
159 294 0 1
160 294 0 1
163 294 0 1
164 294 0 1
165 294 0 1
166 294 0 1
167 294 0 1
168 294 0 1
170 294 0 1
171 294 0 1
94 295 0 1
102 295 0 1
114 295 0 1
126 295 0 1
128 295 0 1
130 295 0 1
133 295 0 1
134 295 0 1
135 295 0 1
138 295 0 1
141 295 0 1
145 295 0 1
146 295 0 1
147 295 0 1
151 295 0 1
155 295 0 1
94 296 0 1
95 296 0 1
102 296 0 1
114 296 0 1
126 296 0 1
128 296 0 1
130 296 0 1
133 296 0 1
134 296 0 1
135 296 0 1
138 296 0 1
141 296 0 1
145 296 0 1
146 296 0 1
147 296 0 1
148 296 0 1
151 296 0 1
155 296 0 1
158 296 0 1
1 297 0 1
97 297 0 1
98 297 0 1
101 297 0 1
103 297 0 1
106 297 0 1
107 297 0 1
109 297 0 1
111 297 0 1
112 297 0 1
113 297 0 1
115 297 0 1
116 297 0 1
117 297 0 1
118 297 0 1
119 297 0 1
121 297 0 1
122 297 0 1
123 297 0 1
125 297 0 1
127 297 0 1
132 297 0 1
136 297 0 1
139 297 0 1
143 297 0 1
150 297 0 1
153 297 0 1
156 297 0 1
159 297 0 1
161 297 0 1
162 297 0 1
163 297 0 1
164 297 0 1
166 297 0 1
167 297 0 1
173 297 0 1
97 298 0 1
98 298 0 1
101 298 0 1
103 298 0 1
106 298 0 1
107 298 0 1
108 298 0 1
109 298 0 1
111 298 0 1
112 298 0 1
113 298 0 1
115 298 0 1
116 298 0 1
117 298 0 1
118 298 0 1
119 298 0 1
121 298 0 1
122 298 0 1
123 298 0 1
125 298 0 1
127 298 0 1
132 298 0 1
136 298 0 1
139 298 0 1
143 298 0 1
150 298 0 1
153 298 0 1
156 298 0 1
159 298 0 1
161 298 0 1
162 298 0 1
163 298 0 1
164 298 0 1
166 298 0 1
167 298 0 1
102 299 0 1
114 299 0 1
126 299 0 1
128 299 0 1
130 299 0 1
133 299 0 1
134 299 0 1
135 299 0 1
138 299 0 1
146 299 0 1
147 299 0 1
151 299 0 1
94 300 0 1
95 300 0 1
102 300 0 1
114 300 0 1
124 300 0 1
126 300 0 1
128 300 0 1
130 300 0 1
133 300 0 1
134 300 0 1
135 300 0 1
138 300 0 1
141 300 0 1
142 300 0 1
145 300 0 1
146 300 0 1
147 300 0 1
148 300 0 1
151 300 0 1
155 300 0 1
158 300 0 1
169 300 0 1
94 301 0 1
95 301 0 1
102 301 0 1
104 301 0 1
105 301 0 1
114 301 0 1
120 301 0 1
124 301 0 1
126 301 0 1
128 301 0 1
130 301 0 1
133 301 0 1
134 301 0 1
135 301 0 1
137 301 0 1
138 301 0 1
141 301 0 1
142 301 0 1
145 301 0 1
146 301 0 1
147 301 0 1
148 301 0 1
149 301 0 1
151 301 0 1
155 301 0 1
158 301 0 1
169 301 0 1
96 302 0 1
104 302 0 1
105 302 0 1
110 302 0 1
120 302 0 1
124 302 0 1
129 302 0 1
131 302 0 1
135 302 0 1
137 302 0 1
138 302 0 1
141 302 0 1
142 302 0 1
145 302 0 1
147 302 0 1
148 302 0 1
149 302 0 1
151 302 0 1
152 302 0 1
154 302 0 1
155 302 0 1
157 302 0 1
158 302 0 1
160 302 0 1
165 302 0 1
168 302 0 1
172 302 0 1
95 303 0 1
102 303 0 1
104 303 0 1
105 303 0 1
120 303 0 1
124 303 0 1
128 303 0 1
134 303 0 1
135 303 0 1
137 303 0 1
138 303 0 1
141 303 0 1
142 303 0 1
145 303 0 1
146 303 0 1
147 303 0 1
148 303 0 1
149 303 0 1
151 303 0 1
152 303 0 1
155 303 0 1
158 303 0 1
165 303 0 1
169 303 0 1
102 304 0 1
114 304 0 1
126 304 0 1
128 304 0 1
130 304 0 1
133 304 0 1
134 304 0 1
135 304 0 1
138 304 0 1
146 304 0 1
147 304 0 1
151 304 0 1
96 305 0 1
104 305 0 1
105 305 0 1
110 305 0 1
120 305 0 1
124 305 0 1
125 305 0 1
129 305 0 1
131 305 0 1
137 305 0 1
138 305 0 1
140 305 0 1
141 305 0 1
142 305 0 1
144 305 0 1
145 305 0 1
147 305 0 1
148 305 0 1
149 305 0 1
152 305 0 1
154 305 0 1
155 305 0 1
157 305 0 1
158 305 0 1
160 305 0 1
165 305 0 1
167 305 0 1
168 305 0 1
104 306 0 1
105 306 0 1
110 306 0 1
120 306 0 1
124 306 0 1
129 306 0 1
131 306 0 1
135 306 0 1
137 306 0 1
138 306 0 1
140 306 0 1
141 306 0 1
142 306 0 1
145 306 0 1
147 306 0 1
148 306 0 1
149 306 0 1
151 306 0 1
152 306 0 1
154 306 0 1
155 306 0 1
158 306 0 1
160 306 0 1
165 306 0 1
167 306 0 1
168 306 0 1
102 307 0 1
114 307 0 1
126 307 0 1
128 307 0 1
130 307 0 1
133 307 0 1
134 307 0 1
135 307 0 1
138 307 0 1
141 307 0 1
145 307 0 1
146 307 0 1
147 307 0 1
151 307 0 1
107 308 0 1
108 308 0 1
109 308 0 1
111 308 0 1
112 308 0 1
118 308 0 1
123 308 0 1
125 308 0 1
129 308 0 1
131 308 0 1
136 308 0 1
137 308 0 1
139 308 0 1
140 308 0 1
143 308 0 1
144 308 0 1
149 308 0 1
150 308 0 1
152 308 0 1
153 308 0 1
154 308 0 1
157 308 0 1
159 308 0 1
160 308 0 1
163 308 0 1
165 308 0 1
166 308 0 1
167 308 0 1
168 308 0 1
126 309 0 1
128 309 0 1
130 309 0 1
133 309 0 1
134 309 0 1
135 309 0 1
137 309 0 1
138 309 0 1
141 309 0 1
142 309 0 1
145 309 0 1
146 309 0 1
147 309 0 1
148 309 0 1
151 309 0 1
124 310 0 1
129 310 0 1
131 310 0 1
134 310 0 1
135 310 0 1
137 310 0 1
138 310 0 1
141 310 0 1
142 310 0 1
145 310 0 1
147 310 0 1
148 310 0 1
149 310 0 1
152 310 0 1
154 310 0 1
158 310 0 1
168 310 0 1
118 311 0 1
125 311 0 1
129 311 0 1
131 311 0 1
136 311 0 1
137 311 0 1
139 311 0 1
140 311 0 1
142 311 0 1
144 311 0 1
149 311 0 1
152 311 0 1
153 311 0 1
154 311 0 1
168 311 0 1
124 312 0 1
125 312 0 1
129 312 0 1
131 312 0 1
136 312 0 1
137 312 0 1
138 312 0 1
139 312 0 1
140 312 0 1
141 312 0 1
142 312 0 1
144 312 0 1
145 312 0 1
148 312 0 1
149 312 0 1
152 312 0 1
153 312 0 1
154 312 0 1
168 312 0 1
118 313 0 1
125 313 0 1
129 313 0 1
131 313 0 1
136 313 0 1
137 313 0 1
139 313 0 1
140 313 0 1
142 313 0 1
144 313 0 1
149 313 0 1
152 313 0 1
153 313 0 1
154 313 0 1
167 313 0 1
168 313 0 1
118 314 0 1
125 314 0 1
129 314 0 1
131 314 0 1
136 314 0 1
139 314 0 1
140 314 0 1
143 314 0 1
144 314 0 1
150 314 0 1
153 314 0 1
154 314 0 1
168 314 0 1
115 315 0 1
117 315 0 1
118 315 0 1
127 315 0 1
132 315 0 1
136 315 0 1
139 315 0 1
143 315 0 1
144 315 0 1
150 315 0 1
153 315 0 1
115 316 0 1
116 316 0 1
117 316 0 1
119 316 0 1
127 316 0 1
132 316 0 1
136 316 0 1
139 316 0 1
143 316 0 1
150 316 0 1
120 317 0 1
124 317 0 1
125 317 0 1
129 317 0 1
131 317 0 1
137 317 0 1
138 317 0 1
140 317 0 1
141 317 0 1
142 317 0 1
144 317 0 1
145 317 0 1
147 317 0 1
148 317 0 1
149 317 0 1
152 317 0 1
154 317 0 1
158 317 0 1
165 317 0 1
168 317 0 1
120 318 0 1
124 318 0 1
129 318 0 1
131 318 0 1
134 318 0 1
135 318 0 1
137 318 0 1
138 318 0 1
141 318 0 1
142 318 0 1
145 318 0 1
146 318 0 1
147 318 0 1
148 318 0 1
149 318 0 1
151 318 0 1
152 318 0 1
154 318 0 1
158 318 0 1
168 318 0 1
126 319 0 1
128 319 0 1
130 319 0 1
133 319 0 1
134 319 0 1
135 319 0 1
138 319 0 1
141 319 0 1
145 319 0 1
146 319 0 1
147 319 0 1
148 319 0 1
151 319 0 1
115 320 0 1
116 320 0 1
117 320 0 1
119 320 0 1
121 320 0 1
122 320 0 1
127 320 0 1
132 320 0 1
143 320 0 1
150 320 0 1
161 320 0 1
162 320 0 1
124 321 0 1
128 321 0 1
129 321 0 1
130 321 0 1
133 321 0 1
134 321 0 1
135 321 0 1
137 321 0 1
138 321 0 1
141 321 0 1
142 321 0 1
145 321 0 1
146 321 0 1
147 321 0 1
148 321 0 1
149 321 0 1
151 321 0 1
158 321 0 1
118 322 0 1
123 322 0 1
125 322 0 1
129 322 0 1
131 322 0 1
136 322 0 1
139 322 0 1
140 322 0 1
143 322 0 1
144 322 0 1
150 322 0 1
152 322 0 1
153 322 0 1
154 322 0 1
166 322 0 1
167 322 0 1
168 322 0 1
118 323 0 1
123 323 0 1
125 323 0 1
129 323 0 1
131 323 0 1
136 323 0 1
137 323 0 1
139 323 0 1
140 323 0 1
142 323 0 1
144 323 0 1
149 323 0 1
152 323 0 1
153 323 0 1
154 323 0 1
167 323 0 1
168 323 0 1
115 324 0 1
117 324 0 1
118 324 0 1
125 324 0 1
127 324 0 1
132 324 0 1
136 324 0 1
139 324 0 1
140 324 0 1
143 324 0 1
144 324 0 1
150 324 0 1
153 324 0 1
115 325 0 1
116 325 0 1
117 325 0 1
119 325 0 1
127 325 0 1
132 325 0 1
136 325 0 1
139 325 0 1
143 325 0 1
150 325 0 1
153 325 0 1
114 326 0 1
126 326 0 1
128 326 0 1
130 326 0 1
133 326 0 1
134 326 0 1
135 326 0 1
138 326 0 1
141 326 0 1
142 326 0 1
145 326 0 1
146 326 0 1
147 326 0 1
148 326 0 1
151 326 0 1
118 327 0 1
120 327 0 1
123 327 0 1
124 327 0 1
125 327 0 1
129 327 0 1
131 327 0 1
136 327 0 1
137 327 0 1
139 327 0 1
140 327 0 1
142 327 0 1
144 327 0 1
148 327 0 1
149 327 0 1
152 327 0 1
153 327 0 1
154 327 0 1
157 327 0 1
158 327 0 1
159 327 0 1
160 327 0 1
165 327 0 1
166 327 0 1
167 327 0 1
168 327 0 1
115 328 0 1
117 328 0 1
118 328 0 1
119 328 0 1
121 328 0 1
123 328 0 1
125 328 0 1
127 328 0 1
132 328 0 1
136 328 0 1
139 328 0 1
140 328 0 1
143 328 0 1
144 328 0 1
150 328 0 1
153 328 0 1
159 328 0 1
163 328 0 1
164 328 0 1
166 328 0 1
167 328 0 1
168 328 0 1
106 329 0 1
115 329 0 1
116 329 0 1
117 329 0 1
118 329 0 1
119 329 0 1
121 329 0 1
122 329 0 1
127 329 0 1
132 329 0 1
136 329 0 1
139 329 0 1
143 329 0 1
150 329 0 1
153 329 0 1
156 329 0 1
161 329 0 1
162 329 0 1
163 329 0 1
164 329 0 1
166 329 0 1
118 330 0 1
120 330 0 1
123 330 0 1
124 330 0 1
125 330 0 1
129 330 0 1
131 330 0 1
136 330 0 1
137 330 0 1
139 330 0 1
140 330 0 1
142 330 0 1
144 330 0 1
149 330 0 1
152 330 0 1
153 330 0 1
154 330 0 1
157 330 0 1
158 330 0 1
159 330 0 1
160 330 0 1
163 330 0 1
165 330 0 1
166 330 0 1
167 330 0 1
168 330 0 1
102 331 0 1
114 331 0 1
126 331 0 1
128 331 0 1
130 331 0 1
133 331 0 1
134 331 0 1
135 331 0 1
138 331 0 1
141 331 0 1
145 331 0 1
146 331 0 1
147 331 0 1
151 331 0 1
106 332 0 1
107 332 0 1
108 332 0 1
109 332 0 1
111 332 0 1
112 332 0 1
115 332 0 1
117 332 0 1
118 332 0 1
119 332 0 1
121 332 0 1
123 332 0 1
125 332 0 1
127 332 0 1
131 332 0 1
136 332 0 1
139 332 0 1
140 332 0 1
143 332 0 1
144 332 0 1
150 332 0 1
153 332 0 1
154 332 0 1
156 332 0 1
157 332 0 1
159 332 0 1
163 332 0 1
164 332 0 1
166 332 0 1
167 332 0 1
168 332 0 1
114 333 0 1
126 333 0 1
128 333 0 1
130 333 0 1
133 333 0 1
134 333 0 1
135 333 0 1
138 333 0 1
141 333 0 1
145 333 0 1
146 333 0 1
147 333 0 1
151 333 0 1
115 334 0 1
116 334 0 1
117 334 0 1
118 334 0 1
119 334 0 1
121 334 0 1
122 334 0 1
123 334 0 1
125 334 0 1
127 334 0 1
132 334 0 1
136 334 0 1
139 334 0 1
140 334 0 1
143 334 0 1
144 334 0 1
150 334 0 1
153 334 0 1
163 334 0 1
164 334 0 1
166 334 0 1
115 335 0 1
116 335 0 1
117 335 0 1
119 335 0 1
121 335 0 1
122 335 0 1
127 335 0 1
132 335 0 1
139 335 0 1
143 335 0 1
150 335 0 1
156 335 0 1
161 335 0 1
162 335 0 1
164 335 0 1
120 336 0 1
124 336 0 1
129 336 0 1
131 336 0 1
135 336 0 1
137 336 0 1
138 336 0 1
140 336 0 1
141 336 0 1
142 336 0 1
144 336 0 1
145 336 0 1
147 336 0 1
148 336 0 1
149 336 0 1
152 336 0 1
154 336 0 1
158 336 0 1
165 336 0 1
168 336 0 1
115 337 0 1
116 337 0 1
117 337 0 1
119 337 0 1
121 337 0 1
122 337 0 1
127 337 0 1
132 337 0 1
143 337 0 1
150 337 0 1
161 337 0 1
162 337 0 1
94 338 0 1
95 338 0 1
102 338 0 1
114 338 0 1
126 338 0 1
128 338 0 1
130 338 0 1
138 338 0 1
146 338 0 1
147 338 0 1
151 338 0 1
155 338 0 1
169 338 0 1
94 339 0 1
95 339 0 1
102 339 0 1
104 339 0 1
114 339 0 1
124 339 0 1
126 339 0 1
128 339 0 1
130 339 0 1
134 339 0 1
135 339 0 1
138 339 0 1
141 339 0 1
145 339 0 1
146 339 0 1
147 339 0 1
148 339 0 1
151 339 0 1
155 339 0 1
158 339 0 1
169 339 0 1
96 340 0 1
99 340 0 1
100 340 0 1
104 340 0 1
105 340 0 1
108 340 0 1
109 340 0 1
110 340 0 1
118 340 0 1
120 340 0 1
123 340 0 1
124 340 0 1
125 340 0 1
129 340 0 1
131 340 0 1
137 340 0 1
140 340 0 1
142 340 0 1
144 340 0 1
148 340 0 1
149 340 0 1
152 340 0 1
153 340 0 1
154 340 0 1
155 340 0 1
157 340 0 1
158 340 0 1
159 340 0 1
160 340 0 1
165 340 0 1
166 340 0 1
167 340 0 1
168 340 0 1
172 340 0 1
1 341 0 1
97 341 0 1
98 341 0 1
101 341 0 1
103 341 0 1
106 341 0 1
107 341 0 1
109 341 0 1
111 341 0 1
112 341 0 1
113 341 0 1
115 341 0 1
116 341 0 1
117 341 0 1
119 341 0 1
121 341 0 1
122 341 0 1
127 341 0 1
143 341 0 1
150 341 0 1
156 341 0 1
161 341 0 1
162 341 0 1
163 341 0 1
164 341 0 1
170 341 0 1
173 341 0 1
69 342 0 1
94 342 0 1
102 342 0 1
114 342 0 1
126 342 0 1
128 342 0 1
130 342 0 1
146 342 0 1
151 342 0 1
169 342 0 1
69 343 0 1
94 343 0 1
95 343 0 1
102 343 0 1
114 343 0 1
126 343 0 1
128 343 0 1
130 343 0 1
138 343 0 1
141 343 0 1
146 343 0 1
147 343 0 1
151 343 0 1
155 343 0 1
158 343 0 1
169 343 0 1
94 344 0 1
95 344 0 1
96 344 0 1
102 344 0 1
104 344 0 1
105 344 0 1
110 344 0 1
120 344 0 1
124 344 0 1
128 344 0 1
137 344 0 1
138 344 0 1
141 344 0 1
142 344 0 1
145 344 0 1
146 344 0 1
147 344 0 1
148 344 0 1
149 344 0 1
151 344 0 1
155 344 0 1
158 344 0 1
165 344 0 1
169 344 0 1
172 344 0 1
1 345 0 1
97 345 0 1
98 345 0 1
99 345 0 1
100 345 0 1
101 345 0 1
103 345 0 1
106 345 0 1
107 345 0 1
108 345 0 1
109 345 0 1
111 345 0 1
112 345 0 1
113 345 0 1
115 345 0 1
117 345 0 1
118 345 0 1
119 345 0 1
121 345 0 1
123 345 0 1
125 345 0 1
127 345 0 1
129 345 0 1
131 345 0 1
136 345 0 1
139 345 0 1
140 345 0 1
143 345 0 1
144 345 0 1
150 345 0 1
152 345 0 1
153 345 0 1
154 345 0 1
156 345 0 1
157 345 0 1
159 345 0 1
160 345 0 1
161 345 0 1
163 345 0 1
164 345 0 1
166 345 0 1
167 345 0 1
168 345 0 1
170 345 0 1
171 345 0 1
173 345 0 1
94 346 0 1
95 346 0 1
102 346 0 1
114 346 0 1
126 346 0 1
128 346 0 1
130 346 0 1
138 346 0 1
141 346 0 1
145 346 0 1
146 346 0 1
147 346 0 1
148 346 0 1
151 346 0 1
155 346 0 1
158 346 0 1
169 346 0 1
1 347 0 1
97 347 0 1
98 347 0 1
101 347 0 1
103 347 0 1
106 347 0 1
107 347 0 1
112 347 0 1
113 347 0 1
115 347 0 1
116 347 0 1
117 347 0 1
119 347 0 1
121 347 0 1
122 347 0 1
127 347 0 1
132 347 0 1
143 347 0 1
150 347 0 1
156 347 0 1
161 347 0 1
162 347 0 1
164 347 0 1
173 347 0 1
1 348 0 1
97 348 0 1
98 348 0 1
101 348 0 1
103 348 0 1
106 348 0 1
107 348 0 1
111 348 0 1
112 348 0 1
113 348 0 1
115 348 0 1
116 348 0 1
117 348 0 1
119 348 0 1
121 348 0 1
122 348 0 1
127 348 0 1
132 348 0 1
143 348 0 1
150 348 0 1
156 348 0 1
161 348 0 1
162 348 0 1
163 348 0 1
164 348 0 1
173 348 0 1
94 349 0 1
102 349 0 1
114 349 0 1
126 349 0 1
128 349 0 1
130 349 0 1
133 349 0 1
134 349 0 1
138 349 0 1
146 349 0 1
147 349 0 1
151 349 0 1
95 350 0 1
96 350 0 1
102 350 0 1
104 350 0 1
105 350 0 1
110 350 0 1
120 350 0 1
124 350 0 1
129 350 0 1
137 350 0 1
138 350 0 1
141 350 0 1
142 350 0 1
145 350 0 1
146 350 0 1
147 350 0 1
148 350 0 1
149 350 0 1
151 350 0 1
152 350 0 1
154 350 0 1
155 350 0 1
158 350 0 1
160 350 0 1
165 350 0 1
168 350 0 1
169 350 0 1
172 350 0 1
94 351 0 1
95 351 0 1
102 351 0 1
114 351 0 1
126 351 0 1
128 351 0 1
130 351 0 1
133 351 0 1
134 351 0 1
135 351 0 1
138 351 0 1
141 351 0 1
145 351 0 1
146 351 0 1
147 351 0 1
148 351 0 1
151 351 0 1
155 351 0 1
158 351 0 1
169 351 0 1
94 352 0 1
95 352 0 1
102 352 0 1
104 352 0 1
114 352 0 1
124 352 0 1
126 352 0 1
128 352 0 1
130 352 0 1
133 352 0 1
134 352 0 1
135 352 0 1
138 352 0 1
141 352 0 1
142 352 0 1
145 352 0 1
146 352 0 1
147 352 0 1
148 352 0 1
149 352 0 1
151 352 0 1
155 352 0 1
158 352 0 1
169 352 0 1
1 353 0 1
97 353 0 1
98 353 0 1
101 353 0 1
103 353 0 1
106 353 0 1
107 353 0 1
109 353 0 1
111 353 0 1
112 353 0 1
113 353 0 1
115 353 0 1
116 353 0 1
117 353 0 1
118 353 0 1
119 353 0 1
121 353 0 1
122 353 0 1
123 353 0 1
127 353 0 1
132 353 0 1
139 353 0 1
143 353 0 1
150 353 0 1
153 353 0 1
156 353 0 1
161 353 0 1
162 353 0 1
163 353 0 1
164 353 0 1
166 353 0 1
173 353 0 1
97 354 0 1
98 354 0 1
99 354 0 1
101 354 0 1
103 354 0 1
106 354 0 1
107 354 0 1
108 354 0 1
109 354 0 1
111 354 0 1
112 354 0 1
113 354 0 1
115 354 0 1
117 354 0 1
118 354 0 1
119 354 0 1
121 354 0 1
122 354 0 1
123 354 0 1
125 354 0 1
127 354 0 1
136 354 0 1
139 354 0 1
140 354 0 1
143 354 0 1
144 354 0 1
150 354 0 1
153 354 0 1
156 354 0 1
157 354 0 1
159 354 0 1
161 354 0 1
163 354 0 1
164 354 0 1
166 354 0 1
167 354 0 1
168 354 0 1
170 354 0 1
171 354 0 1
173 354 0 1
1 355 0 1
66 355 0 1
70 355 0 1
75 355 0 1
80 355 0 1
81 355 0 1
87 355 0 1
89 355 0 1
97 355 0 1
98 355 0 1
101 355 0 1
103 355 0 1
106 355 0 1
107 355 0 1
111 355 0 1
112 355 0 1
113 355 0 1
156 355 0 1
164 355 0 1
170 355 0 1
173 355 0 1
37 356 0 1
68 356 0 1
72 356 0 1
73 356 0 1
74 356 0 1
77 356 0 1
78 356 0 1
82 356 0 1
84 356 0 1
85 356 0 1
90 356 0 1
91 356 0 1
93 356 0 1
95 356 0 1
96 356 0 1
99 356 0 1
100 356 0 1
104 356 0 1
105 356 0 1
108 356 0 1
110 356 0 1
155 356 0 1
157 356 0 1
158 356 0 1
160 356 0 1
165 356 0 1
169 356 0 1
172 356 0 1
37 357 0 1
53 357 0 1
66 357 0 1
68 357 0 1
73 357 0 1
74 357 0 1
82 357 0 1
84 357 0 1
90 357 0 1
93 357 0 1
96 357 0 1
99 357 0 1
100 357 0 1
101 357 0 1
107 357 0 1
108 357 0 1
109 357 0 1
110 357 0 1
111 357 0 1
112 357 0 1
157 357 0 1
159 357 0 1
160 357 0 1
163 357 0 1
167 357 0 1
170 357 0 1
171 357 0 1
1 358 0 1
37 358 0 1
66 358 0 1
68 358 0 1
73 358 0 1
74 358 0 1
81 358 0 1
82 358 0 1
87 358 0 1
90 358 0 1
93 358 0 1
97 358 0 1
98 358 0 1
99 358 0 1
100 358 0 1
101 358 0 1
103 358 0 1
106 358 0 1
107 358 0 1
108 358 0 1
109 358 0 1
111 358 0 1
112 358 0 1
156 358 0 1
157 358 0 1
159 358 0 1
163 358 0 1
170 358 0 1
171 358 0 1
173 358 0 1
1 359 0 1
33 359 0 1
35 359 0 1
37 359 0 1
38 359 0 1
43 359 0 1
46 359 0 1
47 359 0 1
65 359 0 1
66 359 0 1
68 359 0 1
70 359 0 1
74 359 0 1
75 359 0 1
80 359 0 1
81 359 0 1
87 359 0 1
89 359 0 1
90 359 0 1
93 359 0 1
97 359 0 1
98 359 0 1
99 359 0 1
100 359 0 1
101 359 0 1
103 359 0 1
106 359 0 1
107 359 0 1
108 359 0 1
109 359 0 1
111 359 0 1
112 359 0 1
113 359 0 1
156 359 0 1
159 359 0 1
161 359 0 1
163 359 0 1
164 359 0 1
170 359 0 1
171 359 0 1
173 359 0 1
1 360 0 1
37 360 0 1
41 360 0 1
47 360 0 1
48 360 0 1
53 360 0 1
66 360 0 1
68 360 0 1
73 360 0 1
74 360 0 1
81 360 0 1
82 360 0 1
84 360 0 1
90 360 0 1
93 360 0 1
96 360 0 1
98 360 0 1
99 360 0 1
100 360 0 1
101 360 0 1
103 360 0 1
106 360 0 1
107 360 0 1
108 360 0 1
109 360 0 1
110 360 0 1
111 360 0 1
112 360 0 1
157 360 0 1
159 360 0 1
160 360 0 1
163 360 0 1
166 360 0 1
170 360 0 1
171 360 0 1
173 360 0 1
67 361 0 1
68 361 0 1
71 361 0 1
72 361 0 1
73 361 0 1
74 361 0 1
77 361 0 1
78 361 0 1
82 361 0 1
84 361 0 1
85 361 0 1
91 361 0 1
92 361 0 1
93 361 0 1
95 361 0 1
96 361 0 1
100 361 0 1
104 361 0 1
105 361 0 1
110 361 0 1
120 361 0 1
155 361 0 1
157 361 0 1
158 361 0 1
160 361 0 1
165 361 0 1
169 361 0 1
172 361 0 1
37 362 0 1
53 362 0 1
66 362 0 1
68 362 0 1
73 362 0 1
74 362 0 1
78 362 0 1
82 362 0 1
84 362 0 1
90 362 0 1
93 362 0 1
96 362 0 1
99 362 0 1
100 362 0 1
104 362 0 1
105 362 0 1
107 362 0 1
108 362 0 1
109 362 0 1
110 362 0 1
111 362 0 1
157 362 0 1
159 362 0 1
160 362 0 1
163 362 0 1
165 362 0 1
166 362 0 1
167 362 0 1
168 362 0 1
170 362 0 1
171 362 0 1
37 363 0 1
68 363 0 1
72 363 0 1
73 363 0 1
74 363 0 1
77 363 0 1
78 363 0 1
82 363 0 1
84 363 0 1
85 363 0 1
90 363 0 1
91 363 0 1
93 363 0 1
96 363 0 1
99 363 0 1
100 363 0 1
104 363 0 1
105 363 0 1
108 363 0 1
110 363 0 1
155 363 0 1
157 363 0 1
158 363 0 1
159 363 0 1
160 363 0 1
165 363 0 1
168 363 0 1
169 363 0 1
171 363 0 1
172 363 0 1
1 364 0 1
37 364 0 1
66 364 0 1
68 364 0 1
73 364 0 1
74 364 0 1
82 364 0 1
90 364 0 1
93 364 0 1
97 364 0 1
98 364 0 1
99 364 0 1
100 364 0 1
101 364 0 1
103 364 0 1
106 364 0 1
107 364 0 1
108 364 0 1
109 364 0 1
111 364 0 1
112 364 0 1
156 364 0 1
157 364 0 1
159 364 0 1
160 364 0 1
163 364 0 1
166 364 0 1
167 364 0 1
170 364 0 1
171 364 0 1
173 364 0 1
37 365 0 1
66 365 0 1
68 365 0 1
73 365 0 1
74 365 0 1
82 365 0 1
90 365 0 1
93 365 0 1
96 365 0 1
98 365 0 1
99 365 0 1
100 365 0 1
101 365 0 1
106 365 0 1
107 365 0 1
108 365 0 1
109 365 0 1
110 365 0 1
111 365 0 1
112 365 0 1
157 365 0 1
159 365 0 1
160 365 0 1
163 365 0 1
166 365 0 1
167 365 0 1
168 365 0 1
170 365 0 1
171 365 0 1
1 366 0 1
66 366 0 1
68 366 0 1
74 366 0 1
75 366 0 1
81 366 0 1
87 366 0 1
90 366 0 1
93 366 0 1
97 366 0 1
98 366 0 1
99 366 0 1
100 366 0 1
101 366 0 1
103 366 0 1
106 366 0 1
107 366 0 1
108 366 0 1
109 366 0 1
111 366 0 1
112 366 0 1
156 366 0 1
157 366 0 1
159 366 0 1
163 366 0 1
164 366 0 1
166 366 0 1
167 366 0 1
170 366 0 1
171 366 0 1
173 366 0 1
66 367 0 1
68 367 0 1
73 367 0 1
74 367 0 1
78 367 0 1
82 367 0 1
84 367 0 1
90 367 0 1
93 367 0 1
96 367 0 1
99 367 0 1
100 367 0 1
104 367 0 1
105 367 0 1
108 367 0 1
109 367 0 1
110 367 0 1
111 367 0 1
157 367 0 1
158 367 0 1
159 367 0 1
160 367 0 1
163 367 0 1
165 367 0 1
166 367 0 1
167 367 0 1
168 367 0 1
170 367 0 1
171 367 0 1
172 367 0 1
