2 3 0 0
3 4 0 0
1 5 0 0
1 6 0 0
2 7 0 0
5 7 0 0
2 8 0 0
5 8 0 0
7 8 0 0
1 9 0 0
5 9 0 0
1 10 0 0
6 10 0 0
1 11 0 0
6 11 0 0
9 11 0 0
10 11 0 0
2 12 0 0
3 12 0 0
7 12 0 0
1 13 0 0
4 13 0 0
9 13 0 0
1 14 0 0
6 14 0 0
9 14 0 0
11 14 0 0
13 14 0 0
1 15 0 0
6 15 0 0
9 15 0 0
10 15 0 0
11 15 0 0
13 15 0 0
14 15 0 0
1 16 0 0
4 16 0 0
5 16 0 0
7 16 0 0
8 16 0 0
9 16 0 0
11 16 0 0
13 16 0 0
14 16 0 0
15 16 0 0
2 17 0 0
12 17 0 0
1 18 0 0
6 18 0 0
9 18 0 0
10 18 0 0
11 18 0 0
13 18 0 0
14 18 0 0
15 18 0 0
16 18 0 0
2 19 0 0
7 19 0 0
12 19 0 0
17 19 0 0
1 20 0 0
5 20 0 0
9 20 0 0
11 20 0 0
13 20 0 0
14 20 0 0
15 20 0 0
16 20 0 0
18 20 0 0
1 21 0 0
5 21 0 0
6 21 0 0
9 21 0 0
11 21 0 0
13 21 0 0
14 21 0 0
15 21 0 0
16 21 0 0
18 21 0 0
20 21 0 0
2 22 0 0
12 22 0 0
17 22 0 0
19 22 0 0
2 23 0 0
7 23 0 0
12 23 0 0
17 23 0 0
19 23 0 0
22 23 0 0
1 24 0 0
6 24 0 0
9 24 0 0
10 24 0 0
11 24 0 0
13 24 0 0
14 24 0 0
15 24 0 0
16 24 0 0
18 24 0 0
20 24 0 0
21 24 0 0
1 25 0 0
6 25 0 0
9 25 0 0
10 25 0 0
11 25 0 0
13 25 0 0
14 25 0 0
15 25 0 0
16 25 0 0
18 25 0 0
20 25 0 0
21 25 0 0
24 25 0 0
1 26 0 0
6 26 0 0
9 26 0 0
10 26 0 0
11 26 0 0
13 26 0 0
14 26 0 0
15 26 0 0
16 26 0 0
18 26 0 0
20 26 0 0
21 26 0 0
24 26 0 0
25 26 0 0
1 27 0 0
6 27 0 0
9 27 0 0
10 27 0 0
11 27 0 0
13 27 0 0
14 27 0 0
15 27 0 0
16 27 0 0
18 27 0 0
20 27 0 0
21 27 0 0
24 27 0 0
25 27 0 0
26 27 0 0
3 28 0 0
4 28 0 0
13 28 0 0
16 28 0 0
3 29 0 0
4 29 0 0
13 29 0 0
16 29 0 0
28 29 0 0
2 30 0 0
3 30 0 0
4 30 0 0
12 30 0 0
28 30 0 0
3 31 0 0
4 31 0 0
28 31 0 0
29 31 0 0
30 31 0 0
3 32 0 0
4 32 0 0
12 32 0 0
30 32 0 0
31 32 0 0
3 33 0 0
4 33 0 0
28 33 0 0
29 33 0 0
30 33 0 0
31 33 0 0
32 33 0 0
4 34 0 0
3 35 0 0
4 35 0 0
30 35 0 0
31 35 0 0
32 35 0 0
33 35 0 0
3 36 0 0
35 36 0 0
4 37 0 0
34 37 0 0
38 39 0 0
38 40 0 0
39 40 0 0
34 41 0 0
37 41 0 0
38 41 0 0
39 41 0 0
40 41 0 0
34 42 0 0
38 42 0 0
39 42 0 0
40 42 0 0
41 42 0 0
34 43 0 0
37 43 0 0
38 43 0 0
39 43 0 0
40 43 0 0
41 43 0 0
42 43 0 0
4 44 0 0
34 44 0 0
37 44 0 0
4 45 0 0
34 45 0 0
37 45 0 0
41 45 0 0
43 45 0 0
44 45 0 0
3 46 0 0
4 46 0 0
33 46 0 0
34 46 0 0
37 46 0 0
44 46 0 0
45 46 0 0
3 47 0 0
4 47 0 0
33 47 0 0
35 47 0 0
46 47 0 0
3 48 0 0
4 48 0 0
33 48 0 0
35 48 0 0
44 48 0 0
46 48 0 0
47 48 0 0
3 49 0 0
4 49 0 0
33 49 0 0
34 49 0 0
37 49 0 0
44 49 0 0
45 49 0 0
46 49 0 0
47 49 0 0
48 49 0 0
4 50 0 0
34 50 0 0
37 50 0 0
38 50 0 0
39 50 0 0
40 50 0 0
41 50 0 0
42 50 0 0
43 50 0 0
44 50 0 0
45 50 0 0
46 50 0 0
49 50 0 0
4 51 0 0
34 51 0 0
37 51 0 0
44 51 0 0
45 51 0 0
46 51 0 0
48 51 0 0
49 51 0 0
50 51 0 0
4 52 0 0
13 52 0 0
14 52 0 0
15 52 0 0
16 52 0 0
20 52 0 0
21 52 0 0
25 52 0 0
26 52 0 0
28 52 0 0
29 52 0 0
33 52 0 0
4 53 0 0
13 53 0 0
14 53 0 0
15 53 0 0
16 53 0 0
20 53 0 0
21 53 0 0
24 53 0 0
25 53 0 0
26 53 0 0
27 53 0 0
28 53 0 0
29 53 0 0
52 53 0 0
1 54 0 0
6 54 0 0
10 54 0 0
11 54 0 0
13 54 0 0
14 54 0 0
15 54 0 0
18 54 0 0
21 54 0 0
24 54 0 0
25 54 0 0
26 54 0 0
27 54 0 0
53 54 0 0
2 55 0 0
3 55 0 0
4 55 0 0
12 55 0 0
28 55 0 0
29 55 0 0
30 55 0 0
31 55 0 0
32 55 0 0
33 55 0 0
3 56 0 0
4 56 0 0
13 56 0 0
14 56 0 0
16 56 0 0
20 56 0 0
21 56 0 0
28 56 0 0
29 56 0 0
31 56 0 0
33 56 0 0
52 56 0 0
53 56 0 0
55 56 0 0
1 57 0 0
15 57 0 0
54 57 0 0
3 58 0 1
4 58 0 1
35 58 0 1
36 58 0 1
37 58 0 1
41 58 0 1
43 58 0 1
44 58 0 1
46 58 0 1
47 58 0 1
48 58 0 1
49 58 0 1
50 58 0 1
51 58 0 1
2 59 0 1
3 59 0 1
12 59 0 1
17 59 0 1
19 59 0 1
22 59 0 1
23 59 0 1
30 59 0 1
32 59 0 1
55 59 0 1
2 60 0 1
3 60 0 1
12 60 0 1
17 60 0 1
19 60 0 1
22 60 0 1
23 60 0 1
30 60 0 1
32 60 0 1
2 61 0 1
3 61 0 1
12 61 0 1
17 61 0 1
19 61 0 1
22 61 0 1
23 61 0 1
30 61 0 1
32 61 0 1
2 62 0 1
5 62 0 1
7 62 0 1
8 62 0 1
12 62 0 1
16 62 0 1
19 62 0 1
28 62 0 1
55 62 0 1
4 63 0 1
13 63 0 1
14 63 0 1
15 63 0 1
16 63 0 1
21 63 0 1
24 63 0 1
25 63 0 1
26 63 0 1
27 63 0 1
29 63 0 1
52 63 0 1
53 63 0 1
54 63 0 1
56 63 0 1
34 64 0 1
40 64 0 1
41 64 0 1
42 64 0 1
43 64 0 1
45 64 0 1
50 64 0 1
54 64 0 1
57 64 0 1
3 65 0 1
32 65 0 1
3 66 0 1
12 66 0 1
22 66 0 1
23 66 0 1
30 66 0 1
32 66 0 1
4 67 0 1
13 67 0 1
14 67 0 1
15 67 0 1
16 67 0 1
21 67 0 1
25 67 0 1
26 67 0 1
28 67 0 1
29 67 0 1
52 67 0 1
53 67 0 1
54 67 0 1
56 67 0 1
4 68 0 1
13 68 0 1
14 68 0 1
15 68 0 1
16 68 0 1
26 68 0 1
29 68 0 1
34 68 0 1
45 68 0 1
52 68 0 1
53 68 0 1
54 68 0 1
56 68 0 1
3 69 0 1
12 69 0 1
30 69 0 1
32 69 0 1
3 70 0 1
30 70 0 1
32 70 0 1
4 71 0 1
37 71 0 1
44 71 0 1
45 71 0 1
46 71 0 1
48 71 0 1
49 71 0 1
50 71 0 1
51 71 0 1
37 72 0 1
38 72 0 1
39 72 0 1
41 72 0 1
42 72 0 1
43 72 0 1
45 72 0 1
50 72 0 1
37 73 0 1
38 73 0 1
39 73 0 1
40 73 0 1
41 73 0 1
42 73 0 1
43 73 0 1
50 73 0 1
39 74 0 1
37 75 0 1
49 75 0 1
50 75 0 1
41 76 0 1
43 76 0 1
50 76 0 1
38 77 0 1
39 77 0 1
40 77 0 1
41 77 0 1
42 77 0 1
43 77 0 1
