1 2 0 0
1 3 0 0
2 3 0 0
5 6 0 0
6 7 0 0
7 8 0 0
4 9 0 0
4 10 0 0
9 10 0 0
7 11 0 0
8 11 0 0
5 12 0 0
6 12 0 0
7 12 0 0
6 13 0 0
7 13 0 0
8 13 0 0
11 13 0 0
12 13 0 0
6 14 0 0
7 14 0 0
8 14 0 0
11 14 0 0
12 14 0 0
13 14 0 0
5 15 0 0
6 15 0 0
7 15 0 0
8 15 0 0
11 15 0 0
12 15 0 0
13 15 0 0
14 15 0 0
5 16 0 0
6 16 0 0
7 16 0 0
11 16 0 0
12 16 0 0
13 16 0 0
14 16 0 0
15 16 0 0
5 17 0 0
6 17 0 0
7 17 0 0
8 17 0 0
11 17 0 0
12 17 0 0
13 17 0 0
14 17 0 0
15 17 0 0
16 17 0 0
5 18 0 0
6 18 0 0
7 18 0 0
8 18 0 0
11 18 0 0
12 18 0 0
13 18 0 0
14 18 0 0
15 18 0 0
16 18 0 0
17 18 0 0
5 19 0 0
6 19 0 0
7 19 0 0
12 19 0 0
13 19 0 0
14 19 0 0
15 19 0 0
16 19 0 0
17 19 0 0
18 19 0 0
5 20 0 0
6 20 0 0
12 20 0 0
16 20 0 0
17 20 0 0
19 20 0 0
5 21 0 0
6 21 0 0
7 21 0 0
11 21 0 0
12 21 0 0
13 21 0 0
14 21 0 0
15 21 0 0
16 21 0 0
17 21 0 0
18 21 0 0
19 21 0 0
20 21 0 0
6 22 0 0
7 22 0 0
8 22 0 0
11 22 0 0
12 22 0 0
13 22 0 0
14 22 0 0
15 22 0 0
16 22 0 0
17 22 0 0
18 22 0 0
19 22 0 0
21 22 0 0
5 23 0 0
6 23 0 0
12 23 0 0
16 23 0 0
17 23 0 0
19 23 0 0
20 23 0 0
21 23 0 0
7 24 0 0
8 24 0 0
11 24 0 0
13 24 0 0
14 24 0 0
15 24 0 0
18 24 0 0
22 24 0 0
24 25 0 0
7 26 0 0
8 26 0 0
11 26 0 0
12 26 0 0
13 26 0 0
14 26 0 0
15 26 0 0
16 26 0 0
17 26 0 0
18 26 0 0
21 26 0 0
22 26 0 0
24 26 0 0
5 27 0 0
6 27 0 0
12 27 0 0
15 27 0 0
16 27 0 0
17 27 0 0
18 27 0 0
19 27 0 0
20 27 0 0
21 27 0 0
23 27 0 0
5 28 0 0
6 28 0 0
12 28 0 0
16 28 0 0
19 28 0 0
20 28 0 0
23 28 0 0
27 28 0 0
1 29 0 0
4 29 0 0
9 29 0 0
10 29 0 0
25 30 0 0
1 31 0 0
9 31 0 0
10 31 0 0
29 31 0 0
1 32 0 0
25 32 0 0
30 32 0 0
5 33 0 0
6 33 0 0
12 33 0 0
13 33 0 0
14 33 0 0
15 33 0 0
16 33 0 0
17 33 0 0
18 33 0 0
19 33 0 0
20 33 0 0
21 33 0 0
22 33 0 0
23 33 0 0
27 33 0 0
28 33 0 0
7 34 0 0
8 34 0 0
11 34 0 0
13 34 0 0
14 34 0 0
15 34 0 0
17 34 0 0
18 34 0 0
22 34 0 0
24 34 0 0
26 34 0 0
1 35 0 0
4 35 0 0
9 35 0 0
10 35 0 0
25 35 0 0
29 35 0 0
31 35 0 0
32 35 0 0
7 36 0 0
8 36 0 0
11 36 0 0
13 36 0 0
14 36 0 0
15 36 0 0
16 36 0 0
17 36 0 0
18 36 0 0
21 36 0 0
22 36 0 0
24 36 0 0
26 36 0 0
33 36 0 0
34 36 0 0
6 37 0 0
7 37 0 0
8 37 0 0
11 37 0 0
12 37 0 0
13 37 0 0
14 37 0 0
15 37 0 0
16 37 0 0
17 37 0 0
18 37 0 0
19 37 0 0
21 37 0 0
22 37 0 0
24 37 0 0
26 37 0 0
33 37 0 0
34 37 0 0
36 37 0 0
8 38 0 0
11 38 0 0
24 38 0 0
25 38 0 0
26 38 0 0
30 38 0 0
32 38 0 0
34 38 0 0
36 38 0 0
5 39 0 0
6 39 0 0
12 39 0 0
13 39 0 0
15 39 0 0
16 39 0 0
17 39 0 0
18 39 0 0
19 39 0 0
20 39 0 0
21 39 0 0
23 39 0 0
27 39 0 0
28 39 0 0
33 39 0 0
37 39 0 0
8 40 0 0
11 40 0 0
13 40 0 0
14 40 0 0
24 40 0 0
26 40 0 0
30 40 0 0
32 40 0 0
34 40 0 0
36 40 0 0
38 40 0 0
28 41 0 0
33 41 0 0
39 41 0 0
30 42 0 0
32 42 0 0
34 42 0 0
38 42 0 0
40 42 0 0
30 43 0 0
32 43 0 0
38 43 0 0
40 43 0 0
42 43 0 0
30 44 0 0
32 44 0 0
34 44 0 0
36 44 0 0
38 44 0 0
40 44 0 0
42 44 0 0
43 44 0 0
1 45 0 0
25 45 0 0
30 45 0 0
32 45 0 0
35 45 0 0
38 45 0 0
40 45 0 0
42 45 0 0
43 45 0 0
44 45 0 0
1 46 0 0
29 46 0 0
31 46 0 0
35 46 0 0
45 46 0 0
1 47 0 0
29 47 0 0
31 47 0 0
35 47 0 0
46 47 0 0
1 48 0 0
29 48 0 0
30 48 0 0
31 48 0 0
32 48 0 0
35 48 0 0
45 48 0 0
46 48 0 0
47 48 0 0
30 49 0 0
32 49 0 0
38 49 0 0
40 49 0 0
42 49 0 0
43 49 0 0
44 49 0 0
45 49 0 0
1 50 0 0
30 50 0 0
32 50 0 0
38 50 0 0
42 50 0 0
43 50 0 0
44 50 0 0
45 50 0 0
48 50 0 0
49 50 0 0
1 51 0 0
30 51 0 0
32 51 0 0
35 51 0 0
42 51 0 0
43 51 0 0
45 51 0 0
46 51 0 0
48 51 0 0
49 51 0 0
50 51 0 0
1 52 0 0
9 52 0 0
29 52 0 0
31 52 0 0
35 52 0 0
46 52 0 0
47 52 0 0
48 52 0 0
1 53 0 0
29 53 0 0
31 53 0 0
35 53 0 0
46 53 0 0
47 53 0 0
48 53 0 0
51 53 0 0
52 53 0 0
24 54 0 0
25 54 0 0
30 54 0 0
32 54 0 0
38 54 0 0
40 54 0 0
42 54 0 0
43 54 0 0
44 54 0 0
45 54 0 0
49 54 0 0
50 54 0 0
51 54 0 0
11 55 0 0
13 55 0 0
14 55 0 0
15 55 0 0
24 55 0 0
26 55 0 0
34 55 0 0
36 55 0 0
37 55 0 0
38 55 0 0
40 55 0 0
44 55 0 0
49 55 0 0
11 56 0 0
13 56 0 0
14 56 0 0
24 56 0 0
26 56 0 0
30 56 0 0
32 56 0 0
34 56 0 0
36 56 0 0
37 56 0 0
38 56 0 0
40 56 0 0
42 56 0 0
43 56 0 0
44 56 0 0
45 56 0 0
49 56 0 0
54 56 0 0
55 56 0 0
24 57 0 0
25 57 0 0
30 57 0 0
32 57 0 0
34 57 0 0
36 57 0 0
38 57 0 0
40 57 0 0
42 57 0 0
43 57 0 0
44 57 0 0
45 57 0 0
49 57 0 0
50 57 0 0
51 57 0 0
54 57 0 0
55 57 0 0
56 57 0 0
1 58 0 0
29 58 0 0
31 58 0 0
35 58 0 0
46 58 0 0
47 58 0 0
48 58 0 0
51 58 0 0
52 58 0 0
53 58 0 0
1 59 0 0
25 59 0 0
30 59 0 0
32 59 0 0
38 59 0 0
40 59 0 0
42 59 0 0
43 59 0 0
44 59 0 0
45 59 0 0
48 59 0 0
49 59 0 0
50 59 0 0
51 59 0 0
54 59 0 0
56 59 0 0
57 59 0 0
4 60 0 0
9 60 0 0
10 60 0 0
25 60 0 0
29 60 0 0
30 60 0 0
31 60 0 0
32 60 0 0
35 60 0 0
45 60 0 0
46 60 0 0
47 60 0 0
48 60 0 0
52 60 0 0
53 60 0 0
58 60 0 0
59 60 0 0
7 61 0 0
8 61 0 0
11 61 0 0
13 61 0 0
14 61 0 0
15 61 0 0
18 61 0 0
22 61 0 0
24 61 0 0
26 61 0 0
34 61 0 0
36 61 0 0
37 61 0 0
38 61 0 0
40 61 0 0
42 61 0 0
44 61 0 0
54 61 0 0
55 61 0 0
56 61 0 0
57 61 0 0
8 62 0 0
11 62 0 0
13 62 0 0
14 62 0 0
24 62 0 0
25 62 0 0
26 62 0 0
30 62 0 0
32 62 0 0
34 62 0 0
36 62 0 0
38 62 0 0
40 62 0 0
42 62 0 0
43 62 0 0
44 62 0 0
45 62 0 0
54 62 0 0
55 62 0 0
56 62 0 0
57 62 0 0
59 62 0 0
61 62 0 0
5 63 0 0
6 63 0 0
12 63 0 0
13 63 0 0
15 63 0 0
16 63 0 0
17 63 0 0
18 63 0 0
19 63 0 0
20 63 0 0
21 63 0 0
23 63 0 0
27 63 0 0
28 63 0 0
33 63 0 0
37 63 0 0
39 63 0 0
41 63 0 0
5 64 0 0
6 64 0 0
7 64 0 0
11 64 0 0
12 64 0 0
13 64 0 0
14 64 0 0
15 64 0 0
16 64 0 0
17 64 0 0
18 64 0 0
19 64 0 0
20 64 0 0
21 64 0 0
22 64 0 0
23 64 0 0
26 64 0 0
27 64 0 0
28 64 0 0
33 64 0 0
34 64 0 0
36 64 0 0
37 64 0 0
39 64 0 0
55 64 0 0
63 64 0 0
5 65 0 0
6 65 0 0
7 65 0 0
12 65 0 0
13 65 0 0
14 65 0 0
15 65 0 0
16 65 0 0
17 65 0 0
18 65 0 0
19 65 0 0
20 65 0 0
21 65 0 0
22 65 0 0
23 65 0 0
27 65 0 0
28 65 0 0
33 65 0 0
37 65 0 0
39 65 0 0
63 65 0 0
64 65 0 0
5 66 0 0
6 66 0 0
7 66 0 0
8 66 0 0
11 66 0 0
12 66 0 0
13 66 0 0
14 66 0 0
15 66 0 0
16 66 0 0
17 66 0 0
18 66 0 0
19 66 0 0
21 66 0 0
22 66 0 0
26 66 0 0
27 66 0 0
33 66 0 0
34 66 0 0
36 66 0 0
37 66 0 0
39 66 0 0
55 66 0 0
61 66 0 0
63 66 0 0
64 66 0 0
65 66 0 0
6 67 0 0
7 67 0 0
8 67 0 0
11 67 0 0
12 67 0 0
13 67 0 0
14 67 0 0
15 67 0 0
16 67 0 0
17 67 0 0
18 67 0 0
19 67 0 0
21 67 0 0
22 67 0 0
24 67 0 0
26 67 0 0
33 67 0 0
34 67 0 0
36 67 0 0
37 67 0 0
39 67 0 0
40 67 0 0
55 67 0 0
56 67 0 0
61 67 0 0
63 67 0 0
64 67 0 0
65 67 0 0
66 67 0 0
6 68 0 0
7 68 0 0
8 68 0 0
11 68 0 0
12 68 0 0
13 68 0 0
14 68 0 0
15 68 0 0
16 68 0 0
17 68 0 0
18 68 0 0
19 68 0 0
21 68 0 0
22 68 0 0
24 68 0 0
26 68 0 0
33 68 0 0
34 68 0 0
36 68 0 0
37 68 0 0
39 68 0 0
40 68 0 0
44 68 0 0
55 68 0 0
56 68 0 0
61 68 0 0
62 68 0 0
64 68 0 0
65 68 0 0
66 68 0 0
67 68 0 0
1 69 0 0
4 69 0 0
9 69 0 0
10 69 0 0
25 69 0 0
29 69 0 0
31 69 0 0
35 69 0 0
46 69 0 0
47 69 0 0
48 69 0 0
52 69 0 0
53 69 0 0
58 69 0 0
60 69 0 0
8 70 0 0
11 70 0 0
13 70 0 0
14 70 0 0
24 70 0 0
25 70 0 0
26 70 0 0
30 70 0 0
32 70 0 0
34 70 0 0
36 70 0 0
38 70 0 0
40 70 0 0
42 70 0 0
43 70 0 0
44 70 0 0
45 70 0 0
54 70 0 0
55 70 0 0
56 70 0 0
57 70 0 0
59 70 0 0
61 70 0 0
62 70 0 0
68 70 0 0
5 71 0 0
6 71 0 0
12 71 0 0
16 71 0 0
17 71 0 0
19 71 0 0
20 71 0 0
21 71 0 0
23 71 0 0
27 71 0 0
28 71 0 0
33 71 0 0
37 71 0 0
39 71 0 0
41 71 0 0
63 71 0 0
64 71 0 0
65 71 0 0
66 71 0 0
5 72 0 0
6 72 0 0
12 72 0 0
13 72 0 0
14 72 0 0
15 72 0 0
16 72 0 0
17 72 0 0
18 72 0 0
19 72 0 0
20 72 0 0
21 72 0 0
22 72 0 0
23 72 0 0
27 72 0 0
28 72 0 0
33 72 0 0
37 72 0 0
39 72 0 0
41 72 0 0
63 72 0 0
64 72 0 0
65 72 0 0
66 72 0 0
67 72 0 0
68 72 0 0
71 72 0 0
7 73 0 0
8 73 0 0
11 73 0 0
13 73 0 0
14 73 0 0
15 73 0 0
17 73 0 0
18 73 0 0
22 73 0 0
24 73 0 0
26 73 0 0
34 73 0 0
36 73 0 0
37 73 0 0
38 73 0 0
40 73 0 0
42 73 0 0
44 73 0 0
54 73 0 0
55 73 0 0
56 73 0 0
57 73 0 0
61 73 0 0
62 73 0 0
66 73 0 0
67 73 0 0
68 73 0 0
70 73 0 0
8 74 0 0
11 74 0 0
24 74 0 0
25 74 0 0
30 74 0 0
32 74 0 0
34 74 0 0
36 74 0 0
38 74 0 0
40 74 0 0
42 74 0 0
43 74 0 0
44 74 0 0
45 74 0 0
49 74 0 0
54 74 0 0
56 74 0 0
57 74 0 0
59 74 0 0
61 74 0 0
62 74 0 0
70 74 0 0
73 74 0 0
42 75 0 0
43 75 0 0
44 75 0 0
45 75 0 0
49 75 0 0
50 75 0 0
54 75 0 0
56 75 0 0
57 75 0 0
59 75 0 0
1 76 0 0
3 76 0 0
30 76 0 0
42 76 0 0
43 76 0 0
44 76 0 0
45 76 0 0
49 76 0 0
50 76 0 0
51 76 0 0
54 76 0 0
57 76 0 0
59 76 0 0
75 76 0 0
1 77 0 0
2 77 0 0
3 77 0 0
45 77 0 0
46 77 0 0
47 77 0 0
48 77 0 0
50 77 0 0
51 77 0 0
58 77 0 0
59 77 0 0
76 77 0 0
75 78 0 0
3 79 0 0
44 79 0 0
49 79 0 0
75 79 0 0
76 79 0 0
78 79 0 0
1 80 0 0
2 80 0 0
3 80 0 0
48 80 0 0
50 80 0 0
51 80 0 0
76 80 0 0
77 80 0 0
44 81 0 0
49 81 0 0
55 81 0 0
75 81 0 0
78 81 0 0
79 81 0 0
1 82 0 0
3 82 0 0
42 82 0 0
43 82 0 0
45 82 0 0
48 82 0 0
49 82 0 0
50 82 0 0
51 82 0 0
59 82 0 0
75 82 0 0
76 82 0 0
77 82 0 0
79 82 0 0
80 82 0 0
1 83 0 0
2 83 0 0
3 83 0 0
46 83 0 0
47 83 0 0
48 83 0 0
52 83 0 0
53 83 0 0
58 83 0 0
77 83 0 0
80 83 0 0
3 84 0 0
42 84 0 0
43 84 0 0
44 84 0 0
45 84 0 0
49 84 0 0
50 84 0 0
51 84 0 0
54 84 0 0
57 84 0 0
59 84 0 0
75 84 0 0
76 84 0 0
77 84 0 0
78 84 0 0
79 84 0 0
80 84 0 0
81 84 0 0
82 84 0 0
1 85 0 0
2 85 0 0
3 85 0 0
46 85 0 0
47 85 0 0
48 85 0 0
51 85 0 0
52 85 0 0
53 85 0 0
58 85 0 0
77 85 0 0
80 85 0 0
82 85 0 0
83 85 0 0
1 86 0 0
2 86 0 0
3 86 0 0
45 86 0 0
46 86 0 0
48 86 0 0
50 86 0 0
51 86 0 0
76 86 0 0
77 86 0 0
80 86 0 0
82 86 0 0
83 86 0 0
84 86 0 0
85 86 0 0
1 87 0 0
2 87 0 0
3 87 0 0
43 87 0 0
45 87 0 0
48 87 0 0
49 87 0 0
50 87 0 0
51 87 0 0
59 87 0 0
75 87 0 0
76 87 0 0
77 87 0 0
80 87 0 0
82 87 0 0
83 87 0 0
84 87 0 0
85 87 0 0
86 87 0 0
44 88 0 0
75 88 0 0
78 88 0 0
79 88 0 0
81 88 0 0
84 88 0 0
44 89 0 0
49 89 0 0
75 89 0 0
76 89 0 0
78 89 0 0
79 89 0 0
81 89 0 0
84 89 0 0
88 89 0 0
3 90 0 0
42 90 0 0
44 90 0 0
49 90 0 0
75 90 0 0
76 90 0 0
78 90 0 0
79 90 0 0
81 90 0 0
82 90 0 0
84 90 0 0
88 90 0 0
89 90 0 0
1 91 0 0
2 91 0 0
3 91 0 0
46 91 0 0
47 91 0 0
48 91 0 0
50 91 0 0
51 91 0 0
77 91 0 0
80 91 0 0
82 91 0 0
83 91 0 0
85 91 0 0
86 91 0 0
87 91 0 0
3 92 0 0
44 92 0 0
49 92 0 0
75 92 0 0
76 92 0 0
78 92 0 0
79 92 0 0
81 92 0 0
82 92 0 0
84 92 0 0
88 92 0 0
89 92 0 0
90 92 0 0
1 93 0 0
2 93 0 0
3 93 0 0
46 93 0 0
48 93 0 0
50 93 0 0
51 93 0 0
77 93 0 0
80 93 0 0
82 93 0 0
83 93 0 0
85 93 0 0
86 93 0 0
87 93 0 0
91 93 0 0
40 94 0 0
42 94 0 0
44 94 0 0
49 94 0 0
55 94 0 0
56 94 0 0
57 94 0 0
75 94 0 0
76 94 0 0
78 94 0 0
79 94 0 0
81 94 0 0
84 94 0 0
88 94 0 0
89 94 0 0
90 94 0 0
92 94 0 0
30 95 0 0
40 95 0 0
42 95 0 0
43 95 0 0
44 95 0 0
45 95 0 0
49 95 0 0
50 95 0 0
54 95 0 0
55 95 0 0
56 95 0 0
57 95 0 0
59 95 0 0
75 95 0 0
76 95 0 0
78 95 0 0
79 95 0 0
81 95 0 0
82 95 0 0
84 95 0 0
88 95 0 0
89 95 0 0
90 95 0 0
92 95 0 0
94 95 0 0
1 96 0 0
2 96 0 0
3 96 0 0
30 96 0 0
32 96 0 0
42 96 0 0
43 96 0 0
45 96 0 0
46 96 0 0
48 96 0 0
49 96 0 0
50 96 0 0
51 96 0 0
54 96 0 0
58 96 0 0
59 96 0 0
75 96 0 0
76 96 0 0
77 96 0 0
80 96 0 0
82 96 0 0
84 96 0 0
85 96 0 0
86 96 0 0
87 96 0 0
91 96 0 0
93 96 0 0
1 97 0 0
30 97 0 0
32 97 0 0
42 97 0 0
43 97 0 0
44 97 0 0
45 97 0 0
48 97 0 0
49 97 0 0
50 97 0 0
51 97 0 0
54 97 0 0
57 97 0 0
59 97 0 0
75 97 0 0
76 97 0 0
77 97 0 0
79 97 0 0
80 97 0 0
82 97 0 0
84 97 0 0
86 97 0 0
87 97 0 0
90 97 0 0
91 97 0 0
92 97 0 0
93 97 0 0
95 97 0 0
96 97 0 0
1 98 0 0
3 98 0 0
30 98 0 0
32 98 0 0
42 98 0 0
43 98 0 0
44 98 0 0
45 98 0 0
48 98 0 0
49 98 0 0
50 98 0 0
51 98 0 0
54 98 0 0
57 98 0 0
59 98 0 0
75 98 0 0
76 98 0 0
77 98 0 0
79 98 0 0
80 98 0 0
82 98 0 0
84 98 0 0
86 98 0 0
87 98 0 0
89 98 0 0
90 98 0 0
92 98 0 0
93 98 0 0
94 98 0 0
95 98 0 0
96 98 0 0
97 98 0 0
30 99 0 0
32 99 0 0
34 99 0 0
38 99 0 0
40 99 0 0
42 99 0 0
43 99 0 0
44 99 0 0
45 99 0 0
49 99 0 0
50 99 0 0
54 99 0 0
55 99 0 0
56 99 0 0
57 99 0 0
59 99 0 0
75 99 0 0
76 99 0 0
78 99 0 0
79 99 0 0
81 99 0 0
82 99 0 0
84 99 0 0
88 99 0 0
89 99 0 0
90 99 0 0
92 99 0 0
94 99 0 0
95 99 0 0
97 99 0 0
98 99 0 0
30 100 0 0
32 100 0 0
38 100 0 0
40 100 0 0
42 100 0 0
43 100 0 0
44 100 0 0
45 100 0 0
49 100 0 0
50 100 0 0
51 100 0 0
54 100 0 0
56 100 0 0
57 100 0 0
59 100 0 0
74 100 0 0
75 100 0 0
76 100 0 0
79 100 0 0
81 100 0 0
82 100 0 0
84 100 0 0
86 100 0 0
87 100 0 0
89 100 0 0
90 100 0 0
92 100 0 0
94 100 0 0
95 100 0 0
96 100 0 0
97 100 0 0
98 100 0 0
99 100 0 0
1 101 0 0
30 101 0 0
32 101 0 0
38 101 0 0
42 101 0 0
43 101 0 0
44 101 0 0
45 101 0 0
48 101 0 0
49 101 0 0
50 101 0 0
51 101 0 0
54 101 0 0
57 101 0 0
59 101 0 0
75 101 0 0
76 101 0 0
77 101 0 0
80 101 0 0
82 101 0 0
84 101 0 0
86 101 0 0
87 101 0 0
90 101 0 0
91 101 0 0
92 101 0 0
93 101 0 0
95 101 0 0
96 101 0 0
97 101 0 0
98 101 0 0
99 101 0 0
100 101 0 0
1 102 0 0
30 102 0 0
32 102 0 0
42 102 0 0
43 102 0 0
45 102 0 0
46 102 0 0
48 102 0 0
49 102 0 0
50 102 0 0
51 102 0 0
54 102 0 0
57 102 0 0
58 102 0 0
59 102 0 0
75 102 0 0
76 102 0 0
77 102 0 0
80 102 0 0
82 102 0 0
84 102 0 0
85 102 0 0
86 102 0 0
87 102 0 0
91 102 0 0
93 102 0 0
96 102 0 0
97 102 0 0
98 102 0 0
99 102 0 0
100 102 0 0
101 102 0 0
30 103 0 0
32 103 0 0
38 103 0 0
40 103 0 0
42 103 0 0
43 103 0 0
44 103 0 0
45 103 0 0
49 103 0 0
50 103 0 0
51 103 0 0
54 103 0 0
55 103 0 0
56 103 0 0
57 103 0 0
59 103 0 0
75 103 0 0
76 103 0 0
78 103 0 0
79 103 0 0
81 103 0 0
82 103 0 0
84 103 0 0
87 103 0 0
88 103 0 0
89 103 0 0
90 103 0 0
92 103 0 0
94 103 0 0
95 103 0 0
96 103 0 0
97 103 0 0
98 103 0 0
99 103 0 0
100 103 0 0
101 103 0 0
102 103 0 0
78 105 0 0
81 105 0 0
88 105 0 0
104 105 0 0
78 106 0 0
79 106 0 0
81 106 0 0
88 106 0 0
89 106 0 0
90 106 0 0
92 106 0 0
94 106 0 0
104 106 0 0
105 106 0 0
1 107 0 0
2 107 0 0
3 107 0 0
76 107 0 0
77 107 0 0
80 107 0 0
82 107 0 0
84 107 0 0
85 107 0 0
86 107 0 0
87 107 0 0
91 107 0 0
92 107 0 0
93 107 0 0
96 107 0 0
97 107 0 0
98 107 0 0
3 108 0 0
75 108 0 0
76 108 0 0
78 108 0 0
79 108 0 0
81 108 0 0
84 108 0 0
88 108 0 0
89 108 0 0
90 108 0 0
92 108 0 0
94 108 0 0
95 108 0 0
103 108 0 0
106 108 0 0
1 109 0 0
2 109 0 0
3 109 0 0
80 109 0 0
83 109 0 0
85 109 0 0
91 109 0 0
93 109 0 0
1 110 0 0
2 110 0 0
3 110 0 0
77 110 0 0
80 110 0 0
82 110 0 0
83 110 0 0
85 110 0 0
86 110 0 0
87 110 0 0
91 110 0 0
93 110 0 0
96 110 0 0
107 110 0 0
109 110 0 0
1 111 0 0
2 111 0 0
3 111 0 0
76 111 0 0
77 111 0 0
79 111 0 0
80 111 0 0
82 111 0 0
84 111 0 0
86 111 0 0
87 111 0 0
91 111 0 0
92 111 0 0
93 111 0 0
96 111 0 0
97 111 0 0
98 111 0 0
107 111 0 0
110 111 0 0
3 112 0 0
75 112 0 0
76 112 0 0
78 112 0 0
79 112 0 0
81 112 0 0
82 112 0 0
84 112 0 0
88 112 0 0
89 112 0 0
90 112 0 0
92 112 0 0
95 112 0 0
103 112 0 0
106 112 0 0
107 112 0 0
108 112 0 0
111 112 0 0
3 113 0 0
75 113 0 0
78 113 0 0
79 113 0 0
81 113 0 0
84 113 0 0
88 113 0 0
89 113 0 0
90 113 0 0
92 113 0 0
106 113 0 0
108 113 0 0
112 113 0 0
78 114 0 0
81 114 0 0
88 114 0 0
89 114 0 0
104 114 0 0
105 114 0 0
106 114 0 0
108 114 0 0
113 114 0 0
2 115 0 0
3 115 0 0
76 115 0 0
79 115 0 0
80 115 0 0
82 115 0 0
84 115 0 0
86 115 0 0
87 115 0 0
90 115 0 0
92 115 0 0
93 115 0 0
98 115 0 0
107 115 0 0
108 115 0 0
110 115 0 0
111 115 0 0
112 115 0 0
113 115 0 0
3 116 0 0
78 116 0 0
79 116 0 0
82 116 0 0
84 116 0 0
89 116 0 0
90 116 0 0
92 116 0 0
107 116 0 0
108 116 0 0
111 116 0 0
112 116 0 0
113 116 0 0
115 116 0 0
2 117 0 0
3 117 0 0
80 117 0 0
82 117 0 0
84 117 0 0
86 117 0 0
87 117 0 0
91 117 0 0
93 117 0 0
107 117 0 0
110 117 0 0
111 117 0 0
112 117 0 0
115 117 0 0
116 117 0 0
104 118 0 0
105 118 0 0
106 118 0 0
114 118 0 0
78 119 0 0
88 119 0 0
104 119 0 0
105 119 0 0
106 119 0 0
108 119 0 0
113 119 0 0
114 119 0 0
118 119 0 0
3 120 0 0
78 120 0 0
79 120 0 0
88 120 0 0
89 120 0 0
90 120 0 0
92 120 0 0
106 120 0 0
108 120 0 0
112 120 0 0
113 120 0 0
114 120 0 0
116 120 0 0
118 120 0 0
119 120 0 0
3 121 0 0
106 121 0 0
108 121 0 0
112 121 0 0
113 121 0 0
115 121 0 0
116 121 0 0
119 121 0 0
120 121 0 0
104 122 0 0
105 122 0 0
106 122 0 0
114 122 0 0
118 122 0 0
119 122 0 0
120 122 0 0
2 123 0 0
3 123 0 0
109 123 0 0
110 123 0 0
3 124 0 0
108 124 0 0
112 124 0 0
113 124 0 0
115 124 0 0
116 124 0 0
117 124 0 0
120 124 0 0
121 124 0 0
3 125 0 0
106 125 0 0
108 125 0 0
112 125 0 0
113 125 0 0
116 125 0 0
119 125 0 0
120 125 0 0
121 125 0 0
122 125 0 0
124 125 0 0
2 126 0 0
3 126 0 0
107 126 0 0
110 126 0 0
111 126 0 0
115 126 0 0
117 126 0 0
123 126 0 0
3 127 0 0
108 127 0 0
111 127 0 0
112 127 0 0
113 127 0 0
115 127 0 0
116 127 0 0
117 127 0 0
120 127 0 0
121 127 0 0
124 127 0 0
125 127 0 0
3 128 0 0
121 128 0 0
124 128 0 0
126 128 0 0
127 128 0 0
3 129 0 0
123 129 0 0
126 129 0 0
128 129 0 0
3 130 0 0
124 130 0 0
126 130 0 0
127 130 0 0
128 130 0 0
129 130 0 0
3 131 0 0
121 131 0 0
124 131 0 0
125 131 0 0
126 131 0 0
127 131 0 0
128 131 0 0
129 131 0 0
130 131 0 0
3 132 0 0
124 132 0 0
126 132 0 0
127 132 0 0
128 132 0 0
129 132 0 0
130 132 0 0
131 132 0 0
122 133 0 0
122 134 0 0
133 134 0 0
122 135 0 0
125 135 0 0
133 135 0 0
134 135 0 0
3 136 0 0
124 136 0 0
126 136 0 0
127 136 0 0
128 136 0 0
129 136 0 0
130 136 0 0
131 136 0 0
132 136 0 0
3 137 0 0
121 137 0 0
124 137 0 0
125 137 0 0
127 137 0 0
128 137 0 0
129 137 0 0
130 137 0 0
131 137 0 0
132 137 0 0
136 137 0 0
122 138 0 0
133 138 0 0
134 138 0 0
135 138 0 0
121 139 0 0
122 139 0 0
124 139 0 0
125 139 0 0
127 139 0 0
131 139 0 0
135 139 0 0
136 139 0 0
137 139 0 0
138 139 0 0
3 140 0 0
121 140 0 0
124 140 0 0
125 140 0 0
127 140 0 0
128 140 0 0
130 140 0 0
131 140 0 0
135 140 0 0
136 140 0 0
137 140 0 0
138 140 0 0
139 140 0 0
3 141 0 0
111 141 0 0
112 141 0 0
113 141 0 0
115 141 0 0
116 141 0 0
117 141 0 0
120 141 0 0
121 141 0 0
124 141 0 0
125 141 0 0
126 141 0 0
127 141 0 0
128 141 0 0
129 141 0 0
130 141 0 0
131 141 0 0
132 141 0 0
136 141 0 0
137 141 0 0
139 141 0 0
140 141 0 0
2 142 0 0
3 142 0 0
107 142 0 0
111 142 0 0
115 142 0 0
116 142 0 0
117 142 0 0
121 142 0 0
123 142 0 0
124 142 0 0
126 142 0 0
127 142 0 0
128 142 0 0
129 142 0 0
130 142 0 0
131 142 0 0
132 142 0 0
136 142 0 0
137 142 0 0
140 142 0 0
141 142 0 0
2 143 0 0
3 143 0 0
111 143 0 0
115 143 0 0
117 143 0 0
123 143 0 0
126 143 0 0
128 143 0 0
129 143 0 0
130 143 0 0
131 143 0 0
132 143 0 0
136 143 0 0
137 143 0 0
141 143 0 0
142 143 0 0
2 144 0 0
3 144 0 0
111 144 0 0
115 144 0 0
117 144 0 0
123 144 0 0
124 144 0 0
126 144 0 0
127 144 0 0
128 144 0 0
129 144 0 0
130 144 0 0
131 144 0 0
132 144 0 0
136 144 0 0
137 144 0 0
141 144 0 0
142 144 0 0
143 144 0 0
3 145 0 0
112 145 0 0
113 145 0 0
115 145 0 0
116 145 0 0
117 145 0 0
120 145 0 0
121 145 0 0
124 145 0 0
125 145 0 0
127 145 0 0
128 145 0 0
130 145 0 0
131 145 0 0
132 145 0 0
136 145 0 0
137 145 0 0
139 145 0 0
140 145 0 0
141 145 0 0
142 145 0 0
144 145 0 0
3 146 0 0
112 146 0 0
113 146 0 0
115 146 0 0
116 146 0 0
120 146 0 0
121 146 0 0
124 146 0 0
125 146 0 0
127 146 0 0
128 146 0 0
130 146 0 0
131 146 0 0
132 146 0 0
136 146 0 0
137 146 0 0
139 146 0 0
140 146 0 0
141 146 0 0
142 146 0 0
145 146 0 0
3 147 0 0
112 147 0 0
116 147 0 0
120 147 0 0
121 147 0 0
124 147 0 0
125 147 0 0
127 147 0 0
128 147 0 0
130 147 0 0
131 147 0 0
135 147 0 0
136 147 0 0
137 147 0 0
138 147 0 0
139 147 0 0
140 147 0 0
141 147 0 0
142 147 0 0
145 147 0 0
146 147 0 0
3 148 0 0
115 148 0 0
116 148 0 0
117 148 0 0
121 148 0 0
124 148 0 0
125 148 0 0
126 148 0 0
127 148 0 0
128 148 0 0
129 148 0 0
130 148 0 0
131 148 0 0
132 148 0 0
136 148 0 0
137 148 0 0
140 148 0 0
141 148 0 0
142 148 0 0
143 148 0 0
144 148 0 0
145 148 0 0
146 148 0 0
147 148 0 0
2 149 0 0
3 149 0 0
117 149 0 0
123 149 0 0
124 149 0 0
126 149 0 0
127 149 0 0
128 149 0 0
129 149 0 0
130 149 0 0
131 149 0 0
132 149 0 0
136 149 0 0
137 149 0 0
141 149 0 0
142 149 0 0
143 149 0 0
144 149 0 0
145 149 0 0
146 149 0 0
148 149 0 0
3 150 0 0
116 150 0 0
120 150 0 0
121 150 0 0
124 150 0 0
125 150 0 0
127 150 0 0
128 150 0 0
129 150 0 0
130 150 0 0
131 150 0 0
132 150 0 0
136 150 0 0
137 150 0 0
139 150 0 0
140 150 0 0
141 150 0 0
142 150 0 0
144 150 0 0
145 150 0 0
146 150 0 0
147 150 0 0
148 150 0 0
149 150 0 0
3 151 0 0
78 151 0 0
79 151 0 0
84 151 0 0
88 151 0 0
89 151 0 0
90 151 0 0
92 151 0 0
106 151 0 0
107 151 0 0
108 151 0 0
111 151 0 0
112 151 0 0
113 151 0 0
115 151 0 0
116 151 0 0
117 151 0 0
120 151 0 0
121 151 0 0
124 151 0 0
125 151 0 0
127 151 0 0
131 151 0 0
141 151 0 0
142 151 0 0
145 151 0 0
146 151 0 0
147 151 0 0
148 151 0 0
150 151 0 0
3 152 0 0
78 152 0 0
79 152 0 0
88 152 0 0
89 152 0 0
105 152 0 0
106 152 0 0
108 152 0 0
112 152 0 0
113 152 0 0
114 152 0 0
116 152 0 0
118 152 0 0
119 152 0 0
120 152 0 0
121 152 0 0
122 152 0 0
124 152 0 0
125 152 0 0
127 152 0 0
141 152 0 0
145 152 0 0
146 152 0 0
147 152 0 0
150 152 0 0
151 152 0 0
104 153 0 0
105 153 0 0
106 153 0 0
114 153 0 0
118 153 0 0
119 153 0 0
122 153 0 0
3 154 0 0
79 154 0 0
84 154 0 0
92 154 0 0
107 154 0 0
108 154 0 0
111 154 0 0
112 154 0 0
113 154 0 0
115 154 0 0
116 154 0 0
117 154 0 0
120 154 0 0
121 154 0 0
124 154 0 0
125 154 0 0
127 154 0 0
128 154 0 0
131 154 0 0
141 154 0 0
142 154 0 0
145 154 0 0
146 154 0 0
147 154 0 0
148 154 0 0
150 154 0 0
151 154 0 0
152 154 0 0
2 155 0 0
3 155 0 0
80 155 0 0
82 155 0 0
107 155 0 0
108 155 0 0
110 155 0 0
111 155 0 0
112 155 0 0
115 155 0 0
116 155 0 0
117 155 0 0
120 155 0 0
121 155 0 0
124 155 0 0
125 155 0 0
126 155 0 0
127 155 0 0
128 155 0 0
131 155 0 0
141 155 0 0
142 155 0 0
143 155 0 0
144 155 0 0
145 155 0 0
146 155 0 0
147 155 0 0
148 155 0 0
149 155 0 0
150 155 0 0
151 155 0 0
154 155 0 0
2 156 0 0
3 156 0 0
80 156 0 0
107 156 0 0
109 156 0 0
110 156 0 0
111 156 0 0
117 156 0 0
123 156 0 0
126 156 0 0
142 156 0 0
143 156 0 0
144 156 0 0
149 156 0 0
3 157 0 0
79 157 0 0
92 157 0 0
107 157 0 0
108 157 0 0
111 157 0 0
112 157 0 0
113 157 0 0
115 157 0 0
116 157 0 0
117 157 0 0
120 157 0 0
121 157 0 0
124 157 0 0
125 157 0 0
127 157 0 0
128 157 0 0
131 157 0 0
137 157 0 0
141 157 0 0
142 157 0 0
145 157 0 0
146 157 0 0
147 157 0 0
148 157 0 0
150 157 0 0
151 157 0 0
152 157 0 0
154 157 0 0
155 157 0 0
3 158 0 0
79 158 0 0
108 158 0 0
111 158 0 0
112 158 0 0
113 158 0 0
115 158 0 0
116 158 0 0
117 158 0 0
120 158 0 0
121 158 0 0
124 158 0 0
125 158 0 0
127 158 0 0
128 158 0 0
131 158 0 0
137 158 0 0
140 158 0 0
141 158 0 0
142 158 0 0
145 158 0 0
146 158 0 0
147 158 0 0
148 158 0 0
150 158 0 0
151 158 0 0
152 158 0 0
154 158 0 0
155 158 0 0
157 158 0 0
2 159 0 0
3 159 0 0
107 159 0 0
109 159 0 0
110 159 0 0
111 159 0 0
115 159 0 0
117 159 0 0
123 159 0 0
126 159 0 0
129 159 0 0
132 159 0 0
142 159 0 0
143 159 0 0
144 159 0 0
149 159 0 0
155 159 0 0
156 159 0 0
78 160 0 0
81 160 0 0
88 160 0 0
104 160 0 0
105 160 0 0
106 160 0 0
114 160 0 0
118 160 0 0
119 160 0 0
153 160 0 0
3 161 0 0
75 161 0 0
76 161 0 0
78 161 0 0
79 161 0 0
81 161 0 0
84 161 0 0
88 161 0 0
89 161 0 0
90 161 0 0
92 161 0 0
94 161 0 0
95 161 0 0
99 161 0 0
103 161 0 0
105 161 0 0
106 161 0 0
108 161 0 0
112 161 0 0
113 161 0 0
114 161 0 0
116 161 0 0
118 161 0 0
119 161 0 0
120 161 0 0
121 161 0 0
125 161 0 0
151 161 0 0
152 161 0 0
154 161 0 0
157 161 0 0
158 161 0 0
160 161 0 0
1 162 0 0
2 162 0 0
3 162 0 0
48 162 0 0
51 162 0 0
77 162 0 0
80 162 0 0
82 162 0 0
83 162 0 0
85 162 0 0
86 162 0 0
87 162 0 0
91 162 0 0
93 162 0 0
96 162 0 0
97 162 0 0
102 162 0 0
107 162 0 0
109 162 0 0
110 162 0 0
111 162 0 0
115 162 0 0
117 162 0 0
156 162 0 0
159 162 0 0
75 163 0 0
78 163 0 0
79 163 0 0
81 163 0 0
84 163 0 0
88 163 0 0
89 163 0 0
90 163 0 0
92 163 0 0
94 163 0 0
95 163 0 0
99 163 0 0
103 163 0 0
105 163 0 0
106 163 0 0
108 163 0 0
112 163 0 0
113 163 0 0
114 163 0 0
118 163 0 0
119 163 0 0
120 163 0 0
151 163 0 0
152 163 0 0
160 163 0 0
161 163 0 0
1 164 0 0
2 164 0 0
3 164 0 0
77 164 0 0
80 164 0 0
83 164 0 0
85 164 0 0
86 164 0 0
87 164 0 0
91 164 0 0
93 164 0 0
109 164 0 0
110 164 0 0
156 164 0 0
159 164 0 0
162 164 0 0
1 165 0 0
3 165 0 0
49 165 0 0
50 165 0 0
51 165 0 0
75 165 0 0
76 165 0 0
77 165 0 0
79 165 0 0
80 165 0 0
82 165 0 0
84 165 0 0
86 165 0 0
87 165 0 0
89 165 0 0
90 165 0 0
92 165 0 0
93 165 0 0
95 165 0 0
96 165 0 0
97 165 0 0
98 165 0 0
99 165 0 0
100 165 0 0
101 165 0 0
102 165 0 0
103 165 0 0
107 165 0 0
108 165 0 0
110 165 0 0
111 165 0 0
112 165 0 0
113 165 0 0
115 165 0 0
116 165 0 0
117 165 0 0
151 165 0 0
154 165 0 0
155 165 0 0
157 165 0 0
161 165 0 0
162 165 0 0
1 166 0 0
2 166 0 0
3 166 0 0
50 166 0 0
51 166 0 0
76 166 0 0
77 166 0 0
80 166 0 0
82 166 0 0
83 166 0 0
84 166 0 0
85 166 0 0
86 166 0 0
87 166 0 0
91 166 0 0
93 166 0 0
96 166 0 0
97 166 0 0
98 166 0 0
101 166 0 0
102 166 0 0
107 166 0 0
109 166 0 0
110 166 0 0
111 166 0 0
115 166 0 0
116 166 0 0
117 166 0 0
126 166 0 0
155 166 0 0
156 166 0 0
159 166 0 0
162 166 0 0
164 166 0 0
165 166 0 0
3 167 0 0
49 167 0 0
75 167 0 0
76 167 0 0
78 167 0 0
79 167 0 0
81 167 0 0
82 167 0 0
84 167 0 0
88 167 0 0
89 167 0 0
90 167 0 0
92 167 0 0
94 167 0 0
95 167 0 0
97 167 0 0
98 167 0 0
99 167 0 0
100 167 0 0
103 167 0 0
106 167 0 0
107 167 0 0
108 167 0 0
111 167 0 0
112 167 0 0
113 167 0 0
115 167 0 0
116 167 0 0
120 167 0 0
151 167 0 0
152 167 0 0
154 167 0 0
155 167 0 0
157 167 0 0
158 167 0 0
161 167 0 0
163 167 0 0
165 167 0 0
3 168 0 0
49 168 0 0
50 168 0 0
75 168 0 0
76 168 0 0
77 168 0 0
78 168 0 0
79 168 0 0
80 168 0 0
82 168 0 0
84 168 0 0
86 168 0 0
87 168 0 0
89 168 0 0
90 168 0 0
92 168 0 0
94 168 0 0
95 168 0 0
96 168 0 0
97 168 0 0
98 168 0 0
99 168 0 0
100 168 0 0
101 168 0 0
102 168 0 0
103 168 0 0
107 168 0 0
108 168 0 0
111 168 0 0
112 168 0 0
113 168 0 0
115 168 0 0
116 168 0 0
117 168 0 0
120 168 0 0
151 168 0 0
154 168 0 0
155 168 0 0
157 168 0 0
158 168 0 0
161 168 0 0
163 168 0 0
165 168 0 0
166 168 0 0
167 168 0 0
3 169 0 0
49 169 0 0
75 169 0 0
76 169 0 0
78 169 0 0
79 169 0 0
81 169 0 0
82 169 0 0
84 169 0 0
86 169 0 0
87 169 0 0
88 169 0 0
89 169 0 0
90 169 0 0
92 169 0 0
94 169 0 0
95 169 0 0
96 169 0 0
97 169 0 0
98 169 0 0
99 169 0 0
100 169 0 0
101 169 0 0
103 169 0 0
107 169 0 0
108 169 0 0
111 169 0 0
112 169 0 0
113 169 0 0
115 169 0 0
116 169 0 0
117 169 0 0
120 169 0 0
121 169 0 0
127 169 0 0
151 169 0 0
152 169 0 0
154 169 0 0
155 169 0 0
157 169 0 0
158 169 0 0
161 169 0 0
163 169 0 0
165 169 0 0
166 169 0 0
167 169 0 0
168 169 0 0
1 170 0 0
2 170 0 0
3 170 0 0
50 170 0 0
75 170 0 0
76 170 0 0
77 170 0 0
79 170 0 0
80 170 0 0
82 170 0 0
84 170 0 0
86 170 0 0
87 170 0 0
90 170 0 0
91 170 0 0
92 170 0 0
93 170 0 0
95 170 0 0
96 170 0 0
97 170 0 0
98 170 0 0
100 170 0 0
101 170 0 0
102 170 0 0
103 170 0 0
107 170 0 0
108 170 0 0
110 170 0 0
111 170 0 0
112 170 0 0
115 170 0 0
116 170 0 0
117 170 0 0
151 170 0 0
154 170 0 0
155 170 0 0
157 170 0 0
158 170 0 0
162 170 0 0
165 170 0 0
166 170 0 0
167 170 0 0
168 170 0 0
169 170 0 0
3 171 0 0
75 171 0 0
76 171 0 0
78 171 0 0
79 171 0 0
81 171 0 0
82 171 0 0
84 171 0 0
87 171 0 0
88 171 0 0
89 171 0 0
90 171 0 0
92 171 0 0
94 171 0 0
95 171 0 0
97 171 0 0
98 171 0 0
100 171 0 0
103 171 0 0
107 171 0 0
108 171 0 0
111 171 0 0
112 171 0 0
113 171 0 0
115 171 0 0
116 171 0 0
117 171 0 0
120 171 0 0
121 171 0 0
124 171 0 0
125 171 0 0
127 171 0 0
141 171 0 0
151 171 0 0
152 171 0 0
154 171 0 0
155 171 0 0
157 171 0 0
158 171 0 0
161 171 0 0
163 171 0 0
165 171 0 0
166 171 0 0
167 171 0 0
168 171 0 0
169 171 0 0
170 171 0 0
1 172 0 0
2 172 0 0
3 172 0 0
76 172 0 0
77 172 0 0
80 172 0 0
82 172 0 0
84 172 0 0
85 172 0 0
86 172 0 0
87 172 0 0
91 172 0 0
93 172 0 0
96 172 0 0
97 172 0 0
98 172 0 0
102 172 0 0
107 172 0 0
110 172 0 0
111 172 0 0
115 172 0 0
116 172 0 0
117 172 0 0
142 172 0 0
154 172 0 0
155 172 0 0
156 172 0 0
159 172 0 0
162 172 0 0
164 172 0 0
165 172 0 0
166 172 0 0
168 172 0 0
169 172 0 0
170 172 0 0
171 172 0 0
1 173 0 0
2 173 0 0
3 173 0 0
77 173 0 0
80 173 0 0
82 173 0 0
83 173 0 0
85 173 0 0
86 173 0 0
87 173 0 0
91 173 0 0
93 173 0 0
96 173 0 0
107 173 0 0
109 173 0 0
110 173 0 0
111 173 0 0
115 173 0 0
117 173 0 0
156 173 0 0
159 173 0 0
162 173 0 0
164 173 0 0
166 173 0 0
170 173 0 0
172 173 0 0
1 174 0 0
2 174 0 0
3 174 0 0
77 174 0 0
80 174 0 0
83 174 0 0
85 174 0 0
86 174 0 0
91 174 0 0
93 174 0 0
109 174 0 0
110 174 0 0
156 174 0 0
159 174 0 0
162 174 0 0
164 174 0 0
166 174 0 0
173 174 0 0
12 175 0 1
13 175 0 1
15 175 0 1
16 175 0 1
17 175 0 1
19 175 0 1
21 175 0 1
27 175 0 1
28 175 0 1
33 175 0 1
34 175 0 1
36 175 0 1
37 175 0 1
39 175 0 1
41 175 0 1
55 175 0 1
63 175 0 1
64 175 0 1
65 175 0 1
66 175 0 1
67 175 0 1
68 175 0 1
71 175 0 1
72 175 0 1
73 175 0 1
81 175 0 1
88 175 0 1
104 175 0 1
105 175 0 1
160 175 0 1
13 176 0 1
33 176 0 1
34 176 0 1
36 176 0 1
37 176 0 1
39 176 0 1
40 176 0 1
41 176 0 1
44 176 0 1
49 176 0 1
55 176 0 1
56 176 0 1
64 176 0 1
65 176 0 1
66 176 0 1
67 176 0 1
68 176 0 1
72 176 0 1
73 176 0 1
75 176 0 1
78 176 0 1
79 176 0 1
81 176 0 1
84 176 0 1
88 176 0 1
89 176 0 1
90 176 0 1
92 176 0 1
94 176 0 1
95 176 0 1
99 176 0 1
100 176 0 1
103 176 0 1
104 176 0 1
105 176 0 1
106 176 0 1
108 176 0 1
113 176 0 1
114 176 0 1
118 176 0 1
119 176 0 1
160 176 0 1
161 176 0 1
163 176 0 1
167 176 0 1
171 176 0 1
6 177 0 1
7 177 0 1
8 177 0 1
11 177 0 1
13 177 0 1
14 177 0 1
15 177 0 1
16 177 0 1
17 177 0 1
18 177 0 1
21 177 0 1
22 177 0 1
24 177 0 1
26 177 0 1
34 177 0 1
36 177 0 1
37 177 0 1
61 177 0 1
62 177 0 1
64 177 0 1
66 177 0 1
67 177 0 1
68 177 0 1
70 177 0 1
73 177 0 1
7 178 0 1
8 178 0 1
11 178 0 1
13 178 0 1
14 178 0 1
15 178 0 1
17 178 0 1
18 178 0 1
21 178 0 1
22 178 0 1
24 178 0 1
26 178 0 1
34 178 0 1
36 178 0 1
37 178 0 1
38 178 0 1
40 178 0 1
61 178 0 1
62 178 0 1
66 178 0 1
67 178 0 1
68 178 0 1
70 178 0 1
73 178 0 1
74 178 0 1
4 179 0 1
9 179 0 1
10 179 0 1
25 179 0 1
29 179 0 1
35 179 0 1
60 179 0 1
69 179 0 1
7 180 0 1
8 180 0 1
11 180 0 1
13 180 0 1
14 180 0 1
24 180 0 1
25 180 0 1
26 180 0 1
38 180 0 1
61 180 0 1
62 180 0 1
70 180 0 1
73 180 0 1
74 180 0 1
10 181 0 1
25 181 0 1
60 181 0 1
62 181 0 1
69 181 0 1
74 181 0 1
4 182 0 1
9 182 0 1
10 182 0 1
25 182 0 1
35 182 0 1
60 182 0 1
69 182 0 1
74 182 0 1
25 183 0 1
32 183 0 1
38 183 0 1
60 183 0 1
62 183 0 1
70 183 0 1
74 183 0 1
4 184 0 1
9 184 0 1
10 184 0 1
25 184 0 1
29 184 0 1
35 184 0 1
60 184 0 1
69 184 0 1
8 185 0 1
11 185 0 1
24 185 0 1
25 185 0 1
38 185 0 1
40 185 0 1
61 185 0 1
62 185 0 1
70 185 0 1
73 185 0 1
74 185 0 1
5 186 0 1
6 186 0 1
12 186 0 1
16 186 0 1
17 186 0 1
19 186 0 1
20 186 0 1
21 186 0 1
23 186 0 1
27 186 0 1
28 186 0 1
33 186 0 1
39 186 0 1
63 186 0 1
64 186 0 1
65 186 0 1
71 186 0 1
72 186 0 1
4 187 0 1
9 187 0 1
10 187 0 1
29 187 0 1
31 187 0 1
35 187 0 1
47 187 0 1
52 187 0 1
53 187 0 1
58 187 0 1
60 187 0 1
69 187 0 1
4 188 0 1
9 188 0 1
10 188 0 1
25 188 0 1
29 188 0 1
31 188 0 1
32 188 0 1
35 188 0 1
52 188 0 1
53 188 0 1
58 188 0 1
60 188 0 1
69 188 0 1
5 189 0 1
6 189 0 1
7 189 0 1
12 189 0 1
13 189 0 1
14 189 0 1
15 189 0 1
16 189 0 1
17 189 0 1
18 189 0 1
19 189 0 1
20 189 0 1
21 189 0 1
22 189 0 1
23 189 0 1
26 189 0 1
27 189 0 1
28 189 0 1
33 189 0 1
36 189 0 1
37 189 0 1
39 189 0 1
41 189 0 1
55 189 0 1
63 189 0 1
64 189 0 1
65 189 0 1
66 189 0 1
67 189 0 1
68 189 0 1
71 189 0 1
72 189 0 1
24 190 0 1
25 190 0 1
30 190 0 1
32 190 0 1
38 190 0 1
40 190 0 1
42 190 0 1
43 190 0 1
45 190 0 1
54 190 0 1
56 190 0 1
57 190 0 1
59 190 0 1
60 190 0 1
61 190 0 1
62 190 0 1
70 190 0 1
74 190 0 1
7 191 0 1
8 191 0 1
11 191 0 1
13 191 0 1
14 191 0 1
15 191 0 1
18 191 0 1
22 191 0 1
24 191 0 1
25 191 0 1
26 191 0 1
30 191 0 1
32 191 0 1
34 191 0 1
36 191 0 1
38 191 0 1
40 191 0 1
42 191 0 1
43 191 0 1
44 191 0 1
54 191 0 1
55 191 0 1
56 191 0 1
57 191 0 1
59 191 0 1
61 191 0 1
62 191 0 1
67 191 0 1
68 191 0 1
70 191 0 1
73 191 0 1
74 191 0 1
7 192 0 1
8 192 0 1
11 192 0 1
13 192 0 1
14 192 0 1
15 192 0 1
18 192 0 1
22 192 0 1
24 192 0 1
26 192 0 1
30 192 0 1
34 192 0 1
36 192 0 1
37 192 0 1
38 192 0 1
40 192 0 1
42 192 0 1
43 192 0 1
44 192 0 1
54 192 0 1
55 192 0 1
56 192 0 1
57 192 0 1
59 192 0 1
61 192 0 1
62 192 0 1
66 192 0 1
67 192 0 1
68 192 0 1
70 192 0 1
73 192 0 1
74 192 0 1
1 193 0 1
4 193 0 1
9 193 0 1
10 193 0 1
29 193 0 1
31 193 0 1
35 193 0 1
46 193 0 1
47 193 0 1
48 193 0 1
52 193 0 1
53 193 0 1
58 193 0 1
60 193 0 1
69 193 0 1
4 194 0 1
9 194 0 1
10 194 0 1
25 194 0 1
29 194 0 1
31 194 0 1
32 194 0 1
35 194 0 1
46 194 0 1
47 194 0 1
48 194 0 1
52 194 0 1
53 194 0 1
58 194 0 1
60 194 0 1
69 194 0 1
25 195 0 1
29 195 0 1
30 195 0 1
32 195 0 1
35 195 0 1
38 195 0 1
42 195 0 1
43 195 0 1
45 195 0 1
48 195 0 1
51 195 0 1
54 195 0 1
57 195 0 1
58 195 0 1
59 195 0 1
60 195 0 1
62 195 0 1
69 195 0 1
70 195 0 1
74 195 0 1
1 196 0 1
4 196 0 1
9 196 0 1
10 196 0 1
29 196 0 1
31 196 0 1
35 196 0 1
46 196 0 1
47 196 0 1
48 196 0 1
52 196 0 1
53 196 0 1
58 196 0 1
60 196 0 1
69 196 0 1
9 197 0 1
10 197 0 1
25 197 0 1
29 197 0 1
30 197 0 1
32 197 0 1
35 197 0 1
54 197 0 1
59 197 0 1
60 197 0 1
62 197 0 1
69 197 0 1
74 197 0 1
4 198 0 1
9 198 0 1
10 198 0 1
25 198 0 1
29 198 0 1
31 198 0 1
35 198 0 1
53 198 0 1
60 198 0 1
69 198 0 1
4 199 0 1
9 199 0 1
10 199 0 1
25 199 0 1
29 199 0 1
31 199 0 1
32 199 0 1
35 199 0 1
60 199 0 1
69 199 0 1
25 200 0 1
30 200 0 1
32 200 0 1
35 200 0 1
38 200 0 1
54 200 0 1
60 200 0 1
62 200 0 1
69 200 0 1
70 200 0 1
74 200 0 1
4 201 0 1
9 201 0 1
10 201 0 1
25 201 0 1
29 201 0 1
31 201 0 1
35 201 0 1
60 201 0 1
69 201 0 1
7 202 0 1
8 202 0 1
11 202 0 1
13 202 0 1
14 202 0 1
15 202 0 1
18 202 0 1
22 202 0 1
24 202 0 1
25 202 0 1
26 202 0 1
34 202 0 1
36 202 0 1
38 202 0 1
40 202 0 1
56 202 0 1
61 202 0 1
62 202 0 1
67 202 0 1
68 202 0 1
70 202 0 1
73 202 0 1
74 202 0 1
8 203 0 1
24 203 0 1
25 203 0 1
30 203 0 1
32 203 0 1
38 203 0 1
40 203 0 1
54 203 0 1
60 203 0 1
61 203 0 1
62 203 0 1
70 203 0 1
74 203 0 1
7 204 0 1
8 204 0 1
11 204 0 1
13 204 0 1
14 204 0 1
22 204 0 1
24 204 0 1
25 204 0 1
26 204 0 1
30 204 0 1
34 204 0 1
36 204 0 1
38 204 0 1
40 204 0 1
54 204 0 1
56 204 0 1
57 204 0 1
61 204 0 1
62 204 0 1
68 204 0 1
70 204 0 1
73 204 0 1
74 204 0 1
4 205 0 1
9 205 0 1
10 205 0 1
25 205 0 1
29 205 0 1
32 205 0 1
35 205 0 1
60 205 0 1
69 205 0 1
4 206 0 1
9 206 0 1
10 206 0 1
25 206 0 1
29 206 0 1
35 206 0 1
60 206 0 1
69 206 0 1
4 207 0 1
9 207 0 1
10 207 0 1
25 207 0 1
29 207 0 1
31 207 0 1
35 207 0 1
52 207 0 1
53 207 0 1
58 207 0 1
60 207 0 1
69 207 0 1
8 208 0 1
11 208 0 1
24 208 0 1
25 208 0 1
26 208 0 1
30 208 0 1
32 208 0 1
38 208 0 1
40 208 0 1
54 208 0 1
56 208 0 1
57 208 0 1
61 208 0 1
62 208 0 1
70 208 0 1
73 208 0 1
74 208 0 1
7 209 0 1
8 209 0 1
11 209 0 1
13 209 0 1
14 209 0 1
15 209 0 1
17 209 0 1
18 209 0 1
22 209 0 1
24 209 0 1
26 209 0 1
34 209 0 1
36 209 0 1
37 209 0 1
38 209 0 1
40 209 0 1
55 209 0 1
56 209 0 1
57 209 0 1
61 209 0 1
62 209 0 1
66 209 0 1
67 209 0 1
68 209 0 1
70 209 0 1
73 209 0 1
74 209 0 1
5 210 0 1
12 210 0 1
16 210 0 1
17 210 0 1
19 210 0 1
20 210 0 1
23 210 0 1
27 210 0 1
28 210 0 1
33 210 0 1
37 210 0 1
39 210 0 1
41 210 0 1
63 210 0 1
64 210 0 1
65 210 0 1
66 210 0 1
71 210 0 1
72 210 0 1
11 211 0 1
12 211 0 1
13 211 0 1
14 211 0 1
15 211 0 1
16 211 0 1
17 211 0 1
18 211 0 1
22 211 0 1
24 211 0 1
26 211 0 1
33 211 0 1
34 211 0 1
36 211 0 1
37 211 0 1
39 211 0 1
40 211 0 1
44 211 0 1
55 211 0 1
56 211 0 1
61 211 0 1
64 211 0 1
65 211 0 1
66 211 0 1
67 211 0 1
68 211 0 1
72 211 0 1
73 211 0 1
94 211 0 1
8 212 0 1
11 212 0 1
13 212 0 1
14 212 0 1
15 212 0 1
22 212 0 1
24 212 0 1
26 212 0 1
34 212 0 1
36 212 0 1
37 212 0 1
38 212 0 1
40 212 0 1
42 212 0 1
44 212 0 1
49 212 0 1
54 212 0 1
55 212 0 1
56 212 0 1
57 212 0 1
61 212 0 1
62 212 0 1
66 212 0 1
67 212 0 1
68 212 0 1
70 212 0 1
73 212 0 1
74 212 0 1
94 212 0 1
95 212 0 1
99 212 0 1
100 212 0 1
103 212 0 1
24 213 0 1
25 213 0 1
30 213 0 1
32 213 0 1
38 213 0 1
40 213 0 1
42 213 0 1
43 213 0 1
44 213 0 1
45 213 0 1
49 213 0 1
50 213 0 1
51 213 0 1
54 213 0 1
56 213 0 1
57 213 0 1
59 213 0 1
61 213 0 1
62 213 0 1
70 213 0 1
74 213 0 1
76 213 0 1
95 213 0 1
96 213 0 1
97 213 0 1
98 213 0 1
99 213 0 1
100 213 0 1
101 213 0 1
102 213 0 1
103 213 0 1
1 214 0 1
29 214 0 1
31 214 0 1
35 214 0 1
46 214 0 1
47 214 0 1
48 214 0 1
51 214 0 1
52 214 0 1
53 214 0 1
58 214 0 1
69 214 0 1
77 214 0 1
83 214 0 1
85 214 0 1
86 214 0 1
91 214 0 1
93 214 0 1
162 214 0 1
164 214 0 1
1 215 0 1
29 215 0 1
31 215 0 1
35 215 0 1
46 215 0 1
47 215 0 1
48 215 0 1
52 215 0 1
53 215 0 1
58 215 0 1
60 215 0 1
69 215 0 1
83 215 0 1
85 215 0 1
12 216 0 1
19 216 0 1
23 216 0 1
27 216 0 1
28 216 0 1
33 216 0 1
39 216 0 1
41 216 0 1
63 216 0 1
64 216 0 1
65 216 0 1
71 216 0 1
72 216 0 1
1 217 0 1
29 217 0 1
31 217 0 1
32 217 0 1
35 217 0 1
45 217 0 1
46 217 0 1
47 217 0 1
48 217 0 1
50 217 0 1
51 217 0 1
52 217 0 1
53 217 0 1
58 217 0 1
59 217 0 1
60 217 0 1
69 217 0 1
77 217 0 1
83 217 0 1
85 217 0 1
86 217 0 1
87 217 0 1
91 217 0 1
96 217 0 1
101 217 0 1
102 217 0 1
11 218 0 1
12 218 0 1
13 218 0 1
15 218 0 1
16 218 0 1
17 218 0 1
33 218 0 1
34 218 0 1
36 218 0 1
37 218 0 1
39 218 0 1
55 218 0 1
56 218 0 1
63 218 0 1
64 218 0 1
65 218 0 1
66 218 0 1
67 218 0 1
68 218 0 1
72 218 0 1
73 218 0 1
81 218 0 1
94 218 0 1
11 219 0 1
12 219 0 1
13 219 0 1
15 219 0 1
17 219 0 1
26 219 0 1
33 219 0 1
34 219 0 1
36 219 0 1
37 219 0 1
39 219 0 1
40 219 0 1
44 219 0 1
55 219 0 1
56 219 0 1
61 219 0 1
64 219 0 1
65 219 0 1
66 219 0 1
67 219 0 1
68 219 0 1
72 219 0 1
73 219 0 1
81 219 0 1
94 219 0 1
11 220 0 1
13 220 0 1
24 220 0 1
26 220 0 1
34 220 0 1
36 220 0 1
37 220 0 1
38 220 0 1
40 220 0 1
42 220 0 1
43 220 0 1
44 220 0 1
49 220 0 1
54 220 0 1
55 220 0 1
56 220 0 1
57 220 0 1
59 220 0 1
61 220 0 1
62 220 0 1
66 220 0 1
67 220 0 1
68 220 0 1
70 220 0 1
73 220 0 1
74 220 0 1
75 220 0 1
81 220 0 1
94 220 0 1
95 220 0 1
99 220 0 1
100 220 0 1
103 220 0 1
11 221 0 1
24 221 0 1
30 221 0 1
32 221 0 1
34 221 0 1
36 221 0 1
38 221 0 1
40 221 0 1
42 221 0 1
43 221 0 1
44 221 0 1
45 221 0 1
49 221 0 1
54 221 0 1
55 221 0 1
56 221 0 1
57 221 0 1
59 221 0 1
61 221 0 1
62 221 0 1
68 221 0 1
70 221 0 1
73 221 0 1
74 221 0 1
75 221 0 1
76 221 0 1
81 221 0 1
84 221 0 1
90 221 0 1
94 221 0 1
95 221 0 1
98 221 0 1
99 221 0 1
100 221 0 1
101 221 0 1
103 221 0 1
1 222 0 1
25 222 0 1
29 222 0 1
30 222 0 1
31 222 0 1
32 222 0 1
35 222 0 1
42 222 0 1
43 222 0 1
45 222 0 1
46 222 0 1
47 222 0 1
48 222 0 1
50 222 0 1
51 222 0 1
52 222 0 1
53 222 0 1
54 222 0 1
58 222 0 1
59 222 0 1
60 222 0 1
69 222 0 1
77 222 0 1
85 222 0 1
86 222 0 1
87 222 0 1
91 222 0 1
96 222 0 1
97 222 0 1
98 222 0 1
101 222 0 1
102 222 0 1
28 223 0 1
33 223 0 1
37 223 0 1
39 223 0 1
41 223 0 1
63 223 0 1
64 223 0 1
65 223 0 1
71 223 0 1
72 223 0 1
33 224 0 1
34 224 0 1
36 224 0 1
37 224 0 1
39 224 0 1
41 224 0 1
55 224 0 1
63 224 0 1
64 224 0 1
65 224 0 1
66 224 0 1
67 224 0 1
68 224 0 1
72 224 0 1
81 224 0 1
94 224 0 1
5 225 0 1
6 225 0 1
12 225 0 1
13 225 0 1
15 225 0 1
16 225 0 1
17 225 0 1
18 225 0 1
19 225 0 1
20 225 0 1
21 225 0 1
23 225 0 1
27 225 0 1
28 225 0 1
33 225 0 1
37 225 0 1
39 225 0 1
41 225 0 1
63 225 0 1
64 225 0 1
65 225 0 1
66 225 0 1
67 225 0 1
68 225 0 1
71 225 0 1
72 225 0 1
1 226 0 1
4 226 0 1
9 226 0 1
10 226 0 1
29 226 0 1
31 226 0 1
35 226 0 1
46 226 0 1
47 226 0 1
48 226 0 1
52 226 0 1
53 226 0 1
58 226 0 1
60 226 0 1
69 226 0 1
7 227 0 1
8 227 0 1
11 227 0 1
13 227 0 1
14 227 0 1
15 227 0 1
17 227 0 1
18 227 0 1
22 227 0 1
24 227 0 1
26 227 0 1
34 227 0 1
36 227 0 1
37 227 0 1
38 227 0 1
40 227 0 1
44 227 0 1
55 227 0 1
56 227 0 1
57 227 0 1
61 227 0 1
62 227 0 1
64 227 0 1
66 227 0 1
67 227 0 1
68 227 0 1
70 227 0 1
73 227 0 1
74 227 0 1
1 228 0 1
9 228 0 1
10 228 0 1
25 228 0 1
29 228 0 1
30 228 0 1
31 228 0 1
32 228 0 1
35 228 0 1
43 228 0 1
45 228 0 1
46 228 0 1
47 228 0 1
48 228 0 1
50 228 0 1
51 228 0 1
52 228 0 1
53 228 0 1
58 228 0 1
59 228 0 1
60 228 0 1
69 228 0 1
101 228 0 1
102 228 0 1
1 229 0 1
25 229 0 1
29 229 0 1
30 229 0 1
31 229 0 1
32 229 0 1
35 229 0 1
38 229 0 1
42 229 0 1
43 229 0 1
45 229 0 1
46 229 0 1
48 229 0 1
50 229 0 1
51 229 0 1
53 229 0 1
54 229 0 1
57 229 0 1
58 229 0 1
59 229 0 1
60 229 0 1
69 229 0 1
74 229 0 1
96 229 0 1
101 229 0 1
102 229 0 1
25 230 0 1
30 230 0 1
32 230 0 1
35 230 0 1
38 230 0 1
40 230 0 1
42 230 0 1
43 230 0 1
45 230 0 1
48 230 0 1
49 230 0 1
50 230 0 1
51 230 0 1
54 230 0 1
57 230 0 1
59 230 0 1
60 230 0 1
62 230 0 1
69 230 0 1
70 230 0 1
74 230 0 1
97 230 0 1
100 230 0 1
101 230 0 1
102 230 0 1
24 231 0 1
25 231 0 1
30 231 0 1
32 231 0 1
35 231 0 1
38 231 0 1
40 231 0 1
42 231 0 1
43 231 0 1
44 231 0 1
45 231 0 1
48 231 0 1
49 231 0 1
50 231 0 1
51 231 0 1
54 231 0 1
56 231 0 1
57 231 0 1
59 231 0 1
60 231 0 1
61 231 0 1
62 231 0 1
70 231 0 1
74 231 0 1
97 231 0 1
99 231 0 1
100 231 0 1
101 231 0 1
102 231 0 1
103 231 0 1
1 232 0 1
9 232 0 1
10 232 0 1
29 232 0 1
31 232 0 1
32 232 0 1
35 232 0 1
45 232 0 1
46 232 0 1
47 232 0 1
48 232 0 1
51 232 0 1
52 232 0 1
53 232 0 1
58 232 0 1
60 232 0 1
69 232 0 1
7 233 0 1
8 233 0 1
11 233 0 1
12 233 0 1
13 233 0 1
14 233 0 1
15 233 0 1
16 233 0 1
17 233 0 1
18 233 0 1
21 233 0 1
22 233 0 1
24 233 0 1
26 233 0 1
33 233 0 1
34 233 0 1
36 233 0 1
37 233 0 1
38 233 0 1
39 233 0 1
40 233 0 1
44 233 0 1
55 233 0 1
56 233 0 1
61 233 0 1
62 233 0 1
64 233 0 1
65 233 0 1
66 233 0 1
67 233 0 1
68 233 0 1
70 233 0 1
73 233 0 1
6 234 0 1
7 234 0 1
11 234 0 1
12 234 0 1
13 234 0 1
14 234 0 1
15 234 0 1
16 234 0 1
17 234 0 1
18 234 0 1
19 234 0 1
21 234 0 1
22 234 0 1
26 234 0 1
27 234 0 1
28 234 0 1
33 234 0 1
34 234 0 1
36 234 0 1
37 234 0 1
39 234 0 1
55 234 0 1
63 234 0 1
64 234 0 1
65 234 0 1
66 234 0 1
67 234 0 1
68 234 0 1
71 234 0 1
72 234 0 1
73 234 0 1
1 235 0 1
9 235 0 1
10 235 0 1
25 235 0 1
29 235 0 1
30 235 0 1
31 235 0 1
32 235 0 1
35 235 0 1
45 235 0 1
46 235 0 1
47 235 0 1
48 235 0 1
50 235 0 1
51 235 0 1
52 235 0 1
53 235 0 1
58 235 0 1
59 235 0 1
60 235 0 1
69 235 0 1
96 235 0 1
101 235 0 1
102 235 0 1
1 236 0 1
25 236 0 1
29 236 0 1
30 236 0 1
31 236 0 1
32 236 0 1
35 236 0 1
38 236 0 1
42 236 0 1
43 236 0 1
45 236 0 1
46 236 0 1
48 236 0 1
49 236 0 1
50 236 0 1
51 236 0 1
53 236 0 1
54 236 0 1
57 236 0 1
58 236 0 1
59 236 0 1
60 236 0 1
62 236 0 1
69 236 0 1
74 236 0 1
96 236 0 1
97 236 0 1
100 236 0 1
101 236 0 1
102 236 0 1
1 237 0 1
30 237 0 1
32 237 0 1
42 237 0 1
43 237 0 1
45 237 0 1
46 237 0 1
47 237 0 1
48 237 0 1
50 237 0 1
51 237 0 1
53 237 0 1
54 237 0 1
58 237 0 1
59 237 0 1
76 237 0 1
77 237 0 1
80 237 0 1
82 237 0 1
83 237 0 1
84 237 0 1
85 237 0 1
86 237 0 1
87 237 0 1
91 237 0 1
93 237 0 1
96 237 0 1
97 237 0 1
98 237 0 1
100 237 0 1
101 237 0 1
102 237 0 1
103 237 0 1
162 237 0 1
165 237 0 1
166 237 0 1
170 237 0 1
172 237 0 1
173 237 0 1
1 238 0 1
30 238 0 1
32 238 0 1
42 238 0 1
43 238 0 1
44 238 0 1
45 238 0 1
48 238 0 1
49 238 0 1
50 238 0 1
51 238 0 1
54 238 0 1
57 238 0 1
59 238 0 1
75 238 0 1
76 238 0 1
77 238 0 1
79 238 0 1
80 238 0 1
82 238 0 1
84 238 0 1
86 238 0 1
87 238 0 1
90 238 0 1
91 238 0 1
92 238 0 1
93 238 0 1
95 238 0 1
96 238 0 1
97 238 0 1
98 238 0 1
99 238 0 1
100 238 0 1
101 238 0 1
102 238 0 1
103 238 0 1
165 238 0 1
166 238 0 1
167 238 0 1
168 238 0 1
169 238 0 1
170 238 0 1
172 238 0 1
1 239 0 1
3 239 0 1
30 239 0 1
32 239 0 1
42 239 0 1
43 239 0 1
44 239 0 1
45 239 0 1
48 239 0 1
49 239 0 1
50 239 0 1
51 239 0 1
54 239 0 1
57 239 0 1
59 239 0 1
75 239 0 1
76 239 0 1
77 239 0 1
79 239 0 1
80 239 0 1
82 239 0 1
84 239 0 1
86 239 0 1
87 239 0 1
90 239 0 1
91 239 0 1
92 239 0 1
93 239 0 1
95 239 0 1
96 239 0 1
97 239 0 1
98 239 0 1
99 239 0 1
100 239 0 1
101 239 0 1
102 239 0 1
103 239 0 1
107 239 0 1
111 239 0 1
115 239 0 1
165 239 0 1
166 239 0 1
167 239 0 1
168 239 0 1
169 239 0 1
170 239 0 1
171 239 0 1
172 239 0 1
40 240 0 1
42 240 0 1
43 240 0 1
44 240 0 1
45 240 0 1
49 240 0 1
54 240 0 1
55 240 0 1
56 240 0 1
57 240 0 1
59 240 0 1
75 240 0 1
76 240 0 1
78 240 0 1
79 240 0 1
81 240 0 1
84 240 0 1
88 240 0 1
89 240 0 1
90 240 0 1
92 240 0 1
94 240 0 1
95 240 0 1
97 240 0 1
98 240 0 1
99 240 0 1
100 240 0 1
103 240 0 1
108 240 0 1
161 240 0 1
163 240 0 1
165 240 0 1
167 240 0 1
168 240 0 1
169 240 0 1
171 240 0 1
41 241 0 1
160 241 0 1
41 242 0 1
104 242 0 1
105 242 0 1
160 242 0 1
34 243 0 1
40 243 0 1
42 243 0 1
43 243 0 1
44 243 0 1
49 243 0 1
54 243 0 1
55 243 0 1
56 243 0 1
57 243 0 1
75 243 0 1
76 243 0 1
78 243 0 1
79 243 0 1
81 243 0 1
84 243 0 1
88 243 0 1
89 243 0 1
90 243 0 1
92 243 0 1
94 243 0 1
95 243 0 1
99 243 0 1
100 243 0 1
103 243 0 1
161 243 0 1
163 243 0 1
167 243 0 1
30 244 0 1
34 244 0 1
38 244 0 1
40 244 0 1
42 244 0 1
43 244 0 1
44 244 0 1
45 244 0 1
49 244 0 1
50 244 0 1
54 244 0 1
55 244 0 1
56 244 0 1
57 244 0 1
59 244 0 1
75 244 0 1
76 244 0 1
78 244 0 1
79 244 0 1
81 244 0 1
82 244 0 1
84 244 0 1
88 244 0 1
89 244 0 1
90 244 0 1
92 244 0 1
94 244 0 1
95 244 0 1
97 244 0 1
98 244 0 1
99 244 0 1
100 244 0 1
101 244 0 1
102 244 0 1
103 244 0 1
108 244 0 1
161 244 0 1
163 244 0 1
165 244 0 1
167 244 0 1
168 244 0 1
169 244 0 1
171 244 0 1
30 245 0 1
34 245 0 1
36 245 0 1
38 245 0 1
40 245 0 1
42 245 0 1
43 245 0 1
44 245 0 1
45 245 0 1
49 245 0 1
54 245 0 1
55 245 0 1
56 245 0 1
57 245 0 1
59 245 0 1
61 245 0 1
68 245 0 1
70 245 0 1
73 245 0 1
74 245 0 1
75 245 0 1
76 245 0 1
78 245 0 1
79 245 0 1
81 245 0 1
84 245 0 1
88 245 0 1
89 245 0 1
90 245 0 1
92 245 0 1
94 245 0 1
95 245 0 1
98 245 0 1
99 245 0 1
100 245 0 1
103 245 0 1
11 246 0 1
13 246 0 1
26 246 0 1
34 246 0 1
36 246 0 1
37 246 0 1
38 246 0 1
40 246 0 1
42 246 0 1
43 246 0 1
44 246 0 1
49 246 0 1
54 246 0 1
55 246 0 1
56 246 0 1
57 246 0 1
59 246 0 1
61 246 0 1
62 246 0 1
66 246 0 1
67 246 0 1
68 246 0 1
70 246 0 1
73 246 0 1
74 246 0 1
75 246 0 1
76 246 0 1
78 246 0 1
79 246 0 1
81 246 0 1
84 246 0 1
88 246 0 1
89 246 0 1
90 246 0 1
92 246 0 1
94 246 0 1
95 246 0 1
98 246 0 1
99 246 0 1
100 246 0 1
103 246 0 1
161 246 0 1
163 246 0 1
167 246 0 1
1 247 0 1
29 247 0 1
30 247 0 1
31 247 0 1
32 247 0 1
35 247 0 1
42 247 0 1
43 247 0 1
45 247 0 1
46 247 0 1
47 247 0 1
48 247 0 1
49 247 0 1
50 247 0 1
51 247 0 1
52 247 0 1
53 247 0 1
54 247 0 1
57 247 0 1
58 247 0 1
59 247 0 1
60 247 0 1
69 247 0 1
76 247 0 1
77 247 0 1
80 247 0 1
82 247 0 1
83 247 0 1
84 247 0 1
85 247 0 1
86 247 0 1
87 247 0 1
91 247 0 1
93 247 0 1
96 247 0 1
97 247 0 1
98 247 0 1
100 247 0 1
101 247 0 1
102 247 0 1
103 247 0 1
162 247 0 1
166 247 0 1
30 248 0 1
32 248 0 1
34 248 0 1
36 248 0 1
38 248 0 1
40 248 0 1
42 248 0 1
43 248 0 1
44 248 0 1
45 248 0 1
49 248 0 1
50 248 0 1
54 248 0 1
55 248 0 1
56 248 0 1
57 248 0 1
59 248 0 1
70 248 0 1
73 248 0 1
74 248 0 1
75 248 0 1
76 248 0 1
78 248 0 1
79 248 0 1
81 248 0 1
82 248 0 1
84 248 0 1
88 248 0 1
89 248 0 1
90 248 0 1
92 248 0 1
94 248 0 1
95 248 0 1
97 248 0 1
98 248 0 1
99 248 0 1
100 248 0 1
101 248 0 1
102 248 0 1
103 248 0 1
161 248 0 1
167 248 0 1
168 248 0 1
30 249 0 1
32 249 0 1
38 249 0 1
40 249 0 1
42 249 0 1
43 249 0 1
44 249 0 1
45 249 0 1
49 249 0 1
50 249 0 1
51 249 0 1
54 249 0 1
56 249 0 1
57 249 0 1
59 249 0 1
74 249 0 1
75 249 0 1
76 249 0 1
77 249 0 1
79 249 0 1
82 249 0 1
84 249 0 1
86 249 0 1
87 249 0 1
89 249 0 1
90 249 0 1
92 249 0 1
94 249 0 1
95 249 0 1
96 249 0 1
97 249 0 1
98 249 0 1
99 249 0 1
100 249 0 1
101 249 0 1
102 249 0 1
103 249 0 1
165 249 0 1
167 249 0 1
168 249 0 1
169 249 0 1
41 250 0 1
104 250 0 1
160 250 0 1
1 251 0 1
2 251 0 1
3 251 0 1
45 251 0 1
50 251 0 1
51 251 0 1
75 251 0 1
76 251 0 1
77 251 0 1
79 251 0 1
80 251 0 1
82 251 0 1
84 251 0 1
85 251 0 1
86 251 0 1
87 251 0 1
91 251 0 1
92 251 0 1
93 251 0 1
96 251 0 1
97 251 0 1
98 251 0 1
100 251 0 1
101 251 0 1
102 251 0 1
103 251 0 1
107 251 0 1
110 251 0 1
111 251 0 1
115 251 0 1
116 251 0 1
117 251 0 1
155 251 0 1
162 251 0 1
165 251 0 1
166 251 0 1
167 251 0 1
168 251 0 1
169 251 0 1
170 251 0 1
171 251 0 1
172 251 0 1
173 251 0 1
1 252 0 1
2 252 0 1
3 252 0 1
50 252 0 1
51 252 0 1
76 252 0 1
77 252 0 1
80 252 0 1
82 252 0 1
84 252 0 1
85 252 0 1
86 252 0 1
87 252 0 1
91 252 0 1
93 252 0 1
96 252 0 1
97 252 0 1
98 252 0 1
101 252 0 1
102 252 0 1
103 252 0 1
107 252 0 1
110 252 0 1
111 252 0 1
115 252 0 1
116 252 0 1
117 252 0 1
155 252 0 1
162 252 0 1
164 252 0 1
165 252 0 1
166 252 0 1
167 252 0 1
168 252 0 1
169 252 0 1
170 252 0 1
171 252 0 1
172 252 0 1
173 252 0 1
78 253 0 1
79 253 0 1
81 253 0 1
88 253 0 1
89 253 0 1
90 253 0 1
92 253 0 1
94 253 0 1
95 253 0 1
104 253 0 1
105 253 0 1
106 253 0 1
108 253 0 1
113 253 0 1
114 253 0 1
118 253 0 1
119 253 0 1
120 253 0 1
152 253 0 1
160 253 0 1
161 253 0 1
163 253 0 1
78 254 0 1
79 254 0 1
81 254 0 1
88 254 0 1
89 254 0 1
94 254 0 1
104 254 0 1
105 254 0 1
106 254 0 1
108 254 0 1
113 254 0 1
114 254 0 1
118 254 0 1
119 254 0 1
120 254 0 1
152 254 0 1
153 254 0 1
160 254 0 1
161 254 0 1
163 254 0 1
88 255 0 1
104 255 0 1
105 255 0 1
106 255 0 1
114 255 0 1
118 255 0 1
119 255 0 1
153 255 0 1
160 255 0 1
163 255 0 1
104 256 0 1
105 256 0 1
106 256 0 1
114 256 0 1
118 256 0 1
119 256 0 1
153 256 0 1
160 256 0 1
3 257 0 1
75 257 0 1
76 257 0 1
78 257 0 1
79 257 0 1
81 257 0 1
82 257 0 1
84 257 0 1
88 257 0 1
89 257 0 1
90 257 0 1
92 257 0 1
95 257 0 1
98 257 0 1
103 257 0 1
106 257 0 1
107 257 0 1
108 257 0 1
111 257 0 1
112 257 0 1
113 257 0 1
115 257 0 1
116 257 0 1
117 257 0 1
120 257 0 1
121 257 0 1
124 257 0 1
125 257 0 1
127 257 0 1
141 257 0 1
145 257 0 1
146 257 0 1
151 257 0 1
152 257 0 1
154 257 0 1
155 257 0 1
157 257 0 1
158 257 0 1
161 257 0 1
163 257 0 1
165 257 0 1
167 257 0 1
168 257 0 1
169 257 0 1
170 257 0 1
171 257 0 1
172 257 0 1
3 258 0 1
75 258 0 1
76 258 0 1
78 258 0 1
79 258 0 1
81 258 0 1
82 258 0 1
84 258 0 1
88 258 0 1
89 258 0 1
90 258 0 1
92 258 0 1
94 258 0 1
95 258 0 1
98 258 0 1
103 258 0 1
106 258 0 1
107 258 0 1
108 258 0 1
111 258 0 1
112 258 0 1
113 258 0 1
115 258 0 1
116 258 0 1
120 258 0 1
121 258 0 1
124 258 0 1
125 258 0 1
127 258 0 1
141 258 0 1
146 258 0 1
151 258 0 1
152 258 0 1
154 258 0 1
155 258 0 1
157 258 0 1
158 258 0 1
161 258 0 1
163 258 0 1
165 258 0 1
167 258 0 1
168 258 0 1
169 258 0 1
170 258 0 1
171 258 0 1
78 259 0 1
81 259 0 1
88 259 0 1
89 259 0 1
104 259 0 1
105 259 0 1
106 259 0 1
108 259 0 1
113 259 0 1
114 259 0 1
118 259 0 1
119 259 0 1
120 259 0 1
122 259 0 1
152 259 0 1
153 259 0 1
160 259 0 1
161 259 0 1
163 259 0 1
3 260 0 1
75 260 0 1
78 260 0 1
79 260 0 1
81 260 0 1
84 260 0 1
88 260 0 1
89 260 0 1
90 260 0 1
92 260 0 1
94 260 0 1
95 260 0 1
104 260 0 1
105 260 0 1
106 260 0 1
108 260 0 1
112 260 0 1
113 260 0 1
114 260 0 1
116 260 0 1
118 260 0 1
119 260 0 1
120 260 0 1
121 260 0 1
125 260 0 1
151 260 0 1
152 260 0 1
154 260 0 1
157 260 0 1
158 260 0 1
160 260 0 1
161 260 0 1
163 260 0 1
167 260 0 1
169 260 0 1
171 260 0 1
104 261 0 1
105 261 0 1
114 261 0 1
118 261 0 1
119 261 0 1
153 261 0 1
160 261 0 1
3 262 0 1
75 262 0 1
78 262 0 1
79 262 0 1
81 262 0 1
84 262 0 1
88 262 0 1
89 262 0 1
90 262 0 1
92 262 0 1
94 262 0 1
95 262 0 1
105 262 0 1
106 262 0 1
108 262 0 1
112 262 0 1
113 262 0 1
114 262 0 1
116 262 0 1
118 262 0 1
119 262 0 1
120 262 0 1
121 262 0 1
124 262 0 1
125 262 0 1
127 262 0 1
146 262 0 1
151 262 0 1
152 262 0 1
154 262 0 1
157 262 0 1
158 262 0 1
161 262 0 1
163 262 0 1
167 262 0 1
168 262 0 1
169 262 0 1
171 262 0 1
3 263 0 1
75 263 0 1
78 263 0 1
79 263 0 1
81 263 0 1
84 263 0 1
88 263 0 1
89 263 0 1
90 263 0 1
92 263 0 1
95 263 0 1
106 263 0 1
108 263 0 1
111 263 0 1
112 263 0 1
113 263 0 1
115 263 0 1
116 263 0 1
117 263 0 1
120 263 0 1
121 263 0 1
124 263 0 1
125 263 0 1
127 263 0 1
141 263 0 1
145 263 0 1
146 263 0 1
147 263 0 1
151 263 0 1
152 263 0 1
154 263 0 1
155 263 0 1
157 263 0 1
158 263 0 1
161 263 0 1
163 263 0 1
165 263 0 1
167 263 0 1
168 263 0 1
169 263 0 1
170 263 0 1
171 263 0 1
78 264 0 1
79 264 0 1
81 264 0 1
88 264 0 1
89 264 0 1
104 264 0 1
105 264 0 1
106 264 0 1
108 264 0 1
112 264 0 1
113 264 0 1
114 264 0 1
118 264 0 1
119 264 0 1
120 264 0 1
121 264 0 1
122 264 0 1
125 264 0 1
151 264 0 1
152 264 0 1
153 264 0 1
158 264 0 1
160 264 0 1
161 264 0 1
163 264 0 1
167 264 0 1
3 265 0 1
75 265 0 1
76 265 0 1
78 265 0 1
79 265 0 1
81 265 0 1
84 265 0 1
88 265 0 1
89 265 0 1
90 265 0 1
92 265 0 1
94 265 0 1
95 265 0 1
99 265 0 1
100 265 0 1
103 265 0 1
106 265 0 1
108 265 0 1
112 265 0 1
113 265 0 1
114 265 0 1
116 265 0 1
119 265 0 1
120 265 0 1
151 265 0 1
152 265 0 1
154 265 0 1
157 265 0 1
158 265 0 1
161 265 0 1
163 265 0 1
165 265 0 1
167 265 0 1
168 265 0 1
169 265 0 1
170 265 0 1
171 265 0 1
78 266 0 1
81 266 0 1
88 266 0 1
104 266 0 1
105 266 0 1
106 266 0 1
114 266 0 1
118 266 0 1
119 266 0 1
153 266 0 1
160 266 0 1
163 266 0 1
104 267 0 1
105 267 0 1
106 267 0 1
114 267 0 1
118 267 0 1
119 267 0 1
153 267 0 1
160 267 0 1
3 268 0 1
75 268 0 1
76 268 0 1
78 268 0 1
79 268 0 1
80 268 0 1
82 268 0 1
84 268 0 1
86 268 0 1
87 268 0 1
89 268 0 1
90 268 0 1
92 268 0 1
95 268 0 1
96 268 0 1
97 268 0 1
98 268 0 1
99 268 0 1
100 268 0 1
101 268 0 1
103 268 0 1
107 268 0 1
108 268 0 1
111 268 0 1
112 268 0 1
113 268 0 1
115 268 0 1
116 268 0 1
117 268 0 1
120 268 0 1
151 268 0 1
154 268 0 1
155 268 0 1
157 268 0 1
158 268 0 1
161 268 0 1
163 268 0 1
165 268 0 1
166 268 0 1
167 268 0 1
168 268 0 1
169 268 0 1
170 268 0 1
171 268 0 1
172 268 0 1
78 269 0 1
79 269 0 1
81 269 0 1
88 269 0 1
89 269 0 1
90 269 0 1
94 269 0 1
104 269 0 1
105 269 0 1
106 269 0 1
108 269 0 1
113 269 0 1
114 269 0 1
118 269 0 1
119 269 0 1
120 269 0 1
152 269 0 1
153 269 0 1
160 269 0 1
161 269 0 1
163 269 0 1
167 269 0 1
78 270 0 1
81 270 0 1
88 270 0 1
104 270 0 1
105 270 0 1
106 270 0 1
114 270 0 1
118 270 0 1
119 270 0 1
152 270 0 1
153 270 0 1
160 270 0 1
161 270 0 1
163 270 0 1
78 271 0 1
81 271 0 1
88 271 0 1
89 271 0 1
104 271 0 1
105 271 0 1
106 271 0 1
108 271 0 1
113 271 0 1
114 271 0 1
118 271 0 1
119 271 0 1
120 271 0 1
122 271 0 1
152 271 0 1
153 271 0 1
160 271 0 1
161 271 0 1
163 271 0 1
104 272 0 1
105 272 0 1
114 272 0 1
118 272 0 1
153 272 0 1
160 272 0 1
3 273 0 1
75 273 0 1
78 273 0 1
79 273 0 1
82 273 0 1
84 273 0 1
88 273 0 1
89 273 0 1
90 273 0 1
92 273 0 1
107 273 0 1
108 273 0 1
111 273 0 1
112 273 0 1
113 273 0 1
115 273 0 1
116 273 0 1
117 273 0 1
120 273 0 1
121 273 0 1
124 273 0 1
125 273 0 1
127 273 0 1
141 273 0 1
142 273 0 1
145 273 0 1
146 273 0 1
147 273 0 1
148 273 0 1
150 273 0 1
151 273 0 1
152 273 0 1
154 273 0 1
155 273 0 1
157 273 0 1
158 273 0 1
161 273 0 1
163 273 0 1
165 273 0 1
167 273 0 1
168 273 0 1
169 273 0 1
170 273 0 1
171 273 0 1
172 273 0 1
78 274 0 1
88 274 0 1
104 274 0 1
105 274 0 1
106 274 0 1
108 274 0 1
113 274 0 1
114 274 0 1
118 274 0 1
119 274 0 1
120 274 0 1
122 274 0 1
152 274 0 1
153 274 0 1
160 274 0 1
161 274 0 1
163 274 0 1
104 275 0 1
118 275 0 1
153 275 0 1
78 276 0 1
88 276 0 1
104 276 0 1
105 276 0 1
106 276 0 1
113 276 0 1
114 276 0 1
118 276 0 1
119 276 0 1
120 276 0 1
122 276 0 1
152 276 0 1
153 276 0 1
160 276 0 1
161 276 0 1
163 276 0 1
3 277 0 1
105 277 0 1
106 277 0 1
108 277 0 1
112 277 0 1
113 277 0 1
114 277 0 1
116 277 0 1
118 277 0 1
119 277 0 1
120 277 0 1
121 277 0 1
122 277 0 1
124 277 0 1
125 277 0 1
127 277 0 1
135 277 0 1
137 277 0 1
138 277 0 1
139 277 0 1
140 277 0 1
141 277 0 1
145 277 0 1
146 277 0 1
147 277 0 1
150 277 0 1
151 277 0 1
152 277 0 1
154 277 0 1
157 277 0 1
158 277 0 1
161 277 0 1
163 277 0 1
2 278 0 1
3 278 0 1
107 278 0 1
111 278 0 1
115 278 0 1
116 278 0 1
117 278 0 1
123 278 0 1
124 278 0 1
126 278 0 1
127 278 0 1
128 278 0 1
129 278 0 1
130 278 0 1
131 278 0 1
132 278 0 1
136 278 0 1
137 278 0 1
141 278 0 1
142 278 0 1
143 278 0 1
144 278 0 1
145 278 0 1
146 278 0 1
148 278 0 1
149 278 0 1
150 278 0 1
154 278 0 1
155 278 0 1
156 278 0 1
157 278 0 1
158 278 0 1
159 278 0 1
2 279 0 1
3 279 0 1
109 279 0 1
110 279 0 1
123 279 0 1
126 279 0 1
143 279 0 1
144 279 0 1
149 279 0 1
156 279 0 1
159 279 0 1
164 279 0 1
173 279 0 1
174 279 0 1
3 280 0 1
108 280 0 1
112 280 0 1
113 280 0 1
115 280 0 1
116 280 0 1
120 280 0 1
121 280 0 1
124 280 0 1
125 280 0 1
127 280 0 1
128 280 0 1
130 280 0 1
131 280 0 1
136 280 0 1
137 280 0 1
139 280 0 1
140 280 0 1
141 280 0 1
142 280 0 1
145 280 0 1
146 280 0 1
147 280 0 1
148 280 0 1
150 280 0 1
151 280 0 1
152 280 0 1
154 280 0 1
155 280 0 1
157 280 0 1
158 280 0 1
161 280 0 1
171 280 0 1
3 281 0 1
105 281 0 1
106 281 0 1
108 281 0 1
112 281 0 1
113 281 0 1
114 281 0 1
118 281 0 1
119 281 0 1
120 281 0 1
121 281 0 1
122 281 0 1
124 281 0 1
125 281 0 1
127 281 0 1
134 281 0 1
135 281 0 1
137 281 0 1
138 281 0 1
139 281 0 1
140 281 0 1
141 281 0 1
145 281 0 1
146 281 0 1
147 281 0 1
150 281 0 1
151 281 0 1
152 281 0 1
153 281 0 1
154 281 0 1
157 281 0 1
158 281 0 1
161 281 0 1
133 282 0 1
134 282 0 1
153 282 0 1
104 283 0 1
114 283 0 1
118 283 0 1
119 283 0 1
122 283 0 1
133 283 0 1
134 283 0 1
153 283 0 1
104 284 0 1
105 284 0 1
114 284 0 1
118 284 0 1
119 284 0 1
122 284 0 1
133 284 0 1
134 284 0 1
135 284 0 1
138 284 0 1
153 284 0 1
104 285 0 1
105 285 0 1
106 285 0 1
113 285 0 1
114 285 0 1
118 285 0 1
119 285 0 1
120 285 0 1
121 285 0 1
122 285 0 1
125 285 0 1
134 285 0 1
135 285 0 1
138 285 0 1
139 285 0 1
146 285 0 1
147 285 0 1
152 285 0 1
153 285 0 1
3 286 0 1
108 286 0 1
112 286 0 1
113 286 0 1
116 286 0 1
119 286 0 1
120 286 0 1
121 286 0 1
122 286 0 1
124 286 0 1
125 286 0 1
127 286 0 1
128 286 0 1
131 286 0 1
135 286 0 1
136 286 0 1
137 286 0 1
139 286 0 1
140 286 0 1
141 286 0 1
142 286 0 1
145 286 0 1
146 286 0 1
147 286 0 1
148 286 0 1
150 286 0 1
151 286 0 1
152 286 0 1
154 286 0 1
155 286 0 1
157 286 0 1
158 286 0 1
2 287 0 1
3 287 0 1
123 287 0 1
126 287 0 1
129 287 0 1
143 287 0 1
144 287 0 1
149 287 0 1
156 287 0 1
159 287 0 1
133 288 0 1
134 288 0 1
2 289 0 1
3 289 0 1
123 289 0 1
126 289 0 1
129 289 0 1
143 289 0 1
149 289 0 1
159 289 0 1
122 290 0 1
133 290 0 1
134 290 0 1
135 290 0 1
138 290 0 1
3 291 0 1
123 291 0 1
124 291 0 1
126 291 0 1
127 291 0 1
128 291 0 1
129 291 0 1
130 291 0 1
131 291 0 1
132 291 0 1
136 291 0 1
137 291 0 1
140 291 0 1
141 291 0 1
142 291 0 1
143 291 0 1
144 291 0 1
145 291 0 1
146 291 0 1
148 291 0 1
149 291 0 1
150 291 0 1
159 291 0 1
121 292 0 1
122 292 0 1
124 292 0 1
125 292 0 1
134 292 0 1
135 292 0 1
137 292 0 1
138 292 0 1
139 292 0 1
140 292 0 1
145 292 0 1
146 292 0 1
147 292 0 1
150 292 0 1
122 293 0 1
133 293 0 1
134 293 0 1
135 293 0 1
138 293 0 1
139 293 0 1
122 294 0 1
133 294 0 1
134 294 0 1
135 294 0 1
138 294 0 1
153 294 0 1
3 295 0 1
123 295 0 1
126 295 0 1
128 295 0 1
129 295 0 1
130 295 0 1
131 295 0 1
132 295 0 1
136 295 0 1
137 295 0 1
141 295 0 1
142 295 0 1
143 295 0 1
144 295 0 1
148 295 0 1
149 295 0 1
156 295 0 1
159 295 0 1
121 296 0 1
122 296 0 1
125 296 0 1
133 296 0 1
134 296 0 1
135 296 0 1
137 296 0 1
138 296 0 1
139 296 0 1
140 296 0 1
146 296 0 1
147 296 0 1
121 297 0 1
122 297 0 1
124 297 0 1
125 297 0 1
134 297 0 1
135 297 0 1
137 297 0 1
138 297 0 1
139 297 0 1
140 297 0 1
145 297 0 1
146 297 0 1
147 297 0 1
150 297 0 1
121 298 0 1
122 298 0 1
124 298 0 1
125 298 0 1
127 298 0 1
131 298 0 1
135 298 0 1
137 298 0 1
138 298 0 1
139 298 0 1
140 298 0 1
141 298 0 1
145 298 0 1
146 298 0 1
147 298 0 1
150 298 0 1
152 298 0 1
158 298 0 1
3 299 0 1
121 299 0 1
124 299 0 1
125 299 0 1
127 299 0 1
128 299 0 1
130 299 0 1
131 299 0 1
135 299 0 1
136 299 0 1
137 299 0 1
138 299 0 1
139 299 0 1
140 299 0 1
141 299 0 1
142 299 0 1
145 299 0 1
146 299 0 1
147 299 0 1
148 299 0 1
150 299 0 1
157 299 0 1
158 299 0 1
2 300 0 1
3 300 0 1
123 300 0 1
126 300 0 1
129 300 0 1
132 300 0 1
142 300 0 1
143 300 0 1
144 300 0 1
149 300 0 1
156 300 0 1
159 300 0 1
2 301 0 1
3 301 0 1
123 301 0 1
126 301 0 1
128 301 0 1
129 301 0 1
130 301 0 1
132 301 0 1
142 301 0 1
143 301 0 1
144 301 0 1
148 301 0 1
149 301 0 1
156 301 0 1
159 301 0 1
3 302 0 1
112 302 0 1
116 302 0 1
120 302 0 1
121 302 0 1
124 302 0 1
125 302 0 1
127 302 0 1
128 302 0 1
130 302 0 1
131 302 0 1
132 302 0 1
136 302 0 1
137 302 0 1
139 302 0 1
140 302 0 1
141 302 0 1
142 302 0 1
145 302 0 1
146 302 0 1
147 302 0 1
148 302 0 1
149 302 0 1
150 302 0 1
151 302 0 1
152 302 0 1
154 302 0 1
155 302 0 1
157 302 0 1
158 302 0 1
118 303 0 1
119 303 0 1
122 303 0 1
133 303 0 1
134 303 0 1
135 303 0 1
138 303 0 1
139 303 0 1
153 303 0 1
104 304 0 1
114 304 0 1
118 304 0 1
119 304 0 1
122 304 0 1
133 304 0 1
134 304 0 1
135 304 0 1
138 304 0 1
153 304 0 1
114 305 0 1
118 305 0 1
119 305 0 1
120 305 0 1
121 305 0 1
122 305 0 1
125 305 0 1
134 305 0 1
135 305 0 1
138 305 0 1
139 305 0 1
140 305 0 1
146 305 0 1
147 305 0 1
152 305 0 1
153 305 0 1
158 305 0 1
3 306 0 1
112 306 0 1
113 306 0 1
116 306 0 1
119 306 0 1
120 306 0 1
121 306 0 1
122 306 0 1
124 306 0 1
125 306 0 1
127 306 0 1
131 306 0 1
135 306 0 1
136 306 0 1
137 306 0 1
138 306 0 1
139 306 0 1
140 306 0 1
141 306 0 1
145 306 0 1
146 306 0 1
147 306 0 1
148 306 0 1
150 306 0 1
151 306 0 1
152 306 0 1
154 306 0 1
157 306 0 1
158 306 0 1
104 307 0 1
105 307 0 1
106 307 0 1
114 307 0 1
118 307 0 1
119 307 0 1
122 307 0 1
133 307 0 1
134 307 0 1
135 307 0 1
138 307 0 1
152 307 0 1
153 307 0 1
104 308 0 1
118 308 0 1
122 308 0 1
133 308 0 1
134 308 0 1
153 308 0 1
133 309 0 1
134 309 0 1
153 309 0 1
2 310 0 1
3 310 0 1
123 310 0 1
126 310 0 1
129 310 0 1
132 310 0 1
142 310 0 1
143 310 0 1
144 310 0 1
149 310 0 1
156 310 0 1
159 310 0 1
2 311 0 1
3 311 0 1
123 311 0 1
126 311 0 1
128 311 0 1
129 311 0 1
130 311 0 1
131 311 0 1
132 311 0 1
136 311 0 1
137 311 0 1
141 311 0 1
142 311 0 1
143 311 0 1
144 311 0 1
148 311 0 1
149 311 0 1
150 311 0 1
155 311 0 1
156 311 0 1
159 311 0 1
119 312 0 1
120 312 0 1
121 312 0 1
122 312 0 1
124 312 0 1
125 312 0 1
127 312 0 1
134 312 0 1
135 312 0 1
137 312 0 1
138 312 0 1
139 312 0 1
140 312 0 1
145 312 0 1
146 312 0 1
147 312 0 1
150 312 0 1
152 312 0 1
158 312 0 1
118 313 0 1
119 313 0 1
121 313 0 1
122 313 0 1
125 313 0 1
133 313 0 1
134 313 0 1
135 313 0 1
138 313 0 1
139 313 0 1
140 313 0 1
147 313 0 1
152 313 0 1
153 313 0 1
118 314 0 1
119 314 0 1
122 314 0 1
133 314 0 1
134 314 0 1
135 314 0 1
138 314 0 1
153 314 0 1
2 315 0 1
3 315 0 1
83 315 0 1
85 315 0 1
109 315 0 1
110 315 0 1
123 315 0 1
126 315 0 1
143 315 0 1
144 315 0 1
156 315 0 1
159 315 0 1
162 315 0 1
164 315 0 1
166 315 0 1
173 315 0 1
174 315 0 1
104 316 0 1
105 316 0 1
106 316 0 1
114 316 0 1
118 316 0 1
119 316 0 1
122 316 0 1
152 316 0 1
153 316 0 1
160 316 0 1
104 317 0 1
105 317 0 1
106 317 0 1
113 317 0 1
114 317 0 1
118 317 0 1
119 317 0 1
120 317 0 1
122 317 0 1
135 317 0 1
152 317 0 1
153 317 0 1
160 317 0 1
161 317 0 1
163 317 0 1
104 318 0 1
105 318 0 1
106 318 0 1
114 318 0 1
118 318 0 1
119 318 0 1
122 318 0 1
133 318 0 1
153 318 0 1
160 318 0 1
3 319 0 1
78 319 0 1
79 319 0 1
88 319 0 1
89 319 0 1
90 319 0 1
92 319 0 1
105 319 0 1
106 319 0 1
108 319 0 1
112 319 0 1
113 319 0 1
114 319 0 1
116 319 0 1
118 319 0 1
119 319 0 1
120 319 0 1
121 319 0 1
122 319 0 1
124 319 0 1
125 319 0 1
127 319 0 1
141 319 0 1
145 319 0 1
146 319 0 1
147 319 0 1
150 319 0 1
151 319 0 1
152 319 0 1
154 319 0 1
157 319 0 1
158 319 0 1
161 319 0 1
163 319 0 1
167 319 0 1
168 319 0 1
169 319 0 1
171 319 0 1
78 320 0 1
88 320 0 1
89 320 0 1
104 320 0 1
105 320 0 1
106 320 0 1
108 320 0 1
112 320 0 1
113 320 0 1
114 320 0 1
118 320 0 1
119 320 0 1
120 320 0 1
121 320 0 1
122 320 0 1
124 320 0 1
125 320 0 1
146 320 0 1
147 320 0 1
151 320 0 1
152 320 0 1
153 320 0 1
154 320 0 1
157 320 0 1
158 320 0 1
160 320 0 1
161 320 0 1
163 320 0 1
104 321 0 1
105 321 0 1
106 321 0 1
114 321 0 1
118 321 0 1
119 321 0 1
120 321 0 1
122 321 0 1
152 321 0 1
153 321 0 1
160 321 0 1
163 321 0 1
104 322 0 1
105 322 0 1
106 322 0 1
108 322 0 1
112 322 0 1
113 322 0 1
114 322 0 1
118 322 0 1
119 322 0 1
120 322 0 1
121 322 0 1
122 322 0 1
125 322 0 1
135 322 0 1
138 322 0 1
139 322 0 1
146 322 0 1
147 322 0 1
151 322 0 1
152 322 0 1
153 322 0 1
157 322 0 1
158 322 0 1
161 322 0 1
163 322 0 1
104 323 0 1
105 323 0 1
106 323 0 1
108 323 0 1
113 323 0 1
114 323 0 1
118 323 0 1
119 323 0 1
120 323 0 1
121 323 0 1
122 323 0 1
125 323 0 1
135 323 0 1
138 323 0 1
152 323 0 1
153 323 0 1
160 323 0 1
161 323 0 1
163 323 0 1
104 324 0 1
105 324 0 1
106 324 0 1
114 324 0 1
118 324 0 1
119 324 0 1
122 324 0 1
153 324 0 1
160 324 0 1
104 325 0 1
105 325 0 1
106 325 0 1
114 325 0 1
118 325 0 1
119 325 0 1
122 325 0 1
134 325 0 1
153 325 0 1
160 325 0 1
41 326 0 1
104 326 0 1
105 326 0 1
160 326 0 1
42 327 0 1
44 327 0 1
49 327 0 1
55 327 0 1
56 327 0 1
75 327 0 1
76 327 0 1
78 327 0 1
79 327 0 1
81 327 0 1
84 327 0 1
88 327 0 1
89 327 0 1
90 327 0 1
92 327 0 1
94 327 0 1
95 327 0 1
98 327 0 1
99 327 0 1
100 327 0 1
103 327 0 1
106 327 0 1
108 327 0 1
112 327 0 1
113 327 0 1
161 327 0 1
163 327 0 1
167 327 0 1
168 327 0 1
169 327 0 1
171 327 0 1
41 328 0 1
78 328 0 1
81 328 0 1
88 328 0 1
89 328 0 1
94 328 0 1
104 328 0 1
105 328 0 1
106 328 0 1
114 328 0 1
118 328 0 1
119 328 0 1
153 328 0 1
160 328 0 1
161 328 0 1
163 328 0 1
41 329 0 1
104 329 0 1
105 329 0 1
114 329 0 1
160 329 0 1
1 330 0 1
3 330 0 1
42 330 0 1
43 330 0 1
44 330 0 1
45 330 0 1
49 330 0 1
50 330 0 1
51 330 0 1
59 330 0 1
75 330 0 1
76 330 0 1
77 330 0 1
79 330 0 1
80 330 0 1
82 330 0 1
84 330 0 1
86 330 0 1
87 330 0 1
89 330 0 1
90 330 0 1
91 330 0 1
92 330 0 1
93 330 0 1
94 330 0 1
95 330 0 1
96 330 0 1
97 330 0 1
98 330 0 1
99 330 0 1
100 330 0 1
101 330 0 1
102 330 0 1
103 330 0 1
107 330 0 1
108 330 0 1
111 330 0 1
112 330 0 1
115 330 0 1
116 330 0 1
117 330 0 1
151 330 0 1
155 330 0 1
161 330 0 1
165 330 0 1
166 330 0 1
167 330 0 1
168 330 0 1
169 330 0 1
170 330 0 1
171 330 0 1
172 330 0 1
44 331 0 1
49 331 0 1
75 331 0 1
78 331 0 1
79 331 0 1
81 331 0 1
84 331 0 1
88 331 0 1
89 331 0 1
90 331 0 1
92 331 0 1
94 331 0 1
95 331 0 1
99 331 0 1
103 331 0 1
105 331 0 1
106 331 0 1
108 331 0 1
112 331 0 1
113 331 0 1
114 331 0 1
119 331 0 1
120 331 0 1
152 331 0 1
160 331 0 1
161 331 0 1
163 331 0 1
167 331 0 1
169 331 0 1
171 331 0 1
78 332 0 1
81 332 0 1
88 332 0 1
89 332 0 1
94 332 0 1
104 332 0 1
105 332 0 1
106 332 0 1
114 332 0 1
118 332 0 1
119 332 0 1
160 332 0 1
161 332 0 1
163 332 0 1
41 333 0 1
104 333 0 1
105 333 0 1
106 333 0 1
114 333 0 1
118 333 0 1
119 333 0 1
153 333 0 1
160 333 0 1
