1 2 0 0
1 3 0 0
2 3 0 0
1 4 0 0
1 5 0 0
2 5 0 0
3 5 0 0
4 5 0 0
1 6 0 0
3 6 0 0
4 6 0 0
5 6 0 0
1 7 0 0
4 7 0 0
5 7 0 0
6 7 0 0
1 8 0 0
3 8 0 0
4 8 0 0
5 8 0 0
6 8 0 0
7 8 0 0
1 9 0 0
3 9 0 0
4 9 0 0
5 9 0 0
6 9 0 0
7 9 0 0
8 9 0 0
1 10 0 0
2 10 0 0
3 10 0 0
4 10 0 0
5 10 0 0
6 10 0 0
7 10 0 0
8 10 0 0
9 10 0 0
1 11 0 0
2 11 0 0
3 11 0 0
5 11 0 0
6 11 0 0
8 11 0 0
10 11 0 0
1 12 0 0
2 12 0 0
3 12 0 0
5 12 0 0
10 12 0 0
11 12 0 0
1 14 0 0
3 14 0 0
4 14 0 0
5 14 0 0
6 14 0 0
7 14 0 0
8 14 0 0
9 14 0 0
10 14 0 0
11 14 0 0
1 15 0 0
3 15 0 0
4 15 0 0
5 15 0 0
6 15 0 0
7 15 0 0
8 15 0 0
9 15 0 0
10 15 0 0
14 15 0 0
1 16 0 0
4 16 0 0
5 16 0 0
6 16 0 0
7 16 0 0
8 16 0 0
9 16 0 0
10 16 0 0
14 16 0 0
15 16 0 0
1 17 0 0
4 17 0 0
6 17 0 0
7 17 0 0
8 17 0 0
9 17 0 0
10 17 0 0
14 17 0 0
15 17 0 0
16 17 0 0
1 18 0 0
3 18 0 0
4 18 0 0
5 18 0 0
6 18 0 0
7 18 0 0
8 18 0 0
9 18 0 0
10 18 0 0
11 18 0 0
14 18 0 0
15 18 0 0
16 18 0 0
17 18 0 0
1 19 0 0
2 19 0 0
3 19 0 0
5 19 0 0
10 19 0 0
11 19 0 0
12 19 0 0
14 19 0 0
13 20 0 0
1 21 0 0
11 21 0 0
12 21 0 0
19 21 0 0
1 22 0 0
4 22 0 0
7 22 0 0
8 22 0 0
9 22 0 0
14 22 0 0
15 22 0 0
16 22 0 0
17 22 0 0
18 22 0 0
13 23 0 0
20 23 0 0
21 23 0 0
1 24 0 0
2 24 0 0
11 24 0 0
12 24 0 0
19 24 0 0
21 24 0 0
23 24 0 0
1 25 0 0
2 25 0 0
3 25 0 0
10 25 0 0
11 25 0 0
12 25 0 0
19 25 0 0
21 25 0 0
24 25 0 0
13 26 0 0
20 26 0 0
23 26 0 0
24 26 0 0
1 27 0 0
2 27 0 0
3 27 0 0
5 27 0 0
10 27 0 0
11 27 0 0
12 27 0 0
14 27 0 0
18 27 0 0
19 27 0 0
21 27 0 0
24 27 0 0
25 27 0 0
1 28 0 0
4 28 0 0
5 28 0 0
6 28 0 0
7 28 0 0
8 28 0 0
9 28 0 0
10 28 0 0
14 28 0 0
15 28 0 0
16 28 0 0
17 28 0 0
18 28 0 0
22 28 0 0
1 29 0 0
4 29 0 0
5 29 0 0
6 29 0 0
7 29 0 0
8 29 0 0
9 29 0 0
10 29 0 0
14 29 0 0
15 29 0 0
16 29 0 0
17 29 0 0
18 29 0 0
22 29 0 0
28 29 0 0
1 30 0 0
2 30 0 0
3 30 0 0
5 30 0 0
6 30 0 0
8 30 0 0
10 30 0 0
11 30 0 0
12 30 0 0
14 30 0 0
15 30 0 0
18 30 0 0
19 30 0 0
21 30 0 0
24 30 0 0
25 30 0 0
27 30 0 0
1 31 0 0
2 31 0 0
11 31 0 0
12 31 0 0
19 31 0 0
21 31 0 0
24 31 0 0
25 31 0 0
27 31 0 0
30 31 0 0
1 32 0 0
3 32 0 0
4 32 0 0
5 32 0 0
6 32 0 0
7 32 0 0
8 32 0 0
9 32 0 0
10 32 0 0
14 32 0 0
15 32 0 0
16 32 0 0
17 32 0 0
18 32 0 0
22 32 0 0
28 32 0 0
29 32 0 0
30 32 0 0
1 33 0 0
4 33 0 0
7 33 0 0
8 33 0 0
9 33 0 0
10 33 0 0
14 33 0 0
15 33 0 0
16 33 0 0
17 33 0 0
18 33 0 0
22 33 0 0
28 33 0 0
29 33 0 0
32 33 0 0
13 34 0 0
20 34 0 0
23 34 0 0
26 34 0 0
20 35 0 0
21 35 0 0
23 35 0 0
24 35 0 0
26 35 0 0
34 35 0 0
1 36 0 0
21 36 0 0
23 36 0 0
24 36 0 0
25 36 0 0
26 36 0 0
27 36 0 0
31 36 0 0
34 36 0 0
35 36 0 0
1 37 0 0
19 37 0 0
21 37 0 0
23 37 0 0
24 37 0 0
25 37 0 0
27 37 0 0
30 37 0 0
31 37 0 0
35 37 0 0
36 37 0 0
20 38 0 0
34 38 0 0
35 38 0 0
20 39 0 0
26 39 0 0
34 39 0 0
35 39 0 0
36 39 0 0
38 39 0 0
20 40 0 0
34 40 0 0
35 40 0 0
36 40 0 0
38 40 0 0
39 40 0 0
1 41 0 0
38 42 0 0
39 42 0 0
40 42 0 0
35 43 0 0
36 43 0 0
38 43 0 0
39 43 0 0
40 43 0 0
38 44 0 0
39 44 0 0
40 44 0 0
42 44 0 0
43 44 0 0
1 45 0 0
41 45 0 0
38 46 0 0
39 46 0 0
40 46 0 0
42 46 0 0
43 46 0 0
44 46 0 0
1 47 0 0
45 47 0 0
1 48 0 0
35 48 0 0
36 48 0 0
37 48 0 0
39 48 0 0
40 48 0 0
43 48 0 0
46 48 0 0
47 48 0 0
1 49 0 0
35 49 0 0
36 49 0 0
37 49 0 0
38 49 0 0
39 49 0 0
40 49 0 0
43 49 0 0
46 49 0 0
48 49 0 0
1 50 0 0
47 50 0 0
1 51 0 0
47 51 0 0
48 51 0 0
49 51 0 0
50 51 0 0
43 52 0 0
46 52 0 0
48 52 0 0
49 52 0 0
51 52 0 0
43 53 0 0
44 53 0 0
46 53 0 0
52 53 0 0
53 54 0 0
42 55 0 0
44 55 0 0
46 55 0 0
53 55 0 0
54 55 0 0
42 56 0 0
44 56 0 0
46 56 0 0
53 56 0 0
54 56 0 0
55 56 0 0
38 57 0 0
40 57 0 0
42 57 0 0
43 57 0 0
44 57 0 0
46 57 0 0
49 57 0 0
52 57 0 0
53 57 0 0
54 57 0 0
55 57 0 0
56 57 0 0
43 58 0 0
46 58 0 0
48 58 0 0
49 58 0 0
52 58 0 0
53 58 0 0
56 58 0 0
57 58 0 0
42 59 0 0
44 59 0 0
46 59 0 0
53 59 0 0
54 59 0 0
55 59 0 0
56 59 0 0
57 59 0 0
38 60 0 0
39 60 0 0
40 60 0 0
42 60 0 0
43 60 0 0
44 60 0 0
46 60 0 0
48 60 0 0
49 60 0 0
52 60 0 0
53 60 0 0
54 60 0 0
55 60 0 0
56 60 0 0
57 60 0 0
58 60 0 0
59 60 0 0
38 61 0 0
39 61 0 0
40 61 0 0
42 61 0 0
43 61 0 0
44 61 0 0
46 61 0 0
52 61 0 0
53 61 0 0
54 61 0 0
55 61 0 0
56 61 0 0
57 61 0 0
58 61 0 0
59 61 0 0
60 61 0 0
1 62 0 0
47 62 0 0
50 62 0 0
51 62 0 0
38 63 0 0
39 63 0 0
40 63 0 0
43 63 0 0
46 63 0 0
48 63 0 0
49 63 0 0
52 63 0 0
53 63 0 0
57 63 0 0
58 63 0 0
60 63 0 0
61 63 0 0
38 64 0 0
42 64 0 0
44 64 0 0
46 64 0 0
53 64 0 0
54 64 0 0
55 64 0 0
56 64 0 0
57 64 0 0
58 64 0 0
59 64 0 0
60 64 0 0
61 64 0 0
63 64 0 0
39 65 0 0
40 65 0 0
43 65 0 0
44 65 0 0
46 65 0 0
48 65 0 0
49 65 0 0
52 65 0 0
53 65 0 0
57 65 0 0
58 65 0 0
60 65 0 0
61 65 0 0
63 65 0 0
64 65 0 0
38 66 0 0
42 66 0 0
44 66 0 0
46 66 0 0
54 66 0 0
55 66 0 0
56 66 0 0
57 66 0 0
59 66 0 0
61 66 0 0
64 66 0 0
38 67 0 0
40 67 0 0
42 67 0 0
44 67 0 0
46 67 0 0
53 67 0 0
54 67 0 0
55 67 0 0
56 67 0 0
57 67 0 0
59 67 0 0
60 67 0 0
61 67 0 0
64 67 0 0
66 67 0 0
38 68 0 0
39 68 0 0
40 68 0 0
42 68 0 0
43 68 0 0
44 68 0 0
46 68 0 0
53 68 0 0
54 68 0 0
55 68 0 0
56 68 0 0
57 68 0 0
58 68 0 0
59 68 0 0
60 68 0 0
61 68 0 0
63 68 0 0
64 68 0 0
65 68 0 0
66 68 0 0
67 68 0 0
39 69 0 0
43 69 0 0
48 69 0 0
49 69 0 0
51 69 0 0
52 69 0 0
58 69 0 0
60 69 0 0
62 69 0 0
63 69 0 0
65 69 0 0
38 70 0 0
39 70 0 0
40 70 0 0
42 70 0 0
43 70 0 0
44 70 0 0
46 70 0 0
49 70 0 0
52 70 0 0
53 70 0 0
55 70 0 0
56 70 0 0
57 70 0 0
58 70 0 0
59 70 0 0
60 70 0 0
61 70 0 0
63 70 0 0
64 70 0 0
65 70 0 0
66 70 0 0
67 70 0 0
68 70 0 0
1 71 0 0
47 71 0 0
48 71 0 0
50 71 0 0
51 71 0 0
62 71 0 0
69 71 0 0
1 72 0 0
37 72 0 0
43 72 0 0
47 72 0 0
48 72 0 0
49 72 0 0
51 72 0 0
52 72 0 0
58 72 0 0
60 72 0 0
62 72 0 0
63 72 0 0
65 72 0 0
69 72 0 0
71 72 0 0
38 73 0 0
39 73 0 0
40 73 0 0
42 73 0 0
43 73 0 0
44 73 0 0
46 73 0 0
48 73 0 0
49 73 0 0
52 73 0 0
53 73 0 0
55 73 0 0
56 73 0 0
57 73 0 0
58 73 0 0
59 73 0 0
60 73 0 0
61 73 0 0
63 73 0 0
64 73 0 0
65 73 0 0
66 73 0 0
67 73 0 0
68 73 0 0
69 73 0 0
70 73 0 0
72 73 0 0
38 74 0 0
39 74 0 0
40 74 0 0
42 74 0 0
43 74 0 0
44 74 0 0
46 74 0 0
48 74 0 0
49 74 0 0
52 74 0 0
53 74 0 0
56 74 0 0
57 74 0 0
58 74 0 0
60 74 0 0
61 74 0 0
63 74 0 0
64 74 0 0
65 74 0 0
67 74 0 0
68 74 0 0
69 74 0 0
70 74 0 0
72 74 0 0
73 74 0 0
38 75 0 0
39 75 0 0
40 75 0 0
43 75 0 0
46 75 0 0
48 75 0 0
49 75 0 0
51 75 0 0
52 75 0 0
53 75 0 0
57 75 0 0
58 75 0 0
60 75 0 0
61 75 0 0
63 75 0 0
65 75 0 0
68 75 0 0
69 75 0 0
70 75 0 0
72 75 0 0
73 75 0 0
74 75 0 0
1 76 0 0
45 76 0 0
47 76 0 0
50 76 0 0
51 76 0 0
62 76 0 0
71 76 0 0
38 77 0 0
39 77 0 0
40 77 0 0
42 77 0 0
43 77 0 0
44 77 0 0
46 77 0 0
49 77 0 0
52 77 0 0
53 77 0 0
54 77 0 0
55 77 0 0
56 77 0 0
57 77 0 0
58 77 0 0
59 77 0 0
60 77 0 0
61 77 0 0
63 77 0 0
64 77 0 0
65 77 0 0
66 77 0 0
67 77 0 0
68 77 0 0
70 77 0 0
73 77 0 0
74 77 0 0
75 77 0 0
1 78 0 0
43 78 0 0
47 78 0 0
48 78 0 0
49 78 0 0
51 78 0 0
52 78 0 0
58 78 0 0
60 78 0 0
62 78 0 0
63 78 0 0
65 78 0 0
69 78 0 0
71 78 0 0
72 78 0 0
74 78 0 0
75 78 0 0
1 79 0 0
47 79 0 0
48 79 0 0
49 79 0 0
50 79 0 0
51 79 0 0
62 79 0 0
69 79 0 0
71 79 0 0
72 79 0 0
75 79 0 0
76 79 0 0
78 79 0 0
1 80 0 0
47 80 0 0
48 80 0 0
50 80 0 0
51 80 0 0
62 80 0 0
69 80 0 0
71 80 0 0
72 80 0 0
76 80 0 0
78 80 0 0
79 80 0 0
1 81 0 0
34 81 0 0
35 81 0 0
36 81 0 0
37 81 0 0
38 81 0 0
39 81 0 0
40 81 0 0
43 81 0 0
46 81 0 0
48 81 0 0
49 81 0 0
52 81 0 0
57 81 0 0
58 81 0 0
60 81 0 0
61 81 0 0
63 81 0 0
65 81 0 0
68 81 0 0
69 81 0 0
70 81 0 0
72 81 0 0
73 81 0 0
74 81 0 0
75 81 0 0
77 81 0 0
78 81 0 0
79 81 0 0
20 82 0 0
34 82 0 0
35 82 0 0
36 82 0 0
38 82 0 0
39 82 0 0
40 82 0 0
42 82 0 0
43 82 0 0
44 82 0 0
46 82 0 0
48 82 0 0
49 82 0 0
52 82 0 0
53 82 0 0
56 82 0 0
57 82 0 0
58 82 0 0
60 82 0 0
61 82 0 0
63 82 0 0
64 82 0 0
65 82 0 0
66 82 0 0
67 82 0 0
68 82 0 0
69 82 0 0
70 82 0 0
73 82 0 0
74 82 0 0
75 82 0 0
77 82 0 0
81 82 0 0
20 83 0 0
34 83 0 0
35 83 0 0
38 83 0 0
39 83 0 0
40 83 0 0
42 83 0 0
43 83 0 0
44 83 0 0
46 83 0 0
57 83 0 0
60 83 0 0
61 83 0 0
64 83 0 0
66 83 0 0
67 83 0 0
68 83 0 0
70 83 0 0
73 83 0 0
74 83 0 0
75 83 0 0
77 83 0 0
81 83 0 0
82 83 0 0
20 84 0 0
34 84 0 0
38 84 0 0
39 84 0 0
40 84 0 0
42 84 0 0
44 84 0 0
46 84 0 0
56 84 0 0
57 84 0 0
60 84 0 0
61 84 0 0
64 84 0 0
66 84 0 0
67 84 0 0
68 84 0 0
70 84 0 0
73 84 0 0
74 84 0 0
77 84 0 0
81 84 0 0
82 84 0 0
83 84 0 0
1 85 0 0
21 85 0 0
27 85 0 0
30 85 0 0
31 85 0 0
36 85 0 0
37 85 0 0
47 85 0 0
48 85 0 0
50 85 0 0
51 85 0 0
62 85 0 0
69 85 0 0
71 85 0 0
72 85 0 0
76 85 0 0
78 85 0 0
79 85 0 0
80 85 0 0
1 86 0 0
22 86 0 0
33 86 0 0
41 86 0 0
45 86 0 0
38 87 0 0
40 87 0 0
42 87 0 0
44 87 0 0
46 87 0 0
56 87 0 0
57 87 0 0
59 87 0 0
61 87 0 0
64 87 0 0
66 87 0 0
67 87 0 0
68 87 0 0
70 87 0 0
73 87 0 0
77 87 0 0
82 87 0 0
83 87 0 0
84 87 0 0
20 88 0 0
34 88 0 0
35 88 0 0
36 88 0 0
38 88 0 0
39 88 0 0
40 88 0 0
42 88 0 0
43 88 0 0
44 88 0 0
46 88 0 0
48 88 0 0
49 88 0 0
52 88 0 0
57 88 0 0
60 88 0 0
61 88 0 0
63 88 0 0
65 88 0 0
67 88 0 0
68 88 0 0
69 88 0 0
70 88 0 0
73 88 0 0
74 88 0 0
75 88 0 0
77 88 0 0
81 88 0 0
82 88 0 0
83 88 0 0
84 88 0 0
87 88 0 0
1 89 0 0
21 89 0 0
27 89 0 0
30 89 0 0
31 89 0 0
36 89 0 0
37 89 0 0
47 89 0 0
48 89 0 0
49 89 0 0
51 89 0 0
62 89 0 0
69 89 0 0
71 89 0 0
72 89 0 0
76 89 0 0
78 89 0 0
79 89 0 0
80 89 0 0
81 89 0 0
85 89 0 0
20 90 0 0
34 90 0 0
35 90 0 0
38 90 0 0
39 90 0 0
40 90 0 0
42 90 0 0
43 90 0 0
44 90 0 0
46 90 0 0
49 90 0 0
56 90 0 0
57 90 0 0
58 90 0 0
59 90 0 0
60 90 0 0
61 90 0 0
63 90 0 0
64 90 0 0
65 90 0 0
66 90 0 0
67 90 0 0
68 90 0 0
70 90 0 0
73 90 0 0
74 90 0 0
75 90 0 0
77 90 0 0
81 90 0 0
82 90 0 0
83 90 0 0
84 90 0 0
87 90 0 0
88 90 0 0
1 91 0 0
22 91 0 0
33 91 0 0
41 91 0 0
45 91 0 0
86 91 0 0
1 92 0 0
41 92 0 0
45 92 0 0
47 92 0 0
50 92 0 0
76 92 0 0
85 92 0 0
86 92 0 0
91 92 0 0
1 93 0 0
41 93 0 0
45 93 0 0
47 93 0 0
50 93 0 0
71 93 0 0
76 93 0 0
80 93 0 0
85 93 0 0
86 93 0 0
91 93 0 0
92 93 0 0
1 94 0 0
21 94 0 0
36 94 0 0
37 94 0 0
47 94 0 0
48 94 0 0
49 94 0 0
51 94 0 0
62 94 0 0
69 94 0 0
71 94 0 0
72 94 0 0
75 94 0 0
76 94 0 0
78 94 0 0
79 94 0 0
80 94 0 0
81 94 0 0
85 94 0 0
89 94 0 0
34 95 0 0
35 95 0 0
36 95 0 0
38 95 0 0
39 95 0 0
40 95 0 0
42 95 0 0
43 95 0 0
44 95 0 0
46 95 0 0
48 95 0 0
49 95 0 0
52 95 0 0
53 95 0 0
57 95 0 0
58 95 0 0
60 95 0 0
61 95 0 0
63 95 0 0
64 95 0 0
65 95 0 0
67 95 0 0
68 95 0 0
69 95 0 0
70 95 0 0
72 95 0 0
73 95 0 0
74 95 0 0
75 95 0 0
77 95 0 0
78 95 0 0
81 95 0 0
82 95 0 0
83 95 0 0
84 95 0 0
87 95 0 0
88 95 0 0
90 95 0 0
1 96 0 0
41 96 0 0
45 96 0 0
47 96 0 0
50 96 0 0
62 96 0 0
71 96 0 0
76 96 0 0
80 96 0 0
85 96 0 0
89 96 0 0
91 96 0 0
92 96 0 0
93 96 0 0
1 97 0 0
36 97 0 0
37 97 0 0
47 97 0 0
48 97 0 0
49 97 0 0
50 97 0 0
51 97 0 0
62 97 0 0
69 97 0 0
71 97 0 0
72 97 0 0
76 97 0 0
78 97 0 0
79 97 0 0
80 97 0 0
81 97 0 0
85 97 0 0
89 97 0 0
94 97 0 0
96 97 0 0
20 98 0 0
34 98 0 0
38 98 0 0
40 98 0 0
42 98 0 0
44 98 0 0
46 98 0 0
66 98 0 0
67 98 0 0
68 98 0 0
70 98 0 0
77 98 0 0
82 98 0 0
83 98 0 0
84 98 0 0
87 98 0 0
88 98 0 0
90 98 0 0
95 98 0 0
1 99 0 0
19 99 0 0
21 99 0 0
24 99 0 0
25 99 0 0
27 99 0 0
30 99 0 0
31 99 0 0
36 99 0 0
37 99 0 0
47 99 0 0
48 99 0 0
69 99 0 0
71 99 0 0
72 99 0 0
76 99 0 0
78 99 0 0
79 99 0 0
80 99 0 0
81 99 0 0
85 99 0 0
89 99 0 0
94 99 0 0
96 99 0 0
97 99 0 0
1 100 0 0
21 100 0 0
24 100 0 0
25 100 0 0
27 100 0 0
30 100 0 0
31 100 0 0
35 100 0 0
36 100 0 0
37 100 0 0
39 100 0 0
43 100 0 0
47 100 0 0
48 100 0 0
49 100 0 0
69 100 0 0
71 100 0 0
72 100 0 0
75 100 0 0
78 100 0 0
79 100 0 0
80 100 0 0
81 100 0 0
85 100 0 0
89 100 0 0
94 100 0 0
95 100 0 0
97 100 0 0
99 100 0 0
1 101 0 0
21 101 0 0
24 101 0 0
27 101 0 0
30 101 0 0
31 101 0 0
34 101 0 0
35 101 0 0
36 101 0 0
37 101 0 0
39 101 0 0
40 101 0 0
43 101 0 0
47 101 0 0
48 101 0 0
49 101 0 0
63 101 0 0
69 101 0 0
71 101 0 0
72 101 0 0
73 101 0 0
74 101 0 0
75 101 0 0
78 101 0 0
79 101 0 0
81 101 0 0
82 101 0 0
85 101 0 0
88 101 0 0
89 101 0 0
94 101 0 0
95 101 0 0
97 101 0 0
99 101 0 0
100 101 0 0
1 102 0 0
20 102 0 0
21 102 0 0
23 102 0 0
26 102 0 0
34 102 0 0
35 102 0 0
36 102 0 0
37 102 0 0
38 102 0 0
39 102 0 0
40 102 0 0
43 102 0 0
46 102 0 0
48 102 0 0
49 102 0 0
63 102 0 0
69 102 0 0
70 102 0 0
72 102 0 0
73 102 0 0
74 102 0 0
75 102 0 0
81 102 0 0
82 102 0 0
83 102 0 0
88 102 0 0
90 102 0 0
94 102 0 0
95 102 0 0
100 102 0 0
101 102 0 0
20 103 0 0
23 103 0 0
26 103 0 0
34 103 0 0
35 103 0 0
36 103 0 0
38 103 0 0
39 103 0 0
40 103 0 0
42 103 0 0
43 103 0 0
44 103 0 0
46 103 0 0
48 103 0 0
49 103 0 0
60 103 0 0
68 103 0 0
70 103 0 0
73 103 0 0
74 103 0 0
75 103 0 0
77 103 0 0
81 103 0 0
82 103 0 0
83 103 0 0
84 103 0 0
87 103 0 0
88 103 0 0
90 103 0 0
95 103 0 0
98 103 0 0
100 103 0 0
101 103 0 0
102 103 0 0
1 104 0 0
21 104 0 0
23 104 0 0
24 104 0 0
26 104 0 0
31 104 0 0
34 104 0 0
35 104 0 0
36 104 0 0
37 104 0 0
38 104 0 0
39 104 0 0
40 104 0 0
43 104 0 0
46 104 0 0
48 104 0 0
49 104 0 0
69 104 0 0
72 104 0 0
73 104 0 0
74 104 0 0
75 104 0 0
81 104 0 0
82 104 0 0
88 104 0 0
89 104 0 0
94 104 0 0
95 104 0 0
97 104 0 0
99 104 0 0
100 104 0 0
101 104 0 0
102 104 0 0
103 104 0 0
20 105 0 0
26 105 0 0
34 105 0 0
35 105 0 0
38 105 0 0
39 105 0 0
40 105 0 0
42 105 0 0
43 105 0 0
44 105 0 0
46 105 0 0
49 105 0 0
60 105 0 0
61 105 0 0
66 105 0 0
67 105 0 0
68 105 0 0
70 105 0 0
73 105 0 0
74 105 0 0
75 105 0 0
77 105 0 0
81 105 0 0
82 105 0 0
83 105 0 0
84 105 0 0
87 105 0 0
88 105 0 0
90 105 0 0
95 105 0 0
98 105 0 0
102 105 0 0
103 105 0 0
104 105 0 0
1 106 0 0
21 106 0 0
25 106 0 0
27 106 0 0
30 106 0 0
31 106 0 0
37 106 0 0
47 106 0 0
71 106 0 0
72 106 0 0
76 106 0 0
79 106 0 0
80 106 0 0
85 106 0 0
89 106 0 0
93 106 0 0
94 106 0 0
96 106 0 0
97 106 0 0
99 106 0 0
100 106 0 0
101 106 0 0
1 107 0 0
21 107 0 0
27 107 0 0
30 107 0 0
31 107 0 0
36 107 0 0
37 107 0 0
47 107 0 0
48 107 0 0
49 107 0 0
51 107 0 0
62 107 0 0
69 107 0 0
71 107 0 0
72 107 0 0
78 107 0 0
79 107 0 0
80 107 0 0
81 107 0 0
85 107 0 0
89 107 0 0
94 107 0 0
97 107 0 0
99 107 0 0
100 107 0 0
101 107 0 0
102 107 0 0
104 107 0 0
106 107 0 0
50 108 0 1
51 108 0 1
62 108 0 1
78 108 0 1
79 108 0 1
80 108 0 1
2 109 0 1
23 109 0 1
24 109 0 1
26 109 0 1
13 110 0 1
13 111 0 1
20 111 0 1
13 112 0 1
20 112 0 1
23 112 0 1
26 112 0 1
13 113 0 1
20 113 0 1
23 113 0 1
26 113 0 1
34 113 0 1
1 114 0 1
4 114 0 1
5 114 0 1
6 114 0 1
7 114 0 1
8 114 0 1
9 114 0 1
10 114 0 1
14 114 0 1
15 114 0 1
16 114 0 1
17 114 0 1
18 114 0 1
22 114 0 1
28 114 0 1
29 114 0 1
32 114 0 1
33 114 0 1
1 115 0 1
2 115 0 1
3 115 0 1
5 115 0 1
10 115 0 1
11 115 0 1
12 115 0 1
19 115 0 1
21 115 0 1
24 115 0 1
25 115 0 1
27 115 0 1
30 115 0 1
31 115 0 1
37 115 0 1
13 116 0 1
20 116 0 1
26 116 0 1
34 116 0 1
98 116 0 1
105 116 0 1
13 117 0 1
20 117 0 1
23 117 0 1
26 117 0 1
34 117 0 1
35 117 0 1
40 117 0 1
98 117 0 1
102 117 0 1
103 117 0 1
104 117 0 1
105 117 0 1
1 118 0 1
2 118 0 1
11 118 0 1
12 118 0 1
19 118 0 1
21 118 0 1
23 118 0 1
24 118 0 1
25 118 0 1
26 118 0 1
27 118 0 1
30 118 0 1
31 118 0 1
36 118 0 1
37 118 0 1
13 119 0 1
20 119 0 1
13 120 0 1
20 120 0 1
23 120 0 1
26 120 0 1
34 120 0 1
35 120 0 1
13 121 0 1
20 121 0 1
23 121 0 1
26 121 0 1
34 121 0 1
35 121 0 1
1 122 0 1
2 122 0 1
3 122 0 1
11 122 0 1
12 122 0 1
19 122 0 1
21 122 0 1
24 122 0 1
25 122 0 1
27 122 0 1
30 122 0 1
31 122 0 1
36 122 0 1
37 122 0 1
1 123 0 1
2 123 0 1
12 123 0 1
19 123 0 1
21 123 0 1
23 123 0 1
24 123 0 1
25 123 0 1
26 123 0 1
27 123 0 1
31 123 0 1
34 123 0 1
35 123 0 1
36 123 0 1
37 123 0 1
13 124 0 1
20 124 0 1
21 124 0 1
23 124 0 1
24 124 0 1
26 124 0 1
34 124 0 1
35 124 0 1
36 124 0 1
13 125 0 1
20 125 0 1
34 125 0 1
38 125 0 1
40 125 0 1
42 125 0 1
44 125 0 1
70 125 0 1
82 125 0 1
83 125 0 1
84 125 0 1
87 125 0 1
90 125 0 1
98 125 0 1
103 125 0 1
105 125 0 1
13 126 0 1
20 126 0 1
34 126 0 1
38 126 0 1
82 126 0 1
83 126 0 1
84 126 0 1
87 126 0 1
90 126 0 1
98 126 0 1
105 126 0 1
13 127 0 1
20 127 0 1
23 127 0 1
26 127 0 1
34 127 0 1
35 127 0 1
38 127 0 1
39 127 0 1
40 127 0 1
81 127 0 1
82 127 0 1
83 127 0 1
84 127 0 1
87 127 0 1
88 127 0 1
90 127 0 1
95 127 0 1
98 127 0 1
102 127 0 1
103 127 0 1
105 127 0 1
20 128 0 1
23 128 0 1
26 128 0 1
34 128 0 1
35 128 0 1
36 128 0 1
38 128 0 1
39 128 0 1
40 128 0 1
43 128 0 1
46 128 0 1
48 128 0 1
49 128 0 1
70 128 0 1
73 128 0 1
74 128 0 1
75 128 0 1
77 128 0 1
81 128 0 1
82 128 0 1
83 128 0 1
84 128 0 1
88 128 0 1
90 128 0 1
95 128 0 1
98 128 0 1
100 128 0 1
101 128 0 1
102 128 0 1
103 128 0 1
104 128 0 1
105 128 0 1
1 129 0 1
41 129 0 1
45 129 0 1
47 129 0 1
50 129 0 1
76 129 0 1
86 129 0 1
91 129 0 1
92 129 0 1
93 129 0 1
96 129 0 1
1 130 0 1
41 130 0 1
45 130 0 1
47 130 0 1
50 130 0 1
71 130 0 1
76 130 0 1
80 130 0 1
85 130 0 1
86 130 0 1
91 130 0 1
92 130 0 1
93 130 0 1
96 130 0 1
1 131 0 1
41 131 0 1
45 131 0 1
86 131 0 1
91 131 0 1
92 131 0 1
1 132 0 1
45 132 0 1
47 132 0 1
50 132 0 1
62 132 0 1
71 132 0 1
76 132 0 1
80 132 0 1
85 132 0 1
91 132 0 1
92 132 0 1
93 132 0 1
96 132 0 1
43 133 0 1
48 133 0 1
49 133 0 1
51 133 0 1
52 133 0 1
58 133 0 1
60 133 0 1
62 133 0 1
63 133 0 1
65 133 0 1
69 133 0 1
71 133 0 1
72 133 0 1
74 133 0 1
75 133 0 1
78 133 0 1
79 133 0 1
80 133 0 1
81 133 0 1
85 133 0 1
94 133 0 1
97 133 0 1
1 134 0 1
41 134 0 1
45 134 0 1
86 134 0 1
91 134 0 1
92 134 0 1
96 134 0 1
1 135 0 1
41 135 0 1
45 135 0 1
50 135 0 1
76 135 0 1
86 135 0 1
91 135 0 1
92 135 0 1
93 135 0 1
96 135 0 1
1 136 0 1
41 136 0 1
45 136 0 1
47 136 0 1
50 136 0 1
62 136 0 1
71 136 0 1
76 136 0 1
80 136 0 1
91 136 0 1
92 136 0 1
93 136 0 1
96 136 0 1
1 137 0 1
41 137 0 1
45 137 0 1
47 137 0 1
50 137 0 1
76 137 0 1
91 137 0 1
92 137 0 1
93 137 0 1
96 137 0 1
1 138 0 1
41 138 0 1
45 138 0 1
76 138 0 1
86 138 0 1
91 138 0 1
92 138 0 1
93 138 0 1
96 138 0 1
1 139 0 1
45 139 0 1
47 139 0 1
50 139 0 1
51 139 0 1
62 139 0 1
71 139 0 1
76 139 0 1
78 139 0 1
79 139 0 1
80 139 0 1
85 139 0 1
89 139 0 1
92 139 0 1
93 139 0 1
94 139 0 1
96 139 0 1
97 139 0 1
106 139 0 1
1 140 0 1
45 140 0 1
47 140 0 1
50 140 0 1
62 140 0 1
71 140 0 1
76 140 0 1
79 140 0 1
80 140 0 1
85 140 0 1
92 140 0 1
93 140 0 1
96 140 0 1
97 140 0 1
1 141 0 1
41 141 0 1
45 141 0 1
47 141 0 1
50 141 0 1
62 141 0 1
71 141 0 1
76 141 0 1
80 141 0 1
85 141 0 1
91 141 0 1
92 141 0 1
93 141 0 1
96 141 0 1
13 142 0 1
20 142 0 1
34 142 0 1
38 142 0 1
83 142 0 1
84 142 0 1
87 142 0 1
98 142 0 1
105 142 0 1
13 143 0 1
20 143 0 1
23 143 0 1
26 143 0 1
34 143 0 1
38 143 0 1
84 143 0 1
98 143 0 1
103 143 0 1
105 143 0 1
13 144 0 1
20 144 0 1
23 144 0 1
26 144 0 1
34 144 0 1
35 144 0 1
38 144 0 1
39 144 0 1
40 144 0 1
82 144 0 1
83 144 0 1
84 144 0 1
88 144 0 1
90 144 0 1
98 144 0 1
102 144 0 1
103 144 0 1
105 144 0 1
13 145 0 1
20 145 0 1
23 145 0 1
26 145 0 1
34 145 0 1
35 145 0 1
38 145 0 1
39 145 0 1
40 145 0 1
82 145 0 1
83 145 0 1
84 145 0 1
87 145 0 1
88 145 0 1
90 145 0 1
98 145 0 1
103 145 0 1
105 145 0 1
13 146 0 1
20 146 0 1
23 146 0 1
26 146 0 1
34 146 0 1
35 146 0 1
38 146 0 1
39 146 0 1
40 146 0 1
81 146 0 1
82 146 0 1
83 146 0 1
84 146 0 1
88 146 0 1
90 146 0 1
98 146 0 1
102 146 0 1
103 146 0 1
104 146 0 1
105 146 0 1
51 147 0 1
52 147 0 1
53 147 0 1
57 147 0 1
58 147 0 1
60 147 0 1
61 147 0 1
63 147 0 1
65 147 0 1
69 147 0 1
73 147 0 1
74 147 0 1
75 147 0 1
78 147 0 1
53 149 0 1
54 149 0 1
55 149 0 1
56 149 0 1
57 149 0 1
59 149 0 1
61 149 0 1
64 149 0 1
53 150 0 1
54 150 0 1
55 150 0 1
56 150 0 1
57 150 0 1
59 150 0 1
60 150 0 1
61 150 0 1
64 150 0 1
67 150 0 1
68 150 0 1
77 150 0 1
52 151 0 1
53 151 0 1
54 151 0 1
55 151 0 1
56 151 0 1
57 151 0 1
58 151 0 1
59 151 0 1
60 151 0 1
61 151 0 1
63 151 0 1
64 151 0 1
65 151 0 1
66 151 0 1
67 151 0 1
68 151 0 1
70 151 0 1
77 151 0 1
1 152 0 1
47 152 0 1
50 152 0 1
51 152 0 1
62 152 0 1
71 152 0 1
76 152 0 1
79 152 0 1
80 152 0 1
50 153 0 1
51 153 0 1
62 153 0 1
71 153 0 1
76 153 0 1
79 153 0 1
80 153 0 1
52 154 0 1
53 154 0 1
57 154 0 1
58 154 0 1
60 154 0 1
61 154 0 1
63 154 0 1
65 154 0 1
69 154 0 1
74 154 0 1
75 154 0 1
52 155 0 1
53 155 0 1
54 155 0 1
55 155 0 1
56 155 0 1
57 155 0 1
58 155 0 1
59 155 0 1
60 155 0 1
61 155 0 1
63 155 0 1
64 155 0 1
65 155 0 1
77 155 0 1
50 156 0 1
51 156 0 1
62 156 0 1
76 156 0 1
80 156 0 1
43 157 0 1
46 157 0 1
49 157 0 1
52 157 0 1
53 157 0 1
55 157 0 1
57 157 0 1
58 157 0 1
60 157 0 1
61 157 0 1
63 157 0 1
64 157 0 1
65 157 0 1
68 157 0 1
69 157 0 1
70 157 0 1
73 157 0 1
74 157 0 1
75 157 0 1
77 157 0 1
95 157 0 1
47 158 0 1
48 158 0 1
50 158 0 1
51 158 0 1
52 158 0 1
62 158 0 1
69 158 0 1
71 158 0 1
72 158 0 1
78 158 0 1
79 158 0 1
80 158 0 1
1 159 0 1
47 159 0 1
50 159 0 1
51 159 0 1
62 159 0 1
71 159 0 1
76 159 0 1
79 159 0 1
80 159 0 1
85 159 0 1
96 159 0 1
1 160 0 1
41 160 0 1
45 160 0 1
50 160 0 1
76 160 0 1
96 160 0 1
41 161 0 1
45 161 0 1
91 161 0 1
1 162 0 1
45 162 0 1
47 162 0 1
50 162 0 1
62 162 0 1
76 162 0 1
80 162 0 1
92 162 0 1
93 162 0 1
96 162 0 1
43 163 0 1
46 163 0 1
52 163 0 1
53 163 0 1
54 163 0 1
55 163 0 1
56 163 0 1
57 163 0 1
58 163 0 1
59 163 0 1
60 163 0 1
61 163 0 1
63 163 0 1
64 163 0 1
65 163 0 1
68 163 0 1
70 163 0 1
73 163 0 1
74 163 0 1
75 163 0 1
77 163 0 1
43 164 0 1
49 164 0 1
51 164 0 1
52 164 0 1
53 164 0 1
57 164 0 1
58 164 0 1
60 164 0 1
63 164 0 1
65 164 0 1
69 164 0 1
72 164 0 1
73 164 0 1
74 164 0 1
75 164 0 1
78 164 0 1
79 164 0 1
1 165 0 1
47 165 0 1
50 165 0 1
51 165 0 1
62 165 0 1
71 165 0 1
72 165 0 1
76 165 0 1
78 165 0 1
79 165 0 1
80 165 0 1
50 166 0 1
51 166 0 1
52 166 0 1
62 166 0 1
69 166 0 1
71 166 0 1
72 166 0 1
76 166 0 1
78 166 0 1
79 166 0 1
80 166 0 1
53 167 0 1
54 167 0 1
55 167 0 1
56 167 0 1
57 167 0 1
59 167 0 1
61 167 0 1
53 168 0 1
54 168 0 1
55 168 0 1
57 168 0 1
58 168 0 1
52 169 0 1
53 169 0 1
57 169 0 1
58 169 0 1
60 169 0 1
61 169 0 1
63 169 0 1
65 169 0 1
52 170 0 1
53 170 0 1
54 170 0 1
55 170 0 1
56 170 0 1
57 170 0 1
58 170 0 1
60 170 0 1
61 170 0 1
63 170 0 1
65 170 0 1
50 171 0 1
50 172 0 1
53 173 0 1
54 173 0 1
55 173 0 1
56 173 0 1
57 173 0 1
58 173 0 1
59 173 0 1
61 173 0 1
64 173 0 1
50 174 0 1
76 174 0 1
51 175 0 1
52 175 0 1
58 175 0 1
62 175 0 1
78 175 0 1
79 175 0 1
48 176 0 1
51 176 0 1
52 176 0 1
53 176 0 1
57 176 0 1
58 176 0 1
60 176 0 1
62 176 0 1
63 176 0 1
65 176 0 1
69 176 0 1
72 176 0 1
74 176 0 1
75 176 0 1
78 176 0 1
79 176 0 1
53 178 0 1
54 178 0 1
55 178 0 1
56 178 0 1
57 178 0 1
59 178 0 1
61 178 0 1
64 178 0 1
52 180 0 1
53 180 0 1
54 180 0 1
57 180 0 1
58 180 0 1
60 180 0 1
65 180 0 1
51 181 0 1
50 182 0 1
50 183 0 1
54 186 0 1
54 187 0 1
55 187 0 1
54 190 0 1
54 191 0 1
54 192 0 1
52 196 0 1
53 196 0 1
54 196 0 1
57 196 0 1
58 196 0 1
60 196 0 1
63 196 0 1
65 196 0 1
53 197 0 1
54 197 0 1
55 197 0 1
54 198 0 1
55 198 0 1
59 198 0 1
53 199 0 1
54 199 0 1
55 199 0 1
