1 3 0 0
1 4 0 0
3 4 0 0
1 5 0 0
3 5 0 0
4 5 0 0
1 6 0 0
5 6 0 0
7 8 0 0
1 9 0 0
6 9 0 0
7 10 0 0
8 10 0 0
1 11 0 0
5 11 0 0
6 11 0 0
9 11 0 0
1 12 0 0
1 13 0 0
12 13 0 0
1 14 0 0
2 14 0 0
9 14 0 0
12 14 0 0
13 14 0 0
1 15 0 0
2 15 0 0
12 15 0 0
13 15 0 0
14 15 0 0
1 16 0 0
12 16 0 0
13 16 0 0
14 16 0 0
15 16 0 0
1 17 0 0
9 17 0 0
11 17 0 0
13 17 0 0
14 17 0 0
15 17 0 0
16 17 0 0
1 18 0 0
12 18 0 0
13 18 0 0
14 18 0 0
15 18 0 0
16 18 0 0
17 18 0 0
1 19 0 0
12 19 0 0
13 19 0 0
14 19 0 0
15 19 0 0
16 19 0 0
17 19 0 0
18 19 0 0
2 20 0 0
12 20 0 0
13 20 0 0
14 20 0 0
15 20 0 0
18 20 0 0
19 20 0 0
2 21 0 0
1 22 0 0
2 22 0 0
13 22 0 0
14 22 0 0
15 22 0 0
17 22 0 0
18 22 0 0
20 22 0 0
21 22 0 0
2 23 0 0
14 23 0 0
15 23 0 0
20 23 0 0
21 23 0 0
22 23 0 0
2 25 0 0
20 25 0 0
22 25 0 0
23 25 0 0
2 26 0 0
21 26 0 0
22 26 0 0
23 26 0 0
24 27 0 0
24 28 0 0
27 28 0 0
2 29 0 0
21 29 0 0
23 29 0 0
26 29 0 0
24 30 0 0
27 30 0 0
28 30 0 0
24 31 0 0
27 31 0 0
28 31 0 0
30 31 0 0
24 32 0 0
27 32 0 0
28 32 0 0
30 32 0 0
31 32 0 0
24 33 0 0
27 33 0 0
28 33 0 0
30 33 0 0
31 33 0 0
32 33 0 0
2 34 0 0
24 34 0 0
27 34 0 0
28 34 0 0
31 34 0 0
32 34 0 0
33 34 0 0
2 35 0 0
28 35 0 0
32 35 0 0
33 35 0 0
34 35 0 0
2 36 0 0
25 36 0 0
33 36 0 0
34 36 0 0
35 36 0 0
24 37 0 0
27 37 0 0
28 37 0 0
30 37 0 0
31 37 0 0
32 37 0 0
33 37 0 0
34 37 0 0
35 37 0 0
36 37 0 0
24 38 0 0
27 38 0 0
28 38 0 0
30 38 0 0
31 38 0 0
32 38 0 0
33 38 0 0
34 38 0 0
37 38 0 0
24 39 0 0
27 39 0 0
28 39 0 0
30 39 0 0
31 39 0 0
32 39 0 0
33 39 0 0
34 39 0 0
35 39 0 0
36 39 0 0
37 39 0 0
38 39 0 0
24 40 0 0
27 40 0 0
28 40 0 0
30 40 0 0
31 40 0 0
32 40 0 0
33 40 0 0
34 40 0 0
37 40 0 0
38 40 0 0
39 40 0 0
2 41 0 0
25 41 0 0
33 41 0 0
34 41 0 0
35 41 0 0
36 41 0 0
37 41 0 0
39 41 0 0
1 42 0 0
2 42 0 0
12 42 0 0
13 42 0 0
14 42 0 0
15 42 0 0
16 42 0 0
17 42 0 0
18 42 0 0
19 42 0 0
20 42 0 0
21 42 0 0
22 42 0 0
23 42 0 0
1 43 0 0
2 43 0 0
12 43 0 0
13 43 0 0
14 43 0 0
15 43 0 0
16 43 0 0
17 43 0 0
18 43 0 0
19 43 0 0
20 43 0 0
21 43 0 0
22 43 0 0
23 43 0 0
42 43 0 0
1 44 0 0
2 44 0 0
13 44 0 0
14 44 0 0
15 44 0 0
16 44 0 0
17 44 0 0
21 44 0 0
22 44 0 0
23 44 0 0
42 44 0 0
43 44 0 0
7 45 0 1
8 45 0 1
10 45 0 1
7 46 0 1
8 46 0 1
10 46 0 1
12 46 0 1
19 46 0 1
20 46 0 1
24 46 0 1
27 46 0 1
28 46 0 1
30 46 0 1
31 46 0 1
37 46 0 1
38 46 0 1
40 46 0 1
3 47 0 1
4 47 0 1
1 48 0 1
3 48 0 1
3 49 0 1
4 49 0 1
1 51 0 1
3 51 0 1
4 51 0 1
19 51 0 1
7 52 0 1
10 52 0 1
7 53 0 1
8 53 0 1
10 53 0 1
7 54 0 1
10 54 0 1
7 55 0 1
8 55 0 1
10 55 0 1
1 56 0 1
3 56 0 1
10 56 0 1
19 56 0 1
12 57 0 1
13 57 0 1
15 57 0 1
18 57 0 1
19 57 0 1
20 57 0 1
25 57 0 1
1 58 0 1
9 58 0 1
14 58 0 1
16 58 0 1
17 58 0 1
21 58 0 1
22 58 0 1
23 58 0 1
42 58 0 1
43 58 0 1
44 58 0 1
1 59 0 1
2 59 0 1
9 59 0 1
14 59 0 1
17 59 0 1
21 59 0 1
22 59 0 1
23 59 0 1
42 59 0 1
43 59 0 1
44 59 0 1
19 60 0 1
24 61 0 1
27 61 0 1
28 61 0 1
30 61 0 1
31 61 0 1
32 61 0 1
33 61 0 1
34 61 0 1
35 61 0 1
36 61 0 1
37 61 0 1
38 61 0 1
39 61 0 1
40 61 0 1
41 61 0 1
30 62 0 1
31 62 0 1
32 62 0 1
37 62 0 1
38 62 0 1
40 62 0 1
30 63 0 1
30 64 0 1
31 64 0 1
38 64 0 1
40 64 0 1
27 65 0 1
30 65 0 1
31 65 0 1
37 65 0 1
38 65 0 1
40 65 0 1
24 66 0 1
27 66 0 1
30 66 0 1
31 66 0 1
37 66 0 1
38 66 0 1
40 66 0 1
27 67 0 1
28 67 0 1
30 67 0 1
31 67 0 1
32 67 0 1
37 67 0 1
38 67 0 1
40 67 0 1
27 68 0 1
30 68 0 1
31 68 0 1
38 68 0 1
40 68 0 1
12 69 0 1
20 69 0 1
24 69 0 1
27 69 0 1
28 69 0 1
24 70 0 1
27 70 0 1
28 70 0 1
31 70 0 1
37 70 0 1
40 70 0 1
