1 2 0 0
1 3 0 0
2 3 0 0
1 4 0 0
2 4 0 0
3 4 0 0
1 5 0 0
3 5 0 0
4 5 0 0
1 6 0 0
2 6 0 0
3 6 0 0
4 6 0 0
5 6 0 0
1 7 0 0
2 7 0 0
3 7 0 0
4 7 0 0
5 7 0 0
6 7 0 0
1 8 0 0
2 8 0 0
3 8 0 0
4 8 0 0
5 8 0 0
6 8 0 0
7 8 0 0
1 9 0 0
5 9 0 0
1 10 0 0
5 10 0 0
7 10 0 0
9 10 0 0
1 11 0 0
5 11 0 0
7 11 0 0
8 11 0 0
9 11 0 0
10 11 0 0
1 12 0 0
9 12 0 0
1 13 0 0
9 13 0 0
12 13 0 0
1 14 0 0
1 15 0 0
14 15 0 0
1 16 0 0
14 16 0 0
15 16 0 0
1 17 0 0
12 17 0 0
13 17 0 0
1 18 0 0
12 18 0 0
13 18 0 0
17 18 0 0
1 19 0 0
1 20 0 0
15 20 0 0
19 20 0 0
1 21 0 0
14 21 0 0
15 21 0 0
20 21 0 0
1 22 0 0
15 22 0 0
19 22 0 0
20 22 0 0
21 22 0 0
1 23 0 0
19 23 0 0
20 23 0 0
21 23 0 0
22 23 0 0
1 24 0 0
19 24 0 0
20 24 0 0
21 24 0 0
22 24 0 0
23 24 0 0
1 25 0 0
5 25 0 0
9 25 0 0
10 25 0 0
11 25 0 0
12 25 0 0
13 25 0 0
17 25 0 0
18 25 0 0
1 26 0 0
5 26 0 0
9 26 0 0
10 26 0 0
11 26 0 0
12 26 0 0
13 26 0 0
17 26 0 0
18 26 0 0
25 26 0 0
1 27 0 0
5 27 0 0
9 27 0 0
10 27 0 0
11 27 0 0
12 27 0 0
13 27 0 0
17 27 0 0
18 27 0 0
25 27 0 0
26 27 0 0
1 28 0 0
9 28 0 0
12 28 0 0
13 28 0 0
17 28 0 0
18 28 0 0
25 28 0 0
26 28 0 0
27 28 0 0
1 29 0 1
2 29 0 1
3 29 0 1
4 29 0 1
5 29 0 1
6 29 0 1
7 29 0 1
8 29 0 1
9 29 0 1
10 29 0 1
11 29 0 1
12 29 0 1
13 29 0 1
17 29 0 1
18 29 0 1
25 29 0 1
26 29 0 1
27 29 0 1
28 29 0 1
1 30 0 1
2 30 0 1
3 30 0 1
4 30 0 1
1 31 0 1
1 32 0 1
2 32 0 1
3 32 0 1
1 33 0 1
2 33 0 1
3 33 0 1
4 33 0 1
6 33 0 1
7 33 0 1
8 33 0 1
1 34 0 1
2 34 0 1
3 34 0 1
4 34 0 1
6 34 0 1
8 34 0 1
1 35 0 1
2 35 0 1
3 35 0 1
1 36 0 1
2 36 0 1
3 36 0 1
4 36 0 1
6 36 0 1
1 37 0 1
2 37 0 1
3 37 0 1
4 37 0 1
5 37 0 1
6 37 0 1
7 37 0 1
8 37 0 1
11 37 0 1
1 38 0 1
2 38 0 1
3 38 0 1
4 38 0 1
6 38 0 1
1 39 0 1
2 39 0 1
3 39 0 1
4 39 0 1
6 39 0 1
7 39 0 1
8 39 0 1
1 40 0 1
3 40 0 1
6 40 0 1
1 41 0 1
2 41 0 1
3 41 0 1
4 41 0 1
6 41 0 1
8 41 0 1
1 42 0 1
6 42 0 1
1 43 0 1
3 43 0 1
5 43 0 1
6 43 0 1
7 43 0 1
8 43 0 1
9 43 0 1
10 43 0 1
11 43 0 1
13 43 0 1
26 43 0 1
27 43 0 1
28 43 0 1
1 44 0 1
3 44 0 1
5 44 0 1
6 44 0 1
7 44 0 1
8 44 0 1
9 44 0 1
10 44 0 1
11 44 0 1
12 44 0 1
13 44 0 1
25 44 0 1
26 44 0 1
27 44 0 1
28 44 0 1
1 45 0 1
3 45 0 1
4 45 0 1
5 45 0 1
6 45 0 1
7 45 0 1
8 45 0 1
9 45 0 1
10 45 0 1
11 45 0 1
25 45 0 1
26 45 0 1
27 45 0 1
28 45 0 1
1 46 0 1
3 46 0 1
4 46 0 1
5 46 0 1
6 46 0 1
7 46 0 1
8 46 0 1
9 46 0 1
10 46 0 1
11 46 0 1
27 46 0 1
1 47 0 1
28 47 0 1
1 48 0 1
12 48 0 1
17 48 0 1
18 48 0 1
1 49 0 1
12 49 0 1
17 49 0 1
18 49 0 1
1 50 0 1
12 50 0 1
13 50 0 1
17 50 0 1
18 50 0 1
25 50 0 1
26 50 0 1
27 50 0 1
28 50 0 1
1 51 0 1
12 51 0 1
13 51 0 1
17 51 0 1
18 51 0 1
25 51 0 1
26 51 0 1
27 51 0 1
28 51 0 1
1 52 0 1
5 52 0 1
6 52 0 1
9 52 0 1
10 52 0 1
11 52 0 1
12 52 0 1
13 52 0 1
25 52 0 1
26 52 0 1
27 52 0 1
28 52 0 1
1 53 0 1
3 53 0 1
6 53 0 1
1 54 0 1
6 54 0 1
