2 3 0 0
2 4 0 0
1 6 0 0
4 6 0 0
1 7 0 0
6 7 0 0
1 8 0 0
4 8 0 0
6 8 0 0
7 8 0 0
5 9 0 0
5 10 0 0
9 10 0 0
1 11 0 0
8 11 0 0
1 12 0 0
11 12 0 0
1 13 0 0
6 13 0 0
7 13 0 0
8 13 0 0
11 13 0 0
12 13 0 0
1 14 0 0
11 14 0 0
12 14 0 0
13 14 0 0
5 15 0 0
9 15 0 0
10 15 0 0
1 16 0 0
11 16 0 0
12 16 0 0
13 16 0 0
14 16 0 0
1 17 0 0
1 18 0 0
17 18 0 0
1 19 0 0
17 19 0 0
18 19 0 0
5 20 0 0
9 20 0 0
10 20 0 0
15 20 0 0
1 21 0 0
13 21 0 0
14 21 0 0
16 21 0 0
18 21 0 0
19 21 0 0
5 22 0 1
7 22 0 1
9 22 0 1
10 22 0 1
15 22 0 1
20 22 0 1
2 23 0 1
3 23 0 1
4 23 0 1
1 24 0 1
2 24 0 1
3 24 0 1
4 25 0 1
6 25 0 1
7 25 0 1
8 25 0 1
2 26 0 1
3 26 0 1
4 26 0 1
4 27 0 1
6 27 0 1
7 27 0 1
6 28 0 1
7 28 0 1
8 28 0 1
5 29 0 1
9 29 0 1
1 30 0 1
8 30 0 1
11 30 0 1
12 30 0 1
14 30 0 1
1 31 0 1
4 31 0 1
6 31 0 1
8 31 0 1
11 31 0 1
12 31 0 1
13 31 0 1
14 31 0 1
1 32 0 1
4 32 0 1
6 32 0 1
7 32 0 1
8 32 0 1
11 32 0 1
12 32 0 1
13 32 0 1
14 32 0 1
16 32 0 1
5 33 0 1
9 33 0 1
10 33 0 1
15 33 0 1
20 33 0 1
9 34 0 1
15 34 0 1
20 34 0 1
1 35 0 1
6 35 0 1
7 35 0 1
8 35 0 1
13 35 0 1
16 35 0 1
21 35 0 1
13 36 0 1
16 36 0 1
21 36 0 1
20 37 0 1
20 38 0 1
1 39 0 1
6 39 0 1
7 39 0 1
8 39 0 1
13 39 0 1
16 39 0 1
21 39 0 1
1 40 0 1
7 40 0 1
13 40 0 1
16 40 0 1
21 40 0 1
5 41 0 1
9 41 0 1
15 41 0 1
5 42 0 1
7 42 0 1
9 42 0 1
5 43 0 1
9 43 0 1
5 44 0 1
9 44 0 1
10 44 0 1
15 44 0 1
1 45 0 1
16 45 0 1
17 45 0 1
18 45 0 1
19 45 0 1
21 45 0 1
1 46 0 1
13 46 0 1
16 46 0 1
17 46 0 1
18 46 0 1
19 46 0 1
21 46 0 1
1 47 0 1
17 48 0 1
19 48 0 1
20 49 0 1
20 50 0 1
1 51 0 1
17 51 0 1
18 51 0 1
19 51 0 1
20 53 0 1
20 54 0 1
1 55 0 1
16 55 0 1
17 55 0 1
18 55 0 1
19 55 0 1
20 55 0 1
21 55 0 1
