1 2 0 0
3 6 0 0
3 7 0 0
6 7 0 0
3 8 0 0
6 8 0 0
7 8 0 0
3 9 0 0
6 9 0 0
7 9 0 0
8 9 0 0
4 10 0 0
3 11 0 0
6 11 0 0
7 11 0 0
8 11 0 0
9 11 0 0
10 11 0 0
2 12 0 0
3 13 0 0
6 13 0 0
7 13 0 0
8 13 0 0
9 13 0 0
10 13 0 0
11 13 0 0
3 14 0 0
6 14 0 0
7 14 0 0
8 14 0 0
9 14 0 0
11 14 0 0
13 14 0 0
2 15 0 0
3 16 0 0
11 16 0 0
13 16 0 0
14 16 0 0
3 17 0 0
11 17 0 0
13 17 0 0
14 17 0 0
16 17 0 0
3 18 0 0
10 18 0 0
11 18 0 0
13 18 0 0
14 18 0 0
16 18 0 0
17 18 0 0
3 19 0 0
11 19 0 0
14 19 0 0
16 19 0 0
17 19 0 0
18 19 0 0
2 20 0 0
12 20 0 0
3 21 0 0
11 21 0 0
17 21 0 0
18 21 0 0
3 22 0 0
17 22 0 0
18 22 0 0
21 22 0 0
1 23 0 0
2 23 0 0
12 23 0 0
20 23 0 0
21 23 0 0
22 23 0 0
3 24 0 0
11 24 0 0
13 24 0 0
14 24 0 0
16 24 0 0
17 24 0 0
18 24 0 0
19 24 0 0
3 25 0 0
10 25 0 0
11 25 0 0
17 25 0 0
18 25 0 0
21 25 0 0
22 25 0 0
23 25 0 0
2 26 0 0
12 26 0 0
15 26 0 0
20 26 0 0
2 27 0 0
15 27 0 0
26 27 0 0
2 28 0 0
12 28 0 0
15 28 0 0
20 28 0 0
23 28 0 0
26 28 0 0
27 28 0 0
3 29 0 0
11 29 0 0
13 29 0 0
14 29 0 0
16 29 0 0
17 29 0 0
18 29 0 0
19 29 0 0
21 29 0 0
22 29 0 0
24 29 0 0
25 29 0 0
3 30 0 0
7 30 0 0
8 30 0 0
9 30 0 0
10 30 0 0
11 30 0 0
13 30 0 0
14 30 0 0
16 30 0 0
17 30 0 0
18 30 0 0
19 30 0 0
21 30 0 0
24 30 0 0
25 30 0 0
29 30 0 0
2 31 0 0
12 31 0 0
20 31 0 0
23 31 0 0
26 31 0 0
28 31 0 0
3 32 0 0
8 32 0 0
9 32 0 0
10 32 0 0
11 32 0 0
13 32 0 0
14 32 0 0
17 32 0 0
18 32 0 0
19 32 0 0
21 32 0 0
22 32 0 0
24 32 0 0
25 32 0 0
29 32 0 0
30 32 0 0
3 33 0 0
7 33 0 0
8 33 0 0
9 33 0 0
11 33 0 0
13 33 0 0
14 33 0 0
16 33 0 0
17 33 0 0
18 33 0 0
19 33 0 0
21 33 0 0
24 33 0 0
25 33 0 0
29 33 0 0
30 33 0 0
32 33 0 0
1 34 0 0
2 34 0 0
15 34 0 0
20 34 0 0
23 34 0 0
26 34 0 0
27 34 0 0
28 34 0 0
1 35 0 0
2 35 0 0
20 35 0 0
23 35 0 0
28 35 0 0
34 35 0 0
3 36 0 0
17 36 0 0
18 36 0 0
19 36 0 0
21 36 0 0
22 36 0 0
24 36 0 0
25 36 0 0
29 36 0 0
33 36 0 0
3 37 0 0
16 37 0 0
17 37 0 0
19 37 0 0
24 37 0 0
29 37 0 0
33 37 0 0
36 37 0 0
3 38 0 0
17 38 0 0
18 38 0 0
21 38 0 0
22 38 0 0
23 38 0 0
25 38 0 0
29 38 0 0
32 38 0 0
33 38 0 0
36 38 0 0
1 39 0 0
2 39 0 0
12 39 0 0
20 39 0 0
23 39 0 0
28 39 0 0
31 39 0 0
34 39 0 0
35 39 0 0
2 40 0 0
3 40 0 0
18 40 0 0
20 40 0 0
21 40 0 0
22 40 0 0
23 40 0 0
25 40 0 0
29 40 0 0
32 40 0 0
35 40 0 0
36 40 0 0
38 40 0 0
39 40 0 0
1 41 0 0
2 41 0 0
20 41 0 0
22 41 0 0
23 41 0 0
34 41 0 0
35 41 0 0
38 41 0 0
39 41 0 0
40 41 0 0
1 42 0 0
2 42 0 0
1 43 0 0
3 43 0 0
1 44 0 0
2 44 0 0
41 44 0 0
42 44 0 0
43 44 0 0
1 45 0 0
3 45 0 0
36 45 0 0
38 45 0 0
41 45 0 0
43 45 0 0
44 45 0 0
1 46 0 0
2 46 0 0
41 46 0 0
42 46 0 0
44 46 0 0
3 47 0 0
36 47 0 0
43 47 0 0
45 47 0 0
1 48 0 0
2 48 0 0
20 48 0 0
28 48 0 0
34 48 0 0
35 48 0 0
39 48 0 0
41 48 0 0
42 48 0 0
44 48 0 0
46 48 0 0
1 49 0 0
2 49 0 0
23 49 0 0
35 49 0 0
38 49 0 0
39 49 0 0
40 49 0 0
41 49 0 0
42 49 0 0
43 49 0 0
44 49 0 0
45 49 0 0
46 49 0 0
48 49 0 0
1 50 0 0
2 50 0 0
20 50 0 0
23 50 0 0
28 50 0 0
34 50 0 0
35 50 0 0
39 50 0 0
41 50 0 0
42 50 0 0
44 50 0 0
46 50 0 0
48 50 0 0
49 50 0 0
1 51 0 0
3 51 0 0
21 51 0 0
22 51 0 0
36 51 0 0
38 51 0 0
40 51 0 0
41 51 0 0
43 51 0 0
44 51 0 0
45 51 0 0
47 51 0 0
49 51 0 0
1 52 0 0
2 52 0 0
22 52 0 0
23 52 0 0
35 52 0 0
38 52 0 0
40 52 0 0
41 52 0 0
42 52 0 0
43 52 0 0
44 52 0 0
45 52 0 0
46 52 0 0
47 52 0 0
49 52 0 0
50 52 0 0
51 52 0 0
1 53 0 0
2 53 0 0
20 53 0 0
34 53 0 0
35 53 0 0
39 53 0 0
41 53 0 0
42 53 0 0
44 53 0 0
46 53 0 0
48 53 0 0
49 53 0 0
50 53 0 0
52 53 0 0
3 54 0 0
36 54 0 0
38 54 0 0
43 54 0 0
44 54 0 0
45 54 0 0
47 54 0 0
49 54 0 0
51 54 0 0
52 54 0 0
1 55 0 0
2 55 0 0
34 55 0 0
35 55 0 0
39 55 0 0
41 55 0 0
42 55 0 0
44 55 0 0
46 55 0 0
48 55 0 0
49 55 0 0
50 55 0 0
52 55 0 0
53 55 0 0
3 56 0 0
36 56 0 0
43 56 0 0
45 56 0 0
47 56 0 0
51 56 0 0
52 56 0 0
54 56 0 0
1 57 0 0
2 57 0 0
20 57 0 0
21 57 0 0
22 57 0 0
23 57 0 0
25 57 0 0
35 57 0 0
38 57 0 0
39 57 0 0
40 57 0 0
41 57 0 0
44 57 0 0
45 57 0 0
49 57 0 0
50 57 0 0
51 57 0 0
52 57 0 0
54 57 0 0
55 57 0 0
1 58 0 0
3 58 0 0
11 58 0 0
17 58 0 0
18 58 0 0
19 58 0 0
21 58 0 0
22 58 0 0
23 58 0 0
24 58 0 0
25 58 0 0
29 58 0 0
30 58 0 0
32 58 0 0
33 58 0 0
36 58 0 0
37 58 0 0
38 58 0 0
40 58 0 0
41 58 0 0
43 58 0 0
44 58 0 0
45 58 0 0
47 58 0 0
49 58 0 0
51 58 0 0
52 58 0 0
54 58 0 0
56 58 0 0
57 58 0 0
3 59 0 0
17 59 0 0
19 59 0 0
21 59 0 0
24 59 0 0
29 59 0 0
36 59 0 0
37 59 0 0
38 59 0 0
45 59 0 0
47 59 0 0
51 59 0 0
54 59 0 0
56 59 0 0
58 59 0 0
1 60 0 0
2 60 0 0
20 60 0 0
21 60 0 0
22 60 0 0
23 60 0 0
25 60 0 0
35 60 0 0
38 60 0 0
39 60 0 0
40 60 0 0
41 60 0 0
44 60 0 0
45 60 0 0
49 60 0 0
50 60 0 0
51 60 0 0
52 60 0 0
53 60 0 0
54 60 0 0
55 60 0 0
57 60 0 0
58 60 0 0
1 61 0 0
2 61 0 0
20 61 0 0
21 61 0 0
22 61 0 0
23 61 0 0
28 61 0 0
34 61 0 0
35 61 0 0
38 61 0 0
39 61 0 0
40 61 0 0
41 61 0 0
44 61 0 0
45 61 0 0
48 61 0 0
49 61 0 0
50 61 0 0
51 61 0 0
52 61 0 0
53 61 0 0
55 61 0 0
57 61 0 0
58 61 0 0
60 61 0 0
1 62 0 0
2 62 0 0
3 62 0 0
21 62 0 0
22 62 0 0
23 62 0 0
25 62 0 0
35 62 0 0
36 62 0 0
38 62 0 0
39 62 0 0
40 62 0 0
41 62 0 0
43 62 0 0
44 62 0 0
45 62 0 0
47 62 0 0
49 62 0 0
50 62 0 0
51 62 0 0
52 62 0 0
54 62 0 0
55 62 0 0
56 62 0 0
57 62 0 0
58 62 0 0
60 62 0 0
61 62 0 0
1 63 0 0
3 63 0 0
21 63 0 0
22 63 0 0
25 63 0 0
29 63 0 0
36 63 0 0
38 63 0 0
40 63 0 0
41 63 0 0
43 63 0 0
44 63 0 0
45 63 0 0
47 63 0 0
49 63 0 0
51 63 0 0
52 63 0 0
54 63 0 0
56 63 0 0
57 63 0 0
58 63 0 0
59 63 0 0
60 63 0 0
61 63 0 0
62 63 0 0
3 64 0 0
17 64 0 0
19 64 0 0
21 64 0 0
22 64 0 0
29 64 0 0
36 64 0 0
37 64 0 0
38 64 0 0
40 64 0 0
43 64 0 0
45 64 0 0
47 64 0 0
51 64 0 0
52 64 0 0
54 64 0 0
56 64 0 0
57 64 0 0
58 64 0 0
59 64 0 0
62 64 0 0
63 64 0 0
3 65 0 1
4 65 0 1
5 65 0 1
6 65 0 1
7 65 0 1
8 65 0 1
9 65 0 1
10 65 0 1
13 65 0 1
14 65 0 1
3 66 0 1
6 66 0 1
7 66 0 1
3 67 0 1
6 67 0 1
7 67 0 1
8 67 0 1
9 67 0 1
13 67 0 1
14 67 0 1
3 68 0 1
6 68 0 1
7 68 0 1
8 68 0 1
9 68 0 1
14 68 0 1
3 69 0 1
4 69 0 1
6 69 0 1
7 69 0 1
8 69 0 1
9 69 0 1
10 69 0 1
13 69 0 1
14 69 0 1
4 70 0 1
5 70 0 1
10 70 0 1
12 70 0 1
31 70 0 1
5 71 0 1
12 71 0 1
31 71 0 1
4 72 0 1
5 72 0 1
10 72 0 1
12 72 0 1
31 72 0 1
5 73 0 1
12 73 0 1
15 73 0 1
26 73 0 1
31 73 0 1
5 74 0 1
10 74 0 1
12 74 0 1
31 74 0 1
5 75 0 1
12 75 0 1
31 75 0 1
5 76 0 1
12 76 0 1
15 76 0 1
26 76 0 1
31 76 0 1
5 77 0 1
12 77 0 1
31 77 0 1
15 78 0 1
27 78 0 1
5 80 0 1
5 81 0 1
5 82 0 1
5 83 0 1
4 84 0 1
5 84 0 1
10 84 0 1
4 85 0 1
10 85 0 1
5 86 0 1
5 87 0 1
10 88 0 1
12 88 0 1
20 88 0 1
21 88 0 1
22 88 0 1
23 88 0 1
25 88 0 1
31 88 0 1
40 88 0 1
10 89 0 1
12 89 0 1
20 89 0 1
23 89 0 1
28 89 0 1
31 89 0 1
12 90 0 1
15 90 0 1
26 90 0 1
27 90 0 1
28 90 0 1
31 90 0 1
10 91 0 1
12 91 0 1
20 91 0 1
23 91 0 1
25 91 0 1
31 91 0 1
15 92 0 1
26 92 0 1
27 92 0 1
12 93 0 1
15 93 0 1
26 93 0 1
27 93 0 1
28 93 0 1
31 93 0 1
2 94 0 1
12 94 0 1
20 94 0 1
23 94 0 1
28 94 0 1
31 94 0 1
34 94 0 1
35 94 0 1
39 94 0 1
12 95 0 1
15 95 0 1
20 95 0 1
26 95 0 1
27 95 0 1
28 95 0 1
31 95 0 1
34 95 0 1
2 96 0 1
12 96 0 1
15 96 0 1
20 96 0 1
26 96 0 1
27 96 0 1
28 96 0 1
31 96 0 1
34 96 0 1
39 96 0 1
2 97 0 1
12 97 0 1
15 97 0 1
20 97 0 1
26 97 0 1
27 97 0 1
28 97 0 1
31 97 0 1
34 97 0 1
48 99 0 1
1 100 0 1
2 100 0 1
42 100 0 1
46 100 0 1
48 100 0 1
53 100 0 1
2 102 0 1
48 102 0 1
2 103 0 1
26 103 0 1
27 103 0 1
28 103 0 1
34 103 0 1
48 103 0 1
50 103 0 1
53 103 0 1
2 104 0 1
15 104 0 1
26 104 0 1
27 104 0 1
28 104 0 1
34 104 0 1
48 104 0 1
1 105 0 1
2 105 0 1
34 105 0 1
42 105 0 1
46 105 0 1
48 105 0 1
50 105 0 1
53 105 0 1
55 105 0 1
2 106 0 1
34 106 0 1
48 106 0 1
3 108 0 1
6 108 0 1
7 108 0 1
8 108 0 1
9 108 0 1
4 109 0 1
7 109 0 1
8 109 0 1
3 110 0 1
6 110 0 1
7 110 0 1
8 110 0 1
9 110 0 1
13 110 0 1
14 110 0 1
3 111 0 1
4 111 0 1
6 111 0 1
7 111 0 1
8 111 0 1
9 111 0 1
4 112 0 1
10 112 0 1
4 113 0 1
3 114 0 1
6 114 0 1
7 114 0 1
8 114 0 1
4 116 0 1
5 116 0 1
3 117 0 1
6 117 0 1
7 117 0 1
8 117 0 1
9 117 0 1
