1 2 0 0
3 4 0 0
1 6 0 0
5 7 0 0
1 8 0 0
2 8 0 0
6 8 0 0
1 9 0 0
7 9 0 0
5 10 0 0
7 10 0 0
9 10 0 0
5 11 0 0
7 11 0 0
9 11 0 0
10 11 0 0
5 12 0 0
7 12 0 0
9 12 0 0
10 12 0 0
11 12 0 0
1 13 0 0
7 13 0 0
9 13 0 0
10 13 0 0
11 13 0 0
12 13 0 0
1 14 0 0
6 14 0 0
9 14 0 0
13 14 0 0
1 15 0 0
6 15 0 0
14 15 0 0
1 16 0 0
6 16 0 0
9 16 0 0
10 16 0 0
13 16 0 0
14 16 0 0
15 16 0 0
5 17 0 0
7 17 0 0
10 17 0 0
11 17 0 0
12 17 0 0
1 18 0 0
6 18 0 0
14 18 0 0
15 18 0 0
16 18 0 0
5 19 0 0
7 19 0 0
10 19 0 0
11 19 0 0
12 19 0 0
17 19 0 0
1 20 0 0
6 20 0 0
9 20 0 0
13 20 0 0
14 20 0 0
15 20 0 0
16 20 0 0
18 20 0 0
1 21 0 0
2 21 0 0
6 21 0 0
8 21 0 0
18 21 0 0
1 22 0 0
2 22 0 0
8 22 0 0
21 22 0 0
1 23 0 0
6 23 0 0
9 23 0 0
13 23 0 0
14 23 0 0
15 23 0 0
16 23 0 0
18 23 0 0
20 23 0 0
1 24 0 0
6 24 0 0
14 24 0 0
15 24 0 0
16 24 0 0
18 24 0 0
20 24 0 0
21 24 0 0
23 24 0 0
1 25 0 0
2 25 0 0
8 25 0 0
21 25 0 0
22 25 0 0
1 26 0 0
6 26 0 0
8 26 0 0
14 26 0 0
15 26 0 0
16 26 0 0
18 26 0 0
20 26 0 0
21 26 0 0
23 26 0 0
24 26 0 0
1 27 0 0
2 27 0 0
6 27 0 0
8 27 0 0
15 27 0 0
18 27 0 0
21 27 0 0
22 27 0 0
24 27 0 0
25 27 0 0
26 27 0 0
5 28 0 0
7 28 0 0
10 28 0 0
11 28 0 0
12 28 0 0
17 28 0 0
19 28 0 0
2 29 0 0
2 30 0 0
29 30 0 0
31 32 0 0
17 33 0 0
31 33 0 0
32 33 0 0
2 34 0 0
21 34 0 0
25 34 0 0
27 34 0 0
29 34 0 0
30 34 0 0
17 35 0 0
28 35 0 0
31 35 0 0
32 35 0 0
33 35 0 0
2 36 0 0
15 36 0 0
18 36 0 0
26 36 0 0
27 36 0 0
29 36 0 0
34 36 0 0
17 37 0 0
28 37 0 0
31 37 0 0
32 37 0 0
33 37 0 0
35 37 0 0
17 38 0 0
28 38 0 0
31 38 0 0
32 38 0 0
33 38 0 0
35 38 0 0
37 38 0 0
29 40 0 0
30 40 0 0
34 40 0 0
39 41 0 0
30 42 0 0
40 42 0 0
5 43 0 0
17 43 0 0
19 43 0 0
28 43 0 0
31 43 0 0
32 43 0 0
33 43 0 0
35 43 0 0
37 43 0 0
38 43 0 0
1 44 0 0
2 44 0 0
15 44 0 0
18 44 0 0
21 44 0 0
24 44 0 0
26 44 0 0
27 44 0 0
29 44 0 0
34 44 0 0
36 44 0 0
5 45 0 0
17 45 0 0
19 45 0 0
28 45 0 0
31 45 0 0
32 45 0 0
33 45 0 0
35 45 0 0
37 45 0 0
38 45 0 0
43 45 0 0
5 46 0 0
7 46 0 0
10 46 0 0
11 46 0 0
12 46 0 0
17 46 0 0
19 46 0 0
28 46 0 0
32 46 0 0
33 46 0 0
35 46 0 0
37 46 0 0
38 46 0 0
43 46 0 0
45 46 0 0
1 47 0 0
6 47 0 0
14 47 0 0
15 47 0 0
16 47 0 0
18 47 0 0
20 47 0 0
23 47 0 0
24 47 0 0
26 47 0 0
27 47 0 0
36 47 0 0
44 47 0 0
1 48 0 0
2 48 0 0
8 48 0 0
21 48 0 0
22 48 0 0
25 48 0 0
27 48 0 0
29 48 0 0
34 48 0 0
5 49 0 0
7 49 0 0
11 49 0 0
12 49 0 0
17 49 0 0
19 49 0 0
28 49 0 0
32 49 0 0
33 49 0 0
35 49 0 0
37 49 0 0
38 49 0 0
43 49 0 0
45 49 0 0
46 49 0 0
5 50 0 0
17 50 0 0
19 50 0 0
28 50 0 0
31 50 0 0
32 50 0 0
33 50 0 0
35 50 0 0
37 50 0 0
38 50 0 0
43 50 0 0
45 50 0 0
46 50 0 0
49 50 0 0
5 51 0 0
17 51 0 0
19 51 0 0
28 51 0 0
32 51 0 0
33 51 0 0
35 51 0 0
37 51 0 0
38 51 0 0
43 51 0 0
45 51 0 0
46 51 0 0
49 51 0 0
50 51 0 0
1 52 0 0
2 52 0 0
6 52 0 0
8 52 0 0
15 52 0 0
18 52 0 0
21 52 0 0
24 52 0 0
26 52 0 0
27 52 0 0
29 52 0 0
34 52 0 0
36 52 0 0
44 52 0 0
47 52 0 0
5 53 0 0
12 53 0 0
17 53 0 0
19 53 0 0
28 53 0 0
32 53 0 0
33 53 0 0
35 53 0 0
37 53 0 0
38 53 0 0
43 53 0 0
45 53 0 0
46 53 0 0
49 53 0 0
50 53 0 0
51 53 0 0
3 54 0 0
39 54 0 0
41 54 0 0
3 55 0 0
39 55 0 0
41 55 0 0
54 55 0 0
4 56 0 0
3 57 0 0
4 57 0 0
54 57 0 0
55 57 0 0
3 58 0 0
4 58 0 0
54 58 0 0
55 58 0 0
57 58 0 0
40 59 0 0
42 59 0 0
3 60 0 0
4 60 0 0
39 60 0 0
41 60 0 0
54 60 0 0
55 60 0 0
57 60 0 0
58 60 0 0
3 61 0 0
41 61 0 0
54 61 0 0
55 61 0 0
58 61 0 0
60 61 0 0
59 62 0 0
61 62 0 0
3 63 0 0
54 63 0 0
55 63 0 0
57 63 0 0
58 63 0 0
60 63 0 0
61 63 0 0
3 64 0 0
4 64 0 0
57 64 0 0
58 64 0 0
60 64 0 0
59 65 0 0
62 65 0 0
59 66 0 0
62 66 0 0
65 66 0 0
3 67 0 0
4 67 0 0
57 67 0 0
58 67 0 0
60 67 0 0
63 67 0 0
64 67 0 0
59 68 0 0
61 68 0 0
62 68 0 0
65 68 0 0
66 68 0 0
59 69 0 0
62 69 0 0
65 69 0 0
66 69 0 0
59 70 0 0
62 70 0 0
65 70 0 0
66 70 0 0
68 70 0 0
69 70 0 0
59 71 0 0
61 71 0 0
62 71 0 0
65 71 0 0
66 71 0 0
68 71 0 0
69 71 0 0
70 71 0 0
3 72 0 0
4 72 0 0
54 72 0 0
55 72 0 0
57 72 0 0
58 72 0 0
60 72 0 0
61 72 0 0
63 72 0 0
64 72 0 0
67 72 0 0
59 73 0 0
62 73 0 0
65 73 0 0
66 73 0 0
68 73 0 0
69 73 0 0
70 73 0 0
71 73 0 0
59 74 0 0
61 74 0 0
62 74 0 0
63 74 0 0
65 74 0 0
66 74 0 0
68 74 0 0
69 74 0 0
70 74 0 0
71 74 0 0
73 74 0 0
3 75 0 0
54 75 0 0
55 75 0 0
60 75 0 0
61 75 0 0
62 75 0 0
63 75 0 0
68 75 0 0
71 75 0 0
72 75 0 0
73 75 0 0
74 75 0 0
3 76 0 0
54 76 0 0
55 76 0 0
57 76 0 0
58 76 0 0
60 76 0 0
61 76 0 0
63 76 0 0
67 76 0 0
71 76 0 0
72 76 0 0
74 76 0 0
75 76 0 0
3 77 0 0
4 77 0 0
57 77 0 0
58 77 0 0
60 77 0 0
64 77 0 0
67 77 0 0
72 77 0 0
4 78 0 0
56 78 0 0
57 78 0 0
64 78 0 0
67 78 0 0
72 78 0 0
77 78 0 0
3 79 0 0
54 79 0 0
55 79 0 0
59 79 0 0
60 79 0 0
61 79 0 0
62 79 0 0
63 79 0 0
66 79 0 0
68 79 0 0
71 79 0 0
73 79 0 0
74 79 0 0
75 79 0 0
76 79 0 0
4 80 0 0
56 80 0 0
64 80 0 0
77 80 0 0
78 80 0 0
3 81 0 0
4 81 0 0
55 81 0 0
57 81 0 0
58 81 0 0
60 81 0 0
63 81 0 0
64 81 0 0
67 81 0 0
72 81 0 0
76 81 0 0
77 81 0 0
78 81 0 0
3 82 0 0
54 82 0 0
55 82 0 0
58 82 0 0
60 82 0 0
61 82 0 0
62 82 0 0
63 82 0 0
67 82 0 0
68 82 0 0
71 82 0 0
72 82 0 0
74 82 0 0
75 82 0 0
76 82 0 0
79 82 0 0
81 82 0 0
3 83 0 0
4 83 0 0
57 83 0 0
58 83 0 0
60 83 0 0
64 83 0 0
67 83 0 0
72 83 0 0
77 83 0 0
78 83 0 0
80 83 0 0
81 83 0 0
4 84 0 0
56 84 0 0
77 84 0 0
78 84 0 0
80 84 0 0
3 85 0 0
39 85 0 0
41 85 0 0
54 85 0 0
55 85 0 0
57 85 0 0
58 85 0 0
60 85 0 0
61 85 0 0
72 85 0 0
76 85 0 0
30 86 0 0
39 86 0 0
40 86 0 0
41 86 0 0
42 86 0 0
54 86 0 0
55 86 0 0
59 86 0 0
61 86 0 0
62 86 0 0
63 86 0 0
65 86 0 0
66 86 0 0
68 86 0 0
69 86 0 0
70 86 0 0
71 86 0 0
73 86 0 0
74 86 0 0
75 86 0 0
76 86 0 0
79 86 0 0
82 86 0 0
3 87 0 0
39 87 0 0
41 87 0 0
54 87 0 0
55 87 0 0
57 87 0 0
58 87 0 0
60 87 0 0
61 87 0 0
63 87 0 0
72 87 0 0
75 87 0 0
76 87 0 0
82 87 0 0
85 87 0 0
1 88 0 1
5 88 0 1
7 88 0 1
9 88 0 1
10 88 0 1
11 88 0 1
12 88 0 1
13 88 0 1
14 88 0 1
15 88 0 1
16 88 0 1
17 88 0 1
18 88 0 1
19 88 0 1
20 88 0 1
23 88 0 1
24 88 0 1
26 88 0 1
28 88 0 1
37 88 0 1
38 88 0 1
43 88 0 1
45 88 0 1
46 88 0 1
47 88 0 1
49 88 0 1
50 88 0 1
51 88 0 1
53 88 0 1
2 89 0 1
29 89 0 1
30 89 0 1
34 89 0 1
36 89 0 1
39 89 0 1
40 89 0 1
41 89 0 1
42 89 0 1
44 89 0 1
52 89 0 1
86 89 0 1
4 90 0 1
31 90 0 1
32 90 0 1
33 90 0 1
35 90 0 1
37 90 0 1
38 90 0 1
43 90 0 1
45 90 0 1
46 90 0 1
50 90 0 1
51 90 0 1
53 90 0 1
56 90 0 1
57 90 0 1
58 90 0 1
60 90 0 1
64 90 0 1
67 90 0 1
72 90 0 1
77 90 0 1
78 90 0 1
80 90 0 1
81 90 0 1
83 90 0 1
84 90 0 1
85 90 0 1
1 91 0 1
6 91 0 1
7 91 0 1
9 91 0 1
10 91 0 1
11 91 0 1
12 91 0 1
13 91 0 1
14 91 0 1
15 91 0 1
16 91 0 1
18 91 0 1
20 91 0 1
23 91 0 1
24 91 0 1
26 91 0 1
47 91 0 1
1 92 0 1
2 92 0 1
8 92 0 1
21 92 0 1
22 92 0 1
25 92 0 1
27 92 0 1
29 92 0 1
34 92 0 1
36 92 0 1
44 92 0 1
48 92 0 1
52 92 0 1
1 93 0 1
2 93 0 1
6 93 0 1
8 93 0 1
15 93 0 1
18 93 0 1
21 93 0 1
22 93 0 1
24 93 0 1
25 93 0 1
26 93 0 1
27 93 0 1
29 93 0 1
34 93 0 1
36 93 0 1
44 93 0 1
47 93 0 1
48 93 0 1
52 93 0 1
1 94 0 1
2 94 0 1
6 94 0 1
8 94 0 1
14 94 0 1
15 94 0 1
16 94 0 1
18 94 0 1
20 94 0 1
21 94 0 1
23 94 0 1
24 94 0 1
26 94 0 1
27 94 0 1
36 94 0 1
44 94 0 1
47 94 0 1
52 94 0 1
1 95 0 1
6 95 0 1
9 95 0 1
13 95 0 1
14 95 0 1
15 95 0 1
16 95 0 1
18 95 0 1
20 95 0 1
23 95 0 1
24 95 0 1
26 95 0 1
47 95 0 1
5 96 0 1
7 96 0 1
9 96 0 1
10 96 0 1
11 96 0 1
12 96 0 1
13 96 0 1
16 96 0 1
17 96 0 1
19 96 0 1
28 96 0 1
37 96 0 1
38 96 0 1
43 96 0 1
45 96 0 1
46 96 0 1
49 96 0 1
50 96 0 1
51 96 0 1
53 96 0 1
17 97 0 1
32 97 0 1
37 97 0 1
38 97 0 1
43 97 0 1
45 97 0 1
46 97 0 1
49 97 0 1
50 97 0 1
51 97 0 1
53 97 0 1
15 98 0 1
16 98 0 1
18 98 0 1
20 98 0 1
23 98 0 1
24 98 0 1
26 98 0 1
36 98 0 1
47 98 0 1
1 99 0 1
2 99 0 1
8 99 0 1
18 99 0 1
21 99 0 1
22 99 0 1
25 99 0 1
27 99 0 1
29 99 0 1
34 99 0 1
36 99 0 1
44 99 0 1
48 99 0 1
52 99 0 1
1 100 0 1
6 100 0 1
15 100 0 1
16 100 0 1
18 100 0 1
20 100 0 1
21 100 0 1
23 100 0 1
24 100 0 1
26 100 0 1
27 100 0 1
36 100 0 1
44 100 0 1
47 100 0 1
52 100 0 1
15 101 0 1
16 101 0 1
18 101 0 1
20 101 0 1
23 101 0 1
24 101 0 1
26 101 0 1
36 101 0 1
44 101 0 1
47 101 0 1
52 101 0 1
2 102 0 1
29 102 0 1
30 102 0 1
34 102 0 1
40 102 0 1
42 102 0 1
86 102 0 1
2 103 0 1
29 103 0 1
30 103 0 1
34 103 0 1
36 103 0 1
40 103 0 1
42 103 0 1
44 103 0 1
52 103 0 1
32 104 0 1
37 104 0 1
38 104 0 1
43 104 0 1
45 104 0 1
46 104 0 1
51 104 0 1
53 104 0 1
13 105 0 1
14 105 0 1
15 105 0 1
16 105 0 1
18 105 0 1
20 105 0 1
23 105 0 1
24 105 0 1
26 105 0 1
36 105 0 1
39 105 0 1
47 105 0 1
38 106 0 1
45 106 0 1
29 107 0 1
30 107 0 1
36 107 0 1
39 107 0 1
40 107 0 1
41 107 0 1
42 107 0 1
86 107 0 1
36 108 0 1
39 108 0 1
41 108 0 1
42 108 0 1
85 108 0 1
86 108 0 1
87 108 0 1
31 109 0 1
32 109 0 1
33 109 0 1
38 110 0 1
39 111 0 1
41 111 0 1
54 111 0 1
60 111 0 1
85 111 0 1
87 111 0 1
60 112 0 1
85 112 0 1
39 113 0 1
60 113 0 1
85 113 0 1
87 113 0 1
39 114 0 1
40 114 0 1
41 114 0 1
42 114 0 1
54 114 0 1
55 114 0 1
60 114 0 1
85 114 0 1
86 114 0 1
87 114 0 1
39 115 0 1
41 115 0 1
54 115 0 1
55 115 0 1
57 115 0 1
58 115 0 1
60 115 0 1
72 115 0 1
81 115 0 1
85 115 0 1
87 115 0 1
4 116 0 1
57 116 0 1
58 116 0 1
60 116 0 1
77 116 0 1
78 116 0 1
81 116 0 1
3 117 0 1
39 117 0 1
54 117 0 1
55 117 0 1
57 117 0 1
58 117 0 1
60 117 0 1
72 117 0 1
77 117 0 1
81 117 0 1
83 117 0 1
85 117 0 1
87 117 0 1
3 118 0 1
41 118 0 1
54 118 0 1
55 118 0 1
59 118 0 1
60 118 0 1
61 118 0 1
62 118 0 1
63 118 0 1
66 118 0 1
68 118 0 1
71 118 0 1
72 118 0 1
73 118 0 1
74 118 0 1
75 118 0 1
76 118 0 1
79 118 0 1
82 118 0 1
85 118 0 1
86 118 0 1
87 118 0 1
3 119 0 1
60 119 0 1
61 119 0 1
62 119 0 1
63 119 0 1
67 119 0 1
68 119 0 1
71 119 0 1
72 119 0 1
73 119 0 1
74 119 0 1
75 119 0 1
76 119 0 1
79 119 0 1
82 119 0 1
86 119 0 1
3 120 0 1
41 120 0 1
54 120 0 1
55 120 0 1
57 120 0 1
58 120 0 1
60 120 0 1
61 120 0 1
63 120 0 1
67 120 0 1
71 120 0 1
72 120 0 1
74 120 0 1
75 120 0 1
76 120 0 1
79 120 0 1
82 120 0 1
85 120 0 1
86 120 0 1
87 120 0 1
4 121 0 1
56 121 0 1
57 121 0 1
58 121 0 1
64 121 0 1
67 121 0 1
72 121 0 1
77 121 0 1
78 121 0 1
80 121 0 1
81 121 0 1
83 121 0 1
84 121 0 1
4 122 0 1
56 122 0 1
77 122 0 1
78 122 0 1
80 122 0 1
84 122 0 1
3 123 0 1
39 123 0 1
41 123 0 1
54 123 0 1
55 123 0 1
57 123 0 1
58 123 0 1
60 123 0 1
67 123 0 1
72 123 0 1
76 123 0 1
77 123 0 1
81 123 0 1
83 123 0 1
85 123 0 1
87 123 0 1
3 124 0 1
4 124 0 1
57 124 0 1
58 124 0 1
60 124 0 1
64 124 0 1
67 124 0 1
72 124 0 1
77 124 0 1
78 124 0 1
81 124 0 1
83 124 0 1
60 125 0 1
85 125 0 1
39 126 0 1
41 126 0 1
54 126 0 1
55 126 0 1
57 126 0 1
58 126 0 1
60 126 0 1
85 126 0 1
87 126 0 1
39 127 0 1
54 127 0 1
55 127 0 1
57 127 0 1
58 127 0 1
60 127 0 1
85 127 0 1
87 127 0 1
36 128 0 1
39 128 0 1
41 128 0 1
42 128 0 1
44 128 0 1
38 129 0 1
39 129 0 1
85 129 0 1
39 130 0 1
41 130 0 1
85 130 0 1
29 131 0 1
30 131 0 1
34 131 0 1
36 131 0 1
39 131 0 1
40 131 0 1
41 131 0 1
42 131 0 1
86 131 0 1
