2 3 0 0
2 4 0 0
3 4 0 0
5 6 0 0
6 8 0 0
7 8 0 0
7 9 0 0
8 9 0 0
5 10 0 0
6 10 0 0
8 10 0 0
5 11 0 0
6 11 0 0
8 11 0 0
10 11 0 0
2 12 0 0
3 12 0 0
4 12 0 0
2 13 0 0
7 13 0 0
8 13 0 0
9 13 0 0
2 14 0 0
3 14 0 0
4 14 0 0
12 14 0 0
6 15 0 0
8 15 0 0
10 15 0 0
11 15 0 0
13 15 0 0
2 16 0 0
6 16 0 0
7 16 0 0
8 16 0 0
9 16 0 0
11 16 0 0
13 16 0 0
15 16 0 0
6 17 0 0
8 17 0 0
10 17 0 0
11 17 0 0
13 17 0 0
15 17 0 0
16 17 0 0
2 18 0 0
7 18 0 0
8 18 0 0
9 18 0 0
13 18 0 0
16 18 0 0
17 18 0 0
5 19 0 0
6 19 0 0
8 19 0 0
10 19 0 0
11 19 0 0
15 19 0 0
16 19 0 0
17 19 0 0
5 20 0 0
6 20 0 0
10 20 0 0
11 20 0 0
15 20 0 0
17 20 0 0
19 20 0 0
2 21 0 0
3 21 0 0
4 21 0 0
12 21 0 0
14 21 0 0
2 22 0 0
12 22 0 0
14 22 0 0
21 22 0 0
2 23 0 0
7 23 0 0
9 23 0 0
13 23 0 0
15 23 0 0
16 23 0 0
17 23 0 0
18 23 0 0
15 24 0 0
16 24 0 0
23 24 0 0
15 25 0 0
16 25 0 0
23 25 0 0
24 25 0 0
15 26 0 0
16 26 0 0
23 26 0 0
24 26 0 0
25 26 0 0
2 27 0 0
13 27 0 0
16 27 0 0
18 27 0 0
22 27 0 0
23 27 0 0
24 27 0 0
25 27 0 0
26 27 0 0
2 28 0 0
13 28 0 0
15 28 0 0
16 28 0 0
17 28 0 0
18 28 0 0
23 28 0 0
24 28 0 0
25 28 0 0
26 28 0 0
27 28 0 0
15 29 0 0
16 29 0 0
17 29 0 0
19 29 0 0
23 29 0 0
24 29 0 0
25 29 0 0
26 29 0 0
27 29 0 0
28 29 0 0
2 30 0 0
1 31 0 0
24 32 0 0
25 32 0 0
26 32 0 0
28 32 0 0
29 32 0 0
2 33 0 0
30 33 0 0
1 34 0 0
31 34 0 0
1 35 0 0
31 35 0 0
34 35 0 0
2 36 0 0
2 37 0 0
36 37 0 0
2 38 0 0
2 39 0 0
36 39 0 0
37 39 0 0
36 40 0 0
37 40 0 0
38 40 0 0
39 40 0 0
36 41 0 0
39 41 0 0
40 41 0 0
2 42 0 0
36 42 0 0
37 42 0 0
39 42 0 0
32 43 0 0
38 43 0 0
2 44 0 0
33 44 0 0
36 44 0 0
37 44 0 0
42 44 0 0
1 45 0 0
31 45 0 0
34 45 0 0
35 45 0 0
1 46 0 0
31 46 0 0
34 46 0 0
35 46 0 0
45 46 0 0
24 47 0 0
25 47 0 0
26 47 0 0
29 47 0 0
32 47 0 0
43 47 0 0
24 48 0 0
25 48 0 0
26 48 0 0
29 48 0 0
32 48 0 0
43 48 0 0
47 48 0 0
2 49 0 0
30 49 0 0
33 49 0 0
43 49 0 0
48 49 0 0
2 50 0 0
30 50 0 0
33 50 0 0
44 50 0 0
49 50 0 0
24 51 0 0
25 51 0 0
26 51 0 0
32 51 0 0
43 51 0 0
47 51 0 0
48 51 0 0
2 52 0 0
30 52 0 0
33 52 0 0
42 52 0 0
44 52 0 0
49 52 0 0
50 52 0 0
1 53 0 0
31 53 0 0
34 53 0 0
35 53 0 0
45 53 0 0
46 53 0 0
1 54 0 0
31 54 0 0
34 54 0 0
35 54 0 0
45 54 0 0
46 54 0 0
53 54 0 0
2 55 0 0
13 55 0 0
16 55 0 0
18 55 0 0
22 55 0 0
23 55 0 0
24 55 0 0
25 55 0 0
26 55 0 0
27 55 0 0
28 55 0 0
29 55 0 0
30 55 0 0
32 55 0 0
33 55 0 0
47 55 0 0
48 55 0 0
49 55 0 0
50 55 0 0
51 55 0 0
24 56 0 0
25 56 0 0
26 56 0 0
28 56 0 0
29 56 0 0
32 56 0 0
47 56 0 0
48 56 0 0
51 56 0 0
24 57 0 0
25 57 0 0
26 57 0 0
27 57 0 0
28 57 0 0
29 57 0 0
32 57 0 0
47 57 0 0
48 57 0 0
51 57 0 0
55 57 0 0
56 57 0 0
1 58 0 0
31 58 0 0
34 58 0 0
35 58 0 0
45 58 0 0
46 58 0 0
53 58 0 0
54 58 0 0
1 59 0 1
34 59 0 1
2 60 0 1
36 60 0 1
37 60 0 1
38 60 0 1
42 60 0 1
43 60 0 1
44 60 0 1
48 60 0 1
49 60 0 1
50 60 0 1
51 60 0 1
52 60 0 1
7 61 0 1
8 61 0 1
9 61 0 1
13 61 0 1
16 61 0 1
18 61 0 1
22 61 0 1
23 61 0 1
2 62 0 1
4 62 0 1
7 62 0 1
9 62 0 1
12 62 0 1
13 62 0 1
16 62 0 1
18 62 0 1
21 62 0 1
22 62 0 1
5 63 0 1
20 63 0 1
5 64 0 1
20 64 0 1
2 65 0 1
7 65 0 1
9 65 0 1
12 65 0 1
13 65 0 1
16 65 0 1
18 65 0 1
21 65 0 1
22 65 0 1
23 65 0 1
27 65 0 1
28 65 0 1
55 65 0 1
5 66 0 1
6 66 0 1
8 66 0 1
10 66 0 1
11 66 0 1
15 66 0 1
17 66 0 1
19 66 0 1
20 66 0 1
5 67 0 1
20 67 0 1
5 68 0 1
6 68 0 1
8 68 0 1
10 68 0 1
11 68 0 1
15 68 0 1
17 68 0 1
19 68 0 1
20 68 0 1
5 69 0 1
6 69 0 1
10 69 0 1
11 69 0 1
20 69 0 1
2 70 0 1
7 70 0 1
9 70 0 1
12 70 0 1
13 70 0 1
16 70 0 1
18 70 0 1
21 70 0 1
22 70 0 1
23 70 0 1
2 71 0 1
7 71 0 1
9 71 0 1
13 71 0 1
16 71 0 1
18 71 0 1
22 71 0 1
23 71 0 1
27 71 0 1
28 71 0 1
55 71 0 1
5 72 0 1
20 72 0 1
2 73 0 1
7 73 0 1
9 73 0 1
13 73 0 1
16 73 0 1
18 73 0 1
22 73 0 1
23 73 0 1
24 73 0 1
27 73 0 1
28 73 0 1
29 73 0 1
55 73 0 1
2 74 0 1
7 74 0 1
9 74 0 1
12 74 0 1
13 74 0 1
16 74 0 1
18 74 0 1
21 74 0 1
22 74 0 1
23 74 0 1
27 74 0 1
28 74 0 1
55 74 0 1
5 75 0 1
20 75 0 1
2 76 0 1
7 76 0 1
9 76 0 1
13 76 0 1
16 76 0 1
18 76 0 1
22 76 0 1
23 76 0 1
27 76 0 1
28 76 0 1
55 76 0 1
6 77 0 1
8 77 0 1
10 77 0 1
11 77 0 1
13 77 0 1
15 77 0 1
16 77 0 1
17 77 0 1
18 77 0 1
19 77 0 1
23 77 0 1
24 77 0 1
25 77 0 1
26 77 0 1
28 77 0 1
29 77 0 1
6 78 0 1
8 78 0 1
9 78 0 1
10 78 0 1
11 78 0 1
13 78 0 1
15 78 0 1
16 78 0 1
17 78 0 1
18 78 0 1
19 78 0 1
23 78 0 1
24 78 0 1
25 78 0 1
26 78 0 1
27 78 0 1
28 78 0 1
29 78 0 1
55 78 0 1
57 78 0 1
1 79 0 1
20 79 0 1
31 79 0 1
45 79 0 1
46 79 0 1
54 79 0 1
58 79 0 1
1 80 0 1
20 80 0 1
31 80 0 1
45 80 0 1
46 80 0 1
54 80 0 1
58 80 0 1
1 81 0 1
5 81 0 1
20 81 0 1
31 81 0 1
45 81 0 1
54 81 0 1
58 81 0 1
11 82 0 1
15 82 0 1
16 82 0 1
17 82 0 1
19 82 0 1
24 82 0 1
25 82 0 1
26 82 0 1
28 82 0 1
29 82 0 1
56 82 0 1
57 82 0 1
2 83 0 1
27 83 0 1
28 83 0 1
30 83 0 1
33 83 0 1
48 83 0 1
49 83 0 1
50 83 0 1
52 83 0 1
55 83 0 1
1 84 0 1
25 84 0 1
29 84 0 1
31 84 0 1
32 84 0 1
35 84 0 1
45 84 0 1
46 84 0 1
53 84 0 1
54 84 0 1
56 84 0 1
57 84 0 1
58 84 0 1
1 85 0 1
15 85 0 1
19 85 0 1
20 85 0 1
31 85 0 1
45 85 0 1
46 85 0 1
54 85 0 1
56 85 0 1
58 85 0 1
11 86 0 1
15 86 0 1
16 86 0 1
17 86 0 1
19 86 0 1
23 86 0 1
24 86 0 1
25 86 0 1
26 86 0 1
27 86 0 1
28 86 0 1
29 86 0 1
32 86 0 1
56 86 0 1
57 86 0 1
1 87 0 1
15 87 0 1
17 87 0 1
19 87 0 1
20 87 0 1
24 87 0 1
25 87 0 1
26 87 0 1
29 87 0 1
31 87 0 1
32 87 0 1
35 87 0 1
45 87 0 1
46 87 0 1
53 87 0 1
54 87 0 1
56 87 0 1
57 87 0 1
58 87 0 1
11 88 0 1
15 88 0 1
17 88 0 1
19 88 0 1
24 88 0 1
25 88 0 1
26 88 0 1
28 88 0 1
29 88 0 1
32 88 0 1
45 88 0 1
54 88 0 1
56 88 0 1
57 88 0 1
15 89 0 1
23 89 0 1
24 89 0 1
25 89 0 1
26 89 0 1
28 89 0 1
29 89 0 1
32 89 0 1
47 89 0 1
48 89 0 1
51 89 0 1
56 89 0 1
57 89 0 1
2 90 0 1
7 90 0 1
9 90 0 1
13 90 0 1
16 90 0 1
18 90 0 1
22 90 0 1
23 90 0 1
24 90 0 1
25 90 0 1
26 90 0 1
27 90 0 1
28 90 0 1
29 90 0 1
55 90 0 1
2 91 0 1
7 91 0 1
9 91 0 1
13 91 0 1
15 91 0 1
16 91 0 1
17 91 0 1
18 91 0 1
23 91 0 1
24 91 0 1
25 91 0 1
26 91 0 1
27 91 0 1
28 91 0 1
29 91 0 1
55 91 0 1
57 91 0 1
2 92 0 1
8 92 0 1
9 92 0 1
11 92 0 1
13 92 0 1
15 92 0 1
16 92 0 1
17 92 0 1
18 92 0 1
19 92 0 1
23 92 0 1
24 92 0 1
25 92 0 1
26 92 0 1
27 92 0 1
28 92 0 1
29 92 0 1
32 92 0 1
55 92 0 1
56 92 0 1
57 92 0 1
6 93 0 1
8 93 0 1
10 93 0 1
11 93 0 1
15 93 0 1
16 93 0 1
17 93 0 1
19 93 0 1
23 93 0 1
24 93 0 1
25 93 0 1
26 93 0 1
28 93 0 1
29 93 0 1
56 93 0 1
57 93 0 1
2 94 0 1
9 94 0 1
13 94 0 1
16 94 0 1
18 94 0 1
21 94 0 1
22 94 0 1
23 94 0 1
24 94 0 1
26 94 0 1
27 94 0 1
28 94 0 1
55 94 0 1
2 95 0 1
7 95 0 1
9 95 0 1
13 95 0 1
16 95 0 1
18 95 0 1
22 95 0 1
23 95 0 1
24 95 0 1
25 95 0 1
26 95 0 1
27 95 0 1
28 95 0 1
29 95 0 1
55 95 0 1
8 96 0 1
10 96 0 1
11 96 0 1
13 96 0 1
15 96 0 1
16 96 0 1
17 96 0 1
18 96 0 1
19 96 0 1
23 96 0 1
24 96 0 1
25 96 0 1
26 96 0 1
27 96 0 1
28 96 0 1
29 96 0 1
55 96 0 1
56 96 0 1
57 96 0 1
5 97 0 1
6 97 0 1
8 97 0 1
10 97 0 1
11 97 0 1
15 97 0 1
17 97 0 1
19 97 0 1
20 97 0 1
31 97 0 1
45 97 0 1
54 97 0 1
58 97 0 1
6 98 0 1
8 98 0 1
10 98 0 1
11 98 0 1
13 98 0 1
15 98 0 1
16 98 0 1
17 98 0 1
19 98 0 1
23 98 0 1
24 98 0 1
25 98 0 1
26 98 0 1
28 98 0 1
29 98 0 1
56 98 0 1
57 98 0 1
8 99 0 1
10 99 0 1
11 99 0 1
15 99 0 1
16 99 0 1
17 99 0 1
19 99 0 1
23 99 0 1
24 99 0 1
25 99 0 1
26 99 0 1
28 99 0 1
29 99 0 1
56 99 0 1
57 99 0 1
5 100 0 1
10 100 0 1
11 100 0 1
15 100 0 1
17 100 0 1
19 100 0 1
20 100 0 1
45 100 0 1
54 100 0 1
58 100 0 1
1 101 0 1
31 101 0 1
32 101 0 1
34 101 0 1
35 101 0 1
45 101 0 1
46 101 0 1
53 101 0 1
58 101 0 1
1 102 0 1
32 102 0 1
35 102 0 1
45 102 0 1
46 102 0 1
51 102 0 1
53 102 0 1
1 103 0 1
32 103 0 1
35 103 0 1
45 103 0 1
47 103 0 1
51 103 0 1
53 103 0 1
32 104 0 1
43 104 0 1
47 104 0 1
48 104 0 1
51 104 0 1
57 104 0 1
2 105 0 1
30 105 0 1
33 105 0 1
38 105 0 1
43 105 0 1
44 105 0 1
48 105 0 1
49 105 0 1
50 105 0 1
52 105 0 1
1 106 0 1
32 106 0 1
35 106 0 1
45 106 0 1
46 106 0 1
51 106 0 1
53 106 0 1
2 107 0 1
36 107 0 1
37 107 0 1
38 107 0 1
39 107 0 1
40 107 0 1
42 107 0 1
44 107 0 1
50 107 0 1
52 107 0 1
1 108 0 1
35 108 0 1
45 108 0 1
51 108 0 1
53 108 0 1
32 109 0 1
43 109 0 1
47 109 0 1
48 109 0 1
51 109 0 1
2 110 0 1
33 110 0 1
38 110 0 1
43 110 0 1
44 110 0 1
49 110 0 1
50 110 0 1
52 110 0 1
1 111 0 1
35 111 0 1
45 111 0 1
53 111 0 1
32 112 0 1
43 112 0 1
47 112 0 1
48 112 0 1
51 112 0 1
43 113 0 1
47 113 0 1
48 113 0 1
51 113 0 1
1 114 0 1
35 114 0 1
53 114 0 1
2 115 0 1
30 115 0 1
33 115 0 1
38 115 0 1
43 115 0 1
44 115 0 1
49 115 0 1
50 115 0 1
52 115 0 1
55 115 0 1
2 116 0 1
30 116 0 1
33 116 0 1
38 116 0 1
43 116 0 1
48 116 0 1
49 116 0 1
50 116 0 1
52 116 0 1
55 116 0 1
32 117 0 1
43 117 0 1
47 117 0 1
48 117 0 1
51 117 0 1
57 117 0 1
25 118 0 1
32 118 0 1
35 118 0 1
43 118 0 1
47 118 0 1
48 118 0 1
51 118 0 1
56 118 0 1
57 118 0 1
2 119 0 1
30 119 0 1
33 119 0 1
38 119 0 1
43 119 0 1
44 119 0 1
49 119 0 1
50 119 0 1
52 119 0 1
32 120 0 1
43 120 0 1
47 120 0 1
48 120 0 1
51 120 0 1
56 120 0 1
57 120 0 1
32 121 0 1
35 121 0 1
43 121 0 1
47 121 0 1
48 121 0 1
51 121 0 1
56 121 0 1
57 121 0 1
2 122 0 1
30 122 0 1
33 122 0 1
38 122 0 1
43 122 0 1
47 122 0 1
48 122 0 1
49 122 0 1
50 122 0 1
51 122 0 1
52 122 0 1
1 123 0 1
24 123 0 1
25 123 0 1
26 123 0 1
29 123 0 1
31 123 0 1
32 123 0 1
35 123 0 1
45 123 0 1
46 123 0 1
47 123 0 1
48 123 0 1
51 123 0 1
53 123 0 1
54 123 0 1
56 123 0 1
57 123 0 1
58 123 0 1
2 124 0 1
24 124 0 1
25 124 0 1
26 124 0 1
27 124 0 1
30 124 0 1
32 124 0 1
43 124 0 1
47 124 0 1
48 124 0 1
49 124 0 1
50 124 0 1
51 124 0 1
52 124 0 1
55 124 0 1
57 124 0 1
2 125 0 1
36 125 0 1
37 125 0 1
38 125 0 1
39 125 0 1
40 125 0 1
41 125 0 1
42 125 0 1
44 125 0 1
2 126 0 1
36 126 0 1
37 126 0 1
38 126 0 1
39 126 0 1
40 126 0 1
41 126 0 1
42 126 0 1
44 126 0 1
2 127 0 1
36 127 0 1
37 127 0 1
38 127 0 1
39 127 0 1
40 127 0 1
42 127 0 1
44 127 0 1
43 128 0 1
43 129 0 1
38 130 0 1
40 130 0 1
43 130 0 1
37 131 0 1
38 131 0 1
40 131 0 1
1 132 0 1
35 132 0 1
43 133 0 1
38 134 0 1
39 134 0 1
40 134 0 1
1 135 0 1
38 137 0 1
40 137 0 1
38 138 0 1
39 138 0 1
40 138 0 1
41 138 0 1
1 139 0 1
38 140 0 1
39 140 0 1
40 140 0 1
38 141 0 1
40 141 0 1
38 144 0 1
40 144 0 1
38 145 0 1
39 145 0 1
40 145 0 1
38 147 0 1
43 147 0 1
1 149 0 1
38 151 0 1
38 152 0 1
40 152 0 1
38 153 0 1
38 154 0 1
43 154 0 1
48 154 0 1
51 154 0 1
1 155 0 1
35 155 0 1
43 155 0 1
47 155 0 1
51 155 0 1
53 155 0 1
1 156 0 1
35 156 0 1
53 156 0 1
43 157 0 1
51 157 0 1
38 158 0 1
43 158 0 1
1 159 0 1
34 159 0 1
35 159 0 1
53 159 0 1
