2 3 0 0
2 4 0 0
3 4 0 0
2 6 0 0
3 6 0 0
4 6 0 0
3 7 0 0
2 8 0 0
3 8 0 0
4 8 0 0
6 8 0 0
7 8 0 0
2 9 0 0
3 9 0 0
4 9 0 0
6 9 0 0
8 9 0 0
7 10 0 0
2 11 0 0
3 11 0 0
7 11 0 0
8 11 0 0
10 11 0 0
2 12 0 0
3 12 0 0
6 12 0 0
7 12 0 0
8 12 0 0
9 12 0 0
10 12 0 0
11 12 0 0
2 13 0 0
3 13 0 0
4 13 0 0
6 13 0 0
8 13 0 0
9 13 0 0
11 13 0 0
12 13 0 0
2 14 0 0
3 14 0 0
4 14 0 0
6 14 0 0
7 14 0 0
8 14 0 0
9 14 0 0
11 14 0 0
12 14 0 0
13 14 0 0
7 15 0 0
10 15 0 0
11 15 0 0
12 15 0 0
2 16 0 0
3 16 0 0
4 16 0 0
6 16 0 0
8 16 0 0
9 16 0 0
12 16 0 0
13 16 0 0
14 16 0 0
2 17 0 0
3 17 0 0
4 17 0 0
6 17 0 0
7 17 0 0
8 17 0 0
9 17 0 0
11 17 0 0
12 17 0 0
13 17 0 0
14 17 0 0
16 17 0 0
2 18 0 0
3 18 0 0
7 18 0 0
8 18 0 0
10 18 0 0
11 18 0 0
12 18 0 0
13 18 0 0
14 18 0 0
15 18 0 0
17 18 0 0
2 19 0 0
3 19 0 0
6 19 0 0
7 19 0 0
8 19 0 0
9 19 0 0
10 19 0 0
11 19 0 0
12 19 0 0
13 19 0 0
14 19 0 0
15 19 0 0
16 19 0 0
17 19 0 0
18 19 0 0
2 20 0 0
3 20 0 0
4 20 0 0
6 20 0 0
8 20 0 0
9 20 0 0
11 20 0 0
12 20 0 0
13 20 0 0
14 20 0 0
16 20 0 0
17 20 0 0
19 20 0 0
3 21 0 0
7 21 0 0
10 21 0 0
11 21 0 0
12 21 0 0
15 21 0 0
18 21 0 0
19 21 0 0
2 22 0 0
3 22 0 0
7 22 0 0
8 22 0 0
10 22 0 0
11 22 0 0
12 22 0 0
13 22 0 0
14 22 0 0
15 22 0 0
17 22 0 0
18 22 0 0
19 22 0 0
20 22 0 0
21 22 0 0
4 24 0 0
6 24 0 0
8 24 0 0
9 24 0 0
13 24 0 0
14 24 0 0
16 24 0 0
17 24 0 0
20 24 0 0
13 25 0 0
20 25 0 0
24 25 0 0
9 26 0 0
13 26 0 0
14 26 0 0
16 26 0 0
17 26 0 0
20 26 0 0
24 26 0 0
25 26 0 0
10 27 0 0
11 27 0 0
21 27 0 0
23 28 0 0
28 30 0 0
24 31 0 0
26 31 0 0
29 31 0 0
27 32 0 0
29 32 0 0
31 32 0 0
27 34 0 0
29 34 0 0
31 34 0 0
32 34 0 0
1 35 0 0
28 35 0 0
30 35 0 0
29 36 0 0
31 36 0 0
32 36 0 0
33 36 0 0
34 36 0 0
33 37 0 0
36 37 0 0
29 38 0 0
31 38 0 0
32 38 0 0
33 38 0 0
34 38 0 0
36 38 0 0
1 39 0 0
33 39 0 0
35 39 0 0
37 39 0 0
10 40 0 0
11 40 0 0
12 40 0 0
15 40 0 0
21 40 0 0
22 40 0 0
27 40 0 0
31 40 0 0
32 40 0 0
34 40 0 0
6 41 0 0
8 41 0 0
9 41 0 0
11 41 0 0
12 41 0 0
13 41 0 0
14 41 0 0
16 41 0 0
17 41 0 0
19 41 0 0
20 41 0 0
24 41 0 0
25 41 0 0
26 41 0 0
29 41 0 0
31 41 0 0
32 41 0 0
36 41 0 0
12 42 0 0
13 42 0 0
14 42 0 0
16 42 0 0
20 42 0 0
24 42 0 0
25 42 0 0
26 42 0 0
29 42 0 0
31 42 0 0
32 42 0 0
33 42 0 0
36 42 0 0
38 42 0 0
41 42 0 0
4 43 0 0
6 43 0 0
8 43 0 0
9 43 0 0
13 43 0 0
14 43 0 0
16 43 0 0
17 43 0 0
20 43 0 0
24 43 0 0
25 43 0 0
26 43 0 0
41 43 0 0
42 43 0 0
2 44 0 0
4 44 0 0
6 44 0 0
8 44 0 0
9 44 0 0
13 44 0 0
14 44 0 0
16 44 0 0
17 44 0 0
20 44 0 0
24 44 0 0
25 44 0 0
26 44 0 0
41 44 0 0
42 44 0 0
43 44 0 0
2 45 0 0
4 45 0 0
6 45 0 0
8 45 0 0
9 45 0 0
12 45 0 0
13 45 0 0
14 45 0 0
16 45 0 0
17 45 0 0
19 45 0 0
20 45 0 0
24 45 0 0
25 45 0 0
26 45 0 0
31 45 0 0
41 45 0 0
42 45 0 0
43 45 0 0
44 45 0 0
3 46 0 0
7 46 0 0
8 46 0 0
10 46 0 0
11 46 0 0
12 46 0 0
14 46 0 0
15 46 0 0
17 46 0 0
18 46 0 0
19 46 0 0
21 46 0 0
22 46 0 0
27 46 0 0
40 46 0 0
2 47 0 0
3 47 0 0
6 47 0 0
7 47 0 0
8 47 0 0
9 47 0 0
11 47 0 0
12 47 0 0
13 47 0 0
14 47 0 0
15 47 0 0
16 47 0 0
17 47 0 0
18 47 0 0
19 47 0 0
20 47 0 0
21 47 0 0
22 47 0 0
24 47 0 0
27 47 0 0
31 47 0 0
32 47 0 0
40 47 0 0
41 47 0 0
42 47 0 0
44 47 0 0
45 47 0 0
46 47 0 0
2 48 0 0
3 48 0 0
4 48 0 0
6 48 0 0
8 48 0 0
9 48 0 0
11 48 0 0
12 48 0 0
13 48 0 0
14 48 0 0
16 48 0 0
17 48 0 0
19 48 0 0
20 48 0 0
24 48 0 0
25 48 0 0
26 48 0 0
41 48 0 0
42 48 0 0
43 48 0 0
44 48 0 0
45 48 0 0
47 48 0 0
3 49 0 0
6 49 0 0
8 49 0 0
9 49 0 0
11 49 0 0
12 49 0 0
13 49 0 0
14 49 0 0
16 49 0 0
17 49 0 0
18 49 0 0
19 49 0 0
20 49 0 0
21 49 0 0
22 49 0 0
24 49 0 0
26 49 0 0
29 49 0 0
31 49 0 0
32 49 0 0
40 49 0 0
41 49 0 0
42 49 0 0
43 49 0 0
44 49 0 0
45 49 0 0
46 49 0 0
47 49 0 0
48 49 0 0
4 50 0 0
6 50 0 0
8 50 0 0
9 50 0 0
11 50 0 0
12 50 0 0
13 50 0 0
14 50 0 0
16 50 0 0
17 50 0 0
19 50 0 0
20 50 0 0
24 50 0 0
25 50 0 0
26 50 0 0
31 50 0 0
41 50 0 0
42 50 0 0
43 50 0 0
44 50 0 0
45 50 0 0
47 50 0 0
48 50 0 0
49 50 0 0
5 51 0 0
9 51 0 0
16 51 0 0
20 51 0 0
24 51 0 0
25 51 0 0
26 51 0 0
41 51 0 0
42 51 0 0
43 51 0 0
44 51 0 0
45 51 0 0
48 51 0 0
50 51 0 0
1 52 0 0
28 52 0 0
30 52 0 0
35 52 0 0
1 53 0 0
30 53 0 0
33 53 0 0
35 53 0 0
37 53 0 0
39 53 0 0
29 54 0 0
31 54 0 0
32 54 0 0
34 54 0 0
36 54 0 0
38 54 0 0
1 55 0 0
29 55 0 0
33 55 0 0
36 55 0 0
37 55 0 0
38 55 0 0
39 55 0 0
53 55 0 0
54 55 0 0
34 57 0 0
36 57 0 0
38 57 0 0
54 57 0 0
56 57 0 0
29 58 0 0
32 58 0 0
34 58 0 0
36 58 0 0
38 58 0 0
54 58 0 0
57 58 0 0
1 59 0 0
33 59 0 0
35 59 0 0
37 59 0 0
39 59 0 0
53 59 0 0
55 59 0 0
29 60 0 0
33 60 0 0
36 60 0 0
37 60 0 0
38 60 0 0
54 60 0 0
55 60 0 0
57 60 0 0
58 60 0 0
29 61 0 0
34 61 0 0
36 61 0 0
38 61 0 0
54 61 0 0
55 61 0 0
57 61 0 0
58 61 0 0
60 61 0 0
29 62 0 0
36 62 0 0
38 62 0 0
54 62 0 0
55 62 0 0
57 62 0 0
58 62 0 0
60 62 0 0
61 62 0 0
1 63 0 0
33 63 0 0
35 63 0 0
36 63 0 0
37 63 0 0
39 63 0 0
53 63 0 0
55 63 0 0
59 63 0 0
60 63 0 0
62 63 0 0
1 64 0 0
30 64 0 0
35 64 0 0
52 64 0 0
29 65 0 0
31 65 0 0
32 65 0 0
34 65 0 0
36 65 0 0
38 65 0 0
54 65 0 0
55 65 0 0
57 65 0 0
58 65 0 0
60 65 0 0
61 65 0 0
62 65 0 0
63 65 0 0
1 66 0 0
33 66 0 0
35 66 0 0
37 66 0 0
39 66 0 0
53 66 0 0
55 66 0 0
59 66 0 0
63 66 0 0
1 67 0 0
30 67 0 0
35 67 0 0
37 67 0 0
39 67 0 0
53 67 0 0
59 67 0 0
63 67 0 0
64 67 0 0
66 67 0 0
1 68 0 0
33 68 0 0
35 68 0 0
37 68 0 0
39 68 0 0
53 68 0 0
55 68 0 0
59 68 0 0
63 68 0 0
66 68 0 0
67 68 0 0
1 69 0 0
30 69 0 0
35 69 0 0
52 69 0 0
53 69 0 0
59 69 0 0
64 69 0 0
67 69 0 0
68 69 0 0
1 70 0 0
35 70 0 0
52 70 0 0
64 70 0 0
67 70 0 0
69 70 0 0
1 71 0 0
33 71 0 0
36 71 0 0
37 71 0 0
39 71 0 0
53 71 0 0
54 71 0 0
55 71 0 0
59 71 0 0
60 71 0 0
61 71 0 0
62 71 0 0
63 71 0 0
65 71 0 0
66 71 0 0
68 71 0 0
29 72 0 0
33 72 0 0
36 72 0 0
37 72 0 0
38 72 0 0
39 72 0 0
53 72 0 0
55 72 0 0
59 72 0 0
60 72 0 0
62 72 0 0
63 72 0 0
65 72 0 0
66 72 0 0
68 72 0 0
71 72 0 0
1 73 0 0
33 73 0 0
35 73 0 0
36 73 0 0
37 73 0 0
39 73 0 0
53 73 0 0
55 73 0 0
59 73 0 0
63 73 0 0
66 73 0 0
67 73 0 0
68 73 0 0
71 73 0 0
72 73 0 0
29 74 0 0
31 74 0 0
32 74 0 0
34 74 0 0
36 74 0 0
38 74 0 0
54 74 0 0
55 74 0 0
57 74 0 0
58 74 0 0
60 74 0 0
61 74 0 0
62 74 0 0
65 74 0 0
72 74 0 0
1 75 0 0
30 75 0 0
33 75 0 0
35 75 0 0
37 75 0 0
39 75 0 0
53 75 0 0
55 75 0 0
59 75 0 0
63 75 0 0
66 75 0 0
67 75 0 0
68 75 0 0
71 75 0 0
72 75 0 0
73 75 0 0
54 76 0 0
56 76 0 0
57 76 0 0
58 76 0 0
61 76 0 0
62 76 0 0
65 76 0 0
54 77 0 0
56 77 0 0
57 77 0 0
58 77 0 0
60 77 0 0
61 77 0 0
62 77 0 0
65 77 0 0
76 77 0 0
54 78 0 0
57 78 0 0
58 78 0 0
60 78 0 0
61 78 0 0
62 78 0 0
65 78 0 0
71 78 0 0
74 78 0 0
76 78 0 0
77 78 0 0
54 79 0 0
56 79 0 0
57 79 0 0
58 79 0 0
60 79 0 0
61 79 0 0
62 79 0 0
65 79 0 0
76 79 0 0
77 79 0 0
78 79 0 0
1 80 0 0
54 80 0 0
55 80 0 0
58 80 0 0
60 80 0 0
61 80 0 0
62 80 0 0
63 80 0 0
65 80 0 0
71 80 0 0
77 80 0 0
78 80 0 0
79 80 0 0
1 81 0 0
55 81 0 0
59 81 0 0
63 81 0 0
66 81 0 0
67 81 0 0
68 81 0 0
71 81 0 0
80 81 0 0
56 82 0 0
57 82 0 0
58 82 0 0
76 82 0 0
77 82 0 0
78 82 0 0
79 82 0 0
54 83 0 0
57 83 0 0
58 83 0 0
60 83 0 0
61 83 0 0
62 83 0 0
65 83 0 0
76 83 0 0
77 83 0 0
78 83 0 0
79 83 0 0
80 83 0 0
82 83 0 0
1 84 0 0
53 84 0 0
55 84 0 0
59 84 0 0
63 84 0 0
66 84 0 0
67 84 0 0
68 84 0 0
69 84 0 0
71 84 0 0
75 84 0 0
80 84 0 0
81 84 0 0
1 85 0 0
55 85 0 0
60 85 0 0
61 85 0 0
62 85 0 0
63 85 0 0
65 85 0 0
66 85 0 0
68 85 0 0
71 85 0 0
78 85 0 0
80 85 0 0
81 85 0 0
83 85 0 0
84 85 0 0
34 86 0 0
54 86 0 0
56 86 0 0
57 86 0 0
58 86 0 0
61 86 0 0
65 86 0 0
76 86 0 0
77 86 0 0
78 86 0 0
79 86 0 0
82 86 0 0
83 86 0 0
54 87 0 0
56 87 0 0
57 87 0 0
58 87 0 0
60 87 0 0
61 87 0 0
62 87 0 0
65 87 0 0
74 87 0 0
76 87 0 0
77 87 0 0
78 87 0 0
79 87 0 0
80 87 0 0
82 87 0 0
83 87 0 0
86 87 0 0
36 88 0 0
38 88 0 0
54 88 0 0
55 88 0 0
57 88 0 0
58 88 0 0
60 88 0 0
61 88 0 0
62 88 0 0
63 88 0 0
65 88 0 0
71 88 0 0
72 88 0 0
74 88 0 0
77 88 0 0
78 88 0 0
79 88 0 0
80 88 0 0
81 88 0 0
83 88 0 0
85 88 0 0
87 88 0 0
1 89 0 0
33 89 0 0
37 89 0 0
39 89 0 0
53 89 0 0
55 89 0 0
59 89 0 0
60 89 0 0
63 89 0 0
66 89 0 0
67 89 0 0
68 89 0 0
71 89 0 0
72 89 0 0
73 89 0 0
75 89 0 0
80 89 0 0
81 89 0 0
84 89 0 0
85 89 0 0
88 89 0 0
56 90 0 0
57 90 0 0
58 90 0 0
76 90 0 0
77 90 0 0
79 90 0 0
82 90 0 0
83 90 0 0
86 90 0 0
87 90 0 0
54 91 0 0
56 91 0 0
57 91 0 0
58 91 0 0
61 91 0 0
62 91 0 0
65 91 0 0
76 91 0 0
77 91 0 0
78 91 0 0
79 91 0 0
82 91 0 0
83 91 0 0
86 91 0 0
87 91 0 0
90 91 0 0
1 92 0 0
55 92 0 0
59 92 0 0
60 92 0 0
61 92 0 0
62 92 0 0
63 92 0 0
65 92 0 0
66 92 0 0
68 92 0 0
71 92 0 0
72 92 0 0
75 92 0 0
78 92 0 0
80 92 0 0
81 92 0 0
84 92 0 0
85 92 0 0
88 92 0 0
89 92 0 0
54 93 0 0
55 93 0 0
57 93 0 0
58 93 0 0
60 93 0 0
61 93 0 0
62 93 0 0
63 93 0 0
65 93 0 0
71 93 0 0
74 93 0 0
77 93 0 0
78 93 0 0
79 93 0 0
80 93 0 0
81 93 0 0
83 93 0 0
85 93 0 0
87 93 0 0
88 93 0 0
89 93 0 0
92 93 0 0
1 94 0 0
53 94 0 0
55 94 0 0
59 94 0 0
63 94 0 0
66 94 0 0
67 94 0 0
68 94 0 0
71 94 0 0
75 94 0 0
80 94 0 0
81 94 0 0
84 94 0 0
85 94 0 0
89 94 0 0
92 94 0 0
93 94 0 0
76 95 0 0
77 95 0 0
78 95 0 0
79 95 0 0
80 95 0 0
82 95 0 0
83 95 0 0
87 95 0 0
91 95 0 0
93 95 0 0
76 96 0 0
77 96 0 0
78 96 0 0
79 96 0 0
80 96 0 0
82 96 0 0
83 96 0 0
93 96 0 0
95 96 0 0
1 97 0 0
77 97 0 0
78 97 0 0
79 97 0 0
80 97 0 0
83 97 0 0
85 97 0 0
88 97 0 0
92 97 0 0
93 97 0 0
95 97 0 0
96 97 0 0
1 98 0 0
78 98 0 0
79 98 0 0
80 98 0 0
83 98 0 0
95 98 0 0
96 98 0 0
97 98 0 0
1 99 0 0
81 99 0 0
84 99 0 0
94 99 0 0
1 100 0 0
80 100 0 0
81 100 0 0
84 100 0 0
85 100 0 0
92 100 0 0
96 100 0 0
97 100 0 0
98 100 0 0
99 100 0 0
1 101 0 0
80 101 0 0
81 101 0 0
85 101 0 0
95 101 0 0
96 101 0 0
97 101 0 0
98 101 0 0
99 101 0 0
100 101 0 0
1 102 0 0
76 102 0 0
77 102 0 0
78 102 0 0
79 102 0 0
80 102 0 0
83 102 0 0
85 102 0 0
87 102 0 0
88 102 0 0
92 102 0 0
93 102 0 0
95 102 0 0
96 102 0 0
97 102 0 0
98 102 0 0
100 102 0 0
101 102 0 0
1 103 0 0
71 103 0 0
78 103 0 0
80 103 0 0
81 103 0 0
83 103 0 0
84 103 0 0
85 103 0 0
88 103 0 0
89 103 0 0
92 103 0 0
93 103 0 0
94 103 0 0
95 103 0 0
96 103 0 0
97 103 0 0
98 103 0 0
99 103 0 0
100 103 0 0
101 103 0 0
102 103 0 0
61 104 0 0
76 104 0 0
77 104 0 0
78 104 0 0
79 104 0 0
80 104 0 0
82 104 0 0
83 104 0 0
85 104 0 0
86 104 0 0
87 104 0 0
88 104 0 0
91 104 0 0
93 104 0 0
95 104 0 0
96 104 0 0
97 104 0 0
98 104 0 0
101 104 0 0
102 104 0 0
103 104 0 0
1 105 0 0
60 105 0 0
71 105 0 0
77 105 0 0
78 105 0 0
79 105 0 0
80 105 0 0
81 105 0 0
83 105 0 0
85 105 0 0
87 105 0 0
88 105 0 0
92 105 0 0
93 105 0 0
95 105 0 0
96 105 0 0
97 105 0 0
98 105 0 0
100 105 0 0
101 105 0 0
102 105 0 0
103 105 0 0
104 105 0 0
1 106 0 0
63 106 0 0
68 106 0 0
71 106 0 0
80 106 0 0
81 106 0 0
84 106 0 0
85 106 0 0
88 106 0 0
89 106 0 0
92 106 0 0
93 106 0 0
94 106 0 0
97 106 0 0
98 106 0 0
99 106 0 0
100 106 0 0
101 106 0 0
102 106 0 0
103 106 0 0
105 106 0 0
76 107 0 0
77 107 0 0
78 107 0 0
79 107 0 0
80 107 0 0
82 107 0 0
83 107 0 0
85 107 0 0
87 107 0 0
88 107 0 0
93 107 0 0
95 107 0 0
96 107 0 0
97 107 0 0
98 107 0 0
100 107 0 0
101 107 0 0
102 107 0 0
103 107 0 0
104 107 0 0
105 107 0 0
106 107 0 0
1 108 0 0
77 108 0 0
78 108 0 0
80 108 0 0
81 108 0 0
83 108 0 0
85 108 0 0
88 108 0 0
92 108 0 0
93 108 0 0
95 108 0 0
96 108 0 0
97 108 0 0
98 108 0 0
100 108 0 0
101 108 0 0
102 108 0 0
103 108 0 0
104 108 0 0
105 108 0 0
106 108 0 0
107 108 0 0
1 109 0 0
55 109 0 0
59 109 0 0
60 109 0 0
62 109 0 0
63 109 0 0
66 109 0 0
68 109 0 0
71 109 0 0
78 109 0 0
80 109 0 0
81 109 0 0
83 109 0 0
84 109 0 0
85 109 0 0
88 109 0 0
89 109 0 0
92 109 0 0
93 109 0 0
94 109 0 0
96 109 0 0
97 109 0 0
98 109 0 0
99 109 0 0
100 109 0 0
101 109 0 0
102 109 0 0
103 109 0 0
104 109 0 0
105 109 0 0
106 109 0 0
107 109 0 0
108 109 0 0
1 110 0 0
55 110 0 0
60 110 0 0
61 110 0 0
62 110 0 0
63 110 0 0
65 110 0 0
68 110 0 0
71 110 0 0
78 110 0 0
80 110 0 0
81 110 0 0
83 110 0 0
84 110 0 0
85 110 0 0
88 110 0 0
89 110 0 0
92 110 0 0
93 110 0 0
94 110 0 0
96 110 0 0
97 110 0 0
98 110 0 0
100 110 0 0
101 110 0 0
102 110 0 0
103 110 0 0
104 110 0 0
105 110 0 0
106 110 0 0
107 110 0 0
108 110 0 0
109 110 0 0
1 111 0 0
55 111 0 0
59 111 0 0
63 111 0 0
66 111 0 0
67 111 0 0
68 111 0 0
71 111 0 0
80 111 0 0
81 111 0 0
84 111 0 0
85 111 0 0
88 111 0 0
89 111 0 0
92 111 0 0
93 111 0 0
94 111 0 0
97 111 0 0
98 111 0 0
99 111 0 0
100 111 0 0
101 111 0 0
102 111 0 0
103 111 0 0
105 111 0 0
106 111 0 0
108 111 0 0
109 111 0 0
110 111 0 0
54 112 0 0
57 112 0 0
58 112 0 0
60 112 0 0
61 112 0 0
62 112 0 0
65 112 0 0
71 112 0 0
76 112 0 0
77 112 0 0
78 112 0 0
79 112 0 0
80 112 0 0
82 112 0 0
83 112 0 0
85 112 0 0
86 112 0 0
87 112 0 0
88 112 0 0
91 112 0 0
92 112 0 0
93 112 0 0
95 112 0 0
96 112 0 0
97 112 0 0
98 112 0 0
101 112 0 0
102 112 0 0
103 112 0 0
104 112 0 0
105 112 0 0
106 112 0 0
107 112 0 0
108 112 0 0
109 112 0 0
110 112 0 0
56 113 0 1
76 113 0 1
77 113 0 1
79 113 0 1
82 113 0 1
83 113 0 1
86 113 0 1
87 113 0 1
90 113 0 1
91 113 0 1
95 113 0 1
96 113 0 1
97 113 0 1
98 113 0 1
102 113 0 1
104 113 0 1
107 113 0 1
112 113 0 1
2 114 0 1
4 114 0 1
5 114 0 1
6 114 0 1
9 114 0 1
13 114 0 1
16 114 0 1
17 114 0 1
20 114 0 1
23 114 0 1
24 114 0 1
25 114 0 1
26 114 0 1
28 114 0 1
30 114 0 1
35 114 0 1
39 114 0 1
41 114 0 1
43 114 0 1
44 114 0 1
45 114 0 1
48 114 0 1
50 114 0 1
51 114 0 1
23 115 0 1
7 116 0 1
10 116 0 1
11 116 0 1
15 116 0 1
18 116 0 1
19 116 0 1
21 116 0 1
22 116 0 1
46 116 0 1
2 117 0 1
3 117 0 1
4 117 0 1
6 117 0 1
8 117 0 1
9 117 0 1
13 117 0 1
14 117 0 1
16 117 0 1
17 117 0 1
19 117 0 1
20 117 0 1
43 117 0 1
44 117 0 1
45 117 0 1
48 117 0 1
5 118 0 1
5 119 0 1
23 119 0 1
5 120 0 1
2 121 0 1
3 121 0 1
4 121 0 1
6 121 0 1
8 121 0 1
9 121 0 1
13 121 0 1
14 121 0 1
16 121 0 1
17 121 0 1
20 121 0 1
43 121 0 1
44 121 0 1
45 121 0 1
48 121 0 1
2 122 0 1
4 122 0 1
6 122 0 1
9 122 0 1
13 122 0 1
16 122 0 1
17 122 0 1
20 122 0 1
43 122 0 1
44 122 0 1
48 122 0 1
7 123 0 1
10 123 0 1
11 123 0 1
15 123 0 1
18 123 0 1
19 123 0 1
21 123 0 1
22 123 0 1
46 123 0 1
7 124 0 1
10 124 0 1
15 124 0 1
18 124 0 1
21 124 0 1
22 124 0 1
46 124 0 1
5 125 0 1
23 125 0 1
2 126 0 1
3 126 0 1
4 126 0 1
6 126 0 1
8 126 0 1
9 126 0 1
13 126 0 1
14 126 0 1
16 126 0 1
17 126 0 1
20 126 0 1
43 126 0 1
44 126 0 1
45 126 0 1
48 126 0 1
50 126 0 1
51 126 0 1
5 127 0 1
5 128 0 1
3 129 0 1
7 129 0 1
10 129 0 1
11 129 0 1
12 129 0 1
15 129 0 1
18 129 0 1
19 129 0 1
21 129 0 1
22 129 0 1
46 129 0 1
47 129 0 1
2 130 0 1
3 130 0 1
4 130 0 1
6 130 0 1
8 130 0 1
9 130 0 1
12 130 0 1
13 130 0 1
14 130 0 1
16 130 0 1
17 130 0 1
19 130 0 1
20 130 0 1
24 130 0 1
41 130 0 1
43 130 0 1
44 130 0 1
45 130 0 1
47 130 0 1
48 130 0 1
49 130 0 1
50 130 0 1
5 131 0 1
23 131 0 1
7 132 0 1
10 132 0 1
11 132 0 1
15 132 0 1
18 132 0 1
19 132 0 1
21 132 0 1
22 132 0 1
46 132 0 1
5 133 0 1
23 133 0 1
23 134 0 1
7 135 0 1
10 135 0 1
11 135 0 1
12 135 0 1
15 135 0 1
18 135 0 1
19 135 0 1
21 135 0 1
22 135 0 1
27 135 0 1
40 135 0 1
46 135 0 1
47 135 0 1
7 136 0 1
10 136 0 1
11 136 0 1
12 136 0 1
15 136 0 1
18 136 0 1
19 136 0 1
21 136 0 1
22 136 0 1
27 136 0 1
40 136 0 1
46 136 0 1
47 136 0 1
3 137 0 1
7 137 0 1
8 137 0 1
10 137 0 1
11 137 0 1
12 137 0 1
14 137 0 1
15 137 0 1
17 137 0 1
18 137 0 1
19 137 0 1
21 137 0 1
22 137 0 1
27 137 0 1
40 137 0 1
46 137 0 1
47 137 0 1
49 137 0 1
5 138 0 1
23 138 0 1
5 139 0 1
23 139 0 1
2 140 0 1
4 140 0 1
6 140 0 1
8 140 0 1
9 140 0 1
13 140 0 1
14 140 0 1
16 140 0 1
17 140 0 1
20 140 0 1
24 140 0 1
25 140 0 1
26 140 0 1
41 140 0 1
42 140 0 1
43 140 0 1
44 140 0 1
45 140 0 1
48 140 0 1
49 140 0 1
50 140 0 1
51 140 0 1
4 141 0 1
5 141 0 1
6 141 0 1
9 141 0 1
13 141 0 1
16 141 0 1
17 141 0 1
20 141 0 1
24 141 0 1
25 141 0 1
26 141 0 1
41 141 0 1
42 141 0 1
43 141 0 1
44 141 0 1
45 141 0 1
48 141 0 1
50 141 0 1
51 141 0 1
2 142 0 1
3 142 0 1
7 142 0 1
8 142 0 1
10 142 0 1
11 142 0 1
12 142 0 1
14 142 0 1
15 142 0 1
17 142 0 1
18 142 0 1
19 142 0 1
21 142 0 1
22 142 0 1
46 142 0 1
47 142 0 1
49 142 0 1
5 143 0 1
23 143 0 1
2 144 0 1
3 144 0 1
6 144 0 1
7 144 0 1
8 144 0 1
9 144 0 1
10 144 0 1
11 144 0 1
12 144 0 1
13 144 0 1
14 144 0 1
15 144 0 1
16 144 0 1
17 144 0 1
18 144 0 1
19 144 0 1
20 144 0 1
21 144 0 1
22 144 0 1
46 144 0 1
47 144 0 1
48 144 0 1
49 144 0 1
5 145 0 1
23 145 0 1
5 146 0 1
23 146 0 1
2 147 0 1
3 147 0 1
4 147 0 1
6 147 0 1
8 147 0 1
9 147 0 1
13 147 0 1
14 147 0 1
16 147 0 1
17 147 0 1
19 147 0 1
20 147 0 1
24 147 0 1
25 147 0 1
26 147 0 1
41 147 0 1
42 147 0 1
43 147 0 1
44 147 0 1
45 147 0 1
47 147 0 1
48 147 0 1
49 147 0 1
50 147 0 1
51 147 0 1
7 148 0 1
10 148 0 1
11 148 0 1
12 148 0 1
15 148 0 1
18 148 0 1
21 148 0 1
22 148 0 1
27 148 0 1
40 148 0 1
46 148 0 1
10 149 0 1
11 149 0 1
15 149 0 1
21 149 0 1
22 149 0 1
27 149 0 1
32 149 0 1
34 149 0 1
40 149 0 1
46 149 0 1
47 149 0 1
7 150 0 1
10 150 0 1
11 150 0 1
12 150 0 1
15 150 0 1
18 150 0 1
21 150 0 1
22 150 0 1
27 150 0 1
32 150 0 1
40 150 0 1
46 150 0 1
47 150 0 1
49 150 0 1
24 151 0 1
25 151 0 1
26 151 0 1
33 151 0 1
37 151 0 1
41 151 0 1
42 151 0 1
43 151 0 1
44 151 0 1
45 151 0 1
48 151 0 1
50 151 0 1
51 151 0 1
23 152 0 1
28 152 0 1
30 152 0 1
9 153 0 1
13 153 0 1
16 153 0 1
20 153 0 1
24 153 0 1
25 153 0 1
26 153 0 1
33 153 0 1
41 153 0 1
42 153 0 1
43 153 0 1
44 153 0 1
45 153 0 1
48 153 0 1
50 153 0 1
51 153 0 1
24 154 0 1
25 154 0 1
26 154 0 1
41 154 0 1
43 154 0 1
44 154 0 1
51 154 0 1
7 155 0 1
10 155 0 1
11 155 0 1
12 155 0 1
13 155 0 1
14 155 0 1
15 155 0 1
17 155 0 1
18 155 0 1
19 155 0 1
21 155 0 1
22 155 0 1
27 155 0 1
29 155 0 1
31 155 0 1
32 155 0 1
40 155 0 1
41 155 0 1
42 155 0 1
46 155 0 1
47 155 0 1
48 155 0 1
49 155 0 1
50 155 0 1
23 156 0 1
28 156 0 1
30 156 0 1
10 157 0 1
11 157 0 1
12 157 0 1
14 157 0 1
15 157 0 1
21 157 0 1
22 157 0 1
27 157 0 1
29 157 0 1
31 157 0 1
32 157 0 1
34 157 0 1
40 157 0 1
46 157 0 1
47 157 0 1
49 157 0 1
7 158 0 1
10 158 0 1
11 158 0 1
12 158 0 1
14 158 0 1
15 158 0 1
18 158 0 1
19 158 0 1
21 158 0 1
22 158 0 1
27 158 0 1
32 158 0 1
40 158 0 1
46 158 0 1
47 158 0 1
49 158 0 1
3 159 0 1
7 159 0 1
8 159 0 1
10 159 0 1
11 159 0 1
12 159 0 1
13 159 0 1
14 159 0 1
15 159 0 1
17 159 0 1
18 159 0 1
19 159 0 1
20 159 0 1
21 159 0 1
22 159 0 1
27 159 0 1
31 159 0 1
32 159 0 1
40 159 0 1
41 159 0 1
42 159 0 1
45 159 0 1
46 159 0 1
47 159 0 1
48 159 0 1
49 159 0 1
50 159 0 1
4 160 0 1
5 160 0 1
9 160 0 1
13 160 0 1
16 160 0 1
20 160 0 1
24 160 0 1
25 160 0 1
26 160 0 1
41 160 0 1
42 160 0 1
43 160 0 1
44 160 0 1
45 160 0 1
48 160 0 1
50 160 0 1
51 160 0 1
5 161 0 1
23 161 0 1
28 161 0 1
4 162 0 1
6 162 0 1
9 162 0 1
13 162 0 1
14 162 0 1
16 162 0 1
17 162 0 1
20 162 0 1
24 162 0 1
25 162 0 1
26 162 0 1
41 162 0 1
42 162 0 1
43 162 0 1
44 162 0 1
45 162 0 1
48 162 0 1
50 162 0 1
51 162 0 1
23 163 0 1
28 163 0 1
5 164 0 1
23 164 0 1
28 164 0 1
7 165 0 1
10 165 0 1
11 165 0 1
12 165 0 1
15 165 0 1
18 165 0 1
19 165 0 1
21 165 0 1
22 165 0 1
27 165 0 1
32 165 0 1
40 165 0 1
46 165 0 1
47 165 0 1
49 165 0 1
4 166 0 1
9 166 0 1
13 166 0 1
16 166 0 1
20 166 0 1
24 166 0 1
25 166 0 1
26 166 0 1
41 166 0 1
42 166 0 1
43 166 0 1
44 166 0 1
45 166 0 1
48 166 0 1
50 166 0 1
51 166 0 1
6 167 0 1
8 167 0 1
9 167 0 1
11 167 0 1
12 167 0 1
13 167 0 1
14 167 0 1
16 167 0 1
17 167 0 1
18 167 0 1
19 167 0 1
20 167 0 1
22 167 0 1
24 167 0 1
26 167 0 1
29 167 0 1
31 167 0 1
32 167 0 1
40 167 0 1
41 167 0 1
42 167 0 1
43 167 0 1
44 167 0 1
45 167 0 1
46 167 0 1
47 167 0 1
48 167 0 1
49 167 0 1
50 167 0 1
4 168 0 1
6 168 0 1
8 168 0 1
9 168 0 1
12 168 0 1
13 168 0 1
14 168 0 1
16 168 0 1
17 168 0 1
20 168 0 1
24 168 0 1
25 168 0 1
26 168 0 1
31 168 0 1
41 168 0 1
42 168 0 1
43 168 0 1
44 168 0 1
45 168 0 1
47 168 0 1
48 168 0 1
49 168 0 1
50 168 0 1
51 168 0 1
23 169 0 1
28 169 0 1
30 169 0 1
35 169 0 1
52 169 0 1
64 169 0 1
27 170 0 1
32 170 0 1
34 170 0 1
40 170 0 1
27 171 0 1
32 171 0 1
34 171 0 1
40 171 0 1
27 172 0 1
34 172 0 1
40 172 0 1
25 173 0 1
26 173 0 1
30 173 0 1
33 173 0 1
35 173 0 1
37 173 0 1
39 173 0 1
51 173 0 1
53 173 0 1
55 173 0 1
59 173 0 1
63 173 0 1
66 173 0 1
72 173 0 1
73 173 0 1
75 173 0 1
25 174 0 1
30 174 0 1
33 174 0 1
35 174 0 1
37 174 0 1
39 174 0 1
51 174 0 1
53 174 0 1
59 174 0 1
63 174 0 1
66 174 0 1
72 174 0 1
73 174 0 1
75 174 0 1
27 175 0 1
32 175 0 1
34 175 0 1
40 175 0 1
46 175 0 1
11 176 0 1
27 176 0 1
32 176 0 1
34 176 0 1
40 176 0 1
46 176 0 1
47 176 0 1
24 177 0 1
25 177 0 1
26 177 0 1
29 177 0 1
31 177 0 1
33 177 0 1
36 177 0 1
37 177 0 1
39 177 0 1
41 177 0 1
42 177 0 1
43 177 0 1
44 177 0 1
45 177 0 1
48 177 0 1
50 177 0 1
51 177 0 1
55 177 0 1
72 177 0 1
73 177 0 1
75 177 0 1
25 178 0 1
26 178 0 1
30 178 0 1
33 178 0 1
35 178 0 1
37 178 0 1
39 178 0 1
43 178 0 1
51 178 0 1
53 178 0 1
72 178 0 1
73 178 0 1
75 178 0 1
27 179 0 1
29 179 0 1
31 179 0 1
32 179 0 1
34 179 0 1
40 179 0 1
46 179 0 1
47 179 0 1
11 180 0 1
27 180 0 1
29 180 0 1
31 180 0 1
32 180 0 1
34 180 0 1
36 180 0 1
38 180 0 1
40 180 0 1
41 180 0 1
42 180 0 1
46 180 0 1
47 180 0 1
49 180 0 1
54 180 0 1
74 180 0 1
23 181 0 1
28 181 0 1
30 181 0 1
35 181 0 1
52 181 0 1
53 181 0 1
64 181 0 1
75 181 0 1
23 182 0 1
28 182 0 1
30 182 0 1
35 182 0 1
52 182 0 1
64 182 0 1
24 183 0 1
25 183 0 1
26 183 0 1
33 183 0 1
35 183 0 1
37 183 0 1
39 183 0 1
41 183 0 1
43 183 0 1
51 183 0 1
53 183 0 1
55 183 0 1
63 183 0 1
66 183 0 1
72 183 0 1
73 183 0 1
75 183 0 1
24 184 0 1
25 184 0 1
26 184 0 1
29 184 0 1
31 184 0 1
32 184 0 1
33 184 0 1
36 184 0 1
37 184 0 1
38 184 0 1
41 184 0 1
42 184 0 1
43 184 0 1
44 184 0 1
45 184 0 1
48 184 0 1
49 184 0 1
50 184 0 1
55 184 0 1
72 184 0 1
73 184 0 1
74 184 0 1
23 185 0 1
28 185 0 1
30 185 0 1
35 185 0 1
52 185 0 1
64 185 0 1
27 186 0 1
29 186 0 1
31 186 0 1
32 186 0 1
34 186 0 1
38 186 0 1
40 186 0 1
46 186 0 1
74 186 0 1
24 187 0 1
25 187 0 1
26 187 0 1
31 187 0 1
33 187 0 1
36 187 0 1
37 187 0 1
39 187 0 1
41 187 0 1
42 187 0 1
43 187 0 1
44 187 0 1
50 187 0 1
51 187 0 1
53 187 0 1
55 187 0 1
63 187 0 1
72 187 0 1
73 187 0 1
75 187 0 1
24 188 0 1
25 188 0 1
26 188 0 1
33 188 0 1
37 188 0 1
39 188 0 1
41 188 0 1
42 188 0 1
51 188 0 1
53 188 0 1
55 188 0 1
59 188 0 1
63 188 0 1
66 188 0 1
72 188 0 1
73 188 0 1
75 188 0 1
24 189 0 1
26 189 0 1
29 189 0 1
31 189 0 1
32 189 0 1
33 189 0 1
36 189 0 1
37 189 0 1
38 189 0 1
41 189 0 1
42 189 0 1
50 189 0 1
54 189 0 1
55 189 0 1
60 189 0 1
61 189 0 1
62 189 0 1
63 189 0 1
65 189 0 1
72 189 0 1
73 189 0 1
74 189 0 1
24 190 0 1
26 190 0 1
29 190 0 1
31 190 0 1
32 190 0 1
33 190 0 1
36 190 0 1
37 190 0 1
38 190 0 1
41 190 0 1
42 190 0 1
54 190 0 1
55 190 0 1
58 190 0 1
60 190 0 1
61 190 0 1
62 190 0 1
65 190 0 1
72 190 0 1
74 190 0 1
25 191 0 1
28 191 0 1
30 191 0 1
33 191 0 1
35 191 0 1
37 191 0 1
39 191 0 1
53 191 0 1
59 191 0 1
63 191 0 1
66 191 0 1
67 191 0 1
73 191 0 1
75 191 0 1
25 192 0 1
30 192 0 1
33 192 0 1
35 192 0 1
37 192 0 1
39 192 0 1
53 192 0 1
55 192 0 1
59 192 0 1
63 192 0 1
66 192 0 1
67 192 0 1
72 192 0 1
73 192 0 1
75 192 0 1
28 193 0 1
30 193 0 1
35 193 0 1
39 193 0 1
52 193 0 1
53 193 0 1
63 193 0 1
64 193 0 1
67 193 0 1
75 193 0 1
27 194 0 1
29 194 0 1
31 194 0 1
32 194 0 1
34 194 0 1
36 194 0 1
38 194 0 1
40 194 0 1
54 194 0 1
57 194 0 1
58 194 0 1
61 194 0 1
65 194 0 1
74 194 0 1
24 195 0 1
26 195 0 1
29 195 0 1
31 195 0 1
32 195 0 1
33 195 0 1
36 195 0 1
37 195 0 1
38 195 0 1
39 195 0 1
41 195 0 1
42 195 0 1
54 195 0 1
55 195 0 1
60 195 0 1
61 195 0 1
62 195 0 1
63 195 0 1
65 195 0 1
71 195 0 1
72 195 0 1
73 195 0 1
74 195 0 1
75 195 0 1
1 196 0 1
28 196 0 1
30 196 0 1
35 196 0 1
52 196 0 1
64 196 0 1
69 196 0 1
70 196 0 1
1 197 0 1
30 197 0 1
35 197 0 1
39 197 0 1
52 197 0 1
53 197 0 1
59 197 0 1
63 197 0 1
64 197 0 1
66 197 0 1
67 197 0 1
68 197 0 1
69 197 0 1
70 197 0 1
75 197 0 1
84 197 0 1
1 198 0 1
30 198 0 1
35 198 0 1
52 198 0 1
53 198 0 1
59 198 0 1
64 198 0 1
67 198 0 1
69 198 0 1
70 198 0 1
27 199 0 1
29 199 0 1
31 199 0 1
32 199 0 1
34 199 0 1
36 199 0 1
38 199 0 1
54 199 0 1
56 199 0 1
57 199 0 1
58 199 0 1
61 199 0 1
62 199 0 1
65 199 0 1
74 199 0 1
86 199 0 1
87 199 0 1
90 199 0 1
91 199 0 1
27 200 0 1
29 200 0 1
32 200 0 1
34 200 0 1
38 200 0 1
54 200 0 1
56 200 0 1
57 200 0 1
58 200 0 1
61 200 0 1
65 200 0 1
74 200 0 1
86 200 0 1
87 200 0 1
90 200 0 1
91 200 0 1
27 201 0 1
32 201 0 1
34 201 0 1
56 201 0 1
57 201 0 1
58 201 0 1
74 201 0 1
86 201 0 1
87 201 0 1
90 201 0 1
91 201 0 1
27 202 0 1
34 202 0 1
56 202 0 1
57 202 0 1
86 202 0 1
90 202 0 1
91 202 0 1
29 203 0 1
31 203 0 1
32 203 0 1
34 203 0 1
36 203 0 1
38 203 0 1
54 203 0 1
56 203 0 1
57 203 0 1
58 203 0 1
60 203 0 1
61 203 0 1
62 203 0 1
65 203 0 1
74 203 0 1
76 203 0 1
77 203 0 1
79 203 0 1
86 203 0 1
87 203 0 1
90 203 0 1
91 203 0 1
33 204 0 1
36 204 0 1
37 204 0 1
38 204 0 1
54 204 0 1
55 204 0 1
57 204 0 1
58 204 0 1
60 204 0 1
61 204 0 1
62 204 0 1
63 204 0 1
65 204 0 1
68 204 0 1
71 204 0 1
72 204 0 1
73 204 0 1
74 204 0 1
77 204 0 1
78 204 0 1
80 204 0 1
81 204 0 1
83 204 0 1
85 204 0 1
87 204 0 1
88 204 0 1
89 204 0 1
92 204 0 1
93 204 0 1
94 204 0 1
105 204 0 1
109 204 0 1
110 204 0 1
111 204 0 1
112 204 0 1
36 205 0 1
38 205 0 1
54 205 0 1
55 205 0 1
57 205 0 1
58 205 0 1
60 205 0 1
61 205 0 1
62 205 0 1
63 205 0 1
65 205 0 1
71 205 0 1
72 205 0 1
74 205 0 1
77 205 0 1
78 205 0 1
79 205 0 1
80 205 0 1
83 205 0 1
85 205 0 1
87 205 0 1
88 205 0 1
89 205 0 1
92 205 0 1
93 205 0 1
102 205 0 1
104 205 0 1
105 205 0 1
109 205 0 1
110 205 0 1
112 205 0 1
34 206 0 1
56 206 0 1
57 206 0 1
58 206 0 1
76 206 0 1
77 206 0 1
79 206 0 1
82 206 0 1
86 206 0 1
87 206 0 1
90 206 0 1
91 206 0 1
34 207 0 1
54 207 0 1
56 207 0 1
57 207 0 1
58 207 0 1
61 207 0 1
65 207 0 1
74 207 0 1
76 207 0 1
77 207 0 1
79 207 0 1
82 207 0 1
83 207 0 1
86 207 0 1
87 207 0 1
90 207 0 1
91 207 0 1
34 208 0 1
54 208 0 1
56 208 0 1
57 208 0 1
58 208 0 1
61 208 0 1
62 208 0 1
65 208 0 1
74 208 0 1
76 208 0 1
77 208 0 1
78 208 0 1
79 208 0 1
82 208 0 1
83 208 0 1
86 208 0 1
87 208 0 1
90 208 0 1
91 208 0 1
34 209 0 1
54 209 0 1
56 209 0 1
57 209 0 1
58 209 0 1
61 209 0 1
65 209 0 1
74 209 0 1
76 209 0 1
77 209 0 1
78 209 0 1
79 209 0 1
82 209 0 1
83 209 0 1
86 209 0 1
87 209 0 1
90 209 0 1
91 209 0 1
1 210 0 1
53 210 0 1
59 210 0 1
63 210 0 1
66 210 0 1
67 210 0 1
68 210 0 1
69 210 0 1
71 210 0 1
75 210 0 1
81 210 0 1
84 210 0 1
89 210 0 1
92 210 0 1
94 210 0 1
106 210 0 1
109 210 0 1
111 210 0 1
1 211 0 1
39 211 0 1
53 211 0 1
55 211 0 1
59 211 0 1
63 211 0 1
66 211 0 1
67 211 0 1
68 211 0 1
71 211 0 1
72 211 0 1
73 211 0 1
75 211 0 1
80 211 0 1
81 211 0 1
84 211 0 1
85 211 0 1
89 211 0 1
92 211 0 1
93 211 0 1
94 211 0 1
103 211 0 1
106 211 0 1
109 211 0 1
110 211 0 1
111 211 0 1
1 212 0 1
53 212 0 1
55 212 0 1
59 212 0 1
63 212 0 1
66 212 0 1
67 212 0 1
68 212 0 1
71 212 0 1
75 212 0 1
80 212 0 1
81 212 0 1
84 212 0 1
85 212 0 1
88 212 0 1
89 212 0 1
92 212 0 1
93 212 0 1
94 212 0 1
99 212 0 1
100 212 0 1
103 212 0 1
105 212 0 1
106 212 0 1
108 212 0 1
109 212 0 1
110 212 0 1
111 212 0 1
1 213 0 1
55 213 0 1
59 213 0 1
60 213 0 1
63 213 0 1
66 213 0 1
68 213 0 1
71 213 0 1
80 213 0 1
81 213 0 1
84 213 0 1
85 213 0 1
88 213 0 1
89 213 0 1
92 213 0 1
93 213 0 1
94 213 0 1
97 213 0 1
99 213 0 1
100 213 0 1
101 213 0 1
102 213 0 1
103 213 0 1
105 213 0 1
106 213 0 1
108 213 0 1
109 213 0 1
110 213 0 1
111 213 0 1
112 213 0 1
54 214 0 1
57 214 0 1
58 214 0 1
60 214 0 1
61 214 0 1
62 214 0 1
65 214 0 1
71 214 0 1
76 214 0 1
77 214 0 1
78 214 0 1
79 214 0 1
80 214 0 1
81 214 0 1
83 214 0 1
85 214 0 1
87 214 0 1
88 214 0 1
89 214 0 1
92 214 0 1
93 214 0 1
95 214 0 1
96 214 0 1
97 214 0 1
98 214 0 1
100 214 0 1
101 214 0 1
102 214 0 1
103 214 0 1
104 214 0 1
105 214 0 1
106 214 0 1
107 214 0 1
108 214 0 1
109 214 0 1
110 214 0 1
111 214 0 1
112 214 0 1
56 215 0 1
76 215 0 1
77 215 0 1
79 215 0 1
82 215 0 1
86 215 0 1
87 215 0 1
90 215 0 1
91 215 0 1
56 216 0 1
57 216 0 1
76 216 0 1
77 216 0 1
79 216 0 1
82 216 0 1
86 216 0 1
87 216 0 1
90 216 0 1
91 216 0 1
56 217 0 1
57 217 0 1
58 217 0 1
76 217 0 1
77 217 0 1
78 217 0 1
79 217 0 1
82 217 0 1
83 217 0 1
86 217 0 1
87 217 0 1
90 217 0 1
91 217 0 1
95 217 0 1
104 217 0 1
1 218 0 1
55 218 0 1
59 218 0 1
60 218 0 1
62 218 0 1
63 218 0 1
66 218 0 1
68 218 0 1
71 218 0 1
78 218 0 1
80 218 0 1
81 218 0 1
83 218 0 1
84 218 0 1
85 218 0 1
88 218 0 1
89 218 0 1
92 218 0 1
93 218 0 1
94 218 0 1
97 218 0 1
99 218 0 1
100 218 0 1
101 218 0 1
102 218 0 1
103 218 0 1
104 218 0 1
105 218 0 1
106 218 0 1
107 218 0 1
108 218 0 1
109 218 0 1
110 218 0 1
111 218 0 1
112 218 0 1
54 219 0 1
55 219 0 1
58 219 0 1
60 219 0 1
61 219 0 1
62 219 0 1
63 219 0 1
65 219 0 1
68 219 0 1
71 219 0 1
72 219 0 1
74 219 0 1
77 219 0 1
78 219 0 1
80 219 0 1
81 219 0 1
83 219 0 1
85 219 0 1
87 219 0 1
88 219 0 1
89 219 0 1
92 219 0 1
93 219 0 1
94 219 0 1
97 219 0 1
102 219 0 1
103 219 0 1
104 219 0 1
105 219 0 1
106 219 0 1
107 219 0 1
108 219 0 1
109 219 0 1
110 219 0 1
111 219 0 1
112 219 0 1
36 220 0 1
38 220 0 1
54 220 0 1
55 220 0 1
57 220 0 1
58 220 0 1
60 220 0 1
61 220 0 1
62 220 0 1
65 220 0 1
71 220 0 1
74 220 0 1
76 220 0 1
77 220 0 1
78 220 0 1
79 220 0 1
80 220 0 1
82 220 0 1
83 220 0 1
85 220 0 1
86 220 0 1
87 220 0 1
88 220 0 1
91 220 0 1
92 220 0 1
93 220 0 1
102 220 0 1
103 220 0 1
104 220 0 1
105 220 0 1
107 220 0 1
108 220 0 1
109 220 0 1
110 220 0 1
112 220 0 1
54 221 0 1
56 221 0 1
57 221 0 1
58 221 0 1
61 221 0 1
62 221 0 1
65 221 0 1
76 221 0 1
77 221 0 1
78 221 0 1
79 221 0 1
82 221 0 1
83 221 0 1
86 221 0 1
87 221 0 1
88 221 0 1
90 221 0 1
91 221 0 1
95 221 0 1
96 221 0 1
102 221 0 1
104 221 0 1
107 221 0 1
112 221 0 1
54 222 0 1
56 222 0 1
57 222 0 1
58 222 0 1
60 222 0 1
61 222 0 1
62 222 0 1
65 222 0 1
74 222 0 1
76 222 0 1
77 222 0 1
78 222 0 1
79 222 0 1
80 222 0 1
82 222 0 1
83 222 0 1
86 222 0 1
87 222 0 1
88 222 0 1
90 222 0 1
91 222 0 1
93 222 0 1
95 222 0 1
96 222 0 1
97 222 0 1
102 222 0 1
104 222 0 1
105 222 0 1
107 222 0 1
108 222 0 1
112 222 0 1
34 223 0 1
56 223 0 1
57 223 0 1
86 223 0 1
90 223 0 1
91 223 0 1
1 224 0 1
30 224 0 1
33 224 0 1
35 224 0 1
37 224 0 1
39 224 0 1
53 224 0 1
55 224 0 1
59 224 0 1
63 224 0 1
64 224 0 1
66 224 0 1
67 224 0 1
68 224 0 1
69 224 0 1
72 224 0 1
73 224 0 1
75 224 0 1
84 224 0 1
89 224 0 1
94 224 0 1
29 225 0 1
31 225 0 1
33 225 0 1
36 225 0 1
37 225 0 1
38 225 0 1
39 225 0 1
53 225 0 1
54 225 0 1
55 225 0 1
58 225 0 1
60 225 0 1
61 225 0 1
62 225 0 1
63 225 0 1
65 225 0 1
66 225 0 1
68 225 0 1
71 225 0 1
72 225 0 1
73 225 0 1
74 225 0 1
75 225 0 1
78 225 0 1
80 225 0 1
85 225 0 1
88 225 0 1
89 225 0 1
92 225 0 1
93 225 0 1
94 225 0 1
109 225 0 1
110 225 0 1
29 226 0 1
32 226 0 1
34 226 0 1
38 226 0 1
54 226 0 1
56 226 0 1
57 226 0 1
58 226 0 1
61 226 0 1
62 226 0 1
65 226 0 1
74 226 0 1
76 226 0 1
77 226 0 1
79 226 0 1
82 226 0 1
86 226 0 1
87 226 0 1
90 226 0 1
91 226 0 1
29 227 0 1
31 227 0 1
32 227 0 1
34 227 0 1
36 227 0 1
38 227 0 1
54 227 0 1
56 227 0 1
57 227 0 1
58 227 0 1
60 227 0 1
61 227 0 1
62 227 0 1
65 227 0 1
74 227 0 1
76 227 0 1
77 227 0 1
78 227 0 1
79 227 0 1
82 227 0 1
83 227 0 1
86 227 0 1
87 227 0 1
88 227 0 1
90 227 0 1
91 227 0 1
93 227 0 1
34 228 0 1
56 228 0 1
57 228 0 1
58 228 0 1
76 228 0 1
82 228 0 1
86 228 0 1
87 228 0 1
90 228 0 1
91 228 0 1
29 229 0 1
32 229 0 1
34 229 0 1
36 229 0 1
38 229 0 1
54 229 0 1
56 229 0 1
57 229 0 1
58 229 0 1
60 229 0 1
61 229 0 1
62 229 0 1
65 229 0 1
74 229 0 1
76 229 0 1
77 229 0 1
78 229 0 1
79 229 0 1
82 229 0 1
83 229 0 1
86 229 0 1
87 229 0 1
88 229 0 1
90 229 0 1
91 229 0 1
29 230 0 1
32 230 0 1
34 230 0 1
36 230 0 1
38 230 0 1
54 230 0 1
55 230 0 1
57 230 0 1
58 230 0 1
60 230 0 1
61 230 0 1
62 230 0 1
65 230 0 1
74 230 0 1
76 230 0 1
77 230 0 1
78 230 0 1
79 230 0 1
80 230 0 1
83 230 0 1
86 230 0 1
87 230 0 1
88 230 0 1
91 230 0 1
93 230 0 1
112 230 0 1
34 231 0 1
56 231 0 1
57 231 0 1
76 231 0 1
82 231 0 1
86 231 0 1
90 231 0 1
91 231 0 1
1 232 0 1
78 232 0 1
80 232 0 1
81 232 0 1
85 232 0 1
92 232 0 1
93 232 0 1
95 232 0 1
96 232 0 1
97 232 0 1
98 232 0 1
99 232 0 1
100 232 0 1
101 232 0 1
102 232 0 1
103 232 0 1
104 232 0 1
105 232 0 1
106 232 0 1
107 232 0 1
108 232 0 1
109 232 0 1
110 232 0 1
111 232 0 1
112 232 0 1
1 233 0 1
78 233 0 1
80 233 0 1
83 233 0 1
85 233 0 1
93 233 0 1
95 233 0 1
96 233 0 1
97 233 0 1
98 233 0 1
100 233 0 1
101 233 0 1
102 233 0 1
103 233 0 1
104 233 0 1
105 233 0 1
106 233 0 1
107 233 0 1
108 233 0 1
109 233 0 1
110 233 0 1
111 233 0 1
112 233 0 1
76 234 0 1
77 234 0 1
79 234 0 1
82 234 0 1
83 234 0 1
95 234 0 1
96 234 0 1
97 234 0 1
98 234 0 1
102 234 0 1
104 234 0 1
105 234 0 1
107 234 0 1
108 234 0 1
112 234 0 1
76 235 0 1
77 235 0 1
78 235 0 1
79 235 0 1
82 235 0 1
83 235 0 1
86 235 0 1
87 235 0 1
90 235 0 1
91 235 0 1
95 235 0 1
96 235 0 1
97 235 0 1
98 235 0 1
102 235 0 1
104 235 0 1
105 235 0 1
107 235 0 1
108 235 0 1
112 235 0 1
76 236 0 1
77 236 0 1
78 236 0 1
79 236 0 1
80 236 0 1
82 236 0 1
83 236 0 1
86 236 0 1
87 236 0 1
88 236 0 1
91 236 0 1
93 236 0 1
95 236 0 1
96 236 0 1
97 236 0 1
98 236 0 1
101 236 0 1
102 236 0 1
103 236 0 1
104 236 0 1
105 236 0 1
107 236 0 1
108 236 0 1
109 236 0 1
110 236 0 1
112 236 0 1
56 237 0 1
76 237 0 1
77 237 0 1
78 237 0 1
79 237 0 1
82 237 0 1
83 237 0 1
86 237 0 1
87 237 0 1
90 237 0 1
91 237 0 1
95 237 0 1
96 237 0 1
98 237 0 1
102 237 0 1
104 237 0 1
107 237 0 1
112 237 0 1
56 238 0 1
76 238 0 1
77 238 0 1
79 238 0 1
82 238 0 1
83 238 0 1
86 238 0 1
87 238 0 1
90 238 0 1
91 238 0 1
95 238 0 1
104 238 0 1
1 239 0 1
28 239 0 1
30 239 0 1
35 239 0 1
52 239 0 1
64 239 0 1
69 239 0 1
70 239 0 1
1 240 0 1
28 240 0 1
30 240 0 1
35 240 0 1
52 240 0 1
64 240 0 1
67 240 0 1
69 240 0 1
70 240 0 1
27 241 0 1
29 241 0 1
31 241 0 1
32 241 0 1
34 241 0 1
36 241 0 1
38 241 0 1
40 241 0 1
54 241 0 1
57 241 0 1
58 241 0 1
60 241 0 1
61 241 0 1
62 241 0 1
65 241 0 1
74 241 0 1
1 242 0 1
28 242 0 1
30 242 0 1
33 242 0 1
35 242 0 1
37 242 0 1
39 242 0 1
53 242 0 1
59 242 0 1
63 242 0 1
66 242 0 1
67 242 0 1
68 242 0 1
69 242 0 1
72 242 0 1
73 242 0 1
75 242 0 1
1 243 0 1
28 243 0 1
30 243 0 1
35 243 0 1
37 243 0 1
39 243 0 1
52 243 0 1
53 243 0 1
59 243 0 1
63 243 0 1
64 243 0 1
66 243 0 1
67 243 0 1
68 243 0 1
69 243 0 1
70 243 0 1
73 243 0 1
75 243 0 1
1 244 0 1
28 244 0 1
30 244 0 1
35 244 0 1
52 244 0 1
53 244 0 1
64 244 0 1
67 244 0 1
69 244 0 1
70 244 0 1
1 245 0 1
30 245 0 1
33 245 0 1
35 245 0 1
37 245 0 1
39 245 0 1
53 245 0 1
55 245 0 1
59 245 0 1
63 245 0 1
66 245 0 1
67 245 0 1
68 245 0 1
72 245 0 1
73 245 0 1
75 245 0 1
89 245 0 1
29 246 0 1
31 246 0 1
33 246 0 1
36 246 0 1
37 246 0 1
38 246 0 1
39 246 0 1
42 246 0 1
54 246 0 1
55 246 0 1
60 246 0 1
61 246 0 1
62 246 0 1
63 246 0 1
65 246 0 1
66 246 0 1
68 246 0 1
71 246 0 1
72 246 0 1
73 246 0 1
74 246 0 1
75 246 0 1
88 246 0 1
89 246 0 1
27 247 0 1
29 247 0 1
31 247 0 1
32 247 0 1
34 247 0 1
36 247 0 1
38 247 0 1
54 247 0 1
57 247 0 1
58 247 0 1
60 247 0 1
61 247 0 1
62 247 0 1
65 247 0 1
74 247 0 1
87 247 0 1
1 248 0 1
28 248 0 1
30 248 0 1
35 248 0 1
52 248 0 1
64 248 0 1
69 248 0 1
70 248 0 1
27 249 0 1
32 249 0 1
34 249 0 1
40 249 0 1
56 249 0 1
57 249 0 1
27 250 0 1
29 250 0 1
31 250 0 1
32 250 0 1
34 250 0 1
36 250 0 1
38 250 0 1
54 250 0 1
57 250 0 1
58 250 0 1
61 250 0 1
62 250 0 1
65 250 0 1
74 250 0 1
86 250 0 1
87 250 0 1
27 251 0 1
29 251 0 1
31 251 0 1
32 251 0 1
34 251 0 1
36 251 0 1
38 251 0 1
40 251 0 1
54 251 0 1
57 251 0 1
58 251 0 1
61 251 0 1
65 251 0 1
74 251 0 1
86 251 0 1
87 251 0 1
91 251 0 1
27 252 0 1
34 252 0 1
56 252 0 1
57 252 0 1
86 252 0 1
90 252 0 1
10 253 0 1
11 253 0 1
12 253 0 1
14 253 0 1
21 253 0 1
22 253 0 1
27 253 0 1
29 253 0 1
31 253 0 1
32 253 0 1
34 253 0 1
40 253 0 1
46 253 0 1
47 253 0 1
49 253 0 1
23 254 0 1
28 254 0 1
30 254 0 1
35 254 0 1
52 254 0 1
11 255 0 1
12 255 0 1
13 255 0 1
14 255 0 1
20 255 0 1
24 255 0 1
26 255 0 1
29 255 0 1
31 255 0 1
32 255 0 1
36 255 0 1
38 255 0 1
40 255 0 1
41 255 0 1
42 255 0 1
43 255 0 1
44 255 0 1
45 255 0 1
47 255 0 1
48 255 0 1
49 255 0 1
50 255 0 1
24 256 0 1
25 256 0 1
26 256 0 1
33 256 0 1
37 256 0 1
39 256 0 1
43 256 0 1
44 256 0 1
51 256 0 1
73 256 0 1
75 256 0 1
25 257 0 1
26 257 0 1
30 257 0 1
33 257 0 1
35 257 0 1
37 257 0 1
39 257 0 1
43 257 0 1
51 257 0 1
73 257 0 1
75 257 0 1
13 258 0 1
14 258 0 1
20 258 0 1
24 258 0 1
25 258 0 1
26 258 0 1
29 258 0 1
31 258 0 1
33 258 0 1
36 258 0 1
37 258 0 1
39 258 0 1
41 258 0 1
42 258 0 1
43 258 0 1
44 258 0 1
45 258 0 1
48 258 0 1
49 258 0 1
50 258 0 1
51 258 0 1
72 258 0 1
73 258 0 1
23 259 0 1
28 259 0 1
30 259 0 1
23 260 0 1
25 260 0 1
28 260 0 1
30 260 0 1
33 260 0 1
35 260 0 1
37 260 0 1
39 260 0 1
51 260 0 1
52 260 0 1
53 260 0 1
63 260 0 1
73 260 0 1
75 260 0 1
23 261 0 1
28 261 0 1
30 261 0 1
35 261 0 1
52 261 0 1
11 262 0 1
12 262 0 1
13 262 0 1
14 262 0 1
24 262 0 1
27 262 0 1
29 262 0 1
31 262 0 1
32 262 0 1
34 262 0 1
36 262 0 1
38 262 0 1
40 262 0 1
41 262 0 1
42 262 0 1
45 262 0 1
46 262 0 1
47 262 0 1
48 262 0 1
49 262 0 1
50 262 0 1
74 262 0 1
