1 2 0 0
1 3 0 0
1 4 0 0
1 5 0 0
3 5 0 0
4 5 0 0
1 6 0 0
3 6 0 0
4 6 0 0
5 6 0 0
1 7 0 0
4 7 0 0
5 7 0 0
6 7 0 0
1 8 0 0
4 8 0 0
5 8 0 0
6 8 0 0
7 8 0 0
1 9 0 0
2 9 0 0
3 9 0 0
1 10 0 0
2 10 0 0
3 10 0 0
9 10 0 0
1 11 0 0
2 11 0 0
5 11 0 0
8 11 0 0
9 11 0 0
10 11 0 0
1 12 0 0
2 12 0 0
9 12 0 0
10 12 0 0
11 12 0 0
1 13 0 0
2 13 0 0
3 13 0 0
5 13 0 0
9 13 0 0
10 13 0 0
11 13 0 0
12 13 0 0
1 14 0 0
2 14 0 0
3 14 0 0
5 14 0 0
6 14 0 0
9 14 0 0
10 14 0 0
11 14 0 0
12 14 0 0
13 14 0 0
1 15 0 0
3 15 0 0
4 15 0 0
5 15 0 0
6 15 0 0
7 15 0 0
8 15 0 0
10 15 0 0
11 15 0 0
13 15 0 0
14 15 0 0
1 16 0 0
3 16 0 0
4 16 0 0
5 16 0 0
6 16 0 0
7 16 0 0
8 16 0 0
10 16 0 0
11 16 0 0
13 16 0 0
14 16 0 0
15 16 0 0
