1 2 0 0
1 3 0 0
2 3 0 0
1 4 0 0
5 6 0 0
5 7 0 0
6 7 0 0
1 8 0 0
4 8 0 0
1 9 0 0
4 9 0 0
8 9 0 0
1 10 0 0
4 10 0 0
8 10 0 0
9 10 0 0
1 11 0 0
1 12 0 0
4 12 0 0
8 12 0 0
9 12 0 0
10 12 0 0
1 13 0 0
3 13 0 0
4 13 0 0
8 13 0 0
9 13 0 0
10 13 0 0
12 13 0 0
1 14 0 0
4 14 0 0
8 14 0 0
9 14 0 0
10 14 0 0
12 14 0 0
13 14 0 0
1 15 0 0
4 15 0 0
8 15 0 0
9 15 0 0
10 15 0 0
12 15 0 0
13 15 0 0
14 15 0 0
1 16 0 0
8 16 0 0
9 16 0 0
10 16 0 0
11 16 0 0
12 16 0 0
14 16 0 0
15 16 0 0
1 17 0 0
8 17 0 0
9 17 0 0
10 17 0 0
11 17 0 0
12 17 0 0
14 17 0 0
15 17 0 0
16 17 0 0
1 18 0 0
3 18 0 0
4 18 0 0
13 18 0 0
15 18 0 0
1 19 0 0
11 19 0 0
1 20 0 0
8 20 0 0
9 20 0 0
10 20 0 0
12 20 0 0
14 20 0 0
15 20 0 0
16 20 0 0
17 20 0 0
1 21 0 0
3 21 0 0
13 21 0 0
18 21 0 0
