1 3 0 0
2 3 0 0
1 4 0 0
2 4 0 0
3 4 0 0
1 5 0 0
1 6 0 0
1 7 0 0
5 7 0 0
1 8 0 0
6 8 0 0
1 9 0 0
6 9 0 0
7 9 0 0
1 10 0 0
6 10 0 0
8 10 0 0
9 10 0 0
1 11 0 0
7 11 0 0
9 11 0 0
10 11 0 0
1 12 0 0
5 12 0 0
7 12 0 0
9 12 0 0
10 12 0 0
11 12 0 0
1 13 0 0
5 13 0 0
7 13 0 0
9 13 0 0
10 13 0 0
11 13 0 0
12 13 0 0
1 14 0 0
6 14 0 0
8 14 0 0
9 14 0 0
10 14 0 0
11 14 0 0
12 14 0 0
1 16 0 0
6 16 0 0
8 16 0 0
10 16 0 0
11 16 0 0
14 16 0 0
1 17 0 0
9 17 0 0
11 17 0 0
12 17 0 0
13 17 0 0
14 17 0 0
16 17 0 0
1 18 0 0
5 18 0 0
7 18 0 0
9 18 0 0
10 18 0 0
11 18 0 0
12 18 0 0
13 18 0 0
16 18 0 0
17 18 0 0
1 19 0 0
7 19 0 0
9 19 0 0
10 19 0 0
11 19 0 0
12 19 0 0
13 19 0 0
14 19 0 0
16 19 0 0
17 19 0 0
18 19 0 0
1 20 0 0
6 20 0 0
7 20 0 0
8 20 0 0
9 20 0 0
10 20 0 0
11 20 0 0
12 20 0 0
13 20 0 0
14 20 0 0
16 20 0 0
17 20 0 0
18 20 0 0
19 20 0 0
1 21 0 0
4 21 0 0
5 21 0 0
7 21 0 0
9 21 0 0
11 21 0 0
12 21 0 0
13 21 0 0
18 21 0 0
20 21 0 0
1 22 0 0
6 22 0 0
8 22 0 0
10 22 0 0
14 22 0 0
17 25 0 1
