1 2 0 0
1 3 0 0
1 4 0 0
2 4 0 0
1 5 0 0
2 5 0 0
4 5 0 0
1 6 0 0
3 6 0 0
1 7 0 0
4 7 0 0
2 8 0 0
4 8 0 0
5 8 0 0
1 9 0 0
2 9 0 0
4 9 0 0
5 9 0 0
8 9 0 0
1 10 0 0
6 10 0 0
7 10 0 0
2 11 0 0
5 11 0 0
8 11 0 0
9 11 0 0
2 12 0 0
4 12 0 0
5 12 0 0
8 12 0 0
9 12 0 0
11 12 0 0
8 13 0 0
11 13 0 0
12 13 0 0
3 14 0 0
3 15 0 0
14 15 0 0
3 16 0 0
14 16 0 0
15 16 0 0
3 17 0 0
14 17 0 0
15 17 0 0
16 17 0 0
3 18 0 0
14 18 0 0
16 18 0 0
17 18 0 0
3 19 0 0
14 19 0 0
15 19 0 0
16 19 0 0
17 19 0 0
18 19 0 0
3 20 0 0
14 20 0 0
15 20 0 0
16 20 0 0
17 20 0 0
18 20 0 0
19 20 0 0
3 21 0 0
14 21 0 0
15 21 0 0
16 21 0 0
17 21 0 0
18 21 0 0
19 21 0 0
20 21 0 0
12 22 0 0
13 22 0 0
3 23 0 0
14 23 0 0
17 23 0 0
18 23 0 0
21 23 0 0
3 24 0 0
14 24 0 0
15 24 0 0
16 24 0 0
17 24 0 0
19 24 0 0
20 24 0 0
21 24 0 0
3 25 0 0
14 25 0 0
15 25 0 0
16 25 0 0
17 25 0 0
19 25 0 0
20 25 0 0
21 25 0 0
24 25 0 0
3 26 0 0
14 26 0 0
15 26 0 0
16 26 0 0
17 26 0 0
19 26 0 0
20 26 0 0
21 26 0 0
24 26 0 0
25 26 0 0
2 27 0 0
8 27 0 0
9 27 0 0
11 27 0 0
12 27 0 0
13 27 0 0
22 27 0 0
3 28 0 0
14 28 0 0
15 28 0 0
16 28 0 0
17 28 0 0
18 28 0 0
19 28 0 0
20 28 0 0
21 28 0 0
24 28 0 0
25 28 0 0
26 28 0 0
3 29 0 0
14 29 0 0
15 29 0 0
16 29 0 0
17 29 0 0
18 29 0 0
19 29 0 0
20 29 0 0
21 29 0 0
23 29 0 0
24 29 0 0
25 29 0 0
26 29 0 0
28 29 0 0
2 30 0 0
5 30 0 0
8 30 0 0
9 30 0 0
11 30 0 0
12 30 0 0
13 30 0 0
22 30 0 0
27 30 0 0
1 31 0 0
6 31 0 0
7 31 0 0
10 31 0 0
1 32 0 0
6 32 0 0
7 32 0 0
10 32 0 0
18 32 0 0
23 32 0 0
31 32 0 0
2 33 0 0
8 33 0 0
9 33 0 0
11 33 0 0
12 33 0 0
13 33 0 0
22 33 0 0
27 33 0 0
30 33 0 0
2 34 0 0
7 34 0 0
8 34 0 0
9 34 0 0
11 34 0 0
12 34 0 0
13 34 0 0
22 34 0 0
27 34 0 0
30 34 0 0
33 34 0 0
1 35 0 0
6 35 0 0
10 35 0 0
18 35 0 0
21 35 0 0
23 35 0 0
29 35 0 0
31 35 0 0
32 35 0 0
1 36 0 0
3 36 0 0
6 36 0 0
10 36 0 0
14 36 0 0
17 36 0 0
18 36 0 0
19 36 0 0
21 36 0 0
23 36 0 0
28 36 0 0
29 36 0 0
32 36 0 0
35 36 0 0
1 37 0 0
4 37 0 0
7 37 0 0
10 37 0 0
31 37 0 0
32 37 0 0
34 37 0 0
1 38 0 0
3 38 0 0
6 38 0 0
10 38 0 0
18 38 0 0
29 38 0 0
31 38 0 0
32 38 0 0
35 38 0 0
36 38 0 0
1 39 0 0
2 39 0 0
4 39 0 0
5 39 0 0
7 39 0 0
8 39 0 0
9 39 0 0
11 39 0 0
12 39 0 0
27 39 0 0
30 39 0 0
33 39 0 0
34 39 0 0
37 39 0 0
1 40 0 0
3 40 0 0
6 40 0 0
10 40 0 0
17 40 0 0
18 40 0 0
29 40 0 0
32 40 0 0
35 40 0 0
36 40 0 0
38 40 0 0
1 41 0 0
6 41 0 0
7 41 0 0
10 41 0 0
31 41 0 0
32 41 0 0
35 41 0 0
37 41 0 0
39 41 0 0
1 42 0 0
6 42 0 0
7 42 0 0
10 42 0 0
31 42 0 0
32 42 0 0
35 42 0 0
36 42 0 0
37 42 0 0
38 42 0 0
40 42 0 0
41 42 0 0
1 43 0 0
3 43 0 0
6 43 0 0
10 43 0 0
18 43 0 0
29 43 0 0
31 43 0 0
32 43 0 0
35 43 0 0
36 43 0 0
38 43 0 0
40 43 0 0
41 43 0 0
42 43 0 0
2 44 0 0
5 44 0 0
8 44 0 0
9 44 0 0
11 44 0 0
12 44 0 0
27 44 0 0
30 44 0 0
33 44 0 0
34 44 0 0
39 44 0 0
1 45 0 0
3 45 0 0
6 45 0 0
10 45 0 0
18 45 0 0
23 45 0 0
29 45 0 0
31 45 0 0
32 45 0 0
35 45 0 0
36 45 0 0
37 45 0 0
38 45 0 0
40 45 0 0
41 45 0 0
42 45 0 0
43 45 0 0
1 46 0 0
2 46 0 0
4 46 0 0
5 46 0 0
7 46 0 0
8 46 0 0
9 46 0 0
12 46 0 0
37 46 0 0
39 46 0 0
41 46 0 0
1 47 0 0
3 47 0 0
6 47 0 0
36 47 0 0
38 47 0 0
40 47 0 0
43 47 0 0
45 47 0 0
1 48 0 0
2 48 0 0
4 48 0 0
5 48 0 0
7 48 0 0
8 48 0 0
9 48 0 0
11 48 0 0
12 48 0 0
30 48 0 0
33 48 0 0
34 48 0 0
37 48 0 0
39 48 0 0
44 48 0 0
46 48 0 0
1 49 0 0
2 49 0 0
4 49 0 0
5 49 0 0
8 49 0 0
9 49 0 0
11 49 0 0
12 49 0 0
27 49 0 0
30 49 0 0
33 49 0 0
34 49 0 0
39 49 0 0
44 49 0 0
46 49 0 0
48 49 0 0
1 50 0 0
3 50 0 0
6 50 0 0
36 50 0 0
38 50 0 0
40 50 0 0
43 50 0 0
45 50 0 0
47 50 0 0
1 51 0 0
3 51 0 0
6 51 0 0
29 51 0 0
36 51 0 0
38 51 0 0
40 51 0 0
43 51 0 0
47 51 0 0
50 51 0 0
20 52 0 1
1 53 0 1
7 53 0 1
10 53 0 1
31 53 0 1
32 53 0 1
34 53 0 1
35 53 0 1
37 53 0 1
41 53 0 1
42 53 0 1
45 53 0 1
1 54 0 1
10 54 0 1
22 54 0 1
31 54 0 1
32 54 0 1
34 54 0 1
35 54 0 1
37 54 0 1
41 54 0 1
10 55 0 1
22 55 0 1
31 55 0 1
32 55 0 1
34 55 0 1
35 55 0 1
37 55 0 1
41 55 0 1
22 56 0 1
31 56 0 1
32 56 0 1
34 56 0 1
37 56 0 1
41 56 0 1
18 57 0 1
21 57 0 1
23 57 0 1
35 57 0 1
36 57 0 1
14 58 0 1
15 58 0 1
16 58 0 1
17 58 0 1
18 58 0 1
19 58 0 1
20 58 0 1
21 58 0 1
23 58 0 1
24 58 0 1
25 58 0 1
26 58 0 1
28 58 0 1
29 58 0 1
13 59 0 1
22 59 0 1
23 61 0 1
23 62 0 1
35 62 0 1
31 63 0 1
34 63 0 1
35 64 0 1
22 65 0 1
34 65 0 1
20 66 0 1
24 66 0 1
25 66 0 1
26 66 0 1
13 67 0 1
22 67 0 1
20 68 0 1
25 68 0 1
26 68 0 1
21 69 0 1
23 69 0 1
20 70 0 1
25 70 0 1
26 70 0 1
23 73 0 1
20 78 0 1
25 78 0 1
26 78 0 1
