2 3 0 0
2 4 0 0
3 4 0 0
1 5 0 0
1 6 0 0
1 7 0 0
6 7 0 0
1 8 0 0
5 8 0 0
1 9 0 0
5 9 0 0
8 9 0 0
1 10 0 0
6 10 0 0
7 10 0 0
1 11 0 0
6 11 0 0
7 11 0 0
10 11 0 0
2 12 0 0
3 12 0 0
4 12 0 0
2 13 0 0
3 13 0 0
4 13 0 0
12 13 0 0
1 14 0 0
3 14 0 0
4 14 0 0
9 14 0 0
13 14 0 0
1 15 0 0
3 15 0 0
4 15 0 0
5 15 0 0
8 15 0 0
9 15 0 0
13 15 0 0
14 15 0 0
2 16 0 0
3 16 0 0
4 16 0 0
9 16 0 0
12 16 0 0
13 16 0 0
14 16 0 0
15 16 0 0
1 17 0 0
3 17 0 0
4 17 0 0
5 17 0 0
8 17 0 0
9 17 0 0
14 17 0 0
15 17 0 0
16 17 0 0
1 18 0 0
5 18 0 0
8 18 0 0
9 18 0 0
14 18 0 0
15 18 0 0
17 18 0 0
1 19 0 0
6 19 0 0
7 19 0 0
10 19 0 0
11 19 0 0
2 20 0 0
3 20 0 0
4 20 0 0
12 20 0 0
13 20 0 0
15 20 0 0
16 20 0 0
1 21 0 0
5 21 0 0
8 21 0 0
9 21 0 0
14 21 0 0
15 21 0 0
16 21 0 0
17 21 0 0
18 21 0 0
1 22 0 0
5 22 0 0
8 22 0 0
9 22 0 0
14 22 0 0
15 22 0 0
16 22 0 0
17 22 0 0
18 22 0 0
21 22 0 0
1 23 0 0
5 23 0 0
8 23 0 0
9 23 0 0
14 23 0 0
15 23 0 0
16 23 0 0
17 23 0 0
18 23 0 0
21 23 0 0
22 23 0 0
1 24 0 0
5 24 0 0
8 24 0 0
9 24 0 0
14 24 0 0
15 24 0 0
16 24 0 0
17 24 0 0
18 24 0 0
21 24 0 0
22 24 0 0
23 24 0 0
1 25 0 0
5 25 0 0
8 25 0 0
9 25 0 0
14 25 0 0
15 25 0 0
16 25 0 0
17 25 0 0
18 25 0 0
21 25 0 0
22 25 0 0
23 25 0 0
24 25 0 0
1 26 0 0
6 26 0 0
7 26 0 0
10 26 0 0
11 26 0 0
19 26 0 0
2 27 0 0
3 27 0 0
4 27 0 0
12 27 0 0
13 27 0 0
16 27 0 0
20 27 0 0
2 28 0 0
3 28 0 0
4 28 0 0
12 28 0 0
13 28 0 0
14 28 0 0
16 28 0 0
20 28 0 0
27 28 0 0
1 29 0 0
6 29 0 0
7 29 0 0
10 29 0 0
11 29 0 0
19 29 0 0
26 29 0 0
1 30 0 0
5 30 0 0
8 30 0 0
9 30 0 0
14 30 0 0
15 30 0 0
16 30 0 0
17 30 0 0
18 30 0 0
21 30 0 0
22 30 0 0
23 30 0 0
24 30 0 0
25 30 0 0
1 31 0 0
6 31 0 0
7 31 0 0
10 31 0 0
11 31 0 0
19 31 0 0
26 31 0 0
29 31 0 0
2 32 0 0
3 32 0 0
4 32 0 0
12 32 0 0
13 32 0 0
16 32 0 0
20 32 0 0
27 32 0 0
28 32 0 0
1 33 0 0
6 33 0 0
7 33 0 0
10 33 0 0
11 33 0 0
19 33 0 0
26 33 0 0
29 33 0 0
31 33 0 0
1 34 0 0
5 34 0 0
8 34 0 0
9 34 0 0
17 34 0 0
18 34 0 0
21 34 0 0
22 34 0 0
23 34 0 0
24 34 0 0
25 34 0 0
30 34 0 0
31 34 0 0
2 35 0 0
3 35 0 0
4 35 0 0
12 35 0 0
13 35 0 0
14 35 0 0
15 35 0 0
16 35 0 0
20 35 0 0
27 35 0 0
28 35 0 0
32 35 0 0
1 36 0 0
2 36 0 0
3 36 0 0
4 36 0 0
9 36 0 0
12 36 0 0
13 36 0 0
14 36 0 0
15 36 0 0
16 36 0 0
17 36 0 0
18 36 0 0
20 36 0 0
21 36 0 0
22 36 0 0
23 36 0 0
24 36 0 0
25 36 0 0
27 36 0 0
28 36 0 0
30 36 0 0
32 36 0 0
35 36 0 0
1 37 0 0
3 37 0 0
4 37 0 0
5 37 0 0
8 37 0 0
9 37 0 0
13 37 0 0
14 37 0 0
15 37 0 0
16 37 0 0
17 37 0 0
18 37 0 0
21 37 0 0
22 37 0 0
23 37 0 0
24 37 0 0
25 37 0 0
30 37 0 0
34 37 0 0
35 37 0 0
36 37 0 0
1 38 0 0
5 38 0 0
8 38 0 0
9 38 0 0
17 38 0 0
18 38 0 0
21 38 0 0
22 38 0 0
23 38 0 0
24 38 0 0
25 38 0 0
30 38 0 0
34 38 0 0
37 38 0 0
1 39 0 0
5 39 0 0
8 39 0 0
9 39 0 0
14 39 0 0
15 39 0 0
17 39 0 0
18 39 0 0
21 39 0 0
22 39 0 0
23 39 0 0
24 39 0 0
25 39 0 0
30 39 0 0
34 39 0 0
36 39 0 0
37 39 0 0
38 39 0 0
1 40 0 0
5 40 0 0
8 40 0 0
9 40 0 0
14 40 0 0
15 40 0 0
16 40 0 0
17 40 0 0
18 40 0 0
21 40 0 0
22 40 0 0
23 40 0 0
24 40 0 0
25 40 0 0
30 40 0 0
34 40 0 0
36 40 0 0
37 40 0 0
38 40 0 0
39 40 0 0
1 41 0 0
6 41 0 0
7 41 0 0
10 41 0 0
11 41 0 0
19 41 0 0
26 41 0 0
29 41 0 0
31 41 0 0
33 41 0 0
1 42 0 0
5 42 0 0
8 42 0 0
9 42 0 0
14 42 0 0
15 42 0 0
16 42 0 0
17 42 0 0
18 42 0 0
21 42 0 0
22 42 0 0
23 42 0 0
24 42 0 0
25 42 0 0
30 42 0 0
34 42 0 0
36 42 0 0
37 42 0 0
38 42 0 0
39 42 0 0
40 42 0 0
1 43 0 0
8 43 0 0
9 43 0 0
14 43 0 0
15 43 0 0
16 43 0 0
17 43 0 0
18 43 0 0
21 43 0 0
22 43 0 0
23 43 0 0
24 43 0 0
25 43 0 0
30 43 0 0
36 43 0 0
37 43 0 0
38 43 0 0
39 43 0 0
40 43 0 0
42 43 0 0
1 44 0 0
6 44 0 0
7 44 0 0
10 44 0 0
11 44 0 0
19 44 0 0
26 44 0 0
29 44 0 0
31 44 0 0
33 44 0 0
41 44 0 0
12 45 0 0
13 45 0 0
14 45 0 0
16 45 0 0
27 45 0 0
28 45 0 0
32 45 0 0
35 45 0 0
36 45 0 0
37 45 0 0
43 45 0 0
1 46 0 0
25 46 0 0
30 46 0 0
31 46 0 0
34 46 0 0
38 46 0 0
39 46 0 0
40 46 0 0
42 46 0 0
27 47 0 0
28 47 0 0
45 47 0 0
30 48 0 0
39 48 0 0
42 48 0 0
46 48 0 0
30 49 0 0
36 49 0 0
39 49 0 0
40 49 0 0
42 49 0 0
43 49 0 0
46 49 0 0
48 49 0 0
1 50 0 0
29 50 0 0
31 50 0 0
33 50 0 0
41 50 0 0
44 50 0 0
1 51 0 0
30 51 0 0
46 51 0 0
48 51 0 0
49 51 0 0
1 52 0 0
31 52 0 0
46 52 0 0
48 52 0 0
50 52 0 0
51 52 0 0
1 53 0 0
46 53 0 0
48 53 0 0
49 53 0 0
51 53 0 0
52 53 0 0
1 54 0 0
31 54 0 0
41 54 0 0
44 54 0 0
46 54 0 0
50 54 0 0
51 54 0 0
52 54 0 0
53 54 0 0
1 55 0 0
24 55 0 0
25 55 0 0
30 55 0 0
34 55 0 0
36 55 0 0
37 55 0 0
38 55 0 0
39 55 0 0
40 55 0 0
42 55 0 0
43 55 0 0
46 55 0 0
48 55 0 0
49 55 0 0
51 55 0 0
53 55 0 0
1 56 0 0
30 56 0 0
31 56 0 0
34 56 0 0
38 56 0 0
39 56 0 0
42 56 0 0
46 56 0 0
48 56 0 0
49 56 0 0
51 56 0 0
52 56 0 0
53 56 0 0
54 56 0 0
55 56 0 0
1 57 0 0
31 57 0 0
34 57 0 0
41 57 0 0
44 57 0 0
46 57 0 0
50 57 0 0
51 57 0 0
52 57 0 0
53 57 0 0
54 57 0 0
56 57 0 0
1 58 0 0
22 58 0 0
25 58 0 0
30 58 0 0
34 58 0 0
38 58 0 0
39 58 0 0
40 58 0 0
42 58 0 0
46 58 0 0
48 58 0 0
49 58 0 0
51 58 0 0
52 58 0 0
53 58 0 0
55 58 0 0
56 58 0 0
57 58 0 0
1 59 0 0
10 59 0 0
11 59 0 0
19 59 0 0
26 59 0 0
29 59 0 0
31 59 0 0
33 59 0 0
41 59 0 0
44 59 0 0
46 59 0 0
50 59 0 0
52 59 0 0
53 59 0 0
54 59 0 0
56 59 0 0
57 59 0 0
1 60 0 0
11 60 0 0
26 60 0 0
29 60 0 0
31 60 0 0
33 60 0 0
41 60 0 0
44 60 0 0
46 60 0 0
50 60 0 0
52 60 0 0
53 60 0 0
54 60 0 0
56 60 0 0
57 60 0 0
59 60 0 0
1 61 0 0
22 61 0 0
24 61 0 0
25 61 0 0
30 61 0 0
34 61 0 0
36 61 0 0
37 61 0 0
38 61 0 0
39 61 0 0
40 61 0 0
42 61 0 0
43 61 0 0
46 61 0 0
48 61 0 0
49 61 0 0
51 61 0 0
53 61 0 0
55 61 0 0
56 61 0 0
58 61 0 0
1 62 0 0
31 62 0 0
34 62 0 0
38 62 0 0
41 62 0 0
44 62 0 0
46 62 0 0
50 62 0 0
51 62 0 0
52 62 0 0
53 62 0 0
54 62 0 0
56 62 0 0
57 62 0 0
58 62 0 0
59 62 0 0
60 62 0 0
61 62 0 0
1 63 0 0
30 63 0 0
31 63 0 0
34 63 0 0
38 63 0 0
39 63 0 0
42 63 0 0
46 63 0 0
48 63 0 0
51 63 0 0
52 63 0 0
53 63 0 0
54 63 0 0
55 63 0 0
56 63 0 0
57 63 0 0
58 63 0 0
59 63 0 0
60 63 0 0
61 63 0 0
62 63 0 0
30 64 0 0
36 64 0 0
37 64 0 0
39 64 0 0
40 64 0 0
42 64 0 0
43 64 0 0
45 64 0 0
48 64 0 0
49 64 0 0
51 64 0 0
55 64 0 0
58 64 0 0
61 64 0 0
28 65 0 0
36 65 0 0
37 65 0 0
43 65 0 0
45 65 0 0
47 65 0 0
49 65 0 0
55 65 0 0
64 65 0 0
1 66 0 0
10 66 0 0
11 66 0 0
29 66 0 0
31 66 0 0
33 66 0 0
41 66 0 0
44 66 0 0
50 66 0 0
54 66 0 0
57 66 0 0
59 66 0 0
60 66 0 0
1 67 0 0
31 67 0 0
34 67 0 0
38 67 0 0
46 67 0 0
48 67 0 0
49 67 0 0
51 67 0 0
52 67 0 0
53 67 0 0
54 67 0 0
55 67 0 0
56 67 0 0
57 67 0 0
58 67 0 0
59 67 0 0
60 67 0 0
61 67 0 0
62 67 0 0
63 67 0 0
1 68 0 0
29 68 0 0
31 68 0 0
33 68 0 0
41 68 0 0
44 68 0 0
50 68 0 0
52 68 0 0
54 68 0 0
57 68 0 0
59 68 0 0
60 68 0 0
62 68 0 0
66 68 0 0
67 68 0 0
10 69 0 0
29 69 0 0
31 69 0 0
33 69 0 0
41 69 0 0
44 69 0 0
50 69 0 0
54 69 0 0
57 69 0 0
59 69 0 0
60 69 0 0
66 69 0 0
68 69 0 0
1 70 0 0
31 70 0 0
34 70 0 0
38 70 0 0
41 70 0 0
46 70 0 0
48 70 0 0
50 70 0 0
51 70 0 0
52 70 0 0
53 70 0 0
54 70 0 0
56 70 0 0
57 70 0 0
58 70 0 0
59 70 0 0
60 70 0 0
61 70 0 0
62 70 0 0
63 70 0 0
67 70 0 0
68 70 0 0
46 71 0 0
48 71 0 0
49 71 0 0
51 71 0 0
53 71 0 0
55 71 0 0
56 71 0 0
58 71 0 0
61 71 0 0
63 71 0 0
64 71 0 0
67 71 0 0
70 71 0 0
31 72 0 0
46 72 0 0
50 72 0 0
52 72 0 0
53 72 0 0
54 72 0 0
56 72 0 0
57 72 0 0
59 72 0 0
60 72 0 0
62 72 0 0
63 72 0 0
66 72 0 0
67 72 0 0
68 72 0 0
69 72 0 0
70 72 0 0
46 73 0 0
48 73 0 0
49 73 0 0
51 73 0 0
52 73 0 0
53 73 0 0
55 73 0 0
56 73 0 0
57 73 0 0
58 73 0 0
61 73 0 0
62 73 0 0
63 73 0 0
64 73 0 0
67 73 0 0
70 73 0 0
71 73 0 0
1 74 0 0
31 74 0 0
41 74 0 0
44 74 0 0
50 74 0 0
52 74 0 0
53 74 0 0
54 74 0 0
57 74 0 0
59 74 0 0
60 74 0 0
62 74 0 0
63 74 0 0
66 74 0 0
67 74 0 0
68 74 0 0
69 74 0 0
70 74 0 0
72 74 0 0
46 75 0 0
48 75 0 0
49 75 0 0
51 75 0 0
52 75 0 0
53 75 0 0
54 75 0 0
55 75 0 0
56 75 0 0
57 75 0 0
58 75 0 0
60 75 0 0
61 75 0 0
62 75 0 0
63 75 0 0
67 75 0 0
70 75 0 0
71 75 0 0
72 75 0 0
73 75 0 0
1 76 0 0
31 76 0 0
44 76 0 0
46 76 0 0
50 76 0 0
51 76 0 0
52 76 0 0
53 76 0 0
54 76 0 0
56 76 0 0
57 76 0 0
59 76 0 0
60 76 0 0
62 76 0 0
63 76 0 0
66 76 0 0
67 76 0 0
68 76 0 0
69 76 0 0
70 76 0 0
72 76 0 0
73 76 0 0
74 76 0 0
75 76 0 0
48 77 0 0
51 77 0 0
52 77 0 0
53 77 0 0
54 77 0 0
56 77 0 0
57 77 0 0
62 77 0 0
63 77 0 0
67 77 0 0
70 77 0 0
71 77 0 0
72 77 0 0
73 77 0 0
75 77 0 0
76 77 0 0
51 78 0 0
52 78 0 0
53 78 0 0
54 78 0 0
56 78 0 0
57 78 0 0
62 78 0 0
67 78 0 0
70 78 0 0
71 78 0 0
72 78 0 0
73 78 0 0
74 78 0 0
75 78 0 0
76 78 0 0
77 78 0 0
48 79 0 0
49 79 0 0
51 79 0 0
52 79 0 0
53 79 0 0
56 79 0 0
58 79 0 0
67 79 0 0
70 79 0 0
71 79 0 0
73 79 0 0
75 79 0 0
77 79 0 0
78 79 0 0
51 80 0 0
52 80 0 0
53 80 0 0
54 80 0 0
57 80 0 0
62 80 0 0
67 80 0 0
70 80 0 0
72 80 0 0
73 80 0 0
74 80 0 0
75 80 0 0
76 80 0 0
77 80 0 0
78 80 0 0
79 80 0 0
47 81 0 0
47 82 0 0
65 82 0 0
81 82 0 0
48 83 0 0
49 83 0 0
51 83 0 0
53 83 0 0
55 83 0 0
58 83 0 0
61 83 0 0
64 83 0 0
71 83 0 0
73 83 0 0
75 83 0 0
77 83 0 0
78 83 0 0
79 83 0 0
47 84 0 0
81 84 0 0
82 84 0 0
50 85 0 0
69 85 0 0
72 85 0 0
74 85 0 0
82 86 0 0
83 86 0 0
71 87 0 0
79 87 0 0
83 87 0 0
86 87 0 0
85 88 0 0
81 89 0 0
82 89 0 0
84 89 0 0
81 90 0 0
82 90 0 0
84 90 0 0
86 90 0 0
87 90 0 0
89 90 0 0
71 91 0 0
77 91 0 0
78 91 0 0
79 91 0 0
80 91 0 0
83 91 0 0
86 91 0 0
87 91 0 0
77 92 0 0
78 92 0 0
79 92 0 0
80 92 0 0
83 92 0 0
91 92 0 0
83 93 0 0
86 93 0 0
87 93 0 0
90 93 0 0
91 93 0 0
48 94 0 0
51 94 0 0
71 94 0 0
73 94 0 0
75 94 0 0
77 94 0 0
78 94 0 0
79 94 0 0
80 94 0 0
83 94 0 0
86 94 0 0
87 94 0 0
91 94 0 0
92 94 0 0
93 94 0 0
49 95 0 0
71 95 0 0
82 95 0 0
83 95 0 0
86 95 0 0
87 95 0 0
90 95 0 0
91 95 0 0
93 95 0 0
94 95 0 0
48 96 0 0
51 96 0 0
53 96 0 0
71 96 0 0
73 96 0 0
75 96 0 0
77 96 0 0
78 96 0 0
79 96 0 0
80 96 0 0
83 96 0 0
87 96 0 0
91 96 0 0
92 96 0 0
93 96 0 0
94 96 0 0
95 96 0 0
71 97 0 0
79 97 0 0
82 97 0 0
83 97 0 0
86 97 0 0
87 97 0 0
90 97 0 0
91 97 0 0
93 97 0 0
94 97 0 0
95 97 0 0
96 97 0 0
81 98 0 0
82 98 0 0
84 98 0 0
86 98 0 0
89 98 0 0
90 98 0 0
85 99 0 0
88 99 0 0
86 100 0 0
87 100 0 0
90 100 0 0
91 100 0 0
93 100 0 0
94 100 0 0
95 100 0 0
97 100 0 0
86 101 0 0
89 101 0 0
90 101 0 0
98 101 0 0
86 102 0 0
87 102 0 0
90 102 0 0
91 102 0 0
93 102 0 0
95 102 0 0
97 102 0 0
100 102 0 0
101 102 0 0
85 103 0 0
88 103 0 0
92 103 0 0
99 103 0 0
91 104 0 0
92 104 0 0
94 104 0 0
96 104 0 0
100 104 0 0
89 105 0 0
90 105 0 0
98 105 0 0
101 105 0 0
87 106 0 0
91 106 0 0
93 106 0 0
100 106 0 0
102 106 0 0
104 106 0 0
86 107 0 0
87 107 0 0
90 107 0 0
93 107 0 0
97 107 0 0
100 107 0 0
102 107 0 0
106 107 0 0
89 108 0 0
90 108 0 0
98 108 0 0
101 108 0 0
105 108 0 0
88 109 0 0
99 109 0 0
103 109 0 0
88 110 0 0
99 110 0 0
103 110 0 0
109 110 0 0
86 111 0 0
87 111 0 0
90 111 0 0
93 111 0 0
97 111 0 0
100 111 0 0
101 111 0 0
102 111 0 0
106 111 0 0
107 111 0 0
86 112 0 0
87 112 0 0
90 112 0 0
93 112 0 0
98 112 0 0
100 112 0 0
101 112 0 0
102 112 0 0
106 112 0 0
107 112 0 0
108 112 0 0
111 112 0 0
89 113 0 0
90 113 0 0
98 113 0 0
100 113 0 0
101 113 0 0
102 113 0 0
105 113 0 0
107 113 0 0
108 113 0 0
111 113 0 0
112 113 0 0
89 114 0 0
90 114 0 0
98 114 0 0
101 114 0 0
102 114 0 0
105 114 0 0
107 114 0 0
108 114 0 0
111 114 0 0
112 114 0 0
113 114 0 0
89 115 0 0
90 115 0 0
98 115 0 0
100 115 0 0
101 115 0 0
102 115 0 0
105 115 0 0
107 115 0 0
108 115 0 0
111 115 0 0
112 115 0 0
113 115 0 0
114 115 0 0
81 116 0 0
82 116 0 0
84 116 0 0
89 116 0 0
90 116 0 0
98 116 0 0
101 116 0 0
105 116 0 0
108 116 0 0
113 116 0 0
114 116 0 0
115 116 0 0
81 117 0 0
82 117 0 0
84 117 0 0
86 117 0 0
89 117 0 0
90 117 0 0
98 117 0 0
101 117 0 0
102 117 0 0
105 117 0 0
108 117 0 0
112 117 0 0
113 117 0 0
114 117 0 0
115 117 0 0
116 117 0 0
77 118 0 0
78 118 0 0
79 118 0 0
80 118 0 0
83 118 0 0
87 118 0 0
91 118 0 0
92 118 0 0
93 118 0 0
94 118 0 0
96 118 0 0
97 118 0 0
100 118 0 0
104 118 0 0
106 118 0 0
86 119 0 0
87 119 0 0
90 119 0 0
91 119 0 0
93 119 0 0
94 119 0 0
95 119 0 0
97 119 0 0
100 119 0 0
102 119 0 0
106 119 0 0
107 119 0 0
111 119 0 0
112 119 0 0
113 119 0 0
115 119 0 0
117 119 0 0
118 119 0 0
98 120 0 0
101 120 0 0
105 120 0 0
108 120 0 0
113 120 0 0
114 120 0 0
115 120 0 0
100 121 0 0
102 121 0 0
106 121 0 0
107 121 0 0
111 121 0 0
112 121 0 0
104 122 0 0
106 122 0 0
107 122 0 0
121 122 0 0
103 123 0 0
109 123 0 0
110 123 0 0
103 124 0 0
109 124 0 0
110 124 0 0
123 124 0 0
109 125 0 0
110 125 0 0
123 125 0 0
124 125 0 0
104 126 0 0
122 126 0 0
123 126 0 0
124 126 0 0
104 127 0 0
121 127 0 0
122 127 0 0
123 127 0 0
126 127 0 0
103 128 0 0
109 128 0 0
110 128 0 0
123 128 0 0
124 128 0 0
125 128 0 0
126 128 0 0
127 128 0 0
109 129 0 0
110 129 0 0
123 129 0 0
124 129 0 0
125 129 0 0
128 129 0 0
109 130 0 0
110 130 0 0
123 130 0 0
124 130 0 0
125 130 0 0
126 130 0 0
127 130 0 0
128 130 0 0
129 130 0 0
109 131 0 0
123 131 0 0
124 131 0 0
125 131 0 0
128 131 0 0
129 131 0 0
99 132 0 0
109 132 0 0
110 132 0 0
123 132 0 0
124 132 0 0
125 132 0 0
128 132 0 0
129 132 0 0
131 132 0 0
99 133 0 0
103 133 0 0
109 133 0 0
110 133 0 0
123 133 0 0
124 133 0 0
125 133 0 0
128 133 0 0
129 133 0 0
130 133 0 0
131 133 0 0
132 133 0 0
101 134 0 0
102 134 0 0
105 134 0 0
107 134 0 0
108 134 0 0
111 134 0 0
112 134 0 0
113 134 0 0
114 134 0 0
115 134 0 0
120 134 0 0
121 134 0 0
100 135 0 0
102 135 0 0
106 135 0 0
107 135 0 0
111 135 0 0
112 135 0 0
113 135 0 0
115 135 0 0
121 135 0 0
122 135 0 0
134 135 0 0
103 136 0 0
109 136 0 0
110 136 0 0
123 136 0 0
124 136 0 0
125 136 0 0
126 136 0 0
127 136 0 0
128 136 0 0
129 136 0 0
130 136 0 0
131 136 0 0
132 136 0 0
133 136 0 0
99 137 0 0
103 137 0 0
109 137 0 0
110 137 0 0
123 137 0 0
124 137 0 0
125 137 0 0
128 137 0 0
129 137 0 0
131 137 0 0
132 137 0 0
133 137 0 0
136 137 0 0
91 138 0 0
100 138 0 0
102 138 0 0
104 138 0 0
106 138 0 0
107 138 0 0
111 138 0 0
112 138 0 0
118 138 0 0
119 138 0 0
121 138 0 0
122 138 0 0
126 138 0 0
127 138 0 0
135 138 0 0
99 139 0 0
103 139 0 0
109 139 0 0
110 139 0 0
123 139 0 0
124 139 0 0
125 139 0 0
128 139 0 0
129 139 0 0
130 139 0 0
131 139 0 0
132 139 0 0
133 139 0 0
136 139 0 0
137 139 0 0
100 140 0 0
102 140 0 0
104 140 0 0
106 140 0 0
107 140 0 0
111 140 0 0
112 140 0 0
118 140 0 0
119 140 0 0
121 140 0 0
122 140 0 0
126 140 0 0
127 140 0 0
135 140 0 0
138 140 0 0
90 141 0 0
98 141 0 0
100 141 0 0
101 141 0 0
102 141 0 0
105 141 0 0
107 141 0 0
108 141 0 0
111 141 0 0
112 141 0 0
113 141 0 0
114 141 0 0
115 141 0 0
117 141 0 0
119 141 0 0
120 141 0 0
121 141 0 0
134 141 0 0
135 141 0 0
89 142 0 0
90 142 0 0
98 142 0 0
101 142 0 0
102 142 0 0
105 142 0 0
107 142 0 0
108 142 0 0
111 142 0 0
112 142 0 0
113 142 0 0
114 142 0 0
115 142 0 0
116 142 0 0
117 142 0 0
120 142 0 0
134 142 0 0
135 142 0 0
141 142 0 0
89 143 0 0
98 143 0 0
101 143 0 0
105 143 0 0
108 143 0 0
113 143 0 0
114 143 0 0
115 143 0 0
116 143 0 0
117 143 0 0
120 143 0 0
134 143 0 0
141 143 0 0
142 143 0 0
90 144 0 0
98 144 0 0
100 144 0 0
101 144 0 0
102 144 0 0
105 144 0 0
107 144 0 0
108 144 0 0
111 144 0 0
112 144 0 0
113 144 0 0
114 144 0 0
115 144 0 0
117 144 0 0
120 144 0 0
121 144 0 0
134 144 0 0
135 144 0 0
141 144 0 0
142 144 0 0
143 144 0 0
98 145 0 0
100 145 0 0
101 145 0 0
102 145 0 0
106 145 0 0
107 145 0 0
108 145 0 0
111 145 0 0
112 145 0 0
113 145 0 0
114 145 0 0
115 145 0 0
119 145 0 0
120 145 0 0
121 145 0 0
134 145 0 0
135 145 0 0
138 145 0 0
140 145 0 0
141 145 0 0
142 145 0 0
144 145 0 0
100 146 0 0
102 146 0 0
106 146 0 0
107 146 0 0
111 146 0 0
112 146 0 0
113 146 0 0
114 146 0 0
115 146 0 0
119 146 0 0
121 146 0 0
122 146 0 0
134 146 0 0
135 146 0 0
138 146 0 0
140 146 0 0
141 146 0 0
142 146 0 0
144 146 0 0
145 146 0 0
46 147 0 0
48 147 0 0
49 147 0 0
51 147 0 0
53 147 0 0
55 147 0 0
56 147 0 0
58 147 0 0
61 147 0 0
63 147 0 0
64 147 0 0
67 147 0 0
70 147 0 0
71 147 0 0
73 147 0 0
75 147 0 0
77 147 0 0
78 147 0 0
79 147 0 0
83 147 0 0
86 147 0 0
87 147 0 0
91 147 0 0
93 147 0 0
94 147 0 0
95 147 0 0
96 147 0 0
97 147 0 0
50 148 0 0
52 148 0 0
54 148 0 0
57 148 0 0
59 148 0 0
60 148 0 0
62 148 0 0
66 148 0 0
68 148 0 0
69 148 0 0
70 148 0 0
72 148 0 0
74 148 0 0
76 148 0 0
77 148 0 0
78 148 0 0
80 148 0 0
85 148 0 0
1 149 0 0
31 149 0 0
46 149 0 0
50 149 0 0
51 149 0 0
52 149 0 0
53 149 0 0
54 149 0 0
56 149 0 0
57 149 0 0
58 149 0 0
59 149 0 0
60 149 0 0
62 149 0 0
63 149 0 0
66 149 0 0
67 149 0 0
68 149 0 0
69 149 0 0
70 149 0 0
71 149 0 0
72 149 0 0
73 149 0 0
74 149 0 0
75 149 0 0
76 149 0 0
77 149 0 0
78 149 0 0
79 149 0 0
80 149 0 0
85 149 0 0
96 149 0 0
148 149 0 0
50 150 0 0
54 150 0 0
57 150 0 0
59 150 0 0
60 150 0 0
66 150 0 0
68 150 0 0
69 150 0 0
72 150 0 0
74 150 0 0
76 150 0 0
85 150 0 0
88 150 0 0
148 150 0 0
149 150 0 0
46 151 0 0
48 151 0 0
49 151 0 0
51 151 0 0
52 151 0 0
53 151 0 0
54 151 0 0
55 151 0 0
56 151 0 0
57 151 0 0
58 151 0 0
61 151 0 0
62 151 0 0
63 151 0 0
64 151 0 0
67 151 0 0
70 151 0 0
71 151 0 0
72 151 0 0
73 151 0 0
75 151 0 0
76 151 0 0
77 151 0 0
78 151 0 0
79 151 0 0
80 151 0 0
83 151 0 0
91 151 0 0
92 151 0 0
94 151 0 0
96 151 0 0
147 151 0 0
149 151 0 0
46 152 0 0
48 152 0 0
49 152 0 0
51 152 0 0
52 152 0 0
53 152 0 0
55 152 0 0
56 152 0 0
58 152 0 0
61 152 0 0
63 152 0 0
64 152 0 0
67 152 0 0
70 152 0 0
71 152 0 0
73 152 0 0
75 152 0 0
77 152 0 0
78 152 0 0
79 152 0 0
80 152 0 0
83 152 0 0
87 152 0 0
91 152 0 0
92 152 0 0
94 152 0 0
95 152 0 0
96 152 0 0
97 152 0 0
118 152 0 0
147 152 0 0
149 152 0 0
151 152 0 0
45 153 0 0
48 153 0 0
49 153 0 0
55 153 0 0
61 153 0 0
64 153 0 0
65 153 0 0
71 153 0 0
82 153 0 0
83 153 0 0
86 153 0 0
87 153 0 0
93 153 0 0
94 153 0 0
95 153 0 0
97 153 0 0
147 153 0 0
152 153 0 0
45 154 0 0
47 154 0 0
65 154 0 0
81 154 0 0
82 154 0 0
84 154 0 0
89 154 0 0
90 154 0 0
117 154 0 0
153 154 0 0
47 155 0 0
81 155 0 0
82 155 0 0
84 155 0 0
89 155 0 0
116 155 0 0
117 155 0 0
154 155 0 0
2 156 0 0
12 156 0 0
13 156 0 0
16 156 0 0
20 156 0 0
27 156 0 0
28 156 0 0
32 156 0 0
35 156 0 0
36 156 0 0
45 156 0 0
47 156 0 0
65 156 0 0
154 156 0 0
155 156 0 0
1 157 0 0
7 157 0 0
10 157 0 0
11 157 0 0
19 157 0 0
26 157 0 0
29 157 0 0
31 157 0 0
33 157 0 0
41 157 0 0
44 157 0 0
50 157 0 0
59 157 0 0
60 157 0 0
66 157 0 0
68 157 0 0
69 157 0 0
74 157 0 0
150 157 0 0
12 158 0 0
13 158 0 0
14 158 0 0
15 158 0 0
16 158 0 0
17 158 0 0
20 158 0 0
23 158 0 0
24 158 0 0
27 158 0 0
28 158 0 0
32 158 0 0
35 158 0 0
36 158 0 0
37 158 0 0
40 158 0 0
43 158 0 0
45 158 0 0
47 158 0 0
55 158 0 0
64 158 0 0
65 158 0 0
156 158 0 0
1 159 0 0
8 159 0 0
9 159 0 0
14 159 0 0
15 159 0 0
17 159 0 0
18 159 0 0
21 159 0 0
22 159 0 0
23 159 0 0
24 159 0 0
25 159 0 0
30 159 0 0
34 159 0 0
36 159 0 0
37 159 0 0
38 159 0 0
39 159 0 0
40 159 0 0
42 159 0 0
43 159 0 0
46 159 0 0
48 159 0 0
49 159 0 0
51 159 0 0
53 159 0 0
55 159 0 0
56 159 0 0
58 159 0 0
61 159 0 0
63 159 0 0
64 159 0 0
65 159 0 0
67 159 0 0
71 159 0 0
73 159 0 0
75 159 0 0
147 159 0 0
151 159 0 0
158 159 0 0
1 160 0 0
5 160 0 0
8 160 0 0
9 160 0 0
18 160 0 0
21 160 0 0
22 160 0 0
23 160 0 0
24 160 0 0
25 160 0 0
30 160 0 0
34 160 0 0
37 160 0 0
38 160 0 0
39 160 0 0
40 160 0 0
42 160 0 0
43 160 0 0
46 160 0 0
48 160 0 0
49 160 0 0
51 160 0 0
52 160 0 0
53 160 0 0
55 160 0 0
56 160 0 0
58 160 0 0
61 160 0 0
62 160 0 0
63 160 0 0
64 160 0 0
67 160 0 0
70 160 0 0
71 160 0 0
73 160 0 0
75 160 0 0
151 160 0 0
159 160 0 0
1 161 0 0
7 161 0 0
10 161 0 0
11 161 0 0
19 161 0 0
26 161 0 0
29 161 0 0
31 161 0 0
33 161 0 0
41 161 0 0
44 161 0 0
50 161 0 0
54 161 0 0
57 161 0 0
59 161 0 0
60 161 0 0
66 161 0 0
68 161 0 0
69 161 0 0
74 161 0 0
150 161 0 0
157 161 0 0
4 162 0 0
12 162 0 0
13 162 0 0
14 162 0 0
15 162 0 0
16 162 0 0
17 162 0 0
20 162 0 0
23 162 0 0
24 162 0 0
25 162 0 0
27 162 0 0
28 162 0 0
30 162 0 0
32 162 0 0
35 162 0 0
36 162 0 0
37 162 0 0
39 162 0 0
40 162 0 0
42 162 0 0
43 162 0 0
45 162 0 0
49 162 0 0
55 162 0 0
61 162 0 0
64 162 0 0
65 162 0 0
156 162 0 0
158 162 0 0
159 162 0 0
1 163 0 0
6 163 0 0
7 163 0 0
10 163 0 0
11 163 0 0
19 163 0 0
26 163 0 0
29 163 0 0
31 163 0 0
33 163 0 0
34 163 0 0
41 163 0 0
44 163 0 0
46 163 0 0
50 163 0 0
52 163 0 0
53 163 0 0
54 163 0 0
56 163 0 0
57 163 0 0
59 163 0 0
60 163 0 0
62 163 0 0
63 163 0 0
66 163 0 0
67 163 0 0
68 163 0 0
69 163 0 0
70 163 0 0
72 163 0 0
74 163 0 0
76 163 0 0
148 163 0 0
149 163 0 0
157 163 0 0
161 163 0 0
1 164 0 0
26 164 0 0
31 164 0 0
34 164 0 0
38 164 0 0
41 164 0 0
44 164 0 0
46 164 0 0
50 164 0 0
51 164 0 0
52 164 0 0
53 164 0 0
54 164 0 0
56 164 0 0
57 164 0 0
58 164 0 0
59 164 0 0
60 164 0 0
62 164 0 0
63 164 0 0
67 164 0 0
68 164 0 0
70 164 0 0
72 164 0 0
74 164 0 0
75 164 0 0
76 164 0 0
149 164 0 0
160 164 0 0
163 164 0 0
1 165 0 0
31 165 0 0
34 165 0 0
38 165 0 0
39 165 0 0
41 165 0 0
44 165 0 0
46 165 0 0
51 165 0 0
52 165 0 0
53 165 0 0
54 165 0 0
56 165 0 0
57 165 0 0
58 165 0 0
59 165 0 0
60 165 0 0
61 165 0 0
62 165 0 0
63 165 0 0
67 165 0 0
68 165 0 0
70 165 0 0
73 165 0 0
75 165 0 0
76 165 0 0
149 165 0 0
160 165 0 0
163 165 0 0
164 165 0 0
1 166 0 0
8 166 0 0
9 166 0 0
14 166 0 0
15 166 0 0
16 166 0 0
17 166 0 0
18 166 0 0
21 166 0 0
22 166 0 0
23 166 0 0
24 166 0 0
25 166 0 0
30 166 0 0
34 166 0 0
36 166 0 0
37 166 0 0
38 166 0 0
39 166 0 0
40 166 0 0
42 166 0 0
43 166 0 0
46 166 0 0
48 166 0 0
49 166 0 0
51 166 0 0
55 166 0 0
56 166 0 0
58 166 0 0
61 166 0 0
64 166 0 0
65 166 0 0
71 166 0 0
73 166 0 0
158 166 0 0
159 166 0 0
160 166 0 0
162 166 0 0
1 167 0 0
5 167 0 0
8 167 0 0
9 167 0 0
14 167 0 0
15 167 0 0
17 167 0 0
18 167 0 0
21 167 0 0
22 167 0 0
23 167 0 0
24 167 0 0
25 167 0 0
30 167 0 0
34 167 0 0
36 167 0 0
37 167 0 0
38 167 0 0
39 167 0 0
40 167 0 0
42 167 0 0
43 167 0 0
46 167 0 0
48 167 0 0
49 167 0 0
51 167 0 0
53 167 0 0
55 167 0 0
56 167 0 0
58 167 0 0
61 167 0 0
63 167 0 0
64 167 0 0
67 167 0 0
71 167 0 0
73 167 0 0
75 167 0 0
159 167 0 0
160 167 0 0
162 167 0 0
165 167 0 0
166 167 0 0
1 168 0 0
6 168 0 0
7 168 0 0
10 168 0 0
11 168 0 0
19 168 0 0
26 168 0 0
29 168 0 0
31 168 0 0
33 168 0 0
41 168 0 0
44 168 0 0
50 168 0 0
54 168 0 0
57 168 0 0
59 168 0 0
60 168 0 0
66 168 0 0
68 168 0 0
69 168 0 0
74 168 0 0
76 168 0 0
157 168 0 0
161 168 0 0
163 168 0 0
164 168 0 0
1 169 0 0
8 169 0 0
9 169 0 0
14 169 0 0
15 169 0 0
16 169 0 0
17 169 0 0
18 169 0 0
21 169 0 0
22 169 0 0
23 169 0 0
24 169 0 0
25 169 0 0
28 169 0 0
30 169 0 0
34 169 0 0
35 169 0 0
36 169 0 0
37 169 0 0
38 169 0 0
39 169 0 0
40 169 0 0
42 169 0 0
43 169 0 0
45 169 0 0
48 169 0 0
49 169 0 0
55 169 0 0
58 169 0 0
61 169 0 0
64 169 0 0
65 169 0 0
71 169 0 0
158 169 0 0
159 169 0 0
160 169 0 0
162 169 0 0
166 169 0 0
167 169 0 0
1 170 0 0
5 170 0 0
8 170 0 0
9 170 0 0
14 170 0 0
17 170 0 0
18 170 0 0
21 170 0 0
22 170 0 0
23 170 0 0
24 170 0 0
25 170 0 0
30 170 0 0
31 170 0 0
34 170 0 0
36 170 0 0
37 170 0 0
38 170 0 0
39 170 0 0
40 170 0 0
41 170 0 0
42 170 0 0
43 170 0 0
46 170 0 0
48 170 0 0
49 170 0 0
51 170 0 0
52 170 0 0
53 170 0 0
54 170 0 0
55 170 0 0
56 170 0 0
57 170 0 0
58 170 0 0
59 170 0 0
60 170 0 0
61 170 0 0
62 170 0 0
63 170 0 0
64 170 0 0
67 170 0 0
70 170 0 0
71 170 0 0
73 170 0 0
75 170 0 0
76 170 0 0
147 170 0 0
149 170 0 0
151 170 0 0
159 170 0 0
160 170 0 0
162 170 0 0
163 170 0 0
164 170 0 0
165 170 0 0
166 170 0 0
167 170 0 0
169 170 0 0
1 171 0 0
6 171 0 0
7 171 0 0
10 171 0 0
11 171 0 0
19 171 0 0
26 171 0 0
29 171 0 0
31 171 0 0
33 171 0 0
41 171 0 0
44 171 0 0
50 171 0 0
52 171 0 0
54 171 0 0
57 171 0 0
59 171 0 0
60 171 0 0
62 171 0 0
66 171 0 0
68 171 0 0
69 171 0 0
70 171 0 0
72 171 0 0
74 171 0 0
76 171 0 0
149 171 0 0
150 171 0 0
157 171 0 0
161 171 0 0
163 171 0 0
164 171 0 0
165 171 0 0
168 171 0 0
1 172 0 0
7 172 0 0
10 172 0 0
11 172 0 0
19 172 0 0
26 172 0 0
29 172 0 0
31 172 0 0
33 172 0 0
41 172 0 0
44 172 0 0
50 172 0 0
54 172 0 0
57 172 0 0
59 172 0 0
60 172 0 0
66 172 0 0
68 172 0 0
69 172 0 0
72 172 0 0
74 172 0 0
76 172 0 0
148 172 0 0
149 172 0 0
150 172 0 0
157 172 0 0
161 172 0 0
163 172 0 0
164 172 0 0
168 172 0 0
171 172 0 0
13 173 0 0
14 173 0 0
15 173 0 0
16 173 0 0
17 173 0 0
23 173 0 0
24 173 0 0
25 173 0 0
28 173 0 0
30 173 0 0
35 173 0 0
36 173 0 0
37 173 0 0
39 173 0 0
40 173 0 0
42 173 0 0
43 173 0 0
45 173 0 0
49 173 0 0
55 173 0 0
61 173 0 0
64 173 0 0
65 173 0 0
153 173 0 0
158 173 0 0
159 173 0 0
162 173 0 0
166 173 0 0
167 173 0 0
169 173 0 0
1 174 0 0
30 174 0 0
31 174 0 0
34 174 0 0
38 174 0 0
39 174 0 0
41 174 0 0
42 174 0 0
46 174 0 0
48 174 0 0
51 174 0 0
52 174 0 0
53 174 0 0
54 174 0 0
56 174 0 0
57 174 0 0
58 174 0 0
59 174 0 0
60 174 0 0
61 174 0 0
62 174 0 0
63 174 0 0
67 174 0 0
70 174 0 0
71 174 0 0
72 174 0 0
73 174 0 0
75 174 0 0
76 174 0 0
149 174 0 0
151 174 0 0
159 174 0 0
160 174 0 0
163 174 0 0
164 174 0 0
165 174 0 0
167 174 0 0
170 174 0 0
1 175 0 0
26 175 0 0
31 175 0 0
34 175 0 0
38 175 0 0
41 175 0 0
44 175 0 0
46 175 0 0
50 175 0 0
51 175 0 0
52 175 0 0
53 175 0 0
54 175 0 0
56 175 0 0
57 175 0 0
58 175 0 0
59 175 0 0
60 175 0 0
62 175 0 0
63 175 0 0
67 175 0 0
68 175 0 0
70 175 0 0
72 175 0 0
73 175 0 0
74 175 0 0
75 175 0 0
76 175 0 0
148 175 0 0
149 175 0 0
151 175 0 0
160 175 0 0
163 175 0 0
164 175 0 0
165 175 0 0
168 175 0 0
170 175 0 0
171 175 0 0
172 175 0 0
174 175 0 0
3 176 0 1
12 176 0 1
13 176 0 1
14 176 0 1
16 176 0 1
20 176 0 1
27 176 0 1
28 176 0 1
32 176 0 1
35 176 0 1
36 176 0 1
43 176 0 1
45 176 0 1
47 176 0 1
49 176 0 1
55 176 0 1
64 176 0 1
65 176 0 1
81 176 0 1
82 176 0 1
84 176 0 1
95 176 0 1
153 176 0 1
154 176 0 1
155 176 0 1
156 176 0 1
158 176 0 1
162 176 0 1
169 176 0 1
173 176 0 1
91 177 0 1
92 177 0 1
103 177 0 1
104 177 0 1
109 177 0 1
110 177 0 1
118 177 0 1
123 177 0 1
124 177 0 1
126 177 0 1
127 177 0 1
128 177 0 1
130 177 0 1
136 177 0 1
138 177 0 1
139 177 0 1
140 177 0 1
1 178 0 1
6 178 0 1
7 178 0 1
10 178 0 1
11 178 0 1
19 178 0 1
26 178 0 1
29 178 0 1
31 178 0 1
33 178 0 1
41 178 0 1
44 178 0 1
163 178 0 1
168 178 0 1
171 178 0 1
1 179 0 1
4 179 0 1
5 179 0 1
8 179 0 1
9 179 0 1
14 179 0 1
15 179 0 1
16 179 0 1
17 179 0 1
18 179 0 1
21 179 0 1
22 179 0 1
23 179 0 1
24 179 0 1
25 179 0 1
30 179 0 1
34 179 0 1
36 179 0 1
37 179 0 1
38 179 0 1
39 179 0 1
40 179 0 1
42 179 0 1
43 179 0 1
159 179 0 1
162 179 0 1
166 179 0 1
167 179 0 1
169 179 0 1
170 179 0 1
1 180 0 1
6 180 0 1
7 180 0 1
10 180 0 1
11 180 0 1
19 180 0 1
26 180 0 1
31 180 0 1
33 180 0 1
41 180 0 1
44 180 0 1
163 180 0 1
164 180 0 1
168 180 0 1
1 181 0 1
5 181 0 1
6 181 0 1
7 181 0 1
8 181 0 1
11 181 0 1
19 181 0 1
26 181 0 1
31 181 0 1
34 181 0 1
41 181 0 1
44 181 0 1
163 181 0 1
164 181 0 1
165 181 0 1
170 181 0 1
1 182 0 1
5 182 0 1
8 182 0 1
9 182 0 1
14 182 0 1
15 182 0 1
16 182 0 1
17 182 0 1
18 182 0 1
21 182 0 1
22 182 0 1
23 182 0 1
24 182 0 1
25 182 0 1
30 182 0 1
34 182 0 1
36 182 0 1
37 182 0 1
38 182 0 1
39 182 0 1
40 182 0 1
42 182 0 1
43 182 0 1
159 182 0 1
160 182 0 1
166 182 0 1
167 182 0 1
169 182 0 1
170 182 0 1
1 183 0 1
6 183 0 1
7 183 0 1
10 183 0 1
11 183 0 1
19 183 0 1
26 183 0 1
29 183 0 1
31 183 0 1
33 183 0 1
41 183 0 1
44 183 0 1
161 183 0 1
163 183 0 1
164 183 0 1
168 183 0 1
171 183 0 1
1 184 0 1
5 184 0 1
6 184 0 1
7 184 0 1
11 184 0 1
19 184 0 1
26 184 0 1
31 184 0 1
34 184 0 1
41 184 0 1
44 184 0 1
163 184 0 1
164 184 0 1
165 184 0 1
168 184 0 1
170 184 0 1
171 184 0 1
175 184 0 1
1 185 0 1
5 185 0 1
8 185 0 1
9 185 0 1
18 185 0 1
21 185 0 1
22 185 0 1
25 185 0 1
30 185 0 1
31 185 0 1
34 185 0 1
38 185 0 1
39 185 0 1
40 185 0 1
41 185 0 1
42 185 0 1
46 185 0 1
56 185 0 1
57 185 0 1
58 185 0 1
60 185 0 1
61 185 0 1
62 185 0 1
63 185 0 1
67 185 0 1
70 185 0 1
159 185 0 1
160 185 0 1
163 185 0 1
164 185 0 1
165 185 0 1
167 185 0 1
170 185 0 1
174 185 0 1
175 185 0 1
1 186 0 1
6 186 0 1
7 186 0 1
10 186 0 1
11 186 0 1
19 186 0 1
26 186 0 1
29 186 0 1
31 186 0 1
33 186 0 1
41 186 0 1
44 186 0 1
59 186 0 1
60 186 0 1
66 186 0 1
68 186 0 1
69 186 0 1
157 186 0 1
161 186 0 1
163 186 0 1
164 186 0 1
168 186 0 1
171 186 0 1
172 186 0 1
2 187 0 1
3 187 0 1
4 187 0 1
12 187 0 1
13 187 0 1
16 187 0 1
20 187 0 1
27 187 0 1
28 187 0 1
32 187 0 1
35 187 0 1
36 187 0 1
45 187 0 1
47 187 0 1
65 187 0 1
156 187 0 1
158 187 0 1
162 187 0 1
173 187 0 1
2 188 0 1
3 188 0 1
4 188 0 1
12 188 0 1
13 188 0 1
16 188 0 1
20 188 0 1
27 188 0 1
28 188 0 1
32 188 0 1
35 188 0 1
36 188 0 1
45 188 0 1
47 188 0 1
156 188 0 1
158 188 0 1
162 188 0 1
1 189 0 1
7 189 0 1
10 189 0 1
11 189 0 1
19 189 0 1
26 189 0 1
29 189 0 1
31 189 0 1
33 189 0 1
41 189 0 1
44 189 0 1
50 189 0 1
54 189 0 1
57 189 0 1
59 189 0 1
60 189 0 1
66 189 0 1
68 189 0 1
69 189 0 1
72 189 0 1
74 189 0 1
76 189 0 1
150 189 0 1
157 189 0 1
161 189 0 1
163 189 0 1
168 189 0 1
171 189 0 1
172 189 0 1
2 190 0 1
3 190 0 1
4 190 0 1
12 190 0 1
13 190 0 1
16 190 0 1
20 190 0 1
27 190 0 1
28 190 0 1
32 190 0 1
35 190 0 1
36 190 0 1
45 190 0 1
47 190 0 1
65 190 0 1
156 190 0 1
158 190 0 1
162 190 0 1
1 191 0 1
31 191 0 1
34 191 0 1
38 191 0 1
39 191 0 1
41 191 0 1
44 191 0 1
46 191 0 1
51 191 0 1
52 191 0 1
53 191 0 1
54 191 0 1
56 191 0 1
57 191 0 1
58 191 0 1
59 191 0 1
60 191 0 1
61 191 0 1
62 191 0 1
63 191 0 1
67 191 0 1
68 191 0 1
70 191 0 1
72 191 0 1
73 191 0 1
74 191 0 1
75 191 0 1
76 191 0 1
149 191 0 1
151 191 0 1
160 191 0 1
163 191 0 1
164 191 0 1
165 191 0 1
167 191 0 1
170 191 0 1
171 191 0 1
174 191 0 1
175 191 0 1
1 192 0 1
11 192 0 1
19 192 0 1
26 192 0 1
31 192 0 1
33 192 0 1
34 192 0 1
41 192 0 1
44 192 0 1
46 192 0 1
50 192 0 1
52 192 0 1
53 192 0 1
54 192 0 1
56 192 0 1
57 192 0 1
58 192 0 1
59 192 0 1
60 192 0 1
62 192 0 1
63 192 0 1
66 192 0 1
67 192 0 1
68 192 0 1
69 192 0 1
70 192 0 1
72 192 0 1
74 192 0 1
75 192 0 1
76 192 0 1
148 192 0 1
149 192 0 1
157 192 0 1
161 192 0 1
163 192 0 1
164 192 0 1
165 192 0 1
168 192 0 1
170 192 0 1
171 192 0 1
172 192 0 1
174 192 0 1
175 192 0 1
1 193 0 1
14 193 0 1
15 193 0 1
16 193 0 1
17 193 0 1
23 193 0 1
24 193 0 1
25 193 0 1
28 193 0 1
30 193 0 1
35 193 0 1
36 193 0 1
37 193 0 1
39 193 0 1
40 193 0 1
42 193 0 1
43 193 0 1
45 193 0 1
48 193 0 1
49 193 0 1
55 193 0 1
61 193 0 1
64 193 0 1
65 193 0 1
71 193 0 1
153 193 0 1
158 193 0 1
159 193 0 1
160 193 0 1
162 193 0 1
166 193 0 1
167 193 0 1
169 193 0 1
170 193 0 1
173 193 0 1
1 194 0 1
29 194 0 1
31 194 0 1
33 194 0 1
41 194 0 1
44 194 0 1
50 194 0 1
52 194 0 1
54 194 0 1
57 194 0 1
59 194 0 1
60 194 0 1
62 194 0 1
66 194 0 1
67 194 0 1
68 194 0 1
69 194 0 1
70 194 0 1
72 194 0 1
74 194 0 1
76 194 0 1
148 194 0 1
149 194 0 1
150 194 0 1
157 194 0 1
161 194 0 1
163 194 0 1
164 194 0 1
165 194 0 1
168 194 0 1
171 194 0 1
172 194 0 1
175 194 0 1
12 195 0 1
27 195 0 1
28 195 0 1
32 195 0 1
35 195 0 1
36 195 0 1
45 195 0 1
47 195 0 1
65 195 0 1
81 195 0 1
82 195 0 1
84 195 0 1
154 195 0 1
155 195 0 1
156 195 0 1
158 195 0 1
162 195 0 1
1 196 0 1
30 196 0 1
31 196 0 1
34 196 0 1
38 196 0 1
39 196 0 1
42 196 0 1
46 196 0 1
48 196 0 1
49 196 0 1
51 196 0 1
52 196 0 1
53 196 0 1
54 196 0 1
55 196 0 1
56 196 0 1
57 196 0 1
58 196 0 1
59 196 0 1
60 196 0 1
61 196 0 1
62 196 0 1
63 196 0 1
67 196 0 1
70 196 0 1
71 196 0 1
72 196 0 1
73 196 0 1
75 196 0 1
76 196 0 1
77 196 0 1
78 196 0 1
79 196 0 1
80 196 0 1
83 196 0 1
147 196 0 1
149 196 0 1
151 196 0 1
152 196 0 1
159 196 0 1
160 196 0 1
163 196 0 1
164 196 0 1
165 196 0 1
167 196 0 1
170 196 0 1
174 196 0 1
175 196 0 1
1 197 0 1
30 197 0 1
34 197 0 1
38 197 0 1
39 197 0 1
40 197 0 1
42 197 0 1
46 197 0 1
48 197 0 1
49 197 0 1
51 197 0 1
52 197 0 1
53 197 0 1
55 197 0 1
56 197 0 1
57 197 0 1
58 197 0 1
61 197 0 1
62 197 0 1
63 197 0 1
64 197 0 1
67 197 0 1
70 197 0 1
71 197 0 1
73 197 0 1
75 197 0 1
77 197 0 1
78 197 0 1
79 197 0 1
83 197 0 1
147 197 0 1
149 197 0 1
151 197 0 1
152 197 0 1
159 197 0 1
160 197 0 1
164 197 0 1
165 197 0 1
166 197 0 1
167 197 0 1
169 197 0 1
170 197 0 1
174 197 0 1
175 197 0 1
14 198 0 1
28 198 0 1
30 198 0 1
36 198 0 1
37 198 0 1
40 198 0 1
42 198 0 1
43 198 0 1
45 198 0 1
48 198 0 1
49 198 0 1
55 198 0 1
61 198 0 1
64 198 0 1
65 198 0 1
71 198 0 1
82 198 0 1
83 198 0 1
95 198 0 1
147 198 0 1
153 198 0 1
154 198 0 1
158 198 0 1
159 198 0 1
162 198 0 1
166 198 0 1
167 198 0 1
169 198 0 1
173 198 0 1
28 199 0 1
35 199 0 1
36 199 0 1
43 199 0 1
45 199 0 1
47 199 0 1
49 199 0 1
55 199 0 1
64 199 0 1
65 199 0 1
82 199 0 1
153 199 0 1
154 199 0 1
156 199 0 1
158 199 0 1
162 199 0 1
169 199 0 1
173 199 0 1
27 200 0 1
28 200 0 1
35 200 0 1
36 200 0 1
45 200 0 1
47 200 0 1
65 200 0 1
81 200 0 1
82 200 0 1
84 200 0 1
154 200 0 1
155 200 0 1
156 200 0 1
158 200 0 1
162 200 0 1
173 200 0 1
30 201 0 1
36 201 0 1
37 201 0 1
40 201 0 1
42 201 0 1
43 201 0 1
45 201 0 1
48 201 0 1
49 201 0 1
51 201 0 1
55 201 0 1
58 201 0 1
61 201 0 1
64 201 0 1
65 201 0 1
71 201 0 1
73 201 0 1
83 201 0 1
95 201 0 1
147 201 0 1
152 201 0 1
153 201 0 1
158 201 0 1
159 201 0 1
160 201 0 1
162 201 0 1
166 201 0 1
167 201 0 1
169 201 0 1
170 201 0 1
173 201 0 1
12 202 0 1
13 202 0 1
16 202 0 1
20 202 0 1
27 202 0 1
28 202 0 1
32 202 0 1
35 202 0 1
36 202 0 1
45 202 0 1
47 202 0 1
65 202 0 1
154 202 0 1
155 202 0 1
156 202 0 1
158 202 0 1
162 202 0 1
173 202 0 1
1 203 0 1
18 203 0 1
21 203 0 1
22 203 0 1
23 203 0 1
24 203 0 1
25 203 0 1
30 203 0 1
34 203 0 1
36 203 0 1
37 203 0 1
38 203 0 1
39 203 0 1
40 203 0 1
42 203 0 1
43 203 0 1
46 203 0 1
48 203 0 1
49 203 0 1
51 203 0 1
53 203 0 1
55 203 0 1
56 203 0 1
58 203 0 1
61 203 0 1
62 203 0 1
63 203 0 1
64 203 0 1
67 203 0 1
70 203 0 1
71 203 0 1
73 203 0 1
75 203 0 1
83 203 0 1
147 203 0 1
151 203 0 1
152 203 0 1
159 203 0 1
160 203 0 1
162 203 0 1
165 203 0 1
166 203 0 1
167 203 0 1
169 203 0 1
170 203 0 1
173 203 0 1
174 203 0 1
12 204 0 1
13 204 0 1
14 204 0 1
16 204 0 1
20 204 0 1
27 204 0 1
28 204 0 1
32 204 0 1
35 204 0 1
36 204 0 1
37 204 0 1
43 204 0 1
45 204 0 1
47 204 0 1
64 204 0 1
65 204 0 1
153 204 0 1
154 204 0 1
156 204 0 1
158 204 0 1
162 204 0 1
169 204 0 1
173 204 0 1
13 205 0 1
14 205 0 1
16 205 0 1
27 205 0 1
28 205 0 1
35 205 0 1
36 205 0 1
37 205 0 1
40 205 0 1
43 205 0 1
45 205 0 1
47 205 0 1
49 205 0 1
55 205 0 1
64 205 0 1
65 205 0 1
153 205 0 1
154 205 0 1
156 205 0 1
158 205 0 1
162 205 0 1
166 205 0 1
169 205 0 1
173 205 0 1
1 206 0 1
22 206 0 1
24 206 0 1
25 206 0 1
30 206 0 1
34 206 0 1
37 206 0 1
38 206 0 1
39 206 0 1
40 206 0 1
42 206 0 1
43 206 0 1
46 206 0 1
48 206 0 1
49 206 0 1
51 206 0 1
52 206 0 1
53 206 0 1
55 206 0 1
56 206 0 1
58 206 0 1
61 206 0 1
62 206 0 1
63 206 0 1
64 206 0 1
67 206 0 1
70 206 0 1
71 206 0 1
73 206 0 1
75 206 0 1
83 206 0 1
147 206 0 1
151 206 0 1
152 206 0 1
159 206 0 1
160 206 0 1
165 206 0 1
166 206 0 1
167 206 0 1
169 206 0 1
170 206 0 1
174 206 0 1
175 206 0 1
1 207 0 1
14 207 0 1
23 207 0 1
24 207 0 1
25 207 0 1
30 207 0 1
36 207 0 1
37 207 0 1
38 207 0 1
39 207 0 1
40 207 0 1
42 207 0 1
43 207 0 1
45 207 0 1
46 207 0 1
48 207 0 1
49 207 0 1
51 207 0 1
55 207 0 1
58 207 0 1
61 207 0 1
64 207 0 1
65 207 0 1
71 207 0 1
73 207 0 1
83 207 0 1
147 207 0 1
152 207 0 1
153 207 0 1
158 207 0 1
159 207 0 1
160 207 0 1
162 207 0 1
166 207 0 1
167 207 0 1
169 207 0 1
170 207 0 1
173 207 0 1
14 208 0 1
16 208 0 1
28 208 0 1
30 208 0 1
35 208 0 1
36 208 0 1
37 208 0 1
40 208 0 1
42 208 0 1
43 208 0 1
45 208 0 1
48 208 0 1
49 208 0 1
55 208 0 1
61 208 0 1
64 208 0 1
65 208 0 1
153 208 0 1
158 208 0 1
159 208 0 1
162 208 0 1
166 208 0 1
167 208 0 1
169 208 0 1
173 208 0 1
14 209 0 1
28 209 0 1
30 209 0 1
35 209 0 1
36 209 0 1
37 209 0 1
40 209 0 1
43 209 0 1
45 209 0 1
47 209 0 1
49 209 0 1
55 209 0 1
61 209 0 1
64 209 0 1
65 209 0 1
82 209 0 1
153 209 0 1
154 209 0 1
158 209 0 1
159 209 0 1
162 209 0 1
166 209 0 1
167 209 0 1
169 209 0 1
173 209 0 1
45 210 0 1
47 210 0 1
65 210 0 1
81 210 0 1
82 210 0 1
84 210 0 1
89 210 0 1
154 210 0 1
155 210 0 1
156 210 0 1
50 211 0 1
52 211 0 1
54 211 0 1
57 211 0 1
59 211 0 1
60 211 0 1
62 211 0 1
66 211 0 1
67 211 0 1
68 211 0 1
69 211 0 1
70 211 0 1
72 211 0 1
74 211 0 1
76 211 0 1
77 211 0 1
78 211 0 1
80 211 0 1
85 211 0 1
148 211 0 1
149 211 0 1
150 211 0 1
163 211 0 1
171 211 0 1
172 211 0 1
175 211 0 1
46 212 0 1
48 212 0 1
51 212 0 1
52 212 0 1
53 212 0 1
54 212 0 1
56 212 0 1
57 212 0 1
58 212 0 1
59 212 0 1
60 212 0 1
61 212 0 1
62 212 0 1
63 212 0 1
67 212 0 1
70 212 0 1
71 212 0 1
72 212 0 1
73 212 0 1
74 212 0 1
75 212 0 1
76 212 0 1
77 212 0 1
78 212 0 1
79 212 0 1
80 212 0 1
83 212 0 1
94 212 0 1
96 212 0 1
147 212 0 1
148 212 0 1
149 212 0 1
151 212 0 1
152 212 0 1
170 212 0 1
174 212 0 1
175 212 0 1
48 213 0 1
49 213 0 1
51 213 0 1
53 213 0 1
55 213 0 1
58 213 0 1
61 213 0 1
64 213 0 1
65 213 0 1
71 213 0 1
73 213 0 1
75 213 0 1
79 213 0 1
83 213 0 1
86 213 0 1
87 213 0 1
91 213 0 1
94 213 0 1
95 213 0 1
96 213 0 1
97 213 0 1
147 213 0 1
151 213 0 1
152 213 0 1
153 213 0 1
159 213 0 1
160 213 0 1
166 213 0 1
169 213 0 1
173 213 0 1
47 214 0 1
65 214 0 1
81 214 0 1
82 214 0 1
84 214 0 1
89 214 0 1
90 214 0 1
116 214 0 1
117 214 0 1
154 214 0 1
155 214 0 1
45 215 0 1
47 215 0 1
65 215 0 1
81 215 0 1
82 215 0 1
84 215 0 1
86 215 0 1
89 215 0 1
90 215 0 1
95 215 0 1
97 215 0 1
117 215 0 1
153 215 0 1
154 215 0 1
155 215 0 1
173 215 0 1
48 216 0 1
49 216 0 1
55 216 0 1
64 216 0 1
65 216 0 1
71 216 0 1
82 216 0 1
83 216 0 1
86 216 0 1
87 216 0 1
90 216 0 1
93 216 0 1
94 216 0 1
95 216 0 1
97 216 0 1
119 216 0 1
147 216 0 1
152 216 0 1
153 216 0 1
154 216 0 1
47 217 0 1
65 217 0 1
81 217 0 1
82 217 0 1
84 217 0 1
89 217 0 1
90 217 0 1
98 217 0 1
116 217 0 1
117 217 0 1
154 217 0 1
155 217 0 1
50 218 0 1
51 218 0 1
52 218 0 1
53 218 0 1
54 218 0 1
56 218 0 1
57 218 0 1
59 218 0 1
60 218 0 1
62 218 0 1
63 218 0 1
67 218 0 1
68 218 0 1
70 218 0 1
72 218 0 1
73 218 0 1
74 218 0 1
75 218 0 1
76 218 0 1
77 218 0 1
78 218 0 1
79 218 0 1
80 218 0 1
92 218 0 1
94 218 0 1
96 218 0 1
118 218 0 1
148 218 0 1
149 218 0 1
151 218 0 1
152 218 0 1
175 218 0 1
48 219 0 1
49 219 0 1
51 219 0 1
53 219 0 1
55 219 0 1
56 219 0 1
58 219 0 1
61 219 0 1
64 219 0 1
67 219 0 1
70 219 0 1
71 219 0 1
73 219 0 1
75 219 0 1
77 219 0 1
78 219 0 1
79 219 0 1
80 219 0 1
83 219 0 1
87 219 0 1
91 219 0 1
92 219 0 1
93 219 0 1
94 219 0 1
95 219 0 1
96 219 0 1
97 219 0 1
118 219 0 1
147 219 0 1
149 219 0 1
151 219 0 1
152 219 0 1
153 219 0 1
48 220 0 1
49 220 0 1
51 220 0 1
52 220 0 1
53 220 0 1
55 220 0 1
56 220 0 1
58 220 0 1
61 220 0 1
63 220 0 1
64 220 0 1
67 220 0 1
70 220 0 1
71 220 0 1
73 220 0 1
75 220 0 1
77 220 0 1
78 220 0 1
79 220 0 1
80 220 0 1
83 220 0 1
87 220 0 1
91 220 0 1
92 220 0 1
94 220 0 1
96 220 0 1
97 220 0 1
118 220 0 1
147 220 0 1
149 220 0 1
151 220 0 1
152 220 0 1
48 221 0 1
51 221 0 1
52 221 0 1
53 221 0 1
54 221 0 1
56 221 0 1
57 221 0 1
58 221 0 1
62 221 0 1
63 221 0 1
67 221 0 1
70 221 0 1
71 221 0 1
72 221 0 1
73 221 0 1
74 221 0 1
75 221 0 1
76 221 0 1
77 221 0 1
78 221 0 1
79 221 0 1
80 221 0 1
83 221 0 1
91 221 0 1
92 221 0 1
94 221 0 1
96 221 0 1
118 221 0 1
147 221 0 1
148 221 0 1
149 221 0 1
151 221 0 1
152 221 0 1
47 222 0 1
65 222 0 1
81 222 0 1
82 222 0 1
84 222 0 1
86 222 0 1
89 222 0 1
90 222 0 1
95 222 0 1
97 222 0 1
116 222 0 1
117 222 0 1
153 222 0 1
154 222 0 1
155 222 0 1
27 223 0 1
28 223 0 1
45 223 0 1
47 223 0 1
65 223 0 1
81 223 0 1
82 223 0 1
84 223 0 1
154 223 0 1
155 223 0 1
156 223 0 1
158 223 0 1
30 224 0 1
36 224 0 1
43 224 0 1
45 224 0 1
48 224 0 1
49 224 0 1
55 224 0 1
61 224 0 1
64 224 0 1
65 224 0 1
71 224 0 1
82 224 0 1
83 224 0 1
95 224 0 1
147 224 0 1
152 224 0 1
153 224 0 1
158 224 0 1
159 224 0 1
162 224 0 1
166 224 0 1
167 224 0 1
169 224 0 1
173 224 0 1
27 225 0 1
28 225 0 1
45 225 0 1
47 225 0 1
65 225 0 1
81 225 0 1
82 225 0 1
84 225 0 1
154 225 0 1
155 225 0 1
156 225 0 1
158 225 0 1
29 226 0 1
33 226 0 1
44 226 0 1
50 226 0 1
54 226 0 1
57 226 0 1
59 226 0 1
60 226 0 1
66 226 0 1
68 226 0 1
69 226 0 1
72 226 0 1
74 226 0 1
76 226 0 1
85 226 0 1
148 226 0 1
149 226 0 1
150 226 0 1
157 226 0 1
161 226 0 1
163 226 0 1
168 226 0 1
171 226 0 1
172 226 0 1
44 227 0 1
50 227 0 1
52 227 0 1
54 227 0 1
57 227 0 1
59 227 0 1
60 227 0 1
62 227 0 1
66 227 0 1
68 227 0 1
69 227 0 1
72 227 0 1
74 227 0 1
76 227 0 1
85 227 0 1
148 227 0 1
149 227 0 1
150 227 0 1
157 227 0 1
161 227 0 1
163 227 0 1
168 227 0 1
171 227 0 1
172 227 0 1
175 227 0 1
1 228 0 1
31 228 0 1
46 228 0 1
48 228 0 1
50 228 0 1
51 228 0 1
52 228 0 1
53 228 0 1
54 228 0 1
56 228 0 1
57 228 0 1
58 228 0 1
59 228 0 1
60 228 0 1
61 228 0 1
62 228 0 1
63 228 0 1
67 228 0 1
68 228 0 1
70 228 0 1
71 228 0 1
72 228 0 1
73 228 0 1
74 228 0 1
75 228 0 1
76 228 0 1
77 228 0 1
78 228 0 1
79 228 0 1
80 228 0 1
96 228 0 1
147 228 0 1
148 228 0 1
149 228 0 1
151 228 0 1
152 228 0 1
160 228 0 1
163 228 0 1
164 228 0 1
165 228 0 1
170 228 0 1
174 228 0 1
175 228 0 1
46 229 0 1
48 229 0 1
51 229 0 1
52 229 0 1
53 229 0 1
54 229 0 1
56 229 0 1
57 229 0 1
58 229 0 1
59 229 0 1
60 229 0 1
61 229 0 1
62 229 0 1
63 229 0 1
67 229 0 1
68 229 0 1
70 229 0 1
71 229 0 1
72 229 0 1
73 229 0 1
74 229 0 1
75 229 0 1
76 229 0 1
77 229 0 1
78 229 0 1
79 229 0 1
80 229 0 1
83 229 0 1
94 229 0 1
96 229 0 1
147 229 0 1
148 229 0 1
149 229 0 1
151 229 0 1
152 229 0 1
160 229 0 1
163 229 0 1
164 229 0 1
165 229 0 1
170 229 0 1
174 229 0 1
175 229 0 1
46 230 0 1
48 230 0 1
49 230 0 1
51 230 0 1
52 230 0 1
53 230 0 1
55 230 0 1
56 230 0 1
58 230 0 1
61 230 0 1
62 230 0 1
63 230 0 1
64 230 0 1
67 230 0 1
70 230 0 1
71 230 0 1
73 230 0 1
75 230 0 1
77 230 0 1
78 230 0 1
79 230 0 1
80 230 0 1
83 230 0 1
87 230 0 1
91 230 0 1
94 230 0 1
95 230 0 1
96 230 0 1
97 230 0 1
147 230 0 1
149 230 0 1
151 230 0 1
152 230 0 1
153 230 0 1
159 230 0 1
160 230 0 1
166 230 0 1
167 230 0 1
170 230 0 1
174 230 0 1
36 231 0 1
45 231 0 1
47 231 0 1
64 231 0 1
65 231 0 1
81 231 0 1
82 231 0 1
84 231 0 1
86 231 0 1
95 231 0 1
153 231 0 1
154 231 0 1
155 231 0 1
156 231 0 1
158 231 0 1
162 231 0 1
173 231 0 1
36 232 0 1
45 232 0 1
47 232 0 1
48 232 0 1
49 232 0 1
55 232 0 1
64 232 0 1
65 232 0 1
71 232 0 1
81 232 0 1
82 232 0 1
83 232 0 1
84 232 0 1
86 232 0 1
87 232 0 1
89 232 0 1
90 232 0 1
93 232 0 1
95 232 0 1
97 232 0 1
117 232 0 1
147 232 0 1
153 232 0 1
154 232 0 1
155 232 0 1
158 232 0 1
159 232 0 1
162 232 0 1
169 232 0 1
173 232 0 1
69 233 0 1
85 233 0 1
88 233 0 1
99 233 0 1
148 233 0 1
150 233 0 1
47 234 0 1
81 234 0 1
82 234 0 1
84 234 0 1
89 234 0 1
90 234 0 1
98 234 0 1
101 234 0 1
116 234 0 1
117 234 0 1
154 234 0 1
155 234 0 1
50 235 0 1
72 235 0 1
74 235 0 1
80 235 0 1
85 235 0 1
88 235 0 1
99 235 0 1
103 235 0 1
109 235 0 1
110 235 0 1
148 235 0 1
149 235 0 1
150 235 0 1
82 236 0 1
83 236 0 1
86 236 0 1
87 236 0 1
90 236 0 1
91 236 0 1
93 236 0 1
94 236 0 1
95 236 0 1
97 236 0 1
100 236 0 1
102 236 0 1
111 236 0 1
112 236 0 1
117 236 0 1
119 236 0 1
147 236 0 1
153 236 0 1
47 237 0 1
81 237 0 1
82 237 0 1
84 237 0 1
89 237 0 1
90 237 0 1
98 237 0 1
101 237 0 1
105 237 0 1
108 237 0 1
114 237 0 1
116 237 0 1
117 237 0 1
143 237 0 1
154 237 0 1
155 237 0 1
85 238 0 1
88 238 0 1
99 238 0 1
103 238 0 1
109 238 0 1
148 238 0 1
150 238 0 1
82 239 0 1
83 239 0 1
84 239 0 1
86 239 0 1
87 239 0 1
89 239 0 1
90 239 0 1
91 239 0 1
93 239 0 1
95 239 0 1
97 239 0 1
98 239 0 1
100 239 0 1
101 239 0 1
102 239 0 1
107 239 0 1
111 239 0 1
112 239 0 1
113 239 0 1
117 239 0 1
119 239 0 1
153 239 0 1
82 240 0 1
83 240 0 1
86 240 0 1
87 240 0 1
90 240 0 1
91 240 0 1
93 240 0 1
94 240 0 1
95 240 0 1
96 240 0 1
97 240 0 1
100 240 0 1
102 240 0 1
106 240 0 1
107 240 0 1
111 240 0 1
112 240 0 1
119 240 0 1
147 240 0 1
152 240 0 1
153 240 0 1
72 241 0 1
76 241 0 1
77 241 0 1
78 241 0 1
79 241 0 1
80 241 0 1
85 241 0 1
92 241 0 1
103 241 0 1
109 241 0 1
110 241 0 1
118 241 0 1
148 241 0 1
149 241 0 1
72 242 0 1
74 242 0 1
77 242 0 1
78 242 0 1
80 242 0 1
85 242 0 1
88 242 0 1
99 242 0 1
103 242 0 1
109 242 0 1
110 242 0 1
148 242 0 1
149 242 0 1
150 242 0 1
71 243 0 1
73 243 0 1
77 243 0 1
78 243 0 1
79 243 0 1
80 243 0 1
83 243 0 1
87 243 0 1
91 243 0 1
92 243 0 1
93 243 0 1
94 243 0 1
96 243 0 1
97 243 0 1
100 243 0 1
104 243 0 1
118 243 0 1
119 243 0 1
147 243 0 1
151 243 0 1
152 243 0 1
47 244 0 1
81 244 0 1
82 244 0 1
84 244 0 1
86 244 0 1
89 244 0 1
90 244 0 1
98 244 0 1
101 244 0 1
108 244 0 1
116 244 0 1
117 244 0 1
154 244 0 1
155 244 0 1
52 245 0 1
53 245 0 1
54 245 0 1
70 245 0 1
72 245 0 1
73 245 0 1
74 245 0 1
75 245 0 1
76 245 0 1
77 245 0 1
78 245 0 1
79 245 0 1
80 245 0 1
91 245 0 1
92 245 0 1
94 245 0 1
96 245 0 1
103 245 0 1
118 245 0 1
148 245 0 1
149 245 0 1
151 245 0 1
152 245 0 1
50 246 0 1
52 246 0 1
54 246 0 1
57 246 0 1
72 246 0 1
74 246 0 1
76 246 0 1
77 246 0 1
78 246 0 1
80 246 0 1
85 246 0 1
92 246 0 1
103 246 0 1
148 246 0 1
149 246 0 1
150 246 0 1
151 246 0 1
50 247 0 1
54 247 0 1
72 247 0 1
74 247 0 1
76 247 0 1
77 247 0 1
78 247 0 1
80 247 0 1
85 247 0 1
88 247 0 1
92 247 0 1
99 247 0 1
103 247 0 1
109 247 0 1
110 247 0 1
148 247 0 1
149 247 0 1
150 247 0 1
71 248 0 1
82 248 0 1
83 248 0 1
86 248 0 1
87 248 0 1
90 248 0 1
91 248 0 1
93 248 0 1
94 248 0 1
95 248 0 1
96 248 0 1
97 248 0 1
100 248 0 1
102 248 0 1
111 248 0 1
119 248 0 1
147 248 0 1
152 248 0 1
153 248 0 1
51 249 0 1
52 249 0 1
53 249 0 1
71 249 0 1
72 249 0 1
73 249 0 1
75 249 0 1
76 249 0 1
77 249 0 1
78 249 0 1
79 249 0 1
80 249 0 1
83 249 0 1
91 249 0 1
92 249 0 1
94 249 0 1
96 249 0 1
104 249 0 1
118 249 0 1
147 249 0 1
149 249 0 1
151 249 0 1
152 249 0 1
81 250 0 1
82 250 0 1
84 250 0 1
86 250 0 1
87 250 0 1
89 250 0 1
90 250 0 1
93 250 0 1
95 250 0 1
97 250 0 1
98 250 0 1
100 250 0 1
101 250 0 1
102 250 0 1
116 250 0 1
117 250 0 1
119 250 0 1
153 250 0 1
154 250 0 1
47 251 0 1
81 251 0 1
82 251 0 1
84 251 0 1
89 251 0 1
90 251 0 1
98 251 0 1
116 251 0 1
117 251 0 1
154 251 0 1
155 251 0 1
50 252 0 1
51 252 0 1
52 252 0 1
53 252 0 1
54 252 0 1
56 252 0 1
57 252 0 1
59 252 0 1
62 252 0 1
67 252 0 1
68 252 0 1
70 252 0 1
72 252 0 1
73 252 0 1
74 252 0 1
75 252 0 1
76 252 0 1
77 252 0 1
78 252 0 1
79 252 0 1
80 252 0 1
85 252 0 1
92 252 0 1
96 252 0 1
118 252 0 1
148 252 0 1
149 252 0 1
151 252 0 1
152 252 0 1
48 253 0 1
49 253 0 1
51 253 0 1
53 253 0 1
55 253 0 1
64 253 0 1
71 253 0 1
73 253 0 1
75 253 0 1
77 253 0 1
79 253 0 1
83 253 0 1
86 253 0 1
87 253 0 1
91 253 0 1
92 253 0 1
93 253 0 1
94 253 0 1
95 253 0 1
96 253 0 1
97 253 0 1
100 253 0 1
118 253 0 1
119 253 0 1
147 253 0 1
151 253 0 1
152 253 0 1
153 253 0 1
47 254 0 1
64 254 0 1
65 254 0 1
81 254 0 1
82 254 0 1
83 254 0 1
84 254 0 1
86 254 0 1
87 254 0 1
89 254 0 1
90 254 0 1
93 254 0 1
95 254 0 1
97 254 0 1
117 254 0 1
119 254 0 1
153 254 0 1
154 254 0 1
47 255 0 1
65 255 0 1
81 255 0 1
82 255 0 1
84 255 0 1
86 255 0 1
87 255 0 1
89 255 0 1
90 255 0 1
93 255 0 1
95 255 0 1
97 255 0 1
98 255 0 1
116 255 0 1
117 255 0 1
119 255 0 1
153 255 0 1
154 255 0 1
155 255 0 1
48 256 0 1
49 256 0 1
55 256 0 1
64 256 0 1
71 256 0 1
73 256 0 1
79 256 0 1
83 256 0 1
86 256 0 1
87 256 0 1
91 256 0 1
93 256 0 1
94 256 0 1
95 256 0 1
96 256 0 1
97 256 0 1
100 256 0 1
118 256 0 1
119 256 0 1
147 256 0 1
151 256 0 1
152 256 0 1
153 256 0 1
47 257 0 1
65 257 0 1
81 257 0 1
82 257 0 1
84 257 0 1
86 257 0 1
87 257 0 1
89 257 0 1
90 257 0 1
93 257 0 1
95 257 0 1
97 257 0 1
98 257 0 1
100 257 0 1
101 257 0 1
102 257 0 1
108 257 0 1
113 257 0 1
114 257 0 1
116 257 0 1
117 257 0 1
119 257 0 1
153 257 0 1
154 257 0 1
155 257 0 1
47 258 0 1
65 258 0 1
81 258 0 1
82 258 0 1
84 258 0 1
86 258 0 1
87 258 0 1
89 258 0 1
90 258 0 1
93 258 0 1
95 258 0 1
97 258 0 1
98 258 0 1
100 258 0 1
101 258 0 1
102 258 0 1
116 258 0 1
117 258 0 1
119 258 0 1
153 258 0 1
154 258 0 1
155 258 0 1
48 259 0 1
49 259 0 1
64 259 0 1
65 259 0 1
71 259 0 1
79 259 0 1
82 259 0 1
83 259 0 1
84 259 0 1
86 259 0 1
87 259 0 1
90 259 0 1
91 259 0 1
93 259 0 1
94 259 0 1
95 259 0 1
96 259 0 1
97 259 0 1
100 259 0 1
102 259 0 1
117 259 0 1
119 259 0 1
147 259 0 1
152 259 0 1
153 259 0 1
154 259 0 1
50 260 0 1
52 260 0 1
53 260 0 1
54 260 0 1
57 260 0 1
59 260 0 1
60 260 0 1
62 260 0 1
66 260 0 1
67 260 0 1
68 260 0 1
69 260 0 1
70 260 0 1
72 260 0 1
74 260 0 1
75 260 0 1
76 260 0 1
77 260 0 1
78 260 0 1
80 260 0 1
85 260 0 1
148 260 0 1
149 260 0 1
150 260 0 1
151 260 0 1
48 261 0 1
49 261 0 1
51 261 0 1
55 261 0 1
61 261 0 1
64 261 0 1
65 261 0 1
71 261 0 1
73 261 0 1
79 261 0 1
82 261 0 1
83 261 0 1
86 261 0 1
87 261 0 1
90 261 0 1
91 261 0 1
93 261 0 1
94 261 0 1
95 261 0 1
96 261 0 1
97 261 0 1
100 261 0 1
119 261 0 1
147 261 0 1
151 261 0 1
152 261 0 1
153 261 0 1
50 262 0 1
52 262 0 1
54 262 0 1
57 262 0 1
68 262 0 1
69 262 0 1
72 262 0 1
74 262 0 1
76 262 0 1
77 262 0 1
78 262 0 1
80 262 0 1
85 262 0 1
88 262 0 1
99 262 0 1
103 262 0 1
109 262 0 1
148 262 0 1
149 262 0 1
150 262 0 1
82 263 0 1
83 263 0 1
84 263 0 1
86 263 0 1
87 263 0 1
89 263 0 1
90 263 0 1
93 263 0 1
94 263 0 1
95 263 0 1
97 263 0 1
100 263 0 1
102 263 0 1
117 263 0 1
119 263 0 1
147 263 0 1
153 263 0 1
154 263 0 1
50 264 0 1
52 264 0 1
53 264 0 1
54 264 0 1
57 264 0 1
68 264 0 1
70 264 0 1
72 264 0 1
74 264 0 1
75 264 0 1
76 264 0 1
77 264 0 1
78 264 0 1
79 264 0 1
80 264 0 1
85 264 0 1
92 264 0 1
103 264 0 1
148 264 0 1
149 264 0 1
150 264 0 1
151 264 0 1
50 265 0 1
52 265 0 1
54 265 0 1
57 265 0 1
59 265 0 1
68 265 0 1
69 265 0 1
70 265 0 1
72 265 0 1
74 265 0 1
76 265 0 1
77 265 0 1
78 265 0 1
80 265 0 1
85 265 0 1
88 265 0 1
103 265 0 1
148 265 0 1
149 265 0 1
150 265 0 1
48 266 0 1
51 266 0 1
52 266 0 1
53 266 0 1
67 266 0 1
70 266 0 1
71 266 0 1
72 266 0 1
73 266 0 1
75 266 0 1
76 266 0 1
77 266 0 1
78 266 0 1
79 266 0 1
80 266 0 1
83 266 0 1
91 266 0 1
92 266 0 1
94 266 0 1
96 266 0 1
118 266 0 1
147 266 0 1
149 266 0 1
151 266 0 1
152 266 0 1
51 267 0 1
52 267 0 1
53 267 0 1
54 267 0 1
57 267 0 1
70 267 0 1
72 267 0 1
73 267 0 1
74 267 0 1
75 267 0 1
76 267 0 1
77 267 0 1
78 267 0 1
79 267 0 1
80 267 0 1
85 267 0 1
92 267 0 1
94 267 0 1
96 267 0 1
103 267 0 1
118 267 0 1
148 267 0 1
149 267 0 1
151 267 0 1
152 267 0 1
48 268 0 1
49 268 0 1
71 268 0 1
73 268 0 1
79 268 0 1
83 268 0 1
86 268 0 1
87 268 0 1
91 268 0 1
92 268 0 1
93 268 0 1
94 268 0 1
95 268 0 1
96 268 0 1
97 268 0 1
100 268 0 1
102 268 0 1
118 268 0 1
119 268 0 1
147 268 0 1
151 268 0 1
152 268 0 1
153 268 0 1
48 269 0 1
49 269 0 1
64 269 0 1
71 269 0 1
79 269 0 1
82 269 0 1
83 269 0 1
86 269 0 1
87 269 0 1
90 269 0 1
91 269 0 1
93 269 0 1
94 269 0 1
95 269 0 1
96 269 0 1
97 269 0 1
100 269 0 1
102 269 0 1
119 269 0 1
147 269 0 1
152 269 0 1
153 269 0 1
81 270 0 1
84 270 0 1
89 270 0 1
90 270 0 1
98 270 0 1
101 270 0 1
105 270 0 1
108 270 0 1
113 270 0 1
114 270 0 1
115 270 0 1
116 270 0 1
117 270 0 1
120 270 0 1
141 270 0 1
142 270 0 1
143 270 0 1
144 270 0 1
81 271 0 1
82 271 0 1
84 271 0 1
89 271 0 1
90 271 0 1
98 271 0 1
101 271 0 1
105 271 0 1
108 271 0 1
113 271 0 1
114 271 0 1
115 271 0 1
116 271 0 1
117 271 0 1
120 271 0 1
141 271 0 1
142 271 0 1
143 271 0 1
144 271 0 1
81 272 0 1
82 272 0 1
84 272 0 1
86 272 0 1
89 272 0 1
90 272 0 1
98 272 0 1
101 272 0 1
102 272 0 1
105 272 0 1
108 272 0 1
111 272 0 1
112 272 0 1
113 272 0 1
114 272 0 1
115 272 0 1
116 272 0 1
117 272 0 1
119 272 0 1
141 272 0 1
142 272 0 1
143 272 0 1
144 272 0 1
145 272 0 1
79 273 0 1
83 273 0 1
86 273 0 1
87 273 0 1
91 273 0 1
92 273 0 1
93 273 0 1
94 273 0 1
95 273 0 1
96 273 0 1
97 273 0 1
100 273 0 1
102 273 0 1
104 273 0 1
106 273 0 1
107 273 0 1
111 273 0 1
112 273 0 1
118 273 0 1
119 273 0 1
138 273 0 1
140 273 0 1
145 273 0 1
146 273 0 1
85 274 0 1
88 274 0 1
99 274 0 1
103 274 0 1
109 274 0 1
110 274 0 1
132 274 0 1
133 274 0 1
137 274 0 1
139 274 0 1
86 275 0 1
87 275 0 1
90 275 0 1
91 275 0 1
93 275 0 1
95 275 0 1
97 275 0 1
98 275 0 1
100 275 0 1
101 275 0 1
102 275 0 1
106 275 0 1
107 275 0 1
111 275 0 1
112 275 0 1
113 275 0 1
114 275 0 1
115 275 0 1
117 275 0 1
119 275 0 1
138 275 0 1
140 275 0 1
141 275 0 1
142 275 0 1
144 275 0 1
145 275 0 1
146 275 0 1
77 276 0 1
78 276 0 1
80 276 0 1
91 276 0 1
92 276 0 1
96 276 0 1
103 276 0 1
104 276 0 1
109 276 0 1
110 276 0 1
118 276 0 1
139 276 0 1
79 277 0 1
83 277 0 1
86 277 0 1
87 277 0 1
91 277 0 1
92 277 0 1
93 277 0 1
94 277 0 1
95 277 0 1
96 277 0 1
97 277 0 1
100 277 0 1
102 277 0 1
104 277 0 1
106 277 0 1
107 277 0 1
111 277 0 1
112 277 0 1
118 277 0 1
119 277 0 1
138 277 0 1
140 277 0 1
146 277 0 1
77 278 0 1
78 278 0 1
80 278 0 1
92 278 0 1
103 278 0 1
104 278 0 1
109 278 0 1
110 278 0 1
118 278 0 1
136 278 0 1
139 278 0 1
85 279 0 1
88 279 0 1
99 279 0 1
103 279 0 1
109 279 0 1
110 279 0 1
123 279 0 1
124 279 0 1
125 279 0 1
129 279 0 1
131 279 0 1
132 279 0 1
133 279 0 1
137 279 0 1
139 279 0 1
86 280 0 1
87 280 0 1
89 280 0 1
90 280 0 1
93 280 0 1
97 280 0 1
98 280 0 1
100 280 0 1
101 280 0 1
102 280 0 1
105 280 0 1
106 280 0 1
107 280 0 1
108 280 0 1
111 280 0 1
112 280 0 1
113 280 0 1
114 280 0 1
115 280 0 1
117 280 0 1
119 280 0 1
120 280 0 1
121 280 0 1
134 280 0 1
135 280 0 1
140 280 0 1
141 280 0 1
142 280 0 1
144 280 0 1
145 280 0 1
146 280 0 1
88 281 0 1
99 281 0 1
103 281 0 1
109 281 0 1
110 281 0 1
123 281 0 1
124 281 0 1
125 281 0 1
129 281 0 1
131 281 0 1
132 281 0 1
133 281 0 1
137 281 0 1
139 281 0 1
89 282 0 1
90 282 0 1
98 282 0 1
100 282 0 1
101 282 0 1
102 282 0 1
105 282 0 1
107 282 0 1
108 282 0 1
111 282 0 1
112 282 0 1
113 282 0 1
114 282 0 1
115 282 0 1
116 282 0 1
117 282 0 1
119 282 0 1
120 282 0 1
121 282 0 1
134 282 0 1
135 282 0 1
141 282 0 1
142 282 0 1
143 282 0 1
144 282 0 1
145 282 0 1
146 282 0 1
92 283 0 1
103 283 0 1
104 283 0 1
109 283 0 1
110 283 0 1
118 283 0 1
122 283 0 1
123 283 0 1
124 283 0 1
126 283 0 1
127 283 0 1
128 283 0 1
130 283 0 1
136 283 0 1
138 283 0 1
139 283 0 1
140 283 0 1
92 284 0 1
103 284 0 1
104 284 0 1
109 284 0 1
110 284 0 1
118 284 0 1
123 284 0 1
124 284 0 1
125 284 0 1
126 284 0 1
127 284 0 1
128 284 0 1
129 284 0 1
130 284 0 1
132 284 0 1
133 284 0 1
136 284 0 1
137 284 0 1
139 284 0 1
88 285 0 1
99 285 0 1
103 285 0 1
109 285 0 1
110 285 0 1
123 285 0 1
124 285 0 1
125 285 0 1
128 285 0 1
129 285 0 1
131 285 0 1
132 285 0 1
133 285 0 1
136 285 0 1
137 285 0 1
139 285 0 1
99 286 0 1
103 286 0 1
109 286 0 1
110 286 0 1
123 286 0 1
124 286 0 1
125 286 0 1
126 286 0 1
128 286 0 1
129 286 0 1
130 286 0 1
131 286 0 1
132 286 0 1
133 286 0 1
136 286 0 1
137 286 0 1
139 286 0 1
92 287 0 1
103 287 0 1
104 287 0 1
109 287 0 1
110 287 0 1
118 287 0 1
123 287 0 1
124 287 0 1
126 287 0 1
127 287 0 1
128 287 0 1
130 287 0 1
133 287 0 1
136 287 0 1
139 287 0 1
86 288 0 1
89 288 0 1
90 288 0 1
93 288 0 1
98 288 0 1
100 288 0 1
101 288 0 1
102 288 0 1
105 288 0 1
106 288 0 1
107 288 0 1
108 288 0 1
111 288 0 1
112 288 0 1
113 288 0 1
114 288 0 1
115 288 0 1
116 288 0 1
117 288 0 1
119 288 0 1
120 288 0 1
121 288 0 1
134 288 0 1
135 288 0 1
141 288 0 1
142 288 0 1
143 288 0 1
144 288 0 1
145 288 0 1
146 288 0 1
89 289 0 1
90 289 0 1
98 289 0 1
101 289 0 1
105 289 0 1
108 289 0 1
112 289 0 1
113 289 0 1
114 289 0 1
115 289 0 1
116 289 0 1
117 289 0 1
120 289 0 1
134 289 0 1
141 289 0 1
142 289 0 1
143 289 0 1
144 289 0 1
145 289 0 1
86 290 0 1
87 290 0 1
90 290 0 1
93 290 0 1
100 290 0 1
101 290 0 1
102 290 0 1
106 290 0 1
107 290 0 1
111 290 0 1
112 290 0 1
113 290 0 1
114 290 0 1
115 290 0 1
119 290 0 1
121 290 0 1
122 290 0 1
134 290 0 1
135 290 0 1
138 290 0 1
140 290 0 1
141 290 0 1
142 290 0 1
144 290 0 1
145 290 0 1
146 290 0 1
91 291 0 1
92 291 0 1
104 291 0 1
106 291 0 1
118 291 0 1
121 291 0 1
122 291 0 1
126 291 0 1
127 291 0 1
130 291 0 1
136 291 0 1
138 291 0 1
140 291 0 1
87 292 0 1
91 292 0 1
92 292 0 1
93 292 0 1
100 292 0 1
102 292 0 1
104 292 0 1
106 292 0 1
107 292 0 1
111 292 0 1
112 292 0 1
118 292 0 1
119 292 0 1
121 292 0 1
122 292 0 1
126 292 0 1
127 292 0 1
135 292 0 1
138 292 0 1
140 292 0 1
146 292 0 1
86 293 0 1
87 293 0 1
91 293 0 1
93 293 0 1
97 293 0 1
100 293 0 1
102 293 0 1
104 293 0 1
106 293 0 1
107 293 0 1
111 293 0 1
112 293 0 1
113 293 0 1
115 293 0 1
118 293 0 1
119 293 0 1
121 293 0 1
122 293 0 1
134 293 0 1
135 293 0 1
138 293 0 1
140 293 0 1
141 293 0 1
144 293 0 1
145 293 0 1
146 293 0 1
92 294 0 1
103 294 0 1
104 294 0 1
109 294 0 1
110 294 0 1
118 294 0 1
123 294 0 1
124 294 0 1
126 294 0 1
127 294 0 1
128 294 0 1
130 294 0 1
133 294 0 1
136 294 0 1
138 294 0 1
139 294 0 1
88 295 0 1
99 295 0 1
103 295 0 1
109 295 0 1
110 295 0 1
123 295 0 1
124 295 0 1
125 295 0 1
128 295 0 1
129 295 0 1
131 295 0 1
132 295 0 1
133 295 0 1
136 295 0 1
137 295 0 1
139 295 0 1
90 296 0 1
93 296 0 1
98 296 0 1
100 296 0 1
101 296 0 1
102 296 0 1
105 296 0 1
106 296 0 1
107 296 0 1
108 296 0 1
111 296 0 1
112 296 0 1
113 296 0 1
114 296 0 1
115 296 0 1
117 296 0 1
119 296 0 1
120 296 0 1
121 296 0 1
134 296 0 1
135 296 0 1
138 296 0 1
140 296 0 1
141 296 0 1
142 296 0 1
144 296 0 1
145 296 0 1
146 296 0 1
91 297 0 1
92 297 0 1
100 297 0 1
104 297 0 1
106 297 0 1
107 297 0 1
118 297 0 1
121 297 0 1
122 297 0 1
126 297 0 1
127 297 0 1
135 297 0 1
138 297 0 1
140 297 0 1
146 297 0 1
101 298 0 1
105 298 0 1
108 298 0 1
113 298 0 1
114 298 0 1
115 298 0 1
120 298 0 1
134 298 0 1
141 298 0 1
142 298 0 1
143 298 0 1
144 298 0 1
109 299 0 1
123 299 0 1
124 299 0 1
125 299 0 1
128 299 0 1
129 299 0 1
130 299 0 1
131 299 0 1
132 299 0 1
133 299 0 1
136 299 0 1
137 299 0 1
139 299 0 1
109 300 0 1
110 300 0 1
123 300 0 1
124 300 0 1
125 300 0 1
128 300 0 1
129 300 0 1
130 300 0 1
131 300 0 1
132 300 0 1
133 300 0 1
136 300 0 1
137 300 0 1
139 300 0 1
106 301 0 1
107 301 0 1
111 301 0 1
112 301 0 1
113 301 0 1
115 301 0 1
121 301 0 1
122 301 0 1
134 301 0 1
135 301 0 1
140 301 0 1
141 301 0 1
142 301 0 1
144 301 0 1
145 301 0 1
146 301 0 1
106 302 0 1
107 302 0 1
121 302 0 1
122 302 0 1
126 302 0 1
127 302 0 1
135 302 0 1
138 302 0 1
140 302 0 1
146 302 0 1
98 303 0 1
101 303 0 1
105 303 0 1
108 303 0 1
112 303 0 1
113 303 0 1
114 303 0 1
115 303 0 1
120 303 0 1
134 303 0 1
141 303 0 1
142 303 0 1
143 303 0 1
144 303 0 1
145 303 0 1
102 304 0 1
106 304 0 1
107 304 0 1
111 304 0 1
112 304 0 1
113 304 0 1
115 304 0 1
121 304 0 1
122 304 0 1
134 304 0 1
135 304 0 1
138 304 0 1
140 304 0 1
141 304 0 1
142 304 0 1
144 304 0 1
145 304 0 1
146 304 0 1
104 305 0 1
106 305 0 1
121 305 0 1
122 305 0 1
126 305 0 1
127 305 0 1
128 305 0 1
130 305 0 1
136 305 0 1
138 305 0 1
140 305 0 1
101 306 0 1
102 306 0 1
106 306 0 1
107 306 0 1
108 306 0 1
111 306 0 1
112 306 0 1
113 306 0 1
114 306 0 1
115 306 0 1
120 306 0 1
121 306 0 1
134 306 0 1
135 306 0 1
141 306 0 1
142 306 0 1
144 306 0 1
145 306 0 1
146 306 0 1
100 307 0 1
102 307 0 1
104 307 0 1
106 307 0 1
107 307 0 1
111 307 0 1
112 307 0 1
121 307 0 1
122 307 0 1
126 307 0 1
127 307 0 1
134 307 0 1
135 307 0 1
138 307 0 1
140 307 0 1
145 307 0 1
146 307 0 1
104 308 0 1
106 308 0 1
107 308 0 1
111 308 0 1
121 308 0 1
122 308 0 1
126 308 0 1
127 308 0 1
130 308 0 1
135 308 0 1
138 308 0 1
140 308 0 1
146 308 0 1
101 309 0 1
105 309 0 1
107 309 0 1
108 309 0 1
111 309 0 1
112 309 0 1
113 309 0 1
114 309 0 1
115 309 0 1
120 309 0 1
121 309 0 1
134 309 0 1
135 309 0 1
141 309 0 1
142 309 0 1
143 309 0 1
144 309 0 1
145 309 0 1
146 309 0 1
101 310 0 1
105 310 0 1
108 310 0 1
112 310 0 1
113 310 0 1
114 310 0 1
115 310 0 1
120 310 0 1
134 310 0 1
135 310 0 1
141 310 0 1
142 310 0 1
143 310 0 1
144 310 0 1
145 310 0 1
146 310 0 1
104 311 0 1
110 311 0 1
122 311 0 1
123 311 0 1
124 311 0 1
126 311 0 1
127 311 0 1
128 311 0 1
130 311 0 1
136 311 0 1
138 311 0 1
139 311 0 1
140 311 0 1
102 312 0 1
106 312 0 1
107 312 0 1
111 312 0 1
112 312 0 1
113 312 0 1
114 312 0 1
115 312 0 1
121 312 0 1
122 312 0 1
134 312 0 1
135 312 0 1
138 312 0 1
140 312 0 1
141 312 0 1
142 312 0 1
144 312 0 1
145 312 0 1
146 312 0 1
102 313 0 1
104 313 0 1
106 313 0 1
107 313 0 1
111 313 0 1
112 313 0 1
121 313 0 1
122 313 0 1
126 313 0 1
127 313 0 1
134 313 0 1
135 313 0 1
138 313 0 1
140 313 0 1
145 313 0 1
146 313 0 1
106 314 0 1
107 314 0 1
111 314 0 1
112 314 0 1
121 314 0 1
122 314 0 1
127 314 0 1
134 314 0 1
135 314 0 1
138 314 0 1
140 314 0 1
141 314 0 1
144 314 0 1
145 314 0 1
146 314 0 1
104 315 0 1
106 315 0 1
107 315 0 1
111 315 0 1
121 315 0 1
122 315 0 1
126 315 0 1
127 315 0 1
135 315 0 1
138 315 0 1
140 315 0 1
145 315 0 1
146 315 0 1
104 316 0 1
106 316 0 1
121 316 0 1
122 316 0 1
126 316 0 1
127 316 0 1
130 316 0 1
135 316 0 1
138 316 0 1
140 316 0 1
146 316 0 1
100 317 0 1
102 317 0 1
106 317 0 1
107 317 0 1
111 317 0 1
112 317 0 1
113 317 0 1
115 317 0 1
119 317 0 1
121 317 0 1
122 317 0 1
134 317 0 1
135 317 0 1
138 317 0 1
140 317 0 1
141 317 0 1
144 317 0 1
145 317 0 1
146 317 0 1
100 318 0 1
102 318 0 1
104 318 0 1
106 318 0 1
107 318 0 1
111 318 0 1
112 318 0 1
119 318 0 1
121 318 0 1
122 318 0 1
127 318 0 1
134 318 0 1
135 318 0 1
138 318 0 1
140 318 0 1
141 318 0 1
144 318 0 1
145 318 0 1
146 318 0 1
100 319 0 1
102 319 0 1
104 319 0 1
106 319 0 1
107 319 0 1
111 319 0 1
112 319 0 1
121 319 0 1
122 319 0 1
126 319 0 1
127 319 0 1
135 319 0 1
138 319 0 1
140 319 0 1
145 319 0 1
146 319 0 1
99 320 0 1
103 320 0 1
109 320 0 1
110 320 0 1
123 320 0 1
124 320 0 1
125 320 0 1
126 320 0 1
127 320 0 1
128 320 0 1
129 320 0 1
130 320 0 1
131 320 0 1
132 320 0 1
133 320 0 1
136 320 0 1
137 320 0 1
139 320 0 1
93 321 0 1
100 321 0 1
102 321 0 1
106 321 0 1
107 321 0 1
111 321 0 1
112 321 0 1
113 321 0 1
115 321 0 1
119 321 0 1
121 321 0 1
122 321 0 1
134 321 0 1
135 321 0 1
138 321 0 1
140 321 0 1
141 321 0 1
142 321 0 1
144 321 0 1
145 321 0 1
146 321 0 1
89 322 0 1
90 322 0 1
98 322 0 1
101 322 0 1
105 322 0 1
108 322 0 1
113 322 0 1
114 322 0 1
115 322 0 1
116 322 0 1
117 322 0 1
120 322 0 1
134 322 0 1
141 322 0 1
142 322 0 1
143 322 0 1
144 322 0 1
145 322 0 1
91 323 0 1
92 323 0 1
93 323 0 1
100 323 0 1
102 323 0 1
104 323 0 1
106 323 0 1
107 323 0 1
111 323 0 1
112 323 0 1
118 323 0 1
119 323 0 1
121 323 0 1
122 323 0 1
126 323 0 1
127 323 0 1
135 323 0 1
138 323 0 1
140 323 0 1
146 323 0 1
103 324 0 1
109 324 0 1
110 324 0 1
123 324 0 1
124 324 0 1
125 324 0 1
126 324 0 1
127 324 0 1
128 324 0 1
129 324 0 1
130 324 0 1
131 324 0 1
132 324 0 1
133 324 0 1
136 324 0 1
137 324 0 1
139 324 0 1
103 325 0 1
109 325 0 1
110 325 0 1
123 325 0 1
124 325 0 1
125 325 0 1
126 325 0 1
127 325 0 1
128 325 0 1
129 325 0 1
130 325 0 1
131 325 0 1
132 325 0 1
133 325 0 1
136 325 0 1
137 325 0 1
139 325 0 1
104 326 0 1
106 326 0 1
122 326 0 1
123 326 0 1
126 326 0 1
127 326 0 1
128 326 0 1
130 326 0 1
136 326 0 1
138 326 0 1
140 326 0 1
100 327 0 1
102 327 0 1
104 327 0 1
106 327 0 1
107 327 0 1
111 327 0 1
112 327 0 1
121 327 0 1
122 327 0 1
127 327 0 1
134 327 0 1
135 327 0 1
138 327 0 1
140 327 0 1
145 327 0 1
146 327 0 1
100 328 0 1
101 328 0 1
102 328 0 1
106 328 0 1
107 328 0 1
108 328 0 1
111 328 0 1
112 328 0 1
113 328 0 1
114 328 0 1
115 328 0 1
120 328 0 1
121 328 0 1
122 328 0 1
134 328 0 1
135 328 0 1
138 328 0 1
140 328 0 1
141 328 0 1
142 328 0 1
144 328 0 1
145 328 0 1
146 328 0 1
80 329 0 1
85 329 0 1
92 329 0 1
99 329 0 1
103 329 0 1
109 329 0 1
110 329 0 1
133 329 0 1
136 329 0 1
137 329 0 1
139 329 0 1
85 330 0 1
88 330 0 1
99 330 0 1
103 330 0 1
109 330 0 1
110 330 0 1
123 330 0 1
124 330 0 1
125 330 0 1
129 330 0 1
132 330 0 1
133 330 0 1
136 330 0 1
137 330 0 1
139 330 0 1
80 331 0 1
92 331 0 1
103 331 0 1
104 331 0 1
109 331 0 1
110 331 0 1
118 331 0 1
136 331 0 1
139 331 0 1
86 332 0 1
87 332 0 1
89 332 0 1
90 332 0 1
93 332 0 1
95 332 0 1
97 332 0 1
98 332 0 1
100 332 0 1
101 332 0 1
102 332 0 1
105 332 0 1
106 332 0 1
107 332 0 1
108 332 0 1
111 332 0 1
112 332 0 1
113 332 0 1
114 332 0 1
115 332 0 1
116 332 0 1
117 332 0 1
119 332 0 1
120 332 0 1
134 332 0 1
135 332 0 1
141 332 0 1
142 332 0 1
143 332 0 1
144 332 0 1
145 332 0 1
146 332 0 1
86 333 0 1
87 333 0 1
91 333 0 1
92 333 0 1
93 333 0 1
94 333 0 1
95 333 0 1
96 333 0 1
97 333 0 1
100 333 0 1
102 333 0 1
104 333 0 1
106 333 0 1
107 333 0 1
111 333 0 1
112 333 0 1
118 333 0 1
119 333 0 1
121 333 0 1
135 333 0 1
138 333 0 1
140 333 0 1
145 333 0 1
146 333 0 1
86 334 0 1
87 334 0 1
89 334 0 1
90 334 0 1
93 334 0 1
95 334 0 1
97 334 0 1
98 334 0 1
100 334 0 1
101 334 0 1
102 334 0 1
106 334 0 1
107 334 0 1
108 334 0 1
111 334 0 1
112 334 0 1
113 334 0 1
114 334 0 1
115 334 0 1
117 334 0 1
119 334 0 1
121 334 0 1
134 334 0 1
135 334 0 1
138 334 0 1
140 334 0 1
141 334 0 1
142 334 0 1
144 334 0 1
145 334 0 1
146 334 0 1
77 335 0 1
80 335 0 1
91 335 0 1
92 335 0 1
94 335 0 1
96 335 0 1
103 335 0 1
104 335 0 1
106 335 0 1
110 335 0 1
118 335 0 1
126 335 0 1
138 335 0 1
140 335 0 1
86 336 0 1
87 336 0 1
90 336 0 1
91 336 0 1
93 336 0 1
95 336 0 1
97 336 0 1
100 336 0 1
101 336 0 1
102 336 0 1
104 336 0 1
106 336 0 1
107 336 0 1
111 336 0 1
112 336 0 1
113 336 0 1
115 336 0 1
119 336 0 1
121 336 0 1
134 336 0 1
135 336 0 1
138 336 0 1
140 336 0 1
141 336 0 1
142 336 0 1
144 336 0 1
145 336 0 1
146 336 0 1
92 337 0 1
103 337 0 1
104 337 0 1
109 337 0 1
110 337 0 1
118 337 0 1
123 337 0 1
124 337 0 1
126 337 0 1
128 337 0 1
133 337 0 1
136 337 0 1
139 337 0 1
89 338 0 1
90 338 0 1
98 338 0 1
101 338 0 1
105 338 0 1
108 338 0 1
113 338 0 1
114 338 0 1
115 338 0 1
116 338 0 1
117 338 0 1
120 338 0 1
134 338 0 1
141 338 0 1
142 338 0 1
143 338 0 1
144 338 0 1
89 339 0 1
90 339 0 1
98 339 0 1
101 339 0 1
102 339 0 1
105 339 0 1
108 339 0 1
111 339 0 1
112 339 0 1
113 339 0 1
114 339 0 1
115 339 0 1
116 339 0 1
117 339 0 1
120 339 0 1
134 339 0 1
141 339 0 1
142 339 0 1
143 339 0 1
144 339 0 1
145 339 0 1
85 340 0 1
88 340 0 1
99 340 0 1
103 340 0 1
109 340 0 1
110 340 0 1
123 340 0 1
124 340 0 1
125 340 0 1
128 340 0 1
129 340 0 1
132 340 0 1
133 340 0 1
136 340 0 1
137 340 0 1
139 340 0 1
92 341 0 1
103 341 0 1
104 341 0 1
109 341 0 1
110 341 0 1
123 341 0 1
124 341 0 1
125 341 0 1
126 341 0 1
128 341 0 1
133 341 0 1
136 341 0 1
137 341 0 1
139 341 0 1
86 342 0 1
87 342 0 1
91 342 0 1
93 342 0 1
97 342 0 1
100 342 0 1
102 342 0 1
104 342 0 1
106 342 0 1
107 342 0 1
111 342 0 1
112 342 0 1
113 342 0 1
118 342 0 1
119 342 0 1
121 342 0 1
122 342 0 1
134 342 0 1
135 342 0 1
138 342 0 1
140 342 0 1
141 342 0 1
144 342 0 1
145 342 0 1
146 342 0 1
87 343 0 1
91 343 0 1
92 343 0 1
93 343 0 1
94 343 0 1
96 343 0 1
100 343 0 1
102 343 0 1
104 343 0 1
106 343 0 1
107 343 0 1
111 343 0 1
118 343 0 1
119 343 0 1
122 343 0 1
126 343 0 1
127 343 0 1
138 343 0 1
140 343 0 1
77 344 0 1
78 344 0 1
79 344 0 1
80 344 0 1
91 344 0 1
92 344 0 1
94 344 0 1
96 344 0 1
103 344 0 1
104 344 0 1
110 344 0 1
118 344 0 1
149 344 0 1
152 344 0 1
77 345 0 1
78 345 0 1
79 345 0 1
80 345 0 1
83 345 0 1
87 345 0 1
91 345 0 1
92 345 0 1
94 345 0 1
96 345 0 1
104 345 0 1
118 345 0 1
147 345 0 1
151 345 0 1
152 345 0 1
79 346 0 1
83 346 0 1
86 346 0 1
87 346 0 1
90 346 0 1
91 346 0 1
92 346 0 1
93 346 0 1
94 346 0 1
95 346 0 1
96 346 0 1
97 346 0 1
100 346 0 1
102 346 0 1
104 346 0 1
106 346 0 1
107 346 0 1
111 346 0 1
112 346 0 1
118 346 0 1
119 346 0 1
147 346 0 1
152 346 0 1
153 346 0 1
79 347 0 1
83 347 0 1
86 347 0 1
87 347 0 1
91 347 0 1
92 347 0 1
93 347 0 1
94 347 0 1
95 347 0 1
96 347 0 1
97 347 0 1
100 347 0 1
102 347 0 1
104 347 0 1
106 347 0 1
107 347 0 1
111 347 0 1
112 347 0 1
118 347 0 1
119 347 0 1
138 347 0 1
147 347 0 1
152 347 0 1
153 347 0 1
72 348 0 1
77 348 0 1
78 348 0 1
80 348 0 1
85 348 0 1
88 348 0 1
92 348 0 1
99 348 0 1
103 348 0 1
104 348 0 1
109 348 0 1
110 348 0 1
118 348 0 1
124 348 0 1
132 348 0 1
133 348 0 1
136 348 0 1
137 348 0 1
139 348 0 1
148 348 0 1
149 348 0 1
85 349 0 1
88 349 0 1
99 349 0 1
103 349 0 1
109 349 0 1
110 349 0 1
148 349 0 1
150 349 0 1
52 350 0 1
72 350 0 1
76 350 0 1
77 350 0 1
78 350 0 1
79 350 0 1
80 350 0 1
85 350 0 1
91 350 0 1
92 350 0 1
94 350 0 1
96 350 0 1
103 350 0 1
104 350 0 1
109 350 0 1
110 350 0 1
118 350 0 1
148 350 0 1
149 350 0 1
151 350 0 1
152 350 0 1
48 351 0 1
71 351 0 1
73 351 0 1
77 351 0 1
78 351 0 1
79 351 0 1
83 351 0 1
86 351 0 1
87 351 0 1
91 351 0 1
92 351 0 1
93 351 0 1
94 351 0 1
95 351 0 1
96 351 0 1
97 351 0 1
100 351 0 1
102 351 0 1
104 351 0 1
106 351 0 1
107 351 0 1
111 351 0 1
118 351 0 1
119 351 0 1
138 351 0 1
140 351 0 1
147 351 0 1
151 351 0 1
152 351 0 1
153 351 0 1
81 352 0 1
82 352 0 1
84 352 0 1
86 352 0 1
87 352 0 1
89 352 0 1
90 352 0 1
93 352 0 1
95 352 0 1
97 352 0 1
98 352 0 1
100 352 0 1
101 352 0 1
102 352 0 1
107 352 0 1
108 352 0 1
111 352 0 1
112 352 0 1
113 352 0 1
114 352 0 1
115 352 0 1
116 352 0 1
117 352 0 1
119 352 0 1
141 352 0 1
153 352 0 1
154 352 0 1
81 353 0 1
82 353 0 1
84 353 0 1
86 353 0 1
87 353 0 1
89 353 0 1
90 353 0 1
93 353 0 1
95 353 0 1
97 353 0 1
98 353 0 1
100 353 0 1
101 353 0 1
102 353 0 1
105 353 0 1
107 353 0 1
108 353 0 1
111 353 0 1
112 353 0 1
113 353 0 1
114 353 0 1
115 353 0 1
116 353 0 1
117 353 0 1
119 353 0 1
141 353 0 1
142 353 0 1
144 353 0 1
145 353 0 1
82 354 0 1
83 354 0 1
86 354 0 1
87 354 0 1
90 354 0 1
91 354 0 1
93 354 0 1
94 354 0 1
95 354 0 1
97 354 0 1
100 354 0 1
101 354 0 1
102 354 0 1
106 354 0 1
107 354 0 1
111 354 0 1
112 354 0 1
113 354 0 1
115 354 0 1
117 354 0 1
119 354 0 1
141 354 0 1
145 354 0 1
146 354 0 1
153 354 0 1
77 355 0 1
78 355 0 1
79 355 0 1
80 355 0 1
83 355 0 1
91 355 0 1
92 355 0 1
94 355 0 1
96 355 0 1
103 355 0 1
104 355 0 1
109 355 0 1
110 355 0 1
118 355 0 1
138 355 0 1
151 355 0 1
152 355 0 1
77 356 0 1
78 356 0 1
79 356 0 1
80 356 0 1
83 356 0 1
87 356 0 1
91 356 0 1
92 356 0 1
93 356 0 1
94 356 0 1
96 356 0 1
97 356 0 1
100 356 0 1
104 356 0 1
106 356 0 1
118 356 0 1
119 356 0 1
138 356 0 1
140 356 0 1
152 356 0 1
79 357 0 1
83 357 0 1
86 357 0 1
87 357 0 1
91 357 0 1
92 357 0 1
93 357 0 1
94 357 0 1
95 357 0 1
96 357 0 1
97 357 0 1
100 357 0 1
102 357 0 1
104 357 0 1
106 357 0 1
107 357 0 1
111 357 0 1
112 357 0 1
118 357 0 1
119 357 0 1
138 357 0 1
140 357 0 1
147 357 0 1
152 357 0 1
77 358 0 1
78 358 0 1
80 358 0 1
85 358 0 1
92 358 0 1
96 358 0 1
103 358 0 1
104 358 0 1
109 358 0 1
110 358 0 1
118 358 0 1
149 358 0 1
77 359 0 1
78 359 0 1
79 359 0 1
80 359 0 1
83 359 0 1
87 359 0 1
91 359 0 1
92 359 0 1
93 359 0 1
94 359 0 1
96 359 0 1
100 359 0 1
104 359 0 1
106 359 0 1
118 359 0 1
138 359 0 1
140 359 0 1
152 359 0 1
85 360 0 1
88 360 0 1
99 360 0 1
103 360 0 1
109 360 0 1
110 360 0 1
124 360 0 1
125 360 0 1
132 360 0 1
133 360 0 1
137 360 0 1
139 360 0 1
148 360 0 1
150 360 0 1
77 361 0 1
79 361 0 1
83 361 0 1
86 361 0 1
87 361 0 1
91 361 0 1
92 361 0 1
93 361 0 1
94 361 0 1
95 361 0 1
96 361 0 1
97 361 0 1
100 361 0 1
102 361 0 1
104 361 0 1
106 361 0 1
107 361 0 1
111 361 0 1
118 361 0 1
119 361 0 1
138 361 0 1
140 361 0 1
146 361 0 1
147 361 0 1
152 361 0 1
