1 3 0 0
1 4 0 0
3 4 0 0
1 5 0 0
3 5 0 0
4 5 0 0
1 6 0 0
3 6 0 0
4 6 0 0
5 6 0 0
1 7 0 0
2 7 0 0
5 7 0 0
6 7 0 0
1 8 0 0
3 8 0 0
4 8 0 0
5 8 0 0
6 8 0 0
7 8 0 0
1 9 0 0
3 9 0 0
4 9 0 0
5 9 0 0
6 9 0 0
7 9 0 0
8 9 0 0
1 10 0 0
2 10 0 0
7 10 0 0
1 11 0 0
2 11 0 0
3 11 0 0
4 11 0 0
5 11 0 0
6 11 0 0
7 11 0 0
8 11 0 0
9 11 0 0
10 11 0 0
1 12 0 0
2 12 0 0
6 12 0 0
7 12 0 0
8 12 0 0
10 12 0 0
11 12 0 0
1 13 0 0
2 13 0 0
6 13 0 0
7 13 0 0
10 13 0 0
11 13 0 0
12 13 0 0
1 14 0 0
3 14 0 0
4 14 0 0
5 14 0 0
6 14 0 0
7 14 0 0
8 14 0 0
9 14 0 0
11 14 0 0
1 15 0 0
2 15 0 0
5 15 0 0
6 15 0 0
7 15 0 0
8 15 0 0
9 15 0 0
10 15 0 0
11 15 0 0
12 15 0 0
13 15 0 0
14 15 0 0
1 16 0 0
2 16 0 0
6 16 0 0
7 16 0 0
8 16 0 0
10 16 0 0
11 16 0 0
12 16 0 0
13 16 0 0
14 16 0 0
15 16 0 0
1 17 0 0
2 17 0 0
6 17 0 0
7 17 0 0
10 17 0 0
11 17 0 0
12 17 0 0
13 17 0 0
15 17 0 0
16 17 0 0
6 18 0 0
8 18 0 0
9 18 0 0
11 18 0 0
14 18 0 0
6 19 0 0
8 19 0 0
9 19 0 0
11 19 0 0
14 19 0 0
15 19 0 0
18 19 0 0
1 20 0 0
2 20 0 0
6 20 0 0
7 20 0 0
8 20 0 0
9 20 0 0
10 20 0 0
11 20 0 0
12 20 0 0
13 20 0 0
14 20 0 0
15 20 0 0
16 20 0 0
17 20 0 0
19 20 0 0
2 21 0 0
6 21 0 0
7 21 0 0
8 21 0 0
9 21 0 0
11 21 0 0
14 21 0 0
15 21 0 0
16 21 0 0
18 21 0 0
19 21 0 0
20 21 0 0
1 22 0 0
2 22 0 0
7 22 0 0
8 22 0 0
10 22 0 0
11 22 0 0
12 22 0 0
13 22 0 0
14 22 0 0
15 22 0 0
16 22 0 0
17 22 0 0
19 22 0 0
20 22 0 0
21 22 0 0
1 23 0 0
5 23 0 0
6 23 0 0
7 23 0 0
8 23 0 0
9 23 0 0
11 23 0 0
12 23 0 0
14 23 0 0
15 23 0 0
16 23 0 0
18 23 0 0
19 23 0 0
20 23 0 0
21 23 0 0
22 23 0 0
1 24 0 0
3 24 0 0
5 24 0 0
6 24 0 0
7 24 0 0
8 24 0 0
9 24 0 0
11 24 0 0
14 24 0 0
15 24 0 0
18 24 0 0
19 24 0 0
20 24 0 0
21 24 0 0
22 24 0 0
23 24 0 0
1 25 0 0
2 25 0 0
7 25 0 0
10 25 0 0
11 25 0 0
12 25 0 0
13 25 0 0
15 25 0 0
16 25 0 0
17 25 0 0
20 25 0 0
22 25 0 0
1 26 0 0
2 26 0 0
3 26 0 0
5 26 0 0
6 26 0 0
7 26 0 0
8 26 0 0
9 26 0 0
11 26 0 0
12 26 0 0
13 26 0 0
14 26 0 0
15 26 0 0
16 26 0 0
17 26 0 0
18 26 0 0
19 26 0 0
20 26 0 0
21 26 0 0
22 26 0 0
23 26 0 0
24 26 0 0
25 26 0 0
1 27 0 0
2 27 0 0
5 27 0 0
6 27 0 0
7 27 0 0
8 27 0 0
9 27 0 0
10 27 0 0
11 27 0 0
12 27 0 0
13 27 0 0
14 27 0 0
15 27 0 0
16 27 0 0
17 27 0 0
18 27 0 0
19 27 0 0
20 27 0 0
21 27 0 0
22 27 0 0
23 27 0 0
24 27 0 0
25 27 0 0
26 27 0 0
1 28 0 0
7 28 0 0
10 28 0 0
12 28 0 0
13 28 0 0
15 28 0 0
16 28 0 0
17 28 0 0
25 28 0 0
1 29 0 0
3 29 0 0
4 29 0 0
5 29 0 0
6 29 0 0
8 29 0 0
9 29 0 0
11 29 0 0
14 29 0 0
15 29 0 0
18 29 0 0
19 29 0 0
21 29 0 0
23 29 0 0
24 29 0 0
26 29 0 0
27 29 0 0
1 30 0 0
6 30 0 0
7 30 0 0
8 30 0 0
10 30 0 0
11 30 0 0
12 30 0 0
13 30 0 0
15 30 0 0
16 30 0 0
17 30 0 0
20 30 0 0
22 30 0 0
25 30 0 0
26 30 0 0
27 30 0 0
28 30 0 0
1 31 0 0
3 31 0 0
4 31 0 0
5 31 0 0
6 31 0 0
7 31 0 0
8 31 0 0
9 31 0 0
10 31 0 0
11 31 0 0
12 31 0 0
13 31 0 0
14 31 0 0
15 31 0 0
16 31 0 0
17 31 0 0
18 31 0 0
19 31 0 0
20 31 0 0
21 31 0 0
22 31 0 0
23 31 0 0
24 31 0 0
25 31 0 0
26 31 0 0
27 31 0 0
28 31 0 0
29 31 0 0
30 31 0 0
1 32 0 0
3 32 0 0
4 32 0 0
5 32 0 0
6 32 0 0
7 32 0 0
8 32 0 0
9 32 0 0
10 32 0 0
11 32 0 0
12 32 0 0
13 32 0 0
14 32 0 0
15 32 0 0
16 32 0 0
17 32 0 0
20 32 0 0
21 32 0 0
22 32 0 0
23 32 0 0
24 32 0 0
25 32 0 0
26 32 0 0
27 32 0 0
28 32 0 0
29 32 0 0
30 32 0 0
31 32 0 0
1 33 0 0
3 33 0 0
4 33 0 0
5 33 0 0
6 33 0 0
7 33 0 0
8 33 0 0
9 33 0 0
11 33 0 0
14 33 0 0
15 33 0 0
18 33 0 0
19 33 0 0
20 33 0 0
21 33 0 0
23 33 0 0
24 33 0 0
26 33 0 0
27 33 0 0
29 33 0 0
31 33 0 0
32 33 0 0
1 34 0 0
2 34 0 0
6 34 0 0
7 34 0 0
10 34 0 0
12 34 0 0
13 34 0 0
15 34 0 0
16 34 0 0
17 34 0 0
20 34 0 0
22 34 0 0
25 34 0 0
28 34 0 0
30 34 0 0
31 34 0 0
32 34 0 0
1 35 0 0
2 35 0 0
6 35 0 0
7 35 0 0
8 35 0 0
10 35 0 0
11 35 0 0
12 35 0 0
13 35 0 0
15 35 0 0
16 35 0 0
17 35 0 0
20 35 0 0
22 35 0 0
23 35 0 0
25 35 0 0
26 35 0 0
27 35 0 0
28 35 0 0
30 35 0 0
31 35 0 0
32 35 0 0
33 35 0 0
34 35 0 0
1 36 0 0
2 36 0 0
6 36 0 0
7 36 0 0
8 36 0 0
10 36 0 0
11 36 0 0
12 36 0 0
13 36 0 0
15 36 0 0
16 36 0 0
17 36 0 0
20 36 0 0
22 36 0 0
25 36 0 0
26 36 0 0
27 36 0 0
28 36 0 0
30 36 0 0
31 36 0 0
32 36 0 0
34 36 0 0
35 36 0 0
1 37 0 0
3 37 0 0
4 37 0 0
5 37 0 0
6 37 0 0
7 37 0 0
8 37 0 0
9 37 0 0
11 37 0 0
14 37 0 0
15 37 0 0
16 37 0 0
18 37 0 0
19 37 0 0
20 37 0 0
21 37 0 0
22 37 0 0
23 37 0 0
24 37 0 0
26 37 0 0
27 37 0 0
29 37 0 0
31 37 0 0
32 37 0 0
33 37 0 0
35 37 0 0
1 38 0 0
3 38 0 0
4 38 0 0
5 38 0 0
6 38 0 0
7 38 0 0
8 38 0 0
9 38 0 0
11 38 0 0
12 38 0 0
14 38 0 0
15 38 0 0
16 38 0 0
17 38 0 0
18 38 0 0
19 38 0 0
20 38 0 0
21 38 0 0
22 38 0 0
23 38 0 0
24 38 0 0
26 38 0 0
27 38 0 0
29 38 0 0
30 38 0 0
31 38 0 0
32 38 0 0
33 38 0 0
35 38 0 0
36 38 0 0
37 38 0 0
18 40 0 0
39 40 0 0
2 41 0 0
14 41 0 0
18 41 0 0
19 41 0 0
20 41 0 0
21 41 0 0
23 41 0 0
24 41 0 0
26 41 0 0
27 41 0 0
40 41 0 0
2 42 0 0
18 42 0 0
19 42 0 0
20 42 0 0
21 42 0 0
22 42 0 0
23 42 0 0
24 42 0 0
26 42 0 0
27 42 0 0
41 42 0 0
2 43 0 0
20 43 0 0
22 43 0 0
25 43 0 0
40 44 0 0
41 44 0 0
42 44 0 0
2 45 0 0
18 45 0 0
19 45 0 0
21 45 0 0
27 45 0 0
41 45 0 0
42 45 0 0
44 45 0 0
2 46 0 0
22 46 0 0
43 46 0 0
2 47 0 0
19 47 0 0
21 47 0 0
27 47 0 0
41 47 0 0
42 47 0 0
44 47 0 0
45 47 0 0
2 48 0 0
43 48 0 0
46 48 0 0
2 49 0 0
8 49 0 0
9 49 0 0
11 49 0 0
14 49 0 0
15 49 0 0
18 49 0 0
19 49 0 0
20 49 0 0
21 49 0 0
22 49 0 0
23 49 0 0
24 49 0 0
26 49 0 0
27 49 0 0
37 49 0 0
41 49 0 0
42 49 0 0
45 49 0 0
47 49 0 0
2 50 0 0
7 50 0 0
8 50 0 0
10 50 0 0
11 50 0 0
12 50 0 0
13 50 0 0
14 50 0 0
15 50 0 0
16 50 0 0
17 50 0 0
19 50 0 0
20 50 0 0
21 50 0 0
22 50 0 0
23 50 0 0
24 50 0 0
25 50 0 0
26 50 0 0
27 50 0 0
32 50 0 0
35 50 0 0
36 50 0 0
38 50 0 0
41 50 0 0
42 50 0 0
43 50 0 0
45 50 0 0
46 50 0 0
47 50 0 0
48 50 0 0
49 50 0 0
2 51 0 0
7 51 0 0
8 51 0 0
11 51 0 0
12 51 0 0
14 51 0 0
15 51 0 0
16 51 0 0
18 51 0 0
19 51 0 0
20 51 0 0
21 51 0 0
22 51 0 0
23 51 0 0
24 51 0 0
26 51 0 0
27 51 0 0
38 51 0 0
41 51 0 0
42 51 0 0
43 51 0 0
45 51 0 0
47 51 0 0
49 51 0 0
50 51 0 0
2 52 0 0
11 52 0 0
12 52 0 0
14 52 0 0
15 52 0 0
16 52 0 0
17 52 0 0
19 52 0 0
20 52 0 0
21 52 0 0
22 52 0 0
23 52 0 0
24 52 0 0
25 52 0 0
26 52 0 0
27 52 0 0
41 52 0 0
42 52 0 0
43 52 0 0
45 52 0 0
46 52 0 0
47 52 0 0
48 52 0 0
49 52 0 0
50 52 0 0
51 52 0 0
2 53 0 0
7 53 0 0
8 53 0 0
9 53 0 0
10 53 0 0
11 53 0 0
12 53 0 0
13 53 0 0
14 53 0 0
15 53 0 0
16 53 0 0
17 53 0 0
19 53 0 0
20 53 0 0
21 53 0 0
22 53 0 0
23 53 0 0
24 53 0 0
25 53 0 0
26 53 0 0
27 53 0 0
30 53 0 0
31 53 0 0
32 53 0 0
33 53 0 0
35 53 0 0
36 53 0 0
37 53 0 0
38 53 0 0
41 53 0 0
42 53 0 0
43 53 0 0
45 53 0 0
47 53 0 0
49 53 0 0
50 53 0 0
51 53 0 0
52 53 0 0
1 54 0 0
2 54 0 0
6 54 0 0
7 54 0 0
8 54 0 0
10 54 0 0
11 54 0 0
12 54 0 0
13 54 0 0
14 54 0 0
15 54 0 0
16 54 0 0
17 54 0 0
19 54 0 0
20 54 0 0
21 54 0 0
22 54 0 0
23 54 0 0
24 54 0 0
25 54 0 0
26 54 0 0
27 54 0 0
28 54 0 0
30 54 0 0
31 54 0 0
32 54 0 0
34 54 0 0
35 54 0 0
36 54 0 0
37 54 0 0
38 54 0 0
42 54 0 0
43 54 0 0
46 54 0 0
48 54 0 0
49 54 0 0
50 54 0 0
51 54 0 0
52 54 0 0
53 54 0 0
2 55 0 0
7 55 0 0
8 55 0 0
10 55 0 0
11 55 0 0
12 55 0 0
13 55 0 0
15 55 0 0
16 55 0 0
17 55 0 0
20 55 0 0
21 55 0 0
22 55 0 0
23 55 0 0
25 55 0 0
26 55 0 0
27 55 0 0
30 55 0 0
31 55 0 0
32 55 0 0
34 55 0 0
35 55 0 0
36 55 0 0
38 55 0 0
42 55 0 0
43 55 0 0
46 55 0 0
48 55 0 0
49 55 0 0
50 55 0 0
51 55 0 0
52 55 0 0
53 55 0 0
54 55 0 0
2 56 0 0
44 56 0 0
45 56 0 0
47 56 0 0
2 57 0 0
42 57 0 0
43 57 0 0
45 57 0 0
46 57 0 0
47 57 0 0
48 57 0 0
52 57 0 0
56 57 0 0
2 58 0 0
41 58 0 0
42 58 0 0
44 58 0 0
45 58 0 0
47 58 0 0
56 58 0 0
57 58 0 0
2 59 0 0
42 59 0 0
45 59 0 0
47 59 0 0
48 59 0 0
56 59 0 0
57 59 0 0
58 59 0 0
2 60 0 0
42 60 0 0
44 60 0 0
45 60 0 0
47 60 0 0
56 60 0 0
57 60 0 0
58 60 0 0
59 60 0 0
2 61 0 0
45 61 0 0
47 61 0 0
56 61 0 0
57 61 0 0
58 61 0 0
59 61 0 0
60 61 0 0
2 62 0 0
45 62 0 0
47 62 0 0
48 62 0 0
56 62 0 0
57 62 0 0
58 62 0 0
59 62 0 0
60 62 0 0
61 62 0 0
2 63 0 0
45 63 0 0
47 63 0 0
56 63 0 0
57 63 0 0
58 63 0 0
59 63 0 0
60 63 0 0
61 63 0 0
62 63 0 0
2 64 0 0
57 64 0 0
58 64 0 0
59 64 0 0
60 64 0 0
61 64 0 0
62 64 0 0
63 64 0 0
2 65 0 0
56 65 0 0
58 65 0 0
60 65 0 0
63 65 0 0
2 66 0 0
56 66 0 0
57 66 0 0
58 66 0 0
59 66 0 0
60 66 0 0
61 66 0 0
62 66 0 0
63 66 0 0
64 66 0 0
65 66 0 0
2 67 0 0
56 67 0 0
57 67 0 0
58 67 0 0
59 67 0 0
60 67 0 0
61 67 0 0
62 67 0 0
63 67 0 0
64 67 0 0
65 67 0 0
66 67 0 0
2 68 0 0
56 68 0 0
57 68 0 0
58 68 0 0
59 68 0 0
60 68 0 0
61 68 0 0
62 68 0 0
63 68 0 0
64 68 0 0
65 68 0 0
66 68 0 0
67 68 0 0
2 69 0 0
56 69 0 0
58 69 0 0
60 69 0 0
61 69 0 0
63 69 0 0
64 69 0 0
65 69 0 0
66 69 0 0
67 69 0 0
68 69 0 0
2 70 0 0
56 70 0 0
58 70 0 0
60 70 0 0
63 70 0 0
65 70 0 0
66 70 0 0
67 70 0 0
68 70 0 0
69 70 0 0
2 71 0 0
56 71 0 0
57 71 0 0
58 71 0 0
59 71 0 0
60 71 0 0
61 71 0 0
62 71 0 0
63 71 0 0
64 71 0 0
65 71 0 0
66 71 0 0
67 71 0 0
68 71 0 0
69 71 0 0
70 71 0 0
65 72 0 0
66 72 0 0
67 72 0 0
68 72 0 0
69 72 0 0
70 72 0 0
71 72 0 0
2 73 0 0
66 73 0 0
67 73 0 0
68 73 0 0
69 73 0 0
70 73 0 0
71 73 0 0
72 73 0 0
2 74 0 0
66 74 0 0
67 74 0 0
68 74 0 0
69 74 0 0
70 74 0 0
71 74 0 0
72 74 0 0
73 74 0 0
2 75 0 0
65 75 0 0
66 75 0 0
67 75 0 0
68 75 0 0
69 75 0 0
70 75 0 0
71 75 0 0
72 75 0 0
73 75 0 0
74 75 0 0
2 76 0 0
2 77 0 0
73 77 0 0
74 77 0 0
76 77 0 0
2 78 0 0
67 78 0 0
68 78 0 0
69 78 0 0
71 78 0 0
72 78 0 0
73 78 0 0
74 78 0 0
75 78 0 0
76 78 0 0
77 78 0 0
2 79 0 0
63 79 0 0
64 79 0 0
66 79 0 0
67 79 0 0
68 79 0 0
69 79 0 0
70 79 0 0
71 79 0 0
72 79 0 0
73 79 0 0
74 79 0 0
75 79 0 0
77 79 0 0
78 79 0 0
2 80 0 0
76 80 0 0
77 80 0 0
2 81 0 0
56 81 0 0
60 81 0 0
63 81 0 0
65 81 0 0
66 81 0 0
67 81 0 0
68 81 0 0
69 81 0 0
70 81 0 0
71 81 0 0
72 81 0 0
73 81 0 0
74 81 0 0
75 81 0 0
78 81 0 0
79 81 0 0
2 82 0 0
60 82 0 0
61 82 0 0
62 82 0 0
63 82 0 0
64 82 0 0
65 82 0 0
66 82 0 0
67 82 0 0
68 82 0 0
69 82 0 0
70 82 0 0
71 82 0 0
72 82 0 0
73 82 0 0
74 82 0 0
75 82 0 0
78 82 0 0
79 82 0 0
81 82 0 0
2 83 0 0
64 83 0 0
68 83 0 0
73 83 0 0
74 83 0 0
76 83 0 0
77 83 0 0
78 83 0 0
79 83 0 0
80 83 0 0
82 83 0 0
2 84 0 0
61 84 0 0
62 84 0 0
64 84 0 0
68 84 0 0
71 84 0 0
73 84 0 0
74 84 0 0
76 84 0 0
77 84 0 0
78 84 0 0
79 84 0 0
80 84 0 0
82 84 0 0
83 84 0 0
2 85 0 0
59 85 0 0
60 85 0 0
61 85 0 0
62 85 0 0
63 85 0 0
64 85 0 0
66 85 0 0
67 85 0 0
68 85 0 0
69 85 0 0
70 85 0 0
71 85 0 0
72 85 0 0
73 85 0 0
74 85 0 0
75 85 0 0
77 85 0 0
78 85 0 0
79 85 0 0
81 85 0 0
82 85 0 0
83 85 0 0
84 85 0 0
2 86 0 0
61 86 0 0
63 86 0 0
64 86 0 0
66 86 0 0
67 86 0 0
68 86 0 0
69 86 0 0
70 86 0 0
71 86 0 0
72 86 0 0
73 86 0 0
74 86 0 0
75 86 0 0
77 86 0 0
78 86 0 0
79 86 0 0
81 86 0 0
82 86 0 0
83 86 0 0
84 86 0 0
85 86 0 0
2 87 0 0
76 87 0 0
77 87 0 0
80 87 0 0
83 87 0 0
84 87 0 0
2 88 0 0
61 88 0 0
62 88 0 0
63 88 0 0
64 88 0 0
66 88 0 0
67 88 0 0
68 88 0 0
69 88 0 0
70 88 0 0
71 88 0 0
72 88 0 0
73 88 0 0
74 88 0 0
75 88 0 0
76 88 0 0
77 88 0 0
78 88 0 0
79 88 0 0
80 88 0 0
81 88 0 0
82 88 0 0
83 88 0 0
84 88 0 0
85 88 0 0
86 88 0 0
87 88 0 0
2 89 0 0
44 89 0 0
56 89 0 0
57 89 0 0
58 89 0 0
59 89 0 0
60 89 0 0
61 89 0 0
62 89 0 0
63 89 0 0
64 89 0 0
65 89 0 0
66 89 0 0
67 89 0 0
68 89 0 0
69 89 0 0
70 89 0 0
71 89 0 0
72 89 0 0
81 89 0 0
82 89 0 0
85 89 0 0
86 89 0 0
2 90 0 0
41 90 0 0
42 90 0 0
43 90 0 0
45 90 0 0
47 90 0 0
48 90 0 0
49 90 0 0
50 90 0 0
51 90 0 0
52 90 0 0
56 90 0 0
57 90 0 0
58 90 0 0
59 90 0 0
60 90 0 0
61 90 0 0
62 90 0 0
63 90 0 0
64 90 0 0
89 90 0 0
2 91 0 0
27 91 0 0
41 91 0 0
42 91 0 0
43 91 0 0
44 91 0 0
45 91 0 0
47 91 0 0
49 91 0 0
50 91 0 0
51 91 0 0
52 91 0 0
53 91 0 0
55 91 0 0
56 91 0 0
57 91 0 0
58 91 0 0
59 91 0 0
60 91 0 0
61 91 0 0
62 91 0 0
63 91 0 0
64 91 0 0
66 91 0 0
67 91 0 0
68 91 0 0
89 91 0 0
90 91 0 0
2 92 0 0
41 92 0 0
42 92 0 0
44 92 0 0
45 92 0 0
47 92 0 0
49 92 0 0
51 92 0 0
52 92 0 0
56 92 0 0
57 92 0 0
58 92 0 0
59 92 0 0
60 92 0 0
61 92 0 0
62 92 0 0
63 92 0 0
64 92 0 0
66 92 0 0
67 92 0 0
89 92 0 0
90 92 0 0
91 92 0 0
2 93 0 0
42 93 0 0
43 93 0 0
45 93 0 0
46 93 0 0
47 93 0 0
48 93 0 0
50 93 0 0
52 93 0 0
57 93 0 0
58 93 0 0
59 93 0 0
60 93 0 0
61 93 0 0
62 93 0 0
63 93 0 0
64 93 0 0
67 93 0 0
68 93 0 0
90 93 0 0
91 93 0 0
92 93 0 0
2 94 0 0
41 94 0 0
42 94 0 0
43 94 0 0
45 94 0 0
47 94 0 0
51 94 0 0
52 94 0 0
56 94 0 0
57 94 0 0
58 94 0 0
59 94 0 0
60 94 0 0
61 94 0 0
62 94 0 0
63 94 0 0
64 94 0 0
66 94 0 0
67 94 0 0
68 94 0 0
71 94 0 0
85 94 0 0
89 94 0 0
90 94 0 0
91 94 0 0
92 94 0 0
93 94 0 0
39 96 0 1
3 97 0 1
4 97 0 1
5 97 0 1
9 97 0 1
29 97 0 1
1 98 0 1
3 98 0 1
4 98 0 1
5 98 0 1
9 98 0 1
29 98 0 1
33 98 0 1
3 102 0 1
4 102 0 1
5 102 0 1
6 102 0 1
9 102 0 1
14 102 0 1
18 102 0 1
24 102 0 1
29 102 0 1
33 102 0 1
37 102 0 1
29 106 0 1
3 109 0 1
4 109 0 1
5 109 0 1
9 109 0 1
29 109 0 1
33 109 0 1
9 116 0 1
14 116 0 1
18 116 0 1
19 116 0 1
21 116 0 1
23 116 0 1
24 116 0 1
29 116 0 1
33 116 0 1
37 116 0 1
39 116 0 1
40 116 0 1
41 116 0 1
9 117 0 1
18 117 0 1
19 117 0 1
24 117 0 1
39 117 0 1
40 117 0 1
41 117 0 1
39 120 0 1
9 122 0 1
18 122 0 1
29 122 0 1
39 122 0 1
39 123 0 1
39 124 0 1
18 125 0 1
39 125 0 1
39 126 0 1
39 127 0 1
40 127 0 1
39 128 0 1
39 129 0 1
39 132 0 1
40 132 0 1
39 133 0 1
40 133 0 1
44 133 0 1
56 133 0 1
39 134 0 1
40 134 0 1
40 136 0 1
39 137 0 1
40 137 0 1
44 137 0 1
39 138 0 1
40 138 0 1
39 139 0 1
40 139 0 1
44 139 0 1
39 140 0 1
39 141 0 1
40 141 0 1
44 148 0 1
56 148 0 1
65 148 0 1
70 148 0 1
89 148 0 1
40 149 0 1
44 149 0 1
56 149 0 1
60 149 0 1
65 149 0 1
89 149 0 1
44 150 0 1
56 150 0 1
65 150 0 1
40 151 0 1
44 151 0 1
2 154 0 1
56 154 0 1
57 154 0 1
58 154 0 1
59 154 0 1
60 154 0 1
61 154 0 1
62 154 0 1
63 154 0 1
64 154 0 1
65 154 0 1
66 154 0 1
67 154 0 1
68 154 0 1
69 154 0 1
70 154 0 1
71 154 0 1
73 154 0 1
74 154 0 1
79 154 0 1
81 154 0 1
82 154 0 1
84 154 0 1
85 154 0 1
86 154 0 1
88 154 0 1
89 154 0 1
90 154 0 1
91 154 0 1
92 154 0 1
93 154 0 1
94 154 0 1
2 155 0 1
44 155 0 1
56 155 0 1
58 155 0 1
60 155 0 1
63 155 0 1
65 155 0 1
66 155 0 1
67 155 0 1
68 155 0 1
69 155 0 1
70 155 0 1
71 155 0 1
72 155 0 1
81 155 0 1
82 155 0 1
89 155 0 1
92 155 0 1
56 156 0 1
65 156 0 1
70 156 0 1
89 156 0 1
44 158 0 1
65 158 0 1
56 165 0 1
60 165 0 1
65 165 0 1
66 165 0 1
67 165 0 1
69 165 0 1
70 165 0 1
72 165 0 1
81 165 0 1
89 165 0 1
65 166 0 1
65 167 0 1
70 167 0 1
72 167 0 1
81 167 0 1
65 168 0 1
66 168 0 1
69 168 0 1
70 168 0 1
72 168 0 1
75 168 0 1
81 168 0 1
82 168 0 1
72 169 0 1
75 169 0 1
72 170 0 1
65 174 0 1
70 174 0 1
72 174 0 1
75 174 0 1
81 174 0 1
56 176 0 1
65 176 0 1
70 176 0 1
72 176 0 1
81 176 0 1
89 176 0 1
65 177 0 1
56 179 0 1
65 179 0 1
66 179 0 1
69 179 0 1
70 179 0 1
72 179 0 1
75 179 0 1
81 179 0 1
89 179 0 1
65 180 0 1
