1 2 0 0
1 3 0 0
2 3 0 0
4 5 0 0
1 6 0 0
2 6 0 0
2 7 0 0
2 8 0 0
6 8 0 0
1 9 0 0
2 9 0 0
6 9 0 0
8 9 0 0
1 10 0 0
2 10 0 0
6 10 0 0
8 10 0 0
9 10 0 0
2 11 0 0
6 11 0 0
7 11 0 0
8 11 0 0
9 11 0 0
10 11 0 0
1 12 0 0
2 12 0 0
6 12 0 0
7 12 0 0
8 12 0 0
9 12 0 0
10 12 0 0
11 12 0 0
1 13 0 0
2 13 0 0
8 13 0 0
9 13 0 0
10 13 0 0
12 13 0 0
1 14 0 0
2 14 0 0
8 14 0 0
9 14 0 0
10 14 0 0
11 14 0 0
12 14 0 0
13 14 0 0
1 15 0 0
3 15 0 0
13 15 0 0
14 15 0 0
1 16 0 0
2 16 0 0
3 16 0 0
9 16 0 0
12 16 0 0
13 16 0 0
14 16 0 0
15 16 0 0
1 17 0 0
2 17 0 0
6 17 0 0
8 17 0 0
9 17 0 0
10 17 0 0
11 17 0 0
12 17 0 0
13 17 0 0
14 17 0 0
16 17 0 0
1 18 0 0
2 18 0 0
6 18 0 0
8 18 0 0
9 18 0 0
10 18 0 0
12 18 0 0
13 18 0 0
14 18 0 0
15 18 0 0
16 18 0 0
17 18 0 0
1 19 0 0
2 19 0 0
8 19 0 0
9 19 0 0
10 19 0 0
12 19 0 0
13 19 0 0
14 19 0 0
15 19 0 0
16 19 0 0
17 19 0 0
18 19 0 0
1 20 0 0
2 20 0 0
11 20 0 0
12 20 0 0
13 20 0 0
14 20 0 0
15 20 0 0
16 20 0 0
17 20 0 0
18 20 0 0
19 20 0 0
1 21 0 0
3 21 0 0
15 21 0 0
16 21 0 0
18 21 0 0
19 21 0 0
1 22 0 0
2 22 0 0
10 22 0 0
11 22 0 0
12 22 0 0
13 22 0 0
14 22 0 0
15 22 0 0
16 22 0 0
17 22 0 0
18 22 0 0
19 22 0 0
20 22 0 0
1 23 0 0
2 23 0 0
3 23 0 0
13 23 0 0
14 23 0 0
15 23 0 0
16 23 0 0
17 23 0 0
18 23 0 0
19 23 0 0
20 23 0 0
21 23 0 0
22 23 0 0
1 24 0 0
3 24 0 0
15 24 0 0
16 24 0 0
21 24 0 0
23 24 0 0
2 25 0 0
2 26 0 0
25 26 0 0
2 27 0 0
3 27 0 0
24 27 0 0
2 28 0 0
27 28 0 0
2 29 0 0
28 29 0 0
2 30 0 0
25 30 0 0
26 30 0 0
2 31 0 0
25 31 0 0
26 31 0 0
29 31 0 0
30 31 0 0
2 32 0 0
3 32 0 0
24 32 0 0
27 32 0 0
28 32 0 0
2 33 0 0
3 33 0 0
24 33 0 0
27 33 0 0
28 33 0 0
32 33 0 0
2 34 0 0
3 34 0 0
24 34 0 0
27 34 0 0
28 34 0 0
32 34 0 0
33 34 0 0
2 35 0 0
25 35 0 0
26 35 0 0
30 35 0 0
31 35 0 0
3 36 0 0
24 36 0 0
27 36 0 0
32 36 0 0
33 36 0 0
34 36 0 0
2 37 0 0
3 37 0 0
24 37 0 0
27 37 0 0
28 37 0 0
32 37 0 0
33 37 0 0
34 37 0 0
36 37 0 0
2 38 0 0
3 38 0 0
24 38 0 0
27 38 0 0
28 38 0 0
32 38 0 0
33 38 0 0
34 38 0 0
36 38 0 0
37 38 0 0
2 39 0 0
25 39 0 0
28 39 0 0
29 39 0 0
31 39 0 0
2 40 0 0
3 40 0 0
20 40 0 0
23 40 0 0
24 40 0 0
27 40 0 0
28 40 0 0
32 40 0 0
33 40 0 0
34 40 0 0
36 40 0 0
37 40 0 0
38 40 0 0
2 41 0 0
3 41 0 0
20 41 0 0
24 41 0 0
27 41 0 0
28 41 0 0
32 41 0 0
33 41 0 0
34 41 0 0
36 41 0 0
37 41 0 0
38 41 0 0
40 41 0 0
2 42 0 0
13 42 0 0
14 42 0 0
17 42 0 0
20 42 0 0
22 42 0 0
38 42 0 0
39 42 0 0
41 42 0 0
1 43 0 0
2 43 0 0
3 43 0 0
12 43 0 0
13 43 0 0
14 43 0 0
15 43 0 0
16 43 0 0
17 43 0 0
18 43 0 0
19 43 0 0
20 43 0 0
21 43 0 0
22 43 0 0
23 43 0 0
24 43 0 0
27 43 0 0
28 43 0 0
32 43 0 0
33 43 0 0
34 43 0 0
37 43 0 0
38 43 0 0
40 43 0 0
41 43 0 0
42 43 0 0
1 44 0 0
2 44 0 0
3 44 0 0
13 44 0 0
14 44 0 0
15 44 0 0
16 44 0 0
18 44 0 0
19 44 0 0
20 44 0 0
21 44 0 0
22 44 0 0
23 44 0 0
24 44 0 0
27 44 0 0
28 44 0 0
32 44 0 0
33 44 0 0
34 44 0 0
36 44 0 0
37 44 0 0
38 44 0 0
40 44 0 0
41 44 0 0
42 44 0 0
43 44 0 0
2 45 0 1
7 45 0 1
25 45 0 1
26 45 0 1
30 45 0 1
35 45 0 1
5 47 0 1
4 49 0 1
5 49 0 1
1 52 0 1
1 53 0 1
6 53 0 1
1 54 0 1
6 54 0 1
9 54 0 1
4 55 0 1
5 55 0 1
1 56 0 1
6 56 0 1
8 56 0 1
9 56 0 1
4 57 0 1
5 57 0 1
1 59 0 1
6 59 0 1
8 59 0 1
9 59 0 1
10 59 0 1
2 60 0 1
7 60 0 1
11 60 0 1
2 61 0 1
25 61 0 1
2 62 0 1
25 62 0 1
30 62 0 1
2 64 0 1
25 64 0 1
2 65 0 1
25 65 0 1
30 65 0 1
35 65 0 1
2 66 0 1
25 66 0 1
26 66 0 1
30 66 0 1
31 66 0 1
35 66 0 1
2 67 0 1
25 67 0 1
26 67 0 1
30 67 0 1
35 67 0 1
26 68 0 1
30 68 0 1
35 68 0 1
2 69 0 1
25 69 0 1
26 69 0 1
30 69 0 1
35 69 0 1
2 70 0 1
25 70 0 1
26 70 0 1
30 70 0 1
31 70 0 1
35 70 0 1
2 71 0 1
25 71 0 1
26 71 0 1
30 71 0 1
31 71 0 1
35 71 0 1
2 72 0 1
7 72 0 1
25 72 0 1
2 73 0 1
7 73 0 1
