2 3 0 0
2 5 0 0
3 5 0 0
4 5 0 0
4 6 0 0
7 8 0 0
4 9 0 0
5 9 0 0
6 9 0 0
1 10 0 0
7 10 0 0
8 10 0 0
11 12 0 0
1 13 0 0
10 13 0 0
9 14 0 0
11 14 0 0
12 14 0 0
9 15 0 0
11 15 0 0
12 15 0 0
14 15 0 0
1 16 0 0
7 16 0 0
8 16 0 0
10 16 0 0
13 16 0 0
9 17 0 0
11 17 0 0
12 17 0 0
14 17 0 0
15 17 0 0
11 18 0 0
12 18 0 0
14 18 0 0
15 18 0 0
17 18 0 0
1 19 0 0
8 19 0 0
10 19 0 0
13 19 0 0
16 19 0 0
9 20 0 0
11 20 0 0
12 20 0 0
14 20 0 0
15 20 0 0
17 20 0 0
18 20 0 0
9 21 0 0
11 21 0 0
12 21 0 0
14 21 0 0
15 21 0 0
17 21 0 0
18 21 0 0
20 21 0 0
1 22 0 0
7 22 0 0
8 22 0 0
10 22 0 0
13 22 0 0
16 22 0 0
19 22 0 0
4 23 0 0
5 23 0 0
6 23 0 0
9 23 0 0
11 23 0 0
12 23 0 0
14 23 0 0
15 23 0 0
17 23 0 0
18 23 0 0
20 23 0 0
21 23 0 0
1 24 0 0
7 24 0 0
8 24 0 0
10 24 0 0
13 24 0 0
16 24 0 0
19 24 0 0
22 24 0 0
1 25 0 0
14 25 0 0
20 25 0 0
1 26 0 0
12 26 0 0
14 26 0 0
15 26 0 0
17 26 0 0
20 26 0 0
21 26 0 0
25 26 0 0
11 27 0 0
11 28 0 0
12 28 0 0
18 28 0 0
26 28 0 0
27 28 0 0
1 29 0 0
25 29 0 0
1 30 0 0
1 31 0 0
29 31 0 0
30 31 0 0
1 32 0 0
30 32 0 0
31 32 0 0
1 34 0 0
30 34 0 0
31 34 0 0
32 34 0 0
33 35 0 0
30 36 0 0
31 36 0 0
32 36 0 0
34 36 0 0
34 38 0 0
36 38 0 0
37 38 0 0
34 39 0 0
36 39 0 0
37 39 0 0
38 39 0 0
37 40 0 0
38 40 0 0
39 40 0 0
34 41 0 0
36 41 0 0
38 41 0 0
39 41 0 0
40 41 0 0
1 42 0 0
30 42 0 0
31 42 0 0
32 42 0 0
34 42 0 0
36 42 0 0
38 42 0 0
41 42 0 0
33 43 0 0
35 43 0 0
37 43 0 0
40 43 0 0
1 44 0 0
25 44 0 0
26 44 0 0
29 44 0 0
1 45 0 0
13 45 0 0
16 45 0 0
29 45 0 0
30 45 0 0
31 45 0 0
32 45 0 0
34 45 0 0
44 45 0 0
11 46 0 0
12 46 0 0
26 46 0 0
28 46 0 0
33 46 0 0
1 47 0 0
25 47 0 0
26 47 0 0
29 47 0 0
44 47 0 0
46 47 0 0
1 48 0 0
12 48 0 0
20 48 0 0
25 48 0 0
26 48 0 0
28 48 0 0
44 48 0 0
46 48 0 0
47 48 0 0
11 49 0 0
18 49 0 0
23 49 0 0
27 49 0 0
28 49 0 0
1 50 0 0
12 50 0 0
14 50 0 0
15 50 0 0
17 50 0 0
20 50 0 0
21 50 0 0
25 50 0 0
26 50 0 0
44 50 0 0
46 50 0 0
47 50 0 0
48 50 0 0
11 51 0 0
18 51 0 0
27 51 0 0
28 51 0 0
46 51 0 0
49 51 0 0
11 52 0 0
18 52 0 0
23 52 0 0
27 52 0 0
28 52 0 0
49 52 0 0
51 52 0 0
9 53 0 0
11 53 0 0
12 53 0 0
14 53 0 0
15 53 0 0
17 53 0 0
18 53 0 0
20 53 0 0
21 53 0 0
23 53 0 0
26 53 0 0
27 53 0 0
28 53 0 0
46 53 0 0
48 53 0 0
49 53 0 0
50 53 0 0
51 53 0 0
52 53 0 0
11 54 0 0
12 54 0 0
15 54 0 0
18 54 0 0
20 54 0 0
21 54 0 0
23 54 0 0
27 54 0 0
28 54 0 0
46 54 0 0
49 54 0 0
51 54 0 0
52 54 0 0
53 54 0 0
1 55 0 0
12 55 0 0
14 55 0 0
15 55 0 0
17 55 0 0
20 55 0 0
21 55 0 0
25 55 0 0
26 55 0 0
44 55 0 0
46 55 0 0
47 55 0 0
48 55 0 0
50 55 0 0
53 55 0 0
1 56 0 1
2 56 0 1
3 56 0 1
4 56 0 1
5 56 0 1
9 56 0 1
10 56 0 1
11 56 0 1
12 56 0 1
14 56 0 1
15 56 0 1
17 56 0 1
18 56 0 1
20 56 0 1
21 56 0 1
23 56 0 1
24 56 0 1
25 56 0 1
26 56 0 1
44 56 0 1
47 56 0 1
48 56 0 1
50 56 0 1
53 56 0 1
55 56 0 1
33 57 0 1
35 57 0 1
37 57 0 1
40 57 0 1
43 57 0 1
3 58 0 1
4 58 0 1
5 58 0 1
6 58 0 1
9 58 0 1
21 58 0 1
23 58 0 1
7 59 0 1
8 59 0 1
10 59 0 1
22 59 0 1
24 59 0 1
4 60 0 1
5 60 0 1
6 60 0 1
9 60 0 1
17 60 0 1
21 60 0 1
23 60 0 1
53 60 0 1
2 61 0 1
3 61 0 1
5 61 0 1
9 61 0 1
2 62 0 1
3 62 0 1
10 62 0 1
7 63 0 1
8 63 0 1
10 63 0 1
16 63 0 1
22 63 0 1
24 63 0 1
2 64 0 1
3 64 0 1
5 64 0 1
2 65 0 1
3 65 0 1
2 66 0 1
7 66 0 1
8 66 0 1
10 66 0 1
22 66 0 1
24 66 0 1
2 67 0 1
3 67 0 1
7 67 0 1
8 67 0 1
24 67 0 1
2 68 0 1
3 68 0 1
7 68 0 1
8 68 0 1
22 68 0 1
24 68 0 1
7 69 0 1
8 69 0 1
10 69 0 1
16 69 0 1
22 69 0 1
24 69 0 1
2 70 0 1
7 70 0 1
8 70 0 1
10 70 0 1
22 70 0 1
24 70 0 1
1 71 0 1
2 71 0 1
3 71 0 1
7 71 0 1
8 71 0 1
10 71 0 1
13 71 0 1
16 71 0 1
19 71 0 1
22 71 0 1
24 71 0 1
2 72 0 1
3 72 0 1
10 72 0 1
24 72 0 1
1 73 0 1
10 73 0 1
13 73 0 1
16 73 0 1
19 73 0 1
22 73 0 1
24 73 0 1
11 74 0 1
18 74 0 1
23 74 0 1
27 74 0 1
49 74 0 1
51 74 0 1
52 74 0 1
53 74 0 1
54 74 0 1
1 75 0 1
11 75 0 1
12 75 0 1
14 75 0 1
15 75 0 1
17 75 0 1
18 75 0 1
20 75 0 1
21 75 0 1
25 75 0 1
26 75 0 1
28 75 0 1
46 75 0 1
47 75 0 1
48 75 0 1
50 75 0 1
53 75 0 1
54 75 0 1
55 75 0 1
11 76 0 1
18 76 0 1
23 76 0 1
27 76 0 1
49 76 0 1
51 76 0 1
52 76 0 1
54 76 0 1
11 77 0 1
18 77 0 1
23 77 0 1
27 77 0 1
49 77 0 1
51 77 0 1
52 77 0 1
53 77 0 1
54 77 0 1
1 78 0 1
10 78 0 1
25 78 0 1
50 78 0 1
55 78 0 1
1 79 0 1
10 79 0 1
24 79 0 1
27 80 0 1
28 80 0 1
33 80 0 1
46 80 0 1
49 80 0 1
51 80 0 1
53 80 0 1
54 80 0 1
27 81 0 1
33 81 0 1
49 81 0 1
51 81 0 1
1 82 0 1
29 82 0 1
30 82 0 1
31 82 0 1
32 82 0 1
34 82 0 1
38 82 0 1
40 82 0 1
42 82 0 1
44 82 0 1
45 82 0 1
47 82 0 1
27 83 0 1
28 83 0 1
33 83 0 1
49 83 0 1
51 83 0 1
27 84 0 1
33 84 0 1
49 84 0 1
51 84 0 1
27 85 0 1
33 85 0 1
49 85 0 1
51 85 0 1
27 86 0 1
28 86 0 1
33 86 0 1
46 86 0 1
49 86 0 1
51 86 0 1
1 87 0 1
29 87 0 1
31 87 0 1
34 87 0 1
37 87 0 1
38 87 0 1
39 87 0 1
40 87 0 1
41 87 0 1
44 87 0 1
45 87 0 1
47 87 0 1
1 88 0 1
29 88 0 1
37 88 0 1
40 88 0 1
43 88 0 1
44 88 0 1
47 88 0 1
48 88 0 1
50 88 0 1
1 89 0 1
29 89 0 1
37 89 0 1
38 89 0 1
40 89 0 1
41 89 0 1
44 89 0 1
45 89 0 1
47 89 0 1
27 90 0 1
33 90 0 1
35 90 0 1
46 90 0 1
51 90 0 1
31 91 0 1
32 91 0 1
34 91 0 1
36 91 0 1
38 91 0 1
39 91 0 1
41 91 0 1
42 91 0 1
30 92 0 1
31 92 0 1
32 92 0 1
34 92 0 1
36 92 0 1
38 92 0 1
39 92 0 1
40 92 0 1
41 92 0 1
42 92 0 1
33 93 0 1
35 93 0 1
43 93 0 1
1 94 0 1
29 94 0 1
30 94 0 1
31 94 0 1
32 94 0 1
34 94 0 1
36 94 0 1
37 94 0 1
38 94 0 1
39 94 0 1
40 94 0 1
41 94 0 1
42 94 0 1
44 94 0 1
45 94 0 1
27 95 0 1
33 95 0 1
1 96 0 1
29 96 0 1
31 96 0 1
34 96 0 1
36 96 0 1
37 96 0 1
38 96 0 1
39 96 0 1
40 96 0 1
41 96 0 1
42 96 0 1
44 96 0 1
29 97 0 1
37 97 0 1
38 97 0 1
39 97 0 1
40 97 0 1
41 97 0 1
35 98 0 1
37 98 0 1
40 98 0 1
43 98 0 1
33 99 0 1
34 100 0 1
36 100 0 1
38 100 0 1
39 100 0 1
41 100 0 1
42 100 0 1
34 101 0 1
36 101 0 1
38 101 0 1
39 101 0 1
40 101 0 1
41 101 0 1
42 101 0 1
37 102 0 1
38 102 0 1
39 102 0 1
40 102 0 1
41 102 0 1
35 103 0 1
37 103 0 1
40 103 0 1
43 103 0 1
33 104 0 1
35 105 0 1
37 105 0 1
39 105 0 1
40 105 0 1
41 105 0 1
43 105 0 1
33 106 0 1
35 106 0 1
34 107 0 1
36 107 0 1
38 107 0 1
39 107 0 1
40 107 0 1
41 107 0 1
42 107 0 1
27 108 0 1
28 108 0 1
33 108 0 1
46 108 0 1
49 108 0 1
51 108 0 1
52 108 0 1
53 108 0 1
54 108 0 1
