1 2 0 0
2 3 0 0
2 4 0 0
2 5 0 0
3 5 0 0
2 6 0 0
3 6 0 0
5 6 0 0
2 7 0 0
3 7 0 0
5 7 0 0
6 7 0 0
3 8 0 0
5 8 0 0
6 8 0 0
7 8 0 0
2 9 0 0
4 9 0 0
2 10 0 0
4 10 0 0
9 10 0 0
2 11 0 0
3 11 0 0
5 11 0 0
6 11 0 0
7 11 0 0
2 12 0 0
5 12 0 0
9 12 0 0
10 12 0 0
11 12 0 0
2 13 0 0
5 13 0 0
7 13 0 0
9 13 0 0
11 13 0 0
12 13 0 0
2 14 0 0
9 14 0 0
10 14 0 0
2 15 0 0
2 16 0 0
11 16 0 0
12 16 0 0
13 16 0 0
15 16 0 0
2 17 0 0
14 17 0 0
2 18 0 0
12 18 0 0
13 18 0 0
16 18 0 0
17 18 0 0
2 19 0 0
14 19 0 0
17 19 0 0
1 20 0 0
2 20 0 0
17 20 0 0
18 20 0 0
19 20 0 0
1 21 0 0
2 21 0 0
16 21 0 0
18 21 0 0
1 22 0 0
19 22 0 0
20 22 0 0
1 23 0 0
2 23 0 0
17 23 0 0
18 23 0 0
19 23 0 0
20 23 0 0
22 23 0 0
1 24 0 0
2 24 0 0
17 24 0 0
18 24 0 0
20 24 0 0
21 24 0 0
23 24 0 0
1 25 0 0
2 25 0 0
20 25 0 0
22 25 0 0
23 25 0 0
24 25 0 0
1 26 0 0
2 26 0 0
21 26 0 0
24 26 0 0
27 28 0 0
27 29 0 0
28 29 0 0
1 30 0 0
21 30 0 0
24 30 0 0
26 30 0 0
27 31 0 0
28 31 0 0
29 31 0 0
1 32 0 0
2 32 0 0
20 32 0 0
21 32 0 0
23 32 0 0
24 32 0 0
25 32 0 0
26 32 0 0
30 32 0 0
1 33 0 0
20 33 0 0
22 33 0 0
23 33 0 0
24 33 0 0
25 33 0 0
32 33 0 0
1 34 0 0
21 34 0 0
24 34 0 0
26 34 0 0
30 34 0 0
31 34 0 0
32 34 0 0
27 35 0 0
28 35 0 0
29 35 0 0
31 35 0 0
1 36 0 0
25 36 0 0
26 36 0 0
30 36 0 0
32 36 0 0
34 36 0 0
1 37 0 0
21 37 0 0
26 37 0 0
30 37 0 0
32 37 0 0
34 37 0 0
36 37 0 0
1 38 0 0
21 38 0 0
23 38 0 0
24 38 0 0
25 38 0 0
26 38 0 0
30 38 0 0
32 38 0 0
33 38 0 0
34 38 0 0
36 38 0 0
37 38 0 0
26 39 0 0
27 39 0 0
28 39 0 0
29 39 0 0
30 39 0 0
31 39 0 0
34 39 0 0
35 39 0 0
37 39 0 0
1 40 0 0
21 40 0 0
26 40 0 0
29 40 0 0
30 40 0 0
31 40 0 0
32 40 0 0
34 40 0 0
36 40 0 0
37 40 0 0
38 40 0 0
39 40 0 0
1 41 0 0
22 41 0 0
25 41 0 0
33 41 0 0
27 42 0 0
28 42 0 0
29 42 0 0
31 42 0 0
34 42 0 0
35 42 0 0
39 42 0 0
40 42 0 0
26 43 0 0
27 43 0 0
28 43 0 0
29 43 0 0
30 43 0 0
31 43 0 0
34 43 0 0
35 43 0 0
36 43 0 0
37 43 0 0
39 43 0 0
40 43 0 0
42 43 0 0
15 44 0 0
28 44 0 0
2 45 0 0
15 45 0 0
16 45 0 0
21 45 0 0
26 45 0 0
29 45 0 0
31 45 0 0
34 45 0 0
44 45 0 0
2 46 0 0
5 46 0 0
6 46 0 0
11 46 0 0
13 46 0 0
15 46 0 0
16 46 0 0
45 46 0 0
2 47 0 0
5 47 0 0
11 47 0 0
13 47 0 0
15 47 0 0
16 47 0 0
45 47 0 0
46 47 0 0
2 48 0 0
10 48 0 0
14 48 0 0
17 48 0 0
19 48 0 0
20 48 0 0
2 49 0 1
5 49 0 1
6 49 0 1
7 49 0 1
8 49 0 1
15 49 0 1
27 49 0 1
28 49 0 1
29 49 0 1
35 49 0 1
44 49 0 1
45 49 0 1
46 49 0 1
47 49 0 1
2 50 0 1
4 50 0 1
3 51 0 1
3 52 0 1
3 53 0 1
6 53 0 1
7 53 0 1
3 54 0 1
3 55 0 1
2 56 0 1
4 56 0 1
9 56 0 1
10 56 0 1
2 57 0 1
4 57 0 1
9 57 0 1
10 57 0 1
3 59 0 1
6 59 0 1
7 59 0 1
8 59 0 1
3 60 0 1
6 60 0 1
8 60 0 1
3 62 0 1
6 62 0 1
8 62 0 1
2 63 0 1
3 63 0 1
5 63 0 1
7 63 0 1
9 63 0 1
10 63 0 1
11 63 0 1
12 63 0 1
13 63 0 1
2 64 0 1
5 64 0 1
9 64 0 1
10 64 0 1
11 64 0 1
12 64 0 1
13 64 0 1
2 65 0 1
3 65 0 1
5 65 0 1
6 65 0 1
7 65 0 1
8 65 0 1
11 65 0 1
12 65 0 1
13 65 0 1
2 66 0 1
4 66 0 1
5 66 0 1
9 66 0 1
10 66 0 1
11 66 0 1
12 66 0 1
13 66 0 1
3 67 0 1
5 67 0 1
6 67 0 1
7 67 0 1
8 67 0 1
3 68 0 1
5 68 0 1
6 68 0 1
7 68 0 1
11 68 0 1
3 69 0 1
6 69 0 1
7 69 0 1
8 69 0 1
2 70 0 1
3 70 0 1
5 70 0 1
6 70 0 1
7 70 0 1
11 70 0 1
12 70 0 1
13 70 0 1
15 71 0 1
44 71 0 1
45 71 0 1
1 72 0 1
2 72 0 1
14 72 0 1
17 72 0 1
18 72 0 1
19 72 0 1
20 72 0 1
22 72 0 1
23 72 0 1
24 72 0 1
25 72 0 1
33 72 0 1
48 72 0 1
2 73 0 1
13 73 0 1
15 73 0 1
16 73 0 1
18 73 0 1
21 73 0 1
24 73 0 1
26 73 0 1
34 73 0 1
45 73 0 1
46 73 0 1
47 73 0 1
2 74 0 1
15 74 0 1
16 74 0 1
18 74 0 1
21 74 0 1
45 74 0 1
46 74 0 1
47 74 0 1
44 75 0 1
1 76 0 1
2 76 0 1
19 76 0 1
20 76 0 1
22 76 0 1
23 76 0 1
25 76 0 1
33 76 0 1
41 76 0 1
1 77 0 1
2 77 0 1
18 77 0 1
20 77 0 1
21 77 0 1
23 77 0 1
24 77 0 1
26 77 0 1
30 77 0 1
32 77 0 1
34 77 0 1
37 77 0 1
38 77 0 1
40 77 0 1
1 78 0 1
2 78 0 1
17 78 0 1
18 78 0 1
20 78 0 1
21 78 0 1
22 78 0 1
23 78 0 1
24 78 0 1
25 78 0 1
30 78 0 1
32 78 0 1
33 78 0 1
37 78 0 1
38 78 0 1
21 79 0 1
26 79 0 1
29 79 0 1
30 79 0 1
31 79 0 1
34 79 0 1
37 79 0 1
39 79 0 1
40 79 0 1
42 79 0 1
43 79 0 1
45 79 0 1
21 80 0 1
26 80 0 1
28 80 0 1
29 80 0 1
30 80 0 1
31 80 0 1
34 80 0 1
35 80 0 1
37 80 0 1
39 80 0 1
40 80 0 1
42 80 0 1
43 80 0 1
45 80 0 1
27 81 0 1
28 81 0 1
29 81 0 1
31 81 0 1
35 81 0 1
42 81 0 1
27 82 0 1
28 82 0 1
29 82 0 1
35 82 0 1
27 83 0 1
28 83 0 1
29 83 0 1
31 83 0 1
35 83 0 1
27 84 0 1
28 84 0 1
29 84 0 1
31 84 0 1
35 84 0 1
42 84 0 1
1 85 0 1
2 85 0 1
14 85 0 1
17 85 0 1
19 85 0 1
20 85 0 1
22 85 0 1
23 85 0 1
24 85 0 1
25 85 0 1
32 85 0 1
33 85 0 1
48 85 0 1
27 86 0 1
28 86 0 1
29 86 0 1
44 86 0 1
2 87 0 1
3 87 0 1
5 87 0 1
6 87 0 1
7 87 0 1
8 87 0 1
11 87 0 1
46 87 0 1
47 87 0 1
3 88 0 1
5 88 0 1
6 88 0 1
7 88 0 1
8 88 0 1
15 88 0 1
45 88 0 1
47 88 0 1
