1 2 0 0
1 3 0 0
2 3 0 0
1 4 0 0
2 4 0 0
3 4 0 0
1 5 0 0
2 5 0 0
3 5 0 0
4 5 0 0
1 6 0 0
2 6 0 0
3 6 0 0
4 6 0 0
5 6 0 0
1 7 0 0
3 7 0 0
4 7 0 0
5 7 0 0
1 8 0 0
2 8 0 0
3 8 0 0
4 8 0 0
5 8 0 0
6 8 0 0
7 8 0 0
1 9 0 0
7 9 0 0
1 10 0 0
4 10 0 0
7 10 0 0
8 10 0 0
9 10 0 0
1 11 0 0
3 11 0 0
4 11 0 0
5 11 0 0
7 11 0 0
8 11 0 0
9 11 0 0
10 11 0 0
1 12 0 0
9 12 0 0
4 14 0 0
10 14 0 0
11 14 0 0
13 14 0 0
1 15 0 0
9 15 0 0
10 15 0 0
11 15 0 0
14 15 0 0
4 16 0 0
9 16 0 0
10 16 0 0
11 16 0 0
14 16 0 0
15 16 0 0
13 17 0 0
14 17 0 0
16 17 0 0
13 18 0 0
14 18 0 0
17 18 0 0
1 19 0 0
9 19 0 0
10 19 0 0
11 19 0 0
12 19 0 0
15 19 0 0
16 19 0 0
1 20 0 0
9 20 0 0
10 20 0 0
11 20 0 0
12 20 0 0
14 20 0 0
15 20 0 0
16 20 0 0
19 20 0 0
11 21 0 0
13 21 0 0
14 21 0 0
16 21 0 0
17 21 0 0
18 21 0 0
16 22 0 0
19 22 0 0
20 22 0 0
1 24 0 0
23 24 0 0
14 25 0 0
15 25 0 0
16 25 0 0
19 25 0 0
20 25 0 0
21 25 0 0
22 25 0 0
1 26 0 0
23 26 0 0
24 26 0 0
1 27 0 0
23 27 0 0
24 27 0 0
26 27 0 0
14 28 0 0
15 28 0 0
16 28 0 0
19 28 0 0
20 28 0 0
22 28 0 0
25 28 0 0
11 29 0 0
14 29 0 0
15 29 0 0
16 29 0 0
19 29 0 0
20 29 0 0
22 29 0 0
25 29 0 0
28 29 0 0
11 30 0 0
14 30 0 0
15 30 0 0
16 30 0 0
17 30 0 0
19 30 0 0
20 30 0 0
21 30 0 0
22 30 0 0
25 30 0 0
28 30 0 0
29 30 0 0
9 31 0 0
10 31 0 0
11 31 0 0
12 31 0 0
15 31 0 0
16 31 0 0
19 31 0 0
20 31 0 0
22 31 0 0
25 31 0 0
28 31 0 0
29 31 0 0
30 31 0 0
1 32 0 0
9 32 0 0
10 32 0 0
11 32 0 0
12 32 0 0
15 32 0 0
16 32 0 0
19 32 0 0
20 32 0 0
22 32 0 0
25 32 0 0
28 32 0 0
29 32 0 0
30 32 0 0
31 32 0 0
1 33 0 0
12 33 0 0
23 33 0 0
24 33 0 0
26 33 0 0
27 33 0 0
32 33 0 0
9 34 0 0
10 34 0 0
11 34 0 0
14 34 0 0
15 34 0 0
16 34 0 0
19 34 0 0
20 34 0 0
21 34 0 0
22 34 0 0
25 34 0 0
28 34 0 0
29 34 0 0
30 34 0 0
31 34 0 0
32 34 0 0
11 35 0 0
14 35 0 0
15 35 0 0
16 35 0 0
17 35 0 0
18 35 0 0
21 35 0 0
25 35 0 0
28 35 0 0
29 35 0 0
30 35 0 0
34 35 0 0
2 36 0 0
4 36 0 0
6 36 0 0
13 36 0 0
14 36 0 0
17 36 0 0
18 36 0 0
21 36 0 0
35 36 0 0
4 37 0 0
6 37 0 0
8 37 0 0
10 37 0 0
11 37 0 0
13 37 0 0
14 37 0 0
15 37 0 0
16 37 0 0
17 37 0 0
18 37 0 0
21 37 0 0
30 37 0 0
34 37 0 0
35 37 0 0
36 37 0 0
1 38 0 0
7 38 0 0
8 38 0 0
9 38 0 0
10 38 0 0
11 38 0 0
12 38 0 0
14 38 0 0
15 38 0 0
16 38 0 0
19 38 0 0
20 38 0 0
29 38 0 0
30 38 0 0
31 38 0 0
32 38 0 0
34 38 0 0
1 39 0 0
9 39 0 0
10 39 0 0
11 39 0 0
12 39 0 0
15 39 0 0
19 39 0 0
20 39 0 0
29 39 0 0
31 39 0 0
32 39 0 0
33 39 0 0
34 39 0 0
38 39 0 0
1 40 0 0
9 40 0 0
12 40 0 0
19 40 0 0
20 40 0 0
29 40 0 0
31 40 0 0
32 40 0 0
33 40 0 0
34 40 0 0
38 40 0 0
39 40 0 0
1 41 0 0
7 41 0 0
8 41 0 0
9 41 0 0
10 41 0 0
11 41 0 0
14 41 0 0
15 41 0 0
16 41 0 0
19 41 0 0
20 41 0 0
28 41 0 0
29 41 0 0
30 41 0 0
31 41 0 0
32 41 0 0
34 41 0 0
35 41 0 0
37 41 0 0
38 41 0 0
39 41 0 0
40 41 0 0
4 42 0 0
8 42 0 0
10 42 0 0
11 42 0 0
14 42 0 0
15 42 0 0
16 42 0 0
17 42 0 0
18 42 0 0
19 42 0 0
20 42 0 0
21 42 0 0
25 42 0 0
29 42 0 0
30 42 0 0
31 42 0 0
34 42 0 0
35 42 0 0
36 42 0 0
37 42 0 0
38 42 0 0
41 42 0 0
1 43 0 0
7 43 0 0
9 43 0 0
10 43 0 0
11 43 0 0
14 43 0 0
15 43 0 0
16 43 0 0
19 43 0 0
20 43 0 0
25 43 0 0
28 43 0 0
29 43 0 0
30 43 0 0
31 43 0 0
32 43 0 0
34 43 0 0
35 43 0 0
37 43 0 0
38 43 0 0
41 43 0 0
42 43 0 0
1 44 0 0
9 44 0 0
10 44 0 0
11 44 0 0
14 44 0 0
15 44 0 0
16 44 0 0
19 44 0 0
20 44 0 0
25 44 0 0
28 44 0 0
29 44 0 0
30 44 0 0
31 44 0 0
32 44 0 0
34 44 0 0
35 44 0 0
37 44 0 0
38 44 0 0
39 44 0 0
40 44 0 0
41 44 0 0
42 44 0 0
43 44 0 0
1 45 0 0
33 45 0 0
1 46 0 0
3 46 0 0
4 46 0 0
7 46 0 0
8 46 0 0
9 46 0 0
10 46 0 0
11 46 0 0
15 46 0 0
16 46 0 0
19 46 0 0
20 46 0 0
34 46 0 0
38 46 0 0
39 46 0 0
41 46 0 0
42 46 0 0
43 46 0 0
44 46 0 0
1 47 0 0
4 47 0 0
7 47 0 0
8 47 0 0
9 47 0 0
10 47 0 0
11 47 0 0
12 47 0 0
14 47 0 0
15 47 0 0
16 47 0 0
19 47 0 0
20 47 0 0
32 47 0 0
34 47 0 0
38 47 0 0
39 47 0 0
40 47 0 0
41 47 0 0
42 47 0 0
43 47 0 0
44 47 0 0
46 47 0 0
1 48 0 0
12 48 0 0
33 48 0 0
39 48 0 0
40 48 0 0
45 48 0 0
1 49 0 0
3 49 0 0
4 49 0 0
5 49 0 0
6 49 0 0
7 49 0 0
8 49 0 0
9 49 0 0
10 49 0 0
11 49 0 0
14 49 0 0
15 49 0 0
16 49 0 0
17 49 0 0
21 49 0 0
34 49 0 0
37 49 0 0
38 49 0 0
41 49 0 0
42 49 0 0
43 49 0 0
44 49 0 0
46 49 0 0
47 49 0 0
1 50 0 0
3 50 0 0
4 50 0 0
7 50 0 0
8 50 0 0
9 50 0 0
10 50 0 0
11 50 0 0
14 50 0 0
15 50 0 0
16 50 0 0
19 50 0 0
20 50 0 0
34 50 0 0
37 50 0 0
38 50 0 0
41 50 0 0
42 50 0 0
43 50 0 0
44 50 0 0
46 50 0 0
47 50 0 0
49 50 0 0
1 51 0 0
7 51 0 0
8 51 0 0
9 51 0 0
10 51 0 0
11 51 0 0
12 51 0 0
15 51 0 0
19 51 0 0
20 51 0 0
32 51 0 0
34 51 0 0
38 51 0 0
39 51 0 0
40 51 0 0
41 51 0 0
43 51 0 0
44 51 0 0
46 51 0 0
47 51 0 0
49 51 0 0
50 51 0 0
13 52 0 1
17 52 0 1
18 52 0 1
21 52 0 1
35 52 0 1
13 53 0 1
14 53 0 1
16 53 0 1
17 53 0 1
18 53 0 1
21 53 0 1
25 53 0 1
30 53 0 1
35 53 0 1
17 54 0 1
18 54 0 1
21 54 0 1
30 54 0 1
35 54 0 1
13 55 0 1
17 55 0 1
18 55 0 1
13 56 0 1
17 56 0 1
18 56 0 1
21 56 0 1
35 56 0 1
25 57 0 1
22 58 0 1
25 58 0 1
28 58 0 1
29 58 0 1
34 58 0 1
22 59 0 1
25 59 0 1
28 59 0 1
30 59 0 1
34 59 0 1
35 59 0 1
22 60 0 1
25 60 0 1
28 60 0 1
29 60 0 1
30 60 0 1
34 60 0 1
22 61 0 1
27 61 0 1
28 61 0 1
29 61 0 1
31 61 0 1
32 61 0 1
33 61 0 1
34 61 0 1
22 62 0 1
25 62 0 1
28 62 0 1
29 62 0 1
30 62 0 1
32 62 0 1
34 62 0 1
23 63 0 1
23 64 0 1
27 64 0 1
33 64 0 1
23 69 0 1
23 70 0 1
23 72 0 1
23 80 0 1
