1 2 0 0
1 3 0 0
2 3 0 0
1 4 0 0
2 4 0 0
1 5 0 0
4 5 0 0
1 6 0 0
1 7 0 0
2 7 0 0
4 7 0 0
5 7 0 0
1 8 0 0
2 8 0 0
4 8 0 0
5 8 0 0
7 8 0 0
1 9 0 0
4 9 0 0
5 9 0 0
7 9 0 0
8 9 0 0
1 10 0 0
6 10 0 0
1 11 0 0
10 11 0 0
1 12 0 0
6 12 0 0
10 12 0 0
11 12 0 0
1 13 0 0
1 14 0 0
6 14 0 0
10 14 0 0
12 14 0 0
5 15 0 0
9 15 0 0
1 16 0 0
13 16 0 0
1 17 0 0
10 17 0 0
11 17 0 0
16 17 0 0
1 18 0 0
6 18 0 0
10 18 0 0
12 18 0 0
14 18 0 0
17 18 0 0
15 19 0 0
16 20 0 0
17 20 0 0
16 21 0 0
17 21 0 0
20 21 0 0
14 22 0 0
15 22 0 0
18 22 0 0
16 23 0 0
17 23 0 0
20 23 0 0
21 23 0 0
14 24 0 0
15 24 0 0
18 24 0 0
22 24 0 0
13 25 0 0
16 25 0 0
17 25 0 0
20 25 0 0
21 25 0 0
23 25 0 0
15 26 0 0
19 26 0 0
22 26 0 0
24 26 0 0
15 27 0 0
18 27 0 0
19 27 0 0
22 27 0 0
24 27 0 0
26 27 0 0
1 28 0 0
6 28 0 0
10 28 0 0
12 28 0 0
14 28 0 0
17 28 0 0
18 28 0 0
22 28 0 0
24 28 0 0
27 28 0 0
1 29 0 0
5 29 0 0
7 29 0 0
8 29 0 0
9 29 0 0
15 29 0 0
19 29 0 0
24 29 0 0
26 29 0 0
27 29 0 0
5 30 0 0
7 30 0 0
8 30 0 0
9 30 0 0
15 30 0 0
19 30 0 0
26 30 0 0
29 30 0 0
1 31 0 0
5 31 0 0
7 31 0 0
8 31 0 0
9 31 0 0
15 31 0 0
19 31 0 0
26 31 0 0
27 31 0 0
29 31 0 0
30 31 0 0
1 32 0 0
5 32 0 0
6 32 0 0
7 32 0 0
8 32 0 0
9 32 0 0
15 32 0 0
19 32 0 0
24 32 0 0
26 32 0 0
27 32 0 0
29 32 0 0
30 32 0 0
31 32 0 0
1 33 0 0
13 33 0 0
16 33 0 0
21 33 0 0
25 33 0 0
5 34 0 0
6 34 0 0
8 34 0 0
9 34 0 0
14 34 0 0
15 34 0 0
22 34 0 0
24 34 0 0
26 34 0 0
27 34 0 0
28 34 0 0
29 34 0 0
30 34 0 0
31 34 0 0
32 34 0 0
5 35 0 0
8 35 0 0
9 35 0 0
15 35 0 0
19 35 0 0
22 35 0 0
24 35 0 0
26 35 0 0
27 35 0 0
29 35 0 0
30 35 0 0
31 35 0 0
32 35 0 0
34 35 0 0
1 36 0 0
4 36 0 0
5 36 0 0
7 36 0 0
8 36 0 0
9 36 0 0
15 36 0 0
19 36 0 0
26 36 0 0
29 36 0 0
30 36 0 0
31 36 0 0
32 36 0 0
34 36 0 0
35 36 0 0
1 37 0 0
13 37 0 0
16 37 0 0
33 37 0 0
1 38 0 0
5 38 0 0
7 38 0 0
8 38 0 0
9 38 0 0
15 38 0 0
29 38 0 0
30 38 0 0
31 38 0 0
32 38 0 0
34 38 0 0
35 38 0 0
36 38 0 0
1 39 0 0
6 39 0 0
10 39 0 0
11 39 0 0
12 39 0 0
14 39 0 0
17 39 0 0
18 39 0 0
28 39 0 0
1 40 0 0
3 40 0 0
6 40 0 0
10 40 0 0
12 40 0 0
14 40 0 0
39 40 0 0
1 41 0 0
10 41 0 0
11 41 0 0
12 41 0 0
39 41 0 0
1 42 0 0
10 42 0 0
11 42 0 0
13 42 0 0
16 42 0 0
17 42 0 0
33 42 0 0
37 42 0 0
41 42 0 0
1 43 0 0
3 43 0 0
6 43 0 0
10 43 0 0
12 43 0 0
14 43 0 0
39 43 0 0
40 43 0 0
1 44 0 0
3 44 0 0
6 44 0 0
10 44 0 0
11 44 0 0
12 44 0 0
14 44 0 0
39 44 0 0
40 44 0 0
43 44 0 0
22 47 0 1
19 48 0 1
16 49 0 1
17 49 0 1
18 49 0 1
20 49 0 1
21 49 0 1
22 49 0 1
23 49 0 1
25 49 0 1
10 50 0 1
14 50 0 1
17 50 0 1
18 50 0 1
20 50 0 1
22 50 0 1
23 50 0 1
28 50 0 1
39 50 0 1
17 51 0 1
18 51 0 1
20 51 0 1
22 51 0 1
23 51 0 1
28 51 0 1
17 52 0 1
18 52 0 1
20 52 0 1
21 52 0 1
23 52 0 1
25 52 0 1
15 53 0 1
18 53 0 1
22 53 0 1
24 53 0 1
26 53 0 1
27 53 0 1
28 53 0 1
16 54 0 1
17 54 0 1
20 54 0 1
21 54 0 1
23 54 0 1
25 54 0 1
18 55 0 1
22 55 0 1
24 55 0 1
27 55 0 1
28 55 0 1
17 56 0 1
20 56 0 1
21 56 0 1
23 56 0 1
25 56 0 1
19 57 0 1
26 57 0 1
18 58 0 1
22 58 0 1
23 58 0 1
16 59 0 1
20 59 0 1
21 59 0 1
23 59 0 1
25 59 0 1
21 60 0 1
25 60 0 1
16 61 0 1
20 61 0 1
21 61 0 1
23 61 0 1
25 61 0 1
33 61 0 1
19 62 0 1
26 62 0 1
29 62 0 1
19 63 0 1
26 63 0 1
20 64 0 1
21 64 0 1
23 64 0 1
25 64 0 1
20 71 0 1
23 71 0 1
