1 2 0 0
3 4 0 0
3 5 0 0
4 5 0 0
3 6 0 0
4 6 0 0
5 6 0 0
6 7 0 0
3 8 0 0
4 8 0 0
5 8 0 0
6 8 0 0
3 9 0 0
4 9 0 0
5 9 0 0
6 9 0 0
7 9 0 0
8 9 0 0
3 10 0 0
4 10 0 0
5 10 0 0
6 10 0 0
8 10 0 0
9 10 0 0
3 11 0 0
4 11 0 0
5 11 0 0
6 11 0 0
8 11 0 0
9 11 0 0
10 11 0 0
8 12 0 0
10 12 0 0
11 12 0 0
3 13 0 0
4 13 0 0
5 13 0 0
8 13 0 0
10 13 0 0
11 13 0 0
12 13 0 0
3 14 0 0
4 14 0 0
5 14 0 0
6 14 0 0
7 14 0 0
8 14 0 0
9 14 0 0
10 14 0 0
11 14 0 0
3 15 0 0
4 15 0 0
5 15 0 0
6 15 0 0
8 15 0 0
9 15 0 0
10 15 0 0
11 15 0 0
12 15 0 0
13 15 0 0
14 15 0 0
5 16 0 0
8 16 0 0
10 16 0 0
11 16 0 0
12 16 0 0
13 16 0 0
15 16 0 0
3 17 0 0
4 17 0 0
5 17 0 0
6 17 0 0
7 17 0 0
8 17 0 0
9 17 0 0
10 17 0 0
11 17 0 0
14 17 0 0
15 17 0 0
3 18 0 0
4 18 0 0
5 18 0 0
6 18 0 0
7 18 0 0
9 18 0 0
14 18 0 0
15 18 0 0
17 18 0 0
3 19 0 0
4 19 0 0
5 19 0 0
6 19 0 0
7 19 0 0
8 19 0 0
9 19 0 0
10 19 0 0
11 19 0 0
14 19 0 0
15 19 0 0
17 19 0 0
18 19 0 0
8 20 0 0
10 20 0 0
11 20 0 0
12 20 0 0
13 20 0 0
16 20 0 0
1 21 0 0
1 22 0 0
21 22 0 0
1 23 0 0
21 23 0 0
1 24 0 0
21 24 0 0
22 24 0 0
23 24 0 0
1 25 0 0
21 25 0 0
22 25 0 0
24 25 0 0
5 26 0 0
8 26 0 0
10 26 0 0
11 26 0 0
12 26 0 0
13 26 0 0
15 26 0 0
16 26 0 0
20 26 0 0
1 27 0 0
21 27 0 0
22 27 0 0
23 27 0 0
24 27 0 0
25 27 0 0
4 28 0 0
5 28 0 0
6 28 0 0
8 28 0 0
10 28 0 0
11 28 0 0
12 28 0 0
13 28 0 0
15 28 0 0
16 28 0 0
17 28 0 0
19 28 0 0
20 28 0 0
26 28 0 0
1 29 0 0
21 29 0 0
22 29 0 0
23 29 0 0
24 29 0 0
25 29 0 0
27 29 0 0
1 30 0 0
21 30 0 0
22 30 0 0
23 30 0 0
24 30 0 0
25 30 0 0
27 30 0 0
29 30 0 0
1 31 0 0
21 31 0 0
23 31 0 0
24 31 0 0
27 31 0 0
29 31 0 0
30 31 0 0
1 32 0 0
21 32 0 0
23 32 0 0
24 32 0 0
27 32 0 0
29 32 0 0
30 32 0 0
31 32 0 0
1 33 0 0
21 33 0 0
23 33 0 0
24 33 0 0
27 33 0 0
31 33 0 0
32 33 0 0
1 34 0 0
24 34 0 0
27 34 0 0
31 34 0 0
32 34 0 0
33 34 0 0
1 35 0 0
21 35 0 0
22 35 0 0
23 35 0 0
24 35 0 0
27 35 0 0
29 35 0 0
30 35 0 0
31 35 0 0
32 35 0 0
33 35 0 0
34 35 0 0
1 36 0 0
2 36 0 0
32 36 0 0
33 36 0 0
34 36 0 0
35 36 0 0
2 37 0 0
33 37 0 0
35 37 0 0
36 37 0 0
1 38 0 0
2 38 0 0
33 38 0 0
34 38 0 0
35 38 0 0
36 38 0 0
37 38 0 0
1 39 0 0
2 39 0 0
33 39 0 0
34 39 0 0
35 39 0 0
36 39 0 0
37 39 0 0
38 39 0 0
1 41 0 0
2 41 0 0
36 41 0 0
1 42 0 0
2 42 0 0
36 42 0 0
37 42 0 0
38 42 0 0
39 42 0 0
41 42 0 0
1 43 0 0
2 43 0 0
36 43 0 0
37 43 0 0
38 43 0 0
39 43 0 0
41 43 0 0
42 43 0 0
1 44 0 0
2 44 0 0
33 44 0 0
34 44 0 0
36 44 0 0
37 44 0 0
38 44 0 0
39 44 0 0
41 44 0 0
42 44 0 0
43 44 0 0
1 45 0 0
2 45 0 0
33 45 0 0
34 45 0 0
36 45 0 0
37 45 0 0
38 45 0 0
39 45 0 0
42 45 0 0
43 45 0 0
44 45 0 0
1 46 0 0
2 46 0 0
33 46 0 0
34 46 0 0
36 46 0 0
37 46 0 0
38 46 0 0
39 46 0 0
41 46 0 0
42 46 0 0
43 46 0 0
44 46 0 0
45 46 0 0
1 47 0 0
2 47 0 0
33 47 0 0
34 47 0 0
36 47 0 0
38 47 0 0
39 47 0 0
41 47 0 0
42 47 0 0
43 47 0 0
44 47 0 0
45 47 0 0
46 47 0 0
1 48 0 0
2 48 0 0
33 48 0 0
34 48 0 0
36 48 0 0
37 48 0 0
38 48 0 0
39 48 0 0
41 48 0 0
42 48 0 0
43 48 0 0
44 48 0 0
45 48 0 0
46 48 0 0
47 48 0 0
1 49 0 0
2 49 0 0
34 49 0 0
36 49 0 0
39 49 0 0
41 49 0 0
42 49 0 0
43 49 0 0
44 49 0 0
45 49 0 0
46 49 0 0
47 49 0 0
48 49 0 0
1 50 0 0
2 50 0 0
34 50 0 0
36 50 0 0
38 50 0 0
39 50 0 0
41 50 0 0
42 50 0 0
43 50 0 0
44 50 0 0
45 50 0 0
46 50 0 0
47 50 0 0
48 50 0 0
49 50 0 0
1 51 0 0
2 51 0 0
32 51 0 0
33 51 0 0
34 51 0 0
35 51 0 0
36 51 0 0
37 51 0 0
38 51 0 0
39 51 0 0
41 51 0 0
42 51 0 0
43 51 0 0
44 51 0 0
45 51 0 0
46 51 0 0
47 51 0 0
48 51 0 0
49 51 0 0
50 51 0 0
1 52 0 0
2 52 0 0
23 52 0 0
24 52 0 0
31 52 0 0
32 52 0 0
33 52 0 0
34 52 0 0
35 52 0 0
36 52 0 0
37 52 0 0
38 52 0 0
39 52 0 0
42 52 0 0
44 52 0 0
45 52 0 0
46 52 0 0
47 52 0 0
48 52 0 0
50 52 0 0
51 52 0 0
1 53 0 0
2 53 0 0
31 53 0 0
32 53 0 0
33 53 0 0
34 53 0 0
35 53 0 0
36 53 0 0
38 53 0 0
39 53 0 0
41 53 0 0
43 53 0 0
44 53 0 0
45 53 0 0
46 53 0 0
47 53 0 0
48 53 0 0
49 53 0 0
50 53 0 0
51 53 0 0
52 53 0 0
2 54 0 0
1 55 0 0
2 55 0 0
41 55 0 0
43 55 0 0
44 55 0 0
47 55 0 0
48 55 0 0
49 55 0 0
50 55 0 0
51 55 0 0
1 56 0 0
2 56 0 0
38 56 0 0
39 56 0 0
41 56 0 0
42 56 0 0
43 56 0 0
44 56 0 0
45 56 0 0
46 56 0 0
47 56 0 0
48 56 0 0
49 56 0 0
50 56 0 0
51 56 0 0
55 56 0 0
2 57 0 0
37 57 0 0
54 57 0 0
2 58 0 0
54 58 0 0
57 58 0 0
1 59 0 0
2 59 0 0
36 59 0 0
38 59 0 0
39 59 0 0
41 59 0 0
42 59 0 0
43 59 0 0
44 59 0 0
45 59 0 0
46 59 0 0
47 59 0 0
48 59 0 0
49 59 0 0
50 59 0 0
51 59 0 0
55 59 0 0
56 59 0 0
1 60 0 1
12 60 0 1
13 60 0 1
16 60 0 1
21 60 0 1
22 60 0 1
23 60 0 1
24 60 0 1
25 60 0 1
26 60 0 1
27 60 0 1
29 60 0 1
30 60 0 1
40 61 0 1
2 62 0 1
40 62 0 1
54 62 0 1
57 62 0 1
7 63 0 1
9 63 0 1
18 63 0 1
1 64 0 1
2 64 0 1
20 64 0 1
21 64 0 1
23 64 0 1
24 64 0 1
26 64 0 1
28 64 0 1
31 64 0 1
32 64 0 1
33 64 0 1
35 64 0 1
37 64 0 1
38 64 0 1
39 64 0 1
45 64 0 1
51 64 0 1
52 64 0 1
54 64 0 1
57 64 0 1
25 65 0 1
27 65 0 1
12 66 0 1
16 66 0 1
12 67 0 1
13 67 0 1
16 67 0 1
3 68 0 1
4 68 0 1
5 68 0 1
6 68 0 1
7 68 0 1
9 68 0 1
14 68 0 1
17 68 0 1
18 68 0 1
19 68 0 1
3 69 0 1
4 69 0 1
5 69 0 1
6 69 0 1
7 69 0 1
9 69 0 1
14 69 0 1
15 69 0 1
17 69 0 1
18 69 0 1
19 69 0 1
12 70 0 1
13 70 0 1
15 70 0 1
16 70 0 1
26 70 0 1
12 71 0 1
13 71 0 1
16 71 0 1
1 72 0 1
21 72 0 1
22 72 0 1
24 72 0 1
25 72 0 1
27 72 0 1
29 72 0 1
30 72 0 1
12 73 0 1
13 73 0 1
16 73 0 1
20 73 0 1
21 73 0 1
23 73 0 1
26 73 0 1
1 74 0 1
21 74 0 1
23 74 0 1
24 74 0 1
25 74 0 1
27 74 0 1
29 74 0 1
30 74 0 1
12 75 0 1
16 75 0 1
21 75 0 1
23 75 0 1
24 75 0 1
29 75 0 1
1 76 0 1
20 76 0 1
21 76 0 1
23 76 0 1
24 76 0 1
29 76 0 1
30 76 0 1
31 76 0 1
32 76 0 1
35 76 0 1
3 77 0 1
4 77 0 1
5 77 0 1
6 77 0 1
7 77 0 1
8 77 0 1
9 77 0 1
10 77 0 1
11 77 0 1
14 77 0 1
15 77 0 1
17 77 0 1
18 77 0 1
19 77 0 1
28 77 0 1
3 78 0 1
4 78 0 1
5 78 0 1
6 78 0 1
7 78 0 1
8 78 0 1
9 78 0 1
10 78 0 1
11 78 0 1
14 78 0 1
15 78 0 1
17 78 0 1
18 78 0 1
19 78 0 1
26 78 0 1
28 78 0 1
8 79 0 1
10 79 0 1
11 79 0 1
12 79 0 1
13 79 0 1
15 79 0 1
16 79 0 1
20 79 0 1
26 79 0 1
28 79 0 1
1 80 0 1
21 80 0 1
22 80 0 1
23 80 0 1
24 80 0 1
25 80 0 1
27 80 0 1
29 80 0 1
30 80 0 1
31 80 0 1
35 80 0 1
1 81 0 1
8 81 0 1
11 81 0 1
12 81 0 1
13 81 0 1
16 81 0 1
20 81 0 1
21 81 0 1
23 81 0 1
24 81 0 1
26 81 0 1
28 81 0 1
29 81 0 1
30 81 0 1
31 81 0 1
32 81 0 1
3 82 0 1
4 82 0 1
5 82 0 1
8 82 0 1
10 82 0 1
11 82 0 1
12 82 0 1
13 82 0 1
15 82 0 1
16 82 0 1
20 82 0 1
26 82 0 1
28 82 0 1
1 83 0 1
21 83 0 1
24 83 0 1
25 83 0 1
27 83 0 1
29 83 0 1
30 83 0 1
20 84 0 1
28 84 0 1
20 85 0 1
23 85 0 1
26 85 0 1
31 85 0 1
8 86 0 1
10 86 0 1
11 86 0 1
20 86 0 1
26 86 0 1
28 86 0 1
7 87 0 1
28 87 0 1
10 88 0 1
11 88 0 1
20 88 0 1
28 88 0 1
8 89 0 1
10 89 0 1
11 89 0 1
12 89 0 1
13 89 0 1
15 89 0 1
16 89 0 1
20 89 0 1
26 89 0 1
28 89 0 1
6 90 0 1
7 90 0 1
8 90 0 1
9 90 0 1
10 90 0 1
11 90 0 1
14 90 0 1
17 90 0 1
18 90 0 1
19 90 0 1
28 90 0 1
8 91 0 1
10 91 0 1
11 91 0 1
12 91 0 1
13 91 0 1
16 91 0 1
20 91 0 1
26 91 0 1
28 91 0 1
7 92 0 1
8 92 0 1
9 92 0 1
10 92 0 1
11 92 0 1
17 92 0 1
19 92 0 1
28 92 0 1
40 94 0 1
40 95 0 1
40 96 0 1
40 97 0 1
2 98 0 1
40 98 0 1
54 98 0 1
57 98 0 1
40 99 0 1
2 100 0 1
37 100 0 1
54 100 0 1
57 100 0 1
40 101 0 1
54 102 0 1
2 103 0 1
37 103 0 1
54 103 0 1
57 103 0 1
40 104 0 1
54 105 0 1
57 105 0 1
40 106 0 1
40 107 0 1
40 108 0 1
40 109 0 1
40 110 0 1
2 113 0 1
54 113 0 1
57 113 0 1
2 114 0 1
54 114 0 1
57 114 0 1
58 114 0 1
40 115 0 1
40 116 0 1
40 117 0 1
40 118 0 1
20 119 0 1
28 119 0 1
20 121 0 1
20 122 0 1
28 122 0 1
