1 2 0 0
1 3 0 0
2 3 0 0
1 4 0 0
2 4 0 0
3 4 0 0
1 5 0 0
2 5 0 0
3 5 0 0
4 5 0 0
1 6 0 0
2 6 0 0
3 6 0 0
4 6 0 0
5 6 0 0
1 7 0 0
2 7 0 0
3 7 0 0
4 7 0 0
5 7 0 0
6 7 0 0
4 8 0 0
5 8 0 0
6 8 0 0
7 8 0 0
1 9 0 0
2 9 0 0
3 9 0 0
4 9 0 0
5 9 0 0
6 9 0 0
7 9 0 0
1 10 0 0
2 10 0 0
3 10 0 0
5 10 0 0
6 10 0 0
7 10 0 0
9 10 0 0
1 11 0 0
2 11 0 0
3 11 0 0
4 11 0 0
5 11 0 0
6 11 0 0
7 11 0 0
8 11 0 0
9 11 0 0
10 11 0 0
1 12 0 0
2 12 0 0
3 12 0 0
4 12 0 0
5 12 0 0
6 12 0 0
7 12 0 0
8 12 0 0
9 12 0 0
11 12 0 0
1 13 0 0
2 13 0 0
4 13 0 0
5 13 0 0
6 13 0 0
7 13 0 0
8 13 0 0
9 13 0 0
11 13 0 0
12 13 0 0
1 14 0 0
2 14 0 0
3 14 0 0
4 14 0 0
5 14 0 0
6 14 0 0
7 14 0 0
8 14 0 0
9 14 0 0
10 14 0 0
11 14 0 0
12 14 0 0
13 14 0 0
8 15 0 0
1 16 0 0
5 16 0 0
7 16 0 0
8 16 0 0
9 16 0 0
10 16 0 0
11 16 0 0
12 16 0 0
13 16 0 0
14 16 0 0
1 17 0 0
7 17 0 0
9 17 0 0
10 17 0 0
11 17 0 0
14 17 0 0
16 17 0 0
1 18 0 0
7 18 0 0
9 18 0 0
10 18 0 0
11 18 0 0
14 18 0 0
16 18 0 0
17 18 0 0
1 19 0 0
9 19 0 0
10 19 0 0
11 19 0 0
14 19 0 0
16 19 0 0
17 19 0 0
18 19 0 0
1 20 0 0
7 20 0 0
9 20 0 0
10 20 0 0
11 20 0 0
13 20 0 0
14 20 0 0
16 20 0 0
17 20 0 0
18 20 0 0
19 20 0 0
1 21 0 0
9 21 0 0
10 21 0 0
11 21 0 0
14 21 0 0
16 21 0 0
17 21 0 0
18 21 0 0
19 21 0 0
20 21 0 0
8 22 0 0
9 22 0 0
11 22 0 0
13 22 0 0
14 22 0 0
16 22 0 0
17 22 0 0
18 22 0 0
19 22 0 0
20 22 0 0
21 22 0 0
1 23 0 0
9 23 0 0
10 23 0 0
11 23 0 0
14 23 0 0
16 23 0 0
17 23 0 0
18 23 0 0
19 23 0 0
20 23 0 0
21 23 0 0
22 23 0 0
1 24 0 0
4 24 0 0
5 24 0 0
6 24 0 0
7 24 0 0
8 24 0 0
9 24 0 0
10 24 0 0
11 24 0 0
12 24 0 0
13 24 0 0
14 24 0 0
16 24 0 0
17 24 0 0
18 24 0 0
19 24 0 0
20 24 0 0
21 24 0 0
22 24 0 0
23 24 0 0
1 25 0 0
7 25 0 0
9 25 0 0
10 25 0 0
11 25 0 0
14 25 0 0
16 25 0 0
17 25 0 0
18 25 0 0
19 25 0 0
20 25 0 0
21 25 0 0
23 25 0 0
24 25 0 0
1 26 0 0
5 26 0 0
6 26 0 0
7 26 0 0
9 26 0 0
10 26 0 0
11 26 0 0
12 26 0 0
13 26 0 0
14 26 0 0
16 26 0 0
17 26 0 0
18 26 0 0
19 26 0 0
20 26 0 0
21 26 0 0
22 26 0 0
23 26 0 0
24 26 0 0
25 26 0 0
1 27 0 0
2 27 0 0
3 27 0 0
4 27 0 0
5 27 0 0
6 27 0 0
7 27 0 0
9 27 0 0
10 27 0 0
11 27 0 0
12 27 0 0
13 27 0 0
14 27 0 0
16 27 0 0
17 27 0 0
18 27 0 0
19 27 0 0
20 27 0 0
21 27 0 0
22 27 0 0
23 27 0 0
24 27 0 0
25 27 0 0
26 27 0 0
1 28 0 0
2 28 0 0
3 28 0 0
5 28 0 0
6 28 0 0
7 28 0 0
9 28 0 0
10 28 0 0
11 28 0 0
14 28 0 0
16 28 0 0
17 28 0 0
18 28 0 0
19 28 0 0
20 28 0 0
21 28 0 0
22 28 0 0
23 28 0 0
24 28 0 0
25 28 0 0
26 28 0 0
27 28 0 0
1 29 0 0
2 29 0 0
3 29 0 0
5 29 0 0
6 29 0 0
7 29 0 0
9 29 0 0
10 29 0 0
11 29 0 0
14 29 0 0
16 29 0 0
17 29 0 0
18 29 0 0
19 29 0 0
20 29 0 0
21 29 0 0
22 29 0 0
23 29 0 0
24 29 0 0
25 29 0 0
26 29 0 0
27 29 0 0
28 29 0 0
1 30 0 0
2 30 0 0
3 30 0 0
4 30 0 0
5 30 0 0
6 30 0 0
7 30 0 0
8 30 0 0
9 30 0 0
10 30 0 0
11 30 0 0
12 30 0 0
13 30 0 0
14 30 0 0
16 30 0 0
17 30 0 0
18 30 0 0
19 30 0 0
20 30 0 0
21 30 0 0
22 30 0 0
23 30 0 0
24 30 0 0
25 30 0 0
26 30 0 0
27 30 0 0
28 30 0 0
29 30 0 0
1 31 0 0
2 31 0 0
3 31 0 0
5 31 0 0
6 31 0 0
7 31 0 0
9 31 0 0
10 31 0 0
11 31 0 0
12 31 0 0
14 31 0 0
16 31 0 0
17 31 0 0
18 31 0 0
19 31 0 0
20 31 0 0
21 31 0 0
22 31 0 0
23 31 0 0
24 31 0 0
25 31 0 0
26 31 0 0
27 31 0 0
28 31 0 0
29 31 0 0
30 31 0 0
1 32 0 0
2 32 0 0
3 32 0 0
4 32 0 0
5 32 0 0
6 32 0 0
7 32 0 0
8 32 0 0
9 32 0 0
10 32 0 0
11 32 0 0
12 32 0 0
13 32 0 0
14 32 0 0
16 32 0 0
17 32 0 0
18 32 0 0
19 32 0 0
20 32 0 0
21 32 0 0
22 32 0 0
23 32 0 0
24 32 0 0
25 32 0 0
26 32 0 0
27 32 0 0
28 32 0 0
29 32 0 0
30 32 0 0
31 32 0 0
15 33 0 0
16 33 0 0
22 33 0 0
16 34 0 0
17 34 0 0
20 34 0 0
21 34 0 0
22 34 0 0
24 34 0 0
33 34 0 0
1 35 0 0
16 35 0 0
17 35 0 0
20 35 0 0
21 35 0 0
22 35 0 0
23 35 0 0
24 35 0 0
26 35 0 0
33 35 0 0
34 35 0 0
1 36 0 0
17 36 0 0
18 36 0 0
19 36 0 0
20 36 0 0
21 36 0 0
23 36 0 0
25 36 0 0
31 36 0 0
35 36 0 0
16 37 0 0
20 37 0 0
22 37 0 0
33 37 0 0
34 37 0 0
35 37 0 0
16 38 0 0
17 38 0 0
18 38 0 0
20 38 0 0
21 38 0 0
22 38 0 0
23 38 0 0
24 38 0 0
26 38 0 0
27 38 0 0
30 38 0 0
31 38 0 0
32 38 0 0
33 38 0 0
34 38 0 0
35 38 0 0
37 38 0 0
1 39 0 0
16 39 0 0
17 39 0 0
18 39 0 0
19 39 0 0
20 39 0 0
21 39 0 0
22 39 0 0
23 39 0 0
24 39 0 0
25 39 0 0
26 39 0 0
27 39 0 0
29 39 0 0
31 39 0 0
32 39 0 0
34 39 0 0
35 39 0 0
36 39 0 0
37 39 0 0
38 39 0 0
1 40 0 0
17 40 0 0
18 40 0 0
19 40 0 0
20 40 0 0
21 40 0 0
23 40 0 0
25 40 0 0
26 40 0 0
29 40 0 0
31 40 0 0
36 40 0 0
39 40 0 0
1 41 0 0
16 41 0 0
17 41 0 0
18 41 0 0
19 41 0 0
20 41 0 0
21 41 0 0
22 41 0 0
23 41 0 0
24 41 0 0
26 41 0 0
31 41 0 0
32 41 0 0
33 41 0 0
34 41 0 0
35 41 0 0
36 41 0 0
37 41 0 0
38 41 0 0
39 41 0 0
40 41 0 0
1 42 0 0
17 42 0 0
18 42 0 0
19 42 0 0
21 42 0 0
23 42 0 0
25 42 0 0
31 42 0 0
36 42 0 0
39 42 0 0
40 42 0 0
41 42 0 0
1 43 0 0
17 43 0 0
18 43 0 0
19 43 0 0
20 43 0 0
21 43 0 0
23 43 0 0
25 43 0 0
26 43 0 0
29 43 0 0
31 43 0 0
34 43 0 0
35 43 0 0
36 43 0 0
38 43 0 0
39 43 0 0
40 43 0 0
41 43 0 0
42 43 0 0
34 44 0 0
35 44 0 0
37 44 0 0
1 45 0 0
1 46 0 0
45 46 0 0
34 47 0 0
35 47 0 0
37 47 0 0
41 47 0 0
44 47 0 0
46 47 0 0
1 48 0 0
45 48 0 0
46 48 0 0
1 49 0 0
45 49 0 0
46 49 0 0
48 49 0 0
1 50 0 0
36 50 0 0
42 50 0 0
45 50 0 0
46 50 0 0
47 50 0 0
48 50 0 0
49 50 0 0
1 51 0 0
35 51 0 0
36 51 0 0
42 51 0 0
43 51 0 0
44 51 0 0
46 51 0 0
47 51 0 0
48 51 0 0
49 51 0 0
50 51 0 0
1 52 0 0
45 52 0 0
46 52 0 0
48 52 0 0
49 52 0 0
50 52 0 0
51 52 0 0
1 53 0 0
34 53 0 0
35 53 0 0
36 53 0 0
37 53 0 0
38 53 0 0
39 53 0 0
40 53 0 0
41 53 0 0
42 53 0 0
43 53 0 0
44 53 0 0
46 53 0 0
47 53 0 0
50 53 0 0
51 53 0 0
52 53 0 0
1 54 0 0
34 54 0 0
35 54 0 0
36 54 0 0
37 54 0 0
38 54 0 0
39 54 0 0
40 54 0 0
41 54 0 0
42 54 0 0
43 54 0 0
44 54 0 0
46 54 0 0
47 54 0 0
49 54 0 0
50 54 0 0
51 54 0 0
52 54 0 0
53 54 0 0
1 55 0 0
35 55 0 0
36 55 0 0
39 55 0 0
40 55 0 0
41 55 0 0
42 55 0 0
43 55 0 0
45 55 0 0
46 55 0 0
47 55 0 0
48 55 0 0
49 55 0 0
50 55 0 0
51 55 0 0
52 55 0 0
53 55 0 0
54 55 0 0
1 56 0 0
36 56 0 0
40 56 0 0
42 56 0 0
43 56 0 0
45 56 0 0
46 56 0 0
47 56 0 0
48 56 0 0
49 56 0 0
50 56 0 0
51 56 0 0
52 56 0 0
53 56 0 0
54 56 0 0
55 56 0 0
1 57 0 0
34 57 0 0
35 57 0 0
36 57 0 0
37 57 0 0
38 57 0 0
39 57 0 0
40 57 0 0
41 57 0 0
42 57 0 0
43 57 0 0
44 57 0 0
46 57 0 0
47 57 0 0
49 57 0 0
50 57 0 0
51 57 0 0
52 57 0 0
53 57 0 0
54 57 0 0
55 57 0 0
56 57 0 0
1 58 0 0
36 58 0 0
39 58 0 0
40 58 0 0
41 58 0 0
42 58 0 0
43 58 0 0
45 58 0 0
46 58 0 0
47 58 0 0
48 58 0 0
49 58 0 0
50 58 0 0
51 58 0 0
52 58 0 0
53 58 0 0
54 58 0 0
55 58 0 0
56 58 0 0
57 58 0 0
1 59 0 0
46 59 0 0
47 59 0 0
49 59 0 0
50 59 0 0
51 59 0 0
52 59 0 0
53 59 0 0
54 59 0 0
55 59 0 0
56 59 0 0
57 59 0 0
58 59 0 0
1 60 0 0
45 60 0 0
46 60 0 0
48 60 0 0
49 60 0 0
50 60 0 0
52 60 0 0
56 60 0 0
59 60 0 0
1 61 0 0
45 61 0 0
46 61 0 0
47 61 0 0
48 61 0 0
49 61 0 0
50 61 0 0
51 61 0 0
52 61 0 0
53 61 0 0
54 61 0 0
55 61 0 0
56 61 0 0
57 61 0 0
58 61 0 0
59 61 0 0
60 61 0 0
46 62 0 0
50 62 0 0
59 62 0 0
61 62 0 0
45 63 0 0
46 63 0 0
50 63 0 0
52 63 0 0
59 63 0 0
60 63 0 0
61 63 0 0
62 63 0 0
46 64 0 0
50 64 0 0
52 64 0 0
59 64 0 0
60 64 0 0
61 64 0 0
62 64 0 0
63 64 0 0
45 65 0 0
46 65 0 0
48 65 0 0
49 65 0 0
50 65 0 0
52 65 0 0
56 65 0 0
59 65 0 0
60 65 0 0
61 65 0 0
62 65 0 0
63 65 0 0
64 65 0 0
46 66 0 0
50 66 0 0
52 66 0 0
59 66 0 0
60 66 0 0
61 66 0 0
62 66 0 0
63 66 0 0
64 66 0 0
65 66 0 0
63 68 0 0
64 68 0 0
65 68 0 0
59 69 0 0
60 69 0 0
61 69 0 0
62 69 0 0
63 69 0 0
64 69 0 0
65 69 0 0
66 69 0 0
68 69 0 0
60 70 0 0
63 70 0 0
64 70 0 0
65 70 0 0
66 70 0 0
68 70 0 0
69 70 0 0
59 71 0 0
61 71 0 0
62 71 0 0
63 71 0 0
64 71 0 0
65 71 0 0
66 71 0 0
68 71 0 0
69 71 0 0
70 71 0 0
63 72 0 0
64 72 0 0
65 72 0 0
66 72 0 0
68 72 0 0
69 72 0 0
70 72 0 0
71 72 0 0
59 73 0 0
60 73 0 0
61 73 0 0
63 73 0 0
64 73 0 0
65 73 0 0
66 73 0 0
68 73 0 0
69 73 0 0
70 73 0 0
71 73 0 0
72 73 0 0
59 74 0 0
61 74 0 0
62 74 0 0
64 74 0 0
66 74 0 0
71 74 0 0
59 75 0 0
60 75 0 0
61 75 0 0
62 75 0 0
63 75 0 0
64 75 0 0
65 75 0 0
66 75 0 0
68 75 0 0
69 75 0 0
70 75 0 0
71 75 0 0
72 75 0 0
73 75 0 0
74 75 0 0
60 76 0 0
61 76 0 0
63 76 0 0
64 76 0 0
65 76 0 0
66 76 0 0
68 76 0 0
69 76 0 0
70 76 0 0
71 76 0 0
72 76 0 0
73 76 0 0
75 76 0 0
44 77 0 0
46 77 0 0
47 77 0 0
50 77 0 0
51 77 0 0
52 77 0 0
53 77 0 0
54 77 0 0
55 77 0 0
56 77 0 0
57 77 0 0
58 77 0 0
59 77 0 0
61 77 0 0
62 77 0 0
63 77 0 0
64 77 0 0
65 77 0 0
66 77 0 0
69 77 0 0
71 77 0 0
74 77 0 0
75 77 0 0
1 78 0 0
45 78 0 0
46 78 0 0
48 78 0 0
49 78 0 0
50 78 0 0
51 78 0 0
52 78 0 0
55 78 0 0
56 78 0 0
59 78 0 0
60 78 0 0
61 78 0 0
62 78 0 0
63 78 0 0
64 78 0 0
65 78 0 0
66 78 0 0
68 78 0 0
69 78 0 0
70 78 0 0
71 78 0 0
72 78 0 0
73 78 0 0
74 78 0 0
75 78 0 0
76 78 0 0
77 78 0 0
1 79 0 0
45 79 0 0
48 79 0 0
49 79 0 0
50 79 0 0
52 79 0 0
56 79 0 0
60 79 0 0
61 79 0 0
63 79 0 0
64 79 0 0
65 79 0 0
66 79 0 0
68 79 0 0
69 79 0 0
70 79 0 0
71 79 0 0
72 79 0 0
73 79 0 0
75 79 0 0
76 79 0 0
78 79 0 0
45 80 0 0
46 80 0 0
48 80 0 0
49 80 0 0
50 80 0 0
51 80 0 0
52 80 0 0
55 80 0 0
56 80 0 0
59 80 0 0
60 80 0 0
61 80 0 0
62 80 0 0
63 80 0 0
64 80 0 0
65 80 0 0
66 80 0 0
69 80 0 0
70 80 0 0
71 80 0 0
72 80 0 0
73 80 0 0
74 80 0 0
75 80 0 0
76 80 0 0
77 80 0 0
78 80 0 0
79 80 0 0
44 81 0 0
46 81 0 0
47 81 0 0
50 81 0 0
51 81 0 0
53 81 0 0
54 81 0 0
55 81 0 0
57 81 0 0
58 81 0 0
59 81 0 0
61 81 0 0
62 81 0 0
66 81 0 0
74 81 0 0
77 81 0 0
78 81 0 0
80 81 0 0
1 82 0 0
45 82 0 0
46 82 0 0
47 82 0 0
48 82 0 0
49 82 0 0
50 82 0 0
51 82 0 0
52 82 0 0
53 82 0 0
54 82 0 0
55 82 0 0
56 82 0 0
57 82 0 0
58 82 0 0
59 82 0 0
60 82 0 0
61 82 0 0
62 82 0 0
63 82 0 0
64 82 0 0
65 82 0 0
66 82 0 0
69 82 0 0
71 82 0 0
73 82 0 0
75 82 0 0
76 82 0 0
77 82 0 0
78 82 0 0
79 82 0 0
80 82 0 0
81 82 0 0
1 83 0 0
45 83 0 0
46 83 0 0
47 83 0 0
48 83 0 0
49 83 0 0
50 83 0 0
51 83 0 0
52 83 0 0
53 83 0 0
54 83 0 0
55 83 0 0
56 83 0 0
57 83 0 0
58 83 0 0
59 83 0 0
60 83 0 0
61 83 0 0
62 83 0 0
63 83 0 0
64 83 0 0
65 83 0 0
66 83 0 0
73 83 0 0
74 83 0 0
75 83 0 0
77 83 0 0
78 83 0 0
79 83 0 0
80 83 0 0
81 83 0 0
82 83 0 0
1 84 0 0
45 84 0 0
46 84 0 0
48 84 0 0
49 84 0 0
50 84 0 0
51 84 0 0
52 84 0 0
55 84 0 0
56 84 0 0
58 84 0 0
59 84 0 0
60 84 0 0
61 84 0 0
63 84 0 0
64 84 0 0
65 84 0 0
66 84 0 0
73 84 0 0
75 84 0 0
76 84 0 0
78 84 0 0
79 84 0 0
80 84 0 0
82 84 0 0
83 84 0 0
1 85 0 0
45 85 0 0
46 85 0 0
48 85 0 0
49 85 0 0
50 85 0 0
52 85 0 0
56 85 0 0
60 85 0 0
61 85 0 0
63 85 0 0
64 85 0 0
65 85 0 0
70 85 0 0
73 85 0 0
75 85 0 0
76 85 0 0
78 85 0 0
79 85 0 0
80 85 0 0
82 85 0 0
83 85 0 0
84 85 0 0
1 86 0 0
45 86 0 0
46 86 0 0
48 86 0 0
49 86 0 0
50 86 0 0
51 86 0 0
52 86 0 0
55 86 0 0
56 86 0 0
58 86 0 0
59 86 0 0
60 86 0 0
61 86 0 0
62 86 0 0
63 86 0 0
64 86 0 0
65 86 0 0
66 86 0 0
69 86 0 0
70 86 0 0
73 86 0 0
75 86 0 0
76 86 0 0
77 86 0 0
78 86 0 0
79 86 0 0
80 86 0 0
82 86 0 0
83 86 0 0
84 86 0 0
85 86 0 0
1 87 0 0
19 87 0 0
23 87 0 0
35 87 0 0
36 87 0 0
39 87 0 0
40 87 0 0
41 87 0 0
42 87 0 0
43 87 0 0
46 87 0 0
47 87 0 0
48 87 0 0
49 87 0 0
50 87 0 0
51 87 0 0
52 87 0 0
53 87 0 0
54 87 0 0
55 87 0 0
56 87 0 0
57 87 0 0
58 87 0 0
82 87 0 0
83 87 0 0
84 87 0 0
1 88 0 0
23 88 0 0
34 88 0 0
35 88 0 0
36 88 0 0
37 88 0 0
38 88 0 0
39 88 0 0
40 88 0 0
41 88 0 0
42 88 0 0
43 88 0 0
44 88 0 0
46 88 0 0
47 88 0 0
50 88 0 0
51 88 0 0
53 88 0 0
54 88 0 0
55 88 0 0
56 88 0 0
57 88 0 0
58 88 0 0
87 88 0 0
1 89 0 0
17 89 0 0
18 89 0 0
19 89 0 0
20 89 0 0
21 89 0 0
23 89 0 0
25 89 0 0
34 89 0 0
35 89 0 0
36 89 0 0
37 89 0 0
38 89 0 0
39 89 0 0
40 89 0 0
41 89 0 0
42 89 0 0
43 89 0 0
46 89 0 0
47 89 0 0
49 89 0 0
50 89 0 0
51 89 0 0
52 89 0 0
53 89 0 0
54 89 0 0
55 89 0 0
56 89 0 0
57 89 0 0
58 89 0 0
87 89 0 0
88 89 0 0
1 90 0 0
20 90 0 0
21 90 0 0
22 90 0 0
23 90 0 0
34 90 0 0
35 90 0 0
36 90 0 0
37 90 0 0
38 90 0 0
39 90 0 0
40 90 0 0
41 90 0 0
42 90 0 0
43 90 0 0
44 90 0 0
46 90 0 0
47 90 0 0
50 90 0 0
51 90 0 0
53 90 0 0
54 90 0 0
55 90 0 0
56 90 0 0
57 90 0 0
58 90 0 0
81 90 0 0
87 90 0 0
88 90 0 0
89 90 0 0
22 91 0 0
33 91 0 0
34 91 0 0
35 91 0 0
37 91 0 0
38 91 0 0
39 91 0 0
41 91 0 0
43 91 0 0
44 91 0 0
47 91 0 0
51 91 0 0
53 91 0 0
54 91 0 0
55 91 0 0
57 91 0 0
81 91 0 0
88 91 0 0
89 91 0 0
90 91 0 0
33 92 0 0
34 92 0 0
35 92 0 0
37 92 0 0
38 92 0 0
39 92 0 0
41 92 0 0
44 92 0 0
47 92 0 0
53 92 0 0
54 92 0 0
57 92 0 0
88 92 0 0
89 92 0 0
90 92 0 0
91 92 0 0
1 93 0 0
23 93 0 0
34 93 0 0
35 93 0 0
36 93 0 0
38 93 0 0
39 93 0 0
40 93 0 0
41 93 0 0
42 93 0 0
43 93 0 0
46 93 0 0
47 93 0 0
49 93 0 0
50 93 0 0
51 93 0 0
52 93 0 0
53 93 0 0
54 93 0 0
55 93 0 0
56 93 0 0
57 93 0 0
58 93 0 0
82 93 0 0
83 93 0 0
87 93 0 0
88 93 0 0
89 93 0 0
90 93 0 0
91 93 0 0
1 94 0 0
36 94 0 0
40 94 0 0
42 94 0 0
43 94 0 0
45 94 0 0
46 94 0 0
48 94 0 0
49 94 0 0
50 94 0 0
51 94 0 0
52 94 0 0
54 94 0 0
55 94 0 0
56 94 0 0
57 94 0 0
58 94 0 0
82 94 0 0
84 94 0 0
85 94 0 0
86 94 0 0
87 94 0 0
88 94 0 0
89 94 0 0
93 94 0 0
1 95 0 0
36 95 0 0
39 95 0 0
40 95 0 0
42 95 0 0
43 95 0 0
45 95 0 0
46 95 0 0
48 95 0 0
49 95 0 0
50 95 0 0
51 95 0 0
52 95 0 0
53 95 0 0
54 95 0 0
55 95 0 0
56 95 0 0
57 95 0 0
58 95 0 0
82 95 0 0
83 95 0 0
84 95 0 0
85 95 0 0
86 95 0 0
87 95 0 0
88 95 0 0
89 95 0 0
90 95 0 0
93 95 0 0
94 95 0 0
1 96 0 0
9 96 0 0
10 96 0 0
11 96 0 0
14 96 0 0
16 96 0 0
17 96 0 0
18 96 0 0
19 96 0 0
20 96 0 0
21 96 0 0
22 96 0 0
23 96 0 0
24 96 0 0
25 96 0 0
26 96 0 0
27 96 0 0
28 96 0 0
29 96 0 0
30 96 0 0
31 96 0 0
32 96 0 0
34 96 0 0
35 96 0 0
36 96 0 0
37 96 0 0
38 96 0 0
39 96 0 0
40 96 0 0
41 96 0 0
43 96 0 0
88 96 0 0
89 96 0 0
90 96 0 0
91 96 0 0
92 96 0 0
1 97 0 0
9 97 0 0
10 97 0 0
11 97 0 0
14 97 0 0
17 97 0 0
18 97 0 0
19 97 0 0
20 97 0 0
21 97 0 0
22 97 0 0
23 97 0 0
24 97 0 0
25 97 0 0
26 97 0 0
27 97 0 0
28 97 0 0
29 97 0 0
30 97 0 0
31 97 0 0
32 97 0 0
35 97 0 0
36 97 0 0
38 97 0 0
39 97 0 0
40 97 0 0
41 97 0 0
42 97 0 0
43 97 0 0
87 97 0 0
88 97 0 0
89 97 0 0
90 97 0 0
93 97 0 0
95 97 0 0
96 97 0 0
1 98 0 0
9 98 0 0
10 98 0 0
11 98 0 0
14 98 0 0
16 98 0 0
17 98 0 0
18 98 0 0
19 98 0 0
20 98 0 0
21 98 0 0
22 98 0 0
23 98 0 0
24 98 0 0
25 98 0 0
26 98 0 0
27 98 0 0
28 98 0 0
29 98 0 0
30 98 0 0
31 98 0 0
32 98 0 0
34 98 0 0
35 98 0 0
36 98 0 0
37 98 0 0
38 98 0 0
39 98 0 0
40 98 0 0
41 98 0 0
42 98 0 0
43 98 0 0
54 98 0 0
57 98 0 0
58 98 0 0
87 98 0 0
88 98 0 0
89 98 0 0
90 98 0 0
91 98 0 0
93 98 0 0
95 98 0 0
96 98 0 0
97 98 0 0
1 99 0 0
9 99 0 0
10 99 0 0
11 99 0 0
14 99 0 0
16 99 0 0
17 99 0 0
18 99 0 0
19 99 0 0
20 99 0 0
21 99 0 0
22 99 0 0
23 99 0 0
24 99 0 0
25 99 0 0
26 99 0 0
27 99 0 0
28 99 0 0
29 99 0 0
30 99 0 0
31 99 0 0
32 99 0 0
34 99 0 0
35 99 0 0
36 99 0 0
37 99 0 0
38 99 0 0
39 99 0 0
40 99 0 0
41 99 0 0
42 99 0 0
43 99 0 0
47 99 0 0
51 99 0 0
53 99 0 0
54 99 0 0
55 99 0 0
57 99 0 0
58 99 0 0
87 99 0 0
88 99 0 0
89 99 0 0
90 99 0 0
91 99 0 0
92 99 0 0
93 99 0 0
95 99 0 0
96 99 0 0
97 99 0 0
98 99 0 0
1 100 0 0
19 100 0 0
36 100 0 0
40 100 0 0
42 100 0 0
87 100 0 0
89 100 0 0
94 100 0 0
95 100 0 0
97 100 0 0
1 101 0 0
11 101 0 0
14 101 0 0
16 101 0 0
17 101 0 0
18 101 0 0
19 101 0 0
20 101 0 0
21 101 0 0
22 101 0 0
23 101 0 0
24 101 0 0
25 101 0 0
26 101 0 0
27 101 0 0
28 101 0 0
29 101 0 0
30 101 0 0
31 101 0 0
32 101 0 0
34 101 0 0
35 101 0 0
36 101 0 0
37 101 0 0
38 101 0 0
39 101 0 0
40 101 0 0
41 101 0 0
42 101 0 0
43 101 0 0
57 101 0 0
87 101 0 0
88 101 0 0
89 101 0 0
90 101 0 0
91 101 0 0
92 101 0 0
93 101 0 0
96 101 0 0
97 101 0 0
98 101 0 0
99 101 0 0
1 102 0 0
10 102 0 0
11 102 0 0
16 102 0 0
17 102 0 0
18 102 0 0
19 102 0 0
20 102 0 0
21 102 0 0
22 102 0 0
23 102 0 0
24 102 0 0
25 102 0 0
26 102 0 0
27 102 0 0
28 102 0 0
29 102 0 0
31 102 0 0
32 102 0 0
34 102 0 0
35 102 0 0
36 102 0 0
37 102 0 0
38 102 0 0
39 102 0 0
40 102 0 0
41 102 0 0
42 102 0 0
43 102 0 0
51 102 0 0
53 102 0 0
54 102 0 0
55 102 0 0
56 102 0 0
57 102 0 0
58 102 0 0
87 102 0 0
88 102 0 0
89 102 0 0
90 102 0 0
91 102 0 0
93 102 0 0
94 102 0 0
95 102 0 0
96 102 0 0
97 102 0 0
98 102 0 0
99 102 0 0
100 102 0 0
101 102 0 0
67 103 0 1
8 110 0 1
13 110 0 1
8 113 0 1
15 113 0 1
15 115 0 1
8 116 0 1
15 116 0 1
15 118 0 1
15 119 0 1
8 120 0 1
13 120 0 1
15 120 0 1
16 120 0 1
22 120 0 1
24 120 0 1
30 120 0 1
33 120 0 1
34 120 0 1
37 120 0 1
38 120 0 1
8 121 0 1
15 121 0 1
33 121 0 1
15 122 0 1
33 122 0 1
15 123 0 1
8 126 0 1
13 126 0 1
15 126 0 1
16 126 0 1
33 126 0 1
15 127 0 1
15 130 0 1
33 130 0 1
22 132 0 1
33 132 0 1
34 132 0 1
35 132 0 1
37 132 0 1
38 132 0 1
39 132 0 1
41 132 0 1
44 132 0 1
47 132 0 1
53 132 0 1
54 132 0 1
88 132 0 1
89 132 0 1
90 132 0 1
91 132 0 1
92 132 0 1
96 132 0 1
99 132 0 1
101 132 0 1
15 133 0 1
33 133 0 1
34 133 0 1
37 133 0 1
91 133 0 1
92 133 0 1
15 134 0 1
15 135 0 1
33 135 0 1
33 137 0 1
33 138 0 1
15 139 0 1
33 139 0 1
92 139 0 1
15 141 0 1
33 141 0 1
34 141 0 1
35 141 0 1
37 141 0 1
38 141 0 1
41 141 0 1
44 141 0 1
47 141 0 1
90 141 0 1
91 141 0 1
92 141 0 1
15 142 0 1
33 142 0 1
15 144 0 1
33 144 0 1
15 146 0 1
15 147 0 1
35 148 0 1
37 148 0 1
44 148 0 1
46 148 0 1
47 148 0 1
50 148 0 1
51 148 0 1
53 148 0 1
54 148 0 1
55 148 0 1
57 148 0 1
58 148 0 1
59 148 0 1
61 148 0 1
62 148 0 1
77 148 0 1
81 148 0 1
83 148 0 1
88 148 0 1
89 148 0 1
90 148 0 1
91 148 0 1
92 148 0 1
93 148 0 1
34 149 0 1
35 149 0 1
37 149 0 1
44 149 0 1
47 149 0 1
53 149 0 1
81 149 0 1
88 149 0 1
90 149 0 1
91 149 0 1
92 149 0 1
44 151 0 1
33 153 0 1
34 153 0 1
37 153 0 1
44 153 0 1
47 153 0 1
81 153 0 1
91 153 0 1
92 153 0 1
37 155 0 1
44 155 0 1
47 155 0 1
91 155 0 1
92 155 0 1
33 156 0 1
92 156 0 1
15 158 0 1
33 158 0 1
37 158 0 1
44 158 0 1
91 158 0 1
92 158 0 1
33 159 0 1
44 161 0 1
46 161 0 1
47 161 0 1
51 161 0 1
59 161 0 1
61 161 0 1
62 161 0 1
66 161 0 1
74 161 0 1
77 161 0 1
80 161 0 1
81 161 0 1
83 161 0 1
44 162 0 1
47 162 0 1
59 162 0 1
62 162 0 1
66 162 0 1
67 162 0 1
74 162 0 1
77 162 0 1
80 162 0 1
81 162 0 1
83 162 0 1
44 163 0 1
47 163 0 1
62 163 0 1
67 163 0 1
74 163 0 1
77 163 0 1
81 163 0 1
44 164 0 1
67 164 0 1
67 165 0 1
44 168 0 1
67 168 0 1
74 168 0 1
81 168 0 1
67 169 0 1
67 170 0 1
74 170 0 1
67 171 0 1
67 172 0 1
67 173 0 1
67 174 0 1
74 174 0 1
67 175 0 1
67 176 0 1
67 177 0 1
67 178 0 1
67 179 0 1
67 180 0 1
67 181 0 1
67 182 0 1
67 183 0 1
67 184 0 1
44 185 0 1
62 185 0 1
67 185 0 1
74 185 0 1
81 185 0 1
67 186 0 1
59 187 0 1
62 187 0 1
66 187 0 1
67 187 0 1
74 187 0 1
77 187 0 1
80 187 0 1
81 187 0 1
67 188 0 1
67 189 0 1
67 190 0 1
44 191 0 1
47 191 0 1
81 191 0 1
92 191 0 1
44 193 0 1
44 195 0 1
92 195 0 1
44 196 0 1
