1 2 0 0
1 3 0 0
1 4 0 0
2 4 0 0
3 4 0 0
5 6 0 0
1 7 0 0
2 7 0 0
4 7 0 0
1 8 0 0
2 8 0 0
4 8 0 0
7 8 0 0
1 9 0 0
2 9 0 0
4 9 0 0
7 9 0 0
8 9 0 0
1 10 0 0
2 10 0 0
4 10 0 0
7 10 0 0
8 10 0 0
9 10 0 0
1 11 0 0
2 11 0 0
4 11 0 0
7 11 0 0
8 11 0 0
9 11 0 0
10 11 0 0
1 12 0 0
2 12 0 0
4 12 0 0
7 12 0 0
8 12 0 0
9 12 0 0
10 12 0 0
11 12 0 0
1 14 0 0
9 14 0 0
10 14 0 0
11 14 0 0
12 14 0 0
12 15 0 0
14 15 0 0
12 16 0 0
14 16 0 0
15 16 0 0
10 17 0 0
12 17 0 0
14 17 0 0
15 17 0 0
16 17 0 0
13 18 0 0
14 18 0 0
15 18 0 0
16 18 0 0
17 18 0 0
1 19 0 0
10 19 0 0
14 19 0 0
1 20 0 0
9 20 0 0
10 20 0 0
14 20 0 0
17 20 0 0
19 20 0 0
1 21 0 0
9 21 0 0
10 21 0 0
12 21 0 0
14 21 0 0
15 21 0 0
16 21 0 0
17 21 0 0
19 21 0 0
20 21 0 0
14 22 0 0
15 22 0 0
16 22 0 0
17 22 0 0
18 22 0 0
21 22 0 0
1 23 0 0
9 23 0 0
10 23 0 0
11 23 0 0
12 23 0 0
14 23 0 0
15 23 0 0
16 23 0 0
17 23 0 0
19 23 0 0
20 23 0 0
21 23 0 0
22 23 0 0
1 24 0 0
9 24 0 0
10 24 0 0
11 24 0 0
12 24 0 0
14 24 0 0
15 24 0 0
17 24 0 0
19 24 0 0
20 24 0 0
21 24 0 0
23 24 0 0
5 25 0 0
6 25 0 0
13 25 0 0
15 25 0 0
16 25 0 0
17 25 0 0
18 25 0 0
22 25 0 0
5 26 0 0
6 26 0 0
12 26 0 0
13 26 0 0
14 26 0 0
15 26 0 0
16 26 0 0
17 26 0 0
18 26 0 0
22 26 0 0
23 26 0 0
25 26 0 0
1 27 0 0
19 27 0 0
20 27 0 0
24 27 0 0
1 28 0 0
7 28 0 0
8 28 0 0
9 28 0 0
10 28 0 0
11 28 0 0
12 28 0 0
14 28 0 0
15 28 0 0
16 28 0 0
17 28 0 0
18 28 0 0
20 28 0 0
21 28 0 0
22 28 0 0
23 28 0 0
24 28 0 0
25 28 0 0
26 28 0 0
1 29 0 0
7 29 0 0
8 29 0 0
9 29 0 0
10 29 0 0
11 29 0 0
12 29 0 0
14 29 0 0
15 29 0 0
16 29 0 0
17 29 0 0
18 29 0 0
20 29 0 0
21 29 0 0
22 29 0 0
23 29 0 0
24 29 0 0
25 29 0 0
26 29 0 0
28 29 0 0
1 30 0 0
2 30 0 0
4 30 0 0
7 30 0 0
8 30 0 0
9 30 0 0
10 30 0 0
11 30 0 0
12 30 0 0
14 30 0 0
15 30 0 0
16 30 0 0
17 30 0 0
19 30 0 0
20 30 0 0
21 30 0 0
22 30 0 0
23 30 0 0
24 30 0 0
26 30 0 0
28 30 0 0
29 30 0 0
1 31 0 0
4 31 0 0
7 31 0 0
8 31 0 0
9 31 0 0
10 31 0 0
11 31 0 0
12 31 0 0
14 31 0 0
15 31 0 0
17 31 0 0
19 31 0 0
20 31 0 0
21 31 0 0
23 31 0 0
24 31 0 0
27 31 0 0
28 31 0 0
29 31 0 0
30 31 0 0
6 32 0 0
13 32 0 0
15 32 0 0
16 32 0 0
17 32 0 0
18 32 0 0
22 32 0 0
25 32 0 0
26 32 0 0
12 33 0 0
14 33 0 0
15 33 0 0
16 33 0 0
17 33 0 0
18 33 0 0
21 33 0 0
22 33 0 0
23 33 0 0
25 33 0 0
26 33 0 0
28 33 0 0
29 33 0 0
30 33 0 0
32 33 0 0
12 34 0 0
14 34 0 0
15 34 0 0
16 34 0 0
17 34 0 0
18 34 0 0
21 34 0 0
22 34 0 0
23 34 0 0
24 34 0 0
25 34 0 0
26 34 0 0
28 34 0 0
29 34 0 0
30 34 0 0
31 34 0 0
32 34 0 0
33 34 0 0
1 35 0 0
7 35 0 0
8 35 0 0
9 35 0 0
10 35 0 0
11 35 0 0
12 35 0 0
14 35 0 0
15 35 0 0
17 35 0 0
19 35 0 0
20 35 0 0
21 35 0 0
23 35 0 0
24 35 0 0
28 35 0 0
29 35 0 0
30 35 0 0
31 35 0 0
33 35 0 0
34 35 0 0
1 36 0 0
14 36 0 0
19 36 0 0
20 36 0 0
21 36 0 0
23 36 0 0
24 36 0 0
27 36 0 0
29 36 0 0
30 36 0 0
31 36 0 0
35 36 0 0
13 37 0 0
15 37 0 0
16 37 0 0
18 37 0 0
22 37 0 0
26 37 0 0
32 37 0 0
1 38 0 0
14 38 0 0
15 38 0 0
16 38 0 0
17 38 0 0
19 38 0 0
20 38 0 0
21 38 0 0
22 38 0 0
23 38 0 0
24 38 0 0
29 38 0 0
31 38 0 0
35 38 0 0
36 38 0 0
1 39 0 0
14 39 0 0
17 39 0 0
19 39 0 0
20 39 0 0
21 39 0 0
23 39 0 0
24 39 0 0
29 39 0 0
30 39 0 0
31 39 0 0
35 39 0 0
36 39 0 0
38 39 0 0
1 40 0 0
14 40 0 0
19 40 0 0
20 40 0 0
21 40 0 0
23 40 0 0
24 40 0 0
27 40 0 0
31 40 0 0
35 40 0 0
36 40 0 0
38 40 0 0
39 40 0 0
13 41 0 0
18 41 0 0
26 41 0 0
32 41 0 0
37 41 0 0
1 42 0 0
14 42 0 0
15 42 0 0
16 42 0 0
17 42 0 0
18 42 0 0
20 42 0 0
21 42 0 0
22 42 0 0
23 42 0 0
24 42 0 0
26 42 0 0
29 42 0 0
34 42 0 0
35 42 0 0
36 42 0 0
38 42 0 0
39 42 0 0
40 42 0 0
1 43 0 0
14 43 0 0
15 43 0 0
17 43 0 0
19 43 0 0
20 43 0 0
21 43 0 0
22 43 0 0
23 43 0 0
24 43 0 0
29 43 0 0
31 43 0 0
35 43 0 0
36 43 0 0
38 43 0 0
39 43 0 0
40 43 0 0
42 43 0 0
38 44 0 0
39 44 0 0
42 44 0 0
43 44 0 0
1 45 0 0
36 45 0 0
38 45 0 0
39 45 0 0
40 45 0 0
42 45 0 0
43 45 0 0
44 45 0 0
1 46 0 0
36 46 0 0
39 46 0 0
40 46 0 0
43 46 0 0
44 46 0 0
45 46 0 0
1 47 0 0
36 47 0 0
38 47 0 0
39 47 0 0
40 47 0 0
42 47 0 0
43 47 0 0
44 47 0 0
45 47 0 0
46 47 0 0
1 48 0 0
36 48 0 0
38 48 0 0
39 48 0 0
40 48 0 0
42 48 0 0
43 48 0 0
44 48 0 0
45 48 0 0
46 48 0 0
47 48 0 0
1 49 0 0
36 49 0 0
38 49 0 0
39 49 0 0
40 49 0 0
42 49 0 0
43 49 0 0
44 49 0 0
45 49 0 0
46 49 0 0
47 49 0 0
48 49 0 0
1 50 0 0
36 50 0 0
38 50 0 0
39 50 0 0
40 50 0 0
43 50 0 0
45 50 0 0
46 50 0 0
47 50 0 0
48 50 0 0
49 50 0 0
1 51 0 0
44 51 0 0
45 51 0 0
46 51 0 0
47 51 0 0
49 51 0 0
1 52 0 0
46 52 0 0
1 53 0 0
52 53 0 0
1 54 0 0
52 54 0 0
53 54 0 0
1 55 0 0
51 55 0 0
52 55 0 0
53 55 0 0
54 55 0 0
1 56 0 0
51 56 0 0
52 56 0 0
53 56 0 0
54 56 0 0
55 56 0 0
1 57 0 0
45 57 0 0
46 57 0 0
47 57 0 0
48 57 0 0
49 57 0 0
50 57 0 0
51 57 0 0
52 57 0 0
55 57 0 0
56 57 0 0
1 58 0 0
46 58 0 0
50 58 0 0
52 58 0 0
53 58 0 0
54 58 0 0
55 58 0 0
56 58 0 0
57 58 0 0
1 59 0 0
45 59 0 0
46 59 0 0
48 59 0 0
50 59 0 0
52 59 0 0
54 59 0 0
55 59 0 0
56 59 0 0
57 59 0 0
58 59 0 0
1 60 0 0
45 60 0 0
46 60 0 0
47 60 0 0
48 60 0 0
49 60 0 0
50 60 0 0
51 60 0 0
52 60 0 0
53 60 0 0
55 60 0 0
56 60 0 0
57 60 0 0
58 60 0 0
59 60 0 0
1 61 0 0
45 61 0 0
46 61 0 0
50 61 0 0
52 61 0 0
53 61 0 0
54 61 0 0
55 61 0 0
56 61 0 0
57 61 0 0
58 61 0 0
59 61 0 0
60 61 0 0
43 62 0 0
44 62 0 0
45 62 0 0
47 62 0 0
48 62 0 0
49 62 0 0
51 62 0 0
1 63 0 0
44 63 0 0
45 63 0 0
46 63 0 0
47 63 0 0
48 63 0 0
49 63 0 0
50 63 0 0
51 63 0 0
57 63 0 0
59 63 0 0
60 63 0 0
61 63 0 0
62 63 0 0
1 64 0 0
14 64 0 0
19 64 0 0
20 64 0 0
21 64 0 0
23 64 0 0
24 64 0 0
31 64 0 0
35 64 0 0
36 64 0 0
38 64 0 0
39 64 0 0
40 64 0 0
42 64 0 0
43 64 0 0
44 64 0 0
45 64 0 0
46 64 0 0
47 64 0 0
48 64 0 0
49 64 0 0
50 64 0 0
63 64 0 0
1 65 0 0
14 65 0 0
15 65 0 0
16 65 0 0
17 65 0 0
18 65 0 0
20 65 0 0
21 65 0 0
22 65 0 0
26 65 0 0
36 65 0 0
38 65 0 0
39 65 0 0
40 65 0 0
42 65 0 0
43 65 0 0
44 65 0 0
45 65 0 0
46 65 0 0
47 65 0 0
48 65 0 0
49 65 0 0
50 65 0 0
57 65 0 0
60 65 0 0
62 65 0 0
63 65 0 0
64 65 0 0
1 66 0 0
19 66 0 0
20 66 0 0
21 66 0 0
36 66 0 0
38 66 0 0
39 66 0 0
40 66 0 0
42 66 0 0
43 66 0 0
44 66 0 0
45 66 0 0
46 66 0 0
47 66 0 0
48 66 0 0
49 66 0 0
50 66 0 0
57 66 0 0
60 66 0 0
63 66 0 0
64 66 0 0
65 66 0 0
13 67 0 0
18 67 0 0
25 67 0 0
26 67 0 0
32 67 0 0
37 67 0 0
41 67 0 0
13 68 0 0
16 68 0 0
18 68 0 0
22 68 0 0
25 68 0 0
26 68 0 0
32 68 0 0
33 68 0 0
34 68 0 0
37 68 0 0
41 68 0 0
67 68 0 0
1 69 0 0
10 69 0 0
14 69 0 0
17 69 0 0
19 69 0 0
20 69 0 0
21 69 0 0
23 69 0 0
24 69 0 0
27 69 0 0
28 69 0 0
29 69 0 0
30 69 0 0
31 69 0 0
35 69 0 0
36 69 0 0
38 69 0 0
39 69 0 0
40 69 0 0
42 69 0 0
43 69 0 0
47 69 0 0
48 69 0 0
64 69 0 0
65 69 0 0
66 69 0 0
14 70 0 0
15 70 0 0
16 70 0 0
17 70 0 0
18 70 0 0
21 70 0 0
22 70 0 0
23 70 0 0
24 70 0 0
25 70 0 0
26 70 0 0
28 70 0 0
29 70 0 0
30 70 0 0
32 70 0 0
33 70 0 0
34 70 0 0
35 70 0 0
37 70 0 0
38 70 0 0
39 70 0 0
42 70 0 0
43 70 0 0
65 70 0 0
68 70 0 0
69 70 0 0
1 71 0 0
10 71 0 0
14 71 0 0
15 71 0 0
16 71 0 0
17 71 0 0
18 71 0 0
20 71 0 0
21 71 0 0
22 71 0 0
23 71 0 0
24 71 0 0
26 71 0 0
28 71 0 0
29 71 0 0
30 71 0 0
31 71 0 0
33 71 0 0
34 71 0 0
35 71 0 0
36 71 0 0
38 71 0 0
39 71 0 0
40 71 0 0
42 71 0 0
43 71 0 0
64 71 0 0
65 71 0 0
69 71 0 0
70 71 0 0
13 72 0 0
26 72 0 0
32 72 0 0
37 72 0 0
41 72 0 0
67 72 0 0
68 72 0 0
14 73 0 0
15 73 0 0
16 73 0 0
17 73 0 0
18 73 0 0
21 73 0 0
22 73 0 0
23 73 0 0
25 73 0 0
26 73 0 0
28 73 0 0
29 73 0 0
32 73 0 0
33 73 0 0
34 73 0 0
37 73 0 0
38 73 0 0
42 73 0 0
43 73 0 0
65 73 0 0
68 73 0 0
70 73 0 0
71 73 0 0
14 74 0 0
15 74 0 0
16 74 0 0
17 74 0 0
18 74 0 0
21 74 0 0
22 74 0 0
23 74 0 0
24 74 0 0
25 74 0 0
26 74 0 0
28 74 0 0
29 74 0 0
30 74 0 0
31 74 0 0
33 74 0 0
34 74 0 0
35 74 0 0
37 74 0 0
38 74 0 0
39 74 0 0
42 74 0 0
43 74 0 0
44 74 0 0
64 74 0 0
65 74 0 0
69 74 0 0
70 74 0 0
71 74 0 0
73 74 0 0
1 75 0 0
10 75 0 0
14 75 0 0
15 75 0 0
16 75 0 0
17 75 0 0
18 75 0 0
20 75 0 0
21 75 0 0
22 75 0 0
23 75 0 0
24 75 0 0
26 75 0 0
28 75 0 0
29 75 0 0
30 75 0 0
31 75 0 0
33 75 0 0
34 75 0 0
35 75 0 0
36 75 0 0
38 75 0 0
39 75 0 0
40 75 0 0
42 75 0 0
43 75 0 0
47 75 0 0
64 75 0 0
65 75 0 0
66 75 0 0
69 75 0 0
70 75 0 0
71 75 0 0
73 75 0 0
74 75 0 0
1 76 0 0
10 76 0 0
14 76 0 0
15 76 0 0
16 76 0 0
17 76 0 0
19 76 0 0
20 76 0 0
21 76 0 0
22 76 0 0
23 76 0 0
24 76 0 0
28 76 0 0
29 76 0 0
30 76 0 0
31 76 0 0
33 76 0 0
34 76 0 0
35 76 0 0
36 76 0 0
38 76 0 0
39 76 0 0
40 76 0 0
42 76 0 0
43 76 0 0
44 76 0 0
47 76 0 0
48 76 0 0
49 76 0 0
64 76 0 0
65 76 0 0
66 76 0 0
69 76 0 0
70 76 0 0
71 76 0 0
73 76 0 0
74 76 0 0
75 76 0 0
13 77 0 0
16 77 0 0
18 77 0 0
22 77 0 0
25 77 0 0
26 77 0 0
32 77 0 0
37 77 0 0
41 77 0 0
67 77 0 0
68 77 0 0
72 77 0 0
73 77 0 0
13 78 0 1
37 78 0 1
41 78 0 1
44 78 0 1
49 78 0 1
51 78 0 1
62 78 0 1
65 78 0 1
67 78 0 1
68 78 0 1
72 78 0 1
77 78 0 1
5 80 0 1
6 80 0 1
5 82 0 1
6 82 0 1
13 82 0 1
25 82 0 1
26 82 0 1
32 82 0 1
5 83 0 1
6 83 0 1
25 83 0 1
32 83 0 1
5 84 0 1
6 84 0 1
6 85 0 1
6 87 0 1
13 87 0 1
16 87 0 1
18 87 0 1
22 87 0 1
25 87 0 1
26 87 0 1
32 87 0 1
33 87 0 1
34 87 0 1
37 87 0 1
41 87 0 1
67 87 0 1
68 87 0 1
72 87 0 1
77 87 0 1
13 88 0 1
72 88 0 1
13 89 0 1
41 89 0 1
67 89 0 1
68 89 0 1
72 89 0 1
77 89 0 1
13 90 0 1
72 90 0 1
13 91 0 1
41 91 0 1
67 91 0 1
72 91 0 1
13 93 0 1
41 93 0 1
67 93 0 1
68 93 0 1
72 93 0 1
77 93 0 1
13 94 0 1
41 94 0 1
67 94 0 1
72 94 0 1
14 95 0 1
15 95 0 1
16 95 0 1
17 95 0 1
18 95 0 1
22 95 0 1
26 95 0 1
32 95 0 1
34 95 0 1
37 95 0 1
38 95 0 1
41 95 0 1
42 95 0 1
43 95 0 1
44 95 0 1
65 95 0 1
68 95 0 1
70 95 0 1
71 95 0 1
73 95 0 1
74 95 0 1
75 95 0 1
77 95 0 1
14 96 0 1
15 96 0 1
16 96 0 1
17 96 0 1
18 96 0 1
22 96 0 1
26 96 0 1
37 96 0 1
38 96 0 1
41 96 0 1
42 96 0 1
43 96 0 1
44 96 0 1
49 96 0 1
62 96 0 1
65 96 0 1
68 96 0 1
70 96 0 1
71 96 0 1
73 96 0 1
74 96 0 1
75 96 0 1
76 96 0 1
77 96 0 1
18 97 0 1
22 97 0 1
26 97 0 1
37 97 0 1
41 97 0 1
67 97 0 1
68 97 0 1
72 97 0 1
73 97 0 1
77 97 0 1
37 98 0 1
41 98 0 1
67 98 0 1
68 98 0 1
72 98 0 1
77 98 0 1
13 99 0 1
41 99 0 1
67 99 0 1
72 99 0 1
13 100 0 1
67 100 0 1
72 100 0 1
13 101 0 1
37 103 0 1
42 103 0 1
44 103 0 1
49 103 0 1
62 103 0 1
65 103 0 1
73 103 0 1
74 103 0 1
77 103 0 1
18 104 0 1
22 104 0 1
26 104 0 1
37 104 0 1
38 104 0 1
42 104 0 1
43 104 0 1
44 104 0 1
49 104 0 1
62 104 0 1
65 104 0 1
70 104 0 1
71 104 0 1
73 104 0 1
74 104 0 1
75 104 0 1
77 104 0 1
37 105 0 1
41 105 0 1
44 105 0 1
62 105 0 1
65 105 0 1
77 105 0 1
37 106 0 1
41 106 0 1
77 106 0 1
41 107 0 1
44 108 0 1
45 108 0 1
46 108 0 1
47 108 0 1
48 108 0 1
49 108 0 1
50 108 0 1
51 108 0 1
57 108 0 1
60 108 0 1
62 108 0 1
63 108 0 1
64 108 0 1
65 108 0 1
66 108 0 1
44 109 0 1
49 109 0 1
51 109 0 1
62 109 0 1
65 109 0 1
44 110 0 1
49 110 0 1
51 110 0 1
62 110 0 1
65 110 0 1
44 111 0 1
49 111 0 1
51 111 0 1
62 111 0 1
65 111 0 1
44 113 0 1
45 113 0 1
46 113 0 1
49 113 0 1
51 113 0 1
56 113 0 1
57 113 0 1
60 113 0 1
62 113 0 1
63 113 0 1
51 114 0 1
51 115 0 1
62 115 0 1
44 116 0 1
49 116 0 1
51 116 0 1
62 116 0 1
63 116 0 1
44 117 0 1
51 117 0 1
62 117 0 1
