1 2 0 0
2 3 0 0
1 4 0 0
1 5 0 0
2 5 0 0
4 5 0 0
1 6 0 0
2 6 0 0
4 6 0 0
5 6 0 0
1 7 0 0
2 7 0 0
4 7 0 0
5 7 0 0
6 7 0 0
2 8 0 0
3 8 0 0
1 9 0 0
4 9 0 0
6 9 0 0
1 10 0 0
2 10 0 0
5 10 0 0
6 10 0 0
7 10 0 0
1 11 0 0
2 11 0 0
5 11 0 0
6 11 0 0
7 11 0 0
10 11 0 0
2 12 0 0
3 12 0 0
8 12 0 0
2 13 0 0
3 13 0 0
8 13 0 0
12 13 0 0
2 14 0 0
3 14 0 0
8 14 0 0
12 14 0 0
13 14 0 0
1 15 0 0
2 15 0 0
5 15 0 0
6 15 0 0
7 15 0 0
10 15 0 0
11 15 0 0
14 15 0 0
1 16 0 0
2 16 0 0
5 16 0 0
6 16 0 0
7 16 0 0
10 16 0 0
11 16 0 0
15 16 0 0
1 17 0 0
2 17 0 0
5 17 0 0
6 17 0 0
7 17 0 0
10 17 0 0
11 17 0 0
14 17 0 0
15 17 0 0
16 17 0 0
1 18 0 0
2 18 0 0
3 18 0 0
13 18 0 0
14 18 0 0
15 18 0 0
16 18 0 0
17 18 0 0
1 19 0 0
2 19 0 0
5 19 0 0
6 19 0 0
7 19 0 0
10 19 0 0
11 19 0 0
15 19 0 0
16 19 0 0
17 19 0 0
18 19 0 0
2 20 0 0
18 20 0 0
1 21 0 0
2 21 0 0
17 21 0 0
18 21 0 0
19 21 0 0
20 21 0 0
1 22 0 0
2 22 0 0
19 22 0 0
21 22 0 0
1 23 0 0
21 23 0 0
22 23 0 0
1 24 0 0
22 24 0 0
23 24 0 0
1 25 0 0
22 25 0 0
23 25 0 0
24 25 0 0
1 26 0 0
24 26 0 0
1 27 0 0
24 27 0 0
26 27 0 0
1 28 0 0
24 28 0 0
26 28 0 0
27 28 0 0
1 29 0 0
22 29 0 0
23 29 0 0
24 29 0 0
25 29 0 0
26 29 0 0
27 29 0 0
28 29 0 0
1 30 0 0
24 30 0 0
26 30 0 0
27 30 0 0
28 30 0 0
29 30 0 0
1 31 0 0
22 31 0 0
23 31 0 0
24 31 0 0
25 31 0 0
26 31 0 0
27 31 0 0
28 31 0 0
29 31 0 0
30 31 0 0
1 32 0 0
22 32 0 0
23 32 0 0
24 32 0 0
25 32 0 0
28 32 0 0
29 32 0 0
30 32 0 0
31 32 0 0
1 33 0 0
22 33 0 0
23 33 0 0
24 33 0 0
25 33 0 0
26 33 0 0
27 33 0 0
28 33 0 0
29 33 0 0
30 33 0 0
31 33 0 0
32 33 0 0
1 34 0 0
2 34 0 0
17 34 0 0
18 34 0 0
19 34 0 0
21 34 0 0
22 34 0 0
23 34 0 0
32 34 0 0
2 35 0 0
18 35 0 0
20 35 0 0
21 35 0 0
22 35 0 0
34 35 0 0
1 36 0 0
2 36 0 0
17 36 0 0
19 36 0 0
21 36 0 0
22 36 0 0
23 36 0 0
24 36 0 0
31 36 0 0
32 36 0 0
33 36 0 0
34 36 0 0
35 36 0 0
2 37 0 0
3 37 0 0
8 37 0 0
12 37 0 0
13 37 0 0
14 37 0 0
15 37 0 0
17 37 0 0
18 37 0 0
20 37 0 0
21 37 0 0
34 37 0 0
35 37 0 0
1 38 0 0
2 38 0 0
5 38 0 0
6 38 0 0
7 38 0 0
10 38 0 0
11 38 0 0
14 38 0 0
15 38 0 0
16 38 0 0
17 38 0 0
18 38 0 0
19 38 0 0
21 38 0 0
22 38 0 0
23 38 0 0
34 38 0 0
36 38 0 0
37 38 0 0
1 39 0 0
2 39 0 0
5 39 0 0
6 39 0 0
7 39 0 0
10 39 0 0
11 39 0 0
15 39 0 0
16 39 0 0
17 39 0 0
18 39 0 0
19 39 0 0
21 39 0 0
22 39 0 0
23 39 0 0
34 39 0 0
36 39 0 0
38 39 0 0
1 40 0 0
2 40 0 0
3 40 0 0
13 40 0 0
14 40 0 0
15 40 0 0
16 40 0 0
17 40 0 0
18 40 0 0
19 40 0 0
20 40 0 0
21 40 0 0
34 40 0 0
35 40 0 0
36 40 0 0
37 40 0 0
38 40 0 0
39 40 0 0
1 41 0 0
2 41 0 0
7 41 0 0
14 41 0 0
15 41 0 0
16 41 0 0
17 41 0 0
18 41 0 0
19 41 0 0
21 41 0 0
22 41 0 0
23 41 0 0
34 41 0 0
35 41 0 0
36 41 0 0
37 41 0 0
38 41 0 0
39 41 0 0
40 41 0 0
1 42 0 0
2 42 0 0
13 42 0 0
14 42 0 0
15 42 0 0
17 42 0 0
18 42 0 0
19 42 0 0
20 42 0 0
21 42 0 0
22 42 0 0
34 42 0 0
35 42 0 0
36 42 0 0
37 42 0 0
38 42 0 0
39 42 0 0
40 42 0 0
41 42 0 0
8 44 0 1
12 44 0 1
8 45 0 1
12 45 0 1
2 46 0 1
8 46 0 1
12 46 0 1
13 46 0 1
20 46 0 1
37 46 0 1
12 47 0 1
20 47 0 1
20 50 0 1
20 51 0 1
20 52 0 1
35 52 0 1
25 60 0 1
