1 2 0 0
3 5 0 0
3 6 0 0
5 6 0 0
3 7 0 0
5 7 0 0
6 7 0 0
3 8 0 0
5 8 0 0
6 8 0 0
7 8 0 0
3 9 0 0
5 9 0 0
6 9 0 0
7 9 0 0
8 9 0 0
6 10 0 0
7 10 0 0
2 11 0 0
10 11 0 0
2 12 0 0
6 12 0 0
7 12 0 0
9 12 0 0
10 12 0 0
11 12 0 0
2 13 0 0
6 13 0 0
7 13 0 0
9 13 0 0
10 13 0 0
11 13 0 0
12 13 0 0
2 14 0 0
10 14 0 0
11 14 0 0
12 14 0 0
13 14 0 0
1 15 0 0
1 16 0 0
15 16 0 0
1 17 0 0
15 17 0 0
16 17 0 0
2 18 0 0
10 18 0 0
11 18 0 0
12 18 0 0
13 18 0 0
14 18 0 0
3 19 0 0
5 19 0 0
6 19 0 0
7 19 0 0
8 19 0 0
9 19 0 0
10 19 0 0
11 19 0 0
12 19 0 0
13 19 0 0
18 19 0 0
3 20 0 0
5 20 0 0
6 20 0 0
7 20 0 0
8 20 0 0
9 20 0 0
10 20 0 0
12 20 0 0
13 20 0 0
19 20 0 0
3 21 0 0
5 21 0 0
6 21 0 0
7 21 0 0
8 21 0 0
9 21 0 0
10 21 0 0
11 21 0 0
12 21 0 0
13 21 0 0
19 21 0 0
20 21 0 0
3 22 0 0
5 22 0 0
6 22 0 0
7 22 0 0
8 22 0 0
9 22 0 0
10 22 0 0
12 22 0 0
13 22 0 0
19 22 0 0
20 22 0 0
21 22 0 0
1 23 0 0
2 23 0 0
1 24 0 0
2 24 0 0
14 24 0 0
18 24 0 0
23 24 0 0
2 25 0 0
11 25 0 0
13 25 0 0
14 25 0 0
18 25 0 0
24 25 0 0
1 26 0 0
2 26 0 0
11 26 0 0
14 26 0 0
18 26 0 0
23 26 0 0
24 26 0 0
25 26 0 0
1 27 0 0
2 27 0 0
14 27 0 0
18 27 0 0
23 27 0 0
24 27 0 0
25 27 0 0
26 27 0 0
1 28 0 0
2 28 0 0
23 28 0 0
24 28 0 0
26 28 0 0
27 28 0 0
1 30 0 0
2 30 0 0
23 30 0 0
24 30 0 0
27 30 0 0
28 30 0 0
1 31 0 0
29 31 0 0
4 32 0 1
20 32 0 1
22 32 0 1
4 33 0 1
3 34 0 1
5 34 0 1
7 34 0 1
20 37 0 1
22 37 0 1
4 38 0 1
4 40 0 1
16 43 0 1
17 43 0 1
15 44 0 1
16 44 0 1
17 44 0 1
16 45 0 1
16 49 0 1
17 49 0 1
17 50 0 1
16 51 0 1
17 51 0 1
10 53 0 1
20 53 0 1
22 53 0 1
8 54 0 1
20 54 0 1
22 54 0 1
4 55 0 1
4 58 0 1
