1 2 0 0
4 5 0 0
4 8 0 0
5 8 0 0
6 9 0 0
8 10 0 0
9 10 0 0
4 11 0 0
5 11 0 0
8 11 0 0
8 12 0 0
10 12 0 0
6 13 0 0
9 13 0 0
7 14 0 0
9 15 0 0
10 15 0 0
12 15 0 0
7 16 0 0
14 16 0 0
11 17 0 0
14 17 0 0
16 17 0 0
10 18 0 0
12 18 0 0
15 18 0 0
14 19 0 0
16 19 0 0
17 19 0 0
6 20 0 0
9 20 0 0
13 20 0 0
15 20 0 0
18 20 0 0
6 21 0 0
9 21 0 0
13 21 0 0
18 21 0 0
20 21 0 0
10 22 0 0
12 22 0 0
15 22 0 0
18 22 0 0
8 23 0 0
10 23 0 0
12 23 0 0
15 23 0 0
18 23 0 0
22 23 0 0
4 24 0 0
5 24 0 0
8 24 0 0
11 24 0 0
16 24 0 0
17 24 0 0
19 24 0 0
7 25 0 0
14 25 0 0
16 25 0 0
17 25 0 0
19 25 0 0
4 26 0 0
5 26 0 0
8 26 0 0
11 26 0 0
17 26 0 0
23 26 0 0
24 26 0 0
4 27 0 0
5 27 0 0
8 27 0 0
11 27 0 0
17 27 0 0
19 27 0 0
24 27 0 0
26 27 0 0
9 28 0 0
10 28 0 0
12 28 0 0
15 28 0 0
18 28 0 0
20 28 0 0
21 28 0 0
22 28 0 0
23 28 0 0
6 29 0 0
9 29 0 0
10 29 0 0
12 29 0 0
13 29 0 0
15 29 0 0
18 29 0 0
20 29 0 0
21 29 0 0
22 29 0 0
23 29 0 0
28 29 0 0
10 30 0 0
12 30 0 0
15 30 0 0
18 30 0 0
20 30 0 0
22 30 0 0
23 30 0 0
28 30 0 0
29 30 0 0
6 31 0 0
9 31 0 0
10 31 0 0
13 31 0 0
15 31 0 0
18 31 0 0
20 31 0 0
21 31 0 0
28 31 0 0
29 31 0 0
30 31 0 0
3 32 0 0
3 33 0 0
18 33 0 0
20 33 0 0
21 33 0 0
32 33 0 0
3 34 0 0
13 34 0 0
18 34 0 0
20 34 0 0
21 34 0 0
31 34 0 0
32 34 0 0
33 34 0 0
9 35 0 0
13 35 0 0
15 35 0 0
18 35 0 0
20 35 0 0
21 35 0 0
28 35 0 0
29 35 0 0
31 35 0 0
32 35 0 0
33 35 0 0
34 35 0 0
14 36 0 0
16 36 0 0
17 36 0 0
19 36 0 0
24 36 0 0
25 36 0 0
26 36 0 0
27 36 0 0
13 37 0 0
18 37 0 0
20 37 0 0
21 37 0 0
31 37 0 0
32 37 0 0
33 37 0 0
34 37 0 0
35 37 0 0
16 38 0 0
17 38 0 0
19 38 0 0
23 38 0 0
24 38 0 0
26 38 0 0
27 38 0 0
36 38 0 0
14 39 0 0
16 39 0 0
17 39 0 0
19 39 0 0
24 39 0 0
27 39 0 0
36 39 0 0
38 39 0 0
16 40 0 0
17 40 0 0
19 40 0 0
24 40 0 0
27 40 0 0
36 40 0 0
38 40 0 0
39 40 0 0
15 41 0 0
18 41 0 0
20 41 0 0
21 41 0 0
22 41 0 0
23 41 0 0
28 41 0 0
29 41 0 0
30 41 0 0
31 41 0 0
33 41 0 0
34 41 0 0
35 41 0 0
37 41 0 0
3 42 0 0
13 42 0 0
15 42 0 0
18 42 0 0
20 42 0 0
21 42 0 0
22 42 0 0
28 42 0 0
29 42 0 0
30 42 0 0
31 42 0 0
32 42 0 0
33 42 0 0
34 42 0 0
35 42 0 0
37 42 0 0
41 42 0 0
3 43 0 0
3 44 0 0
32 44 0 0
33 44 0 0
34 44 0 0
43 44 0 0
3 45 0 0
3 46 0 0
45 46 0 0
1 47 0 0
2 47 0 0
3 48 0 0
43 48 0 0
1 49 0 0
2 49 0 0
47 49 0 0
3 50 0 0
45 50 0 0
46 50 0 0
1 51 0 0
2 51 0 0
47 51 0 0
49 51 0 0
1 52 0 0
2 52 0 0
47 52 0 0
49 52 0 0
51 52 0 0
2 53 0 0
47 53 0 0
49 53 0 0
51 53 0 0
52 53 0 0
3 54 0 0
45 54 0 0
46 54 0 0
48 54 0 0
50 54 0 0
1 55 0 0
2 55 0 0
47 55 0 0
49 55 0 0
51 55 0 0
52 55 0 0
53 55 0 0
3 56 0 0
48 56 0 0
54 56 0 0
3 57 0 0
48 57 0 0
54 57 0 0
56 57 0 0
3 58 0 0
45 58 0 0
46 58 0 0
50 58 0 0
54 58 0 0
1 59 0 0
2 59 0 0
47 59 0 0
49 59 0 0
51 59 0 0
52 59 0 0
53 59 0 0
55 59 0 0
3 60 0 0
48 60 0 0
56 60 0 0
57 60 0 0
2 61 0 0
53 61 0 0
55 61 0 0
60 61 0 0
1 62 0 0
2 62 0 0
47 62 0 0
49 62 0 0
51 62 0 0
52 62 0 0
59 62 0 0
1 63 0 0
2 63 0 0
47 63 0 0
49 63 0 0
51 63 0 0
52 63 0 0
53 63 0 0
59 63 0 0
62 63 0 0
1 64 0 0
2 64 0 0
47 64 0 0
49 64 0 0
51 64 0 0
52 64 0 0
53 64 0 0
55 64 0 0
59 64 0 0
62 64 0 0
63 64 0 0
15 65 0 1
18 65 0 1
22 65 0 1
23 65 0 1
30 65 0 1
33 65 0 1
38 65 0 1
41 65 0 1
42 65 0 1
43 65 0 1
1 66 0 1
2 66 0 1
3 66 0 1
14 66 0 1
16 66 0 1
19 66 0 1
22 66 0 1
23 66 0 1
33 66 0 1
36 66 0 1
38 66 0 1
39 66 0 1
40 66 0 1
41 66 0 1
43 66 0 1
44 66 0 1
47 66 0 1
48 66 0 1
49 66 0 1
51 66 0 1
52 66 0 1
53 66 0 1
57 66 0 1
59 66 0 1
60 66 0 1
61 66 0 1
62 66 0 1
63 66 0 1
64 66 0 1
7 67 0 1
14 67 0 1
25 67 0 1
5 68 0 1
8 68 0 1
10 68 0 1
11 68 0 1
12 68 0 1
15 68 0 1
22 68 0 1
23 68 0 1
26 68 0 1
28 68 0 1
29 68 0 1
30 68 0 1
7 69 0 1
14 69 0 1
16 69 0 1
25 69 0 1
4 70 0 1
5 70 0 1
7 70 0 1
8 70 0 1
11 70 0 1
14 70 0 1
17 70 0 1
24 70 0 1
25 70 0 1
27 70 0 1
4 71 0 1
5 71 0 1
8 71 0 1
11 71 0 1
17 71 0 1
24 71 0 1
26 71 0 1
27 71 0 1
4 72 0 1
5 72 0 1
7 72 0 1
8 72 0 1
11 72 0 1
17 72 0 1
24 72 0 1
25 72 0 1
26 72 0 1
27 72 0 1
36 72 0 1
6 73 0 1
9 73 0 1
13 73 0 1
15 73 0 1
18 73 0 1
20 73 0 1
21 73 0 1
28 73 0 1
29 73 0 1
31 73 0 1
35 73 0 1
37 73 0 1
42 73 0 1
4 74 0 1
7 74 0 1
14 74 0 1
16 74 0 1
17 74 0 1
19 74 0 1
24 74 0 1
25 74 0 1
27 74 0 1
36 74 0 1
39 74 0 1
40 74 0 1
6 75 0 1
9 75 0 1
10 75 0 1
12 75 0 1
13 75 0 1
15 75 0 1
18 75 0 1
20 75 0 1
21 75 0 1
28 75 0 1
29 75 0 1
30 75 0 1
31 75 0 1
35 75 0 1
5 76 0 1
8 76 0 1
10 76 0 1
11 76 0 1
12 76 0 1
15 76 0 1
22 76 0 1
23 76 0 1
26 76 0 1
28 76 0 1
29 76 0 1
30 76 0 1
4 77 0 1
5 77 0 1
8 77 0 1
11 77 0 1
16 77 0 1
17 77 0 1
24 77 0 1
26 77 0 1
27 77 0 1
36 77 0 1
38 77 0 1
6 78 0 1
9 78 0 1
10 78 0 1
12 78 0 1
13 78 0 1
15 78 0 1
18 78 0 1
20 78 0 1
21 78 0 1
22 78 0 1
23 78 0 1
28 78 0 1
29 78 0 1
30 78 0 1
31 78 0 1
35 78 0 1
42 78 0 1
4 79 0 1
7 79 0 1
14 79 0 1
16 79 0 1
17 79 0 1
19 79 0 1
24 79 0 1
25 79 0 1
27 79 0 1
36 79 0 1
39 79 0 1
4 80 0 1
5 80 0 1
7 80 0 1
8 80 0 1
11 80 0 1
14 80 0 1
16 80 0 1
17 80 0 1
19 80 0 1
24 80 0 1
25 80 0 1
26 80 0 1
27 80 0 1
36 80 0 1
38 80 0 1
39 80 0 1
40 80 0 1
4 81 0 1
8 81 0 1
11 81 0 1
14 81 0 1
16 81 0 1
17 81 0 1
19 81 0 1
24 81 0 1
25 81 0 1
26 81 0 1
27 81 0 1
36 81 0 1
38 81 0 1
39 81 0 1
40 81 0 1
5 82 0 1
8 82 0 1
11 82 0 1
17 82 0 1
22 82 0 1
23 82 0 1
24 82 0 1
26 82 0 1
27 82 0 1
36 82 0 1
38 82 0 1
39 82 0 1
40 82 0 1
4 83 0 1
5 83 0 1
7 83 0 1
8 83 0 1
11 83 0 1
14 83 0 1
16 83 0 1
17 83 0 1
19 83 0 1
24 83 0 1
25 83 0 1
26 83 0 1
27 83 0 1
36 83 0 1
38 83 0 1
39 83 0 1
40 83 0 1
4 84 0 1
7 84 0 1
14 84 0 1
16 84 0 1
17 84 0 1
19 84 0 1
24 84 0 1
25 84 0 1
27 84 0 1
36 84 0 1
38 84 0 1
39 84 0 1
40 84 0 1
4 85 0 1
8 85 0 1
11 85 0 1
14 85 0 1
16 85 0 1
17 85 0 1
19 85 0 1
24 85 0 1
25 85 0 1
26 85 0 1
27 85 0 1
36 85 0 1
38 85 0 1
39 85 0 1
40 85 0 1
15 86 0 1
18 86 0 1
22 86 0 1
23 86 0 1
28 86 0 1
30 86 0 1
33 86 0 1
41 86 0 1
42 86 0 1
15 87 0 1
18 87 0 1
22 87 0 1
23 87 0 1
30 87 0 1
38 87 0 1
41 87 0 1
14 88 0 1
16 88 0 1
17 88 0 1
19 88 0 1
25 88 0 1
36 88 0 1
38 88 0 1
39 88 0 1
40 88 0 1
22 89 0 1
23 89 0 1
38 89 0 1
15 90 0 1
22 90 0 1
23 90 0 1
26 90 0 1
28 90 0 1
30 90 0 1
38 90 0 1
41 90 0 1
14 91 0 1
16 91 0 1
19 91 0 1
36 91 0 1
38 91 0 1
39 91 0 1
3 92 0 1
18 92 0 1
32 92 0 1
33 92 0 1
34 92 0 1
35 92 0 1
37 92 0 1
41 92 0 1
42 92 0 1
43 92 0 1
44 92 0 1
16 93 0 1
19 93 0 1
39 93 0 1
3 94 0 1
15 94 0 1
18 94 0 1
20 94 0 1
21 94 0 1
22 94 0 1
33 94 0 1
34 94 0 1
35 94 0 1
37 94 0 1
41 94 0 1
42 94 0 1
44 94 0 1
3 95 0 1
18 95 0 1
33 95 0 1
34 95 0 1
35 95 0 1
37 95 0 1
41 95 0 1
42 95 0 1
43 95 0 1
44 95 0 1
14 96 0 1
16 96 0 1
17 96 0 1
19 96 0 1
36 96 0 1
38 96 0 1
39 96 0 1
40 96 0 1
10 97 0 1
12 97 0 1
15 97 0 1
18 97 0 1
22 97 0 1
23 97 0 1
26 97 0 1
28 97 0 1
29 97 0 1
30 97 0 1
33 97 0 1
35 97 0 1
38 97 0 1
41 97 0 1
42 97 0 1
5 98 0 1
8 98 0 1
10 98 0 1
11 98 0 1
12 98 0 1
15 98 0 1
17 98 0 1
18 98 0 1
22 98 0 1
23 98 0 1
24 98 0 1
26 98 0 1
27 98 0 1
28 98 0 1
30 98 0 1
36 98 0 1
38 98 0 1
40 98 0 1
41 98 0 1
8 99 0 1
17 99 0 1
22 99 0 1
23 99 0 1
24 99 0 1
26 99 0 1
27 99 0 1
36 99 0 1
38 99 0 1
40 99 0 1
15 100 0 1
18 100 0 1
22 100 0 1
23 100 0 1
26 100 0 1
28 100 0 1
30 100 0 1
38 100 0 1
41 100 0 1
3 101 0 1
18 101 0 1
33 101 0 1
34 101 0 1
35 101 0 1
41 101 0 1
42 101 0 1
43 101 0 1
44 101 0 1
3 102 0 1
18 102 0 1
33 102 0 1
34 102 0 1
41 102 0 1
42 102 0 1
43 102 0 1
44 102 0 1
3 103 0 1
18 103 0 1
33 103 0 1
41 103 0 1
42 103 0 1
43 103 0 1
44 103 0 1
16 104 0 1
19 104 0 1
36 104 0 1
38 104 0 1
39 104 0 1
40 104 0 1
16 105 0 1
17 105 0 1
19 105 0 1
36 105 0 1
38 105 0 1
39 105 0 1
40 105 0 1
1 106 0 1
2 106 0 1
47 106 0 1
49 106 0 1
51 106 0 1
52 106 0 1
53 106 0 1
59 106 0 1
62 106 0 1
63 106 0 1
64 106 0 1
3 107 0 1
43 107 0 1
48 107 0 1
57 107 0 1
3 108 0 1
48 108 0 1
56 108 0 1
57 108 0 1
60 108 0 1
61 108 0 1
2 109 0 1
53 109 0 1
55 109 0 1
60 109 0 1
61 109 0 1
64 109 0 1
3 110 0 1
48 110 0 1
56 110 0 1
57 110 0 1
60 110 0 1
61 110 0 1
3 111 0 1
48 111 0 1
54 111 0 1
56 111 0 1
57 111 0 1
60 111 0 1
1 112 0 1
2 112 0 1
47 112 0 1
49 112 0 1
51 112 0 1
52 112 0 1
55 112 0 1
59 112 0 1
62 112 0 1
63 112 0 1
64 112 0 1
1 113 0 1
2 113 0 1
47 113 0 1
49 113 0 1
51 113 0 1
52 113 0 1
55 113 0 1
59 113 0 1
62 113 0 1
63 113 0 1
64 113 0 1
1 114 0 1
2 114 0 1
47 114 0 1
49 114 0 1
51 114 0 1
52 114 0 1
55 114 0 1
59 114 0 1
63 114 0 1
64 114 0 1
2 115 0 1
49 115 0 1
52 115 0 1
53 115 0 1
55 115 0 1
59 115 0 1
61 115 0 1
64 115 0 1
3 116 0 1
48 116 0 1
56 116 0 1
57 116 0 1
60 116 0 1
61 116 0 1
3 117 0 1
48 117 0 1
53 117 0 1
56 117 0 1
57 117 0 1
60 117 0 1
61 117 0 1
3 118 0 1
48 118 0 1
56 118 0 1
57 118 0 1
60 118 0 1
61 118 0 1
2 119 0 1
52 119 0 1
53 119 0 1
55 119 0 1
60 119 0 1
61 119 0 1
64 119 0 1
2 120 0 1
3 120 0 1
48 120 0 1
53 120 0 1
56 120 0 1
57 120 0 1
60 120 0 1
61 120 0 1
1 121 0 1
2 121 0 1
47 121 0 1
49 121 0 1
51 121 0 1
52 121 0 1
59 121 0 1
62 121 0 1
63 121 0 1
64 121 0 1
1 122 0 1
2 122 0 1
47 122 0 1
49 122 0 1
51 122 0 1
52 122 0 1
53 122 0 1
59 122 0 1
62 122 0 1
63 122 0 1
64 122 0 1
1 123 0 1
2 123 0 1
47 123 0 1
49 123 0 1
51 123 0 1
52 123 0 1
53 123 0 1
59 123 0 1
62 123 0 1
63 123 0 1
64 123 0 1
3 124 0 1
43 124 0 1
44 124 0 1
48 124 0 1
57 124 0 1
60 124 0 1
2 125 0 1
47 125 0 1
49 125 0 1
52 125 0 1
53 125 0 1
59 125 0 1
61 125 0 1
63 125 0 1
64 125 0 1
1 126 0 1
2 126 0 1
47 126 0 1
49 126 0 1
51 126 0 1
52 126 0 1
53 126 0 1
59 126 0 1
62 126 0 1
63 126 0 1
64 126 0 1
3 127 0 1
43 127 0 1
44 127 0 1
48 127 0 1
2 128 0 1
47 128 0 1
49 128 0 1
52 128 0 1
53 128 0 1
63 128 0 1
64 128 0 1
3 129 0 1
33 129 0 1
34 129 0 1
41 129 0 1
42 129 0 1
43 129 0 1
44 129 0 1
38 130 0 1
40 130 0 1
3 131 0 1
33 131 0 1
34 131 0 1
41 131 0 1
42 131 0 1
43 131 0 1
44 131 0 1
