1 2 0 0
1 3 0 0
1 4 0 0
3 4 0 0
1 5 0 0
3 5 0 0
4 5 0 0
1 6 0 0
2 7 0 0
1 8 0 0
2 8 0 0
6 8 0 0
1 9 0 0
6 9 0 0
8 9 0 0
1 10 0 0
6 10 0 0
7 10 0 0
8 10 0 0
9 10 0 0
1 11 0 0
6 11 0 0
8 11 0 0
9 11 0 0
10 11 0 0
2 12 0 0
7 12 0 0
2 13 0 0
7 13 0 0
12 13 0 0
1 14 0 0
2 14 0 0
8 14 0 0
1 15 0 0
2 15 0 0
8 15 0 0
10 15 0 0
11 15 0 0
13 15 0 0
14 15 0 0
2 16 0 0
7 16 0 0
12 16 0 0
13 16 0 0
15 16 0 0
1 17 0 0
2 17 0 0
7 17 0 0
8 17 0 0
13 17 0 0
14 17 0 0
15 17 0 0
16 17 0 0
1 18 0 0
2 18 0 0
7 18 0 0
8 18 0 0
10 18 0 0
11 18 0 0
12 18 0 0
13 18 0 0
14 18 0 0
15 18 0 0
16 18 0 0
17 18 0 0
1 19 0 0
2 19 0 0
8 19 0 0
9 19 0 0
10 19 0 0
11 19 0 0
14 19 0 0
15 19 0 0
16 19 0 0
17 19 0 0
18 19 0 0
2 20 0 0
7 20 0 0
8 20 0 0
10 20 0 0
11 20 0 0
12 20 0 0
13 20 0 0
15 20 0 0
16 20 0 0
17 20 0 0
18 20 0 0
19 20 0 0
2 21 0 0
7 21 0 0
10 21 0 0
12 21 0 0
13 21 0 0
15 21 0 0
16 21 0 0
17 21 0 0
18 21 0 0
19 21 0 0
20 21 0 0
1 22 0 0
2 22 0 0
7 22 0 0
8 22 0 0
9 22 0 0
10 22 0 0
11 22 0 0
13 22 0 0
14 22 0 0
15 22 0 0
16 22 0 0
17 22 0 0
18 22 0 0
19 22 0 0
20 22 0 0
21 22 0 0
2 24 0 0
13 24 0 0
16 24 0 0
17 24 0 0
18 24 0 0
2 25 0 0
13 25 0 0
24 25 0 0
2 26 0 0
16 26 0 0
18 26 0 0
24 26 0 0
25 26 0 0
25 27 0 0
25 28 0 0
27 28 0 0
25 29 0 0
26 29 0 0
27 29 0 0
28 29 0 0
2 30 0 0
16 30 0 0
24 30 0 0
25 30 0 0
26 30 0 0
12 31 0 0
13 31 0 0
24 31 0 0
25 31 0 0
26 31 0 0
27 31 0 0
28 31 0 0
29 31 0 0
2 32 0 0
12 32 0 0
13 32 0 0
15 32 0 0
16 32 0 0
17 32 0 0
18 32 0 0
20 32 0 0
21 32 0 0
22 32 0 0
24 32 0 0
25 32 0 0
26 32 0 0
30 32 0 0
31 32 0 0
2 33 0 0
12 33 0 0
13 33 0 0
15 33 0 0
16 33 0 0
17 33 0 0
18 33 0 0
21 33 0 0
24 33 0 0
25 33 0 0
26 33 0 0
27 33 0 0
29 33 0 0
30 33 0 0
31 33 0 0
32 33 0 0
2 34 0 0
13 34 0 0
15 34 0 0
16 34 0 0
17 34 0 0
18 34 0 0
24 34 0 0
25 34 0 0
26 34 0 0
30 34 0 0
31 34 0 0
32 34 0 0
33 34 0 0
1 35 0 1
3 35 0 1
4 35 0 1
5 35 0 1
6 35 0 1
6 36 0 1
7 36 0 1
10 36 0 1
11 36 0 1
12 36 0 1
13 36 0 1
16 36 0 1
18 36 0 1
20 36 0 1
21 36 0 1
31 36 0 1
1 42 0 1
3 42 0 1
4 42 0 1
5 42 0 1
6 44 0 1
1 45 0 1
6 45 0 1
1 46 0 1
3 46 0 1
4 46 0 1
5 46 0 1
6 52 0 1
7 54 0 1
12 54 0 1
13 54 0 1
21 54 0 1
31 54 0 1
12 55 0 1
13 55 0 1
31 55 0 1
23 56 0 1
23 57 0 1
23 58 0 1
25 58 0 1
27 58 0 1
28 58 0 1
29 58 0 1
31 58 0 1
23 59 0 1
27 59 0 1
28 59 0 1
29 59 0 1
31 59 0 1
23 60 0 1
25 60 0 1
27 60 0 1
28 60 0 1
29 60 0 1
31 60 0 1
31 61 0 1
23 62 0 1
31 62 0 1
23 63 0 1
23 64 0 1
7 67 0 1
12 67 0 1
13 67 0 1
21 67 0 1
31 67 0 1
6 77 0 1
7 77 0 1
8 77 0 1
9 77 0 1
10 77 0 1
11 77 0 1
6 78 0 1
7 78 0 1
10 78 0 1
11 78 0 1
