1 2 0 0
2 3 0 0
2 4 0 0
4 5 0 0
4 6 0 0
5 6 0 0
2 7 0 0
4 7 0 0
5 7 0 0
6 7 0 0
2 8 0 0
4 8 0 0
5 8 0 0
7 8 0 0
2 9 0 0
4 9 0 0
7 9 0 0
8 9 0 0
1 10 0 0
2 11 0 0
1 12 0 0
10 12 0 0
1 13 0 0
10 13 0 0
12 13 0 0
1 14 0 0
2 14 0 0
10 14 0 0
12 14 0 0
13 14 0 0
2 15 0 0
1 16 0 0
10 16 0 0
12 16 0 0
13 16 0 0
14 16 0 0
2 17 0 0
15 17 0 0
1 18 0 0
6 18 0 0
10 18 0 0
12 18 0 0
13 18 0 0
14 18 0 0
16 18 0 0
2 19 0 0
11 19 0 0
15 19 0 0
17 19 0 0
1 20 0 0
2 20 0 0
8 20 0 0
9 20 0 0
14 20 0 0
2 21 0 0
11 21 0 0
19 21 0 0
20 21 0 0
1 22 0 0
2 22 0 0
9 22 0 0
14 22 0 0
20 22 0 0
2 23 0 0
11 23 0 0
15 23 0 0
17 23 0 0
19 23 0 0
21 23 0 0
1 24 0 0
2 24 0 0
11 24 0 0
20 24 0 0
21 24 0 0
22 24 0 0
2 25 0 0
15 25 0 0
17 25 0 0
19 25 0 0
1 26 0 0
12 26 0 0
13 26 0 0
14 26 0 0
16 26 0 0
10 27 0 0
12 27 0 0
13 27 0 0
16 27 0 0
18 27 0 0
11 28 0 0
24 28 0 0
24 29 0 0
28 29 0 0
2 30 0 0
11 30 0 0
21 30 0 0
24 30 0 0
28 30 0 0
29 30 0 0
11 31 0 0
24 31 0 0
28 31 0 0
29 31 0 0
30 31 0 0
2 32 0 0
11 32 0 0
21 32 0 0
23 32 0 0
24 32 0 0
28 32 0 0
29 32 0 0
30 32 0 0
31 32 0 0
1 33 0 0
10 33 0 0
12 33 0 0
13 33 0 0
14 33 0 0
16 33 0 0
18 33 0 0
26 33 0 0
27 33 0 0
2 34 0 0
11 34 0 0
20 34 0 0
21 34 0 0
22 34 0 0
23 34 0 0
24 34 0 0
28 34 0 0
29 34 0 0
30 34 0 0
31 34 0 0
32 34 0 0
1 35 0 0
12 35 0 0
14 35 0 0
20 35 0 0
22 35 0 0
24 35 0 0
26 35 0 0
29 35 0 0
31 35 0 0
33 35 0 0
2 36 0 0
11 36 0 0
19 36 0 0
21 36 0 0
23 36 0 0
24 36 0 0
28 36 0 0
29 36 0 0
30 36 0 0
31 36 0 0
32 36 0 0
34 36 0 0
1 37 0 0
10 37 0 0
12 37 0 0
13 37 0 0
14 37 0 0
16 37 0 0
18 37 0 0
20 37 0 0
22 37 0 0
26 37 0 0
27 37 0 0
33 37 0 0
35 37 0 0
1 38 0 0
10 38 0 0
12 38 0 0
13 38 0 0
14 38 0 0
16 38 0 0
18 38 0 0
26 38 0 0
27 38 0 0
33 38 0 0
35 38 0 0
37 38 0 0
1 39 0 0
2 39 0 0
4 39 0 0
5 39 0 0
6 39 0 0
7 39 0 0
10 39 0 0
12 39 0 0
13 39 0 0
14 39 0 0
16 39 0 0
18 39 0 0
33 39 0 0
37 39 0 0
38 39 0 0
2 40 0 0
15 40 0 0
17 40 0 0
19 40 0 0
23 40 0 0
25 40 0 0
1 41 0 0
4 41 0 0
5 41 0 0
6 41 0 0
7 41 0 0
10 41 0 0
12 41 0 0
13 41 0 0
14 41 0 0
16 41 0 0
18 41 0 0
33 41 0 0
37 41 0 0
38 41 0 0
39 41 0 0
1 42 0 0
2 42 0 0
7 42 0 0
8 42 0 0
9 42 0 0
14 42 0 0
20 42 0 0
22 42 0 0
37 42 0 0
39 42 0 0
41 42 0 0
1 43 0 0
2 43 0 0
8 43 0 0
9 43 0 0
14 43 0 0
20 43 0 0
21 43 0 0
22 43 0 0
24 43 0 0
34 43 0 0
42 43 0 0
1 44 0 0
4 44 0 0
5 44 0 0
6 44 0 0
7 44 0 0
10 44 0 0
12 44 0 0
13 44 0 0
14 44 0 0
16 44 0 0
18 44 0 0
38 44 0 0
39 44 0 0
41 44 0 0
1 45 0 0
4 45 0 0
5 45 0 0
6 45 0 0
7 45 0 0
10 45 0 0
12 45 0 0
13 45 0 0
14 45 0 0
16 45 0 0
18 45 0 0
38 45 0 0
39 45 0 0
41 45 0 0
44 45 0 0
1 48 0 1
2 48 0 1
14 48 0 1
20 48 0 1
22 48 0 1
24 48 0 1
26 48 0 1
29 48 0 1
31 48 0 1
34 48 0 1
35 48 0 1
37 48 0 1
42 48 0 1
43 48 0 1
2 49 0 1
11 49 0 1
15 49 0 1
17 49 0 1
19 49 0 1
21 49 0 1
23 49 0 1
25 49 0 1
30 49 0 1
32 49 0 1
34 49 0 1
36 49 0 1
40 49 0 1
1 50 0 1
24 50 0 1
26 50 0 1
28 50 0 1
29 50 0 1
31 50 0 1
34 50 0 1
35 50 0 1
37 50 0 1
11 51 0 1
25 51 0 1
28 51 0 1
30 51 0 1
32 51 0 1
34 51 0 1
36 51 0 1
1 52 0 1
26 52 0 1
33 52 0 1
35 52 0 1
37 52 0 1
38 52 0 1
1 53 0 1
26 53 0 1
27 53 0 1
33 53 0 1
35 53 0 1
37 53 0 1
38 53 0 1
25 54 0 1
25 55 0 1
30 55 0 1
32 55 0 1
34 55 0 1
25 56 0 1
34 56 0 1
26 57 0 1
28 57 0 1
29 57 0 1
31 57 0 1
34 57 0 1
35 57 0 1
34 58 0 1
28 59 0 1
29 59 0 1
30 59 0 1
31 59 0 1
34 59 0 1
35 59 0 1
27 60 0 1
29 61 0 1
28 68 0 1
29 68 0 1
30 68 0 1
31 68 0 1
34 68 0 1
28 69 0 1
29 69 0 1
30 69 0 1
31 69 0 1
34 69 0 1
28 78 0 1
29 78 0 1
31 78 0 1
34 78 0 1
35 78 0 1
