2 3 0 0
2 4 0 0
3 4 0 0
2 5 0 0
3 5 0 0
4 5 0 0
2 6 0 0
3 6 0 0
4 6 0 0
5 6 0 0
2 7 0 0
3 7 0 0
4 7 0 0
5 7 0 0
6 7 0 0
2 8 0 0
3 8 0 0
4 8 0 0
5 8 0 0
6 8 0 0
7 8 0 0
2 9 0 0
3 9 0 0
4 9 0 0
5 9 0 0
6 9 0 0
7 9 0 0
8 9 0 0
2 10 0 0
3 10 0 0
4 10 0 0
5 10 0 0
6 10 0 0
7 10 0 0
8 10 0 0
9 10 0 0
1 11 0 0
2 12 0 0
3 12 0 0
4 12 0 0
5 12 0 0
6 12 0 0
7 12 0 0
8 12 0 0
9 12 0 0
10 12 0 0
2 13 0 0
3 13 0 0
4 13 0 0
5 13 0 0
6 13 0 0
7 13 0 0
8 13 0 0
9 13 0 0
10 13 0 0
12 13 0 0
2 14 0 0
3 14 0 0
4 14 0 0
5 14 0 0
6 14 0 0
7 14 0 0
8 14 0 0
9 14 0 0
10 14 0 0
12 14 0 0
13 14 0 0
1 15 0 0
11 15 0 0
1 16 0 0
11 16 0 0
15 16 0 0
2 17 0 0
3 17 0 0
4 17 0 0
5 17 0 0
6 17 0 0
7 17 0 0
8 17 0 0
9 17 0 0
10 17 0 0
12 17 0 0
13 17 0 0
14 17 0 0
2 18 0 0
4 18 0 0
5 18 0 0
7 18 0 0
8 18 0 0
9 18 0 0
10 18 0 0
12 18 0 0
13 18 0 0
14 18 0 0
17 18 0 0
2 19 0 0
4 19 0 0
5 19 0 0
6 19 0 0
7 19 0 0
8 19 0 0
9 19 0 0
10 19 0 0
12 19 0 0
13 19 0 0
14 19 0 0
17 19 0 0
18 19 0 0
2 20 0 0
2 21 0 0
20 21 0 0
2 22 0 0
18 22 0 0
19 22 0 0
20 22 0 0
2 23 0 0
17 23 0 0
18 23 0 0
19 23 0 0
20 23 0 0
21 23 0 0
22 23 0 0
2 24 0 0
20 24 0 0
21 24 0 0
22 24 0 0
23 24 0 0
2 25 0 0
24 25 0 0
2 26 0 0
25 26 0 0
2 27 0 0
25 27 0 0
26 27 0 0
2 28 0 0
26 28 0 0
27 28 0 0
2 29 0 0
26 29 0 0
27 29 0 0
28 29 0 0
2 30 0 0
25 30 0 0
26 30 0 0
27 30 0 0
28 30 0 0
29 30 0 0
2 31 0 0
26 31 0 0
27 31 0 0
28 31 0 0
29 31 0 0
30 31 0 0
2 32 0 0
20 32 0 0
21 32 0 0
22 32 0 0
23 32 0 0
24 32 0 0
25 32 0 0
4 33 0 1
5 33 0 1
7 33 0 1
10 33 0 1
11 33 0 1
12 33 0 1
13 33 0 1
15 33 0 1
16 33 0 1
17 33 0 1
18 33 0 1
19 33 0 1
1 34 0 1
11 34 0 1
15 34 0 1
16 34 0 1
18 34 0 1
21 34 0 1
25 35 0 1
25 36 0 1
12 37 0 1
18 37 0 1
1 38 0 1
11 38 0 1
15 38 0 1
16 38 0 1
12 39 0 1
18 39 0 1
12 40 0 1
17 40 0 1
18 40 0 1
4 42 0 1
5 42 0 1
10 42 0 1
12 42 0 1
13 42 0 1
17 42 0 1
18 42 0 1
19 42 0 1
18 43 0 1
21 43 0 1
23 43 0 1
1 44 0 1
15 44 0 1
16 44 0 1
21 45 0 1
1 46 0 1
16 46 0 1
1 47 0 1
21 50 0 1
1 51 0 1
16 51 0 1
1 52 0 1
16 52 0 1
20 53 0 1
21 53 0 1
23 53 0 1
32 53 0 1
20 54 0 1
21 54 0 1
23 54 0 1
21 55 0 1
2 56 0 1
20 56 0 1
21 56 0 1
22 56 0 1
23 56 0 1
24 56 0 1
32 56 0 1
1 57 0 1
16 57 0 1
21 58 0 1
2 63 0 1
25 63 0 1
26 63 0 1
25 64 0 1
25 69 0 1
26 69 0 1
25 71 0 1
26 71 0 1
25 74 0 1
26 75 0 1
27 75 0 1
29 75 0 1
2 83 0 1
25 83 0 1
25 86 0 1
21 89 0 1
