1 2 0 0
1 3 0 0
2 3 0 0
1 4 0 0
2 4 0 0
1 5 0 0
2 5 0 0
3 5 0 0
1 6 0 0
2 6 0 0
4 6 0 0
5 6 0 0
1 7 0 0
2 7 0 0
3 7 0 0
4 7 0 0
5 7 0 0
6 7 0 0
1 8 0 0
2 8 0 0
5 8 0 0
7 8 0 0
1 9 0 0
2 9 0 0
5 9 0 0
6 9 0 0
7 9 0 0
8 9 0 0
1 10 0 0
2 10 0 0
5 10 0 0
6 10 0 0
7 10 0 0
8 10 0 0
9 10 0 0
1 11 0 0
2 11 0 0
4 11 0 0
5 11 0 0
6 11 0 0
7 11 0 0
8 11 0 0
9 11 0 0
10 11 0 0
2 12 0 0
2 13 0 0
2 14 0 0
12 14 0 0
13 14 0 0
2 15 0 0
12 15 0 0
14 15 0 0
2 16 0 0
12 16 0 0
15 16 0 0
2 17 0 0
12 17 0 0
14 17 0 0
15 17 0 0
16 17 0 0
2 18 0 0
12 18 0 0
15 18 0 0
16 18 0 0
17 18 0 0
2 21 0 1
1 22 0 1
3 22 0 1
2 38 0 1
13 38 0 1
13 41 0 1
2 44 0 1
13 44 0 1
2 46 0 1
13 46 0 1
