1 2 0 0
1 3 0 0
1 4 0 0
3 4 0 0
2 5 0 0
2 6 0 0
5 6 0 0
2 7 0 0
5 7 0 0
6 7 0 0
1 8 0 0
3 8 0 0
4 8 0 0
2 9 0 0
1 10 0 0
3 10 0 0
4 10 0 0
8 10 0 0
2 11 0 0
6 11 0 0
7 11 0 0
9 11 0 0
2 12 0 0
5 12 0 0
6 12 0 0
7 12 0 0
9 12 0 0
11 12 0 0
2 13 0 0
5 13 0 0
6 13 0 0
7 13 0 0
9 13 0 0
11 13 0 0
12 13 0 0
2 14 0 0
5 14 0 0
6 14 0 0
7 14 0 0
9 14 0 0
11 14 0 0
12 14 0 0
13 14 0 0
14 15 0 0
1 16 0 0
2 16 0 0
1 18 0 0
16 18 0 0
2 19 0 0
9 19 0 0
11 19 0 0
2 20 0 0
19 20 0 0
1 21 0 0
2 21 0 0
16 21 0 0
19 21 0 0
20 21 0 0
1 22 0 0
2 22 0 0
16 22 0 0
18 22 0 0
20 22 0 0
21 22 0 0
2 23 0 0
9 23 0 0
11 23 0 0
12 23 0 0
13 23 0 0
14 23 0 0
19 23 0 0
20 23 0 0
5 24 0 0
6 24 0 0
7 24 0 0
12 24 0 0
13 24 0 0
14 24 0 0
15 24 0 0
2 25 0 0
5 25 0 0
6 25 0 0
7 25 0 0
11 25 0 0
12 25 0 0
13 25 0 0
14 25 0 0
15 25 0 0
24 25 0 0
1 26 0 1
18 26 0 1
15 27 0 1
24 27 0 1
2 28 0 1
17 28 0 1
19 28 0 1
20 28 0 1
23 28 0 1
2 29 0 1
11 29 0 1
15 29 0 1
17 29 0 1
19 29 0 1
20 29 0 1
23 29 0 1
2 30 0 1
17 30 0 1
19 30 0 1
20 30 0 1
23 30 0 1
2 31 0 1
17 31 0 1
19 31 0 1
20 31 0 1
23 31 0 1
1 32 0 1
18 32 0 1
17 33 0 1
17 34 0 1
1 36 0 1
18 36 0 1
17 37 0 1
1 38 0 1
17 40 0 1
17 41 0 1
