2 47 1 2
3 47 1 2
4 47 1 2
5 47 1 2
6 47 1 2
7 47 1 2
8 47 1 2
30 47 1 2
2 49 1 2
31 49 1 2
32 49 1 2
33 49 1 2
34 49 1 2
35 49 1 2
44 49 1 2
45 49 1 2
46 49 1 2
2 50 1 2
4 50 1 2
5 50 1 2
6 50 1 2
7 50 1 2
8 50 1 2
30 50 1 2
2 51 1 2
31 51 1 2
33 51 1 2
34 51 1 2
35 51 1 2
44 51 1 2
45 51 1 2
46 51 1 2
2 52 1 2
4 52 1 2
5 52 1 2
6 52 1 2
7 52 1 2
8 52 1 2
30 52 1 2
2 53 1 2
31 53 1 2
33 53 1 2
34 53 1 2
35 53 1 2
44 53 1 2
45 53 1 2
46 53 1 2
2 54 1 2
2 55 1 2
9 55 1 2
10 55 1 2
11 55 1 2
12 55 1 2
13 55 1 2
17 55 1 2
18 55 1 2
33 55 1 2
35 55 1 2
44 55 1 2
46 55 1 2
2 56 1 2
9 56 1 2
10 56 1 2
11 56 1 2
12 56 1 2
13 56 1 2
17 56 1 2
18 56 1 2
34 56 1 2
35 56 1 2
44 56 1 2
45 56 1 2
46 56 1 2
2 58 1 2
9 58 1 2
12 58 1 2
13 58 1 2
33 58 1 2
34 58 1 2
35 58 1 2
44 58 1 2
45 58 1 2
46 58 1 2
2 59 1 2
6 59 1 2
7 59 1 2
8 59 1 2
30 59 1 2
2 60 1 2
9 60 1 2
10 60 1 2
11 60 1 2
12 60 1 2
13 60 1 2
14 60 1 2
15 60 1 2
16 60 1 2
17 60 1 2
18 60 1 2
25 60 1 2
2 61 1 2
9 61 1 2
10 61 1 2
11 61 1 2
12 61 1 2
13 61 1 2
14 61 1 2
15 61 1 2
16 61 1 2
17 61 1 2
18 61 1 2
25 61 1 2
2 65 1 2
9 65 1 2
10 65 1 2
11 65 1 2
12 65 1 2
13 65 1 2
14 65 1 2
15 65 1 2
16 65 1 2
17 65 1 2
18 65 1 2
25 65 1 2
35 65 1 2
46 65 1 2
10 66 1 2
11 66 1 2
14 66 1 2
15 66 1 2
16 66 1 2
17 66 1 2
18 66 1 2
19 66 1 2
20 66 1 2
21 66 1 2
22 66 1 2
23 66 1 2
24 66 1 2
25 66 1 2
26 66 1 2
36 66 1 2
10 67 1 2
11 67 1 2
13 67 1 2
14 67 1 2
15 67 1 2
16 67 1 2
17 67 1 2
18 67 1 2
19 67 1 2
20 67 1 2
21 67 1 2
22 67 1 2
23 67 1 2
25 67 1 2
26 67 1 2
36 67 1 2
14 73 1 2
15 73 1 2
16 73 1 2
18 73 1 2
19 73 1 2
20 73 1 2
21 73 1 2
22 73 1 2
23 73 1 2
24 73 1 2
25 73 1 2
26 73 1 2
36 73 1 2
1 80 1 2
1 81 1 2
37 81 1 2
23 82 1 2
24 82 1 2
29 82 1 2
43 82 1 2
1 85 1 2
37 85 1 2
38 85 1 2
40 85 1 2
1 86 1 2
37 86 1 2
38 86 1 2
1 87 1 2
37 87 1 2
38 87 1 2
1 88 1 2
37 88 1 2
38 88 1 2
40 88 1 2
42 88 1 2
1 89 1 2
27 89 1 2
28 89 1 2
41 89 1 2
29 90 1 2
39 90 1 2
43 90 1 2
1 91 1 2
37 91 1 2
38 91 1 2
40 91 1 2
42 91 1 2
1 92 1 2
27 92 1 2
28 92 1 2
41 92 1 2
24 93 1 2
29 93 1 2
39 93 1 2
43 93 1 2
29 94 1 2
39 94 1 2
43 94 1 2
28 95 1 2
28 96 1 2
15 97 1 2
19 97 1 2
20 97 1 2
21 97 1 2
22 97 1 2
23 97 1 2
24 97 1 2
25 97 1 2
26 97 1 2
36 97 1 2
14 104 1 2
15 104 1 2
16 104 1 2
18 104 1 2
19 104 1 2
20 104 1 2
21 104 1 2
22 104 1 2
23 104 1 2
24 104 1 2
25 104 1 2
26 104 1 2
36 104 1 2
30 113 1 2
2 115 1 2
3 115 1 2
4 115 1 2
5 115 1 2
6 115 1 2
7 115 1 2
8 115 1 2
30 115 1 2
2 116 1 2
31 116 1 2
32 116 1 2
34 116 1 2
45 116 1 2
2 117 1 2
31 117 1 2
32 117 1 2
2 118 1 2
33 118 1 2
34 118 1 2
35 118 1 2
44 118 1 2
45 118 1 2
46 118 1 2
2 119 1 2
31 119 1 2
33 119 1 2
34 119 1 2
35 119 1 2
44 119 1 2
45 119 1 2
46 119 1 2
2 120 1 2
9 120 1 2
10 120 1 2
12 120 1 2
13 120 1 2
33 120 1 2
34 120 1 2
35 120 1 2
44 120 1 2
45 120 1 2
46 120 1 2
14 121 1 2
15 121 1 2
16 121 1 2
17 121 1 2
18 121 1 2
19 121 1 2
20 121 1 2
21 121 1 2
22 121 1 2
23 121 1 2
24 121 1 2
25 121 1 2
26 121 1 2
36 121 1 2
1 122 1 2
37 122 1 2
38 122 1 2
40 122 1 2
42 122 1 2
1 123 1 2
37 123 1 2
38 123 1 2
40 123 1 2
42 123 1 2
29 124 1 2
39 124 1 2
43 124 1 2
1 125 1 2
37 125 1 2
38 125 1 2
40 125 1 2
42 125 1 2
1 126 1 2
27 126 1 2
28 126 1 2
41 126 1 2
1 127 1 2
37 127 1 2
38 127 1 2
40 127 1 2
42 127 1 2
29 128 1 2
39 128 1 2
43 128 1 2
2 129 1 2
9 129 1 2
33 129 1 2
34 129 1 2
35 129 1 2
44 129 1 2
45 129 1 2
46 129 1 2
2 130 1 2
31 130 1 2
33 130 1 2
34 130 1 2
35 130 1 2
44 130 1 2
45 130 1 2
46 130 1 2
2 131 1 2
9 131 1 2
33 131 1 2
34 131 1 2
35 131 1 2
44 131 1 2
45 131 1 2
46 131 1 2
