1 2 0 0
1 3 0 0
1 4 0 0
3 4 0 0
1 5 0 0
2 5 0 0
1 6 0 0
2 6 0 0
5 6 0 0
1 7 0 0
2 7 0 0
5 7 0 0
6 7 0 0
1 8 0 0
2 8 0 0
5 8 0 0
6 8 0 0
7 8 0 0
1 9 0 0
2 9 0 0
5 9 0 0
6 9 0 0
7 9 0 0
8 9 0 0
1 10 0 0
2 10 0 0
5 10 0 0
6 10 0 0
7 10 0 0
8 10 0 0
9 10 0 0
1 11 0 0
2 11 0 0
5 11 0 0
6 11 0 0
7 11 0 0
8 11 0 0
9 11 0 0
10 11 0 0
1 12 0 0
2 12 0 0
5 12 0 0
6 12 0 0
7 12 0 0
8 12 0 0
9 12 0 0
10 12 0 0
11 12 0 0
1 13 0 0
2 13 0 0
1 14 0 0
2 14 0 0
7 14 0 0
8 14 0 0
9 14 0 0
13 14 0 0
2 15 0 0
13 15 0 0
2 16 0 0
13 16 0 0
15 16 0 0
1 17 0 0
1 18 0 0
14 18 0 0
17 18 0 0
1 19 0 0
2 19 0 0
13 19 0 0
14 19 0 0
15 19 0 0
18 19 0 0
1 20 0 0
2 20 0 0
9 20 0 0
13 20 0 0
14 20 0 0
15 20 0 0
16 20 0 0
19 20 0 0
2 21 0 0
13 21 0 0
14 21 0 0
15 21 0 0
16 21 0 0
19 21 0 0
20 21 0 0
2 22 0 0
13 22 0 0
15 22 0 0
16 22 0 0
19 22 0 0
20 22 0 0
21 22 0 0
1 25 0 0
2 25 0 0
13 25 0 0
14 25 0 0
19 25 0 0
20 25 0 0
21 25 0 0
23 25 0 0
24 25 0 0
1 26 0 0
2 26 0 0
13 26 0 0
14 26 0 0
15 26 0 0
16 26 0 0
19 26 0 0
20 26 0 0
21 26 0 0
22 26 0 0
23 26 0 0
25 26 0 0
23 27 0 0
24 27 0 0
25 27 0 0
26 27 0 0
24 28 0 0
27 28 0 0
23 29 0 0
24 29 0 0
25 29 0 0
26 29 0 0
27 29 0 0
28 29 0 0
23 30 0 0
24 30 0 0
27 30 0 0
28 30 0 0
29 30 0 0
23 31 0 0
27 31 0 0
29 31 0 0
30 31 0 0
23 32 0 0
24 32 0 0
26 32 0 0
27 32 0 0
28 32 0 0
29 32 0 0
30 32 0 0
31 32 0 0
24 33 0 0
28 33 0 0
30 33 0 0
32 33 0 0
1 34 0 0
2 34 0 0
13 34 0 0
14 34 0 0
15 34 0 0
16 34 0 0
19 34 0 0
20 34 0 0
21 34 0 0
22 34 0 0
23 34 0 0
24 34 0 0
25 34 0 0
26 34 0 0
27 34 0 0
29 34 0 0
1 38 0 1
5 38 0 1
6 38 0 1
10 38 0 1
11 38 0 1
12 38 0 1
1 40 0 1
5 40 0 1
6 40 0 1
7 40 0 1
11 40 0 1
12 40 0 1
16 43 0 1
15 46 0 1
16 46 0 1
21 46 0 1
22 46 0 1
15 50 0 1
16 50 0 1
21 50 0 1
22 50 0 1
23 50 0 1
26 50 0 1
34 50 0 1
2 51 0 1
13 51 0 1
15 51 0 1
16 51 0 1
21 51 0 1
22 51 0 1
23 51 0 1
26 51 0 1
34 51 0 1
15 52 0 1
16 52 0 1
21 52 0 1
22 52 0 1
16 53 0 1
22 53 0 1
15 54 0 1
16 54 0 1
21 54 0 1
22 54 0 1
23 54 0 1
26 54 0 1
34 54 0 1
23 56 0 1
31 56 0 1
32 56 0 1
23 57 0 1
31 57 0 1
32 57 0 1
23 58 0 1
26 58 0 1
23 63 0 1
31 63 0 1
32 63 0 1
31 65 0 1
32 65 0 1
16 66 0 1
22 66 0 1
2 69 0 1
15 69 0 1
16 69 0 1
21 69 0 1
22 69 0 1
26 69 0 1
34 69 0 1
