1 2 0 0
1 3 0 0
2 3 0 0
2 5 0 0
4 5 0 0
4 6 0 0
1 7 0 0
2 7 0 0
3 7 0 0
2 8 0 0
4 8 0 0
5 8 0 0
2 9 0 0
4 9 0 0
5 9 0 0
8 9 0 0
2 10 0 0
4 10 0 0
5 10 0 0
8 10 0 0
9 10 0 0
2 11 0 0
4 11 0 0
5 11 0 0
8 11 0 0
9 11 0 0
10 11 0 0
1 12 0 0
2 12 0 0
3 12 0 0
7 12 0 0
8 12 0 0
10 12 0 0
1 13 0 0
2 13 0 0
3 13 0 0
5 13 0 0
7 13 0 0
8 13 0 0
10 13 0 0
11 13 0 0
12 13 0 0
4 14 0 0
1 15 0 0
2 15 0 0
3 15 0 0
8 15 0 0
10 15 0 0
12 15 0 0
13 15 0 0
2 16 0 0
3 16 0 0
10 16 0 0
11 16 0 0
12 16 0 0
13 16 0 0
15 16 0 0
2 17 0 0
3 17 0 0
15 17 0 0
16 17 0 0
4 18 0 0
3 19 0 0
4 20 0 0
18 20 0 0
3 21 0 0
17 21 0 0
19 21 0 0
4 22 0 0
18 22 0 0
20 22 0 0
3 23 0 0
15 23 0 0
16 23 0 0
17 23 0 0
19 23 0 0
21 23 0 0
1 24 0 0
3 24 0 0
15 24 0 0
17 24 0 0
19 24 0 0
21 24 0 0
23 24 0 0
3 25 0 0
15 25 0 0
16 25 0 0
17 25 0 0
19 25 0 0
21 25 0 0
23 25 0 0
24 25 0 0
10 26 0 0
13 26 0 0
15 26 0 0
16 26 0 0
17 26 0 0
21 26 0 0
23 26 0 0
24 26 0 0
25 26 0 0
4 27 0 0
14 27 0 0
20 27 0 0
22 27 0 0
10 28 0 0
15 28 0 0
16 28 0 0
17 28 0 0
21 28 0 0
23 28 0 0
25 28 0 0
26 28 0 0
15 29 0 0
16 29 0 0
17 29 0 0
21 29 0 0
23 29 0 0
24 29 0 0
25 29 0 0
26 29 0 0
28 29 0 0
20 30 0 0
22 30 0 0
31 32 0 0
19 33 0 0
21 33 0 0
23 33 0 0
31 33 0 0
20 34 0 0
22 34 0 0
30 34 0 0
18 35 0 0
20 35 0 0
22 35 0 0
30 35 0 0
34 35 0 0
18 36 0 0
20 36 0 0
22 36 0 0
30 36 0 0
34 36 0 0
35 36 0 0
4 37 0 0
18 37 0 0
20 37 0 0
22 37 0 0
27 37 0 0
30 37 0 0
34 37 0 0
35 37 0 0
36 37 0 0
4 38 0 0
18 38 0 0
20 38 0 0
22 38 0 0
27 38 0 0
30 38 0 0
34 38 0 0
35 38 0 0
36 38 0 0
37 38 0 0
20 39 0 0
22 39 0 0
27 39 0 0
30 39 0 0
34 39 0 0
35 39 0 0
36 39 0 0
37 39 0 0
38 39 0 0
4 40 0 0
18 40 0 0
20 40 0 0
22 40 0 0
27 40 0 0
30 40 0 0
34 40 0 0
35 40 0 0
36 40 0 0
37 40 0 0
38 40 0 0
39 40 0 0
19 41 0 0
21 41 0 0
23 41 0 0
24 41 0 0
25 41 0 0
33 41 0 0
4 42 0 0
18 42 0 0
20 42 0 0
22 42 0 0
30 42 0 0
34 42 0 0
35 42 0 0
36 42 0 0
37 42 0 0
38 42 0 0
39 42 0 0
40 42 0 0
17 43 0 0
19 43 0 0
21 43 0 0
23 43 0 0
25 43 0 0
28 43 0 0
29 43 0 0
33 43 0 0
41 43 0 0
4 44 0 0
9 44 0 0
11 44 0 0
14 44 0 0
20 44 0 0
27 44 0 0
28 44 0 0
4 45 0 0
14 45 0 0
18 45 0 0
20 45 0 0
22 45 0 0
27 45 0 0
38 45 0 0
44 45 0 0
4 46 0 0
14 46 0 0
18 46 0 0
20 46 0 0
22 46 0 0
27 46 0 0
44 46 0 0
45 46 0 0
1 47 0 0
3 47 0 0
15 47 0 0
17 47 0 0
19 47 0 0
21 47 0 0
23 47 0 0
24 47 0 0
25 47 0 0
2 48 0 0
10 48 0 0
11 48 0 0
13 48 0 0
15 48 0 0
16 48 0 0
17 48 0 0
23 48 0 0
26 48 0 0
28 48 0 0
29 48 0 0
4 49 0 0
14 49 0 0
18 49 0 0
20 49 0 0
22 49 0 0
27 49 0 0
37 49 0 0
38 49 0 0
39 49 0 0
40 49 0 0
44 49 0 0
45 49 0 0
46 49 0 0
4 50 0 0
5 50 0 0
9 50 0 0
10 50 0 0
11 50 0 0
14 50 0 0
27 50 0 0
44 50 0 0
45 50 0 0
4 51 0 0
5 51 0 0
9 51 0 0
10 51 0 0
11 51 0 0
14 51 0 0
44 51 0 0
50 51 0 0
1 52 0 0
2 52 0 0
3 52 0 0
7 52 0 0
8 52 0 0
10 52 0 0
12 52 0 0
13 52 0 0
15 52 0 0
16 52 0 0
17 52 0 0
23 52 0 0
24 52 0 0
25 52 0 0
26 52 0 0
47 52 0 0
4 53 0 0
6 53 0 0
14 53 0 0
27 53 0 0
44 53 0 0
45 53 0 0
46 53 0 0
49 53 0 0
50 53 0 0
51 53 0 0
1 54 0 0
2 54 0 0
3 54 0 0
7 54 0 0
12 54 0 0
13 54 0 0
15 54 0 0
16 54 0 0
17 54 0 0
23 54 0 0
24 54 0 0
25 54 0 0
26 54 0 0
47 54 0 0
52 54 0 0
4 55 0 0
6 55 0 0
14 55 0 0
27 55 0 0
44 55 0 0
45 55 0 0
46 55 0 0
49 55 0 0
50 55 0 0
51 55 0 0
53 55 0 0
22 56 0 1
30 56 0 1
31 56 0 1
32 56 0 1
34 56 0 1
35 56 0 1
36 56 0 1
37 56 0 1
38 56 0 1
39 56 0 1
40 56 0 1
42 56 0 1
15 57 0 1
16 57 0 1
17 57 0 1
21 57 0 1
23 57 0 1
24 57 0 1
25 57 0 1
26 57 0 1
28 57 0 1
29 57 0 1
33 57 0 1
43 57 0 1
48 57 0 1
4 58 0 1
14 58 0 1
20 58 0 1
22 58 0 1
27 58 0 1
34 58 0 1
38 58 0 1
39 58 0 1
40 58 0 1
44 58 0 1
45 58 0 1
46 58 0 1
49 58 0 1
55 58 0 1
4 59 0 1
14 59 0 1
20 59 0 1
27 59 0 1
28 59 0 1
38 59 0 1
39 59 0 1
44 59 0 1
45 59 0 1
50 59 0 1
51 59 0 1
4 60 0 1
20 60 0 1
27 60 0 1
28 60 0 1
38 60 0 1
39 60 0 1
44 60 0 1
4 61 0 1
27 61 0 1
28 61 0 1
39 61 0 1
44 61 0 1
48 61 0 1
51 61 0 1
4 62 0 1
14 62 0 1
20 62 0 1
22 62 0 1
27 62 0 1
28 62 0 1
34 62 0 1
38 62 0 1
39 62 0 1
44 62 0 1
45 62 0 1
49 62 0 1
4 63 0 1
26 63 0 1
28 63 0 1
29 63 0 1
44 63 0 1
48 63 0 1
4 64 0 1
14 64 0 1
20 64 0 1
27 64 0 1
28 64 0 1
38 64 0 1
39 64 0 1
44 64 0 1
20 65 0 1
22 65 0 1
27 65 0 1
30 65 0 1
34 65 0 1
36 65 0 1
38 65 0 1
39 65 0 1
40 65 0 1
44 65 0 1
49 65 0 1
26 66 0 1
28 66 0 1
29 66 0 1
48 66 0 1
16 67 0 1
17 67 0 1
21 67 0 1
23 67 0 1
26 67 0 1
28 67 0 1
29 67 0 1
33 67 0 1
43 67 0 1
48 67 0 1
17 68 0 1
21 68 0 1
23 68 0 1
25 68 0 1
26 68 0 1
28 68 0 1
29 68 0 1
33 68 0 1
43 68 0 1
48 68 0 1
26 69 0 1
28 69 0 1
29 69 0 1
43 69 0 1
48 69 0 1
21 70 0 1
28 70 0 1
29 70 0 1
31 70 0 1
33 70 0 1
43 70 0 1
26 71 0 1
28 71 0 1
29 71 0 1
43 71 0 1
21 72 0 1
26 72 0 1
28 72 0 1
29 72 0 1
33 72 0 1
43 72 0 1
21 73 0 1
28 73 0 1
29 73 0 1
33 73 0 1
43 73 0 1
19 74 0 1
21 74 0 1
31 74 0 1
33 74 0 1
41 74 0 1
43 74 0 1
20 75 0 1
22 75 0 1
30 75 0 1
34 75 0 1
35 75 0 1
36 75 0 1
37 75 0 1
38 75 0 1
39 75 0 1
40 75 0 1
42 75 0 1
22 76 0 1
30 76 0 1
34 76 0 1
35 76 0 1
36 76 0 1
37 76 0 1
38 76 0 1
39 76 0 1
40 76 0 1
42 76 0 1
34 77 0 1
38 77 0 1
39 77 0 1
43 78 0 1
21 79 0 1
31 79 0 1
33 79 0 1
41 79 0 1
43 79 0 1
19 80 0 1
21 80 0 1
31 80 0 1
33 80 0 1
41 80 0 1
43 80 0 1
19 81 0 1
21 81 0 1
31 81 0 1
33 81 0 1
41 81 0 1
43 81 0 1
28 82 0 1
29 82 0 1
33 82 0 1
43 82 0 1
19 83 0 1
21 83 0 1
31 83 0 1
33 83 0 1
41 83 0 1
43 83 0 1
20 84 0 1
22 84 0 1
30 84 0 1
34 84 0 1
35 84 0 1
36 84 0 1
38 84 0 1
39 84 0 1
40 84 0 1
30 85 0 1
35 85 0 1
36 85 0 1
40 85 0 1
42 85 0 1
35 88 0 1
30 89 0 1
34 89 0 1
35 89 0 1
36 89 0 1
37 89 0 1
40 89 0 1
42 89 0 1
22 90 0 1
30 90 0 1
34 90 0 1
35 90 0 1
36 90 0 1
37 90 0 1
38 90 0 1
40 90 0 1
42 90 0 1
30 93 0 1
34 93 0 1
35 93 0 1
36 93 0 1
40 93 0 1
42 93 0 1
31 94 0 1
33 94 0 1
30 95 0 1
35 95 0 1
36 95 0 1
40 95 0 1
42 95 0 1
30 98 0 1
34 98 0 1
35 98 0 1
36 98 0 1
40 98 0 1
42 98 0 1
31 99 0 1
32 99 0 1
31 100 0 1
32 100 0 1
32 101 0 1
31 102 0 1
32 102 0 1
