1 2 0 0
1 3 0 0
2 3 0 0
4 5 0 0
4 6 0 0
5 6 0 0
4 7 0 0
5 7 0 0
6 7 0 0
4 8 0 0
5 8 0 0
6 8 0 0
7 8 0 0
4 10 0 0
5 10 0 0
6 10 0 0
7 10 0 0
8 10 0 0
4 11 0 0
5 11 0 0
6 11 0 0
7 11 0 0
8 11 0 0
10 11 0 0
4 12 0 0
5 12 0 0
6 12 0 0
7 12 0 0
8 12 0 0
10 12 0 0
11 12 0 0
4 13 0 0
5 13 0 0
6 13 0 0
7 13 0 0
8 13 0 0
10 13 0 0
11 13 0 0
12 13 0 0
9 14 0 0
12 14 0 0
7 15 0 0
8 15 0 0
10 15 0 0
12 15 0 0
13 15 0 0
14 15 0 0
6 16 0 0
7 16 0 0
8 16 0 0
10 16 0 0
11 16 0 0
12 16 0 0
13 16 0 0
14 16 0 0
15 16 0 0
4 17 0 0
5 17 0 0
6 17 0 0
7 17 0 0
8 17 0 0
10 17 0 0
11 17 0 0
12 17 0 0
13 17 0 0
14 17 0 0
15 17 0 0
16 17 0 0
3 18 0 0
10 18 0 0
12 18 0 0
14 18 0 0
15 18 0 0
16 18 0 0
17 18 0 0
9 19 0 0
12 19 0 0
14 19 0 0
15 19 0 0
16 19 0 0
17 19 0 0
18 19 0 0
7 20 0 0
8 20 0 0
10 20 0 0
11 20 0 0
12 20 0 0
13 20 0 0
14 20 0 0
15 20 0 0
16 20 0 0
17 20 0 0
18 20 0 0
19 20 0 0
3 21 0 0
4 21 0 0
5 21 0 0
6 21 0 0
7 21 0 0
8 21 0 0
10 21 0 0
11 21 0 0
12 21 0 0
13 21 0 0
15 21 0 0
16 21 0 0
17 21 0 0
18 21 0 0
19 21 0 0
20 21 0 0
3 22 0 0
10 22 0 0
11 22 0 0
13 22 0 0
16 22 0 0
17 22 0 0
18 22 0 0
20 22 0 0
21 22 0 0
3 23 0 0
7 23 0 0
8 23 0 0
10 23 0 0
11 23 0 0
12 23 0 0
13 23 0 0
15 23 0 0
16 23 0 0
17 23 0 0
18 23 0 0
19 23 0 0
20 23 0 0
21 23 0 0
22 23 0 0
3 24 0 0
8 24 0 0
10 24 0 0
11 24 0 0
12 24 0 0
13 24 0 0
14 24 0 0
15 24 0 0
16 24 0 0
17 24 0 0
18 24 0 0
19 24 0 0
20 24 0 0
21 24 0 0
22 24 0 0
23 24 0 0
9 25 0 0
10 25 0 0
12 25 0 0
14 25 0 0
15 25 0 0
16 25 0 0
17 25 0 0
18 25 0 0
19 25 0 0
20 25 0 0
21 25 0 0
23 25 0 0
24 25 0 0
1 27 0 0
18 27 0 0
25 27 0 0
1 28 0 0
14 28 0 0
15 28 0 0
18 28 0 0
19 28 0 0
20 28 0 0
24 28 0 0
25 28 0 0
27 28 0 0
1 29 0 0
3 29 0 0
15 29 0 0
16 29 0 0
18 29 0 0
19 29 0 0
20 29 0 0
23 29 0 0
24 29 0 0
25 29 0 0
27 29 0 0
28 29 0 0
1 30 0 0
18 30 0 0
19 30 0 0
20 30 0 0
23 30 0 0
24 30 0 0
25 30 0 0
27 30 0 0
28 30 0 0
29 30 0 0
1 31 0 0
3 31 0 0
16 31 0 0
18 31 0 0
20 31 0 0
23 31 0 0
24 31 0 0
25 31 0 0
27 31 0 0
28 31 0 0
29 31 0 0
30 31 0 0
1 32 0 0
3 32 0 0
18 32 0 0
20 32 0 0
21 32 0 0
22 32 0 0
23 32 0 0
24 32 0 0
25 32 0 0
28 32 0 0
29 32 0 0
30 32 0 0
31 32 0 0
1 33 0 0
3 33 0 0
18 33 0 0
20 33 0 0
23 33 0 0
24 33 0 0
25 33 0 0
27 33 0 0
28 33 0 0
29 33 0 0
30 33 0 0
31 33 0 0
32 33 0 0
26 34 0 0
27 34 0 0
1 35 0 0
2 35 0 0
3 35 0 0
18 35 0 0
29 35 0 0
30 35 0 0
31 35 0 0
32 35 0 0
33 35 0 0
1 36 0 0
2 36 0 0
3 36 0 0
18 36 0 0
27 36 0 0
28 36 0 0
29 36 0 0
30 36 0 0
31 36 0 0
32 36 0 0
33 36 0 0
35 36 0 0
27 37 0 0
28 37 0 0
29 37 0 0
30 37 0 0
33 37 0 0
34 37 0 0
36 37 0 0
1 38 0 0
3 38 0 0
18 38 0 0
21 38 0 0
22 38 0 0
23 38 0 0
24 38 0 0
25 38 0 0
29 38 0 0
30 38 0 0
31 38 0 0
32 38 0 0
33 38 0 0
35 38 0 0
1 39 0 0
27 39 0 0
28 39 0 0
29 39 0 0
30 39 0 0
33 39 0 0
34 39 0 0
36 39 0 0
37 39 0 0
1 40 0 0
3 40 0 0
18 40 0 0
23 40 0 0
24 40 0 0
28 40 0 0
29 40 0 0
30 40 0 0
31 40 0 0
32 40 0 0
33 40 0 0
35 40 0 0
36 40 0 0
38 40 0 0
9 41 0 0
14 41 0 0
15 41 0 0
16 41 0 0
17 41 0 0
18 41 0 0
19 41 0 0
20 41 0 0
23 41 0 0
24 41 0 0
25 41 0 0
27 41 0 0
28 41 0 0
29 41 0 0
30 41 0 0
31 41 0 0
32 41 0 0
33 41 0 0
36 41 0 0
37 41 0 0
39 41 0 0
40 41 0 0
1 42 0 0
14 42 0 0
15 42 0 0
16 42 0 0
17 42 0 0
18 42 0 0
19 42 0 0
20 42 0 0
21 42 0 0
23 42 0 0
24 42 0 0
25 42 0 0
27 42 0 0
28 42 0 0
29 42 0 0
30 42 0 0
31 42 0 0
32 42 0 0
33 42 0 0
35 42 0 0
36 42 0 0
37 42 0 0
38 42 0 0
39 42 0 0
40 42 0 0
41 42 0 0
1 43 0 0
3 43 0 0
14 43 0 0
15 43 0 0
16 43 0 0
17 43 0 0
18 43 0 0
19 43 0 0
20 43 0 0
21 43 0 0
22 43 0 0
23 43 0 0
24 43 0 0
25 43 0 0
27 43 0 0
28 43 0 0
29 43 0 0
30 43 0 0
31 43 0 0
32 43 0 0
33 43 0 0
35 43 0 0
36 43 0 0
38 43 0 0
40 43 0 0
41 43 0 0
42 43 0 0
1 44 0 0
3 44 0 0
10 44 0 0
15 44 0 0
16 44 0 0
17 44 0 0
18 44 0 0
19 44 0 0
20 44 0 0
21 44 0 0
22 44 0 0
23 44 0 0
24 44 0 0
25 44 0 0
28 44 0 0
29 44 0 0
30 44 0 0
31 44 0 0
32 44 0 0
33 44 0 0
35 44 0 0
38 44 0 0
40 44 0 0
41 44 0 0
42 44 0 0
43 44 0 0
1 45 0 0
3 45 0 0
10 45 0 0
11 45 0 0
13 45 0 0
16 45 0 0
18 45 0 0
20 45 0 0
21 45 0 0
22 45 0 0
23 45 0 0
24 45 0 0
29 45 0 0
31 45 0 0
32 45 0 0
33 45 0 0
35 45 0 0
38 45 0 0
40 45 0 0
42 45 0 0
43 45 0 0
44 45 0 0
1 46 0 0
3 46 0 0
10 46 0 0
11 46 0 0
13 46 0 0
14 46 0 0
15 46 0 0
16 46 0 0
17 46 0 0
18 46 0 0
19 46 0 0
20 46 0 0
21 46 0 0
22 46 0 0
23 46 0 0
24 46 0 0
25 46 0 0
28 46 0 0
29 46 0 0
30 46 0 0
31 46 0 0
32 46 0 0
33 46 0 0
35 46 0 0
38 46 0 0
40 46 0 0
41 46 0 0
42 46 0 0
43 46 0 0
44 46 0 0
45 46 0 0
3 47 0 0
10 47 0 0
13 47 0 0
15 47 0 0
16 47 0 0
17 47 0 0
18 47 0 0
19 47 0 0
20 47 0 0
21 47 0 0
22 47 0 0
23 47 0 0
24 47 0 0
25 47 0 0
29 47 0 0
30 47 0 0
31 47 0 0
32 47 0 0
33 47 0 0
35 47 0 0
38 47 0 0
40 47 0 0
41 47 0 0
42 47 0 0
43 47 0 0
44 47 0 0
45 47 0 0
46 47 0 0
1 48 0 0
3 48 0 0
6 48 0 0
8 48 0 0
10 48 0 0
11 48 0 0
12 48 0 0
13 48 0 0
15 48 0 0
16 48 0 0
17 48 0 0
18 48 0 0
20 48 0 0
21 48 0 0
22 48 0 0
23 48 0 0
24 48 0 0
25 48 0 0
29 48 0 0
31 48 0 0
32 48 0 0
33 48 0 0
35 48 0 0
38 48 0 0
40 48 0 0
41 48 0 0
42 48 0 0
43 48 0 0
44 48 0 0
45 48 0 0
46 48 0 0
47 48 0 0
1 49 0 0
3 49 0 0
14 49 0 0
15 49 0 0
16 49 0 0
17 49 0 0
18 49 0 0
19 49 0 0
20 49 0 0
21 49 0 0
23 49 0 0
24 49 0 0
25 49 0 0
27 49 0 0
28 49 0 0
29 49 0 0
30 49 0 0
31 49 0 0
32 49 0 0
33 49 0 0
35 49 0 0
36 49 0 0
38 49 0 0
39 49 0 0
40 49 0 0
41 49 0 0
42 49 0 0
43 49 0 0
44 49 0 0
45 49 0 0
46 49 0 0
47 49 0 0
48 49 0 0
1 50 0 0
3 50 0 0
10 50 0 0
16 50 0 0
17 50 0 0
18 50 0 0
20 50 0 0
21 50 0 0
22 50 0 0
23 50 0 0
24 50 0 0
25 50 0 0
29 50 0 0
31 50 0 0
32 50 0 0
33 50 0 0
35 50 0 0
38 50 0 0
40 50 0 0
42 50 0 0
43 50 0 0
44 50 0 0
45 50 0 0
46 50 0 0
47 50 0 0
48 50 0 0
49 50 0 0
2 51 0 0
27 51 0 0
34 51 0 0
36 51 0 0
37 51 0 0
39 51 0 0
1 52 0 0
2 52 0 0
27 52 0 0
34 52 0 0
36 52 0 0
37 52 0 0
39 52 0 0
51 52 0 0
1 53 0 0
2 53 0 0
3 53 0 0
27 53 0 0
28 53 0 0
29 53 0 0
30 53 0 0
31 53 0 0
32 53 0 0
33 53 0 0
35 53 0 0
36 53 0 0
37 53 0 0
38 53 0 0
39 53 0 0
40 53 0 0
51 53 0 0
52 53 0 0
1 54 0 0
2 54 0 0
3 54 0 0
27 54 0 0
28 54 0 0
29 54 0 0
30 54 0 0
33 54 0 0
34 54 0 0
36 54 0 0
37 54 0 0
39 54 0 0
51 54 0 0
52 54 0 0
53 54 0 0
1 55 0 0
2 55 0 0
3 55 0 0
27 55 0 0
28 55 0 0
30 55 0 0
33 55 0 0
35 55 0 0
36 55 0 0
37 55 0 0
39 55 0 0
40 55 0 0
51 55 0 0
52 55 0 0
53 55 0 0
54 55 0 0
1 56 0 0
2 56 0 0
3 56 0 0
18 56 0 0
25 56 0 0
27 56 0 0
28 56 0 0
29 56 0 0
30 56 0 0
31 56 0 0
32 56 0 0
33 56 0 0
35 56 0 0
36 56 0 0
37 56 0 0
38 56 0 0
39 56 0 0
40 56 0 0
41 56 0 0
42 56 0 0
43 56 0 0
44 56 0 0
46 56 0 0
47 56 0 0
49 56 0 0
50 56 0 0
51 56 0 0
52 56 0 0
53 56 0 0
54 56 0 0
55 56 0 0
1 57 0 0
2 57 0 0
27 57 0 0
28 57 0 0
29 57 0 0
30 57 0 0
33 57 0 0
34 57 0 0
36 57 0 0
37 57 0 0
39 57 0 0
51 57 0 0
52 57 0 0
53 57 0 0
54 57 0 0
55 57 0 0
56 57 0 0
1 58 0 0
2 58 0 0
3 58 0 0
27 58 0 0
28 58 0 0
29 58 0 0
30 58 0 0
31 58 0 0
33 58 0 0
34 58 0 0
36 58 0 0
37 58 0 0
39 58 0 0
40 58 0 0
51 58 0 0
52 58 0 0
53 58 0 0
54 58 0 0
55 58 0 0
56 58 0 0
57 58 0 0
1 59 0 0
2 59 0 0
3 59 0 0
27 59 0 0
28 59 0 0
29 59 0 0
30 59 0 0
31 59 0 0
32 59 0 0
33 59 0 0
35 59 0 0
36 59 0 0
37 59 0 0
38 59 0 0
39 59 0 0
40 59 0 0
42 59 0 0
49 59 0 0
51 59 0 0
52 59 0 0
53 59 0 0
54 59 0 0
55 59 0 0
56 59 0 0
57 59 0 0
58 59 0 0
1 60 0 0
2 60 0 0
3 60 0 0
29 60 0 0
30 60 0 0
31 60 0 0
32 60 0 0
33 60 0 0
35 60 0 0
38 60 0 0
40 60 0 0
44 60 0 0
45 60 0 0
50 60 0 0
53 60 0 0
56 60 0 0
59 60 0 0
52 61 0 0
3 62 0 0
51 62 0 0
52 62 0 0
61 62 0 0
2 63 0 0
3 63 0 0
51 63 0 0
52 63 0 0
61 63 0 0
62 63 0 0
2 64 0 0
3 64 0 0
51 64 0 0
52 64 0 0
53 64 0 0
54 64 0 0
55 64 0 0
61 64 0 0
62 64 0 0
63 64 0 0
51 65 0 0
52 65 0 0
54 65 0 0
55 65 0 0
61 65 0 0
62 65 0 0
63 65 0 0
64 65 0 0
1 66 0 0
2 66 0 0
3 66 0 0
53 66 0 0
55 66 0 0
60 66 0 0
64 66 0 0
2 67 0 0
3 67 0 0
51 67 0 0
52 67 0 0
53 67 0 0
54 67 0 0
55 67 0 0
57 67 0 0
58 67 0 0
61 67 0 0
62 67 0 0
63 67 0 0
64 67 0 0
65 67 0 0
51 68 0 0
52 68 0 0
61 68 0 0
62 68 0 0
63 68 0 0
64 68 0 0
65 68 0 0
67 68 0 0
61 69 0 0
68 69 0 0
61 70 0 0
62 70 0 0
63 70 0 0
65 70 0 0
68 70 0 0
69 70 0 0
3 71 0 0
61 71 0 0
62 71 0 0
63 71 0 0
64 71 0 0
65 71 0 0
67 71 0 0
68 71 0 0
69 71 0 0
70 71 0 0
2 72 0 0
3 72 0 0
61 72 0 0
62 72 0 0
63 72 0 0
64 72 0 0
65 72 0 0
67 72 0 0
68 72 0 0
70 72 0 0
71 72 0 0
61 73 0 0
62 73 0 0
63 73 0 0
65 73 0 0
67 73 0 0
68 73 0 0
69 73 0 0
70 73 0 0
71 73 0 0
72 73 0 0
3 74 0 0
61 74 0 0
62 74 0 0
63 74 0 0
64 74 0 0
65 74 0 0
67 74 0 0
68 74 0 0
69 74 0 0
70 74 0 0
71 74 0 0
72 74 0 0
73 74 0 0
2 75 0 0
3 75 0 0
61 75 0 0
62 75 0 0
63 75 0 0
64 75 0 0
67 75 0 0
68 75 0 0
71 75 0 0
72 75 0 0
73 75 0 0
74 75 0 0
1 76 0 0
2 76 0 0
3 76 0 0
51 76 0 0
52 76 0 0
53 76 0 0
54 76 0 0
55 76 0 0
61 76 0 0
62 76 0 0
63 76 0 0
64 76 0 0
65 76 0 0
66 76 0 0
67 76 0 0
68 76 0 0
71 76 0 0
72 76 0 0
75 76 0 0
2 77 0 0
3 77 0 0
52 77 0 0
53 77 0 0
62 77 0 0
63 77 0 0
64 77 0 0
66 77 0 0
67 77 0 0
72 77 0 0
75 77 0 0
76 77 0 0
3 78 0 0
52 78 0 0
61 78 0 0
62 78 0 0
63 78 0 0
64 78 0 0
65 78 0 0
67 78 0 0
68 78 0 0
70 78 0 0
71 78 0 0
72 78 0 0
73 78 0 0
74 78 0 0
75 78 0 0
76 78 0 0
77 78 0 0
3 79 0 0
52 79 0 0
61 79 0 0
62 79 0 0
63 79 0 0
64 79 0 0
65 79 0 0
67 79 0 0
68 79 0 0
69 79 0 0
70 79 0 0
71 79 0 0
72 79 0 0
73 79 0 0
74 79 0 0
75 79 0 0
76 79 0 0
78 79 0 0
61 80 0 0
62 80 0 0
63 80 0 0
64 80 0 0
65 80 0 0
67 80 0 0
68 80 0 0
69 80 0 0
70 80 0 0
71 80 0 0
72 80 0 0
73 80 0 0
74 80 0 0
75 80 0 0
78 80 0 0
79 80 0 0
61 81 0 0
62 81 0 0
63 81 0 0
64 81 0 0
65 81 0 0
67 81 0 0
68 81 0 0
69 81 0 0
70 81 0 0
71 81 0 0
72 81 0 0
73 81 0 0
74 81 0 0
75 81 0 0
76 81 0 0
78 81 0 0
79 81 0 0
80 81 0 0
2 82 0 0
3 82 0 0
52 82 0 0
61 82 0 0
62 82 0 0
63 82 0 0
64 82 0 0
65 82 0 0
67 82 0 0
68 82 0 0
70 82 0 0
71 82 0 0
72 82 0 0
73 82 0 0
74 82 0 0
75 82 0 0
76 82 0 0
77 82 0 0
78 82 0 0
79 82 0 0
80 82 0 0
81 82 0 0
2 83 0 0
3 83 0 0
52 83 0 0
61 83 0 0
62 83 0 0
63 83 0 0
64 83 0 0
65 83 0 0
66 83 0 0
67 83 0 0
68 83 0 0
71 83 0 0
72 83 0 0
74 83 0 0
75 83 0 0
76 83 0 0
77 83 0 0
78 83 0 0
79 83 0 0
80 83 0 0
81 83 0 0
82 83 0 0
1 84 0 0
2 84 0 0
3 84 0 0
34 84 0 0
36 84 0 0
39 84 0 0
51 84 0 0
52 84 0 0
53 84 0 0
54 84 0 0
55 84 0 0
56 84 0 0
57 84 0 0
58 84 0 0
59 84 0 0
61 84 0 0
62 84 0 0
63 84 0 0
64 84 0 0
65 84 0 0
67 84 0 0
68 84 0 0
71 84 0 0
72 84 0 0
76 84 0 0
77 84 0 0
78 84 0 0
79 84 0 0
80 84 0 0
81 84 0 0
82 84 0 0
83 84 0 0
1 85 0 0
2 85 0 0
3 85 0 0
36 85 0 0
51 85 0 0
52 85 0 0
53 85 0 0
54 85 0 0
55 85 0 0
56 85 0 0
57 85 0 0
58 85 0 0
59 85 0 0
62 85 0 0
63 85 0 0
64 85 0 0
65 85 0 0
66 85 0 0
67 85 0 0
68 85 0 0
71 85 0 0
72 85 0 0
75 85 0 0
76 85 0 0
77 85 0 0
78 85 0 0
79 85 0 0
82 85 0 0
83 85 0 0
84 85 0 0
1 86 0 0
2 86 0 0
3 86 0 0
35 86 0 0
36 86 0 0
51 86 0 0
52 86 0 0
53 86 0 0
54 86 0 0
55 86 0 0
56 86 0 0
57 86 0 0
58 86 0 0
59 86 0 0
60 86 0 0
63 86 0 0
64 86 0 0
66 86 0 0
67 86 0 0
76 86 0 0
77 86 0 0
82 86 0 0
83 86 0 0
84 86 0 0
85 86 0 0
2 87 0 0
3 87 0 0
51 87 0 0
52 87 0 0
53 87 0 0
54 87 0 0
55 87 0 0
57 87 0 0
58 87 0 0
59 87 0 0
61 87 0 0
62 87 0 0
63 87 0 0
64 87 0 0
65 87 0 0
67 87 0 0
68 87 0 0
71 87 0 0
72 87 0 0
75 87 0 0
76 87 0 0
77 87 0 0
78 87 0 0
79 87 0 0
80 87 0 0
81 87 0 0
82 87 0 0
83 87 0 0
84 87 0 0
85 87 0 0
86 87 0 0
9 88 0 1
26 89 0 1
9 90 0 1
9 91 0 1
9 92 0 1
12 92 0 1
14 92 0 1
9 94 0 1
4 95 0 1
5 95 0 1
6 95 0 1
7 95 0 1
8 95 0 1
10 95 0 1
11 95 0 1
12 95 0 1
13 95 0 1
14 95 0 1
15 95 0 1
16 95 0 1
17 95 0 1
18 95 0 1
19 95 0 1
20 95 0 1
21 95 0 1
23 95 0 1
24 95 0 1
25 95 0 1
48 95 0 1
4 96 0 1
7 96 0 1
8 96 0 1
9 96 0 1
10 96 0 1
12 96 0 1
13 96 0 1
14 96 0 1
15 96 0 1
16 96 0 1
17 96 0 1
18 96 0 1
19 96 0 1
20 96 0 1
21 96 0 1
23 96 0 1
24 96 0 1
25 96 0 1
46 96 0 1
8 97 0 1
9 97 0 1
12 97 0 1
14 97 0 1
15 97 0 1
16 97 0 1
17 97 0 1
19 97 0 1
20 97 0 1
25 97 0 1
9 98 0 1
12 98 0 1
14 98 0 1
19 98 0 1
9 101 0 1
9 102 0 1
9 104 0 1
9 105 0 1
14 105 0 1
19 105 0 1
25 105 0 1
27 105 0 1
28 105 0 1
37 105 0 1
41 105 0 1
42 105 0 1
9 106 0 1
14 106 0 1
19 106 0 1
9 107 0 1
14 107 0 1
9 108 0 1
9 111 0 1
14 111 0 1
9 112 0 1
14 112 0 1
26 114 0 1
9 115 0 1
14 115 0 1
19 115 0 1
9 116 0 1
9 118 0 1
14 118 0 1
19 118 0 1
9 119 0 1
14 119 0 1
9 123 0 1
14 123 0 1
15 123 0 1
16 123 0 1
17 123 0 1
18 123 0 1
19 123 0 1
20 123 0 1
23 123 0 1
24 123 0 1
25 123 0 1
27 123 0 1
28 123 0 1
29 123 0 1
30 123 0 1
31 123 0 1
32 123 0 1
33 123 0 1
36 123 0 1
37 123 0 1
39 123 0 1
41 123 0 1
42 123 0 1
43 123 0 1
44 123 0 1
46 123 0 1
47 123 0 1
49 123 0 1
56 123 0 1
9 124 0 1
14 124 0 1
15 124 0 1
18 124 0 1
19 124 0 1
20 124 0 1
25 124 0 1
27 124 0 1
28 124 0 1
29 124 0 1
30 124 0 1
33 124 0 1
36 124 0 1
37 124 0 1
39 124 0 1
41 124 0 1
42 124 0 1
43 124 0 1
49 124 0 1
57 124 0 1
9 125 0 1
26 125 0 1
37 125 0 1
9 126 0 1
14 126 0 1
26 126 0 1
27 126 0 1
34 126 0 1
37 126 0 1
39 126 0 1
26 127 0 1
26 128 0 1
27 128 0 1
34 128 0 1
37 128 0 1
39 128 0 1
26 129 0 1
34 129 0 1
37 129 0 1
39 129 0 1
26 130 0 1
26 131 0 1
34 131 0 1
26 133 0 1
26 134 0 1
27 134 0 1
28 134 0 1
34 134 0 1
36 134 0 1
37 134 0 1
39 134 0 1
51 134 0 1
57 134 0 1
58 134 0 1
26 135 0 1
26 136 0 1
26 137 0 1
34 137 0 1
26 138 0 1
26 139 0 1
26 140 0 1
34 140 0 1
37 140 0 1
51 140 0 1
65 140 0 1
68 140 0 1
26 141 0 1
34 141 0 1
26 142 0 1
26 143 0 1
26 145 0 1
34 147 0 1
51 147 0 1
52 147 0 1
54 147 0 1
55 147 0 1
57 147 0 1
58 147 0 1
61 147 0 1
62 147 0 1
63 147 0 1
64 147 0 1
65 147 0 1
67 147 0 1
68 147 0 1
70 147 0 1
71 147 0 1
76 147 0 1
78 147 0 1
79 147 0 1
80 147 0 1
81 147 0 1
82 147 0 1
83 147 0 1
84 147 0 1
85 147 0 1
87 147 0 1
61 148 0 1
62 148 0 1
65 148 0 1
68 148 0 1
69 148 0 1
70 148 0 1
73 148 0 1
79 148 0 1
80 148 0 1
81 148 0 1
61 149 0 1
69 149 0 1
70 149 0 1
80 149 0 1
69 150 0 1
69 151 0 1
69 154 0 1
69 155 0 1
70 155 0 1
69 157 0 1
61 158 0 1
62 158 0 1
65 158 0 1
68 158 0 1
69 158 0 1
70 158 0 1
71 158 0 1
72 158 0 1
73 158 0 1
74 158 0 1
78 158 0 1
79 158 0 1
80 158 0 1
81 158 0 1
61 159 0 1
68 159 0 1
69 159 0 1
70 159 0 1
71 159 0 1
73 159 0 1
74 159 0 1
79 159 0 1
80 159 0 1
81 159 0 1
69 160 0 1
69 161 0 1
61 163 0 1
69 163 0 1
70 163 0 1
73 163 0 1
74 163 0 1
80 163 0 1
81 163 0 1
69 164 0 1
69 165 0 1
70 165 0 1
69 168 0 1
61 171 0 1
65 171 0 1
68 171 0 1
69 171 0 1
70 171 0 1
73 171 0 1
80 171 0 1
81 171 0 1
69 172 0 1
70 172 0 1
80 172 0 1
69 173 0 1
26 177 0 1
34 177 0 1
61 177 0 1
65 177 0 1
68 177 0 1
69 177 0 1
34 178 0 1
61 178 0 1
65 178 0 1
68 178 0 1
69 178 0 1
70 178 0 1
80 178 0 1
26 181 0 1
26 182 0 1
34 182 0 1
26 183 0 1
26 185 0 1
26 186 0 1
9 187 0 1
14 187 0 1
15 187 0 1
18 187 0 1
19 187 0 1
25 187 0 1
27 187 0 1
28 187 0 1
30 187 0 1
37 187 0 1
39 187 0 1
41 187 0 1
42 187 0 1
26 188 0 1
26 189 0 1
26 190 0 1
9 191 0 1
14 191 0 1
19 191 0 1
25 191 0 1
27 191 0 1
28 191 0 1
30 191 0 1
37 191 0 1
39 191 0 1
41 191 0 1
42 191 0 1
9 192 0 1
14 192 0 1
19 192 0 1
27 192 0 1
28 192 0 1
37 192 0 1
39 192 0 1
41 192 0 1
9 193 0 1
26 193 0 1
