1 2 0 0
3 4 0 0
2 5 0 0
4 5 0 0
2 6 0 0
4 6 0 0
5 6 0 0
2 8 0 0
4 8 0 0
5 8 0 0
6 8 0 0
2 9 0 0
3 9 0 0
4 9 0 0
5 9 0 0
6 9 0 0
8 9 0 0
2 10 0 0
4 10 0 0
5 10 0 0
6 10 0 0
8 10 0 0
9 10 0 0
2 11 0 0
3 11 0 0
4 11 0 0
5 11 0 0
6 11 0 0
8 11 0 0
9 11 0 0
10 11 0 0
2 12 0 0
4 12 0 0
5 12 0 0
6 12 0 0
8 12 0 0
9 12 0 0
10 12 0 0
11 12 0 0
3 13 0 0
7 13 0 0
11 13 0 0
2 14 0 0
4 14 0 0
5 14 0 0
6 14 0 0
8 14 0 0
9 14 0 0
10 14 0 0
11 14 0 0
12 14 0 0
2 15 0 0
4 15 0 0
5 15 0 0
6 15 0 0
8 15 0 0
9 15 0 0
10 15 0 0
11 15 0 0
12 15 0 0
14 15 0 0
2 16 0 0
4 16 0 0
5 16 0 0
6 16 0 0
8 16 0 0
9 16 0 0
10 16 0 0
11 16 0 0
12 16 0 0
14 16 0 0
15 16 0 0
2 17 0 0
4 17 0 0
5 17 0 0
6 17 0 0
8 17 0 0
9 17 0 0
10 17 0 0
11 17 0 0
12 17 0 0
14 17 0 0
15 17 0 0
16 17 0 0
2 18 0 0
3 18 0 0
4 18 0 0
8 18 0 0
9 18 0 0
11 18 0 0
12 18 0 0
13 18 0 0
14 18 0 0
15 18 0 0
16 18 0 0
17 18 0 0
2 19 0 0
4 19 0 0
5 19 0 0
6 19 0 0
8 19 0 0
9 19 0 0
10 19 0 0
11 19 0 0
12 19 0 0
14 19 0 0
15 19 0 0
16 19 0 0
17 19 0 0
18 19 0 0
3 20 0 0
4 20 0 0
7 20 0 0
11 20 0 0
13 20 0 0
18 20 0 0
2 21 0 0
4 21 0 0
5 21 0 0
6 21 0 0
8 21 0 0
9 21 0 0
10 21 0 0
11 21 0 0
12 21 0 0
14 21 0 0
15 21 0 0
16 21 0 0
17 21 0 0
18 21 0 0
19 21 0 0
2 22 0 0
4 22 0 0
5 22 0 0
6 22 0 0
8 22 0 0
9 22 0 0
10 22 0 0
11 22 0 0
12 22 0 0
14 22 0 0
15 22 0 0
16 22 0 0
17 22 0 0
18 22 0 0
19 22 0 0
21 22 0 0
2 23 0 0
3 23 0 0
4 23 0 0
6 23 0 0
8 23 0 0
9 23 0 0
11 23 0 0
12 23 0 0
13 23 0 0
14 23 0 0
15 23 0 0
16 23 0 0
17 23 0 0
18 23 0 0
19 23 0 0
20 23 0 0
21 23 0 0
22 23 0 0
2 24 0 0
4 24 0 0
5 24 0 0
6 24 0 0
8 24 0 0
9 24 0 0
10 24 0 0
11 24 0 0
12 24 0 0
14 24 0 0
15 24 0 0
16 24 0 0
17 24 0 0
18 24 0 0
19 24 0 0
21 24 0 0
22 24 0 0
23 24 0 0
2 25 0 0
11 25 0 0
13 25 0 0
14 25 0 0
15 25 0 0
16 25 0 0
18 25 0 0
19 25 0 0
20 25 0 0
23 25 0 0
2 26 0 0
13 26 0 0
18 26 0 0
23 26 0 0
25 26 0 0
2 27 0 0
14 27 0 0
15 27 0 0
16 27 0 0
18 27 0 0
19 27 0 0
23 27 0 0
25 27 0 0
26 27 0 0
2 28 0 0
11 28 0 0
13 28 0 0
14 28 0 0
15 28 0 0
16 28 0 0
18 28 0 0
19 28 0 0
20 28 0 0
23 28 0 0
25 28 0 0
26 28 0 0
27 28 0 0
2 29 0 0
14 29 0 0
15 29 0 0
16 29 0 0
17 29 0 0
18 29 0 0
19 29 0 0
21 29 0 0
22 29 0 0
23 29 0 0
24 29 0 0
25 29 0 0
26 29 0 0
27 29 0 0
28 29 0 0
2 30 0 0
3 30 0 0
4 30 0 0
5 30 0 0
6 30 0 0
8 30 0 0
9 30 0 0
10 30 0 0
11 30 0 0
12 30 0 0
14 30 0 0
15 30 0 0
16 30 0 0
17 30 0 0
18 30 0 0
19 30 0 0
20 30 0 0
21 30 0 0
22 30 0 0
23 30 0 0
24 30 0 0
25 30 0 0
26 30 0 0
27 30 0 0
28 30 0 0
29 30 0 0
2 31 0 0
11 31 0 0
13 31 0 0
15 31 0 0
16 31 0 0
18 31 0 0
19 31 0 0
20 31 0 0
23 31 0 0
25 31 0 0
26 31 0 0
27 31 0 0
28 31 0 0
29 31 0 0
30 31 0 0
2 32 0 0
11 32 0 0
13 32 0 0
14 32 0 0
15 32 0 0
16 32 0 0
17 32 0 0
18 32 0 0
19 32 0 0
20 32 0 0
21 32 0 0
23 32 0 0
25 32 0 0
26 32 0 0
27 32 0 0
28 32 0 0
29 32 0 0
30 32 0 0
31 32 0 0
2 33 0 0
4 33 0 0
8 33 0 0
9 33 0 0
11 33 0 0
12 33 0 0
14 33 0 0
15 33 0 0
16 33 0 0
17 33 0 0
18 33 0 0
19 33 0 0
20 33 0 0
21 33 0 0
22 33 0 0
23 33 0 0
24 33 0 0
25 33 0 0
26 33 0 0
27 33 0 0
28 33 0 0
29 33 0 0
30 33 0 0
31 33 0 0
32 33 0 0
2 34 0 0
8 34 0 0
9 34 0 0
10 34 0 0
11 34 0 0
12 34 0 0
14 34 0 0
15 34 0 0
16 34 0 0
17 34 0 0
18 34 0 0
19 34 0 0
21 34 0 0
22 34 0 0
23 34 0 0
24 34 0 0
25 34 0 0
26 34 0 0
27 34 0 0
28 34 0 0
29 34 0 0
30 34 0 0
31 34 0 0
32 34 0 0
33 34 0 0
2 35 0 0
11 35 0 0
14 35 0 0
15 35 0 0
16 35 0 0
17 35 0 0
18 35 0 0
19 35 0 0
20 35 0 0
21 35 0 0
22 35 0 0
23 35 0 0
24 35 0 0
25 35 0 0
26 35 0 0
27 35 0 0
28 35 0 0
29 35 0 0
30 35 0 0
31 35 0 0
32 35 0 0
33 35 0 0
34 35 0 0
2 36 0 0
25 36 0 0
26 36 0 0
27 36 0 0
28 36 0 0
31 36 0 0
32 36 0 0
35 36 0 0
26 37 0 0
27 37 0 0
36 37 0 0
1 38 0 0
2 38 0 0
26 38 0 0
27 38 0 0
28 38 0 0
29 38 0 0
35 38 0 0
36 38 0 0
37 38 0 0
1 39 0 0
2 39 0 0
26 39 0 0
27 39 0 0
28 39 0 0
29 39 0 0
34 39 0 0
35 39 0 0
36 39 0 0
37 39 0 0
38 39 0 0
1 40 0 0
2 40 0 0
27 40 0 0
29 40 0 0
34 40 0 0
38 40 0 0
39 40 0 0
1 41 0 0
2 41 0 0
26 41 0 0
27 41 0 0
28 41 0 0
36 41 0 0
37 41 0 0
38 41 0 0
39 41 0 0
40 41 0 0
1 42 0 0
2 42 0 0
25 42 0 0
27 42 0 0
28 42 0 0
29 42 0 0
32 42 0 0
33 42 0 0
34 42 0 0
35 42 0 0
36 42 0 0
38 42 0 0
39 42 0 0
40 42 0 0
41 42 0 0
1 43 0 0
2 43 0 0
25 43 0 0
26 43 0 0
27 43 0 0
28 43 0 0
29 43 0 0
32 43 0 0
34 43 0 0
35 43 0 0
36 43 0 0
37 43 0 0
38 43 0 0
39 43 0 0
40 43 0 0
41 43 0 0
42 43 0 0
1 44 0 0
2 44 0 0
25 44 0 0
26 44 0 0
27 44 0 0
28 44 0 0
29 44 0 0
31 44 0 0
32 44 0 0
34 44 0 0
35 44 0 0
36 44 0 0
37 44 0 0
38 44 0 0
39 44 0 0
40 44 0 0
41 44 0 0
42 44 0 0
43 44 0 0
13 45 0 0
25 45 0 0
26 45 0 0
27 45 0 0
28 45 0 0
31 45 0 0
32 45 0 0
35 45 0 0
36 45 0 0
37 45 0 0
38 45 0 0
41 45 0 0
43 45 0 0
44 45 0 0
2 46 0 0
18 46 0 0
25 46 0 0
26 46 0 0
27 46 0 0
28 46 0 0
31 46 0 0
32 46 0 0
33 46 0 0
34 46 0 0
35 46 0 0
36 46 0 0
37 46 0 0
38 46 0 0
39 46 0 0
41 46 0 0
43 46 0 0
44 46 0 0
45 46 0 0
2 47 0 0
18 47 0 0
25 47 0 0
26 47 0 0
27 47 0 0
28 47 0 0
29 47 0 0
30 47 0 0
31 47 0 0
32 47 0 0
33 47 0 0
34 47 0 0
35 47 0 0
36 47 0 0
37 47 0 0
38 47 0 0
39 47 0 0
40 47 0 0
41 47 0 0
42 47 0 0
43 47 0 0
44 47 0 0
45 47 0 0
46 47 0 0
2 48 0 0
18 48 0 0
25 48 0 0
26 48 0 0
27 48 0 0
28 48 0 0
29 48 0 0
30 48 0 0
31 48 0 0
32 48 0 0
33 48 0 0
34 48 0 0
35 48 0 0
36 48 0 0
37 48 0 0
38 48 0 0
39 48 0 0
41 48 0 0
42 48 0 0
43 48 0 0
44 48 0 0
45 48 0 0
46 48 0 0
47 48 0 0
1 49 0 0
2 49 0 0
18 49 0 0
25 49 0 0
26 49 0 0
27 49 0 0
28 49 0 0
29 49 0 0
30 49 0 0
31 49 0 0
32 49 0 0
33 49 0 0
34 49 0 0
35 49 0 0
36 49 0 0
37 49 0 0
38 49 0 0
39 49 0 0
40 49 0 0
41 49 0 0
42 49 0 0
43 49 0 0
44 49 0 0
45 49 0 0
46 49 0 0
47 49 0 0
48 49 0 0
1 50 0 0
2 50 0 0
15 50 0 0
25 50 0 0
26 50 0 0
27 50 0 0
28 50 0 0
29 50 0 0
30 50 0 0
31 50 0 0
32 50 0 0
33 50 0 0
34 50 0 0
35 50 0 0
36 50 0 0
37 50 0 0
38 50 0 0
39 50 0 0
40 50 0 0
41 50 0 0
42 50 0 0
43 50 0 0
44 50 0 0
46 50 0 0
47 50 0 0
48 50 0 0
49 50 0 0
37 51 0 0
41 51 0 0
44 51 0 0
1 52 0 0
2 52 0 0
38 52 0 0
39 52 0 0
40 52 0 0
41 52 0 0
42 52 0 0
43 52 0 0
44 52 0 0
49 52 0 0
50 52 0 0
1 53 0 0
2 53 0 0
38 53 0 0
39 53 0 0
41 53 0 0
52 53 0 0
1 54 0 0
37 54 0 0
41 54 0 0
51 54 0 0
52 54 0 0
53 54 0 0
36 55 0 0
37 55 0 0
38 55 0 0
39 55 0 0
41 55 0 0
43 55 0 0
44 55 0 0
51 55 0 0
52 55 0 0
53 55 0 0
54 55 0 0
1 56 0 0
2 56 0 0
38 56 0 0
39 56 0 0
40 56 0 0
41 56 0 0
42 56 0 0
43 56 0 0
44 56 0 0
50 56 0 0
52 56 0 0
53 56 0 0
54 56 0 0
55 56 0 0
1 57 0 0
2 57 0 0
36 57 0 0
37 57 0 0
38 57 0 0
39 57 0 0
40 57 0 0
41 57 0 0
42 57 0 0
43 57 0 0
44 57 0 0
49 57 0 0
50 57 0 0
51 57 0 0
52 57 0 0
53 57 0 0
54 57 0 0
55 57 0 0
56 57 0 0
1 58 0 0
2 58 0 0
38 58 0 0
39 58 0 0
40 58 0 0
41 58 0 0
42 58 0 0
43 58 0 0
44 58 0 0
50 58 0 0
52 58 0 0
53 58 0 0
56 58 0 0
57 58 0 0
1 59 0 0
2 59 0 0
38 59 0 0
39 59 0 0
40 59 0 0
41 59 0 0
42 59 0 0
43 59 0 0
50 59 0 0
52 59 0 0
53 59 0 0
56 59 0 0
57 59 0 0
58 59 0 0
37 60 0 0
38 60 0 0
39 60 0 0
41 60 0 0
44 60 0 0
51 60 0 0
53 60 0 0
54 60 0 0
55 60 0 0
56 60 0 0
57 60 0 0
1 61 0 0
2 61 0 0
37 61 0 0
38 61 0 0
39 61 0 0
41 61 0 0
43 61 0 0
44 61 0 0
51 61 0 0
52 61 0 0
53 61 0 0
54 61 0 0
55 61 0 0
56 61 0 0
57 61 0 0
58 61 0 0
59 61 0 0
60 61 0 0
1 62 0 0
39 62 0 0
41 62 0 0
51 62 0 0
52 62 0 0
53 62 0 0
54 62 0 0
55 62 0 0
56 62 0 0
57 62 0 0
58 62 0 0
59 62 0 0
60 62 0 0
61 62 0 0
1 63 0 0
39 63 0 0
52 63 0 0
53 63 0 0
54 63 0 0
55 63 0 0
56 63 0 0
57 63 0 0
58 63 0 0
59 63 0 0
60 63 0 0
61 63 0 0
62 63 0 0
51 64 0 0
54 64 0 0
55 64 0 0
60 64 0 0
62 64 0 0
64 65 0 0
54 66 0 0
64 66 0 0
65 66 0 0
1 67 0 0
53 67 0 0
54 67 0 0
60 67 0 0
61 67 0 0
62 67 0 0
63 67 0 0
64 67 0 0
65 67 0 0
66 67 0 0
1 68 0 0
53 68 0 0
54 68 0 0
56 68 0 0
60 68 0 0
61 68 0 0
62 68 0 0
63 68 0 0
64 68 0 0
66 68 0 0
67 68 0 0
1 69 0 0
53 69 0 0
56 69 0 0
61 69 0 0
62 69 0 0
63 69 0 0
67 69 0 0
68 69 0 0
1 70 0 0
52 70 0 0
53 70 0 0
54 70 0 0
55 70 0 0
56 70 0 0
57 70 0 0
58 70 0 0
59 70 0 0
60 70 0 0
61 70 0 0
62 70 0 0
63 70 0 0
64 70 0 0
67 70 0 0
68 70 0 0
69 70 0 0
1 71 0 0
52 71 0 0
53 71 0 0
54 71 0 0
56 71 0 0
57 71 0 0
58 71 0 0
59 71 0 0
60 71 0 0
61 71 0 0
62 71 0 0
63 71 0 0
64 71 0 0
67 71 0 0
68 71 0 0
69 71 0 0
70 71 0 0
1 72 0 0
51 72 0 0
53 72 0 0
54 72 0 0
55 72 0 0
56 72 0 0
57 72 0 0
58 72 0 0
60 72 0 0
61 72 0 0
62 72 0 0
63 72 0 0
64 72 0 0
66 72 0 0
67 72 0 0
68 72 0 0
69 72 0 0
70 72 0 0
71 72 0 0
1 73 0 0
64 73 0 0
65 73 0 0
66 73 0 0
67 73 0 0
68 73 0 0
69 73 0 0
70 73 0 0
71 73 0 0
72 73 0 0
1 74 0 0
64 74 0 0
65 74 0 0
66 74 0 0
67 74 0 0
68 74 0 0
69 74 0 0
70 74 0 0
71 74 0 0
72 74 0 0
73 74 0 0
1 75 0 0
64 75 0 0
65 75 0 0
66 75 0 0
67 75 0 0
68 75 0 0
69 75 0 0
70 75 0 0
71 75 0 0
72 75 0 0
73 75 0 0
74 75 0 0
1 76 0 0
68 76 0 0
69 76 0 0
70 76 0 0
71 76 0 0
72 76 0 0
74 76 0 0
1 77 0 0
62 77 0 0
64 77 0 0
66 77 0 0
67 77 0 0
68 77 0 0
69 77 0 0
70 77 0 0
71 77 0 0
72 77 0 0
73 77 0 0
74 77 0 0
75 77 0 0
76 77 0 0
1 78 0 0
62 78 0 0
63 78 0 0
67 78 0 0
68 78 0 0
69 78 0 0
70 78 0 0
71 78 0 0
72 78 0 0
73 78 0 0
74 78 0 0
75 78 0 0
76 78 0 0
77 78 0 0
1 79 0 0
53 79 0 0
54 79 0 0
56 79 0 0
61 79 0 0
62 79 0 0
63 79 0 0
64 79 0 0
67 79 0 0
68 79 0 0
69 79 0 0
70 79 0 0
71 79 0 0
72 79 0 0
73 79 0 0
74 79 0 0
75 79 0 0
76 79 0 0
77 79 0 0
78 79 0 0
1 80 0 0
62 80 0 0
63 80 0 0
64 80 0 0
67 80 0 0
68 80 0 0
69 80 0 0
70 80 0 0
71 80 0 0
72 80 0 0
73 80 0 0
74 80 0 0
75 80 0 0
76 80 0 0
77 80 0 0
78 80 0 0
79 80 0 0
1 81 0 0
62 81 0 0
63 81 0 0
67 81 0 0
68 81 0 0
69 81 0 0
70 81 0 0
71 81 0 0
72 81 0 0
73 81 0 0
74 81 0 0
75 81 0 0
76 81 0 0
77 81 0 0
78 81 0 0
79 81 0 0
80 81 0 0
1 82 0 0
2 82 0 0
39 82 0 0
52 82 0 0
53 82 0 0
54 82 0 0
55 82 0 0
56 82 0 0
57 82 0 0
58 82 0 0
59 82 0 0
60 82 0 0
61 82 0 0
62 82 0 0
63 82 0 0
67 82 0 0
68 82 0 0
69 82 0 0
70 82 0 0
71 82 0 0
72 82 0 0
77 82 0 0
78 82 0 0
79 82 0 0
80 82 0 0
81 82 0 0
1 83 0 0
51 83 0 0
52 83 0 0
53 83 0 0
54 83 0 0
55 83 0 0
56 83 0 0
57 83 0 0
58 83 0 0
59 83 0 0
60 83 0 0
61 83 0 0
62 83 0 0
63 83 0 0
64 83 0 0
67 83 0 0
68 83 0 0
69 83 0 0
70 83 0 0
71 83 0 0
72 83 0 0
74 83 0 0
77 83 0 0
78 83 0 0
79 83 0 0
80 83 0 0
81 83 0 0
82 83 0 0
1 84 0 0
51 84 0 0
52 84 0 0
53 84 0 0
54 84 0 0
55 84 0 0
56 84 0 0
57 84 0 0
58 84 0 0
60 84 0 0
61 84 0 0
62 84 0 0
63 84 0 0
64 84 0 0
66 84 0 0
67 84 0 0
68 84 0 0
69 84 0 0
70 84 0 0
71 84 0 0
72 84 0 0
73 84 0 0
74 84 0 0
75 84 0 0
77 84 0 0
78 84 0 0
79 84 0 0
80 84 0 0
81 84 0 0
82 84 0 0
83 84 0 0
1 85 0 0
52 85 0 0
53 85 0 0
54 85 0 0
55 85 0 0
56 85 0 0
57 85 0 0
58 85 0 0
59 85 0 0
60 85 0 0
61 85 0 0
62 85 0 0
63 85 0 0
67 85 0 0
68 85 0 0
69 85 0 0
70 85 0 0
71 85 0 0
72 85 0 0
74 85 0 0
76 85 0 0
77 85 0 0
78 85 0 0
79 85 0 0
80 85 0 0
81 85 0 0
82 85 0 0
83 85 0 0
84 85 0 0
1 86 0 0
52 86 0 0
53 86 0 0
54 86 0 0
56 86 0 0
57 86 0 0
58 86 0 0
59 86 0 0
61 86 0 0
62 86 0 0
63 86 0 0
67 86 0 0
68 86 0 0
69 86 0 0
70 86 0 0
71 86 0 0
72 86 0 0
76 86 0 0
77 86 0 0
78 86 0 0
79 86 0 0
80 86 0 0
81 86 0 0
82 86 0 0
83 86 0 0
84 86 0 0
85 86 0 0
1 87 0 0
51 87 0 0
52 87 0 0
53 87 0 0
54 87 0 0
55 87 0 0
56 87 0 0
57 87 0 0
58 87 0 0
59 87 0 0
60 87 0 0
61 87 0 0
62 87 0 0
63 87 0 0
64 87 0 0
67 87 0 0
68 87 0 0
69 87 0 0
70 87 0 0
71 87 0 0
72 87 0 0
73 87 0 0
74 87 0 0
75 87 0 0
76 87 0 0
77 87 0 0
78 87 0 0
79 87 0 0
80 87 0 0
81 87 0 0
82 87 0 0
83 87 0 0
84 87 0 0
85 87 0 0
86 87 0 0
36 88 0 0
37 88 0 0
45 88 0 0
51 88 0 0
54 88 0 0
55 88 0 0
60 88 0 0
1 89 0 0
2 89 0 0
36 89 0 0
37 89 0 0
38 89 0 0
39 89 0 0
40 89 0 0
41 89 0 0
42 89 0 0
43 89 0 0
44 89 0 0
45 89 0 0
46 89 0 0
47 89 0 0
48 89 0 0
49 89 0 0
50 89 0 0
51 89 0 0
52 89 0 0
53 89 0 0
54 89 0 0
55 89 0 0
56 89 0 0
57 89 0 0
58 89 0 0
59 89 0 0
60 89 0 0
61 89 0 0
62 89 0 0
63 89 0 0
82 89 0 0
83 89 0 0
1 90 0 0
2 90 0 0
36 90 0 0
37 90 0 0
38 90 0 0
39 90 0 0
40 90 0 0
41 90 0 0
42 90 0 0
43 90 0 0
44 90 0 0
46 90 0 0
47 90 0 0
48 90 0 0
49 90 0 0
50 90 0 0
52 90 0 0
53 90 0 0
54 90 0 0
55 90 0 0
56 90 0 0
57 90 0 0
58 90 0 0
59 90 0 0
60 90 0 0
61 90 0 0
62 90 0 0
63 90 0 0
82 90 0 0
83 90 0 0
84 90 0 0
85 90 0 0
89 90 0 0
1 91 0 0
2 91 0 0
36 91 0 0
37 91 0 0
38 91 0 0
39 91 0 0
41 91 0 0
42 91 0 0
43 91 0 0
44 91 0 0
47 91 0 0
48 91 0 0
49 91 0 0
50 91 0 0
51 91 0 0
52 91 0 0
53 91 0 0
54 91 0 0
55 91 0 0
56 91 0 0
57 91 0 0
58 91 0 0
59 91 0 0
60 91 0 0
61 91 0 0
62 91 0 0
63 91 0 0
82 91 0 0
83 91 0 0
84 91 0 0
85 91 0 0
87 91 0 0
89 91 0 0
90 91 0 0
1 92 0 0
2 92 0 0
36 92 0 0
37 92 0 0
38 92 0 0
39 92 0 0
40 92 0 0
41 92 0 0
42 92 0 0
43 92 0 0
44 92 0 0
46 92 0 0
47 92 0 0
48 92 0 0
49 92 0 0
50 92 0 0
51 92 0 0
52 92 0 0
53 92 0 0
54 92 0 0
55 92 0 0
56 92 0 0
57 92 0 0
58 92 0 0
59 92 0 0
60 92 0 0
61 92 0 0
62 92 0 0
63 92 0 0
70 92 0 0
82 92 0 0
83 92 0 0
84 92 0 0
85 92 0 0
86 92 0 0
87 92 0 0
89 92 0 0
90 92 0 0
91 92 0 0
3 95 0 1
7 95 0 1
13 95 0 1
20 95 0 1
7 97 0 1
7 100 0 1
13 100 0 1
20 100 0 1
7 101 0 1
7 104 0 1
13 104 0 1
7 106 0 1
7 108 0 1
13 108 0 1
20 108 0 1
26 108 0 1
45 108 0 1
7 110 0 1
13 110 0 1
7 111 0 1
7 112 0 1
7 113 0 1
7 114 0 1
13 114 0 1
7 115 0 1
13 117 0 1
26 117 0 1
45 117 0 1
46 117 0 1
13 118 0 1
26 118 0 1
36 118 0 1
37 118 0 1
45 118 0 1
46 118 0 1
88 118 0 1
13 119 0 1
45 119 0 1
45 122 0 1
88 122 0 1
7 123 0 1
13 123 0 1
7 125 0 1
13 125 0 1
20 125 0 1
26 125 0 1
45 125 0 1
46 125 0 1
7 126 0 1
36 128 0 1
37 128 0 1
45 128 0 1
46 128 0 1
88 128 0 1
88 129 0 1
51 130 0 1
88 130 0 1
88 131 0 1
88 132 0 1
88 136 0 1
88 139 0 1
64 144 0 1
65 144 0 1
66 144 0 1
51 146 0 1
88 146 0 1
88 147 0 1
51 153 0 1
64 153 0 1
65 153 0 1
66 153 0 1
88 153 0 1
65 155 0 1
66 155 0 1
64 158 0 1
65 158 0 1
66 158 0 1
67 158 0 1
73 158 0 1
75 158 0 1
65 159 0 1
65 165 0 1
65 167 0 1
88 173 0 1
88 177 0 1
88 179 0 1
