2 3 0 0
2 4 0 0
3 4 0 0
2 5 0 0
3 5 0 0
4 5 0 0
2 7 0 0
3 7 0 0
4 7 0 0
5 7 0 0
3 8 0 0
5 8 0 0
7 8 0 0
6 9 0 0
8 9 0 0
3 10 0 0
6 10 0 0
7 10 0 0
8 10 0 0
9 10 0 0
2 11 0 0
3 11 0 0
4 11 0 0
5 11 0 0
7 11 0 0
3 12 0 0
5 12 0 0
6 12 0 0
7 12 0 0
8 12 0 0
9 12 0 0
10 12 0 0
2 13 0 0
3 13 0 0
4 13 0 0
5 13 0 0
7 13 0 0
8 13 0 0
10 13 0 0
11 13 0 0
12 13 0 0
2 14 0 0
7 14 0 0
11 14 0 0
13 14 0 0
6 15 0 0
9 15 0 0
10 15 0 0
1 16 0 0
7 16 0 0
8 16 0 0
14 16 0 0
1 17 0 0
7 17 0 0
8 17 0 0
11 17 0 0
12 17 0 0
13 17 0 0
14 17 0 0
16 17 0 0
18 19 0 0
18 20 0 0
19 20 0 0
6 21 0 0
9 21 0 0
10 21 0 0
15 21 0 0
3 22 0 0
7 22 0 0
8 22 0 0
9 22 0 0
10 22 0 0
12 22 0 0
13 22 0 0
16 22 0 0
17 22 0 0
6 23 0 0
9 23 0 0
10 23 0 0
12 23 0 0
15 23 0 0
21 23 0 0
22 23 0 0
6 24 0 0
8 24 0 0
9 24 0 0
10 24 0 0
12 24 0 0
15 24 0 0
21 24 0 0
22 24 0 0
23 24 0 0
3 25 0 0
5 25 0 0
7 25 0 0
8 25 0 0
10 25 0 0
12 25 0 0
13 25 0 0
16 25 0 0
17 25 0 0
22 25 0 0
18 26 0 0
19 26 0 0
20 26 0 0
1 27 0 0
1 28 0 0
27 28 0 0
1 29 0 0
16 29 0 0
17 29 0 0
28 29 0 0
18 30 0 0
19 30 0 0
20 30 0 0
26 30 0 0
1 31 0 0
14 31 0 0
16 31 0 0
17 31 0 0
29 31 0 0
30 31 0 0
18 32 0 0
19 32 0 0
20 32 0 0
26 32 0 0
30 32 0 0
1 33 0 0
14 33 0 0
19 33 0 0
26 33 0 0
30 33 0 0
31 33 0 0
1 34 0 0
8 34 0 0
14 34 0 0
16 34 0 0
17 34 0 0
22 34 0 0
25 34 0 0
28 34 0 0
29 34 0 0
31 34 0 0
18 35 0 0
19 35 0 0
20 35 0 0
26 35 0 0
30 35 0 0
32 35 0 0
33 35 0 0
1 36 0 0
14 36 0 0
16 36 0 0
17 36 0 0
19 36 0 0
26 36 0 0
29 36 0 0
30 36 0 0
31 36 0 0
33 36 0 0
34 36 0 0
35 36 0 0
18 37 0 0
19 37 0 0
20 37 0 0
26 37 0 0
30 37 0 0
31 37 0 0
32 37 0 0
33 37 0 0
35 37 0 0
36 37 0 0
14 38 0 0
18 38 0 0
19 38 0 0
20 38 0 0
26 38 0 0
30 38 0 0
31 38 0 0
32 38 0 0
33 38 0 0
35 38 0 0
36 38 0 0
37 38 0 0
18 39 0 0
19 39 0 0
20 39 0 0
26 39 0 0
30 39 0 0
32 39 0 0
33 39 0 0
35 39 0 0
36 39 0 0
37 39 0 0
38 39 0 0
1 40 0 0
16 40 0 0
17 40 0 0
22 40 0 0
27 40 0 0
28 40 0 0
29 40 0 0
34 40 0 0
36 40 0 0
1 41 0 0
27 41 0 0
1 42 0 0
1 43 0 0
1 44 0 0
43 44 0 0
1 45 0 0
41 45 0 0
43 45 0 0
44 45 0 0
1 46 0 0
42 46 0 0
46 47 0 0
1 48 0 0
42 48 0 0
46 48 0 0
47 48 0 0
1 49 0 0
43 49 0 0
44 49 0 0
1 50 0 0
42 50 0 0
46 50 0 0
47 50 0 0
48 50 0 0
1 51 0 0
41 51 0 0
43 51 0 0
45 51 0 0
1 52 0 0
42 52 0 0
46 52 0 0
47 52 0 0
48 52 0 0
50 52 0 0
1 53 0 0
43 53 0 0
44 53 0 0
45 53 0 0
49 53 0 0
1 54 0 0
42 54 0 0
44 54 0 0
46 54 0 0
48 54 0 0
49 54 0 0
50 54 0 0
52 54 0 0
53 54 0 0
1 55 0 0
31 55 0 0
42 55 0 0
48 55 0 0
50 55 0 0
52 55 0 0
54 55 0 0
1 56 0 0
27 56 0 0
28 56 0 0
41 56 0 0
51 56 0 0
1 57 0 0
27 57 0 0
28 57 0 0
41 57 0 0
43 57 0 0
44 57 0 0
45 57 0 0
51 57 0 0
53 57 0 0
56 57 0 0
1 58 0 0
31 58 0 0
42 58 0 0
46 58 0 0
48 58 0 0
50 58 0 0
52 58 0 0
54 58 0 0
55 58 0 0
1 59 0 0
27 59 0 0
41 59 0 0
51 59 0 0
56 59 0 0
57 59 0 0
1 60 0 0
31 60 0 0
33 60 0 0
36 60 0 0
42 60 0 0
48 60 0 0
50 60 0 0
52 60 0 0
54 60 0 0
55 60 0 0
58 60 0 0
2 61 0 1
4 61 0 1
11 61 0 1
14 61 0 1
18 61 0 1
19 61 0 1
20 61 0 1
26 61 0 1
30 61 0 1
32 61 0 1
33 61 0 1
35 61 0 1
36 61 0 1
37 61 0 1
38 61 0 1
39 61 0 1
18 62 0 1
19 62 0 1
20 62 0 1
26 62 0 1
30 62 0 1
31 62 0 1
32 62 0 1
33 62 0 1
35 62 0 1
36 62 0 1
37 62 0 1
38 62 0 1
39 62 0 1
42 62 0 1
46 62 0 1
47 62 0 1
48 62 0 1
50 62 0 1
52 62 0 1
55 62 0 1
58 62 0 1
60 62 0 1
6 63 0 1
9 63 0 1
10 63 0 1
12 63 0 1
21 63 0 1
23 63 0 1
24 63 0 1
6 64 0 1
8 64 0 1
9 64 0 1
10 64 0 1
12 64 0 1
21 64 0 1
23 64 0 1
24 64 0 1
6 67 0 1
9 67 0 1
10 67 0 1
12 67 0 1
15 67 0 1
21 67 0 1
23 67 0 1
24 67 0 1
2 68 0 1
11 68 0 1
18 69 0 1
19 69 0 1
20 69 0 1
30 69 0 1
32 69 0 1
35 69 0 1
36 69 0 1
37 69 0 1
38 69 0 1
39 69 0 1
8 70 0 1
9 70 0 1
10 70 0 1
12 70 0 1
15 70 0 1
17 70 0 1
22 70 0 1
24 70 0 1
25 70 0 1
28 70 0 1
29 70 0 1
34 70 0 1
40 70 0 1
9 71 0 1
10 71 0 1
15 71 0 1
21 71 0 1
22 71 0 1
23 71 0 1
24 71 0 1
27 71 0 1
40 71 0 1
1 72 0 1
14 72 0 1
16 72 0 1
17 72 0 1
31 72 0 1
33 72 0 1
34 72 0 1
36 72 0 1
37 72 0 1
38 72 0 1
6 73 0 1
8 73 0 1
9 73 0 1
10 73 0 1
12 73 0 1
15 73 0 1
21 73 0 1
22 73 0 1
23 73 0 1
24 73 0 1
40 73 0 1
2 74 0 1
11 74 0 1
14 74 0 1
16 74 0 1
19 74 0 1
31 74 0 1
33 74 0 1
36 74 0 1
37 74 0 1
38 74 0 1
6 75 0 1
7 75 0 1
8 75 0 1
9 75 0 1
10 75 0 1
12 75 0 1
15 75 0 1
17 75 0 1
21 75 0 1
22 75 0 1
23 75 0 1
24 75 0 1
25 75 0 1
34 75 0 1
2 76 0 1
11 76 0 1
14 76 0 1
19 76 0 1
33 76 0 1
36 76 0 1
37 76 0 1
38 76 0 1
2 77 0 1
11 77 0 1
14 77 0 1
19 77 0 1
33 77 0 1
35 77 0 1
36 77 0 1
37 77 0 1
38 77 0 1
2 78 0 1
11 78 0 1
14 78 0 1
19 78 0 1
33 78 0 1
36 78 0 1
37 78 0 1
38 78 0 1
6 79 0 1
8 79 0 1
9 79 0 1
10 79 0 1
12 79 0 1
15 79 0 1
17 79 0 1
21 79 0 1
22 79 0 1
23 79 0 1
24 79 0 1
25 79 0 1
34 79 0 1
40 79 0 1
2 80 0 1
4 80 0 1
11 80 0 1
13 80 0 1
14 80 0 1
16 80 0 1
17 80 0 1
19 80 0 1
36 80 0 1
38 80 0 1
18 81 0 1
19 81 0 1
20 81 0 1
26 81 0 1
30 81 0 1
32 81 0 1
35 81 0 1
37 81 0 1
38 81 0 1
39 81 0 1
18 82 0 1
19 82 0 1
20 82 0 1
26 82 0 1
30 82 0 1
32 82 0 1
35 82 0 1
37 82 0 1
38 82 0 1
39 82 0 1
18 83 0 1
19 83 0 1
20 83 0 1
26 83 0 1
30 83 0 1
32 83 0 1
35 83 0 1
37 83 0 1
39 83 0 1
1 84 0 1
19 84 0 1
26 84 0 1
30 84 0 1
31 84 0 1
33 84 0 1
35 84 0 1
36 84 0 1
37 84 0 1
38 84 0 1
39 84 0 1
42 84 0 1
55 84 0 1
58 84 0 1
60 84 0 1
19 85 0 1
26 85 0 1
30 85 0 1
31 85 0 1
32 85 0 1
33 85 0 1
35 85 0 1
36 85 0 1
37 85 0 1
38 85 0 1
39 85 0 1
42 85 0 1
55 85 0 1
58 85 0 1
60 85 0 1
18 86 0 1
19 86 0 1
20 86 0 1
26 86 0 1
30 86 0 1
32 86 0 1
33 86 0 1
35 86 0 1
37 86 0 1
38 86 0 1
39 86 0 1
1 87 0 1
27 87 0 1
28 87 0 1
29 87 0 1
34 87 0 1
40 87 0 1
56 87 0 1
57 87 0 1
59 87 0 1
1 88 0 1
9 88 0 1
15 88 0 1
21 88 0 1
22 88 0 1
23 88 0 1
24 88 0 1
27 88 0 1
28 88 0 1
29 88 0 1
34 88 0 1
40 88 0 1
56 88 0 1
57 88 0 1
59 88 0 1
1 89 0 1
42 89 0 1
46 89 0 1
48 89 0 1
49 89 0 1
50 89 0 1
52 89 0 1
54 89 0 1
55 89 0 1
58 89 0 1
60 89 0 1
1 90 0 1
42 90 0 1
46 90 0 1
47 90 0 1
48 90 0 1
50 90 0 1
52 90 0 1
54 90 0 1
55 90 0 1
58 90 0 1
60 90 0 1
1 91 0 1
41 91 0 1
43 91 0 1
44 91 0 1
45 91 0 1
51 91 0 1
53 91 0 1
56 91 0 1
57 91 0 1
42 92 0 1
46 92 0 1
47 92 0 1
48 92 0 1
50 92 0 1
52 92 0 1
55 92 0 1
58 92 0 1
60 92 0 1
42 93 0 1
46 93 0 1
47 93 0 1
48 93 0 1
50 93 0 1
52 93 0 1
55 93 0 1
58 93 0 1
1 94 0 1
46 94 0 1
48 94 0 1
49 94 0 1
54 94 0 1
1 95 0 1
43 95 0 1
44 95 0 1
45 95 0 1
49 95 0 1
53 95 0 1
1 96 0 1
43 96 0 1
44 96 0 1
45 96 0 1
49 96 0 1
53 96 0 1
1 97 0 1
41 97 0 1
43 97 0 1
45 97 0 1
51 97 0 1
57 97 0 1
1 98 0 1
42 98 0 1
44 98 0 1
46 98 0 1
48 98 0 1
49 98 0 1
50 98 0 1
52 98 0 1
54 98 0 1
1 99 0 1
41 99 0 1
43 99 0 1
45 99 0 1
51 99 0 1
56 99 0 1
57 99 0 1
1 100 0 1
43 100 0 1
44 100 0 1
45 100 0 1
49 100 0 1
53 100 0 1
54 100 0 1
57 100 0 1
47 101 0 1
1 102 0 1
41 102 0 1
43 102 0 1
45 102 0 1
51 102 0 1
57 102 0 1
1 103 0 1
46 103 0 1
47 103 0 1
48 103 0 1
49 103 0 1
50 103 0 1
52 103 0 1
54 103 0 1
1 104 0 1
43 104 0 1
44 104 0 1
46 104 0 1
48 104 0 1
49 104 0 1
52 104 0 1
53 104 0 1
54 104 0 1
1 105 0 1
26 105 0 1
30 105 0 1
31 105 0 1
33 105 0 1
36 105 0 1
37 105 0 1
38 105 0 1
42 105 0 1
50 105 0 1
52 105 0 1
55 105 0 1
58 105 0 1
60 105 0 1
