2 4 0 0
1 7 0 0
6 7 0 0
1 8 0 0
6 8 0 0
7 8 0 0
1 9 0 0
7 9 0 0
8 9 0 0
3 10 0 0
3 11 0 0
10 11 0 0
1 12 0 0
8 12 0 0
9 12 0 0
1 13 0 0
8 13 0 0
9 13 0 0
12 13 0 0
1 14 0 0
8 14 0 0
9 14 0 0
12 14 0 0
13 14 0 0
1 15 0 0
1 16 0 0
15 16 0 0
1 17 0 0
15 17 0 0
16 17 0 0
1 18 0 0
15 18 0 0
1 19 0 0
16 19 0 0
17 19 0 0
1 20 0 0
15 20 0 0
18 20 0 0
1 21 0 1
16 21 0 1
17 21 0 1
19 21 0 1
1 22 0 1
5 22 0 1
6 22 0 1
7 22 0 1
8 22 0 1
9 22 0 1
1 23 0 1
16 23 0 1
3 24 0 1
10 24 0 1
11 24 0 1
4 25 0 1
5 25 0 1
5 26 0 1
5 27 0 1
5 28 0 1
3 29 0 1
10 29 0 1
11 29 0 1
3 30 0 1
10 30 0 1
5 31 0 1
5 32 0 1
4 33 0 1
5 33 0 1
4 34 0 1
5 34 0 1
5 35 0 1
10 36 0 1
11 36 0 1
5 37 0 1
10 38 0 1
11 38 0 1
5 39 0 1
6 39 0 1
6 40 0 1
7 40 0 1
8 40 0 1
6 41 0 1
7 41 0 1
5 42 0 1
10 43 0 1
11 43 0 1
6 44 0 1
7 44 0 1
3 45 0 1
10 45 0 1
11 45 0 1
5 46 0 1
5 47 0 1
5 48 0 1
10 49 0 1
11 49 0 1
5 50 0 1
5 51 0 1
2 52 0 1
4 52 0 1
6 52 0 1
3 53 0 1
10 53 0 1
11 53 0 1
4 54 0 1
4 55 0 1
5 55 0 1
6 55 0 1
10 56 0 1
11 56 0 1
5 57 0 1
3 58 0 1
10 58 0 1
11 58 0 1
5 60 0 1
1 61 0 1
6 61 0 1
7 61 0 1
8 61 0 1
9 61 0 1
5 62 0 1
1 63 0 1
6 63 0 1
7 63 0 1
8 63 0 1
9 63 0 1
12 63 0 1
13 63 0 1
14 63 0 1
1 64 0 1
8 64 0 1
9 64 0 1
13 64 0 1
14 64 0 1
18 64 0 1
1 65 0 1
16 65 0 1
17 65 0 1
1 66 0 1
15 66 0 1
1 67 0 1
15 67 0 1
1 68 0 1
15 68 0 1
1 69 0 1
9 69 0 1
14 69 0 1
15 69 0 1
18 69 0 1
20 69 0 1
1 70 0 1
16 70 0 1
17 70 0 1
19 70 0 1
1 72 0 1
16 72 0 1
17 72 0 1
19 72 0 1
1 73 0 1
19 73 0 1
1 74 0 1
16 74 0 1
17 74 0 1
19 74 0 1
1 75 0 1
16 75 0 1
17 75 0 1
19 75 0 1
1 76 0 1
16 76 0 1
17 76 0 1
19 76 0 1
1 77 0 1
16 77 0 1
17 77 0 1
19 77 0 1
1 78 0 1
16 78 0 1
17 78 0 1
19 78 0 1
1 79 0 1
16 79 0 1
17 79 0 1
19 79 0 1
1 81 0 1
16 81 0 1
17 81 0 1
19 81 0 1
1 82 0 1
15 82 0 1
18 82 0 1
20 82 0 1
1 83 0 1
16 83 0 1
17 83 0 1
19 83 0 1
1 85 0 1
6 85 0 1
7 85 0 1
8 85 0 1
9 85 0 1
14 85 0 1
15 85 0 1
1 87 0 1
15 87 0 1
1 88 0 1
15 88 0 1
1 90 0 1
1 91 0 1
6 91 0 1
7 91 0 1
8 91 0 1
9 91 0 1
14 91 0 1
