1 2 0 0
1 3 0 0
2 3 0 0
2 4 0 0
2 5 0 0
2 6 0 0
5 6 0 0
2 7 0 0
4 7 0 0
1 8 0 0
2 8 0 0
3 8 0 0
2 9 0 0
5 9 0 0
6 9 0 0
1 10 0 0
2 10 0 0
3 10 0 0
8 10 0 0
1 11 0 0
2 11 0 0
4 11 0 0
8 11 0 0
10 11 0 0
2 12 0 0
5 12 0 0
6 12 0 0
9 12 0 0
1 13 0 0
2 13 0 0
3 13 0 0
8 13 0 0
10 13 0 0
11 13 0 0
1 14 0 0
2 14 0 0
3 14 0 0
8 14 0 0
10 14 0 0
11 14 0 0
13 14 0 0
1 15 0 0
2 15 0 0
8 15 0 0
10 15 0 0
11 15 0 0
13 15 0 0
14 15 0 0
2 16 0 0
5 16 0 0
6 16 0 0
9 16 0 0
12 16 0 0
1 17 0 0
2 17 0 0
8 17 0 0
10 17 0 0
11 17 0 0
13 17 0 0
14 17 0 0
15 17 0 0
3 26 0 1
