1 2 0 0
1 3 0 0
1 4 0 0
3 4 0 0
1 5 0 0
3 5 0 0
4 5 0 0
1 6 0 0
3 6 0 0
4 6 0 0
5 6 0 0
1 7 0 0
3 7 0 0
4 7 0 0
5 7 0 0
6 7 0 0
1 8 0 0
2 9 0 0
6 9 0 0
1 10 0 0
2 10 0 0
8 10 0 0
9 10 0 0
1 11 0 0
2 11 0 0
9 11 0 0
10 11 0 0
1 12 0 0
2 12 0 0
8 12 0 0
9 12 0 0
10 12 0 0
11 12 0 0
1 13 0 0
2 13 0 0
8 13 0 0
10 13 0 0
11 13 0 0
12 13 0 0
1 14 0 0
2 14 0 0
8 14 0 0
10 14 0 0
11 14 0 0
12 14 0 0
13 14 0 0
1 15 0 0
2 15 0 0
6 15 0 0
8 15 0 0
9 15 0 0
10 15 0 0
11 15 0 0
12 15 0 0
13 15 0 0
14 15 0 0
1 16 0 0
2 16 0 0
9 16 0 0
10 16 0 0
11 16 0 0
12 16 0 0
14 16 0 0
15 16 0 0
1 17 0 0
2 17 0 0
8 17 0 0
10 17 0 0
11 17 0 0
12 17 0 0
13 17 0 0
14 17 0 0
15 17 0 0
16 17 0 0
1 18 0 0
2 18 0 0
8 18 0 0
10 18 0 0
11 18 0 0
12 18 0 0
13 18 0 0
14 18 0 0
15 18 0 0
16 18 0 0
17 18 0 0
1 19 0 0
3 19 0 0
4 19 0 0
5 19 0 0
6 19 0 0
7 19 0 0
8 19 0 0
9 19 0 0
10 19 0 0
11 19 0 0
12 19 0 0
14 19 0 0
15 19 0 0
16 19 0 0
17 19 0 0
18 19 0 0
1 20 0 0
5 20 0 0
6 20 0 0
7 20 0 0
8 20 0 0
10 20 0 0
11 20 0 0
12 20 0 0
14 20 0 0
15 20 0 0
16 20 0 0
17 20 0 0
18 20 0 0
19 20 0 0
2 21 0 0
2 22 0 0
12 22 0 0
13 22 0 0
21 22 0 0
2 23 0 0
11 23 0 0
12 23 0 0
15 23 0 0
16 23 0 0
21 23 0 0
22 23 0 0
2 24 0 0
11 24 0 0
12 24 0 0
21 24 0 0
22 24 0 0
23 24 0 0
2 25 0 0
2 26 0 0
25 26 0 0
2 27 0 0
26 27 0 0
2 28 0 0
11 28 0 0
12 28 0 0
21 28 0 0
22 28 0 0
23 28 0 0
24 28 0 0
27 28 0 0
2 29 0 0
21 29 0 0
22 29 0 0
23 29 0 0
24 29 0 0
27 29 0 0
28 29 0 0
9 33 0 1
