1 2 0 0
2 3 0 0
2 4 0 0
2 5 0 0
3 5 0 0
4 5 0 0
2 6 0 0
4 6 0 0
5 6 0 0
4 7 0 0
1 8 0 0
2 8 0 0
1 9 0 0
2 9 0 0
8 9 0 0
1 10 0 0
2 10 0 0
8 10 0 0
9 10 0 0
2 11 0 0
3 11 0 0
4 11 0 0
5 11 0 0
6 11 0 0
1 12 0 0
2 12 0 0
8 12 0 0
9 12 0 0
10 12 0 0
2 13 0 0
2 14 0 0
13 14 0 0
2 15 0 0
13 15 0 0
2 16 0 0
13 16 0 0
14 16 0 0
15 16 0 0
13 17 0 0
14 17 0 0
15 17 0 0
16 17 0 0
16 18 0 0
17 18 0 0
18 20 0 0
19 20 0 0
19 21 0 0
20 21 0 0
15 22 0 0
19 22 0 0
20 22 0 0
21 22 0 0
13 23 0 0
15 23 0 0
16 23 0 0
17 23 0 0
18 23 0 0
19 23 0 0
20 23 0 0
22 23 0 0
2 24 0 0
13 24 0 0
14 24 0 0
15 24 0 0
16 24 0 0
17 24 0 0
18 24 0 0
23 24 0 0
4 25 0 0
7 25 0 0
2 26 0 0
4 26 0 0
5 26 0 0
6 26 0 0
11 26 0 0
25 26 0 0
2 27 0 0
8 27 0 0
9 27 0 0
10 27 0 0
12 27 0 0
14 27 0 0
24 27 0 0
2 28 0 1
17 28 0 1
18 28 0 1
20 28 0 1
22 28 0 1
1 29 0 1
2 29 0 1
9 29 0 1
1 30 0 1
2 30 0 1
25 31 0 1
2 32 0 1
1 33 0 1
2 33 0 1
15 33 0 1
16 33 0 1
23 33 0 1
24 33 0 1
15 34 0 1
16 34 0 1
23 34 0 1
2 35 0 1
15 36 0 1
16 36 0 1
19 36 0 1
22 36 0 1
23 36 0 1
19 39 0 1
21 39 0 1
22 39 0 1
23 39 0 1
15 42 0 1
16 42 0 1
19 42 0 1
21 42 0 1
22 42 0 1
23 42 0 1
17 44 0 1
18 44 0 1
