2 3 0 0
2 5 0 0
3 6 0 0
3 7 0 0
6 7 0 0
3 8 0 0
6 8 0 0
7 8 0 0
2 9 0 0
3 9 0 0
2 10 0 0
3 10 0 0
6 10 0 0
7 10 0 0
8 10 0 0
9 10 0 0
2 11 0 0
9 11 0 0
10 11 0 0
2 12 0 0
3 12 0 0
9 12 0 0
10 12 0 0
11 12 0 0
2 13 0 0
5 13 0 0
2 14 0 0
6 14 0 0
7 14 0 0
8 14 0 0
10 14 0 0
2 15 0 0
5 15 0 0
9 15 0 0
11 15 0 0
12 15 0 0
13 15 0 0
4 16 0 0
6 16 0 0
7 16 0 0
8 16 0 0
14 16 0 0
2 17 0 0
3 17 0 0
6 17 0 0
9 17 0 0
10 17 0 0
11 17 0 0
12 17 0 0
14 17 0 0
2 18 0 0
9 18 0 0
10 18 0 0
11 18 0 0
12 18 0 0
15 18 0 0
17 18 0 0
2 19 0 0
9 19 0 0
10 19 0 0
11 19 0 0
12 19 0 0
14 19 0 0
17 19 0 0
18 19 0 0
2 20 0 0
13 20 0 0
15 20 0 0
2 21 0 0
10 21 0 0
11 21 0 0
12 21 0 0
14 21 0 0
17 21 0 0
18 21 0 0
19 21 0 0
2 22 0 0
10 22 0 0
11 22 0 0
12 22 0 0
14 22 0 0
17 22 0 0
18 22 0 0
19 22 0 0
21 22 0 0
2 23 0 0
13 23 0 0
15 23 0 0
20 23 0 0
2 24 0 0
10 24 0 0
12 24 0 0
14 24 0 0
17 24 0 0
18 24 0 0
19 24 0 0
21 24 0 0
22 24 0 0
2 25 0 0
19 25 0 0
21 25 0 0
22 25 0 0
24 25 0 0
2 26 0 0
25 26 0 0
2 27 0 0
25 27 0 0
26 27 0 0
2 28 0 0
25 28 0 0
26 28 0 0
27 28 0 0
2 29 0 0
26 29 0 0
27 29 0 0
28 29 0 0
1 30 0 0
1 31 0 0
30 31 0 0
27 32 0 0
28 32 0 0
29 32 0 0
31 32 0 0
30 33 0 0
31 33 0 0
1 34 0 0
30 34 0 0
31 34 0 0
33 34 0 0
2 35 0 0
29 35 0 0
1 36 0 0
30 36 0 0
31 36 0 0
32 36 0 0
34 36 0 0
1 37 0 0
30 37 0 0
31 37 0 0
32 37 0 0
33 37 0 0
34 37 0 0
36 37 0 0
1 38 0 0
28 38 0 0
30 38 0 0
31 38 0 0
32 38 0 0
33 38 0 0
34 38 0 0
36 38 0 0
37 38 0 0
27 39 0 0
28 39 0 0
29 39 0 0
31 39 0 0
32 39 0 0
36 39 0 0
37 39 0 0
38 39 0 0
28 40 0 0
29 40 0 0
31 40 0 0
32 40 0 0
36 40 0 0
37 40 0 0
38 40 0 0
39 40 0 0
1 41 0 0
30 41 0 0
31 41 0 0
33 41 0 0
34 41 0 0
36 41 0 0
37 41 0 0
38 41 0 0
1 42 0 0
30 42 0 0
31 42 0 0
32 42 0 0
36 42 0 0
37 42 0 0
38 42 0 0
39 42 0 0
40 42 0 0
41 42 0 0
1 43 0 0
30 43 0 0
31 43 0 0
33 43 0 0
34 43 0 0
36 43 0 0
37 43 0 0
38 43 0 0
41 43 0 0
42 43 0 0
1 44 0 0
30 44 0 0
31 44 0 0
33 44 0 0
34 44 0 0
36 44 0 0
37 44 0 0
38 44 0 0
41 44 0 0
42 44 0 0
43 44 0 0
1 45 0 0
41 45 0 0
44 45 0 0
1 46 0 0
31 46 0 0
32 46 0 0
36 46 0 0
37 46 0 0
38 46 0 0
39 46 0 0
40 46 0 0
41 46 0 0
42 46 0 0
43 46 0 0
44 46 0 0
32 47 0 0
36 47 0 0
37 47 0 0
38 47 0 0
39 47 0 0
40 47 0 0
42 47 0 0
46 47 0 0
1 48 0 0
30 48 0 0
31 48 0 0
32 48 0 0
36 48 0 0
37 48 0 0
38 48 0 0
39 48 0 0
40 48 0 0
41 48 0 0
42 48 0 0
43 48 0 0
44 48 0 0
46 48 0 0
47 48 0 0
1 49 0 0
30 49 0 0
37 49 0 0
41 49 0 0
43 49 0 0
44 49 0 0
45 49 0 0
46 49 0 0
1 50 0 0
30 50 0 0
31 50 0 0
32 50 0 0
36 50 0 0
37 50 0 0
38 50 0 0
39 50 0 0
40 50 0 0
41 50 0 0
42 50 0 0
43 50 0 0
44 50 0 0
46 50 0 0
47 50 0 0
48 50 0 0
49 50 0 0
1 51 0 0
29 51 0 0
31 51 0 0
32 51 0 0
36 51 0 0
37 51 0 0
38 51 0 0
39 51 0 0
40 51 0 0
42 51 0 0
43 51 0 0
46 51 0 0
47 51 0 0
48 51 0 0
50 51 0 0
1 52 0 0
30 52 0 0
31 52 0 0
32 52 0 0
36 52 0 0
37 52 0 0
38 52 0 0
39 52 0 0
40 52 0 0
41 52 0 0
42 52 0 0
43 52 0 0
44 52 0 0
46 52 0 0
47 52 0 0
48 52 0 0
50 52 0 0
51 52 0 0
1 53 0 0
31 53 0 0
32 53 0 0
36 53 0 0
37 53 0 0
38 53 0 0
39 53 0 0
40 53 0 0
41 53 0 0
42 53 0 0
43 53 0 0
46 53 0 0
47 53 0 0
48 53 0 0
50 53 0 0
51 53 0 0
52 53 0 0
2 54 0 0
25 54 0 0
26 54 0 0
27 54 0 0
28 54 0 0
29 54 0 0
35 54 0 0
2 55 0 0
14 55 0 0
19 55 0 0
21 55 0 0
22 55 0 0
24 55 0 0
25 55 0 0
2 56 0 0
14 56 0 0
17 56 0 0
18 56 0 0
19 56 0 0
21 56 0 0
22 56 0 0
24 56 0 0
25 56 0 0
55 56 0 0
2 57 0 0
14 57 0 0
19 57 0 0
21 57 0 0
22 57 0 0
24 57 0 0
25 57 0 0
55 57 0 0
56 57 0 0
14 58 0 1
16 58 0 1
57 58 0 1
1 59 0 1
30 59 0 1
41 59 0 1
44 59 0 1
45 59 0 1
49 59 0 1
2 60 0 1
10 60 0 1
14 60 0 1
17 60 0 1
19 60 0 1
21 60 0 1
22 60 0 1
24 60 0 1
25 60 0 1
26 60 0 1
27 60 0 1
28 60 0 1
30 60 0 1
31 60 0 1
33 60 0 1
34 60 0 1
55 60 0 1
56 60 0 1
57 60 0 1
2 61 0 1
5 61 0 1
9 61 0 1
11 61 0 1
13 61 0 1
15 61 0 1
18 61 0 1
4 62 0 1
6 62 0 1
7 62 0 1
8 62 0 1
16 62 0 1
4 63 0 1
16 63 0 1
2 64 0 1
3 64 0 1
9 64 0 1
10 64 0 1
11 64 0 1
12 64 0 1
15 64 0 1
17 64 0 1
18 64 0 1
19 64 0 1
4 65 0 1
6 65 0 1
7 65 0 1
8 65 0 1
16 65 0 1
4 66 0 1
6 66 0 1
7 66 0 1
8 66 0 1
16 66 0 1
3 67 0 1
6 67 0 1
7 67 0 1
8 67 0 1
10 67 0 1
14 67 0 1
16 67 0 1
17 67 0 1
22 67 0 1
24 67 0 1
2 68 0 1
3 68 0 1
6 68 0 1
7 68 0 1
8 68 0 1
10 68 0 1
12 68 0 1
14 68 0 1
16 68 0 1
17 68 0 1
19 68 0 1
21 68 0 1
22 68 0 1
24 68 0 1
2 69 0 1
9 69 0 1
10 69 0 1
11 69 0 1
12 69 0 1
13 69 0 1
15 69 0 1
17 69 0 1
18 69 0 1
19 69 0 1
4 70 0 1
6 70 0 1
7 70 0 1
8 70 0 1
16 70 0 1
2 71 0 1
5 71 0 1
9 71 0 1
11 71 0 1
12 71 0 1
13 71 0 1
15 71 0 1
17 71 0 1
18 71 0 1
19 71 0 1
4 72 0 1
14 72 0 1
16 72 0 1
4 73 0 1
16 73 0 1
4 74 0 1
16 74 0 1
4 75 0 1
16 75 0 1
6 76 0 1
7 76 0 1
8 76 0 1
14 76 0 1
16 76 0 1
4 77 0 1
6 77 0 1
7 77 0 1
8 77 0 1
14 77 0 1
16 77 0 1
14 78 0 1
16 78 0 1
14 79 0 1
16 79 0 1
21 79 0 1
22 79 0 1
24 79 0 1
55 79 0 1
57 79 0 1
16 80 0 1
16 81 0 1
2 82 0 1
14 82 0 1
16 82 0 1
21 82 0 1
22 82 0 1
24 82 0 1
55 82 0 1
56 82 0 1
57 82 0 1
2 83 0 1
21 83 0 1
25 83 0 1
26 83 0 1
27 83 0 1
28 83 0 1
54 83 0 1
55 83 0 1
56 83 0 1
14 86 0 1
16 86 0 1
21 86 0 1
22 86 0 1
24 86 0 1
55 86 0 1
56 86 0 1
57 86 0 1
16 87 0 1
33 90 0 1
34 90 0 1
55 90 0 1
57 90 0 1
2 94 0 1
21 94 0 1
24 94 0 1
25 94 0 1
26 94 0 1
27 94 0 1
28 94 0 1
33 94 0 1
54 94 0 1
55 94 0 1
56 94 0 1
57 94 0 1
33 95 0 1
34 95 0 1
55 95 0 1
57 95 0 1
26 96 0 1
27 96 0 1
28 96 0 1
30 96 0 1
31 96 0 1
32 96 0 1
33 96 0 1
34 96 0 1
38 96 0 1
40 96 0 1
1 97 0 1
1 98 0 1
1 100 0 1
2 102 0 1
26 102 0 1
27 102 0 1
28 102 0 1
29 102 0 1
32 102 0 1
35 102 0 1
39 102 0 1
40 102 0 1
54 102 0 1
26 103 0 1
27 103 0 1
28 103 0 1
29 103 0 1
31 103 0 1
32 103 0 1
33 103 0 1
36 103 0 1
38 103 0 1
39 103 0 1
40 103 0 1
42 103 0 1
51 103 0 1
52 103 0 1
1 104 0 1
1 107 0 1
30 107 0 1
31 107 0 1
33 107 0 1
34 107 0 1
41 107 0 1
43 107 0 1
44 107 0 1
47 110 0 1
51 110 0 1
1 111 0 1
45 111 0 1
49 111 0 1
1 112 0 1
45 112 0 1
49 112 0 1
29 113 0 1
32 113 0 1
35 113 0 1
39 113 0 1
40 113 0 1
42 113 0 1
47 113 0 1
48 113 0 1
51 113 0 1
53 113 0 1
1 114 0 1
45 114 0 1
49 114 0 1
1 116 0 1
30 116 0 1
41 116 0 1
44 116 0 1
45 116 0 1
49 116 0 1
30 117 0 1
33 117 0 1
34 117 0 1
57 117 0 1
1 119 0 1
30 119 0 1
31 119 0 1
33 119 0 1
34 119 0 1
41 119 0 1
44 119 0 1
57 119 0 1
2 121 0 1
25 121 0 1
26 121 0 1
27 121 0 1
28 121 0 1
31 121 0 1
32 121 0 1
33 121 0 1
34 121 0 1
38 121 0 1
57 121 0 1
