1 2 0 0
1 3 0 0
2 3 0 0
1 4 0 0
2 4 0 0
3 4 0 0
1 5 0 0
3 5 0 0
4 5 0 0
5 6 0 0
1 7 0 0
2 7 0 0
3 7 0 0
4 7 0 0
5 7 0 0
1 8 0 0
3 8 0 0
4 8 0 0
5 8 0 0
7 8 0 0
9 10 0 0
9 11 0 0
10 11 0 0
9 12 0 0
10 12 0 0
11 12 0 0
2 13 0 0
2 14 0 0
13 14 0 0
2 15 0 0
13 15 0 0
14 15 0 0
1 16 0 0
2 16 0 0
7 16 0 0
13 16 0 0
14 16 0 0
15 16 0 0
2 17 0 0
13 17 0 0
14 17 0 0
15 17 0 0
16 17 0 0
2 18 0 0
13 18 0 0
14 18 0 0
15 18 0 0
16 18 0 0
17 18 0 0
1 19 0 0
2 19 0 0
7 19 0 0
13 19 0 0
14 19 0 0
15 19 0 0
16 19 0 0
17 19 0 0
18 19 0 0
1 20 0 0
2 20 0 0
3 20 0 0
4 20 0 0
7 20 0 0
8 20 0 0
14 20 0 0
16 20 0 0
17 20 0 0
19 20 0 0
1 21 0 0
2 21 0 0
4 21 0 0
7 21 0 0
13 21 0 0
14 21 0 0
16 21 0 0
17 21 0 0
18 21 0 0
19 21 0 0
20 21 0 0
1 22 0 0
2 22 0 0
4 22 0 0
7 22 0 0
14 22 0 0
16 22 0 0
17 22 0 0
19 22 0 0
20 22 0 0
21 22 0 0
2 23 0 0
7 23 0 0
13 23 0 0
14 23 0 0
15 23 0 0
16 23 0 0
17 23 0 0
18 23 0 0
19 23 0 0
20 23 0 0
21 23 0 0
22 23 0 0
1 24 0 0
2 24 0 0
7 24 0 0
8 24 0 0
14 24 0 0
16 24 0 0
17 24 0 0
19 24 0 0
20 24 0 0
21 24 0 0
22 24 0 0
23 24 0 0
1 25 0 0
2 25 0 0
7 25 0 0
13 25 0 0
14 25 0 0
16 25 0 0
17 25 0 0
18 25 0 0
19 25 0 0
20 25 0 0
21 25 0 0
22 25 0 0
23 25 0 0
24 25 0 0
1 26 0 0
2 26 0 0
7 26 0 0
13 26 0 0
14 26 0 0
15 26 0 0
16 26 0 0
17 26 0 0
18 26 0 0
19 26 0 0
20 26 0 0
21 26 0 0
22 26 0 0
23 26 0 0
24 26 0 0
25 26 0 0
1 27 0 0
2 27 0 0
3 27 0 0
4 27 0 0
7 27 0 0
14 27 0 0
16 27 0 0
17 27 0 0
19 27 0 0
20 27 0 0
21 27 0 0
22 27 0 0
23 27 0 0
24 27 0 0
25 27 0 0
26 27 0 0
16 29 0 1
17 29 0 1
22 29 0 1
23 29 0 1
24 29 0 1
25 29 0 1
26 29 0 1
16 30 0 1
17 30 0 1
23 30 0 1
24 30 0 1
16 31 0 1
16 32 0 1
9 37 0 1
10 37 0 1
12 37 0 1
11 43 0 1
11 44 0 1
12 44 0 1
9 45 0 1
10 45 0 1
11 45 0 1
12 45 0 1
9 46 0 1
10 46 0 1
11 46 0 1
12 46 0 1
9 48 0 1
10 48 0 1
11 48 0 1
12 48 0 1
