1 2 0 0
1 4 0 0
2 4 0 0
1 5 0 0
2 5 0 0
4 5 0 0
1 6 0 0
2 6 0 0
4 6 0 0
5 6 0 0
1 7 0 0
2 7 0 0
4 7 0 0
5 7 0 0
6 7 0 0
2 8 0 0
5 8 0 0
6 8 0 0
7 8 0 0
1 9 0 0
2 9 0 0
4 9 0 0
5 9 0 0
6 9 0 0
7 9 0 0
8 9 0 0
1 10 0 0
2 10 0 0
4 10 0 0
5 10 0 0
6 10 0 0
7 10 0 0
8 10 0 0
9 10 0 0
1 11 0 0
2 11 0 0
4 11 0 0
5 11 0 0
6 11 0 0
7 11 0 0
9 11 0 0
10 11 0 0
1 12 0 0
2 12 0 0
4 12 0 0
5 12 0 0
6 12 0 0
7 12 0 0
9 12 0 0
10 12 0 0
11 12 0 0
1 13 0 0
2 13 0 0
4 13 0 0
5 13 0 0
6 13 0 0
7 13 0 0
8 13 0 0
9 13 0 0
10 13 0 0
11 13 0 0
12 13 0 0
2 15 0 0
8 15 0 0
1 16 0 0
2 16 0 0
4 16 0 0
5 16 0 0
6 16 0 0
7 16 0 0
9 16 0 0
10 16 0 0
11 16 0 0
12 16 0 0
13 16 0 0
1 17 0 0
2 17 0 0
12 17 0 0
16 17 0 0
2 18 0 0
17 18 0 0
2 19 0 0
17 19 0 0
18 19 0 0
2 20 0 0
17 20 0 0
18 20 0 0
19 20 0 0
2 21 0 0
17 21 0 0
18 21 0 0
19 21 0 0
20 21 0 0
2 22 0 0
3 22 0 0
17 22 0 0
18 22 0 0
19 22 0 0
20 22 0 0
21 22 0 0
2 23 0 0
17 23 0 0
18 23 0 0
19 23 0 0
20 23 0 0
21 23 0 0
22 23 0 0
1 24 0 0
2 24 0 0
16 24 0 0
17 24 0 0
18 24 0 0
19 24 0 0
20 24 0 0
21 24 0 0
22 24 0 0
23 24 0 0
1 25 0 0
2 25 0 0
11 25 0 0
12 25 0 0
16 25 0 0
17 25 0 0
18 25 0 0
19 25 0 0
20 25 0 0
21 25 0 0
23 25 0 0
24 25 0 0
14 26 0 0
2 27 0 0
8 27 0 0
9 27 0 0
10 27 0 0
13 27 0 0
15 27 0 0
1 28 0 0
2 28 0 0
6 28 0 0
7 28 0 0
9 28 0 0
10 28 0 0
11 28 0 0
12 28 0 0
13 28 0 0
16 28 0 0
17 28 0 0
18 28 0 0
19 28 0 0
20 28 0 0
21 28 0 0
23 28 0 0
24 28 0 0
25 28 0 0
2 29 0 0
8 29 0 0
15 29 0 0
27 29 0 0
1 30 0 0
2 30 0 0
4 30 0 0
5 30 0 0
6 30 0 0
7 30 0 0
9 30 0 0
10 30 0 0
11 30 0 0
12 30 0 0
13 30 0 0
16 30 0 0
17 30 0 0
19 30 0 0
21 30 0 0
24 30 0 0
25 30 0 0
28 30 0 0
14 31 0 0
26 31 0 0
1 32 0 0
2 32 0 0
6 32 0 0
7 32 0 0
9 32 0 0
10 32 0 0
11 32 0 0
12 32 0 0
13 32 0 0
16 32 0 0
17 32 0 0
18 32 0 0
19 32 0 0
20 32 0 0
21 32 0 0
23 32 0 0
24 32 0 0
25 32 0 0
28 32 0 0
30 32 0 0
3 33 0 0
18 33 0 0
19 33 0 0
20 33 0 0
21 33 0 0
22 33 0 0
23 33 0 0
3 34 0 0
18 34 0 0
20 34 0 0
21 34 0 0
22 34 0 0
23 34 0 0
24 34 0 0
33 34 0 0
3 35 0 0
18 35 0 0
19 35 0 0
23 35 0 0
33 35 0 0
3 36 0 0
20 36 0 0
21 36 0 0
22 36 0 0
23 36 0 0
33 36 0 0
34 36 0 0
3 37 0 0
33 37 0 0
35 37 0 0
3 38 0 0
22 38 0 0
23 38 0 0
33 38 0 0
35 38 0 0
37 38 0 0
3 39 0 0
20 39 0 0
22 39 0 0
23 39 0 0
33 39 0 0
34 39 0 0
35 39 0 0
36 39 0 0
37 39 0 0
38 39 0 0
3 40 0 0
18 40 0 0
19 40 0 0
20 40 0 0
21 40 0 0
22 40 0 0
23 40 0 0
33 40 0 0
34 40 0 0
35 40 0 0
36 40 0 0
37 40 0 0
38 40 0 0
39 40 0 0
3 41 0 0
20 41 0 0
21 41 0 0
22 41 0 0
23 41 0 0
33 41 0 0
34 41 0 0
36 41 0 0
38 41 0 0
39 41 0 0
40 41 0 0
3 42 0 0
20 42 0 0
22 42 0 0
23 42 0 0
33 42 0 0
34 42 0 0
36 42 0 0
39 42 0 0
40 42 0 0
41 42 0 0
3 43 0 0
33 43 0 0
35 43 0 0
37 43 0 0
38 43 0 0
39 43 0 0
40 43 0 0
35 44 0 0
37 44 0 0
43 44 0 0
3 45 0 0
35 45 0 0
37 45 0 0
38 45 0 0
43 45 0 0
44 45 0 0
35 46 0 0
37 46 0 0
38 46 0 0
43 46 0 0
44 46 0 0
45 46 0 0
35 47 0 0
37 47 0 0
43 47 0 0
44 47 0 0
45 47 0 0
46 47 0 0
3 48 0 0
33 48 0 0
35 48 0 0
37 48 0 0
38 48 0 0
39 48 0 0
40 48 0 0
43 48 0 0
44 48 0 0
45 48 0 0
46 48 0 0
47 48 0 0
3 49 0 0
37 49 0 0
38 49 0 0
39 49 0 0
43 49 0 0
45 49 0 0
48 49 0 0
50 51 0 0
50 52 0 0
51 52 0 0
50 53 0 0
51 53 0 0
52 53 0 0
50 54 0 0
52 54 0 0
53 54 0 0
3 55 0 0
46 55 0 0
47 55 0 0
49 55 0 0
3 56 0 0
44 56 0 0
45 56 0 0
46 56 0 0
47 56 0 0
54 56 0 0
55 56 0 0
3 57 0 0
44 57 0 0
45 57 0 0
46 57 0 0
47 57 0 0
49 57 0 0
55 57 0 0
56 57 0 0
3 58 0 0
45 58 0 0
49 58 0 0
55 58 0 0
56 58 0 0
57 58 0 0
50 59 0 0
51 59 0 0
52 59 0 0
3 60 0 0
35 60 0 0
37 60 0 0
38 60 0 0
39 60 0 0
40 60 0 0
43 60 0 0
44 60 0 0
45 60 0 0
46 60 0 0
47 60 0 0
48 60 0 0
49 60 0 0
55 60 0 0
56 60 0 0
57 60 0 0
58 60 0 0
43 61 0 0
44 61 0 0
45 61 0 0
46 61 0 0
47 61 0 0
54 61 0 0
55 61 0 0
56 61 0 0
57 61 0 0
58 61 0 0
60 61 0 0
50 62 0 0
51 62 0 0
52 62 0 0
53 62 0 0
54 62 0 0
59 62 0 0
50 63 0 0
51 63 0 0
52 63 0 0
59 63 0 0
62 63 0 0
3 64 0 0
37 64 0 0
38 64 0 0
39 64 0 0
40 64 0 0
43 64 0 0
45 64 0 0
48 64 0 0
49 64 0 0
57 64 0 0
58 64 0 0
60 64 0 0
50 65 0 0
51 65 0 0
52 65 0 0
59 65 0 0
62 65 0 0
63 65 0 0
50 66 0 0
51 66 0 0
52 66 0 0
53 66 0 0
59 66 0 0
62 66 0 0
63 66 0 0
65 66 0 0
2 67 0 0
3 67 0 0
17 67 0 0
18 67 0 0
19 67 0 0
20 67 0 0
21 67 0 0
22 67 0 0
23 67 0 0
24 67 0 0
25 67 0 0
33 67 0 0
34 67 0 0
36 67 0 0
38 67 0 0
39 67 0 0
40 67 0 0
41 67 0 0
42 67 0 0
2 68 0 0
3 68 0 0
17 68 0 0
18 68 0 0
19 68 0 0
20 68 0 0
21 68 0 0
22 68 0 0
23 68 0 0
24 68 0 0
33 68 0 0
34 68 0 0
35 68 0 0
36 68 0 0
37 68 0 0
38 68 0 0
39 68 0 0
40 68 0 0
41 68 0 0
42 68 0 0
43 68 0 0
48 68 0 0
67 68 0 0
44 69 0 1
45 69 0 1
46 69 0 1
47 69 0 1
50 69 0 1
53 69 0 1
54 69 0 1
55 69 0 1
56 69 0 1
57 69 0 1
58 69 0 1
61 69 0 1
62 69 0 1
2 70 0 1
14 70 0 1
15 70 0 1
18 70 0 1
19 70 0 1
27 70 0 1
29 70 0 1
35 70 0 1
44 70 0 1
45 70 0 1
46 70 0 1
47 70 0 1
61 70 0 1
62 70 0 1
2 71 0 1
5 71 0 1
6 71 0 1
8 71 0 1
9 71 0 1
13 71 0 1
15 71 0 1
14 72 0 1
14 73 0 1
2 74 0 1
15 74 0 1
2 75 0 1
8 75 0 1
15 75 0 1
29 75 0 1
2 76 0 1
8 76 0 1
15 76 0 1
27 76 0 1
29 76 0 1
2 77 0 1
5 77 0 1
8 77 0 1
15 77 0 1
27 77 0 1
29 77 0 1
2 78 0 1
8 78 0 1
15 78 0 1
27 78 0 1
29 78 0 1
14 79 0 1
26 79 0 1
31 79 0 1
2 80 0 1
14 80 0 1
15 80 0 1
27 80 0 1
29 80 0 1
14 81 0 1
26 81 0 1
31 81 0 1
14 82 0 1
2 83 0 1
14 83 0 1
15 83 0 1
27 83 0 1
29 83 0 1
2 84 0 1
15 84 0 1
27 84 0 1
29 84 0 1
2 85 0 1
14 85 0 1
15 85 0 1
27 85 0 1
29 85 0 1
14 86 0 1
15 86 0 1
14 87 0 1
14 88 0 1
26 88 0 1
14 89 0 1
14 90 0 1
26 90 0 1
31 90 0 1
14 91 0 1
2 92 0 1
15 92 0 1
18 92 0 1
19 92 0 1
21 92 0 1
27 92 0 1
29 92 0 1
14 93 0 1
2 94 0 1
18 94 0 1
19 94 0 1
21 94 0 1
23 94 0 1
27 94 0 1
33 94 0 1
35 94 0 1
37 94 0 1
38 94 0 1
2 96 0 1
18 96 0 1
19 96 0 1
21 96 0 1
22 96 0 1
23 96 0 1
33 96 0 1
35 96 0 1
37 96 0 1
38 96 0 1
39 96 0 1
40 96 0 1
43 96 0 1
48 96 0 1
67 96 0 1
68 96 0 1
2 97 0 1
27 97 0 1
35 97 0 1
37 97 0 1
43 97 0 1
44 97 0 1
46 97 0 1
3 100 0 1
18 100 0 1
19 100 0 1
21 100 0 1
23 100 0 1
33 100 0 1
35 100 0 1
37 100 0 1
38 100 0 1
40 100 0 1
43 100 0 1
44 100 0 1
45 100 0 1
46 100 0 1
47 100 0 1
48 100 0 1
68 100 0 1
44 101 0 1
45 101 0 1
46 101 0 1
47 101 0 1
35 102 0 1
37 102 0 1
38 102 0 1
43 102 0 1
44 102 0 1
45 102 0 1
46 102 0 1
47 102 0 1
48 102 0 1
59 103 0 1
35 104 0 1
43 104 0 1
44 104 0 1
45 104 0 1
46 104 0 1
47 104 0 1
61 104 0 1
50 105 0 1
51 105 0 1
59 105 0 1
62 105 0 1
63 105 0 1
65 105 0 1
66 105 0 1
44 106 0 1
45 106 0 1
46 106 0 1
47 106 0 1
53 106 0 1
54 106 0 1
56 106 0 1
61 106 0 1
62 106 0 1
50 107 0 1
51 107 0 1
52 107 0 1
59 107 0 1
62 107 0 1
63 107 0 1
65 107 0 1
66 107 0 1
50 108 0 1
51 108 0 1
59 108 0 1
62 108 0 1
63 108 0 1
65 108 0 1
66 108 0 1
44 109 0 1
45 109 0 1
46 109 0 1
47 109 0 1
61 109 0 1
62 109 0 1
50 110 0 1
51 110 0 1
59 110 0 1
62 110 0 1
65 110 0 1
66 110 0 1
44 111 0 1
46 111 0 1
47 111 0 1
50 111 0 1
61 111 0 1
62 111 0 1
66 111 0 1
44 112 0 1
45 112 0 1
46 112 0 1
47 112 0 1
54 112 0 1
55 112 0 1
56 112 0 1
57 112 0 1
58 112 0 1
60 112 0 1
61 112 0 1
50 113 0 1
51 113 0 1
52 113 0 1
59 113 0 1
62 113 0 1
63 113 0 1
65 113 0 1
66 113 0 1
44 114 0 1
47 114 0 1
53 114 0 1
54 114 0 1
55 114 0 1
56 114 0 1
57 114 0 1
61 114 0 1
62 114 0 1
52 115 0 1
53 115 0 1
54 115 0 1
55 115 0 1
56 115 0 1
61 115 0 1
62 115 0 1
44 116 0 1
47 116 0 1
50 116 0 1
51 116 0 1
52 116 0 1
53 116 0 1
54 116 0 1
56 116 0 1
61 116 0 1
62 116 0 1
66 116 0 1
44 117 0 1
47 117 0 1
50 117 0 1
52 117 0 1
53 117 0 1
54 117 0 1
61 117 0 1
62 117 0 1
66 117 0 1
44 118 0 1
45 118 0 1
46 118 0 1
47 118 0 1
53 118 0 1
54 118 0 1
55 118 0 1
56 118 0 1
61 118 0 1
62 118 0 1
59 119 0 1
62 119 0 1
63 119 0 1
65 119 0 1
66 119 0 1
59 120 0 1
62 120 0 1
66 120 0 1
33 121 0 1
35 121 0 1
37 121 0 1
38 121 0 1
40 121 0 1
43 121 0 1
44 121 0 1
45 121 0 1
46 121 0 1
47 121 0 1
48 121 0 1
60 121 0 1
61 121 0 1
35 122 0 1
37 122 0 1
43 122 0 1
44 122 0 1
45 122 0 1
46 122 0 1
47 122 0 1
48 122 0 1
61 122 0 1
44 123 0 1
47 123 0 1
61 123 0 1
62 123 0 1
18 124 0 1
19 124 0 1
21 124 0 1
33 124 0 1
35 124 0 1
37 124 0 1
38 124 0 1
40 124 0 1
43 124 0 1
44 124 0 1
45 124 0 1
46 124 0 1
47 124 0 1
48 124 0 1
18 125 0 1
19 125 0 1
21 125 0 1
23 125 0 1
33 125 0 1
35 125 0 1
37 125 0 1
38 125 0 1
40 125 0 1
43 125 0 1
44 125 0 1
45 125 0 1
46 125 0 1
48 125 0 1
68 125 0 1
59 126 0 1
59 127 0 1
44 128 0 1
59 129 0 1
31 130 0 1
26 131 0 1
31 131 0 1
2 132 0 1
27 132 0 1
29 132 0 1
26 133 0 1
31 133 0 1
14 134 0 1
26 134 0 1
31 134 0 1
