2 3 0 0
2 4 0 0
3 4 0 0
2 5 0 0
3 5 0 0
4 5 0 0
1 6 0 0
1 7 0 0
2 7 0 0
3 7 0 0
4 7 0 0
5 7 0 0
1 8 0 0
6 8 0 0
1 9 0 0
6 9 0 0
8 9 0 0
1 11 0 0
1 12 0 0
11 12 0 0
1 13 0 0
10 13 0 0
1 14 0 0
8 14 0 0
9 14 0 0
1 15 0 0
11 15 0 0
12 15 0 0
1 16 0 0
11 16 0 0
12 16 0 0
15 16 0 0
1 17 0 0
10 17 0 0
13 17 0 0
1 18 0 0
12 18 0 0
13 18 0 0
17 18 0 0
1 19 0 0
10 19 0 0
13 19 0 0
17 19 0 0
18 19 0 0
1 20 0 0
10 20 0 0
13 20 0 0
17 20 0 0
18 20 0 0
19 20 0 0
4 21 0 1
2 22 0 1
3 22 0 1
2 23 0 1
3 23 0 1
4 23 0 1
5 23 0 1
7 23 0 1
2 24 0 1
3 24 0 1
4 24 0 1
5 24 0 1
7 24 0 1
2 25 0 1
3 25 0 1
4 25 0 1
5 25 0 1
7 25 0 1
3 26 0 1
4 26 0 1
5 26 0 1
7 26 0 1
3 27 0 1
4 27 0 1
5 27 0 1
7 27 0 1
4 28 0 1
5 28 0 1
7 28 0 1
4 29 0 1
7 29 0 1
1 33 0 1
11 33 0 1
12 33 0 1
15 33 0 1
16 33 0 1
10 34 0 1
13 34 0 1
17 34 0 1
1 35 0 1
11 35 0 1
12 35 0 1
13 35 0 1
16 35 0 1
1 36 0 1
11 36 0 1
12 36 0 1
13 36 0 1
15 36 0 1
16 36 0 1
10 37 0 1
10 38 0 1
13 38 0 1
10 40 0 1
13 40 0 1
1 41 0 1
4 44 0 1
7 44 0 1
3 46 0 1
4 46 0 1
5 46 0 1
7 46 0 1
4 47 0 1
5 47 0 1
7 47 0 1
