1 2 0 0
1 3 0 0
2 3 0 0
1 4 0 0
2 4 0 0
3 4 0 0
1 5 0 0
2 5 0 0
3 5 0 0
4 5 0 0
1 6 0 0
2 6 0 0
3 6 0 0
4 6 0 0
5 6 0 0
1 7 0 0
5 7 0 0
1 8 0 0
2 8 0 0
4 8 0 0
5 8 0 0
6 8 0 0
7 8 0 0
1 9 0 0
2 9 0 0
3 9 0 0
4 9 0 0
5 9 0 0
6 9 0 0
8 9 0 0
1 10 0 0
5 10 0 0
7 10 0 0
8 10 0 0
1 11 0 0
2 11 0 0
5 11 0 0
6 11 0 0
7 11 0 0
8 11 0 0
9 11 0 0
10 11 0 0
1 12 0 0
2 12 0 0
4 12 0 0
5 12 0 0
6 12 0 0
7 12 0 0
8 12 0 0
9 12 0 0
10 12 0 0
11 12 0 0
10 13 0 0
1 14 0 0
7 14 0 0
10 14 0 0
13 14 0 0
1 15 0 0
7 15 0 0
10 15 0 0
11 15 0 0
13 15 0 0
14 15 0 0
7 16 0 0
10 16 0 0
13 16 0 0
14 16 0 0
15 16 0 0
1 17 0 0
5 17 0 0
6 17 0 0
7 17 0 0
8 17 0 0
9 17 0 0
10 17 0 0
11 17 0 0
12 17 0 0
1 18 0 0
5 18 0 0
7 18 0 0
8 18 0 0
10 18 0 0
11 18 0 0
12 18 0 0
13 18 0 0
14 18 0 0
15 18 0 0
16 18 0 0
17 18 0 0
1 19 0 0
5 19 0 0
7 19 0 0
8 19 0 0
10 19 0 0
11 19 0 0
12 19 0 0
14 19 0 0
15 19 0 0
16 19 0 0
17 19 0 0
18 19 0 0
1 20 0 0
5 20 0 0
7 20 0 0
8 20 0 0
10 20 0 0
11 20 0 0
12 20 0 0
15 20 0 0
17 20 0 0
18 20 0 0
19 20 0 0
13 21 0 0
14 21 0 0
15 21 0 0
16 21 0 0
1 22 0 0
14 22 0 0
15 22 0 0
19 22 0 0
20 22 0 0
1 23 0 0
13 23 0 0
14 23 0 0
15 23 0 0
16 23 0 0
21 23 0 0
1 24 0 0
7 24 0 0
10 24 0 0
11 24 0 0
12 24 0 0
13 24 0 0
14 24 0 0
15 24 0 0
16 24 0 0
17 24 0 0
18 24 0 0
19 24 0 0
20 24 0 0
22 24 0 0
23 24 0 0
1 25 0 0
11 25 0 0
12 25 0 0
14 25 0 0
15 25 0 0
17 25 0 0
18 25 0 0
19 25 0 0
20 25 0 0
22 25 0 0
24 25 0 0
13 26 0 0
14 26 0 0
15 26 0 0
16 26 0 0
21 26 0 0
23 26 0 0
1 27 0 0
5 27 0 0
7 27 0 0
8 27 0 0
10 27 0 0
11 27 0 0
12 27 0 0
15 27 0 0
17 27 0 0
18 27 0 0
19 27 0 0
20 27 0 0
22 27 0 0
24 27 0 0
25 27 0 0
1 28 0 0
5 28 0 0
7 28 0 0
8 28 0 0
10 28 0 0
11 28 0 0
12 28 0 0
13 28 0 0
14 28 0 0
15 28 0 0
16 28 0 0
17 28 0 0
18 28 0 0
19 28 0 0
20 28 0 0
22 28 0 0
24 28 0 0
25 28 0 0
27 28 0 0
1 29 0 0
5 29 0 0
7 29 0 0
8 29 0 0
9 29 0 0
10 29 0 0
11 29 0 0
12 29 0 0
15 29 0 0
17 29 0 0
18 29 0 0
19 29 0 0
20 29 0 0
22 29 0 0
24 29 0 0
25 29 0 0
27 29 0 0
28 29 0 0
1 30 0 0
7 30 0 0
10 30 0 0
11 30 0 0
13 30 0 0
14 30 0 0
15 30 0 0
16 30 0 0
17 30 0 0
18 30 0 0
19 30 0 0
20 30 0 0
22 30 0 0
23 30 0 0
24 30 0 0
25 30 0 0
26 30 0 0
27 30 0 0
28 30 0 0
29 30 0 0
1 31 0 0
7 31 0 0
8 31 0 0
10 31 0 0
11 31 0 0
12 31 0 0
13 31 0 0
14 31 0 0
15 31 0 0
16 31 0 0
17 31 0 0
18 31 0 0
19 31 0 0
20 31 0 0
22 31 0 0
24 31 0 0
25 31 0 0
27 31 0 0
28 31 0 0
29 31 0 0
30 31 0 0
1 32 0 0
7 32 0 0
10 32 0 0
11 32 0 0
12 32 0 0
13 32 0 0
14 32 0 0
15 32 0 0
16 32 0 0
17 32 0 0
18 32 0 0
19 32 0 0
20 32 0 0
22 32 0 0
23 32 0 0
24 32 0 0
25 32 0 0
27 32 0 0
28 32 0 0
29 32 0 0
30 32 0 0
31 32 0 0
1 33 0 0
10 33 0 0
13 33 0 0
14 33 0 0
15 33 0 0
16 33 0 0
18 33 0 0
19 33 0 0
20 33 0 0
22 33 0 0
23 33 0 0
24 33 0 0
25 33 0 0
26 33 0 0
27 33 0 0
28 33 0 0
29 33 0 0
30 33 0 0
31 33 0 0
32 33 0 0
1 34 0 0
5 34 0 0
8 34 0 0
11 34 0 0
12 34 0 0
17 34 0 0
19 34 0 0
20 34 0 0
22 34 0 0
24 34 0 0
25 34 0 0
27 34 0 0
28 34 0 0
29 34 0 0
31 34 0 0
32 34 0 0
1 35 0 0
22 35 0 0
23 35 0 0
24 35 0 0
25 35 0 0
30 35 0 0
31 35 0 0
32 35 0 0
33 35 0 0
1 37 0 0
35 37 0 0
1 38 0 0
35 38 0 0
37 38 0 0
1 39 0 0
13 39 0 0
14 39 0 0
15 39 0 0
22 39 0 0
23 39 0 0
24 39 0 0
25 39 0 0
27 39 0 0
28 39 0 0
30 39 0 0
31 39 0 0
32 39 0 0
33 39 0 0
35 39 0 0
38 39 0 0
1 40 0 0
13 40 0 0
14 40 0 0
15 40 0 0
16 40 0 0
18 40 0 0
19 40 0 0
20 40 0 0
22 40 0 0
23 40 0 0
24 40 0 0
25 40 0 0
27 40 0 0
28 40 0 0
29 40 0 0
30 40 0 0
31 40 0 0
32 40 0 0
33 40 0 0
35 40 0 0
39 40 0 0
1 41 0 0
14 41 0 0
15 41 0 0
22 41 0 0
23 41 0 0
24 41 0 0
25 41 0 0
27 41 0 0
28 41 0 0
30 41 0 0
31 41 0 0
32 41 0 0
33 41 0 0
35 41 0 0
37 41 0 0
38 41 0 0
39 41 0 0
40 41 0 0
21 43 0 1
26 43 0 1
3 46 0 1
7 54 0 1
10 54 0 1
18 54 0 1
21 59 0 1
26 59 0 1
21 60 0 1
36 62 0 1
21 63 0 1
26 63 0 1
