1 2 0 0
1 3 0 0
2 3 0 0
1 4 0 0
2 4 0 0
1 5 0 0
2 5 0 0
3 5 0 0
1 6 0 0
2 6 0 0
3 6 0 0
4 6 0 0
5 6 0 0
1 7 0 0
2 7 0 0
3 7 0 0
5 7 0 0
6 7 0 0
2 9 0 0
4 9 0 0
8 9 0 0
2 10 0 0
4 10 0 0
9 10 0 0
1 11 0 0
2 11 0 0
3 11 0 0
5 11 0 0
6 11 0 0
7 11 0 0
1 12 0 0
2 12 0 0
3 12 0 0
5 12 0 0
6 12 0 0
7 12 0 0
11 12 0 0
2 13 0 0
8 13 0 0
9 13 0 0
10 13 0 0
2 14 0 0
8 14 0 0
9 14 0 0
10 14 0 0
13 14 0 0
2 15 0 0
8 15 0 0
9 15 0 0
10 15 0 0
13 15 0 0
14 15 0 0
2 16 0 0
4 16 0 0
8 16 0 0
9 16 0 0
10 16 0 0
13 16 0 0
14 16 0 0
15 16 0 0
2 17 0 0
8 17 0 0
9 17 0 0
10 17 0 0
13 17 0 0
14 17 0 0
15 17 0 0
16 17 0 0
2 18 0 0
2 19 0 0
18 19 0 0
2 20 0 0
19 22 0 0
20 23 0 0
20 24 0 0
23 24 0 0
21 25 0 0
21 27 0 0
25 27 0 0
26 28 0 0
21 29 0 0
25 29 0 0
27 29 0 0
26 30 0 0
28 30 0 0
23 31 0 0
24 31 0 0
28 31 0 0
2 32 0 0
18 32 0 0
19 32 0 0
21 32 0 0
25 32 0 0
27 32 0 0
25 33 0 0
29 33 0 0
26 35 0 0
28 35 0 0
30 35 0 0
34 35 0 0
29 37 0 0
33 37 0 0
36 37 0 0
2 38 0 0
19 38 0 0
22 38 0 0
2 39 0 0
18 39 0 0
19 39 0 0
22 39 0 0
38 39 0 0
23 40 0 0
24 40 0 0
28 40 0 0
31 40 0 0
23 41 0 0
24 41 0 0
31 41 0 0
40 41 0 0
2 42 0 0
18 42 0 0
19 42 0 0
32 42 0 0
38 42 0 0
39 42 0 0
28 43 0 0
31 43 0 0
40 43 0 0
41 43 0 0
2 44 0 0
17 44 0 0
20 44 0 0
23 44 0 0
24 44 0 0
41 44 0 0
2 45 0 0
18 45 0 0
19 45 0 0
21 45 0 0
27 45 0 0
32 45 0 0
39 45 0 0
42 45 0 0
2 46 0 0
18 46 0 0
19 46 0 0
22 46 0 0
38 46 0 0
39 46 0 0
42 46 0 0
45 46 0 0
20 47 0 0
23 47 0 0
24 47 0 0
31 47 0 0
40 47 0 0
41 47 0 0
43 47 0 0
44 47 0 0
26 48 0 0
28 48 0 0
31 48 0 0
40 48 0 0
41 48 0 0
43 48 0 0
47 48 0 0
2 49 0 0
8 49 0 0
9 49 0 0
10 49 0 0
13 49 0 0
14 49 0 0
15 49 0 0
16 49 0 0
17 49 0 0
20 49 0 0
23 49 0 0
40 49 0 0
41 49 0 0
44 49 0 0
47 49 0 0
2 50 0 0
11 50 0 0
12 50 0 0
18 50 0 0
19 50 0 0
38 50 0 0
39 50 0 0
42 50 0 0
46 50 0 0
2 51 0 1
18 51 0 1
19 51 0 1
21 51 0 1
22 51 0 1
25 51 0 1
27 51 0 1
29 51 0 1
32 51 0 1
33 51 0 1
36 51 0 1
37 51 0 1
38 51 0 1
39 51 0 1
42 51 0 1
45 51 0 1
46 51 0 1
2 52 0 1
4 52 0 1
8 52 0 1
9 52 0 1
10 52 0 1
13 52 0 1
14 52 0 1
15 52 0 1
16 52 0 1
17 52 0 1
40 52 0 1
41 52 0 1
43 52 0 1
47 52 0 1
48 52 0 1
49 52 0 1
1 53 0 1
2 53 0 1
3 53 0 1
5 53 0 1
6 53 0 1
7 53 0 1
11 53 0 1
12 53 0 1
8 54 0 1
10 54 0 1
2 55 0 1
4 55 0 1
9 55 0 1
10 55 0 1
13 55 0 1
14 55 0 1
15 55 0 1
16 55 0 1
17 55 0 1
49 55 0 1
1 56 0 1
2 56 0 1
4 56 0 1
6 56 0 1
9 56 0 1
10 56 0 1
1 57 0 1
2 57 0 1
4 57 0 1
6 57 0 1
9 57 0 1
10 57 0 1
13 57 0 1
15 57 0 1
16 57 0 1
17 57 0 1
8 58 0 1
14 58 0 1
15 58 0 1
49 58 0 1
2 59 0 1
8 59 0 1
9 59 0 1
10 59 0 1
13 59 0 1
14 59 0 1
15 59 0 1
16 59 0 1
17 59 0 1
49 59 0 1
8 60 0 1
40 60 0 1
41 60 0 1
43 60 0 1
47 60 0 1
48 60 0 1
49 60 0 1
31 61 0 1
40 61 0 1
41 61 0 1
43 61 0 1
47 61 0 1
48 61 0 1
2 62 0 1
18 62 0 1
19 62 0 1
20 62 0 1
32 62 0 1
42 62 0 1
44 62 0 1
45 62 0 1
49 62 0 1
2 63 0 1
18 63 0 1
19 63 0 1
20 63 0 1
32 63 0 1
42 63 0 1
44 63 0 1
45 63 0 1
49 63 0 1
40 64 0 1
41 64 0 1
43 64 0 1
48 64 0 1
8 65 0 1
14 65 0 1
31 65 0 1
40 65 0 1
41 65 0 1
43 65 0 1
47 65 0 1
48 65 0 1
49 65 0 1
2 66 0 1
18 66 0 1
19 66 0 1
21 66 0 1
22 66 0 1
32 66 0 1
38 66 0 1
39 66 0 1
42 66 0 1
45 66 0 1
46 66 0 1
2 67 0 1
16 67 0 1
17 67 0 1
18 67 0 1
19 67 0 1
20 67 0 1
21 67 0 1
27 67 0 1
32 67 0 1
42 67 0 1
44 67 0 1
45 67 0 1
49 67 0 1
23 68 0 1
24 68 0 1
26 68 0 1
28 68 0 1
31 68 0 1
35 68 0 1
40 68 0 1
41 68 0 1
43 68 0 1
47 68 0 1
48 68 0 1
20 69 0 1
21 69 0 1
25 69 0 1
27 69 0 1
29 69 0 1
32 69 0 1
42 69 0 1
44 69 0 1
45 69 0 1
20 70 0 1
23 70 0 1
24 70 0 1
25 71 0 1
29 71 0 1
33 71 0 1
34 71 0 1
29 72 0 1
33 72 0 1
36 72 0 1
37 72 0 1
25 73 0 1
29 73 0 1
33 73 0 1
34 73 0 1
21 74 0 1
25 74 0 1
29 74 0 1
33 74 0 1
36 74 0 1
37 74 0 1
25 75 0 1
27 75 0 1
29 75 0 1
33 75 0 1
34 75 0 1
22 76 0 1
36 76 0 1
37 76 0 1
23 77 0 1
24 77 0 1
34 77 0 1
35 77 0 1
23 78 0 1
24 78 0 1
28 78 0 1
34 78 0 1
35 78 0 1
22 79 0 1
36 79 0 1
37 79 0 1
21 80 0 1
25 80 0 1
27 80 0 1
29 80 0 1
33 80 0 1
34 80 0 1
22 81 0 1
36 81 0 1
37 81 0 1
38 81 0 1
21 82 0 1
25 82 0 1
27 82 0 1
29 82 0 1
32 82 0 1
33 82 0 1
36 82 0 1
37 82 0 1
23 83 0 1
24 83 0 1
28 83 0 1
34 83 0 1
35 83 0 1
21 84 0 1
25 84 0 1
27 84 0 1
29 84 0 1
33 84 0 1
20 85 0 1
23 85 0 1
24 85 0 1
25 85 0 1
27 85 0 1
34 85 0 1
23 86 0 1
24 86 0 1
28 86 0 1
34 86 0 1
35 86 0 1
23 87 0 1
24 87 0 1
25 87 0 1
27 87 0 1
29 87 0 1
34 87 0 1
23 88 0 1
24 88 0 1
34 88 0 1
35 88 0 1
23 89 0 1
24 89 0 1
25 89 0 1
34 89 0 1
23 90 0 1
24 90 0 1
26 90 0 1
28 90 0 1
30 90 0 1
31 90 0 1
35 90 0 1
40 90 0 1
41 90 0 1
43 90 0 1
47 90 0 1
48 90 0 1
23 91 0 1
24 91 0 1
26 91 0 1
28 91 0 1
30 91 0 1
31 91 0 1
35 91 0 1
40 91 0 1
41 91 0 1
43 91 0 1
47 91 0 1
48 91 0 1
20 92 0 1
21 92 0 1
23 92 0 1
24 92 0 1
25 92 0 1
27 92 0 1
32 92 0 1
44 92 0 1
20 93 0 1
21 93 0 1
23 93 0 1
24 93 0 1
25 93 0 1
27 93 0 1
29 93 0 1
32 93 0 1
44 93 0 1
8 94 0 1
9 94 0 1
13 94 0 1
14 94 0 1
15 94 0 1
16 94 0 1
17 94 0 1
40 94 0 1
41 94 0 1
47 94 0 1
49 94 0 1
8 95 0 1
13 95 0 1
14 95 0 1
15 95 0 1
40 95 0 1
41 95 0 1
47 95 0 1
48 95 0 1
49 95 0 1
