1 2 0 0
3 4 0 0
3 5 0 0
4 5 0 0
2 7 0 0
6 8 0 0
2 9 0 0
7 9 0 0
3 10 0 0
4 10 0 0
5 10 0 0
9 10 0 0
4 11 0 0
5 11 0 0
9 11 0 0
10 11 0 0
1 12 0 0
2 13 0 0
7 13 0 0
9 13 0 0
1 14 0 0
12 14 0 0
1 15 0 0
12 15 0 0
14 15 0 0
1 16 0 0
12 16 0 0
14 16 0 0
15 16 0 0
2 17 0 0
7 17 0 0
9 17 0 0
13 17 0 0
2 18 0 0
7 18 0 0
13 18 0 0
17 18 0 0
1 19 0 0
12 19 0 0
14 19 0 0
15 19 0 0
16 19 0 0
2 20 0 0
7 20 0 0
13 20 0 0
17 20 0 0
18 20 0 0
20 21 0 0
2 22 0 0
7 22 0 0
13 22 0 0
17 22 0 0
18 22 0 0
20 22 0 0
21 22 0 0
2 23 0 0
17 23 0 0
18 23 0 0
20 23 0 0
21 23 0 0
22 23 0 0
1 24 0 0
14 24 0 0
15 24 0 0
19 24 0 0
2 25 0 0
17 25 0 0
18 25 0 0
20 25 0 0
21 25 0 0
22 25 0 0
23 25 0 0
2 26 0 0
17 26 0 0
18 26 0 0
20 26 0 0
22 26 0 0
23 26 0 0
25 26 0 0
1 27 0 0
12 27 0 0
14 27 0 0
15 27 0 0
16 27 0 0
19 27 0 0
24 27 0 0
1 28 0 0
14 28 0 0
15 28 0 0
19 28 0 0
24 28 0 0
27 28 0 0
1 29 0 0
12 29 0 0
14 29 0 0
15 29 0 0
16 29 0 0
19 29 0 0
27 29 0 0
1 30 0 0
12 30 0 0
14 30 0 0
15 30 0 0
16 30 0 0
19 30 0 0
24 30 0 0
27 30 0 0
28 30 0 0
29 30 0 0
2 31 0 0
17 31 0 0
18 31 0 0
20 31 0 0
21 31 0 0
22 31 0 0
23 31 0 0
25 31 0 0
26 31 0 0
2 32 0 0
17 32 0 0
18 32 0 0
20 32 0 0
22 32 0 0
23 32 0 0
25 32 0 0
26 32 0 0
31 32 0 0
1 33 0 0
12 33 0 0
14 33 0 0
15 33 0 0
16 33 0 0
19 33 0 0
24 33 0 0
27 33 0 0
28 33 0 0
29 33 0 0
30 33 0 0
1 34 0 0
12 34 0 0
14 34 0 0
15 34 0 0
16 34 0 0
19 34 0 0
24 34 0 0
27 34 0 0
28 34 0 0
29 34 0 0
30 34 0 0
33 34 0 0
1 35 0 0
12 35 0 0
14 35 0 0
15 35 0 0
16 35 0 0
19 35 0 0
27 35 0 0
29 35 0 0
30 35 0 0
33 35 0 0
34 35 0 0
2 36 0 0
26 36 0 0
1 37 0 0
2 37 0 0
35 37 0 0
1 38 0 0
2 38 0 0
37 38 0 0
2 39 0 0
22 39 0 0
23 39 0 0
25 39 0 0
26 39 0 0
31 39 0 0
32 39 0 0
36 39 0 0
1 40 0 0
14 40 0 0
19 40 0 0
24 40 0 0
27 40 0 0
28 40 0 0
30 40 0 0
33 40 0 0
34 40 0 0
4 41 0 1
7 41 0 1
9 41 0 1
10 41 0 1
11 41 0 1
4 42 0 1
5 42 0 1
10 42 0 1
4 43 0 1
10 43 0 1
4 44 0 1
5 44 0 1
10 44 0 1
8 48 0 1
9 52 0 1
10 52 0 1
11 52 0 1
4 54 0 1
5 54 0 1
9 54 0 1
10 54 0 1
11 54 0 1
6 58 0 1
8 58 0 1
6 59 0 1
8 60 0 1
4 61 0 1
10 61 0 1
11 61 0 1
2 62 0 1
7 62 0 1
9 62 0 1
13 62 0 1
17 62 0 1
18 62 0 1
20 62 0 1
7 63 0 1
9 63 0 1
1 64 0 1
12 64 0 1
14 64 0 1
15 64 0 1
16 64 0 1
19 64 0 1
29 64 0 1
30 64 0 1
33 64 0 1
34 64 0 1
35 64 0 1
16 65 0 1
21 65 0 1
1 66 0 1
12 66 0 1
15 66 0 1
16 66 0 1
19 66 0 1
21 66 0 1
29 66 0 1
30 66 0 1
33 66 0 1
34 66 0 1
35 66 0 1
1 67 0 1
21 67 0 1
29 67 0 1
35 67 0 1
2 68 0 1
20 68 0 1
21 68 0 1
22 68 0 1
23 68 0 1
25 68 0 1
26 68 0 1
31 68 0 1
32 68 0 1
39 68 0 1
2 69 0 1
21 69 0 1
23 69 0 1
25 69 0 1
31 69 0 1
1 70 0 1
21 70 0 1
29 70 0 1
35 70 0 1
37 70 0 1
38 70 0 1
1 71 0 1
16 71 0 1
21 71 0 1
29 71 0 1
35 71 0 1
37 71 0 1
38 71 0 1
1 72 0 1
2 72 0 1
21 72 0 1
25 72 0 1
37 72 0 1
38 72 0 1
39 72 0 1
1 73 0 1
2 73 0 1
21 73 0 1
35 73 0 1
37 73 0 1
38 73 0 1
1 74 0 1
2 74 0 1
21 74 0 1
29 74 0 1
35 74 0 1
37 74 0 1
38 74 0 1
1 75 0 1
2 75 0 1
21 75 0 1
25 75 0 1
35 75 0 1
37 75 0 1
38 75 0 1
2 76 0 1
21 76 0 1
22 76 0 1
23 76 0 1
25 76 0 1
26 76 0 1
31 76 0 1
32 76 0 1
37 76 0 1
38 76 0 1
39 76 0 1
8 77 0 1
12 77 0 1
14 77 0 1
15 77 0 1
16 77 0 1
19 77 0 1
27 77 0 1
28 77 0 1
30 77 0 1
33 77 0 1
34 77 0 1
21 78 0 1
7 79 0 1
18 79 0 1
20 79 0 1
21 79 0 1
22 79 0 1
21 80 0 1
21 81 0 1
16 82 0 1
21 82 0 1
7 83 0 1
9 83 0 1
10 83 0 1
11 83 0 1
8 84 0 1
8 85 0 1
9 86 0 1
10 86 0 1
11 86 0 1
8 87 0 1
