2 4 0 0
3 4 0 0
2 5 0 0
2 6 0 0
5 6 0 0
2 7 0 0
5 7 0 0
6 7 0 0
6 8 0 0
7 8 0 0
5 9 0 0
6 9 0 0
7 9 0 0
8 9 0 0
5 10 0 0
6 10 0 0
7 10 0 0
9 10 0 0
8 11 0 0
9 11 0 0
8 12 0 0
9 12 0 0
11 12 0 0
6 13 0 0
7 13 0 0
8 13 0 0
9 13 0 0
11 13 0 0
12 13 0 0
2 14 0 0
5 14 0 0
6 14 0 0
7 14 0 0
8 14 0 0
9 14 0 0
10 14 0 0
13 14 0 0
2 15 0 0
3 15 0 0
4 15 0 0
2 16 0 0
3 16 0 0
4 16 0 0
5 16 0 0
15 16 0 0
2 17 0 0
5 17 0 0
6 17 0 0
7 17 0 0
9 17 0 0
14 17 0 0
15 17 0 0
16 17 0 0
2 18 0 0
3 18 0 0
4 18 0 0
5 18 0 0
6 18 0 0
7 18 0 0
14 18 0 0
15 18 0 0
16 18 0 0
17 18 0 0
1 19 0 0
8 19 0 0
9 19 0 0
10 19 0 0
11 19 0 0
12 19 0 0
13 19 0 0
14 19 0 0
1 20 0 0
8 20 0 0
11 20 0 0
12 20 0 0
13 20 0 0
19 20 0 0
1 21 0 0
11 21 0 0
12 21 0 0
19 21 0 0
20 21 0 0
10 22 0 0
19 22 0 0
20 22 0 0
1 23 0 0
10 23 0 0
13 23 0 0
19 23 0 0
20 23 0 0
21 23 0 0
22 23 0 0
1 24 0 0
10 24 0 0
19 24 0 0
20 24 0 0
22 24 0 0
23 24 0 0
1 25 0 0
22 25 0 0
23 25 0 0
24 25 0 0
1 26 0 0
19 26 0 0
20 26 0 0
21 26 0 0
22 26 0 0
23 26 0 0
24 26 0 0
25 26 0 0
1 27 0 0
19 27 0 0
20 27 0 0
21 27 0 0
22 27 0 0
23 27 0 0
24 27 0 0
25 27 0 0
26 27 0 0
1 28 0 0
21 28 0 0
26 28 0 0
27 28 0 0
1 29 0 0
21 29 0 0
23 29 0 0
24 29 0 0
25 29 0 0
26 29 0 0
27 29 0 0
28 29 0 0
1 30 0 0
21 30 0 0
23 30 0 0
24 30 0 0
25 30 0 0
26 30 0 0
27 30 0 0
28 30 0 0
29 30 0 0
1 31 0 0
25 31 0 0
30 31 0 0
1 32 0 0
22 32 0 0
23 32 0 0
24 32 0 0
25 32 0 0
26 32 0 0
27 32 0 0
29 32 0 0
30 32 0 0
31 32 0 0
1 33 0 0
23 33 0 0
24 33 0 0
25 33 0 0
26 33 0 0
27 33 0 0
29 33 0 0
30 33 0 0
31 33 0 0
32 33 0 0
1 34 0 0
21 34 0 0
26 34 0 0
27 34 0 0
28 34 0 0
29 34 0 0
30 34 0 0
32 34 0 0
33 34 0 0
1 35 0 0
22 35 0 0
23 35 0 0
24 35 0 0
25 35 0 0
27 35 0 0
30 35 0 0
31 35 0 0
32 35 0 0
33 35 0 0
1 36 0 0
22 36 0 0
23 36 0 0
24 36 0 0
25 36 0 0
26 36 0 0
27 36 0 0
29 36 0 0
30 36 0 0
31 36 0 0
32 36 0 0
33 36 0 0
35 36 0 0
1 37 0 0
19 37 0 0
20 37 0 0
21 37 0 0
22 37 0 0
23 37 0 0
24 37 0 0
25 37 0 0
26 37 0 0
27 37 0 0
28 37 0 0
29 37 0 0
30 37 0 0
31 37 0 0
32 37 0 0
33 37 0 0
34 37 0 0
35 37 0 0
36 37 0 0
1 38 0 0
19 38 0 0
20 38 0 0
22 38 0 0
23 38 0 0
24 38 0 0
25 38 0 0
26 38 0 0
27 38 0 0
29 38 0 0
30 38 0 0
31 38 0 0
32 38 0 0
33 38 0 0
34 38 0 0
35 38 0 0
36 38 0 0
37 38 0 0
1 39 0 0
20 39 0 0
21 39 0 0
26 39 0 0
27 39 0 0
28 39 0 0
29 39 0 0
30 39 0 0
34 39 0 0
37 39 0 0
1 40 0 0
21 40 0 0
23 40 0 0
24 40 0 0
26 40 0 0
27 40 0 0
28 40 0 0
29 40 0 0
30 40 0 0
32 40 0 0
33 40 0 0
34 40 0 0
36 40 0 0
37 40 0 0
38 40 0 0
39 40 0 0
1 41 0 0
26 41 0 0
28 41 0 0
29 41 0 0
30 41 0 0
34 41 0 0
37 41 0 0
39 41 0 0
40 41 0 0
1 42 0 0
1 43 0 0
42 43 0 0
1 44 0 0
42 44 0 0
1 45 0 0
32 45 0 0
42 45 0 0
44 45 0 0
1 46 0 0
41 46 0 0
44 46 0 0
1 47 0 0
42 47 0 0
44 47 0 0
45 47 0 0
1 48 0 0
42 48 0 0
44 48 0 0
45 48 0 0
47 48 0 0
1 49 0 0
28 49 0 0
34 49 0 0
41 49 0 0
44 49 0 0
45 49 0 0
46 49 0 0
47 49 0 0
48 49 0 0
1 50 0 0
31 50 0 0
43 50 0 0
1 51 0 0
28 51 0 0
29 51 0 0
34 51 0 0
39 51 0 0
40 51 0 0
41 51 0 0
46 51 0 0
49 51 0 0
1 52 0 0
28 52 0 0
29 52 0 0
30 52 0 0
34 52 0 0
39 52 0 0
40 52 0 0
41 52 0 0
44 52 0 0
45 52 0 0
46 52 0 0
47 52 0 0
49 52 0 0
51 52 0 0
1 53 0 1
50 53 0 1
3 54 0 1
4 54 0 1
15 54 0 1
3 55 0 1
4 55 0 1
15 55 0 1
3 56 0 1
4 56 0 1
5 56 0 1
10 56 0 1
15 56 0 1
16 56 0 1
17 56 0 1
18 56 0 1
3 57 0 1
4 57 0 1
15 57 0 1
16 57 0 1
3 58 0 1
4 58 0 1
15 58 0 1
16 58 0 1
18 58 0 1
3 59 0 1
4 59 0 1
15 59 0 1
3 60 0 1
4 60 0 1
15 60 0 1
3 62 0 1
4 62 0 1
15 62 0 1
1 66 0 1
50 66 0 1
1 68 0 1
50 68 0 1
1 70 0 1
43 70 0 1
50 70 0 1
1 72 0 1
50 72 0 1
1 73 0 1
1 74 0 1
1 75 0 1
50 75 0 1
1 76 0 1
43 76 0 1
50 76 0 1
1 78 0 1
43 78 0 1
50 78 0 1
1 80 0 1
50 80 0 1
50 82 0 1
1 86 0 1
10 86 0 1
22 86 0 1
23 86 0 1
24 86 0 1
25 86 0 1
31 86 0 1
32 86 0 1
35 86 0 1
36 86 0 1
38 86 0 1
10 87 0 1
25 87 0 1
35 87 0 1
36 87 0 1
38 87 0 1
25 88 0 1
35 88 0 1
1 89 0 1
10 89 0 1
22 89 0 1
24 89 0 1
25 89 0 1
31 89 0 1
35 89 0 1
36 89 0 1
38 89 0 1
50 89 0 1
