1 3 0 0
1 4 0 0
5 6 0 0
1 7 0 0
4 7 0 0
1 8 0 0
4 8 0 0
6 8 0 0
7 8 0 0
5 9 0 0
6 9 0 0
5 10 0 0
6 10 0 0
9 10 0 0
2 11 0 0
2 12 0 0
2 13 0 0
10 13 0 0
2 14 0 0
11 14 0 0
13 14 0 0
2 15 0 0
5 15 0 0
6 15 0 0
9 15 0 0
10 15 0 0
11 15 0 0
13 15 0 0
14 15 0 0
2 16 0 0
10 16 0 0
11 16 0 0
13 16 0 0
14 16 0 0
15 16 0 0
2 17 0 0
9 17 0 0
10 17 0 0
11 17 0 0
13 17 0 0
14 17 0 0
15 17 0 0
16 17 0 0
2 18 0 0
5 18 0 0
6 18 0 0
9 18 0 0
10 18 0 0
13 18 0 0
14 18 0 0
15 18 0 0
16 18 0 0
17 18 0 0
5 19 0 0
6 19 0 0
9 19 0 0
10 19 0 0
14 19 0 0
15 19 0 0
16 19 0 0
17 19 0 0
18 19 0 0
1 20 0 0
4 20 0 0
6 20 0 0
7 20 0 0
8 20 0 0
19 20 0 0
1 21 0 0
4 21 0 0
7 21 0 0
8 21 0 0
20 21 0 0
5 22 0 0
6 22 0 0
8 22 0 0
9 22 0 0
10 22 0 0
11 22 0 0
14 22 0 0
15 22 0 0
16 22 0 0
17 22 0 0
18 22 0 0
19 22 0 0
20 22 0 0
2 23 0 0
11 23 0 0
13 23 0 0
14 23 0 0
15 23 0 0
16 23 0 0
17 23 0 0
18 23 0 0
2 24 0 0
13 24 0 0
23 24 0 0
2 25 0 0
13 25 0 0
15 25 0 0
17 25 0 0
18 25 0 0
23 25 0 0
24 25 0 0
5 29 0 1
6 29 0 1
19 29 0 1
9 33 0 1
18 33 0 1
9 35 0 1
5 39 0 1
6 39 0 1
9 39 0 1
10 39 0 1
19 39 0 1
18 40 0 1
18 41 0 1
2 42 0 1
7 42 0 1
8 42 0 1
11 42 0 1
12 42 0 1
14 42 0 1
15 42 0 1
16 42 0 1
20 42 0 1
21 42 0 1
22 42 0 1
2 43 0 1
13 43 0 1
18 43 0 1
24 43 0 1
25 43 0 1
2 44 0 1
24 44 0 1
25 44 0 1
