2 3 0 0
4 6 0 0
5 6 0 0
2 7 0 0
3 7 0 0
4 8 0 0
6 8 0 0
2 9 0 0
3 9 0 0
7 9 0 0
2 10 0 0
3 10 0 0
7 10 0 0
9 10 0 0
5 11 0 0
6 11 0 0
2 12 0 0
3 12 0 0
7 12 0 0
9 12 0 0
10 12 0 0
2 13 0 0
3 13 0 0
5 13 0 0
9 13 0 0
10 13 0 0
11 13 0 0
12 13 0 0
4 14 0 0
6 14 0 0
8 14 0 0
4 15 0 0
5 15 0 0
6 15 0 0
8 15 0 0
11 15 0 0
14 15 0 0
2 16 0 0
3 16 0 0
7 16 0 0
9 16 0 0
10 16 0 0
12 16 0 0
13 16 0 0
2 17 0 0
3 17 0 0
7 17 0 0
9 17 0 0
10 17 0 0
12 17 0 0
13 17 0 0
16 17 0 0
3 18 0 0
5 18 0 0
9 18 0 0
11 18 0 0
12 18 0 0
13 18 0 0
4 19 0 0
6 19 0 0
8 19 0 0
14 19 0 0
15 19 0 0
2 20 0 0
3 20 0 0
9 20 0 0
10 20 0 0
12 20 0 0
13 20 0 0
16 20 0 0
17 20 0 0
18 20 0 0
5 21 0 0
6 21 0 0
11 21 0 0
15 21 0 0
18 21 0 0
19 21 0 0
5 22 0 0
11 22 0 0
13 22 0 0
18 22 0 0
20 22 0 0
21 22 0 0
5 23 0 0
6 23 0 0
11 23 0 0
15 23 0 0
18 23 0 0
19 23 0 0
21 23 0 0
22 23 0 0
2 24 0 0
7 24 0 0
9 24 0 0
10 24 0 0
12 24 0 0
13 24 0 0
16 24 0 0
17 24 0 0
20 24 0 0
2 25 0 0
3 25 0 0
7 25 0 0
9 25 0 0
10 25 0 0
12 25 0 0
13 25 0 0
16 25 0 0
17 25 0 0
18 25 0 0
20 25 0 0
22 25 0 0
24 25 0 0
6 26 0 0
11 26 0 0
15 26 0 0
19 26 0 0
21 26 0 0
23 26 0 0
2 27 0 0
3 27 0 0
7 27 0 0
9 27 0 0
10 27 0 0
12 27 0 0
13 27 0 0
16 27 0 0
17 27 0 0
18 27 0 0
20 27 0 0
22 27 0 0
24 27 0 0
25 27 0 0
4 28 0 0
6 28 0 0
8 28 0 0
11 28 0 0
14 28 0 0
15 28 0 0
19 28 0 0
21 28 0 0
23 28 0 0
26 28 0 0
4 29 0 0
5 29 0 0
6 29 0 0
8 29 0 0
11 29 0 0
14 29 0 0
15 29 0 0
19 29 0 0
21 29 0 0
23 29 0 0
26 29 0 0
28 29 0 0
5 30 0 0
6 30 0 0
11 30 0 0
15 30 0 0
18 30 0 0
21 30 0 0
22 30 0 0
23 30 0 0
26 30 0 0
28 30 0 0
29 30 0 0
4 31 0 0
6 31 0 0
8 31 0 0
14 31 0 0
15 31 0 0
19 31 0 0
21 31 0 0
23 31 0 0
26 31 0 0
28 31 0 0
29 31 0 0
30 31 0 0
2 32 0 0
3 32 0 0
7 32 0 0
9 32 0 0
10 32 0 0
12 32 0 0
13 32 0 0
16 32 0 0
17 32 0 0
18 32 0 0
20 32 0 0
24 32 0 0
25 32 0 0
27 32 0 0
2 33 0 0
3 33 0 0
7 33 0 0
9 33 0 0
10 33 0 0
12 33 0 0
16 33 0 0
17 33 0 0
24 33 0 0
25 33 0 0
27 33 0 0
32 33 0 0
2 34 0 0
3 34 0 0
7 34 0 0
9 34 0 0
10 34 0 0
12 34 0 0
13 34 0 0
16 34 0 0
17 34 0 0
18 34 0 0
20 34 0 0
22 34 0 0
24 34 0 0
25 34 0 0
27 34 0 0
32 34 0 0
33 34 0 0
4 35 0 0
5 35 0 0
6 35 0 0
8 35 0 0
11 35 0 0
14 35 0 0
15 35 0 0
19 35 0 0
21 35 0 0
23 35 0 0
26 35 0 0
28 35 0 0
29 35 0 0
30 35 0 0
31 35 0 0
2 36 0 0
3 36 0 0
7 36 0 0
9 36 0 0
10 36 0 0
12 36 0 0
13 36 0 0
16 36 0 0
17 36 0 0
20 36 0 0
24 36 0 0
25 36 0 0
27 36 0 0
32 36 0 0
33 36 0 0
34 36 0 0
13 37 0 0
18 37 0 0
20 37 0 0
22 37 0 0
23 37 0 0
25 37 0 0
27 37 0 0
34 37 0 0
20 38 0 0
21 38 0 0
22 38 0 0
23 38 0 0
37 38 0 0
19 39 0 0
23 39 0 0
26 39 0 0
28 39 0 0
29 39 0 0
31 39 0 0
35 39 0 0
19 40 0 0
21 40 0 0
23 40 0 0
26 40 0 0
28 40 0 0
29 40 0 0
31 40 0 0
35 40 0 0
39 40 0 0
21 41 0 0
22 41 0 0
23 41 0 0
26 41 0 0
37 41 0 0
38 41 0 0
6 42 0 0
19 42 0 0
21 42 0 0
23 42 0 0
26 42 0 0
28 42 0 0
29 42 0 0
30 42 0 0
31 42 0 0
35 42 0 0
39 42 0 0
40 42 0 0
41 42 0 0
20 43 0 0
21 43 0 0
22 43 0 0
23 43 0 0
26 43 0 0
30 43 0 0
37 43 0 0
38 43 0 0
41 43 0 0
21 44 0 0
22 44 0 0
23 44 0 0
26 44 0 0
29 44 0 0
30 44 0 0
35 44 0 0
37 44 0 0
38 44 0 0
41 44 0 0
42 44 0 0
43 44 0 0
20 45 0 0
21 45 0 0
22 45 0 0
23 45 0 0
30 45 0 0
37 45 0 0
38 45 0 0
41 45 0 0
43 45 0 0
44 45 0 0
19 46 0 0
21 46 0 0
23 46 0 0
26 46 0 0
28 46 0 0
29 46 0 0
30 46 0 0
35 46 0 0
38 46 0 0
39 46 0 0
40 46 0 0
41 46 0 0
42 46 0 0
43 46 0 0
44 46 0 0
21 47 0 0
22 47 0 0
23 47 0 0
26 47 0 0
29 47 0 0
30 47 0 0
35 47 0 0
37 47 0 0
38 47 0 0
39 47 0 0
40 47 0 0
41 47 0 0
42 47 0 0
43 47 0 0
44 47 0 0
45 47 0 0
46 47 0 0
21 48 0 0
22 48 0 0
23 48 0 0
26 48 0 0
29 48 0 0
30 48 0 0
35 48 0 0
37 48 0 0
38 48 0 0
40 48 0 0
41 48 0 0
42 48 0 0
43 48 0 0
44 48 0 0
45 48 0 0
46 48 0 0
47 48 0 0
21 49 0 0
22 49 0 0
23 49 0 0
26 49 0 0
30 49 0 0
37 49 0 0
38 49 0 0
41 49 0 0
42 49 0 0
43 49 0 0
44 49 0 0
45 49 0 0
46 49 0 0
47 49 0 0
48 49 0 0
37 50 0 0
38 50 0 0
41 50 0 0
43 50 0 0
44 50 0 0
45 50 0 0
48 50 0 0
49 50 0 0
23 51 0 0
38 51 0 0
39 51 0 0
40 51 0 0
41 51 0 0
42 51 0 0
43 51 0 0
44 51 0 0
45 51 0 0
46 51 0 0
47 51 0 0
48 51 0 0
49 51 0 0
37 52 0 0
38 52 0 0
41 52 0 0
42 52 0 0
43 52 0 0
44 52 0 0
45 52 0 0
46 52 0 0
47 52 0 0
48 52 0 0
49 52 0 0
50 52 0 0
51 52 0 0
50 54 0 0
37 55 0 0
38 55 0 0
41 55 0 0
45 55 0 0
50 55 0 0
52 55 0 0
54 55 0 0
54 56 0 0
53 57 0 0
25 58 0 0
37 58 0 0
45 58 0 0
50 58 0 0
54 58 0 0
55 58 0 0
56 58 0 0
38 59 0 0
40 59 0 0
41 59 0 0
42 59 0 0
43 59 0 0
44 59 0 0
45 59 0 0
46 59 0 0
47 59 0 0
48 59 0 0
49 59 0 0
50 59 0 0
51 59 0 0
52 59 0 0
37 60 0 0
38 60 0 0
41 60 0 0
43 60 0 0
44 60 0 0
45 60 0 0
46 60 0 0
47 60 0 0
48 60 0 0
49 60 0 0
50 60 0 0
51 60 0 0
52 60 0 0
55 60 0 0
59 60 0 0
38 61 0 0
41 61 0 0
43 61 0 0
44 61 0 0
45 61 0 0
46 61 0 0
47 61 0 0
48 61 0 0
49 61 0 0
50 61 0 0
51 61 0 0
52 61 0 0
55 61 0 0
59 61 0 0
60 61 0 0
1 62 0 0
39 62 0 0
40 62 0 0
42 62 0 0
46 62 0 0
47 62 0 0
48 62 0 0
51 62 0 0
52 62 0 0
59 62 0 0
60 62 0 0
61 62 0 0
1 63 0 0
39 63 0 0
40 63 0 0
41 63 0 0
42 63 0 0
46 63 0 0
47 63 0 0
48 63 0 0
51 63 0 0
52 63 0 0
59 63 0 0
60 63 0 0
61 63 0 0
62 63 0 0
50 64 0 0
54 64 0 0
55 64 0 0
56 64 0 0
58 64 0 0
23 65 0 0
26 65 0 0
37 65 0 0
38 65 0 0
40 65 0 0
41 65 0 0
42 65 0 0
43 65 0 0
44 65 0 0
45 65 0 0
46 65 0 0
47 65 0 0
48 65 0 0
49 65 0 0
50 65 0 0
51 65 0 0
52 65 0 0
55 65 0 0
59 65 0 0
60 65 0 0
61 65 0 0
62 65 0 0
63 65 0 0
19 66 0 0
26 66 0 0
39 66 0 0
40 66 0 0
42 66 0 0
46 66 0 0
47 66 0 0
51 66 0 0
59 66 0 0
62 66 0 0
63 66 0 0
19 67 0 0
21 67 0 0
23 67 0 0
26 67 0 0
35 67 0 0
39 67 0 0
40 67 0 0
41 67 0 0
42 67 0 0
44 67 0 0
46 67 0 0
47 67 0 0
48 67 0 0
49 67 0 0
51 67 0 0
52 67 0 0
59 67 0 0
60 67 0 0
61 67 0 0
62 67 0 0
63 67 0 0
65 67 0 0
66 67 0 0
19 68 0 0
23 68 0 0
26 68 0 0
35 68 0 0
39 68 0 0
40 68 0 0
42 68 0 0
46 68 0 0
47 68 0 0
48 68 0 0
51 68 0 0
59 68 0 0
61 68 0 0
62 68 0 0
63 68 0 0
65 68 0 0
66 68 0 0
67 68 0 0
37 69 0 0
38 69 0 0
41 69 0 0
43 69 0 0
44 69 0 0
45 69 0 0
47 69 0 0
48 69 0 0
49 69 0 0
50 69 0 0
52 69 0 0
54 69 0 0
55 69 0 0
58 69 0 0
59 69 0 0
60 69 0 0
61 69 0 0
64 69 0 0
65 69 0 0
39 70 0 0
40 70 0 0
42 70 0 0
46 70 0 0
47 70 0 0
51 70 0 0
59 70 0 0
62 70 0 0
63 70 0 0
65 70 0 0
66 70 0 0
67 70 0 0
68 70 0 0
6 71 0 0
15 71 0 0
19 71 0 0
21 71 0 0
23 71 0 0
26 71 0 0
28 71 0 0
29 71 0 0
30 71 0 0
31 71 0 0
35 71 0 0
39 71 0 0
40 71 0 0
41 71 0 0
42 71 0 0
44 71 0 0
46 71 0 0
47 71 0 0
48 71 0 0
51 71 0 0
62 71 0 0
65 71 0 0
66 71 0 0
67 71 0 0
68 71 0 0
70 71 0 0
6 72 0 0
11 72 0 0
15 72 0 0
19 72 0 0
21 72 0 0
22 72 0 0
23 72 0 0
26 72 0 0
28 72 0 0
29 72 0 0
30 72 0 0
31 72 0 0
35 72 0 0
37 72 0 0
38 72 0 0
39 72 0 0
40 72 0 0
41 72 0 0
42 72 0 0
43 72 0 0
44 72 0 0
45 72 0 0
46 72 0 0
47 72 0 0
48 72 0 0
49 72 0 0
51 72 0 0
52 72 0 0
59 72 0 0
60 72 0 0
61 72 0 0
62 72 0 0
65 72 0 0
66 72 0 0
67 72 0 0
68 72 0 0
69 72 0 0
70 72 0 0
71 72 0 0
6 73 0 0
8 73 0 0
14 73 0 0
15 73 0 0
19 73 0 0
21 73 0 0
23 73 0 0
26 73 0 0
28 73 0 0
29 73 0 0
30 73 0 0
31 73 0 0
35 73 0 0
39 73 0 0
40 73 0 0
42 73 0 0
46 73 0 0
47 73 0 0
48 73 0 0
66 73 0 0
67 73 0 0
68 73 0 0
70 73 0 0
71 73 0 0
72 73 0 0
5 74 0 0
11 74 0 0
18 74 0 0
21 74 0 0
22 74 0 0
23 74 0 0
26 74 0 0
29 74 0 0
30 74 0 0
35 74 0 0
37 74 0 0
38 74 0 0
41 74 0 0
42 74 0 0
43 74 0 0
44 74 0 0
45 74 0 0
46 74 0 0
47 74 0 0
48 74 0 0
49 74 0 0
51 74 0 0
52 74 0 0
59 74 0 0
60 74 0 0
61 74 0 0
65 74 0 0
67 74 0 0
69 74 0 0
71 74 0 0
72 74 0 0
73 74 0 0
11 75 0 0
13 75 0 0
18 75 0 0
20 75 0 0
21 75 0 0
22 75 0 0
23 75 0 0
26 75 0 0
29 75 0 0
30 75 0 0
37 75 0 0
38 75 0 0
41 75 0 0
42 75 0 0
43 75 0 0
44 75 0 0
45 75 0 0
46 75 0 0
47 75 0 0
48 75 0 0
49 75 0 0
50 75 0 0
51 75 0 0
52 75 0 0
59 75 0 0
60 75 0 0
61 75 0 0
65 75 0 0
67 75 0 0
69 75 0 0
71 75 0 0
72 75 0 0
74 75 0 0
7 76 0 0
9 76 0 0
10 76 0 0
12 76 0 0
13 76 0 0
16 76 0 0
17 76 0 0
20 76 0 0
24 76 0 0
25 76 0 0
27 76 0 0
32 76 0 0
33 76 0 0
34 76 0 0
36 76 0 0
56 76 0 0
58 76 0 0
9 77 0 0
12 77 0 0
13 77 0 0
17 77 0 0
18 77 0 0
20 77 0 0
22 77 0 0
24 77 0 0
25 77 0 0
27 77 0 0
32 77 0 0
34 77 0 0
36 77 0 0
37 77 0 0
38 77 0 0
41 77 0 0
43 77 0 0
44 77 0 0
45 77 0 0
49 77 0 0
50 77 0 0
58 77 0 0
69 77 0 0
74 77 0 0
75 77 0 0
76 77 0 0
53 78 0 0
57 78 0 0
54 79 0 0
1 80 0 0
53 80 0 0
78 80 0 0
1 81 0 0
62 81 0 0
63 81 0 0
70 81 0 0
80 81 0 0
1 82 0 0
51 82 0 0
59 82 0 0
61 82 0 0
62 82 0 0
63 82 0 0
81 82 0 0
1 83 0 0
50 83 0 0
54 83 0 0
55 83 0 0
60 83 0 0
61 83 0 0
64 83 0 0
82 83 0 0
54 84 0 0
56 84 0 0
58 84 0 0
64 84 0 0
79 84 0 0
83 84 0 0
54 85 0 0
55 85 0 0
58 85 0 0
64 85 0 0
79 85 0 0
83 85 0 0
84 85 0 0
54 86 0 0
55 86 0 0
56 86 0 0
58 86 0 0
64 86 0 0
79 86 0 0
83 86 0 0
84 86 0 0
85 86 0 0
1 87 0 0
55 87 0 0
59 87 0 0
60 87 0 0
61 87 0 0
82 87 0 0
83 87 0 0
85 87 0 0
86 87 0 0
54 88 0 0
55 88 0 0
58 88 0 0
64 88 0 0
79 88 0 0
83 88 0 0
84 88 0 0
85 88 0 0
86 88 0 0
87 88 0 0
1 89 0 0
55 89 0 0
82 89 0 0
83 89 0 0
85 89 0 0
86 89 0 0
87 89 0 0
88 89 0 0
1 90 0 0
59 90 0 0
61 90 0 0
62 90 0 0
63 90 0 0
81 90 0 0
82 90 0 0
83 90 0 0
87 90 0 0
89 90 0 0
1 91 0 0
62 91 0 0
63 91 0 0
80 91 0 0
81 91 0 0
82 91 0 0
87 91 0 0
90 91 0 0
1 92 0 0
61 92 0 0
62 92 0 0
63 92 0 0
80 92 0 0
81 92 0 0
82 92 0 0
87 92 0 0
89 92 0 0
90 92 0 0
91 92 0 0
1 93 0 0
53 93 0 0
78 93 0 0
80 93 0 0
81 93 0 0
91 93 0 0
54 94 0 0
58 94 0 0
64 94 0 0
79 94 0 0
83 94 0 0
84 94 0 0
85 94 0 0
86 94 0 0
88 94 0 0
1 95 0 0
61 95 0 0
81 95 0 0
82 95 0 0
83 95 0 0
87 95 0 0
89 95 0 0
90 95 0 0
91 95 0 0
92 95 0 0
1 96 0 0
63 96 0 0
81 96 0 0
82 96 0 0
87 96 0 0
89 96 0 0
90 96 0 0
91 96 0 0
92 96 0 0
95 96 0 0
54 97 0 0
56 97 0 0
58 97 0 0
64 97 0 0
79 97 0 0
84 97 0 0
85 97 0 0
86 97 0 0
88 97 0 0
94 97 0 0
1 98 0 0
50 98 0 0
51 98 0 0
52 98 0 0
55 98 0 0
59 98 0 0
60 98 0 0
61 98 0 0
82 98 0 0
83 98 0 0
87 98 0 0
89 98 0 0
90 98 0 0
92 98 0 0
95 98 0 0
96 98 0 0
1 99 0 0
51 99 0 0
52 99 0 0
59 99 0 0
60 99 0 0
61 99 0 0
62 99 0 0
63 99 0 0
65 99 0 0
70 99 0 0
81 99 0 0
82 99 0 0
83 99 0 0
87 99 0 0
89 99 0 0
90 99 0 0
91 99 0 0
92 99 0 0
95 99 0 0
96 99 0 0
98 99 0 0
1 100 0 0
53 100 0 0
57 100 0 0
70 100 0 0
78 100 0 0
80 100 0 0
81 100 0 0
91 100 0 0
93 100 0 0
1 101 0 0
51 101 0 0
52 101 0 0
59 101 0 0
60 101 0 0
61 101 0 0
62 101 0 0
63 101 0 0
67 101 0 0
70 101 0 0
81 101 0 0
82 101 0 0
87 101 0 0
90 101 0 0
91 101 0 0
92 101 0 0
95 101 0 0
96 101 0 0
98 101 0 0
99 101 0 0
1 102 0 0
62 102 0 0
63 102 0 0
66 102 0 0
70 102 0 0
80 102 0 0
81 102 0 0
82 102 0 0
90 102 0 0
91 102 0 0
92 102 0 0
93 102 0 0
96 102 0 0
99 102 0 0
100 102 0 0
101 102 0 0
1 103 0 0
53 103 0 0
62 103 0 0
63 103 0 0
70 103 0 0
78 103 0 0
80 103 0 0
81 103 0 0
82 103 0 0
91 103 0 0
92 103 0 0
93 103 0 0
100 103 0 0
101 103 0 0
102 103 0 0
54 104 0 0
55 104 0 0
56 104 0 0
58 104 0 0
64 104 0 0
79 104 0 0
83 104 0 0
84 104 0 0
85 104 0 0
86 104 0 0
88 104 0 0
94 104 0 0
97 104 0 0
1 105 0 0
50 105 0 0
52 105 0 0
54 105 0 0
55 105 0 0
58 105 0 0
59 105 0 0
60 105 0 0
61 105 0 0
64 105 0 0
69 105 0 0
82 105 0 0
83 105 0 0
85 105 0 0
86 105 0 0
87 105 0 0
88 105 0 0
89 105 0 0
90 105 0 0
95 105 0 0
96 105 0 0
98 105 0 0
99 105 0 0
104 105 0 0
1 106 0 0
51 106 0 0
52 106 0 0
55 106 0 0
59 106 0 0
60 106 0 0
61 106 0 0
63 106 0 0
81 106 0 0
82 106 0 0
83 106 0 0
87 106 0 0
89 106 0 0
90 106 0 0
91 106 0 0
92 106 0 0
95 106 0 0
96 106 0 0
98 106 0 0
99 106 0 0
101 106 0 0
105 106 0 0
1 107 0 0
50 107 0 0
54 107 0 0
55 107 0 0
58 107 0 0
64 107 0 0
83 107 0 0
84 107 0 0
85 107 0 0
86 107 0 0
87 107 0 0
88 107 0 0
89 107 0 0
94 107 0 0
98 107 0 0
104 107 0 0
105 107 0 0
106 107 0 0
54 108 0 0
56 108 0 0
58 108 0 0
64 108 0 0
79 108 0 0
84 108 0 0
85 108 0 0
86 108 0 0
88 108 0 0
94 108 0 0
97 108 0 0
104 108 0 0
1 109 0 0
40 109 0 0
53 109 0 0
57 109 0 0
62 109 0 0
63 109 0 0
66 109 0 0
67 109 0 0
68 109 0 0
70 109 0 0
78 109 0 0
80 109 0 0
81 109 0 0
91 109 0 0
92 109 0 0
93 109 0 0
100 109 0 0
101 109 0 0
102 109 0 0
103 109 0 0
38 110 0 0
41 110 0 0
50 110 0 0
51 110 0 0
52 110 0 0
55 110 0 0
58 110 0 0
59 110 0 0
60 110 0 0
61 110 0 0
64 110 0 0
65 110 0 0
69 110 0 0
82 110 0 0
83 110 0 0
85 110 0 0
87 110 0 0
89 110 0 0
90 110 0 0
95 110 0 0
96 110 0 0
98 110 0 0
99 110 0 0
105 110 0 0
106 110 0 0
107 110 0 0
1 111 0 0
41 111 0 0
50 111 0 0
51 111 0 0
52 111 0 0
55 111 0 0
59 111 0 0
60 111 0 0
61 111 0 0
62 111 0 0
63 111 0 0
65 111 0 0
67 111 0 0
69 111 0 0
81 111 0 0
82 111 0 0
83 111 0 0
87 111 0 0
89 111 0 0
90 111 0 0
91 111 0 0
92 111 0 0
95 111 0 0
96 111 0 0
98 111 0 0
99 111 0 0
101 111 0 0
105 111 0 0
106 111 0 0
107 111 0 0
110 111 0 0
1 112 0 0
51 112 0 0
52 112 0 0
59 112 0 0
60 112 0 0
61 112 0 0
62 112 0 0
63 112 0 0
65 112 0 0
66 112 0 0
67 112 0 0
68 112 0 0
70 112 0 0
80 112 0 0
81 112 0 0
82 112 0 0
87 112 0 0
90 112 0 0
91 112 0 0
92 112 0 0
95 112 0 0
96 112 0 0
98 112 0 0
99 112 0 0
101 112 0 0
102 112 0 0
103 112 0 0
106 112 0 0
109 112 0 0
110 112 0 0
111 112 0 0
50 113 0 0
54 113 0 0
55 113 0 0
56 113 0 0
58 113 0 0
60 113 0 0
64 113 0 0
69 113 0 0
83 113 0 0
84 113 0 0
85 113 0 0
86 113 0 0
87 113 0 0
88 113 0 0
89 113 0 0
94 113 0 0
98 113 0 0
104 113 0 0
105 113 0 0
107 113 0 0
108 113 0 0
110 113 0 0
53 114 0 0
57 114 0 0
78 114 0 0
80 114 0 0
93 114 0 0
100 114 0 0
102 114 0 0
103 114 0 0
109 114 0 0
54 115 0 0
56 115 0 0
58 115 0 0
64 115 0 0
79 115 0 0
84 115 0 0
85 115 0 0
86 115 0 0
88 115 0 0
94 115 0 0
97 115 0 0
104 115 0 0
107 115 0 0
108 115 0 0
113 115 0 0
1 116 0 0
53 116 0 0
57 116 0 0
62 116 0 0
63 116 0 0
66 116 0 0
68 116 0 0
70 116 0 0
78 116 0 0
80 116 0 0
81 116 0 0
91 116 0 0
92 116 0 0
93 116 0 0
100 116 0 0
101 116 0 0
102 116 0 0
103 116 0 0
109 116 0 0
112 116 0 0
114 116 0 0
50 117 0 0
51 117 0 0
52 117 0 0
55 117 0 0
58 117 0 0
59 117 0 0
60 117 0 0
61 117 0 0
64 117 0 0
65 117 0 0
69 117 0 0
82 117 0 0
83 117 0 0
85 117 0 0
86 117 0 0
87 117 0 0
88 117 0 0
89 117 0 0
90 117 0 0
95 117 0 0
98 117 0 0
99 117 0 0
105 117 0 0
106 117 0 0
107 117 0 0
110 117 0 0
111 117 0 0
113 117 0 0
1 118 0 0
62 118 0 0
63 118 0 0
66 118 0 0
68 118 0 0
70 118 0 0
78 118 0 0
80 118 0 0
81 118 0 0
82 118 0 0
90 118 0 0
91 118 0 0
92 118 0 0
93 118 0 0
96 118 0 0
99 118 0 0
100 118 0 0
101 118 0 0
102 118 0 0
103 118 0 0
109 118 0 0
112 118 0 0
114 118 0 0
116 118 0 0
1 119 0 0
51 119 0 0
59 119 0 0
61 119 0 0
62 119 0 0
63 119 0 0
66 119 0 0
67 119 0 0
68 119 0 0
70 119 0 0
80 119 0 0
81 119 0 0
82 119 0 0
90 119 0 0
91 119 0 0
92 119 0 0
93 119 0 0
95 119 0 0
96 119 0 0
99 119 0 0
100 119 0 0
101 119 0 0
102 119 0 0
103 119 0 0
106 119 0 0
109 119 0 0
111 119 0 0
112 119 0 0
116 119 0 0
118 119 0 0
79 120 0 0
83 120 0 0
84 120 0 0
85 120 0 0
86 120 0 0
88 120 0 0
94 120 0 0
97 120 0 0
104 120 0 0
107 120 0 0
115 120 0 0
1 121 0 0
79 121 0 0
83 121 0 0
84 121 0 0
85 121 0 0
86 121 0 0
87 121 0 0
88 121 0 0
89 121 0 0
94 121 0 0
104 121 0 0
105 121 0 0
107 121 0 0
120 121 0 0
1 122 0 0
83 122 0 0
84 122 0 0
85 122 0 0
86 122 0 0
87 122 0 0
88 122 0 0
89 122 0 0
94 122 0 0
104 122 0 0
105 122 0 0
107 122 0 0
120 122 0 0
121 122 0 0
1 123 0 0
83 123 0 0
85 123 0 0
87 123 0 0
88 123 0 0
89 123 0 0
90 123 0 0
95 123 0 0
96 123 0 0
98 123 0 0
99 123 0 0
105 123 0 0
106 123 0 0
107 123 0 0
110 123 0 0
117 123 0 0
120 123 0 0
121 123 0 0
122 123 0 0
1 124 0 0
83 124 0 0
85 124 0 0
86 124 0 0
87 124 0 0
88 124 0 0
89 124 0 0
94 124 0 0
95 124 0 0
98 124 0 0
105 124 0 0
106 124 0 0
107 124 0 0
120 124 0 0
121 124 0 0
122 124 0 0
123 124 0 0
1 125 0 0
83 125 0 0
84 125 0 0
85 125 0 0
86 125 0 0
87 125 0 0
88 125 0 0
89 125 0 0
94 125 0 0
104 125 0 0
105 125 0 0
107 125 0 0
120 125 0 0
121 125 0 0
122 125 0 0
123 125 0 0
124 125 0 0
1 126 0 0
78 126 0 0
80 126 0 0
81 126 0 0
91 126 0 0
92 126 0 0
93 126 0 0
100 126 0 0
102 126 0 0
103 126 0 0
116 126 0 0
1 127 0 0
83 127 0 0
85 127 0 0
87 127 0 0
88 127 0 0
89 127 0 0
90 127 0 0
95 127 0 0
98 127 0 0
105 127 0 0
106 127 0 0
107 127 0 0
120 127 0 0
121 127 0 0
122 127 0 0
123 127 0 0
124 127 0 0
125 127 0 0
1 128 0 0
82 128 0 0
83 128 0 0
87 128 0 0
89 128 0 0
90 128 0 0
92 128 0 0
95 128 0 0
96 128 0 0
98 128 0 0
105 128 0 0
106 128 0 0
107 128 0 0
121 128 0 0
122 128 0 0
123 128 0 0
124 128 0 0
125 128 0 0
127 128 0 0
78 129 0 0
93 129 0 0
126 129 0 0
1 130 0 0
83 130 0 0
120 130 0 0
121 130 0 0
122 130 0 0
123 130 0 0
124 130 0 0
125 130 0 0
127 130 0 0
128 130 0 0
120 131 0 0
121 131 0 0
122 131 0 0
125 131 0 0
130 131 0 0
1 132 0 0
120 132 0 0
121 132 0 0
122 132 0 0
123 132 0 0
124 132 0 0
125 132 0 0
127 132 0 0
128 132 0 0
130 132 0 0
131 132 0 0
1 133 0 0
126 133 0 0
129 133 0 0
1 134 0 0
126 134 0 0
129 134 0 0
133 134 0 0
1 135 0 0
126 135 0 0
129 135 0 0
133 135 0 0
134 135 0 0
1 136 0 0
121 136 0 0
122 136 0 0
123 136 0 0
124 136 0 0
125 136 0 0
127 136 0 0
128 136 0 0
130 136 0 0
132 136 0 0
1 137 0 0
126 137 0 0
133 137 0 0
135 137 0 0
1 138 0 0
126 138 0 0
129 138 0 0
133 138 0 0
134 138 0 0
135 138 0 0
137 138 0 0
1 139 0 0
123 139 0 0
124 139 0 0
127 139 0 0
128 139 0 0
130 139 0 0
136 139 0 0
137 139 0 0
1 140 0 0
83 140 0 0
85 140 0 0
86 140 0 0
87 140 0 0
88 140 0 0
89 140 0 0
94 140 0 0
95 140 0 0
105 140 0 0
107 140 0 0
120 140 0 0
121 140 0 0
122 140 0 0
123 140 0 0
124 140 0 0
125 140 0 0
127 140 0 0
128 140 0 0
130 140 0 0
131 140 0 0
132 140 0 0
136 140 0 0
139 140 0 0
1 141 0 0
78 141 0 0
80 141 0 0
81 141 0 0
91 141 0 0
93 141 0 0
103 141 0 0
126 141 0 0
129 141 0 0
133 141 0 0
134 141 0 0
135 141 0 0
137 141 0 0
138 141 0 0
1 142 0 0
81 142 0 0
82 142 0 0
87 142 0 0
90 142 0 0
91 142 0 0
92 142 0 0
95 142 0 0
96 142 0 0
126 142 0 0
128 142 0 0
135 142 0 0
136 142 0 0
137 142 0 0
139 142 0 0
141 142 0 0
1 143 0 0
83 143 0 0
84 143 0 0
85 143 0 0
86 143 0 0
88 143 0 0
94 143 0 0
120 143 0 0
121 143 0 0
122 143 0 0
123 143 0 0
124 143 0 0
125 143 0 0
127 143 0 0
130 143 0 0
131 143 0 0
132 143 0 0
136 143 0 0
140 143 0 0
1 144 0 0
83 144 0 0
85 144 0 0
86 144 0 0
88 144 0 0
89 144 0 0
94 144 0 0
120 144 0 0
121 144 0 0
122 144 0 0
123 144 0 0
124 144 0 0
125 144 0 0
127 144 0 0
128 144 0 0
130 144 0 0
131 144 0 0
132 144 0 0
136 144 0 0
140 144 0 0
143 144 0 0
1 145 0 0
83 145 0 0
87 145 0 0
89 145 0 0
95 145 0 0
105 145 0 0
120 145 0 0
121 145 0 0
122 145 0 0
123 145 0 0
124 145 0 0
125 145 0 0
127 145 0 0
128 145 0 0
130 145 0 0
132 145 0 0
136 145 0 0
139 145 0 0
140 145 0 0
143 145 0 0
144 145 0 0
1 146 0 0
78 146 0 0
80 146 0 0
93 146 0 0
126 146 0 0
129 146 0 0
133 146 0 0
134 146 0 0
135 146 0 0
137 146 0 0
138 146 0 0
141 146 0 0
1 147 0 0
80 147 0 0
81 147 0 0
91 147 0 0
92 147 0 0
93 147 0 0
103 147 0 0
126 147 0 0
129 147 0 0
133 147 0 0
134 147 0 0
135 147 0 0
137 147 0 0
138 147 0 0
141 147 0 0
142 147 0 0
146 147 0 0
1 148 0 0
80 148 0 0
93 148 0 0
126 148 0 0
129 148 0 0
133 148 0 0
134 148 0 0
135 148 0 0
137 148 0 0
138 148 0 0
141 148 0 0
142 148 0 0
146 148 0 0
147 148 0 0
1 149 0 0
83 149 0 0
87 149 0 0
89 149 0 0
120 149 0 0
121 149 0 0
122 149 0 0
123 149 0 0
124 149 0 0
125 149 0 0
127 149 0 0
128 149 0 0
130 149 0 0
132 149 0 0
136 149 0 0
139 149 0 0
140 149 0 0
143 149 0 0
144 149 0 0
145 149 0 0
1 150 0 0
54 150 0 0
55 150 0 0
83 150 0 0
84 150 0 0
85 150 0 0
86 150 0 0
87 150 0 0
88 150 0 0
89 150 0 0
94 150 0 0
98 150 0 0
104 150 0 0
105 150 0 0
107 150 0 0
110 150 0 0
113 150 0 0
115 150 0 0
117 150 0 0
120 150 0 0
121 150 0 0
122 150 0 0
123 150 0 0
124 150 0 0
125 150 0 0
127 150 0 0
128 150 0 0
130 150 0 0
132 150 0 0
140 150 0 0
143 150 0 0
144 150 0 0
145 150 0 0
149 150 0 0
1 151 0 0
55 151 0 0
83 151 0 0
84 151 0 0
85 151 0 0
86 151 0 0
87 151 0 0
88 151 0 0
89 151 0 0
94 151 0 0
95 151 0 0
98 151 0 0
104 151 0 0
105 151 0 0
106 151 0 0
107 151 0 0
110 151 0 0
113 151 0 0
117 151 0 0
120 151 0 0
121 151 0 0
122 151 0 0
123 151 0 0
124 151 0 0
125 151 0 0
127 151 0 0
128 151 0 0
130 151 0 0
132 151 0 0
140 151 0 0
143 151 0 0
144 151 0 0
145 151 0 0
149 151 0 0
150 151 0 0
54 152 0 0
64 152 0 0
79 152 0 0
83 152 0 0
84 152 0 0
85 152 0 0
86 152 0 0
88 152 0 0
89 152 0 0
94 152 0 0
97 152 0 0
104 152 0 0
105 152 0 0
107 152 0 0
108 152 0 0
113 152 0 0
115 152 0 0
120 152 0 0
121 152 0 0
122 152 0 0
123 152 0 0
124 152 0 0
125 152 0 0
127 152 0 0
130 152 0 0
132 152 0 0
140 152 0 0
143 152 0 0
144 152 0 0
145 152 0 0
149 152 0 0
150 152 0 0
151 152 0 0
1 153 0 0
55 153 0 0
83 153 0 0
85 153 0 0
86 153 0 0
87 153 0 0
88 153 0 0
89 153 0 0
90 153 0 0
95 153 0 0
96 153 0 0
98 153 0 0
99 153 0 0
105 153 0 0
106 153 0 0
107 153 0 0
110 153 0 0
111 153 0 0
113 153 0 0
117 153 0 0
120 153 0 0
121 153 0 0
122 153 0 0
123 153 0 0
124 153 0 0
125 153 0 0
127 153 0 0
128 153 0 0
130 153 0 0
140 153 0 0
143 153 0 0
144 153 0 0
145 153 0 0
149 153 0 0
150 153 0 0
151 153 0 0
152 153 0 0
1 154 0 0
81 154 0 0
82 154 0 0
83 154 0 0
87 154 0 0
89 154 0 0
90 154 0 0
91 154 0 0
92 154 0 0
95 154 0 0
96 154 0 0
98 154 0 0
99 154 0 0
101 154 0 0
102 154 0 0
105 154 0 0
106 154 0 0
110 154 0 0
111 154 0 0
112 154 0 0
117 154 0 0
119 154 0 0
123 154 0 0
127 154 0 0
128 154 0 0
142 154 0 0
153 154 0 0
1 155 0 0
78 155 0 0
80 155 0 0
81 155 0 0
91 155 0 0
92 155 0 0
93 155 0 0
96 155 0 0
100 155 0 0
101 155 0 0
102 155 0 0
103 155 0 0
109 155 0 0
112 155 0 0
114 155 0 0
116 155 0 0
118 155 0 0
119 155 0 0
126 155 0 0
129 155 0 0
133 155 0 0
135 155 0 0
138 155 0 0
141 155 0 0
146 155 0 0
147 155 0 0
148 155 0 0
1 156 0 0
78 156 0 0
80 156 0 0
81 156 0 0
82 156 0 0
90 156 0 0
91 156 0 0
92 156 0 0
93 156 0 0
95 156 0 0
96 156 0 0
99 156 0 0
100 156 0 0
101 156 0 0
102 156 0 0
103 156 0 0
109 156 0 0
112 156 0 0
116 156 0 0
118 156 0 0
119 156 0 0
126 156 0 0
133 156 0 0
134 156 0 0
135 156 0 0
137 156 0 0
138 156 0 0
141 156 0 0
142 156 0 0
146 156 0 0
147 156 0 0
148 156 0 0
154 156 0 0
155 156 0 0
79 157 0 0
84 157 0 0
85 157 0 0
86 157 0 0
88 157 0 0
94 157 0 0
97 157 0 0
104 157 0 0
108 157 0 0
115 157 0 0
120 157 0 0
121 157 0 0
122 157 0 0
125 157 0 0
131 157 0 0
132 157 0 0
143 157 0 0
144 157 0 0
150 157 0 0
152 157 0 0
79 158 0 0
83 158 0 0
84 158 0 0
85 158 0 0
86 158 0 0
88 158 0 0
94 158 0 0
97 158 0 0
104 158 0 0
107 158 0 0
108 158 0 0
115 158 0 0
120 158 0 0
121 158 0 0
122 158 0 0
124 158 0 0
125 158 0 0
131 158 0 0
132 158 0 0
140 158 0 0
143 158 0 0
144 158 0 0
150 158 0 0
151 158 0 0
152 158 0 0
157 158 0 0
1 159 0 0
55 159 0 0
83 159 0 0
85 159 0 0
86 159 0 0
87 159 0 0
88 159 0 0
89 159 0 0
94 159 0 0
95 159 0 0
98 159 0 0
104 159 0 0
105 159 0 0
106 159 0 0
107 159 0 0
110 159 0 0
113 159 0 0
117 159 0 0
120 159 0 0
121 159 0 0
122 159 0 0
123 159 0 0
124 159 0 0
125 159 0 0
127 159 0 0
128 159 0 0
130 159 0 0
132 159 0 0
136 159 0 0
140 159 0 0
143 159 0 0
144 159 0 0
145 159 0 0
149 159 0 0
150 159 0 0
151 159 0 0
152 159 0 0
153 159 0 0
158 159 0 0
1 160 0 0
82 160 0 0
83 160 0 0
85 160 0 0
86 160 0 0
87 160 0 0
88 160 0 0
89 160 0 0
90 160 0 0
95 160 0 0
96 160 0 0
98 160 0 0
99 160 0 0
105 160 0 0
106 160 0 0
107 160 0 0
110 160 0 0
111 160 0 0
117 160 0 0
121 160 0 0
122 160 0 0
123 160 0 0
124 160 0 0
125 160 0 0
127 160 0 0
128 160 0 0
130 160 0 0
136 160 0 0
140 160 0 0
143 160 0 0
144 160 0 0
145 160 0 0
149 160 0 0
150 160 0 0
151 160 0 0
152 160 0 0
153 160 0 0
154 160 0 0
159 160 0 0
1 161 0 0
81 161 0 0
82 161 0 0
83 161 0 0
87 161 0 0
89 161 0 0
90 161 0 0
91 161 0 0
92 161 0 0
95 161 0 0
96 161 0 0
98 161 0 0
99 161 0 0
101 161 0 0
105 161 0 0
106 161 0 0
110 161 0 0
111 161 0 0
112 161 0 0
117 161 0 0
119 161 0 0
123 161 0 0
124 161 0 0
127 161 0 0
128 161 0 0
137 161 0 0
140 161 0 0
142 161 0 0
145 161 0 0
153 161 0 0
154 161 0 0
156 161 0 0
159 161 0 0
160 161 0 0
79 162 0 0
83 162 0 0
84 162 0 0
85 162 0 0
86 162 0 0
88 162 0 0
89 162 0 0
94 162 0 0
97 162 0 0
104 162 0 0
105 162 0 0
107 162 0 0
115 162 0 0
120 162 0 0
121 162 0 0
122 162 0 0
123 162 0 0
124 162 0 0
125 162 0 0
127 162 0 0
130 162 0 0
131 162 0 0
132 162 0 0
140 162 0 0
143 162 0 0
144 162 0 0
145 162 0 0
149 162 0 0
150 162 0 0
151 162 0 0
152 162 0 0
153 162 0 0
157 162 0 0
158 162 0 0
159 162 0 0
160 162 0 0
1 163 0 0
82 163 0 0
83 163 0 0
85 163 0 0
87 163 0 0
88 163 0 0
89 163 0 0
90 163 0 0
92 163 0 0
95 163 0 0
96 163 0 0
98 163 0 0
99 163 0 0
105 163 0 0
106 163 0 0
107 163 0 0
110 163 0 0
111 163 0 0
117 163 0 0
121 163 0 0
122 163 0 0
123 163 0 0
124 163 0 0
125 163 0 0
127 163 0 0
128 163 0 0
130 163 0 0
136 163 0 0
139 163 0 0
140 163 0 0
142 163 0 0
143 163 0 0
144 163 0 0
145 163 0 0
149 163 0 0
150 163 0 0
151 163 0 0
153 163 0 0
154 163 0 0
159 163 0 0
160 163 0 0
161 163 0 0
162 163 0 0
1 164 0 0
80 164 0 0
81 164 0 0
82 164 0 0
90 164 0 0
91 164 0 0
92 164 0 0
93 164 0 0
95 164 0 0
96 164 0 0
99 164 0 0
101 164 0 0
102 164 0 0
103 164 0 0
112 164 0 0
116 164 0 0
118 164 0 0
119 164 0 0
126 164 0 0
135 164 0 0
137 164 0 0
141 164 0 0
142 164 0 0
146 164 0 0
147 164 0 0
148 164 0 0
154 164 0 0
155 164 0 0
156 164 0 0
161 164 0 0
1 165 0 0
81 165 0 0
82 165 0 0
87 165 0 0
89 165 0 0
90 165 0 0
91 165 0 0
92 165 0 0
95 165 0 0
96 165 0 0
98 165 0 0
99 165 0 0
101 165 0 0
102 165 0 0
106 165 0 0
111 165 0 0
112 165 0 0
119 165 0 0
123 165 0 0
128 165 0 0
137 165 0 0
139 165 0 0
142 165 0 0
147 165 0 0
154 165 0 0
155 165 0 0
156 165 0 0
160 165 0 0
161 165 0 0
163 165 0 0
164 165 0 0
1 166 0 0
81 166 0 0
82 166 0 0
83 166 0 0
87 166 0 0
89 166 0 0
90 166 0 0
91 166 0 0
92 166 0 0
95 166 0 0
96 166 0 0
98 166 0 0
99 166 0 0
101 166 0 0
105 166 0 0
106 166 0 0
111 166 0 0
112 166 0 0
117 166 0 0
123 166 0 0
124 166 0 0
127 166 0 0
128 166 0 0
137 166 0 0
139 166 0 0
140 166 0 0
142 166 0 0
145 166 0 0
149 166 0 0
153 166 0 0
154 166 0 0
156 166 0 0
159 166 0 0
160 166 0 0
161 166 0 0
163 166 0 0
164 166 0 0
165 166 0 0
4 167 0 1
6 167 0 1
8 167 0 1
14 167 0 1
19 167 0 1
28 167 0 1
31 167 0 1
19 168 0 1
28 168 0 1
31 168 0 1
35 168 0 1
39 168 0 1
40 168 0 1
42 168 0 1
46 168 0 1
47 168 0 1
51 168 0 1
53 168 0 1
57 168 0 1
59 168 0 1
62 168 0 1
63 168 0 1
66 168 0 1
67 168 0 1
68 168 0 1
70 168 0 1
71 168 0 1
73 168 0 1
80 168 0 1
100 168 0 1
101 168 0 1
102 168 0 1
103 168 0 1
109 168 0 1
112 168 0 1
114 168 0 1
116 168 0 1
118 168 0 1
119 168 0 1
4 169 0 1
8 169 0 1
14 169 0 1
4 170 0 1
6 170 0 1
8 170 0 1
14 170 0 1
15 170 0 1
19 170 0 1
28 170 0 1
29 170 0 1
31 170 0 1
35 170 0 1
2 171 0 1
3 171 0 1
5 171 0 1
9 171 0 1
10 171 0 1
12 171 0 1
13 171 0 1
17 171 0 1
18 171 0 1
20 171 0 1
22 171 0 1
25 171 0 1
27 171 0 1
32 171 0 1
34 171 0 1
4 172 0 1
5 172 0 1
6 172 0 1
8 172 0 1
11 172 0 1
15 172 0 1
19 172 0 1
21 172 0 1
23 172 0 1
26 172 0 1
28 172 0 1
29 172 0 1
30 172 0 1
31 172 0 1
35 172 0 1
5 173 0 1
6 173 0 1
11 173 0 1
15 173 0 1
18 173 0 1
21 173 0 1
22 173 0 1
23 173 0 1
29 173 0 1
30 173 0 1
35 173 0 1
74 173 0 1
5 174 0 1
11 174 0 1
13 174 0 1
15 174 0 1
18 174 0 1
21 174 0 1
22 174 0 1
23 174 0 1
29 174 0 1
30 174 0 1
74 174 0 1
5 175 0 1
11 175 0 1
13 175 0 1
18 175 0 1
21 175 0 1
22 175 0 1
23 175 0 1
30 175 0 1
2 176 0 1
3 176 0 1
7 176 0 1
9 176 0 1
10 176 0 1
12 176 0 1
13 176 0 1
16 176 0 1
17 176 0 1
20 176 0 1
24 176 0 1
25 176 0 1
27 176 0 1
32 176 0 1
33 176 0 1
34 176 0 1
36 176 0 1
76 176 0 1
2 177 0 1
3 177 0 1
7 177 0 1
9 177 0 1
10 177 0 1
12 177 0 1
13 177 0 1
16 177 0 1
17 177 0 1
18 177 0 1
20 177 0 1
24 177 0 1
25 177 0 1
27 177 0 1
32 177 0 1
33 177 0 1
34 177 0 1
36 177 0 1
76 177 0 1
77 177 0 1
2 178 0 1
3 178 0 1
7 178 0 1
9 178 0 1
10 178 0 1
12 178 0 1
13 178 0 1
16 178 0 1
17 178 0 1
18 178 0 1
20 178 0 1
24 178 0 1
25 178 0 1
27 178 0 1
32 178 0 1
33 178 0 1
34 178 0 1
36 178 0 1
4 179 0 1
5 179 0 1
6 179 0 1
8 179 0 1
11 179 0 1
14 179 0 1
15 179 0 1
19 179 0 1
21 179 0 1
26 179 0 1
28 179 0 1
29 179 0 1
30 179 0 1
31 179 0 1
35 179 0 1
73 179 0 1
4 180 0 1
5 180 0 1
6 180 0 1
8 180 0 1
11 180 0 1
14 180 0 1
15 180 0 1
19 180 0 1
21 180 0 1
23 180 0 1
26 180 0 1
28 180 0 1
29 180 0 1
30 180 0 1
31 180 0 1
35 180 0 1
4 181 0 1
5 181 0 1
6 181 0 1
8 181 0 1
11 181 0 1
15 181 0 1
19 181 0 1
21 181 0 1
23 181 0 1
26 181 0 1
28 181 0 1
29 181 0 1
30 181 0 1
31 181 0 1
35 181 0 1
74 181 0 1
3 182 0 1
5 182 0 1
11 182 0 1
13 182 0 1
18 182 0 1
20 182 0 1
21 182 0 1
22 182 0 1
23 182 0 1
30 182 0 1
34 182 0 1
74 182 0 1
75 182 0 1
2 183 0 1
3 183 0 1
5 183 0 1
9 183 0 1
10 183 0 1
11 183 0 1
12 183 0 1
13 183 0 1
18 183 0 1
20 183 0 1
22 183 0 1
23 183 0 1
27 183 0 1
30 183 0 1
32 183 0 1
34 183 0 1
5 184 0 1
6 184 0 1
8 184 0 1
11 184 0 1
15 184 0 1
18 184 0 1
21 184 0 1
22 184 0 1
23 184 0 1
26 184 0 1
28 184 0 1
29 184 0 1
30 184 0 1
31 184 0 1
35 184 0 1
72 184 0 1
74 184 0 1
75 184 0 1
4 185 0 1
5 185 0 1
6 185 0 1
8 185 0 1
11 185 0 1
15 185 0 1
19 185 0 1
21 185 0 1
23 185 0 1
26 185 0 1
28 185 0 1
29 185 0 1
30 185 0 1
31 185 0 1
35 185 0 1
73 185 0 1
74 185 0 1
4 186 0 1
6 186 0 1
8 186 0 1
14 186 0 1
15 186 0 1
19 186 0 1
28 186 0 1
31 186 0 1
4 187 0 1
5 187 0 1
6 187 0 1
8 187 0 1
11 187 0 1
14 187 0 1
15 187 0 1
19 187 0 1
21 187 0 1
23 187 0 1
26 187 0 1
28 187 0 1
29 187 0 1
30 187 0 1
31 187 0 1
35 187 0 1
71 187 0 1
73 187 0 1
4 188 0 1
6 188 0 1
8 188 0 1
14 188 0 1
15 188 0 1
19 188 0 1
28 188 0 1
31 188 0 1
35 188 0 1
3 189 0 1
5 189 0 1
9 189 0 1
11 189 0 1
12 189 0 1
13 189 0 1
18 189 0 1
20 189 0 1
21 189 0 1
22 189 0 1
23 189 0 1
27 189 0 1
30 189 0 1
32 189 0 1
34 189 0 1
74 189 0 1
75 189 0 1
77 189 0 1
2 190 0 1
3 190 0 1
7 190 0 1
9 190 0 1
10 190 0 1
12 190 0 1
13 190 0 1
16 190 0 1
17 190 0 1
18 190 0 1
20 190 0 1
22 190 0 1
24 190 0 1
25 190 0 1
27 190 0 1
32 190 0 1
33 190 0 1
34 190 0 1
36 190 0 1
76 190 0 1
77 190 0 1
5 191 0 1
6 191 0 1
11 191 0 1
15 191 0 1
18 191 0 1
21 191 0 1
22 191 0 1
23 191 0 1
26 191 0 1
28 191 0 1
29 191 0 1
30 191 0 1
31 191 0 1
35 191 0 1
71 191 0 1
72 191 0 1
74 191 0 1
75 191 0 1
4 192 0 1
5 192 0 1
6 192 0 1
8 192 0 1
11 192 0 1
14 192 0 1
15 192 0 1
19 192 0 1
21 192 0 1
23 192 0 1
26 192 0 1
28 192 0 1
29 192 0 1
30 192 0 1
31 192 0 1
35 192 0 1
42 192 0 1
46 192 0 1
71 192 0 1
72 192 0 1
73 192 0 1
74 192 0 1
75 192 0 1
5 193 0 1
6 193 0 1
8 193 0 1
11 193 0 1
15 193 0 1
19 193 0 1
21 193 0 1
22 193 0 1
23 193 0 1
26 193 0 1
28 193 0 1
29 193 0 1
30 193 0 1
31 193 0 1
35 193 0 1
42 193 0 1
44 193 0 1
71 193 0 1
72 193 0 1
73 193 0 1
74 193 0 1
75 193 0 1
2 194 0 1
3 194 0 1
5 194 0 1
9 194 0 1
10 194 0 1
12 194 0 1
13 194 0 1
17 194 0 1
18 194 0 1
20 194 0 1
22 194 0 1
25 194 0 1
27 194 0 1
32 194 0 1
34 194 0 1
37 194 0 1
75 194 0 1
77 194 0 1
4 195 0 1
8 195 0 1
14 195 0 1
19 195 0 1
2 196 0 1
3 196 0 1
7 196 0 1
9 196 0 1
10 196 0 1
12 196 0 1
13 196 0 1
16 196 0 1
17 196 0 1
18 196 0 1
20 196 0 1
22 196 0 1
24 196 0 1
25 196 0 1
27 196 0 1
32 196 0 1
33 196 0 1
34 196 0 1
36 196 0 1
37 196 0 1
76 196 0 1
77 196 0 1
4 197 0 1
8 197 0 1
14 197 0 1
19 197 0 1
31 197 0 1
39 197 0 1
3 198 0 1
5 198 0 1
9 198 0 1
11 198 0 1
12 198 0 1
13 198 0 1
18 198 0 1
20 198 0 1
21 198 0 1
22 198 0 1
23 198 0 1
25 198 0 1
27 198 0 1
30 198 0 1
32 198 0 1
34 198 0 1
37 198 0 1
38 198 0 1
41 198 0 1
43 198 0 1
44 198 0 1
45 198 0 1
48 198 0 1
49 198 0 1
69 198 0 1
72 198 0 1
74 198 0 1
75 198 0 1
77 198 0 1
5 199 0 1
6 199 0 1
11 199 0 1
15 199 0 1
19 199 0 1
21 199 0 1
22 199 0 1
23 199 0 1
26 199 0 1
28 199 0 1
29 199 0 1
30 199 0 1
31 199 0 1
35 199 0 1
38 199 0 1
39 199 0 1
40 199 0 1
41 199 0 1
42 199 0 1
43 199 0 1
44 199 0 1
45 199 0 1
46 199 0 1
47 199 0 1
48 199 0 1
49 199 0 1
67 199 0 1
71 199 0 1
72 199 0 1
73 199 0 1
74 199 0 1
75 199 0 1
5 200 0 1
6 200 0 1
11 200 0 1
15 200 0 1
19 200 0 1
21 200 0 1
22 200 0 1
23 200 0 1
26 200 0 1
28 200 0 1
29 200 0 1
30 200 0 1
31 200 0 1
35 200 0 1
38 200 0 1
39 200 0 1
40 200 0 1
41 200 0 1
42 200 0 1
43 200 0 1
44 200 0 1
46 200 0 1
47 200 0 1
48 200 0 1
49 200 0 1
65 200 0 1
67 200 0 1
68 200 0 1
71 200 0 1
72 200 0 1
73 200 0 1
74 200 0 1
75 200 0 1
4 201 0 1
6 201 0 1
8 201 0 1
14 201 0 1
15 201 0 1
19 201 0 1
21 201 0 1
23 201 0 1
26 201 0 1
28 201 0 1
29 201 0 1
30 201 0 1
31 201 0 1
35 201 0 1
39 201 0 1
40 201 0 1
42 201 0 1
46 201 0 1
47 201 0 1
66 201 0 1
67 201 0 1
68 201 0 1
70 201 0 1
71 201 0 1
72 201 0 1
73 201 0 1
74 201 0 1
4 202 0 1
6 202 0 1
8 202 0 1
14 202 0 1
15 202 0 1
19 202 0 1
21 202 0 1
23 202 0 1
26 202 0 1
28 202 0 1
29 202 0 1
31 202 0 1
35 202 0 1
39 202 0 1
40 202 0 1
42 202 0 1
46 202 0 1
66 202 0 1
67 202 0 1
68 202 0 1
70 202 0 1
71 202 0 1
72 202 0 1
73 202 0 1
5 203 0 1
11 203 0 1
13 203 0 1
18 203 0 1
20 203 0 1
21 203 0 1
22 203 0 1
23 203 0 1
26 203 0 1
29 203 0 1
30 203 0 1
37 203 0 1
38 203 0 1
41 203 0 1
43 203 0 1
44 203 0 1
45 203 0 1
46 203 0 1
47 203 0 1
48 203 0 1
49 203 0 1
65 203 0 1
69 203 0 1
72 203 0 1
74 203 0 1
75 203 0 1
77 203 0 1
9 204 0 1
10 204 0 1
12 204 0 1
13 204 0 1
17 204 0 1
18 204 0 1
20 204 0 1
22 204 0 1
24 204 0 1
25 204 0 1
27 204 0 1
32 204 0 1
34 204 0 1
36 204 0 1
37 204 0 1
38 204 0 1
43 204 0 1
45 204 0 1
49 204 0 1
69 204 0 1
75 204 0 1
76 204 0 1
77 204 0 1
6 205 0 1
8 205 0 1
11 205 0 1
15 205 0 1
19 205 0 1
21 205 0 1
23 205 0 1
26 205 0 1
28 205 0 1
29 205 0 1
30 205 0 1
31 205 0 1
35 205 0 1
39 205 0 1
40 205 0 1
41 205 0 1
42 205 0 1
44 205 0 1
46 205 0 1
47 205 0 1
48 205 0 1
49 205 0 1
65 205 0 1
66 205 0 1
67 205 0 1
68 205 0 1
70 205 0 1
71 205 0 1
72 205 0 1
73 205 0 1
74 205 0 1
75 205 0 1
8 206 0 1
14 206 0 1
19 206 0 1
31 206 0 1
39 206 0 1
40 206 0 1
66 206 0 1
73 206 0 1
13 207 0 1
18 207 0 1
20 207 0 1
21 207 0 1
22 207 0 1
23 207 0 1
25 207 0 1
27 207 0 1
30 207 0 1
34 207 0 1
37 207 0 1
38 207 0 1
41 207 0 1
43 207 0 1
44 207 0 1
45 207 0 1
47 207 0 1
48 207 0 1
49 207 0 1
50 207 0 1
65 207 0 1
69 207 0 1
72 207 0 1
74 207 0 1
75 207 0 1
77 207 0 1
6 208 0 1
8 208 0 1
14 208 0 1
15 208 0 1
19 208 0 1
21 208 0 1
23 208 0 1
26 208 0 1
28 208 0 1
29 208 0 1
30 208 0 1
31 208 0 1
35 208 0 1
39 208 0 1
40 208 0 1
42 208 0 1
46 208 0 1
47 208 0 1
66 208 0 1
67 208 0 1
68 208 0 1
70 208 0 1
71 208 0 1
72 208 0 1
73 208 0 1
4 209 0 1
6 209 0 1
8 209 0 1
14 209 0 1
15 209 0 1
19 209 0 1
28 209 0 1
29 209 0 1
31 209 0 1
35 209 0 1
39 209 0 1
40 209 0 1
42 209 0 1
71 209 0 1
73 209 0 1
4 210 0 1
6 210 0 1
8 210 0 1
14 210 0 1
15 210 0 1
19 210 0 1
21 210 0 1
23 210 0 1
26 210 0 1
28 210 0 1
29 210 0 1
30 210 0 1
31 210 0 1
35 210 0 1
39 210 0 1
40 210 0 1
42 210 0 1
46 210 0 1
71 210 0 1
72 210 0 1
73 210 0 1
4 211 0 1
5 211 0 1
6 211 0 1
8 211 0 1
11 211 0 1
15 211 0 1
19 211 0 1
21 211 0 1
23 211 0 1
26 211 0 1
28 211 0 1
29 211 0 1
30 211 0 1
31 211 0 1
35 211 0 1
42 211 0 1
44 211 0 1
46 211 0 1
47 211 0 1
48 211 0 1
71 211 0 1
72 211 0 1
73 211 0 1
74 211 0 1
75 211 0 1
4 212 0 1
6 212 0 1
8 212 0 1
14 212 0 1
15 212 0 1
19 212 0 1
26 212 0 1
28 212 0 1
29 212 0 1
31 212 0 1
35 212 0 1
39 212 0 1
42 212 0 1
71 212 0 1
73 212 0 1
3 213 0 1
5 213 0 1
6 213 0 1
9 213 0 1
11 213 0 1
13 213 0 1
15 213 0 1
18 213 0 1
20 213 0 1
21 213 0 1
22 213 0 1
23 213 0 1
25 213 0 1
26 213 0 1
27 213 0 1
28 213 0 1
29 213 0 1
30 213 0 1
32 213 0 1
34 213 0 1
35 213 0 1
37 213 0 1
38 213 0 1
41 213 0 1
43 213 0 1
44 213 0 1
45 213 0 1
47 213 0 1
48 213 0 1
49 213 0 1
71 213 0 1
72 213 0 1
74 213 0 1
75 213 0 1
77 213 0 1
5 214 0 1
6 214 0 1
8 214 0 1
11 214 0 1
15 214 0 1
18 214 0 1
19 214 0 1
21 214 0 1
22 214 0 1
23 214 0 1
26 214 0 1
28 214 0 1
29 214 0 1
30 214 0 1
31 214 0 1
35 214 0 1
42 214 0 1
43 214 0 1
44 214 0 1
46 214 0 1
47 214 0 1
48 214 0 1
49 214 0 1
71 214 0 1
72 214 0 1
73 214 0 1
74 214 0 1
75 214 0 1
2 215 0 1
3 215 0 1
7 215 0 1
9 215 0 1
10 215 0 1
12 215 0 1
13 215 0 1
16 215 0 1
17 215 0 1
20 215 0 1
24 215 0 1
25 215 0 1
27 215 0 1
32 215 0 1
33 215 0 1
34 215 0 1
36 215 0 1
76 215 0 1
77 215 0 1
5 216 0 1
6 216 0 1
8 216 0 1
11 216 0 1
15 216 0 1
19 216 0 1
21 216 0 1
22 216 0 1
23 216 0 1
26 216 0 1
28 216 0 1
29 216 0 1
30 216 0 1
31 216 0 1
35 216 0 1
39 216 0 1
40 216 0 1
42 216 0 1
43 216 0 1
44 216 0 1
46 216 0 1
47 216 0 1
48 216 0 1
49 216 0 1
71 216 0 1
72 216 0 1
73 216 0 1
74 216 0 1
75 216 0 1
4 217 0 1
8 217 0 1
14 217 0 1
19 217 0 1
31 217 0 1
4 218 0 1
6 218 0 1
8 218 0 1
14 218 0 1
15 218 0 1
19 218 0 1
21 218 0 1
26 218 0 1
28 218 0 1
29 218 0 1
31 218 0 1
35 218 0 1
39 218 0 1
40 218 0 1
42 218 0 1
46 218 0 1
66 218 0 1
68 218 0 1
71 218 0 1
72 218 0 1
73 218 0 1
20 219 0 1
24 219 0 1
25 219 0 1
36 219 0 1
37 219 0 1
50 219 0 1
54 219 0 1
56 219 0 1
58 219 0 1
64 219 0 1
69 219 0 1
76 219 0 1
77 219 0 1
108 219 0 1
113 219 0 1
115 219 0 1
20 220 0 1
24 220 0 1
25 220 0 1
27 220 0 1
34 220 0 1
37 220 0 1
38 220 0 1
41 220 0 1
43 220 0 1
45 220 0 1
50 220 0 1
54 220 0 1
55 220 0 1
56 220 0 1
58 220 0 1
64 220 0 1
69 220 0 1
75 220 0 1
76 220 0 1
77 220 0 1
113 220 0 1
20 221 0 1
24 221 0 1
25 221 0 1
27 221 0 1
32 221 0 1
34 221 0 1
36 221 0 1
37 221 0 1
45 221 0 1
50 221 0 1
54 221 0 1
56 221 0 1
58 221 0 1
64 221 0 1
69 221 0 1
76 221 0 1
77 221 0 1
113 221 0 1
19 222 0 1
26 222 0 1
28 222 0 1
35 222 0 1
39 222 0 1
40 222 0 1
42 222 0 1
46 222 0 1
62 222 0 1
63 222 0 1
66 222 0 1
67 222 0 1
68 222 0 1
70 222 0 1
71 222 0 1
73 222 0 1
109 222 0 1
20 223 0 1
22 223 0 1
25 223 0 1
34 223 0 1
37 223 0 1
38 223 0 1
41 223 0 1
43 223 0 1
44 223 0 1
45 223 0 1
48 223 0 1
49 223 0 1
50 223 0 1
52 223 0 1
54 223 0 1
55 223 0 1
56 223 0 1
58 223 0 1
60 223 0 1
64 223 0 1
65 223 0 1
69 223 0 1
72 223 0 1
74 223 0 1
75 223 0 1
76 223 0 1
77 223 0 1
110 223 0 1
113 223 0 1
20 224 0 1
22 224 0 1
24 224 0 1
25 224 0 1
27 224 0 1
34 224 0 1
37 224 0 1
38 224 0 1
41 224 0 1
43 224 0 1
45 224 0 1
49 224 0 1
50 224 0 1
54 224 0 1
55 224 0 1
56 224 0 1
58 224 0 1
64 224 0 1
69 224 0 1
75 224 0 1
76 224 0 1
77 224 0 1
113 224 0 1
12 225 0 1
13 225 0 1
16 225 0 1
17 225 0 1
20 225 0 1
24 225 0 1
25 225 0 1
27 225 0 1
32 225 0 1
33 225 0 1
34 225 0 1
36 225 0 1
37 225 0 1
50 225 0 1
54 225 0 1
56 225 0 1
58 225 0 1
64 225 0 1
69 225 0 1
76 225 0 1
77 225 0 1
108 225 0 1
6 226 0 1
19 226 0 1
21 226 0 1
23 226 0 1
26 226 0 1
28 226 0 1
29 226 0 1
31 226 0 1
35 226 0 1
39 226 0 1
40 226 0 1
42 226 0 1
46 226 0 1
47 226 0 1
51 226 0 1
62 226 0 1
66 226 0 1
67 226 0 1
68 226 0 1
70 226 0 1
71 226 0 1
72 226 0 1
73 226 0 1
13 227 0 1
18 227 0 1
20 227 0 1
21 227 0 1
22 227 0 1
23 227 0 1
25 227 0 1
27 227 0 1
30 227 0 1
34 227 0 1
37 227 0 1
38 227 0 1
41 227 0 1
43 227 0 1
44 227 0 1
45 227 0 1
47 227 0 1
48 227 0 1
49 227 0 1
50 227 0 1
52 227 0 1
60 227 0 1
65 227 0 1
69 227 0 1
72 227 0 1
74 227 0 1
75 227 0 1
77 227 0 1
14 228 0 1
19 228 0 1
28 228 0 1
31 228 0 1
39 228 0 1
40 228 0 1
42 228 0 1
53 228 0 1
57 228 0 1
66 228 0 1
68 228 0 1
70 228 0 1
71 228 0 1
73 228 0 1
14 229 0 1
57 229 0 1
4 230 0 1
6 230 0 1
8 230 0 1
14 230 0 1
15 230 0 1
19 230 0 1
23 230 0 1
26 230 0 1
28 230 0 1
29 230 0 1
31 230 0 1
35 230 0 1
39 230 0 1
40 230 0 1
42 230 0 1
46 230 0 1
66 230 0 1
67 230 0 1
68 230 0 1
70 230 0 1
71 230 0 1
72 230 0 1
73 230 0 1
9 231 0 1
10 231 0 1
12 231 0 1
13 231 0 1
16 231 0 1
17 231 0 1
18 231 0 1
20 231 0 1
22 231 0 1
24 231 0 1
25 231 0 1
27 231 0 1
32 231 0 1
33 231 0 1
34 231 0 1
36 231 0 1
37 231 0 1
38 231 0 1
43 231 0 1
45 231 0 1
50 231 0 1
56 231 0 1
58 231 0 1
69 231 0 1
75 231 0 1
76 231 0 1
77 231 0 1
12 232 0 1
13 232 0 1
17 232 0 1
18 232 0 1
20 232 0 1
22 232 0 1
24 232 0 1
25 232 0 1
27 232 0 1
32 232 0 1
34 232 0 1
36 232 0 1
37 232 0 1
38 232 0 1
41 232 0 1
43 232 0 1
45 232 0 1
49 232 0 1
50 232 0 1
58 232 0 1
69 232 0 1
75 232 0 1
76 232 0 1
77 232 0 1
13 233 0 1
18 233 0 1
20 233 0 1
22 233 0 1
23 233 0 1
25 233 0 1
27 233 0 1
32 233 0 1
34 233 0 1
37 233 0 1
38 233 0 1
41 233 0 1
43 233 0 1
44 233 0 1
45 233 0 1
48 233 0 1
49 233 0 1
50 233 0 1
65 233 0 1
69 233 0 1
72 233 0 1
74 233 0 1
75 233 0 1
77 233 0 1
6 234 0 1
15 234 0 1
19 234 0 1
21 234 0 1
23 234 0 1
26 234 0 1
28 234 0 1
29 234 0 1
30 234 0 1
31 234 0 1
35 234 0 1
39 234 0 1
40 234 0 1
41 234 0 1
42 234 0 1
44 234 0 1
46 234 0 1
47 234 0 1
48 234 0 1
49 234 0 1
51 234 0 1
52 234 0 1
59 234 0 1
65 234 0 1
66 234 0 1
67 234 0 1
68 234 0 1
70 234 0 1
71 234 0 1
72 234 0 1
73 234 0 1
74 234 0 1
75 234 0 1
13 235 0 1
18 235 0 1
20 235 0 1
21 235 0 1
22 235 0 1
23 235 0 1
30 235 0 1
34 235 0 1
37 235 0 1
38 235 0 1
41 235 0 1
43 235 0 1
44 235 0 1
45 235 0 1
47 235 0 1
48 235 0 1
49 235 0 1
50 235 0 1
52 235 0 1
60 235 0 1
65 235 0 1
69 235 0 1
72 235 0 1
74 235 0 1
75 235 0 1
77 235 0 1
6 236 0 1
8 236 0 1
14 236 0 1
15 236 0 1
19 236 0 1
21 236 0 1
23 236 0 1
26 236 0 1
28 236 0 1
29 236 0 1
31 236 0 1
35 236 0 1
39 236 0 1
40 236 0 1
42 236 0 1
46 236 0 1
47 236 0 1
66 236 0 1
67 236 0 1
68 236 0 1
70 236 0 1
71 236 0 1
72 236 0 1
73 236 0 1
6 237 0 1
8 237 0 1
14 237 0 1
19 237 0 1
28 237 0 1
31 237 0 1
35 237 0 1
39 237 0 1
40 237 0 1
42 237 0 1
66 237 0 1
68 237 0 1
70 237 0 1
71 237 0 1
73 237 0 1
14 238 0 1
19 238 0 1
39 238 0 1
57 238 0 1
66 238 0 1
16 239 0 1
17 239 0 1
20 239 0 1
24 239 0 1
25 239 0 1
27 239 0 1
32 239 0 1
33 239 0 1
34 239 0 1
36 239 0 1
37 239 0 1
56 239 0 1
58 239 0 1
76 239 0 1
77 239 0 1
13 240 0 1
18 240 0 1
20 240 0 1
22 240 0 1
24 240 0 1
25 240 0 1
27 240 0 1
32 240 0 1
34 240 0 1
37 240 0 1
38 240 0 1
41 240 0 1
43 240 0 1
44 240 0 1
45 240 0 1
49 240 0 1
50 240 0 1
58 240 0 1
69 240 0 1
74 240 0 1
75 240 0 1
76 240 0 1
77 240 0 1
53 241 0 1
57 241 0 1
6 242 0 1
14 242 0 1
19 242 0 1
28 242 0 1
29 242 0 1
31 242 0 1
35 242 0 1
39 242 0 1
40 242 0 1
42 242 0 1
46 242 0 1
57 242 0 1
66 242 0 1
67 242 0 1
68 242 0 1
70 242 0 1
71 242 0 1
73 242 0 1
16 243 0 1
17 243 0 1
20 243 0 1
24 243 0 1
25 243 0 1
27 243 0 1
32 243 0 1
33 243 0 1
34 243 0 1
36 243 0 1
56 243 0 1
58 243 0 1
76 243 0 1
77 243 0 1
13 244 0 1
20 244 0 1
22 244 0 1
24 244 0 1
25 244 0 1
27 244 0 1
32 244 0 1
34 244 0 1
36 244 0 1
37 244 0 1
38 244 0 1
41 244 0 1
43 244 0 1
44 244 0 1
45 244 0 1
49 244 0 1
50 244 0 1
54 244 0 1
55 244 0 1
56 244 0 1
58 244 0 1
64 244 0 1
69 244 0 1
75 244 0 1
76 244 0 1
77 244 0 1
54 245 0 1
56 245 0 1
58 245 0 1
64 245 0 1
79 245 0 1
84 245 0 1
85 245 0 1
86 245 0 1
88 245 0 1
94 245 0 1
97 245 0 1
104 245 0 1
108 245 0 1
113 245 0 1
115 245 0 1
53 246 0 1
57 246 0 1
78 246 0 1
100 246 0 1
109 246 0 1
114 246 0 1
116 246 0 1
37 247 0 1
38 247 0 1
41 247 0 1
43 247 0 1
44 247 0 1
45 247 0 1
49 247 0 1
50 247 0 1
52 247 0 1
54 247 0 1
55 247 0 1
56 247 0 1
58 247 0 1
60 247 0 1
64 247 0 1
69 247 0 1
75 247 0 1
77 247 0 1
105 247 0 1
107 247 0 1
110 247 0 1
113 247 0 1
115 247 0 1
117 247 0 1
54 248 0 1
56 248 0 1
58 248 0 1
64 248 0 1
79 248 0 1
84 248 0 1
86 248 0 1
97 248 0 1
104 248 0 1
108 248 0 1
115 248 0 1
37 249 0 1
38 249 0 1
41 249 0 1
43 249 0 1
45 249 0 1
50 249 0 1
54 249 0 1
55 249 0 1
56 249 0 1
58 249 0 1
60 249 0 1
64 249 0 1
69 249 0 1
77 249 0 1
83 249 0 1
85 249 0 1
86 249 0 1
104 249 0 1
105 249 0 1
107 249 0 1
108 249 0 1
110 249 0 1
113 249 0 1
115 249 0 1
117 249 0 1
39 250 0 1
40 250 0 1
41 250 0 1
42 250 0 1
46 250 0 1
47 250 0 1
48 250 0 1
51 250 0 1
52 250 0 1
59 250 0 1
60 250 0 1
61 250 0 1
62 250 0 1
63 250 0 1
65 250 0 1
66 250 0 1
67 250 0 1
68 250 0 1
70 250 0 1
71 250 0 1
72 250 0 1
81 250 0 1
82 250 0 1
91 250 0 1
99 250 0 1
101 250 0 1
102 250 0 1
103 250 0 1
109 250 0 1
111 250 0 1
112 250 0 1
116 250 0 1
118 250 0 1
119 250 0 1
37 251 0 1
38 251 0 1
41 251 0 1
43 251 0 1
44 251 0 1
45 251 0 1
49 251 0 1
50 251 0 1
52 251 0 1
54 251 0 1
55 251 0 1
58 251 0 1
60 251 0 1
61 251 0 1
64 251 0 1
65 251 0 1
69 251 0 1
75 251 0 1
77 251 0 1
83 251 0 1
85 251 0 1
87 251 0 1
98 251 0 1
105 251 0 1
107 251 0 1
110 251 0 1
111 251 0 1
113 251 0 1
117 251 0 1
39 252 0 1
40 252 0 1
42 252 0 1
46 252 0 1
47 252 0 1
51 252 0 1
53 252 0 1
57 252 0 1
59 252 0 1
61 252 0 1
62 252 0 1
63 252 0 1
66 252 0 1
67 252 0 1
68 252 0 1
70 252 0 1
80 252 0 1
81 252 0 1
82 252 0 1
91 252 0 1
92 252 0 1
99 252 0 1
100 252 0 1
101 252 0 1
102 252 0 1
103 252 0 1
109 252 0 1
112 252 0 1
114 252 0 1
116 252 0 1
118 252 0 1
119 252 0 1
37 253 0 1
38 253 0 1
41 253 0 1
43 253 0 1
44 253 0 1
45 253 0 1
47 253 0 1
48 253 0 1
49 253 0 1
50 253 0 1
51 253 0 1
52 253 0 1
55 253 0 1
58 253 0 1
59 253 0 1
60 253 0 1
61 253 0 1
63 253 0 1
64 253 0 1
65 253 0 1
69 253 0 1
72 253 0 1
75 253 0 1
83 253 0 1
87 253 0 1
89 253 0 1
98 253 0 1
99 253 0 1
105 253 0 1
106 253 0 1
107 253 0 1
110 253 0 1
111 253 0 1
112 253 0 1
113 253 0 1
117 253 0 1
39 254 0 1
40 254 0 1
42 254 0 1
46 254 0 1
47 254 0 1
51 254 0 1
52 254 0 1
59 254 0 1
60 254 0 1
61 254 0 1
62 254 0 1
63 254 0 1
65 254 0 1
66 254 0 1
67 254 0 1
68 254 0 1
70 254 0 1
71 254 0 1
81 254 0 1
82 254 0 1
91 254 0 1
92 254 0 1
99 254 0 1
100 254 0 1
101 254 0 1
102 254 0 1
103 254 0 1
109 254 0 1
111 254 0 1
112 254 0 1
116 254 0 1
118 254 0 1
119 254 0 1
1 255 0 1
39 255 0 1
40 255 0 1
41 255 0 1
42 255 0 1
44 255 0 1
46 255 0 1
47 255 0 1
48 255 0 1
49 255 0 1
51 255 0 1
52 255 0 1
59 255 0 1
60 255 0 1
61 255 0 1
62 255 0 1
63 255 0 1
65 255 0 1
66 255 0 1
67 255 0 1
68 255 0 1
70 255 0 1
72 255 0 1
81 255 0 1
82 255 0 1
87 255 0 1
90 255 0 1
91 255 0 1
92 255 0 1
95 255 0 1
96 255 0 1
98 255 0 1
99 255 0 1
101 255 0 1
102 255 0 1
103 255 0 1
106 255 0 1
109 255 0 1
110 255 0 1
111 255 0 1
112 255 0 1
116 255 0 1
117 255 0 1
118 255 0 1
119 255 0 1
154 255 0 1
37 256 0 1
38 256 0 1
41 256 0 1
45 256 0 1
50 256 0 1
52 256 0 1
54 256 0 1
55 256 0 1
58 256 0 1
60 256 0 1
61 256 0 1
64 256 0 1
69 256 0 1
83 256 0 1
85 256 0 1
86 256 0 1
87 256 0 1
88 256 0 1
89 256 0 1
98 256 0 1
104 256 0 1
105 256 0 1
107 256 0 1
110 256 0 1
113 256 0 1
115 256 0 1
117 256 0 1
150 256 0 1
151 256 0 1
38 257 0 1
41 257 0 1
43 257 0 1
44 257 0 1
45 257 0 1
47 257 0 1
48 257 0 1
49 257 0 1
50 257 0 1
51 257 0 1
52 257 0 1
55 257 0 1
59 257 0 1
60 257 0 1
61 257 0 1
62 257 0 1
63 257 0 1
65 257 0 1
69 257 0 1
72 257 0 1
75 257 0 1
82 257 0 1
83 257 0 1
87 257 0 1
89 257 0 1
90 257 0 1
95 257 0 1
98 257 0 1
99 257 0 1
101 257 0 1
105 257 0 1
106 257 0 1
107 257 0 1
110 257 0 1
111 257 0 1
112 257 0 1
113 257 0 1
117 257 0 1
38 258 0 1
39 258 0 1
40 258 0 1
41 258 0 1
42 258 0 1
43 258 0 1
44 258 0 1
45 258 0 1
46 258 0 1
47 258 0 1
48 258 0 1
49 258 0 1
51 258 0 1
52 258 0 1
59 258 0 1
60 258 0 1
61 258 0 1
62 258 0 1
63 258 0 1
65 258 0 1
66 258 0 1
67 258 0 1
68 258 0 1
70 258 0 1
71 258 0 1
72 258 0 1
74 258 0 1
75 258 0 1
81 258 0 1
82 258 0 1
87 258 0 1
90 258 0 1
91 258 0 1
92 258 0 1
96 258 0 1
98 258 0 1
99 258 0 1
101 258 0 1
102 258 0 1
105 258 0 1
106 258 0 1
110 258 0 1
111 258 0 1
112 258 0 1
117 258 0 1
118 258 0 1
119 258 0 1
39 259 0 1
40 259 0 1
53 259 0 1
57 259 0 1
62 259 0 1
63 259 0 1
66 259 0 1
68 259 0 1
70 259 0 1
78 259 0 1
80 259 0 1
81 259 0 1
93 259 0 1
100 259 0 1
102 259 0 1
103 259 0 1
109 259 0 1
112 259 0 1
114 259 0 1
116 259 0 1
118 259 0 1
119 259 0 1
1 260 0 1
51 260 0 1
59 260 0 1
62 260 0 1
63 260 0 1
66 260 0 1
67 260 0 1
68 260 0 1
70 260 0 1
80 260 0 1
81 260 0 1
82 260 0 1
90 260 0 1
91 260 0 1
92 260 0 1
93 260 0 1
96 260 0 1
99 260 0 1
100 260 0 1
101 260 0 1
102 260 0 1
103 260 0 1
109 260 0 1
111 260 0 1
112 260 0 1
114 260 0 1
116 260 0 1
118 260 0 1
119 260 0 1
154 260 0 1
155 260 0 1
156 260 0 1
164 260 0 1
165 260 0 1
50 261 0 1
52 261 0 1
54 261 0 1
55 261 0 1
58 261 0 1
60 261 0 1
61 261 0 1
64 261 0 1
69 261 0 1
83 261 0 1
84 261 0 1
85 261 0 1
86 261 0 1
87 261 0 1
88 261 0 1
89 261 0 1
94 261 0 1
98 261 0 1
104 261 0 1
105 261 0 1
106 261 0 1
107 261 0 1
110 261 0 1
111 261 0 1
113 261 0 1
115 261 0 1
117 261 0 1
122 261 0 1
123 261 0 1
124 261 0 1
150 261 0 1
151 261 0 1
152 261 0 1
153 261 0 1
159 261 0 1
160 261 0 1
162 261 0 1
163 261 0 1
1 262 0 1
50 262 0 1
51 262 0 1
52 262 0 1
55 262 0 1
59 262 0 1
60 262 0 1
61 262 0 1
62 262 0 1
63 262 0 1
65 262 0 1
82 262 0 1
83 262 0 1
87 262 0 1
89 262 0 1
90 262 0 1
91 262 0 1
92 262 0 1
95 262 0 1
96 262 0 1
98 262 0 1
99 262 0 1
101 262 0 1
105 262 0 1
106 262 0 1
107 262 0 1
110 262 0 1
111 262 0 1
112 262 0 1
117 262 0 1
119 262 0 1
123 262 0 1
151 262 0 1
153 262 0 1
154 262 0 1
159 262 0 1
160 262 0 1
161 262 0 1
163 262 0 1
165 262 0 1
166 262 0 1
1 263 0 1
50 263 0 1
51 263 0 1
52 263 0 1
55 263 0 1
59 263 0 1
60 263 0 1
61 263 0 1
65 263 0 1
69 263 0 1
82 263 0 1
83 263 0 1
85 263 0 1
87 263 0 1
89 263 0 1
90 263 0 1
92 263 0 1
95 263 0 1
96 263 0 1
98 263 0 1
99 263 0 1
101 263 0 1
105 263 0 1
106 263 0 1
107 263 0 1
110 263 0 1
111 263 0 1
112 263 0 1
113 263 0 1
117 263 0 1
123 263 0 1
124 263 0 1
128 263 0 1
150 263 0 1
151 263 0 1
153 263 0 1
154 263 0 1
159 263 0 1
160 263 0 1
161 263 0 1
163 263 0 1
165 263 0 1
166 263 0 1
1 264 0 1
63 264 0 1
78 264 0 1
80 264 0 1
81 264 0 1
82 264 0 1
90 264 0 1
91 264 0 1
92 264 0 1
93 264 0 1
96 264 0 1
100 264 0 1
101 264 0 1
102 264 0 1
103 264 0 1
109 264 0 1
112 264 0 1
114 264 0 1
116 264 0 1
118 264 0 1
119 264 0 1
126 264 0 1
141 264 0 1
146 264 0 1
147 264 0 1
148 264 0 1
155 264 0 1
156 264 0 1
164 264 0 1
165 264 0 1
54 265 0 1
79 265 0 1
83 265 0 1
84 265 0 1
85 265 0 1
86 265 0 1
88 265 0 1
94 265 0 1
97 265 0 1
104 265 0 1
105 265 0 1
107 265 0 1
108 265 0 1
113 265 0 1
115 265 0 1
120 265 0 1
121 265 0 1
122 265 0 1
124 265 0 1
125 265 0 1
127 265 0 1
130 265 0 1
132 265 0 1
140 265 0 1
143 265 0 1
144 265 0 1
150 265 0 1
151 265 0 1
152 265 0 1
153 265 0 1
157 265 0 1
158 265 0 1
159 265 0 1
160 265 0 1
162 265 0 1
54 266 0 1
55 266 0 1
64 266 0 1
79 266 0 1
83 266 0 1
84 266 0 1
85 266 0 1
86 266 0 1
87 266 0 1
88 266 0 1
89 266 0 1
94 266 0 1
104 266 0 1
105 266 0 1
107 266 0 1
113 266 0 1
115 266 0 1
117 266 0 1
120 266 0 1
121 266 0 1
122 266 0 1
123 266 0 1
124 266 0 1
125 266 0 1
127 266 0 1
128 266 0 1
130 266 0 1
132 266 0 1
140 266 0 1
143 266 0 1
144 266 0 1
145 266 0 1
149 266 0 1
150 266 0 1
151 266 0 1
152 266 0 1
153 266 0 1
157 266 0 1
158 266 0 1
159 266 0 1
160 266 0 1
162 266 0 1
163 266 0 1
1 267 0 1
53 267 0 1
78 267 0 1
80 267 0 1
81 267 0 1
93 267 0 1
100 267 0 1
102 267 0 1
103 267 0 1
109 267 0 1
114 267 0 1
116 267 0 1
118 267 0 1
126 267 0 1
129 267 0 1
141 267 0 1
146 267 0 1
147 267 0 1
148 267 0 1
155 267 0 1
156 267 0 1
1 268 0 1
53 268 0 1
78 268 0 1
80 268 0 1
81 268 0 1
91 268 0 1
93 268 0 1
100 268 0 1
102 268 0 1
103 268 0 1
109 268 0 1
114 268 0 1
116 268 0 1
118 268 0 1
126 268 0 1
129 268 0 1
141 268 0 1
146 268 0 1
147 268 0 1
148 268 0 1
155 268 0 1
156 268 0 1
164 268 0 1
53 269 0 1
78 269 0 1
80 269 0 1
93 269 0 1
100 269 0 1
103 269 0 1
114 269 0 1
116 269 0 1
126 269 0 1
129 269 0 1
141 269 0 1
146 269 0 1
155 269 0 1
1 270 0 1
78 270 0 1
80 270 0 1
81 270 0 1
91 270 0 1
93 270 0 1
100 270 0 1
102 270 0 1
103 270 0 1
109 270 0 1
114 270 0 1
116 270 0 1
118 270 0 1
119 270 0 1
126 270 0 1
129 270 0 1
133 270 0 1
141 270 0 1
146 270 0 1
147 270 0 1
148 270 0 1
155 270 0 1
156 270 0 1
164 270 0 1
53 271 0 1
78 271 0 1
80 271 0 1
93 271 0 1
100 271 0 1
103 271 0 1
114 271 0 1
116 271 0 1
126 271 0 1
129 271 0 1
141 271 0 1
146 271 0 1
148 271 0 1
155 271 0 1
156 271 0 1
78 272 0 1
80 272 0 1
93 272 0 1
100 272 0 1
103 272 0 1
114 272 0 1
116 272 0 1
126 272 0 1
129 272 0 1
133 272 0 1
134 272 0 1
135 272 0 1
141 272 0 1
146 272 0 1
147 272 0 1
148 272 0 1
155 272 0 1
156 272 0 1
1 273 0 1
78 273 0 1
80 273 0 1
81 273 0 1
91 273 0 1
93 273 0 1
100 273 0 1
102 273 0 1
103 273 0 1
114 273 0 1
116 273 0 1
118 273 0 1
126 273 0 1
129 273 0 1
133 273 0 1
134 273 0 1
135 273 0 1
138 273 0 1
141 273 0 1
146 273 0 1
147 273 0 1
148 273 0 1
155 273 0 1
156 273 0 1
164 273 0 1
1 274 0 1
83 274 0 1
84 274 0 1
85 274 0 1
86 274 0 1
87 274 0 1
88 274 0 1
89 274 0 1
94 274 0 1
98 274 0 1
104 274 0 1
105 274 0 1
107 274 0 1
113 274 0 1
117 274 0 1
120 274 0 1
121 274 0 1
122 274 0 1
123 274 0 1
124 274 0 1
125 274 0 1
127 274 0 1
128 274 0 1
130 274 0 1
132 274 0 1
136 274 0 1
140 274 0 1
143 274 0 1
144 274 0 1
145 274 0 1
149 274 0 1
150 274 0 1
151 274 0 1
152 274 0 1
153 274 0 1
157 274 0 1
158 274 0 1
159 274 0 1
160 274 0 1
162 274 0 1
163 274 0 1
79 275 0 1
83 275 0 1
84 275 0 1
85 275 0 1
86 275 0 1
87 275 0 1
88 275 0 1
89 275 0 1
94 275 0 1
104 275 0 1
105 275 0 1
107 275 0 1
115 275 0 1
120 275 0 1
121 275 0 1
122 275 0 1
123 275 0 1
124 275 0 1
125 275 0 1
127 275 0 1
130 275 0 1
131 275 0 1
132 275 0 1
140 275 0 1
143 275 0 1
144 275 0 1
145 275 0 1
149 275 0 1
150 275 0 1
151 275 0 1
152 275 0 1
153 275 0 1
157 275 0 1
158 275 0 1
159 275 0 1
160 275 0 1
162 275 0 1
163 275 0 1
50 276 0 1
54 276 0 1
55 276 0 1
58 276 0 1
64 276 0 1
83 276 0 1
84 276 0 1
85 276 0 1
86 276 0 1
87 276 0 1
88 276 0 1
89 276 0 1
94 276 0 1
98 276 0 1
104 276 0 1
105 276 0 1
106 276 0 1
107 276 0 1
110 276 0 1
113 276 0 1
115 276 0 1
117 276 0 1
120 276 0 1
121 276 0 1
122 276 0 1
123 276 0 1
124 276 0 1
125 276 0 1
127 276 0 1
128 276 0 1
140 276 0 1
150 276 0 1
151 276 0 1
152 276 0 1
153 276 0 1
158 276 0 1
159 276 0 1
160 276 0 1
162 276 0 1
163 276 0 1
1 277 0 1
51 277 0 1
59 277 0 1
61 277 0 1
62 277 0 1
63 277 0 1
70 277 0 1
80 277 0 1
81 277 0 1
82 277 0 1
87 277 0 1
90 277 0 1
91 277 0 1
92 277 0 1
95 277 0 1
96 277 0 1
98 277 0 1
99 277 0 1
101 277 0 1
102 277 0 1
103 277 0 1
106 277 0 1
109 277 0 1
111 277 0 1
112 277 0 1
116 277 0 1
118 277 0 1
119 277 0 1
142 277 0 1
154 277 0 1
155 277 0 1
156 277 0 1
161 277 0 1
164 277 0 1
165 277 0 1
166 277 0 1
1 278 0 1
53 278 0 1
57 278 0 1
78 278 0 1
80 278 0 1
81 278 0 1
91 278 0 1
93 278 0 1
100 278 0 1
102 278 0 1
103 278 0 1
109 278 0 1
114 278 0 1
116 278 0 1
118 278 0 1
119 278 0 1
126 278 0 1
141 278 0 1
155 278 0 1
156 278 0 1
1 279 0 1
62 279 0 1
63 279 0 1
70 279 0 1
78 279 0 1
80 279 0 1
81 279 0 1
82 279 0 1
90 279 0 1
91 279 0 1
92 279 0 1
93 279 0 1
96 279 0 1
99 279 0 1
100 279 0 1
101 279 0 1
102 279 0 1
103 279 0 1
109 279 0 1
112 279 0 1
114 279 0 1
116 279 0 1
118 279 0 1
119 279 0 1
126 279 0 1
141 279 0 1
147 279 0 1
154 279 0 1
155 279 0 1
156 279 0 1
164 279 0 1
165 279 0 1
53 280 0 1
57 280 0 1
78 280 0 1
80 280 0 1
93 280 0 1
100 280 0 1
102 280 0 1
103 280 0 1
109 280 0 1
114 280 0 1
116 280 0 1
118 280 0 1
126 280 0 1
129 280 0 1
141 280 0 1
155 280 0 1
156 280 0 1
50 281 0 1
54 281 0 1
55 281 0 1
56 281 0 1
58 281 0 1
64 281 0 1
79 281 0 1
83 281 0 1
84 281 0 1
85 281 0 1
86 281 0 1
87 281 0 1
88 281 0 1
89 281 0 1
94 281 0 1
97 281 0 1
104 281 0 1
105 281 0 1
107 281 0 1
108 281 0 1
110 281 0 1
113 281 0 1
115 281 0 1
117 281 0 1
120 281 0 1
121 281 0 1
122 281 0 1
124 281 0 1
125 281 0 1
140 281 0 1
150 281 0 1
151 281 0 1
152 281 0 1
153 281 0 1
157 281 0 1
158 281 0 1
159 281 0 1
160 281 0 1
162 281 0 1
1 282 0 1
51 282 0 1
59 282 0 1
61 282 0 1
62 282 0 1
63 282 0 1
68 282 0 1
70 282 0 1
80 282 0 1
81 282 0 1
82 282 0 1
90 282 0 1
91 282 0 1
92 282 0 1
93 282 0 1
95 282 0 1
96 282 0 1
99 282 0 1
100 282 0 1
101 282 0 1
102 282 0 1
103 282 0 1
106 282 0 1
109 282 0 1
111 282 0 1
112 282 0 1
116 282 0 1
118 282 0 1
119 282 0 1
126 282 0 1
154 282 0 1
155 282 0 1
156 282 0 1
161 282 0 1
164 282 0 1
165 282 0 1
166 282 0 1
1 283 0 1
53 283 0 1
62 283 0 1
63 283 0 1
70 283 0 1
78 283 0 1
80 283 0 1
81 283 0 1
82 283 0 1
91 283 0 1
92 283 0 1
93 283 0 1
96 283 0 1
99 283 0 1
100 283 0 1
101 283 0 1
102 283 0 1
103 283 0 1
109 283 0 1
112 283 0 1
114 283 0 1
116 283 0 1
118 283 0 1
119 283 0 1
126 283 0 1
155 283 0 1
156 283 0 1
164 283 0 1
1 284 0 1
83 284 0 1
87 284 0 1
89 284 0 1
90 284 0 1
95 284 0 1
96 284 0 1
98 284 0 1
105 284 0 1
106 284 0 1
121 284 0 1
122 284 0 1
123 284 0 1
124 284 0 1
125 284 0 1
127 284 0 1
128 284 0 1
130 284 0 1
132 284 0 1
136 284 0 1
139 284 0 1
140 284 0 1
142 284 0 1
143 284 0 1
144 284 0 1
145 284 0 1
149 284 0 1
150 284 0 1
151 284 0 1
153 284 0 1
154 284 0 1
159 284 0 1
160 284 0 1
161 284 0 1
163 284 0 1
165 284 0 1
166 284 0 1
1 285 0 1
78 285 0 1
80 285 0 1
93 285 0 1
103 285 0 1
126 285 0 1
129 285 0 1
133 285 0 1
134 285 0 1
135 285 0 1
138 285 0 1
141 285 0 1
146 285 0 1
147 285 0 1
148 285 0 1
155 285 0 1
156 285 0 1
164 285 0 1
121 286 0 1
131 286 0 1
132 286 0 1
143 286 0 1
157 286 0 1
120 287 0 1
121 287 0 1
125 287 0 1
130 287 0 1
131 287 0 1
132 287 0 1
140 287 0 1
143 287 0 1
144 287 0 1
157 287 0 1
120 288 0 1
121 288 0 1
122 288 0 1
125 288 0 1
131 288 0 1
132 288 0 1
143 288 0 1
144 288 0 1
157 288 0 1
158 288 0 1
162 288 0 1
1 289 0 1
126 289 0 1
129 289 0 1
133 289 0 1
134 289 0 1
135 289 0 1
138 289 0 1
141 289 0 1
146 289 0 1
147 289 0 1
148 289 0 1
1 290 0 1
93 290 0 1
126 290 0 1
129 290 0 1
133 290 0 1
134 290 0 1
135 290 0 1
137 290 0 1
138 290 0 1
141 290 0 1
146 290 0 1
147 290 0 1
148 290 0 1
155 290 0 1
156 290 0 1
164 290 0 1
1 291 0 1
126 291 0 1
129 291 0 1
133 291 0 1
134 291 0 1
135 291 0 1
138 291 0 1
141 291 0 1
146 291 0 1
147 291 0 1
148 291 0 1
155 291 0 1
156 291 0 1
120 292 0 1
121 292 0 1
122 292 0 1
124 292 0 1
125 292 0 1
127 292 0 1
130 292 0 1
131 292 0 1
132 292 0 1
136 292 0 1
140 292 0 1
143 292 0 1
144 292 0 1
145 292 0 1
149 292 0 1
157 292 0 1
162 292 0 1
1 293 0 1
120 293 0 1
121 293 0 1
122 293 0 1
123 293 0 1
124 293 0 1
125 293 0 1
127 293 0 1
128 293 0 1
130 293 0 1
131 293 0 1
132 293 0 1
136 293 0 1
139 293 0 1
140 293 0 1
143 293 0 1
144 293 0 1
145 293 0 1
149 293 0 1
151 293 0 1
159 293 0 1
160 293 0 1
162 293 0 1
163 293 0 1
1 294 0 1
120 294 0 1
121 294 0 1
122 294 0 1
123 294 0 1
124 294 0 1
125 294 0 1
127 294 0 1
128 294 0 1
130 294 0 1
131 294 0 1
132 294 0 1
136 294 0 1
140 294 0 1
143 294 0 1
144 294 0 1
145 294 0 1
149 294 0 1
150 294 0 1
159 294 0 1
162 294 0 1
163 294 0 1
1 295 0 1
126 295 0 1
129 295 0 1
133 295 0 1
134 295 0 1
135 295 0 1
137 295 0 1
138 295 0 1
141 295 0 1
146 295 0 1
147 295 0 1
148 295 0 1
156 295 0 1
79 296 0 1
84 296 0 1
85 296 0 1
86 296 0 1
88 296 0 1
94 296 0 1
104 296 0 1
120 296 0 1
121 296 0 1
122 296 0 1
124 296 0 1
125 296 0 1
130 296 0 1
131 296 0 1
132 296 0 1
140 296 0 1
143 296 0 1
144 296 0 1
149 296 0 1
150 296 0 1
151 296 0 1
152 296 0 1
157 296 0 1
158 296 0 1
159 296 0 1
162 296 0 1
79 297 0 1
84 297 0 1
86 297 0 1
88 297 0 1
94 297 0 1
120 297 0 1
121 297 0 1
122 297 0 1
125 297 0 1
131 297 0 1
132 297 0 1
140 297 0 1
143 297 0 1
144 297 0 1
150 297 0 1
152 297 0 1
157 297 0 1
158 297 0 1
162 297 0 1
78 298 0 1
93 298 0 1
126 298 0 1
129 298 0 1
133 298 0 1
134 298 0 1
135 298 0 1
138 298 0 1
141 298 0 1
146 298 0 1
147 298 0 1
148 298 0 1
1 299 0 1
78 299 0 1
93 299 0 1
126 299 0 1
129 299 0 1
133 299 0 1
134 299 0 1
135 299 0 1
138 299 0 1
141 299 0 1
146 299 0 1
147 299 0 1
148 299 0 1
155 299 0 1
86 300 0 1
88 300 0 1
94 300 0 1
120 300 0 1
121 300 0 1
122 300 0 1
124 300 0 1
125 300 0 1
130 300 0 1
131 300 0 1
132 300 0 1
140 300 0 1
143 300 0 1
144 300 0 1
145 300 0 1
149 300 0 1
150 300 0 1
151 300 0 1
152 300 0 1
157 300 0 1
158 300 0 1
159 300 0 1
162 300 0 1
1 301 0 1
85 301 0 1
86 301 0 1
88 301 0 1
94 301 0 1
120 301 0 1
121 301 0 1
122 301 0 1
123 301 0 1
124 301 0 1
125 301 0 1
127 301 0 1
130 301 0 1
131 301 0 1
132 301 0 1
136 301 0 1
140 301 0 1
143 301 0 1
144 301 0 1
145 301 0 1
149 301 0 1
150 301 0 1
151 301 0 1
152 301 0 1
153 301 0 1
157 301 0 1
158 301 0 1
159 301 0 1
160 301 0 1
162 301 0 1
1 302 0 1
78 302 0 1
93 302 0 1
126 302 0 1
129 302 0 1
133 302 0 1
134 302 0 1
135 302 0 1
138 302 0 1
141 302 0 1
146 302 0 1
147 302 0 1
148 302 0 1
155 302 0 1
156 302 0 1
79 303 0 1
84 303 0 1
85 303 0 1
86 303 0 1
88 303 0 1
94 303 0 1
97 303 0 1
104 303 0 1
115 303 0 1
120 303 0 1
121 303 0 1
122 303 0 1
131 303 0 1
132 303 0 1
143 303 0 1
144 303 0 1
152 303 0 1
157 303 0 1
158 303 0 1
162 303 0 1
1 304 0 1
78 304 0 1
80 304 0 1
93 304 0 1
126 304 0 1
129 304 0 1
133 304 0 1
134 304 0 1
135 304 0 1
138 304 0 1
141 304 0 1
146 304 0 1
147 304 0 1
148 304 0 1
155 304 0 1
156 304 0 1
78 305 0 1
80 305 0 1
93 305 0 1
100 305 0 1
103 305 0 1
114 305 0 1
126 305 0 1
129 305 0 1
133 305 0 1
134 305 0 1
135 305 0 1
138 305 0 1
141 305 0 1
146 305 0 1
147 305 0 1
148 305 0 1
155 305 0 1
156 305 0 1
1 306 0 1
82 306 0 1
83 306 0 1
85 306 0 1
87 306 0 1
89 306 0 1
90 306 0 1
92 306 0 1
95 306 0 1
96 306 0 1
98 306 0 1
99 306 0 1
105 306 0 1
106 306 0 1
107 306 0 1
117 306 0 1
121 306 0 1
122 306 0 1
123 306 0 1
124 306 0 1
125 306 0 1
127 306 0 1
128 306 0 1
130 306 0 1
132 306 0 1
136 306 0 1
139 306 0 1
140 306 0 1
142 306 0 1
143 306 0 1
144 306 0 1
145 306 0 1
149 306 0 1
150 306 0 1
151 306 0 1
153 306 0 1
154 306 0 1
159 306 0 1
160 306 0 1
161 306 0 1
163 306 0 1
165 306 0 1
166 306 0 1
1 307 0 1
78 307 0 1
80 307 0 1
81 307 0 1
91 307 0 1
93 307 0 1
100 307 0 1
102 307 0 1
103 307 0 1
109 307 0 1
114 307 0 1
116 307 0 1
118 307 0 1
126 307 0 1
129 307 0 1
133 307 0 1
134 307 0 1
135 307 0 1
138 307 0 1
141 307 0 1
146 307 0 1
147 307 0 1
148 307 0 1
155 307 0 1
156 307 0 1
164 307 0 1
1 308 0 1
78 308 0 1
80 308 0 1
81 308 0 1
91 308 0 1
92 308 0 1
93 308 0 1
100 308 0 1
102 308 0 1
103 308 0 1
109 308 0 1
114 308 0 1
116 308 0 1
118 308 0 1
119 308 0 1
126 308 0 1
129 308 0 1
133 308 0 1
134 308 0 1
135 308 0 1
137 308 0 1
138 308 0 1
141 308 0 1
142 308 0 1
146 308 0 1
147 308 0 1
148 308 0 1
155 308 0 1
156 308 0 1
164 308 0 1
165 308 0 1
1 309 0 1
78 309 0 1
80 309 0 1
81 309 0 1
91 309 0 1
93 309 0 1
103 309 0 1
126 309 0 1
129 309 0 1
133 309 0 1
134 309 0 1
135 309 0 1
137 309 0 1
138 309 0 1
141 309 0 1
146 309 0 1
147 309 0 1
148 309 0 1
155 309 0 1
156 309 0 1
164 309 0 1
79 310 0 1
84 310 0 1
85 310 0 1
86 310 0 1
88 310 0 1
94 310 0 1
104 310 0 1
120 310 0 1
121 310 0 1
122 310 0 1
125 310 0 1
131 310 0 1
132 310 0 1
140 310 0 1
143 310 0 1
144 310 0 1
150 310 0 1
152 310 0 1
157 310 0 1
158 310 0 1
162 310 0 1
50 311 0 1
52 311 0 1
54 311 0 1
55 311 0 1
58 311 0 1
60 311 0 1
64 311 0 1
69 311 0 1
83 311 0 1
84 311 0 1
85 311 0 1
86 311 0 1
87 311 0 1
88 311 0 1
89 311 0 1
94 311 0 1
98 311 0 1
104 311 0 1
105 311 0 1
106 311 0 1
107 311 0 1
110 311 0 1
111 311 0 1
113 311 0 1
115 311 0 1
117 311 0 1
150 311 0 1
151 311 0 1
152 311 0 1
153 311 0 1
159 311 0 1
160 311 0 1
53 312 0 1
57 312 0 1
62 312 0 1
66 312 0 1
68 312 0 1
70 312 0 1
78 312 0 1
80 312 0 1
81 312 0 1
91 312 0 1
93 312 0 1
100 312 0 1
102 312 0 1
103 312 0 1
109 312 0 1
112 312 0 1
114 312 0 1
116 312 0 1
118 312 0 1
119 312 0 1
155 312 0 1
156 312 0 1
1 313 0 1
40 313 0 1
46 313 0 1
47 313 0 1
51 313 0 1
52 313 0 1
59 313 0 1
60 313 0 1
61 313 0 1
62 313 0 1
63 313 0 1
65 313 0 1
66 313 0 1
67 313 0 1
68 313 0 1
70 313 0 1
80 313 0 1
81 313 0 1
82 313 0 1
87 313 0 1
90 313 0 1
91 313 0 1
92 313 0 1
95 313 0 1
96 313 0 1
98 313 0 1
99 313 0 1
100 313 0 1
101 313 0 1
102 313 0 1
103 313 0 1
106 313 0 1
109 313 0 1
111 313 0 1
112 313 0 1
116 313 0 1
118 313 0 1
119 313 0 1
154 313 0 1
155 313 0 1
156 313 0 1
161 313 0 1
164 313 0 1
53 314 0 1
57 314 0 1
66 314 0 1
70 314 0 1
78 314 0 1
80 314 0 1
93 314 0 1
100 314 0 1
102 314 0 1
103 314 0 1
109 314 0 1
114 314 0 1
116 314 0 1
118 314 0 1
50 315 0 1
54 315 0 1
55 315 0 1
56 315 0 1
58 315 0 1
64 315 0 1
79 315 0 1
83 315 0 1
84 315 0 1
85 315 0 1
86 315 0 1
88 315 0 1
94 315 0 1
97 315 0 1
104 315 0 1
105 315 0 1
107 315 0 1
108 315 0 1
113 315 0 1
115 315 0 1
152 315 0 1
158 315 0 1
50 316 0 1
54 316 0 1
55 316 0 1
56 316 0 1
58 316 0 1
64 316 0 1
69 316 0 1
83 316 0 1
84 316 0 1
85 316 0 1
86 316 0 1
88 316 0 1
94 316 0 1
97 316 0 1
104 316 0 1
105 316 0 1
107 316 0 1
108 316 0 1
110 316 0 1
113 316 0 1
115 316 0 1
117 316 0 1
150 316 0 1
151 316 0 1
152 316 0 1
1 317 0 1
38 317 0 1
41 317 0 1
43 317 0 1
44 317 0 1
45 317 0 1
46 317 0 1
47 317 0 1
48 317 0 1
49 317 0 1
50 317 0 1
51 317 0 1
52 317 0 1
55 317 0 1
59 317 0 1
60 317 0 1
61 317 0 1
62 317 0 1
63 317 0 1
65 317 0 1
67 317 0 1
69 317 0 1
72 317 0 1
82 317 0 1
83 317 0 1
87 317 0 1
89 317 0 1
90 317 0 1
91 317 0 1
92 317 0 1
95 317 0 1
96 317 0 1
98 317 0 1
99 317 0 1
101 317 0 1
105 317 0 1
106 317 0 1
107 317 0 1
110 317 0 1
111 317 0 1
112 317 0 1
117 317 0 1
119 317 0 1
153 317 0 1
154 317 0 1
161 317 0 1
166 317 0 1
37 318 0 1
38 318 0 1
41 318 0 1
45 318 0 1
50 318 0 1
52 318 0 1
54 318 0 1
55 318 0 1
58 318 0 1
60 318 0 1
61 318 0 1
64 318 0 1
69 318 0 1
83 318 0 1
85 318 0 1
86 318 0 1
87 318 0 1
88 318 0 1
89 318 0 1
98 318 0 1
104 318 0 1
105 318 0 1
106 318 0 1
107 318 0 1
110 318 0 1
111 318 0 1
113 318 0 1
115 318 0 1
117 318 0 1
150 318 0 1
151 318 0 1
153 318 0 1
159 318 0 1
1 319 0 1
39 319 0 1
40 319 0 1
46 319 0 1
51 319 0 1
59 319 0 1
62 319 0 1
63 319 0 1
66 319 0 1
67 319 0 1
68 319 0 1
70 319 0 1
80 319 0 1
81 319 0 1
82 319 0 1
90 319 0 1
91 319 0 1
92 319 0 1
93 319 0 1
96 319 0 1
99 319 0 1
100 319 0 1
101 319 0 1
102 319 0 1
103 319 0 1
109 319 0 1
112 319 0 1
116 319 0 1
118 319 0 1
119 319 0 1
155 319 0 1
156 319 0 1
1 320 0 1
39 320 0 1
40 320 0 1
42 320 0 1
46 320 0 1
47 320 0 1
51 320 0 1
52 320 0 1
59 320 0 1
61 320 0 1
62 320 0 1
63 320 0 1
65 320 0 1
66 320 0 1
67 320 0 1
68 320 0 1
70 320 0 1
80 320 0 1
81 320 0 1
82 320 0 1
90 320 0 1
91 320 0 1
92 320 0 1
96 320 0 1
99 320 0 1
100 320 0 1
101 320 0 1
102 320 0 1
103 320 0 1
109 320 0 1
111 320 0 1
112 320 0 1
116 320 0 1
118 320 0 1
119 320 0 1
38 321 0 1
41 321 0 1
50 321 0 1
52 321 0 1
54 321 0 1
55 321 0 1
58 321 0 1
59 321 0 1
60 321 0 1
61 321 0 1
64 321 0 1
65 321 0 1
69 321 0 1
83 321 0 1
85 321 0 1
86 321 0 1
87 321 0 1
88 321 0 1
89 321 0 1
98 321 0 1
99 321 0 1
104 321 0 1
105 321 0 1
106 321 0 1
107 321 0 1
110 321 0 1
111 321 0 1
113 321 0 1
117 321 0 1
150 321 0 1
151 321 0 1
153 321 0 1
159 321 0 1
160 321 0 1
1 322 0 1
41 322 0 1
50 322 0 1
51 322 0 1
52 322 0 1
55 322 0 1
59 322 0 1
60 322 0 1
61 322 0 1
62 322 0 1
63 322 0 1
65 322 0 1
69 322 0 1
82 322 0 1
83 322 0 1
87 322 0 1
89 322 0 1
90 322 0 1
92 322 0 1
95 322 0 1
96 322 0 1
98 322 0 1
99 322 0 1
101 322 0 1
105 322 0 1
106 322 0 1
107 322 0 1
110 322 0 1
111 322 0 1
112 322 0 1
113 322 0 1
117 322 0 1
119 322 0 1
151 322 0 1
153 322 0 1
154 322 0 1
159 322 0 1
160 322 0 1
161 322 0 1
163 322 0 1
166 322 0 1
1 323 0 1
40 323 0 1
51 323 0 1
59 323 0 1
61 323 0 1
62 323 0 1
63 323 0 1
66 323 0 1
67 323 0 1
68 323 0 1
70 323 0 1
80 323 0 1
81 323 0 1
82 323 0 1
90 323 0 1
91 323 0 1
92 323 0 1
93 323 0 1
95 323 0 1
96 323 0 1
99 323 0 1
100 323 0 1
101 323 0 1
102 323 0 1
103 323 0 1
106 323 0 1
109 323 0 1
111 323 0 1
112 323 0 1
116 323 0 1
118 323 0 1
119 323 0 1
154 323 0 1
155 323 0 1
156 323 0 1
161 323 0 1
164 323 0 1
165 323 0 1
50 324 0 1
54 324 0 1
55 324 0 1
56 324 0 1
58 324 0 1
64 324 0 1
79 324 0 1
83 324 0 1
84 324 0 1
85 324 0 1
86 324 0 1
88 324 0 1
94 324 0 1
97 324 0 1
104 324 0 1
105 324 0 1
107 324 0 1
108 324 0 1
113 324 0 1
115 324 0 1
117 324 0 1
120 324 0 1
121 324 0 1
122 324 0 1
150 324 0 1
151 324 0 1
152 324 0 1
157 324 0 1
158 324 0 1
159 324 0 1
162 324 0 1
53 325 0 1
57 325 0 1
70 325 0 1
78 325 0 1
80 325 0 1
81 325 0 1
91 325 0 1
93 325 0 1
100 325 0 1
102 325 0 1
103 325 0 1
109 325 0 1
114 325 0 1
116 325 0 1
118 325 0 1
119 325 0 1
126 325 0 1
155 325 0 1
156 325 0 1
26 326 0 1
39 326 0 1
40 326 0 1
42 326 0 1
46 326 0 1
47 326 0 1
48 326 0 1
51 326 0 1
52 326 0 1
59 326 0 1
61 326 0 1
62 326 0 1
63 326 0 1
65 326 0 1
66 326 0 1
67 326 0 1
68 326 0 1
70 326 0 1
71 326 0 1
72 326 0 1
73 326 0 1
99 326 0 1
101 326 0 1
102 326 0 1
109 326 0 1
112 326 0 1
116 326 0 1
118 326 0 1
119 326 0 1
22 327 0 1
23 327 0 1
37 327 0 1
38 327 0 1
41 327 0 1
43 327 0 1
44 327 0 1
45 327 0 1
47 327 0 1
48 327 0 1
49 327 0 1
50 327 0 1
51 327 0 1
52 327 0 1
55 327 0 1
58 327 0 1
59 327 0 1
60 327 0 1
61 327 0 1
64 327 0 1
65 327 0 1
69 327 0 1
72 327 0 1
74 327 0 1
75 327 0 1
77 327 0 1
105 327 0 1
110 327 0 1
111 327 0 1
113 327 0 1
117 327 0 1
25 328 0 1
37 328 0 1
38 328 0 1
41 328 0 1
43 328 0 1
44 328 0 1
45 328 0 1
48 328 0 1
49 328 0 1
50 328 0 1
52 328 0 1
54 328 0 1
55 328 0 1
58 328 0 1
60 328 0 1
61 328 0 1
64 328 0 1
65 328 0 1
69 328 0 1
72 328 0 1
74 328 0 1
75 328 0 1
77 328 0 1
105 328 0 1
107 328 0 1
110 328 0 1
111 328 0 1
113 328 0 1
117 328 0 1
19 329 0 1
21 329 0 1
23 329 0 1
26 329 0 1
29 329 0 1
35 329 0 1
39 329 0 1
40 329 0 1
41 329 0 1
42 329 0 1
44 329 0 1
46 329 0 1
47 329 0 1
48 329 0 1
51 329 0 1
52 329 0 1
59 329 0 1
60 329 0 1
61 329 0 1
62 329 0 1
63 329 0 1
65 329 0 1
66 329 0 1
67 329 0 1
68 329 0 1
70 329 0 1
71 329 0 1
72 329 0 1
73 329 0 1
74 329 0 1
109 329 0 1
112 329 0 1
118 329 0 1
119 329 0 1
24 330 0 1
25 330 0 1
54 330 0 1
56 330 0 1
58 330 0 1
64 330 0 1
76 330 0 1
97 330 0 1
104 330 0 1
108 330 0 1
115 330 0 1
24 331 0 1
25 331 0 1
54 331 0 1
56 331 0 1
58 331 0 1
64 331 0 1
76 331 0 1
77 331 0 1
108 331 0 1
113 331 0 1
115 331 0 1
20 332 0 1
24 332 0 1
25 332 0 1
37 332 0 1
45 332 0 1
50 332 0 1
54 332 0 1
55 332 0 1
56 332 0 1
58 332 0 1
64 332 0 1
69 332 0 1
76 332 0 1
77 332 0 1
108 332 0 1
113 332 0 1
115 332 0 1
20 333 0 1
22 333 0 1
25 333 0 1
37 333 0 1
38 333 0 1
41 333 0 1
43 333 0 1
44 333 0 1
45 333 0 1
48 333 0 1
49 333 0 1
50 333 0 1
52 333 0 1
54 333 0 1
55 333 0 1
58 333 0 1
60 333 0 1
61 333 0 1
64 333 0 1
65 333 0 1
69 333 0 1
72 333 0 1
74 333 0 1
75 333 0 1
77 333 0 1
110 333 0 1
113 333 0 1
117 333 0 1
21 334 0 1
23 334 0 1
26 334 0 1
39 334 0 1
40 334 0 1
41 334 0 1
42 334 0 1
44 334 0 1
46 334 0 1
47 334 0 1
48 334 0 1
49 334 0 1
51 334 0 1
52 334 0 1
59 334 0 1
60 334 0 1
61 334 0 1
62 334 0 1
63 334 0 1
65 334 0 1
66 334 0 1
67 334 0 1
68 334 0 1
70 334 0 1
71 334 0 1
72 334 0 1
73 334 0 1
74 334 0 1
75 334 0 1
101 334 0 1
111 334 0 1
112 334 0 1
119 334 0 1
19 335 0 1
39 335 0 1
40 335 0 1
42 335 0 1
46 335 0 1
53 335 0 1
57 335 0 1
62 335 0 1
63 335 0 1
66 335 0 1
67 335 0 1
68 335 0 1
70 335 0 1
71 335 0 1
73 335 0 1
109 335 0 1
116 335 0 1
118 335 0 1
24 336 0 1
25 336 0 1
33 336 0 1
36 336 0 1
54 336 0 1
56 336 0 1
58 336 0 1
64 336 0 1
76 336 0 1
77 336 0 1
97 336 0 1
108 336 0 1
113 336 0 1
115 336 0 1
24 337 0 1
25 337 0 1
37 337 0 1
50 337 0 1
54 337 0 1
55 337 0 1
56 337 0 1
58 337 0 1
64 337 0 1
69 337 0 1
76 337 0 1
77 337 0 1
97 337 0 1
104 337 0 1
108 337 0 1
113 337 0 1
115 337 0 1
25 338 0 1
37 338 0 1
38 338 0 1
45 338 0 1
50 338 0 1
54 338 0 1
55 338 0 1
56 338 0 1
58 338 0 1
64 338 0 1
69 338 0 1
76 338 0 1
77 338 0 1
85 338 0 1
86 338 0 1
104 338 0 1
105 338 0 1
107 338 0 1
108 338 0 1
113 338 0 1
115 338 0 1
117 338 0 1
26 339 0 1
39 339 0 1
40 339 0 1
41 339 0 1
42 339 0 1
44 339 0 1
46 339 0 1
47 339 0 1
48 339 0 1
51 339 0 1
52 339 0 1
59 339 0 1
60 339 0 1
61 339 0 1
62 339 0 1
63 339 0 1
65 339 0 1
66 339 0 1
67 339 0 1
68 339 0 1
70 339 0 1
71 339 0 1
72 339 0 1
73 339 0 1
99 339 0 1
101 339 0 1
102 339 0 1
109 339 0 1
111 339 0 1
112 339 0 1
116 339 0 1
118 339 0 1
119 339 0 1
37 340 0 1
38 340 0 1
41 340 0 1
43 340 0 1
44 340 0 1
45 340 0 1
47 340 0 1
48 340 0 1
49 340 0 1
50 340 0 1
51 340 0 1
52 340 0 1
54 340 0 1
55 340 0 1
58 340 0 1
59 340 0 1
60 340 0 1
61 340 0 1
64 340 0 1
65 340 0 1
69 340 0 1
72 340 0 1
74 340 0 1
75 340 0 1
77 340 0 1
98 340 0 1
105 340 0 1
110 340 0 1
111 340 0 1
113 340 0 1
117 340 0 1
23 341 0 1
26 341 0 1
38 341 0 1
39 341 0 1
40 341 0 1
41 341 0 1
42 341 0 1
44 341 0 1
46 341 0 1
47 341 0 1
48 341 0 1
49 341 0 1
51 341 0 1
52 341 0 1
59 341 0 1
60 341 0 1
61 341 0 1
62 341 0 1
63 341 0 1
65 341 0 1
66 341 0 1
67 341 0 1
68 341 0 1
70 341 0 1
71 341 0 1
72 341 0 1
73 341 0 1
74 341 0 1
75 341 0 1
81 341 0 1
82 341 0 1
92 341 0 1
98 341 0 1
99 341 0 1
101 341 0 1
102 341 0 1
106 341 0 1
109 341 0 1
110 341 0 1
111 341 0 1
112 341 0 1
118 341 0 1
119 341 0 1
24 342 0 1
25 342 0 1
50 342 0 1
54 342 0 1
56 342 0 1
58 342 0 1
64 342 0 1
76 342 0 1
97 342 0 1
104 342 0 1
108 342 0 1
113 342 0 1
115 342 0 1
