1 3 0 0
3 4 0 0
7 8 0 0
5 9 0 0
6 10 0 0
5 11 0 0
8 11 0 0
5 12 0 0
7 12 0 0
8 12 0 0
11 12 0 0
7 13 0 0
8 13 0 0
12 13 0 0
7 14 0 0
8 14 0 0
11 14 0 0
12 14 0 0
13 14 0 0
7 15 0 0
8 15 0 0
11 15 0 0
12 15 0 0
13 15 0 0
14 15 0 0
6 16 0 0
10 16 0 0
7 17 0 0
10 17 0 0
13 17 0 0
14 17 0 0
16 17 0 0
7 18 0 0
8 18 0 0
11 18 0 0
12 18 0 0
13 18 0 0
14 18 0 0
15 18 0 0
17 18 0 0
6 19 0 0
10 19 0 0
16 19 0 0
17 19 0 0
7 20 0 0
8 20 0 0
12 20 0 0
13 20 0 0
14 20 0 0
15 20 0 0
17 20 0 0
18 20 0 0
6 21 0 0
10 21 0 0
16 21 0 0
19 21 0 0
7 22 0 0
8 22 0 0
11 22 0 0
12 22 0 0
13 22 0 0
14 22 0 0
15 22 0 0
18 22 0 0
20 22 0 0
6 23 0 0
10 23 0 0
16 23 0 0
19 23 0 0
21 23 0 0
10 24 0 0
21 24 0 0
23 24 0 0
10 25 0 0
21 25 0 0
23 25 0 0
24 25 0 0
10 26 0 0
21 26 0 0
23 26 0 0
24 26 0 0
25 26 0 0
11 27 0 0
12 27 0 0
13 27 0 0
14 27 0 0
15 27 0 0
18 27 0 0
20 27 0 0
22 27 0 0
9 28 0 0
10 29 0 0
16 29 0 0
19 29 0 0
21 29 0 0
23 29 0 0
24 29 0 0
25 29 0 0
26 29 0 0
21 30 0 0
23 30 0 0
24 30 0 0
25 30 0 0
26 30 0 0
29 30 0 0
3 31 0 0
23 31 0 0
25 31 0 0
29 31 0 0
30 31 0 0
4 32 0 0
27 32 0 0
4 33 0 0
27 33 0 0
32 33 0 0
3 34 0 0
25 34 0 0
29 34 0 0
31 34 0 0
4 35 0 0
27 35 0 0
32 35 0 0
33 35 0 0
4 36 0 0
27 36 0 0
32 36 0 0
33 36 0 0
35 36 0 0
4 37 0 0
11 37 0 0
12 37 0 0
22 37 0 0
27 37 0 0
32 37 0 0
33 37 0 0
35 37 0 0
36 37 0 0
21 38 0 0
23 38 0 0
24 38 0 0
25 38 0 0
26 38 0 0
29 38 0 0
30 38 0 0
3 39 0 0
10 39 0 0
21 39 0 0
23 39 0 0
25 39 0 0
26 39 0 0
29 39 0 0
31 39 0 0
34 39 0 0
38 39 0 0
3 40 0 0
10 40 0 0
21 40 0 0
23 40 0 0
24 40 0 0
25 40 0 0
26 40 0 0
29 40 0 0
30 40 0 0
31 40 0 0
34 40 0 0
38 40 0 0
39 40 0 0
21 41 0 0
23 41 0 0
24 41 0 0
25 41 0 0
26 41 0 0
29 41 0 0
30 41 0 0
31 41 0 0
34 41 0 0
38 41 0 0
39 41 0 0
40 41 0 0
6 42 0 0
10 42 0 0
16 42 0 0
19 42 0 0
21 42 0 0
23 42 0 0
24 42 0 0
25 42 0 0
26 42 0 0
29 42 0 0
30 42 0 0
38 42 0 0
40 42 0 0
41 42 0 0
9 43 0 0
11 43 0 0
28 43 0 0
8 44 0 0
11 44 0 0
12 44 0 0
13 44 0 0
14 44 0 0
15 44 0 0
18 44 0 0
20 44 0 0
22 44 0 0
27 44 0 0
32 44 0 0
33 44 0 0
37 44 0 0
6 45 0 0
10 45 0 0
16 45 0 0
19 45 0 0
21 45 0 0
23 45 0 0
24 45 0 0
25 45 0 0
26 45 0 0
29 45 0 0
30 45 0 0
31 45 0 0
38 45 0 0
39 45 0 0
40 45 0 0
41 45 0 0
42 45 0 0
6 46 0 0
10 46 0 0
16 46 0 0
19 46 0 0
21 46 0 0
23 46 0 0
24 46 0 0
25 46 0 0
26 46 0 0
29 46 0 0
30 46 0 0
31 46 0 0
34 46 0 0
38 46 0 0
39 46 0 0
40 46 0 0
41 46 0 0
42 46 0 0
45 46 0 0
6 47 0 0
10 47 0 0
16 47 0 0
17 47 0 0
19 47 0 0
21 47 0 0
23 47 0 0
25 47 0 0
26 47 0 0
29 47 0 0
31 47 0 0
34 47 0 0
38 47 0 0
39 47 0 0
40 47 0 0
41 47 0 0
42 47 0 0
45 47 0 0
46 47 0 0
8 48 0 0
11 48 0 0
12 48 0 0
14 48 0 0
15 48 0 0
18 48 0 0
22 48 0 0
27 48 0 0
28 48 0 0
32 48 0 0
33 48 0 0
35 48 0 0
36 48 0 0
37 48 0 0
44 48 0 0
8 49 0 0
11 49 0 0
12 49 0 0
13 49 0 0
14 49 0 0
15 49 0 0
18 49 0 0
20 49 0 0
22 49 0 0
27 49 0 0
32 49 0 0
33 49 0 0
36 49 0 0
37 49 0 0
44 49 0 0
48 49 0 0
5 50 0 0
8 50 0 0
11 50 0 0
12 50 0 0
13 50 0 0
14 50 0 0
15 50 0 0
18 50 0 0
20 50 0 0
22 50 0 0
27 50 0 0
32 50 0 0
33 50 0 0
35 50 0 0
36 50 0 0
37 50 0 0
44 50 0 0
48 50 0 0
49 50 0 0
9 51 0 0
11 51 0 0
28 51 0 0
43 51 0 0
48 51 0 0
50 51 0 0
10 52 0 0
16 52 0 0
17 52 0 0
19 52 0 0
21 52 0 0
23 52 0 0
29 52 0 0
31 52 0 0
34 52 0 0
39 52 0 0
40 52 0 0
45 52 0 0
46 52 0 0
47 52 0 0
10 53 0 0
16 53 0 0
19 53 0 0
21 53 0 0
23 53 0 0
24 53 0 0
25 53 0 0
26 53 0 0
29 53 0 0
30 53 0 0
31 53 0 0
34 53 0 0
38 53 0 0
39 53 0 0
40 53 0 0
41 53 0 0
42 53 0 0
45 53 0 0
46 53 0 0
47 53 0 0
52 53 0 0
4 54 0 0
36 54 0 0
4 55 0 0
32 55 0 0
33 55 0 0
35 55 0 0
36 55 0 0
54 55 0 0
3 56 0 0
34 56 0 0
3 57 0 0
34 57 0 0
56 57 0 0
3 58 0 0
31 58 0 0
34 58 0 0
56 58 0 0
57 58 0 0
3 59 0 0
34 59 0 0
56 59 0 0
57 59 0 0
58 59 0 0
3 60 0 0
34 60 0 0
56 60 0 0
57 60 0 0
58 60 0 0
59 60 0 0
4 61 0 0
32 61 0 0
33 61 0 0
35 61 0 0
36 61 0 0
54 61 0 0
55 61 0 0
3 62 0 0
30 62 0 0
31 62 0 0
34 62 0 0
40 62 0 0
56 62 0 0
57 62 0 0
58 62 0 0
59 62 0 0
60 62 0 0
3 63 0 0
31 63 0 0
34 63 0 0
40 63 0 0
56 63 0 0
57 63 0 0
58 63 0 0
59 63 0 0
60 63 0 0
62 63 0 0
3 64 0 0
31 64 0 0
34 64 0 0
56 64 0 0
57 64 0 0
58 64 0 0
59 64 0 0
60 64 0 0
62 64 0 0
63 64 0 0
3 65 0 0
31 65 0 0
34 65 0 0
56 65 0 0
57 65 0 0
58 65 0 0
59 65 0 0
60 65 0 0
62 65 0 0
63 65 0 0
64 65 0 0
4 66 0 0
32 66 0 0
33 66 0 0
35 66 0 0
36 66 0 0
37 66 0 0
54 66 0 0
55 66 0 0
61 66 0 0
30 67 0 0
38 67 0 0
41 67 0 0
56 67 0 0
57 67 0 0
59 67 0 0
60 67 0 0
62 67 0 0
64 67 0 0
3 68 0 0
25 68 0 0
30 68 0 0
31 68 0 0
34 68 0 0
38 68 0 0
39 68 0 0
40 68 0 0
41 68 0 0
56 68 0 0
57 68 0 0
58 68 0 0
59 68 0 0
60 68 0 0
62 68 0 0
63 68 0 0
64 68 0 0
67 68 0 0
3 69 0 0
30 69 0 0
31 69 0 0
34 69 0 0
38 69 0 0
40 69 0 0
41 69 0 0
56 69 0 0
57 69 0 0
58 69 0 0
59 69 0 0
60 69 0 0
62 69 0 0
63 69 0 0
64 69 0 0
67 69 0 0
68 69 0 0
4 70 0 0
32 70 0 0
33 70 0 0
35 70 0 0
36 70 0 0
37 70 0 0
55 70 0 0
61 70 0 0
66 70 0 0
3 71 0 0
4 71 0 0
27 71 0 0
32 71 0 0
33 71 0 0
35 71 0 0
36 71 0 0
37 71 0 0
55 71 0 0
61 71 0 0
66 71 0 0
70 71 0 0
3 72 0 0
4 72 0 0
32 72 0 0
33 72 0 0
35 72 0 0
36 72 0 0
37 72 0 0
61 72 0 0
66 72 0 0
70 72 0 0
71 72 0 0
4 73 0 0
32 73 0 0
33 73 0 0
35 73 0 0
36 73 0 0
37 73 0 0
55 73 0 0
61 73 0 0
66 73 0 0
70 73 0 0
71 73 0 0
72 73 0 0
3 74 0 0
4 74 0 0
33 74 0 0
34 74 0 0
65 74 0 0
71 74 0 0
72 74 0 0
73 74 0 0
3 75 0 0
31 75 0 0
34 75 0 0
57 75 0 0
58 75 0 0
60 75 0 0
63 75 0 0
64 75 0 0
65 75 0 0
72 75 0 0
74 75 0 0
3 76 0 0
25 76 0 0
29 76 0 0
30 76 0 0
31 76 0 0
34 76 0 0
38 76 0 0
39 76 0 0
40 76 0 0
41 76 0 0
56 76 0 0
57 76 0 0
58 76 0 0
59 76 0 0
60 76 0 0
62 76 0 0
63 76 0 0
64 76 0 0
65 76 0 0
67 76 0 0
68 76 0 0
69 76 0 0
75 76 0 0
4 77 0 0
32 77 0 0
33 77 0 0
35 77 0 0
36 77 0 0
37 77 0 0
54 77 0 0
55 77 0 0
61 77 0 0
66 77 0 0
70 77 0 0
71 77 0 0
72 77 0 0
73 77 0 0
3 78 0 0
56 78 0 0
57 78 0 0
58 78 0 0
59 78 0 0
60 78 0 0
62 78 0 0
63 78 0 0
64 78 0 0
65 78 0 0
68 78 0 0
69 78 0 0
76 78 0 0
2 79 0 0
4 79 0 0
54 79 0 0
55 79 0 0
61 79 0 0
4 80 0 0
55 80 0 0
61 80 0 0
70 80 0 0
71 80 0 0
72 80 0 0
73 80 0 0
77 80 0 0
2 81 0 0
4 81 0 0
54 81 0 0
55 81 0 0
61 81 0 0
66 81 0 0
73 81 0 0
77 81 0 0
79 81 0 0
80 81 0 0
4 82 0 0
55 82 0 0
61 82 0 0
70 82 0 0
73 82 0 0
77 82 0 0
79 82 0 0
80 82 0 0
81 82 0 0
56 83 0 0
59 83 0 0
78 83 0 0
2 84 0 0
79 84 0 0
81 84 0 0
56 85 0 0
59 85 0 0
78 85 0 0
83 85 0 0
3 86 0 0
56 86 0 0
57 86 0 0
58 86 0 0
59 86 0 0
60 86 0 0
78 86 0 0
83 86 0 0
85 86 0 0
1 87 0 0
2 87 0 0
4 87 0 0
79 87 0 0
80 87 0 0
81 87 0 0
82 87 0 0
2 88 0 0
4 88 0 0
79 88 0 0
80 88 0 0
81 88 0 0
82 88 0 0
84 88 0 0
87 88 0 0
2 89 0 0
54 89 0 0
55 89 0 0
61 89 0 0
79 89 0 0
81 89 0 0
82 89 0 0
84 89 0 0
87 89 0 0
88 89 0 0
2 90 0 0
4 90 0 0
55 90 0 0
61 90 0 0
79 90 0 0
80 90 0 0
81 90 0 0
82 90 0 0
84 90 0 0
87 90 0 0
88 90 0 0
89 90 0 0
1 91 0 0
3 91 0 0
57 91 0 0
58 91 0 0
60 91 0 0
63 91 0 0
64 91 0 0
65 91 0 0
75 91 0 0
78 91 0 0
2 92 0 0
4 92 0 0
54 92 0 0
55 92 0 0
61 92 0 0
79 92 0 0
80 92 0 0
81 92 0 0
82 92 0 0
84 92 0 0
87 92 0 0
88 92 0 0
89 92 0 0
90 92 0 0
2 93 0 0
4 93 0 0
54 93 0 0
55 93 0 0
61 93 0 0
79 93 0 0
80 93 0 0
81 93 0 0
82 93 0 0
84 93 0 0
87 93 0 0
88 93 0 0
89 93 0 0
90 93 0 0
92 93 0 0
1 94 0 0
4 94 0 0
61 94 0 0
79 94 0 0
80 94 0 0
81 94 0 0
82 94 0 0
87 94 0 0
88 94 0 0
89 94 0 0
90 94 0 0
92 94 0 0
93 94 0 0
1 95 0 0
3 95 0 0
56 95 0 0
57 95 0 0
58 95 0 0
59 95 0 0
60 95 0 0
63 95 0 0
64 95 0 0
65 95 0 0
78 95 0 0
86 95 0 0
91 95 0 0
2 96 0 0
4 96 0 0
55 96 0 0
61 96 0 0
79 96 0 0
80 96 0 0
81 96 0 0
82 96 0 0
84 96 0 0
87 96 0 0
88 96 0 0
89 96 0 0
90 96 0 0
92 96 0 0
93 96 0 0
94 96 0 0
2 97 0 0
4 97 0 0
55 97 0 0
61 97 0 0
79 97 0 0
80 97 0 0
81 97 0 0
82 97 0 0
84 97 0 0
87 97 0 0
88 97 0 0
89 97 0 0
90 97 0 0
92 97 0 0
93 97 0 0
94 97 0 0
96 97 0 0
1 98 0 0
3 98 0 0
65 98 0 0
78 98 0 0
91 98 0 0
95 98 0 0
1 99 0 0
3 99 0 0
60 99 0 0
65 99 0 0
78 99 0 0
91 99 0 0
95 99 0 0
98 99 0 0
1 100 0 0
4 100 0 0
80 100 0 0
81 100 0 0
82 100 0 0
87 100 0 0
88 100 0 0
90 100 0 0
92 100 0 0
93 100 0 0
94 100 0 0
96 100 0 0
97 100 0 0
3 101 0 0
56 101 0 0
59 101 0 0
60 101 0 0
78 101 0 0
83 101 0 0
85 101 0 0
86 101 0 0
95 101 0 0
3 102 0 0
56 102 0 0
59 102 0 0
60 102 0 0
78 102 0 0
83 102 0 0
85 102 0 0
86 102 0 0
95 102 0 0
99 102 0 0
101 102 0 0
1 103 0 0
2 103 0 0
4 103 0 0
79 103 0 0
80 103 0 0
81 103 0 0
82 103 0 0
87 103 0 0
88 103 0 0
89 103 0 0
90 103 0 0
92 103 0 0
93 103 0 0
94 103 0 0
96 103 0 0
97 103 0 0
100 103 0 0
2 104 0 0
4 104 0 0
79 104 0 0
80 104 0 0
81 104 0 0
82 104 0 0
84 104 0 0
87 104 0 0
88 104 0 0
89 104 0 0
90 104 0 0
92 104 0 0
93 104 0 0
94 104 0 0
96 104 0 0
97 104 0 0
100 104 0 0
103 104 0 0
1 105 0 0
3 105 0 0
78 105 0 0
91 105 0 0
95 105 0 0
98 105 0 0
99 105 0 0
101 105 0 0
102 105 0 0
83 106 0 0
85 106 0 0
86 106 0 0
101 106 0 0
102 106 0 0
85 107 0 0
86 107 0 0
101 107 0 0
102 107 0 0
105 107 0 0
106 107 0 0
85 108 0 0
86 108 0 0
101 108 0 0
102 108 0 0
105 108 0 0
106 108 0 0
107 108 0 0
2 109 0 0
87 109 0 0
88 109 0 0
89 109 0 0
90 109 0 0
96 109 0 0
97 109 0 0
100 109 0 0
103 109 0 0
104 109 0 0
1 110 0 0
99 110 0 0
100 110 0 0
1 111 0 0
2 111 0 0
80 111 0 0
81 111 0 0
82 111 0 0
87 111 0 0
88 111 0 0
89 111 0 0
90 111 0 0
92 111 0 0
93 111 0 0
94 111 0 0
96 111 0 0
97 111 0 0
100 111 0 0
103 111 0 0
104 111 0 0
109 111 0 0
110 111 0 0
83 112 0 0
85 112 0 0
86 112 0 0
101 112 0 0
102 112 0 0
105 112 0 0
106 112 0 0
107 112 0 0
108 112 0 0
1 113 0 0
3 113 0 0
91 113 0 0
95 113 0 0
98 113 0 0
99 113 0 0
105 113 0 0
110 113 0 0
1 114 0 0
86 114 0 0
95 114 0 0
99 114 0 0
101 114 0 0
102 114 0 0
105 114 0 0
106 114 0 0
107 114 0 0
108 114 0 0
112 114 0 0
113 114 0 0
1 115 0 0
87 115 0 0
90 115 0 0
94 115 0 0
100 115 0 0
103 115 0 0
104 115 0 0
109 115 0 0
110 115 0 0
111 115 0 0
2 116 0 0
84 116 0 0
87 116 0 0
88 116 0 0
89 116 0 0
90 116 0 0
93 116 0 0
96 116 0 0
97 116 0 0
100 116 0 0
103 116 0 0
104 116 0 0
109 116 0 0
111 116 0 0
1 117 0 0
3 117 0 0
91 117 0 0
95 117 0 0
98 117 0 0
99 117 0 0
105 117 0 0
110 117 0 0
113 117 0 0
115 117 0 0
2 118 0 0
4 118 0 0
79 118 0 0
81 118 0 0
82 118 0 0
84 118 0 0
87 118 0 0
88 118 0 0
89 118 0 0
90 118 0 0
92 118 0 0
93 118 0 0
94 118 0 0
96 118 0 0
97 118 0 0
100 118 0 0
103 118 0 0
104 118 0 0
109 118 0 0
111 118 0 0
116 118 0 0
1 119 0 0
3 119 0 0
80 119 0 0
91 119 0 0
95 119 0 0
98 119 0 0
99 119 0 0
100 119 0 0
105 119 0 0
110 119 0 0
113 119 0 0
115 119 0 0
117 119 0 0
1 120 0 0
3 120 0 0
78 120 0 0
86 120 0 0
91 120 0 0
95 120 0 0
98 120 0 0
99 120 0 0
101 120 0 0
102 120 0 0
105 120 0 0
106 120 0 0
107 120 0 0
108 120 0 0
110 120 0 0
112 120 0 0
113 120 0 0
114 120 0 0
115 120 0 0
117 120 0 0
119 120 0 0
83 121 0 0
85 121 0 0
86 121 0 0
101 121 0 0
102 121 0 0
106 121 0 0
107 121 0 0
108 121 0 0
112 121 0 0
78 122 0 0
83 122 0 0
85 122 0 0
86 122 0 0
101 122 0 0
102 122 0 0
106 122 0 0
107 122 0 0
108 122 0 0
112 122 0 0
114 122 0 0
121 122 0 0
78 123 0 0
83 123 0 0
85 123 0 0
86 123 0 0
101 123 0 0
102 123 0 0
105 123 0 0
106 123 0 0
107 123 0 0
108 123 0 0
112 123 0 0
114 123 0 0
120 123 0 0
121 123 0 0
122 123 0 0
3 124 0 0
78 124 0 0
83 124 0 0
85 124 0 0
86 124 0 0
95 124 0 0
99 124 0 0
101 124 0 0
102 124 0 0
105 124 0 0
106 124 0 0
107 124 0 0
108 124 0 0
112 124 0 0
114 124 0 0
120 124 0 0
121 124 0 0
122 124 0 0
123 124 0 0
1 125 0 0
4 125 0 0
80 125 0 0
81 125 0 0
82 125 0 0
87 125 0 0
88 125 0 0
90 125 0 0
92 125 0 0
93 125 0 0
94 125 0 0
96 125 0 0
97 125 0 0
100 125 0 0
103 125 0 0
104 125 0 0
109 125 0 0
110 125 0 0
111 125 0 0
115 125 0 0
116 125 0 0
117 125 0 0
118 125 0 0
119 125 0 0
120 125 0 0
2 126 0 0
79 126 0 0
81 126 0 0
82 126 0 0
84 126 0 0
87 126 0 0
88 126 0 0
89 126 0 0
90 126 0 0
92 126 0 0
93 126 0 0
94 126 0 0
96 126 0 0
97 126 0 0
100 126 0 0
103 126 0 0
104 126 0 0
109 126 0 0
111 126 0 0
115 126 0 0
116 126 0 0
118 126 0 0
125 126 0 0
2 127 0 0
79 127 0 0
81 127 0 0
82 127 0 0
84 127 0 0
87 127 0 0
88 127 0 0
89 127 0 0
90 127 0 0
92 127 0 0
93 127 0 0
94 127 0 0
96 127 0 0
97 127 0 0
100 127 0 0
103 127 0 0
104 127 0 0
109 127 0 0
111 127 0 0
116 127 0 0
118 127 0 0
125 127 0 0
126 127 0 0
56 128 0 0
57 128 0 0
59 128 0 0
60 128 0 0
62 128 0 0
64 128 0 0
67 128 0 0
68 128 0 0
69 128 0 0
76 128 0 0
78 128 0 0
83 128 0 0
85 128 0 0
86 128 0 0
101 128 0 0
102 128 0 0
121 128 0 0
2 129 0 0
54 129 0 0
55 129 0 0
61 129 0 0
79 129 0 0
81 129 0 0
84 129 0 0
88 129 0 0
89 129 0 0
92 129 0 0
93 129 0 0
96 129 0 0
97 129 0 0
118 129 0 0
3 130 0 0
34 130 0 0
56 130 0 0
57 130 0 0
58 130 0 0
59 130 0 0
60 130 0 0
62 130 0 0
63 130 0 0
64 130 0 0
65 130 0 0
68 130 0 0
69 130 0 0
75 130 0 0
76 130 0 0
78 130 0 0
85 130 0 0
86 130 0 0
91 130 0 0
95 130 0 0
98 130 0 0
99 130 0 0
101 130 0 0
102 130 0 0
105 130 0 0
117 130 0 0
120 130 0 0
123 130 0 0
124 130 0 0
128 130 0 0
3 131 0 0
4 131 0 0
35 131 0 0
36 131 0 0
55 131 0 0
61 131 0 0
66 131 0 0
70 131 0 0
71 131 0 0
72 131 0 0
73 131 0 0
74 131 0 0
77 131 0 0
80 131 0 0
81 131 0 0
82 131 0 0
87 131 0 0
90 131 0 0
92 131 0 0
94 131 0 0
96 131 0 0
100 131 0 0
103 131 0 0
125 131 0 0
2 132 0 0
4 132 0 0
54 132 0 0
55 132 0 0
61 132 0 0
66 132 0 0
77 132 0 0
79 132 0 0
81 132 0 0
82 132 0 0
84 132 0 0
88 132 0 0
89 132 0 0
90 132 0 0
92 132 0 0
93 132 0 0
96 132 0 0
97 132 0 0
104 132 0 0
118 132 0 0
129 132 0 0
1 133 0 0
3 133 0 0
58 133 0 0
60 133 0 0
63 133 0 0
64 133 0 0
65 133 0 0
74 133 0 0
75 133 0 0
78 133 0 0
91 133 0 0
95 133 0 0
98 133 0 0
99 133 0 0
117 133 0 0
119 133 0 0
120 133 0 0
130 133 0 0
2 134 0 0
4 134 0 0
36 134 0 0
54 134 0 0
55 134 0 0
61 134 0 0
66 134 0 0
70 134 0 0
73 134 0 0
77 134 0 0
79 134 0 0
80 134 0 0
81 134 0 0
82 134 0 0
84 134 0 0
87 134 0 0
88 134 0 0
89 134 0 0
90 134 0 0
92 134 0 0
93 134 0 0
94 134 0 0
96 134 0 0
97 134 0 0
100 134 0 0
103 134 0 0
104 134 0 0
118 134 0 0
126 134 0 0
127 134 0 0
129 134 0 0
132 134 0 0
4 135 0 0
36 135 0 0
55 135 0 0
61 135 0 0
66 135 0 0
70 135 0 0
71 135 0 0
72 135 0 0
73 135 0 0
77 135 0 0
79 135 0 0
80 135 0 0
81 135 0 0
82 135 0 0
87 135 0 0
88 135 0 0
89 135 0 0
90 135 0 0
92 135 0 0
93 135 0 0
94 135 0 0
96 135 0 0
97 135 0 0
100 135 0 0
103 135 0 0
104 135 0 0
111 135 0 0
118 135 0 0
125 135 0 0
126 135 0 0
131 135 0 0
132 135 0 0
134 135 0 0
3 136 0 1
56 136 0 1
57 136 0 1
58 136 0 1
59 136 0 1
60 136 0 1
62 136 0 1
63 136 0 1
64 136 0 1
67 136 0 1
68 136 0 1
69 136 0 1
76 136 0 1
78 136 0 1
83 136 0 1
85 136 0 1
86 136 0 1
95 136 0 1
101 136 0 1
102 136 0 1
120 136 0 1
121 136 0 1
122 136 0 1
123 136 0 1
124 136 0 1
128 136 0 1
130 136 0 1
1 137 0 1
3 137 0 1
4 137 0 1
35 137 0 1
58 137 0 1
60 137 0 1
61 137 0 1
63 137 0 1
65 137 0 1
70 137 0 1
71 137 0 1
72 137 0 1
73 137 0 1
74 137 0 1
75 137 0 1
77 137 0 1
80 137 0 1
82 137 0 1
87 137 0 1
90 137 0 1
91 137 0 1
94 137 0 1
95 137 0 1
98 137 0 1
99 137 0 1
100 137 0 1
103 137 0 1
105 137 0 1
110 137 0 1
113 137 0 1
115 137 0 1
117 137 0 1
119 137 0 1
120 137 0 1
125 137 0 1
130 137 0 1
131 137 0 1
133 137 0 1
135 137 0 1
3 138 0 1
4 138 0 1
7 138 0 1
8 138 0 1
10 138 0 1
12 138 0 1
13 138 0 1
14 138 0 1
15 138 0 1
17 138 0 1
18 138 0 1
19 138 0 1
20 138 0 1
22 138 0 1
27 138 0 1
29 138 0 1
31 138 0 1
32 138 0 1
33 138 0 1
34 138 0 1
35 138 0 1
36 138 0 1
37 138 0 1
39 138 0 1
40 138 0 1
44 138 0 1
45 138 0 1
47 138 0 1
48 138 0 1
49 138 0 1
50 138 0 1
52 138 0 1
53 138 0 1
61 138 0 1
66 138 0 1
70 138 0 1
71 138 0 1
72 138 0 1
73 138 0 1
74 138 0 1
75 138 0 1
77 138 0 1
131 138 0 1
5 139 0 1
8 139 0 1
9 139 0 1
11 139 0 1
12 139 0 1
14 139 0 1
15 139 0 1
18 139 0 1
22 139 0 1
50 139 0 1
6 140 0 1
7 140 0 1
10 140 0 1
16 140 0 1
17 140 0 1
19 140 0 1
23 140 0 1
45 140 0 1
47 140 0 1
5 141 0 1
9 141 0 1
11 141 0 1
43 141 0 1
50 141 0 1
51 141 0 1
5 142 0 1
9 142 0 1
11 142 0 1
12 142 0 1
43 142 0 1
50 142 0 1
51 142 0 1
5 143 0 1
8 143 0 1
11 143 0 1
12 143 0 1
14 143 0 1
15 143 0 1
18 143 0 1
20 143 0 1
22 143 0 1
44 143 0 1
48 143 0 1
49 143 0 1
50 143 0 1
6 144 0 1
7 144 0 1
10 144 0 1
13 144 0 1
14 144 0 1
16 144 0 1
17 144 0 1
19 144 0 1
20 144 0 1
47 144 0 1
7 145 0 1
8 145 0 1
12 145 0 1
13 145 0 1
14 145 0 1
15 145 0 1
17 145 0 1
18 145 0 1
20 145 0 1
22 145 0 1
44 145 0 1
49 145 0 1
50 145 0 1
5 146 0 1
8 146 0 1
11 146 0 1
12 146 0 1
14 146 0 1
15 146 0 1
18 146 0 1
22 146 0 1
44 146 0 1
48 146 0 1
49 146 0 1
50 146 0 1
5 147 0 1
7 147 0 1
8 147 0 1
11 147 0 1
12 147 0 1
13 147 0 1
14 147 0 1
15 147 0 1
18 147 0 1
20 147 0 1
22 147 0 1
44 147 0 1
48 147 0 1
49 147 0 1
50 147 0 1
6 148 0 1
10 148 0 1
16 148 0 1
19 148 0 1
21 148 0 1
23 148 0 1
24 148 0 1
25 148 0 1
26 148 0 1
29 148 0 1
38 148 0 1
42 148 0 1
45 148 0 1
46 148 0 1
47 148 0 1
52 148 0 1
53 148 0 1
6 149 0 1
10 149 0 1
16 149 0 1
19 149 0 1
21 149 0 1
23 149 0 1
24 149 0 1
25 149 0 1
26 149 0 1
42 149 0 1
45 149 0 1
46 149 0 1
47 149 0 1
53 149 0 1
5 150 0 1
9 150 0 1
11 150 0 1
12 150 0 1
28 150 0 1
43 150 0 1
48 150 0 1
50 150 0 1
51 150 0 1
5 151 0 1
8 151 0 1
9 151 0 1
11 151 0 1
12 151 0 1
15 151 0 1
18 151 0 1
22 151 0 1
28 151 0 1
43 151 0 1
48 151 0 1
49 151 0 1
50 151 0 1
51 151 0 1
6 152 0 1
7 152 0 1
10 152 0 1
16 152 0 1
17 152 0 1
19 152 0 1
21 152 0 1
23 152 0 1
45 152 0 1
46 152 0 1
47 152 0 1
52 152 0 1
53 152 0 1
7 153 0 1
10 153 0 1
13 153 0 1
14 153 0 1
16 153 0 1
17 153 0 1
19 153 0 1
20 153 0 1
47 153 0 1
52 153 0 1
5 154 0 1
7 154 0 1
8 154 0 1
11 154 0 1
12 154 0 1
13 154 0 1
14 154 0 1
15 154 0 1
18 154 0 1
20 154 0 1
22 154 0 1
27 154 0 1
44 154 0 1
48 154 0 1
49 154 0 1
50 154 0 1
6 155 0 1
10 155 0 1
16 155 0 1
19 155 0 1
21 155 0 1
23 155 0 1
24 155 0 1
26 155 0 1
29 155 0 1
42 155 0 1
45 155 0 1
46 155 0 1
47 155 0 1
53 155 0 1
7 156 0 1
8 156 0 1
12 156 0 1
13 156 0 1
14 156 0 1
15 156 0 1
17 156 0 1
18 156 0 1
20 156 0 1
22 156 0 1
27 156 0 1
44 156 0 1
49 156 0 1
50 156 0 1
52 156 0 1
7 157 0 1
8 157 0 1
11 157 0 1
12 157 0 1
13 157 0 1
14 157 0 1
15 157 0 1
17 157 0 1
18 157 0 1
20 157 0 1
22 157 0 1
27 157 0 1
44 157 0 1
48 157 0 1
49 157 0 1
50 157 0 1
5 158 0 1
9 158 0 1
11 158 0 1
12 158 0 1
15 158 0 1
22 158 0 1
27 158 0 1
28 158 0 1
32 158 0 1
37 158 0 1
43 158 0 1
44 158 0 1
48 158 0 1
49 158 0 1
50 158 0 1
51 158 0 1
5 159 0 1
8 159 0 1
11 159 0 1
12 159 0 1
15 159 0 1
18 159 0 1
22 159 0 1
27 159 0 1
28 159 0 1
32 159 0 1
37 159 0 1
43 159 0 1
44 159 0 1
48 159 0 1
49 159 0 1
50 159 0 1
51 159 0 1
7 160 0 1
8 160 0 1
11 160 0 1
12 160 0 1
13 160 0 1
14 160 0 1
15 160 0 1
17 160 0 1
18 160 0 1
20 160 0 1
22 160 0 1
27 160 0 1
33 160 0 1
37 160 0 1
44 160 0 1
48 160 0 1
49 160 0 1
50 160 0 1
5 161 0 1
8 161 0 1
11 161 0 1
12 161 0 1
15 161 0 1
18 161 0 1
22 161 0 1
27 161 0 1
28 161 0 1
32 161 0 1
33 161 0 1
36 161 0 1
37 161 0 1
43 161 0 1
44 161 0 1
48 161 0 1
49 161 0 1
50 161 0 1
51 161 0 1
5 162 0 1
9 162 0 1
11 162 0 1
12 162 0 1
28 162 0 1
32 162 0 1
37 162 0 1
43 162 0 1
48 162 0 1
49 162 0 1
50 162 0 1
51 162 0 1
10 163 0 1
13 163 0 1
16 163 0 1
17 163 0 1
19 163 0 1
23 163 0 1
29 163 0 1
31 163 0 1
34 163 0 1
39 163 0 1
40 163 0 1
45 163 0 1
46 163 0 1
47 163 0 1
52 163 0 1
53 163 0 1
9 164 0 1
11 164 0 1
12 164 0 1
22 164 0 1
27 164 0 1
28 164 0 1
32 164 0 1
33 164 0 1
36 164 0 1
37 164 0 1
43 164 0 1
44 164 0 1
48 164 0 1
49 164 0 1
50 164 0 1
51 164 0 1
5 165 0 1
8 165 0 1
9 165 0 1
11 165 0 1
12 165 0 1
15 165 0 1
22 165 0 1
28 165 0 1
43 165 0 1
48 165 0 1
49 165 0 1
50 165 0 1
51 165 0 1
7 166 0 1
8 166 0 1
11 166 0 1
12 166 0 1
13 166 0 1
14 166 0 1
15 166 0 1
18 166 0 1
20 166 0 1
22 166 0 1
27 166 0 1
37 166 0 1
44 166 0 1
48 166 0 1
49 166 0 1
50 166 0 1
5 167 0 1
8 167 0 1
9 167 0 1
11 167 0 1
12 167 0 1
14 167 0 1
15 167 0 1
18 167 0 1
22 167 0 1
27 167 0 1
28 167 0 1
37 167 0 1
43 167 0 1
44 167 0 1
48 167 0 1
49 167 0 1
50 167 0 1
51 167 0 1
6 168 0 1
7 168 0 1
10 168 0 1
16 168 0 1
17 168 0 1
19 168 0 1
21 168 0 1
23 168 0 1
29 168 0 1
31 168 0 1
39 168 0 1
40 168 0 1
45 168 0 1
46 168 0 1
47 168 0 1
52 168 0 1
53 168 0 1
7 169 0 1
10 169 0 1
13 169 0 1
14 169 0 1
16 169 0 1
17 169 0 1
19 169 0 1
20 169 0 1
29 169 0 1
39 169 0 1
45 169 0 1
47 169 0 1
52 169 0 1
53 169 0 1
6 170 0 1
7 170 0 1
10 170 0 1
13 170 0 1
16 170 0 1
17 170 0 1
19 170 0 1
20 170 0 1
23 170 0 1
29 170 0 1
39 170 0 1
45 170 0 1
46 170 0 1
47 170 0 1
52 170 0 1
53 170 0 1
5 171 0 1
9 171 0 1
11 171 0 1
12 171 0 1
15 171 0 1
22 171 0 1
28 171 0 1
37 171 0 1
43 171 0 1
48 171 0 1
49 171 0 1
50 171 0 1
51 171 0 1
7 172 0 1
8 172 0 1
12 172 0 1
13 172 0 1
14 172 0 1
15 172 0 1
17 172 0 1
18 172 0 1
19 172 0 1
20 172 0 1
22 172 0 1
27 172 0 1
44 172 0 1
47 172 0 1
49 172 0 1
50 172 0 1
52 172 0 1
7 173 0 1
10 173 0 1
13 173 0 1
14 173 0 1
16 173 0 1
17 173 0 1
19 173 0 1
20 173 0 1
22 173 0 1
27 173 0 1
29 173 0 1
39 173 0 1
40 173 0 1
44 173 0 1
45 173 0 1
47 173 0 1
52 173 0 1
21 174 0 1
23 174 0 1
24 174 0 1
25 174 0 1
26 174 0 1
29 174 0 1
30 174 0 1
38 174 0 1
40 174 0 1
41 174 0 1
42 174 0 1
45 174 0 1
46 174 0 1
53 174 0 1
67 174 0 1
68 174 0 1
69 174 0 1
76 174 0 1
3 175 0 1
23 175 0 1
25 175 0 1
29 175 0 1
31 175 0 1
34 175 0 1
39 175 0 1
40 175 0 1
45 175 0 1
46 175 0 1
47 175 0 1
52 175 0 1
53 175 0 1
74 175 0 1
75 175 0 1
76 175 0 1
3 176 0 1
29 176 0 1
31 176 0 1
34 176 0 1
39 176 0 1
40 176 0 1
45 176 0 1
47 176 0 1
52 176 0 1
53 176 0 1
74 176 0 1
75 176 0 1
11 177 0 1
27 177 0 1
28 177 0 1
32 177 0 1
33 177 0 1
35 177 0 1
36 177 0 1
37 177 0 1
43 177 0 1
48 177 0 1
49 177 0 1
50 177 0 1
51 177 0 1
66 177 0 1
70 177 0 1
77 177 0 1
3 178 0 1
27 178 0 1
31 178 0 1
34 178 0 1
39 178 0 1
40 178 0 1
44 178 0 1
47 178 0 1
49 178 0 1
52 178 0 1
74 178 0 1
75 178 0 1
4 179 0 1
22 179 0 1
27 179 0 1
32 179 0 1
33 179 0 1
35 179 0 1
36 179 0 1
37 179 0 1
44 179 0 1
48 179 0 1
49 179 0 1
50 179 0 1
70 179 0 1
71 179 0 1
72 179 0 1
73 179 0 1
74 179 0 1
77 179 0 1
3 180 0 1
27 180 0 1
29 180 0 1
31 180 0 1
34 180 0 1
39 180 0 1
40 180 0 1
47 180 0 1
52 180 0 1
74 180 0 1
75 180 0 1
4 181 0 1
22 181 0 1
27 181 0 1
32 181 0 1
33 181 0 1
35 181 0 1
36 181 0 1
37 181 0 1
44 181 0 1
48 181 0 1
49 181 0 1
50 181 0 1
66 181 0 1
70 181 0 1
71 181 0 1
72 181 0 1
73 181 0 1
74 181 0 1
77 181 0 1
4 182 0 1
27 182 0 1
28 182 0 1
32 182 0 1
33 182 0 1
35 182 0 1
36 182 0 1
37 182 0 1
43 182 0 1
48 182 0 1
49 182 0 1
50 182 0 1
51 182 0 1
55 182 0 1
61 182 0 1
66 182 0 1
70 182 0 1
71 182 0 1
73 182 0 1
77 182 0 1
10 183 0 1
16 183 0 1
19 183 0 1
21 183 0 1
23 183 0 1
24 183 0 1
25 183 0 1
26 183 0 1
29 183 0 1
31 183 0 1
34 183 0 1
38 183 0 1
39 183 0 1
40 183 0 1
41 183 0 1
42 183 0 1
45 183 0 1
46 183 0 1
47 183 0 1
52 183 0 1
53 183 0 1
5 184 0 1
9 184 0 1
11 184 0 1
12 184 0 1
28 184 0 1
32 184 0 1
36 184 0 1
37 184 0 1
43 184 0 1
48 184 0 1
49 184 0 1
50 184 0 1
51 184 0 1
10 185 0 1
23 185 0 1
29 185 0 1
31 185 0 1
34 185 0 1
39 185 0 1
40 185 0 1
45 185 0 1
47 185 0 1
52 185 0 1
53 185 0 1
11 186 0 1
28 186 0 1
32 186 0 1
33 186 0 1
35 186 0 1
36 186 0 1
37 186 0 1
43 186 0 1
48 186 0 1
50 186 0 1
51 186 0 1
66 186 0 1
4 187 0 1
32 187 0 1
33 187 0 1
35 187 0 1
36 187 0 1
54 187 0 1
55 187 0 1
61 187 0 1
66 187 0 1
70 187 0 1
71 187 0 1
72 187 0 1
73 187 0 1
77 187 0 1
79 187 0 1
81 187 0 1
82 187 0 1
92 187 0 1
93 187 0 1
129 187 0 1
131 187 0 1
132 187 0 1
134 187 0 1
135 187 0 1
3 188 0 1
4 188 0 1
32 188 0 1
33 188 0 1
35 188 0 1
36 188 0 1
37 188 0 1
61 188 0 1
66 188 0 1
70 188 0 1
71 188 0 1
72 188 0 1
73 188 0 1
74 188 0 1
75 188 0 1
77 188 0 1
80 188 0 1
82 188 0 1
131 188 0 1
133 188 0 1
135 188 0 1
4 189 0 1
32 189 0 1
33 189 0 1
35 189 0 1
36 189 0 1
37 189 0 1
54 189 0 1
55 189 0 1
61 189 0 1
66 189 0 1
70 189 0 1
71 189 0 1
73 189 0 1
77 189 0 1
81 189 0 1
129 189 0 1
132 189 0 1
134 189 0 1
135 189 0 1
3 190 0 1
31 190 0 1
34 190 0 1
39 190 0 1
58 190 0 1
63 190 0 1
65 190 0 1
71 190 0 1
72 190 0 1
74 190 0 1
75 190 0 1
130 190 0 1
133 190 0 1
3 191 0 1
29 191 0 1
31 191 0 1
34 191 0 1
39 191 0 1
40 191 0 1
56 191 0 1
57 191 0 1
58 191 0 1
59 191 0 1
60 191 0 1
62 191 0 1
63 191 0 1
64 191 0 1
65 191 0 1
68 191 0 1
69 191 0 1
74 191 0 1
75 191 0 1
76 191 0 1
130 191 0 1
3 192 0 1
31 192 0 1
34 192 0 1
39 192 0 1
40 192 0 1
56 192 0 1
57 192 0 1
58 192 0 1
59 192 0 1
60 192 0 1
62 192 0 1
63 192 0 1
64 192 0 1
65 192 0 1
68 192 0 1
69 192 0 1
74 192 0 1
75 192 0 1
76 192 0 1
130 192 0 1
133 192 0 1
3 193 0 1
31 193 0 1
34 193 0 1
39 193 0 1
40 193 0 1
56 193 0 1
57 193 0 1
58 193 0 1
59 193 0 1
60 193 0 1
62 193 0 1
63 193 0 1
64 193 0 1
65 193 0 1
69 193 0 1
74 193 0 1
75 193 0 1
76 193 0 1
130 193 0 1
133 193 0 1
4 194 0 1
32 194 0 1
33 194 0 1
35 194 0 1
36 194 0 1
37 194 0 1
54 194 0 1
55 194 0 1
61 194 0 1
66 194 0 1
70 194 0 1
71 194 0 1
73 194 0 1
77 194 0 1
81 194 0 1
129 194 0 1
132 194 0 1
134 194 0 1
135 194 0 1
3 195 0 1
4 195 0 1
27 195 0 1
32 195 0 1
33 195 0 1
35 195 0 1
36 195 0 1
37 195 0 1
55 195 0 1
61 195 0 1
66 195 0 1
70 195 0 1
71 195 0 1
72 195 0 1
73 195 0 1
74 195 0 1
77 195 0 1
80 195 0 1
131 195 0 1
135 195 0 1
3 196 0 1
4 196 0 1
32 196 0 1
33 196 0 1
35 196 0 1
36 196 0 1
37 196 0 1
65 196 0 1
70 196 0 1
71 196 0 1
72 196 0 1
73 196 0 1
74 196 0 1
75 196 0 1
77 196 0 1
80 196 0 1
131 196 0 1
133 196 0 1
3 197 0 1
4 197 0 1
33 197 0 1
35 197 0 1
65 197 0 1
70 197 0 1
71 197 0 1
72 197 0 1
73 197 0 1
74 197 0 1
75 197 0 1
131 197 0 1
133 197 0 1
3 198 0 1
31 198 0 1
34 198 0 1
39 198 0 1
40 198 0 1
63 198 0 1
65 198 0 1
71 198 0 1
72 198 0 1
74 198 0 1
75 198 0 1
4 199 0 1
28 199 0 1
32 199 0 1
33 199 0 1
35 199 0 1
36 199 0 1
37 199 0 1
48 199 0 1
51 199 0 1
54 199 0 1
55 199 0 1
61 199 0 1
66 199 0 1
70 199 0 1
73 199 0 1
77 199 0 1
129 199 0 1
3 200 0 1
4 200 0 1
27 200 0 1
32 200 0 1
33 200 0 1
35 200 0 1
36 200 0 1
37 200 0 1
48 200 0 1
49 200 0 1
61 200 0 1
66 200 0 1
70 200 0 1
71 200 0 1
72 200 0 1
73 200 0 1
74 200 0 1
77 200 0 1
131 200 0 1
3 201 0 1
24 201 0 1
25 201 0 1
26 201 0 1
29 201 0 1
30 201 0 1
31 201 0 1
34 201 0 1
38 201 0 1
39 201 0 1
40 201 0 1
41 201 0 1
46 201 0 1
47 201 0 1
53 201 0 1
56 201 0 1
57 201 0 1
58 201 0 1
59 201 0 1
60 201 0 1
62 201 0 1
63 201 0 1
64 201 0 1
67 201 0 1
68 201 0 1
69 201 0 1
76 201 0 1
130 201 0 1
3 202 0 1
24 202 0 1
25 202 0 1
26 202 0 1
29 202 0 1
30 202 0 1
31 202 0 1
34 202 0 1
38 202 0 1
39 202 0 1
40 202 0 1
41 202 0 1
46 202 0 1
56 202 0 1
57 202 0 1
58 202 0 1
59 202 0 1
60 202 0 1
62 202 0 1
63 202 0 1
64 202 0 1
67 202 0 1
68 202 0 1
69 202 0 1
76 202 0 1
128 202 0 1
130 202 0 1
3 203 0 1
29 203 0 1
31 203 0 1
34 203 0 1
39 203 0 1
40 203 0 1
57 203 0 1
58 203 0 1
60 203 0 1
62 203 0 1
63 203 0 1
64 203 0 1
65 203 0 1
74 203 0 1
75 203 0 1
76 203 0 1
130 203 0 1
3 204 0 1
4 204 0 1
27 204 0 1
33 204 0 1
35 204 0 1
37 204 0 1
65 204 0 1
70 204 0 1
71 204 0 1
72 204 0 1
73 204 0 1
74 204 0 1
75 204 0 1
131 204 0 1
133 204 0 1
3 205 0 1
30 205 0 1
34 205 0 1
41 205 0 1
56 205 0 1
57 205 0 1
58 205 0 1
59 205 0 1
60 205 0 1
62 205 0 1
63 205 0 1
64 205 0 1
67 205 0 1
68 205 0 1
69 205 0 1
76 205 0 1
78 205 0 1
83 205 0 1
86 205 0 1
128 205 0 1
130 205 0 1
3 206 0 1
4 206 0 1
65 206 0 1
71 206 0 1
72 206 0 1
73 206 0 1
74 206 0 1
75 206 0 1
80 206 0 1
91 206 0 1
98 206 0 1
130 206 0 1
131 206 0 1
133 206 0 1
3 207 0 1
4 207 0 1
33 207 0 1
35 207 0 1
36 207 0 1
61 207 0 1
65 207 0 1
70 207 0 1
71 207 0 1
72 207 0 1
73 207 0 1
74 207 0 1
75 207 0 1
77 207 0 1
80 207 0 1
82 207 0 1
94 207 0 1
131 207 0 1
133 207 0 1
135 207 0 1
3 208 0 1
4 208 0 1
33 208 0 1
35 208 0 1
65 208 0 1
70 208 0 1
71 208 0 1
72 208 0 1
73 208 0 1
74 208 0 1
75 208 0 1
80 208 0 1
91 208 0 1
131 208 0 1
133 208 0 1
3 209 0 1
4 209 0 1
32 209 0 1
33 209 0 1
35 209 0 1
36 209 0 1
55 209 0 1
61 209 0 1
66 209 0 1
70 209 0 1
71 209 0 1
72 209 0 1
73 209 0 1
74 209 0 1
77 209 0 1
80 209 0 1
82 209 0 1
90 209 0 1
94 209 0 1
131 209 0 1
135 209 0 1
56 210 0 1
57 210 0 1
58 210 0 1
59 210 0 1
60 210 0 1
62 210 0 1
63 210 0 1
64 210 0 1
67 210 0 1
68 210 0 1
69 210 0 1
76 210 0 1
78 210 0 1
83 210 0 1
85 210 0 1
86 210 0 1
101 210 0 1
102 210 0 1
121 210 0 1
122 210 0 1
123 210 0 1
128 210 0 1
130 210 0 1
3 211 0 1
56 211 0 1
57 211 0 1
58 211 0 1
59 211 0 1
60 211 0 1
62 211 0 1
63 211 0 1
64 211 0 1
65 211 0 1
78 211 0 1
85 211 0 1
86 211 0 1
91 211 0 1
95 211 0 1
98 211 0 1
99 211 0 1
101 211 0 1
102 211 0 1
105 211 0 1
117 211 0 1
120 211 0 1
123 211 0 1
124 211 0 1
130 211 0 1
133 211 0 1
1 212 0 1
3 212 0 1
63 212 0 1
65 212 0 1
75 212 0 1
78 212 0 1
80 212 0 1
91 212 0 1
95 212 0 1
98 212 0 1
99 212 0 1
105 212 0 1
113 212 0 1
117 212 0 1
119 212 0 1
120 212 0 1
130 212 0 1
131 212 0 1
133 212 0 1
3 213 0 1
4 213 0 1
36 213 0 1
55 213 0 1
61 213 0 1
66 213 0 1
70 213 0 1
71 213 0 1
72 213 0 1
73 213 0 1
74 213 0 1
77 213 0 1
80 213 0 1
81 213 0 1
82 213 0 1
87 213 0 1
90 213 0 1
92 213 0 1
94 213 0 1
96 213 0 1
100 213 0 1
103 213 0 1
125 213 0 1
131 213 0 1
133 213 0 1
134 213 0 1
135 213 0 1
1 214 0 1
3 214 0 1
4 214 0 1
61 214 0 1
70 214 0 1
71 214 0 1
72 214 0 1
73 214 0 1
77 214 0 1
80 214 0 1
81 214 0 1
82 214 0 1
87 214 0 1
90 214 0 1
92 214 0 1
94 214 0 1
96 214 0 1
100 214 0 1
103 214 0 1
111 214 0 1
117 214 0 1
119 214 0 1
125 214 0 1
131 214 0 1
133 214 0 1
135 214 0 1
2 215 0 1
79 215 0 1
81 215 0 1
82 215 0 1
84 215 0 1
87 215 0 1
88 215 0 1
89 215 0 1
90 215 0 1
92 215 0 1
93 215 0 1
94 215 0 1
96 215 0 1
97 215 0 1
103 215 0 1
104 215 0 1
109 215 0 1
111 215 0 1
116 215 0 1
118 215 0 1
125 215 0 1
126 215 0 1
127 215 0 1
132 215 0 1
134 215 0 1
1 216 0 1
2 216 0 1
4 216 0 1
79 216 0 1
80 216 0 1
81 216 0 1
82 216 0 1
87 216 0 1
88 216 0 1
89 216 0 1
90 216 0 1
92 216 0 1
93 216 0 1
94 216 0 1
96 216 0 1
97 216 0 1
100 216 0 1
103 216 0 1
104 216 0 1
109 216 0 1
111 216 0 1
115 216 0 1
116 216 0 1
118 216 0 1
125 216 0 1
126 216 0 1
127 216 0 1
134 216 0 1
135 216 0 1
1 217 0 1
3 217 0 1
91 217 0 1
95 217 0 1
98 217 0 1
99 217 0 1
105 217 0 1
110 217 0 1
113 217 0 1
115 217 0 1
117 217 0 1
119 217 0 1
120 217 0 1
125 217 0 1
130 217 0 1
133 217 0 1
3 218 0 1
57 218 0 1
59 218 0 1
60 218 0 1
78 218 0 1
83 218 0 1
85 218 0 1
86 218 0 1
91 218 0 1
95 218 0 1
98 218 0 1
99 218 0 1
101 218 0 1
102 218 0 1
105 218 0 1
106 218 0 1
107 218 0 1
108 218 0 1
112 218 0 1
113 218 0 1
114 218 0 1
120 218 0 1
121 218 0 1
122 218 0 1
123 218 0 1
124 218 0 1
130 218 0 1
1 219 0 1
3 219 0 1
58 219 0 1
59 219 0 1
60 219 0 1
78 219 0 1
85 219 0 1
86 219 0 1
91 219 0 1
95 219 0 1
98 219 0 1
99 219 0 1
101 219 0 1
102 219 0 1
105 219 0 1
107 219 0 1
108 219 0 1
112 219 0 1
113 219 0 1
114 219 0 1
117 219 0 1
119 219 0 1
120 219 0 1
122 219 0 1
123 219 0 1
124 219 0 1
130 219 0 1
133 219 0 1
1 220 0 1
2 220 0 1
87 220 0 1
88 220 0 1
90 220 0 1
94 220 0 1
100 220 0 1
103 220 0 1
104 220 0 1
109 220 0 1
110 220 0 1
111 220 0 1
115 220 0 1
116 220 0 1
118 220 0 1
125 220 0 1
126 220 0 1
127 220 0 1
1 221 0 1
2 221 0 1
87 221 0 1
88 221 0 1
90 221 0 1
94 221 0 1
96 221 0 1
100 221 0 1
103 221 0 1
104 221 0 1
109 221 0 1
110 221 0 1
111 221 0 1
115 221 0 1
116 221 0 1
118 221 0 1
125 221 0 1
126 221 0 1
127 221 0 1
83 222 0 1
85 222 0 1
86 222 0 1
101 222 0 1
102 222 0 1
106 222 0 1
107 222 0 1
108 222 0 1
112 222 0 1
114 222 0 1
120 222 0 1
121 222 0 1
122 222 0 1
123 222 0 1
124 222 0 1
83 223 0 1
85 223 0 1
86 223 0 1
101 223 0 1
102 223 0 1
105 223 0 1
106 223 0 1
107 223 0 1
108 223 0 1
112 223 0 1
114 223 0 1
120 223 0 1
121 223 0 1
122 223 0 1
123 223 0 1
124 223 0 1
83 224 0 1
85 224 0 1
86 224 0 1
101 224 0 1
102 224 0 1
105 224 0 1
106 224 0 1
107 224 0 1
108 224 0 1
112 224 0 1
114 224 0 1
120 224 0 1
121 224 0 1
122 224 0 1
123 224 0 1
124 224 0 1
85 225 0 1
86 225 0 1
99 225 0 1
101 225 0 1
102 225 0 1
105 225 0 1
106 225 0 1
107 225 0 1
108 225 0 1
112 225 0 1
113 225 0 1
114 225 0 1
120 225 0 1
121 225 0 1
122 225 0 1
123 225 0 1
124 225 0 1
1 226 0 1
2 226 0 1
80 226 0 1
81 226 0 1
82 226 0 1
87 226 0 1
88 226 0 1
89 226 0 1
90 226 0 1
92 226 0 1
93 226 0 1
94 226 0 1
96 226 0 1
97 226 0 1
100 226 0 1
103 226 0 1
104 226 0 1
109 226 0 1
110 226 0 1
111 226 0 1
115 226 0 1
116 226 0 1
118 226 0 1
125 226 0 1
126 226 0 1
127 226 0 1
135 226 0 1
2 227 0 1
79 227 0 1
81 227 0 1
82 227 0 1
84 227 0 1
87 227 0 1
88 227 0 1
89 227 0 1
90 227 0 1
92 227 0 1
93 227 0 1
94 227 0 1
96 227 0 1
97 227 0 1
100 227 0 1
103 227 0 1
104 227 0 1
109 227 0 1
111 227 0 1
116 227 0 1
118 227 0 1
125 227 0 1
126 227 0 1
127 227 0 1
134 227 0 1
3 228 0 1
78 228 0 1
83 228 0 1
85 228 0 1
86 228 0 1
95 228 0 1
99 228 0 1
101 228 0 1
102 228 0 1
105 228 0 1
106 228 0 1
107 228 0 1
108 228 0 1
112 228 0 1
113 228 0 1
114 228 0 1
120 228 0 1
121 228 0 1
122 228 0 1
123 228 0 1
124 228 0 1
1 229 0 1
80 229 0 1
82 229 0 1
87 229 0 1
90 229 0 1
94 229 0 1
100 229 0 1
103 229 0 1
104 229 0 1
110 229 0 1
111 229 0 1
113 229 0 1
115 229 0 1
117 229 0 1
119 229 0 1
120 229 0 1
125 229 0 1
126 229 0 1
1 230 0 1
3 230 0 1
80 230 0 1
91 230 0 1
95 230 0 1
98 230 0 1
99 230 0 1
100 230 0 1
105 230 0 1
110 230 0 1
113 230 0 1
115 230 0 1
117 230 0 1
119 230 0 1
120 230 0 1
125 230 0 1
130 230 0 1
131 230 0 1
133 230 0 1
1 231 0 1
3 231 0 1
4 231 0 1
80 231 0 1
82 231 0 1
87 231 0 1
90 231 0 1
91 231 0 1
94 231 0 1
98 231 0 1
99 231 0 1
100 231 0 1
103 231 0 1
110 231 0 1
111 231 0 1
113 231 0 1
115 231 0 1
117 231 0 1
119 231 0 1
120 231 0 1
125 231 0 1
131 231 0 1
133 231 0 1
135 231 0 1
1 232 0 1
4 232 0 1
80 232 0 1
81 232 0 1
82 232 0 1
87 232 0 1
88 232 0 1
90 232 0 1
92 232 0 1
93 232 0 1
94 232 0 1
96 232 0 1
97 232 0 1
98 232 0 1
100 232 0 1
103 232 0 1
104 232 0 1
110 232 0 1
111 232 0 1
115 232 0 1
117 232 0 1
119 232 0 1
120 232 0 1
125 232 0 1
126 232 0 1
131 232 0 1
133 232 0 1
135 232 0 1
1 233 0 1
3 233 0 1
56 233 0 1
57 233 0 1
58 233 0 1
59 233 0 1
60 233 0 1
62 233 0 1
63 233 0 1
64 233 0 1
65 233 0 1
78 233 0 1
85 233 0 1
86 233 0 1
91 233 0 1
95 233 0 1
98 233 0 1
99 233 0 1
101 233 0 1
102 233 0 1
105 233 0 1
107 233 0 1
112 233 0 1
113 233 0 1
114 233 0 1
117 233 0 1
119 233 0 1
120 233 0 1
122 233 0 1
123 233 0 1
124 233 0 1
130 233 0 1
133 233 0 1
1 234 0 1
3 234 0 1
4 234 0 1
72 234 0 1
80 234 0 1
82 234 0 1
87 234 0 1
90 234 0 1
91 234 0 1
92 234 0 1
94 234 0 1
98 234 0 1
99 234 0 1
100 234 0 1
103 234 0 1
110 234 0 1
111 234 0 1
113 234 0 1
115 234 0 1
117 234 0 1
119 234 0 1
120 234 0 1
125 234 0 1
131 234 0 1
133 234 0 1
135 234 0 1
3 235 0 1
56 235 0 1
57 235 0 1
58 235 0 1
59 235 0 1
60 235 0 1
62 235 0 1
63 235 0 1
64 235 0 1
65 235 0 1
69 235 0 1
78 235 0 1
83 235 0 1
85 235 0 1
86 235 0 1
91 235 0 1
95 235 0 1
98 235 0 1
99 235 0 1
101 235 0 1
102 235 0 1
105 235 0 1
106 235 0 1
107 235 0 1
108 235 0 1
112 235 0 1
114 235 0 1
120 235 0 1
121 235 0 1
122 235 0 1
123 235 0 1
124 235 0 1
128 235 0 1
130 235 0 1
3 236 0 1
56 236 0 1
57 236 0 1
58 236 0 1
59 236 0 1
60 236 0 1
62 236 0 1
63 236 0 1
64 236 0 1
65 236 0 1
78 236 0 1
83 236 0 1
85 236 0 1
86 236 0 1
91 236 0 1
95 236 0 1
98 236 0 1
99 236 0 1
101 236 0 1
102 236 0 1
105 236 0 1
112 236 0 1
114 236 0 1
117 236 0 1
120 236 0 1
122 236 0 1
123 236 0 1
124 236 0 1
130 236 0 1
133 236 0 1
1 237 0 1
4 237 0 1
80 237 0 1
81 237 0 1
82 237 0 1
87 237 0 1
88 237 0 1
90 237 0 1
92 237 0 1
93 237 0 1
94 237 0 1
96 237 0 1
97 237 0 1
100 237 0 1
103 237 0 1
104 237 0 1
111 237 0 1
115 237 0 1
118 237 0 1
119 237 0 1
125 237 0 1
126 237 0 1
131 237 0 1
134 237 0 1
135 237 0 1
3 238 0 1
56 238 0 1
57 238 0 1
58 238 0 1
59 238 0 1
60 238 0 1
62 238 0 1
63 238 0 1
64 238 0 1
78 238 0 1
83 238 0 1
85 238 0 1
86 238 0 1
91 238 0 1
95 238 0 1
98 238 0 1
99 238 0 1
101 238 0 1
102 238 0 1
105 238 0 1
107 238 0 1
108 238 0 1
112 238 0 1
113 238 0 1
114 238 0 1
120 238 0 1
121 238 0 1
122 238 0 1
123 238 0 1
124 238 0 1
128 238 0 1
130 238 0 1
133 238 0 1
3 239 0 1
56 239 0 1
57 239 0 1
58 239 0 1
59 239 0 1
60 239 0 1
62 239 0 1
63 239 0 1
64 239 0 1
67 239 0 1
68 239 0 1
69 239 0 1
76 239 0 1
78 239 0 1
83 239 0 1
85 239 0 1
86 239 0 1
101 239 0 1
128 239 0 1
130 239 0 1
2 240 0 1
4 240 0 1
36 240 0 1
54 240 0 1
55 240 0 1
61 240 0 1
66 240 0 1
77 240 0 1
79 240 0 1
81 240 0 1
82 240 0 1
84 240 0 1
88 240 0 1
89 240 0 1
90 240 0 1
92 240 0 1
93 240 0 1
96 240 0 1
97 240 0 1
104 240 0 1
118 240 0 1
129 240 0 1
132 240 0 1
134 240 0 1
135 240 0 1
2 241 0 1
4 241 0 1
36 241 0 1
54 241 0 1
55 241 0 1
61 241 0 1
66 241 0 1
70 241 0 1
73 241 0 1
77 241 0 1
79 241 0 1
81 241 0 1
82 241 0 1
84 241 0 1
87 241 0 1
88 241 0 1
89 241 0 1
90 241 0 1
92 241 0 1
93 241 0 1
94 241 0 1
96 241 0 1
97 241 0 1
104 241 0 1
118 241 0 1
129 241 0 1
132 241 0 1
134 241 0 1
135 241 0 1
4 242 0 1
35 242 0 1
36 242 0 1
54 242 0 1
55 242 0 1
61 242 0 1
66 242 0 1
70 242 0 1
71 242 0 1
72 242 0 1
73 242 0 1
77 242 0 1
79 242 0 1
80 242 0 1
81 242 0 1
82 242 0 1
87 242 0 1
88 242 0 1
89 242 0 1
90 242 0 1
92 242 0 1
93 242 0 1
94 242 0 1
96 242 0 1
97 242 0 1
100 242 0 1
103 242 0 1
104 242 0 1
118 242 0 1
129 242 0 1
131 242 0 1
132 242 0 1
134 242 0 1
135 242 0 1
2 243 0 1
4 243 0 1
36 243 0 1
54 243 0 1
55 243 0 1
61 243 0 1
66 243 0 1
77 243 0 1
79 243 0 1
81 243 0 1
84 243 0 1
89 243 0 1
92 243 0 1
93 243 0 1
96 243 0 1
97 243 0 1
118 243 0 1
129 243 0 1
132 243 0 1
134 243 0 1
3 244 0 1
4 244 0 1
65 244 0 1
70 244 0 1
71 244 0 1
72 244 0 1
73 244 0 1
74 244 0 1
75 244 0 1
80 244 0 1
91 244 0 1
98 244 0 1
131 244 0 1
133 244 0 1
3 245 0 1
56 245 0 1
57 245 0 1
58 245 0 1
59 245 0 1
60 245 0 1
62 245 0 1
63 245 0 1
64 245 0 1
67 245 0 1
68 245 0 1
69 245 0 1
76 245 0 1
78 245 0 1
83 245 0 1
85 245 0 1
86 245 0 1
95 245 0 1
101 245 0 1
102 245 0 1
124 245 0 1
128 245 0 1
130 245 0 1
2 246 0 1
4 246 0 1
36 246 0 1
54 246 0 1
55 246 0 1
61 246 0 1
66 246 0 1
77 246 0 1
79 246 0 1
81 246 0 1
82 246 0 1
84 246 0 1
88 246 0 1
89 246 0 1
90 246 0 1
92 246 0 1
93 246 0 1
96 246 0 1
97 246 0 1
104 246 0 1
118 246 0 1
129 246 0 1
132 246 0 1
134 246 0 1
135 246 0 1
2 247 0 1
4 247 0 1
36 247 0 1
54 247 0 1
55 247 0 1
61 247 0 1
66 247 0 1
70 247 0 1
77 247 0 1
79 247 0 1
81 247 0 1
82 247 0 1
84 247 0 1
87 247 0 1
88 247 0 1
89 247 0 1
90 247 0 1
92 247 0 1
93 247 0 1
94 247 0 1
96 247 0 1
97 247 0 1
103 247 0 1
104 247 0 1
118 247 0 1
129 247 0 1
132 247 0 1
134 247 0 1
135 247 0 1
2 248 0 1
4 248 0 1
36 248 0 1
54 248 0 1
55 248 0 1
61 248 0 1
66 248 0 1
70 248 0 1
71 248 0 1
73 248 0 1
77 248 0 1
79 248 0 1
80 248 0 1
81 248 0 1
82 248 0 1
84 248 0 1
87 248 0 1
88 248 0 1
89 248 0 1
90 248 0 1
92 248 0 1
93 248 0 1
94 248 0 1
96 248 0 1
97 248 0 1
100 248 0 1
103 248 0 1
104 248 0 1
118 248 0 1
129 248 0 1
131 248 0 1
132 248 0 1
134 248 0 1
135 248 0 1
3 249 0 1
4 249 0 1
22 249 0 1
27 249 0 1
32 249 0 1
33 249 0 1
35 249 0 1
36 249 0 1
37 249 0 1
44 249 0 1
48 249 0 1
49 249 0 1
50 249 0 1
66 249 0 1
70 249 0 1
71 249 0 1
72 249 0 1
73 249 0 1
74 249 0 1
77 249 0 1
4 250 0 1
27 250 0 1
28 250 0 1
32 250 0 1
33 250 0 1
35 250 0 1
36 250 0 1
37 250 0 1
48 250 0 1
49 250 0 1
50 250 0 1
51 250 0 1
55 250 0 1
61 250 0 1
66 250 0 1
70 250 0 1
71 250 0 1
72 250 0 1
73 250 0 1
77 250 0 1
3 251 0 1
27 251 0 1
31 251 0 1
33 251 0 1
34 251 0 1
39 251 0 1
52 251 0 1
65 251 0 1
72 251 0 1
74 251 0 1
75 251 0 1
3 252 0 1
10 252 0 1
21 252 0 1
23 252 0 1
24 252 0 1
25 252 0 1
26 252 0 1
29 252 0 1
30 252 0 1
31 252 0 1
34 252 0 1
38 252 0 1
39 252 0 1
40 252 0 1
41 252 0 1
42 252 0 1
45 252 0 1
46 252 0 1
47 252 0 1
52 252 0 1
53 252 0 1
56 252 0 1
57 252 0 1
58 252 0 1
59 252 0 1
60 252 0 1
62 252 0 1
63 252 0 1
64 252 0 1
67 252 0 1
68 252 0 1
69 252 0 1
76 252 0 1
4 253 0 1
28 253 0 1
32 253 0 1
33 253 0 1
35 253 0 1
36 253 0 1
37 253 0 1
43 253 0 1
48 253 0 1
50 253 0 1
51 253 0 1
54 253 0 1
55 253 0 1
61 253 0 1
66 253 0 1
70 253 0 1
73 253 0 1
77 253 0 1
129 253 0 1
132 253 0 1
134 253 0 1
3 254 0 1
29 254 0 1
31 254 0 1
34 254 0 1
39 254 0 1
40 254 0 1
47 254 0 1
52 254 0 1
63 254 0 1
65 254 0 1
74 254 0 1
75 254 0 1
76 254 0 1
24 255 0 1
25 255 0 1
26 255 0 1
30 255 0 1
38 255 0 1
40 255 0 1
41 255 0 1
46 255 0 1
56 255 0 1
62 255 0 1
67 255 0 1
68 255 0 1
69 255 0 1
76 255 0 1
128 255 0 1
3 256 0 1
4 256 0 1
27 256 0 1
32 256 0 1
33 256 0 1
35 256 0 1
36 256 0 1
37 256 0 1
44 256 0 1
48 256 0 1
49 256 0 1
50 256 0 1
61 256 0 1
66 256 0 1
70 256 0 1
71 256 0 1
72 256 0 1
73 256 0 1
74 256 0 1
77 256 0 1
3 257 0 1
27 257 0 1
31 257 0 1
34 257 0 1
39 257 0 1
40 257 0 1
52 257 0 1
65 257 0 1
72 257 0 1
74 257 0 1
75 257 0 1
3 258 0 1
29 258 0 1
31 258 0 1
34 258 0 1
39 258 0 1
40 258 0 1
47 258 0 1
52 258 0 1
53 258 0 1
56 258 0 1
57 258 0 1
58 258 0 1
59 258 0 1
60 258 0 1
62 258 0 1
63 258 0 1
64 258 0 1
65 258 0 1
68 258 0 1
69 258 0 1
74 258 0 1
75 258 0 1
76 258 0 1
130 258 0 1
3 259 0 1
4 259 0 1
27 259 0 1
31 259 0 1
33 259 0 1
34 259 0 1
35 259 0 1
37 259 0 1
39 259 0 1
52 259 0 1
65 259 0 1
71 259 0 1
72 259 0 1
73 259 0 1
74 259 0 1
75 259 0 1
4 260 0 1
28 260 0 1
32 260 0 1
33 260 0 1
35 260 0 1
36 260 0 1
37 260 0 1
48 260 0 1
51 260 0 1
54 260 0 1
55 260 0 1
61 260 0 1
66 260 0 1
70 260 0 1
71 260 0 1
73 260 0 1
77 260 0 1
3 261 0 1
31 261 0 1
34 261 0 1
39 261 0 1
40 261 0 1
52 261 0 1
63 261 0 1
65 261 0 1
72 261 0 1
74 261 0 1
75 261 0 1
3 262 0 1
29 262 0 1
31 262 0 1
34 262 0 1
39 262 0 1
40 262 0 1
47 262 0 1
52 262 0 1
58 262 0 1
63 262 0 1
64 262 0 1
65 262 0 1
74 262 0 1
75 262 0 1
76 262 0 1
