1 2 0 0
2 3 0 0
3 4 0 0
3 5 0 0
3 6 0 0
4 6 0 0
5 6 0 0
2 7 0 0
4 7 0 0
3 8 0 0
5 8 0 0
6 8 0 0
3 9 0 0
5 9 0 0
6 9 0 0
8 9 0 0
3 10 0 0
5 10 0 0
6 10 0 0
8 10 0 0
9 10 0 0
3 11 0 0
5 11 0 0
6 11 0 0
8 11 0 0
9 11 0 0
10 11 0 0
3 12 0 0
5 12 0 0
6 12 0 0
8 12 0 0
9 12 0 0
10 12 0 0
11 12 0 0
2 13 0 0
3 13 0 0
7 13 0 0
1 14 0 0
2 14 0 0
3 14 0 0
7 14 0 0
13 14 0 0
2 15 0 0
3 15 0 0
13 15 0 0
14 15 0 0
1 16 0 0
2 16 0 0
3 16 0 0
13 16 0 0
14 16 0 0
15 16 0 0
3 17 0 0
3 18 0 0
17 18 0 0
1 19 0 0
2 19 0 0
16 19 0 0
3 20 0 0
17 20 0 0
18 20 0 0
3 21 0 0
17 21 0 0
18 21 0 0
20 21 0 0
3 22 0 0
18 22 0 0
20 22 0 0
21 22 0 0
1 23 0 0
19 23 0 0
1 24 0 0
19 24 0 0
23 24 0 0
23 25 0 0
24 25 0 0
23 27 0 0
24 27 0 0
25 27 0 0
26 28 0 0
3 29 0 0
15 29 0 0
16 29 0 0
18 29 0 0
19 29 0 0
20 29 0 0
21 29 0 0
1 30 0 0
2 30 0 0
3 30 0 0
15 30 0 0
16 30 0 0
19 30 0 0
23 30 0 0
29 30 0 0
1 31 0 0
2 31 0 0
15 31 0 0
16 31 0 0
19 31 0 0
23 31 0 0
24 31 0 0
30 31 0 0
1 32 0 0
2 32 0 0
19 32 0 0
23 32 0 0
24 32 0 0
30 32 0 0
31 32 0 0
3 33 0 0
15 33 0 0
16 33 0 0
19 33 0 0
21 33 0 0
26 33 0 0
29 33 0 0
30 33 0 0
31 33 0 0
1 34 0 0
2 34 0 0
15 34 0 0
16 34 0 0
19 34 0 0
30 34 0 0
31 34 0 0
32 34 0 0
1 35 0 0
2 35 0 0
3 35 0 0
15 35 0 0
16 35 0 0
19 35 0 0
30 35 0 0
31 35 0 0
32 35 0 0
33 35 0 0
34 35 0 0
2 36 0 0
3 36 0 0
15 36 0 0
16 36 0 0
19 36 0 0
21 36 0 0
29 36 0 0
30 36 0 0
31 36 0 0
33 36 0 0
35 36 0 0
1 37 0 0
2 37 0 0
3 37 0 0
15 37 0 0
16 37 0 0
19 37 0 0
29 37 0 0
30 37 0 0
31 37 0 0
32 37 0 0
33 37 0 0
34 37 0 0
35 37 0 0
36 37 0 0
1 38 0 0
2 38 0 0
16 38 0 0
19 38 0 0
23 38 0 0
30 38 0 0
31 38 0 0
32 38 0 0
34 38 0 0
35 38 0 0
37 38 0 0
1 39 0 0
2 39 0 0
3 39 0 0
14 39 0 0
15 39 0 0
16 39 0 0
19 39 0 0
29 39 0 0
30 39 0 0
31 39 0 0
33 39 0 0
34 39 0 0
35 39 0 0
36 39 0 0
37 39 0 0
38 39 0 0
2 40 0 0
3 40 0 0
13 40 0 0
14 40 0 0
15 40 0 0
16 40 0 0
29 40 0 0
30 40 0 0
35 40 0 0
36 40 0 0
37 40 0 0
39 40 0 0
1 41 0 0
2 41 0 0
13 41 0 0
14 41 0 0
15 41 0 0
16 41 0 0
34 41 0 0
35 41 0 0
37 41 0 0
39 41 0 0
40 41 0 0
1 42 0 0
2 42 0 0
3 42 0 0
13 42 0 0
14 42 0 0
15 42 0 0
16 42 0 0
30 42 0 0
31 42 0 0
34 42 0 0
35 42 0 0
36 42 0 0
37 42 0 0
38 42 0 0
39 42 0 0
40 42 0 0
41 42 0 0
3 43 0 1
5 43 0 1
8 43 0 1
10 43 0 1
11 43 0 1
12 43 0 1
17 43 0 1
18 43 0 1
20 43 0 1
21 43 0 1
22 43 0 1
2 44 0 1
4 44 0 1
7 44 0 1
13 44 0 1
14 44 0 1
10 46 0 1
3 47 0 1
10 47 0 1
11 47 0 1
12 47 0 1
3 49 0 1
10 49 0 1
11 49 0 1
12 49 0 1
17 49 0 1
24 50 0 1
25 50 0 1
26 50 0 1
27 50 0 1
28 50 0 1
25 51 0 1
26 51 0 1
27 51 0 1
28 51 0 1
20 53 0 1
22 53 0 1
26 53 0 1
28 53 0 1
20 54 0 1
22 54 0 1
3 55 0 1
17 55 0 1
18 55 0 1
20 55 0 1
21 55 0 1
22 55 0 1
