1 2 0 0
1 3 0 0
1 4 0 0
3 4 0 0
2 5 0 0
2 6 0 0
5 6 0 0
1 7 0 0
2 7 0 0
3 7 0 0
4 7 0 0
2 8 0 0
4 8 0 0
5 8 0 0
6 8 0 0
1 9 0 0
2 9 0 0
3 9 0 0
4 9 0 0
7 9 0 0
2 10 0 0
5 10 0 0
6 10 0 0
8 10 0 0
2 11 0 0
5 11 0 0
6 11 0 0
8 11 0 0
10 11 0 0
2 12 0 0
4 12 0 0
5 12 0 0
6 12 0 0
8 12 0 0
10 12 0 0
11 12 0 0
1 13 0 0
2 13 0 0
3 13 0 0
4 13 0 0
7 13 0 0
9 13 0 0
2 14 0 0
4 14 0 0
5 14 0 0
6 14 0 0
8 14 0 0
10 14 0 0
11 14 0 0
12 14 0 0
2 15 0 0
5 15 0 0
6 15 0 0
8 15 0 0
10 15 0 0
11 15 0 0
12 15 0 0
14 15 0 0
2 16 0 0
5 16 0 0
6 16 0 0
8 16 0 0
10 16 0 0
11 16 0 0
12 16 0 0
14 16 0 0
15 16 0 0
1 17 0 0
2 17 0 0
3 17 0 0
4 17 0 0
7 17 0 0
8 17 0 0
9 17 0 0
10 17 0 0
12 17 0 0
13 17 0 0
14 17 0 0
16 17 0 0
1 18 0 0
2 18 0 0
3 18 0 0
4 18 0 0
7 18 0 0
8 18 0 0
9 18 0 0
10 18 0 0
12 18 0 0
13 18 0 0
17 18 0 0
2 19 0 0
5 19 0 0
6 19 0 0
8 19 0 0
10 19 0 0
11 19 0 0
12 19 0 0
14 19 0 0
15 19 0 0
16 19 0 0
1 20 0 0
2 20 0 0
3 20 0 0
4 20 0 0
7 20 0 0
8 20 0 0
9 20 0 0
10 20 0 0
12 20 0 0
13 20 0 0
17 20 0 0
18 20 0 0
1 21 0 0
2 21 0 0
7 21 0 0
9 21 0 0
13 21 0 0
17 21 0 0
18 21 0 0
20 21 0 0
1 22 0 0
2 22 0 0
4 22 0 0
7 22 0 0
8 22 0 0
9 22 0 0
10 22 0 0
12 22 0 0
13 22 0 0
14 22 0 0
17 22 0 0
18 22 0 0
20 22 0 0
21 22 0 0
1 23 0 0
2 23 0 0
3 23 0 0
4 23 0 0
7 23 0 0
9 23 0 0
10 23 0 0
13 23 0 0
17 23 0 0
18 23 0 0
20 23 0 0
21 23 0 0
22 23 0 0
2 24 0 0
5 24 0 0
6 24 0 0
8 24 0 0
10 24 0 0
11 24 0 0
12 24 0 0
14 24 0 0
15 24 0 0
16 24 0 0
17 24 0 0
19 24 0 0
22 24 0 0
2 25 0 0
12 25 0 0
15 25 0 0
19 25 0 0
24 25 0 0
2 26 0 0
10 26 0 0
12 26 0 0
15 26 0 0
16 26 0 0
19 26 0 0
24 26 0 0
25 26 0 0
1 27 0 0
2 27 0 0
7 27 0 0
9 27 0 0
10 27 0 0
12 27 0 0
13 27 0 0
17 27 0 0
18 27 0 0
20 27 0 0
21 27 0 0
22 27 0 0
23 27 0 0
2 28 0 0
11 28 0 0
12 28 0 0
15 28 0 0
16 28 0 0
19 28 0 0
24 28 0 0
25 28 0 0
26 28 0 0
2 29 0 0
25 29 0 0
26 29 0 0
2 30 0 0
27 30 0 0
2 31 0 0
29 31 0 0
2 32 0 0
30 32 0 0
2 33 0 0
30 33 0 0
32 33 0 0
2 34 0 0
30 34 0 0
32 34 0 0
33 34 0 0
35 36 0 0
2 37 0 0
30 37 0 0
31 37 0 0
32 37 0 0
33 37 0 0
34 37 0 0
2 38 0 0
29 38 0 0
31 38 0 0
32 38 0 0
33 38 0 0
34 38 0 0
37 38 0 0
2 39 0 0
26 39 0 0
29 39 0 0
31 39 0 0
34 39 0 0
37 39 0 0
38 39 0 0
2 40 0 0
30 40 0 0
32 40 0 0
33 40 0 0
34 40 0 0
37 40 0 0
38 40 0 0
2 41 0 0
29 41 0 0
30 41 0 0
31 41 0 0
32 41 0 0
34 41 0 0
37 41 0 0
38 41 0 0
39 41 0 0
40 41 0 0
2 42 0 0
29 42 0 0
31 42 0 0
38 42 0 0
39 42 0 0
41 42 0 0
2 43 0 0
24 43 0 0
25 43 0 0
26 43 0 0
28 43 0 0
29 43 0 0
31 43 0 0
39 43 0 0
42 43 0 0
2 44 0 0
10 44 0 0
12 44 0 0
19 44 0 0
24 44 0 0
25 44 0 0
26 44 0 0
28 44 0 0
29 44 0 0
39 44 0 0
42 44 0 0
43 44 0 0
2 45 0 0
24 45 0 0
25 45 0 0
26 45 0 0
28 45 0 0
29 45 0 0
39 45 0 0
42 45 0 0
43 45 0 0
44 45 0 0
2 46 0 1
5 46 0 1
11 46 0 1
15 46 0 1
16 46 0 1
19 46 0 1
24 46 0 1
25 46 0 1
26 46 0 1
28 46 0 1
43 46 0 1
44 46 0 1
45 46 0 1
1 48 0 1
3 48 0 1
4 48 0 1
7 48 0 1
9 48 0 1
13 48 0 1
17 48 0 1
18 48 0 1
1 49 0 1
3 49 0 1
4 49 0 1
7 49 0 1
9 49 0 1
13 49 0 1
18 49 0 1
23 49 0 1
5 52 0 1
6 52 0 1
11 52 0 1
15 52 0 1
16 52 0 1
19 52 0 1
5 53 0 1
6 53 0 1
11 53 0 1
15 53 0 1
16 53 0 1
19 53 0 1
5 55 0 1
6 55 0 1
11 55 0 1
15 55 0 1
16 55 0 1
19 55 0 1
5 56 0 1
11 56 0 1
15 56 0 1
2 62 0 1
5 62 0 1
10 62 0 1
11 62 0 1
12 62 0 1
14 62 0 1
15 62 0 1
16 62 0 1
19 62 0 1
24 62 0 1
25 62 0 1
26 62 0 1
28 62 0 1
43 62 0 1
44 62 0 1
45 62 0 1
2 63 0 1
25 63 0 1
26 63 0 1
29 63 0 1
31 63 0 1
38 63 0 1
39 63 0 1
42 63 0 1
43 63 0 1
44 63 0 1
45 63 0 1
2 66 0 1
25 66 0 1
29 66 0 1
31 66 0 1
39 66 0 1
42 66 0 1
43 66 0 1
44 66 0 1
45 66 0 1
2 70 0 1
29 70 0 1
31 70 0 1
35 70 0 1
38 70 0 1
39 70 0 1
42 70 0 1
43 70 0 1
44 70 0 1
45 70 0 1
2 71 0 1
32 71 0 1
33 71 0 1
34 71 0 1
37 71 0 1
38 71 0 1
40 71 0 1
2 72 0 1
31 72 0 1
34 72 0 1
36 72 0 1
37 72 0 1
38 72 0 1
39 72 0 1
42 72 0 1
2 73 0 1
31 73 0 1
35 73 0 1
36 73 0 1
37 73 0 1
38 73 0 1
39 73 0 1
42 73 0 1
31 74 0 1
35 74 0 1
36 74 0 1
37 74 0 1
38 74 0 1
39 74 0 1
42 74 0 1
31 75 0 1
35 75 0 1
36 75 0 1
31 76 0 1
35 76 0 1
36 76 0 1
42 76 0 1
2 77 0 1
32 77 0 1
33 77 0 1
34 77 0 1
37 77 0 1
35 78 0 1
36 78 0 1
37 78 0 1
38 78 0 1
32 79 0 1
33 79 0 1
37 79 0 1
35 82 0 1
32 85 0 1
34 85 0 1
37 85 0 1
35 86 0 1
36 86 0 1
37 86 0 1
35 87 0 1
36 88 0 1
37 88 0 1
35 89 0 1
36 89 0 1
31 91 0 1
35 91 0 1
36 91 0 1
37 91 0 1
38 91 0 1
42 91 0 1
35 92 0 1
31 93 0 1
35 93 0 1
36 93 0 1
37 93 0 1
38 93 0 1
2 94 0 1
30 94 0 1
32 94 0 1
33 94 0 1
34 94 0 1
37 94 0 1
38 94 0 1
40 94 0 1
41 94 0 1
35 95 0 1
2 96 0 1
32 96 0 1
33 96 0 1
34 96 0 1
37 96 0 1
38 96 0 1
40 96 0 1
41 96 0 1
35 100 0 1
2 101 0 1
25 101 0 1
28 101 0 1
29 101 0 1
31 101 0 1
35 101 0 1
39 101 0 1
42 101 0 1
43 101 0 1
44 101 0 1
45 101 0 1
2 102 0 1
24 102 0 1
25 102 0 1
26 102 0 1
28 102 0 1
29 102 0 1
43 102 0 1
44 102 0 1
45 102 0 1
2 103 0 1
25 103 0 1
26 103 0 1
28 103 0 1
43 103 0 1
44 103 0 1
45 103 0 1
