1 3 0 0
2 3 0 0
1 4 0 0
2 4 0 0
3 4 0 0
1 5 0 0
2 5 0 0
3 5 0 0
4 5 0 0
1 6 0 0
2 6 0 0
3 6 0 0
4 6 0 0
5 6 0 0
1 7 0 0
2 7 0 0
3 7 0 0
4 7 0 0
5 7 0 0
6 7 0 0
2 8 0 0
4 8 0 0
5 8 0 0
6 8 0 0
1 9 0 0
2 9 0 0
3 9 0 0
4 9 0 0
5 9 0 0
6 9 0 0
7 9 0 0
8 9 0 0
1 10 0 0
2 10 0 0
3 10 0 0
4 10 0 0
5 10 0 0
6 10 0 0
7 10 0 0
9 10 0 0
1 11 0 0
2 11 0 0
3 11 0 0
4 11 0 0
5 11 0 0
6 11 0 0
7 11 0 0
9 11 0 0
10 11 0 0
1 12 0 0
2 12 0 0
3 12 0 0
4 12 0 0
5 12 0 0
6 12 0 0
7 12 0 0
8 12 0 0
9 12 0 0
10 12 0 0
11 12 0 0
1 13 0 0
2 13 0 0
3 13 0 0
4 13 0 0
5 13 0 0
6 13 0 0
7 13 0 0
8 13 0 0
9 13 0 0
10 13 0 0
11 13 0 0
12 13 0 0
1 14 0 0
2 14 0 0
3 14 0 0
4 14 0 0
5 14 0 0
6 14 0 0
7 14 0 0
8 14 0 0
9 14 0 0
10 14 0 0
11 14 0 0
12 14 0 0
13 14 0 0
2 15 0 0
4 15 0 0
5 15 0 0
6 15 0 0
8 15 0 0
9 15 0 0
10 15 0 0
11 15 0 0
12 15 0 0
13 15 0 0
14 15 0 0
1 16 0 0
3 16 0 0
4 16 0 0
5 16 0 0
6 16 0 0
7 16 0 0
9 16 0 0
10 16 0 0
11 16 0 0
12 16 0 0
13 16 0 0
14 16 0 0
1 17 0 0
2 17 0 0
3 17 0 0
4 17 0 0
5 17 0 0
6 17 0 0
7 17 0 0
8 17 0 0
9 17 0 0
10 17 0 0
11 17 0 0
12 17 0 0
13 17 0 0
14 17 0 0
15 17 0 0
16 17 0 0
8 18 0 0
9 18 0 0
10 18 0 0
11 18 0 0
12 18 0 0
13 18 0 0
14 18 0 0
15 18 0 0
17 18 0 0
1 19 0 0
9 19 0 0
10 19 0 0
11 19 0 0
12 19 0 0
18 19 0 0
1 20 0 0
11 20 0 0
19 20 0 0
1 21 0 0
20 21 0 0
1 22 0 0
7 22 0 0
9 22 0 0
10 22 0 0
11 22 0 0
12 22 0 0
13 22 0 0
16 22 0 0
17 22 0 0
19 22 0 0
20 22 0 0
21 22 0 0
1 23 0 0
8 23 0 0
9 23 0 0
10 23 0 0
11 23 0 0
12 23 0 0
14 23 0 0
15 23 0 0
17 23 0 0
18 23 0 0
19 23 0 0
20 23 0 0
22 23 0 0
1 24 0 0
10 24 0 0
11 24 0 0
13 24 0 0
16 24 0 0
19 24 0 0
20 24 0 0
21 24 0 0
22 24 0 0
23 24 0 0
1 25 0 0
11 25 0 0
19 25 0 0
20 25 0 0
21 25 0 0
22 25 0 0
24 25 0 0
1 26 0 0
7 26 0 0
9 26 0 0
10 26 0 0
11 26 0 0
12 26 0 0
13 26 0 0
14 26 0 0
16 26 0 0
17 26 0 0
18 26 0 0
19 26 0 0
20 26 0 0
21 26 0 0
22 26 0 0
23 26 0 0
24 26 0 0
25 26 0 0
1 27 0 0
3 27 0 0
7 27 0 0
9 27 0 0
10 27 0 0
11 27 0 0
12 27 0 0
13 27 0 0
14 27 0 0
16 27 0 0
17 27 0 0
18 27 0 0
19 27 0 0
20 27 0 0
21 27 0 0
22 27 0 0
23 27 0 0
24 27 0 0
25 27 0 0
26 27 0 0
1 28 0 0
6 28 0 0
7 28 0 0
8 28 0 0
9 28 0 0
10 28 0 0
11 28 0 0
12 28 0 0
13 28 0 0
14 28 0 0
15 28 0 0
16 28 0 0
17 28 0 0
18 28 0 0
19 28 0 0
20 28 0 0
22 28 0 0
23 28 0 0
24 28 0 0
25 28 0 0
26 28 0 0
27 28 0 0
1 29 0 0
2 29 0 0
3 29 0 0
4 29 0 0
5 29 0 0
6 29 0 0
7 29 0 0
8 29 0 0
9 29 0 0
10 29 0 0
11 29 0 0
12 29 0 0
13 29 0 0
14 29 0 0
15 29 0 0
16 29 0 0
17 29 0 0
18 29 0 0
19 29 0 0
20 29 0 0
22 29 0 0
23 29 0 0
24 29 0 0
25 29 0 0
26 29 0 0
27 29 0 0
28 29 0 0
1 30 0 0
3 30 0 0
4 30 0 0
5 30 0 0
6 30 0 0
7 30 0 0
9 30 0 0
10 30 0 0
11 30 0 0
12 30 0 0
13 30 0 0
14 30 0 0
16 30 0 0
17 30 0 0
18 30 0 0
19 30 0 0
20 30 0 0
21 30 0 0
22 30 0 0
23 30 0 0
24 30 0 0
25 30 0 0
26 30 0 0
27 30 0 0
28 30 0 0
29 30 0 0
1 31 0 0
3 31 0 0
6 31 0 0
7 31 0 0
9 31 0 0
10 31 0 0
11 31 0 0
12 31 0 0
13 31 0 0
14 31 0 0
16 31 0 0
17 31 0 0
19 31 0 0
20 31 0 0
21 31 0 0
22 31 0 0
23 31 0 0
24 31 0 0
25 31 0 0
26 31 0 0
27 31 0 0
28 31 0 0
29 31 0 0
30 31 0 0
1 32 0 0
2 32 0 0
3 32 0 0
4 32 0 0
5 32 0 0
6 32 0 0
7 32 0 0
9 32 0 0
10 32 0 0
11 32 0 0
12 32 0 0
13 32 0 0
14 32 0 0
15 32 0 0
16 32 0 0
17 32 0 0
18 32 0 0
19 32 0 0
20 32 0 0
22 32 0 0
23 32 0 0
24 32 0 0
25 32 0 0
26 32 0 0
27 32 0 0
28 32 0 0
29 32 0 0
30 32 0 0
31 32 0 0
1 33 0 0
3 33 0 0
7 33 0 0
10 33 0 0
11 33 0 0
13 33 0 0
16 33 0 0
19 33 0 0
20 33 0 0
21 33 0 0
22 33 0 0
24 33 0 0
25 33 0 0
26 33 0 0
27 33 0 0
28 33 0 0
29 33 0 0
30 33 0 0
31 33 0 0
32 33 0 0
1 34 0 0
2 34 0 0
3 34 0 0
4 34 0 0
5 34 0 0
6 34 0 0
7 34 0 0
9 34 0 0
10 34 0 0
11 34 0 0
12 34 0 0
13 34 0 0
14 34 0 0
16 34 0 0
17 34 0 0
19 34 0 0
20 34 0 0
21 34 0 0
22 34 0 0
23 34 0 0
24 34 0 0
25 34 0 0
26 34 0 0
27 34 0 0
28 34 0 0
29 34 0 0
30 34 0 0
31 34 0 0
32 34 0 0
33 34 0 0
1 35 0 0
2 35 0 0
3 35 0 0
4 35 0 0
5 35 0 0
6 35 0 0
7 35 0 0
8 35 0 0
9 35 0 0
10 35 0 0
11 35 0 0
12 35 0 0
13 35 0 0
14 35 0 0
15 35 0 0
16 35 0 0
17 35 0 0
18 35 0 0
19 35 0 0
20 35 0 0
22 35 0 0
23 35 0 0
24 35 0 0
25 35 0 0
26 35 0 0
27 35 0 0
28 35 0 0
29 35 0 0
30 35 0 0
31 35 0 0
32 35 0 0
34 35 0 0
1 36 0 0
3 36 0 0
4 36 0 0
5 36 0 0
6 36 0 0
7 36 0 0
9 36 0 0
10 36 0 0
11 36 0 0
12 36 0 0
13 36 0 0
14 36 0 0
16 36 0 0
17 36 0 0
18 36 0 0
19 36 0 0
20 36 0 0
22 36 0 0
23 36 0 0
24 36 0 0
25 36 0 0
26 36 0 0
27 36 0 0
28 36 0 0
29 36 0 0
30 36 0 0
31 36 0 0
32 36 0 0
33 36 0 0
34 36 0 0
35 36 0 0
1 37 0 0
19 37 0 0
20 37 0 0
21 37 0 0
22 37 0 0
24 37 0 0
25 37 0 0
26 37 0 0
27 37 0 0
23 38 0 0
19 39 0 0
20 39 0 0
23 39 0 0
28 39 0 0
38 39 0 0
1 40 0 0
20 40 0 0
21 40 0 0
25 40 0 0
37 40 0 0
1 41 0 0
19 41 0 0
20 41 0 0
21 41 0 0
22 41 0 0
24 41 0 0
25 41 0 0
37 41 0 0
39 41 0 0
40 41 0 0
1 42 0 0
19 42 0 0
20 42 0 0
22 42 0 0
23 42 0 0
24 42 0 0
25 42 0 0
26 42 0 0
28 42 0 0
37 42 0 0
38 42 0 0
39 42 0 0
41 42 0 0
19 43 0 0
20 43 0 0
23 43 0 0
28 43 0 0
38 43 0 0
39 43 0 0
41 43 0 0
42 43 0 0
1 44 0 0
18 44 0 0
19 44 0 0
20 44 0 0
22 44 0 0
23 44 0 0
24 44 0 0
25 44 0 0
26 44 0 0
27 44 0 0
28 44 0 0
35 44 0 0
37 44 0 0
38 44 0 0
39 44 0 0
41 44 0 0
42 44 0 0
43 44 0 0
1 45 0 0
19 45 0 0
20 45 0 0
21 45 0 0
22 45 0 0
24 45 0 0
25 45 0 0
26 45 0 0
27 45 0 0
28 45 0 0
37 45 0 0
39 45 0 0
40 45 0 0
41 45 0 0
42 45 0 0
43 45 0 0
44 45 0 0
1 46 0 0
19 46 0 0
20 46 0 0
21 46 0 0
22 46 0 0
24 46 0 0
25 46 0 0
26 46 0 0
27 46 0 0
37 46 0 0
40 46 0 0
41 46 0 0
42 46 0 0
43 46 0 0
44 46 0 0
45 46 0 0
18 47 0 0
19 47 0 0
23 47 0 0
28 47 0 0
38 47 0 0
39 47 0 0
42 47 0 0
43 47 0 0
44 47 0 0
45 47 0 0
1 48 0 0
19 48 0 0
20 48 0 0
22 48 0 0
23 48 0 0
24 48 0 0
25 48 0 0
26 48 0 0
27 48 0 0
28 48 0 0
37 48 0 0
39 48 0 0
40 48 0 0
41 48 0 0
42 48 0 0
43 48 0 0
44 48 0 0
45 48 0 0
46 48 0 0
47 48 0 0
1 49 0 0
19 49 0 0
20 49 0 0
25 49 0 0
37 49 0 0
40 49 0 0
41 49 0 0
42 49 0 0
43 49 0 0
44 49 0 0
45 49 0 0
46 49 0 0
48 49 0 0
1 50 0 0
19 50 0 0
20 50 0 0
24 50 0 0
25 50 0 0
37 50 0 0
39 50 0 0
41 50 0 0
42 50 0 0
43 50 0 0
44 50 0 0
45 50 0 0
46 50 0 0
47 50 0 0
48 50 0 0
49 50 0 0
38 51 0 0
39 51 0 0
43 51 0 0
47 51 0 0
38 52 0 0
39 52 0 0
43 52 0 0
47 52 0 0
51 52 0 0
38 53 0 0
39 53 0 0
42 53 0 0
43 53 0 0
44 53 0 0
45 53 0 0
47 53 0 0
48 53 0 0
49 53 0 0
50 53 0 0
51 53 0 0
52 53 0 0
1 54 0 0
37 54 0 0
40 54 0 0
41 54 0 0
42 54 0 0
45 54 0 0
46 54 0 0
48 54 0 0
49 54 0 0
50 54 0 0
1 55 0 0
41 55 0 0
42 55 0 0
43 55 0 0
45 55 0 0
46 55 0 0
48 55 0 0
49 55 0 0
50 55 0 0
53 55 0 0
54 55 0 0
1 56 0 0
37 56 0 0
40 56 0 0
41 56 0 0
42 56 0 0
45 56 0 0
46 56 0 0
48 56 0 0
49 56 0 0
50 56 0 0
53 56 0 0
54 56 0 0
55 56 0 0
1 57 0 0
49 57 0 0
54 57 0 0
55 57 0 0
56 57 0 0
1 58 0 0
48 58 0 0
49 58 0 0
50 58 0 0
53 58 0 0
54 58 0 0
55 58 0 0
56 58 0 0
57 58 0 0
1 59 0 0
54 59 0 0
55 59 0 0
56 59 0 0
57 59 0 0
58 59 0 0
54 60 0 0
55 60 0 0
56 60 0 0
57 60 0 0
58 60 0 0
59 60 0 0
1 61 0 0
54 61 0 0
56 61 0 0
57 61 0 0
58 61 0 0
59 61 0 0
60 61 0 0
1 62 0 0
49 62 0 0
50 62 0 0
53 62 0 0
54 62 0 0
55 62 0 0
56 62 0 0
57 62 0 0
58 62 0 0
59 62 0 0
60 62 0 0
1 63 0 0
49 63 0 0
54 63 0 0
55 63 0 0
56 63 0 0
57 63 0 0
58 63 0 0
59 63 0 0
60 63 0 0
61 63 0 0
62 63 0 0
1 64 0 0
54 64 0 0
55 64 0 0
56 64 0 0
57 64 0 0
58 64 0 0
59 64 0 0
60 64 0 0
61 64 0 0
62 64 0 0
63 64 0 0
1 65 0 0
53 65 0 0
54 65 0 0
55 65 0 0
56 65 0 0
57 65 0 0
58 65 0 0
59 65 0 0
60 65 0 0
61 65 0 0
62 65 0 0
63 65 0 0
64 65 0 0
1 66 0 0
40 66 0 0
41 66 0 0
49 66 0 0
50 66 0 0
54 66 0 0
55 66 0 0
56 66 0 0
57 66 0 0
58 66 0 0
59 66 0 0
60 66 0 0
61 66 0 0
62 66 0 0
63 66 0 0
64 66 0 0
65 66 0 0
1 67 0 0
37 67 0 0
40 67 0 0
41 67 0 0
45 67 0 0
46 67 0 0
48 67 0 0
49 67 0 0
54 67 0 0
55 67 0 0
56 67 0 0
57 67 0 0
58 67 0 0
59 67 0 0
60 67 0 0
61 67 0 0
62 67 0 0
63 67 0 0
64 67 0 0
65 67 0 0
66 67 0 0
38 68 0 0
39 68 0 0
43 68 0 0
47 68 0 0
51 68 0 0
52 68 0 0
53 68 0 0
58 68 0 0
62 68 0 0
65 68 0 0
1 69 0 0
40 69 0 0
41 69 0 0
49 69 0 0
54 69 0 0
55 69 0 0
56 69 0 0
57 69 0 0
58 69 0 0
59 69 0 0
60 69 0 0
61 69 0 0
62 69 0 0
63 69 0 0
64 69 0 0
65 69 0 0
66 69 0 0
67 69 0 0
57 70 0 0
59 70 0 0
60 70 0 0
61 70 0 0
63 70 0 0
64 70 0 0
67 70 0 0
59 72 0 0
60 72 0 0
64 72 0 0
70 72 0 0
59 73 0 0
60 73 0 0
63 73 0 0
64 73 0 0
65 73 0 0
70 73 0 0
72 73 0 0
65 74 0 0
71 74 0 0
73 74 0 0
57 75 0 0
58 75 0 0
59 75 0 0
60 75 0 0
61 75 0 0
62 75 0 0
63 75 0 0
64 75 0 0
65 75 0 0
66 75 0 0
67 75 0 0
70 75 0 0
72 75 0 0
73 75 0 0
74 75 0 0
57 76 0 0
59 76 0 0
60 76 0 0
61 76 0 0
63 76 0 0
64 76 0 0
65 76 0 0
66 76 0 0
67 76 0 0
70 76 0 0
72 76 0 0
73 76 0 0
74 76 0 0
75 76 0 0
57 77 0 0
59 77 0 0
60 77 0 0
61 77 0 0
63 77 0 0
64 77 0 0
65 77 0 0
67 77 0 0
69 77 0 0
70 77 0 0
72 77 0 0
73 77 0 0
75 77 0 0
76 77 0 0
70 78 0 0
72 78 0 0
73 78 0 0
75 78 0 0
76 78 0 0
77 78 0 0
70 79 0 0
72 79 0 0
73 79 0 0
74 79 0 0
75 79 0 0
76 79 0 0
77 79 0 0
78 79 0 0
59 80 0 0
60 80 0 0
65 80 0 0
70 80 0 0
72 80 0 0
73 80 0 0
74 80 0 0
75 80 0 0
76 80 0 0
77 80 0 0
78 80 0 0
79 80 0 0
65 81 0 0
71 81 0 0
72 81 0 0
73 81 0 0
74 81 0 0
75 81 0 0
76 81 0 0
77 81 0 0
78 81 0 0
79 81 0 0
80 81 0 0
70 82 0 0
72 82 0 0
73 82 0 0
74 82 0 0
75 82 0 0
76 82 0 0
77 82 0 0
78 82 0 0
79 82 0 0
80 82 0 0
81 82 0 0
55 83 0 0
58 83 0 0
59 83 0 0
60 83 0 0
62 83 0 0
63 83 0 0
65 83 0 0
68 83 0 0
71 83 0 0
73 83 0 0
74 83 0 0
75 83 0 0
79 83 0 0
80 83 0 0
81 83 0 0
57 84 0 0
59 84 0 0
60 84 0 0
61 84 0 0
63 84 0 0
64 84 0 0
66 84 0 0
67 84 0 0
69 84 0 0
70 84 0 0
72 84 0 0
73 84 0 0
75 84 0 0
76 84 0 0
77 84 0 0
78 84 0 0
79 84 0 0
80 84 0 0
82 84 0 0
54 85 0 0
57 85 0 0
58 85 0 0
59 85 0 0
60 85 0 0
61 85 0 0
62 85 0 0
63 85 0 0
64 85 0 0
65 85 0 0
66 85 0 0
67 85 0 0
69 85 0 0
70 85 0 0
72 85 0 0
73 85 0 0
74 85 0 0
75 85 0 0
76 85 0 0
77 85 0 0
78 85 0 0
79 85 0 0
80 85 0 0
81 85 0 0
82 85 0 0
83 85 0 0
84 85 0 0
54 86 0 0
55 86 0 0
56 86 0 0
57 86 0 0
58 86 0 0
59 86 0 0
60 86 0 0
61 86 0 0
63 86 0 0
64 86 0 0
65 86 0 0
66 86 0 0
67 86 0 0
69 86 0 0
70 86 0 0
72 86 0 0
73 86 0 0
75 86 0 0
76 86 0 0
77 86 0 0
78 86 0 0
80 86 0 0
82 86 0 0
84 86 0 0
85 86 0 0
54 87 0 0
55 87 0 0
56 87 0 0
57 87 0 0
58 87 0 0
59 87 0 0
60 87 0 0
61 87 0 0
62 87 0 0
63 87 0 0
64 87 0 0
65 87 0 0
66 87 0 0
67 87 0 0
69 87 0 0
70 87 0 0
72 87 0 0
73 87 0 0
75 87 0 0
76 87 0 0
77 87 0 0
80 87 0 0
82 87 0 0
84 87 0 0
85 87 0 0
86 87 0 0
53 88 0 0
54 88 0 0
55 88 0 0
56 88 0 0
57 88 0 0
58 88 0 0
59 88 0 0
60 88 0 0
62 88 0 0
63 88 0 0
64 88 0 0
65 88 0 0
66 88 0 0
67 88 0 0
68 88 0 0
69 88 0 0
73 88 0 0
74 88 0 0
75 88 0 0
76 88 0 0
77 88 0 0
80 88 0 0
81 88 0 0
83 88 0 0
85 88 0 0
86 88 0 0
87 88 0 0
54 89 0 0
55 89 0 0
56 89 0 0
57 89 0 0
58 89 0 0
59 89 0 0
60 89 0 0
61 89 0 0
62 89 0 0
63 89 0 0
64 89 0 0
65 89 0 0
66 89 0 0
67 89 0 0
69 89 0 0
70 89 0 0
72 89 0 0
73 89 0 0
74 89 0 0
75 89 0 0
76 89 0 0
77 89 0 0
79 89 0 0
80 89 0 0
81 89 0 0
82 89 0 0
83 89 0 0
84 89 0 0
85 89 0 0
86 89 0 0
87 89 0 0
88 89 0 0
54 90 0 0
55 90 0 0
56 90 0 0
57 90 0 0
58 90 0 0
59 90 0 0
60 90 0 0
61 90 0 0
62 90 0 0
63 90 0 0
64 90 0 0
65 90 0 0
66 90 0 0
67 90 0 0
69 90 0 0
70 90 0 0
72 90 0 0
73 90 0 0
74 90 0 0
75 90 0 0
76 90 0 0
77 90 0 0
78 90 0 0
79 90 0 0
80 90 0 0
81 90 0 0
82 90 0 0
83 90 0 0
84 90 0 0
85 90 0 0
86 90 0 0
87 90 0 0
88 90 0 0
89 90 0 0
52 91 0 0
53 91 0 0
58 91 0 0
62 91 0 0
65 91 0 0
68 91 0 0
71 91 0 0
74 91 0 0
81 91 0 0
83 91 0 0
88 91 0 0
89 91 0 0
54 92 0 0
55 92 0 0
56 92 0 0
57 92 0 0
58 92 0 0
59 92 0 0
60 92 0 0
62 92 0 0
63 92 0 0
64 92 0 0
65 92 0 0
66 92 0 0
68 92 0 0
71 92 0 0
73 92 0 0
74 92 0 0
75 92 0 0
76 92 0 0
77 92 0 0
79 92 0 0
80 92 0 0
81 92 0 0
83 92 0 0
85 92 0 0
87 92 0 0
88 92 0 0
89 92 0 0
90 92 0 0
91 92 0 0
54 93 0 0
55 93 0 0
56 93 0 0
57 93 0 0
58 93 0 0
59 93 0 0
60 93 0 0
61 93 0 0
62 93 0 0
63 93 0 0
64 93 0 0
65 93 0 0
66 93 0 0
67 93 0 0
69 93 0 0
70 93 0 0
72 93 0 0
73 93 0 0
75 93 0 0
76 93 0 0
77 93 0 0
78 93 0 0
79 93 0 0
80 93 0 0
81 93 0 0
82 93 0 0
84 93 0 0
85 93 0 0
86 93 0 0
87 93 0 0
88 93 0 0
89 93 0 0
90 93 0 0
92 93 0 0
1 94 0 0
37 94 0 0
40 94 0 0
41 94 0 0
42 94 0 0
45 94 0 0
46 94 0 0
48 94 0 0
49 94 0 0
50 94 0 0
54 94 0 0
55 94 0 0
56 94 0 0
57 94 0 0
58 94 0 0
59 94 0 0
60 94 0 0
61 94 0 0
62 94 0 0
63 94 0 0
64 94 0 0
65 94 0 0
66 94 0 0
67 94 0 0
69 94 0 0
86 94 0 0
87 94 0 0
88 94 0 0
90 94 0 0
1 95 0 0
20 95 0 0
37 95 0 0
39 95 0 0
40 95 0 0
41 95 0 0
42 95 0 0
43 95 0 0
44 95 0 0
45 95 0 0
46 95 0 0
48 95 0 0
49 95 0 0
50 95 0 0
53 95 0 0
54 95 0 0
55 95 0 0
56 95 0 0
57 95 0 0
58 95 0 0
59 95 0 0
60 95 0 0
62 95 0 0
63 95 0 0
64 95 0 0
65 95 0 0
66 95 0 0
67 95 0 0
69 95 0 0
94 95 0 0
1 96 0 0
37 96 0 0
40 96 0 0
41 96 0 0
45 96 0 0
46 96 0 0
48 96 0 0
49 96 0 0
50 96 0 0
54 96 0 0
55 96 0 0
56 96 0 0
57 96 0 0
58 96 0 0
59 96 0 0
60 96 0 0
61 96 0 0
62 96 0 0
63 96 0 0
64 96 0 0
65 96 0 0
66 96 0 0
67 96 0 0
69 96 0 0
86 96 0 0
87 96 0 0
93 96 0 0
94 96 0 0
95 96 0 0
1 97 0 0
19 97 0 0
20 97 0 0
37 97 0 0
39 97 0 0
41 97 0 0
42 97 0 0
43 97 0 0
44 97 0 0
45 97 0 0
46 97 0 0
47 97 0 0
48 97 0 0
49 97 0 0
50 97 0 0
53 97 0 0
54 97 0 0
55 97 0 0
56 97 0 0
57 97 0 0
58 97 0 0
59 97 0 0
60 97 0 0
62 97 0 0
63 97 0 0
64 97 0 0
65 97 0 0
66 97 0 0
67 97 0 0
68 97 0 0
69 97 0 0
88 97 0 0
89 97 0 0
90 97 0 0
92 97 0 0
94 97 0 0
95 97 0 0
96 97 0 0
1 98 0 0
38 98 0 0
39 98 0 0
41 98 0 0
42 98 0 0
43 98 0 0
44 98 0 0
45 98 0 0
46 98 0 0
47 98 0 0
48 98 0 0
49 98 0 0
50 98 0 0
52 98 0 0
53 98 0 0
54 98 0 0
55 98 0 0
56 98 0 0
58 98 0 0
60 98 0 0
62 98 0 0
63 98 0 0
65 98 0 0
66 98 0 0
68 98 0 0
88 98 0 0
94 98 0 0
95 98 0 0
97 98 0 0
1 99 0 0
37 99 0 0
40 99 0 0
41 99 0 0
45 99 0 0
46 99 0 0
48 99 0 0
49 99 0 0
50 99 0 0
54 99 0 0
55 99 0 0
56 99 0 0
57 99 0 0
58 99 0 0
59 99 0 0
60 99 0 0
61 99 0 0
62 99 0 0
63 99 0 0
64 99 0 0
65 99 0 0
66 99 0 0
67 99 0 0
69 99 0 0
86 99 0 0
87 99 0 0
88 99 0 0
89 99 0 0
90 99 0 0
93 99 0 0
94 99 0 0
95 99 0 0
96 99 0 0
97 99 0 0
1 100 0 0
37 100 0 0
39 100 0 0
40 100 0 0
41 100 0 0
42 100 0 0
43 100 0 0
44 100 0 0
45 100 0 0
46 100 0 0
48 100 0 0
49 100 0 0
50 100 0 0
53 100 0 0
54 100 0 0
55 100 0 0
56 100 0 0
57 100 0 0
58 100 0 0
59 100 0 0
60 100 0 0
62 100 0 0
63 100 0 0
64 100 0 0
65 100 0 0
66 100 0 0
67 100 0 0
69 100 0 0
87 100 0 0
88 100 0 0
89 100 0 0
90 100 0 0
94 100 0 0
95 100 0 0
96 100 0 0
97 100 0 0
98 100 0 0
99 100 0 0
1 101 0 0
19 101 0 0
20 101 0 0
21 101 0 0
22 101 0 0
23 101 0 0
24 101 0 0
25 101 0 0
26 101 0 0
27 101 0 0
28 101 0 0
29 101 0 0
30 101 0 0
31 101 0 0
32 101 0 0
33 101 0 0
34 101 0 0
35 101 0 0
36 101 0 0
37 101 0 0
39 101 0 0
40 101 0 0
41 101 0 0
42 101 0 0
43 101 0 0
44 101 0 0
45 101 0 0
46 101 0 0
47 101 0 0
48 101 0 0
49 101 0 0
50 101 0 0
94 101 0 0
95 101 0 0
97 101 0 0
98 101 0 0
100 101 0 0
8 102 0 0
9 102 0 0
12 102 0 0
18 102 0 0
19 102 0 0
20 102 0 0
22 102 0 0
23 102 0 0
24 102 0 0
26 102 0 0
27 102 0 0
28 102 0 0
29 102 0 0
30 102 0 0
32 102 0 0
35 102 0 0
36 102 0 0
38 102 0 0
39 102 0 0
42 102 0 0
43 102 0 0
44 102 0 0
45 102 0 0
47 102 0 0
48 102 0 0
50 102 0 0
97 102 0 0
101 102 0 0
1 103 0 0
19 103 0 0
20 103 0 0
21 103 0 0
22 103 0 0
24 103 0 0
25 103 0 0
26 103 0 0
27 103 0 0
28 103 0 0
29 103 0 0
30 103 0 0
31 103 0 0
32 103 0 0
33 103 0 0
34 103 0 0
35 103 0 0
36 103 0 0
37 103 0 0
40 103 0 0
41 103 0 0
42 103 0 0
43 103 0 0
44 103 0 0
45 103 0 0
46 103 0 0
48 103 0 0
49 103 0 0
50 103 0 0
95 103 0 0
97 103 0 0
101 103 0 0
102 103 0 0
1 104 0 0
11 104 0 0
18 104 0 0
19 104 0 0
20 104 0 0
21 104 0 0
22 104 0 0
23 104 0 0
24 104 0 0
25 104 0 0
26 104 0 0
27 104 0 0
28 104 0 0
29 104 0 0
30 104 0 0
31 104 0 0
32 104 0 0
33 104 0 0
34 104 0 0
35 104 0 0
36 104 0 0
37 104 0 0
39 104 0 0
41 104 0 0
42 104 0 0
43 104 0 0
44 104 0 0
45 104 0 0
46 104 0 0
47 104 0 0
48 104 0 0
49 104 0 0
50 104 0 0
95 104 0 0
97 104 0 0
101 104 0 0
102 104 0 0
103 104 0 0
1 105 0 0
18 105 0 0
19 105 0 0
20 105 0 0
22 105 0 0
23 105 0 0
24 105 0 0
25 105 0 0
26 105 0 0
27 105 0 0
28 105 0 0
29 105 0 0
30 105 0 0
31 105 0 0
32 105 0 0
34 105 0 0
35 105 0 0
36 105 0 0
37 105 0 0
39 105 0 0
41 105 0 0
42 105 0 0
43 105 0 0
44 105 0 0
45 105 0 0
46 105 0 0
47 105 0 0
48 105 0 0
49 105 0 0
50 105 0 0
95 105 0 0
97 105 0 0
101 105 0 0
102 105 0 0
103 105 0 0
104 105 0 0
1 106 0 0
18 106 0 0
19 106 0 0
20 106 0 0
22 106 0 0
23 106 0 0
24 106 0 0
25 106 0 0
26 106 0 0
27 106 0 0
28 106 0 0
29 106 0 0
30 106 0 0
31 106 0 0
32 106 0 0
34 106 0 0
35 106 0 0
36 106 0 0
37 106 0 0
38 106 0 0
39 106 0 0
41 106 0 0
42 106 0 0
43 106 0 0
44 106 0 0
45 106 0 0
46 106 0 0
47 106 0 0
48 106 0 0
49 106 0 0
50 106 0 0
95 106 0 0
97 106 0 0
98 106 0 0
101 106 0 0
102 106 0 0
103 106 0 0
104 106 0 0
105 106 0 0
18 107 0 0
19 107 0 0
23 107 0 0
26 107 0 0
27 107 0 0
28 107 0 0
29 107 0 0
35 107 0 0
36 107 0 0
38 107 0 0
39 107 0 0
42 107 0 0
43 107 0 0
44 107 0 0
47 107 0 0
48 107 0 0
50 107 0 0
51 107 0 0
97 107 0 0
98 107 0 0
101 107 0 0
102 107 0 0
104 107 0 0
105 107 0 0
106 107 0 0
1 108 0 0
18 108 0 0
19 108 0 0
20 108 0 0
22 108 0 0
23 108 0 0
24 108 0 0
25 108 0 0
26 108 0 0
27 108 0 0
28 108 0 0
29 108 0 0
30 108 0 0
31 108 0 0
32 108 0 0
35 108 0 0
36 108 0 0
37 108 0 0
38 108 0 0
39 108 0 0
41 108 0 0
42 108 0 0
43 108 0 0
44 108 0 0
45 108 0 0
46 108 0 0
47 108 0 0
48 108 0 0
49 108 0 0
50 108 0 0
53 108 0 0
94 108 0 0
95 108 0 0
97 108 0 0
98 108 0 0
100 108 0 0
101 108 0 0
102 108 0 0
103 108 0 0
104 108 0 0
105 108 0 0
106 108 0 0
107 108 0 0
1 109 0 0
19 109 0 0
20 109 0 0
21 109 0 0
22 109 0 0
24 109 0 0
25 109 0 0
26 109 0 0
27 109 0 0
28 109 0 0
30 109 0 0
31 109 0 0
33 109 0 0
36 109 0 0
37 109 0 0
40 109 0 0
41 109 0 0
42 109 0 0
43 109 0 0
44 109 0 0
45 109 0 0
46 109 0 0
48 109 0 0
49 109 0 0
50 109 0 0
94 109 0 0
95 109 0 0
96 109 0 0
97 109 0 0
99 109 0 0
100 109 0 0
101 109 0 0
103 109 0 0
104 109 0 0
105 109 0 0
106 109 0 0
108 109 0 0
1 110 0 0
19 110 0 0
20 110 0 0
21 110 0 0
22 110 0 0
24 110 0 0
25 110 0 0
26 110 0 0
27 110 0 0
37 110 0 0
40 110 0 0
41 110 0 0
42 110 0 0
45 110 0 0
46 110 0 0
48 110 0 0
49 110 0 0
50 110 0 0
54 110 0 0
94 110 0 0
95 110 0 0
96 110 0 0
97 110 0 0
99 110 0 0
100 110 0 0
101 110 0 0
103 110 0 0
104 110 0 0
105 110 0 0
106 110 0 0
108 110 0 0
109 110 0 0
51 111 0 1
2 115 0 1
8 115 0 1
15 115 0 1
8 119 0 1
15 119 0 1
18 119 0 1
8 123 0 1
8 127 0 1
8 128 0 1
18 128 0 1
8 130 0 1
8 134 0 1
18 134 0 1
38 140 0 1
51 140 0 1
38 145 0 1
51 145 0 1
51 146 0 1
38 147 0 1
51 147 0 1
8 148 0 1
18 148 0 1
38 148 0 1
38 155 0 1
51 155 0 1
52 155 0 1
68 155 0 1
38 156 0 1
51 156 0 1
52 156 0 1
68 156 0 1
91 156 0 1
51 157 0 1
38 158 0 1
51 158 0 1
52 158 0 1
51 159 0 1
52 159 0 1
51 161 0 1
38 162 0 1
39 162 0 1
43 162 0 1
47 162 0 1
51 162 0 1
52 162 0 1
53 162 0 1
68 162 0 1
102 162 0 1
107 162 0 1
51 165 0 1
38 166 0 1
47 166 0 1
51 166 0 1
52 166 0 1
38 167 0 1
39 167 0 1
43 167 0 1
47 167 0 1
51 167 0 1
52 167 0 1
53 167 0 1
68 167 0 1
98 167 0 1
107 167 0 1
38 168 0 1
51 168 0 1
52 168 0 1
51 170 0 1
52 170 0 1
53 170 0 1
68 170 0 1
71 170 0 1
83 170 0 1
91 170 0 1
98 170 0 1
51 171 0 1
52 171 0 1
68 171 0 1
71 171 0 1
91 171 0 1
52 172 0 1
68 172 0 1
71 172 0 1
83 172 0 1
91 172 0 1
52 173 0 1
68 173 0 1
71 173 0 1
91 173 0 1
68 175 0 1
71 175 0 1
74 175 0 1
81 175 0 1
83 175 0 1
91 175 0 1
92 175 0 1
71 176 0 1
91 176 0 1
71 177 0 1
91 177 0 1
71 179 0 1
71 182 0 1
74 182 0 1
91 182 0 1
71 183 0 1
91 183 0 1
71 184 0 1
71 185 0 1
71 187 0 1
52 188 0 1
68 188 0 1
71 188 0 1
91 188 0 1
71 189 0 1
91 189 0 1
52 194 0 1
68 194 0 1
71 194 0 1
74 194 0 1
83 194 0 1
91 194 0 1
71 195 0 1
38 197 0 1
51 197 0 1
52 197 0 1
53 197 0 1
68 197 0 1
91 197 0 1
98 197 0 1
51 198 0 1
52 198 0 1
53 198 0 1
68 198 0 1
71 198 0 1
91 198 0 1
51 199 0 1
52 199 0 1
68 199 0 1
51 200 0 1
52 200 0 1
51 201 0 1
51 202 0 1
52 202 0 1
68 202 0 1
91 202 0 1
