1 2 0 0
2 5 0 0
2 6 0 0
5 6 0 0
4 7 0 0
4 8 0 0
7 8 0 0
4 9 0 0
6 9 0 0
7 9 0 0
8 9 0 0
3 10 0 0
3 11 0 0
10 11 0 0
2 12 0 0
5 12 0 0
6 12 0 0
9 12 0 0
2 13 0 0
5 13 0 0
6 13 0 0
9 13 0 0
12 13 0 0
2 14 0 0
7 14 0 0
8 14 0 0
9 14 0 0
7 15 0 0
8 15 0 0
9 15 0 0
14 15 0 0
2 16 0 0
10 16 0 0
12 16 0 0
2 17 0 0
5 17 0 0
6 17 0 0
9 17 0 0
12 17 0 0
13 17 0 0
14 17 0 0
16 17 0 0
2 18 0 0
10 18 0 0
11 18 0 0
16 18 0 0
2 19 0 0
10 19 0 0
11 19 0 0
16 19 0 0
18 19 0 0
3 20 0 0
10 20 0 0
11 20 0 0
16 20 0 0
18 20 0 0
19 20 0 0
4 21 0 0
7 21 0 0
8 21 0 0
9 21 0 0
14 21 0 0
15 21 0 0
4 22 0 0
7 22 0 0
8 22 0 0
9 22 0 0
14 22 0 0
15 22 0 0
17 22 0 0
21 22 0 0
2 23 0 0
5 23 0 0
6 23 0 0
9 23 0 0
12 23 0 0
13 23 0 0
14 23 0 0
16 23 0 0
17 23 0 0
22 23 0 0
2 24 0 0
5 24 0 0
6 24 0 0
12 24 0 0
13 24 0 0
16 24 0 0
17 24 0 0
18 24 0 0
23 24 0 0
4 25 0 0
7 25 0 0
8 25 0 0
9 25 0 0
14 25 0 0
15 25 0 0
21 25 0 0
22 25 0 0
4 26 0 0
7 26 0 0
8 26 0 0
9 26 0 0
13 26 0 0
14 26 0 0
15 26 0 0
17 26 0 0
21 26 0 0
22 26 0 0
23 26 0 0
25 26 0 0
2 27 0 0
10 27 0 0
11 27 0 0
16 27 0 0
18 27 0 0
19 27 0 0
20 27 0 0
4 28 0 0
7 28 0 0
8 28 0 0
9 28 0 0
14 28 0 0
15 28 0 0
21 28 0 0
22 28 0 0
25 28 0 0
26 28 0 0
2 29 0 0
10 29 0 0
11 29 0 0
16 29 0 0
18 29 0 0
19 29 0 0
20 29 0 0
27 29 0 0
2 30 0 0
5 30 0 0
6 30 0 0
12 30 0 0
13 30 0 0
16 30 0 0
17 30 0 0
18 30 0 0
23 30 0 0
24 30 0 0
2 31 0 0
16 31 0 0
18 31 0 0
19 31 0 0
20 31 0 0
27 31 0 0
29 31 0 0
14 32 0 0
15 32 0 0
21 32 0 0
22 32 0 0
28 32 0 0
2 33 0 0
9 33 0 0
14 33 0 0
15 33 0 0
17 33 0 0
21 33 0 0
22 33 0 0
23 33 0 0
25 33 0 0
26 33 0 0
28 33 0 0
32 33 0 0
2 34 0 0
12 34 0 0
13 34 0 0
14 34 0 0
17 34 0 0
22 34 0 0
23 34 0 0
24 34 0 0
26 34 0 0
30 34 0 0
33 34 0 0
2 35 0 0
10 35 0 0
11 35 0 0
16 35 0 0
18 35 0 0
19 35 0 0
20 35 0 0
27 35 0 0
29 35 0 0
31 35 0 0
2 36 0 0
6 36 0 0
12 36 0 0
13 36 0 0
14 36 0 0
16 36 0 0
17 36 0 0
23 36 0 0
24 36 0 0
30 36 0 0
33 36 0 0
34 36 0 0
2 37 0 0
9 37 0 0
12 37 0 0
13 37 0 0
14 37 0 0
17 37 0 0
22 37 0 0
23 37 0 0
24 37 0 0
25 37 0 0
26 37 0 0
28 37 0 0
30 37 0 0
33 37 0 0
34 37 0 0
36 37 0 0
2 38 0 0
14 38 0 0
15 38 0 0
32 38 0 0
33 38 0 0
34 38 0 0
37 38 0 0
2 39 0 0
16 39 0 0
18 39 0 0
19 39 0 0
20 39 0 0
27 39 0 0
29 39 0 0
31 39 0 0
35 39 0 0
2 40 0 0
14 40 0 0
15 40 0 0
17 40 0 0
22 40 0 0
32 40 0 0
33 40 0 0
34 40 0 0
36 40 0 0
37 40 0 0
38 40 0 0
2 41 0 0
14 41 0 0
15 41 0 0
17 41 0 0
22 41 0 0
32 41 0 0
33 41 0 0
34 41 0 0
36 41 0 0
37 41 0 0
38 41 0 0
40 41 0 0
2 42 0 0
16 42 0 0
18 42 0 0
19 42 0 0
27 42 0 0
29 42 0 0
31 42 0 0
35 42 0 0
39 42 0 0
2 43 0 0
14 43 0 0
15 43 0 0
17 43 0 0
32 43 0 0
33 43 0 0
34 43 0 0
36 43 0 0
37 43 0 0
38 43 0 0
40 43 0 0
41 43 0 0
2 44 0 0
34 44 0 0
40 44 0 0
41 44 0 0
43 44 0 0
2 45 0 0
31 45 0 0
39 45 0 0
42 45 0 0
1 46 0 0
2 46 0 0
32 46 0 0
38 46 0 0
41 46 0 0
43 46 0 0
1 47 0 0
2 47 0 0
32 47 0 0
38 47 0 0
41 47 0 0
43 47 0 0
46 47 0 0
1 48 0 0
2 48 0 0
38 48 0 0
40 48 0 0
41 48 0 0
43 48 0 0
44 48 0 0
46 48 0 0
47 48 0 0
2 49 0 0
31 49 0 0
39 49 0 0
42 49 0 0
45 49 0 0
2 50 0 0
31 50 0 0
42 50 0 0
45 50 0 0
49 50 0 0
2 51 0 0
31 51 0 0
39 51 0 0
42 51 0 0
45 51 0 0
49 51 0 0
50 51 0 0
2 52 0 0
31 52 0 0
42 52 0 0
45 52 0 0
49 52 0 0
50 52 0 0
51 52 0 0
1 53 0 0
2 53 0 0
46 53 0 0
47 53 0 0
48 53 0 0
2 55 0 0
49 55 0 0
51 55 0 0
52 55 0 0
2 56 0 0
55 56 0 0
1 57 0 0
2 57 0 0
56 57 0 0
1 58 0 0
2 58 0 0
55 58 0 0
56 58 0 0
57 58 0 0
1 59 0 0
2 59 0 0
56 59 0 0
57 59 0 0
58 59 0 0
1 60 0 0
2 60 0 0
38 60 0 0
43 60 0 0
46 60 0 0
47 60 0 0
48 60 0 0
53 60 0 0
1 61 0 0
2 61 0 0
38 61 0 0
43 61 0 0
44 61 0 0
46 61 0 0
47 61 0 0
48 61 0 0
53 61 0 0
57 61 0 0
58 61 0 0
59 61 0 0
60 61 0 0
2 62 0 0
42 62 0 0
45 62 0 0
49 62 0 0
50 62 0 0
51 62 0 0
52 62 0 0
55 62 0 0
1 63 0 0
2 63 0 0
38 63 0 0
46 63 0 0
47 63 0 0
48 63 0 0
53 63 0 0
60 63 0 0
61 63 0 0
2 64 0 0
14 64 0 0
15 64 0 0
32 64 0 0
33 64 0 0
38 64 0 0
40 64 0 0
41 64 0 0
43 64 0 0
46 64 0 0
47 64 0 0
48 64 0 0
60 64 0 0
61 64 0 0
63 64 0 0
2 65 0 0
14 65 0 0
32 65 0 0
33 65 0 0
34 65 0 0
37 65 0 0
38 65 0 0
40 65 0 0
41 65 0 0
43 65 0 0
44 65 0 0
46 65 0 0
47 65 0 0
48 65 0 0
60 65 0 0
61 65 0 0
63 65 0 0
64 65 0 0
2 66 0 0
19 66 0 0
31 66 0 0
35 66 0 0
39 66 0 0
42 66 0 0
45 66 0 0
49 66 0 0
50 66 0 0
51 66 0 0
52 66 0 0
62 66 0 0
2 67 0 0
31 67 0 0
35 67 0 0
39 67 0 0
42 67 0 0
45 67 0 0
49 67 0 0
50 67 0 0
51 67 0 0
52 67 0 0
62 67 0 0
66 67 0 0
2 68 0 0
14 68 0 0
15 68 0 0
17 68 0 0
32 68 0 0
33 68 0 0
34 68 0 0
36 68 0 0
37 68 0 0
38 68 0 0
40 68 0 0
41 68 0 0
43 68 0 0
44 68 0 0
46 68 0 0
47 68 0 0
48 68 0 0
60 68 0 0
61 68 0 0
63 68 0 0
64 68 0 0
65 68 0 0
2 69 0 0
14 69 0 0
15 69 0 0
32 69 0 0
33 69 0 0
34 69 0 0
37 69 0 0
38 69 0 0
40 69 0 0
41 69 0 0
43 69 0 0
44 69 0 0
46 69 0 0
47 69 0 0
48 69 0 0
60 69 0 0
61 69 0 0
63 69 0 0
64 69 0 0
65 69 0 0
68 69 0 0
2 70 0 0
31 70 0 0
39 70 0 0
42 70 0 0
45 70 0 0
49 70 0 0
50 70 0 0
51 70 0 0
52 70 0 0
62 70 0 0
66 70 0 0
67 70 0 0
1 71 0 0
2 71 0 0
32 71 0 0
38 71 0 0
41 71 0 0
43 71 0 0
46 71 0 0
47 71 0 0
48 71 0 0
60 71 0 0
63 71 0 0
64 71 0 0
65 71 0 0
68 71 0 0
69 71 0 0
2 72 0 0
34 72 0 0
40 72 0 0
41 72 0 0
44 72 0 0
50 72 0 0
51 72 0 0
52 72 0 0
61 72 0 0
68 72 0 0
4 73 0 1
7 73 0 1
9 73 0 1
3 74 0 1
10 74 0 1
11 74 0 1
19 74 0 1
20 74 0 1
27 74 0 1
29 74 0 1
35 74 0 1
39 74 0 1
42 74 0 1
3 75 0 1
10 75 0 1
11 75 0 1
20 75 0 1
27 75 0 1
4 76 0 1
5 76 0 1
6 76 0 1
7 76 0 1
9 76 0 1
10 76 0 1
11 76 0 1
12 76 0 1
13 76 0 1
23 76 0 1
26 76 0 1
4 77 0 1
9 77 0 1
4 78 0 1
4 79 0 1
7 79 0 1
8 79 0 1
9 79 0 1
4 81 0 1
9 81 0 1
4 82 0 1
7 82 0 1
9 82 0 1
5 83 0 1
6 83 0 1
12 83 0 1
13 83 0 1
24 83 0 1
4 84 0 1
7 84 0 1
8 84 0 1
9 84 0 1
14 84 0 1
15 84 0 1
21 84 0 1
22 84 0 1
25 84 0 1
26 84 0 1
28 84 0 1
4 85 0 1
5 85 0 1
6 85 0 1
7 85 0 1
8 85 0 1
9 85 0 1
12 85 0 1
13 85 0 1
14 85 0 1
17 85 0 1
21 85 0 1
22 85 0 1
23 85 0 1
25 85 0 1
26 85 0 1
28 85 0 1
3 86 0 1
11 86 0 1
20 86 0 1
3 87 0 1
10 87 0 1
11 87 0 1
16 87 0 1
18 87 0 1
19 87 0 1
20 87 0 1
27 87 0 1
29 87 0 1
35 87 0 1
4 88 0 1
5 88 0 1
6 88 0 1
7 88 0 1
9 88 0 1
12 88 0 1
13 88 0 1
14 88 0 1
17 88 0 1
22 88 0 1
23 88 0 1
24 88 0 1
25 88 0 1
26 88 0 1
28 88 0 1
30 88 0 1
36 88 0 1
37 88 0 1
5 89 0 1
6 89 0 1
12 89 0 1
13 89 0 1
17 89 0 1
23 89 0 1
24 89 0 1
30 89 0 1
4 90 0 1
5 90 0 1
6 90 0 1
9 90 0 1
12 90 0 1
13 90 0 1
17 90 0 1
23 90 0 1
24 90 0 1
30 90 0 1
3 91 0 1
10 91 0 1
11 91 0 1
20 91 0 1
27 91 0 1
29 91 0 1
3 92 0 1
10 92 0 1
11 92 0 1
18 92 0 1
19 92 0 1
20 92 0 1
27 92 0 1
29 92 0 1
4 93 0 1
5 93 0 1
6 93 0 1
7 93 0 1
8 93 0 1
9 93 0 1
12 93 0 1
13 93 0 1
17 93 0 1
22 93 0 1
23 93 0 1
25 93 0 1
26 93 0 1
28 93 0 1
5 94 0 1
6 94 0 1
12 94 0 1
13 94 0 1
23 94 0 1
24 94 0 1
30 94 0 1
3 95 0 1
10 95 0 1
11 95 0 1
20 95 0 1
27 95 0 1
3 96 0 1
10 96 0 1
11 96 0 1
19 96 0 1
20 96 0 1
27 96 0 1
29 96 0 1
3 97 0 1
10 97 0 1
11 97 0 1
20 97 0 1
27 97 0 1
29 97 0 1
2 98 0 1
3 98 0 1
5 98 0 1
10 98 0 1
11 98 0 1
16 98 0 1
18 98 0 1
19 98 0 1
20 98 0 1
24 98 0 1
27 98 0 1
29 98 0 1
35 98 0 1
2 99 0 1
3 99 0 1
10 99 0 1
11 99 0 1
18 99 0 1
19 99 0 1
20 99 0 1
27 99 0 1
29 99 0 1
35 99 0 1
39 99 0 1
42 99 0 1
70 100 0 1
2 101 0 1
10 101 0 1
11 101 0 1
16 101 0 1
18 101 0 1
19 101 0 1
20 101 0 1
27 101 0 1
29 101 0 1
31 101 0 1
35 101 0 1
39 101 0 1
42 101 0 1
45 101 0 1
51 101 0 1
66 101 0 1
67 101 0 1
70 101 0 1
2 102 0 1
19 102 0 1
20 102 0 1
27 102 0 1
35 102 0 1
39 102 0 1
42 102 0 1
66 102 0 1
67 102 0 1
70 102 0 1
2 103 0 1
19 103 0 1
20 103 0 1
27 103 0 1
29 103 0 1
31 103 0 1
35 103 0 1
39 103 0 1
42 103 0 1
45 103 0 1
51 103 0 1
66 103 0 1
67 103 0 1
70 103 0 1
2 104 0 1
15 104 0 1
32 104 0 1
33 104 0 1
38 104 0 1
40 104 0 1
41 104 0 1
43 104 0 1
46 104 0 1
47 104 0 1
48 104 0 1
60 104 0 1
63 104 0 1
64 104 0 1
65 104 0 1
68 104 0 1
69 104 0 1
71 104 0 1
2 105 0 1
39 105 0 1
42 105 0 1
45 105 0 1
51 105 0 1
66 105 0 1
67 105 0 1
70 105 0 1
2 106 0 1
31 106 0 1
35 106 0 1
39 106 0 1
42 106 0 1
45 106 0 1
49 106 0 1
51 106 0 1
62 106 0 1
66 106 0 1
67 106 0 1
70 106 0 1
2 107 0 1
19 107 0 1
31 107 0 1
35 107 0 1
39 107 0 1
42 107 0 1
45 107 0 1
51 107 0 1
66 107 0 1
67 107 0 1
70 107 0 1
2 108 0 1
39 108 0 1
42 108 0 1
45 108 0 1
51 108 0 1
66 108 0 1
67 108 0 1
70 108 0 1
2 109 0 1
10 109 0 1
11 109 0 1
19 109 0 1
20 109 0 1
27 109 0 1
29 109 0 1
35 109 0 1
39 109 0 1
42 109 0 1
66 109 0 1
2 110 0 1
10 110 0 1
11 110 0 1
16 110 0 1
18 110 0 1
19 110 0 1
20 110 0 1
27 110 0 1
29 110 0 1
31 110 0 1
35 110 0 1
39 110 0 1
42 110 0 1
66 110 0 1
67 110 0 1
70 110 0 1
2 111 0 1
10 111 0 1
11 111 0 1
18 111 0 1
19 111 0 1
20 111 0 1
27 111 0 1
29 111 0 1
31 111 0 1
35 111 0 1
39 111 0 1
42 111 0 1
66 111 0 1
67 111 0 1
70 111 0 1
2 112 0 1
45 112 0 1
49 112 0 1
50 112 0 1
51 112 0 1
52 112 0 1
55 112 0 1
62 112 0 1
66 112 0 1
67 112 0 1
70 112 0 1
45 113 0 1
54 113 0 1
70 113 0 1
45 114 0 1
51 114 0 1
54 114 0 1
67 114 0 1
70 114 0 1
2 115 0 1
49 115 0 1
50 115 0 1
51 115 0 1
52 115 0 1
55 115 0 1
56 115 0 1
57 115 0 1
58 115 0 1
59 115 0 1
62 115 0 1
51 116 0 1
54 116 0 1
55 116 0 1
62 116 0 1
54 117 0 1
55 117 0 1
2 118 0 1
51 118 0 1
55 118 0 1
56 118 0 1
62 118 0 1
45 119 0 1
51 119 0 1
54 119 0 1
55 119 0 1
62 119 0 1
70 119 0 1
2 120 0 1
45 120 0 1
49 120 0 1
50 120 0 1
51 120 0 1
52 120 0 1
55 120 0 1
62 120 0 1
66 120 0 1
67 120 0 1
70 120 0 1
45 121 0 1
51 121 0 1
54 121 0 1
55 121 0 1
62 121 0 1
70 121 0 1
45 122 0 1
54 122 0 1
70 122 0 1
2 123 0 1
45 123 0 1
49 123 0 1
50 123 0 1
51 123 0 1
52 123 0 1
55 123 0 1
56 123 0 1
62 123 0 1
54 124 0 1
70 124 0 1
2 125 0 1
45 125 0 1
49 125 0 1
50 125 0 1
51 125 0 1
52 125 0 1
54 125 0 1
55 125 0 1
62 125 0 1
66 125 0 1
67 125 0 1
70 125 0 1
2 126 0 1
45 126 0 1
49 126 0 1
50 126 0 1
51 126 0 1
52 126 0 1
55 126 0 1
62 126 0 1
66 126 0 1
67 126 0 1
70 126 0 1
70 127 0 1
2 128 0 1
39 128 0 1
42 128 0 1
45 128 0 1
49 128 0 1
50 128 0 1
51 128 0 1
52 128 0 1
62 128 0 1
66 128 0 1
67 128 0 1
70 128 0 1
45 129 0 1
51 129 0 1
54 129 0 1
66 129 0 1
67 129 0 1
70 129 0 1
1 130 0 1
2 130 0 1
38 130 0 1
40 130 0 1
41 130 0 1
43 130 0 1
44 130 0 1
47 130 0 1
48 130 0 1
53 130 0 1
57 130 0 1
59 130 0 1
60 130 0 1
61 130 0 1
63 130 0 1
64 130 0 1
65 130 0 1
68 130 0 1
69 130 0 1
72 130 0 1
42 131 0 1
45 131 0 1
51 131 0 1
54 131 0 1
66 131 0 1
67 131 0 1
70 131 0 1
2 132 0 1
39 132 0 1
42 132 0 1
45 132 0 1
49 132 0 1
51 132 0 1
52 132 0 1
62 132 0 1
66 132 0 1
67 132 0 1
70 132 0 1
2 133 0 1
39 133 0 1
42 133 0 1
45 133 0 1
49 133 0 1
50 133 0 1
51 133 0 1
52 133 0 1
55 133 0 1
62 133 0 1
66 133 0 1
67 133 0 1
70 133 0 1
2 134 0 1
39 134 0 1
42 134 0 1
45 134 0 1
49 134 0 1
50 134 0 1
51 134 0 1
52 134 0 1
55 134 0 1
62 134 0 1
66 134 0 1
67 134 0 1
70 134 0 1
3 135 0 1
11 135 0 1
20 135 0 1
70 135 0 1
2 136 0 1
5 136 0 1
10 136 0 1
11 136 0 1
12 136 0 1
16 136 0 1
17 136 0 1
18 136 0 1
19 136 0 1
20 136 0 1
23 136 0 1
24 136 0 1
27 136 0 1
29 136 0 1
30 136 0 1
31 136 0 1
35 136 0 1
4 137 0 1
7 137 0 1
8 137 0 1
9 137 0 1
25 137 0 1
4 138 0 1
7 138 0 1
8 138 0 1
9 138 0 1
26 138 0 1
5 139 0 1
10 139 0 1
3 140 0 1
11 140 0 1
3 141 0 1
10 141 0 1
11 141 0 1
5 142 0 1
6 142 0 1
12 142 0 1
13 142 0 1
3 143 0 1
10 143 0 1
11 143 0 1
20 143 0 1
