1 3 0 0
1 4 0 0
3 4 0 0
1 5 0 0
3 5 0 0
4 5 0 0
1 6 0 0
4 6 0 0
5 6 0 0
1 7 0 0
3 7 0 0
4 7 0 0
5 7 0 0
1 8 0 0
3 8 0 0
4 8 0 0
5 8 0 0
7 8 0 0
2 9 0 0
2 10 0 0
9 10 0 0
1 11 0 0
3 11 0 0
7 11 0 0
8 11 0 0
1 12 0 0
3 12 0 0
4 12 0 0
5 12 0 0
7 12 0 0
8 12 0 0
11 12 0 0
2 13 0 0
9 13 0 0
10 13 0 0
2 14 0 0
9 14 0 0
10 14 0 0
13 14 0 0
2 15 0 0
9 15 0 0
10 15 0 0
13 15 0 0
14 15 0 0
1 16 0 0
3 16 0 0
4 16 0 0
5 16 0 0
7 16 0 0
8 16 0 0
11 16 0 0
12 16 0 0
1 17 0 0
3 17 0 0
7 17 0 0
8 17 0 0
11 17 0 0
12 17 0 0
16 17 0 0
3 18 0 0
7 18 0 0
8 18 0 0
11 18 0 0
12 18 0 0
16 18 0 0
17 18 0 0
2 19 0 0
9 19 0 0
10 19 0 0
13 19 0 0
14 19 0 0
15 19 0 0
2 20 0 0
9 20 0 0
10 20 0 0
13 20 0 0
14 20 0 0
15 20 0 0
19 20 0 0
1 21 0 0
3 21 0 0
4 21 0 0
5 21 0 0
7 21 0 0
8 21 0 0
11 21 0 0
12 21 0 0
16 21 0 0
17 21 0 0
18 21 0 0
2 22 0 0
9 22 0 0
10 22 0 0
13 22 0 0
14 22 0 0
15 22 0 0
20 22 0 0
2 23 0 0
9 23 0 0
10 23 0 0
13 23 0 0
14 23 0 0
15 23 0 0
19 23 0 0
20 23 0 0
22 23 0 0
2 24 0 0
9 24 0 0
10 24 0 0
13 24 0 0
14 24 0 0
15 24 0 0
19 24 0 0
20 24 0 0
22 24 0 0
23 24 0 0
1 25 0 0
3 25 0 0
4 25 0 0
5 25 0 0
7 25 0 0
8 25 0 0
11 25 0 0
12 25 0 0
16 25 0 0
17 25 0 0
18 25 0 0
21 25 0 0
2 26 0 0
10 26 0 0
13 26 0 0
14 26 0 0
15 26 0 0
20 26 0 0
22 26 0 0
23 26 0 0
24 26 0 0
3 27 0 0
8 27 0 0
9 27 0 0
11 27 0 0
17 27 0 0
18 27 0 0
19 27 0 0
21 27 0 0
2 28 0 0
9 28 0 0
10 28 0 0
13 28 0 0
14 28 0 0
15 28 0 0
19 28 0 0
20 28 0 0
22 28 0 0
23 28 0 0
24 28 0 0
26 28 0 0
1 29 0 0
3 29 0 0
4 29 0 0
7 29 0 0
8 29 0 0
11 29 0 0
12 29 0 0
16 29 0 0
17 29 0 0
18 29 0 0
21 29 0 0
25 29 0 0
27 29 0 0
10 30 0 0
13 30 0 0
14 30 0 0
15 30 0 0
20 30 0 0
22 30 0 0
24 30 0 0
26 30 0 0
28 30 0 0
1 31 0 0
1 32 0 0
12 32 0 0
16 32 0 0
31 32 0 0
1 33 0 0
12 33 0 0
16 33 0 0
21 33 0 0
25 33 0 0
31 33 0 0
32 33 0 0
1 34 0 0
8 34 0 0
12 34 0 0
16 34 0 0
17 34 0 0
18 34 0 0
21 34 0 0
25 34 0 0
29 34 0 0
32 34 0 0
33 34 0 0
1 35 0 0
8 35 0 0
12 35 0 0
16 35 0 0
17 35 0 0
18 35 0 0
21 35 0 0
25 35 0 0
29 35 0 0
32 35 0 0
33 35 0 0
34 35 0 0
17 36 0 0
18 36 0 0
27 36 0 0
29 36 0 0
34 36 0 0
35 36 0 0
13 37 0 0
18 37 0 0
19 37 0 0
20 37 0 0
36 37 0 0
17 38 0 0
18 38 0 0
19 38 0 0
27 38 0 0
35 38 0 0
36 38 0 0
37 38 0 0
12 39 0 0
16 39 0 0
17 39 0 0
18 39 0 0
27 39 0 0
29 39 0 0
34 39 0 0
35 39 0 0
36 39 0 0
37 39 0 0
38 39 0 0
1 40 0 0
12 40 0 0
16 40 0 0
17 40 0 0
18 40 0 0
21 40 0 0
29 40 0 0
33 40 0 0
34 40 0 0
35 40 0 0
36 40 0 0
38 40 0 0
39 40 0 0
10 41 0 0
13 41 0 0
14 41 0 0
15 41 0 0
20 41 0 0
22 41 0 0
23 41 0 0
24 41 0 0
26 41 0 0
28 41 0 0
30 41 0 0
9 42 0 0
11 42 0 0
17 42 0 0
18 42 0 0
19 42 0 0
27 42 0 0
29 42 0 0
35 42 0 0
36 42 0 0
37 42 0 0
38 42 0 0
39 42 0 0
40 42 0 0
1 43 0 0
8 43 0 0
11 43 0 0
12 43 0 0
16 43 0 0
17 43 0 0
18 43 0 0
21 43 0 0
25 43 0 0
27 43 0 0
29 43 0 0
33 43 0 0
34 43 0 0
35 43 0 0
36 43 0 0
38 43 0 0
39 43 0 0
40 43 0 0
42 43 0 0
1 44 0 0
8 44 0 0
12 44 0 0
16 44 0 0
17 44 0 0
21 44 0 0
25 44 0 0
29 44 0 0
31 44 0 0
32 44 0 0
33 44 0 0
34 44 0 0
35 44 0 0
40 44 0 0
43 44 0 0
9 45 0 0
10 45 0 0
13 45 0 0
14 45 0 0
15 45 0 0
19 45 0 0
20 45 0 0
23 45 0 0
24 45 0 0
28 45 0 0
37 45 0 0
38 45 0 0
41 45 0 0
42 45 0 0
9 46 0 0
10 46 0 0
13 46 0 0
14 46 0 0
15 46 0 0
19 46 0 0
20 46 0 0
22 46 0 0
23 46 0 0
24 46 0 0
26 46 0 0
28 46 0 0
30 46 0 0
37 46 0 0
41 46 0 0
45 46 0 0
9 47 0 0
10 47 0 0
13 47 0 0
14 47 0 0
15 47 0 0
19 47 0 0
20 47 0 0
22 47 0 0
23 47 0 0
24 47 0 0
26 47 0 0
28 47 0 0
30 47 0 0
41 47 0 0
45 47 0 0
46 47 0 0
1 48 0 0
16 48 0 0
31 48 0 0
32 48 0 0
33 48 0 0
34 48 0 0
44 48 0 0
1 49 0 0
12 49 0 0
16 49 0 0
21 49 0 0
25 49 0 0
31 49 0 0
32 49 0 0
33 49 0 0
34 49 0 0
35 49 0 0
43 49 0 0
44 49 0 0
48 49 0 0
1 50 0 0
8 50 0 0
12 50 0 0
16 50 0 0
17 50 0 0
21 50 0 0
25 50 0 0
29 50 0 0
31 50 0 0
32 50 0 0
33 50 0 0
34 50 0 0
35 50 0 0
39 50 0 0
40 50 0 0
43 50 0 0
44 50 0 0
48 50 0 0
49 50 0 0
1 51 0 0
8 51 0 0
12 51 0 0
16 51 0 0
17 51 0 0
18 51 0 0
21 51 0 0
25 51 0 0
29 51 0 0
32 51 0 0
33 51 0 0
34 51 0 0
35 51 0 0
36 51 0 0
39 51 0 0
40 51 0 0
43 51 0 0
44 51 0 0
48 51 0 0
49 51 0 0
50 51 0 0
9 52 0 0
17 52 0 0
18 52 0 0
19 52 0 0
27 52 0 0
36 52 0 0
37 52 0 0
38 52 0 0
39 52 0 0
42 52 0 0
43 52 0 0
45 52 0 0
46 52 0 0
9 53 0 0
13 53 0 0
19 53 0 0
20 53 0 0
23 53 0 0
27 53 0 0
28 53 0 0
36 53 0 0
37 53 0 0
38 53 0 0
42 53 0 0
45 53 0 0
46 53 0 0
47 53 0 0
52 53 0 0
9 54 0 0
10 54 0 0
13 54 0 0
14 54 0 0
15 54 0 0
19 54 0 0
20 54 0 0
22 54 0 0
23 54 0 0
24 54 0 0
28 54 0 0
30 54 0 0
37 54 0 0
38 54 0 0
41 54 0 0
42 54 0 0
45 54 0 0
46 54 0 0
47 54 0 0
52 54 0 0
53 54 0 0
17 55 0 0
18 55 0 0
19 55 0 0
27 55 0 0
29 55 0 0
34 55 0 0
35 55 0 0
36 55 0 0
37 55 0 0
38 55 0 0
39 55 0 0
40 55 0 0
42 55 0 0
43 55 0 0
45 55 0 0
52 55 0 0
53 55 0 0
2 56 0 0
9 56 0 0
10 56 0 0
13 56 0 0
14 56 0 0
15 56 0 0
19 56 0 0
20 56 0 0
22 56 0 0
23 56 0 0
24 56 0 0
26 56 0 0
28 56 0 0
30 56 0 0
41 56 0 0
45 56 0 0
46 56 0 0
47 56 0 0
53 56 0 0
54 56 0 0
1 57 0 0
4 57 0 0
5 57 0 0
6 57 0 0
7 57 0 0
12 57 0 0
16 57 0 0
21 57 0 0
25 57 0 0
31 57 0 0
32 57 0 0
33 57 0 0
34 57 0 0
44 57 0 0
48 57 0 0
49 57 0 0
50 57 0 0
51 57 0 0
2 58 0 0
9 58 0 0
10 58 0 0
13 58 0 0
14 58 0 0
15 58 0 0
19 58 0 0
20 58 0 0
22 58 0 0
23 58 0 0
24 58 0 0
26 58 0 0
28 58 0 0
30 58 0 0
37 58 0 0
41 58 0 0
45 58 0 0
46 58 0 0
47 58 0 0
52 58 0 0
53 58 0 0
54 58 0 0
56 58 0 0
9 59 0 0
10 59 0 0
13 59 0 0
18 59 0 0
19 59 0 0
20 59 0 0
23 59 0 0
27 59 0 0
28 59 0 0
36 59 0 0
37 59 0 0
38 59 0 0
42 59 0 0
45 59 0 0
46 59 0 0
47 59 0 0
52 59 0 0
53 59 0 0
54 59 0 0
55 59 0 0
56 59 0 0
58 59 0 0
2 60 0 0
9 60 0 0
10 60 0 0
13 60 0 0
14 60 0 0
15 60 0 0
19 60 0 0
20 60 0 0
23 60 0 0
24 60 0 0
28 60 0 0
37 60 0 0
38 60 0 0
41 60 0 0
42 60 0 0
45 60 0 0
46 60 0 0
47 60 0 0
52 60 0 0
53 60 0 0
54 60 0 0
55 60 0 0
56 60 0 0
58 60 0 0
59 60 0 0
2 61 0 0
10 61 0 0
13 61 0 0
14 61 0 0
15 61 0 0
20 61 0 0
22 61 0 0
23 61 0 0
24 61 0 0
26 61 0 0
28 61 0 0
30 61 0 0
41 61 0 0
46 61 0 0
47 61 0 0
54 61 0 0
56 61 0 0
58 61 0 0
1 62 0 0
4 62 0 0
5 62 0 0
6 62 0 0
12 62 0 0
16 62 0 0
21 62 0 0
25 62 0 0
31 62 0 0
32 62 0 0
33 62 0 0
44 62 0 0
48 62 0 0
49 62 0 0
50 62 0 0
51 62 0 0
57 62 0 0
1 63 0 0
4 63 0 0
5 63 0 0
6 63 0 0
7 63 0 0
8 63 0 0
12 63 0 0
16 63 0 0
21 63 0 0
25 63 0 0
29 63 0 0
31 63 0 0
32 63 0 0
33 63 0 0
34 63 0 0
35 63 0 0
40 63 0 0
43 63 0 0
44 63 0 0
48 63 0 0
49 63 0 0
50 63 0 0
51 63 0 0
57 63 0 0
62 63 0 0
2 64 0 0
9 64 0 0
10 64 0 0
13 64 0 0
14 64 0 0
15 64 0 0
19 64 0 0
20 64 0 0
22 64 0 0
23 64 0 0
24 64 0 0
26 64 0 0
28 64 0 0
30 64 0 0
41 64 0 0
45 64 0 0
46 64 0 0
47 64 0 0
54 64 0 0
56 64 0 0
58 64 0 0
60 64 0 0
61 64 0 0
1 65 0 0
7 65 0 0
8 65 0 0
11 65 0 0
12 65 0 0
16 65 0 0
17 65 0 0
18 65 0 0
21 65 0 0
25 65 0 0
29 65 0 0
32 65 0 0
33 65 0 0
34 65 0 0
35 65 0 0
36 65 0 0
39 65 0 0
40 65 0 0
43 65 0 0
44 65 0 0
48 65 0 0
49 65 0 0
50 65 0 0
51 65 0 0
57 65 0 0
62 65 0 0
63 65 0 0
9 66 0 0
13 66 0 0
18 66 0 0
19 66 0 0
20 66 0 0
23 66 0 0
27 66 0 0
36 66 0 0
37 66 0 0
38 66 0 0
39 66 0 0
42 66 0 0
45 66 0 0
46 66 0 0
52 66 0 0
53 66 0 0
54 66 0 0
55 66 0 0
56 66 0 0
58 66 0 0
59 66 0 0
60 66 0 0
1 67 0 0
5 67 0 0
6 67 0 0
12 67 0 0
16 67 0 0
21 67 0 0
25 67 0 0
31 67 0 0
32 67 0 0
33 67 0 0
34 67 0 0
44 67 0 0
48 67 0 0
49 67 0 0
50 67 0 0
51 67 0 0
57 67 0 0
62 67 0 0
63 67 0 0
65 67 0 0
18 68 0 0
34 68 0 0
35 68 0 0
36 68 0 0
37 68 0 0
38 68 0 0
39 68 0 0
40 68 0 0
42 68 0 0
43 68 0 0
51 68 0 0
52 68 0 0
55 68 0 0
65 68 0 0
35 69 0 0
36 69 0 0
37 69 0 0
38 69 0 0
39 69 0 0
40 69 0 0
42 69 0 0
43 69 0 0
45 69 0 0
52 69 0 0
53 69 0 0
55 69 0 0
59 69 0 0
66 69 0 0
68 69 0 0
30 70 0 0
34 71 0 0
35 71 0 0
36 71 0 0
39 71 0 0
40 71 0 0
43 71 0 0
51 71 0 0
68 71 0 0
69 71 0 0
36 72 0 0
37 72 0 0
38 72 0 0
39 72 0 0
42 72 0 0
52 72 0 0
53 72 0 0
55 72 0 0
68 72 0 0
69 72 0 0
71 72 0 0
37 73 0 0
38 73 0 0
52 73 0 0
53 73 0 0
54 73 0 0
55 73 0 0
69 73 0 0
72 73 0 0
41 74 0 0
46 74 0 0
47 74 0 0
53 74 0 0
54 74 0 0
70 74 0 0
73 74 0 0
30 75 0 0
41 75 0 0
46 75 0 0
47 75 0 0
54 75 0 0
56 75 0 0
61 75 0 0
64 75 0 0
70 75 0 0
74 75 0 0
1 76 0 0
31 76 0 0
32 76 0 0
33 76 0 0
34 76 0 0
35 76 0 0
40 76 0 0
43 76 0 0
44 76 0 0
48 76 0 0
49 76 0 0
50 76 0 0
51 76 0 0
63 76 0 0
65 76 0 0
67 76 0 0
71 76 0 0
36 77 0 0
37 77 0 0
38 77 0 0
39 77 0 0
42 77 0 0
45 77 0 0
52 77 0 0
53 77 0 0
55 77 0 0
59 77 0 0
66 77 0 0
68 77 0 0
69 77 0 0
72 77 0 0
73 77 0 0
36 78 0 0
37 78 0 0
38 78 0 0
39 78 0 0
42 78 0 0
45 78 0 0
52 78 0 0
53 78 0 0
54 78 0 0
55 78 0 0
66 78 0 0
68 78 0 0
69 78 0 0
72 78 0 0
73 78 0 0
74 78 0 0
77 78 0 0
31 79 0 0
32 79 0 0
33 79 0 0
34 79 0 0
35 79 0 0
39 79 0 0
40 79 0 0
43 79 0 0
44 79 0 0
48 79 0 0
49 79 0 0
50 79 0 0
51 79 0 0
63 79 0 0
65 79 0 0
67 79 0 0
68 79 0 0
71 79 0 0
76 79 0 0
32 80 0 0
33 80 0 0
34 80 0 0
35 80 0 0
36 80 0 0
39 80 0 0
40 80 0 0
43 80 0 0
44 80 0 0
49 80 0 0
50 80 0 0
51 80 0 0
63 80 0 0
65 80 0 0
68 80 0 0
71 80 0 0
76 80 0 0
79 80 0 0
1 81 0 0
31 81 0 0
32 81 0 0
33 81 0 0
44 81 0 0
48 81 0 0
49 81 0 0
50 81 0 0
67 81 0 0
71 81 0 0
76 81 0 0
79 81 0 0
80 81 0 0
30 82 0 0
41 82 0 0
46 82 0 0
47 82 0 0
54 82 0 0
56 82 0 0
64 82 0 0
70 82 0 0
73 82 0 0
74 82 0 0
75 82 0 0
30 83 0 0
41 83 0 0
46 83 0 0
47 83 0 0
54 83 0 0
70 83 0 0
74 83 0 0
75 83 0 0
82 83 0 0
37 84 0 0
38 84 0 0
42 84 0 0
45 84 0 0
46 84 0 0
47 84 0 0
52 84 0 0
53 84 0 0
54 84 0 0
55 84 0 0
66 84 0 0
69 84 0 0
72 84 0 0
73 84 0 0
74 84 0 0
77 84 0 0
78 84 0 0
82 84 0 0
30 85 0 0
41 85 0 0
47 85 0 0
70 85 0 0
74 85 0 0
75 85 0 0
82 85 0 0
83 85 0 0
36 86 0 0
37 86 0 0
38 86 0 0
42 86 0 0
45 86 0 0
52 86 0 0
53 86 0 0
54 86 0 0
55 86 0 0
66 86 0 0
68 86 0 0
69 86 0 0
72 86 0 0
73 86 0 0
74 86 0 0
77 86 0 0
78 86 0 0
84 86 0 0
32 87 0 0
33 87 0 0
34 87 0 0
35 87 0 0
36 87 0 0
39 87 0 0
40 87 0 0
43 87 0 0
44 87 0 0
49 87 0 0
50 87 0 0
51 87 0 0
65 87 0 0
68 87 0 0
71 87 0 0
76 87 0 0
79 87 0 0
80 87 0 0
81 87 0 0
35 88 0 0
36 88 0 0
37 88 0 0
38 88 0 0
39 88 0 0
40 88 0 0
42 88 0 0
52 88 0 0
53 88 0 0
55 88 0 0
68 88 0 0
69 88 0 0
71 88 0 0
72 88 0 0
73 88 0 0
77 88 0 0
78 88 0 0
80 88 0 0
84 88 0 0
86 88 0 0
87 88 0 0
37 89 0 0
38 89 0 0
45 89 0 0
46 89 0 0
47 89 0 0
53 89 0 0
54 89 0 0
69 89 0 0
72 89 0 0
73 89 0 0
74 89 0 0
77 89 0 0
78 89 0 0
82 89 0 0
83 89 0 0
84 89 0 0
86 89 0 0
37 90 0 0
41 90 0 0
45 90 0 0
46 90 0 0
47 90 0 0
53 90 0 0
54 90 0 0
70 90 0 0
72 90 0 0
73 90 0 0
74 90 0 0
75 90 0 0
77 90 0 0
78 90 0 0
82 90 0 0
83 90 0 0
84 90 0 0
85 90 0 0
86 90 0 0
89 90 0 0
30 91 0 0
41 91 0 0
46 91 0 0
47 91 0 0
54 91 0 0
70 91 0 0
73 91 0 0
74 91 0 0
75 91 0 0
82 91 0 0
83 91 0 0
84 91 0 0
85 91 0 0
89 91 0 0
90 91 0 0
40 92 0 0
68 92 0 0
71 92 0 0
76 92 0 0
79 92 0 0
80 92 0 0
81 92 0 0
87 92 0 0
37 93 0 0
38 93 0 0
55 93 0 0
68 93 0 0
69 93 0 0
72 93 0 0
73 93 0 0
74 93 0 0
77 93 0 0
78 93 0 0
84 93 0 0
86 93 0 0
88 93 0 0
89 93 0 0
90 93 0 0
36 94 0 0
37 94 0 0
38 94 0 0
39 94 0 0
55 94 0 0
68 94 0 0
69 94 0 0
71 94 0 0
72 94 0 0
73 94 0 0
77 94 0 0
78 94 0 0
80 94 0 0
84 94 0 0
86 94 0 0
87 94 0 0
88 94 0 0
93 94 0 0
35 95 0 0
36 95 0 0
37 95 0 0
38 95 0 0
39 95 0 0
40 95 0 0
55 95 0 0
68 95 0 0
69 95 0 0
71 95 0 0
72 95 0 0
73 95 0 0
77 95 0 0
78 95 0 0
79 95 0 0
80 95 0 0
86 95 0 0
87 95 0 0
88 95 0 0
92 95 0 0
93 95 0 0
94 95 0 0
31 96 0 0
32 96 0 0
33 96 0 0
48 96 0 0
71 96 0 0
76 96 0 0
79 96 0 0
80 96 0 0
81 96 0 0
87 96 0 0
92 96 0 0
34 97 0 0
35 97 0 0
39 97 0 0
40 97 0 0
68 97 0 0
71 97 0 0
76 97 0 0
79 97 0 0
80 97 0 0
81 97 0 0
87 97 0 0
88 97 0 0
92 97 0 0
94 97 0 0
95 97 0 0
96 97 0 0
34 98 0 0
35 98 0 0
36 98 0 0
39 98 0 0
40 98 0 0
55 98 0 0
68 98 0 0
69 98 0 0
71 98 0 0
72 98 0 0
76 98 0 0
77 98 0 0
79 98 0 0
80 98 0 0
87 98 0 0
88 98 0 0
92 98 0 0
93 98 0 0
94 98 0 0
95 98 0 0
96 98 0 0
97 98 0 0
36 99 0 0
37 99 0 0
38 99 0 0
52 99 0 0
53 99 0 0
55 99 0 0
68 99 0 0
69 99 0 0
72 99 0 0
73 99 0 0
74 99 0 0
77 99 0 0
78 99 0 0
84 99 0 0
86 99 0 0
88 99 0 0
89 99 0 0
90 99 0 0
93 99 0 0
94 99 0 0
95 99 0 0
98 99 0 0
37 100 0 0
38 100 0 0
53 100 0 0
55 100 0 0
68 100 0 0
69 100 0 0
72 100 0 0
73 100 0 0
74 100 0 0
77 100 0 0
78 100 0 0
84 100 0 0
86 100 0 0
88 100 0 0
89 100 0 0
90 100 0 0
93 100 0 0
94 100 0 0
95 100 0 0
99 100 0 0
76 101 0 0
79 101 0 0
81 101 0 0
87 101 0 0
92 101 0 0
96 101 0 0
71 102 0 0
76 102 0 0
79 102 0 0
80 102 0 0
81 102 0 0
87 102 0 0
92 102 0 0
96 102 0 0
97 102 0 0
98 102 0 0
101 102 0 0
38 103 0 0
55 103 0 0
68 103 0 0
69 103 0 0
71 103 0 0
72 103 0 0
73 103 0 0
77 103 0 0
78 103 0 0
84 103 0 0
86 103 0 0
88 103 0 0
89 103 0 0
93 103 0 0
94 103 0 0
95 103 0 0
98 103 0 0
99 103 0 0
100 103 0 0
81 104 0 0
92 104 0 0
96 104 0 0
101 104 0 0
102 104 0 0
81 105 0 0
92 105 0 0
96 105 0 0
101 105 0 0
102 105 0 0
104 105 0 0
70 106 0 0
74 106 0 0
75 106 0 0
82 106 0 0
83 106 0 0
85 106 0 0
91 106 0 0
71 107 0 0
79 107 0 0
87 107 0 0
88 107 0 0
92 107 0 0
94 107 0 0
95 107 0 0
96 107 0 0
97 107 0 0
98 107 0 0
102 107 0 0
103 107 0 0
70 108 0 0
74 108 0 0
75 108 0 0
82 108 0 0
83 108 0 0
85 108 0 0
90 108 0 0
91 108 0 0
106 108 0 0
69 109 0 0
72 109 0 0
73 109 0 0
74 109 0 0
77 109 0 0
78 109 0 0
84 109 0 0
86 109 0 0
88 109 0 0
89 109 0 0
90 109 0 0
93 109 0 0
94 109 0 0
95 109 0 0
99 109 0 0
100 109 0 0
103 109 0 0
107 109 0 0
71 110 0 0
76 110 0 0
79 110 0 0
81 110 0 0
87 110 0 0
92 110 0 0
96 110 0 0
97 110 0 0
98 110 0 0
101 110 0 0
102 110 0 0
104 110 0 0
105 110 0 0
107 110 0 0
71 111 0 0
79 111 0 0
81 111 0 0
87 111 0 0
92 111 0 0
96 111 0 0
97 111 0 0
98 111 0 0
101 111 0 0
102 111 0 0
104 111 0 0
105 111 0 0
107 111 0 0
110 111 0 0
71 112 0 0
79 112 0 0
80 112 0 0
87 112 0 0
92 112 0 0
95 112 0 0
96 112 0 0
97 112 0 0
98 112 0 0
101 112 0 0
102 112 0 0
105 112 0 0
107 112 0 0
110 112 0 0
111 112 0 0
71 113 0 0
72 113 0 0
78 113 0 0
86 113 0 0
88 113 0 0
93 113 0 0
94 113 0 0
95 113 0 0
97 113 0 0
98 113 0 0
99 113 0 0
100 113 0 0
103 113 0 0
107 113 0 0
109 113 0 0
112 113 0 0
72 114 0 0
73 114 0 0
74 114 0 0
78 114 0 0
84 114 0 0
86 114 0 0
89 114 0 0
90 114 0 0
93 114 0 0
94 114 0 0
99 114 0 0
100 114 0 0
103 114 0 0
108 114 0 0
109 114 0 0
113 114 0 0
70 115 0 0
73 115 0 0
74 115 0 0
82 115 0 0
83 115 0 0
85 115 0 0
89 115 0 0
90 115 0 0
91 115 0 0
106 115 0 0
108 115 0 0
109 115 0 0
114 115 0 0
70 116 0 0
74 116 0 0
75 116 0 0
82 116 0 0
83 116 0 0
85 116 0 0
91 116 0 0
106 116 0 0
108 116 0 0
115 116 0 0
106 117 0 0
108 117 0 0
115 117 0 0
116 117 0 0
70 118 0 0
106 118 0 0
108 118 0 0
115 118 0 0
116 118 0 0
117 118 0 0
101 119 0 0
104 119 0 0
105 119 0 0
110 119 0 0
111 119 0 0
93 120 0 0
109 120 0 0
113 120 0 0
114 120 0 0
115 120 0 0
93 121 0 0
94 121 0 0
103 121 0 0
107 121 0 0
109 121 0 0
112 121 0 0
113 121 0 0
114 121 0 0
120 121 0 0
74 122 0 0
93 122 0 0
108 122 0 0
109 122 0 0
114 122 0 0
115 122 0 0
116 122 0 0
118 122 0 0
120 122 0 0
105 123 0 0
107 123 0 0
110 123 0 0
111 123 0 0
112 123 0 0
113 123 0 0
121 123 0 0
101 124 0 0
104 124 0 0
105 124 0 0
107 124 0 0
110 124 0 0
111 124 0 0
112 124 0 0
119 124 0 0
123 124 0 0
107 125 0 0
109 125 0 0
112 125 0 0
113 125 0 0
120 125 0 0
121 125 0 0
123 125 0 0
106 126 0 0
108 126 0 0
115 126 0 0
116 126 0 0
117 126 0 0
118 126 0 0
122 126 0 0
93 127 0 0
109 127 0 0
113 127 0 0
114 127 0 0
120 127 0 0
121 127 0 0
122 127 0 0
125 127 0 0
106 128 0 0
108 128 0 0
114 128 0 0
115 128 0 0
116 128 0 0
117 128 0 0
118 128 0 0
120 128 0 0
122 128 0 0
126 128 0 0
109 129 0 0
114 129 0 0
115 129 0 0
120 129 0 0
121 129 0 0
122 129 0 0
126 129 0 0
127 129 0 0
128 129 0 0
106 130 0 0
108 130 0 0
115 130 0 0
116 130 0 0
117 130 0 0
118 130 0 0
122 130 0 0
126 130 0 0
128 130 0 0
92 131 0 0
96 131 0 0
97 131 0 0
101 131 0 0
102 131 0 0
104 131 0 0
105 131 0 0
107 131 0 0
110 131 0 0
111 131 0 0
112 131 0 0
119 131 0 0
123 131 0 0
124 131 0 0
70 132 0 0
85 132 0 0
106 132 0 0
108 132 0 0
115 132 0 0
116 132 0 0
117 132 0 0
118 132 0 0
126 132 0 0
128 132 0 0
130 132 0 0
71 133 0 0
72 133 0 0
88 133 0 0
92 133 0 0
93 133 0 0
94 133 0 0
95 133 0 0
97 133 0 0
98 133 0 0
99 133 0 0
103 133 0 0
107 133 0 0
109 133 0 0
111 133 0 0
112 133 0 0
113 133 0 0
121 133 0 0
123 133 0 0
125 133 0 0
127 133 0 0
73 134 0 0
74 134 0 0
84 134 0 0
86 134 0 0
89 134 0 0
90 134 0 0
93 134 0 0
99 134 0 0
100 134 0 0
103 134 0 0
108 134 0 0
109 134 0 0
113 134 0 0
114 134 0 0
115 134 0 0
116 134 0 0
118 134 0 0
120 134 0 0
122 134 0 0
126 134 0 0
127 134 0 0
128 134 0 0
129 134 0 0
130 134 0 0
73 135 0 0
74 135 0 0
93 135 0 0
99 135 0 0
100 135 0 0
103 135 0 0
109 135 0 0
113 135 0 0
114 135 0 0
115 135 0 0
120 135 0 0
121 135 0 0
122 135 0 0
126 135 0 0
127 135 0 0
128 135 0 0
129 135 0 0
134 135 0 0
73 136 0 0
74 136 0 0
89 136 0 0
90 136 0 0
93 136 0 0
100 136 0 0
108 136 0 0
109 136 0 0
114 136 0 0
115 136 0 0
116 136 0 0
118 136 0 0
120 136 0 0
122 136 0 0
126 136 0 0
127 136 0 0
128 136 0 0
129 136 0 0
130 136 0 0
132 136 0 0
134 136 0 0
135 136 0 0
93 137 0 0
94 137 0 0
95 137 0 0
99 137 0 0
103 137 0 0
107 137 0 0
109 137 0 0
112 137 0 0
113 137 0 0
114 137 0 0
120 137 0 0
121 137 0 0
123 137 0 0
125 137 0 0
127 137 0 0
129 137 0 0
133 137 0 0
135 137 0 0
92 138 0 0
93 138 0 0
94 138 0 0
95 138 0 0
97 138 0 0
98 138 0 0
103 138 0 0
107 138 0 0
109 138 0 0
111 138 0 0
112 138 0 0
113 138 0 0
121 138 0 0
123 138 0 0
125 138 0 0
127 138 0 0
131 138 0 0
133 138 0 0
137 138 0 0
104 139 0 0
105 139 0 0
119 139 0 0
124 139 0 0
131 139 0 0
117 140 0 0
118 140 0 0
126 140 0 0
128 140 0 0
130 140 0 0
132 140 0 0
117 141 0 0
118 141 0 0
126 141 0 0
128 141 0 0
130 141 0 0
132 141 0 0
140 141 0 0
123 142 0 0
124 142 0 0
125 142 0 0
138 142 0 0
120 143 0 0
121 143 0 0
122 143 0 0
125 143 0 0
127 143 0 0
129 143 0 0
135 143 0 0
137 143 0 0
117 144 0 0
118 144 0 0
126 144 0 0
128 144 0 0
130 144 0 0
140 144 0 0
141 144 0 0
142 145 0 0
143 145 0 0
140 146 0 0
141 146 0 0
144 146 0 0
117 147 0 0
118 147 0 0
126 147 0 0
128 147 0 0
130 147 0 0
140 147 0 0
141 147 0 0
144 147 0 0
146 147 0 0
119 148 0 0
124 148 0 0
139 148 0 0
142 148 0 0
123 149 0 0
124 149 0 0
139 149 0 0
142 149 0 0
148 149 0 0
121 150 0 0
125 150 0 0
127 150 0 0
137 150 0 0
138 150 0 0
142 150 0 0
143 150 0 0
145 150 0 0
139 151 0 0
142 151 0 0
148 151 0 0
149 151 0 0
111 152 0 0
123 152 0 0
124 152 0 0
131 152 0 0
138 152 0 0
142 152 0 0
148 152 0 0
149 152 0 0
151 152 0 0
111 153 0 0
112 153 0 0
123 153 0 0
124 153 0 0
125 153 0 0
131 153 0 0
138 153 0 0
142 153 0 0
145 153 0 0
148 153 0 0
149 153 0 0
150 153 0 0
151 153 0 0
152 153 0 0
105 154 0 0
110 154 0 0
111 154 0 0
112 154 0 0
119 154 0 0
123 154 0 0
124 154 0 0
131 154 0 0
139 154 0 0
142 154 0 0
148 154 0 0
149 154 0 0
151 154 0 0
152 154 0 0
153 154 0 0
107 155 0 0
110 155 0 0
111 155 0 0
112 155 0 0
123 155 0 0
124 155 0 0
125 155 0 0
131 155 0 0
138 155 0 0
142 155 0 0
148 155 0 0
149 155 0 0
151 155 0 0
152 155 0 0
153 155 0 0
154 155 0 0
105 156 0 0
119 156 0 0
124 156 0 0
131 156 0 0
139 156 0 0
142 156 0 0
148 156 0 0
149 156 0 0
151 156 0 0
152 156 0 0
153 156 0 0
154 156 0 0
155 156 0 0
115 157 0 0
117 157 0 0
118 157 0 0
120 157 0 0
122 157 0 0
126 157 0 0
128 157 0 0
129 157 0 0
130 157 0 0
134 157 0 0
135 157 0 0
136 157 0 0
140 157 0 0
141 157 0 0
144 157 0 0
146 157 0 0
147 157 0 0
116 158 0 0
117 158 0 0
118 158 0 0
126 158 0 0
128 158 0 0
130 158 0 0
132 158 0 0
140 158 0 0
141 158 0 0
144 158 0 0
146 158 0 0
147 158 0 0
157 158 0 0
117 159 0 0
118 159 0 0
122 159 0 0
126 159 0 0
128 159 0 0
129 159 0 0
130 159 0 0
132 159 0 0
136 159 0 0
140 159 0 0
141 159 0 0
144 159 0 0
146 159 0 0
147 159 0 0
157 159 0 0
158 159 0 0
104 160 0 0
105 160 0 0
110 160 0 0
111 160 0 0
119 160 0 0
124 160 0 0
131 160 0 0
139 160 0 0
148 160 0 0
149 160 0 0
151 160 0 0
152 160 0 0
154 160 0 0
155 160 0 0
156 160 0 0
104 161 0 0
105 161 0 0
107 161 0 0
110 161 0 0
111 161 0 0
112 161 0 0
119 161 0 0
123 161 0 0
124 161 0 0
131 161 0 0
138 161 0 0
139 161 0 0
142 161 0 0
148 161 0 0
149 161 0 0
151 161 0 0
152 161 0 0
153 161 0 0
154 161 0 0
155 161 0 0
156 161 0 0
160 161 0 0
105 162 0 0
107 162 0 0
110 162 0 0
111 162 0 0
112 162 0 0
123 162 0 0
124 162 0 0
125 162 0 0
131 162 0 0
133 162 0 0
138 162 0 0
142 162 0 0
148 162 0 0
149 162 0 0
152 162 0 0
153 162 0 0
154 162 0 0
155 162 0 0
156 162 0 0
160 162 0 0
161 162 0 0
107 163 0 0
110 163 0 0
111 163 0 0
112 163 0 0
113 163 0 0
121 163 0 0
123 163 0 0
124 163 0 0
125 163 0 0
131 163 0 0
133 163 0 0
137 163 0 0
138 163 0 0
142 163 0 0
149 163 0 0
150 163 0 0
152 163 0 0
153 163 0 0
154 163 0 0
155 163 0 0
161 163 0 0
162 163 0 0
106 164 0 0
108 164 0 0
115 164 0 0
116 164 0 0
117 164 0 0
118 164 0 0
126 164 0 0
128 164 0 0
130 164 0 0
132 164 0 0
136 164 0 0
140 164 0 0
141 164 0 0
144 164 0 0
147 164 0 0
157 164 0 0
158 164 0 0
159 164 0 0
105 165 0 0
107 165 0 0
110 165 0 0
111 165 0 0
112 165 0 0
123 165 0 0
124 165 0 0
125 165 0 0
131 165 0 0
133 165 0 0
138 165 0 0
142 165 0 0
148 165 0 0
149 165 0 0
151 165 0 0
152 165 0 0
153 165 0 0
154 165 0 0
155 165 0 0
156 165 0 0
160 165 0 0
161 165 0 0
162 165 0 0
163 165 0 0
106 166 0 0
108 166 0 0
115 166 0 0
116 166 0 0
117 166 0 0
118 166 0 0
122 166 0 0
126 166 0 0
128 166 0 0
129 166 0 0
130 166 0 0
132 166 0 0
134 166 0 0
135 166 0 0
136 166 0 0
140 166 0 0
141 166 0 0
144 166 0 0
146 166 0 0
147 166 0 0
157 166 0 0
158 166 0 0
159 166 0 0
164 166 0 0
106 167 0 0
108 167 0 0
114 167 0 0
115 167 0 0
116 167 0 0
117 167 0 0
118 167 0 0
120 167 0 0
122 167 0 0
126 167 0 0
128 167 0 0
129 167 0 0
130 167 0 0
132 167 0 0
134 167 0 0
135 167 0 0
136 167 0 0
140 167 0 0
141 167 0 0
144 167 0 0
146 167 0 0
147 167 0 0
157 167 0 0
158 167 0 0
159 167 0 0
164 167 0 0
166 167 0 0
108 168 0 0
114 168 0 0
115 168 0 0
116 168 0 0
117 168 0 0
118 168 0 0
120 168 0 0
122 168 0 0
126 168 0 0
128 168 0 0
129 168 0 0
130 168 0 0
132 168 0 0
134 168 0 0
135 168 0 0
136 168 0 0
140 168 0 0
141 168 0 0
143 168 0 0
144 168 0 0
146 168 0 0
147 168 0 0
157 168 0 0
158 168 0 0
159 168 0 0
164 168 0 0
166 168 0 0
167 168 0 0
107 169 0 0
110 169 0 0
111 169 0 0
112 169 0 0
121 169 0 0
123 169 0 0
124 169 0 0
125 169 0 0
131 169 0 0
133 169 0 0
137 169 0 0
138 169 0 0
142 169 0 0
148 169 0 0
149 169 0 0
150 169 0 0
152 169 0 0
153 169 0 0
154 169 0 0
155 169 0 0
161 169 0 0
162 169 0 0
163 169 0 0
165 169 0 0
81 170 0 0
96 170 0 0
101 170 0 0
104 170 0 0
105 170 0 0
110 170 0 0
119 170 0 0
68 171 0 0
69 171 0 0
71 171 0 0
72 171 0 0
77 171 0 0
78 171 0 0
79 171 0 0
80 171 0 0
86 171 0 0
87 171 0 0
88 171 0 0
92 171 0 0
93 171 0 0
94 171 0 0
95 171 0 0
97 171 0 0
98 171 0 0
99 171 0 0
100 171 0 0
103 171 0 0
107 171 0 0
109 171 0 0
111 171 0 0
112 171 0 0
113 171 0 0
121 171 0 0
123 171 0 0
125 171 0 0
127 171 0 0
133 171 0 0
137 171 0 0
138 171 0 0
163 171 0 0
69 172 0 0
72 172 0 0
73 172 0 0
74 172 0 0
77 172 0 0
78 172 0 0
84 172 0 0
86 172 0 0
88 172 0 0
89 172 0 0
90 172 0 0
93 172 0 0
94 172 0 0
95 172 0 0
99 172 0 0
100 172 0 0
103 172 0 0
109 172 0 0
113 172 0 0
114 172 0 0
120 172 0 0
121 172 0 0
122 172 0 0
127 172 0 0
129 172 0 0
133 172 0 0
134 172 0 0
135 172 0 0
136 172 0 0
137 172 0 0
138 172 0 0
171 172 0 0
39 173 0 0
40 173 0 0
68 173 0 0
69 173 0 0
71 173 0 0
72 173 0 0
76 173 0 0
77 173 0 0
78 173 0 0
79 173 0 0
80 173 0 0
86 173 0 0
87 173 0 0
88 173 0 0
92 173 0 0
93 173 0 0
94 173 0 0
95 173 0 0
96 173 0 0
97 173 0 0
98 173 0 0
99 173 0 0
100 173 0 0
102 173 0 0
103 173 0 0
107 173 0 0
109 173 0 0
110 173 0 0
111 173 0 0
112 173 0 0
113 173 0 0
121 173 0 0
123 173 0 0
125 173 0 0
131 173 0 0
133 173 0 0
137 173 0 0
138 173 0 0
163 173 0 0
171 173 0 0
172 173 0 0
76 174 0 0
79 174 0 0
81 174 0 0
87 174 0 0
92 174 0 0
96 174 0 0
97 174 0 0
101 174 0 0
102 174 0 0
104 174 0 0
105 174 0 0
110 174 0 0
111 174 0 0
112 174 0 0
119 174 0 0
123 174 0 0
124 174 0 0
131 174 0 0
160 174 0 0
161 174 0 0
162 174 0 0
170 174 0 0
70 175 0 0
74 175 0 0
75 175 0 0
82 175 0 0
83 175 0 0
85 175 0 0
89 175 0 0
90 175 0 0
91 175 0 0
106 175 0 0
108 175 0 0
114 175 0 0
115 175 0 0
116 175 0 0
117 175 0 0
118 175 0 0
122 175 0 0
126 175 0 0
128 175 0 0
130 175 0 0
132 175 0 0
134 175 0 0
135 175 0 0
136 175 0 0
164 175 0 0
166 175 0 0
167 175 0 0
168 175 0 0
68 176 0 0
69 176 0 0
71 176 0 0
72 176 0 0
73 176 0 0
77 176 0 0
78 176 0 0
84 176 0 0
86 176 0 0
88 176 0 0
93 176 0 0
94 176 0 0
95 176 0 0
98 176 0 0
99 176 0 0
100 176 0 0
103 176 0 0
107 176 0 0
109 176 0 0
113 176 0 0
114 176 0 0
120 176 0 0
121 176 0 0
125 176 0 0
127 176 0 0
129 176 0 0
133 176 0 0
134 176 0 0
135 176 0 0
137 176 0 0
138 176 0 0
171 176 0 0
172 176 0 0
173 176 0 0
68 177 0 0
71 177 0 0
72 177 0 0
79 177 0 0
80 177 0 0
87 177 0 0
88 177 0 0
92 177 0 0
94 177 0 0
95 177 0 0
96 177 0 0
97 177 0 0
98 177 0 0
99 177 0 0
102 177 0 0
103 177 0 0
107 177 0 0
109 177 0 0
110 177 0 0
111 177 0 0
112 177 0 0
113 177 0 0
121 177 0 0
123 177 0 0
125 177 0 0
131 177 0 0
133 177 0 0
137 177 0 0
138 177 0 0
162 177 0 0
163 177 0 0
169 177 0 0
171 177 0 0
173 177 0 0
176 177 0 0
68 178 0 0
71 178 0 0
72 178 0 0
79 178 0 0
80 178 0 0
87 178 0 0
88 178 0 0
92 178 0 0
93 178 0 0
94 178 0 0
95 178 0 0
97 178 0 0
98 178 0 0
99 178 0 0
100 178 0 0
102 178 0 0
103 178 0 0
107 178 0 0
109 178 0 0
111 178 0 0
112 178 0 0
113 178 0 0
121 178 0 0
123 178 0 0
125 178 0 0
127 178 0 0
133 178 0 0
137 178 0 0
138 178 0 0
162 178 0 0
163 178 0 0
169 178 0 0
171 178 0 0
172 178 0 0
173 178 0 0
176 178 0 0
177 178 0 0
72 179 0 0
73 179 0 0
74 179 0 0
77 179 0 0
78 179 0 0
82 179 0 0
84 179 0 0
86 179 0 0
89 179 0 0
90 179 0 0
91 179 0 0
93 179 0 0
94 179 0 0
99 179 0 0
100 179 0 0
103 179 0 0
108 179 0 0
109 179 0 0
114 179 0 0
115 179 0 0
120 179 0 0
122 179 0 0
127 179 0 0
128 179 0 0
129 179 0 0
134 179 0 0
135 179 0 0
136 179 0 0
168 179 0 0
172 179 0 0
175 179 0 0
176 179 0 0
1 180 0 0
31 180 0 0
32 180 0 0
33 180 0 0
44 180 0 0
48 180 0 0
49 180 0 0
50 180 0 0
57 180 0 0
62 180 0 0
63 180 0 0
67 180 0 0
76 180 0 0
79 180 0 0
81 180 0 0
96 180 0 0
101 180 0 0
102 180 0 0
170 180 0 0
19 181 0 0
20 181 0 0
36 181 0 0
37 181 0 0
38 181 0 0
42 181 0 0
45 181 0 0
46 181 0 0
47 181 0 0
52 181 0 0
53 181 0 0
54 181 0 0
55 181 0 0
56 181 0 0
58 181 0 0
59 181 0 0
60 181 0 0
66 181 0 0
69 181 0 0
72 181 0 0
73 181 0 0
74 181 0 0
77 181 0 0
78 181 0 0
84 181 0 0
86 181 0 0
88 181 0 0
89 181 0 0
90 181 0 0
91 181 0 0
93 181 0 0
94 181 0 0
99 181 0 0
100 181 0 0
103 181 0 0
172 181 0 0
1 182 0 0
12 182 0 0
16 182 0 0
31 182 0 0
32 182 0 0
33 182 0 0
34 182 0 0
35 182 0 0
40 182 0 0
44 182 0 0
48 182 0 0
49 182 0 0
50 182 0 0
51 182 0 0
57 182 0 0
62 182 0 0
63 182 0 0
65 182 0 0
67 182 0 0
76 182 0 0
79 182 0 0
80 182 0 0
81 182 0 0
87 182 0 0
92 182 0 0
96 182 0 0
101 182 0 0
102 182 0 0
170 182 0 0
180 182 0 0
18 183 0 0
19 183 0 0
36 183 0 0
37 183 0 0
38 183 0 0
39 183 0 0
42 183 0 0
45 183 0 0
46 183 0 0
52 183 0 0
53 183 0 0
54 183 0 0
55 183 0 0
58 183 0 0
59 183 0 0
60 183 0 0
66 183 0 0
68 183 0 0
69 183 0 0
72 183 0 0
73 183 0 0
77 183 0 0
78 183 0 0
84 183 0 0
86 183 0 0
88 183 0 0
89 183 0 0
90 183 0 0
93 183 0 0
94 183 0 0
95 183 0 0
99 183 0 0
100 183 0 0
103 183 0 0
172 183 0 0
181 183 0 0
1 184 0 0
12 184 0 0
16 184 0 0
17 184 0 0
21 184 0 0
29 184 0 0
31 184 0 0
32 184 0 0
33 184 0 0
34 184 0 0
35 184 0 0
39 184 0 0
40 184 0 0
43 184 0 0
44 184 0 0
48 184 0 0
49 184 0 0
50 184 0 0
51 184 0 0
57 184 0 0
62 184 0 0
63 184 0 0
65 184 0 0
67 184 0 0
68 184 0 0
71 184 0 0
76 184 0 0
79 184 0 0
80 184 0 0
81 184 0 0
87 184 0 0
92 184 0 0
96 184 0 0
97 184 0 0
98 184 0 0
102 184 0 0
173 184 0 0
180 184 0 0
182 184 0 0
13 185 0 0
14 185 0 0
15 185 0 0
20 185 0 0
22 185 0 0
24 185 0 0
26 185 0 0
28 185 0 0
30 185 0 0
41 185 0 0
45 185 0 0
46 185 0 0
47 185 0 0
54 185 0 0
56 185 0 0
58 185 0 0
61 185 0 0
64 185 0 0
70 185 0 0
74 185 0 0
75 185 0 0
82 185 0 0
83 185 0 0
85 185 0 0
89 185 0 0
90 185 0 0
91 185 0 0
175 185 0 0
1 186 0 0
31 186 0 0
32 186 0 0
33 186 0 0
34 186 0 0
44 186 0 0
48 186 0 0
49 186 0 0
50 186 0 0
51 186 0 0
57 186 0 0
62 186 0 0
63 186 0 0
65 186 0 0
67 186 0 0
76 186 0 0
79 186 0 0
80 186 0 0
81 186 0 0
87 186 0 0
92 186 0 0
96 186 0 0
101 186 0 0
102 186 0 0
170 186 0 0
174 186 0 0
180 186 0 0
182 186 0 0
184 186 0 0
1 187 0 0
16 187 0 0
31 187 0 0
32 187 0 0
33 187 0 0
34 187 0 0
35 187 0 0
40 187 0 0
43 187 0 0
44 187 0 0
48 187 0 0
49 187 0 0
50 187 0 0
51 187 0 0
57 187 0 0
62 187 0 0
63 187 0 0
65 187 0 0
67 187 0 0
71 187 0 0
76 187 0 0
79 187 0 0
80 187 0 0
81 187 0 0
87 187 0 0
92 187 0 0
96 187 0 0
97 187 0 0
101 187 0 0
102 187 0 0
174 187 0 0
180 187 0 0
182 187 0 0
184 187 0 0
186 187 0 0
19 188 0 0
36 188 0 0
37 188 0 0
38 188 0 0
39 188 0 0
42 188 0 0
45 188 0 0
46 188 0 0
52 188 0 0
53 188 0 0
54 188 0 0
55 188 0 0
58 188 0 0
59 188 0 0
60 188 0 0
66 188 0 0
68 188 0 0
69 188 0 0
72 188 0 0
73 188 0 0
74 188 0 0
77 188 0 0
78 188 0 0
84 188 0 0
86 188 0 0
88 188 0 0
89 188 0 0
90 188 0 0
93 188 0 0
94 188 0 0
95 188 0 0
99 188 0 0
100 188 0 0
103 188 0 0
172 188 0 0
181 188 0 0
183 188 0 0
13 189 0 0
14 189 0 0
15 189 0 0
19 189 0 0
20 189 0 0
28 189 0 0
30 189 0 0
37 189 0 0
41 189 0 0
45 189 0 0
46 189 0 0
47 189 0 0
53 189 0 0
54 189 0 0
56 189 0 0
58 189 0 0
59 189 0 0
60 189 0 0
61 189 0 0
64 189 0 0
70 189 0 0
73 189 0 0
74 189 0 0
75 189 0 0
82 189 0 0
83 189 0 0
84 189 0 0
85 189 0 0
86 189 0 0
89 189 0 0
90 189 0 0
91 189 0 0
181 189 0 0
183 189 0 0
185 189 0 0
188 189 0 0
1 190 0 0
12 190 0 0
16 190 0 0
17 190 0 0
18 190 0 0
29 190 0 0
33 190 0 0
34 190 0 0
35 190 0 0
36 190 0 0
39 190 0 0
40 190 0 0
42 190 0 0
43 190 0 0
44 190 0 0
49 190 0 0
50 190 0 0
51 190 0 0
55 190 0 0
63 190 0 0
65 190 0 0
68 190 0 0
69 190 0 0
71 190 0 0
76 190 0 0
79 190 0 0
80 190 0 0
87 190 0 0
88 190 0 0
92 190 0 0
94 190 0 0
95 190 0 0
96 190 0 0
97 190 0 0
98 190 0 0
102 190 0 0
173 190 0 0
182 190 0 0
184 190 0 0
186 190 0 0
187 190 0 0
17 191 0 0
18 191 0 0
34 191 0 0
35 191 0 0
36 191 0 0
37 191 0 0
38 191 0 0
39 191 0 0
40 191 0 0
42 191 0 0
43 191 0 0
51 191 0 0
52 191 0 0
53 191 0 0
55 191 0 0
65 191 0 0
66 191 0 0
68 191 0 0
69 191 0 0
71 191 0 0
72 191 0 0
77 191 0 0
78 191 0 0
79 191 0 0
80 191 0 0
86 191 0 0
87 191 0 0
88 191 0 0
93 191 0 0
94 191 0 0
95 191 0 0
97 191 0 0
98 191 0 0
99 191 0 0
100 191 0 0
103 191 0 0
171 191 0 0
173 191 0 0
181 191 0 0
183 191 0 0
184 191 0 0
188 191 0 0
190 191 0 0
1 192 0 0
12 192 0 0
16 192 0 0
17 192 0 0
32 192 0 0
33 192 0 0
34 192 0 0
35 192 0 0
36 192 0 0
39 192 0 0
40 192 0 0
43 192 0 0
44 192 0 0
48 192 0 0
49 192 0 0
50 192 0 0
51 192 0 0
63 192 0 0
65 192 0 0
67 192 0 0
68 192 0 0
71 192 0 0
76 192 0 0
79 192 0 0
80 192 0 0
81 192 0 0
87 192 0 0
92 192 0 0
95 192 0 0
96 192 0 0
97 192 0 0
98 192 0 0
101 192 0 0
102 192 0 0
173 192 0 0
180 192 0 0
182 192 0 0
184 192 0 0
186 192 0 0
187 192 0 0
190 192 0 0
191 192 0 0
18 193 0 0
34 193 0 0
35 193 0 0
36 193 0 0
37 193 0 0
38 193 0 0
39 193 0 0
40 193 0 0
42 193 0 0
43 193 0 0
52 193 0 0
53 193 0 0
55 193 0 0
59 193 0 0
66 193 0 0
68 193 0 0
69 193 0 0
71 193 0 0
72 193 0 0
73 193 0 0
77 193 0 0
78 193 0 0
80 193 0 0
84 193 0 0
86 193 0 0
87 193 0 0
88 193 0 0
93 193 0 0
94 193 0 0
95 193 0 0
97 193 0 0
98 193 0 0
99 193 0 0
100 193 0 0
103 193 0 0
171 193 0 0
172 193 0 0
173 193 0 0
176 193 0 0
181 193 0 0
183 193 0 0
188 193 0 0
190 193 0 0
191 193 0 0
192 193 0 0
19 194 0 0
36 194 0 0
37 194 0 0
38 194 0 0
42 194 0 0
45 194 0 0
46 194 0 0
47 194 0 0
52 194 0 0
53 194 0 0
54 194 0 0
55 194 0 0
56 194 0 0
58 194 0 0
59 194 0 0
60 194 0 0
66 194 0 0
69 194 0 0
72 194 0 0
73 194 0 0
74 194 0 0
77 194 0 0
78 194 0 0
82 194 0 0
84 194 0 0
86 194 0 0
88 194 0 0
89 194 0 0
90 194 0 0
91 194 0 0
93 194 0 0
94 194 0 0
99 194 0 0
100 194 0 0
103 194 0 0
172 194 0 0
181 194 0 0
183 194 0 0
188 194 0 0
189 194 0 0
191 194 0 0
193 194 0 0
1 195 0 1
3 195 0 1
7 195 0 1
8 195 0 1
9 195 0 1
10 195 0 1
11 195 0 1
12 195 0 1
13 195 0 1
16 195 0 1
17 195 0 1
18 195 0 1
19 195 0 1
20 195 0 1
21 195 0 1
23 195 0 1
25 195 0 1
27 195 0 1
29 195 0 1
34 195 0 1
35 195 0 1
36 195 0 1
37 195 0 1
38 195 0 1
39 195 0 1
40 195 0 1
42 195 0 1
43 195 0 1
45 195 0 1
51 195 0 1
52 195 0 1
53 195 0 1
54 195 0 1
55 195 0 1
58 195 0 1
59 195 0 1
60 195 0 1
65 195 0 1
66 195 0 1
69 195 0 1
77 195 0 1
181 195 0 1
183 195 0 1
188 195 0 1
191 195 0 1
193 195 0 1
194 195 0 1
120 196 0 1
121 196 0 1
122 196 0 1
125 196 0 1
127 196 0 1
129 196 0 1
142 196 0 1
143 196 0 1
145 196 0 1
146 196 0 1
150 196 0 1
157 196 0 1
159 196 0 1
167 196 0 1
168 196 0 1
9 197 0 1
11 197 0 1
18 197 0 1
19 197 0 1
23 197 0 1
27 197 0 1
59 197 0 1
60 197 0 1
2 198 0 1
9 198 0 1
10 198 0 1
13 198 0 1
19 198 0 1
20 198 0 1
23 198 0 1
24 198 0 1
27 198 0 1
28 198 0 1
56 198 0 1
58 198 0 1
59 198 0 1
60 198 0 1
2 199 0 1
9 199 0 1
10 199 0 1
13 199 0 1
14 199 0 1
15 199 0 1
20 199 0 1
22 199 0 1
23 199 0 1
24 199 0 1
26 199 0 1
28 199 0 1
56 199 0 1
58 199 0 1
61 199 0 1
64 199 0 1
2 200 0 1
10 200 0 1
13 200 0 1
14 200 0 1
15 200 0 1
20 200 0 1
22 200 0 1
23 200 0 1
24 200 0 1
26 200 0 1
28 200 0 1
56 200 0 1
61 200 0 1
64 200 0 1
2 201 0 1
9 201 0 1
10 201 0 1
13 201 0 1
14 201 0 1
15 201 0 1
20 201 0 1
22 201 0 1
23 201 0 1
24 201 0 1
26 201 0 1
28 201 0 1
41 201 0 1
56 201 0 1
58 201 0 1
61 201 0 1
64 201 0 1
2 202 0 1
9 202 0 1
10 202 0 1
13 202 0 1
14 202 0 1
15 202 0 1
19 202 0 1
20 202 0 1
22 202 0 1
23 202 0 1
24 202 0 1
28 202 0 1
45 202 0 1
56 202 0 1
58 202 0 1
59 202 0 1
60 202 0 1
2 203 0 1
9 203 0 1
10 203 0 1
13 203 0 1
14 203 0 1
15 203 0 1
19 203 0 1
20 203 0 1
22 203 0 1
23 203 0 1
24 203 0 1
26 203 0 1
28 203 0 1
30 203 0 1
41 203 0 1
46 203 0 1
47 203 0 1
56 203 0 1
58 203 0 1
60 203 0 1
61 203 0 1
64 203 0 1
1 204 0 1
3 204 0 1
4 204 0 1
5 204 0 1
7 204 0 1
8 204 0 1
11 204 0 1
12 204 0 1
16 204 0 1
17 204 0 1
21 204 0 1
25 204 0 1
29 204 0 1
32 204 0 1
33 204 0 1
34 204 0 1
35 204 0 1
43 204 0 1
44 204 0 1
48 204 0 1
49 204 0 1
50 204 0 1
51 204 0 1
57 204 0 1
62 204 0 1
63 204 0 1
65 204 0 1
67 204 0 1
2 205 0 1
9 205 0 1
10 205 0 1
13 205 0 1
14 205 0 1
15 205 0 1
19 205 0 1
20 205 0 1
22 205 0 1
23 205 0 1
24 205 0 1
26 205 0 1
28 205 0 1
30 205 0 1
41 205 0 1
45 205 0 1
46 205 0 1
47 205 0 1
53 205 0 1
54 205 0 1
56 205 0 1
58 205 0 1
59 205 0 1
60 205 0 1
61 205 0 1
64 205 0 1
66 205 0 1
2 206 0 1
9 206 0 1
10 206 0 1
13 206 0 1
14 206 0 1
15 206 0 1
19 206 0 1
20 206 0 1
22 206 0 1
23 206 0 1
24 206 0 1
28 206 0 1
41 206 0 1
42 206 0 1
45 206 0 1
46 206 0 1
47 206 0 1
52 206 0 1
53 206 0 1
54 206 0 1
56 206 0 1
58 206 0 1
59 206 0 1
60 206 0 1
64 206 0 1
66 206 0 1
1 207 0 1
3 207 0 1
4 207 0 1
7 207 0 1
8 207 0 1
11 207 0 1
12 207 0 1
16 207 0 1
17 207 0 1
18 207 0 1
21 207 0 1
25 207 0 1
27 207 0 1
29 207 0 1
34 207 0 1
35 207 0 1
36 207 0 1
39 207 0 1
40 207 0 1
42 207 0 1
43 207 0 1
50 207 0 1
51 207 0 1
55 207 0 1
65 207 0 1
9 208 0 1
13 208 0 1
18 208 0 1
19 208 0 1
20 208 0 1
23 208 0 1
27 208 0 1
36 208 0 1
37 208 0 1
38 208 0 1
42 208 0 1
45 208 0 1
46 208 0 1
52 208 0 1
53 208 0 1
54 208 0 1
55 208 0 1
58 208 0 1
59 208 0 1
60 208 0 1
66 208 0 1
183 208 0 1
1 209 0 1
3 209 0 1
4 209 0 1
5 209 0 1
7 209 0 1
8 209 0 1
11 209 0 1
12 209 0 1
16 209 0 1
17 209 0 1
18 209 0 1
21 209 0 1
25 209 0 1
27 209 0 1
29 209 0 1
43 209 0 1
65 209 0 1
1 210 0 1
3 210 0 1
4 210 0 1
5 210 0 1
7 210 0 1
8 210 0 1
11 210 0 1
12 210 0 1
16 210 0 1
17 210 0 1
18 210 0 1
21 210 0 1
25 210 0 1
29 210 0 1
43 210 0 1
44 210 0 1
50 210 0 1
51 210 0 1
57 210 0 1
62 210 0 1
63 210 0 1
65 210 0 1
67 210 0 1
1 211 0 1
3 211 0 1
4 211 0 1
7 211 0 1
8 211 0 1
11 211 0 1
12 211 0 1
16 211 0 1
17 211 0 1
18 211 0 1
21 211 0 1
25 211 0 1
27 211 0 1
29 211 0 1
43 211 0 1
51 211 0 1
65 211 0 1
2 212 0 1
9 212 0 1
10 212 0 1
13 212 0 1
15 212 0 1
19 212 0 1
20 212 0 1
23 212 0 1
24 212 0 1
27 212 0 1
28 212 0 1
42 212 0 1
45 212 0 1
46 212 0 1
47 212 0 1
52 212 0 1
53 212 0 1
54 212 0 1
56 212 0 1
58 212 0 1
59 212 0 1
60 212 0 1
66 212 0 1
2 213 0 1
9 213 0 1
10 213 0 1
13 213 0 1
18 213 0 1
19 213 0 1
20 213 0 1
23 213 0 1
27 213 0 1
28 213 0 1
37 213 0 1
42 213 0 1
45 213 0 1
46 213 0 1
52 213 0 1
53 213 0 1
54 213 0 1
55 213 0 1
58 213 0 1
59 213 0 1
60 213 0 1
66 213 0 1
1 214 0 1
4 214 0 1
5 214 0 1
6 214 0 1
12 214 0 1
16 214 0 1
21 214 0 1
25 214 0 1
31 214 0 1
32 214 0 1
33 214 0 1
44 214 0 1
48 214 0 1
49 214 0 1
50 214 0 1
51 214 0 1
57 214 0 1
62 214 0 1
63 214 0 1
65 214 0 1
67 214 0 1
180 214 0 1
182 214 0 1
184 214 0 1
186 214 0 1
187 214 0 1
2 215 0 1
10 215 0 1
13 215 0 1
14 215 0 1
15 215 0 1
20 215 0 1
22 215 0 1
23 215 0 1
24 215 0 1
26 215 0 1
28 215 0 1
30 215 0 1
41 215 0 1
46 215 0 1
47 215 0 1
54 215 0 1
56 215 0 1
58 215 0 1
60 215 0 1
61 215 0 1
64 215 0 1
75 215 0 1
83 215 0 1
185 215 0 1
189 215 0 1
9 216 0 1
13 216 0 1
18 216 0 1
19 216 0 1
20 216 0 1
23 216 0 1
27 216 0 1
28 216 0 1
36 216 0 1
37 216 0 1
38 216 0 1
42 216 0 1
45 216 0 1
46 216 0 1
52 216 0 1
53 216 0 1
54 216 0 1
55 216 0 1
56 216 0 1
58 216 0 1
59 216 0 1
60 216 0 1
66 216 0 1
69 216 0 1
77 216 0 1
181 216 0 1
183 216 0 1
188 216 0 1
189 216 0 1
191 216 0 1
193 216 0 1
194 216 0 1
1 217 0 1
3 217 0 1
4 217 0 1
5 217 0 1
7 217 0 1
8 217 0 1
11 217 0 1
12 217 0 1
16 217 0 1
17 217 0 1
18 217 0 1
21 217 0 1
25 217 0 1
29 217 0 1
31 217 0 1
32 217 0 1
33 217 0 1
34 217 0 1
35 217 0 1
40 217 0 1
43 217 0 1
44 217 0 1
48 217 0 1
49 217 0 1
50 217 0 1
51 217 0 1
57 217 0 1
62 217 0 1
63 217 0 1
65 217 0 1
67 217 0 1
76 217 0 1
79 217 0 1
80 217 0 1
180 217 0 1
182 217 0 1
184 217 0 1
186 217 0 1
187 217 0 1
190 217 0 1
192 217 0 1
1 218 0 1
3 218 0 1
7 218 0 1
8 218 0 1
11 218 0 1
12 218 0 1
16 218 0 1
17 218 0 1
18 218 0 1
21 218 0 1
25 218 0 1
27 218 0 1
29 218 0 1
34 218 0 1
35 218 0 1
36 218 0 1
38 218 0 1
39 218 0 1
40 218 0 1
42 218 0 1
43 218 0 1
50 218 0 1
51 218 0 1
52 218 0 1
55 218 0 1
65 218 0 1
68 218 0 1
80 218 0 1
184 218 0 1
190 218 0 1
191 218 0 1
192 218 0 1
193 218 0 1
3 219 0 1
8 219 0 1
11 219 0 1
12 219 0 1
16 219 0 1
17 219 0 1
18 219 0 1
21 219 0 1
25 219 0 1
27 219 0 1
29 219 0 1
34 219 0 1
35 219 0 1
36 219 0 1
37 219 0 1
38 219 0 1
39 219 0 1
40 219 0 1
42 219 0 1
43 219 0 1
51 219 0 1
52 219 0 1
53 219 0 1
55 219 0 1
59 219 0 1
65 219 0 1
66 219 0 1
68 219 0 1
69 219 0 1
183 219 0 1
184 219 0 1
188 219 0 1
190 219 0 1
191 219 0 1
193 219 0 1
8 220 0 1
9 220 0 1
11 220 0 1
17 220 0 1
18 220 0 1
19 220 0 1
27 220 0 1
29 220 0 1
34 220 0 1
35 220 0 1
36 220 0 1
37 220 0 1
38 220 0 1
39 220 0 1
40 220 0 1
42 220 0 1
43 220 0 1
52 220 0 1
53 220 0 1
55 220 0 1
59 220 0 1
60 220 0 1
66 220 0 1
68 220 0 1
69 220 0 1
181 220 0 1
183 220 0 1
188 220 0 1
190 220 0 1
191 220 0 1
193 220 0 1
1 221 0 1
3 221 0 1
7 221 0 1
8 221 0 1
11 221 0 1
12 221 0 1
16 221 0 1
17 221 0 1
18 221 0 1
21 221 0 1
25 221 0 1
27 221 0 1
29 221 0 1
33 221 0 1
34 221 0 1
35 221 0 1
36 221 0 1
38 221 0 1
39 221 0 1
40 221 0 1
42 221 0 1
43 221 0 1
44 221 0 1
49 221 0 1
50 221 0 1
51 221 0 1
55 221 0 1
63 221 0 1
65 221 0 1
67 221 0 1
68 221 0 1
79 221 0 1
80 221 0 1
184 221 0 1
187 221 0 1
190 221 0 1
191 221 0 1
192 221 0 1
193 221 0 1
8 222 0 1
11 222 0 1
12 222 0 1
17 222 0 1
18 222 0 1
21 222 0 1
27 222 0 1
29 222 0 1
34 222 0 1
35 222 0 1
36 222 0 1
37 222 0 1
38 222 0 1
39 222 0 1
40 222 0 1
42 222 0 1
43 222 0 1
51 222 0 1
52 222 0 1
53 222 0 1
55 222 0 1
59 222 0 1
65 222 0 1
66 222 0 1
68 222 0 1
69 222 0 1
77 222 0 1
181 222 0 1
183 222 0 1
188 222 0 1
190 222 0 1
191 222 0 1
193 222 0 1
1 223 0 1
12 223 0 1
16 223 0 1
17 223 0 1
21 223 0 1
25 223 0 1
29 223 0 1
31 223 0 1
32 223 0 1
33 223 0 1
34 223 0 1
35 223 0 1
39 223 0 1
40 223 0 1
43 223 0 1
44 223 0 1
48 223 0 1
49 223 0 1
50 223 0 1
51 223 0 1
57 223 0 1
62 223 0 1
63 223 0 1
65 223 0 1
67 223 0 1
68 223 0 1
71 223 0 1
76 223 0 1
79 223 0 1
80 223 0 1
81 223 0 1
87 223 0 1
92 223 0 1
96 223 0 1
97 223 0 1
98 223 0 1
102 223 0 1
180 223 0 1
182 223 0 1
184 223 0 1
186 223 0 1
187 223 0 1
190 223 0 1
192 223 0 1
17 224 0 1
18 224 0 1
19 224 0 1
27 224 0 1
35 224 0 1
36 224 0 1
37 224 0 1
38 224 0 1
39 224 0 1
40 224 0 1
42 224 0 1
43 224 0 1
45 224 0 1
52 224 0 1
53 224 0 1
55 224 0 1
59 224 0 1
60 224 0 1
66 224 0 1
68 224 0 1
69 224 0 1
72 224 0 1
73 224 0 1
77 224 0 1
78 224 0 1
84 224 0 1
86 224 0 1
88 224 0 1
93 224 0 1
94 224 0 1
95 224 0 1
99 224 0 1
100 224 0 1
103 224 0 1
181 224 0 1
183 224 0 1
188 224 0 1
190 224 0 1
191 224 0 1
193 224 0 1
194 224 0 1
13 225 0 1
19 225 0 1
20 225 0 1
28 225 0 1
36 225 0 1
37 225 0 1
38 225 0 1
42 225 0 1
45 225 0 1
46 225 0 1
47 225 0 1
52 225 0 1
53 225 0 1
54 225 0 1
55 225 0 1
56 225 0 1
58 225 0 1
59 225 0 1
60 225 0 1
66 225 0 1
69 225 0 1
72 225 0 1
73 225 0 1
74 225 0 1
77 225 0 1
78 225 0 1
84 225 0 1
86 225 0 1
88 225 0 1
89 225 0 1
90 225 0 1
93 225 0 1
94 225 0 1
99 225 0 1
100 225 0 1
181 225 0 1
183 225 0 1
188 225 0 1
189 225 0 1
191 225 0 1
193 225 0 1
194 225 0 1
12 226 0 1
17 226 0 1
18 226 0 1
27 226 0 1
29 226 0 1
34 226 0 1
35 226 0 1
36 226 0 1
37 226 0 1
38 226 0 1
39 226 0 1
40 226 0 1
42 226 0 1
43 226 0 1
51 226 0 1
52 226 0 1
53 226 0 1
55 226 0 1
59 226 0 1
65 226 0 1
66 226 0 1
68 226 0 1
69 226 0 1
71 226 0 1
72 226 0 1
77 226 0 1
78 226 0 1
80 226 0 1
86 226 0 1
87 226 0 1
88 226 0 1
94 226 0 1
95 226 0 1
98 226 0 1
181 226 0 1
183 226 0 1
184 226 0 1
188 226 0 1
190 226 0 1
191 226 0 1
192 226 0 1
193 226 0 1
1 227 0 1
12 227 0 1
16 227 0 1
31 227 0 1
32 227 0 1
33 227 0 1
34 227 0 1
35 227 0 1
40 227 0 1
43 227 0 1
44 227 0 1
48 227 0 1
49 227 0 1
50 227 0 1
51 227 0 1
57 227 0 1
62 227 0 1
63 227 0 1
65 227 0 1
67 227 0 1
71 227 0 1
76 227 0 1
79 227 0 1
80 227 0 1
81 227 0 1
87 227 0 1
92 227 0 1
96 227 0 1
97 227 0 1
98 227 0 1
101 227 0 1
102 227 0 1
180 227 0 1
182 227 0 1
184 227 0 1
186 227 0 1
187 227 0 1
190 227 0 1
192 227 0 1
12 228 0 1
16 228 0 1
17 228 0 1
18 228 0 1
29 228 0 1
34 228 0 1
35 228 0 1
36 228 0 1
37 228 0 1
38 228 0 1
39 228 0 1
40 228 0 1
42 228 0 1
43 228 0 1
50 228 0 1
51 228 0 1
52 228 0 1
55 228 0 1
65 228 0 1
66 228 0 1
68 228 0 1
69 228 0 1
71 228 0 1
72 228 0 1
77 228 0 1
78 228 0 1
79 228 0 1
80 228 0 1
87 228 0 1
88 228 0 1
94 228 0 1
95 228 0 1
97 228 0 1
98 228 0 1
99 228 0 1
173 228 0 1
183 228 0 1
184 228 0 1
188 228 0 1
190 228 0 1
191 228 0 1
192 228 0 1
193 228 0 1
1 229 0 1
7 229 0 1
8 229 0 1
11 229 0 1
12 229 0 1
16 229 0 1
17 229 0 1
18 229 0 1
21 229 0 1
25 229 0 1
29 229 0 1
31 229 0 1
32 229 0 1
33 229 0 1
34 229 0 1
35 229 0 1
39 229 0 1
40 229 0 1
43 229 0 1
44 229 0 1
48 229 0 1
49 229 0 1
50 229 0 1
51 229 0 1
57 229 0 1
62 229 0 1
63 229 0 1
65 229 0 1
67 229 0 1
76 229 0 1
79 229 0 1
80 229 0 1
180 229 0 1
182 229 0 1
184 229 0 1
186 229 0 1
187 229 0 1
190 229 0 1
192 229 0 1
9 230 0 1
10 230 0 1
13 230 0 1
15 230 0 1
19 230 0 1
20 230 0 1
23 230 0 1
24 230 0 1
28 230 0 1
37 230 0 1
38 230 0 1
41 230 0 1
42 230 0 1
45 230 0 1
46 230 0 1
47 230 0 1
52 230 0 1
53 230 0 1
54 230 0 1
55 230 0 1
56 230 0 1
58 230 0 1
59 230 0 1
60 230 0 1
64 230 0 1
66 230 0 1
69 230 0 1
77 230 0 1
78 230 0 1
84 230 0 1
181 230 0 1
183 230 0 1
188 230 0 1
189 230 0 1
193 230 0 1
194 230 0 1
1 231 0 1
8 231 0 1
11 231 0 1
12 231 0 1
16 231 0 1
17 231 0 1
18 231 0 1
21 231 0 1
25 231 0 1
27 231 0 1
29 231 0 1
34 231 0 1
35 231 0 1
36 231 0 1
38 231 0 1
39 231 0 1
40 231 0 1
42 231 0 1
43 231 0 1
44 231 0 1
50 231 0 1
51 231 0 1
52 231 0 1
55 231 0 1
65 231 0 1
66 231 0 1
68 231 0 1
69 231 0 1
79 231 0 1
80 231 0 1
183 231 0 1
184 231 0 1
190 231 0 1
191 231 0 1
192 231 0 1
193 231 0 1
10 232 0 1
13 232 0 1
14 232 0 1
15 232 0 1
19 232 0 1
20 232 0 1
22 232 0 1
23 232 0 1
24 232 0 1
26 232 0 1
28 232 0 1
30 232 0 1
41 232 0 1
45 232 0 1
46 232 0 1
47 232 0 1
54 232 0 1
56 232 0 1
58 232 0 1
60 232 0 1
61 232 0 1
64 232 0 1
75 232 0 1
82 232 0 1
83 232 0 1
85 232 0 1
91 232 0 1
185 232 0 1
189 232 0 1
2 233 0 1
9 233 0 1
10 233 0 1
13 233 0 1
14 233 0 1
15 233 0 1
19 233 0 1
20 233 0 1
22 233 0 1
23 233 0 1
24 233 0 1
26 233 0 1
28 233 0 1
30 233 0 1
37 233 0 1
41 233 0 1
45 233 0 1
46 233 0 1
47 233 0 1
53 233 0 1
54 233 0 1
56 233 0 1
58 233 0 1
59 233 0 1
60 233 0 1
61 233 0 1
64 233 0 1
66 233 0 1
75 233 0 1
82 233 0 1
181 233 0 1
185 233 0 1
189 233 0 1
194 233 0 1
9 234 0 1
10 234 0 1
13 234 0 1
14 234 0 1
15 234 0 1
19 234 0 1
20 234 0 1
22 234 0 1
23 234 0 1
24 234 0 1
28 234 0 1
30 234 0 1
37 234 0 1
38 234 0 1
41 234 0 1
42 234 0 1
45 234 0 1
46 234 0 1
47 234 0 1
52 234 0 1
53 234 0 1
54 234 0 1
56 234 0 1
58 234 0 1
59 234 0 1
60 234 0 1
64 234 0 1
66 234 0 1
84 234 0 1
89 234 0 1
90 234 0 1
181 234 0 1
183 234 0 1
185 234 0 1
188 234 0 1
189 234 0 1
194 234 0 1
9 235 0 1
13 235 0 1
17 235 0 1
18 235 0 1
19 235 0 1
27 235 0 1
36 235 0 1
37 235 0 1
38 235 0 1
39 235 0 1
42 235 0 1
43 235 0 1
45 235 0 1
46 235 0 1
52 235 0 1
53 235 0 1
54 235 0 1
55 235 0 1
58 235 0 1
59 235 0 1
60 235 0 1
66 235 0 1
68 235 0 1
69 235 0 1
77 235 0 1
78 235 0 1
181 235 0 1
183 235 0 1
188 235 0 1
191 235 0 1
193 235 0 1
194 235 0 1
8 236 0 1
11 236 0 1
12 236 0 1
16 236 0 1
17 236 0 1
18 236 0 1
21 236 0 1
27 236 0 1
29 236 0 1
34 236 0 1
35 236 0 1
36 236 0 1
37 236 0 1
38 236 0 1
39 236 0 1
40 236 0 1
42 236 0 1
43 236 0 1
50 236 0 1
51 236 0 1
52 236 0 1
53 236 0 1
55 236 0 1
59 236 0 1
65 236 0 1
66 236 0 1
68 236 0 1
69 236 0 1
77 236 0 1
78 236 0 1
80 236 0 1
88 236 0 1
95 236 0 1
181 236 0 1
183 236 0 1
184 236 0 1
188 236 0 1
190 236 0 1
191 236 0 1
192 236 0 1
193 236 0 1
1 237 0 1
8 237 0 1
11 237 0 1
12 237 0 1
16 237 0 1
17 237 0 1
18 237 0 1
21 237 0 1
25 237 0 1
27 237 0 1
29 237 0 1
34 237 0 1
35 237 0 1
36 237 0 1
38 237 0 1
39 237 0 1
40 237 0 1
42 237 0 1
43 237 0 1
44 237 0 1
50 237 0 1
51 237 0 1
52 237 0 1
55 237 0 1
65 237 0 1
68 237 0 1
69 237 0 1
79 237 0 1
80 237 0 1
87 237 0 1
184 237 0 1
190 237 0 1
191 237 0 1
192 237 0 1
193 237 0 1
1 238 0 1
8 238 0 1
11 238 0 1
12 238 0 1
16 238 0 1
17 238 0 1
18 238 0 1
21 238 0 1
25 238 0 1
29 238 0 1
32 238 0 1
33 238 0 1
34 238 0 1
35 238 0 1
36 238 0 1
39 238 0 1
40 238 0 1
43 238 0 1
44 238 0 1
48 238 0 1
49 238 0 1
50 238 0 1
51 238 0 1
55 238 0 1
57 238 0 1
63 238 0 1
65 238 0 1
67 238 0 1
68 238 0 1
71 238 0 1
76 238 0 1
79 238 0 1
80 238 0 1
87 238 0 1
97 238 0 1
182 238 0 1
184 238 0 1
186 238 0 1
187 238 0 1
190 238 0 1
191 238 0 1
192 238 0 1
193 238 0 1
2 239 0 1
9 239 0 1
10 239 0 1
13 239 0 1
14 239 0 1
15 239 0 1
19 239 0 1
20 239 0 1
22 239 0 1
23 239 0 1
24 239 0 1
26 239 0 1
28 239 0 1
37 239 0 1
41 239 0 1
45 239 0 1
46 239 0 1
47 239 0 1
52 239 0 1
53 239 0 1
54 239 0 1
56 239 0 1
58 239 0 1
59 239 0 1
60 239 0 1
64 239 0 1
66 239 0 1
2 240 0 1
9 240 0 1
10 240 0 1
13 240 0 1
14 240 0 1
15 240 0 1
19 240 0 1
20 240 0 1
22 240 0 1
23 240 0 1
24 240 0 1
28 240 0 1
37 240 0 1
41 240 0 1
42 240 0 1
45 240 0 1
46 240 0 1
47 240 0 1
52 240 0 1
53 240 0 1
54 240 0 1
56 240 0 1
58 240 0 1
59 240 0 1
60 240 0 1
64 240 0 1
66 240 0 1
181 240 0 1
183 240 0 1
189 240 0 1
2 241 0 1
9 241 0 1
10 241 0 1
13 241 0 1
14 241 0 1
15 241 0 1
19 241 0 1
20 241 0 1
23 241 0 1
24 241 0 1
27 241 0 1
28 241 0 1
37 241 0 1
38 241 0 1
42 241 0 1
45 241 0 1
46 241 0 1
47 241 0 1
52 241 0 1
53 241 0 1
54 241 0 1
55 241 0 1
56 241 0 1
58 241 0 1
59 241 0 1
60 241 0 1
64 241 0 1
66 241 0 1
181 241 0 1
183 241 0 1
188 241 0 1
194 241 0 1
1 242 0 1
3 242 0 1
4 242 0 1
7 242 0 1
8 242 0 1
11 242 0 1
12 242 0 1
16 242 0 1
17 242 0 1
18 242 0 1
21 242 0 1
25 242 0 1
27 242 0 1
29 242 0 1
34 242 0 1
35 242 0 1
36 242 0 1
39 242 0 1
40 242 0 1
43 242 0 1
44 242 0 1
50 242 0 1
51 242 0 1
55 242 0 1
63 242 0 1
65 242 0 1
184 242 0 1
190 242 0 1
2 243 0 1
9 243 0 1
10 243 0 1
13 243 0 1
19 243 0 1
20 243 0 1
23 243 0 1
27 243 0 1
28 243 0 1
37 243 0 1
38 243 0 1
42 243 0 1
45 243 0 1
46 243 0 1
52 243 0 1
53 243 0 1
54 243 0 1
55 243 0 1
56 243 0 1
58 243 0 1
59 243 0 1
60 243 0 1
66 243 0 1
181 243 0 1
183 243 0 1
8 244 0 1
9 244 0 1
11 244 0 1
17 244 0 1
18 244 0 1
19 244 0 1
27 244 0 1
29 244 0 1
35 244 0 1
36 244 0 1
37 244 0 1
38 244 0 1
39 244 0 1
40 244 0 1
42 244 0 1
43 244 0 1
45 244 0 1
52 244 0 1
53 244 0 1
55 244 0 1
59 244 0 1
60 244 0 1
66 244 0 1
69 244 0 1
181 244 0 1
183 244 0 1
188 244 0 1
191 244 0 1
193 244 0 1
1 245 0 1
3 245 0 1
4 245 0 1
5 245 0 1
7 245 0 1
8 245 0 1
11 245 0 1
12 245 0 1
16 245 0 1
17 245 0 1
18 245 0 1
21 245 0 1
25 245 0 1
29 245 0 1
32 245 0 1
33 245 0 1
34 245 0 1
35 245 0 1
39 245 0 1
40 245 0 1
43 245 0 1
44 245 0 1
48 245 0 1
49 245 0 1
50 245 0 1
51 245 0 1
57 245 0 1
62 245 0 1
63 245 0 1
65 245 0 1
67 245 0 1
182 245 0 1
184 245 0 1
187 245 0 1
190 245 0 1
192 245 0 1
1 246 0 1
3 246 0 1
4 246 0 1
5 246 0 1
7 246 0 1
8 246 0 1
11 246 0 1
12 246 0 1
16 246 0 1
17 246 0 1
18 246 0 1
21 246 0 1
25 246 0 1
27 246 0 1
29 246 0 1
33 246 0 1
34 246 0 1
35 246 0 1
36 246 0 1
39 246 0 1
40 246 0 1
43 246 0 1
44 246 0 1
49 246 0 1
50 246 0 1
51 246 0 1
55 246 0 1
57 246 0 1
63 246 0 1
65 246 0 1
67 246 0 1
80 246 0 1
184 246 0 1
190 246 0 1
191 246 0 1
192 246 0 1
1 247 0 1
3 247 0 1
7 247 0 1
8 247 0 1
11 247 0 1
12 247 0 1
16 247 0 1
17 247 0 1
18 247 0 1
21 247 0 1
25 247 0 1
27 247 0 1
29 247 0 1
34 247 0 1
35 247 0 1
36 247 0 1
38 247 0 1
39 247 0 1
40 247 0 1
42 247 0 1
43 247 0 1
50 247 0 1
51 247 0 1
52 247 0 1
55 247 0 1
65 247 0 1
66 247 0 1
68 247 0 1
184 247 0 1
190 247 0 1
191 247 0 1
193 247 0 1
30 248 0 1
41 248 0 1
70 248 0 1
74 248 0 1
75 248 0 1
82 248 0 1
83 248 0 1
85 248 0 1
90 248 0 1
91 248 0 1
106 248 0 1
108 248 0 1
115 248 0 1
116 248 0 1
132 248 0 1
175 248 0 1
185 248 0 1
189 248 0 1
30 249 0 1
41 249 0 1
70 249 0 1
74 249 0 1
75 249 0 1
82 249 0 1
83 249 0 1
85 249 0 1
89 249 0 1
90 249 0 1
91 249 0 1
106 249 0 1
108 249 0 1
115 249 0 1
116 249 0 1
118 249 0 1
132 249 0 1
175 249 0 1
185 249 0 1
189 249 0 1
32 250 0 1
33 250 0 1
34 250 0 1
50 250 0 1
71 250 0 1
76 250 0 1
79 250 0 1
80 250 0 1
81 250 0 1
87 250 0 1
92 250 0 1
96 250 0 1
97 250 0 1
98 250 0 1
101 250 0 1
102 250 0 1
104 250 0 1
105 250 0 1
107 250 0 1
110 250 0 1
111 250 0 1
112 250 0 1
131 250 0 1
170 250 0 1
173 250 0 1
174 250 0 1
177 250 0 1
180 250 0 1
182 250 0 1
184 250 0 1
186 250 0 1
187 250 0 1
190 250 0 1
192 250 0 1
76 251 0 1
81 251 0 1
96 251 0 1
101 251 0 1
102 251 0 1
104 251 0 1
105 251 0 1
110 251 0 1
119 251 0 1
124 251 0 1
131 251 0 1
160 251 0 1
170 251 0 1
174 251 0 1
180 251 0 1
182 251 0 1
186 251 0 1
187 251 0 1
71 252 0 1
76 252 0 1
79 252 0 1
80 252 0 1
81 252 0 1
87 252 0 1
92 252 0 1
96 252 0 1
97 252 0 1
101 252 0 1
102 252 0 1
104 252 0 1
105 252 0 1
110 252 0 1
111 252 0 1
112 252 0 1
119 252 0 1
123 252 0 1
124 252 0 1
131 252 0 1
160 252 0 1
161 252 0 1
170 252 0 1
174 252 0 1
182 252 0 1
186 252 0 1
187 252 0 1
70 253 0 1
73 253 0 1
74 253 0 1
75 253 0 1
82 253 0 1
83 253 0 1
84 253 0 1
85 253 0 1
89 253 0 1
90 253 0 1
91 253 0 1
100 253 0 1
106 253 0 1
108 253 0 1
109 253 0 1
114 253 0 1
115 253 0 1
116 253 0 1
118 253 0 1
120 253 0 1
122 253 0 1
126 253 0 1
128 253 0 1
129 253 0 1
130 253 0 1
132 253 0 1
134 253 0 1
135 253 0 1
136 253 0 1
168 253 0 1
172 253 0 1
175 253 0 1
179 253 0 1
189 253 0 1
72 254 0 1
73 254 0 1
74 254 0 1
78 254 0 1
82 254 0 1
84 254 0 1
86 254 0 1
89 254 0 1
90 254 0 1
91 254 0 1
93 254 0 1
99 254 0 1
100 254 0 1
103 254 0 1
108 254 0 1
109 254 0 1
114 254 0 1
115 254 0 1
116 254 0 1
120 254 0 1
122 254 0 1
126 254 0 1
127 254 0 1
128 254 0 1
129 254 0 1
134 254 0 1
135 254 0 1
136 254 0 1
168 254 0 1
172 254 0 1
175 254 0 1
176 254 0 1
179 254 0 1
76 255 0 1
79 255 0 1
81 255 0 1
87 255 0 1
92 255 0 1
96 255 0 1
101 255 0 1
102 255 0 1
104 255 0 1
105 255 0 1
110 255 0 1
111 255 0 1
112 255 0 1
119 255 0 1
124 255 0 1
131 255 0 1
160 255 0 1
161 255 0 1
170 255 0 1
174 255 0 1
186 255 0 1
69 256 0 1
72 256 0 1
73 256 0 1
74 256 0 1
77 256 0 1
78 256 0 1
84 256 0 1
86 256 0 1
88 256 0 1
89 256 0 1
90 256 0 1
93 256 0 1
94 256 0 1
95 256 0 1
99 256 0 1
100 256 0 1
103 256 0 1
109 256 0 1
113 256 0 1
114 256 0 1
115 256 0 1
120 256 0 1
121 256 0 1
122 256 0 1
127 256 0 1
129 256 0 1
133 256 0 1
134 256 0 1
135 256 0 1
136 256 0 1
137 256 0 1
171 256 0 1
172 256 0 1
176 256 0 1
178 256 0 1
179 256 0 1
181 256 0 1
188 256 0 1
194 256 0 1
71 257 0 1
76 257 0 1
79 257 0 1
80 257 0 1
81 257 0 1
87 257 0 1
92 257 0 1
95 257 0 1
96 257 0 1
97 257 0 1
98 257 0 1
101 257 0 1
102 257 0 1
104 257 0 1
105 257 0 1
107 257 0 1
110 257 0 1
111 257 0 1
112 257 0 1
123 257 0 1
124 257 0 1
131 257 0 1
133 257 0 1
138 257 0 1
161 257 0 1
162 257 0 1
163 257 0 1
165 257 0 1
171 257 0 1
173 257 0 1
174 257 0 1
177 257 0 1
178 257 0 1
187 257 0 1
192 257 0 1
68 258 0 1
71 258 0 1
79 258 0 1
80 258 0 1
87 258 0 1
88 258 0 1
92 258 0 1
94 258 0 1
95 258 0 1
96 258 0 1
97 258 0 1
98 258 0 1
102 258 0 1
103 258 0 1
107 258 0 1
109 258 0 1
110 258 0 1
111 258 0 1
112 258 0 1
113 258 0 1
121 258 0 1
123 258 0 1
125 258 0 1
131 258 0 1
133 258 0 1
137 258 0 1
138 258 0 1
161 258 0 1
162 258 0 1
163 258 0 1
165 258 0 1
169 258 0 1
171 258 0 1
173 258 0 1
174 258 0 1
176 258 0 1
177 258 0 1
178 258 0 1
70 259 0 1
74 259 0 1
75 259 0 1
82 259 0 1
83 259 0 1
85 259 0 1
90 259 0 1
91 259 0 1
106 259 0 1
108 259 0 1
115 259 0 1
116 259 0 1
117 259 0 1
118 259 0 1
122 259 0 1
126 259 0 1
128 259 0 1
130 259 0 1
132 259 0 1
134 259 0 1
136 259 0 1
164 259 0 1
166 259 0 1
167 259 0 1
168 259 0 1
175 259 0 1
179 259 0 1
70 260 0 1
73 260 0 1
74 260 0 1
82 260 0 1
83 260 0 1
84 260 0 1
85 260 0 1
86 260 0 1
89 260 0 1
90 260 0 1
91 260 0 1
93 260 0 1
100 260 0 1
106 260 0 1
108 260 0 1
109 260 0 1
114 260 0 1
115 260 0 1
116 260 0 1
117 260 0 1
118 260 0 1
120 260 0 1
122 260 0 1
126 260 0 1
128 260 0 1
129 260 0 1
130 260 0 1
132 260 0 1
134 260 0 1
135 260 0 1
136 260 0 1
164 260 0 1
166 260 0 1
167 260 0 1
168 260 0 1
172 260 0 1
175 260 0 1
179 260 0 1
76 261 0 1
79 261 0 1
81 261 0 1
87 261 0 1
92 261 0 1
96 261 0 1
97 261 0 1
101 261 0 1
102 261 0 1
104 261 0 1
105 261 0 1
107 261 0 1
110 261 0 1
111 261 0 1
112 261 0 1
119 261 0 1
123 261 0 1
124 261 0 1
131 261 0 1
160 261 0 1
161 261 0 1
162 261 0 1
165 261 0 1
170 261 0 1
174 261 0 1
71 262 0 1
76 262 0 1
79 262 0 1
81 262 0 1
87 262 0 1
92 262 0 1
96 262 0 1
97 262 0 1
98 262 0 1
101 262 0 1
102 262 0 1
104 262 0 1
105 262 0 1
107 262 0 1
110 262 0 1
111 262 0 1
112 262 0 1
119 262 0 1
123 262 0 1
124 262 0 1
131 262 0 1
154 262 0 1
160 262 0 1
161 262 0 1
162 262 0 1
163 262 0 1
165 262 0 1
169 262 0 1
170 262 0 1
173 262 0 1
174 262 0 1
177 262 0 1
71 263 0 1
76 263 0 1
79 263 0 1
80 263 0 1
87 263 0 1
92 263 0 1
94 263 0 1
95 263 0 1
96 263 0 1
97 263 0 1
98 263 0 1
101 263 0 1
102 263 0 1
105 263 0 1
107 263 0 1
110 263 0 1
111 263 0 1
112 263 0 1
113 263 0 1
121 263 0 1
123 263 0 1
124 263 0 1
125 263 0 1
131 263 0 1
133 263 0 1
137 263 0 1
138 263 0 1
161 263 0 1
162 263 0 1
163 263 0 1
165 263 0 1
169 263 0 1
171 263 0 1
173 263 0 1
174 263 0 1
176 263 0 1
177 263 0 1
178 263 0 1
72 264 0 1
73 264 0 1
74 264 0 1
77 264 0 1
78 264 0 1
84 264 0 1
86 264 0 1
88 264 0 1
89 264 0 1
90 264 0 1
93 264 0 1
94 264 0 1
95 264 0 1
99 264 0 1
100 264 0 1
103 264 0 1
109 264 0 1
113 264 0 1
114 264 0 1
115 264 0 1
120 264 0 1
121 264 0 1
122 264 0 1
125 264 0 1
127 264 0 1
129 264 0 1
133 264 0 1
134 264 0 1
135 264 0 1
136 264 0 1
137 264 0 1
138 264 0 1
171 264 0 1
172 264 0 1
176 264 0 1
178 264 0 1
179 264 0 1
41 265 0 1
70 265 0 1
74 265 0 1
75 265 0 1
82 265 0 1
83 265 0 1
85 265 0 1
89 265 0 1
90 265 0 1
91 265 0 1
106 265 0 1
108 265 0 1
115 265 0 1
116 265 0 1
118 265 0 1
132 265 0 1
134 265 0 1
136 265 0 1
175 265 0 1
179 265 0 1
185 265 0 1
189 265 0 1
71 266 0 1
76 266 0 1
79 266 0 1
80 266 0 1
81 266 0 1
87 266 0 1
92 266 0 1
96 266 0 1
97 266 0 1
101 266 0 1
102 266 0 1
104 266 0 1
105 266 0 1
110 266 0 1
111 266 0 1
112 266 0 1
119 266 0 1
124 266 0 1
131 266 0 1
170 266 0 1
173 266 0 1
174 266 0 1
180 266 0 1
182 266 0 1
186 266 0 1
187 266 0 1
192 266 0 1
70 267 0 1
73 267 0 1
74 267 0 1
75 267 0 1
82 267 0 1
83 267 0 1
84 267 0 1
85 267 0 1
89 267 0 1
90 267 0 1
91 267 0 1
106 267 0 1
108 267 0 1
114 267 0 1
115 267 0 1
116 267 0 1
118 267 0 1
122 267 0 1
128 267 0 1
132 267 0 1
134 267 0 1
135 267 0 1
136 267 0 1
172 267 0 1
175 267 0 1
179 267 0 1
185 267 0 1
189 267 0 1
194 267 0 1
34 268 0 1
40 268 0 1
68 268 0 1
71 268 0 1
76 268 0 1
79 268 0 1
80 268 0 1
81 268 0 1
87 268 0 1
88 268 0 1
92 268 0 1
94 268 0 1
95 268 0 1
96 268 0 1
97 268 0 1
98 268 0 1
101 268 0 1
102 268 0 1
107 268 0 1
110 268 0 1
111 268 0 1
112 268 0 1
123 268 0 1
131 268 0 1
133 268 0 1
138 268 0 1
171 268 0 1
173 268 0 1
174 268 0 1
177 268 0 1
178 268 0 1
184 268 0 1
186 268 0 1
187 268 0 1
190 268 0 1
191 268 0 1
192 268 0 1
37 269 0 1
38 269 0 1
53 269 0 1
54 269 0 1
69 269 0 1
72 269 0 1
73 269 0 1
74 269 0 1
77 269 0 1
78 269 0 1
82 269 0 1
84 269 0 1
86 269 0 1
88 269 0 1
89 269 0 1
90 269 0 1
91 269 0 1
93 269 0 1
94 269 0 1
95 269 0 1
99 269 0 1
100 269 0 1
103 269 0 1
108 269 0 1
109 269 0 1
113 269 0 1
114 269 0 1
115 269 0 1
120 269 0 1
122 269 0 1
127 269 0 1
129 269 0 1
134 269 0 1
135 269 0 1
136 269 0 1
137 269 0 1
171 269 0 1
172 269 0 1
173 269 0 1
175 269 0 1
176 269 0 1
179 269 0 1
181 269 0 1
183 269 0 1
188 269 0 1
189 269 0 1
193 269 0 1
194 269 0 1
70 270 0 1
74 270 0 1
75 270 0 1
82 270 0 1
83 270 0 1
85 270 0 1
90 270 0 1
91 270 0 1
106 270 0 1
108 270 0 1
115 270 0 1
116 270 0 1
117 270 0 1
118 270 0 1
132 270 0 1
175 270 0 1
185 270 0 1
70 271 0 1
73 271 0 1
74 271 0 1
75 271 0 1
82 271 0 1
83 271 0 1
84 271 0 1
85 271 0 1
89 271 0 1
90 271 0 1
91 271 0 1
106 271 0 1
108 271 0 1
114 271 0 1
115 271 0 1
116 271 0 1
117 271 0 1
118 271 0 1
122 271 0 1
126 271 0 1
128 271 0 1
130 271 0 1
132 271 0 1
134 271 0 1
135 271 0 1
136 271 0 1
175 271 0 1
179 271 0 1
185 271 0 1
189 271 0 1
37 272 0 1
38 272 0 1
41 272 0 1
45 272 0 1
46 272 0 1
47 272 0 1
52 272 0 1
53 272 0 1
54 272 0 1
69 272 0 1
72 272 0 1
73 272 0 1
74 272 0 1
75 272 0 1
77 272 0 1
78 272 0 1
82 272 0 1
83 272 0 1
84 272 0 1
86 272 0 1
89 272 0 1
90 272 0 1
91 272 0 1
93 272 0 1
99 272 0 1
100 272 0 1
103 272 0 1
109 272 0 1
114 272 0 1
115 272 0 1
134 272 0 1
172 272 0 1
175 272 0 1
179 272 0 1
181 272 0 1
183 272 0 1
185 272 0 1
188 272 0 1
189 272 0 1
194 272 0 1
36 273 0 1
37 273 0 1
38 273 0 1
39 273 0 1
40 273 0 1
42 273 0 1
52 273 0 1
53 273 0 1
55 273 0 1
66 273 0 1
68 273 0 1
69 273 0 1
71 273 0 1
72 273 0 1
73 273 0 1
77 273 0 1
78 273 0 1
84 273 0 1
86 273 0 1
87 273 0 1
88 273 0 1
89 273 0 1
93 273 0 1
94 273 0 1
95 273 0 1
98 273 0 1
99 273 0 1
100 273 0 1
103 273 0 1
109 273 0 1
113 273 0 1
171 273 0 1
172 273 0 1
173 273 0 1
176 273 0 1
177 273 0 1
178 273 0 1
181 273 0 1
183 273 0 1
188 273 0 1
190 273 0 1
191 273 0 1
193 273 0 1
194 273 0 1
34 274 0 1
35 274 0 1
36 274 0 1
37 274 0 1
38 274 0 1
39 274 0 1
40 274 0 1
42 274 0 1
43 274 0 1
51 274 0 1
52 274 0 1
55 274 0 1
68 274 0 1
69 274 0 1
71 274 0 1
72 274 0 1
77 274 0 1
78 274 0 1
79 274 0 1
80 274 0 1
86 274 0 1
87 274 0 1
88 274 0 1
92 274 0 1
93 274 0 1
94 274 0 1
95 274 0 1
97 274 0 1
98 274 0 1
99 274 0 1
100 274 0 1
103 274 0 1
107 274 0 1
109 274 0 1
112 274 0 1
113 274 0 1
133 274 0 1
171 274 0 1
172 274 0 1
173 274 0 1
176 274 0 1
177 274 0 1
178 274 0 1
183 274 0 1
184 274 0 1
188 274 0 1
190 274 0 1
191 274 0 1
192 274 0 1
193 274 0 1
1 275 0 1
31 275 0 1
32 275 0 1
33 275 0 1
34 275 0 1
35 275 0 1
40 275 0 1
44 275 0 1
48 275 0 1
49 275 0 1
50 275 0 1
51 275 0 1
63 275 0 1
65 275 0 1
67 275 0 1
71 275 0 1
76 275 0 1
79 275 0 1
80 275 0 1
81 275 0 1
87 275 0 1
92 275 0 1
96 275 0 1
97 275 0 1
98 275 0 1
101 275 0 1
102 275 0 1
104 275 0 1
105 275 0 1
110 275 0 1
111 275 0 1
112 275 0 1
170 275 0 1
173 275 0 1
174 275 0 1
180 275 0 1
182 275 0 1
184 275 0 1
186 275 0 1
187 275 0 1
190 275 0 1
192 275 0 1
1 276 0 1
31 276 0 1
32 276 0 1
33 276 0 1
34 276 0 1
44 276 0 1
48 276 0 1
49 276 0 1
50 276 0 1
51 276 0 1
63 276 0 1
67 276 0 1
71 276 0 1
76 276 0 1
79 276 0 1
80 276 0 1
81 276 0 1
87 276 0 1
92 276 0 1
96 276 0 1
97 276 0 1
98 276 0 1
101 276 0 1
102 276 0 1
104 276 0 1
105 276 0 1
110 276 0 1
111 276 0 1
112 276 0 1
131 276 0 1
170 276 0 1
173 276 0 1
174 276 0 1
180 276 0 1
182 276 0 1
184 276 0 1
186 276 0 1
187 276 0 1
190 276 0 1
192 276 0 1
37 277 0 1
41 277 0 1
45 277 0 1
46 277 0 1
47 277 0 1
53 277 0 1
54 277 0 1
70 277 0 1
73 277 0 1
74 277 0 1
75 277 0 1
78 277 0 1
82 277 0 1
83 277 0 1
84 277 0 1
85 277 0 1
86 277 0 1
89 277 0 1
90 277 0 1
91 277 0 1
93 277 0 1
100 277 0 1
108 277 0 1
114 277 0 1
115 277 0 1
116 277 0 1
134 277 0 1
172 277 0 1
175 277 0 1
179 277 0 1
181 277 0 1
185 277 0 1
188 277 0 1
189 277 0 1
194 277 0 1
34 278 0 1
35 278 0 1
36 278 0 1
39 278 0 1
40 278 0 1
43 278 0 1
50 278 0 1
51 278 0 1
55 278 0 1
68 278 0 1
69 278 0 1
71 278 0 1
72 278 0 1
76 278 0 1
79 278 0 1
80 278 0 1
87 278 0 1
88 278 0 1
92 278 0 1
94 278 0 1
95 278 0 1
96 278 0 1
97 278 0 1
98 278 0 1
102 278 0 1
103 278 0 1
107 278 0 1
111 278 0 1
112 278 0 1
113 278 0 1
133 278 0 1
171 278 0 1
173 278 0 1
176 278 0 1
177 278 0 1
178 278 0 1
184 278 0 1
187 278 0 1
190 278 0 1
191 278 0 1
192 278 0 1
193 278 0 1
37 279 0 1
45 279 0 1
53 279 0 1
54 279 0 1
69 279 0 1
70 279 0 1
72 279 0 1
73 279 0 1
74 279 0 1
77 279 0 1
78 279 0 1
82 279 0 1
83 279 0 1
84 279 0 1
86 279 0 1
89 279 0 1
90 279 0 1
91 279 0 1
93 279 0 1
94 279 0 1
99 279 0 1
100 279 0 1
103 279 0 1
108 279 0 1
109 279 0 1
114 279 0 1
115 279 0 1
122 279 0 1
134 279 0 1
135 279 0 1
136 279 0 1
172 279 0 1
175 279 0 1
176 279 0 1
179 279 0 1
181 279 0 1
183 279 0 1
185 279 0 1
188 279 0 1
189 279 0 1
194 279 0 1
36 280 0 1
37 280 0 1
38 280 0 1
39 280 0 1
42 280 0 1
52 280 0 1
53 280 0 1
55 280 0 1
68 280 0 1
69 280 0 1
72 280 0 1
73 280 0 1
74 280 0 1
77 280 0 1
78 280 0 1
84 280 0 1
86 280 0 1
88 280 0 1
89 280 0 1
90 280 0 1
93 280 0 1
94 280 0 1
95 280 0 1
98 280 0 1
99 280 0 1
100 280 0 1
103 280 0 1
109 280 0 1
113 280 0 1
114 280 0 1
133 280 0 1
134 280 0 1
135 280 0 1
171 280 0 1
172 280 0 1
173 280 0 1
176 280 0 1
178 280 0 1
179 280 0 1
181 280 0 1
183 280 0 1
188 280 0 1
191 280 0 1
193 280 0 1
194 280 0 1
1 281 0 1
31 281 0 1
32 281 0 1
33 281 0 1
44 281 0 1
48 281 0 1
49 281 0 1
57 281 0 1
62 281 0 1
63 281 0 1
67 281 0 1
76 281 0 1
81 281 0 1
96 281 0 1
101 281 0 1
170 281 0 1
180 281 0 1
182 281 0 1
186 281 0 1
187 281 0 1
1 282 0 1
31 282 0 1
32 282 0 1
33 282 0 1
34 282 0 1
44 282 0 1
48 282 0 1
49 282 0 1
50 282 0 1
51 282 0 1
57 282 0 1
62 282 0 1
63 282 0 1
65 282 0 1
67 282 0 1
76 282 0 1
79 282 0 1
80 282 0 1
81 282 0 1
87 282 0 1
92 282 0 1
96 282 0 1
101 282 0 1
102 282 0 1
170 282 0 1
180 282 0 1
182 282 0 1
184 282 0 1
186 282 0 1
187 282 0 1
192 282 0 1
1 283 0 1
31 283 0 1
32 283 0 1
33 283 0 1
44 283 0 1
48 283 0 1
49 283 0 1
50 283 0 1
57 283 0 1
62 283 0 1
63 283 0 1
67 283 0 1
76 283 0 1
79 283 0 1
81 283 0 1
96 283 0 1
101 283 0 1
102 283 0 1
104 283 0 1
105 283 0 1
170 283 0 1
174 283 0 1
180 283 0 1
182 283 0 1
186 283 0 1
187 283 0 1
34 284 0 1
35 284 0 1
36 284 0 1
37 284 0 1
38 284 0 1
39 284 0 1
40 284 0 1
42 284 0 1
43 284 0 1
52 284 0 1
53 284 0 1
55 284 0 1
66 284 0 1
68 284 0 1
69 284 0 1
71 284 0 1
72 284 0 1
73 284 0 1
77 284 0 1
78 284 0 1
79 284 0 1
80 284 0 1
86 284 0 1
87 284 0 1
88 284 0 1
93 284 0 1
94 284 0 1
95 284 0 1
97 284 0 1
98 284 0 1
99 284 0 1
100 284 0 1
103 284 0 1
171 284 0 1
172 284 0 1
173 284 0 1
176 284 0 1
177 284 0 1
178 284 0 1
181 284 0 1
183 284 0 1
188 284 0 1
190 284 0 1
191 284 0 1
192 284 0 1
193 284 0 1
194 284 0 1
19 285 0 1
36 285 0 1
37 285 0 1
38 285 0 1
42 285 0 1
45 285 0 1
46 285 0 1
47 285 0 1
52 285 0 1
53 285 0 1
54 285 0 1
55 285 0 1
58 285 0 1
59 285 0 1
60 285 0 1
66 285 0 1
69 285 0 1
72 285 0 1
73 285 0 1
74 285 0 1
77 285 0 1
78 285 0 1
82 285 0 1
84 285 0 1
86 285 0 1
88 285 0 1
89 285 0 1
90 285 0 1
91 285 0 1
93 285 0 1
94 285 0 1
99 285 0 1
100 285 0 1
103 285 0 1
172 285 0 1
176 285 0 1
179 285 0 1
181 285 0 1
183 285 0 1
188 285 0 1
189 285 0 1
193 285 0 1
194 285 0 1
20 286 0 1
30 286 0 1
37 286 0 1
41 286 0 1
45 286 0 1
46 286 0 1
47 286 0 1
53 286 0 1
54 286 0 1
56 286 0 1
58 286 0 1
59 286 0 1
60 286 0 1
64 286 0 1
66 286 0 1
69 286 0 1
70 286 0 1
73 286 0 1
74 286 0 1
75 286 0 1
77 286 0 1
78 286 0 1
82 286 0 1
83 286 0 1
84 286 0 1
85 286 0 1
86 286 0 1
89 286 0 1
90 286 0 1
91 286 0 1
93 286 0 1
99 286 0 1
100 286 0 1
172 286 0 1
175 286 0 1
179 286 0 1
181 286 0 1
183 286 0 1
185 286 0 1
188 286 0 1
189 286 0 1
194 286 0 1
13 287 0 1
14 287 0 1
15 287 0 1
19 287 0 1
20 287 0 1
22 287 0 1
24 287 0 1
28 287 0 1
30 287 0 1
37 287 0 1
41 287 0 1
45 287 0 1
46 287 0 1
47 287 0 1
53 287 0 1
54 287 0 1
56 287 0 1
58 287 0 1
59 287 0 1
60 287 0 1
61 287 0 1
64 287 0 1
70 287 0 1
73 287 0 1
74 287 0 1
75 287 0 1
82 287 0 1
83 287 0 1
84 287 0 1
85 287 0 1
89 287 0 1
90 287 0 1
91 287 0 1
175 287 0 1
181 287 0 1
185 287 0 1
188 287 0 1
189 287 0 1
194 287 0 1
1 288 0 1
16 288 0 1
31 288 0 1
32 288 0 1
33 288 0 1
34 288 0 1
35 288 0 1
39 288 0 1
40 288 0 1
43 288 0 1
44 288 0 1
48 288 0 1
49 288 0 1
50 288 0 1
51 288 0 1
57 288 0 1
62 288 0 1
63 288 0 1
65 288 0 1
67 288 0 1
68 288 0 1
71 288 0 1
76 288 0 1
79 288 0 1
80 288 0 1
81 288 0 1
87 288 0 1
92 288 0 1
96 288 0 1
97 288 0 1
98 288 0 1
101 288 0 1
102 288 0 1
173 288 0 1
180 288 0 1
182 288 0 1
184 288 0 1
186 288 0 1
187 288 0 1
190 288 0 1
192 288 0 1
19 289 0 1
20 289 0 1
28 289 0 1
37 289 0 1
38 289 0 1
41 289 0 1
42 289 0 1
45 289 0 1
46 289 0 1
47 289 0 1
52 289 0 1
53 289 0 1
54 289 0 1
55 289 0 1
56 289 0 1
58 289 0 1
59 289 0 1
60 289 0 1
64 289 0 1
66 289 0 1
69 289 0 1
72 289 0 1
73 289 0 1
74 289 0 1
77 289 0 1
78 289 0 1
82 289 0 1
83 289 0 1
84 289 0 1
86 289 0 1
89 289 0 1
90 289 0 1
91 289 0 1
93 289 0 1
99 289 0 1
100 289 0 1
172 289 0 1
179 289 0 1
181 289 0 1
183 289 0 1
185 289 0 1
188 289 0 1
189 289 0 1
193 289 0 1
194 289 0 1
19 290 0 1
36 290 0 1
37 290 0 1
38 290 0 1
39 290 0 1
42 290 0 1
45 290 0 1
46 290 0 1
52 290 0 1
53 290 0 1
54 290 0 1
55 290 0 1
59 290 0 1
60 290 0 1
66 290 0 1
68 290 0 1
69 290 0 1
72 290 0 1
73 290 0 1
74 290 0 1
77 290 0 1
78 290 0 1
84 290 0 1
86 290 0 1
88 290 0 1
89 290 0 1
90 290 0 1
93 290 0 1
94 290 0 1
95 290 0 1
99 290 0 1
100 290 0 1
103 290 0 1
172 290 0 1
176 290 0 1
181 290 0 1
183 290 0 1
188 290 0 1
189 290 0 1
191 290 0 1
193 290 0 1
194 290 0 1
17 291 0 1
18 291 0 1
34 291 0 1
35 291 0 1
36 291 0 1
37 291 0 1
38 291 0 1
39 291 0 1
40 291 0 1
42 291 0 1
43 291 0 1
51 291 0 1
52 291 0 1
55 291 0 1
65 291 0 1
66 291 0 1
68 291 0 1
69 291 0 1
71 291 0 1
72 291 0 1
77 291 0 1
78 291 0 1
79 291 0 1
80 291 0 1
86 291 0 1
87 291 0 1
88 291 0 1
92 291 0 1
93 291 0 1
94 291 0 1
95 291 0 1
97 291 0 1
98 291 0 1
99 291 0 1
100 291 0 1
103 291 0 1
171 291 0 1
173 291 0 1
176 291 0 1
178 291 0 1
181 291 0 1
183 291 0 1
184 291 0 1
188 291 0 1
190 291 0 1
191 291 0 1
192 291 0 1
193 291 0 1
34 292 0 1
35 292 0 1
36 292 0 1
38 292 0 1
39 292 0 1
40 292 0 1
43 292 0 1
50 292 0 1
51 292 0 1
55 292 0 1
65 292 0 1
68 292 0 1
69 292 0 1
71 292 0 1
72 292 0 1
76 292 0 1
77 292 0 1
79 292 0 1
80 292 0 1
87 292 0 1
88 292 0 1
92 292 0 1
94 292 0 1
95 292 0 1
96 292 0 1
97 292 0 1
98 292 0 1
102 292 0 1
103 292 0 1
107 292 0 1
171 292 0 1
173 292 0 1
177 292 0 1
178 292 0 1
184 292 0 1
187 292 0 1
190 292 0 1
191 292 0 1
192 292 0 1
193 292 0 1
34 293 0 1
35 293 0 1
36 293 0 1
37 293 0 1
38 293 0 1
39 293 0 1
40 293 0 1
42 293 0 1
43 293 0 1
51 293 0 1
52 293 0 1
55 293 0 1
65 293 0 1
68 293 0 1
69 293 0 1
71 293 0 1
72 293 0 1
76 293 0 1
77 293 0 1
78 293 0 1
79 293 0 1
80 293 0 1
86 293 0 1
87 293 0 1
88 293 0 1
92 293 0 1
93 293 0 1
94 293 0 1
95 293 0 1
97 293 0 1
98 293 0 1
99 293 0 1
100 293 0 1
102 293 0 1
103 293 0 1
171 293 0 1
173 293 0 1
176 293 0 1
177 293 0 1
178 293 0 1
183 293 0 1
184 293 0 1
188 293 0 1
190 293 0 1
191 293 0 1
192 293 0 1
193 293 0 1
70 294 0 1
106 294 0 1
108 294 0 1
115 294 0 1
116 294 0 1
117 294 0 1
118 294 0 1
126 294 0 1
128 294 0 1
130 294 0 1
132 294 0 1
136 294 0 1
140 294 0 1
141 294 0 1
144 294 0 1
157 294 0 1
158 294 0 1
159 294 0 1
164 294 0 1
166 294 0 1
167 294 0 1
168 294 0 1
175 294 0 1
70 295 0 1
106 295 0 1
108 295 0 1
115 295 0 1
116 295 0 1
117 295 0 1
118 295 0 1
122 295 0 1
126 295 0 1
128 295 0 1
130 295 0 1
132 295 0 1
134 295 0 1
135 295 0 1
136 295 0 1
140 295 0 1
141 295 0 1
144 295 0 1
147 295 0 1
157 295 0 1
158 295 0 1
159 295 0 1
164 295 0 1
166 295 0 1
167 295 0 1
168 295 0 1
175 295 0 1
92 296 0 1
96 296 0 1
101 296 0 1
102 296 0 1
104 296 0 1
105 296 0 1
110 296 0 1
111 296 0 1
112 296 0 1
119 296 0 1
123 296 0 1
124 296 0 1
131 296 0 1
139 296 0 1
148 296 0 1
152 296 0 1
153 296 0 1
154 296 0 1
155 296 0 1
156 296 0 1
160 296 0 1
161 296 0 1
162 296 0 1
165 296 0 1
169 296 0 1
170 296 0 1
174 296 0 1
101 297 0 1
104 297 0 1
105 297 0 1
110 297 0 1
111 297 0 1
119 297 0 1
124 297 0 1
131 297 0 1
139 297 0 1
154 297 0 1
156 297 0 1
160 297 0 1
161 297 0 1
165 297 0 1
170 297 0 1
174 297 0 1
74 298 0 1
93 298 0 1
100 298 0 1
108 298 0 1
109 298 0 1
114 298 0 1
115 298 0 1
118 298 0 1
120 298 0 1
122 298 0 1
126 298 0 1
127 298 0 1
128 298 0 1
129 298 0 1
134 298 0 1
135 298 0 1
136 298 0 1
137 298 0 1
157 298 0 1
166 298 0 1
167 298 0 1
168 298 0 1
172 298 0 1
175 298 0 1
176 298 0 1
179 298 0 1
73 299 0 1
74 299 0 1
93 299 0 1
99 299 0 1
100 299 0 1
103 299 0 1
109 299 0 1
113 299 0 1
114 299 0 1
115 299 0 1
120 299 0 1
121 299 0 1
122 299 0 1
127 299 0 1
128 299 0 1
129 299 0 1
134 299 0 1
135 299 0 1
136 299 0 1
137 299 0 1
143 299 0 1
157 299 0 1
167 299 0 1
168 299 0 1
172 299 0 1
176 299 0 1
179 299 0 1
108 300 0 1
114 300 0 1
115 300 0 1
116 300 0 1
117 300 0 1
118 300 0 1
120 300 0 1
122 300 0 1
126 300 0 1
127 300 0 1
128 300 0 1
129 300 0 1
130 300 0 1
132 300 0 1
134 300 0 1
135 300 0 1
136 300 0 1
140 300 0 1
141 300 0 1
144 300 0 1
147 300 0 1
157 300 0 1
158 300 0 1
159 300 0 1
164 300 0 1
166 300 0 1
167 300 0 1
168 300 0 1
175 300 0 1
179 300 0 1
104 301 0 1
105 301 0 1
110 301 0 1
111 301 0 1
119 301 0 1
123 301 0 1
124 301 0 1
131 301 0 1
139 301 0 1
142 301 0 1
148 301 0 1
149 301 0 1
151 301 0 1
152 301 0 1
153 301 0 1
154 301 0 1
155 301 0 1
156 301 0 1
160 301 0 1
161 301 0 1
162 301 0 1
165 301 0 1
169 301 0 1
174 301 0 1
104 302 0 1
105 302 0 1
107 302 0 1
110 302 0 1
111 302 0 1
112 302 0 1
119 302 0 1
123 302 0 1
124 302 0 1
131 302 0 1
138 302 0 1
139 302 0 1
142 302 0 1
148 302 0 1
149 302 0 1
151 302 0 1
152 302 0 1
153 302 0 1
154 302 0 1
155 302 0 1
156 302 0 1
160 302 0 1
161 302 0 1
162 302 0 1
163 302 0 1
165 302 0 1
169 302 0 1
174 302 0 1
104 303 0 1
105 303 0 1
119 303 0 1
124 303 0 1
139 303 0 1
148 303 0 1
149 303 0 1
151 303 0 1
154 303 0 1
156 303 0 1
160 303 0 1
104 304 0 1
105 304 0 1
110 304 0 1
111 304 0 1
119 304 0 1
123 304 0 1
124 304 0 1
131 304 0 1
139 304 0 1
142 304 0 1
148 304 0 1
149 304 0 1
151 304 0 1
152 304 0 1
153 304 0 1
154 304 0 1
155 304 0 1
156 304 0 1
160 304 0 1
161 304 0 1
162 304 0 1
163 304 0 1
165 304 0 1
169 304 0 1
174 304 0 1
107 305 0 1
111 305 0 1
112 305 0 1
113 305 0 1
121 305 0 1
123 305 0 1
124 305 0 1
125 305 0 1
131 305 0 1
133 305 0 1
137 305 0 1
138 305 0 1
142 305 0 1
145 305 0 1
149 305 0 1
150 305 0 1
152 305 0 1
153 305 0 1
154 305 0 1
155 305 0 1
161 305 0 1
162 305 0 1
163 305 0 1
165 305 0 1
169 305 0 1
177 305 0 1
178 305 0 1
105 306 0 1
107 306 0 1
110 306 0 1
111 306 0 1
112 306 0 1
119 306 0 1
123 306 0 1
124 306 0 1
131 306 0 1
138 306 0 1
139 306 0 1
142 306 0 1
148 306 0 1
149 306 0 1
151 306 0 1
152 306 0 1
153 306 0 1
154 306 0 1
155 306 0 1
156 306 0 1
160 306 0 1
161 306 0 1
162 306 0 1
163 306 0 1
165 306 0 1
169 306 0 1
93 307 0 1
109 307 0 1
113 307 0 1
114 307 0 1
115 307 0 1
120 307 0 1
121 307 0 1
122 307 0 1
125 307 0 1
126 307 0 1
127 307 0 1
128 307 0 1
129 307 0 1
134 307 0 1
135 307 0 1
136 307 0 1
137 307 0 1
143 307 0 1
157 307 0 1
167 307 0 1
168 307 0 1
172 307 0 1
176 307 0 1
179 307 0 1
71 308 0 1
92 308 0 1
97 308 0 1
98 308 0 1
102 308 0 1
107 308 0 1
110 308 0 1
111 308 0 1
112 308 0 1
113 308 0 1
121 308 0 1
123 308 0 1
124 308 0 1
125 308 0 1
131 308 0 1
133 308 0 1
137 308 0 1
138 308 0 1
142 308 0 1
149 308 0 1
150 308 0 1
152 308 0 1
153 308 0 1
154 308 0 1
155 308 0 1
161 308 0 1
162 308 0 1
163 308 0 1
165 308 0 1
169 308 0 1
171 308 0 1
173 308 0 1
174 308 0 1
176 308 0 1
177 308 0 1
178 308 0 1
101 309 0 1
104 309 0 1
105 309 0 1
110 309 0 1
119 309 0 1
124 309 0 1
131 309 0 1
139 309 0 1
148 309 0 1
154 309 0 1
156 309 0 1
160 309 0 1
170 309 0 1
174 309 0 1
93 310 0 1
94 310 0 1
99 310 0 1
100 310 0 1
103 310 0 1
109 310 0 1
113 310 0 1
114 310 0 1
115 310 0 1
120 310 0 1
121 310 0 1
122 310 0 1
125 310 0 1
127 310 0 1
128 310 0 1
129 310 0 1
133 310 0 1
134 310 0 1
135 310 0 1
136 310 0 1
137 310 0 1
138 310 0 1
143 310 0 1
150 310 0 1
157 310 0 1
167 310 0 1
168 310 0 1
171 310 0 1
172 310 0 1
176 310 0 1
178 310 0 1
179 310 0 1
92 311 0 1
96 311 0 1
101 311 0 1
102 311 0 1
104 311 0 1
105 311 0 1
107 311 0 1
110 311 0 1
111 311 0 1
112 311 0 1
119 311 0 1
123 311 0 1
124 311 0 1
131 311 0 1
139 311 0 1
142 311 0 1
148 311 0 1
149 311 0 1
152 311 0 1
153 311 0 1
154 311 0 1
155 311 0 1
156 311 0 1
160 311 0 1
161 311 0 1
162 311 0 1
163 311 0 1
165 311 0 1
169 311 0 1
170 311 0 1
174 311 0 1
93 312 0 1
94 312 0 1
103 312 0 1
107 312 0 1
109 312 0 1
112 312 0 1
113 312 0 1
114 312 0 1
120 312 0 1
121 312 0 1
123 312 0 1
125 312 0 1
127 312 0 1
129 312 0 1
133 312 0 1
135 312 0 1
137 312 0 1
138 312 0 1
143 312 0 1
150 312 0 1
163 312 0 1
169 312 0 1
171 312 0 1
172 312 0 1
173 312 0 1
176 312 0 1
177 312 0 1
178 312 0 1
92 313 0 1
97 313 0 1
102 313 0 1
105 313 0 1
107 313 0 1
110 313 0 1
111 313 0 1
112 313 0 1
113 313 0 1
121 313 0 1
123 313 0 1
124 313 0 1
125 313 0 1
131 313 0 1
133 313 0 1
137 313 0 1
138 313 0 1
142 313 0 1
149 313 0 1
152 313 0 1
153 313 0 1
154 313 0 1
155 313 0 1
161 313 0 1
162 313 0 1
163 313 0 1
165 313 0 1
169 313 0 1
171 313 0 1
173 313 0 1
174 313 0 1
177 313 0 1
178 313 0 1
101 314 0 1
104 314 0 1
105 314 0 1
110 314 0 1
111 314 0 1
112 314 0 1
119 314 0 1
123 314 0 1
124 314 0 1
131 314 0 1
139 314 0 1
148 314 0 1
149 314 0 1
151 314 0 1
152 314 0 1
153 314 0 1
154 314 0 1
155 314 0 1
156 314 0 1
160 314 0 1
161 314 0 1
162 314 0 1
165 314 0 1
170 314 0 1
174 314 0 1
93 315 0 1
103 315 0 1
107 315 0 1
109 315 0 1
113 315 0 1
114 315 0 1
120 315 0 1
121 315 0 1
122 315 0 1
125 315 0 1
127 315 0 1
129 315 0 1
133 315 0 1
134 315 0 1
135 315 0 1
136 315 0 1
137 315 0 1
138 315 0 1
143 315 0 1
150 315 0 1
171 315 0 1
172 315 0 1
173 315 0 1
176 315 0 1
177 315 0 1
178 315 0 1
179 315 0 1
93 316 0 1
94 316 0 1
103 316 0 1
107 316 0 1
109 316 0 1
113 316 0 1
114 316 0 1
120 316 0 1
121 316 0 1
122 316 0 1
123 316 0 1
125 316 0 1
127 316 0 1
129 316 0 1
133 316 0 1
134 316 0 1
135 316 0 1
137 316 0 1
138 316 0 1
143 316 0 1
150 316 0 1
163 316 0 1
169 316 0 1
171 316 0 1
172 316 0 1
173 316 0 1
176 316 0 1
177 316 0 1
178 316 0 1
101 317 0 1
104 317 0 1
105 317 0 1
107 317 0 1
110 317 0 1
111 317 0 1
112 317 0 1
119 317 0 1
123 317 0 1
124 317 0 1
131 317 0 1
139 317 0 1
142 317 0 1
148 317 0 1
149 317 0 1
152 317 0 1
153 317 0 1
154 317 0 1
155 317 0 1
156 317 0 1
160 317 0 1
161 317 0 1
162 317 0 1
163 317 0 1
165 317 0 1
169 317 0 1
174 317 0 1
104 318 0 1
105 318 0 1
110 318 0 1
111 318 0 1
112 318 0 1
119 318 0 1
123 318 0 1
124 318 0 1
131 318 0 1
139 318 0 1
142 318 0 1
148 318 0 1
149 318 0 1
151 318 0 1
152 318 0 1
153 318 0 1
154 318 0 1
155 318 0 1
156 318 0 1
160 318 0 1
161 318 0 1
162 318 0 1
163 318 0 1
165 318 0 1
169 318 0 1
174 318 0 1
107 319 0 1
110 319 0 1
111 319 0 1
112 319 0 1
113 319 0 1
121 319 0 1
123 319 0 1
124 319 0 1
125 319 0 1
127 319 0 1
131 319 0 1
133 319 0 1
137 319 0 1
138 319 0 1
142 319 0 1
149 319 0 1
150 319 0 1
152 319 0 1
153 319 0 1
154 319 0 1
155 319 0 1
161 319 0 1
162 319 0 1
163 319 0 1
165 319 0 1
169 319 0 1
171 319 0 1
173 319 0 1
177 319 0 1
178 319 0 1
114 320 0 1
115 320 0 1
116 320 0 1
117 320 0 1
118 320 0 1
120 320 0 1
122 320 0 1
126 320 0 1
128 320 0 1
129 320 0 1
130 320 0 1
132 320 0 1
134 320 0 1
135 320 0 1
136 320 0 1
140 320 0 1
141 320 0 1
143 320 0 1
144 320 0 1
146 320 0 1
147 320 0 1
157 320 0 1
158 320 0 1
159 320 0 1
164 320 0 1
166 320 0 1
167 320 0 1
168 320 0 1
107 321 0 1
111 321 0 1
112 321 0 1
113 321 0 1
121 321 0 1
123 321 0 1
125 321 0 1
127 321 0 1
133 321 0 1
137 321 0 1
138 321 0 1
142 321 0 1
143 321 0 1
145 321 0 1
149 321 0 1
150 321 0 1
152 321 0 1
153 321 0 1
154 321 0 1
155 321 0 1
161 321 0 1
162 321 0 1
163 321 0 1
165 321 0 1
169 321 0 1
177 321 0 1
178 321 0 1
107 322 0 1
109 322 0 1
113 322 0 1
120 322 0 1
121 322 0 1
125 322 0 1
127 322 0 1
129 322 0 1
133 322 0 1
135 322 0 1
137 322 0 1
138 322 0 1
143 322 0 1
145 322 0 1
150 322 0 1
163 322 0 1
169 322 0 1
176 322 0 1
109 323 0 1
113 323 0 1
114 323 0 1
120 323 0 1
121 323 0 1
122 323 0 1
125 323 0 1
127 323 0 1
129 323 0 1
133 323 0 1
134 323 0 1
135 323 0 1
137 323 0 1
138 323 0 1
143 323 0 1
145 323 0 1
150 323 0 1
176 323 0 1
108 324 0 1
114 324 0 1
115 324 0 1
116 324 0 1
117 324 0 1
118 324 0 1
120 324 0 1
122 324 0 1
126 324 0 1
128 324 0 1
129 324 0 1
130 324 0 1
132 324 0 1
134 324 0 1
135 324 0 1
136 324 0 1
140 324 0 1
141 324 0 1
144 324 0 1
146 324 0 1
147 324 0 1
157 324 0 1
158 324 0 1
159 324 0 1
164 324 0 1
166 324 0 1
167 324 0 1
168 324 0 1
106 325 0 1
108 325 0 1
115 325 0 1
116 325 0 1
117 325 0 1
118 325 0 1
126 325 0 1
128 325 0 1
130 325 0 1
132 325 0 1
140 325 0 1
141 325 0 1
144 325 0 1
146 325 0 1
147 325 0 1
157 325 0 1
158 325 0 1
159 325 0 1
164 325 0 1
166 325 0 1
167 325 0 1
168 325 0 1
117 326 0 1
118 326 0 1
122 326 0 1
126 326 0 1
128 326 0 1
129 326 0 1
130 326 0 1
140 326 0 1
141 326 0 1
144 326 0 1
146 326 0 1
147 326 0 1
157 326 0 1
158 326 0 1
159 326 0 1
164 326 0 1
166 326 0 1
167 326 0 1
168 326 0 1
120 327 0 1
122 327 0 1
127 327 0 1
128 327 0 1
129 327 0 1
135 327 0 1
143 327 0 1
145 327 0 1
150 327 0 1
157 327 0 1
159 327 0 1
167 327 0 1
168 327 0 1
120 328 0 1
122 328 0 1
126 328 0 1
127 328 0 1
128 328 0 1
129 328 0 1
136 328 0 1
143 328 0 1
144 328 0 1
146 328 0 1
147 328 0 1
157 328 0 1
158 328 0 1
159 328 0 1
166 328 0 1
167 328 0 1
168 328 0 1
119 329 0 1
124 329 0 1
139 329 0 1
142 329 0 1
148 329 0 1
149 329 0 1
151 329 0 1
152 329 0 1
154 329 0 1
155 329 0 1
156 329 0 1
160 329 0 1
161 329 0 1
165 329 0 1
120 330 0 1
122 330 0 1
126 330 0 1
127 330 0 1
128 330 0 1
129 330 0 1
130 330 0 1
135 330 0 1
136 330 0 1
140 330 0 1
141 330 0 1
143 330 0 1
144 330 0 1
146 330 0 1
147 330 0 1
157 330 0 1
158 330 0 1
159 330 0 1
166 330 0 1
167 330 0 1
168 330 0 1
123 331 0 1
124 331 0 1
142 331 0 1
145 331 0 1
148 331 0 1
149 331 0 1
150 331 0 1
151 331 0 1
152 331 0 1
153 331 0 1
154 331 0 1
155 331 0 1
156 331 0 1
160 331 0 1
161 331 0 1
162 331 0 1
163 331 0 1
165 331 0 1
169 331 0 1
126 332 0 1
140 332 0 1
141 332 0 1
144 332 0 1
146 332 0 1
147 332 0 1
157 332 0 1
158 332 0 1
159 332 0 1
164 332 0 1
166 332 0 1
167 332 0 1
168 332 0 1
139 333 0 1
148 333 0 1
149 333 0 1
151 333 0 1
156 333 0 1
160 333 0 1
142 334 0 1
143 334 0 1
145 334 0 1
150 334 0 1
152 334 0 1
153 334 0 1
155 334 0 1
169 334 0 1
142 335 0 1
145 335 0 1
148 335 0 1
149 335 0 1
150 335 0 1
152 335 0 1
153 335 0 1
154 335 0 1
155 335 0 1
163 335 0 1
165 335 0 1
169 335 0 1
143 336 0 1
146 336 0 1
157 336 0 1
159 336 0 1
168 336 0 1
126 337 0 1
128 337 0 1
130 337 0 1
140 337 0 1
141 337 0 1
144 337 0 1
146 337 0 1
147 337 0 1
157 337 0 1
158 337 0 1
159 337 0 1
164 337 0 1
166 337 0 1
167 337 0 1
168 337 0 1
119 338 0 1
139 338 0 1
148 338 0 1
149 338 0 1
151 338 0 1
152 338 0 1
154 338 0 1
156 338 0 1
160 338 0 1
139 339 0 1
142 339 0 1
148 339 0 1
149 339 0 1
151 339 0 1
152 339 0 1
153 339 0 1
154 339 0 1
155 339 0 1
156 339 0 1
160 339 0 1
161 339 0 1
162 339 0 1
163 339 0 1
165 339 0 1
169 339 0 1
117 340 0 1
118 340 0 1
120 340 0 1
122 340 0 1
126 340 0 1
128 340 0 1
129 340 0 1
130 340 0 1
135 340 0 1
136 340 0 1
140 340 0 1
141 340 0 1
143 340 0 1
144 340 0 1
146 340 0 1
147 340 0 1
157 340 0 1
158 340 0 1
159 340 0 1
164 340 0 1
166 340 0 1
167 340 0 1
168 340 0 1
123 341 0 1
124 341 0 1
125 341 0 1
138 341 0 1
142 341 0 1
145 341 0 1
148 341 0 1
149 341 0 1
150 341 0 1
151 341 0 1
152 341 0 1
153 341 0 1
154 341 0 1
155 341 0 1
161 341 0 1
162 341 0 1
163 341 0 1
165 341 0 1
169 341 0 1
124 342 0 1
139 342 0 1
142 342 0 1
148 342 0 1
149 342 0 1
151 342 0 1
152 342 0 1
153 342 0 1
154 342 0 1
155 342 0 1
156 342 0 1
160 342 0 1
161 342 0 1
162 342 0 1
165 342 0 1
169 342 0 1
120 343 0 1
122 343 0 1
127 343 0 1
128 343 0 1
129 343 0 1
143 343 0 1
146 343 0 1
147 343 0 1
150 343 0 1
157 343 0 1
159 343 0 1
167 343 0 1
168 343 0 1
125 344 0 1
142 344 0 1
143 344 0 1
145 344 0 1
150 344 0 1
152 344 0 1
153 344 0 1
155 344 0 1
163 344 0 1
169 344 0 1
142 345 0 1
145 345 0 1
148 345 0 1
149 345 0 1
150 345 0 1
151 345 0 1
152 345 0 1
153 345 0 1
154 345 0 1
155 345 0 1
161 345 0 1
162 345 0 1
163 345 0 1
165 345 0 1
169 345 0 1
143 346 0 1
144 346 0 1
146 346 0 1
147 346 0 1
157 346 0 1
159 346 0 1
167 346 0 1
168 346 0 1
109 347 0 1
114 347 0 1
115 347 0 1
117 347 0 1
118 347 0 1
120 347 0 1
121 347 0 1
122 347 0 1
125 347 0 1
126 347 0 1
127 347 0 1
128 347 0 1
129 347 0 1
130 347 0 1
134 347 0 1
135 347 0 1
136 347 0 1
137 347 0 1
140 347 0 1
141 347 0 1
143 347 0 1
144 347 0 1
146 347 0 1
147 347 0 1
150 347 0 1
157 347 0 1
158 347 0 1
159 347 0 1
164 347 0 1
166 347 0 1
167 347 0 1
168 347 0 1
179 347 0 1
109 348 0 1
113 348 0 1
114 348 0 1
120 348 0 1
121 348 0 1
122 348 0 1
125 348 0 1
127 348 0 1
129 348 0 1
133 348 0 1
134 348 0 1
135 348 0 1
136 348 0 1
137 348 0 1
138 348 0 1
143 348 0 1
145 348 0 1
150 348 0 1
157 348 0 1
168 348 0 1
107 349 0 1
113 349 0 1
121 349 0 1
123 349 0 1
125 349 0 1
127 349 0 1
133 349 0 1
137 349 0 1
138 349 0 1
142 349 0 1
143 349 0 1
145 349 0 1
150 349 0 1
152 349 0 1
153 349 0 1
154 349 0 1
155 349 0 1
161 349 0 1
162 349 0 1
163 349 0 1
165 349 0 1
169 349 0 1
119 350 0 1
124 350 0 1
139 350 0 1
148 350 0 1
149 350 0 1
151 350 0 1
152 350 0 1
154 350 0 1
155 350 0 1
156 350 0 1
160 350 0 1
161 350 0 1
117 351 0 1
118 351 0 1
122 351 0 1
126 351 0 1
128 351 0 1
129 351 0 1
130 351 0 1
136 351 0 1
140 351 0 1
141 351 0 1
144 351 0 1
146 351 0 1
147 351 0 1
157 351 0 1
158 351 0 1
159 351 0 1
164 351 0 1
166 351 0 1
167 351 0 1
168 351 0 1
120 352 0 1
121 352 0 1
122 352 0 1
125 352 0 1
127 352 0 1
128 352 0 1
129 352 0 1
134 352 0 1
135 352 0 1
136 352 0 1
137 352 0 1
143 352 0 1
145 352 0 1
150 352 0 1
157 352 0 1
168 352 0 1
123 353 0 1
124 353 0 1
125 353 0 1
131 353 0 1
138 353 0 1
142 353 0 1
145 353 0 1
148 353 0 1
149 353 0 1
150 353 0 1
151 353 0 1
152 353 0 1
153 353 0 1
154 353 0 1
155 353 0 1
156 353 0 1
161 353 0 1
162 353 0 1
163 353 0 1
165 353 0 1
169 353 0 1
121 354 0 1
123 354 0 1
125 354 0 1
137 354 0 1
138 354 0 1
142 354 0 1
143 354 0 1
145 354 0 1
149 354 0 1
150 354 0 1
152 354 0 1
153 354 0 1
154 354 0 1
155 354 0 1
161 354 0 1
162 354 0 1
163 354 0 1
165 354 0 1
169 354 0 1
120 355 0 1
121 355 0 1
122 355 0 1
125 355 0 1
127 355 0 1
129 355 0 1
135 355 0 1
137 355 0 1
138 355 0 1
143 355 0 1
145 355 0 1
150 355 0 1
119 356 0 1
124 356 0 1
139 356 0 1
148 356 0 1
149 356 0 1
151 356 0 1
152 356 0 1
154 356 0 1
156 356 0 1
160 356 0 1
161 356 0 1
114 357 0 1
120 357 0 1
121 357 0 1
122 357 0 1
126 357 0 1
127 357 0 1
128 357 0 1
129 357 0 1
134 357 0 1
135 357 0 1
136 357 0 1
143 357 0 1
144 357 0 1
146 357 0 1
147 357 0 1
150 357 0 1
157 357 0 1
158 357 0 1
159 357 0 1
166 357 0 1
167 357 0 1
168 357 0 1
120 358 0 1
121 358 0 1
125 358 0 1
127 358 0 1
129 358 0 1
137 358 0 1
138 358 0 1
142 358 0 1
143 358 0 1
145 358 0 1
150 358 0 1
163 358 0 1
169 358 0 1
121 359 0 1
123 359 0 1
125 359 0 1
127 359 0 1
133 359 0 1
137 359 0 1
138 359 0 1
142 359 0 1
143 359 0 1
145 359 0 1
149 359 0 1
150 359 0 1
152 359 0 1
153 359 0 1
154 359 0 1
155 359 0 1
162 359 0 1
163 359 0 1
165 359 0 1
169 359 0 1
101 360 0 1
104 360 0 1
105 360 0 1
110 360 0 1
119 360 0 1
124 360 0 1
131 360 0 1
139 360 0 1
156 360 0 1
160 360 0 1
170 360 0 1
174 360 0 1
81 361 0 1
92 361 0 1
96 361 0 1
101 361 0 1
102 361 0 1
104 361 0 1
105 361 0 1
107 361 0 1
110 361 0 1
111 361 0 1
112 361 0 1
119 361 0 1
123 361 0 1
124 361 0 1
131 361 0 1
139 361 0 1
152 361 0 1
154 361 0 1
155 361 0 1
156 361 0 1
160 361 0 1
161 361 0 1
162 361 0 1
165 361 0 1
169 361 0 1
170 361 0 1
174 361 0 1
81 362 0 1
92 362 0 1
96 362 0 1
101 362 0 1
102 362 0 1
104 362 0 1
105 362 0 1
110 362 0 1
111 362 0 1
112 362 0 1
119 362 0 1
123 362 0 1
124 362 0 1
131 362 0 1
139 362 0 1
154 362 0 1
160 362 0 1
161 362 0 1
162 362 0 1
165 362 0 1
170 362 0 1
174 362 0 1
71 363 0 1
72 363 0 1
87 363 0 1
88 363 0 1
93 363 0 1
94 363 0 1
95 363 0 1
97 363 0 1
98 363 0 1
99 363 0 1
100 363 0 1
103 363 0 1
107 363 0 1
109 363 0 1
111 363 0 1
112 363 0 1
113 363 0 1
120 363 0 1
121 363 0 1
123 363 0 1
125 363 0 1
127 363 0 1
133 363 0 1
137 363 0 1
138 363 0 1
162 363 0 1
163 363 0 1
169 363 0 1
171 363 0 1
172 363 0 1
173 363 0 1
176 363 0 1
177 363 0 1
178 363 0 1
72 364 0 1
73 364 0 1
78 364 0 1
86 364 0 1
88 364 0 1
93 364 0 1
94 364 0 1
95 364 0 1
98 364 0 1
99 364 0 1
100 364 0 1
103 364 0 1
107 364 0 1
109 364 0 1
112 364 0 1
113 364 0 1
114 364 0 1
120 364 0 1
121 364 0 1
125 364 0 1
127 364 0 1
129 364 0 1
133 364 0 1
134 364 0 1
135 364 0 1
137 364 0 1
138 364 0 1
163 364 0 1
171 364 0 1
172 364 0 1
173 364 0 1
176 364 0 1
177 364 0 1
178 364 0 1
179 364 0 1
72 365 0 1
73 365 0 1
77 365 0 1
78 365 0 1
86 365 0 1
88 365 0 1
93 365 0 1
94 365 0 1
95 365 0 1
99 365 0 1
100 365 0 1
103 365 0 1
107 365 0 1
109 365 0 1
113 365 0 1
114 365 0 1
120 365 0 1
121 365 0 1
122 365 0 1
125 365 0 1
127 365 0 1
129 365 0 1
133 365 0 1
134 365 0 1
135 365 0 1
136 365 0 1
137 365 0 1
138 365 0 1
171 365 0 1
172 365 0 1
173 365 0 1
176 365 0 1
177 365 0 1
178 365 0 1
179 365 0 1
70 366 0 1
73 366 0 1
74 366 0 1
89 366 0 1
90 366 0 1
91 366 0 1
106 366 0 1
108 366 0 1
109 366 0 1
114 366 0 1
115 366 0 1
116 366 0 1
117 366 0 1
118 366 0 1
120 366 0 1
122 366 0 1
126 366 0 1
128 366 0 1
129 366 0 1
130 366 0 1
132 366 0 1
134 366 0 1
135 366 0 1
136 366 0 1
157 366 0 1
164 366 0 1
166 366 0 1
167 366 0 1
168 366 0 1
172 366 0 1
175 366 0 1
179 366 0 1
92 367 0 1
96 367 0 1
97 367 0 1
101 367 0 1
102 367 0 1
104 367 0 1
105 367 0 1
107 367 0 1
110 367 0 1
111 367 0 1
112 367 0 1
119 367 0 1
123 367 0 1
124 367 0 1
131 367 0 1
138 367 0 1
139 367 0 1
152 367 0 1
153 367 0 1
154 367 0 1
155 367 0 1
156 367 0 1
160 367 0 1
161 367 0 1
162 367 0 1
163 367 0 1
165 367 0 1
169 367 0 1
170 367 0 1
173 367 0 1
174 367 0 1
177 367 0 1
71 368 0 1
79 368 0 1
87 368 0 1
92 368 0 1
96 368 0 1
97 368 0 1
98 368 0 1
101 368 0 1
102 368 0 1
104 368 0 1
105 368 0 1
107 368 0 1
110 368 0 1
111 368 0 1
112 368 0 1
119 368 0 1
123 368 0 1
124 368 0 1
131 368 0 1
133 368 0 1
138 368 0 1
152 368 0 1
153 368 0 1
154 368 0 1
155 368 0 1
160 368 0 1
161 368 0 1
162 368 0 1
163 368 0 1
165 368 0 1
169 368 0 1
171 368 0 1
173 368 0 1
174 368 0 1
177 368 0 1
178 368 0 1
71 369 0 1
72 369 0 1
88 369 0 1
93 369 0 1
94 369 0 1
95 369 0 1
97 369 0 1
98 369 0 1
99 369 0 1
100 369 0 1
103 369 0 1
107 369 0 1
109 369 0 1
111 369 0 1
112 369 0 1
113 369 0 1
114 369 0 1
120 369 0 1
121 369 0 1
123 369 0 1
125 369 0 1
127 369 0 1
133 369 0 1
135 369 0 1
137 369 0 1
138 369 0 1
163 369 0 1
169 369 0 1
171 369 0 1
172 369 0 1
173 369 0 1
176 369 0 1
177 369 0 1
178 369 0 1
72 370 0 1
73 370 0 1
86 370 0 1
93 370 0 1
94 370 0 1
95 370 0 1
99 370 0 1
100 370 0 1
103 370 0 1
107 370 0 1
109 370 0 1
113 370 0 1
114 370 0 1
120 370 0 1
121 370 0 1
122 370 0 1
125 370 0 1
127 370 0 1
129 370 0 1
133 370 0 1
134 370 0 1
135 370 0 1
136 370 0 1
137 370 0 1
138 370 0 1
143 370 0 1
171 370 0 1
172 370 0 1
173 370 0 1
176 370 0 1
177 370 0 1
178 370 0 1
179 370 0 1
