1 2 0 0
3 4 0 0
3 6 0 0
4 6 0 0
3 7 0 0
4 7 0 0
6 7 0 0
1 8 0 0
2 8 0 0
1 10 0 0
2 10 0 0
7 10 0 0
8 10 0 0
2 11 0 0
9 11 0 0
9 12 0 0
11 12 0 0
3 13 0 0
4 13 0 0
6 13 0 0
7 13 0 0
8 13 0 0
10 13 0 0
9 14 0 0
11 14 0 0
12 14 0 0
1 15 0 0
2 15 0 0
7 15 0 0
8 15 0 0
10 15 0 0
13 15 0 0
9 16 0 0
1 17 0 0
2 17 0 0
15 17 0 0
9 18 0 0
16 18 0 0
1 19 0 0
2 19 0 0
8 19 0 0
10 19 0 0
13 19 0 0
15 19 0 0
17 19 0 0
1 20 0 0
2 20 0 0
7 20 0 0
8 20 0 0
10 20 0 0
13 20 0 0
15 20 0 0
17 20 0 0
19 20 0 0
1 21 0 0
2 21 0 0
8 21 0 0
10 21 0 0
13 21 0 0
15 21 0 0
17 21 0 0
19 21 0 0
20 21 0 0
1 22 0 0
2 22 0 0
8 22 0 0
10 22 0 0
13 22 0 0
15 22 0 0
17 22 0 0
19 22 0 0
20 22 0 0
21 22 0 0
2 23 0 0
16 24 0 0
18 24 0 0
2 25 0 0
9 25 0 0
16 25 0 0
18 25 0 0
23 25 0 0
24 25 0 0
16 26 0 0
18 26 0 0
24 26 0 0
25 26 0 0
1 27 0 0
2 27 0 0
8 27 0 0
10 27 0 0
17 27 0 0
19 27 0 0
20 27 0 0
21 27 0 0
22 27 0 0
2 28 0 0
11 28 0 0
23 28 0 0
25 28 0 0
1 29 0 0
2 29 0 0
8 29 0 0
10 29 0 0
17 29 0 0
19 29 0 0
20 29 0 0
21 29 0 0
22 29 0 0
27 29 0 0
16 30 0 0
18 30 0 0
24 30 0 0
25 30 0 0
26 30 0 0
1 31 0 0
2 31 0 0
11 31 0 0
17 31 0 0
23 31 0 0
25 31 0 0
28 31 0 0
1 32 0 0
27 32 0 0
29 32 0 0
2 33 0 0
23 33 0 0
28 33 0 0
31 33 0 0
2 34 0 0
18 34 0 0
23 34 0 0
25 34 0 0
26 34 0 0
28 34 0 0
31 34 0 0
33 34 0 0
1 35 0 0
2 35 0 0
23 35 0 0
28 35 0 0
31 35 0 0
33 35 0 0
34 35 0 0
1 36 0 0
27 36 0 0
29 36 0 0
32 36 0 0
16 37 0 0
18 37 0 0
23 37 0 0
24 37 0 0
25 37 0 0
26 37 0 0
28 37 0 0
30 37 0 0
31 37 0 0
33 37 0 0
34 37 0 0
35 37 0 0
1 38 0 0
2 38 0 0
17 38 0 0
21 38 0 0
22 38 0 0
27 38 0 0
31 38 0 0
35 38 0 0
2 39 0 0
23 39 0 0
25 39 0 0
28 39 0 0
31 39 0 0
33 39 0 0
34 39 0 0
35 39 0 0
37 39 0 0
38 39 0 0
16 40 0 0
18 40 0 0
24 40 0 0
25 40 0 0
26 40 0 0
30 40 0 0
37 40 0 0
1 41 0 0
2 41 0 0
17 41 0 0
23 41 0 0
28 41 0 0
31 41 0 0
33 41 0 0
34 41 0 0
35 41 0 0
38 41 0 0
39 41 0 0
5 42 0 1
6 42 0 1
9 42 0 1
12 42 0 1
14 42 0 1
6 43 0 1
5 44 0 1
5 45 0 1
9 46 0 1
11 46 0 1
12 46 0 1
14 46 0 1
9 47 0 1
12 47 0 1
9 48 0 1
12 48 0 1
16 50 0 1
24 50 0 1
1 51 0 1
2 51 0 1
11 51 0 1
14 51 0 1
17 51 0 1
19 51 0 1
21 51 0 1
22 51 0 1
28 51 0 1
31 51 0 1
1 52 0 1
2 52 0 1
9 52 0 1
11 52 0 1
12 52 0 1
14 52 0 1
17 52 0 1
19 52 0 1
21 52 0 1
22 52 0 1
23 52 0 1
28 52 0 1
31 52 0 1
5 53 0 1
6 54 0 1
7 54 0 1
13 54 0 1
15 54 0 1
12 55 0 1
14 55 0 1
12 56 0 1
14 56 0 1
5 57 0 1
3 58 0 1
4 58 0 1
6 58 0 1
7 58 0 1
13 58 0 1
6 59 0 1
9 60 0 1
12 60 0 1
14 60 0 1
3 61 0 1
4 61 0 1
6 61 0 1
5 62 0 1
5 63 0 1
6 64 0 1
3 65 0 1
4 65 0 1
6 65 0 1
