1 2 0 0
2 5 0 0
4 5 0 0
2 6 0 0
4 6 0 0
5 6 0 0
1 7 0 0
1 8 0 0
2 8 0 0
2 9 0 0
4 9 0 0
5 9 0 0
6 9 0 0
1 10 0 0
2 10 0 0
8 10 0 0
1 11 0 0
2 11 0 0
8 11 0 0
10 11 0 0
1 12 0 0
2 12 0 0
5 12 0 0
6 12 0 0
8 12 0 0
10 12 0 0
11 12 0 0
1 13 0 0
2 13 0 0
8 13 0 0
10 13 0 0
11 13 0 0
12 13 0 0
1 14 0 0
2 14 0 0
13 14 0 0
2 15 0 0
12 15 0 0
13 15 0 0
14 15 0 0
2 16 0 0
12 16 0 0
15 16 0 0
1 17 0 0
1 18 0 0
2 18 0 0
10 18 0 0
11 18 0 0
13 18 0 0
14 18 0 0
15 18 0 0
16 18 0 0
1 19 0 0
2 19 0 0
13 19 0 0
14 19 0 0
17 19 0 0
18 19 0 0
1 20 0 0
2 20 0 0
10 20 0 0
11 20 0 0
13 20 0 0
14 20 0 0
18 20 0 0
19 20 0 0
2 21 0 0
9 21 0 0
11 21 0 0
12 21 0 0
15 21 0 0
16 21 0 0
18 21 0 0
1 22 0 0
2 22 0 0
10 22 0 0
11 22 0 0
12 22 0 0
13 22 0 0
14 22 0 0
15 22 0 0
16 22 0 0
18 22 0 0
20 22 0 0
21 22 0 0
1 23 0 0
13 23 0 0
14 23 0 0
17 23 0 0
18 23 0 0
19 23 0 0
20 23 0 0
1 24 0 0
2 24 0 0
13 24 0 0
14 24 0 0
15 24 0 0
17 24 0 0
18 24 0 0
19 24 0 0
20 24 0 0
22 24 0 0
23 24 0 0
1 25 0 0
2 25 0 0
7 25 0 0
10 25 0 0
11 25 0 0
13 25 0 0
14 25 0 0
18 25 0 0
19 25 0 0
20 25 0 0
23 25 0 0
24 25 0 0
1 26 0 0
7 26 0 0
13 26 0 0
14 26 0 0
17 26 0 0
18 26 0 0
19 26 0 0
20 26 0 0
23 26 0 0
24 26 0 0
25 26 0 0
1 27 0 0
7 27 0 0
14 27 0 0
17 27 0 0
18 27 0 0
19 27 0 0
20 27 0 0
23 27 0 0
24 27 0 0
25 27 0 0
26 27 0 0
1 28 0 0
2 28 0 0
7 28 0 0
10 28 0 0
13 28 0 0
14 28 0 0
17 28 0 0
18 28 0 0
19 28 0 0
20 28 0 0
23 28 0 0
24 28 0 0
25 28 0 0
26 28 0 0
27 28 0 0
1 29 0 0
2 29 0 0
8 29 0 0
10 29 0 0
11 29 0 0
12 29 0 0
13 29 0 0
14 29 0 0
15 29 0 0
16 29 0 0
18 29 0 0
19 29 0 0
20 29 0 0
21 29 0 0
22 29 0 0
23 29 0 0
24 29 0 0
25 29 0 0
26 29 0 0
28 29 0 0
1 30 0 0
7 30 0 0
13 30 0 0
14 30 0 0
17 30 0 0
18 30 0 0
19 30 0 0
20 30 0 0
23 30 0 0
24 30 0 0
25 30 0 0
26 30 0 0
27 30 0 0
28 30 0 0
2 31 0 0
4 31 0 0
5 31 0 0
6 31 0 0
9 31 0 0
12 31 0 0
15 31 0 0
16 31 0 0
21 31 0 0
22 31 0 0
1 32 0 0
2 32 0 0
7 32 0 0
8 32 0 0
10 32 0 0
11 32 0 0
13 32 0 0
14 32 0 0
18 32 0 0
19 32 0 0
20 32 0 0
22 32 0 0
23 32 0 0
24 32 0 0
25 32 0 0
26 32 0 0
27 32 0 0
28 32 0 0
29 32 0 0
30 32 0 0
1 33 0 0
2 33 0 0
8 33 0 0
10 33 0 0
11 33 0 0
12 33 0 0
13 33 0 0
14 33 0 0
15 33 0 0
18 33 0 0
19 33 0 0
20 33 0 0
22 33 0 0
23 33 0 0
24 33 0 0
25 33 0 0
26 33 0 0
28 33 0 0
29 33 0 0
30 33 0 0
32 33 0 0
1 34 0 0
2 34 0 0
8 34 0 0
10 34 0 0
11 34 0 0
12 34 0 0
13 34 0 0
14 34 0 0
15 34 0 0
16 34 0 0
18 34 0 0
19 34 0 0
20 34 0 0
22 34 0 0
23 34 0 0
24 34 0 0
25 34 0 0
26 34 0 0
27 34 0 0
28 34 0 0
29 34 0 0
30 34 0 0
32 34 0 0
33 34 0 0
2 35 0 0
5 35 0 0
6 35 0 0
8 35 0 0
9 35 0 0
10 35 0 0
11 35 0 0
12 35 0 0
13 35 0 0
15 35 0 0
16 35 0 0
18 35 0 0
21 35 0 0
22 35 0 0
29 35 0 0
31 35 0 0
33 35 0 0
34 35 0 0
14 36 0 0
17 36 0 0
18 36 0 0
19 36 0 0
20 36 0 0
23 36 0 0
24 36 0 0
25 36 0 0
26 36 0 0
27 36 0 0
28 36 0 0
30 36 0 0
32 36 0 0
34 36 0 0
14 37 0 0
17 37 0 0
18 37 0 0
19 37 0 0
20 37 0 0
23 37 0 0
24 37 0 0
25 37 0 0
26 37 0 0
27 37 0 0
28 37 0 0
30 37 0 0
32 37 0 0
34 37 0 0
36 37 0 0
14 38 0 0
17 38 0 0
19 38 0 0
23 38 0 0
24 38 0 0
26 38 0 0
27 38 0 0
28 38 0 0
30 38 0 0
36 38 0 0
37 38 0 0
14 39 0 0
15 39 0 0
18 39 0 0
19 39 0 0
20 39 0 0
22 39 0 0
23 39 0 0
24 39 0 0
25 39 0 0
26 39 0 0
32 39 0 0
34 39 0 0
36 39 0 0
37 39 0 0
38 39 0 0
2 40 0 0
14 40 0 0
15 40 0 0
16 40 0 0
18 40 0 0
19 40 0 0
20 40 0 0
21 40 0 0
22 40 0 0
24 40 0 0
34 40 0 0
39 40 0 0
14 41 0 0
17 41 0 0
18 41 0 0
19 41 0 0
20 41 0 0
23 41 0 0
24 41 0 0
25 41 0 0
26 41 0 0
27 41 0 0
28 41 0 0
34 41 0 0
36 41 0 0
37 41 0 0
38 41 0 0
39 41 0 0
40 41 0 0
14 42 0 0
15 42 0 0
18 42 0 0
19 42 0 0
20 42 0 0
22 42 0 0
23 42 0 0
24 42 0 0
25 42 0 0
26 42 0 0
34 42 0 0
36 42 0 0
37 42 0 0
39 42 0 0
40 42 0 0
41 42 0 0
43 44 0 0
15 45 0 0
16 45 0 0
22 45 0 0
39 45 0 0
40 45 0 0
42 45 0 0
15 46 0 0
16 46 0 0
40 46 0 0
45 46 0 0
3 47 0 0
43 47 0 0
44 47 0 0
46 47 0 0
3 48 0 0
39 48 0 0
40 48 0 0
42 48 0 0
45 48 0 0
46 48 0 0
3 49 0 0
15 49 0 0
16 49 0 0
39 49 0 0
40 49 0 0
42 49 0 0
45 49 0 0
46 49 0 0
47 49 0 0
48 49 0 0
2 50 0 0
14 50 0 0
15 50 0 0
16 50 0 0
18 50 0 0
21 50 0 0
22 50 0 0
34 50 0 0
35 50 0 0
39 50 0 0
40 50 0 0
42 50 0 0
45 50 0 0
46 50 0 0
48 50 0 0
49 50 0 0
15 51 0 0
16 51 0 0
21 51 0 0
22 51 0 0
39 51 0 0
40 51 0 0
42 51 0 0
45 51 0 0
46 51 0 0
48 51 0 0
49 51 0 0
50 51 0 0
3 52 0 0
46 52 0 0
47 52 0 0
48 52 0 0
49 52 0 0
3 53 0 0
43 53 0 0
44 53 0 0
47 53 0 0
52 53 0 0
3 54 0 0
43 54 0 0
44 54 0 0
47 54 0 0
52 54 0 0
53 54 0 0
3 55 0 0
43 55 0 0
44 55 0 0
47 55 0 0
52 55 0 0
53 55 0 0
54 55 0 0
3 56 0 0
44 56 0 0
46 56 0 0
47 56 0 0
49 56 0 0
52 56 0 0
53 56 0 0
54 56 0 0
55 56 0 0
43 57 0 0
53 57 0 0
54 57 0 0
55 57 0 0
43 58 0 0
44 58 0 0
53 58 0 0
54 58 0 0
57 58 0 0
3 59 0 0
44 59 0 0
45 59 0 0
46 59 0 0
47 59 0 0
48 59 0 0
49 59 0 0
50 59 0 0
51 59 0 0
52 59 0 0
53 59 0 0
55 59 0 0
56 59 0 0
3 60 0 0
43 60 0 0
44 60 0 0
46 60 0 0
47 60 0 0
49 60 0 0
52 60 0 0
53 60 0 0
54 60 0 0
55 60 0 0
56 60 0 0
58 60 0 0
59 60 0 0
3 61 0 0
43 61 0 0
44 61 0 0
47 61 0 0
52 61 0 0
53 61 0 0
54 61 0 0
55 61 0 0
56 61 0 0
57 61 0 0
58 61 0 0
59 61 0 0
60 61 0 0
3 62 0 0
44 62 0 0
46 62 0 0
47 62 0 0
49 62 0 0
52 62 0 0
53 62 0 0
54 62 0 0
55 62 0 0
56 62 0 0
59 62 0 0
60 62 0 0
61 62 0 0
3 63 0 0
48 63 0 0
49 63 0 0
52 63 0 0
56 63 0 0
59 63 0 0
62 63 0 0
3 64 0 0
47 64 0 0
52 64 0 0
53 64 0 0
54 64 0 0
55 64 0 0
56 64 0 0
57 64 0 0
58 64 0 0
60 64 0 0
61 64 0 0
62 64 0 0
3 65 0 0
47 65 0 0
48 65 0 0
49 65 0 0
52 65 0 0
53 65 0 0
55 65 0 0
56 65 0 0
59 65 0 0
60 65 0 0
61 65 0 0
62 65 0 0
63 65 0 0
64 65 0 0
3 66 0 0
47 66 0 0
52 66 0 0
53 66 0 0
54 66 0 0
55 66 0 0
56 66 0 0
57 66 0 0
58 66 0 0
60 66 0 0
61 66 0 0
62 66 0 0
64 66 0 0
65 66 0 0
3 67 0 0
47 67 0 0
52 67 0 0
53 67 0 0
54 67 0 0
55 67 0 0
56 67 0 0
59 67 0 0
60 67 0 0
61 67 0 0
62 67 0 0
64 67 0 0
65 67 0 0
66 67 0 0
3 68 0 0
52 68 0 0
55 68 0 0
56 68 0 0
63 68 0 0
64 68 0 0
65 68 0 0
66 68 0 0
67 68 0 0
3 69 0 0
52 69 0 0
53 69 0 0
55 69 0 0
56 69 0 0
62 69 0 0
64 69 0 0
65 69 0 0
66 69 0 0
67 69 0 0
68 69 0 0
3 70 0 0
3 71 0 0
70 71 0 0
70 73 0 0
72 73 0 0
3 74 0 0
70 74 0 0
71 74 0 0
3 75 0 0
63 75 0 0
65 75 0 0
67 75 0 0
68 75 0 0
69 75 0 0
71 75 0 0
1 76 0 0
17 76 0 0
19 76 0 0
20 76 0 0
23 76 0 0
24 76 0 0
25 76 0 0
26 76 0 0
27 76 0 0
28 76 0 0
30 76 0 0
36 76 0 0
37 76 0 0
38 76 0 0
41 76 0 0
1 77 0 0
14 77 0 0
17 77 0 0
18 77 0 0
19 77 0 0
20 77 0 0
23 77 0 0
24 77 0 0
25 77 0 0
26 77 0 0
27 77 0 0
28 77 0 0
30 77 0 0
32 77 0 0
34 77 0 0
36 77 0 0
37 77 0 0
38 77 0 0
39 77 0 0
41 77 0 0
76 77 0 0
2 78 0 0
12 78 0 0
15 78 0 0
16 78 0 0
18 78 0 0
21 78 0 0
22 78 0 0
29 78 0 0
31 78 0 0
33 78 0 0
34 78 0 0
35 78 0 0
40 78 0 0
42 78 0 0
45 78 0 0
46 78 0 0
49 78 0 0
50 78 0 0
51 78 0 0
1 79 0 0
2 79 0 0
13 79 0 0
14 79 0 0
15 79 0 0
16 79 0 0
18 79 0 0
19 79 0 0
20 79 0 0
22 79 0 0
23 79 0 0
24 79 0 0
25 79 0 0
26 79 0 0
28 79 0 0
29 79 0 0
32 79 0 0
33 79 0 0
34 79 0 0
36 79 0 0
37 79 0 0
39 79 0 0
40 79 0 0
41 79 0 0
42 79 0 0
45 79 0 0
50 79 0 0
51 79 0 0
77 79 0 0
78 79 0 0
1 80 0 0
2 80 0 0
8 80 0 0
10 80 0 0
11 80 0 0
12 80 0 0
13 80 0 0
14 80 0 0
15 80 0 0
16 80 0 0
18 80 0 0
19 80 0 0
20 80 0 0
21 80 0 0
22 80 0 0
23 80 0 0
24 80 0 0
25 80 0 0
26 80 0 0
28 80 0 0
29 80 0 0
31 80 0 0
32 80 0 0
33 80 0 0
34 80 0 0
35 80 0 0
39 80 0 0
40 80 0 0
41 80 0 0
42 80 0 0
45 80 0 0
49 80 0 0
50 80 0 0
51 80 0 0
78 80 0 0
79 80 0 0
2 81 0 0
15 81 0 0
16 81 0 0
21 81 0 0
22 81 0 0
31 81 0 0
35 81 0 0
44 81 0 0
45 81 0 0
46 81 0 0
47 81 0 0
49 81 0 0
50 81 0 0
51 81 0 0
59 81 0 0
78 81 0 0
2 82 0 0
15 82 0 0
16 82 0 0
21 82 0 0
22 82 0 0
31 82 0 0
35 82 0 0
45 82 0 0
46 82 0 0
49 82 0 0
50 82 0 0
51 82 0 0
78 82 0 0
80 82 0 0
81 82 0 0
2 83 0 0
14 83 0 0
15 83 0 0
16 83 0 0
18 83 0 0
20 83 0 0
21 83 0 0
22 83 0 0
24 83 0 0
29 83 0 0
31 83 0 0
32 83 0 0
33 83 0 0
34 83 0 0
35 83 0 0
39 83 0 0
40 83 0 0
42 83 0 0
45 83 0 0
46 83 0 0
48 83 0 0
49 83 0 0
50 83 0 0
51 83 0 0
78 83 0 0
79 83 0 0
80 83 0 0
81 83 0 0
82 83 0 0
14 84 0 0
17 84 0 0
18 84 0 0
19 84 0 0
20 84 0 0
23 84 0 0
24 84 0 0
25 84 0 0
26 84 0 0
27 84 0 0
28 84 0 0
30 84 0 0
36 84 0 0
37 84 0 0
38 84 0 0
41 84 0 0
76 84 0 0
77 84 0 0
1 85 0 0
2 85 0 0
14 85 0 0
15 85 0 0
18 85 0 0
19 85 0 0
20 85 0 0
22 85 0 0
23 85 0 0
24 85 0 0
25 85 0 0
26 85 0 0
28 85 0 0
29 85 0 0
32 85 0 0
33 85 0 0
34 85 0 0
36 85 0 0
37 85 0 0
39 85 0 0
40 85 0 0
41 85 0 0
42 85 0 0
45 85 0 0
49 85 0 0
50 85 0 0
51 85 0 0
77 85 0 0
78 85 0 0
79 85 0 0
80 85 0 0
83 85 0 0
2 86 0 0
15 86 0 0
16 86 0 0
18 86 0 0
21 86 0 0
22 86 0 0
31 86 0 0
34 86 0 0
35 86 0 0
39 86 0 0
40 86 0 0
42 86 0 0
45 86 0 0
46 86 0 0
48 86 0 0
49 86 0 0
50 86 0 0
51 86 0 0
59 86 0 0
78 86 0 0
79 86 0 0
80 86 0 0
81 86 0 0
82 86 0 0
83 86 0 0
85 86 0 0
4 87 0 1
5 87 0 1
6 87 0 1
9 87 0 1
4 88 0 1
5 88 0 1
9 88 0 1
31 88 0 1
43 88 0 1
44 88 0 1
61 88 0 1
81 88 0 1
82 88 0 1
3 89 0 1
14 89 0 1
23 89 0 1
24 89 0 1
36 89 0 1
37 89 0 1
38 89 0 1
39 89 0 1
40 89 0 1
41 89 0 1
42 89 0 1
45 89 0 1
48 89 0 1
49 89 0 1
50 89 0 1
63 89 0 1
70 89 0 1
71 89 0 1
72 89 0 1
73 89 0 1
74 89 0 1
76 89 0 1
77 89 0 1
79 89 0 1
84 89 0 1
85 89 0 1
1 90 0 1
7 90 0 1
28 90 0 1
30 90 0 1
1 91 0 1
7 91 0 1
27 91 0 1
28 91 0 1
30 91 0 1
1 92 0 1
2 92 0 1
6 92 0 1
8 92 0 1
10 92 0 1
11 92 0 1
12 92 0 1
13 92 0 1
29 92 0 1
32 92 0 1
33 92 0 1
80 92 0 1
1 93 0 1
2 93 0 1
5 93 0 1
6 93 0 1
8 93 0 1
10 93 0 1
11 93 0 1
12 93 0 1
13 93 0 1
29 93 0 1
33 93 0 1
35 93 0 1
80 93 0 1
1 94 0 1
2 94 0 1
4 94 0 1
5 94 0 1
6 94 0 1
8 94 0 1
9 94 0 1
10 94 0 1
11 94 0 1
12 94 0 1
13 94 0 1
29 94 0 1
31 94 0 1
35 94 0 1
80 94 0 1
2 95 0 1
4 95 0 1
5 95 0 1
6 95 0 1
8 95 0 1
9 95 0 1
11 95 0 1
12 95 0 1
31 95 0 1
35 95 0 1
4 96 0 1
5 96 0 1
6 96 0 1
9 96 0 1
31 96 0 1
4 97 0 1
5 97 0 1
6 97 0 1
9 97 0 1
4 98 0 1
5 98 0 1
6 98 0 1
9 98 0 1
31 98 0 1
4 100 0 1
5 100 0 1
6 100 0 1
9 100 0 1
21 100 0 1
31 100 0 1
35 100 0 1
81 100 0 1
82 100 0 1
9 101 0 1
16 101 0 1
21 101 0 1
31 101 0 1
44 101 0 1
47 101 0 1
78 101 0 1
81 101 0 1
82 101 0 1
86 101 0 1
43 102 0 1
44 102 0 1
43 103 0 1
44 103 0 1
9 104 0 1
31 104 0 1
43 104 0 1
44 104 0 1
81 104 0 1
82 104 0 1
5 106 0 1
6 106 0 1
9 106 0 1
31 106 0 1
81 106 0 1
82 106 0 1
4 107 0 1
5 107 0 1
6 107 0 1
9 107 0 1
31 107 0 1
4 108 0 1
5 108 0 1
6 108 0 1
9 108 0 1
31 108 0 1
2 109 0 1
4 109 0 1
5 109 0 1
6 109 0 1
9 109 0 1
11 109 0 1
12 109 0 1
15 109 0 1
16 109 0 1
21 109 0 1
22 109 0 1
31 109 0 1
35 109 0 1
78 109 0 1
80 109 0 1
82 109 0 1
4 110 0 1
5 110 0 1
6 110 0 1
9 110 0 1
31 110 0 1
81 110 0 1
82 110 0 1
43 111 0 1
44 111 0 1
53 111 0 1
54 111 0 1
57 111 0 1
58 111 0 1
60 111 0 1
61 111 0 1
43 112 0 1
44 112 0 1
46 112 0 1
47 112 0 1
49 112 0 1
52 112 0 1
53 112 0 1
54 112 0 1
55 112 0 1
56 112 0 1
59 112 0 1
60 112 0 1
61 112 0 1
62 112 0 1
81 112 0 1
82 112 0 1
14 113 0 1
18 113 0 1
23 113 0 1
24 113 0 1
36 113 0 1
37 113 0 1
38 113 0 1
39 113 0 1
40 113 0 1
41 113 0 1
42 113 0 1
45 113 0 1
48 113 0 1
49 113 0 1
50 113 0 1
51 113 0 1
77 113 0 1
79 113 0 1
80 113 0 1
83 113 0 1
84 113 0 1
85 113 0 1
86 113 0 1
24 114 0 1
36 114 0 1
37 114 0 1
38 114 0 1
39 114 0 1
41 114 0 1
42 114 0 1
76 114 0 1
77 114 0 1
84 114 0 1
85 114 0 1
36 115 0 1
37 115 0 1
38 115 0 1
39 115 0 1
41 115 0 1
76 115 0 1
77 115 0 1
84 115 0 1
3 116 0 1
45 116 0 1
46 116 0 1
47 116 0 1
48 116 0 1
49 116 0 1
50 116 0 1
51 116 0 1
52 116 0 1
55 116 0 1
56 116 0 1
59 116 0 1
60 116 0 1
61 116 0 1
62 116 0 1
63 116 0 1
65 116 0 1
81 116 0 1
82 116 0 1
86 116 0 1
39 117 0 1
40 117 0 1
42 117 0 1
45 117 0 1
46 117 0 1
48 117 0 1
49 117 0 1
50 117 0 1
51 117 0 1
63 117 0 1
80 117 0 1
83 117 0 1
85 117 0 1
86 117 0 1
39 118 0 1
40 118 0 1
42 118 0 1
45 118 0 1
46 118 0 1
48 118 0 1
49 118 0 1
50 118 0 1
51 118 0 1
63 118 0 1
85 118 0 1
86 118 0 1
15 119 0 1
16 119 0 1
21 119 0 1
22 119 0 1
31 119 0 1
44 119 0 1
45 119 0 1
46 119 0 1
47 119 0 1
48 119 0 1
49 119 0 1
50 119 0 1
51 119 0 1
59 119 0 1
60 119 0 1
61 119 0 1
78 119 0 1
81 119 0 1
82 119 0 1
83 119 0 1
86 119 0 1
43 120 0 1
44 120 0 1
58 120 0 1
61 120 0 1
43 121 0 1
44 121 0 1
47 121 0 1
53 121 0 1
58 121 0 1
60 121 0 1
61 121 0 1
62 121 0 1
81 121 0 1
9 122 0 1
21 122 0 1
31 122 0 1
43 122 0 1
44 122 0 1
47 122 0 1
61 122 0 1
81 122 0 1
82 122 0 1
9 123 0 1
31 123 0 1
43 123 0 1
44 123 0 1
47 123 0 1
61 123 0 1
81 123 0 1
82 123 0 1
43 124 0 1
44 124 0 1
43 125 0 1
44 125 0 1
61 125 0 1
43 126 0 1
44 126 0 1
58 126 0 1
61 126 0 1
43 127 0 1
44 127 0 1
47 127 0 1
60 127 0 1
61 127 0 1
81 127 0 1
16 128 0 1
21 128 0 1
31 128 0 1
43 128 0 1
44 128 0 1
46 128 0 1
47 128 0 1
49 128 0 1
50 128 0 1
51 128 0 1
53 128 0 1
54 128 0 1
55 128 0 1
56 128 0 1
58 128 0 1
59 128 0 1
60 128 0 1
61 128 0 1
62 128 0 1
78 128 0 1
81 128 0 1
82 128 0 1
86 128 0 1
3 129 0 1
45 129 0 1
46 129 0 1
47 129 0 1
48 129 0 1
49 129 0 1
52 129 0 1
55 129 0 1
56 129 0 1
59 129 0 1
60 129 0 1
62 129 0 1
63 129 0 1
65 129 0 1
67 129 0 1
68 129 0 1
69 129 0 1
3 130 0 1
46 130 0 1
47 130 0 1
48 130 0 1
49 130 0 1
52 130 0 1
53 130 0 1
55 130 0 1
56 130 0 1
59 130 0 1
60 130 0 1
61 130 0 1
62 130 0 1
63 130 0 1
65 130 0 1
67 130 0 1
68 130 0 1
69 130 0 1
75 130 0 1
53 132 0 1
54 132 0 1
57 132 0 1
58 132 0 1
61 132 0 1
64 132 0 1
66 132 0 1
53 133 0 1
54 133 0 1
55 133 0 1
57 133 0 1
58 133 0 1
61 133 0 1
64 133 0 1
66 133 0 1
67 133 0 1
3 134 0 1
70 134 0 1
72 134 0 1
73 134 0 1
74 134 0 1
72 135 0 1
73 135 0 1
72 136 0 1
73 136 0 1
3 137 0 1
64 137 0 1
66 137 0 1
67 137 0 1
68 137 0 1
69 137 0 1
75 137 0 1
3 138 0 1
64 138 0 1
66 138 0 1
67 138 0 1
68 138 0 1
69 138 0 1
75 138 0 1
72 139 0 1
73 139 0 1
3 140 0 1
64 140 0 1
65 140 0 1
66 140 0 1
67 140 0 1
68 140 0 1
69 140 0 1
75 140 0 1
72 141 0 1
73 141 0 1
3 142 0 1
55 142 0 1
56 142 0 1
64 142 0 1
65 142 0 1
66 142 0 1
67 142 0 1
68 142 0 1
69 142 0 1
75 142 0 1
3 143 0 1
63 143 0 1
70 143 0 1
71 143 0 1
74 143 0 1
75 143 0 1
3 144 0 1
64 144 0 1
65 144 0 1
66 144 0 1
67 144 0 1
68 144 0 1
69 144 0 1
75 144 0 1
3 145 0 1
70 145 0 1
71 145 0 1
72 145 0 1
73 145 0 1
74 145 0 1
3 146 0 1
63 146 0 1
70 146 0 1
71 146 0 1
73 146 0 1
74 146 0 1
72 147 0 1
73 147 0 1
3 148 0 1
63 148 0 1
70 148 0 1
71 148 0 1
74 148 0 1
53 149 0 1
54 149 0 1
57 149 0 1
64 149 0 1
66 149 0 1
67 149 0 1
68 149 0 1
69 149 0 1
3 150 0 1
47 150 0 1
52 150 0 1
53 150 0 1
54 150 0 1
55 150 0 1
56 150 0 1
59 150 0 1
60 150 0 1
61 150 0 1
62 150 0 1
64 150 0 1
65 150 0 1
66 150 0 1
67 150 0 1
68 150 0 1
69 150 0 1
75 150 0 1
39 151 0 1
40 151 0 1
42 151 0 1
45 151 0 1
48 151 0 1
49 151 0 1
50 151 0 1
51 151 0 1
63 151 0 1
3 152 0 1
39 152 0 1
40 152 0 1
42 152 0 1
45 152 0 1
46 152 0 1
48 152 0 1
49 152 0 1
50 152 0 1
51 152 0 1
63 152 0 1
36 153 0 1
39 153 0 1
40 153 0 1
41 153 0 1
42 153 0 1
45 153 0 1
48 153 0 1
49 153 0 1
50 153 0 1
51 153 0 1
79 153 0 1
80 153 0 1
83 153 0 1
85 153 0 1
86 153 0 1
37 154 0 1
38 154 0 1
76 154 0 1
36 155 0 1
37 155 0 1
38 155 0 1
41 155 0 1
