1 2 0 0
2 3 0 0
4 5 0 0
6 7 0 0
1 8 0 0
4 8 0 0
4 9 0 0
5 9 0 0
1 10 0 0
6 10 0 0
7 10 0 0
1 11 0 0
10 11 0 0
1 12 0 0
10 12 0 0
11 12 0 0
1 13 0 0
6 13 0 0
7 13 0 0
10 13 0 0
11 13 0 0
12 13 0 0
1 14 0 0
6 14 0 0
7 14 0 0
10 14 0 0
11 14 0 0
12 14 0 0
13 14 0 0
1 15 0 0
8 15 0 0
13 15 0 0
1 16 0 0
7 16 0 0
10 16 0 0
11 16 0 0
12 16 0 0
13 16 0 0
14 16 0 0
1 17 0 0
9 17 0 0
1 18 0 0
10 18 0 0
11 18 0 0
12 18 0 0
13 18 0 0
14 18 0 0
16 18 0 0
1 19 0 0
9 19 0 0
17 19 0 0
1 20 0 0
12 20 0 0
18 20 0 0
1 21 0 0
3 21 0 0
1 22 0 0
3 22 0 0
17 22 0 0
19 22 0 0
21 22 0 0
1 23 0 0
17 23 0 0
19 23 0 0
22 23 0 0
1 24 0 0
18 24 0 0
21 24 0 0
22 24 0 0
1 25 0 0
9 25 0 0
17 25 0 0
19 25 0 0
22 25 0 0
23 25 0 0
1 26 0 0
10 26 0 0
11 26 0 0
12 26 0 0
13 26 0 0
14 26 0 0
16 26 0 0
18 26 0 0
20 26 0 0
1 27 0 0
10 27 0 0
11 27 0 0
12 27 0 0
13 27 0 0
14 27 0 0
16 27 0 0
18 27 0 0
21 27 0 0
24 27 0 0
26 27 0 0
1 28 0 0
10 28 0 0
11 28 0 0
12 28 0 0
14 28 0 0
16 28 0 0
18 28 0 0
20 28 0 0
26 28 0 0
27 28 0 0
1 29 0 0
15 29 0 0
17 29 0 0
19 29 0 0
21 29 0 0
22 29 0 0
23 29 0 0
24 29 0 0
25 29 0 0
1 30 0 0
17 30 0 0
19 30 0 0
22 30 0 0
23 30 0 0
25 30 0 0
29 30 0 0
3 31 0 0
23 31 0 0
25 31 0 0
30 31 0 0
1 32 0 0
2 32 0 0
20 32 0 0
24 32 0 0
2 33 0 0
3 33 0 0
23 33 0 0
25 33 0 0
30 33 0 0
31 33 0 0
1 34 0 0
2 34 0 0
3 34 0 0
21 34 0 0
22 34 0 0
24 34 0 0
29 34 0 0
33 34 0 0
1 35 0 0
2 35 0 0
32 35 0 0
1 36 0 0
2 36 0 0
3 36 0 0
21 36 0 0
34 36 0 0
3 37 0 0
25 37 0 0
31 37 0 0
33 37 0 0
2 38 0 0
3 38 0 0
23 38 0 0
31 38 0 0
33 38 0 0
34 38 0 0
36 38 0 0
37 38 0 0
1 39 0 0
2 39 0 0
20 39 0 0
32 39 0 0
35 39 0 0
1 40 0 0
2 40 0 0
3 40 0 0
21 40 0 0
24 40 0 0
33 40 0 0
34 40 0 0
36 40 0 0
38 40 0 0
1 41 0 0
2 41 0 0
32 41 0 0
35 41 0 0
36 41 0 0
39 41 0 0
40 41 0 0
1 42 0 0
3 42 0 0
21 42 0 0
22 42 0 0
23 42 0 0
24 42 0 0
29 42 0 0
30 42 0 0
33 42 0 0
34 42 0 0
36 42 0 0
38 42 0 0
40 42 0 0
1 43 0 0
3 43 0 0
17 43 0 0
19 43 0 0
21 43 0 0
22 43 0 0
23 43 0 0
25 43 0 0
29 43 0 0
30 43 0 0
31 43 0 0
33 43 0 0
34 43 0 0
36 43 0 0
37 43 0 0
38 43 0 0
40 43 0 0
42 43 0 0
3 44 0 0
17 44 0 0
19 44 0 0
23 44 0 0
25 44 0 0
30 44 0 0
31 44 0 0
33 44 0 0
37 44 0 0
38 44 0 0
42 44 0 0
43 44 0 0
1 45 0 0
2 45 0 0
18 45 0 0
20 45 0 0
24 45 0 0
26 45 0 0
27 45 0 0
28 45 0 0
32 45 0 0
35 45 0 0
39 45 0 0
41 45 0 0
1 46 0 0
2 46 0 0
18 46 0 0
20 46 0 0
24 46 0 0
26 46 0 0
27 46 0 0
28 46 0 0
32 46 0 0
35 46 0 0
39 46 0 0
41 46 0 0
45 46 0 0
1 47 0 0
2 47 0 0
20 47 0 0
21 47 0 0
24 47 0 0
27 47 0 0
28 47 0 0
32 47 0 0
35 47 0 0
36 47 0 0
39 47 0 0
40 47 0 0
41 47 0 0
45 47 0 0
46 47 0 0
2 48 0 0
35 48 0 0
2 49 0 0
32 49 0 0
35 49 0 0
39 49 0 0
41 49 0 0
48 49 0 0
2 50 0 0
3 50 0 0
2 51 0 0
48 51 0 0
49 51 0 0
2 52 0 0
51 52 0 0
2 53 0 0
3 53 0 0
50 53 0 0
3 54 0 0
50 54 0 0
53 54 0 0
2 55 0 0
3 55 0 0
50 55 0 0
52 55 0 0
53 55 0 0
2 56 0 0
3 56 0 0
50 56 0 0
52 56 0 0
53 56 0 0
55 56 0 0
2 57 0 0
3 57 0 0
52 57 0 0
53 57 0 0
55 57 0 0
56 57 0 0
2 58 0 0
3 58 0 0
52 58 0 0
55 58 0 0
56 58 0 0
57 58 0 0
2 59 0 0
32 59 0 0
35 59 0 0
39 59 0 0
41 59 0 0
45 59 0 0
46 59 0 0
47 59 0 0
48 59 0 0
49 59 0 0
2 60 0 0
3 60 0 0
33 60 0 0
34 60 0 0
36 60 0 0
38 60 0 0
40 60 0 0
42 60 0 0
55 60 0 0
56 60 0 0
57 60 0 0
58 60 0 0
2 61 0 1
20 61 0 1
32 61 0 1
35 61 0 1
39 61 0 1
41 61 0 1
48 61 0 1
49 61 0 1
51 61 0 1
52 61 0 1
59 61 0 1
4 62 0 1
8 62 0 1
15 62 0 1
6 63 0 1
7 63 0 1
10 63 0 1
13 63 0 1
14 63 0 1
16 63 0 1
6 64 0 1
7 64 0 1
4 65 0 1
5 65 0 1
8 65 0 1
9 65 0 1
4 66 0 1
5 66 0 1
8 66 0 1
9 66 0 1
15 66 0 1
4 67 0 1
5 67 0 1
8 67 0 1
9 67 0 1
15 67 0 1
4 68 0 1
5 68 0 1
8 68 0 1
15 68 0 1
8 69 0 1
13 69 0 1
15 69 0 1
6 70 0 1
7 70 0 1
6 71 0 1
7 71 0 1
6 72 0 1
7 72 0 1
14 72 0 1
4 73 0 1
8 73 0 1
15 73 0 1
8 74 0 1
13 74 0 1
15 74 0 1
8 75 0 1
10 75 0 1
13 75 0 1
15 75 0 1
16 75 0 1
1 76 0 1
8 76 0 1
10 76 0 1
11 76 0 1
13 76 0 1
14 76 0 1
15 76 0 1
16 76 0 1
1 77 0 1
8 77 0 1
10 77 0 1
11 77 0 1
13 77 0 1
15 77 0 1
16 77 0 1
18 77 0 1
22 77 0 1
27 77 0 1
29 77 0 1
6 79 0 1
7 79 0 1
12 79 0 1
14 79 0 1
1 80 0 1
4 80 0 1
5 80 0 1
8 80 0 1
9 80 0 1
15 80 0 1
17 80 0 1
19 80 0 1
1 81 0 1
8 81 0 1
10 81 0 1
11 81 0 1
13 81 0 1
14 81 0 1
15 81 0 1
16 81 0 1
18 81 0 1
27 81 0 1
1 82 0 1
6 82 0 1
7 82 0 1
10 82 0 1
11 82 0 1
12 82 0 1
13 82 0 1
14 82 0 1
16 82 0 1
18 82 0 1
26 82 0 1
27 82 0 1
28 82 0 1
6 83 0 1
7 83 0 1
10 83 0 1
11 83 0 1
12 83 0 1
13 83 0 1
14 83 0 1
16 83 0 1
18 83 0 1
26 83 0 1
28 83 0 1
4 84 0 1
5 84 0 1
8 84 0 1
9 84 0 1
15 84 0 1
17 84 0 1
19 84 0 1
25 84 0 1
30 84 0 1
6 85 0 1
7 85 0 1
10 85 0 1
12 85 0 1
14 85 0 1
1 86 0 1
8 86 0 1
13 86 0 1
15 86 0 1
16 86 0 1
1 87 0 1
4 87 0 1
8 87 0 1
13 87 0 1
15 87 0 1
6 88 0 1
7 88 0 1
10 88 0 1
11 88 0 1
12 88 0 1
13 88 0 1
14 88 0 1
16 88 0 1
18 88 0 1
26 88 0 1
1 89 0 1
9 89 0 1
17 89 0 1
19 89 0 1
23 89 0 1
25 89 0 1
29 89 0 1
30 89 0 1
1 90 0 1
6 90 0 1
10 90 0 1
11 90 0 1
12 90 0 1
14 90 0 1
16 90 0 1
18 90 0 1
20 90 0 1
26 90 0 1
28 90 0 1
1 94 0 1
3 94 0 1
17 94 0 1
19 94 0 1
21 94 0 1
22 94 0 1
23 94 0 1
24 94 0 1
25 94 0 1
29 94 0 1
30 94 0 1
33 94 0 1
34 94 0 1
42 94 0 1
43 94 0 1
44 94 0 1
1 95 0 1
11 95 0 1
12 95 0 1
18 95 0 1
20 95 0 1
26 95 0 1
28 95 0 1
45 95 0 1
46 95 0 1
1 96 0 1
8 96 0 1
9 96 0 1
15 96 0 1
17 96 0 1
19 96 0 1
21 96 0 1
22 96 0 1
23 96 0 1
25 96 0 1
29 96 0 1
30 96 0 1
42 96 0 1
43 96 0 1
44 96 0 1
12 97 0 1
14 97 0 1
20 97 0 1
26 97 0 1
28 97 0 1
1 98 0 1
8 98 0 1
15 98 0 1
17 98 0 1
19 98 0 1
22 98 0 1
23 98 0 1
25 98 0 1
29 98 0 1
30 98 0 1
43 98 0 1
12 99 0 1
1 100 0 1
6 100 0 1
10 100 0 1
11 100 0 1
12 100 0 1
14 100 0 1
16 100 0 1
18 100 0 1
20 100 0 1
26 100 0 1
28 100 0 1
1 102 0 1
10 102 0 1
11 102 0 1
12 102 0 1
13 102 0 1
14 102 0 1
16 102 0 1
18 102 0 1
20 102 0 1
26 102 0 1
27 102 0 1
28 102 0 1
45 102 0 1
1 103 0 1
8 103 0 1
15 103 0 1
17 103 0 1
19 103 0 1
21 103 0 1
22 103 0 1
23 103 0 1
24 103 0 1
25 103 0 1
29 103 0 1
30 103 0 1
42 103 0 1
43 103 0 1
20 104 0 1
1 105 0 1
4 105 0 1
5 105 0 1
8 105 0 1
9 105 0 1
15 105 0 1
17 105 0 1
19 105 0 1
22 105 0 1
23 105 0 1
25 105 0 1
29 105 0 1
30 105 0 1
1 106 0 1
8 106 0 1
13 106 0 1
15 106 0 1
18 106 0 1
22 106 0 1
27 106 0 1
29 106 0 1
6 108 0 1
7 108 0 1
12 108 0 1
14 108 0 1
26 108 0 1
28 108 0 1
1 109 0 1
6 109 0 1
7 109 0 1
10 109 0 1
11 109 0 1
12 109 0 1
13 109 0 1
14 109 0 1
16 109 0 1
18 109 0 1
26 109 0 1
27 109 0 1
28 109 0 1
1 110 0 1
5 110 0 1
8 110 0 1
9 110 0 1
15 110 0 1
17 110 0 1
19 110 0 1
22 110 0 1
23 110 0 1
25 110 0 1
29 110 0 1
30 110 0 1
6 111 0 1
7 111 0 1
10 111 0 1
11 111 0 1
12 111 0 1
14 111 0 1
16 111 0 1
18 111 0 1
26 111 0 1
28 111 0 1
1 112 0 1
8 112 0 1
15 112 0 1
17 112 0 1
19 112 0 1
21 112 0 1
22 112 0 1
23 112 0 1
25 112 0 1
29 112 0 1
30 112 0 1
20 113 0 1
1 114 0 1
3 114 0 1
17 114 0 1
19 114 0 1
21 114 0 1
22 114 0 1
23 114 0 1
25 114 0 1
29 114 0 1
30 114 0 1
31 114 0 1
33 114 0 1
34 114 0 1
36 114 0 1
37 114 0 1
38 114 0 1
40 114 0 1
42 114 0 1
43 114 0 1
44 114 0 1
1 115 0 1
2 115 0 1
3 115 0 1
21 115 0 1
22 115 0 1
24 115 0 1
34 115 0 1
36 115 0 1
38 115 0 1
40 115 0 1
41 115 0 1
42 115 0 1
43 115 0 1
47 115 0 1
60 115 0 1
1 116 0 1
2 116 0 1
3 116 0 1
21 116 0 1
24 116 0 1
32 116 0 1
34 116 0 1
35 116 0 1
36 116 0 1
39 116 0 1
40 116 0 1
41 116 0 1
42 116 0 1
45 116 0 1
46 116 0 1
47 116 0 1
60 116 0 1
2 119 0 1
20 119 0 1
32 119 0 1
35 119 0 1
39 119 0 1
41 119 0 1
45 119 0 1
46 119 0 1
48 119 0 1
49 119 0 1
59 119 0 1
1 121 0 1
2 121 0 1
20 121 0 1
32 121 0 1
35 121 0 1
39 121 0 1
41 121 0 1
45 121 0 1
46 121 0 1
47 121 0 1
49 121 0 1
59 121 0 1
1 122 0 1
2 122 0 1
3 122 0 1
21 122 0 1
24 122 0 1
32 122 0 1
34 122 0 1
35 122 0 1
36 122 0 1
39 122 0 1
40 122 0 1
41 122 0 1
42 122 0 1
45 122 0 1
46 122 0 1
47 122 0 1
60 122 0 1
1 124 0 1
2 124 0 1
21 124 0 1
24 124 0 1
32 124 0 1
34 124 0 1
35 124 0 1
36 124 0 1
39 124 0 1
40 124 0 1
41 124 0 1
45 124 0 1
46 124 0 1
47 124 0 1
59 124 0 1
60 124 0 1
1 125 0 1
2 125 0 1
20 125 0 1
32 125 0 1
35 125 0 1
39 125 0 1
41 125 0 1
45 125 0 1
46 125 0 1
47 125 0 1
49 125 0 1
59 125 0 1
1 126 0 1
2 126 0 1
20 126 0 1
32 126 0 1
35 126 0 1
39 126 0 1
41 126 0 1
45 126 0 1
46 126 0 1
47 126 0 1
49 126 0 1
59 126 0 1
1 128 0 1
2 128 0 1
20 128 0 1
26 128 0 1
28 128 0 1
32 128 0 1
35 128 0 1
39 128 0 1
41 128 0 1
45 128 0 1
46 128 0 1
47 128 0 1
59 128 0 1
1 129 0 1
2 129 0 1
20 129 0 1
26 129 0 1
28 129 0 1
32 129 0 1
35 129 0 1
39 129 0 1
41 129 0 1
45 129 0 1
46 129 0 1
47 129 0 1
59 129 0 1
20 130 0 1
1 131 0 1
2 131 0 1
3 131 0 1
21 131 0 1
22 131 0 1
24 131 0 1
29 131 0 1
32 131 0 1
34 131 0 1
36 131 0 1
40 131 0 1
41 131 0 1
42 131 0 1
45 131 0 1
46 131 0 1
47 131 0 1
60 131 0 1
1 132 0 1
2 132 0 1
20 132 0 1
21 132 0 1
24 132 0 1
27 132 0 1
28 132 0 1
32 132 0 1
35 132 0 1
36 132 0 1
39 132 0 1
41 132 0 1
45 132 0 1
46 132 0 1
47 132 0 1
59 132 0 1
20 134 0 1
12 135 0 1
20 135 0 1
26 135 0 1
28 135 0 1
1 136 0 1
12 136 0 1
20 136 0 1
26 136 0 1
28 136 0 1
32 136 0 1
45 136 0 1
46 136 0 1
1 137 0 1
3 137 0 1
17 137 0 1
19 137 0 1
21 137 0 1
22 137 0 1
23 137 0 1
24 137 0 1
25 137 0 1
29 137 0 1
30 137 0 1
31 137 0 1
33 137 0 1
34 137 0 1
37 137 0 1
38 137 0 1
40 137 0 1
42 137 0 1
43 137 0 1
44 137 0 1
2 138 0 1
35 138 0 1
39 138 0 1
41 138 0 1
48 138 0 1
49 138 0 1
51 138 0 1
52 138 0 1
59 138 0 1
2 139 0 1
48 139 0 1
49 139 0 1
51 139 0 1
52 139 0 1
59 139 0 1
2 140 0 1
3 140 0 1
50 140 0 1
53 140 0 1
54 140 0 1
55 140 0 1
56 140 0 1
57 140 0 1
58 140 0 1
2 141 0 1
50 141 0 1
52 141 0 1
53 141 0 1
55 141 0 1
56 141 0 1
57 141 0 1
58 141 0 1
2 142 0 1
50 142 0 1
52 142 0 1
53 142 0 1
55 142 0 1
56 142 0 1
57 142 0 1
58 142 0 1
2 143 0 1
49 143 0 1
51 143 0 1
52 143 0 1
57 143 0 1
58 143 0 1
2 144 0 1
51 144 0 1
52 144 0 1
53 144 0 1
55 144 0 1
56 144 0 1
57 144 0 1
58 144 0 1
2 145 0 1
48 145 0 1
49 145 0 1
51 145 0 1
52 145 0 1
48 146 0 1
49 146 0 1
48 147 0 1
49 147 0 1
59 147 0 1
2 148 0 1
35 148 0 1
48 148 0 1
49 148 0 1
51 148 0 1
52 148 0 1
59 148 0 1
2 149 0 1
35 149 0 1
39 149 0 1
48 149 0 1
49 149 0 1
51 149 0 1
52 149 0 1
59 149 0 1
