1 3 0 0
1 4 0 0
3 4 0 0
1 5 0 0
3 5 0 0
4 5 0 0
1 6 0 0
4 6 0 0
5 6 0 0
6 8 0 0
1 9 0 0
3 9 0 0
4 9 0 0
5 9 0 0
6 9 0 0
8 9 0 0
7 10 0 0
3 11 0 0
7 11 0 0
10 11 0 0
1 12 0 0
3 12 0 0
4 12 0 0
5 12 0 0
6 12 0 0
9 12 0 0
1 13 0 0
3 13 0 0
4 13 0 0
5 13 0 0
6 13 0 0
9 13 0 0
12 13 0 0
3 14 0 0
7 14 0 0
10 14 0 0
11 14 0 0
1 15 0 0
3 15 0 0
4 15 0 0
5 15 0 0
9 15 0 0
11 15 0 0
12 15 0 0
13 15 0 0
14 15 0 0
7 16 0 0
10 16 0 0
7 17 0 0
10 17 0 0
16 17 0 0
1 18 0 0
4 18 0 0
5 18 0 0
6 18 0 0
9 18 0 0
12 18 0 0
13 18 0 0
15 18 0 0
1 19 0 0
3 19 0 0
4 19 0 0
5 19 0 0
12 19 0 0
13 19 0 0
14 19 0 0
15 19 0 0
18 19 0 0
1 20 0 0
5 20 0 0
6 20 0 0
8 20 0 0
9 20 0 0
12 20 0 0
13 20 0 0
18 20 0 0
7 21 0 0
10 21 0 0
11 21 0 0
14 21 0 0
16 21 0 0
17 21 0 0
1 22 0 0
4 22 0 0
5 22 0 0
6 22 0 0
8 22 0 0
9 22 0 0
12 22 0 0
13 22 0 0
18 22 0 0
20 22 0 0
1 23 0 0
3 23 0 0
4 23 0 0
5 23 0 0
6 23 0 0
9 23 0 0
12 23 0 0
13 23 0 0
15 23 0 0
18 23 0 0
19 23 0 0
20 23 0 0
22 23 0 0
1 24 0 0
3 24 0 0
4 24 0 0
5 24 0 0
6 24 0 0
9 24 0 0
12 24 0 0
13 24 0 0
15 24 0 0
18 24 0 0
19 24 0 0
20 24 0 0
22 24 0 0
23 24 0 0
1 25 0 0
4 25 0 0
5 25 0 0
6 25 0 0
9 25 0 0
12 25 0 0
13 25 0 0
18 25 0 0
19 25 0 0
20 25 0 0
22 25 0 0
23 25 0 0
24 25 0 0
1 26 0 0
6 26 0 0
8 26 0 0
9 26 0 0
13 26 0 0
18 26 0 0
20 26 0 0
22 26 0 0
23 26 0 0
24 26 0 0
25 26 0 0
3 27 0 0
4 27 0 0
10 27 0 0
11 27 0 0
14 27 0 0
15 27 0 0
19 27 0 0
1 28 0 0
3 28 0 0
4 28 0 0
5 28 0 0
6 28 0 0
9 28 0 0
12 28 0 0
13 28 0 0
15 28 0 0
18 28 0 0
19 28 0 0
20 28 0 0
22 28 0 0
23 28 0 0
24 28 0 0
25 28 0 0
26 28 0 0
1 29 0 0
4 29 0 0
5 29 0 0
6 29 0 0
8 29 0 0
9 29 0 0
12 29 0 0
13 29 0 0
18 29 0 0
20 29 0 0
22 29 0 0
23 29 0 0
24 29 0 0
25 29 0 0
26 29 0 0
28 29 0 0
16 30 0 0
17 30 0 0
21 30 0 0
8 31 0 0
20 31 0 0
22 31 0 0
26 31 0 0
29 31 0 0
1 32 0 0
5 32 0 0
6 32 0 0
9 32 0 0
12 32 0 0
13 32 0 0
18 32 0 0
20 32 0 0
22 32 0 0
23 32 0 0
24 32 0 0
25 32 0 0
26 32 0 0
28 32 0 0
29 32 0 0
31 32 0 0
2 33 0 0
11 33 0 0
14 33 0 0
15 33 0 0
19 33 0 0
27 33 0 0
7 34 0 0
10 34 0 0
16 34 0 0
17 34 0 0
21 34 0 0
30 34 0 0
1 35 0 0
6 35 0 0
8 35 0 0
9 35 0 0
12 35 0 0
13 35 0 0
18 35 0 0
20 35 0 0
22 35 0 0
23 35 0 0
24 35 0 0
25 35 0 0
26 35 0 0
28 35 0 0
29 35 0 0
31 35 0 0
32 35 0 0
7 36 0 0
10 36 0 0
16 36 0 0
17 36 0 0
21 36 0 0
30 36 0 0
34 36 0 0
2 37 0 0
10 37 0 0
11 37 0 0
14 37 0 0
27 37 0 0
33 37 0 0
2 38 0 0
7 38 0 0
10 38 0 0
11 38 0 0
14 38 0 0
16 38 0 0
17 38 0 0
21 38 0 0
27 38 0 0
30 38 0 0
33 38 0 0
34 38 0 0
36 38 0 0
37 38 0 0
8 39 0 0
20 39 0 0
22 39 0 0
26 39 0 0
29 39 0 0
31 39 0 0
32 39 0 0
35 39 0 0
1 40 0 0
6 40 0 0
8 40 0 0
9 40 0 0
13 40 0 0
18 40 0 0
20 40 0 0
22 40 0 0
23 40 0 0
24 40 0 0
25 40 0 0
26 40 0 0
28 40 0 0
29 40 0 0
31 40 0 0
32 40 0 0
35 40 0 0
39 40 0 0
7 41 0 0
10 41 0 0
16 41 0 0
17 41 0 0
21 41 0 0
30 41 0 0
34 41 0 0
36 41 0 0
38 41 0 0
1 42 0 0
3 42 0 0
4 42 0 0
5 42 0 0
12 42 0 0
13 42 0 0
14 42 0 0
15 42 0 0
18 42 0 0
19 42 0 0
23 42 0 0
24 42 0 0
27 42 0 0
28 42 0 0
33 42 0 0
37 42 0 0
1 43 0 0
3 43 0 0
4 43 0 0
5 43 0 0
9 43 0 0
12 43 0 0
13 43 0 0
15 43 0 0
18 43 0 0
19 43 0 0
22 43 0 0
23 43 0 0
24 43 0 0
25 43 0 0
27 43 0 0
28 43 0 0
29 43 0 0
32 43 0 0
33 43 0 0
42 43 0 0
1 44 0 0
5 44 0 0
6 44 0 0
9 44 0 0
12 44 0 0
13 44 0 0
18 44 0 0
20 44 0 0
22 44 0 0
23 44 0 0
24 44 0 0
25 44 0 0
26 44 0 0
28 44 0 0
29 44 0 0
31 44 0 0
32 44 0 0
35 44 0 0
40 44 0 0
42 44 0 0
43 44 0 0
1 45 0 0
3 45 0 0
4 45 0 0
11 45 0 0
12 45 0 0
14 45 0 0
15 45 0 0
19 45 0 0
27 45 0 0
33 45 0 0
37 45 0 0
42 45 0 0
43 45 0 0
1 46 0 0
5 46 0 0
6 46 0 0
9 46 0 0
12 46 0 0
13 46 0 0
18 46 0 0
20 46 0 0
22 46 0 0
23 46 0 0
24 46 0 0
25 46 0 0
26 46 0 0
28 46 0 0
29 46 0 0
31 46 0 0
32 46 0 0
35 46 0 0
39 46 0 0
40 46 0 0
43 46 0 0
44 46 0 0
7 47 0 0
10 47 0 0
16 47 0 0
17 47 0 0
21 47 0 0
30 47 0 0
34 47 0 0
36 47 0 0
38 47 0 0
41 47 0 0
1 48 0 0
3 48 0 0
11 48 0 0
14 48 0 0
15 48 0 0
19 48 0 0
27 48 0 0
33 48 0 0
37 48 0 0
38 48 0 0
42 48 0 0
43 48 0 0
45 48 0 0
31 49 0 0
39 49 0 0
2 50 0 0
30 50 0 0
34 50 0 0
36 50 0 0
41 50 0 0
47 50 0 0
2 51 0 0
30 51 0 0
34 51 0 0
36 51 0 0
38 51 0 0
47 51 0 0
50 51 0 0
2 52 0 0
33 52 0 0
37 52 0 0
38 52 0 0
48 52 0 0
51 52 0 0
1 53 0 0
32 53 0 0
35 53 0 0
44 53 0 0
46 53 0 0
49 53 0 0
2 54 0 0
33 54 0 0
37 54 0 0
45 54 0 0
48 54 0 0
52 54 0 0
1 55 0 0
33 55 0 0
52 55 0 0
54 55 0 0
1 56 0 0
32 56 0 0
53 56 0 0
54 56 0 0
55 56 0 0
2 57 0 0
17 57 0 0
30 57 0 0
34 57 0 0
36 57 0 0
38 57 0 0
41 57 0 0
47 57 0 0
50 57 0 0
51 57 0 0
2 58 0 0
33 58 0 0
37 58 0 0
38 58 0 0
48 58 0 0
51 58 0 0
52 58 0 0
54 58 0 0
2 59 0 0
33 59 0 0
37 59 0 0
42 59 0 0
45 59 0 0
48 59 0 0
52 59 0 0
54 59 0 0
55 59 0 0
56 59 0 0
58 59 0 0
1 60 0 0
32 60 0 0
35 60 0 0
43 60 0 0
44 60 0 0
46 60 0 0
53 60 0 0
54 60 0 0
55 60 0 0
56 60 0 0
59 60 0 0
2 61 0 0
33 61 0 0
37 61 0 0
38 61 0 0
45 61 0 0
48 61 0 0
52 61 0 0
54 61 0 0
55 61 0 0
58 61 0 0
59 61 0 0
1 62 0 0
31 62 0 0
32 62 0 0
35 62 0 0
39 62 0 0
40 62 0 0
44 62 0 0
46 62 0 0
49 62 0 0
53 62 0 0
56 62 0 0
60 62 0 0
1 63 0 0
43 63 0 0
45 63 0 0
53 63 0 0
54 63 0 0
55 63 0 0
56 63 0 0
59 63 0 0
60 63 0 0
61 63 0 0
62 63 0 0
1 64 0 0
32 64 0 0
35 64 0 0
44 64 0 0
46 64 0 0
53 64 0 0
54 64 0 0
55 64 0 0
56 64 0 0
59 64 0 0
60 64 0 0
62 64 0 0
63 64 0 0
1 65 0 0
18 65 0 0
26 65 0 0
28 65 0 0
29 65 0 0
31 65 0 0
32 65 0 0
35 65 0 0
39 65 0 0
40 65 0 0
44 65 0 0
46 65 0 0
49 65 0 0
53 65 0 0
56 65 0 0
60 65 0 0
62 65 0 0
64 65 0 0
1 66 0 0
18 66 0 0
25 66 0 0
28 66 0 0
29 66 0 0
31 66 0 0
32 66 0 0
35 66 0 0
39 66 0 0
40 66 0 0
44 66 0 0
46 66 0 0
49 66 0 0
53 66 0 0
56 66 0 0
60 66 0 0
62 66 0 0
63 66 0 0
64 66 0 0
65 66 0 0
1 67 0 0
2 67 0 0
27 67 0 0
33 67 0 0
37 67 0 0
42 67 0 0
43 67 0 0
45 67 0 0
48 67 0 0
52 67 0 0
54 67 0 0
55 67 0 0
56 67 0 0
58 67 0 0
59 67 0 0
60 67 0 0
61 67 0 0
63 67 0 0
64 67 0 0
20 68 0 0
26 68 0 0
29 68 0 0
31 68 0 0
32 68 0 0
35 68 0 0
39 68 0 0
40 68 0 0
44 68 0 0
46 68 0 0
49 68 0 0
53 68 0 0
62 68 0 0
65 68 0 0
66 68 0 0
1 69 0 0
18 69 0 0
20 69 0 0
22 69 0 0
23 69 0 0
24 69 0 0
25 69 0 0
26 69 0 0
28 69 0 0
29 69 0 0
31 69 0 0
32 69 0 0
35 69 0 0
39 69 0 0
40 69 0 0
44 69 0 0
46 69 0 0
49 69 0 0
53 69 0 0
56 69 0 0
60 69 0 0
62 69 0 0
63 69 0 0
64 69 0 0
65 69 0 0
66 69 0 0
68 69 0 0
1 70 0 0
12 70 0 0
18 70 0 0
19 70 0 0
23 70 0 0
24 70 0 0
25 70 0 0
28 70 0 0
29 70 0 0
32 70 0 0
35 70 0 0
42 70 0 0
43 70 0 0
44 70 0 0
45 70 0 0
46 70 0 0
53 70 0 0
54 70 0 0
55 70 0 0
56 70 0 0
59 70 0 0
60 70 0 0
62 70 0 0
63 70 0 0
64 70 0 0
65 70 0 0
66 70 0 0
67 70 0 0
69 70 0 0
1 71 0 0
3 71 0 0
4 71 0 0
5 71 0 0
12 71 0 0
13 71 0 0
15 71 0 0
18 71 0 0
19 71 0 0
22 71 0 0
23 71 0 0
24 71 0 0
25 71 0 0
27 71 0 0
28 71 0 0
29 71 0 0
32 71 0 0
33 71 0 0
35 71 0 0
37 71 0 0
42 71 0 0
43 71 0 0
44 71 0 0
45 71 0 0
46 71 0 0
48 71 0 0
53 71 0 0
54 71 0 0
55 71 0 0
56 71 0 0
59 71 0 0
60 71 0 0
61 71 0 0
62 71 0 0
63 71 0 0
64 71 0 0
66 71 0 0
67 71 0 0
69 71 0 0
70 71 0 0
1 72 0 0
2 72 0 0
11 72 0 0
14 72 0 0
15 72 0 0
19 72 0 0
27 72 0 0
33 72 0 0
37 72 0 0
38 72 0 0
42 72 0 0
43 72 0 0
45 72 0 0
48 72 0 0
52 72 0 0
54 72 0 0
55 72 0 0
58 72 0 0
59 72 0 0
61 72 0 0
63 72 0 0
67 72 0 0
70 72 0 0
71 72 0 0
16 73 0 0
17 73 0 0
21 73 0 0
30 73 0 0
34 73 0 0
36 73 0 0
38 73 0 0
41 73 0 0
47 73 0 0
50 73 0 0
51 73 0 0
57 73 0 0
2 74 0 0
10 74 0 0
14 74 0 0
21 74 0 0
27 74 0 0
33 74 0 0
36 74 0 0
37 74 0 0
38 74 0 0
47 74 0 0
48 74 0 0
51 74 0 0
52 74 0 0
58 74 0 0
59 74 0 0
61 74 0 0
72 74 0 0
73 74 0 0
2 75 0 0
10 75 0 0
11 75 0 0
14 75 0 0
27 75 0 0
33 75 0 0
37 75 0 0
38 75 0 0
45 75 0 0
48 75 0 0
51 75 0 0
52 75 0 0
54 75 0 0
58 75 0 0
59 75 0 0
61 75 0 0
67 75 0 0
72 75 0 0
74 75 0 0
1 76 0 0
15 76 0 0
19 76 0 0
27 76 0 0
33 76 0 0
37 76 0 0
42 76 0 0
43 76 0 0
45 76 0 0
48 76 0 0
54 76 0 0
55 76 0 0
56 76 0 0
59 76 0 0
60 76 0 0
61 76 0 0
63 76 0 0
64 76 0 0
67 76 0 0
70 76 0 0
71 76 0 0
72 76 0 0
75 76 0 0
1 77 0 0
8 77 0 0
9 77 0 0
13 77 0 0
18 77 0 0
20 77 0 0
22 77 0 0
23 77 0 0
24 77 0 0
25 77 0 0
26 77 0 0
28 77 0 0
29 77 0 0
31 77 0 0
32 77 0 0
35 77 0 0
39 77 0 0
40 77 0 0
44 77 0 0
46 77 0 0
49 77 0 0
53 77 0 0
62 77 0 0
64 77 0 0
65 77 0 0
66 77 0 0
68 77 0 0
69 77 0 0
70 77 0 0
1 78 0 0
13 78 0 0
18 78 0 0
20 78 0 0
22 78 0 0
23 78 0 0
24 78 0 0
25 78 0 0
26 78 0 0
28 78 0 0
29 78 0 0
31 78 0 0
32 78 0 0
35 78 0 0
39 78 0 0
40 78 0 0
44 78 0 0
46 78 0 0
49 78 0 0
53 78 0 0
56 78 0 0
60 78 0 0
62 78 0 0
64 78 0 0
65 78 0 0
66 78 0 0
68 78 0 0
69 78 0 0
70 78 0 0
71 78 0 0
77 78 0 0
1 79 0 0
4 79 0 0
5 79 0 0
6 79 0 0
9 79 0 0
12 79 0 0
13 79 0 0
15 79 0 0
18 79 0 0
19 79 0 0
20 79 0 0
22 79 0 0
23 79 0 0
24 79 0 0
25 79 0 0
26 79 0 0
28 79 0 0
29 79 0 0
31 79 0 0
32 79 0 0
35 79 0 0
40 79 0 0
42 79 0 0
43 79 0 0
44 79 0 0
46 79 0 0
53 79 0 0
55 79 0 0
56 79 0 0
60 79 0 0
62 79 0 0
63 79 0 0
64 79 0 0
65 79 0 0
66 79 0 0
67 79 0 0
68 79 0 0
69 79 0 0
70 79 0 0
71 79 0 0
76 79 0 0
77 79 0 0
78 79 0 0
1 80 0 0
2 80 0 0
19 80 0 0
27 80 0 0
33 80 0 0
37 80 0 0
38 80 0 0
42 80 0 0
43 80 0 0
45 80 0 0
48 80 0 0
52 80 0 0
54 80 0 0
55 80 0 0
58 80 0 0
59 80 0 0
61 80 0 0
63 80 0 0
67 80 0 0
70 80 0 0
71 80 0 0
72 80 0 0
74 80 0 0
75 80 0 0
76 80 0 0
2 81 0 0
17 81 0 0
33 81 0 0
34 81 0 0
36 81 0 0
37 81 0 0
38 81 0 0
47 81 0 0
48 81 0 0
50 81 0 0
51 81 0 0
52 81 0 0
57 81 0 0
58 81 0 0
61 81 0 0
72 81 0 0
73 81 0 0
74 81 0 0
75 81 0 0
80 81 0 0
2 82 0 0
27 82 0 0
33 82 0 0
37 82 0 0
38 82 0 0
48 82 0 0
51 82 0 0
52 82 0 0
54 82 0 0
58 82 0 0
59 82 0 0
61 82 0 0
67 82 0 0
72 82 0 0
74 82 0 0
75 82 0 0
80 82 0 0
81 82 0 0
2 83 0 0
27 83 0 0
33 83 0 0
37 83 0 0
38 83 0 0
45 83 0 0
48 83 0 0
51 83 0 0
52 83 0 0
54 83 0 0
55 83 0 0
58 83 0 0
59 83 0 0
61 83 0 0
67 83 0 0
71 83 0 0
72 83 0 0
74 83 0 0
75 83 0 0
76 83 0 0
80 83 0 0
81 83 0 0
82 83 0 0
2 84 0 0
27 84 0 0
33 84 0 0
37 84 0 0
38 84 0 0
42 84 0 0
45 84 0 0
48 84 0 0
52 84 0 0
54 84 0 0
55 84 0 0
58 84 0 0
59 84 0 0
61 84 0 0
63 84 0 0
67 84 0 0
71 84 0 0
72 84 0 0
74 84 0 0
75 84 0 0
76 84 0 0
80 84 0 0
81 84 0 0
82 84 0 0
83 84 0 0
1 85 0 0
2 85 0 0
27 85 0 0
33 85 0 0
37 85 0 0
38 85 0 0
42 85 0 0
43 85 0 0
45 85 0 0
48 85 0 0
52 85 0 0
54 85 0 0
55 85 0 0
56 85 0 0
58 85 0 0
59 85 0 0
60 85 0 0
61 85 0 0
63 85 0 0
67 85 0 0
70 85 0 0
71 85 0 0
72 85 0 0
74 85 0 0
75 85 0 0
76 85 0 0
80 85 0 0
81 85 0 0
82 85 0 0
83 85 0 0
84 85 0 0
1 86 0 0
18 86 0 0
19 86 0 0
28 86 0 0
32 86 0 0
33 86 0 0
42 86 0 0
43 86 0 0
44 86 0 0
45 86 0 0
46 86 0 0
48 86 0 0
53 86 0 0
54 86 0 0
55 86 0 0
56 86 0 0
59 86 0 0
60 86 0 0
61 86 0 0
63 86 0 0
64 86 0 0
66 86 0 0
67 86 0 0
69 86 0 0
70 86 0 0
71 86 0 0
72 86 0 0
76 86 0 0
79 86 0 0
80 86 0 0
83 86 0 0
84 86 0 0
85 86 0 0
49 87 0 0
53 87 0 0
62 87 0 0
65 87 0 0
68 87 0 0
49 88 0 0
53 88 0 0
62 88 0 0
64 88 0 0
65 88 0 0
66 88 0 0
68 88 0 0
69 88 0 0
77 88 0 0
87 88 0 0
2 89 0 0
52 89 0 0
54 89 0 0
55 89 0 0
58 89 0 0
59 89 0 0
61 89 0 0
67 89 0 0
72 89 0 0
74 89 0 0
80 89 0 0
81 89 0 0
82 89 0 0
83 89 0 0
84 89 0 0
85 89 0 0
53 90 0 0
54 90 0 0
55 90 0 0
56 90 0 0
59 90 0 0
60 90 0 0
62 90 0 0
63 90 0 0
64 90 0 0
66 90 0 0
67 90 0 0
70 90 0 0
71 90 0 0
79 90 0 0
85 90 0 0
86 90 0 0
2 91 0 0
52 91 0 0
54 91 0 0
55 91 0 0
56 91 0 0
58 91 0 0
59 91 0 0
61 91 0 0
63 91 0 0
67 91 0 0
70 91 0 0
71 91 0 0
72 91 0 0
80 91 0 0
83 91 0 0
84 91 0 0
85 91 0 0
86 91 0 0
89 91 0 0
90 91 0 0
54 92 0 0
55 92 0 0
56 92 0 0
59 92 0 0
60 92 0 0
61 92 0 0
63 92 0 0
64 92 0 0
67 92 0 0
70 92 0 0
71 92 0 0
76 92 0 0
80 92 0 0
85 92 0 0
86 92 0 0
89 92 0 0
90 92 0 0
91 92 0 0
2 93 0 0
50 93 0 0
51 93 0 0
57 93 0 0
2 94 0 0
52 94 0 0
54 94 0 0
55 94 0 0
58 94 0 0
59 94 0 0
61 94 0 0
63 94 0 0
67 94 0 0
72 94 0 0
82 94 0 0
83 94 0 0
84 94 0 0
85 94 0 0
89 94 0 0
90 94 0 0
91 94 0 0
92 94 0 0
49 95 0 0
53 95 0 0
56 95 0 0
60 95 0 0
62 95 0 0
64 95 0 0
65 95 0 0
66 95 0 0
69 95 0 0
70 95 0 0
87 95 0 0
88 95 0 0
90 95 0 0
53 96 0 0
56 96 0 0
60 96 0 0
62 96 0 0
64 96 0 0
65 96 0 0
66 96 0 0
87 96 0 0
88 96 0 0
90 96 0 0
95 96 0 0
49 97 0 0
53 97 0 0
56 97 0 0
62 97 0 0
64 97 0 0
65 97 0 0
66 97 0 0
87 97 0 0
88 97 0 0
90 97 0 0
95 97 0 0
96 97 0 0
53 98 0 0
55 98 0 0
56 98 0 0
60 98 0 0
62 98 0 0
63 98 0 0
64 98 0 0
66 98 0 0
70 98 0 0
88 98 0 0
90 98 0 0
92 98 0 0
95 98 0 0
96 98 0 0
97 98 0 0
53 99 0 0
55 99 0 0
56 99 0 0
60 99 0 0
62 99 0 0
63 99 0 0
64 99 0 0
65 99 0 0
66 99 0 0
69 99 0 0
70 99 0 0
79 99 0 0
86 99 0 0
88 99 0 0
90 99 0 0
92 99 0 0
95 99 0 0
96 99 0 0
97 99 0 0
98 99 0 0
2 100 0 0
51 100 0 0
52 100 0 0
58 100 0 0
61 100 0 0
81 100 0 0
82 100 0 0
85 100 0 0
89 100 0 0
91 100 0 0
93 100 0 0
94 100 0 0
2 101 0 0
52 101 0 0
54 101 0 0
55 101 0 0
56 101 0 0
59 101 0 0
60 101 0 0
61 101 0 0
63 101 0 0
64 101 0 0
67 101 0 0
70 101 0 0
85 101 0 0
86 101 0 0
89 101 0 0
90 101 0 0
91 101 0 0
92 101 0 0
94 101 0 0
98 101 0 0
99 101 0 0
2 102 0 0
52 102 0 0
54 102 0 0
55 102 0 0
58 102 0 0
59 102 0 0
61 102 0 0
67 102 0 0
83 102 0 0
85 102 0 0
89 102 0 0
91 102 0 0
92 102 0 0
94 102 0 0
100 102 0 0
101 102 0 0
54 103 0 0
55 103 0 0
56 103 0 0
59 103 0 0
60 103 0 0
63 103 0 0
64 103 0 0
67 103 0 0
70 103 0 0
85 103 0 0
86 103 0 0
89 103 0 0
90 103 0 0
91 103 0 0
92 103 0 0
94 103 0 0
98 103 0 0
99 103 0 0
101 103 0 0
102 103 0 0
53 104 0 0
54 104 0 0
55 104 0 0
56 104 0 0
60 104 0 0
62 104 0 0
63 104 0 0
64 104 0 0
66 104 0 0
67 104 0 0
70 104 0 0
86 104 0 0
88 104 0 0
90 104 0 0
91 104 0 0
92 104 0 0
95 104 0 0
96 104 0 0
97 104 0 0
98 104 0 0
99 104 0 0
101 104 0 0
103 104 0 0
49 105 0 0
53 105 0 0
62 105 0 0
65 105 0 0
87 105 0 0
88 105 0 0
95 105 0 0
96 105 0 0
97 105 0 0
99 105 0 0
87 106 0 0
88 106 0 0
95 106 0 0
96 106 0 0
97 106 0 0
105 106 0 0
90 107 0 0
92 107 0 0
98 107 0 0
99 107 0 0
101 107 0 0
103 107 0 0
104 107 0 0
88 108 0 0
95 108 0 0
96 108 0 0
97 108 0 0
98 108 0 0
99 108 0 0
104 108 0 0
105 108 0 0
106 108 0 0
107 108 0 0
87 109 0 0
88 109 0 0
95 109 0 0
96 109 0 0
97 109 0 0
98 109 0 0
99 109 0 0
105 109 0 0
106 109 0 0
108 109 0 0
2 110 0 0
93 110 0 0
100 110 0 0
102 110 0 0
91 111 0 0
94 111 0 0
100 111 0 0
101 111 0 0
102 111 0 0
103 111 0 0
107 111 0 0
110 111 0 0
90 112 0 0
96 112 0 0
98 112 0 0
99 112 0 0
101 112 0 0
103 112 0 0
104 112 0 0
107 112 0 0
108 112 0 0
109 112 0 0
111 112 0 0
87 113 0 0
88 113 0 0
95 113 0 0
96 113 0 0
97 113 0 0
98 113 0 0
99 113 0 0
104 113 0 0
105 113 0 0
106 113 0 0
108 113 0 0
109 113 0 0
87 114 0 0
88 114 0 0
95 114 0 0
96 114 0 0
97 114 0 0
105 114 0 0
106 114 0 0
108 114 0 0
109 114 0 0
113 114 0 0
2 115 0 0
89 115 0 0
91 115 0 0
94 115 0 0
100 115 0 0
101 115 0 0
102 115 0 0
103 115 0 0
110 115 0 0
111 115 0 0
88 116 0 0
90 116 0 0
92 116 0 0
95 116 0 0
96 116 0 0
97 116 0 0
98 116 0 0
99 116 0 0
103 116 0 0
104 116 0 0
107 116 0 0
108 116 0 0
109 116 0 0
112 116 0 0
113 116 0 0
114 116 0 0
56 117 0 0
90 117 0 0
92 117 0 0
95 117 0 0
96 117 0 0
97 117 0 0
98 117 0 0
99 117 0 0
101 117 0 0
103 117 0 0
104 117 0 0
107 117 0 0
108 117 0 0
109 117 0 0
112 117 0 0
113 117 0 0
116 117 0 0
2 118 0 0
54 118 0 0
89 118 0 0
90 118 0 0
91 118 0 0
92 118 0 0
94 118 0 0
100 118 0 0
101 118 0 0
102 118 0 0
103 118 0 0
104 118 0 0
107 118 0 0
110 118 0 0
111 118 0 0
112 118 0 0
115 118 0 0
117 118 0 0
90 119 0 0
91 119 0 0
92 119 0 0
94 119 0 0
98 119 0 0
99 119 0 0
101 119 0 0
103 119 0 0
104 119 0 0
107 119 0 0
108 119 0 0
111 119 0 0
112 119 0 0
115 119 0 0
116 119 0 0
117 119 0 0
118 119 0 0
56 120 0 0
90 120 0 0
91 120 0 0
92 120 0 0
95 120 0 0
96 120 0 0
97 120 0 0
98 120 0 0
99 120 0 0
101 120 0 0
103 120 0 0
104 120 0 0
107 120 0 0
108 120 0 0
111 120 0 0
112 120 0 0
113 120 0 0
116 120 0 0
117 120 0 0
118 120 0 0
119 120 0 0
87 121 0 0
88 121 0 0
95 121 0 0
96 121 0 0
97 121 0 0
99 121 0 0
105 121 0 0
106 121 0 0
108 121 0 0
109 121 0 0
113 121 0 0
114 121 0 0
116 121 0 0
2 122 0 0
89 122 0 0
93 122 0 0
94 122 0 0
100 122 0 0
102 122 0 0
110 122 0 0
111 122 0 0
115 122 0 0
2 123 0 0
89 123 0 0
91 123 0 0
94 123 0 0
100 123 0 0
101 123 0 0
102 123 0 0
110 123 0 0
111 123 0 0
115 123 0 0
118 123 0 0
122 123 0 0
87 124 0 0
88 124 0 0
95 124 0 0
96 124 0 0
97 124 0 0
105 124 0 0
106 124 0 0
108 124 0 0
109 124 0 0
113 124 0 0
114 124 0 0
116 124 0 0
121 124 0 0
87 125 0 0
88 125 0 0
95 125 0 0
96 125 0 0
97 125 0 0
99 125 0 0
105 125 0 0
106 125 0 0
108 125 0 0
109 125 0 0
113 125 0 0
114 125 0 0
116 125 0 0
121 125 0 0
124 125 0 0
87 126 0 0
88 126 0 0
90 126 0 0
95 126 0 0
96 126 0 0
97 126 0 0
98 126 0 0
99 126 0 0
104 126 0 0
105 126 0 0
106 126 0 0
107 126 0 0
108 126 0 0
109 126 0 0
112 126 0 0
113 126 0 0
114 126 0 0
116 126 0 0
117 126 0 0
119 126 0 0
120 126 0 0
121 126 0 0
124 126 0 0
125 126 0 0
88 127 0 0
90 127 0 0
92 127 0 0
95 127 0 0
96 127 0 0
97 127 0 0
98 127 0 0
99 127 0 0
101 127 0 0
103 127 0 0
104 127 0 0
107 127 0 0
108 127 0 0
109 127 0 0
112 127 0 0
113 127 0 0
116 127 0 0
117 127 0 0
118 127 0 0
119 127 0 0
120 127 0 0
121 127 0 0
125 127 0 0
126 127 0 0
90 128 0 0
92 128 0 0
95 128 0 0
96 128 0 0
97 128 0 0
98 128 0 0
99 128 0 0
101 128 0 0
103 128 0 0
104 128 0 0
107 128 0 0
108 128 0 0
109 128 0 0
112 128 0 0
113 128 0 0
116 128 0 0
117 128 0 0
118 128 0 0
119 128 0 0
120 128 0 0
126 128 0 0
127 128 0 0
2 129 0 0
89 129 0 0
91 129 0 0
92 129 0 0
94 129 0 0
100 129 0 0
101 129 0 0
102 129 0 0
103 129 0 0
107 129 0 0
110 129 0 0
111 129 0 0
115 129 0 0
118 129 0 0
119 129 0 0
122 129 0 0
123 129 0 0
107 130 0 0
108 130 0 0
111 130 0 0
112 130 0 0
116 130 0 0
117 130 0 0
118 130 0 0
119 130 0 0
120 130 0 0
126 130 0 0
127 130 0 0
128 130 0 0
129 130 0 0
107 131 0 0
108 131 0 0
109 131 0 0
112 131 0 0
116 131 0 0
117 131 0 0
119 131 0 0
120 131 0 0
126 131 0 0
127 131 0 0
128 131 0 0
130 131 0 0
106 132 0 0
107 132 0 0
108 132 0 0
109 132 0 0
112 132 0 0
113 132 0 0
114 132 0 0
116 132 0 0
117 132 0 0
120 132 0 0
121 132 0 0
124 132 0 0
125 132 0 0
126 132 0 0
127 132 0 0
128 132 0 0
130 132 0 0
131 132 0 0
110 133 0 0
122 133 0 0
133 134 0 0
106 135 0 0
132 135 0 0
106 136 0 0
109 136 0 0
114 136 0 0
124 136 0 0
125 136 0 0
132 136 0 0
135 136 0 0
106 137 0 0
132 137 0 0
135 137 0 0
136 137 0 0
133 138 0 0
134 138 0 0
135 139 0 0
136 139 0 0
137 139 0 0
132 140 0 0
135 140 0 0
136 140 0 0
137 140 0 0
139 140 0 0
108 141 0 0
130 141 0 0
131 141 0 0
132 141 0 0
136 141 0 0
137 141 0 0
140 141 0 0
131 142 0 0
132 142 0 0
135 142 0 0
136 142 0 0
137 142 0 0
139 142 0 0
140 142 0 0
141 142 0 0
130 143 0 0
131 143 0 0
132 143 0 0
135 143 0 0
136 143 0 0
137 143 0 0
139 143 0 0
140 143 0 0
141 143 0 0
142 143 0 0
130 144 0 0
131 144 0 0
132 144 0 0
141 144 0 0
142 144 0 0
143 144 0 0
135 145 0 0
136 145 0 0
137 145 0 0
139 145 0 0
140 145 0 0
142 145 0 0
143 145 0 0
106 146 0 0
108 146 0 0
109 146 0 0
113 146 0 0
114 146 0 0
121 146 0 0
124 146 0 0
125 146 0 0
126 146 0 0
131 146 0 0
132 146 0 0
135 146 0 0
136 146 0 0
137 146 0 0
139 146 0 0
140 146 0 0
141 146 0 0
142 146 0 0
143 146 0 0
145 146 0 0
107 147 0 0
108 147 0 0
109 147 0 0
112 147 0 0
113 147 0 0
116 147 0 0
117 147 0 0
124 147 0 0
125 147 0 0
126 147 0 0
127 147 0 0
128 147 0 0
130 147 0 0
131 147 0 0
132 147 0 0
135 147 0 0
136 147 0 0
137 147 0 0
140 147 0 0
141 147 0 0
142 147 0 0
143 147 0 0
144 147 0 0
146 147 0 0
106 148 0 0
108 148 0 0
109 148 0 0
112 148 0 0
113 148 0 0
114 148 0 0
116 148 0 0
121 148 0 0
124 148 0 0
125 148 0 0
126 148 0 0
127 148 0 0
128 148 0 0
130 148 0 0
131 148 0 0
132 148 0 0
135 148 0 0
136 148 0 0
137 148 0 0
139 148 0 0
140 148 0 0
141 148 0 0
142 148 0 0
143 148 0 0
144 148 0 0
145 148 0 0
146 148 0 0
147 148 0 0
107 149 0 0
108 149 0 0
109 149 0 0
112 149 0 0
113 149 0 0
116 149 0 0
117 149 0 0
120 149 0 0
125 149 0 0
126 149 0 0
127 149 0 0
128 149 0 0
130 149 0 0
131 149 0 0
132 149 0 0
141 149 0 0
142 149 0 0
143 149 0 0
144 149 0 0
146 149 0 0
147 149 0 0
148 149 0 0
106 150 0 0
108 150 0 0
109 150 0 0
112 150 0 0
113 150 0 0
114 150 0 0
116 150 0 0
121 150 0 0
124 150 0 0
125 150 0 0
126 150 0 0
127 150 0 0
128 150 0 0
130 150 0 0
131 150 0 0
132 150 0 0
135 150 0 0
136 150 0 0
137 150 0 0
139 150 0 0
140 150 0 0
141 150 0 0
142 150 0 0
143 150 0 0
145 150 0 0
146 150 0 0
147 150 0 0
148 150 0 0
149 150 0 0
107 151 0 0
108 151 0 0
112 151 0 0
116 151 0 0
117 151 0 0
119 151 0 0
120 151 0 0
127 151 0 0
128 151 0 0
130 151 0 0
131 151 0 0
132 151 0 0
141 151 0 0
142 151 0 0
143 151 0 0
144 151 0 0
146 151 0 0
147 151 0 0
148 151 0 0
149 151 0 0
150 151 0 0
107 152 0 0
108 152 0 0
109 152 0 0
112 152 0 0
116 152 0 0
126 152 0 0
127 152 0 0
128 152 0 0
130 152 0 0
131 152 0 0
132 152 0 0
141 152 0 0
142 152 0 0
143 152 0 0
144 152 0 0
146 152 0 0
147 152 0 0
148 152 0 0
149 152 0 0
150 152 0 0
151 152 0 0
106 153 0 0
109 153 0 0
113 153 0 0
114 153 0 0
124 153 0 0
125 153 0 0
132 153 0 0
135 153 0 0
136 153 0 0
137 153 0 0
139 153 0 0
140 153 0 0
142 153 0 0
143 153 0 0
145 153 0 0
146 153 0 0
147 153 0 0
148 153 0 0
150 153 0 0
97 154 0 0
105 154 0 0
106 154 0 0
108 154 0 0
109 154 0 0
113 154 0 0
114 154 0 0
121 154 0 0
124 154 0 0
125 154 0 0
126 154 0 0
132 154 0 0
135 154 0 0
136 154 0 0
137 154 0 0
140 154 0 0
142 154 0 0
145 154 0 0
146 154 0 0
147 154 0 0
148 154 0 0
150 154 0 0
153 154 0 0
110 155 0 0
115 155 0 0
122 155 0 0
123 155 0 0
133 155 0 0
134 155 0 0
95 156 0 0
96 156 0 0
97 156 0 0
98 156 0 0
99 156 0 0
105 156 0 0
106 156 0 0
108 156 0 0
109 156 0 0
112 156 0 0
113 156 0 0
114 156 0 0
116 156 0 0
117 156 0 0
120 156 0 0
121 156 0 0
124 156 0 0
125 156 0 0
126 156 0 0
127 156 0 0
128 156 0 0
131 156 0 0
132 156 0 0
135 156 0 0
136 156 0 0
137 156 0 0
140 156 0 0
141 156 0 0
142 156 0 0
143 156 0 0
146 156 0 0
147 156 0 0
148 156 0 0
149 156 0 0
150 156 0 0
151 156 0 0
152 156 0 0
153 156 0 0
154 156 0 0
96 157 0 0
97 157 0 0
105 157 0 0
106 157 0 0
108 157 0 0
109 157 0 0
113 157 0 0
114 157 0 0
116 157 0 0
121 157 0 0
124 157 0 0
125 157 0 0
126 157 0 0
132 157 0 0
135 157 0 0
136 157 0 0
137 157 0 0
140 157 0 0
146 157 0 0
147 157 0 0
148 157 0 0
149 157 0 0
150 157 0 0
153 157 0 0
154 157 0 0
156 157 0 0
101 158 0 0
107 158 0 0
110 158 0 0
111 158 0 0
112 158 0 0
115 158 0 0
118 158 0 0
119 158 0 0
120 158 0 0
122 158 0 0
123 158 0 0
128 158 0 0
129 158 0 0
130 158 0 0
131 158 0 0
151 158 0 0
98 159 0 0
99 159 0 0
101 159 0 0
103 159 0 0
104 159 0 0
107 159 0 0
108 159 0 0
111 159 0 0
112 159 0 0
116 159 0 0
117 159 0 0
118 159 0 0
119 159 0 0
120 159 0 0
126 159 0 0
127 159 0 0
128 159 0 0
130 159 0 0
131 159 0 0
132 159 0 0
147 159 0 0
148 159 0 0
149 159 0 0
151 159 0 0
152 159 0 0
156 159 0 0
158 159 0 0
96 160 0 0
97 160 0 0
98 160 0 0
99 160 0 0
104 160 0 0
107 160 0 0
108 160 0 0
109 160 0 0
112 160 0 0
113 160 0 0
116 160 0 0
117 160 0 0
119 160 0 0
120 160 0 0
121 160 0 0
124 160 0 0
125 160 0 0
126 160 0 0
127 160 0 0
128 160 0 0
130 160 0 0
131 160 0 0
132 160 0 0
141 160 0 0
142 160 0 0
143 160 0 0
146 160 0 0
147 160 0 0
148 160 0 0
149 160 0 0
150 160 0 0
151 160 0 0
152 160 0 0
154 160 0 0
156 160 0 0
157 160 0 0
159 160 0 0
98 161 0 0
104 161 0 0
107 161 0 0
108 161 0 0
109 161 0 0
112 161 0 0
113 161 0 0
116 161 0 0
117 161 0 0
119 161 0 0
120 161 0 0
126 161 0 0
127 161 0 0
128 161 0 0
130 161 0 0
131 161 0 0
132 161 0 0
141 161 0 0
142 161 0 0
143 161 0 0
144 161 0 0
146 161 0 0
147 161 0 0
148 161 0 0
149 161 0 0
150 161 0 0
151 161 0 0
152 161 0 0
156 161 0 0
158 161 0 0
159 161 0 0
160 161 0 0
49 162 0 0
53 162 0 0
65 162 0 0
87 162 0 0
88 162 0 0
95 162 0 0
96 162 0 0
97 162 0 0
98 162 0 0
99 162 0 0
105 162 0 0
106 162 0 0
108 162 0 0
109 162 0 0
113 162 0 0
114 162 0 0
116 162 0 0
117 162 0 0
121 162 0 0
124 162 0 0
125 162 0 0
126 162 0 0
127 162 0 0
132 162 0 0
154 162 0 0
156 162 0 0
157 162 0 0
160 162 0 0
2 163 0 0
51 163 0 0
52 163 0 0
54 163 0 0
58 163 0 0
61 163 0 0
85 163 0 0
89 163 0 0
91 163 0 0
93 163 0 0
94 163 0 0
100 163 0 0
101 163 0 0
102 163 0 0
110 163 0 0
111 163 0 0
115 163 0 0
118 163 0 0
122 163 0 0
123 163 0 0
129 163 0 0
155 163 0 0
158 163 0 0
2 164 0 0
52 164 0 0
54 164 0 0
55 164 0 0
59 164 0 0
61 164 0 0
63 164 0 0
67 164 0 0
85 164 0 0
89 164 0 0
90 164 0 0
91 164 0 0
92 164 0 0
94 164 0 0
100 164 0 0
101 164 0 0
102 164 0 0
103 164 0 0
104 164 0 0
107 164 0 0
110 164 0 0
111 164 0 0
115 164 0 0
118 164 0 0
119 164 0 0
120 164 0 0
122 164 0 0
123 164 0 0
129 164 0 0
158 164 0 0
163 164 0 0
49 165 0 0
87 165 0 0
88 165 0 0
95 165 0 0
96 165 0 0
97 165 0 0
105 165 0 0
106 165 0 0
108 165 0 0
109 165 0 0
113 165 0 0
114 165 0 0
121 165 0 0
124 165 0 0
125 165 0 0
126 165 0 0
146 165 0 0
150 165 0 0
153 165 0 0
154 165 0 0
156 165 0 0
157 165 0 0
162 165 0 0
2 166 0 0
51 166 0 0
52 166 0 0
89 166 0 0
93 166 0 0
94 166 0 0
100 166 0 0
102 166 0 0
110 166 0 0
111 166 0 0
115 166 0 0
122 166 0 0
123 166 0 0
129 166 0 0
155 166 0 0
163 166 0 0
164 166 0 0
2 167 0 0
52 167 0 0
54 167 0 0
55 167 0 0
59 167 0 0
61 167 0 0
85 167 0 0
89 167 0 0
91 167 0 0
92 167 0 0
94 167 0 0
100 167 0 0
101 167 0 0
102 167 0 0
103 167 0 0
110 167 0 0
111 167 0 0
115 167 0 0
118 167 0 0
119 167 0 0
122 167 0 0
123 167 0 0
129 167 0 0
158 167 0 0
163 167 0 0
164 167 0 0
166 167 0 0
2 168 0 0
52 168 0 0
54 168 0 0
58 168 0 0
61 168 0 0
85 168 0 0
89 168 0 0
91 168 0 0
94 168 0 0
100 168 0 0
101 168 0 0
102 168 0 0
110 168 0 0
111 168 0 0
115 168 0 0
118 168 0 0
122 168 0 0
123 168 0 0
129 168 0 0
158 168 0 0
163 168 0 0
164 168 0 0
166 168 0 0
167 168 0 0
54 169 0 0
55 169 0 0
56 169 0 0
59 169 0 0
63 169 0 0
64 169 0 0
67 169 0 0
85 169 0 0
89 169 0 0
90 169 0 0
91 169 0 0
92 169 0 0
94 169 0 0
98 169 0 0
99 169 0 0
101 169 0 0
102 169 0 0
103 169 0 0
104 169 0 0
107 169 0 0
108 169 0 0
111 169 0 0
112 169 0 0
115 169 0 0
116 169 0 0
117 169 0 0
118 169 0 0
119 169 0 0
120 169 0 0
127 169 0 0
128 169 0 0
129 169 0 0
130 169 0 0
158 169 0 0
159 169 0 0
163 169 0 0
164 169 0 0
167 169 0 0
168 169 0 0
49 170 0 0
53 170 0 0
65 170 0 0
87 170 0 0
88 170 0 0
95 170 0 0
96 170 0 0
97 170 0 0
99 170 0 0
105 170 0 0
106 170 0 0
108 170 0 0
109 170 0 0
113 170 0 0
114 170 0 0
116 170 0 0
121 170 0 0
124 170 0 0
125 170 0 0
126 170 0 0
154 170 0 0
156 170 0 0
157 170 0 0
162 170 0 0
165 170 0 0
53 171 0 0
54 171 0 0
55 171 0 0
56 171 0 0
60 171 0 0
63 171 0 0
64 171 0 0
67 171 0 0
70 171 0 0
90 171 0 0
91 171 0 0
92 171 0 0
94 171 0 0
95 171 0 0
96 171 0 0
97 171 0 0
98 171 0 0
99 171 0 0
101 171 0 0
103 171 0 0
104 171 0 0
107 171 0 0
108 171 0 0
111 171 0 0
112 171 0 0
116 171 0 0
117 171 0 0
118 171 0 0
119 171 0 0
120 171 0 0
126 171 0 0
127 171 0 0
128 171 0 0
130 171 0 0
159 171 0 0
160 171 0 0
161 171 0 0
164 171 0 0
169 171 0 0
49 172 0 0
53 172 0 0
62 172 0 0
65 172 0 0
87 172 0 0
88 172 0 0
95 172 0 0
96 172 0 0
97 172 0 0
98 172 0 0
99 172 0 0
105 172 0 0
106 172 0 0
108 172 0 0
109 172 0 0
113 172 0 0
114 172 0 0
116 172 0 0
121 172 0 0
124 172 0 0
125 172 0 0
126 172 0 0
127 172 0 0
154 172 0 0
156 172 0 0
157 172 0 0
162 172 0 0
165 172 0 0
170 172 0 0
50 173 0 0
93 173 0 0
155 173 0 0
2 174 0 0
51 174 0 0
52 174 0 0
89 174 0 0
91 174 0 0
93 174 0 0
94 174 0 0
100 174 0 0
102 174 0 0
110 174 0 0
111 174 0 0
115 174 0 0
118 174 0 0
122 174 0 0
123 174 0 0
129 174 0 0
155 174 0 0
158 174 0 0
163 174 0 0
164 174 0 0
166 174 0 0
167 174 0 0
168 174 0 0
2 175 0 0
52 175 0 0
89 175 0 0
91 175 0 0
93 175 0 0
94 175 0 0
100 175 0 0
102 175 0 0
110 175 0 0
111 175 0 0
115 175 0 0
118 175 0 0
122 175 0 0
123 175 0 0
129 175 0 0
155 175 0 0
158 175 0 0
163 175 0 0
164 175 0 0
166 175 0 0
167 175 0 0
168 175 0 0
174 175 0 0
2 176 0 0
52 176 0 0
54 176 0 0
55 176 0 0
85 176 0 0
89 176 0 0
91 176 0 0
92 176 0 0
94 176 0 0
100 176 0 0
101 176 0 0
102 176 0 0
103 176 0 0
107 176 0 0
110 176 0 0
111 176 0 0
115 176 0 0
118 176 0 0
119 176 0 0
120 176 0 0
122 176 0 0
123 176 0 0
129 176 0 0
158 176 0 0
163 176 0 0
164 176 0 0
166 176 0 0
167 176 0 0
168 176 0 0
169 176 0 0
171 176 0 0
174 176 0 0
175 176 0 0
2 177 0 0
52 177 0 0
54 177 0 0
55 177 0 0
59 177 0 0
85 177 0 0
89 177 0 0
90 177 0 0
91 177 0 0
92 177 0 0
94 177 0 0
100 177 0 0
101 177 0 0
102 177 0 0
103 177 0 0
104 177 0 0
107 177 0 0
110 177 0 0
111 177 0 0
112 177 0 0
115 177 0 0
118 177 0 0
119 177 0 0
120 177 0 0
123 177 0 0
128 177 0 0
129 177 0 0
158 177 0 0
159 177 0 0
163 177 0 0
164 177 0 0
166 177 0 0
167 177 0 0
168 177 0 0
169 177 0 0
171 177 0 0
174 177 0 0
175 177 0 0
176 177 0 0
53 178 0 0
55 178 0 0
56 178 0 0
60 178 0 0
63 178 0 0
64 178 0 0
88 178 0 0
90 178 0 0
91 178 0 0
92 178 0 0
95 178 0 0
96 178 0 0
97 178 0 0
98 178 0 0
99 178 0 0
101 178 0 0
103 178 0 0
104 178 0 0
107 178 0 0
108 178 0 0
109 178 0 0
112 178 0 0
113 178 0 0
116 178 0 0
117 178 0 0
118 178 0 0
119 178 0 0
120 178 0 0
126 178 0 0
127 178 0 0
128 178 0 0
130 178 0 0
131 178 0 0
132 178 0 0
149 178 0 0
151 178 0 0
156 178 0 0
159 178 0 0
160 178 0 0
161 178 0 0
162 178 0 0
164 178 0 0
169 178 0 0
171 178 0 0
172 178 0 0
177 178 0 0
49 179 0 0
87 179 0 0
88 179 0 0
95 179 0 0
96 179 0 0
97 179 0 0
99 179 0 0
105 179 0 0
106 179 0 0
108 179 0 0
109 179 0 0
113 179 0 0
114 179 0 0
116 179 0 0
121 179 0 0
124 179 0 0
125 179 0 0
126 179 0 0
132 179 0 0
150 179 0 0
154 179 0 0
156 179 0 0
157 179 0 0
162 179 0 0
165 179 0 0
170 179 0 0
172 179 0 0
54 180 0 0
55 180 0 0
89 180 0 0
90 180 0 0
91 180 0 0
92 180 0 0
94 180 0 0
98 180 0 0
99 180 0 0
101 180 0 0
102 180 0 0
103 180 0 0
104 180 0 0
107 180 0 0
108 180 0 0
111 180 0 0
112 180 0 0
115 180 0 0
116 180 0 0
117 180 0 0
118 180 0 0
119 180 0 0
120 180 0 0
127 180 0 0
128 180 0 0
129 180 0 0
130 180 0 0
131 180 0 0
158 180 0 0
159 180 0 0
161 180 0 0
164 180 0 0
167 180 0 0
168 180 0 0
169 180 0 0
171 180 0 0
176 180 0 0
177 180 0 0
178 180 0 0
53 181 0 0
56 181 0 0
88 181 0 0
90 181 0 0
95 181 0 0
96 181 0 0
97 181 0 0
98 181 0 0
99 181 0 0
103 181 0 0
104 181 0 0
105 181 0 0
107 181 0 0
108 181 0 0
109 181 0 0
112 181 0 0
113 181 0 0
114 181 0 0
116 181 0 0
117 181 0 0
119 181 0 0
120 181 0 0
121 181 0 0
124 181 0 0
125 181 0 0
126 181 0 0
127 181 0 0
128 181 0 0
130 181 0 0
131 181 0 0
132 181 0 0
147 181 0 0
149 181 0 0
150 181 0 0
156 181 0 0
157 181 0 0
159 181 0 0
160 181 0 0
161 181 0 0
162 181 0 0
165 181 0 0
169 181 0 0
170 181 0 0
171 181 0 0
172 181 0 0
178 181 0 0
179 181 0 0
180 181 0 0
53 182 0 0
87 182 0 0
88 182 0 0
90 182 0 0
95 182 0 0
96 182 0 0
97 182 0 0
98 182 0 0
99 182 0 0
104 182 0 0
105 182 0 0
106 182 0 0
108 182 0 0
109 182 0 0
112 182 0 0
113 182 0 0
114 182 0 0
116 182 0 0
117 182 0 0
120 182 0 0
121 182 0 0
124 182 0 0
125 182 0 0
126 182 0 0
127 182 0 0
128 182 0 0
131 182 0 0
132 182 0 0
146 182 0 0
147 182 0 0
148 182 0 0
149 182 0 0
150 182 0 0
154 182 0 0
156 182 0 0
157 182 0 0
159 182 0 0
160 182 0 0
161 182 0 0
162 182 0 0
165 182 0 0
170 182 0 0
171 182 0 0
172 182 0 0
178 182 0 0
179 182 0 0
181 182 0 0
2 183 0 0
30 183 0 0
36 183 0 0
50 183 0 0
51 183 0 0
52 183 0 0
57 183 0 0
58 183 0 0
73 183 0 0
74 183 0 0
81 183 0 0
82 183 0 0
93 183 0 0
100 183 0 0
163 183 0 0
166 183 0 0
173 183 0 0
174 183 0 0
2 184 0 0
37 184 0 0
38 184 0 0
51 184 0 0
52 184 0 0
54 184 0 0
55 184 0 0
58 184 0 0
59 184 0 0
61 184 0 0
67 184 0 0
72 184 0 0
74 184 0 0
75 184 0 0
80 184 0 0
81 184 0 0
82 184 0 0
83 184 0 0
84 184 0 0
85 184 0 0
89 184 0 0
91 184 0 0
92 184 0 0
94 184 0 0
100 184 0 0
101 184 0 0
102 184 0 0
103 184 0 0
115 184 0 0
118 184 0 0
123 184 0 0
129 184 0 0
163 184 0 0
164 184 0 0
166 184 0 0
167 184 0 0
168 184 0 0
169 184 0 0
174 184 0 0
175 184 0 0
176 184 0 0
177 184 0 0
183 184 0 0
2 185 0 0
36 185 0 0
38 185 0 0
50 185 0 0
51 185 0 0
52 185 0 0
57 185 0 0
58 185 0 0
61 185 0 0
73 185 0 0
74 185 0 0
75 185 0 0
81 185 0 0
82 185 0 0
83 185 0 0
85 185 0 0
89 185 0 0
93 185 0 0
94 185 0 0
100 185 0 0
102 185 0 0
163 185 0 0
166 185 0 0
167 185 0 0
168 185 0 0
174 185 0 0
175 185 0 0
183 185 0 0
184 185 0 0
2 186 0 0
33 186 0 0
37 186 0 0
48 186 0 0
52 186 0 0
54 186 0 0
55 186 0 0
56 186 0 0
58 186 0 0
59 186 0 0
61 186 0 0
63 186 0 0
67 186 0 0
70 186 0 0
71 186 0 0
72 186 0 0
74 186 0 0
75 186 0 0
76 186 0 0
80 186 0 0
81 186 0 0
82 186 0 0
83 186 0 0
84 186 0 0
85 186 0 0
86 186 0 0
89 186 0 0
90 186 0 0
91 186 0 0
92 186 0 0
94 186 0 0
100 186 0 0
101 186 0 0
102 186 0 0
103 186 0 0
115 186 0 0
118 186 0 0
163 186 0 0
164 186 0 0
167 186 0 0
168 186 0 0
169 186 0 0
171 186 0 0
174 186 0 0
175 186 0 0
176 186 0 0
177 186 0 0
180 186 0 0
184 186 0 0
1 187 0 0
32 187 0 0
53 187 0 0
54 187 0 0
55 187 0 0
56 187 0 0
59 187 0 0
60 187 0 0
62 187 0 0
63 187 0 0
64 187 0 0
65 187 0 0
66 187 0 0
67 187 0 0
69 187 0 0
70 187 0 0
71 187 0 0
76 187 0 0
78 187 0 0
79 187 0 0
86 187 0 0
88 187 0 0
90 187 0 0
91 187 0 0
92 187 0 0
95 187 0 0
96 187 0 0
97 187 0 0
98 187 0 0
99 187 0 0
101 187 0 0
103 187 0 0
104 187 0 0
116 187 0 0
117 187 0 0
119 187 0 0
120 187 0 0
127 187 0 0
169 187 0 0
171 187 0 0
178 187 0 0
180 187 0 0
181 187 0 0
182 187 0 0
1 188 0 0
32 188 0 0
35 188 0 0
53 188 0 0
55 188 0 0
56 188 0 0
60 188 0 0
62 188 0 0
63 188 0 0
64 188 0 0
65 188 0 0
66 188 0 0
69 188 0 0
70 188 0 0
71 188 0 0
77 188 0 0
78 188 0 0
79 188 0 0
86 188 0 0
88 188 0 0
90 188 0 0
92 188 0 0
95 188 0 0
96 188 0 0
97 188 0 0
98 188 0 0
99 188 0 0
103 188 0 0
104 188 0 0
116 188 0 0
117 188 0 0
162 188 0 0
170 188 0 0
171 188 0 0
172 188 0 0
178 188 0 0
181 188 0 0
182 188 0 0
187 188 0 0
1 189 0 0
31 189 0 0
32 189 0 0
35 189 0 0
39 189 0 0
40 189 0 0
44 189 0 0
46 189 0 0
49 189 0 0
53 189 0 0
56 189 0 0
60 189 0 0
62 189 0 0
64 189 0 0
65 189 0 0
66 189 0 0
68 189 0 0
69 189 0 0
70 189 0 0
77 189 0 0
78 189 0 0
79 189 0 0
87 189 0 0
88 189 0 0
90 189 0 0
95 189 0 0
96 189 0 0
97 189 0 0
98 189 0 0
99 189 0 0
104 189 0 0
105 189 0 0
113 189 0 0
121 189 0 0
162 189 0 0
165 189 0 0
170 189 0 0
172 189 0 0
179 189 0 0
181 189 0 0
182 189 0 0
187 189 0 0
188 189 0 0
2 190 0 0
30 190 0 0
34 190 0 0
36 190 0 0
50 190 0 0
51 190 0 0
57 190 0 0
73 190 0 0
93 190 0 0
173 190 0 0
183 190 0 0
185 190 0 0
2 191 0 0
50 191 0 0
51 191 0 0
52 191 0 0
57 191 0 0
58 191 0 0
73 191 0 0
74 191 0 0
81 191 0 0
82 191 0 0
89 191 0 0
93 191 0 0
100 191 0 0
102 191 0 0
122 191 0 0
163 191 0 0
166 191 0 0
168 191 0 0
173 191 0 0
174 191 0 0
175 191 0 0
183 191 0 0
184 191 0 0
185 191 0 0
190 191 0 0
1 192 0 0
32 192 0 0
53 192 0 0
56 192 0 0
60 192 0 0
62 192 0 0
63 192 0 0
64 192 0 0
65 192 0 0
66 192 0 0
68 192 0 0
69 192 0 0
70 192 0 0
71 192 0 0
77 192 0 0
78 192 0 0
79 192 0 0
86 192 0 0
87 192 0 0
88 192 0 0
90 192 0 0
95 192 0 0
96 192 0 0
97 192 0 0
98 192 0 0
99 192 0 0
104 192 0 0
105 192 0 0
113 192 0 0
116 192 0 0
117 192 0 0
120 192 0 0
121 192 0 0
126 192 0 0
127 192 0 0
162 192 0 0
165 192 0 0
170 192 0 0
171 192 0 0
172 192 0 0
178 192 0 0
179 192 0 0
181 192 0 0
182 192 0 0
187 192 0 0
188 192 0 0
189 192 0 0
1 193 0 0
53 193 0 0
54 193 0 0
55 193 0 0
56 193 0 0
60 193 0 0
62 193 0 0
63 193 0 0
64 193 0 0
65 193 0 0
66 193 0 0
67 193 0 0
69 193 0 0
70 193 0 0
71 193 0 0
78 193 0 0
79 193 0 0
86 193 0 0
88 193 0 0
90 193 0 0
91 193 0 0
92 193 0 0
95 193 0 0
96 193 0 0
97 193 0 0
98 193 0 0
99 193 0 0
101 193 0 0
103 193 0 0
104 193 0 0
113 193 0 0
116 193 0 0
117 193 0 0
119 193 0 0
120 193 0 0
126 193 0 0
127 193 0 0
128 193 0 0
162 193 0 0
169 193 0 0
171 193 0 0
172 193 0 0
178 193 0 0
180 193 0 0
181 193 0 0
182 193 0 0
187 193 0 0
188 193 0 0
189 193 0 0
192 193 0 0
2 194 0 0
54 194 0 0
55 194 0 0
56 194 0 0
59 194 0 0
60 194 0 0
61 194 0 0
63 194 0 0
64 194 0 0
67 194 0 0
70 194 0 0
71 194 0 0
72 194 0 0
76 194 0 0
80 194 0 0
84 194 0 0
85 194 0 0
86 194 0 0
89 194 0 0
90 194 0 0
91 194 0 0
92 194 0 0
94 194 0 0
98 194 0 0
99 194 0 0
101 194 0 0
102 194 0 0
103 194 0 0
104 194 0 0
117 194 0 0
118 194 0 0
119 194 0 0
120 194 0 0
129 194 0 0
164 194 0 0
167 194 0 0
168 194 0 0
169 194 0 0
171 194 0 0
176 194 0 0
177 194 0 0
178 194 0 0
180 194 0 0
184 194 0 0
186 194 0 0
187 194 0 0
193 194 0 0
49 195 0 0
53 195 0 0
56 195 0 0
60 195 0 0
62 195 0 0
64 195 0 0
65 195 0 0
66 195 0 0
68 195 0 0
69 195 0 0
70 195 0 0
77 195 0 0
78 195 0 0
79 195 0 0
87 195 0 0
88 195 0 0
90 195 0 0
95 195 0 0
96 195 0 0
97 195 0 0
98 195 0 0
99 195 0 0
104 195 0 0
105 195 0 0
108 195 0 0
109 195 0 0
113 195 0 0
114 195 0 0
116 195 0 0
117 195 0 0
121 195 0 0
124 195 0 0
125 195 0 0
126 195 0 0
127 195 0 0
162 195 0 0
165 195 0 0
170 195 0 0
172 195 0 0
178 195 0 0
179 195 0 0
181 195 0 0
182 195 0 0
187 195 0 0
188 195 0 0
189 195 0 0
192 195 0 0
193 195 0 0
53 196 0 0
54 196 0 0
55 196 0 0
56 196 0 0
59 196 0 0
60 196 0 0
63 196 0 0
64 196 0 0
66 196 0 0
67 196 0 0
70 196 0 0
71 196 0 0
76 196 0 0
79 196 0 0
80 196 0 0
85 196 0 0
86 196 0 0
89 196 0 0
90 196 0 0
91 196 0 0
92 196 0 0
94 196 0 0
95 196 0 0
96 196 0 0
97 196 0 0
98 196 0 0
99 196 0 0
101 196 0 0
102 196 0 0
103 196 0 0
104 196 0 0
107 196 0 0
108 196 0 0
112 196 0 0
116 196 0 0
117 196 0 0
118 196 0 0
119 196 0 0
120 196 0 0
126 196 0 0
127 196 0 0
128 196 0 0
129 196 0 0
159 196 0 0
164 196 0 0
167 196 0 0
169 196 0 0
171 196 0 0
176 196 0 0
177 196 0 0
178 196 0 0
180 196 0 0
181 196 0 0
182 196 0 0
186 196 0 0
187 196 0 0
188 196 0 0
192 196 0 0
193 196 0 0
194 196 0 0
107 197 0 1
108 197 0 1
110 197 0 1
111 197 0 1
112 197 0 1
115 197 0 1
119 197 0 1
122 197 0 1
123 197 0 1
128 197 0 1
129 197 0 1
130 197 0 1
131 197 0 1
133 197 0 1
134 197 0 1
138 197 0 1
141 197 0 1
143 197 0 1
144 197 0 1
147 197 0 1
149 197 0 1
151 197 0 1
152 197 0 1
155 197 0 1
158 197 0 1
159 197 0 1
160 197 0 1
161 197 0 1
110 198 0 1
122 198 0 1
133 198 0 1
134 198 0 1
138 198 0 1
155 198 0 1
173 198 0 1
89 199 0 1
94 199 0 1
100 199 0 1
101 199 0 1
102 199 0 1
107 199 0 1
110 199 0 1
111 199 0 1
115 199 0 1
118 199 0 1
119 199 0 1
122 199 0 1
123 199 0 1
129 199 0 1
130 199 0 1
133 199 0 1
134 199 0 1
138 199 0 1
155 199 0 1
158 199 0 1
159 199 0 1
163 199 0 1
164 199 0 1
166 199 0 1
167 199 0 1
168 199 0 1
169 199 0 1
174 199 0 1
175 199 0 1
176 199 0 1
177 199 0 1
180 199 0 1
1 200 0 1
3 200 0 1
4 200 0 1
5 200 0 1
6 200 0 1
9 200 0 1
12 200 0 1
13 200 0 1
15 200 0 1
18 200 0 1
19 200 0 1
20 200 0 1
22 200 0 1
23 200 0 1
24 200 0 1
25 200 0 1
26 200 0 1
28 200 0 1
29 200 0 1
32 200 0 1
35 200 0 1
40 200 0 1
43 200 0 1
44 200 0 1
46 200 0 1
79 200 0 1
7 201 0 1
10 201 0 1
16 201 0 1
17 201 0 1
21 201 0 1
30 201 0 1
34 201 0 1
41 201 0 1
47 201 0 1
7 202 0 1
10 202 0 1
11 202 0 1
14 202 0 1
16 202 0 1
17 202 0 1
21 202 0 1
27 202 0 1
38 202 0 1
41 202 0 1
47 202 0 1
3 203 0 1
4 203 0 1
10 203 0 1
11 203 0 1
14 203 0 1
15 203 0 1
19 203 0 1
27 203 0 1
33 203 0 1
42 203 0 1
45 203 0 1
48 203 0 1
72 203 0 1
3 204 0 1
4 204 0 1
11 204 0 1
14 204 0 1
15 204 0 1
19 204 0 1
27 204 0 1
33 204 0 1
42 204 0 1
43 204 0 1
45 204 0 1
48 204 0 1
72 204 0 1
1 205 0 1
3 205 0 1
4 205 0 1
5 205 0 1
6 205 0 1
9 205 0 1
12 205 0 1
13 205 0 1
15 205 0 1
18 205 0 1
19 205 0 1
20 205 0 1
22 205 0 1
23 205 0 1
24 205 0 1
25 205 0 1
28 205 0 1
29 205 0 1
32 205 0 1
42 205 0 1
43 205 0 1
44 205 0 1
46 205 0 1
71 205 0 1
79 205 0 1
1 206 0 1
3 206 0 1
4 206 0 1
5 206 0 1
11 206 0 1
12 206 0 1
14 206 0 1
15 206 0 1
19 206 0 1
27 206 0 1
33 206 0 1
37 206 0 1
42 206 0 1
43 206 0 1
45 206 0 1
48 206 0 1
71 206 0 1
72 206 0 1
76 206 0 1
80 206 0 1
1 207 0 1
3 207 0 1
4 207 0 1
5 207 0 1
6 207 0 1
9 207 0 1
12 207 0 1
13 207 0 1
14 207 0 1
15 207 0 1
18 207 0 1
19 207 0 1
22 207 0 1
23 207 0 1
24 207 0 1
25 207 0 1
27 207 0 1
28 207 0 1
29 207 0 1
42 207 0 1
43 207 0 1
44 207 0 1
45 207 0 1
71 207 0 1
79 207 0 1
3 208 0 1
4 208 0 1
10 208 0 1
11 208 0 1
14 208 0 1
15 208 0 1
19 208 0 1
27 208 0 1
33 208 0 1
37 208 0 1
38 208 0 1
42 208 0 1
43 208 0 1
45 208 0 1
48 208 0 1
72 208 0 1
75 208 0 1
7 209 0 1
10 209 0 1
11 209 0 1
14 209 0 1
16 209 0 1
17 209 0 1
21 209 0 1
27 209 0 1
33 209 0 1
37 209 0 1
38 209 0 1
48 209 0 1
72 209 0 1
74 209 0 1
75 209 0 1
7 210 0 1
10 210 0 1
16 210 0 1
17 210 0 1
21 210 0 1
30 210 0 1
34 210 0 1
36 210 0 1
41 210 0 1
47 210 0 1
73 210 0 1
1 211 0 1
6 211 0 1
8 211 0 1
9 211 0 1
13 211 0 1
18 211 0 1
20 211 0 1
22 211 0 1
23 211 0 1
24 211 0 1
25 211 0 1
26 211 0 1
28 211 0 1
29 211 0 1
31 211 0 1
32 211 0 1
35 211 0 1
39 211 0 1
40 211 0 1
44 211 0 1
46 211 0 1
68 211 0 1
77 211 0 1
78 211 0 1
79 211 0 1
1 212 0 1
3 212 0 1
4 212 0 1
5 212 0 1
11 212 0 1
12 212 0 1
13 212 0 1
14 212 0 1
15 212 0 1
19 212 0 1
23 212 0 1
24 212 0 1
27 212 0 1
28 212 0 1
33 212 0 1
42 212 0 1
43 212 0 1
45 212 0 1
48 212 0 1
71 212 0 1
72 212 0 1
76 212 0 1
79 212 0 1
80 212 0 1
1 213 0 1
5 213 0 1
6 213 0 1
8 213 0 1
9 213 0 1
12 213 0 1
13 213 0 1
18 213 0 1
20 213 0 1
22 213 0 1
23 213 0 1
24 213 0 1
25 213 0 1
26 213 0 1
28 213 0 1
29 213 0 1
31 213 0 1
32 213 0 1
35 213 0 1
39 213 0 1
40 213 0 1
44 213 0 1
46 213 0 1
65 213 0 1
68 213 0 1
69 213 0 1
77 213 0 1
78 213 0 1
79 213 0 1
7 214 0 1
10 214 0 1
11 214 0 1
14 214 0 1
16 214 0 1
21 214 0 1
27 214 0 1
33 214 0 1
37 214 0 1
38 214 0 1
45 214 0 1
48 214 0 1
72 214 0 1
74 214 0 1
75 214 0 1
82 214 0 1
1 215 0 1
3 215 0 1
4 215 0 1
11 215 0 1
12 215 0 1
14 215 0 1
15 215 0 1
19 215 0 1
27 215 0 1
33 215 0 1
37 215 0 1
38 215 0 1
42 215 0 1
43 215 0 1
45 215 0 1
48 215 0 1
71 215 0 1
72 215 0 1
74 215 0 1
75 215 0 1
76 215 0 1
80 215 0 1
83 215 0 1
84 215 0 1
85 215 0 1
7 216 0 1
10 216 0 1
11 216 0 1
14 216 0 1
16 216 0 1
17 216 0 1
21 216 0 1
27 216 0 1
33 216 0 1
34 216 0 1
36 216 0 1
37 216 0 1
38 216 0 1
41 216 0 1
47 216 0 1
48 216 0 1
73 216 0 1
74 216 0 1
75 216 0 1
81 216 0 1
82 216 0 1
1 217 0 1
5 217 0 1
9 217 0 1
12 217 0 1
13 217 0 1
15 217 0 1
18 217 0 1
19 217 0 1
22 217 0 1
23 217 0 1
24 217 0 1
25 217 0 1
28 217 0 1
29 217 0 1
32 217 0 1
35 217 0 1
42 217 0 1
43 217 0 1
44 217 0 1
45 217 0 1
46 217 0 1
53 217 0 1
55 217 0 1
56 217 0 1
60 217 0 1
62 217 0 1
63 217 0 1
64 217 0 1
65 217 0 1
66 217 0 1
67 217 0 1
69 217 0 1
70 217 0 1
71 217 0 1
76 217 0 1
77 217 0 1
78 217 0 1
79 217 0 1
86 217 0 1
187 217 0 1
188 217 0 1
189 217 0 1
192 217 0 1
193 217 0 1
7 218 0 1
10 218 0 1
16 218 0 1
17 218 0 1
21 218 0 1
30 218 0 1
34 218 0 1
36 218 0 1
38 218 0 1
41 218 0 1
47 218 0 1
50 218 0 1
57 218 0 1
73 218 0 1
81 218 0 1
6 219 0 1
8 219 0 1
18 219 0 1
20 219 0 1
22 219 0 1
25 219 0 1
26 219 0 1
29 219 0 1
31 219 0 1
32 219 0 1
35 219 0 1
39 219 0 1
40 219 0 1
44 219 0 1
46 219 0 1
49 219 0 1
62 219 0 1
65 219 0 1
66 219 0 1
68 219 0 1
69 219 0 1
77 219 0 1
78 219 0 1
79 219 0 1
189 219 0 1
7 220 0 1
10 220 0 1
11 220 0 1
14 220 0 1
16 220 0 1
17 220 0 1
21 220 0 1
27 220 0 1
33 220 0 1
34 220 0 1
36 220 0 1
37 220 0 1
38 220 0 1
41 220 0 1
47 220 0 1
48 220 0 1
58 220 0 1
61 220 0 1
72 220 0 1
73 220 0 1
74 220 0 1
75 220 0 1
80 220 0 1
81 220 0 1
82 220 0 1
83 220 0 1
84 220 0 1
85 220 0 1
7 221 0 1
10 221 0 1
11 221 0 1
14 221 0 1
21 221 0 1
27 221 0 1
33 221 0 1
37 221 0 1
38 221 0 1
45 221 0 1
48 221 0 1
52 221 0 1
58 221 0 1
61 221 0 1
72 221 0 1
74 221 0 1
75 221 0 1
80 221 0 1
81 221 0 1
82 221 0 1
83 221 0 1
84 221 0 1
85 221 0 1
8 222 0 1
20 222 0 1
22 222 0 1
26 222 0 1
29 222 0 1
31 222 0 1
32 222 0 1
35 222 0 1
39 222 0 1
40 222 0 1
46 222 0 1
49 222 0 1
62 222 0 1
65 222 0 1
68 222 0 1
69 222 0 1
77 222 0 1
78 222 0 1
189 222 0 1
2 223 0 1
7 223 0 1
10 223 0 1
11 223 0 1
14 223 0 1
16 223 0 1
17 223 0 1
21 223 0 1
27 223 0 1
30 223 0 1
33 223 0 1
34 223 0 1
36 223 0 1
37 223 0 1
38 223 0 1
41 223 0 1
47 223 0 1
48 223 0 1
51 223 0 1
52 223 0 1
57 223 0 1
58 223 0 1
61 223 0 1
72 223 0 1
73 223 0 1
74 223 0 1
75 223 0 1
81 223 0 1
82 223 0 1
83 223 0 1
84 223 0 1
85 223 0 1
185 223 0 1
2 224 0 1
10 224 0 1
11 224 0 1
14 224 0 1
27 224 0 1
33 224 0 1
37 224 0 1
38 224 0 1
42 224 0 1
45 224 0 1
48 224 0 1
52 224 0 1
54 224 0 1
58 224 0 1
59 224 0 1
61 224 0 1
67 224 0 1
71 224 0 1
72 224 0 1
74 224 0 1
75 224 0 1
76 224 0 1
80 224 0 1
81 224 0 1
82 224 0 1
83 224 0 1
84 224 0 1
85 224 0 1
184 224 0 1
186 224 0 1
1 225 0 1
3 225 0 1
4 225 0 1
12 225 0 1
14 225 0 1
15 225 0 1
19 225 0 1
27 225 0 1
33 225 0 1
37 225 0 1
42 225 0 1
43 225 0 1
45 225 0 1
48 225 0 1
54 225 0 1
55 225 0 1
56 225 0 1
59 225 0 1
60 225 0 1
61 225 0 1
63 225 0 1
67 225 0 1
70 225 0 1
71 225 0 1
72 225 0 1
75 225 0 1
76 225 0 1
79 225 0 1
80 225 0 1
83 225 0 1
84 225 0 1
85 225 0 1
86 225 0 1
186 225 0 1
6 226 0 1
8 226 0 1
20 226 0 1
22 226 0 1
25 226 0 1
26 226 0 1
29 226 0 1
31 226 0 1
35 226 0 1
39 226 0 1
40 226 0 1
46 226 0 1
65 226 0 1
68 226 0 1
77 226 0 1
78 226 0 1
7 227 0 1
10 227 0 1
11 227 0 1
14 227 0 1
16 227 0 1
17 227 0 1
21 227 0 1
27 227 0 1
30 227 0 1
33 227 0 1
34 227 0 1
36 227 0 1
37 227 0 1
38 227 0 1
41 227 0 1
47 227 0 1
48 227 0 1
58 227 0 1
72 227 0 1
73 227 0 1
74 227 0 1
75 227 0 1
81 227 0 1
82 227 0 1
83 227 0 1
84 227 0 1
7 228 0 1
10 228 0 1
16 228 0 1
17 228 0 1
21 228 0 1
30 228 0 1
34 228 0 1
36 228 0 1
41 228 0 1
47 228 0 1
73 228 0 1
7 229 0 1
10 229 0 1
11 229 0 1
16 229 0 1
17 229 0 1
21 229 0 1
30 229 0 1
34 229 0 1
36 229 0 1
38 229 0 1
41 229 0 1
47 229 0 1
73 229 0 1
74 229 0 1
75 229 0 1
81 229 0 1
82 229 0 1
7 230 0 1
10 230 0 1
11 230 0 1
14 230 0 1
16 230 0 1
17 230 0 1
19 230 0 1
21 230 0 1
27 230 0 1
33 230 0 1
36 230 0 1
37 230 0 1
38 230 0 1
42 230 0 1
45 230 0 1
47 230 0 1
48 230 0 1
58 230 0 1
72 230 0 1
74 230 0 1
75 230 0 1
80 230 0 1
81 230 0 1
82 230 0 1
83 230 0 1
84 230 0 1
85 230 0 1
7 231 0 1
10 231 0 1
11 231 0 1
14 231 0 1
16 231 0 1
17 231 0 1
21 231 0 1
27 231 0 1
33 231 0 1
34 231 0 1
36 231 0 1
37 231 0 1
38 231 0 1
47 231 0 1
48 231 0 1
72 231 0 1
74 231 0 1
75 231 0 1
81 231 0 1
82 231 0 1
83 231 0 1
84 231 0 1
1 232 0 1
6 232 0 1
8 232 0 1
9 232 0 1
18 232 0 1
20 232 0 1
22 232 0 1
23 232 0 1
25 232 0 1
26 232 0 1
29 232 0 1
31 232 0 1
32 232 0 1
35 232 0 1
39 232 0 1
40 232 0 1
44 232 0 1
46 232 0 1
65 232 0 1
68 232 0 1
69 232 0 1
77 232 0 1
78 232 0 1
79 232 0 1
1 233 0 1
3 233 0 1
4 233 0 1
5 233 0 1
9 233 0 1
12 233 0 1
13 233 0 1
15 233 0 1
18 233 0 1
19 233 0 1
22 233 0 1
23 233 0 1
24 233 0 1
25 233 0 1
27 233 0 1
28 233 0 1
29 233 0 1
32 233 0 1
35 233 0 1
42 233 0 1
43 233 0 1
44 233 0 1
45 233 0 1
46 233 0 1
48 233 0 1
67 233 0 1
69 233 0 1
70 233 0 1
71 233 0 1
72 233 0 1
76 233 0 1
79 233 0 1
80 233 0 1
86 233 0 1
3 234 0 1
10 234 0 1
11 234 0 1
14 234 0 1
15 234 0 1
19 234 0 1
27 234 0 1
33 234 0 1
37 234 0 1
38 234 0 1
42 234 0 1
43 234 0 1
45 234 0 1
48 234 0 1
58 234 0 1
61 234 0 1
67 234 0 1
71 234 0 1
72 234 0 1
74 234 0 1
75 234 0 1
76 234 0 1
80 234 0 1
81 234 0 1
82 234 0 1
83 234 0 1
84 234 0 1
85 234 0 1
1 235 0 1
3 235 0 1
4 235 0 1
10 235 0 1
11 235 0 1
14 235 0 1
15 235 0 1
19 235 0 1
27 235 0 1
33 235 0 1
37 235 0 1
38 235 0 1
42 235 0 1
43 235 0 1
45 235 0 1
48 235 0 1
58 235 0 1
59 235 0 1
61 235 0 1
67 235 0 1
71 235 0 1
72 235 0 1
74 235 0 1
75 235 0 1
76 235 0 1
80 235 0 1
81 235 0 1
82 235 0 1
83 235 0 1
84 235 0 1
85 235 0 1
86 235 0 1
1 236 0 1
18 236 0 1
26 236 0 1
29 236 0 1
31 236 0 1
32 236 0 1
35 236 0 1
39 236 0 1
40 236 0 1
44 236 0 1
46 236 0 1
49 236 0 1
53 236 0 1
62 236 0 1
64 236 0 1
65 236 0 1
66 236 0 1
68 236 0 1
69 236 0 1
70 236 0 1
77 236 0 1
78 236 0 1
79 236 0 1
87 236 0 1
88 236 0 1
95 236 0 1
97 236 0 1
99 236 0 1
188 236 0 1
189 236 0 1
192 236 0 1
193 236 0 1
195 236 0 1
2 237 0 1
17 237 0 1
30 237 0 1
34 237 0 1
36 237 0 1
38 237 0 1
41 237 0 1
47 237 0 1
50 237 0 1
51 237 0 1
57 237 0 1
58 237 0 1
73 237 0 1
74 237 0 1
81 237 0 1
82 237 0 1
93 237 0 1
183 237 0 1
185 237 0 1
190 237 0 1
191 237 0 1
2 238 0 1
33 238 0 1
34 238 0 1
36 238 0 1
37 238 0 1
38 238 0 1
47 238 0 1
50 238 0 1
51 238 0 1
52 238 0 1
57 238 0 1
58 238 0 1
61 238 0 1
72 238 0 1
73 238 0 1
74 238 0 1
75 238 0 1
81 238 0 1
82 238 0 1
83 238 0 1
84 238 0 1
85 238 0 1
89 238 0 1
93 238 0 1
94 238 0 1
100 238 0 1
102 238 0 1
163 238 0 1
166 238 0 1
183 238 0 1
184 238 0 1
185 238 0 1
190 238 0 1
191 238 0 1
1 239 0 1
19 239 0 1
33 239 0 1
37 239 0 1
42 239 0 1
43 239 0 1
45 239 0 1
48 239 0 1
54 239 0 1
55 239 0 1
56 239 0 1
58 239 0 1
59 239 0 1
60 239 0 1
61 239 0 1
63 239 0 1
64 239 0 1
66 239 0 1
67 239 0 1
70 239 0 1
71 239 0 1
72 239 0 1
76 239 0 1
79 239 0 1
80 239 0 1
83 239 0 1
84 239 0 1
85 239 0 1
86 239 0 1
89 239 0 1
90 239 0 1
91 239 0 1
92 239 0 1
94 239 0 1
101 239 0 1
103 239 0 1
184 239 0 1
186 239 0 1
187 239 0 1
193 239 0 1
194 239 0 1
196 239 0 1
31 240 0 1
35 240 0 1
39 240 0 1
49 240 0 1
53 240 0 1
62 240 0 1
65 240 0 1
66 240 0 1
68 240 0 1
69 240 0 1
77 240 0 1
78 240 0 1
87 240 0 1
88 240 0 1
95 240 0 1
96 240 0 1
97 240 0 1
105 240 0 1
162 240 0 1
165 240 0 1
170 240 0 1
172 240 0 1
179 240 0 1
188 240 0 1
189 240 0 1
192 240 0 1
195 240 0 1
2 241 0 1
50 241 0 1
51 241 0 1
57 241 0 1
93 241 0 1
173 241 0 1
183 241 0 1
185 241 0 1
190 241 0 1
191 241 0 1
2 242 0 1
52 242 0 1
54 242 0 1
55 242 0 1
58 242 0 1
59 242 0 1
61 242 0 1
63 242 0 1
67 242 0 1
72 242 0 1
80 242 0 1
82 242 0 1
83 242 0 1
84 242 0 1
85 242 0 1
86 242 0 1
89 242 0 1
90 242 0 1
91 242 0 1
92 242 0 1
94 242 0 1
100 242 0 1
101 242 0 1
102 242 0 1
103 242 0 1
111 242 0 1
115 242 0 1
118 242 0 1
119 242 0 1
123 242 0 1
129 242 0 1
163 242 0 1
164 242 0 1
166 242 0 1
167 242 0 1
168 242 0 1
169 242 0 1
171 242 0 1
174 242 0 1
175 242 0 1
176 242 0 1
177 242 0 1
180 242 0 1
184 242 0 1
186 242 0 1
194 242 0 1
196 242 0 1
2 243 0 1
50 243 0 1
51 243 0 1
57 243 0 1
73 243 0 1
93 243 0 1
100 243 0 1
166 243 0 1
173 243 0 1
183 243 0 1
185 243 0 1
190 243 0 1
191 243 0 1
1 244 0 1
53 244 0 1
54 244 0 1
55 244 0 1
56 244 0 1
59 244 0 1
60 244 0 1
61 244 0 1
63 244 0 1
64 244 0 1
66 244 0 1
67 244 0 1
70 244 0 1
71 244 0 1
72 244 0 1
76 244 0 1
79 244 0 1
80 244 0 1
84 244 0 1
85 244 0 1
86 244 0 1
89 244 0 1
90 244 0 1
91 244 0 1
92 244 0 1
94 244 0 1
98 244 0 1
99 244 0 1
101 244 0 1
102 244 0 1
103 244 0 1
104 244 0 1
117 244 0 1
118 244 0 1
119 244 0 1
120 244 0 1
164 244 0 1
167 244 0 1
169 244 0 1
171 244 0 1
176 244 0 1
177 244 0 1
178 244 0 1
180 244 0 1
184 244 0 1
186 244 0 1
187 244 0 1
188 244 0 1
192 244 0 1
193 244 0 1
194 244 0 1
196 244 0 1
31 245 0 1
35 245 0 1
39 245 0 1
49 245 0 1
53 245 0 1
62 245 0 1
65 245 0 1
66 245 0 1
68 245 0 1
69 245 0 1
77 245 0 1
78 245 0 1
87 245 0 1
88 245 0 1
95 245 0 1
96 245 0 1
97 245 0 1
99 245 0 1
105 245 0 1
114 245 0 1
121 245 0 1
162 245 0 1
165 245 0 1
170 245 0 1
172 245 0 1
179 245 0 1
182 245 0 1
188 245 0 1
189 245 0 1
192 245 0 1
195 245 0 1
31 246 0 1
39 246 0 1
49 246 0 1
53 246 0 1
62 246 0 1
65 246 0 1
66 246 0 1
68 246 0 1
69 246 0 1
77 246 0 1
78 246 0 1
87 246 0 1
88 246 0 1
95 246 0 1
96 246 0 1
97 246 0 1
105 246 0 1
113 246 0 1
114 246 0 1
121 246 0 1
162 246 0 1
165 246 0 1
170 246 0 1
172 246 0 1
179 246 0 1
182 246 0 1
188 246 0 1
189 246 0 1
192 246 0 1
195 246 0 1
2 247 0 1
52 247 0 1
54 247 0 1
55 247 0 1
58 247 0 1
59 247 0 1
61 247 0 1
63 247 0 1
67 247 0 1
72 247 0 1
74 247 0 1
75 247 0 1
80 247 0 1
81 247 0 1
82 247 0 1
83 247 0 1
84 247 0 1
85 247 0 1
86 247 0 1
89 247 0 1
91 247 0 1
92 247 0 1
94 247 0 1
100 247 0 1
101 247 0 1
102 247 0 1
103 247 0 1
115 247 0 1
118 247 0 1
123 247 0 1
129 247 0 1
163 247 0 1
164 247 0 1
166 247 0 1
167 247 0 1
168 247 0 1
169 247 0 1
174 247 0 1
175 247 0 1
176 247 0 1
177 247 0 1
180 247 0 1
184 247 0 1
185 247 0 1
186 247 0 1
194 247 0 1
196 247 0 1
2 248 0 1
33 248 0 1
37 248 0 1
38 248 0 1
48 248 0 1
51 248 0 1
52 248 0 1
54 248 0 1
55 248 0 1
58 248 0 1
59 248 0 1
61 248 0 1
67 248 0 1
72 248 0 1
74 248 0 1
75 248 0 1
80 248 0 1
81 248 0 1
82 248 0 1
83 248 0 1
84 248 0 1
85 248 0 1
89 248 0 1
91 248 0 1
94 248 0 1
100 248 0 1
101 248 0 1
102 248 0 1
163 248 0 1
164 248 0 1
166 248 0 1
167 248 0 1
168 248 0 1
174 248 0 1
176 248 0 1
184 248 0 1
185 248 0 1
186 248 0 1
191 248 0 1
194 248 0 1
2 249 0 1
34 249 0 1
36 249 0 1
37 249 0 1
38 249 0 1
50 249 0 1
51 249 0 1
52 249 0 1
57 249 0 1
58 249 0 1
61 249 0 1
73 249 0 1
74 249 0 1
75 249 0 1
81 249 0 1
82 249 0 1
83 249 0 1
84 249 0 1
85 249 0 1
89 249 0 1
93 249 0 1
94 249 0 1
100 249 0 1
102 249 0 1
163 249 0 1
166 249 0 1
168 249 0 1
174 249 0 1
175 249 0 1
183 249 0 1
184 249 0 1
185 249 0 1
190 249 0 1
191 249 0 1
2 250 0 1
33 250 0 1
37 250 0 1
38 250 0 1
48 250 0 1
51 250 0 1
52 250 0 1
54 250 0 1
55 250 0 1
58 250 0 1
59 250 0 1
61 250 0 1
63 250 0 1
67 250 0 1
72 250 0 1
74 250 0 1
75 250 0 1
76 250 0 1
80 250 0 1
81 250 0 1
82 250 0 1
83 250 0 1
84 250 0 1
85 250 0 1
86 250 0 1
89 250 0 1
91 250 0 1
92 250 0 1
94 250 0 1
100 250 0 1
101 250 0 1
102 250 0 1
103 250 0 1
115 250 0 1
163 250 0 1
164 250 0 1
166 250 0 1
167 250 0 1
168 250 0 1
169 250 0 1
174 250 0 1
175 250 0 1
176 250 0 1
177 250 0 1
184 250 0 1
185 250 0 1
186 250 0 1
194 250 0 1
196 250 0 1
2 251 0 1
37 251 0 1
38 251 0 1
50 251 0 1
51 251 0 1
52 251 0 1
57 251 0 1
58 251 0 1
61 251 0 1
72 251 0 1
74 251 0 1
75 251 0 1
81 251 0 1
82 251 0 1
83 251 0 1
84 251 0 1
85 251 0 1
89 251 0 1
91 251 0 1
93 251 0 1
94 251 0 1
100 251 0 1
102 251 0 1
115 251 0 1
163 251 0 1
164 251 0 1
166 251 0 1
167 251 0 1
168 251 0 1
174 251 0 1
175 251 0 1
176 251 0 1
183 251 0 1
184 251 0 1
185 251 0 1
186 251 0 1
190 251 0 1
191 251 0 1
2 252 0 1
54 252 0 1
55 252 0 1
56 252 0 1
59 252 0 1
63 252 0 1
67 252 0 1
85 252 0 1
89 252 0 1
90 252 0 1
91 252 0 1
92 252 0 1
94 252 0 1
98 252 0 1
99 252 0 1
101 252 0 1
102 252 0 1
103 252 0 1
104 252 0 1
107 252 0 1
111 252 0 1
112 252 0 1
115 252 0 1
117 252 0 1
118 252 0 1
119 252 0 1
120 252 0 1
123 252 0 1
127 252 0 1
128 252 0 1
129 252 0 1
158 252 0 1
159 252 0 1
163 252 0 1
164 252 0 1
167 252 0 1
168 252 0 1
169 252 0 1
171 252 0 1
176 252 0 1
177 252 0 1
178 252 0 1
180 252 0 1
184 252 0 1
186 252 0 1
187 252 0 1
193 252 0 1
194 252 0 1
196 252 0 1
2 253 0 1
51 253 0 1
93 253 0 1
100 253 0 1
102 253 0 1
110 253 0 1
115 253 0 1
122 253 0 1
123 253 0 1
129 253 0 1
133 253 0 1
155 253 0 1
163 253 0 1
166 253 0 1
167 253 0 1
168 253 0 1
173 253 0 1
174 253 0 1
175 253 0 1
183 253 0 1
185 253 0 1
190 253 0 1
191 253 0 1
2 254 0 1
50 254 0 1
51 254 0 1
57 254 0 1
93 254 0 1
122 254 0 1
155 254 0 1
166 254 0 1
173 254 0 1
183 254 0 1
185 254 0 1
190 254 0 1
191 254 0 1
2 255 0 1
50 255 0 1
51 255 0 1
52 255 0 1
57 255 0 1
93 255 0 1
100 255 0 1
102 255 0 1
110 255 0 1
115 255 0 1
122 255 0 1
123 255 0 1
155 255 0 1
163 255 0 1
166 255 0 1
167 255 0 1
168 255 0 1
173 255 0 1
174 255 0 1
175 255 0 1
183 255 0 1
184 255 0 1
185 255 0 1
190 255 0 1
191 255 0 1
2 256 0 1
51 256 0 1
52 256 0 1
89 256 0 1
93 256 0 1
94 256 0 1
100 256 0 1
102 256 0 1
110 256 0 1
111 256 0 1
115 256 0 1
122 256 0 1
123 256 0 1
129 256 0 1
155 256 0 1
163 256 0 1
164 256 0 1
166 256 0 1
167 256 0 1
168 256 0 1
173 256 0 1
174 256 0 1
175 256 0 1
176 256 0 1
183 256 0 1
184 256 0 1
185 256 0 1
190 256 0 1
191 256 0 1
49 257 0 1
87 257 0 1
88 257 0 1
95 257 0 1
96 257 0 1
97 257 0 1
98 257 0 1
99 257 0 1
105 257 0 1
106 257 0 1
108 257 0 1
109 257 0 1
113 257 0 1
114 257 0 1
116 257 0 1
117 257 0 1
121 257 0 1
124 257 0 1
125 257 0 1
126 257 0 1
127 257 0 1
132 257 0 1
146 257 0 1
150 257 0 1
154 257 0 1
156 257 0 1
157 257 0 1
160 257 0 1
162 257 0 1
165 257 0 1
170 257 0 1
172 257 0 1
178 257 0 1
179 257 0 1
181 257 0 1
182 257 0 1
188 257 0 1
189 257 0 1
192 257 0 1
193 257 0 1
195 257 0 1
54 258 0 1
55 258 0 1
56 258 0 1
89 258 0 1
90 258 0 1
91 258 0 1
92 258 0 1
94 258 0 1
98 258 0 1
99 258 0 1
101 258 0 1
102 258 0 1
103 258 0 1
104 258 0 1
107 258 0 1
108 258 0 1
111 258 0 1
112 258 0 1
115 258 0 1
116 258 0 1
117 258 0 1
118 258 0 1
119 258 0 1
120 258 0 1
127 258 0 1
128 258 0 1
129 258 0 1
130 258 0 1
131 258 0 1
158 258 0 1
159 258 0 1
160 258 0 1
161 258 0 1
164 258 0 1
167 258 0 1
169 258 0 1
171 258 0 1
176 258 0 1
177 258 0 1
178 258 0 1
180 258 0 1
181 258 0 1
186 258 0 1
187 258 0 1
193 258 0 1
194 258 0 1
196 258 0 1
2 259 0 1
52 259 0 1
54 259 0 1
55 259 0 1
56 259 0 1
59 259 0 1
61 259 0 1
63 259 0 1
67 259 0 1
70 259 0 1
85 259 0 1
86 259 0 1
89 259 0 1
90 259 0 1
91 259 0 1
92 259 0 1
94 259 0 1
98 259 0 1
100 259 0 1
101 259 0 1
102 259 0 1
103 259 0 1
104 259 0 1
107 259 0 1
111 259 0 1
112 259 0 1
115 259 0 1
117 259 0 1
118 259 0 1
119 259 0 1
120 259 0 1
123 259 0 1
128 259 0 1
129 259 0 1
163 259 0 1
164 259 0 1
167 259 0 1
168 259 0 1
169 259 0 1
171 259 0 1
175 259 0 1
176 259 0 1
177 259 0 1
178 259 0 1
180 259 0 1
184 259 0 1
186 259 0 1
187 259 0 1
193 259 0 1
194 259 0 1
196 259 0 1
2 260 0 1
52 260 0 1
54 260 0 1
55 260 0 1
56 260 0 1
58 260 0 1
59 260 0 1
61 260 0 1
63 260 0 1
67 260 0 1
80 260 0 1
83 260 0 1
84 260 0 1
85 260 0 1
86 260 0 1
89 260 0 1
90 260 0 1
91 260 0 1
92 260 0 1
94 260 0 1
100 260 0 1
101 260 0 1
102 260 0 1
103 260 0 1
104 260 0 1
107 260 0 1
111 260 0 1
115 260 0 1
118 260 0 1
119 260 0 1
120 260 0 1
123 260 0 1
129 260 0 1
158 260 0 1
163 260 0 1
164 260 0 1
167 260 0 1
168 260 0 1
169 260 0 1
171 260 0 1
174 260 0 1
175 260 0 1
176 260 0 1
177 260 0 1
178 260 0 1
180 260 0 1
184 260 0 1
186 260 0 1
194 260 0 1
196 260 0 1
53 261 0 1
56 261 0 1
60 261 0 1
62 261 0 1
63 261 0 1
64 261 0 1
65 261 0 1
66 261 0 1
69 261 0 1
70 261 0 1
87 261 0 1
88 261 0 1
90 261 0 1
92 261 0 1
95 261 0 1
96 261 0 1
97 261 0 1
98 261 0 1
99 261 0 1
103 261 0 1
104 261 0 1
105 261 0 1
108 261 0 1
109 261 0 1
113 261 0 1
114 261 0 1
116 261 0 1
117 261 0 1
120 261 0 1
121 261 0 1
124 261 0 1
125 261 0 1
126 261 0 1
127 261 0 1
128 261 0 1
162 261 0 1
165 261 0 1
170 261 0 1
171 261 0 1
172 261 0 1
178 261 0 1
179 261 0 1
181 261 0 1
182 261 0 1
187 261 0 1
188 261 0 1
189 261 0 1
192 261 0 1
193 261 0 1
195 261 0 1
196 261 0 1
49 262 0 1
62 262 0 1
65 262 0 1
68 262 0 1
87 262 0 1
88 262 0 1
95 262 0 1
96 262 0 1
97 262 0 1
105 262 0 1
106 262 0 1
109 262 0 1
113 262 0 1
114 262 0 1
121 262 0 1
124 262 0 1
125 262 0 1
126 262 0 1
154 262 0 1
157 262 0 1
162 262 0 1
165 262 0 1
170 262 0 1
172 262 0 1
179 262 0 1
182 262 0 1
189 262 0 1
192 262 0 1
195 262 0 1
2 263 0 1
50 263 0 1
51 263 0 1
52 263 0 1
57 263 0 1
93 263 0 1
100 263 0 1
102 263 0 1
110 263 0 1
122 263 0 1
123 263 0 1
155 263 0 1
163 263 0 1
166 263 0 1
168 263 0 1
173 263 0 1
174 263 0 1
175 263 0 1
183 263 0 1
184 263 0 1
185 263 0 1
190 263 0 1
191 263 0 1
2 264 0 1
50 264 0 1
51 264 0 1
57 264 0 1
93 264 0 1
100 264 0 1
110 264 0 1
122 264 0 1
155 264 0 1
163 264 0 1
166 264 0 1
173 264 0 1
174 264 0 1
175 264 0 1
183 264 0 1
185 264 0 1
190 264 0 1
191 264 0 1
16 265 0 1
17 265 0 1
21 265 0 1
30 265 0 1
34 265 0 1
36 265 0 1
38 265 0 1
41 265 0 1
47 265 0 1
50 265 0 1
51 265 0 1
57 265 0 1
73 265 0 1
74 265 0 1
81 265 0 1
183 265 0 1
185 265 0 1
190 265 0 1
191 265 0 1
2 266 0 1
7 266 0 1
10 266 0 1
16 266 0 1
17 266 0 1
21 266 0 1
30 266 0 1
34 266 0 1
36 266 0 1
37 266 0 1
38 266 0 1
41 266 0 1
47 266 0 1
50 266 0 1
51 266 0 1
52 266 0 1
57 266 0 1
58 266 0 1
73 266 0 1
74 266 0 1
75 266 0 1
81 266 0 1
82 266 0 1
183 266 0 1
185 266 0 1
190 266 0 1
191 266 0 1
2 267 0 1
16 267 0 1
17 267 0 1
21 267 0 1
30 267 0 1
34 267 0 1
36 267 0 1
37 267 0 1
38 267 0 1
41 267 0 1
47 267 0 1
50 267 0 1
51 267 0 1
52 267 0 1
57 267 0 1
58 267 0 1
73 267 0 1
74 267 0 1
75 267 0 1
81 267 0 1
82 267 0 1
83 267 0 1
183 267 0 1
185 267 0 1
190 267 0 1
191 267 0 1
2 268 0 1
7 268 0 1
10 268 0 1
11 268 0 1
14 268 0 1
16 268 0 1
17 268 0 1
21 268 0 1
30 268 0 1
33 268 0 1
34 268 0 1
36 268 0 1
37 268 0 1
38 268 0 1
41 268 0 1
47 268 0 1
48 268 0 1
50 268 0 1
51 268 0 1
52 268 0 1
57 268 0 1
58 268 0 1
61 268 0 1
72 268 0 1
73 268 0 1
74 268 0 1
75 268 0 1
81 268 0 1
82 268 0 1
83 268 0 1
84 268 0 1
85 268 0 1
183 268 0 1
184 268 0 1
185 268 0 1
191 268 0 1
1 269 0 1
18 269 0 1
20 269 0 1
22 269 0 1
23 269 0 1
24 269 0 1
25 269 0 1
26 269 0 1
28 269 0 1
29 269 0 1
31 269 0 1
32 269 0 1
35 269 0 1
39 269 0 1
40 269 0 1
44 269 0 1
46 269 0 1
49 269 0 1
53 269 0 1
56 269 0 1
60 269 0 1
62 269 0 1
64 269 0 1
65 269 0 1
66 269 0 1
68 269 0 1
69 269 0 1
70 269 0 1
71 269 0 1
77 269 0 1
78 269 0 1
79 269 0 1
86 269 0 1
88 269 0 1
95 269 0 1
99 269 0 1
187 269 0 1
188 269 0 1
189 269 0 1
192 269 0 1
193 269 0 1
195 269 0 1
2 270 0 1
27 270 0 1
33 270 0 1
37 270 0 1
38 270 0 1
45 270 0 1
48 270 0 1
51 270 0 1
52 270 0 1
54 270 0 1
58 270 0 1
59 270 0 1
61 270 0 1
67 270 0 1
72 270 0 1
74 270 0 1
75 270 0 1
76 270 0 1
80 270 0 1
81 270 0 1
82 270 0 1
83 270 0 1
84 270 0 1
85 270 0 1
89 270 0 1
184 270 0 1
185 270 0 1
186 270 0 1
1 271 0 1
19 271 0 1
27 271 0 1
33 271 0 1
37 271 0 1
42 271 0 1
43 271 0 1
45 271 0 1
48 271 0 1
52 271 0 1
54 271 0 1
55 271 0 1
56 271 0 1
58 271 0 1
59 271 0 1
60 271 0 1
61 271 0 1
63 271 0 1
64 271 0 1
67 271 0 1
70 271 0 1
71 271 0 1
72 271 0 1
74 271 0 1
75 271 0 1
76 271 0 1
79 271 0 1
80 271 0 1
82 271 0 1
83 271 0 1
84 271 0 1
85 271 0 1
86 271 0 1
91 271 0 1
92 271 0 1
101 271 0 1
184 271 0 1
186 271 0 1
187 271 0 1
194 271 0 1
196 271 0 1
2 272 0 1
16 272 0 1
17 272 0 1
21 272 0 1
30 272 0 1
33 272 0 1
34 272 0 1
36 272 0 1
37 272 0 1
38 272 0 1
41 272 0 1
47 272 0 1
48 272 0 1
50 272 0 1
51 272 0 1
52 272 0 1
57 272 0 1
58 272 0 1
61 272 0 1
72 272 0 1
73 272 0 1
74 272 0 1
75 272 0 1
81 272 0 1
82 272 0 1
83 272 0 1
84 272 0 1
85 272 0 1
183 272 0 1
184 272 0 1
185 272 0 1
190 272 0 1
191 272 0 1
1 273 0 1
18 273 0 1
23 273 0 1
24 273 0 1
25 273 0 1
28 273 0 1
29 273 0 1
32 273 0 1
35 273 0 1
40 273 0 1
43 273 0 1
44 273 0 1
46 273 0 1
53 273 0 1
56 273 0 1
60 273 0 1
62 273 0 1
63 273 0 1
64 273 0 1
65 273 0 1
66 273 0 1
68 273 0 1
69 273 0 1
70 273 0 1
71 273 0 1
77 273 0 1
78 273 0 1
79 273 0 1
86 273 0 1
88 273 0 1
90 273 0 1
95 273 0 1
99 273 0 1
187 273 0 1
188 273 0 1
189 273 0 1
192 273 0 1
193 273 0 1
195 273 0 1
196 273 0 1
96 274 0 1
98 274 0 1
99 274 0 1
104 274 0 1
107 274 0 1
108 274 0 1
109 274 0 1
112 274 0 1
113 274 0 1
116 274 0 1
117 274 0 1
119 274 0 1
120 274 0 1
125 274 0 1
126 274 0 1
127 274 0 1
128 274 0 1
130 274 0 1
131 274 0 1
132 274 0 1
141 274 0 1
142 274 0 1
143 274 0 1
146 274 0 1
147 274 0 1
148 274 0 1
149 274 0 1
150 274 0 1
151 274 0 1
152 274 0 1
156 274 0 1
159 274 0 1
160 274 0 1
161 274 0 1
169 274 0 1
171 274 0 1
178 274 0 1
180 274 0 1
181 274 0 1
182 274 0 1
101 275 0 1
107 275 0 1
111 275 0 1
112 275 0 1
115 275 0 1
117 275 0 1
118 275 0 1
119 275 0 1
120 275 0 1
123 275 0 1
127 275 0 1
128 275 0 1
129 275 0 1
130 275 0 1
131 275 0 1
151 275 0 1
158 275 0 1
159 275 0 1
161 275 0 1
164 275 0 1
167 275 0 1
169 275 0 1
171 275 0 1
176 275 0 1
177 275 0 1
178 275 0 1
180 275 0 1
100 276 0 1
110 276 0 1
111 276 0 1
115 276 0 1
122 276 0 1
123 276 0 1
129 276 0 1
133 276 0 1
134 276 0 1
155 276 0 1
158 276 0 1
163 276 0 1
166 276 0 1
167 276 0 1
168 276 0 1
174 276 0 1
175 276 0 1
176 276 0 1
93 277 0 1
110 277 0 1
115 277 0 1
122 277 0 1
123 277 0 1
133 277 0 1
134 277 0 1
155 277 0 1
163 277 0 1
166 277 0 1
173 277 0 1
174 277 0 1
175 277 0 1
96 278 0 1
106 278 0 1
107 278 0 1
108 278 0 1
109 278 0 1
112 278 0 1
113 278 0 1
114 278 0 1
116 278 0 1
117 278 0 1
120 278 0 1
121 278 0 1
124 278 0 1
125 278 0 1
126 278 0 1
127 278 0 1
128 278 0 1
130 278 0 1
131 278 0 1
132 278 0 1
136 278 0 1
137 278 0 1
141 278 0 1
142 278 0 1
143 278 0 1
146 278 0 1
147 278 0 1
148 278 0 1
149 278 0 1
150 278 0 1
151 278 0 1
152 278 0 1
153 278 0 1
154 278 0 1
156 278 0 1
157 278 0 1
159 278 0 1
160 278 0 1
161 278 0 1
162 278 0 1
178 278 0 1
179 278 0 1
181 278 0 1
182 278 0 1
93 279 0 1
110 279 0 1
122 279 0 1
133 279 0 1
155 279 0 1
173 279 0 1
88 280 0 1
96 280 0 1
97 280 0 1
105 280 0 1
106 280 0 1
108 280 0 1
109 280 0 1
113 280 0 1
114 280 0 1
116 280 0 1
121 280 0 1
124 280 0 1
125 280 0 1
126 280 0 1
132 280 0 1
135 280 0 1
136 280 0 1
137 280 0 1
140 280 0 1
142 280 0 1
146 280 0 1
147 280 0 1
148 280 0 1
149 280 0 1
150 280 0 1
153 280 0 1
154 280 0 1
156 280 0 1
157 280 0 1
160 280 0 1
162 280 0 1
165 280 0 1
170 280 0 1
172 280 0 1
179 280 0 1
181 280 0 1
182 280 0 1
88 281 0 1
95 281 0 1
96 281 0 1
97 281 0 1
98 281 0 1
99 281 0 1
105 281 0 1
106 281 0 1
108 281 0 1
109 281 0 1
112 281 0 1
113 281 0 1
114 281 0 1
116 281 0 1
117 281 0 1
120 281 0 1
121 281 0 1
124 281 0 1
125 281 0 1
126 281 0 1
127 281 0 1
128 281 0 1
131 281 0 1
132 281 0 1
135 281 0 1
136 281 0 1
142 281 0 1
146 281 0 1
147 281 0 1
148 281 0 1
149 281 0 1
150 281 0 1
152 281 0 1
153 281 0 1
154 281 0 1
156 281 0 1
157 281 0 1
159 281 0 1
160 281 0 1
161 281 0 1
162 281 0 1
165 281 0 1
170 281 0 1
172 281 0 1
178 281 0 1
179 281 0 1
181 281 0 1
182 281 0 1
195 281 0 1
96 282 0 1
97 282 0 1
98 282 0 1
99 282 0 1
104 282 0 1
107 282 0 1
108 282 0 1
109 282 0 1
112 282 0 1
113 282 0 1
114 282 0 1
116 282 0 1
117 282 0 1
119 282 0 1
120 282 0 1
121 282 0 1
124 282 0 1
125 282 0 1
126 282 0 1
127 282 0 1
128 282 0 1
130 282 0 1
131 282 0 1
132 282 0 1
141 282 0 1
142 282 0 1
143 282 0 1
146 282 0 1
147 282 0 1
148 282 0 1
149 282 0 1
150 282 0 1
151 282 0 1
152 282 0 1
154 282 0 1
156 282 0 1
157 282 0 1
159 282 0 1
160 282 0 1
161 282 0 1
162 282 0 1
171 282 0 1
172 282 0 1
178 282 0 1
179 282 0 1
181 282 0 1
182 282 0 1
101 283 0 1
103 283 0 1
104 283 0 1
107 283 0 1
108 283 0 1
111 283 0 1
112 283 0 1
115 283 0 1
116 283 0 1
117 283 0 1
118 283 0 1
119 283 0 1
120 283 0 1
127 283 0 1
128 283 0 1
129 283 0 1
130 283 0 1
131 283 0 1
149 283 0 1
151 283 0 1
152 283 0 1
158 283 0 1
159 283 0 1
160 283 0 1
161 283 0 1
164 283 0 1
167 283 0 1
169 283 0 1
171 283 0 1
176 283 0 1
177 283 0 1
178 283 0 1
180 283 0 1
196 283 0 1
2 284 0 1
93 284 0 1
100 284 0 1
102 284 0 1
110 284 0 1
111 284 0 1
115 284 0 1
122 284 0 1
123 284 0 1
129 284 0 1
133 284 0 1
134 284 0 1
155 284 0 1
158 284 0 1
163 284 0 1
166 284 0 1
167 284 0 1
168 284 0 1
173 284 0 1
174 284 0 1
175 284 0 1
176 284 0 1
93 285 0 1
110 285 0 1
122 285 0 1
133 285 0 1
155 285 0 1
166 285 0 1
173 285 0 1
190 285 0 1
191 285 0 1
88 286 0 1
90 286 0 1
95 286 0 1
96 286 0 1
97 286 0 1
98 286 0 1
99 286 0 1
103 286 0 1
104 286 0 1
107 286 0 1
108 286 0 1
109 286 0 1
112 286 0 1
113 286 0 1
114 286 0 1
116 286 0 1
117 286 0 1
119 286 0 1
120 286 0 1
121 286 0 1
124 286 0 1
125 286 0 1
126 286 0 1
127 286 0 1
128 286 0 1
130 286 0 1
131 286 0 1
132 286 0 1
146 286 0 1
147 286 0 1
148 286 0 1
149 286 0 1
150 286 0 1
151 286 0 1
152 286 0 1
156 286 0 1
157 286 0 1
159 286 0 1
160 286 0 1
161 286 0 1
162 286 0 1
169 286 0 1
170 286 0 1
171 286 0 1
172 286 0 1
178 286 0 1
179 286 0 1
180 286 0 1
181 286 0 1
182 286 0 1
188 286 0 1
192 286 0 1
193 286 0 1
195 286 0 1
196 286 0 1
89 287 0 1
90 287 0 1
91 287 0 1
92 287 0 1
94 287 0 1
98 287 0 1
101 287 0 1
102 287 0 1
103 287 0 1
104 287 0 1
107 287 0 1
111 287 0 1
112 287 0 1
115 287 0 1
116 287 0 1
117 287 0 1
118 287 0 1
119 287 0 1
120 287 0 1
123 287 0 1
127 287 0 1
128 287 0 1
129 287 0 1
130 287 0 1
131 287 0 1
151 287 0 1
158 287 0 1
159 287 0 1
161 287 0 1
163 287 0 1
164 287 0 1
167 287 0 1
168 287 0 1
169 287 0 1
171 287 0 1
176 287 0 1
177 287 0 1
178 287 0 1
180 287 0 1
194 287 0 1
196 287 0 1
2 288 0 1
89 288 0 1
93 288 0 1
94 288 0 1
100 288 0 1
102 288 0 1
110 288 0 1
111 288 0 1
115 288 0 1
122 288 0 1
123 288 0 1
129 288 0 1
133 288 0 1
155 288 0 1
158 288 0 1
163 288 0 1
164 288 0 1
166 288 0 1
167 288 0 1
168 288 0 1
174 288 0 1
175 288 0 1
176 288 0 1
184 288 0 1
191 288 0 1
2 289 0 1
93 289 0 1
100 289 0 1
110 289 0 1
115 289 0 1
122 289 0 1
123 289 0 1
133 289 0 1
155 289 0 1
163 289 0 1
166 289 0 1
168 289 0 1
173 289 0 1
174 289 0 1
175 289 0 1
183 289 0 1
190 289 0 1
191 289 0 1
2 290 0 1
50 290 0 1
51 290 0 1
93 290 0 1
100 290 0 1
110 290 0 1
122 290 0 1
123 290 0 1
133 290 0 1
134 290 0 1
155 290 0 1
163 290 0 1
166 290 0 1
173 290 0 1
174 290 0 1
175 290 0 1
183 290 0 1
185 290 0 1
190 290 0 1
191 290 0 1
2 291 0 1
89 291 0 1
91 291 0 1
94 291 0 1
100 291 0 1
102 291 0 1
110 291 0 1
111 291 0 1
115 291 0 1
118 291 0 1
122 291 0 1
123 291 0 1
129 291 0 1
133 291 0 1
155 291 0 1
158 291 0 1
163 291 0 1
164 291 0 1
166 291 0 1
167 291 0 1
168 291 0 1
174 291 0 1
175 291 0 1
176 291 0 1
177 291 0 1
184 291 0 1
87 292 0 1
88 292 0 1
95 292 0 1
96 292 0 1
97 292 0 1
105 292 0 1
106 292 0 1
108 292 0 1
109 292 0 1
113 292 0 1
114 292 0 1
116 292 0 1
121 292 0 1
124 292 0 1
125 292 0 1
126 292 0 1
132 292 0 1
135 292 0 1
136 292 0 1
137 292 0 1
146 292 0 1
147 292 0 1
148 292 0 1
150 292 0 1
153 292 0 1
154 292 0 1
156 292 0 1
157 292 0 1
160 292 0 1
162 292 0 1
165 292 0 1
170 292 0 1
172 292 0 1
179 292 0 1
181 292 0 1
182 292 0 1
195 292 0 1
2 293 0 1
93 293 0 1
100 293 0 1
102 293 0 1
110 293 0 1
111 293 0 1
115 293 0 1
122 293 0 1
123 293 0 1
129 293 0 1
133 293 0 1
155 293 0 1
158 293 0 1
163 293 0 1
166 293 0 1
167 293 0 1
168 293 0 1
174 293 0 1
175 293 0 1
176 293 0 1
108 294 0 1
109 294 0 1
112 294 0 1
113 294 0 1
125 294 0 1
126 294 0 1
127 294 0 1
128 294 0 1
130 294 0 1
131 294 0 1
132 294 0 1
135 294 0 1
136 294 0 1
137 294 0 1
140 294 0 1
141 294 0 1
142 294 0 1
143 294 0 1
144 294 0 1
146 294 0 1
147 294 0 1
148 294 0 1
149 294 0 1
150 294 0 1
151 294 0 1
152 294 0 1
153 294 0 1
154 294 0 1
156 294 0 1
157 294 0 1
159 294 0 1
160 294 0 1
161 294 0 1
107 295 0 1
108 295 0 1
112 295 0 1
117 295 0 1
127 295 0 1
128 295 0 1
130 295 0 1
131 295 0 1
132 295 0 1
141 295 0 1
142 295 0 1
143 295 0 1
144 295 0 1
146 295 0 1
147 295 0 1
148 295 0 1
149 295 0 1
150 295 0 1
151 295 0 1
152 295 0 1
156 295 0 1
159 295 0 1
160 295 0 1
161 295 0 1
107 296 0 1
108 296 0 1
111 296 0 1
112 296 0 1
119 296 0 1
127 296 0 1
128 296 0 1
130 296 0 1
131 296 0 1
132 296 0 1
141 296 0 1
143 296 0 1
144 296 0 1
147 296 0 1
148 296 0 1
149 296 0 1
151 296 0 1
152 296 0 1
158 296 0 1
159 296 0 1
160 296 0 1
161 296 0 1
107 297 0 1
111 297 0 1
112 297 0 1
118 297 0 1
129 297 0 1
130 297 0 1
131 297 0 1
138 297 0 1
144 297 0 1
151 297 0 1
158 297 0 1
159 297 0 1
161 297 0 1
110 298 0 1
122 298 0 1
133 298 0 1
134 298 0 1
138 298 0 1
155 298 0 1
131 299 0 1
132 299 0 1
135 299 0 1
136 299 0 1
137 299 0 1
139 299 0 1
140 299 0 1
141 299 0 1
142 299 0 1
143 299 0 1
144 299 0 1
145 299 0 1
146 299 0 1
147 299 0 1
148 299 0 1
149 299 0 1
150 299 0 1
151 299 0 1
152 299 0 1
153 299 0 1
154 299 0 1
156 299 0 1
157 299 0 1
160 299 0 1
161 299 0 1
133 300 0 1
134 300 0 1
138 300 0 1
155 300 0 1
135 301 0 1
136 301 0 1
137 301 0 1
139 301 0 1
140 301 0 1
141 301 0 1
142 301 0 1
143 301 0 1
145 301 0 1
146 301 0 1
147 301 0 1
148 301 0 1
150 301 0 1
153 301 0 1
131 302 0 1
141 302 0 1
142 302 0 1
143 302 0 1
144 302 0 1
147 302 0 1
148 302 0 1
149 302 0 1
151 302 0 1
152 302 0 1
131 303 0 1
132 303 0 1
135 303 0 1
136 303 0 1
137 303 0 1
139 303 0 1
140 303 0 1
141 303 0 1
142 303 0 1
143 303 0 1
144 303 0 1
145 303 0 1
146 303 0 1
147 303 0 1
148 303 0 1
149 303 0 1
150 303 0 1
151 303 0 1
152 303 0 1
153 303 0 1
161 303 0 1
133 304 0 1
134 304 0 1
138 304 0 1
155 304 0 1
130 305 0 1
138 305 0 1
144 305 0 1
158 305 0 1
132 306 0 1
135 306 0 1
136 306 0 1
137 306 0 1
139 306 0 1
140 306 0 1
141 306 0 1
142 306 0 1
143 306 0 1
145 306 0 1
146 306 0 1
147 306 0 1
148 306 0 1
149 306 0 1
150 306 0 1
152 306 0 1
153 306 0 1
138 307 0 1
133 308 0 1
134 308 0 1
138 308 0 1
133 309 0 1
134 309 0 1
138 309 0 1
130 310 0 1
131 310 0 1
141 310 0 1
143 310 0 1
144 310 0 1
151 310 0 1
152 310 0 1
130 311 0 1
131 311 0 1
141 311 0 1
142 311 0 1
143 311 0 1
144 311 0 1
147 311 0 1
149 311 0 1
151 311 0 1
152 311 0 1
106 312 0 1
108 312 0 1
109 312 0 1
113 312 0 1
114 312 0 1
121 312 0 1
124 312 0 1
125 312 0 1
126 312 0 1
132 312 0 1
135 312 0 1
136 312 0 1
137 312 0 1
139 312 0 1
140 312 0 1
141 312 0 1
142 312 0 1
143 312 0 1
145 312 0 1
146 312 0 1
147 312 0 1
148 312 0 1
149 312 0 1
150 312 0 1
152 312 0 1
153 312 0 1
154 312 0 1
156 312 0 1
157 312 0 1
160 312 0 1
165 312 0 1
107 313 0 1
108 313 0 1
112 313 0 1
128 313 0 1
130 313 0 1
131 313 0 1
132 313 0 1
141 313 0 1
142 313 0 1
143 313 0 1
144 313 0 1
147 313 0 1
148 313 0 1
149 313 0 1
151 313 0 1
152 313 0 1
158 313 0 1
159 313 0 1
160 313 0 1
161 313 0 1
107 314 0 1
108 314 0 1
112 314 0 1
128 314 0 1
130 314 0 1
131 314 0 1
132 314 0 1
141 314 0 1
142 314 0 1
143 314 0 1
144 314 0 1
146 314 0 1
147 314 0 1
148 314 0 1
149 314 0 1
150 314 0 1
151 314 0 1
152 314 0 1
156 314 0 1
159 314 0 1
160 314 0 1
161 314 0 1
106 315 0 1
108 315 0 1
109 315 0 1
113 315 0 1
124 315 0 1
125 315 0 1
131 315 0 1
132 315 0 1
135 315 0 1
136 315 0 1
137 315 0 1
139 315 0 1
140 315 0 1
141 315 0 1
142 315 0 1
143 315 0 1
144 315 0 1
145 315 0 1
146 315 0 1
147 315 0 1
148 315 0 1
149 315 0 1
150 315 0 1
151 315 0 1
152 315 0 1
153 315 0 1
154 315 0 1
156 315 0 1
157 315 0 1
160 315 0 1
161 315 0 1
110 316 0 1
122 316 0 1
133 316 0 1
134 316 0 1
138 316 0 1
155 316 0 1
110 317 0 1
122 317 0 1
133 317 0 1
134 317 0 1
138 317 0 1
155 317 0 1
110 318 0 1
133 318 0 1
134 318 0 1
138 318 0 1
155 318 0 1
132 319 0 1
135 319 0 1
136 319 0 1
137 319 0 1
139 319 0 1
140 319 0 1
141 319 0 1
142 319 0 1
143 319 0 1
145 319 0 1
146 319 0 1
147 319 0 1
148 319 0 1
149 319 0 1
150 319 0 1
152 319 0 1
153 319 0 1
154 319 0 1
156 319 0 1
157 319 0 1
160 319 0 1
108 320 0 1
109 320 0 1
112 320 0 1
130 320 0 1
131 320 0 1
132 320 0 1
135 320 0 1
136 320 0 1
137 320 0 1
139 320 0 1
140 320 0 1
141 320 0 1
142 320 0 1
143 320 0 1
144 320 0 1
146 320 0 1
147 320 0 1
148 320 0 1
149 320 0 1
150 320 0 1
151 320 0 1
152 320 0 1
153 320 0 1
154 320 0 1
156 320 0 1
157 320 0 1
159 320 0 1
160 320 0 1
161 320 0 1
110 321 0 1
122 321 0 1
123 321 0 1
133 321 0 1
134 321 0 1
155 321 0 1
110 322 0 1
111 322 0 1
115 322 0 1
122 322 0 1
123 322 0 1
129 322 0 1
133 322 0 1
134 322 0 1
138 322 0 1
155 322 0 1
158 322 0 1
175 322 0 1
107 323 0 1
111 323 0 1
112 323 0 1
115 323 0 1
117 323 0 1
118 323 0 1
119 323 0 1
120 323 0 1
127 323 0 1
128 323 0 1
129 323 0 1
130 323 0 1
131 323 0 1
144 323 0 1
149 323 0 1
151 323 0 1
152 323 0 1
158 323 0 1
159 323 0 1
161 323 0 1
169 323 0 1
176 323 0 1
177 323 0 1
178 323 0 1
180 323 0 1
107 324 0 1
110 324 0 1
111 324 0 1
112 324 0 1
115 324 0 1
118 324 0 1
119 324 0 1
123 324 0 1
129 324 0 1
130 324 0 1
131 324 0 1
151 324 0 1
158 324 0 1
159 324 0 1
164 324 0 1
175 324 0 1
176 324 0 1
177 324 0 1
180 324 0 1
110 325 0 1
122 325 0 1
133 325 0 1
134 325 0 1
155 325 0 1
173 325 0 1
107 326 0 1
108 326 0 1
111 326 0 1
112 326 0 1
116 326 0 1
117 326 0 1
118 326 0 1
119 326 0 1
120 326 0 1
127 326 0 1
128 326 0 1
130 326 0 1
131 326 0 1
132 326 0 1
141 326 0 1
143 326 0 1
144 326 0 1
147 326 0 1
148 326 0 1
149 326 0 1
150 326 0 1
151 326 0 1
152 326 0 1
158 326 0 1
159 326 0 1
160 326 0 1
161 326 0 1
178 326 0 1
180 326 0 1
107 327 0 1
108 327 0 1
109 327 0 1
112 327 0 1
116 327 0 1
117 327 0 1
120 327 0 1
126 327 0 1
127 327 0 1
128 327 0 1
130 327 0 1
131 327 0 1
132 327 0 1
141 327 0 1
142 327 0 1
143 327 0 1
144 327 0 1
146 327 0 1
147 327 0 1
148 327 0 1
149 327 0 1
150 327 0 1
151 327 0 1
152 327 0 1
156 327 0 1
159 327 0 1
160 327 0 1
161 327 0 1
107 328 0 1
110 328 0 1
111 328 0 1
112 328 0 1
115 328 0 1
118 328 0 1
119 328 0 1
123 328 0 1
129 328 0 1
130 328 0 1
131 328 0 1
138 328 0 1
144 328 0 1
151 328 0 1
158 328 0 1
159 328 0 1
176 328 0 1
177 328 0 1
180 328 0 1
107 329 0 1
111 329 0 1
112 329 0 1
115 329 0 1
118 329 0 1
119 329 0 1
128 329 0 1
129 329 0 1
130 329 0 1
131 329 0 1
144 329 0 1
149 329 0 1
151 329 0 1
152 329 0 1
158 329 0 1
159 329 0 1
161 329 0 1
180 329 0 1
107 330 0 1
108 330 0 1
111 330 0 1
112 330 0 1
117 330 0 1
118 330 0 1
119 330 0 1
120 330 0 1
127 330 0 1
128 330 0 1
129 330 0 1
130 330 0 1
131 330 0 1
141 330 0 1
144 330 0 1
147 330 0 1
149 330 0 1
151 330 0 1
152 330 0 1
158 330 0 1
159 330 0 1
160 330 0 1
161 330 0 1
