2 3 0 0
2 4 0 0
3 4 0 0
1 5 0 0
1 6 0 0
5 6 0 0
1 7 0 0
5 7 0 0
6 7 0 0
1 8 0 0
5 8 0 0
6 8 0 0
7 8 0 0
1 10 0 0
8 11 0 0
9 11 0 0
1 12 0 0
8 12 0 0
9 12 0 0
11 12 0 0
8 13 0 0
9 13 0 0
11 13 0 0
12 13 0 0
8 14 0 0
9 14 0 0
11 14 0 0
12 14 0 0
13 14 0 0
1 15 0 0
6 15 0 0
7 15 0 0
8 15 0 0
9 15 0 0
11 15 0 0
12 15 0 0
13 15 0 0
14 15 0 0
6 16 0 0
8 16 0 0
9 16 0 0
11 16 0 0
13 16 0 0
14 16 0 0
15 16 0 0
1 17 0 0
5 17 0 0
7 17 0 0
10 17 0 0
12 17 0 0
1 18 0 0
5 18 0 0
6 18 0 0
7 18 0 0
8 18 0 0
9 18 0 0
11 18 0 0
12 18 0 0
13 18 0 0
14 18 0 0
15 18 0 0
16 18 0 0
17 18 0 0
9 19 0 0
11 19 0 0
13 19 0 0
14 19 0 0
1 20 0 0
10 20 0 0
12 20 0 0
17 20 0 0
3 21 0 0
11 21 0 0
12 21 0 0
13 21 0 0
14 21 0 0
20 21 0 0
9 22 0 0
11 22 0 0
13 22 0 0
14 22 0 0
19 22 0 0
2 23 0 0
3 23 0 0
4 23 0 0
10 23 0 0
12 23 0 0
20 23 0 0
21 23 0 0
2 24 0 0
3 24 0 0
4 24 0 0
12 24 0 0
20 24 0 0
21 24 0 0
23 24 0 0
2 25 0 0
3 25 0 0
21 25 0 0
23 25 0 0
24 25 0 0
1 26 0 0
5 26 0 0
6 26 0 0
7 26 0 0
8 26 0 0
9 26 0 0
11 26 0 0
12 26 0 0
13 26 0 0
14 26 0 0
15 26 0 0
16 26 0 0
18 26 0 0
1 27 0 0
5 27 0 0
6 27 0 0
7 27 0 0
8 27 0 0
12 27 0 0
13 27 0 0
15 27 0 0
17 27 0 0
18 27 0 0
26 27 0 0
2 28 0 0
3 28 0 0
4 28 0 0
23 28 0 0
24 28 0 0
25 28 0 0
2 29 0 0
3 29 0 0
4 29 0 0
21 29 0 0
23 29 0 0
24 29 0 0
25 29 0 0
28 29 0 0
4 30 0 0
20 30 0 0
23 30 0 0
28 30 0 0
2 31 0 0
3 31 0 0
4 31 0 0
20 31 0 0
21 31 0 0
23 31 0 0
24 31 0 0
28 31 0 0
29 31 0 0
30 31 0 0
2 32 0 0
3 32 0 0
4 32 0 0
20 32 0 0
21 32 0 0
23 32 0 0
24 32 0 0
25 32 0 0
28 32 0 0
29 32 0 0
30 32 0 0
31 32 0 0
2 33 0 0
3 33 0 0
4 33 0 0
20 33 0 0
21 33 0 0
23 33 0 0
24 33 0 0
25 33 0 0
28 33 0 0
29 33 0 0
30 33 0 0
31 33 0 0
32 33 0 0
2 34 0 0
3 34 0 0
4 34 0 0
20 34 0 0
21 34 0 0
23 34 0 0
24 34 0 0
25 34 0 0
28 34 0 0
29 34 0 0
30 34 0 0
31 34 0 0
32 34 0 0
33 34 0 0
4 35 0 0
19 36 0 1
22 36 0 1
19 38 0 1
22 38 0 1
9 41 0 1
19 41 0 1
22 41 0 1
19 43 0 1
22 43 0 1
19 45 0 1
22 45 0 1
2 47 0 1
3 47 0 1
9 47 0 1
11 47 0 1
13 47 0 1
14 47 0 1
19 47 0 1
21 47 0 1
22 47 0 1
24 47 0 1
25 47 0 1
29 47 0 1
22 48 0 1
4 50 0 1
4 52 0 1
4 54 0 1
