1 2 0 0
1 3 0 0
5 6 0 0
4 7 0 0
5 8 0 0
6 8 0 0
7 9 0 0
8 9 0 0
7 10 0 0
9 10 0 0
4 11 0 0
4 12 0 0
11 12 0 0
5 13 0 0
6 13 0 0
8 13 0 0
4 14 0 0
7 14 0 0
11 14 0 0
12 14 0 0
5 15 0 0
6 15 0 0
13 15 0 0
5 16 0 0
6 16 0 0
13 16 0 0
15 16 0 0
5 17 0 0
6 17 0 0
8 17 0 0
13 17 0 0
15 17 0 0
16 17 0 0
7 18 0 0
9 18 0 0
10 18 0 0
14 18 0 0
4 19 0 0
7 19 0 0
10 19 0 0
11 19 0 0
12 19 0 0
14 19 0 0
18 19 0 0
4 20 0 0
7 20 0 0
9 20 0 0
10 20 0 0
11 20 0 0
14 20 0 0
18 20 0 0
19 20 0 0
5 21 0 0
6 21 0 0
13 21 0 0
15 21 0 0
16 21 0 0
17 21 0 0
4 22 0 0
7 22 0 0
9 22 0 0
10 22 0 0
11 22 0 0
14 22 0 0
18 22 0 0
19 22 0 0
20 22 0 0
4 23 0 0
7 23 0 0
9 23 0 0
10 23 0 0
14 23 0 0
18 23 0 0
19 23 0 0
20 23 0 0
22 23 0 0
4 24 0 0
7 24 0 0
10 24 0 0
11 24 0 0
12 24 0 0
14 24 0 0
18 24 0 0
19 24 0 0
20 24 0 0
22 24 0 0
23 24 0 0
4 25 0 0
11 25 0 0
12 25 0 0
14 25 0 0
19 25 0 0
22 25 0 0
23 25 0 0
24 25 0 0
5 26 0 0
6 26 0 0
8 26 0 0
13 26 0 0
15 26 0 0
16 26 0 0
17 26 0 0
21 26 0 0
12 27 0 0
12 28 0 0
14 28 0 0
19 28 0 0
22 28 0 0
23 28 0 0
24 28 0 0
25 28 0 0
12 29 0 0
14 29 0 0
19 29 0 0
24 29 0 0
25 29 0 0
27 29 0 0
28 29 0 0
4 30 0 0
10 30 0 0
11 30 0 0
12 30 0 0
14 30 0 0
18 30 0 0
19 30 0 0
20 30 0 0
22 30 0 0
23 30 0 0
24 30 0 0
25 30 0 0
28 30 0 0
29 30 0 0
12 31 0 0
25 31 0 0
27 31 0 0
29 31 0 0
11 32 0 0
12 32 0 0
14 32 0 0
25 32 0 0
27 32 0 0
29 32 0 0
31 32 0 0
4 33 0 0
11 33 0 0
12 33 0 0
14 33 0 0
19 33 0 0
20 33 0 0
22 33 0 0
23 33 0 0
24 33 0 0
25 33 0 0
27 33 0 0
28 33 0 0
29 33 0 0
30 33 0 0
31 33 0 0
32 33 0 0
5 34 0 0
6 34 0 0
13 34 0 0
15 34 0 0
16 34 0 0
17 34 0 0
21 34 0 0
26 34 0 0
5 35 0 0
13 35 0 0
15 35 0 0
16 35 0 0
17 35 0 0
21 35 0 0
26 35 0 0
34 35 0 0
14 36 0 0
18 36 0 0
19 36 0 0
20 36 0 0
22 36 0 0
23 36 0 0
24 36 0 0
28 36 0 0
29 36 0 0
30 36 0 0
33 36 0 0
4 37 0 0
7 37 0 0
11 37 0 0
12 37 0 0
14 37 0 0
18 37 0 0
19 37 0 0
20 37 0 0
22 37 0 0
23 37 0 0
24 37 0 0
25 37 0 0
27 37 0 0
28 37 0 0
29 37 0 0
30 37 0 0
31 37 0 0
32 37 0 0
33 37 0 0
36 37 0 0
4 38 0 0
7 38 0 0
10 38 0 0
11 38 0 0
12 38 0 0
14 38 0 0
18 38 0 0
19 38 0 0
20 38 0 0
22 38 0 0
23 38 0 0
24 38 0 0
25 38 0 0
28 38 0 0
29 38 0 0
30 38 0 0
33 38 0 0
36 38 0 0
37 38 0 0
5 39 0 0
6 39 0 0
13 39 0 0
15 39 0 0
16 39 0 0
17 39 0 0
21 39 0 0
26 39 0 0
34 39 0 0
35 39 0 0
4 40 0 0
11 40 0 0
12 40 0 0
14 40 0 0
19 40 0 0
22 40 0 0
24 40 0 0
25 40 0 0
27 40 0 0
28 40 0 0
29 40 0 0
30 40 0 0
31 40 0 0
32 40 0 0
33 40 0 0
36 40 0 0
37 40 0 0
38 40 0 0
4 41 0 0
7 41 0 0
10 41 0 0
11 41 0 0
14 41 0 0
18 41 0 0
19 41 0 0
20 41 0 0
22 41 0 0
23 41 0 0
24 41 0 0
25 41 0 0
28 41 0 0
29 41 0 0
30 41 0 0
33 41 0 0
36 41 0 0
37 41 0 0
38 41 0 0
40 41 0 0
5 42 0 0
6 42 0 0
8 42 0 0
13 42 0 0
15 42 0 0
16 42 0 0
17 42 0 0
21 42 0 0
26 42 0 0
34 42 0 0
35 42 0 0
39 42 0 0
27 43 0 0
28 43 0 0
29 43 0 0
30 43 0 0
32 43 0 0
33 43 0 0
36 43 0 0
37 43 0 0
40 43 0 0
27 44 0 0
28 44 0 0
29 44 0 0
33 44 0 0
43 44 0 0
34 45 0 0
35 45 0 0
27 46 0 0
28 46 0 0
29 46 0 0
30 46 0 0
33 46 0 0
36 46 0 0
37 46 0 0
43 46 0 0
44 46 0 0
26 47 0 0
34 47 0 0
35 47 0 0
42 47 0 0
45 47 0 0
28 48 0 0
29 48 0 0
30 48 0 0
33 48 0 0
36 48 0 0
43 48 0 0
44 48 0 0
46 48 0 0
36 49 0 0
48 49 0 0
28 50 0 0
29 50 0 0
43 50 0 0
44 50 0 0
46 50 0 0
48 50 0 0
49 50 0 0
27 51 0 0
43 51 0 0
44 51 0 0
46 51 0 0
27 52 0 0
28 52 0 0
29 52 0 0
33 52 0 0
43 52 0 0
44 52 0 0
46 52 0 0
50 52 0 0
51 52 0 0
45 53 0 0
47 53 0 0
45 54 0 0
47 54 0 0
53 54 0 0
48 55 0 0
49 55 0 0
48 56 0 0
49 56 0 0
50 56 0 0
55 56 0 0
45 57 0 0
47 57 0 0
53 57 0 0
54 57 0 0
43 58 0 0
44 58 0 0
46 58 0 0
48 58 0 0
49 58 0 0
50 58 0 0
52 58 0 0
56 58 0 0
2 59 0 0
45 59 0 0
53 59 0 0
54 59 0 0
57 59 0 0
2 60 0 0
45 60 0 0
53 60 0 0
54 60 0 0
57 60 0 0
59 60 0 0
44 61 0 0
51 61 0 0
52 61 0 0
44 62 0 0
46 62 0 0
48 62 0 0
50 62 0 0
52 62 0 0
56 62 0 0
58 62 0 0
61 62 0 0
2 63 0 0
45 63 0 0
47 63 0 0
53 63 0 0
54 63 0 0
57 63 0 0
59 63 0 0
60 63 0 0
3 64 0 0
48 64 0 0
49 64 0 0
50 64 0 0
55 64 0 0
56 64 0 0
58 64 0 0
62 64 0 0
2 65 0 0
54 65 0 0
57 65 0 0
60 65 0 0
63 65 0 0
3 66 0 0
49 66 0 0
55 66 0 0
56 66 0 0
58 66 0 0
62 66 0 0
64 66 0 0
2 67 0 0
45 67 0 0
47 67 0 0
53 67 0 0
54 67 0 0
57 67 0 0
59 67 0 0
60 67 0 0
63 67 0 0
65 67 0 0
47 68 0 0
54 68 0 0
57 68 0 0
60 68 0 0
63 68 0 0
65 68 0 0
67 68 0 0
49 69 0 0
55 69 0 0
56 69 0 0
64 69 0 0
65 69 0 0
66 69 0 0
68 69 0 0
48 70 0 0
49 70 0 0
50 70 0 0
55 70 0 0
56 70 0 0
58 70 0 0
64 70 0 0
66 70 0 0
69 70 0 0
29 71 0 0
43 71 0 0
44 71 0 0
46 71 0 0
48 71 0 0
50 71 0 0
51 71 0 0
52 71 0 0
58 71 0 0
61 71 0 0
62 71 0 0
43 72 0 0
44 72 0 0
46 72 0 0
48 72 0 0
50 72 0 0
51 72 0 0
52 72 0 0
58 72 0 0
61 72 0 0
62 72 0 0
71 72 0 0
44 73 0 0
46 73 0 0
51 73 0 0
52 73 0 0
61 73 0 0
71 73 0 0
72 73 0 0
43 74 0 0
44 74 0 0
46 74 0 0
50 74 0 0
51 74 0 0
52 74 0 0
58 74 0 0
61 74 0 0
62 74 0 0
71 74 0 0
72 74 0 0
73 74 0 0
49 75 0 0
55 75 0 0
56 75 0 0
57 75 0 0
64 75 0 0
65 75 0 0
66 75 0 0
67 75 0 0
68 75 0 0
69 75 0 0
70 75 0 0
49 76 0 0
55 76 0 0
56 76 0 0
64 76 0 0
65 76 0 0
66 76 0 0
68 76 0 0
69 76 0 0
70 76 0 0
75 76 0 0
2 77 0 0
45 77 0 0
47 77 0 0
53 77 0 0
54 77 0 0
57 77 0 0
59 77 0 0
60 77 0 0
63 77 0 0
65 77 0 0
67 77 0 0
68 77 0 0
49 78 0 0
55 78 0 0
56 78 0 0
64 78 0 0
65 78 0 0
66 78 0 0
68 78 0 0
69 78 0 0
70 78 0 0
75 78 0 0
76 78 0 0
3 79 0 0
44 79 0 0
46 79 0 0
48 79 0 0
49 79 0 0
50 79 0 0
52 79 0 0
55 79 0 0
56 79 0 0
58 79 0 0
62 79 0 0
64 79 0 0
66 79 0 0
69 79 0 0
70 79 0 0
71 79 0 0
72 79 0 0
74 79 0 0
78 79 0 0
13 80 0 0
26 80 0 0
34 80 0 0
35 80 0 0
39 80 0 0
42 80 0 0
45 80 0 0
47 80 0 0
53 80 0 0
54 80 0 0
57 80 0 0
14 81 0 0
24 81 0 0
28 81 0 0
29 81 0 0
30 81 0 0
32 81 0 0
33 81 0 0
36 81 0 0
37 81 0 0
38 81 0 0
40 81 0 0
41 81 0 0
43 81 0 0
44 81 0 0
46 81 0 0
48 81 0 0
50 81 0 0
52 81 0 0
58 81 0 0
71 81 0 0
72 81 0 0
28 82 0 0
29 82 0 0
30 82 0 0
33 82 0 0
36 82 0 0
37 82 0 0
38 82 0 0
40 82 0 0
41 82 0 0
43 82 0 0
44 82 0 0
46 82 0 0
48 82 0 0
50 82 0 0
52 82 0 0
58 82 0 0
71 82 0 0
72 82 0 0
81 82 0 0
1 83 0 0
2 83 0 0
59 83 0 0
60 83 0 0
63 83 0 0
77 83 0 0
3 84 0 0
58 84 0 0
62 84 0 0
64 84 0 0
66 84 0 0
79 84 0 0
1 85 0 0
2 85 0 0
3 85 0 0
65 85 0 0
66 85 0 0
68 85 0 0
69 85 0 0
75 85 0 0
76 85 0 0
78 85 0 0
1 86 0 0
3 86 0 0
56 86 0 0
64 86 0 0
66 86 0 0
69 86 0 0
70 86 0 0
75 86 0 0
76 86 0 0
78 86 0 0
79 86 0 0
84 86 0 0
85 86 0 0
1 87 0 0
2 87 0 0
53 87 0 0
54 87 0 0
59 87 0 0
60 87 0 0
63 87 0 0
65 87 0 0
67 87 0 0
77 87 0 0
83 87 0 0
1 88 0 0
2 88 0 0
55 88 0 0
57 88 0 0
63 88 0 0
65 88 0 0
66 88 0 0
67 88 0 0
68 88 0 0
69 88 0 0
75 88 0 0
76 88 0 0
78 88 0 0
85 88 0 0
86 88 0 0
3 89 0 0
55 89 0 0
56 89 0 0
58 89 0 0
62 89 0 0
64 89 0 0
66 89 0 0
69 89 0 0
70 89 0 0
76 89 0 0
78 89 0 0
79 89 0 0
84 89 0 0
86 89 0 0
51 90 0 0
61 90 0 0
71 90 0 0
72 90 0 0
73 90 0 0
74 90 0 0
1 91 0 0
2 91 0 0
54 91 0 0
57 91 0 0
60 91 0 0
63 91 0 0
65 91 0 0
67 91 0 0
68 91 0 0
75 91 0 0
76 91 0 0
77 91 0 0
78 91 0 0
85 91 0 0
86 91 0 0
87 91 0 0
88 91 0 0
1 92 0 0
3 92 0 0
55 92 0 0
56 92 0 0
64 92 0 0
66 92 0 0
69 92 0 0
70 92 0 0
75 92 0 0
76 92 0 0
78 92 0 0
79 92 0 0
84 92 0 0
85 92 0 0
86 92 0 0
88 92 0 0
89 92 0 0
91 92 0 0
61 93 0 0
62 93 0 0
71 93 0 0
72 93 0 0
73 93 0 0
74 93 0 0
84 93 0 0
90 93 0 0
1 94 0 0
3 94 0 0
55 94 0 0
56 94 0 0
64 94 0 0
66 94 0 0
69 94 0 0
70 94 0 0
75 94 0 0
76 94 0 0
78 94 0 0
84 94 0 0
85 94 0 0
86 94 0 0
88 94 0 0
89 94 0 0
91 94 0 0
92 94 0 0
1 95 0 0
3 95 0 0
55 95 0 0
56 95 0 0
62 95 0 0
64 95 0 0
66 95 0 0
69 95 0 0
70 95 0 0
76 95 0 0
78 95 0 0
79 95 0 0
84 95 0 0
85 95 0 0
86 95 0 0
89 95 0 0
92 95 0 0
94 95 0 0
3 96 0 0
58 96 0 0
62 96 0 0
64 96 0 0
66 96 0 0
71 96 0 0
72 96 0 0
79 96 0 0
84 96 0 0
86 96 0 0
89 96 0 0
92 96 0 0
93 96 0 0
95 96 0 0
1 97 0 0
2 97 0 0
53 97 0 0
54 97 0 0
57 97 0 0
59 97 0 0
60 97 0 0
63 97 0 0
65 97 0 0
67 97 0 0
68 97 0 0
75 97 0 0
77 97 0 0
83 97 0 0
85 97 0 0
87 97 0 0
88 97 0 0
91 97 0 0
3 98 0 0
49 98 0 0
55 98 0 0
56 98 0 0
64 98 0 0
66 98 0 0
69 98 0 0
70 98 0 0
75 98 0 0
76 98 0 0
78 98 0 0
79 98 0 0
84 98 0 0
85 98 0 0
86 98 0 0
88 98 0 0
89 98 0 0
92 98 0 0
94 98 0 0
95 98 0 0
96 98 0 0
3 99 0 0
50 99 0 0
56 99 0 0
58 99 0 0
62 99 0 0
64 99 0 0
71 99 0 0
72 99 0 0
74 99 0 0
79 99 0 0
84 99 0 0
89 99 0 0
93 99 0 0
95 99 0 0
96 99 0 0
98 99 0 0
2 100 0 0
53 100 0 0
54 100 0 0
57 100 0 0
59 100 0 0
60 100 0 0
63 100 0 0
65 100 0 0
67 100 0 0
68 100 0 0
77 100 0 0
83 100 0 0
87 100 0 0
91 100 0 0
97 100 0 0
44 101 0 0
46 101 0 0
50 101 0 0
51 101 0 0
52 101 0 0
58 101 0 0
61 101 0 0
62 101 0 0
64 101 0 0
71 101 0 0
72 101 0 0
73 101 0 0
74 101 0 0
79 101 0 0
84 101 0 0
89 101 0 0
90 101 0 0
93 101 0 0
95 101 0 0
96 101 0 0
99 101 0 0
44 102 0 0
46 102 0 0
50 102 0 0
51 102 0 0
52 102 0 0
58 102 0 0
61 102 0 0
62 102 0 0
71 102 0 0
72 102 0 0
73 102 0 0
74 102 0 0
79 102 0 0
84 102 0 0
90 102 0 0
93 102 0 0
96 102 0 0
99 102 0 0
101 102 0 0
1 103 0 0
2 103 0 0
55 103 0 0
56 103 0 0
57 103 0 0
63 103 0 0
65 103 0 0
66 103 0 0
67 103 0 0
68 103 0 0
69 103 0 0
70 103 0 0
75 103 0 0
76 103 0 0
78 103 0 0
85 103 0 0
86 103 0 0
88 103 0 0
91 103 0 0
92 103 0 0
94 103 0 0
95 103 0 0
97 103 0 0
98 103 0 0
100 103 0 0
51 104 0 0
52 104 0 0
61 104 0 0
71 104 0 0
72 104 0 0
73 104 0 0
74 104 0 0
90 104 0 0
93 104 0 0
101 104 0 0
102 104 0 0
50 105 0 0
51 105 0 0
52 105 0 0
58 105 0 0
61 105 0 0
62 105 0 0
71 105 0 0
72 105 0 0
73 105 0 0
74 105 0 0
79 105 0 0
84 105 0 0
89 105 0 0
90 105 0 0
93 105 0 0
96 105 0 0
99 105 0 0
101 105 0 0
102 105 0 0
104 105 0 0
1 106 0 0
2 106 0 0
53 106 0 0
54 106 0 0
57 106 0 0
59 106 0 0
60 106 0 0
63 106 0 0
65 106 0 0
67 106 0 0
68 106 0 0
77 106 0 0
83 106 0 0
85 106 0 0
87 106 0 0
88 106 0 0
91 106 0 0
97 106 0 0
100 106 0 0
103 106 0 0
1 107 0 0
2 107 0 0
3 107 0 0
55 107 0 0
56 107 0 0
57 107 0 0
63 107 0 0
65 107 0 0
66 107 0 0
67 107 0 0
68 107 0 0
69 107 0 0
70 107 0 0
75 107 0 0
76 107 0 0
78 107 0 0
85 107 0 0
86 107 0 0
88 107 0 0
89 107 0 0
91 107 0 0
92 107 0 0
94 107 0 0
95 107 0 0
97 107 0 0
98 107 0 0
103 107 0 0
106 107 0 0
1 108 0 0
3 108 0 0
55 108 0 0
56 108 0 0
64 108 0 0
65 108 0 0
66 108 0 0
69 108 0 0
70 108 0 0
75 108 0 0
76 108 0 0
78 108 0 0
85 108 0 0
86 108 0 0
88 108 0 0
89 108 0 0
91 108 0 0
92 108 0 0
94 108 0 0
95 108 0 0
98 108 0 0
103 108 0 0
107 108 0 0
3 109 0 0
50 109 0 0
56 109 0 0
58 109 0 0
62 109 0 0
64 109 0 0
66 109 0 0
70 109 0 0
71 109 0 0
72 109 0 0
78 109 0 0
79 109 0 0
84 109 0 0
86 109 0 0
89 109 0 0
92 109 0 0
95 109 0 0
96 109 0 0
98 109 0 0
99 109 0 0
101 109 0 0
102 109 0 0
105 109 0 0
108 109 0 0
51 110 0 0
61 110 0 0
71 110 0 0
72 110 0 0
73 110 0 0
74 110 0 0
90 110 0 0
93 110 0 0
99 110 0 0
101 110 0 0
102 110 0 0
104 110 0 0
105 110 0 0
3 111 0 0
50 111 0 0
58 111 0 0
61 111 0 0
62 111 0 0
64 111 0 0
71 111 0 0
72 111 0 0
73 111 0 0
74 111 0 0
79 111 0 0
84 111 0 0
89 111 0 0
90 111 0 0
93 111 0 0
95 111 0 0
96 111 0 0
99 111 0 0
101 111 0 0
102 111 0 0
104 111 0 0
105 111 0 0
109 111 0 0
110 111 0 0
61 112 0 0
90 112 0 0
93 112 0 0
102 112 0 0
104 112 0 0
105 112 0 0
110 112 0 0
111 112 0 0
1 113 0 0
2 113 0 0
85 113 0 0
88 113 0 0
91 113 0 0
94 113 0 0
97 113 0 0
103 113 0 0
106 113 0 0
107 113 0 0
90 114 0 0
93 114 0 0
111 114 0 0
112 114 0 0
93 115 0 0
111 115 0 0
112 115 0 0
114 115 0 0
1 116 0 0
2 116 0 0
83 116 0 0
87 116 0 0
106 116 0 0
113 116 0 0
1 117 0 0
2 117 0 0
83 117 0 0
113 117 0 0
116 117 0 0
112 118 0 0
114 118 0 0
115 118 0 0
1 119 0 0
3 119 0 0
3 120 0 0
118 120 0 0
119 120 0 0
1 121 0 0
3 121 0 0
113 121 0 0
119 121 0 0
120 121 0 0
1 122 0 0
3 122 0 0
118 122 0 0
119 122 0 0
120 122 0 0
121 122 0 0
90 123 0 0
112 123 0 0
114 123 0 0
115 123 0 0
118 123 0 0
1 124 0 0
3 124 0 0
85 124 0 0
86 124 0 0
92 124 0 0
94 124 0 0
95 124 0 0
119 124 0 0
120 124 0 0
121 124 0 0
122 124 0 0
1 125 0 0
3 125 0 0
84 125 0 0
86 125 0 0
89 125 0 0
95 125 0 0
96 125 0 0
111 125 0 0
115 125 0 0
118 125 0 0
119 125 0 0
120 125 0 0
121 125 0 0
122 125 0 0
124 125 0 0
3 126 0 0
84 126 0 0
111 126 0 0
112 126 0 0
114 126 0 0
115 126 0 0
118 126 0 0
119 126 0 0
120 126 0 0
122 126 0 0
125 126 0 0
1 127 0 0
3 127 0 0
85 127 0 0
86 127 0 0
94 127 0 0
113 127 0 0
119 127 0 0
120 127 0 0
121 127 0 0
122 127 0 0
124 127 0 0
125 127 0 0
1 128 0 0
2 128 0 0
83 128 0 0
91 128 0 0
106 128 0 0
113 128 0 0
116 128 0 0
117 128 0 0
111 129 0 0
112 129 0 0
114 129 0 0
115 129 0 0
118 129 0 0
120 129 0 0
122 129 0 0
123 129 0 0
125 129 0 0
126 129 0 0
3 130 0 0
111 130 0 0
112 130 0 0
114 130 0 0
115 130 0 0
118 130 0 0
120 130 0 0
122 130 0 0
123 130 0 0
125 130 0 0
126 130 0 0
129 130 0 0
1 131 0 0
3 131 0 0
95 131 0 0
118 131 0 0
119 131 0 0
120 131 0 0
121 131 0 0
122 131 0 0
124 131 0 0
125 131 0 0
126 131 0 0
127 131 0 0
130 131 0 0
90 132 0 0
93 132 0 0
104 132 0 0
105 132 0 0
110 132 0 0
111 132 0 0
112 132 0 0
114 132 0 0
115 132 0 0
118 132 0 0
123 132 0 0
126 132 0 0
129 132 0 0
130 132 0 0
3 133 0 0
84 133 0 0
89 133 0 0
93 133 0 0
95 133 0 0
96 133 0 0
99 133 0 0
101 133 0 0
102 133 0 0
105 133 0 0
109 133 0 0
111 133 0 0
112 133 0 0
114 133 0 0
115 133 0 0
118 133 0 0
119 133 0 0
120 133 0 0
122 133 0 0
125 133 0 0
126 133 0 0
129 133 0 0
130 133 0 0
131 133 0 0
132 133 0 0
3 134 0 0
84 134 0 0
93 134 0 0
96 134 0 0
99 134 0 0
101 134 0 0
102 134 0 0
105 134 0 0
109 134 0 0
111 134 0 0
112 134 0 0
114 134 0 0
115 134 0 0
118 134 0 0
120 134 0 0
122 134 0 0
123 134 0 0
125 134 0 0
126 134 0 0
129 134 0 0
130 134 0 0
131 134 0 0
132 134 0 0
133 134 0 0
1 135 0 0
2 135 0 0
83 135 0 0
87 135 0 0
106 135 0 0
116 135 0 0
117 135 0 0
128 135 0 0
3 136 0 0
84 136 0 0
86 136 0 0
89 136 0 0
92 136 0 0
95 136 0 0
96 136 0 0
99 136 0 0
101 136 0 0
105 136 0 0
109 136 0 0
111 136 0 0
115 136 0 0
118 136 0 0
119 136 0 0
120 136 0 0
122 136 0 0
124 136 0 0
125 136 0 0
126 136 0 0
129 136 0 0
130 136 0 0
131 136 0 0
133 136 0 0
134 136 0 0
1 137 0 0
3 137 0 0
84 137 0 0
86 137 0 0
89 137 0 0
92 137 0 0
94 137 0 0
95 137 0 0
96 137 0 0
98 137 0 0
99 137 0 0
108 137 0 0
109 137 0 0
111 137 0 0
118 137 0 0
119 137 0 0
120 137 0 0
122 137 0 0
124 137 0 0
125 137 0 0
126 137 0 0
127 137 0 0
130 137 0 0
131 137 0 0
133 137 0 0
134 137 0 0
136 137 0 0
1 138 0 0
2 138 0 0
3 138 0 0
85 138 0 0
86 138 0 0
88 138 0 0
91 138 0 0
92 138 0 0
94 138 0 0
95 138 0 0
98 138 0 0
107 138 0 0
108 138 0 0
113 138 0 0
119 138 0 0
121 138 0 0
124 138 0 0
125 138 0 0
127 138 0 0
131 138 0 0
137 138 0 0
1 139 0 0
2 139 0 0
83 139 0 0
87 139 0 0
91 139 0 0
106 139 0 0
113 139 0 0
116 139 0 0
117 139 0 0
128 139 0 0
135 139 0 0
84 140 0 0
90 140 0 0
93 140 0 0
96 140 0 0
105 140 0 0
111 140 0 0
112 140 0 0
114 140 0 0
115 140 0 0
118 140 0 0
120 140 0 0
123 140 0 0
125 140 0 0
126 140 0 0
129 140 0 0
130 140 0 0
132 140 0 0
133 140 0 0
134 140 0 0
136 140 0 0
137 140 0 0
90 141 0 0
93 141 0 0
111 141 0 0
112 141 0 0
114 141 0 0
115 141 0 0
118 141 0 0
123 141 0 0
126 141 0 0
129 141 0 0
130 141 0 0
132 141 0 0
133 141 0 0
134 141 0 0
136 141 0 0
140 141 0 0
1 142 0 0
3 142 0 0
85 142 0 0
86 142 0 0
92 142 0 0
94 142 0 0
95 142 0 0
107 142 0 0
108 142 0 0
113 142 0 0
119 142 0 0
120 142 0 0
121 142 0 0
122 142 0 0
124 142 0 0
125 142 0 0
127 142 0 0
131 142 0 0
136 142 0 0
137 142 0 0
138 142 0 0
1 143 0 0
2 143 0 0
59 143 0 0
60 143 0 0
63 143 0 0
77 143 0 0
83 143 0 0
87 143 0 0
91 143 0 0
97 143 0 0
100 143 0 0
106 143 0 0
113 143 0 0
116 143 0 0
117 143 0 0
128 143 0 0
135 143 0 0
139 143 0 0
1 144 0 0
2 144 0 0
3 144 0 0
65 144 0 0
66 144 0 0
75 144 0 0
78 144 0 0
85 144 0 0
86 144 0 0
88 144 0 0
91 144 0 0
92 144 0 0
94 144 0 0
95 144 0 0
97 144 0 0
98 144 0 0
103 144 0 0
107 144 0 0
108 144 0 0
113 144 0 0
119 144 0 0
121 144 0 0
124 144 0 0
127 144 0 0
138 144 0 0
142 144 0 0
1 145 0 0
2 145 0 0
3 145 0 0
63 145 0 0
65 145 0 0
85 145 0 0
88 145 0 0
91 145 0 0
92 145 0 0
94 145 0 0
97 145 0 0
100 145 0 0
103 145 0 0
106 145 0 0
107 145 0 0
108 145 0 0
113 145 0 0
127 145 0 0
128 145 0 0
138 145 0 0
139 145 0 0
142 145 0 0
143 145 0 0
144 145 0 0
3 146 0 0
61 146 0 0
62 146 0 0
79 146 0 0
84 146 0 0
89 146 0 0
90 146 0 0
93 146 0 0
96 146 0 0
99 146 0 0
101 146 0 0
102 146 0 0
104 146 0 0
105 146 0 0
109 146 0 0
110 146 0 0
111 146 0 0
112 146 0 0
114 146 0 0
115 146 0 0
118 146 0 0
123 146 0 0
125 146 0 0
126 146 0 0
129 146 0 0
130 146 0 0
132 146 0 0
133 146 0 0
134 146 0 0
136 146 0 0
137 146 0 0
140 146 0 0
141 146 0 0
3 147 0 0
62 147 0 0
79 147 0 0
84 147 0 0
89 147 0 0
90 147 0 0
93 147 0 0
95 147 0 0
96 147 0 0
99 147 0 0
101 147 0 0
102 147 0 0
105 147 0 0
109 147 0 0
110 147 0 0
111 147 0 0
112 147 0 0
114 147 0 0
115 147 0 0
118 147 0 0
125 147 0 0
126 147 0 0
129 147 0 0
130 147 0 0
132 147 0 0
133 147 0 0
134 147 0 0
136 147 0 0
137 147 0 0
140 147 0 0
141 147 0 0
146 147 0 0
3 148 0 0
62 148 0 0
64 148 0 0
66 148 0 0
79 148 0 0
84 148 0 0
86 148 0 0
89 148 0 0
92 148 0 0
94 148 0 0
95 148 0 0
96 148 0 0
98 148 0 0
99 148 0 0
101 148 0 0
105 148 0 0
108 148 0 0
109 148 0 0
111 148 0 0
119 148 0 0
120 148 0 0
122 148 0 0
124 148 0 0
125 148 0 0
126 148 0 0
127 148 0 0
131 148 0 0
133 148 0 0
134 148 0 0
136 148 0 0
137 148 0 0
138 148 0 0
142 148 0 0
146 148 0 0
147 148 0 0
1 149 0 0
3 149 0 0
64 149 0 0
66 149 0 0
78 149 0 0
84 149 0 0
85 149 0 0
86 149 0 0
88 149 0 0
89 149 0 0
91 149 0 0
92 149 0 0
94 149 0 0
95 149 0 0
98 149 0 0
103 149 0 0
107 149 0 0
108 149 0 0
109 149 0 0
119 149 0 0
124 149 0 0
125 149 0 0
127 149 0 0
131 149 0 0
136 149 0 0
137 149 0 0
138 149 0 0
142 149 0 0
144 149 0 0
145 149 0 0
148 149 0 0
1 150 0 0
2 150 0 0
59 150 0 0
60 150 0 0
63 150 0 0
65 150 0 0
67 150 0 0
68 150 0 0
77 150 0 0
83 150 0 0
85 150 0 0
87 150 0 0
88 150 0 0
91 150 0 0
97 150 0 0
100 150 0 0
103 150 0 0
106 150 0 0
107 150 0 0
113 150 0 0
116 150 0 0
117 150 0 0
128 150 0 0
135 150 0 0
139 150 0 0
143 150 0 0
144 150 0 0
145 150 0 0
61 151 0 0
71 151 0 0
73 151 0 0
74 151 0 0
90 151 0 0
93 151 0 0
96 151 0 0
99 151 0 0
101 151 0 0
102 151 0 0
104 151 0 0
105 151 0 0
110 151 0 0
111 151 0 0
112 151 0 0
114 151 0 0
115 151 0 0
123 151 0 0
129 151 0 0
130 151 0 0
132 151 0 0
133 151 0 0
134 151 0 0
140 151 0 0
141 151 0 0
146 151 0 0
147 151 0 0
61 152 0 0
62 152 0 0
71 152 0 0
72 152 0 0
73 152 0 0
74 152 0 0
84 152 0 0
90 152 0 0
93 152 0 0
96 152 0 0
99 152 0 0
101 152 0 0
102 152 0 0
104 152 0 0
105 152 0 0
109 152 0 0
110 152 0 0
111 152 0 0
112 152 0 0
114 152 0 0
115 152 0 0
123 152 0 0
126 152 0 0
129 152 0 0
130 152 0 0
132 152 0 0
133 152 0 0
134 152 0 0
136 152 0 0
140 152 0 0
141 152 0 0
146 152 0 0
147 152 0 0
151 152 0 0
1 153 0 0
2 153 0 0
3 153 0 0
65 153 0 0
85 153 0 0
86 153 0 0
88 153 0 0
91 153 0 0
92 153 0 0
94 153 0 0
97 153 0 0
98 153 0 0
103 153 0 0
106 153 0 0
107 153 0 0
108 153 0 0
113 153 0 0
121 153 0 0
124 153 0 0
127 153 0 0
138 153 0 0
139 153 0 0
142 153 0 0
144 153 0 0
145 153 0 0
149 153 0 0
150 153 0 0
1 154 0 0
3 154 0 0
64 154 0 0
66 154 0 0
84 154 0 0
85 154 0 0
86 154 0 0
88 154 0 0
89 154 0 0
92 154 0 0
94 154 0 0
95 154 0 0
96 154 0 0
98 154 0 0
103 154 0 0
107 154 0 0
108 154 0 0
109 154 0 0
119 154 0 0
120 154 0 0
121 154 0 0
122 154 0 0
124 154 0 0
125 154 0 0
127 154 0 0
131 154 0 0
136 154 0 0
137 154 0 0
138 154 0 0
142 154 0 0
144 154 0 0
145 154 0 0
148 154 0 0
149 154 0 0
153 154 0 0
3 155 0 0
62 155 0 0
64 155 0 0
66 155 0 0
79 155 0 0
84 155 0 0
86 155 0 0
89 155 0 0
92 155 0 0
94 155 0 0
95 155 0 0
96 155 0 0
98 155 0 0
99 155 0 0
101 155 0 0
102 155 0 0
105 155 0 0
109 155 0 0
111 155 0 0
119 155 0 0
120 155 0 0
122 155 0 0
124 155 0 0
125 155 0 0
126 155 0 0
130 155 0 0
131 155 0 0
133 155 0 0
134 155 0 0
136 155 0 0
137 155 0 0
140 155 0 0
142 155 0 0
146 155 0 0
147 155 0 0
148 155 0 0
149 155 0 0
152 155 0 0
154 155 0 0
61 156 0 0
84 156 0 0
90 156 0 0
93 156 0 0
96 156 0 0
99 156 0 0
101 156 0 0
102 156 0 0
104 156 0 0
105 156 0 0
109 156 0 0
110 156 0 0
111 156 0 0
112 156 0 0
114 156 0 0
115 156 0 0
118 156 0 0
123 156 0 0
126 156 0 0
129 156 0 0
130 156 0 0
132 156 0 0
133 156 0 0
134 156 0 0
136 156 0 0
140 156 0 0
141 156 0 0
146 156 0 0
147 156 0 0
151 156 0 0
152 156 0 0
155 156 0 0
3 157 0 0
62 157 0 0
79 157 0 0
84 157 0 0
86 157 0 0
89 157 0 0
93 157 0 0
95 157 0 0
96 157 0 0
99 157 0 0
101 157 0 0
102 157 0 0
105 157 0 0
109 157 0 0
111 157 0 0
112 157 0 0
115 157 0 0
118 157 0 0
120 157 0 0
122 157 0 0
125 157 0 0
126 157 0 0
129 157 0 0
130 157 0 0
131 157 0 0
132 157 0 0
133 157 0 0
134 157 0 0
136 157 0 0
137 157 0 0
140 157 0 0
141 157 0 0
146 157 0 0
147 157 0 0
148 157 0 0
149 157 0 0
151 157 0 0
152 157 0 0
154 157 0 0
155 157 0 0
156 157 0 0
1 158 0 0
2 158 0 0
3 158 0 0
66 158 0 0
78 158 0 0
84 158 0 0
85 158 0 0
86 158 0 0
88 158 0 0
89 158 0 0
91 158 0 0
92 158 0 0
94 158 0 0
95 158 0 0
98 158 0 0
103 158 0 0
107 158 0 0
108 158 0 0
113 158 0 0
119 158 0 0
120 158 0 0
121 158 0 0
122 158 0 0
124 158 0 0
125 158 0 0
127 158 0 0
131 158 0 0
136 158 0 0
137 158 0 0
138 158 0 0
142 158 0 0
144 158 0 0
145 158 0 0
148 158 0 0
149 158 0 0
153 158 0 0
154 158 0 0
155 158 0 0
1 159 0 0
2 159 0 0
3 159 0 0
85 159 0 0
86 159 0 0
88 159 0 0
91 159 0 0
92 159 0 0
94 159 0 0
97 159 0 0
103 159 0 0
106 159 0 0
107 159 0 0
108 159 0 0
113 159 0 0
119 159 0 0
121 159 0 0
124 159 0 0
127 159 0 0
128 159 0 0
138 159 0 0
139 159 0 0
142 159 0 0
143 159 0 0
144 159 0 0
145 159 0 0
149 159 0 0
150 159 0 0
153 159 0 0
154 159 0 0
158 159 0 0
1 160 0 0
2 160 0 0
59 160 0 0
60 160 0 0
83 160 0 0
85 160 0 0
87 160 0 0
88 160 0 0
91 160 0 0
97 160 0 0
100 160 0 0
106 160 0 0
113 160 0 0
116 160 0 0
117 160 0 0
128 160 0 0
135 160 0 0
139 160 0 0
143 160 0 0
144 160 0 0
145 160 0 0
150 160 0 0
153 160 0 0
159 160 0 0
5 161 0 1
6 161 0 1
7 161 0 1
8 161 0 1
9 161 0 1
10 161 0 1
13 161 0 1
15 161 0 1
16 161 0 1
17 161 0 1
18 161 0 1
19 161 0 1
20 161 0 1
21 161 0 1
22 161 0 1
23 161 0 1
24 161 0 1
26 161 0 1
28 161 0 1
30 161 0 1
33 161 0 1
34 161 0 1
35 161 0 1
36 161 0 1
37 161 0 1
38 161 0 1
39 161 0 1
41 161 0 1
42 161 0 1
45 161 0 1
47 161 0 1
48 161 0 1
49 161 0 1
54 161 0 1
57 161 0 1
67 161 0 1
68 161 0 1
80 161 0 1
35 162 0 1
42 162 0 1
45 162 0 1
47 162 0 1
49 162 0 1
53 162 0 1
54 162 0 1
55 162 0 1
56 162 0 1
57 162 0 1
60 162 0 1
63 162 0 1
65 162 0 1
66 162 0 1
67 162 0 1
68 162 0 1
69 162 0 1
70 162 0 1
75 162 0 1
76 162 0 1
77 162 0 1
78 162 0 1
80 162 0 1
88 162 0 1
91 162 0 1
97 162 0 1
100 162 0 1
103 162 0 1
106 162 0 1
107 162 0 1
5 163 0 1
6 163 0 1
8 163 0 1
13 163 0 1
15 163 0 1
16 163 0 1
17 163 0 1
21 163 0 1
26 163 0 1
34 163 0 1
35 163 0 1
39 163 0 1
42 163 0 1
5 164 0 1
6 164 0 1
8 164 0 1
13 164 0 1
15 164 0 1
16 164 0 1
17 164 0 1
21 164 0 1
26 164 0 1
39 164 0 1
42 164 0 1
4 165 0 1
11 165 0 1
12 165 0 1
14 165 0 1
19 165 0 1
24 165 0 1
25 165 0 1
31 165 0 1
32 165 0 1
37 165 0 1
40 165 0 1
4 166 0 1
11 166 0 1
12 166 0 1
25 166 0 1
31 166 0 1
32 166 0 1
5 167 0 1
6 167 0 1
8 167 0 1
9 167 0 1
13 167 0 1
17 167 0 1
42 167 0 1
7 168 0 1
8 168 0 1
9 168 0 1
10 168 0 1
18 168 0 1
7 169 0 1
8 169 0 1
9 169 0 1
10 169 0 1
18 169 0 1
20 169 0 1
22 169 0 1
23 169 0 1
4 170 0 1
7 170 0 1
10 170 0 1
11 170 0 1
12 170 0 1
14 170 0 1
18 170 0 1
19 170 0 1
20 170 0 1
22 170 0 1
23 170 0 1
24 170 0 1
25 170 0 1
30 170 0 1
33 170 0 1
37 170 0 1
38 170 0 1
40 170 0 1
41 170 0 1
4 171 0 1
11 171 0 1
12 171 0 1
14 171 0 1
19 171 0 1
24 171 0 1
25 171 0 1
27 171 0 1
31 171 0 1
32 171 0 1
37 171 0 1
40 171 0 1
7 172 0 1
8 172 0 1
9 172 0 1
10 172 0 1
18 172 0 1
20 172 0 1
23 172 0 1
7 173 0 1
8 173 0 1
9 173 0 1
10 173 0 1
18 173 0 1
20 173 0 1
22 173 0 1
23 173 0 1
41 173 0 1
7 174 0 1
8 174 0 1
9 174 0 1
10 174 0 1
18 174 0 1
19 174 0 1
20 174 0 1
22 174 0 1
23 174 0 1
38 174 0 1
41 174 0 1
4 175 0 1
7 175 0 1
10 175 0 1
11 175 0 1
12 175 0 1
14 175 0 1
18 175 0 1
19 175 0 1
20 175 0 1
22 175 0 1
23 175 0 1
24 175 0 1
25 175 0 1
30 175 0 1
33 175 0 1
37 175 0 1
38 175 0 1
40 175 0 1
41 175 0 1
4 176 0 1
11 176 0 1
12 176 0 1
14 176 0 1
19 176 0 1
24 176 0 1
25 176 0 1
31 176 0 1
32 176 0 1
37 176 0 1
40 176 0 1
5 177 0 1
6 177 0 1
8 177 0 1
13 177 0 1
15 177 0 1
16 177 0 1
17 177 0 1
21 177 0 1
26 177 0 1
34 177 0 1
35 177 0 1
39 177 0 1
42 177 0 1
5 178 0 1
6 178 0 1
8 178 0 1
13 178 0 1
15 178 0 1
16 178 0 1
17 178 0 1
21 178 0 1
26 178 0 1
34 178 0 1
35 178 0 1
39 178 0 1
42 178 0 1
4 179 0 1
11 179 0 1
12 179 0 1
14 179 0 1
19 179 0 1
22 179 0 1
24 179 0 1
25 179 0 1
29 179 0 1
30 179 0 1
31 179 0 1
32 179 0 1
33 179 0 1
37 179 0 1
38 179 0 1
40 179 0 1
41 179 0 1
4 180 0 1
11 180 0 1
12 180 0 1
14 180 0 1
24 180 0 1
25 180 0 1
27 180 0 1
29 180 0 1
31 180 0 1
32 180 0 1
37 180 0 1
40 180 0 1
4 181 0 1
11 181 0 1
12 181 0 1
14 181 0 1
19 181 0 1
24 181 0 1
25 181 0 1
27 181 0 1
29 181 0 1
31 181 0 1
32 181 0 1
33 181 0 1
37 181 0 1
40 181 0 1
4 182 0 1
11 182 0 1
12 182 0 1
14 182 0 1
19 182 0 1
22 182 0 1
24 182 0 1
25 182 0 1
27 182 0 1
28 182 0 1
29 182 0 1
30 182 0 1
31 182 0 1
32 182 0 1
33 182 0 1
37 182 0 1
38 182 0 1
40 182 0 1
41 182 0 1
5 183 0 1
6 183 0 1
8 183 0 1
13 183 0 1
15 183 0 1
16 183 0 1
17 183 0 1
21 183 0 1
26 183 0 1
34 183 0 1
35 183 0 1
39 183 0 1
42 183 0 1
5 184 0 1
6 184 0 1
8 184 0 1
13 184 0 1
15 184 0 1
16 184 0 1
17 184 0 1
21 184 0 1
26 184 0 1
34 184 0 1
39 184 0 1
42 184 0 1
4 185 0 1
11 185 0 1
12 185 0 1
14 185 0 1
19 185 0 1
22 185 0 1
24 185 0 1
25 185 0 1
29 185 0 1
30 185 0 1
31 185 0 1
32 185 0 1
33 185 0 1
37 185 0 1
38 185 0 1
40 185 0 1
4 186 0 1
7 186 0 1
9 186 0 1
10 186 0 1
11 186 0 1
14 186 0 1
18 186 0 1
19 186 0 1
20 186 0 1
22 186 0 1
23 186 0 1
24 186 0 1
25 186 0 1
28 186 0 1
30 186 0 1
33 186 0 1
36 186 0 1
37 186 0 1
38 186 0 1
40 186 0 1
41 186 0 1
4 187 0 1
11 187 0 1
12 187 0 1
14 187 0 1
19 187 0 1
24 187 0 1
25 187 0 1
27 187 0 1
28 187 0 1
29 187 0 1
31 187 0 1
32 187 0 1
33 187 0 1
37 187 0 1
40 187 0 1
43 187 0 1
81 187 0 1
5 188 0 1
6 188 0 1
13 188 0 1
15 188 0 1
16 188 0 1
17 188 0 1
21 188 0 1
26 188 0 1
34 188 0 1
35 188 0 1
39 188 0 1
42 188 0 1
47 188 0 1
80 188 0 1
5 189 0 1
6 189 0 1
8 189 0 1
13 189 0 1
15 189 0 1
16 189 0 1
17 189 0 1
21 189 0 1
26 189 0 1
34 189 0 1
35 189 0 1
39 189 0 1
42 189 0 1
80 189 0 1
4 190 0 1
11 190 0 1
12 190 0 1
14 190 0 1
19 190 0 1
22 190 0 1
24 190 0 1
25 190 0 1
27 190 0 1
28 190 0 1
29 190 0 1
30 190 0 1
31 190 0 1
32 190 0 1
33 190 0 1
37 190 0 1
38 190 0 1
40 190 0 1
81 190 0 1
7 191 0 1
9 191 0 1
10 191 0 1
14 191 0 1
18 191 0 1
19 191 0 1
20 191 0 1
22 191 0 1
23 191 0 1
24 191 0 1
28 191 0 1
30 191 0 1
33 191 0 1
36 191 0 1
37 191 0 1
38 191 0 1
41 191 0 1
7 192 0 1
8 192 0 1
9 192 0 1
10 192 0 1
18 192 0 1
20 192 0 1
22 192 0 1
23 192 0 1
30 192 0 1
36 192 0 1
38 192 0 1
41 192 0 1
5 193 0 1
6 193 0 1
8 193 0 1
13 193 0 1
15 193 0 1
16 193 0 1
17 193 0 1
21 193 0 1
26 193 0 1
34 193 0 1
35 193 0 1
39 193 0 1
42 193 0 1
80 193 0 1
5 194 0 1
6 194 0 1
8 194 0 1
13 194 0 1
15 194 0 1
16 194 0 1
17 194 0 1
21 194 0 1
26 194 0 1
34 194 0 1
35 194 0 1
39 194 0 1
42 194 0 1
80 194 0 1
4 195 0 1
7 195 0 1
10 195 0 1
11 195 0 1
12 195 0 1
14 195 0 1
18 195 0 1
19 195 0 1
20 195 0 1
22 195 0 1
23 195 0 1
24 195 0 1
25 195 0 1
28 195 0 1
29 195 0 1
30 195 0 1
33 195 0 1
36 195 0 1
37 195 0 1
38 195 0 1
40 195 0 1
41 195 0 1
81 195 0 1
82 195 0 1
4 196 0 1
7 196 0 1
9 196 0 1
10 196 0 1
14 196 0 1
18 196 0 1
19 196 0 1
20 196 0 1
22 196 0 1
23 196 0 1
24 196 0 1
25 196 0 1
28 196 0 1
29 196 0 1
30 196 0 1
33 196 0 1
36 196 0 1
37 196 0 1
38 196 0 1
40 196 0 1
41 196 0 1
81 196 0 1
82 196 0 1
7 197 0 1
8 197 0 1
9 197 0 1
10 197 0 1
18 197 0 1
20 197 0 1
22 197 0 1
23 197 0 1
36 197 0 1
41 197 0 1
12 198 0 1
14 198 0 1
19 198 0 1
24 198 0 1
25 198 0 1
27 198 0 1
28 198 0 1
29 198 0 1
30 198 0 1
31 198 0 1
32 198 0 1
33 198 0 1
36 198 0 1
37 198 0 1
38 198 0 1
40 198 0 1
43 198 0 1
44 198 0 1
46 198 0 1
52 198 0 1
71 198 0 1
81 198 0 1
82 198 0 1
13 199 0 1
15 199 0 1
16 199 0 1
17 199 0 1
21 199 0 1
26 199 0 1
34 199 0 1
35 199 0 1
39 199 0 1
42 199 0 1
45 199 0 1
47 199 0 1
80 199 0 1
12 200 0 1
27 200 0 1
29 200 0 1
31 200 0 1
32 200 0 1
33 200 0 1
37 200 0 1
40 200 0 1
43 200 0 1
44 200 0 1
46 200 0 1
51 200 0 1
52 200 0 1
71 200 0 1
81 200 0 1
42 201 0 1
47 201 0 1
80 201 0 1
18 202 0 1
20 202 0 1
22 202 0 1
23 202 0 1
28 202 0 1
29 202 0 1
30 202 0 1
33 202 0 1
36 202 0 1
37 202 0 1
38 202 0 1
41 202 0 1
43 202 0 1
48 202 0 1
49 202 0 1
81 202 0 1
82 202 0 1
14 203 0 1
18 203 0 1
22 203 0 1
23 203 0 1
24 203 0 1
28 203 0 1
29 203 0 1
30 203 0 1
33 203 0 1
36 203 0 1
37 203 0 1
38 203 0 1
40 203 0 1
41 203 0 1
43 203 0 1
44 203 0 1
46 203 0 1
48 203 0 1
49 203 0 1
50 203 0 1
81 203 0 1
82 203 0 1
7 204 0 1
9 204 0 1
10 204 0 1
18 204 0 1
19 204 0 1
20 204 0 1
22 204 0 1
23 204 0 1
28 204 0 1
30 204 0 1
33 204 0 1
36 204 0 1
37 204 0 1
38 204 0 1
41 204 0 1
48 204 0 1
81 204 0 1
82 204 0 1
4 205 0 1
11 205 0 1
12 205 0 1
14 205 0 1
19 205 0 1
22 205 0 1
24 205 0 1
25 205 0 1
27 205 0 1
28 205 0 1
29 205 0 1
30 205 0 1
31 205 0 1
32 205 0 1
33 205 0 1
36 205 0 1
37 205 0 1
38 205 0 1
40 205 0 1
41 205 0 1
43 205 0 1
44 205 0 1
46 205 0 1
81 205 0 1
82 205 0 1
5 206 0 1
6 206 0 1
8 206 0 1
13 206 0 1
15 206 0 1
17 206 0 1
21 206 0 1
26 206 0 1
34 206 0 1
35 206 0 1
39 206 0 1
42 206 0 1
47 206 0 1
80 206 0 1
5 207 0 1
6 207 0 1
8 207 0 1
13 207 0 1
15 207 0 1
16 207 0 1
17 207 0 1
21 207 0 1
26 207 0 1
34 207 0 1
35 207 0 1
39 207 0 1
42 207 0 1
45 207 0 1
47 207 0 1
80 207 0 1
12 208 0 1
14 208 0 1
18 208 0 1
19 208 0 1
20 208 0 1
22 208 0 1
23 208 0 1
24 208 0 1
25 208 0 1
28 208 0 1
29 208 0 1
30 208 0 1
33 208 0 1
36 208 0 1
37 208 0 1
38 208 0 1
40 208 0 1
41 208 0 1
43 208 0 1
44 208 0 1
46 208 0 1
48 208 0 1
81 208 0 1
82 208 0 1
10 209 0 1
14 209 0 1
18 209 0 1
19 209 0 1
20 209 0 1
22 209 0 1
23 209 0 1
24 209 0 1
25 209 0 1
28 209 0 1
29 209 0 1
30 209 0 1
33 209 0 1
36 209 0 1
37 209 0 1
38 209 0 1
40 209 0 1
41 209 0 1
43 209 0 1
46 209 0 1
48 209 0 1
81 209 0 1
82 209 0 1
9 210 0 1
10 210 0 1
18 210 0 1
20 210 0 1
22 210 0 1
23 210 0 1
30 210 0 1
36 210 0 1
38 210 0 1
41 210 0 1
48 210 0 1
49 210 0 1
27 211 0 1
28 211 0 1
29 211 0 1
30 211 0 1
32 211 0 1
33 211 0 1
36 211 0 1
37 211 0 1
40 211 0 1
43 211 0 1
44 211 0 1
46 211 0 1
48 211 0 1
50 211 0 1
51 211 0 1
52 211 0 1
58 211 0 1
71 211 0 1
72 211 0 1
74 211 0 1
79 211 0 1
81 211 0 1
82 211 0 1
28 212 0 1
29 212 0 1
30 212 0 1
33 212 0 1
36 212 0 1
37 212 0 1
43 212 0 1
44 212 0 1
46 212 0 1
48 212 0 1
49 212 0 1
50 212 0 1
52 212 0 1
56 212 0 1
58 212 0 1
71 212 0 1
72 212 0 1
79 212 0 1
81 212 0 1
82 212 0 1
26 213 0 1
34 213 0 1
35 213 0 1
39 213 0 1
45 213 0 1
47 213 0 1
53 213 0 1
54 213 0 1
57 213 0 1
77 213 0 1
80 213 0 1
26 214 0 1
34 214 0 1
35 214 0 1
39 214 0 1
42 214 0 1
45 214 0 1
47 214 0 1
53 214 0 1
54 214 0 1
57 214 0 1
67 214 0 1
77 214 0 1
80 214 0 1
26 215 0 1
34 215 0 1
35 215 0 1
45 215 0 1
47 215 0 1
53 215 0 1
54 215 0 1
57 215 0 1
63 215 0 1
65 215 0 1
67 215 0 1
68 215 0 1
77 215 0 1
80 215 0 1
49 216 0 1
55 216 0 1
56 216 0 1
57 216 0 1
68 216 0 1
69 216 0 1
70 216 0 1
75 216 0 1
76 216 0 1
78 216 0 1
43 217 0 1
44 217 0 1
46 217 0 1
50 217 0 1
51 217 0 1
52 217 0 1
58 217 0 1
61 217 0 1
62 217 0 1
71 217 0 1
72 217 0 1
73 217 0 1
74 217 0 1
90 217 0 1
93 217 0 1
99 217 0 1
101 217 0 1
102 217 0 1
104 217 0 1
105 217 0 1
110 217 0 1
111 217 0 1
151 217 0 1
152 217 0 1
45 218 0 1
47 218 0 1
53 218 0 1
54 218 0 1
57 218 0 1
59 218 0 1
60 218 0 1
63 218 0 1
65 218 0 1
67 218 0 1
68 218 0 1
77 218 0 1
80 218 0 1
87 218 0 1
97 218 0 1
100 218 0 1
106 218 0 1
43 219 0 1
44 219 0 1
46 219 0 1
48 219 0 1
49 219 0 1
50 219 0 1
52 219 0 1
55 219 0 1
56 219 0 1
58 219 0 1
62 219 0 1
64 219 0 1
66 219 0 1
69 219 0 1
70 219 0 1
71 219 0 1
72 219 0 1
74 219 0 1
76 219 0 1
78 219 0 1
79 219 0 1
82 219 0 1
84 219 0 1
89 219 0 1
92 219 0 1
95 219 0 1
96 219 0 1
98 219 0 1
99 219 0 1
101 219 0 1
102 219 0 1
105 219 0 1
109 219 0 1
111 219 0 1
45 220 0 1
47 220 0 1
53 220 0 1
54 220 0 1
57 220 0 1
59 220 0 1
60 220 0 1
63 220 0 1
67 220 0 1
68 220 0 1
77 220 0 1
83 220 0 1
87 220 0 1
97 220 0 1
100 220 0 1
106 220 0 1
150 220 0 1
2 221 0 1
47 221 0 1
54 221 0 1
57 221 0 1
60 221 0 1
63 221 0 1
65 221 0 1
67 221 0 1
68 221 0 1
69 221 0 1
75 221 0 1
76 221 0 1
77 221 0 1
85 221 0 1
87 221 0 1
88 221 0 1
91 221 0 1
97 221 0 1
100 221 0 1
103 221 0 1
106 221 0 1
107 221 0 1
150 221 0 1
47 222 0 1
54 222 0 1
55 222 0 1
57 222 0 1
63 222 0 1
65 222 0 1
67 222 0 1
68 222 0 1
69 222 0 1
70 222 0 1
75 222 0 1
76 222 0 1
77 222 0 1
78 222 0 1
85 222 0 1
88 222 0 1
91 222 0 1
97 222 0 1
100 222 0 1
103 222 0 1
106 222 0 1
107 222 0 1
108 222 0 1
55 223 0 1
57 223 0 1
63 223 0 1
65 223 0 1
66 223 0 1
67 223 0 1
68 223 0 1
69 223 0 1
70 223 0 1
75 223 0 1
76 223 0 1
77 223 0 1
78 223 0 1
85 223 0 1
88 223 0 1
91 223 0 1
92 223 0 1
94 223 0 1
97 223 0 1
98 223 0 1
100 223 0 1
103 223 0 1
106 223 0 1
107 223 0 1
108 223 0 1
145 223 0 1
49 224 0 1
55 224 0 1
56 224 0 1
57 224 0 1
65 224 0 1
66 224 0 1
67 224 0 1
68 224 0 1
69 224 0 1
70 224 0 1
75 224 0 1
76 224 0 1
78 224 0 1
85 224 0 1
86 224 0 1
88 224 0 1
91 224 0 1
92 224 0 1
94 224 0 1
97 224 0 1
98 224 0 1
103 224 0 1
107 224 0 1
108 224 0 1
144 224 0 1
48 225 0 1
49 225 0 1
55 225 0 1
56 225 0 1
64 225 0 1
65 225 0 1
66 225 0 1
68 225 0 1
69 225 0 1
70 225 0 1
75 225 0 1
76 225 0 1
78 225 0 1
79 225 0 1
88 225 0 1
89 225 0 1
92 225 0 1
94 225 0 1
98 225 0 1
103 225 0 1
107 225 0 1
108 225 0 1
49 226 0 1
55 226 0 1
56 226 0 1
57 226 0 1
64 226 0 1
65 226 0 1
66 226 0 1
67 226 0 1
68 226 0 1
69 226 0 1
70 226 0 1
75 226 0 1
76 226 0 1
78 226 0 1
88 226 0 1
92 226 0 1
98 226 0 1
103 226 0 1
107 226 0 1
108 226 0 1
28 227 0 1
29 227 0 1
33 227 0 1
43 227 0 1
44 227 0 1
46 227 0 1
48 227 0 1
49 227 0 1
50 227 0 1
51 227 0 1
52 227 0 1
56 227 0 1
58 227 0 1
61 227 0 1
62 227 0 1
64 227 0 1
71 227 0 1
72 227 0 1
73 227 0 1
74 227 0 1
79 227 0 1
81 227 0 1
82 227 0 1
99 227 0 1
101 227 0 1
102 227 0 1
105 227 0 1
109 227 0 1
111 227 0 1
48 228 0 1
49 228 0 1
50 228 0 1
55 228 0 1
56 228 0 1
64 228 0 1
66 228 0 1
69 228 0 1
70 228 0 1
75 228 0 1
76 228 0 1
78 228 0 1
79 228 0 1
92 228 0 1
98 228 0 1
103 228 0 1
108 228 0 1
48 229 0 1
49 229 0 1
50 229 0 1
55 229 0 1
56 229 0 1
58 229 0 1
64 229 0 1
66 229 0 1
69 229 0 1
70 229 0 1
75 229 0 1
76 229 0 1
78 229 0 1
79 229 0 1
86 229 0 1
89 229 0 1
92 229 0 1
94 229 0 1
95 229 0 1
98 229 0 1
103 229 0 1
107 229 0 1
108 229 0 1
109 229 0 1
43 230 0 1
44 230 0 1
46 230 0 1
48 230 0 1
50 230 0 1
51 230 0 1
52 230 0 1
58 230 0 1
61 230 0 1
62 230 0 1
64 230 0 1
71 230 0 1
72 230 0 1
73 230 0 1
74 230 0 1
79 230 0 1
81 230 0 1
82 230 0 1
96 230 0 1
99 230 0 1
101 230 0 1
102 230 0 1
104 230 0 1
105 230 0 1
109 230 0 1
110 230 0 1
111 230 0 1
47 231 0 1
49 231 0 1
54 231 0 1
55 231 0 1
56 231 0 1
57 231 0 1
63 231 0 1
65 231 0 1
66 231 0 1
67 231 0 1
68 231 0 1
69 231 0 1
70 231 0 1
75 231 0 1
76 231 0 1
78 231 0 1
85 231 0 1
88 231 0 1
91 231 0 1
92 231 0 1
94 231 0 1
97 231 0 1
98 231 0 1
103 231 0 1
106 231 0 1
107 231 0 1
108 231 0 1
49 232 0 1
55 232 0 1
56 232 0 1
57 232 0 1
64 232 0 1
65 232 0 1
66 232 0 1
67 232 0 1
68 232 0 1
69 232 0 1
70 232 0 1
75 232 0 1
76 232 0 1
78 232 0 1
85 232 0 1
86 232 0 1
88 232 0 1
91 232 0 1
92 232 0 1
94 232 0 1
98 232 0 1
103 232 0 1
107 232 0 1
108 232 0 1
3 233 0 1
49 233 0 1
55 233 0 1
56 233 0 1
64 233 0 1
66 233 0 1
69 233 0 1
70 233 0 1
75 233 0 1
76 233 0 1
78 233 0 1
79 233 0 1
84 233 0 1
85 233 0 1
86 233 0 1
88 233 0 1
89 233 0 1
91 233 0 1
92 233 0 1
94 233 0 1
95 233 0 1
98 233 0 1
103 233 0 1
107 233 0 1
108 233 0 1
109 233 0 1
144 233 0 1
145 233 0 1
148 233 0 1
149 233 0 1
153 233 0 1
154 233 0 1
158 233 0 1
61 234 0 1
73 234 0 1
74 234 0 1
90 234 0 1
93 234 0 1
101 234 0 1
102 234 0 1
104 234 0 1
105 234 0 1
110 234 0 1
111 234 0 1
112 234 0 1
114 234 0 1
115 234 0 1
123 234 0 1
132 234 0 1
133 234 0 1
134 234 0 1
140 234 0 1
141 234 0 1
146 234 0 1
147 234 0 1
151 234 0 1
152 234 0 1
156 234 0 1
1 235 0 1
3 235 0 1
55 235 0 1
56 235 0 1
64 235 0 1
66 235 0 1
69 235 0 1
70 235 0 1
75 235 0 1
76 235 0 1
78 235 0 1
79 235 0 1
84 235 0 1
85 235 0 1
86 235 0 1
88 235 0 1
89 235 0 1
91 235 0 1
92 235 0 1
94 235 0 1
95 235 0 1
96 235 0 1
98 235 0 1
103 235 0 1
107 235 0 1
108 235 0 1
109 235 0 1
124 235 0 1
125 235 0 1
136 235 0 1
137 235 0 1
138 235 0 1
142 235 0 1
144 235 0 1
148 235 0 1
149 235 0 1
153 235 0 1
154 235 0 1
155 235 0 1
157 235 0 1
158 235 0 1
159 235 0 1
1 236 0 1
2 236 0 1
57 236 0 1
60 236 0 1
63 236 0 1
65 236 0 1
67 236 0 1
68 236 0 1
77 236 0 1
83 236 0 1
85 236 0 1
87 236 0 1
88 236 0 1
91 236 0 1
94 236 0 1
97 236 0 1
100 236 0 1
103 236 0 1
106 236 0 1
107 236 0 1
113 236 0 1
128 236 0 1
138 236 0 1
139 236 0 1
143 236 0 1
144 236 0 1
145 236 0 1
150 236 0 1
153 236 0 1
159 236 0 1
160 236 0 1
1 237 0 1
2 237 0 1
3 237 0 1
85 237 0 1
86 237 0 1
88 237 0 1
91 237 0 1
92 237 0 1
94 237 0 1
97 237 0 1
103 237 0 1
106 237 0 1
107 237 0 1
108 237 0 1
113 237 0 1
121 237 0 1
124 237 0 1
127 237 0 1
138 237 0 1
139 237 0 1
142 237 0 1
144 237 0 1
145 237 0 1
149 237 0 1
150 237 0 1
153 237 0 1
154 237 0 1
158 237 0 1
159 237 0 1
160 237 0 1
61 238 0 1
90 238 0 1
93 238 0 1
102 238 0 1
104 238 0 1
105 238 0 1
110 238 0 1
111 238 0 1
112 238 0 1
114 238 0 1
115 238 0 1
123 238 0 1
129 238 0 1
130 238 0 1
132 238 0 1
133 238 0 1
134 238 0 1
140 238 0 1
141 238 0 1
146 238 0 1
147 238 0 1
151 238 0 1
152 238 0 1
156 238 0 1
157 238 0 1
1 239 0 1
3 239 0 1
66 239 0 1
84 239 0 1
85 239 0 1
86 239 0 1
88 239 0 1
89 239 0 1
92 239 0 1
94 239 0 1
95 239 0 1
96 239 0 1
98 239 0 1
103 239 0 1
107 239 0 1
108 239 0 1
109 239 0 1
119 239 0 1
120 239 0 1
121 239 0 1
122 239 0 1
124 239 0 1
125 239 0 1
127 239 0 1
131 239 0 1
136 239 0 1
137 239 0 1
138 239 0 1
142 239 0 1
144 239 0 1
148 239 0 1
149 239 0 1
153 239 0 1
154 239 0 1
155 239 0 1
157 239 0 1
158 239 0 1
159 239 0 1
61 240 0 1
62 240 0 1
72 240 0 1
74 240 0 1
79 240 0 1
84 240 0 1
90 240 0 1
93 240 0 1
96 240 0 1
99 240 0 1
101 240 0 1
102 240 0 1
104 240 0 1
105 240 0 1
109 240 0 1
110 240 0 1
111 240 0 1
112 240 0 1
114 240 0 1
115 240 0 1
125 240 0 1
126 240 0 1
129 240 0 1
130 240 0 1
132 240 0 1
133 240 0 1
134 240 0 1
136 240 0 1
137 240 0 1
140 240 0 1
141 240 0 1
146 240 0 1
147 240 0 1
148 240 0 1
151 240 0 1
152 240 0 1
155 240 0 1
156 240 0 1
157 240 0 1
1 241 0 1
3 241 0 1
64 241 0 1
66 241 0 1
78 241 0 1
79 241 0 1
84 241 0 1
85 241 0 1
86 241 0 1
88 241 0 1
89 241 0 1
92 241 0 1
94 241 0 1
95 241 0 1
96 241 0 1
98 241 0 1
103 241 0 1
107 241 0 1
108 241 0 1
109 241 0 1
119 241 0 1
120 241 0 1
124 241 0 1
125 241 0 1
127 241 0 1
131 241 0 1
133 241 0 1
136 241 0 1
137 241 0 1
138 241 0 1
142 241 0 1
144 241 0 1
148 241 0 1
149 241 0 1
153 241 0 1
154 241 0 1
155 241 0 1
157 241 0 1
158 241 0 1
159 241 0 1
1 242 0 1
2 242 0 1
59 242 0 1
60 242 0 1
63 242 0 1
77 242 0 1
83 242 0 1
87 242 0 1
91 242 0 1
97 242 0 1
100 242 0 1
106 242 0 1
116 242 0 1
117 242 0 1
128 242 0 1
135 242 0 1
139 242 0 1
143 242 0 1
150 242 0 1
160 242 0 1
1 243 0 1
2 243 0 1
63 243 0 1
65 243 0 1
68 243 0 1
85 243 0 1
87 243 0 1
88 243 0 1
91 243 0 1
94 243 0 1
97 243 0 1
100 243 0 1
103 243 0 1
106 243 0 1
107 243 0 1
108 243 0 1
113 243 0 1
116 243 0 1
117 243 0 1
128 243 0 1
138 243 0 1
139 243 0 1
143 243 0 1
144 243 0 1
145 243 0 1
150 243 0 1
153 243 0 1
158 243 0 1
159 243 0 1
160 243 0 1
90 244 0 1
93 244 0 1
112 244 0 1
114 244 0 1
115 244 0 1
118 244 0 1
123 244 0 1
129 244 0 1
130 244 0 1
132 244 0 1
134 244 0 1
140 244 0 1
141 244 0 1
146 244 0 1
151 244 0 1
152 244 0 1
156 244 0 1
1 245 0 1
2 245 0 1
83 245 0 1
116 245 0 1
117 245 0 1
128 245 0 1
135 245 0 1
139 245 0 1
143 245 0 1
150 245 0 1
160 245 0 1
112 246 0 1
114 246 0 1
115 246 0 1
118 246 0 1
123 246 0 1
126 246 0 1
129 246 0 1
130 246 0 1
132 246 0 1
133 246 0 1
134 246 0 1
136 246 0 1
140 246 0 1
141 246 0 1
146 246 0 1
147 246 0 1
151 246 0 1
152 246 0 1
156 246 0 1
157 246 0 1
3 247 0 1
115 247 0 1
118 247 0 1
119 247 0 1
120 247 0 1
122 247 0 1
125 247 0 1
126 247 0 1
129 247 0 1
130 247 0 1
131 247 0 1
132 247 0 1
133 247 0 1
134 247 0 1
136 247 0 1
137 247 0 1
140 247 0 1
141 247 0 1
146 247 0 1
155 247 0 1
157 247 0 1
112 248 0 1
114 248 0 1
115 248 0 1
118 248 0 1
123 248 0 1
126 248 0 1
129 248 0 1
130 248 0 1
132 248 0 1
133 248 0 1
134 248 0 1
140 248 0 1
141 248 0 1
146 248 0 1
152 248 0 1
156 248 0 1
1 249 0 1
2 249 0 1
83 249 0 1
91 249 0 1
106 249 0 1
113 249 0 1
116 249 0 1
117 249 0 1
128 249 0 1
135 249 0 1
139 249 0 1
143 249 0 1
150 249 0 1
160 249 0 1
3 250 0 1
84 250 0 1
95 250 0 1
96 250 0 1
111 250 0 1
115 250 0 1
118 250 0 1
119 250 0 1
120 250 0 1
122 250 0 1
124 250 0 1
125 250 0 1
126 250 0 1
127 250 0 1
129 250 0 1
130 250 0 1
131 250 0 1
133 250 0 1
134 250 0 1
136 250 0 1
137 250 0 1
140 250 0 1
141 250 0 1
142 250 0 1
146 250 0 1
147 250 0 1
148 250 0 1
149 250 0 1
154 250 0 1
155 250 0 1
156 250 0 1
157 250 0 1
158 250 0 1
93 251 0 1
112 251 0 1
114 251 0 1
115 251 0 1
118 251 0 1
123 251 0 1
126 251 0 1
129 251 0 1
130 251 0 1
132 251 0 1
133 251 0 1
134 251 0 1
140 251 0 1
141 251 0 1
146 251 0 1
147 251 0 1
151 251 0 1
152 251 0 1
156 251 0 1
157 251 0 1
3 252 0 1
84 252 0 1
111 252 0 1
112 252 0 1
114 252 0 1
115 252 0 1
118 252 0 1
120 252 0 1
122 252 0 1
123 252 0 1
125 252 0 1
126 252 0 1
129 252 0 1
130 252 0 1
131 252 0 1
132 252 0 1
133 252 0 1
134 252 0 1
136 252 0 1
137 252 0 1
140 252 0 1
141 252 0 1
146 252 0 1
147 252 0 1
148 252 0 1
151 252 0 1
152 252 0 1
155 252 0 1
156 252 0 1
157 252 0 1
90 253 0 1
93 253 0 1
96 253 0 1
104 253 0 1
105 253 0 1
110 253 0 1
111 253 0 1
112 253 0 1
114 253 0 1
115 253 0 1
118 253 0 1
123 253 0 1
126 253 0 1
129 253 0 1
130 253 0 1
132 253 0 1
133 253 0 1
134 253 0 1
136 253 0 1
140 253 0 1
141 253 0 1
146 253 0 1
147 253 0 1
151 253 0 1
152 253 0 1
156 253 0 1
157 253 0 1
3 254 0 1
50 254 0 1
56 254 0 1
58 254 0 1
62 254 0 1
64 254 0 1
66 254 0 1
71 254 0 1
72 254 0 1
74 254 0 1
79 254 0 1
84 254 0 1
86 254 0 1
89 254 0 1
92 254 0 1
93 254 0 1
95 254 0 1
96 254 0 1
98 254 0 1
99 254 0 1
101 254 0 1
102 254 0 1
105 254 0 1
109 254 0 1
111 254 0 1
133 254 0 1
134 254 0 1
136 254 0 1
137 254 0 1
140 254 0 1
146 254 0 1
147 254 0 1
148 254 0 1
152 254 0 1
154 254 0 1
155 254 0 1
156 254 0 1
157 254 0 1
2 255 0 1
53 255 0 1
54 255 0 1
57 255 0 1
59 255 0 1
60 255 0 1
63 255 0 1
65 255 0 1
67 255 0 1
77 255 0 1
83 255 0 1
87 255 0 1
91 255 0 1
97 255 0 1
100 255 0 1
106 255 0 1
135 255 0 1
139 255 0 1
143 255 0 1
150 255 0 1
160 255 0 1
2 256 0 1
53 256 0 1
54 256 0 1
57 256 0 1
59 256 0 1
60 256 0 1
63 256 0 1
65 256 0 1
67 256 0 1
68 256 0 1
77 256 0 1
83 256 0 1
87 256 0 1
91 256 0 1
97 256 0 1
100 256 0 1
106 256 0 1
135 256 0 1
143 256 0 1
150 256 0 1
160 256 0 1
1 257 0 1
2 257 0 1
55 257 0 1
57 257 0 1
63 257 0 1
65 257 0 1
67 257 0 1
68 257 0 1
69 257 0 1
75 257 0 1
76 257 0 1
77 257 0 1
78 257 0 1
85 257 0 1
88 257 0 1
91 257 0 1
92 257 0 1
94 257 0 1
97 257 0 1
98 257 0 1
100 257 0 1
103 257 0 1
106 257 0 1
107 257 0 1
108 257 0 1
113 257 0 1
144 257 0 1
145 257 0 1
150 257 0 1
153 257 0 1
158 257 0 1
159 257 0 1
160 257 0 1
1 258 0 1
2 258 0 1
54 258 0 1
57 258 0 1
59 258 0 1
60 258 0 1
63 258 0 1
65 258 0 1
67 258 0 1
68 258 0 1
75 258 0 1
77 258 0 1
83 258 0 1
85 258 0 1
87 258 0 1
88 258 0 1
91 258 0 1
97 258 0 1
100 258 0 1
103 258 0 1
106 258 0 1
107 258 0 1
113 258 0 1
139 258 0 1
143 258 0 1
144 258 0 1
145 258 0 1
150 258 0 1
153 258 0 1
159 258 0 1
160 258 0 1
1 259 0 1
3 259 0 1
55 259 0 1
56 259 0 1
64 259 0 1
65 259 0 1
66 259 0 1
68 259 0 1
69 259 0 1
70 259 0 1
75 259 0 1
76 259 0 1
78 259 0 1
85 259 0 1
86 259 0 1
88 259 0 1
89 259 0 1
91 259 0 1
92 259 0 1
94 259 0 1
95 259 0 1
98 259 0 1
103 259 0 1
107 259 0 1
108 259 0 1
113 259 0 1
138 259 0 1
142 259 0 1
144 259 0 1
145 259 0 1
148 259 0 1
149 259 0 1
153 259 0 1
154 259 0 1
158 259 0 1
159 259 0 1
1 260 0 1
2 260 0 1
54 260 0 1
57 260 0 1
59 260 0 1
60 260 0 1
63 260 0 1
65 260 0 1
67 260 0 1
68 260 0 1
77 260 0 1
83 260 0 1
85 260 0 1
87 260 0 1
88 260 0 1
91 260 0 1
97 260 0 1
100 260 0 1
103 260 0 1
106 260 0 1
107 260 0 1
113 260 0 1
135 260 0 1
139 260 0 1
143 260 0 1
144 260 0 1
145 260 0 1
150 260 0 1
153 260 0 1
159 260 0 1
160 260 0 1
3 261 0 1
48 261 0 1
49 261 0 1
50 261 0 1
55 261 0 1
56 261 0 1
58 261 0 1
62 261 0 1
64 261 0 1
66 261 0 1
69 261 0 1
70 261 0 1
72 261 0 1
76 261 0 1
78 261 0 1
79 261 0 1
84 261 0 1
86 261 0 1
89 261 0 1
92 261 0 1
94 261 0 1
95 261 0 1
96 261 0 1
98 261 0 1
99 261 0 1
101 261 0 1
102 261 0 1
105 261 0 1
108 261 0 1
109 261 0 1
111 261 0 1
148 261 0 1
149 261 0 1
154 261 0 1
155 261 0 1
157 261 0 1
2 262 0 1
49 262 0 1
55 262 0 1
56 262 0 1
57 262 0 1
63 262 0 1
64 262 0 1
65 262 0 1
66 262 0 1
67 262 0 1
68 262 0 1
69 262 0 1
70 262 0 1
75 262 0 1
76 262 0 1
78 262 0 1
85 262 0 1
86 262 0 1
88 262 0 1
89 262 0 1
91 262 0 1
92 262 0 1
94 262 0 1
95 262 0 1
97 262 0 1
98 262 0 1
103 262 0 1
106 262 0 1
107 262 0 1
108 262 0 1
144 262 0 1
145 262 0 1
149 262 0 1
153 262 0 1
158 262 0 1
2 263 0 1
47 263 0 1
53 263 0 1
54 263 0 1
57 263 0 1
59 263 0 1
60 263 0 1
63 263 0 1
65 263 0 1
67 263 0 1
68 263 0 1
75 263 0 1
77 263 0 1
85 263 0 1
87 263 0 1
88 263 0 1
91 263 0 1
97 263 0 1
100 263 0 1
103 263 0 1
106 263 0 1
107 263 0 1
143 263 0 1
145 263 0 1
150 263 0 1
2 264 0 1
54 264 0 1
55 264 0 1
57 264 0 1
63 264 0 1
65 264 0 1
67 264 0 1
68 264 0 1
69 264 0 1
75 264 0 1
76 264 0 1
77 264 0 1
78 264 0 1
85 264 0 1
88 264 0 1
91 264 0 1
94 264 0 1
97 264 0 1
100 264 0 1
103 264 0 1
106 264 0 1
107 264 0 1
108 264 0 1
144 264 0 1
145 264 0 1
150 264 0 1
43 265 0 1
44 265 0 1
46 265 0 1
48 265 0 1
50 265 0 1
51 265 0 1
52 265 0 1
56 265 0 1
58 265 0 1
61 265 0 1
62 265 0 1
64 265 0 1
71 265 0 1
72 265 0 1
73 265 0 1
74 265 0 1
79 265 0 1
81 265 0 1
82 265 0 1
84 265 0 1
89 265 0 1
93 265 0 1
96 265 0 1
99 265 0 1
101 265 0 1
102 265 0 1
104 265 0 1
105 265 0 1
109 265 0 1
110 265 0 1
111 265 0 1
146 265 0 1
147 265 0 1
151 265 0 1
152 265 0 1
157 265 0 1
2 266 0 1
53 266 0 1
54 266 0 1
57 266 0 1
59 266 0 1
60 266 0 1
63 266 0 1
65 266 0 1
67 266 0 1
68 266 0 1
77 266 0 1
83 266 0 1
87 266 0 1
88 266 0 1
91 266 0 1
97 266 0 1
100 266 0 1
103 266 0 1
106 266 0 1
143 266 0 1
145 266 0 1
150 266 0 1
160 266 0 1
2 267 0 1
55 267 0 1
57 267 0 1
63 267 0 1
65 267 0 1
66 267 0 1
67 267 0 1
68 267 0 1
69 267 0 1
70 267 0 1
75 267 0 1
76 267 0 1
77 267 0 1
78 267 0 1
85 267 0 1
88 267 0 1
91 267 0 1
92 267 0 1
94 267 0 1
97 267 0 1
98 267 0 1
100 267 0 1
103 267 0 1
106 267 0 1
107 267 0 1
108 267 0 1
144 267 0 1
145 267 0 1
150 267 0 1
153 267 0 1
159 267 0 1
2 268 0 1
54 268 0 1
55 268 0 1
57 268 0 1
60 268 0 1
63 268 0 1
65 268 0 1
67 268 0 1
68 268 0 1
69 268 0 1
75 268 0 1
76 268 0 1
77 268 0 1
78 268 0 1
85 268 0 1
88 268 0 1
91 268 0 1
94 268 0 1
97 268 0 1
100 268 0 1
103 268 0 1
106 268 0 1
107 268 0 1
108 268 0 1
113 268 0 1
144 268 0 1
145 268 0 1
150 268 0 1
153 268 0 1
159 268 0 1
27 269 0 1
29 269 0 1
31 269 0 1
32 269 0 1
43 269 0 1
44 269 0 1
46 269 0 1
51 269 0 1
52 269 0 1
61 269 0 1
71 269 0 1
72 269 0 1
73 269 0 1
74 269 0 1
81 269 0 1
102 269 0 1
104 269 0 1
34 270 0 1
35 270 0 1
45 270 0 1
47 270 0 1
53 270 0 1
54 270 0 1
57 270 0 1
63 270 0 1
65 270 0 1
67 270 0 1
68 270 0 1
75 270 0 1
77 270 0 1
80 270 0 1
36 271 0 1
48 271 0 1
49 271 0 1
55 271 0 1
56 271 0 1
64 271 0 1
66 271 0 1
69 271 0 1
70 271 0 1
75 271 0 1
76 271 0 1
78 271 0 1
28 272 0 1
29 272 0 1
30 272 0 1
33 272 0 1
36 272 0 1
43 272 0 1
44 272 0 1
46 272 0 1
48 272 0 1
49 272 0 1
50 272 0 1
55 272 0 1
56 272 0 1
58 272 0 1
62 272 0 1
64 272 0 1
66 272 0 1
69 272 0 1
70 272 0 1
72 272 0 1
75 272 0 1
76 272 0 1
78 272 0 1
79 272 0 1
81 272 0 1
82 272 0 1
98 272 0 1
101 272 0 1
28 273 0 1
29 273 0 1
30 273 0 1
33 273 0 1
36 273 0 1
37 273 0 1
43 273 0 1
44 273 0 1
46 273 0 1
48 273 0 1
50 273 0 1
51 273 0 1
52 273 0 1
56 273 0 1
58 273 0 1
62 273 0 1
71 273 0 1
72 273 0 1
74 273 0 1
79 273 0 1
81 273 0 1
82 273 0 1
101 273 0 1
102 273 0 1
34 274 0 1
35 274 0 1
45 274 0 1
47 274 0 1
53 274 0 1
54 274 0 1
57 274 0 1
60 274 0 1
63 274 0 1
65 274 0 1
67 274 0 1
68 274 0 1
77 274 0 1
80 274 0 1
97 274 0 1
100 274 0 1
47 275 0 1
54 275 0 1
57 275 0 1
63 275 0 1
65 275 0 1
67 275 0 1
68 275 0 1
69 275 0 1
75 275 0 1
76 275 0 1
77 275 0 1
80 275 0 1
103 275 0 1
27 276 0 1
28 276 0 1
29 276 0 1
32 276 0 1
33 276 0 1
43 276 0 1
44 276 0 1
46 276 0 1
48 276 0 1
50 276 0 1
51 276 0 1
52 276 0 1
58 276 0 1
61 276 0 1
62 276 0 1
71 276 0 1
72 276 0 1
73 276 0 1
74 276 0 1
79 276 0 1
81 276 0 1
82 276 0 1
101 276 0 1
102 276 0 1
105 276 0 1
28 277 0 1
29 277 0 1
33 277 0 1
36 277 0 1
43 277 0 1
44 277 0 1
46 277 0 1
48 277 0 1
49 277 0 1
50 277 0 1
52 277 0 1
55 277 0 1
56 277 0 1
58 277 0 1
62 277 0 1
64 277 0 1
66 277 0 1
69 277 0 1
70 277 0 1
71 277 0 1
72 277 0 1
78 277 0 1
79 277 0 1
81 277 0 1
82 277 0 1
101 277 0 1
28 278 0 1
29 278 0 1
33 278 0 1
36 278 0 1
43 278 0 1
44 278 0 1
46 278 0 1
48 278 0 1
49 278 0 1
50 278 0 1
52 278 0 1
56 278 0 1
58 278 0 1
62 278 0 1
64 278 0 1
71 278 0 1
72 278 0 1
74 278 0 1
79 278 0 1
81 278 0 1
82 278 0 1
99 278 0 1
101 278 0 1
102 278 0 1
49 279 0 1
55 279 0 1
56 279 0 1
64 279 0 1
65 279 0 1
66 279 0 1
68 279 0 1
69 279 0 1
70 279 0 1
75 279 0 1
76 279 0 1
78 279 0 1
98 279 0 1
103 279 0 1
108 279 0 1
27 280 0 1
43 280 0 1
44 280 0 1
46 280 0 1
51 280 0 1
52 280 0 1
61 280 0 1
71 280 0 1
72 280 0 1
73 280 0 1
74 280 0 1
102 280 0 1
104 280 0 1
48 281 0 1
49 281 0 1
55 281 0 1
56 281 0 1
64 281 0 1
66 281 0 1
69 281 0 1
70 281 0 1
75 281 0 1
76 281 0 1
78 281 0 1
79 281 0 1
98 281 0 1
103 281 0 1
108 281 0 1
26 282 0 1
34 282 0 1
35 282 0 1
39 282 0 1
42 282 0 1
45 282 0 1
47 282 0 1
53 282 0 1
54 282 0 1
57 282 0 1
67 282 0 1
80 282 0 1
12 283 0 1
14 283 0 1
25 283 0 1
27 283 0 1
28 283 0 1
29 283 0 1
30 283 0 1
31 283 0 1
32 283 0 1
33 283 0 1
37 283 0 1
38 283 0 1
40 283 0 1
43 283 0 1
44 283 0 1
46 283 0 1
48 283 0 1
50 283 0 1
51 283 0 1
52 283 0 1
71 283 0 1
72 283 0 1
81 283 0 1
82 283 0 1
26 284 0 1
42 284 0 1
47 284 0 1
57 284 0 1
80 284 0 1
47 285 0 1
49 285 0 1
55 285 0 1
56 285 0 1
57 285 0 1
68 285 0 1
69 285 0 1
70 285 0 1
75 285 0 1
76 285 0 1
36 286 0 1
49 286 0 1
55 286 0 1
56 286 0 1
69 286 0 1
70 286 0 1
75 286 0 1
76 286 0 1
18 287 0 1
23 287 0 1
28 287 0 1
30 287 0 1
33 287 0 1
36 287 0 1
41 287 0 1
48 287 0 1
49 287 0 1
50 287 0 1
55 287 0 1
56 287 0 1
69 287 0 1
70 287 0 1
75 287 0 1
76 287 0 1
78 287 0 1
81 287 0 1
82 287 0 1
14 288 0 1
28 288 0 1
29 288 0 1
30 288 0 1
33 288 0 1
36 288 0 1
37 288 0 1
38 288 0 1
40 288 0 1
41 288 0 1
43 288 0 1
44 288 0 1
46 288 0 1
48 288 0 1
49 288 0 1
50 288 0 1
58 288 0 1
81 288 0 1
82 288 0 1
27 289 0 1
28 289 0 1
29 289 0 1
31 289 0 1
32 289 0 1
33 289 0 1
37 289 0 1
40 289 0 1
43 289 0 1
44 289 0 1
46 289 0 1
51 289 0 1
52 289 0 1
71 289 0 1
72 289 0 1
74 289 0 1
81 289 0 1
82 289 0 1
26 290 0 1
34 290 0 1
35 290 0 1
39 290 0 1
42 290 0 1
45 290 0 1
47 290 0 1
53 290 0 1
54 290 0 1
80 290 0 1
26 291 0 1
34 291 0 1
35 291 0 1
39 291 0 1
42 291 0 1
45 291 0 1
47 291 0 1
53 291 0 1
54 291 0 1
57 291 0 1
80 291 0 1
26 292 0 1
34 292 0 1
35 292 0 1
39 292 0 1
42 292 0 1
45 292 0 1
47 292 0 1
53 292 0 1
54 292 0 1
57 292 0 1
77 292 0 1
80 292 0 1
28 293 0 1
29 293 0 1
30 293 0 1
33 293 0 1
36 293 0 1
37 293 0 1
41 293 0 1
43 293 0 1
46 293 0 1
48 293 0 1
49 293 0 1
50 293 0 1
55 293 0 1
56 293 0 1
58 293 0 1
69 293 0 1
70 293 0 1
79 293 0 1
81 293 0 1
82 293 0 1
27 294 0 1
28 294 0 1
29 294 0 1
30 294 0 1
31 294 0 1
32 294 0 1
33 294 0 1
37 294 0 1
40 294 0 1
43 294 0 1
44 294 0 1
46 294 0 1
48 294 0 1
50 294 0 1
51 294 0 1
52 294 0 1
58 294 0 1
71 294 0 1
72 294 0 1
73 294 0 1
74 294 0 1
81 294 0 1
82 294 0 1
28 295 0 1
29 295 0 1
30 295 0 1
33 295 0 1
36 295 0 1
37 295 0 1
41 295 0 1
43 295 0 1
44 295 0 1
46 295 0 1
48 295 0 1
49 295 0 1
50 295 0 1
56 295 0 1
58 295 0 1
70 295 0 1
72 295 0 1
79 295 0 1
81 295 0 1
82 295 0 1
36 296 0 1
48 296 0 1
49 296 0 1
55 296 0 1
56 296 0 1
69 296 0 1
70 296 0 1
75 296 0 1
76 296 0 1
78 296 0 1
