1 5 0 0
4 5 0 0
1 6 0 0
4 6 0 0
5 6 0 0
1 7 0 0
4 7 0 0
5 7 0 0
6 7 0 0
1 8 0 0
4 8 0 0
5 8 0 0
6 8 0 0
7 8 0 0
1 9 0 0
1 10 0 0
4 10 0 0
5 10 0 0
6 10 0 0
7 10 0 0
8 10 0 0
1 11 0 0
4 11 0 0
5 11 0 0
6 11 0 0
7 11 0 0
8 11 0 0
10 11 0 0
1 12 0 0
4 12 0 0
5 12 0 0
6 12 0 0
7 12 0 0
8 12 0 0
10 12 0 0
11 12 0 0
1 13 0 0
9 13 0 0
1 14 0 0
1 15 0 0
14 15 0 0
1 16 0 0
9 16 0 0
13 16 0 0
14 16 0 0
15 16 0 0
1 17 0 0
9 17 0 0
14 17 0 0
15 17 0 0
16 17 0 0
1 18 0 0
9 18 0 0
13 18 0 0
1 19 0 0
9 19 0 0
13 19 0 0
18 19 0 0
1 20 0 0
14 20 0 0
15 20 0 0
16 20 0 0
17 20 0 0
1 21 0 0
14 21 0 0
15 21 0 0
17 21 0 0
20 21 0 0
1 22 0 0
14 22 0 0
15 22 0 0
16 22 0 0
17 22 0 0
20 22 0 0
21 22 0 0
1 23 0 0
9 23 0 0
13 23 0 0
16 23 0 0
18 23 0 0
19 23 0 0
1 24 0 0
9 24 0 0
13 24 0 0
16 24 0 0
17 24 0 0
19 24 0 0
20 24 0 0
22 24 0 0
23 24 0 0
1 25 0 0
9 25 0 0
13 25 0 0
18 25 0 0
19 25 0 0
23 25 0 0
24 25 0 0
1 26 0 0
14 26 0 0
15 26 0 0
16 26 0 0
17 26 0 0
20 26 0 0
21 26 0 0
22 26 0 0
24 26 0 0
1 27 0 0
14 27 0 0
15 27 0 0
16 27 0 0
17 27 0 0
20 27 0 0
21 27 0 0
22 27 0 0
26 27 0 0
1 28 0 0
14 28 0 0
15 28 0 0
21 28 0 0
22 28 0 0
26 28 0 0
27 28 0 0
1 29 0 0
14 29 0 0
15 29 0 0
21 29 0 0
22 29 0 0
26 29 0 0
27 29 0 0
28 29 0 0
1 30 0 0
14 30 0 0
15 30 0 0
16 30 0 0
17 30 0 0
20 30 0 0
21 30 0 0
22 30 0 0
26 30 0 0
27 30 0 0
28 30 0 0
29 30 0 0
4 31 0 1
5 31 0 1
6 31 0 1
7 31 0 1
8 31 0 1
3 32 0 1
3 33 0 1
2 34 0 1
2 38 0 1
2 39 0 1
2 40 0 1
2 44 0 1
2 45 0 1
2 46 0 1
3 47 0 1
2 48 0 1
3 49 0 1
3 50 0 1
2 51 0 1
3 53 0 1
2 54 0 1
3 58 0 1
4 60 0 1
3 61 0 1
3 63 0 1
4 66 0 1
5 66 0 1
6 66 0 1
7 66 0 1
8 66 0 1
10 66 0 1
11 66 0 1
12 66 0 1
4 67 0 1
5 67 0 1
6 67 0 1
7 67 0 1
8 67 0 1
12 67 0 1
1 69 0 1
9 69 0 1
15 69 0 1
16 69 0 1
17 69 0 1
20 69 0 1
22 69 0 1
23 69 0 1
24 69 0 1
1 70 0 1
14 70 0 1
15 70 0 1
16 70 0 1
17 70 0 1
20 70 0 1
21 70 0 1
22 70 0 1
26 70 0 1
27 70 0 1
30 70 0 1
1 71 0 1
9 71 0 1
14 71 0 1
15 71 0 1
16 71 0 1
17 71 0 1
20 71 0 1
22 71 0 1
23 71 0 1
24 71 0 1
26 71 0 1
27 71 0 1
30 71 0 1
14 72 0 1
15 72 0 1
17 72 0 1
20 72 0 1
21 72 0 1
22 72 0 1
1 73 0 1
9 73 0 1
15 73 0 1
16 73 0 1
17 73 0 1
20 73 0 1
22 73 0 1
23 73 0 1
24 73 0 1
26 73 0 1
9 75 0 1
16 75 0 1
9 76 0 1
13 76 0 1
19 76 0 1
23 76 0 1
1 77 0 1
4 77 0 1
5 77 0 1
6 77 0 1
7 77 0 1
8 77 0 1
12 77 0 1
18 77 0 1
14 78 0 1
3 82 0 1
4 83 0 1
5 83 0 1
3 84 0 1
3 85 0 1
3 86 0 1
3 87 0 1
2 88 0 1
3 90 0 1
3 91 0 1
2 92 0 1
2 93 0 1
3 96 0 1
2 97 0 1
2 98 0 1
3 99 0 1
3 100 0 1
3 101 0 1
