1 2 0 0
1 3 0 0
2 3 0 0
3 4 0 0
1 5 0 0
2 5 0 0
3 5 0 0
1 6 0 0
2 6 0 0
3 6 0 0
5 6 0 0
1 7 0 0
2 7 0 0
3 7 0 0
5 7 0 0
6 7 0 0
1 8 0 0
3 8 0 0
5 8 0 0
6 8 0 0
7 8 0 0
1 9 0 0
2 9 0 0
10 11 0 0
10 12 0 0
11 12 0 0
2 13 0 0
10 14 0 0
11 14 0 0
12 14 0 0
10 15 0 0
11 15 0 0
12 15 0 0
14 15 0 0
11 16 0 0
12 16 0 0
14 16 0 0
15 16 0 0
2 17 0 0
13 17 0 0
14 18 0 0
15 18 0 0
16 18 0 0
13 19 0 0
17 19 0 0
17 20 0 0
19 20 0 0
10 21 0 0
11 21 0 0
12 21 0 0
14 21 0 0
15 21 0 0
16 21 0 0
18 21 0 0
11 22 0 0
12 22 0 0
14 22 0 0
15 22 0 0
16 22 0 0
18 22 0 0
21 22 0 0
2 23 0 0
13 23 0 0
17 23 0 0
19 23 0 0
20 23 0 0
2 24 0 0
13 24 0 0
17 24 0 0
19 24 0 0
20 24 0 0
23 24 0 0
14 25 0 0
15 25 0 0
16 25 0 0
18 25 0 0
21 25 0 0
22 25 0 0
2 26 0 0
13 26 0 0
17 26 0 0
23 26 0 0
24 26 0 0
10 27 0 0
11 27 0 0
12 27 0 0
14 27 0 0
15 27 0 0
16 27 0 0
18 27 0 0
21 27 0 0
22 27 0 0
25 27 0 0
10 28 0 0
11 28 0 0
12 28 0 0
14 28 0 0
15 28 0 0
16 28 0 0
18 28 0 0
21 28 0 0
22 28 0 0
25 28 0 0
27 28 0 0
10 29 0 0
11 29 0 0
12 29 0 0
14 29 0 0
15 29 0 0
16 29 0 0
18 29 0 0
21 29 0 0
22 29 0 0
25 29 0 0
27 29 0 0
28 29 0 0
2 30 0 0
9 30 0 0
26 30 0 0
3 31 0 0
4 31 0 0
1 32 0 0
2 32 0 0
3 32 0 0
5 32 0 0
6 32 0 0
7 32 0 0
8 32 0 0
1 33 0 1
2 33 0 1
9 33 0 1
28 33 0 1
14 34 0 1
16 34 0 1
19 34 0 1
20 34 0 1
21 34 0 1
22 34 0 1
24 34 0 1
25 34 0 1
28 34 0 1
29 34 0 1
3 35 0 1
4 35 0 1
10 35 0 1
31 35 0 1
1 36 0 1
2 36 0 1
6 36 0 1
9 36 0 1
1 37 0 1
8 37 0 1
11 37 0 1
28 37 0 1
32 37 0 1
8 38 0 1
11 38 0 1
12 38 0 1
16 38 0 1
28 38 0 1
29 38 0 1
2 39 0 1
9 39 0 1
13 39 0 1
24 39 0 1
26 39 0 1
30 39 0 1
11 40 0 1
12 40 0 1
16 40 0 1
28 40 0 1
29 40 0 1
11 41 0 1
14 41 0 1
16 41 0 1
22 41 0 1
25 41 0 1
28 41 0 1
29 41 0 1
16 42 0 1
24 43 0 1
2 44 0 1
13 44 0 1
23 44 0 1
24 44 0 1
26 44 0 1
28 45 0 1
24 46 0 1
24 47 0 1
24 48 0 1
13 49 0 1
17 49 0 1
19 49 0 1
20 49 0 1
23 49 0 1
24 49 0 1
19 50 0 1
20 50 0 1
23 50 0 1
24 50 0 1
15 51 0 1
18 51 0 1
21 51 0 1
22 51 0 1
25 51 0 1
16 52 0 1
18 52 0 1
21 52 0 1
22 52 0 1
25 52 0 1
17 53 0 1
23 53 0 1
26 53 0 1
13 54 0 1
17 54 0 1
19 54 0 1
20 54 0 1
23 54 0 1
24 54 0 1
26 54 0 1
13 55 0 1
17 55 0 1
19 55 0 1
20 55 0 1
23 55 0 1
24 55 0 1
26 55 0 1
14 56 0 1
15 56 0 1
16 56 0 1
18 56 0 1
21 56 0 1
22 56 0 1
25 56 0 1
28 56 0 1
29 56 0 1
14 57 0 1
16 57 0 1
18 57 0 1
21 57 0 1
22 57 0 1
25 57 0 1
28 57 0 1
29 57 0 1
14 58 0 1
16 58 0 1
18 58 0 1
21 58 0 1
22 58 0 1
25 58 0 1
19 59 0 1
20 59 0 1
23 59 0 1
24 59 0 1
13 60 0 1
17 60 0 1
19 60 0 1
20 60 0 1
23 60 0 1
24 60 0 1
26 60 0 1
16 61 0 1
18 61 0 1
21 61 0 1
22 61 0 1
25 61 0 1
18 62 0 1
18 63 0 1
20 72 0 1
20 74 0 1
20 75 0 1
19 78 0 1
20 78 0 1
17 79 0 1
19 79 0 1
20 79 0 1
19 80 0 1
20 80 0 1
17 81 0 1
19 81 0 1
20 81 0 1
19 82 0 1
20 82 0 1
25 83 0 1
17 84 0 1
17 85 0 1
19 85 0 1
20 85 0 1
23 85 0 1
18 86 0 1
21 86 0 1
22 86 0 1
25 86 0 1
13 87 0 1
17 87 0 1
19 87 0 1
20 87 0 1
23 87 0 1
24 87 0 1
14 88 0 1
16 88 0 1
18 88 0 1
21 88 0 1
22 88 0 1
25 88 0 1
17 89 0 1
19 89 0 1
20 89 0 1
23 89 0 1
24 89 0 1
17 90 0 1
19 90 0 1
