1 3 0 0
1 4 0 0
1 5 0 0
4 5 0 0
1 6 0 0
4 6 0 0
5 6 0 0
1 7 0 0
2 7 0 0
4 7 0 0
5 7 0 0
6 7 0 0
1 8 0 0
4 8 0 0
5 8 0 0
6 8 0 0
7 8 0 0
1 9 0 0
4 9 0 0
5 9 0 0
6 9 0 0
7 9 0 0
8 9 0 0
1 10 0 0
4 10 0 0
5 10 0 0
6 10 0 0
7 10 0 0
8 10 0 0
9 10 0 0
1 11 0 0
4 11 0 0
5 11 0 0
6 11 0 0
7 11 0 0
8 11 0 0
9 11 0 0
10 11 0 0
1 12 0 0
4 12 0 0
5 12 0 0
6 12 0 0
7 12 0 0
8 12 0 0
9 12 0 0
10 12 0 0
11 12 0 0
1 13 0 0
4 13 0 0
5 13 0 0
6 13 0 0
8 13 0 0
9 13 0 0
10 13 0 0
11 13 0 0
12 13 0 0
2 15 0 0
14 15 0 0
2 16 0 0
15 16 0 0
2 17 0 0
5 17 0 0
6 17 0 0
7 17 0 0
8 17 0 0
9 17 0 0
10 17 0 0
11 17 0 0
2 18 0 0
16 18 0 0
2 19 0 0
15 19 0 0
16 19 0 0
18 19 0 0
5 20 0 0
6 20 0 0
7 20 0 0
8 20 0 0
9 20 0 0
11 20 0 0
17 20 0 0
2 21 0 0
15 21 0 0
16 21 0 0
18 21 0 0
19 21 0 0
2 22 0 0
7 22 0 0
17 22 0 0
5 23 0 0
6 23 0 0
8 23 0 0
11 23 0 0
17 23 0 0
20 23 0 0
8 24 0 0
11 24 0 0
17 24 0 0
20 24 0 0
23 24 0 0
2 25 0 0
2 26 0 0
25 26 0 0
2 27 0 0
25 27 0 0
26 27 0 0
2 28 0 0
22 28 0 0
25 28 0 0
26 28 0 0
27 28 0 0
2 29 0 0
15 29 0 0
16 29 0 0
18 29 0 0
19 29 0 0
21 29 0 0
2 30 0 0
22 30 0 0
25 30 0 0
26 30 0 0
27 30 0 0
28 30 0 0
5 31 0 0
6 31 0 0
7 31 0 0
8 31 0 0
11 31 0 0
17 31 0 0
20 31 0 0
23 31 0 0
24 31 0 0
2 32 0 0
15 32 0 0
16 32 0 0
18 32 0 0
19 32 0 0
21 32 0 0
29 32 0 0
2 33 0 0
15 33 0 0
16 33 0 0
18 33 0 0
19 33 0 0
21 33 0 0
29 33 0 0
32 33 0 0
2 34 0 0
15 34 0 0
16 34 0 0
18 34 0 0
19 34 0 0
21 34 0 0
29 34 0 0
32 34 0 0
33 34 0 0
4 35 0 0
5 35 0 0
6 35 0 0
8 35 0 0
9 35 0 0
10 35 0 0
11 35 0 0
13 35 0 0
17 35 0 0
20 35 0 0
23 35 0 0
24 35 0 0
31 35 0 0
2 36 0 0
16 36 0 0
18 36 0 0
19 36 0 0
21 36 0 0
22 36 0 0
33 36 0 0
1 37 0 0
4 37 0 0
5 37 0 0
6 37 0 0
7 37 0 0
8 37 0 0
9 37 0 0
10 37 0 0
11 37 0 0
12 37 0 0
13 37 0 0
17 37 0 0
20 37 0 0
23 37 0 0
24 37 0 0
31 37 0 0
35 37 0 0
1 38 0 0
2 38 0 0
5 38 0 0
6 38 0 0
7 38 0 0
8 38 0 0
9 38 0 0
10 38 0 0
11 38 0 0
17 38 0 0
20 38 0 0
22 38 0 0
23 38 0 0
24 38 0 0
31 38 0 0
35 38 0 0
37 38 0 0
2 39 0 0
16 39 0 0
18 39 0 0
19 39 0 0
21 39 0 0
22 39 0 0
33 39 0 0
36 39 0 0
2 40 0 1
15 40 0 1
29 40 0 1
32 40 0 1
33 40 0 1
34 40 0 1
1 41 0 1
3 41 0 1
1 42 0 1
3 42 0 1
1 44 0 1
3 44 0 1
1 50 0 1
3 50 0 1
4 50 0 1
12 50 0 1
13 50 0 1
7 51 0 1
1 54 0 1
7 54 0 1
10 54 0 1
12 54 0 1
13 54 0 1
1 57 0 1
2 57 0 1
7 57 0 1
1 60 0 1
2 60 0 1
4 60 0 1
5 60 0 1
6 60 0 1
7 60 0 1
8 60 0 1
9 60 0 1
10 60 0 1
11 60 0 1
12 60 0 1
13 60 0 1
17 60 0 1
35 60 0 1
37 60 0 1
38 60 0 1
14 61 0 1
2 62 0 1
7 62 0 1
36 62 0 1
2 63 0 1
16 63 0 1
36 63 0 1
39 63 0 1
2 64 0 1
7 64 0 1
36 64 0 1
39 64 0 1
2 65 0 1
16 65 0 1
18 65 0 1
36 65 0 1
39 65 0 1
2 66 0 1
16 66 0 1
18 66 0 1
19 66 0 1
21 66 0 1
36 66 0 1
39 66 0 1
14 67 0 1
2 68 0 1
15 68 0 1
16 68 0 1
18 68 0 1
19 68 0 1
21 68 0 1
29 68 0 1
32 68 0 1
33 68 0 1
34 68 0 1
36 68 0 1
39 68 0 1
6 69 0 1
8 69 0 1
11 69 0 1
17 69 0 1
20 69 0 1
23 69 0 1
24 69 0 1
31 69 0 1
35 69 0 1
37 69 0 1
38 69 0 1
14 70 0 1
15 70 0 1
29 70 0 1
32 70 0 1
2 71 0 1
17 71 0 1
20 71 0 1
22 71 0 1
23 71 0 1
24 71 0 1
31 71 0 1
35 71 0 1
37 71 0 1
38 71 0 1
17 72 0 1
20 72 0 1
23 72 0 1
24 72 0 1
31 72 0 1
35 72 0 1
37 72 0 1
38 72 0 1
17 73 0 1
20 73 0 1
23 73 0 1
24 73 0 1
31 73 0 1
37 73 0 1
38 73 0 1
14 74 0 1
15 74 0 1
29 74 0 1
32 74 0 1
34 74 0 1
2 75 0 1
15 75 0 1
21 75 0 1
29 75 0 1
32 75 0 1
33 75 0 1
34 75 0 1
2 76 0 1
15 76 0 1
19 76 0 1
21 76 0 1
29 76 0 1
32 76 0 1
33 76 0 1
34 76 0 1
2 78 0 1
16 78 0 1
18 78 0 1
19 78 0 1
21 78 0 1
33 78 0 1
36 78 0 1
39 78 0 1
14 79 0 1
15 79 0 1
16 79 0 1
19 79 0 1
21 79 0 1
32 79 0 1
24 80 0 1
2 81 0 1
25 81 0 1
26 81 0 1
27 81 0 1
28 81 0 1
30 81 0 1
2 82 0 1
25 82 0 1
26 82 0 1
27 82 0 1
28 82 0 1
30 82 0 1
2 83 0 1
26 83 0 1
27 83 0 1
28 83 0 1
29 83 0 1
33 83 0 1
2 84 0 1
15 84 0 1
21 84 0 1
29 84 0 1
32 84 0 1
33 84 0 1
34 84 0 1
29 85 0 1
2 86 0 1
15 86 0 1
29 86 0 1
32 86 0 1
33 86 0 1
34 86 0 1
2 87 0 1
29 87 0 1
32 87 0 1
34 87 0 1
14 90 0 1
1 91 0 1
2 91 0 1
7 91 0 1
10 91 0 1
14 92 0 1
1 93 0 1
2 93 0 1
4 93 0 1
5 93 0 1
7 93 0 1
9 93 0 1
10 93 0 1
11 93 0 1
12 93 0 1
37 93 0 1
38 93 0 1
2 94 0 1
7 94 0 1
36 94 0 1
1 95 0 1
3 95 0 1
12 95 0 1
13 95 0 1
