1 2 0 0
2 3 0 0
2 4 0 0
3 4 0 0
2 5 0 0
3 5 0 0
4 5 0 0
2 6 0 0
3 6 0 0
4 6 0 0
5 6 0 0
3 7 0 0
4 7 0 0
5 7 0 0
2 8 0 0
4 8 0 0
5 8 0 0
6 8 0 0
2 9 0 0
1 10 0 0
2 10 0 0
9 10 0 0
1 11 0 0
1 12 0 0
2 12 0 0
11 12 0 0
1 13 0 0
2 13 0 0
9 13 0 0
10 13 0 0
11 13 0 0
12 13 0 0
1 14 0 0
11 14 0 0
12 14 0 0
13 14 0 0
1 15 0 0
11 15 0 0
12 15 0 0
13 15 0 0
14 15 0 0
1 16 0 0
15 16 0 0
1 17 0 0
15 17 0 0
16 17 0 0
1 18 0 0
11 18 0 0
12 18 0 0
13 18 0 0
14 18 0 0
15 18 0 0
16 18 0 0
17 18 0 0
1 19 0 0
11 19 0 0
12 19 0 0
13 19 0 0
14 19 0 0
15 19 0 0
16 19 0 0
17 19 0 0
18 19 0 0
1 20 0 0
15 20 0 0
16 20 0 0
17 20 0 0
18 20 0 0
19 20 0 0
1 21 0 0
11 21 0 0
14 21 0 0
15 21 0 0
16 21 0 0
17 21 0 0
18 21 0 0
19 21 0 0
20 21 0 0
1 22 0 0
2 22 0 0
17 22 0 0
18 22 0 0
19 22 0 0
21 22 0 0
1 23 0 0
2 23 0 0
10 23 0 0
11 23 0 0
12 23 0 0
13 23 0 0
14 23 0 0
15 23 0 0
17 23 0 0
18 23 0 0
19 23 0 0
21 23 0 0
22 23 0 0
1 24 0 0
2 24 0 0
10 24 0 0
11 24 0 0
12 24 0 0
13 24 0 0
14 24 0 0
15 24 0 0
22 24 0 0
23 24 0 0
1 25 0 0
2 25 0 0
9 25 0 0
10 25 0 0
11 25 0 0
12 25 0 0
13 25 0 0
14 25 0 0
15 25 0 0
23 25 0 0
24 25 0 0
1 26 0 0
2 26 0 0
10 26 0 0
11 26 0 0
12 26 0 0
13 26 0 0
14 26 0 0
15 26 0 0
18 26 0 0
19 26 0 0
22 26 0 0
23 26 0 0
24 26 0 0
25 26 0 0
1 27 0 0
2 27 0 0
22 27 0 0
23 27 0 0
1 28 0 0
2 28 0 0
22 28 0 0
23 28 0 0
24 28 0 0
26 28 0 0
27 28 0 0
1 29 0 0
2 29 0 0
9 29 0 0
10 29 0 0
11 29 0 0
12 29 0 0
13 29 0 0
23 29 0 0
24 29 0 0
25 29 0 0
26 29 0 0
1 30 0 0
2 30 0 0
9 30 0 0
10 30 0 0
11 30 0 0
12 30 0 0
13 30 0 0
14 30 0 0
22 30 0 0
23 30 0 0
24 30 0 0
25 30 0 0
26 30 0 0
27 30 0 0
28 30 0 0
29 30 0 0
1 31 0 0
2 31 0 0
9 31 0 0
10 31 0 0
11 31 0 0
12 31 0 0
13 31 0 0
14 31 0 0
23 31 0 0
24 31 0 0
25 31 0 0
26 31 0 0
29 31 0 0
30 31 0 0
1 32 0 0
2 32 0 0
5 32 0 0
8 32 0 0
9 32 0 0
10 32 0 0
24 32 0 0
28 32 0 0
29 32 0 0
30 32 0 0
31 32 0 0
1 33 0 0
2 33 0 0
8 33 0 0
9 33 0 0
10 33 0 0
24 33 0 0
25 33 0 0
29 33 0 0
30 33 0 0
31 33 0 0
32 33 0 0
1 34 0 0
2 34 0 0
8 34 0 0
9 34 0 0
10 34 0 0
23 34 0 0
24 34 0 0
26 34 0 0
28 34 0 0
29 34 0 0
30 34 0 0
31 34 0 0
32 34 0 0
33 34 0 0
1 35 0 0
2 35 0 0
8 35 0 0
9 35 0 0
10 35 0 0
13 35 0 0
23 35 0 0
24 35 0 0
25 35 0 0
26 35 0 0
29 35 0 0
30 35 0 0
31 35 0 0
32 35 0 0
33 35 0 0
34 35 0 0
2 36 0 0
5 36 0 0
6 36 0 0
8 36 0 0
9 36 0 0
10 36 0 0
32 36 0 0
33 36 0 0
34 36 0 0
35 36 0 0
2 37 0 0
5 37 0 0
6 37 0 0
8 37 0 0
9 37 0 0
10 37 0 0
32 37 0 0
33 37 0 0
34 37 0 0
35 37 0 0
36 37 0 0
2 38 0 0
5 38 0 0
6 38 0 0
8 38 0 0
9 38 0 0
10 38 0 0
29 38 0 0
30 38 0 0
32 38 0 0
33 38 0 0
34 38 0 0
35 38 0 0
36 38 0 0
37 38 0 0
2 39 0 0
5 39 0 0
6 39 0 0
8 39 0 0
9 39 0 0
10 39 0 0
30 39 0 0
32 39 0 0
33 39 0 0
34 39 0 0
35 39 0 0
36 39 0 0
37 39 0 0
38 39 0 0
7 41 0 1
7 44 0 1
9 48 0 1
29 48 0 1
11 59 0 1
12 59 0 1
14 59 0 1
15 59 0 1
15 64 0 1
16 64 0 1
17 64 0 1
18 64 0 1
19 64 0 1
20 64 0 1
21 64 0 1
16 65 0 1
15 66 0 1
11 70 0 1
12 70 0 1
14 70 0 1
15 70 0 1
19 70 0 1
14 73 0 1
15 73 0 1
