2 3 0 0
2 4 0 0
3 4 0 0
2 5 0 0
3 5 0 0
4 5 0 0
2 6 0 0
3 6 0 0
4 6 0 0
5 6 0 0
2 7 0 0
3 7 0 0
2 8 0 0
3 8 0 0
4 8 0 0
5 8 0 0
6 8 0 0
2 9 0 0
4 9 0 0
5 9 0 0
8 9 0 0
2 10 0 0
3 10 0 0
4 10 0 0
5 10 0 0
6 10 0 0
8 10 0 0
9 10 0 0
2 11 0 0
3 11 0 0
4 11 0 0
5 11 0 0
6 11 0 0
7 11 0 0
8 11 0 0
10 11 0 0
2 12 0 0
3 12 0 0
5 12 0 0
6 12 0 0
8 12 0 0
10 12 0 0
11 12 0 0
2 13 0 0
4 13 0 0
5 13 0 0
6 13 0 0
8 13 0 0
9 13 0 0
10 13 0 0
11 13 0 0
12 13 0 0
2 14 0 0
3 14 0 0
4 14 0 0
5 14 0 0
6 14 0 0
8 14 0 0
10 14 0 0
11 14 0 0
12 14 0 0
13 14 0 0
2 15 0 0
3 15 0 0
4 15 0 0
5 15 0 0
6 15 0 0
8 15 0 0
9 15 0 0
10 15 0 0
11 15 0 0
12 15 0 0
13 15 0 0
14 15 0 0
2 16 0 0
7 16 0 0
12 16 0 0
2 17 0 0
3 17 0 0
6 17 0 0
7 17 0 0
8 17 0 0
11 17 0 0
12 17 0 0
14 17 0 0
16 17 0 0
2 18 0 0
3 18 0 0
4 18 0 0
5 18 0 0
6 18 0 0
8 18 0 0
9 18 0 0
10 18 0 0
11 18 0 0
12 18 0 0
13 18 0 0
14 18 0 0
15 18 0 0
2 19 0 0
3 19 0 0
4 19 0 0
5 19 0 0
6 19 0 0
8 19 0 0
9 19 0 0
10 19 0 0
11 19 0 0
12 19 0 0
13 19 0 0
14 19 0 0
15 19 0 0
17 19 0 0
18 19 0 0
2 20 0 0
3 20 0 0
4 20 0 0
5 20 0 0
6 20 0 0
8 20 0 0
10 20 0 0
11 20 0 0
12 20 0 0
13 20 0 0
14 20 0 0
15 20 0 0
16 20 0 0
17 20 0 0
18 20 0 0
19 20 0 0
2 21 0 0
4 21 0 0
5 21 0 0
8 21 0 0
9 21 0 0
10 21 0 0
12 21 0 0
13 21 0 0
14 21 0 0
15 21 0 0
18 21 0 0
19 21 0 0
20 21 0 0
2 22 0 0
7 22 0 0
16 22 0 0
17 22 0 0
2 23 0 0
4 23 0 0
5 23 0 0
8 23 0 0
9 23 0 0
10 23 0 0
12 23 0 0
13 23 0 0
14 23 0 0
15 23 0 0
18 23 0 0
19 23 0 0
20 23 0 0
21 23 0 0
1 24 0 0
1 25 0 0
22 25 0 0
24 25 0 0
2 26 0 0
12 26 0 0
16 26 0 0
17 26 0 0
22 26 0 0
2 27 0 0
7 27 0 0
16 27 0 0
17 27 0 0
22 27 0 0
25 27 0 0
26 27 0 0
1 28 0 0
24 28 0 0
1 29 0 0
22 29 0 0
25 29 0 0
26 29 0 0
27 29 0 0
2 30 0 0
2 31 0 0
26 31 0 0
27 31 0 0
29 31 0 0
30 31 0 0
1 32 0 0
25 32 0 0
29 32 0 0
31 32 0 0
1 33 0 0
29 33 0 0
31 33 0 0
32 33 0 0
2 34 0 0
30 34 0 0
31 34 0 0
1 35 0 0
24 35 0 0
28 35 0 0
1 36 0 0
24 36 0 0
28 36 0 0
35 36 0 0
2 37 0 0
22 37 0 0
26 37 0 0
27 37 0 0
30 37 0 0
31 37 0 0
34 37 0 0
1 38 0 0
24 38 0 0
25 38 0 0
28 38 0 0
29 38 0 0
32 38 0 0
33 38 0 0
35 38 0 0
36 38 0 0
1 39 0 0
25 39 0 0
29 39 0 0
32 39 0 0
33 39 0 0
36 39 0 0
38 39 0 0
2 40 0 0
26 40 0 0
27 40 0 0
30 40 0 0
31 40 0 0
33 40 0 0
34 40 0 0
37 40 0 0
2 41 0 0
30 41 0 0
31 41 0 0
34 41 0 0
37 41 0 0
40 41 0 0
1 42 0 0
24 42 0 0
28 42 0 0
35 42 0 0
36 42 0 0
38 42 0 0
1 43 0 0
22 43 0 0
25 43 0 0
27 43 0 0
29 43 0 0
31 43 0 0
32 43 0 0
33 43 0 0
38 43 0 0
39 43 0 0
1 44 0 0
22 44 0 0
25 44 0 0
27 44 0 0
29 44 0 0
32 44 0 0
33 44 0 0
38 44 0 0
39 44 0 0
43 44 0 0
1 45 0 0
24 45 0 0
25 45 0 0
28 45 0 0
29 45 0 0
32 45 0 0
35 45 0 0
36 45 0 0
38 45 0 0
39 45 0 0
42 45 0 0
43 45 0 0
44 45 0 0
1 46 0 0
24 46 0 0
28 46 0 0
35 46 0 0
36 46 0 0
38 46 0 0
42 46 0 0
45 46 0 0
1 47 0 0
24 47 0 0
28 47 0 0
35 47 0 0
36 47 0 0
38 47 0 0
42 47 0 0
45 47 0 0
46 47 0 0
3 48 0 1
6 48 0 1
8 48 0 1
3 57 0 1
6 57 0 1
3 59 0 1
3 60 0 1
6 60 0 1
7 60 0 1
7 63 0 1
16 63 0 1
22 63 0 1
25 63 0 1
27 63 0 1
43 63 0 1
44 63 0 1
45 63 0 1
24 64 0 1
25 64 0 1
43 64 0 1
44 64 0 1
45 64 0 1
24 65 0 1
28 65 0 1
35 65 0 1
42 65 0 1
45 65 0 1
46 65 0 1
47 65 0 1
3 70 0 1
6 70 0 1
7 70 0 1
11 70 0 1
17 70 0 1
7 72 0 1
3 73 0 1
6 73 0 1
3 76 0 1
4 76 0 1
5 76 0 1
6 76 0 1
8 76 0 1
