1 2 0 0
3 4 0 0
4 5 0 0
1 6 0 0
5 6 0 0
1 7 0 0
6 7 0 0
3 8 0 0
4 8 0 0
5 8 0 0
1 9 0 0
2 9 0 0
6 9 0 0
7 9 0 0
1 10 0 0
2 10 0 0
6 10 0 0
7 10 0 0
9 10 0 0
1 11 0 0
6 11 0 0
7 11 0 0
9 11 0 0
10 11 0 0
5 12 0 0
6 12 0 0
7 12 0 0
8 12 0 0
11 12 0 0
3 13 0 0
4 13 0 0
5 13 0 0
8 13 0 0
1 14 0 0
2 14 0 0
6 14 0 0
7 14 0 0
9 14 0 0
10 14 0 0
11 14 0 0
1 15 0 0
2 15 0 0
9 15 0 0
10 15 0 0
14 15 0 0
1 16 0 0
6 16 0 0
7 16 0 0
9 16 0 0
10 16 0 0
11 16 0 0
12 16 0 0
14 16 0 0
15 16 0 0
1 17 0 0
2 17 0 0
6 17 0 0
7 17 0 0
9 17 0 0
10 17 0 0
11 17 0 0
14 17 0 0
15 17 0 0
16 17 0 0
3 18 0 0
4 18 0 0
8 18 0 0
13 18 0 0
5 19 0 0
6 19 0 0
7 19 0 0
8 19 0 0
11 19 0 0
12 19 0 0
16 19 0 0
1 20 0 0
6 20 0 0
7 20 0 0
9 20 0 0
10 20 0 0
11 20 0 0
12 20 0 0
14 20 0 0
16 20 0 0
17 20 0 0
19 20 0 0
1 21 0 0
5 21 0 0
6 21 0 0
7 21 0 0
8 21 0 0
11 21 0 0
12 21 0 0
16 21 0 0
19 21 0 0
20 21 0 0
1 22 0 0
6 22 0 0
7 22 0 0
9 22 0 0
10 22 0 0
11 22 0 0
12 22 0 0
16 22 0 0
17 22 0 0
19 22 0 0
20 22 0 0
21 22 0 0
1 23 0 0
2 23 0 0
10 23 0 0
14 23 0 0
15 23 0 0
17 23 0 0
3 24 0 0
4 24 0 0
13 24 0 0
18 24 0 0
3 25 0 0
4 25 0 0
5 25 0 0
8 25 0 0
13 25 0 0
18 25 0 0
24 25 0 0
5 26 0 0
8 26 0 0
12 26 0 0
13 26 0 0
19 26 0 0
21 26 0 0
24 26 0 0
25 26 0 0
5 27 0 0
6 27 0 0
8 27 0 0
12 27 0 0
13 27 0 0
19 27 0 0
21 27 0 0
22 27 0 0
25 27 0 0
26 27 0 0
1 28 0 0
6 28 0 0
7 28 0 0
9 28 0 0
10 28 0 0
11 28 0 0
12 28 0 0
16 28 0 0
17 28 0 0
19 28 0 0
20 28 0 0
21 28 0 0
22 28 0 0
27 28 0 0
1 29 0 0
2 29 0 0
9 29 0 0
10 29 0 0
14 29 0 0
15 29 0 0
16 29 0 0
17 29 0 0
23 29 0 0
3 30 0 0
4 30 0 0
13 30 0 0
18 30 0 0
24 30 0 0
25 30 0 0
1 31 0 0
2 31 0 0
6 31 0 0
7 31 0 0
9 31 0 0
10 31 0 0
11 31 0 0
14 31 0 0
15 31 0 0
16 31 0 0
17 31 0 0
20 31 0 0
22 31 0 0
23 31 0 0
28 31 0 0
29 31 0 0
1 32 0 0
6 32 0 0
7 32 0 0
9 32 0 0
10 32 0 0
11 32 0 0
12 32 0 0
16 32 0 0
17 32 0 0
19 32 0 0
20 32 0 0
21 32 0 0
22 32 0 0
27 32 0 0
28 32 0 0
31 32 0 0
3 33 0 0
4 33 0 0
13 33 0 0
18 33 0 0
24 33 0 0
25 33 0 0
30 33 0 0
3 34 0 0
4 34 0 0
5 34 0 0
8 34 0 0
13 34 0 0
18 34 0 0
24 34 0 0
25 34 0 0
26 34 0 0
30 34 0 0
33 34 0 0
3 35 0 0
4 35 0 0
18 35 0 0
24 35 0 0
25 35 0 0
30 35 0 0
33 35 0 0
34 35 0 0
3 36 0 0
4 36 0 0
13 36 0 0
18 36 0 0
24 36 0 0
25 36 0 0
30 36 0 0
33 36 0 0
34 36 0 0
35 36 0 0
3 37 0 0
4 37 0 0
5 37 0 0
8 37 0 0
13 37 0 0
18 37 0 0
24 37 0 0
25 37 0 0
26 37 0 0
30 37 0 0
33 37 0 0
34 37 0 0
35 37 0 0
36 37 0 0
5 38 0 0
6 38 0 0
8 38 0 0
11 38 0 0
12 38 0 0
19 38 0 0
20 38 0 0
21 38 0 0
22 38 0 0
26 38 0 0
27 38 0 0
28 38 0 0
32 38 0 0
1 39 0 0
2 39 0 0
9 39 0 0
10 39 0 0
14 39 0 0
15 39 0 0
16 39 0 0
17 39 0 0
23 39 0 0
29 39 0 0
31 39 0 0
1 40 0 0
2 40 0 0
10 40 0 0
14 40 0 0
15 40 0 0
17 40 0 0
23 40 0 0
29 40 0 0
31 40 0 0
39 40 0 0
5 41 0 0
6 41 0 0
8 41 0 0
12 41 0 0
13 41 0 0
19 41 0 0
21 41 0 0
22 41 0 0
25 41 0 0
26 41 0 0
27 41 0 0
32 41 0 0
37 41 0 0
38 41 0 0
1 42 0 0
6 42 0 0
7 42 0 0
9 42 0 0
11 42 0 0
12 42 0 0
16 42 0 0
17 42 0 0
19 42 0 0
20 42 0 0
21 42 0 0
22 42 0 0
27 42 0 0
28 42 0 0
31 42 0 0
32 42 0 0
38 42 0 0
41 42 0 0
24 43 0 0
30 43 0 0
33 43 0 0
34 43 0 0
35 43 0 0
36 43 0 0
1 44 0 0
23 44 0 0
29 44 0 0
39 44 0 0
40 44 0 0
1 45 0 0
21 45 0 0
22 45 0 0
28 45 0 0
42 45 0 0
1 46 0 0
23 46 0 0
39 46 0 0
40 46 0 0
44 46 0 0
45 46 0 0
24 47 0 0
25 47 0 0
30 47 0 0
36 47 0 0
43 47 0 0
1 48 0 0
21 48 0 0
22 48 0 0
26 48 0 0
27 48 0 0
28 48 0 0
38 48 0 0
41 48 0 0
42 48 0 0
45 48 0 0
1 49 0 0
21 49 0 0
22 49 0 0
27 49 0 0
28 49 0 0
42 49 0 0
45 49 0 0
48 49 0 0
21 50 0 0
25 50 0 0
26 50 0 0
27 50 0 0
38 50 0 0
41 50 0 0
48 50 0 0
49 50 0 0
24 51 0 0
30 51 0 0
33 51 0 0
35 51 0 0
36 51 0 0
43 51 0 0
47 51 0 0
24 52 0 0
25 52 0 0
30 52 0 0
33 52 0 0
34 52 0 0
35 52 0 0
36 52 0 0
37 52 0 0
43 52 0 0
47 52 0 0
51 52 0 0
18 53 0 0
24 53 0 0
25 53 0 0
30 53 0 0
33 53 0 0
34 53 0 0
35 53 0 0
36 53 0 0
37 53 0 0
43 53 0 0
47 53 0 0
51 53 0 0
52 53 0 0
1 54 0 0
12 54 0 0
21 54 0 0
22 54 0 0
27 54 0 0
28 54 0 0
32 54 0 0
38 54 0 0
41 54 0 0
42 54 0 0
45 54 0 0
48 54 0 0
49 54 0 0
50 54 0 0
1 55 0 0
10 55 0 0
16 55 0 0
22 55 0 0
23 55 0 0
28 55 0 0
29 55 0 0
31 55 0 0
39 55 0 0
40 55 0 0
44 55 0 0
45 55 0 0
46 55 0 0
1 56 0 0
10 56 0 0
11 56 0 0
16 56 0 0
22 56 0 0
23 56 0 0
28 56 0 0
31 56 0 0
39 56 0 0
40 56 0 0
42 56 0 0
44 56 0 0
45 56 0 0
46 56 0 0
49 56 0 0
54 56 0 0
55 56 0 0
1 57 0 0
12 57 0 0
19 57 0 0
21 57 0 0
22 57 0 0
26 57 0 0
27 57 0 0
28 57 0 0
32 57 0 0
38 57 0 0
41 57 0 0
42 57 0 0
45 57 0 0
48 57 0 0
49 57 0 0
50 57 0 0
54 57 0 0
56 57 0 0
12 58 0 0
21 58 0 0
25 58 0 0
26 58 0 0
27 58 0 0
38 58 0 0
41 58 0 0
42 58 0 0
45 58 0 0
48 58 0 0
49 58 0 0
50 58 0 0
54 58 0 0
57 58 0 0
1 59 0 0
23 59 0 0
29 59 0 0
39 59 0 0
40 59 0 0
44 59 0 0
46 59 0 0
55 59 0 0
56 59 0 0
1 60 0 0
21 60 0 0
22 60 0 0
28 60 0 0
32 60 0 0
38 60 0 0
42 60 0 0
45 60 0 0
48 60 0 0
49 60 0 0
50 60 0 0
54 60 0 0
55 60 0 0
56 60 0 0
57 60 0 0
58 60 0 0
24 61 0 0
30 61 0 0
33 61 0 0
35 61 0 0
36 61 0 0
43 61 0 0
47 61 0 0
51 61 0 0
52 61 0 0
53 61 0 0
24 62 0 0
25 62 0 0
30 62 0 0
34 62 0 0
36 62 0 0
37 62 0 0
43 62 0 0
47 62 0 0
51 62 0 0
52 62 0 0
53 62 0 0
61 62 0 0
21 63 0 0
25 63 0 0
26 63 0 0
27 63 0 0
38 63 0 0
41 63 0 0
48 63 0 0
49 63 0 0
50 63 0 0
54 63 0 0
57 63 0 0
58 63 0 0
1 64 0 0
23 64 0 0
39 64 0 0
40 64 0 0
44 64 0 0
45 64 0 0
46 64 0 0
55 64 0 0
56 64 0 0
59 64 0 0
60 64 0 0
21 65 0 0
22 65 0 0
26 65 0 0
27 65 0 0
28 65 0 0
38 65 0 0
41 65 0 0
42 65 0 0
45 65 0 0
48 65 0 0
49 65 0 0
50 65 0 0
54 65 0 0
57 65 0 0
58 65 0 0
60 65 0 0
63 65 0 0
1 66 0 0
10 66 0 0
14 66 0 0
23 66 0 0
29 66 0 0
31 66 0 0
39 66 0 0
40 66 0 0
44 66 0 0
46 66 0 0
55 66 0 0
56 66 0 0
59 66 0 0
64 66 0 0
1 67 0 0
10 67 0 0
11 67 0 0
14 67 0 0
16 67 0 0
17 67 0 0
22 67 0 0
23 67 0 0
28 67 0 0
29 67 0 0
31 67 0 0
39 67 0 0
40 67 0 0
42 67 0 0
44 67 0 0
45 67 0 0
46 67 0 0
49 67 0 0
54 67 0 0
55 67 0 0
56 67 0 0
59 67 0 0
60 67 0 0
64 67 0 0
66 67 0 0
12 68 0 0
19 68 0 0
21 68 0 0
22 68 0 0
26 68 0 0
27 68 0 0
28 68 0 0
32 68 0 0
38 68 0 0
41 68 0 0
42 68 0 0
45 68 0 0
48 68 0 0
49 68 0 0
50 68 0 0
54 68 0 0
57 68 0 0
58 68 0 0
60 68 0 0
63 68 0 0
65 68 0 0
13 69 0 0
24 69 0 0
25 69 0 0
26 69 0 0
30 69 0 0
33 69 0 0
34 69 0 0
36 69 0 0
37 69 0 0
43 69 0 0
47 69 0 0
50 69 0 0
51 69 0 0
52 69 0 0
53 69 0 0
61 69 0 0
62 69 0 0
63 69 0 0
13 70 0 0
24 70 0 0
25 70 0 0
26 70 0 0
27 70 0 0
30 70 0 0
33 70 0 0
34 70 0 0
36 70 0 0
37 70 0 0
41 70 0 0
43 70 0 0
47 70 0 0
50 70 0 0
51 70 0 0
52 70 0 0
53 70 0 0
58 70 0 0
61 70 0 0
62 70 0 0
63 70 0 0
68 70 0 0
69 70 0 0
18 71 0 0
24 71 0 0
25 71 0 0
30 71 0 0
33 71 0 0
34 71 0 0
35 71 0 0
36 71 0 0
37 71 0 0
43 71 0 0
47 71 0 0
51 71 0 0
52 71 0 0
53 71 0 0
61 71 0 0
62 71 0 0
69 71 0 0
70 71 0 0
1 72 0 0
6 72 0 0
7 72 0 0
11 72 0 0
12 72 0 0
16 72 0 0
19 72 0 0
20 72 0 0
21 72 0 0
22 72 0 0
27 72 0 0
28 72 0 0
31 72 0 0
32 72 0 0
38 72 0 0
41 72 0 0
42 72 0 0
45 72 0 0
48 72 0 0
49 72 0 0
50 72 0 0
54 72 0 0
55 72 0 0
56 72 0 0
57 72 0 0
58 72 0 0
60 72 0 0
65 72 0 0
67 72 0 0
68 72 0 0
3 73 0 0
4 73 0 0
13 73 0 0
18 73 0 0
24 73 0 0
25 73 0 0
26 73 0 0
30 73 0 0
33 73 0 0
34 73 0 0
35 73 0 0
36 73 0 0
37 73 0 0
43 73 0 0
47 73 0 0
51 73 0 0
52 73 0 0
53 73 0 0
61 73 0 0
62 73 0 0
69 73 0 0
70 73 0 0
71 73 0 0
3 74 0 0
4 74 0 0
13 74 0 0
18 74 0 0
24 74 0 0
25 74 0 0
30 74 0 0
33 74 0 0
34 74 0 0
35 74 0 0
36 74 0 0
37 74 0 0
43 74 0 0
47 74 0 0
51 74 0 0
52 74 0 0
53 74 0 0
61 74 0 0
62 74 0 0
69 74 0 0
70 74 0 0
71 74 0 0
73 74 0 0
4 75 0 0
5 75 0 0
8 75 0 0
13 75 0 0
18 75 0 0
24 75 0 0
25 75 0 0
26 75 0 0
27 75 0 0
30 75 0 0
34 75 0 0
37 75 0 0
38 75 0 0
41 75 0 0
47 75 0 0
50 75 0 0
52 75 0 0
58 75 0 0
62 75 0 0
63 75 0 0
68 75 0 0
69 75 0 0
70 75 0 0
73 75 0 0
74 75 0 0
4 76 0 0
13 76 0 0
18 76 0 0
24 76 0 0
25 76 0 0
26 76 0 0
30 76 0 0
33 76 0 0
34 76 0 0
35 76 0 0
36 76 0 0
37 76 0 0
43 76 0 0
47 76 0 0
50 76 0 0
51 76 0 0
52 76 0 0
53 76 0 0
61 76 0 0
62 76 0 0
63 76 0 0
69 76 0 0
70 76 0 0
71 76 0 0
73 76 0 0
74 76 0 0
75 76 0 0
8 77 0 0
13 77 0 0
18 77 0 0
24 77 0 0
25 77 0 0
26 77 0 0
27 77 0 0
30 77 0 0
34 77 0 0
36 77 0 0
37 77 0 0
41 77 0 0
47 77 0 0
50 77 0 0
52 77 0 0
53 77 0 0
58 77 0 0
62 77 0 0
63 77 0 0
68 77 0 0
69 77 0 0
70 77 0 0
73 77 0 0
74 77 0 0
75 77 0 0
76 77 0 0
1 78 0 0
6 78 0 0
7 78 0 0
9 78 0 0
10 78 0 0
11 78 0 0
12 78 0 0
14 78 0 0
16 78 0 0
17 78 0 0
19 78 0 0
20 78 0 0
21 78 0 0
22 78 0 0
23 78 0 0
28 78 0 0
29 78 0 0
31 78 0 0
32 78 0 0
38 78 0 0
39 78 0 0
40 78 0 0
42 78 0 0
45 78 0 0
49 78 0 0
54 78 0 0
55 78 0 0
56 78 0 0
57 78 0 0
59 78 0 0
60 78 0 0
64 78 0 0
66 78 0 0
67 78 0 0
72 78 0 0
1 79 0 0
10 79 0 0
14 79 0 0
15 79 0 0
23 79 0 0
29 79 0 0
31 79 0 0
39 79 0 0
40 79 0 0
44 79 0 0
46 79 0 0
55 79 0 0
56 79 0 0
59 79 0 0
64 79 0 0
66 79 0 0
67 79 0 0
78 79 0 0
8 80 0 0
12 80 0 0
13 80 0 0
21 80 0 0
24 80 0 0
25 80 0 0
26 80 0 0
27 80 0 0
34 80 0 0
37 80 0 0
38 80 0 0
41 80 0 0
48 80 0 0
50 80 0 0
57 80 0 0
58 80 0 0
62 80 0 0
63 80 0 0
65 80 0 0
68 80 0 0
69 80 0 0
70 80 0 0
73 80 0 0
74 80 0 0
75 80 0 0
76 80 0 0
77 80 0 0
8 81 0 0
12 81 0 0
13 81 0 0
19 81 0 0
21 81 0 0
22 81 0 0
25 81 0 0
26 81 0 0
27 81 0 0
28 81 0 0
32 81 0 0
38 81 0 0
41 81 0 0
42 81 0 0
45 81 0 0
48 81 0 0
49 81 0 0
50 81 0 0
54 81 0 0
57 81 0 0
58 81 0 0
60 81 0 0
63 81 0 0
65 81 0 0
68 81 0 0
70 81 0 0
72 81 0 0
75 81 0 0
77 81 0 0
80 81 0 0
1 82 0 0
6 82 0 0
7 82 0 0
9 82 0 0
10 82 0 0
11 82 0 0
12 82 0 0
16 82 0 0
17 82 0 0
19 82 0 0
20 82 0 0
21 82 0 0
22 82 0 0
28 82 0 0
31 82 0 0
32 82 0 0
38 82 0 0
42 82 0 0
45 82 0 0
48 82 0 0
49 82 0 0
54 82 0 0
55 82 0 0
56 82 0 0
57 82 0 0
60 82 0 0
64 82 0 0
65 82 0 0
67 82 0 0
68 82 0 0
72 82 0 0
78 82 0 0
81 82 0 0
8 83 0 0
12 83 0 0
13 83 0 0
21 83 0 0
25 83 0 0
26 83 0 0
27 83 0 0
37 83 0 0
38 83 0 0
41 83 0 0
48 83 0 0
50 83 0 0
54 83 0 0
57 83 0 0
58 83 0 0
63 83 0 0
65 83 0 0
68 83 0 0
69 83 0 0
70 83 0 0
73 83 0 0
75 83 0 0
76 83 0 0
77 83 0 0
80 83 0 0
81 83 0 0
12 84 0 0
13 84 0 0
19 84 0 0
21 84 0 0
22 84 0 0
25 84 0 0
26 84 0 0
27 84 0 0
32 84 0 0
38 84 0 0
41 84 0 0
42 84 0 0
45 84 0 0
48 84 0 0
49 84 0 0
50 84 0 0
54 84 0 0
57 84 0 0
58 84 0 0
60 84 0 0
63 84 0 0
65 84 0 0
68 84 0 0
69 84 0 0
70 84 0 0
72 84 0 0
75 84 0 0
76 84 0 0
77 84 0 0
80 84 0 0
81 84 0 0
83 84 0 0
1 85 0 0
10 85 0 0
11 85 0 0
14 85 0 0
16 85 0 0
17 85 0 0
20 85 0 0
22 85 0 0
23 85 0 0
28 85 0 0
29 85 0 0
31 85 0 0
39 85 0 0
40 85 0 0
42 85 0 0
44 85 0 0
45 85 0 0
46 85 0 0
55 85 0 0
56 85 0 0
59 85 0 0
60 85 0 0
64 85 0 0
66 85 0 0
67 85 0 0
72 85 0 0
78 85 0 0
79 85 0 0
82 85 0 0
1 86 0 0
45 86 0 0
48 86 0 0
49 86 0 0
50 86 0 0
54 86 0 0
57 86 0 0
58 86 0 0
60 86 0 0
63 86 0 0
65 86 0 0
68 86 0 0
72 86 0 0
81 86 0 0
82 86 0 0
83 86 0 0
84 86 0 0
45 87 0 0
48 87 0 0
49 87 0 0
50 87 0 0
54 87 0 0
57 87 0 0
58 87 0 0
60 87 0 0
63 87 0 0
65 87 0 0
68 87 0 0
81 87 0 0
83 87 0 0
84 87 0 0
86 87 0 0
1 88 0 0
45 88 0 0
48 88 0 0
49 88 0 0
50 88 0 0
54 88 0 0
56 88 0 0
57 88 0 0
58 88 0 0
60 88 0 0
63 88 0 0
65 88 0 0
68 88 0 0
72 88 0 0
82 88 0 0
86 88 0 0
87 88 0 0
47 89 0 0
50 89 0 0
52 89 0 0
62 89 0 0
63 89 0 0
69 89 0 0
70 89 0 0
77 89 0 0
87 89 0 0
89 90 0 0
86 91 0 0
87 91 0 0
88 91 0 0
88 92 0 0
86 93 0 0
87 93 0 0
88 93 0 0
91 93 0 0
92 93 0 0
44 94 0 0
46 94 0 0
46 95 0 0
64 95 0 0
92 95 0 0
94 95 0 0
45 96 0 0
48 96 0 0
49 96 0 0
86 96 0 0
87 96 0 0
88 96 0 0
91 96 0 0
92 96 0 0
93 96 0 0
45 97 0 0
48 97 0 0
49 97 0 0
86 97 0 0
87 97 0 0
88 97 0 0
91 97 0 0
92 97 0 0
93 97 0 0
96 97 0 0
46 98 0 0
92 98 0 0
94 98 0 0
95 98 0 0
44 99 0 0
46 99 0 0
59 99 0 0
64 99 0 0
92 99 0 0
94 99 0 0
95 99 0 0
98 99 0 0
47 100 0 0
89 100 0 0
90 100 0 0
92 101 0 0
94 101 0 0
95 101 0 0
98 101 0 0
99 101 0 0
87 102 0 0
89 102 0 0
90 102 0 0
91 102 0 0
100 102 0 0
44 103 0 0
46 103 0 0
59 103 0 0
64 103 0 0
66 103 0 0
94 103 0 0
95 103 0 0
98 103 0 0
99 103 0 0
101 103 0 0
47 104 0 0
51 104 0 0
52 104 0 0
53 104 0 0
61 104 0 0
62 104 0 0
69 104 0 0
89 104 0 0
90 104 0 0
100 104 0 0
45 105 0 0
48 105 0 0
49 105 0 0
50 105 0 0
54 105 0 0
57 105 0 0
58 105 0 0
63 105 0 0
65 105 0 0
68 105 0 0
84 105 0 0
86 105 0 0
87 105 0 0
88 105 0 0
89 105 0 0
91 105 0 0
93 105 0 0
96 105 0 0
97 105 0 0
102 105 0 0
48 106 0 0
50 106 0 0
58 106 0 0
63 106 0 0
65 106 0 0
69 106 0 0
70 106 0 0
83 106 0 0
86 106 0 0
87 106 0 0
88 106 0 0
89 106 0 0
91 106 0 0
93 106 0 0
97 106 0 0
102 106 0 0
105 106 0 0
47 107 0 0
51 107 0 0
52 107 0 0
53 107 0 0
61 107 0 0
62 107 0 0
69 107 0 0
70 107 0 0
89 107 0 0
90 107 0 0
100 107 0 0
102 107 0 0
104 107 0 0
106 107 0 0
43 108 0 0
47 108 0 0
51 108 0 0
52 108 0 0
53 108 0 0
61 108 0 0
62 108 0 0
69 108 0 0
71 108 0 0
89 108 0 0
90 108 0 0
100 108 0 0
104 108 0 0
107 108 0 0
47 109 0 0
51 109 0 0
61 109 0 0
90 109 0 0
100 109 0 0
104 109 0 0
107 109 0 0
108 109 0 0
45 110 0 0
48 110 0 0
49 110 0 0
54 110 0 0
56 110 0 0
57 110 0 0
60 110 0 0
65 110 0 0
86 110 0 0
87 110 0 0
88 110 0 0
91 110 0 0
92 110 0 0
93 110 0 0
96 110 0 0
97 110 0 0
105 110 0 0
47 111 0 0
52 111 0 0
61 111 0 0
62 111 0 0
69 111 0 0
89 111 0 0
90 111 0 0
100 111 0 0
102 111 0 0
104 111 0 0
106 111 0 0
107 111 0 0
108 111 0 0
109 111 0 0
47 112 0 0
51 112 0 0
52 112 0 0
61 112 0 0
62 112 0 0
69 112 0 0
89 112 0 0
90 112 0 0
100 112 0 0
102 112 0 0
104 112 0 0
107 112 0 0
108 112 0 0
109 112 0 0
111 112 0 0
44 113 0 0
45 113 0 0
46 113 0 0
56 113 0 0
59 113 0 0
64 113 0 0
92 113 0 0
94 113 0 0
95 113 0 0
98 113 0 0
99 113 0 0
101 113 0 0
103 113 0 0
44 114 0 0
46 114 0 0
59 114 0 0
64 114 0 0
92 114 0 0
94 114 0 0
95 114 0 0
98 114 0 0
99 114 0 0
101 114 0 0
103 114 0 0
113 114 0 0
89 115 0 0
90 115 0 0
100 115 0 0
102 115 0 0
104 115 0 0
107 115 0 0
108 115 0 0
109 115 0 0
111 115 0 0
112 115 0 0
86 116 0 0
88 116 0 0
91 116 0 0
93 116 0 0
96 116 0 0
97 116 0 0
105 116 0 0
110 116 0 0
89 117 0 0
90 117 0 0
100 117 0 0
102 117 0 0
104 117 0 0
106 117 0 0
107 117 0 0
108 117 0 0
111 117 0 0
112 117 0 0
115 117 0 0
89 118 0 0
90 118 0 0
100 118 0 0
102 118 0 0
104 118 0 0
107 118 0 0
108 118 0 0
109 118 0 0
111 118 0 0
112 118 0 0
115 118 0 0
117 118 0 0
90 119 0 0
100 119 0 0
102 119 0 0
104 119 0 0
107 119 0 0
108 119 0 0
109 119 0 0
111 119 0 0
112 119 0 0
115 119 0 0
117 119 0 0
118 119 0 0
92 120 0 0
94 120 0 0
95 120 0 0
96 120 0 0
97 120 0 0
98 120 0 0
99 120 0 0
101 120 0 0
110 120 0 0
113 120 0 0
114 120 0 0
91 121 0 0
92 121 0 0
93 121 0 0
96 121 0 0
97 121 0 0
110 121 0 0
116 121 0 0
120 121 0 0
90 122 0 0
100 122 0 0
102 122 0 0
104 122 0 0
107 122 0 0
111 122 0 0
112 122 0 0
115 122 0 0
117 122 0 0
118 122 0 0
119 122 0 0
91 123 0 0
93 123 0 0
102 123 0 0
116 123 0 0
122 123 0 0
92 124 0 0
94 124 0 0
95 124 0 0
98 124 0 0
99 124 0 0
101 124 0 0
120 124 0 0
92 125 0 0
120 125 0 0
121 125 0 0
124 125 0 0
90 126 0 0
100 126 0 0
115 126 0 0
117 126 0 0
118 126 0 0
119 126 0 0
122 126 0 0
91 127 0 0
93 127 0 0
97 127 0 0
116 127 0 0
121 127 0 0
123 127 0 0
125 127 0 0
115 128 0 0
118 128 0 0
119 128 0 0
122 128 0 0
126 128 0 0
115 129 0 0
118 129 0 0
119 129 0 0
122 129 0 0
126 129 0 0
128 129 0 0
102 130 0 0
115 130 0 0
117 130 0 0
118 130 0 0
119 130 0 0
122 130 0 0
123 130 0 0
126 130 0 0
129 130 0 0
91 131 0 0
93 131 0 0
116 131 0 0
120 131 0 0
121 131 0 0
123 131 0 0
125 131 0 0
127 131 0 0
101 132 0 0
124 132 0 0
93 133 0 0
116 133 0 0
120 133 0 0
121 133 0 0
125 133 0 0
127 133 0 0
131 133 0 0
92 134 0 0
120 134 0 0
121 134 0 0
124 134 0 0
125 134 0 0
127 134 0 0
131 134 0 0
132 134 0 0
133 134 0 0
101 135 0 0
120 135 0 0
124 135 0 0
125 135 0 0
132 135 0 0
134 135 0 0
93 136 0 0
116 136 0 0
123 136 0 0
127 136 0 0
130 136 0 0
131 136 0 0
133 136 0 0
120 137 0 0
124 137 0 0
125 137 0 0
132 137 0 0
133 137 0 0
134 137 0 0
135 137 0 0
93 138 0 0
116 138 0 0
121 138 0 0
123 138 0 0
125 138 0 0
127 138 0 0
131 138 0 0
133 138 0 0
134 138 0 0
136 138 0 0
91 139 0 0
93 139 0 0
116 139 0 0
121 139 0 0
123 139 0 0
127 139 0 0
131 139 0 0
133 139 0 0
136 139 0 0
138 139 0 0
93 140 0 0
116 140 0 0
121 140 0 0
123 140 0 0
127 140 0 0
130 140 0 0
131 140 0 0
133 140 0 0
136 140 0 0
138 140 0 0
139 140 0 0
93 141 0 0
116 141 0 0
121 141 0 0
123 141 0 0
125 141 0 0
127 141 0 0
131 141 0 0
133 141 0 0
136 141 0 0
138 141 0 0
139 141 0 0
140 141 0 0
115 142 0 0
117 142 0 0
118 142 0 0
119 142 0 0
122 142 0 0
126 142 0 0
128 142 0 0
129 142 0 0
130 142 0 0
117 143 0 0
118 143 0 0
122 143 0 0
123 143 0 0
126 143 0 0
130 143 0 0
136 143 0 0
139 143 0 0
140 143 0 0
142 143 0 0
116 144 0 0
123 144 0 0
127 144 0 0
130 144 0 0
136 144 0 0
138 144 0 0
139 144 0 0
140 144 0 0
141 144 0 0
143 144 0 0
116 145 0 0
120 145 0 0
121 145 0 0
125 145 0 0
127 145 0 0
131 145 0 0
133 145 0 0
134 145 0 0
137 145 0 0
138 145 0 0
139 145 0 0
140 145 0 0
141 145 0 0
126 146 0 0
128 146 0 0
129 146 0 0
142 146 0 0
123 147 0 0
127 147 0 0
130 147 0 0
136 147 0 0
138 147 0 0
139 147 0 0
140 147 0 0
141 147 0 0
143 147 0 0
144 147 0 0
123 148 0 0
130 148 0 0
136 148 0 0
138 148 0 0
139 148 0 0
140 148 0 0
141 148 0 0
143 148 0 0
144 148 0 0
147 148 0 0
131 149 0 0
133 149 0 0
134 149 0 0
138 149 0 0
139 149 0 0
141 149 0 0
145 149 0 0
124 150 0 0
125 150 0 0
132 150 0 0
134 150 0 0
135 150 0 0
137 150 0 0
124 151 0 0
125 151 0 0
132 151 0 0
133 151 0 0
134 151 0 0
135 151 0 0
137 151 0 0
145 151 0 0
149 151 0 0
150 151 0 0
124 152 0 0
125 152 0 0
131 152 0 0
133 152 0 0
134 152 0 0
135 152 0 0
137 152 0 0
138 152 0 0
145 152 0 0
149 152 0 0
150 152 0 0
151 152 0 0
123 153 0 0
127 153 0 0
130 153 0 0
131 153 0 0
136 153 0 0
138 153 0 0
139 153 0 0
140 153 0 0
141 153 0 0
143 153 0 0
144 153 0 0
147 153 0 0
148 153 0 0
127 154 0 0
131 154 0 0
133 154 0 0
134 154 0 0
136 154 0 0
138 154 0 0
139 154 0 0
140 154 0 0
141 154 0 0
144 154 0 0
145 154 0 0
147 154 0 0
148 154 0 0
149 154 0 0
152 154 0 0
153 154 0 0
123 155 0 0
127 155 0 0
131 155 0 0
133 155 0 0
136 155 0 0
138 155 0 0
139 155 0 0
140 155 0 0
141 155 0 0
143 155 0 0
144 155 0 0
145 155 0 0
147 155 0 0
148 155 0 0
149 155 0 0
153 155 0 0
154 155 0 0
125 156 0 0
127 156 0 0
131 156 0 0
133 156 0 0
134 156 0 0
138 156 0 0
139 156 0 0
140 156 0 0
141 156 0 0
145 156 0 0
147 156 0 0
149 156 0 0
151 156 0 0
152 156 0 0
153 156 0 0
154 156 0 0
155 156 0 0
124 157 0 0
132 157 0 0
135 157 0 0
137 157 0 0
150 157 0 0
151 157 0 0
152 157 0 0
120 158 0 0
124 158 0 0
125 158 0 0
132 158 0 0
134 158 0 0
135 158 0 0
137 158 0 0
145 158 0 0
149 158 0 0
150 158 0 0
151 158 0 0
152 158 0 0
157 158 0 0
124 159 0 0
132 159 0 0
134 159 0 0
135 159 0 0
137 159 0 0
149 159 0 0
150 159 0 0
151 159 0 0
152 159 0 0
157 159 0 0
158 159 0 0
124 160 0 0
125 160 0 0
132 160 0 0
134 160 0 0
135 160 0 0
137 160 0 0
150 160 0 0
151 160 0 0
152 160 0 0
157 160 0 0
158 160 0 0
159 160 0 0
115 161 0 0
118 161 0 0
119 161 0 0
122 161 0 0
126 161 0 0
128 161 0 0
129 161 0 0
130 161 0 0
142 161 0 0
143 161 0 0
146 161 0 0
117 162 0 0
118 162 0 0
119 162 0 0
122 162 0 0
126 162 0 0
128 162 0 0
129 162 0 0
130 162 0 0
142 162 0 0
143 162 0 0
144 162 0 0
146 162 0 0
148 162 0 0
161 162 0 0
116 163 0 0
121 163 0 0
123 163 0 0
125 163 0 0
127 163 0 0
131 163 0 0
133 163 0 0
134 163 0 0
136 163 0 0
138 163 0 0
139 163 0 0
140 163 0 0
141 163 0 0
144 163 0 0
145 163 0 0
147 163 0 0
148 163 0 0
149 163 0 0
152 163 0 0
153 163 0 0
154 163 0 0
155 163 0 0
156 163 0 0
120 164 0 0
121 164 0 0
124 164 0 0
125 164 0 0
127 164 0 0
131 164 0 0
133 164 0 0
134 164 0 0
135 164 0 0
137 164 0 0
138 164 0 0
139 164 0 0
141 164 0 0
145 164 0 0
149 164 0 0
150 164 0 0
151 164 0 0
152 164 0 0
154 164 0 0
156 164 0 0
158 164 0 0
159 164 0 0
160 164 0 0
163 164 0 0
120 165 0 0
124 165 0 0
125 165 0 0
132 165 0 0
134 165 0 0
135 165 0 0
137 165 0 0
145 165 0 0
150 165 0 0
151 165 0 0
152 165 0 0
157 165 0 0
158 165 0 0
159 165 0 0
160 165 0 0
164 165 0 0
117 166 0 0
118 166 0 0
122 166 0 0
123 166 0 0
127 166 0 0
130 166 0 0
136 166 0 0
138 166 0 0
139 166 0 0
140 166 0 0
141 166 0 0
143 166 0 0
144 166 0 0
147 166 0 0
148 166 0 0
153 166 0 0
155 166 0 0
161 166 0 0
162 166 0 0
163 166 0 0
93 167 0 0
116 167 0 0
121 167 0 0
123 167 0 0
127 167 0 0
130 167 0 0
131 167 0 0
133 167 0 0
136 167 0 0
138 167 0 0
139 167 0 0
140 167 0 0
141 167 0 0
143 167 0 0
144 167 0 0
145 167 0 0
147 167 0 0
148 167 0 0
149 167 0 0
153 167 0 0
154 167 0 0
155 167 0 0
156 167 0 0
163 167 0 0
164 167 0 0
166 167 0 0
123 168 0 0
126 168 0 0
129 168 0 0
130 168 0 0
136 168 0 0
140 168 0 0
142 168 0 0
143 168 0 0
144 168 0 0
147 168 0 0
148 168 0 0
153 168 0 0
161 168 0 0
162 168 0 0
166 168 0 0
123 169 0 0
130 169 0 0
136 169 0 0
139 169 0 0
140 169 0 0
143 169 0 0
144 169 0 0
147 169 0 0
148 169 0 0
153 169 0 0
155 169 0 0
161 169 0 0
162 169 0 0
166 169 0 0
167 169 0 0
168 169 0 0
120 170 0 0
121 170 0 0
124 170 0 0
125 170 0 0
127 170 0 0
131 170 0 0
133 170 0 0
134 170 0 0
135 170 0 0
137 170 0 0
138 170 0 0
139 170 0 0
141 170 0 0
145 170 0 0
149 170 0 0
150 170 0 0
151 170 0 0
152 170 0 0
154 170 0 0
156 170 0 0
158 170 0 0
160 170 0 0
163 170 0 0
164 170 0 0
165 170 0 0
167 170 0 0
123 171 0 0
127 171 0 0
130 171 0 0
131 171 0 0
133 171 0 0
136 171 0 0
138 171 0 0
139 171 0 0
140 171 0 0
141 171 0 0
143 171 0 0
144 171 0 0
147 171 0 0
148 171 0 0
153 171 0 0
154 171 0 0
155 171 0 0
156 171 0 0
163 171 0 0
166 171 0 0
167 171 0 0
168 171 0 0
169 171 0 0
94 172 0 0
95 172 0 0
98 172 0 0
99 172 0 0
101 172 0 0
103 172 0 0
113 172 0 0
114 172 0 0
120 172 0 0
124 172 0 0
132 172 0 0
135 172 0 0
137 172 0 0
157 172 0 0
158 172 0 0
159 172 0 0
160 172 0 0
165 172 0 0
90 173 0 0
100 173 0 0
102 173 0 0
111 173 0 0
112 173 0 0
115 173 0 0
117 173 0 0
118 173 0 0
119 173 0 0
122 173 0 0
126 173 0 0
128 173 0 0
129 173 0 0
130 173 0 0
142 173 0 0
143 173 0 0
161 173 0 0
162 173 0 0
166 173 0 0
168 173 0 0
169 173 0 0
90 174 0 0
102 174 0 0
111 174 0 0
115 174 0 0
117 174 0 0
118 174 0 0
119 174 0 0
122 174 0 0
123 174 0 0
126 174 0 0
130 174 0 0
136 174 0 0
140 174 0 0
142 174 0 0
143 174 0 0
144 174 0 0
161 174 0 0
162 174 0 0
166 174 0 0
168 174 0 0
169 174 0 0
173 174 0 0
91 175 0 0
93 175 0 0
96 175 0 0
97 175 0 0
116 175 0 0
120 175 0 0
121 175 0 0
123 175 0 0
125 175 0 0
127 175 0 0
131 175 0 0
133 175 0 0
134 175 0 0
136 175 0 0
138 175 0 0
139 175 0 0
140 175 0 0
141 175 0 0
144 175 0 0
145 175 0 0
154 175 0 0
163 175 0 0
164 175 0 0
167 175 0 0
170 175 0 0
171 175 0 0
91 176 0 0
92 176 0 0
93 176 0 0
95 176 0 0
96 176 0 0
97 176 0 0
98 176 0 0
110 176 0 0
113 176 0 0
116 176 0 0
120 176 0 0
121 176 0 0
124 176 0 0
125 176 0 0
127 176 0 0
131 176 0 0
133 176 0 0
134 176 0 0
135 176 0 0
137 176 0 0
138 176 0 0
139 176 0 0
141 176 0 0
145 176 0 0
158 176 0 0
163 176 0 0
164 176 0 0
165 176 0 0
170 176 0 0
175 176 0 0
92 177 0 0
94 177 0 0
95 177 0 0
98 177 0 0
99 177 0 0
101 177 0 0
103 177 0 0
113 177 0 0
114 177 0 0
120 177 0 0
124 177 0 0
125 177 0 0
132 177 0 0
134 177 0 0
135 177 0 0
137 177 0 0
150 177 0 0
157 177 0 0
158 177 0 0
159 177 0 0
160 177 0 0
165 177 0 0
172 177 0 0
176 177 0 0
92 178 0 0
94 178 0 0
95 178 0 0
98 178 0 0
99 178 0 0
101 178 0 0
113 178 0 0
114 178 0 0
120 178 0 0
124 178 0 0
125 178 0 0
132 178 0 0
134 178 0 0
135 178 0 0
137 178 0 0
150 178 0 0
151 178 0 0
157 178 0 0
158 178 0 0
159 178 0 0
160 178 0 0
165 178 0 0
172 178 0 0
176 178 0 0
177 178 0 0
92 179 0 0
94 179 0 0
95 179 0 0
98 179 0 0
99 179 0 0
101 179 0 0
113 179 0 0
114 179 0 0
120 179 0 0
121 179 0 0
124 179 0 0
125 179 0 0
132 179 0 0
133 179 0 0
134 179 0 0
135 179 0 0
137 179 0 0
145 179 0 0
150 179 0 0
151 179 0 0
152 179 0 0
157 179 0 0
158 179 0 0
159 179 0 0
160 179 0 0
164 179 0 0
165 179 0 0
170 179 0 0
172 179 0 0
176 179 0 0
177 179 0 0
178 179 0 0
90 180 0 0
100 180 0 0
102 180 0 0
111 180 0 0
112 180 0 0
115 180 0 0
117 180 0 0
118 180 0 0
119 180 0 0
122 180 0 0
126 180 0 0
128 180 0 0
129 180 0 0
130 180 0 0
142 180 0 0
143 180 0 0
161 180 0 0
162 180 0 0
168 180 0 0
173 180 0 0
174 180 0 0
90 181 0 0
100 181 0 0
102 181 0 0
115 181 0 0
117 181 0 0
118 181 0 0
119 181 0 0
122 181 0 0
123 181 0 0
126 181 0 0
128 181 0 0
129 181 0 0
130 181 0 0
142 181 0 0
143 181 0 0
144 181 0 0
161 181 0 0
162 181 0 0
166 181 0 0
168 181 0 0
169 181 0 0
173 181 0 0
174 181 0 0
180 181 0 0
90 182 0 0
102 182 0 0
115 182 0 0
117 182 0 0
118 182 0 0
119 182 0 0
122 182 0 0
123 182 0 0
126 182 0 0
129 182 0 0
130 182 0 0
136 182 0 0
142 182 0 0
143 182 0 0
144 182 0 0
161 182 0 0
162 182 0 0
166 182 0 0
168 182 0 0
169 182 0 0
173 182 0 0
174 182 0 0
180 182 0 0
181 182 0 0
91 183 0 0
92 183 0 0
93 183 0 0
96 183 0 0
97 183 0 0
116 183 0 0
120 183 0 0
121 183 0 0
123 183 0 0
125 183 0 0
127 183 0 0
131 183 0 0
133 183 0 0
134 183 0 0
136 183 0 0
138 183 0 0
139 183 0 0
140 183 0 0
141 183 0 0
144 183 0 0
145 183 0 0
153 183 0 0
154 183 0 0
155 183 0 0
156 183 0 0
163 183 0 0
164 183 0 0
167 183 0 0
170 183 0 0
171 183 0 0
175 183 0 0
176 183 0 0
91 184 0 0
93 184 0 0
97 184 0 0
102 184 0 0
116 184 0 0
121 184 0 0
123 184 0 0
127 184 0 0
130 184 0 0
131 184 0 0
133 184 0 0
136 184 0 0
138 184 0 0
139 184 0 0
140 184 0 0
141 184 0 0
143 184 0 0
144 184 0 0
147 184 0 0
153 184 0 0
155 184 0 0
163 184 0 0
166 184 0 0
167 184 0 0
169 184 0 0
171 184 0 0
174 184 0 0
175 184 0 0
182 184 0 0
183 184 0 0
92 185 0 0
94 185 0 0
95 185 0 0
98 185 0 0
99 185 0 0
101 185 0 0
113 185 0 0
120 185 0 0
124 185 0 0
125 185 0 0
132 185 0 0
134 185 0 0
135 185 0 0
137 185 0 0
145 185 0 0
150 185 0 0
151 185 0 0
152 185 0 0
157 185 0 0
158 185 0 0
159 185 0 0
160 185 0 0
164 185 0 0
165 185 0 0
170 185 0 0
172 185 0 0
176 185 0 0
177 185 0 0
178 185 0 0
179 185 0 0
24 186 0 0
43 186 0 0
47 186 0 0
51 186 0 0
52 186 0 0
53 186 0 0
61 186 0 0
62 186 0 0
69 186 0 0
71 186 0 0
73 186 0 0
74 186 0 0
100 186 0 0
104 186 0 0
107 186 0 0
108 186 0 0
109 186 0 0
111 186 0 0
112 186 0 0
1 187 0 0
21 187 0 0
27 187 0 0
45 187 0 0
48 187 0 0
49 187 0 0
50 187 0 0
54 187 0 0
57 187 0 0
58 187 0 0
60 187 0 0
63 187 0 0
65 187 0 0
68 187 0 0
72 187 0 0
81 187 0 0
82 187 0 0
83 187 0 0
84 187 0 0
86 187 0 0
87 187 0 0
88 187 0 0
91 187 0 0
93 187 0 0
96 187 0 0
97 187 0 0
105 187 0 0
106 187 0 0
110 187 0 0
1 188 0 0
23 188 0 0
44 188 0 0
46 188 0 0
55 188 0 0
56 188 0 0
59 188 0 0
64 188 0 0
66 188 0 0
67 188 0 0
79 188 0 0
85 188 0 0
94 188 0 0
95 188 0 0
98 188 0 0
99 188 0 0
101 188 0 0
103 188 0 0
113 188 0 0
114 188 0 0
1 189 0 0
23 189 0 0
44 189 0 0
45 189 0 0
46 189 0 0
55 189 0 0
56 189 0 0
59 189 0 0
64 189 0 0
66 189 0 0
67 189 0 0
79 189 0 0
85 189 0 0
94 189 0 0
95 189 0 0
98 189 0 0
99 189 0 0
101 189 0 0
103 189 0 0
113 189 0 0
114 189 0 0
188 189 0 0
1 190 0 0
21 190 0 0
22 190 0 0
27 190 0 0
28 190 0 0
42 190 0 0
45 190 0 0
48 190 0 0
49 190 0 0
50 190 0 0
54 190 0 0
56 190 0 0
57 190 0 0
58 190 0 0
60 190 0 0
63 190 0 0
65 190 0 0
68 190 0 0
72 190 0 0
78 190 0 0
81 190 0 0
82 190 0 0
83 190 0 0
84 190 0 0
86 190 0 0
87 190 0 0
88 190 0 0
96 190 0 0
97 190 0 0
105 190 0 0
106 190 0 0
110 190 0 0
187 190 0 0
21 191 0 0
26 191 0 0
27 191 0 0
41 191 0 0
45 191 0 0
48 191 0 0
49 191 0 0
50 191 0 0
54 191 0 0
57 191 0 0
58 191 0 0
60 191 0 0
63 191 0 0
65 191 0 0
68 191 0 0
70 191 0 0
72 191 0 0
75 191 0 0
77 191 0 0
80 191 0 0
81 191 0 0
83 191 0 0
84 191 0 0
86 191 0 0
87 191 0 0
88 191 0 0
89 191 0 0
97 191 0 0
105 191 0 0
106 191 0 0
110 191 0 0
187 191 0 0
190 191 0 0
43 192 0 0
47 192 0 0
51 192 0 0
52 192 0 0
53 192 0 0
61 192 0 0
62 192 0 0
69 192 0 0
71 192 0 0
90 192 0 0
100 192 0 0
104 192 0 0
107 192 0 0
108 192 0 0
109 192 0 0
111 192 0 0
112 192 0 0
186 192 0 0
26 193 0 0
27 193 0 0
45 193 0 0
48 193 0 0
49 193 0 0
50 193 0 0
54 193 0 0
57 193 0 0
58 193 0 0
60 193 0 0
63 193 0 0
65 193 0 0
68 193 0 0
72 193 0 0
80 193 0 0
81 193 0 0
83 193 0 0
84 193 0 0
86 193 0 0
87 193 0 0
88 193 0 0
89 193 0 0
91 193 0 0
96 193 0 0
97 193 0 0
105 193 0 0
106 193 0 0
110 193 0 0
187 193 0 0
190 193 0 0
191 193 0 0
25 194 0 0
26 194 0 0
27 194 0 0
48 194 0 0
50 194 0 0
57 194 0 0
58 194 0 0
62 194 0 0
63 194 0 0
65 194 0 0
68 194 0 0
69 194 0 0
70 194 0 0
75 194 0 0
76 194 0 0
77 194 0 0
80 194 0 0
81 194 0 0
83 194 0 0
84 194 0 0
86 194 0 0
87 194 0 0
89 194 0 0
102 194 0 0
105 194 0 0
106 194 0 0
107 194 0 0
187 194 0 0
190 194 0 0
191 194 0 0
193 194 0 0
25 195 0 0
26 195 0 0
47 195 0 0
50 195 0 0
52 195 0 0
53 195 0 0
58 195 0 0
62 195 0 0
63 195 0 0
69 195 0 0
70 195 0 0
73 195 0 0
74 195 0 0
75 195 0 0
76 195 0 0
77 195 0 0
80 195 0 0
83 195 0 0
84 195 0 0
87 195 0 0
89 195 0 0
102 195 0 0
104 195 0 0
105 195 0 0
106 195 0 0
107 195 0 0
111 195 0 0
112 195 0 0
191 195 0 0
193 195 0 0
194 195 0 0
1 196 0 0
45 196 0 0
48 196 0 0
49 196 0 0
50 196 0 0
54 196 0 0
56 196 0 0
57 196 0 0
58 196 0 0
60 196 0 0
63 196 0 0
65 196 0 0
68 196 0 0
72 196 0 0
81 196 0 0
82 196 0 0
84 196 0 0
86 196 0 0
87 196 0 0
88 196 0 0
91 196 0 0
93 196 0 0
96 196 0 0
97 196 0 0
105 196 0 0
110 196 0 0
187 196 0 0
190 196 0 0
191 196 0 0
193 196 0 0
26 197 0 0
48 197 0 0
50 197 0 0
58 197 0 0
62 197 0 0
63 197 0 0
65 197 0 0
68 197 0 0
69 197 0 0
70 197 0 0
75 197 0 0
76 197 0 0
77 197 0 0
80 197 0 0
81 197 0 0
83 197 0 0
84 197 0 0
86 197 0 0
87 197 0 0
89 197 0 0
102 197 0 0
105 197 0 0
106 197 0 0
107 197 0 0
111 197 0 0
187 197 0 0
191 197 0 0
193 197 0 0
194 197 0 0
195 197 0 0
25 198 0 0
47 198 0 0
50 198 0 0
52 198 0 0
58 198 0 0
62 198 0 0
63 198 0 0
69 198 0 0
70 198 0 0
73 198 0 0
75 198 0 0
76 198 0 0
77 198 0 0
80 198 0 0
83 198 0 0
84 198 0 0
86 198 0 0
87 198 0 0
89 198 0 0
90 198 0 0
102 198 0 0
105 198 0 0
106 198 0 0
107 198 0 0
111 198 0 0
112 198 0 0
117 198 0 0
191 198 0 0
193 198 0 0
194 198 0 0
195 198 0 0
197 198 0 0
25 199 0 0
47 199 0 0
50 199 0 0
52 199 0 0
53 199 0 0
61 199 0 0
62 199 0 0
63 199 0 0
69 199 0 0
70 199 0 0
73 199 0 0
75 199 0 0
76 199 0 0
77 199 0 0
80 199 0 0
83 199 0 0
87 199 0 0
89 199 0 0
90 199 0 0
100 199 0 0
102 199 0 0
104 199 0 0
106 199 0 0
107 199 0 0
108 199 0 0
111 199 0 0
112 199 0 0
117 199 0 0
191 199 0 0
193 199 0 0
194 199 0 0
195 199 0 0
197 199 0 0
198 199 0 0
24 200 0 0
43 200 0 0
47 200 0 0
51 200 0 0
52 200 0 0
53 200 0 0
61 200 0 0
62 200 0 0
69 200 0 0
70 200 0 0
71 200 0 0
73 200 0 0
74 200 0 0
76 200 0 0
77 200 0 0
89 200 0 0
90 200 0 0
100 200 0 0
102 200 0 0
104 200 0 0
106 200 0 0
107 200 0 0
108 200 0 0
109 200 0 0
111 200 0 0
112 200 0 0
186 200 0 0
192 200 0 0
194 200 0 0
195 200 0 0
197 200 0 0
198 200 0 0
199 200 0 0
43 201 0 0
47 201 0 0
51 201 0 0
52 201 0 0
53 201 0 0
61 201 0 0
62 201 0 0
69 201 0 0
70 201 0 0
71 201 0 0
73 201 0 0
74 201 0 0
76 201 0 0
89 201 0 0
90 201 0 0
100 201 0 0
104 201 0 0
107 201 0 0
108 201 0 0
109 201 0 0
111 201 0 0
112 201 0 0
115 201 0 0
186 201 0 0
192 201 0 0
195 201 0 0
198 201 0 0
199 201 0 0
200 201 0 0
3 202 0 1
4 202 0 1
5 202 0 1
6 202 0 1
8 202 0 1
12 202 0 1
13 202 0 1
18 202 0 1
19 202 0 1
21 202 0 1
24 202 0 1
25 202 0 1
26 202 0 1
27 202 0 1
30 202 0 1
34 202 0 1
37 202 0 1
38 202 0 1
41 202 0 1
42 202 0 1
48 202 0 1
50 202 0 1
54 202 0 1
57 202 0 1
58 202 0 1
63 202 0 1
65 202 0 1
68 202 0 1
69 202 0 1
70 202 0 1
73 202 0 1
74 202 0 1
75 202 0 1
76 202 0 1
77 202 0 1
80 202 0 1
81 202 0 1
83 202 0 1
84 202 0 1
191 202 0 1
194 202 0 1
1 203 0 1
2 203 0 1
6 203 0 1
7 203 0 1
9 203 0 1
10 203 0 1
11 203 0 1
14 203 0 1
15 203 0 1
16 203 0 1
17 203 0 1
20 203 0 1
23 203 0 1
28 203 0 1
29 203 0 1
31 203 0 1
39 203 0 1
40 203 0 1
78 203 0 1
79 203 0 1
82 203 0 1
85 203 0 1
1 204 0 1
2 204 0 1
6 204 0 1
7 204 0 1
9 204 0 1
10 204 0 1
11 204 0 1
14 204 0 1
16 204 0 1
17 204 0 1
19 204 0 1
20 204 0 1
22 204 0 1
28 204 0 1
31 204 0 1
32 204 0 1
42 204 0 1
78 204 0 1
3 205 0 1
4 205 0 1
5 205 0 1
8 205 0 1
13 205 0 1
18 205 0 1
24 205 0 1
25 205 0 1
30 205 0 1
33 205 0 1
34 205 0 1
35 205 0 1
36 205 0 1
37 205 0 1
73 205 0 1
74 205 0 1
75 205 0 1
76 205 0 1
3 206 0 1
4 206 0 1
5 206 0 1
8 206 0 1
12 206 0 1
13 206 0 1
19 206 0 1
25 206 0 1
26 206 0 1
27 206 0 1
34 206 0 1
37 206 0 1
38 206 0 1
41 206 0 1
75 206 0 1
80 206 0 1
3 207 0 1
4 207 0 1
5 207 0 1
8 207 0 1
12 207 0 1
13 207 0 1
18 207 0 1
24 207 0 1
25 207 0 1
26 207 0 1
27 207 0 1
30 207 0 1
34 207 0 1
37 207 0 1
38 207 0 1
41 207 0 1
73 207 0 1
75 207 0 1
76 207 0 1
77 207 0 1
80 207 0 1
5 208 0 1
6 208 0 1
8 208 0 1
12 208 0 1
13 208 0 1
19 208 0 1
21 208 0 1
25 208 0 1
26 208 0 1
27 208 0 1
32 208 0 1
38 208 0 1
41 208 0 1
42 208 0 1
75 208 0 1
80 208 0 1
81 208 0 1
83 208 0 1
84 208 0 1
5 209 0 1
6 209 0 1
7 209 0 1
8 209 0 1
11 209 0 1
12 209 0 1
13 209 0 1
16 209 0 1
19 209 0 1
20 209 0 1
21 209 0 1
22 209 0 1
26 209 0 1
27 209 0 1
28 209 0 1
32 209 0 1
38 209 0 1
41 209 0 1
42 209 0 1
68 209 0 1
72 209 0 1
78 209 0 1
80 209 0 1
81 209 0 1
83 209 0 1
84 209 0 1
3 210 0 1
4 210 0 1
5 210 0 1
8 210 0 1
13 210 0 1
18 210 0 1
24 210 0 1
25 210 0 1
26 210 0 1
30 210 0 1
33 210 0 1
34 210 0 1
35 210 0 1
36 210 0 1
37 210 0 1
69 210 0 1
73 210 0 1
74 210 0 1
75 210 0 1
76 210 0 1
77 210 0 1
80 210 0 1
1 211 0 1
6 211 0 1
7 211 0 1
9 211 0 1
10 211 0 1
11 211 0 1
12 211 0 1
14 211 0 1
16 211 0 1
17 211 0 1
19 211 0 1
20 211 0 1
21 211 0 1
22 211 0 1
28 211 0 1
31 211 0 1
32 211 0 1
38 211 0 1
42 211 0 1
72 211 0 1
78 211 0 1
82 211 0 1
3 212 0 1
4 212 0 1
18 212 0 1
24 212 0 1
25 212 0 1
30 212 0 1
33 212 0 1
34 212 0 1
35 212 0 1
36 212 0 1
37 212 0 1
43 212 0 1
51 212 0 1
52 212 0 1
53 212 0 1
61 212 0 1
69 212 0 1
71 212 0 1
73 212 0 1
74 212 0 1
76 212 0 1
1 213 0 1
5 213 0 1
6 213 0 1
7 213 0 1
8 213 0 1
9 213 0 1
11 213 0 1
12 213 0 1
16 213 0 1
19 213 0 1
20 213 0 1
21 213 0 1
22 213 0 1
26 213 0 1
27 213 0 1
28 213 0 1
31 213 0 1
32 213 0 1
38 213 0 1
41 213 0 1
42 213 0 1
48 213 0 1
50 213 0 1
54 213 0 1
57 213 0 1
58 213 0 1
60 213 0 1
65 213 0 1
68 213 0 1
72 213 0 1
78 213 0 1
80 213 0 1
81 213 0 1
82 213 0 1
83 213 0 1
84 213 0 1
190 213 0 1
3 214 0 1
4 214 0 1
13 214 0 1
18 214 0 1
24 214 0 1
25 214 0 1
30 214 0 1
33 214 0 1
34 214 0 1
35 214 0 1
36 214 0 1
37 214 0 1
43 214 0 1
51 214 0 1
52 214 0 1
53 214 0 1
69 214 0 1
70 214 0 1
71 214 0 1
73 214 0 1
74 214 0 1
75 214 0 1
76 214 0 1
77 214 0 1
5 215 0 1
6 215 0 1
7 215 0 1
8 215 0 1
11 215 0 1
12 215 0 1
16 215 0 1
19 215 0 1
20 215 0 1
21 215 0 1
22 215 0 1
26 215 0 1
27 215 0 1
28 215 0 1
31 215 0 1
32 215 0 1
38 215 0 1
41 215 0 1
42 215 0 1
54 215 0 1
57 215 0 1
58 215 0 1
68 215 0 1
72 215 0 1
78 215 0 1
81 215 0 1
82 215 0 1
83 215 0 1
84 215 0 1
1 216 0 1
2 216 0 1
6 216 0 1
7 216 0 1
9 216 0 1
10 216 0 1
11 216 0 1
14 216 0 1
15 216 0 1
16 216 0 1
17 216 0 1
19 216 0 1
20 216 0 1
22 216 0 1
23 216 0 1
28 216 0 1
29 216 0 1
31 216 0 1
32 216 0 1
39 216 0 1
40 216 0 1
42 216 0 1
55 216 0 1
56 216 0 1
67 216 0 1
72 216 0 1
78 216 0 1
82 216 0 1
85 216 0 1
1 217 0 1
6 217 0 1
7 217 0 1
9 217 0 1
10 217 0 1
11 217 0 1
12 217 0 1
14 217 0 1
16 217 0 1
17 217 0 1
19 217 0 1
20 217 0 1
21 217 0 1
22 217 0 1
27 217 0 1
28 217 0 1
31 217 0 1
32 217 0 1
38 217 0 1
41 217 0 1
42 217 0 1
45 217 0 1
54 217 0 1
56 217 0 1
57 217 0 1
60 217 0 1
67 217 0 1
68 217 0 1
72 217 0 1
78 217 0 1
81 217 0 1
82 217 0 1
85 217 0 1
5 218 0 1
6 218 0 1
8 218 0 1
11 218 0 1
12 218 0 1
13 218 0 1
16 218 0 1
19 218 0 1
20 218 0 1
21 218 0 1
22 218 0 1
26 218 0 1
27 218 0 1
28 218 0 1
32 218 0 1
38 218 0 1
41 218 0 1
42 218 0 1
54 218 0 1
57 218 0 1
58 218 0 1
68 218 0 1
72 218 0 1
75 218 0 1
78 218 0 1
80 218 0 1
81 218 0 1
82 218 0 1
83 218 0 1
84 218 0 1
5 219 0 1
6 219 0 1
8 219 0 1
12 219 0 1
13 219 0 1
19 219 0 1
21 219 0 1
22 219 0 1
25 219 0 1
26 219 0 1
27 219 0 1
32 219 0 1
38 219 0 1
41 219 0 1
42 219 0 1
50 219 0 1
57 219 0 1
58 219 0 1
68 219 0 1
72 219 0 1
75 219 0 1
77 219 0 1
80 219 0 1
81 219 0 1
83 219 0 1
84 219 0 1
1 220 0 1
2 220 0 1
6 220 0 1
7 220 0 1
9 220 0 1
10 220 0 1
11 220 0 1
14 220 0 1
15 220 0 1
16 220 0 1
17 220 0 1
20 220 0 1
22 220 0 1
23 220 0 1
28 220 0 1
29 220 0 1
31 220 0 1
32 220 0 1
39 220 0 1
40 220 0 1
42 220 0 1
55 220 0 1
56 220 0 1
66 220 0 1
67 220 0 1
72 220 0 1
78 220 0 1
79 220 0 1
82 220 0 1
85 220 0 1
1 221 0 1
6 221 0 1
7 221 0 1
9 221 0 1
10 221 0 1
11 221 0 1
12 221 0 1
14 221 0 1
16 221 0 1
17 221 0 1
19 221 0 1
20 221 0 1
21 221 0 1
22 221 0 1
28 221 0 1
31 221 0 1
32 221 0 1
38 221 0 1
42 221 0 1
45 221 0 1
54 221 0 1
55 221 0 1
56 221 0 1
57 221 0 1
60 221 0 1
67 221 0 1
72 221 0 1
78 221 0 1
82 221 0 1
85 221 0 1
5 222 0 1
6 222 0 1
7 222 0 1
8 222 0 1
11 222 0 1
12 222 0 1
16 222 0 1
19 222 0 1
20 222 0 1
21 222 0 1
22 222 0 1
26 222 0 1
27 222 0 1
28 222 0 1
32 222 0 1
38 222 0 1
41 222 0 1
42 222 0 1
50 222 0 1
54 222 0 1
57 222 0 1
58 222 0 1
65 222 0 1
68 222 0 1
72 222 0 1
78 222 0 1
80 222 0 1
81 222 0 1
82 222 0 1
83 222 0 1
84 222 0 1
1 223 0 1
2 223 0 1
10 223 0 1
14 223 0 1
15 223 0 1
16 223 0 1
17 223 0 1
23 223 0 1
29 223 0 1
31 223 0 1
39 223 0 1
40 223 0 1
44 223 0 1
46 223 0 1
55 223 0 1
56 223 0 1
59 223 0 1
64 223 0 1
66 223 0 1
67 223 0 1
78 223 0 1
79 223 0 1
82 223 0 1
85 223 0 1
188 223 0 1
189 223 0 1
4 224 0 1
13 224 0 1
18 224 0 1
24 224 0 1
25 224 0 1
26 224 0 1
30 224 0 1
33 224 0 1
34 224 0 1
35 224 0 1
36 224 0 1
37 224 0 1
43 224 0 1
47 224 0 1
51 224 0 1
52 224 0 1
53 224 0 1
61 224 0 1
62 224 0 1
63 224 0 1
69 224 0 1
70 224 0 1
71 224 0 1
73 224 0 1
74 224 0 1
75 224 0 1
76 224 0 1
77 224 0 1
80 224 0 1
83 224 0 1
84 224 0 1
194 224 0 1
195 224 0 1
197 224 0 1
198 224 0 1
199 224 0 1
200 224 0 1
201 224 0 1
5 225 0 1
8 225 0 1
12 225 0 1
13 225 0 1
19 225 0 1
21 225 0 1
25 225 0 1
26 225 0 1
27 225 0 1
34 225 0 1
37 225 0 1
38 225 0 1
41 225 0 1
48 225 0 1
50 225 0 1
54 225 0 1
57 225 0 1
58 225 0 1
63 225 0 1
65 225 0 1
68 225 0 1
69 225 0 1
70 225 0 1
73 225 0 1
75 225 0 1
76 225 0 1
77 225 0 1
80 225 0 1
81 225 0 1
83 225 0 1
84 225 0 1
190 225 0 1
191 225 0 1
193 225 0 1
194 225 0 1
195 225 0 1
197 225 0 1
198 225 0 1
1 226 0 1
10 226 0 1
14 226 0 1
15 226 0 1
23 226 0 1
29 226 0 1
39 226 0 1
40 226 0 1
44 226 0 1
46 226 0 1
55 226 0 1
56 226 0 1
59 226 0 1
64 226 0 1
66 226 0 1
67 226 0 1
79 226 0 1
85 226 0 1
103 226 0 1
188 226 0 1
189 226 0 1
13 227 0 1
24 227 0 1
25 227 0 1
26 227 0 1
27 227 0 1
30 227 0 1
34 227 0 1
37 227 0 1
41 227 0 1
47 227 0 1
50 227 0 1
52 227 0 1
53 227 0 1
58 227 0 1
62 227 0 1
63 227 0 1
65 227 0 1
68 227 0 1
69 227 0 1
70 227 0 1
73 227 0 1
74 227 0 1
75 227 0 1
76 227 0 1
77 227 0 1
80 227 0 1
81 227 0 1
83 227 0 1
84 227 0 1
87 227 0 1
89 227 0 1
106 227 0 1
191 227 0 1
193 227 0 1
194 227 0 1
195 227 0 1
197 227 0 1
198 227 0 1
199 227 0 1
200 227 0 1
1 228 0 1
11 228 0 1
12 228 0 1
16 228 0 1
19 228 0 1
20 228 0 1
21 228 0 1
22 228 0 1
27 228 0 1
28 228 0 1
31 228 0 1
32 228 0 1
38 228 0 1
41 228 0 1
42 228 0 1
45 228 0 1
48 228 0 1
49 228 0 1
50 228 0 1
54 228 0 1
55 228 0 1
56 228 0 1
57 228 0 1
58 228 0 1
60 228 0 1
65 228 0 1
67 228 0 1
68 228 0 1
72 228 0 1
78 228 0 1
81 228 0 1
82 228 0 1
84 228 0 1
85 228 0 1
86 228 0 1
87 228 0 1
88 228 0 1
110 228 0 1
187 228 0 1
190 228 0 1
191 228 0 1
193 228 0 1
196 228 0 1
1 229 0 1
6 229 0 1
11 229 0 1
12 229 0 1
16 229 0 1
19 229 0 1
20 229 0 1
21 229 0 1
22 229 0 1
27 229 0 1
28 229 0 1
31 229 0 1
32 229 0 1
38 229 0 1
41 229 0 1
42 229 0 1
45 229 0 1
48 229 0 1
49 229 0 1
54 229 0 1
55 229 0 1
56 229 0 1
57 229 0 1
58 229 0 1
60 229 0 1
65 229 0 1
67 229 0 1
68 229 0 1
72 229 0 1
78 229 0 1
81 229 0 1
82 229 0 1
84 229 0 1
85 229 0 1
86 229 0 1
88 229 0 1
187 229 0 1
190 229 0 1
193 229 0 1
196 229 0 1
1 230 0 1
6 230 0 1
11 230 0 1
12 230 0 1
16 230 0 1
19 230 0 1
20 230 0 1
21 230 0 1
22 230 0 1
26 230 0 1
27 230 0 1
28 230 0 1
31 230 0 1
32 230 0 1
38 230 0 1
41 230 0 1
42 230 0 1
45 230 0 1
48 230 0 1
49 230 0 1
50 230 0 1
54 230 0 1
56 230 0 1
57 230 0 1
58 230 0 1
60 230 0 1
63 230 0 1
65 230 0 1
67 230 0 1
68 230 0 1
72 230 0 1
78 230 0 1
80 230 0 1
81 230 0 1
82 230 0 1
83 230 0 1
84 230 0 1
86 230 0 1
87 230 0 1
88 230 0 1
187 230 0 1
190 230 0 1
191 230 0 1
193 230 0 1
196 230 0 1
1 231 0 1
23 231 0 1
39 231 0 1
40 231 0 1
44 231 0 1
46 231 0 1
55 231 0 1
56 231 0 1
59 231 0 1
64 231 0 1
66 231 0 1
67 231 0 1
79 231 0 1
85 231 0 1
94 231 0 1
95 231 0 1
98 231 0 1
99 231 0 1
101 231 0 1
103 231 0 1
113 231 0 1
114 231 0 1
188 231 0 1
189 231 0 1
25 232 0 1
26 232 0 1
27 232 0 1
41 232 0 1
47 232 0 1
48 232 0 1
50 232 0 1
57 232 0 1
58 232 0 1
62 232 0 1
63 232 0 1
65 232 0 1
68 232 0 1
69 232 0 1
70 232 0 1
73 232 0 1
75 232 0 1
76 232 0 1
77 232 0 1
80 232 0 1
81 232 0 1
83 232 0 1
84 232 0 1
86 232 0 1
87 232 0 1
89 232 0 1
105 232 0 1
106 232 0 1
107 232 0 1
187 232 0 1
190 232 0 1
191 232 0 1
193 232 0 1
194 232 0 1
195 232 0 1
197 232 0 1
198 232 0 1
199 232 0 1
200 232 0 1
1 233 0 1
23 233 0 1
28 233 0 1
44 233 0 1
45 233 0 1
46 233 0 1
49 233 0 1
55 233 0 1
56 233 0 1
59 233 0 1
60 233 0 1
64 233 0 1
66 233 0 1
67 233 0 1
78 233 0 1
79 233 0 1
82 233 0 1
85 233 0 1
95 233 0 1
98 233 0 1
99 233 0 1
103 233 0 1
113 233 0 1
114 233 0 1
188 233 0 1
189 233 0 1
21 234 0 1
22 234 0 1
25 234 0 1
26 234 0 1
27 234 0 1
38 234 0 1
41 234 0 1
42 234 0 1
45 234 0 1
48 234 0 1
49 234 0 1
50 234 0 1
54 234 0 1
57 234 0 1
58 234 0 1
60 234 0 1
63 234 0 1
65 234 0 1
68 234 0 1
70 234 0 1
72 234 0 1
75 234 0 1
77 234 0 1
80 234 0 1
81 234 0 1
83 234 0 1
84 234 0 1
86 234 0 1
87 234 0 1
88 234 0 1
89 234 0 1
105 234 0 1
106 234 0 1
187 234 0 1
190 234 0 1
191 234 0 1
193 234 0 1
194 234 0 1
195 234 0 1
196 234 0 1
197 234 0 1
198 234 0 1
199 234 0 1
25 235 0 1
26 235 0 1
27 235 0 1
37 235 0 1
41 235 0 1
48 235 0 1
50 235 0 1
52 235 0 1
57 235 0 1
58 235 0 1
62 235 0 1
63 235 0 1
65 235 0 1
68 235 0 1
69 235 0 1
70 235 0 1
73 235 0 1
75 235 0 1
76 235 0 1
77 235 0 1
80 235 0 1
81 235 0 1
83 235 0 1
84 235 0 1
86 235 0 1
87 235 0 1
89 235 0 1
105 235 0 1
106 235 0 1
107 235 0 1
187 235 0 1
191 235 0 1
193 235 0 1
194 235 0 1
195 235 0 1
197 235 0 1
198 235 0 1
199 235 0 1
200 235 0 1
1 236 0 1
11 236 0 1
12 236 0 1
21 236 0 1
22 236 0 1
27 236 0 1
28 236 0 1
32 236 0 1
38 236 0 1
41 236 0 1
42 236 0 1
45 236 0 1
48 236 0 1
49 236 0 1
50 236 0 1
54 236 0 1
55 236 0 1
56 236 0 1
57 236 0 1
58 236 0 1
60 236 0 1
63 236 0 1
65 236 0 1
67 236 0 1
68 236 0 1
72 236 0 1
78 236 0 1
81 236 0 1
82 236 0 1
84 236 0 1
86 236 0 1
87 236 0 1
88 236 0 1
105 236 0 1
110 236 0 1
187 236 0 1
190 236 0 1
191 236 0 1
193 236 0 1
196 236 0 1
1 237 0 1
10 237 0 1
14 237 0 1
23 237 0 1
29 237 0 1
39 237 0 1
40 237 0 1
44 237 0 1
46 237 0 1
55 237 0 1
56 237 0 1
59 237 0 1
64 237 0 1
66 237 0 1
67 237 0 1
78 237 0 1
79 237 0 1
85 237 0 1
103 237 0 1
114 237 0 1
188 237 0 1
189 237 0 1
8 238 0 1
12 238 0 1
13 238 0 1
21 238 0 1
24 238 0 1
25 238 0 1
26 238 0 1
27 238 0 1
34 238 0 1
37 238 0 1
38 238 0 1
41 238 0 1
48 238 0 1
50 238 0 1
54 238 0 1
57 238 0 1
58 238 0 1
62 238 0 1
63 238 0 1
65 238 0 1
68 238 0 1
69 238 0 1
70 238 0 1
73 238 0 1
75 238 0 1
76 238 0 1
77 238 0 1
80 238 0 1
81 238 0 1
83 238 0 1
84 238 0 1
86 238 0 1
87 238 0 1
89 238 0 1
105 238 0 1
106 238 0 1
187 238 0 1
190 238 0 1
191 238 0 1
193 238 0 1
194 238 0 1
195 238 0 1
197 238 0 1
198 238 0 1
199 238 0 1
200 238 0 1
1 239 0 1
23 239 0 1
29 239 0 1
39 239 0 1
40 239 0 1
44 239 0 1
46 239 0 1
55 239 0 1
56 239 0 1
59 239 0 1
64 239 0 1
66 239 0 1
67 239 0 1
79 239 0 1
85 239 0 1
94 239 0 1
99 239 0 1
103 239 0 1
113 239 0 1
114 239 0 1
188 239 0 1
189 239 0 1
1 240 0 1
23 240 0 1
29 240 0 1
39 240 0 1
40 240 0 1
44 240 0 1
45 240 0 1
46 240 0 1
55 240 0 1
56 240 0 1
59 240 0 1
64 240 0 1
66 240 0 1
67 240 0 1
78 240 0 1
79 240 0 1
82 240 0 1
85 240 0 1
103 240 0 1
113 240 0 1
114 240 0 1
188 240 0 1
189 240 0 1
1 241 0 1
11 241 0 1
16 241 0 1
21 241 0 1
22 241 0 1
28 241 0 1
31 241 0 1
32 241 0 1
42 241 0 1
45 241 0 1
46 241 0 1
48 241 0 1
49 241 0 1
54 241 0 1
55 241 0 1
56 241 0 1
57 241 0 1
59 241 0 1
60 241 0 1
64 241 0 1
65 241 0 1
66 241 0 1
67 241 0 1
72 241 0 1
78 241 0 1
82 241 0 1
85 241 0 1
86 241 0 1
88 241 0 1
110 241 0 1
187 241 0 1
189 241 0 1
190 241 0 1
196 241 0 1
1 242 0 1
21 242 0 1
22 242 0 1
27 242 0 1
28 242 0 1
32 242 0 1
38 242 0 1
41 242 0 1
42 242 0 1
45 242 0 1
48 242 0 1
49 242 0 1
50 242 0 1
54 242 0 1
56 242 0 1
57 242 0 1
58 242 0 1
60 242 0 1
63 242 0 1
65 242 0 1
68 242 0 1
72 242 0 1
78 242 0 1
81 242 0 1
82 242 0 1
83 242 0 1
84 242 0 1
86 242 0 1
87 242 0 1
88 242 0 1
105 242 0 1
110 242 0 1
187 242 0 1
190 242 0 1
191 242 0 1
193 242 0 1
194 242 0 1
196 242 0 1
21 243 0 1
22 243 0 1
26 243 0 1
27 243 0 1
28 243 0 1
38 243 0 1
41 243 0 1
42 243 0 1
45 243 0 1
48 243 0 1
49 243 0 1
50 243 0 1
54 243 0 1
57 243 0 1
58 243 0 1
60 243 0 1
63 243 0 1
65 243 0 1
68 243 0 1
72 243 0 1
75 243 0 1
77 243 0 1
80 243 0 1
81 243 0 1
82 243 0 1
83 243 0 1
84 243 0 1
86 243 0 1
87 243 0 1
88 243 0 1
105 243 0 1
106 243 0 1
110 243 0 1
187 243 0 1
190 243 0 1
191 243 0 1
193 243 0 1
194 243 0 1
196 243 0 1
197 243 0 1
198 243 0 1
1 244 0 1
21 244 0 1
22 244 0 1
26 244 0 1
27 244 0 1
28 244 0 1
38 244 0 1
41 244 0 1
42 244 0 1
45 244 0 1
48 244 0 1
49 244 0 1
50 244 0 1
54 244 0 1
56 244 0 1
57 244 0 1
58 244 0 1
60 244 0 1
63 244 0 1
65 244 0 1
68 244 0 1
72 244 0 1
78 244 0 1
80 244 0 1
81 244 0 1
82 244 0 1
83 244 0 1
84 244 0 1
86 244 0 1
87 244 0 1
88 244 0 1
97 244 0 1
105 244 0 1
106 244 0 1
110 244 0 1
187 244 0 1
190 244 0 1
191 244 0 1
193 244 0 1
194 244 0 1
196 244 0 1
197 244 0 1
1 245 0 1
23 245 0 1
28 245 0 1
39 245 0 1
40 245 0 1
44 245 0 1
45 245 0 1
46 245 0 1
55 245 0 1
56 245 0 1
59 245 0 1
60 245 0 1
64 245 0 1
66 245 0 1
67 245 0 1
78 245 0 1
79 245 0 1
82 245 0 1
85 245 0 1
95 245 0 1
99 245 0 1
103 245 0 1
113 245 0 1
114 245 0 1
188 245 0 1
189 245 0 1
3 246 0 1
4 246 0 1
18 246 0 1
24 246 0 1
30 246 0 1
33 246 0 1
34 246 0 1
35 246 0 1
36 246 0 1
37 246 0 1
43 246 0 1
47 246 0 1
51 246 0 1
52 246 0 1
53 246 0 1
61 246 0 1
62 246 0 1
69 246 0 1
71 246 0 1
73 246 0 1
74 246 0 1
186 246 0 1
1 247 0 1
6 247 0 1
7 247 0 1
9 247 0 1
10 247 0 1
11 247 0 1
12 247 0 1
14 247 0 1
16 247 0 1
17 247 0 1
19 247 0 1
20 247 0 1
21 247 0 1
22 247 0 1
28 247 0 1
31 247 0 1
32 247 0 1
38 247 0 1
42 247 0 1
45 247 0 1
49 247 0 1
54 247 0 1
55 247 0 1
56 247 0 1
57 247 0 1
60 247 0 1
64 247 0 1
67 247 0 1
72 247 0 1
78 247 0 1
82 247 0 1
85 247 0 1
190 247 0 1
5 248 0 1
6 248 0 1
8 248 0 1
12 248 0 1
13 248 0 1
19 248 0 1
21 248 0 1
22 248 0 1
25 248 0 1
26 248 0 1
27 248 0 1
28 248 0 1
32 248 0 1
38 248 0 1
41 248 0 1
42 248 0 1
45 248 0 1
48 248 0 1
49 248 0 1
50 248 0 1
54 248 0 1
57 248 0 1
58 248 0 1
60 248 0 1
63 248 0 1
65 248 0 1
68 248 0 1
70 248 0 1
72 248 0 1
75 248 0 1
77 248 0 1
80 248 0 1
81 248 0 1
82 248 0 1
83 248 0 1
84 248 0 1
187 248 0 1
190 248 0 1
191 248 0 1
193 248 0 1
194 248 0 1
3 249 0 1
4 249 0 1
5 249 0 1
8 249 0 1
12 249 0 1
13 249 0 1
18 249 0 1
21 249 0 1
24 249 0 1
25 249 0 1
26 249 0 1
27 249 0 1
30 249 0 1
34 249 0 1
36 249 0 1
37 249 0 1
38 249 0 1
41 249 0 1
50 249 0 1
52 249 0 1
58 249 0 1
62 249 0 1
63 249 0 1
68 249 0 1
69 249 0 1
70 249 0 1
73 249 0 1
74 249 0 1
75 249 0 1
76 249 0 1
77 249 0 1
80 249 0 1
81 249 0 1
83 249 0 1
84 249 0 1
3 250 0 1
4 250 0 1
5 250 0 1
8 250 0 1
13 250 0 1
18 250 0 1
24 250 0 1
25 250 0 1
26 250 0 1
27 250 0 1
30 250 0 1
33 250 0 1
34 250 0 1
35 250 0 1
36 250 0 1
37 250 0 1
41 250 0 1
43 250 0 1
47 250 0 1
52 250 0 1
53 250 0 1
62 250 0 1
69 250 0 1
70 250 0 1
71 250 0 1
73 250 0 1
74 250 0 1
75 250 0 1
76 250 0 1
77 250 0 1
80 250 0 1
83 250 0 1
84 250 0 1
3 251 0 1
4 251 0 1
18 251 0 1
24 251 0 1
25 251 0 1
30 251 0 1
33 251 0 1
34 251 0 1
35 251 0 1
36 251 0 1
37 251 0 1
43 251 0 1
47 251 0 1
51 251 0 1
52 251 0 1
53 251 0 1
61 251 0 1
62 251 0 1
69 251 0 1
71 251 0 1
73 251 0 1
74 251 0 1
76 251 0 1
186 251 0 1
192 251 0 1
3 252 0 1
4 252 0 1
18 252 0 1
24 252 0 1
25 252 0 1
30 252 0 1
33 252 0 1
34 252 0 1
35 252 0 1
36 252 0 1
37 252 0 1
43 252 0 1
47 252 0 1
51 252 0 1
52 252 0 1
53 252 0 1
61 252 0 1
62 252 0 1
69 252 0 1
70 252 0 1
71 252 0 1
73 252 0 1
74 252 0 1
76 252 0 1
186 252 0 1
1 253 0 1
5 253 0 1
6 253 0 1
8 253 0 1
11 253 0 1
12 253 0 1
16 253 0 1
19 253 0 1
20 253 0 1
21 253 0 1
22 253 0 1
26 253 0 1
27 253 0 1
28 253 0 1
32 253 0 1
38 253 0 1
41 253 0 1
42 253 0 1
45 253 0 1
48 253 0 1
49 253 0 1
50 253 0 1
54 253 0 1
57 253 0 1
58 253 0 1
60 253 0 1
63 253 0 1
65 253 0 1
68 253 0 1
72 253 0 1
75 253 0 1
77 253 0 1
78 253 0 1
80 253 0 1
81 253 0 1
82 253 0 1
83 253 0 1
84 253 0 1
86 253 0 1
187 253 0 1
190 253 0 1
191 253 0 1
193 253 0 1
194 253 0 1
196 253 0 1
5 254 0 1
8 254 0 1
12 254 0 1
13 254 0 1
21 254 0 1
24 254 0 1
25 254 0 1
26 254 0 1
27 254 0 1
34 254 0 1
37 254 0 1
38 254 0 1
41 254 0 1
50 254 0 1
57 254 0 1
58 254 0 1
62 254 0 1
63 254 0 1
65 254 0 1
68 254 0 1
69 254 0 1
70 254 0 1
73 254 0 1
74 254 0 1
75 254 0 1
76 254 0 1
77 254 0 1
80 254 0 1
81 254 0 1
83 254 0 1
84 254 0 1
191 254 0 1
194 254 0 1
195 254 0 1
197 254 0 1
3 255 0 1
4 255 0 1
13 255 0 1
18 255 0 1
24 255 0 1
25 255 0 1
26 255 0 1
30 255 0 1
33 255 0 1
34 255 0 1
35 255 0 1
36 255 0 1
37 255 0 1
43 255 0 1
47 255 0 1
51 255 0 1
52 255 0 1
53 255 0 1
61 255 0 1
62 255 0 1
69 255 0 1
70 255 0 1
71 255 0 1
73 255 0 1
74 255 0 1
75 255 0 1
76 255 0 1
77 255 0 1
80 255 0 1
195 255 0 1
200 255 0 1
1 256 0 1
44 256 0 1
45 256 0 1
46 256 0 1
55 256 0 1
56 256 0 1
59 256 0 1
60 256 0 1
64 256 0 1
66 256 0 1
67 256 0 1
79 256 0 1
82 256 0 1
85 256 0 1
88 256 0 1
92 256 0 1
94 256 0 1
95 256 0 1
98 256 0 1
99 256 0 1
101 256 0 1
103 256 0 1
110 256 0 1
113 256 0 1
114 256 0 1
188 256 0 1
189 256 0 1
196 256 0 1
44 257 0 1
46 257 0 1
55 257 0 1
56 257 0 1
59 257 0 1
64 257 0 1
66 257 0 1
79 257 0 1
92 257 0 1
94 257 0 1
95 257 0 1
98 257 0 1
99 257 0 1
101 257 0 1
103 257 0 1
113 257 0 1
114 257 0 1
177 257 0 1
188 257 0 1
189 257 0 1
44 258 0 1
46 258 0 1
56 258 0 1
59 258 0 1
64 258 0 1
92 258 0 1
94 258 0 1
95 258 0 1
98 258 0 1
99 258 0 1
101 258 0 1
103 258 0 1
113 258 0 1
114 258 0 1
120 258 0 1
172 258 0 1
177 258 0 1
178 258 0 1
179 258 0 1
188 258 0 1
189 258 0 1
47 259 0 1
62 259 0 1
69 259 0 1
89 259 0 1
90 259 0 1
100 259 0 1
102 259 0 1
104 259 0 1
106 259 0 1
107 259 0 1
108 259 0 1
109 259 0 1
111 259 0 1
112 259 0 1
115 259 0 1
117 259 0 1
118 259 0 1
119 259 0 1
122 259 0 1
173 259 0 1
174 259 0 1
180 259 0 1
181 259 0 1
182 259 0 1
194 259 0 1
195 259 0 1
197 259 0 1
198 259 0 1
199 259 0 1
200 259 0 1
201 259 0 1
47 260 0 1
51 260 0 1
52 260 0 1
53 260 0 1
61 260 0 1
62 260 0 1
90 260 0 1
100 260 0 1
104 260 0 1
107 260 0 1
108 260 0 1
109 260 0 1
111 260 0 1
112 260 0 1
115 260 0 1
117 260 0 1
118 260 0 1
119 260 0 1
122 260 0 1
186 260 0 1
192 260 0 1
199 260 0 1
200 260 0 1
201 260 0 1
50 261 0 1
63 261 0 1
86 261 0 1
87 261 0 1
89 261 0 1
90 261 0 1
91 261 0 1
93 261 0 1
102 261 0 1
105 261 0 1
106 261 0 1
107 261 0 1
111 261 0 1
112 261 0 1
117 261 0 1
118 261 0 1
122 261 0 1
174 261 0 1
191 261 0 1
193 261 0 1
194 261 0 1
195 261 0 1
197 261 0 1
198 261 0 1
199 261 0 1
200 261 0 1
48 262 0 1
50 262 0 1
63 262 0 1
65 262 0 1
86 262 0 1
87 262 0 1
89 262 0 1
91 262 0 1
93 262 0 1
97 262 0 1
102 262 0 1
105 262 0 1
106 262 0 1
107 262 0 1
111 262 0 1
116 262 0 1
117 262 0 1
118 262 0 1
122 262 0 1
174 262 0 1
187 262 0 1
191 262 0 1
193 262 0 1
194 262 0 1
195 262 0 1
197 262 0 1
198 262 0 1
199 262 0 1
200 262 0 1
48 263 0 1
50 263 0 1
63 263 0 1
65 263 0 1
86 263 0 1
87 263 0 1
88 263 0 1
89 263 0 1
91 263 0 1
93 263 0 1
96 263 0 1
97 263 0 1
102 263 0 1
105 263 0 1
106 263 0 1
110 263 0 1
116 263 0 1
187 263 0 1
190 263 0 1
191 263 0 1
193 263 0 1
194 263 0 1
195 263 0 1
196 263 0 1
197 263 0 1
198 263 0 1
199 263 0 1
48 264 0 1
49 264 0 1
50 264 0 1
58 264 0 1
63 264 0 1
65 264 0 1
86 264 0 1
87 264 0 1
88 264 0 1
89 264 0 1
91 264 0 1
93 264 0 1
96 264 0 1
97 264 0 1
102 264 0 1
105 264 0 1
106 264 0 1
110 264 0 1
116 264 0 1
121 264 0 1
175 264 0 1
184 264 0 1
187 264 0 1
190 264 0 1
191 264 0 1
193 264 0 1
194 264 0 1
196 264 0 1
197 264 0 1
198 264 0 1
46 265 0 1
64 265 0 1
92 265 0 1
94 265 0 1
95 265 0 1
98 265 0 1
99 265 0 1
101 265 0 1
103 265 0 1
113 265 0 1
114 265 0 1
120 265 0 1
124 265 0 1
172 265 0 1
176 265 0 1
177 265 0 1
178 265 0 1
179 265 0 1
185 265 0 1
188 265 0 1
189 265 0 1
48 266 0 1
50 266 0 1
63 266 0 1
65 266 0 1
86 266 0 1
87 266 0 1
88 266 0 1
89 266 0 1
91 266 0 1
93 266 0 1
96 266 0 1
97 266 0 1
102 266 0 1
105 266 0 1
106 266 0 1
110 266 0 1
116 266 0 1
123 266 0 1
175 266 0 1
184 266 0 1
187 266 0 1
190 266 0 1
191 266 0 1
193 266 0 1
194 266 0 1
195 266 0 1
196 266 0 1
197 266 0 1
198 266 0 1
199 266 0 1
45 267 0 1
48 267 0 1
49 267 0 1
50 267 0 1
54 267 0 1
57 267 0 1
58 267 0 1
60 267 0 1
63 267 0 1
65 267 0 1
68 267 0 1
86 267 0 1
87 267 0 1
88 267 0 1
91 267 0 1
93 267 0 1
96 267 0 1
97 267 0 1
105 267 0 1
106 267 0 1
110 267 0 1
116 267 0 1
187 267 0 1
190 267 0 1
191 267 0 1
193 267 0 1
194 267 0 1
196 267 0 1
45 268 0 1
48 268 0 1
49 268 0 1
50 268 0 1
54 268 0 1
57 268 0 1
58 268 0 1
60 268 0 1
63 268 0 1
65 268 0 1
68 268 0 1
86 268 0 1
87 268 0 1
88 268 0 1
89 268 0 1
91 268 0 1
93 268 0 1
96 268 0 1
97 268 0 1
102 268 0 1
105 268 0 1
106 268 0 1
110 268 0 1
116 268 0 1
187 268 0 1
190 268 0 1
191 268 0 1
193 268 0 1
194 268 0 1
196 268 0 1
197 268 0 1
198 268 0 1
43 269 0 1
47 269 0 1
51 269 0 1
52 269 0 1
53 269 0 1
61 269 0 1
62 269 0 1
69 269 0 1
90 269 0 1
100 269 0 1
104 269 0 1
107 269 0 1
108 269 0 1
109 269 0 1
111 269 0 1
112 269 0 1
115 269 0 1
119 269 0 1
186 269 0 1
192 269 0 1
200 269 0 1
201 269 0 1
1 270 0 1
44 270 0 1
45 270 0 1
46 270 0 1
55 270 0 1
56 270 0 1
59 270 0 1
64 270 0 1
66 270 0 1
67 270 0 1
79 270 0 1
85 270 0 1
92 270 0 1
94 270 0 1
95 270 0 1
98 270 0 1
99 270 0 1
101 270 0 1
103 270 0 1
113 270 0 1
114 270 0 1
120 270 0 1
177 270 0 1
188 270 0 1
189 270 0 1
43 271 0 1
47 271 0 1
51 271 0 1
52 271 0 1
53 271 0 1
61 271 0 1
62 271 0 1
90 271 0 1
100 271 0 1
104 271 0 1
107 271 0 1
108 271 0 1
109 271 0 1
111 271 0 1
112 271 0 1
115 271 0 1
119 271 0 1
186 271 0 1
192 271 0 1
200 271 0 1
201 271 0 1
43 272 0 1
47 272 0 1
51 272 0 1
52 272 0 1
53 272 0 1
61 272 0 1
62 272 0 1
69 272 0 1
89 272 0 1
90 272 0 1
100 272 0 1
104 272 0 1
107 272 0 1
108 272 0 1
109 272 0 1
111 272 0 1
112 272 0 1
115 272 0 1
117 272 0 1
118 272 0 1
119 272 0 1
186 272 0 1
192 272 0 1
195 272 0 1
199 272 0 1
200 272 0 1
201 272 0 1
47 273 0 1
52 273 0 1
61 273 0 1
62 273 0 1
63 273 0 1
69 273 0 1
70 273 0 1
89 273 0 1
90 273 0 1
100 273 0 1
102 273 0 1
104 273 0 1
106 273 0 1
107 273 0 1
108 273 0 1
111 273 0 1
112 273 0 1
115 273 0 1
117 273 0 1
118 273 0 1
122 273 0 1
194 273 0 1
195 273 0 1
197 273 0 1
198 273 0 1
199 273 0 1
200 273 0 1
201 273 0 1
48 274 0 1
49 274 0 1
50 274 0 1
57 274 0 1
58 274 0 1
63 274 0 1
65 274 0 1
68 274 0 1
83 274 0 1
84 274 0 1
86 274 0 1
87 274 0 1
88 274 0 1
89 274 0 1
91 274 0 1
93 274 0 1
96 274 0 1
97 274 0 1
102 274 0 1
105 274 0 1
106 274 0 1
107 274 0 1
110 274 0 1
116 274 0 1
187 274 0 1
190 274 0 1
191 274 0 1
193 274 0 1
194 274 0 1
195 274 0 1
196 274 0 1
197 274 0 1
198 274 0 1
199 274 0 1
1 275 0 1
44 275 0 1
45 275 0 1
46 275 0 1
55 275 0 1
56 275 0 1
59 275 0 1
60 275 0 1
64 275 0 1
66 275 0 1
67 275 0 1
85 275 0 1
88 275 0 1
92 275 0 1
94 275 0 1
95 275 0 1
96 275 0 1
98 275 0 1
99 275 0 1
101 275 0 1
103 275 0 1
110 275 0 1
113 275 0 1
114 275 0 1
120 275 0 1
176 275 0 1
177 275 0 1
179 275 0 1
188 275 0 1
189 275 0 1
196 275 0 1
45 276 0 1
48 276 0 1
49 276 0 1
50 276 0 1
54 276 0 1
57 276 0 1
58 276 0 1
60 276 0 1
63 276 0 1
65 276 0 1
86 276 0 1
87 276 0 1
88 276 0 1
91 276 0 1
93 276 0 1
96 276 0 1
97 276 0 1
105 276 0 1
106 276 0 1
110 276 0 1
116 276 0 1
121 276 0 1
175 276 0 1
187 276 0 1
190 276 0 1
191 276 0 1
193 276 0 1
194 276 0 1
196 276 0 1
197 276 0 1
1 277 0 1
45 277 0 1
46 277 0 1
49 277 0 1
55 277 0 1
56 277 0 1
60 277 0 1
64 277 0 1
86 277 0 1
88 277 0 1
92 277 0 1
94 277 0 1
95 277 0 1
96 277 0 1
97 277 0 1
98 277 0 1
99 277 0 1
101 277 0 1
103 277 0 1
110 277 0 1
113 277 0 1
114 277 0 1
120 277 0 1
121 277 0 1
125 277 0 1
176 277 0 1
177 277 0 1
179 277 0 1
185 277 0 1
188 277 0 1
189 277 0 1
196 277 0 1
47 278 0 1
52 278 0 1
61 278 0 1
62 278 0 1
69 278 0 1
70 278 0 1
89 278 0 1
90 278 0 1
100 278 0 1
102 278 0 1
104 278 0 1
106 278 0 1
107 278 0 1
108 278 0 1
109 278 0 1
111 278 0 1
112 278 0 1
115 278 0 1
117 278 0 1
118 278 0 1
119 278 0 1
122 278 0 1
173 278 0 1
174 278 0 1
181 278 0 1
192 278 0 1
194 278 0 1
195 278 0 1
197 278 0 1
198 278 0 1
199 278 0 1
200 278 0 1
201 278 0 1
24 279 0 1
25 279 0 1
36 279 0 1
43 279 0 1
47 279 0 1
51 279 0 1
52 279 0 1
53 279 0 1
61 279 0 1
62 279 0 1
69 279 0 1
70 279 0 1
71 279 0 1
73 279 0 1
74 279 0 1
75 279 0 1
76 279 0 1
77 279 0 1
89 279 0 1
90 279 0 1
100 279 0 1
104 279 0 1
107 279 0 1
108 279 0 1
109 279 0 1
111 279 0 1
112 279 0 1
186 279 0 1
192 279 0 1
194 279 0 1
195 279 0 1
197 279 0 1
198 279 0 1
199 279 0 1
200 279 0 1
201 279 0 1
24 280 0 1
43 280 0 1
47 280 0 1
51 280 0 1
52 280 0 1
53 280 0 1
61 280 0 1
62 280 0 1
69 280 0 1
70 280 0 1
71 280 0 1
73 280 0 1
74 280 0 1
76 280 0 1
100 280 0 1
104 280 0 1
107 280 0 1
108 280 0 1
109 280 0 1
111 280 0 1
112 280 0 1
186 280 0 1
192 280 0 1
195 280 0 1
199 280 0 1
200 280 0 1
201 280 0 1
24 281 0 1
43 281 0 1
47 281 0 1
51 281 0 1
52 281 0 1
53 281 0 1
61 281 0 1
62 281 0 1
69 281 0 1
70 281 0 1
71 281 0 1
73 281 0 1
74 281 0 1
76 281 0 1
89 281 0 1
90 281 0 1
100 281 0 1
104 281 0 1
107 281 0 1
108 281 0 1
109 281 0 1
111 281 0 1
112 281 0 1
186 281 0 1
192 281 0 1
195 281 0 1
198 281 0 1
199 281 0 1
200 281 0 1
201 281 0 1
1 282 0 1
22 282 0 1
28 282 0 1
44 282 0 1
45 282 0 1
46 282 0 1
48 282 0 1
49 282 0 1
54 282 0 1
55 282 0 1
56 282 0 1
57 282 0 1
59 282 0 1
60 282 0 1
64 282 0 1
66 282 0 1
67 282 0 1
72 282 0 1
78 282 0 1
79 282 0 1
82 282 0 1
85 282 0 1
86 282 0 1
88 282 0 1
92 282 0 1
94 282 0 1
95 282 0 1
96 282 0 1
98 282 0 1
99 282 0 1
103 282 0 1
110 282 0 1
113 282 0 1
114 282 0 1
187 282 0 1
188 282 0 1
189 282 0 1
190 282 0 1
196 282 0 1
1 283 0 1
21 283 0 1
22 283 0 1
27 283 0 1
28 283 0 1
42 283 0 1
45 283 0 1
48 283 0 1
49 283 0 1
50 283 0 1
54 283 0 1
56 283 0 1
57 283 0 1
58 283 0 1
60 283 0 1
63 283 0 1
65 283 0 1
68 283 0 1
72 283 0 1
78 283 0 1
81 283 0 1
82 283 0 1
83 283 0 1
84 283 0 1
86 283 0 1
87 283 0 1
88 283 0 1
96 283 0 1
97 283 0 1
105 283 0 1
110 283 0 1
187 283 0 1
190 283 0 1
191 283 0 1
193 283 0 1
194 283 0 1
196 283 0 1
1 284 0 1
23 284 0 1
40 284 0 1
44 284 0 1
46 284 0 1
55 284 0 1
56 284 0 1
59 284 0 1
64 284 0 1
66 284 0 1
67 284 0 1
79 284 0 1
85 284 0 1
94 284 0 1
95 284 0 1
98 284 0 1
99 284 0 1
101 284 0 1
103 284 0 1
113 284 0 1
114 284 0 1
188 284 0 1
189 284 0 1
1 285 0 1
23 285 0 1
44 285 0 1
45 285 0 1
46 285 0 1
55 285 0 1
56 285 0 1
59 285 0 1
64 285 0 1
66 285 0 1
67 285 0 1
79 285 0 1
85 285 0 1
94 285 0 1
95 285 0 1
98 285 0 1
99 285 0 1
101 285 0 1
103 285 0 1
113 285 0 1
114 285 0 1
188 285 0 1
189 285 0 1
26 286 0 1
27 286 0 1
41 286 0 1
45 286 0 1
48 286 0 1
49 286 0 1
50 286 0 1
54 286 0 1
57 286 0 1
58 286 0 1
63 286 0 1
65 286 0 1
68 286 0 1
70 286 0 1
75 286 0 1
77 286 0 1
80 286 0 1
81 286 0 1
83 286 0 1
84 286 0 1
86 286 0 1
87 286 0 1
88 286 0 1
89 286 0 1
97 286 0 1
105 286 0 1
106 286 0 1
187 286 0 1
190 286 0 1
191 286 0 1
193 286 0 1
194 286 0 1
195 286 0 1
196 286 0 1
197 286 0 1
198 286 0 1
199 286 0 1
1 287 0 1
21 287 0 1
22 287 0 1
28 287 0 1
42 287 0 1
45 287 0 1
48 287 0 1
49 287 0 1
54 287 0 1
55 287 0 1
56 287 0 1
57 287 0 1
58 287 0 1
60 287 0 1
65 287 0 1
67 287 0 1
68 287 0 1
72 287 0 1
78 287 0 1
81 287 0 1
82 287 0 1
85 287 0 1
86 287 0 1
87 287 0 1
88 287 0 1
96 287 0 1
97 287 0 1
105 287 0 1
110 287 0 1
187 287 0 1
190 287 0 1
191 287 0 1
193 287 0 1
196 287 0 1
1 288 0 1
23 288 0 1
44 288 0 1
45 288 0 1
46 288 0 1
55 288 0 1
56 288 0 1
59 288 0 1
64 288 0 1
66 288 0 1
67 288 0 1
78 288 0 1
79 288 0 1
82 288 0 1
85 288 0 1
92 288 0 1
94 288 0 1
95 288 0 1
98 288 0 1
99 288 0 1
101 288 0 1
103 288 0 1
113 288 0 1
114 288 0 1
188 288 0 1
189 288 0 1
1 289 0 1
28 289 0 1
45 289 0 1
48 289 0 1
49 289 0 1
54 289 0 1
55 289 0 1
56 289 0 1
57 289 0 1
60 289 0 1
64 289 0 1
65 289 0 1
67 289 0 1
72 289 0 1
78 289 0 1
82 289 0 1
85 289 0 1
86 289 0 1
88 289 0 1
92 289 0 1
95 289 0 1
96 289 0 1
97 289 0 1
110 289 0 1
113 289 0 1
187 289 0 1
189 289 0 1
190 289 0 1
196 289 0 1
1 290 0 1
45 290 0 1
46 290 0 1
49 290 0 1
54 290 0 1
55 290 0 1
56 290 0 1
59 290 0 1
60 290 0 1
64 290 0 1
66 290 0 1
67 290 0 1
72 290 0 1
78 290 0 1
82 290 0 1
85 290 0 1
86 290 0 1
88 290 0 1
92 290 0 1
95 290 0 1
96 290 0 1
98 290 0 1
99 290 0 1
110 290 0 1
113 290 0 1
114 290 0 1
120 290 0 1
187 290 0 1
188 290 0 1
189 290 0 1
190 290 0 1
196 290 0 1
1 291 0 1
45 291 0 1
46 291 0 1
48 291 0 1
49 291 0 1
54 291 0 1
55 291 0 1
56 291 0 1
57 291 0 1
60 291 0 1
64 291 0 1
65 291 0 1
67 291 0 1
72 291 0 1
78 291 0 1
82 291 0 1
85 291 0 1
86 291 0 1
87 291 0 1
88 291 0 1
91 291 0 1
92 291 0 1
93 291 0 1
95 291 0 1
96 291 0 1
97 291 0 1
98 291 0 1
99 291 0 1
105 291 0 1
110 291 0 1
113 291 0 1
114 291 0 1
120 291 0 1
121 291 0 1
176 291 0 1
187 291 0 1
188 291 0 1
189 291 0 1
190 291 0 1
196 291 0 1
92 292 0 1
94 292 0 1
95 292 0 1
98 292 0 1
99 292 0 1
101 292 0 1
103 292 0 1
113 292 0 1
114 292 0 1
120 292 0 1
124 292 0 1
125 292 0 1
132 292 0 1
134 292 0 1
135 292 0 1
137 292 0 1
172 292 0 1
176 292 0 1
177 292 0 1
178 292 0 1
179 292 0 1
185 292 0 1
86 293 0 1
88 293 0 1
91 293 0 1
92 293 0 1
93 293 0 1
95 293 0 1
96 293 0 1
97 293 0 1
110 293 0 1
113 293 0 1
116 293 0 1
120 293 0 1
121 293 0 1
125 293 0 1
127 293 0 1
131 293 0 1
133 293 0 1
134 293 0 1
138 293 0 1
145 293 0 1
175 293 0 1
176 293 0 1
179 293 0 1
183 293 0 1
196 293 0 1
88 294 0 1
91 294 0 1
92 294 0 1
93 294 0 1
95 294 0 1
96 294 0 1
97 294 0 1
98 294 0 1
101 294 0 1
110 294 0 1
113 294 0 1
114 294 0 1
116 294 0 1
120 294 0 1
121 294 0 1
124 294 0 1
125 294 0 1
131 294 0 1
133 294 0 1
134 294 0 1
175 294 0 1
176 294 0 1
177 294 0 1
179 294 0 1
183 294 0 1
185 294 0 1
89 295 0 1
90 295 0 1
91 295 0 1
100 295 0 1
102 295 0 1
105 295 0 1
106 295 0 1
107 295 0 1
111 295 0 1
112 295 0 1
115 295 0 1
117 295 0 1
118 295 0 1
119 295 0 1
122 295 0 1
123 295 0 1
130 295 0 1
143 295 0 1
166 295 0 1
173 295 0 1
174 295 0 1
180 295 0 1
181 295 0 1
182 295 0 1
184 295 0 1
195 295 0 1
197 295 0 1
198 295 0 1
199 295 0 1
86 296 0 1
87 296 0 1
88 296 0 1
89 296 0 1
91 296 0 1
93 296 0 1
96 296 0 1
97 296 0 1
102 296 0 1
105 296 0 1
106 296 0 1
116 296 0 1
117 296 0 1
123 296 0 1
127 296 0 1
130 296 0 1
136 296 0 1
139 296 0 1
140 296 0 1
166 296 0 1
174 296 0 1
175 296 0 1
182 296 0 1
183 296 0 1
184 296 0 1
197 296 0 1
198 296 0 1
86 297 0 1
87 297 0 1
89 297 0 1
91 297 0 1
93 297 0 1
97 297 0 1
102 297 0 1
105 297 0 1
106 297 0 1
116 297 0 1
117 297 0 1
118 297 0 1
122 297 0 1
123 297 0 1
127 297 0 1
130 297 0 1
136 297 0 1
140 297 0 1
144 297 0 1
166 297 0 1
173 297 0 1
174 297 0 1
175 297 0 1
181 297 0 1
182 297 0 1
184 297 0 1
194 297 0 1
197 297 0 1
198 297 0 1
199 297 0 1
92 298 0 1
94 298 0 1
95 298 0 1
98 298 0 1
99 298 0 1
101 298 0 1
113 298 0 1
114 298 0 1
120 298 0 1
124 298 0 1
125 298 0 1
132 298 0 1
134 298 0 1
135 298 0 1
137 298 0 1
157 298 0 1
158 298 0 1
159 298 0 1
160 298 0 1
165 298 0 1
172 298 0 1
176 298 0 1
177 298 0 1
178 298 0 1
179 298 0 1
185 298 0 1
88 299 0 1
92 299 0 1
93 299 0 1
95 299 0 1
96 299 0 1
97 299 0 1
98 299 0 1
99 299 0 1
101 299 0 1
110 299 0 1
113 299 0 1
114 299 0 1
116 299 0 1
120 299 0 1
121 299 0 1
124 299 0 1
125 299 0 1
131 299 0 1
133 299 0 1
134 299 0 1
137 299 0 1
145 299 0 1
164 299 0 1
175 299 0 1
176 299 0 1
177 299 0 1
178 299 0 1
179 299 0 1
183 299 0 1
185 299 0 1
92 300 0 1
94 300 0 1
95 300 0 1
96 300 0 1
98 300 0 1
99 300 0 1
101 300 0 1
110 300 0 1
113 300 0 1
114 300 0 1
120 300 0 1
121 300 0 1
124 300 0 1
125 300 0 1
133 300 0 1
134 300 0 1
135 300 0 1
137 300 0 1
172 300 0 1
176 300 0 1
177 300 0 1
178 300 0 1
179 300 0 1
183 300 0 1
185 300 0 1
86 301 0 1
88 301 0 1
91 301 0 1
92 301 0 1
93 301 0 1
96 301 0 1
97 301 0 1
105 301 0 1
110 301 0 1
116 301 0 1
120 301 0 1
121 301 0 1
125 301 0 1
127 301 0 1
131 301 0 1
133 301 0 1
134 301 0 1
138 301 0 1
139 301 0 1
141 301 0 1
145 301 0 1
175 301 0 1
176 301 0 1
179 301 0 1
183 301 0 1
184 301 0 1
196 301 0 1
89 302 0 1
90 302 0 1
100 302 0 1
102 302 0 1
104 302 0 1
107 302 0 1
108 302 0 1
109 302 0 1
111 302 0 1
112 302 0 1
115 302 0 1
117 302 0 1
118 302 0 1
119 302 0 1
122 302 0 1
126 302 0 1
128 302 0 1
129 302 0 1
130 302 0 1
142 302 0 1
143 302 0 1
161 302 0 1
162 302 0 1
173 302 0 1
174 302 0 1
180 302 0 1
181 302 0 1
182 302 0 1
198 302 0 1
199 302 0 1
200 302 0 1
201 302 0 1
86 303 0 1
87 303 0 1
89 303 0 1
91 303 0 1
93 303 0 1
97 303 0 1
102 303 0 1
105 303 0 1
106 303 0 1
116 303 0 1
117 303 0 1
118 303 0 1
122 303 0 1
123 303 0 1
127 303 0 1
130 303 0 1
136 303 0 1
140 303 0 1
143 303 0 1
144 303 0 1
166 303 0 1
173 303 0 1
174 303 0 1
175 303 0 1
181 303 0 1
182 303 0 1
184 303 0 1
197 303 0 1
198 303 0 1
86 304 0 1
87 304 0 1
89 304 0 1
91 304 0 1
93 304 0 1
96 304 0 1
97 304 0 1
102 304 0 1
105 304 0 1
106 304 0 1
116 304 0 1
117 304 0 1
118 304 0 1
122 304 0 1
123 304 0 1
127 304 0 1
130 304 0 1
136 304 0 1
139 304 0 1
140 304 0 1
143 304 0 1
144 304 0 1
166 304 0 1
167 304 0 1
174 304 0 1
175 304 0 1
181 304 0 1
182 304 0 1
183 304 0 1
184 304 0 1
86 305 0 1
87 305 0 1
88 305 0 1
91 305 0 1
93 305 0 1
96 305 0 1
97 305 0 1
102 305 0 1
105 305 0 1
106 305 0 1
110 305 0 1
116 305 0 1
121 305 0 1
123 305 0 1
127 305 0 1
130 305 0 1
131 305 0 1
136 305 0 1
138 305 0 1
139 305 0 1
140 305 0 1
141 305 0 1
144 305 0 1
166 305 0 1
167 305 0 1
174 305 0 1
175 305 0 1
182 305 0 1
183 305 0 1
184 305 0 1
92 306 0 1
94 306 0 1
95 306 0 1
98 306 0 1
99 306 0 1
101 306 0 1
103 306 0 1
113 306 0 1
114 306 0 1
120 306 0 1
121 306 0 1
124 306 0 1
125 306 0 1
132 306 0 1
134 306 0 1
135 306 0 1
137 306 0 1
158 306 0 1
165 306 0 1
172 306 0 1
176 306 0 1
177 306 0 1
178 306 0 1
179 306 0 1
185 306 0 1
92 307 0 1
94 307 0 1
95 307 0 1
98 307 0 1
99 307 0 1
101 307 0 1
113 307 0 1
114 307 0 1
120 307 0 1
121 307 0 1
124 307 0 1
125 307 0 1
132 307 0 1
133 307 0 1
134 307 0 1
135 307 0 1
137 307 0 1
145 307 0 1
158 307 0 1
160 307 0 1
164 307 0 1
165 307 0 1
172 307 0 1
176 307 0 1
177 307 0 1
178 307 0 1
179 307 0 1
185 307 0 1
86 308 0 1
91 308 0 1
93 308 0 1
96 308 0 1
97 308 0 1
102 308 0 1
105 308 0 1
106 308 0 1
116 308 0 1
117 308 0 1
121 308 0 1
122 308 0 1
123 308 0 1
127 308 0 1
130 308 0 1
131 308 0 1
136 308 0 1
138 308 0 1
139 308 0 1
140 308 0 1
141 308 0 1
143 308 0 1
144 308 0 1
166 308 0 1
167 308 0 1
171 308 0 1
174 308 0 1
175 308 0 1
182 308 0 1
183 308 0 1
184 308 0 1
90 309 0 1
100 309 0 1
102 309 0 1
104 309 0 1
107 309 0 1
108 309 0 1
109 309 0 1
111 309 0 1
112 309 0 1
115 309 0 1
117 309 0 1
118 309 0 1
119 309 0 1
122 309 0 1
126 309 0 1
128 309 0 1
129 309 0 1
130 309 0 1
142 309 0 1
161 309 0 1
162 309 0 1
173 309 0 1
174 309 0 1
180 309 0 1
181 309 0 1
182 309 0 1
201 309 0 1
88 310 0 1
91 310 0 1
92 310 0 1
93 310 0 1
95 310 0 1
96 310 0 1
97 310 0 1
98 310 0 1
110 310 0 1
113 310 0 1
116 310 0 1
120 310 0 1
121 310 0 1
124 310 0 1
125 310 0 1
127 310 0 1
131 310 0 1
133 310 0 1
134 310 0 1
137 310 0 1
138 310 0 1
145 310 0 1
164 310 0 1
170 310 0 1
175 310 0 1
176 310 0 1
177 310 0 1
179 310 0 1
183 310 0 1
185 310 0 1
86 311 0 1
88 311 0 1
91 311 0 1
92 311 0 1
93 311 0 1
96 311 0 1
97 311 0 1
105 311 0 1
110 311 0 1
116 311 0 1
120 311 0 1
121 311 0 1
123 311 0 1
125 311 0 1
127 311 0 1
131 311 0 1
133 311 0 1
134 311 0 1
138 311 0 1
139 311 0 1
140 311 0 1
141 311 0 1
145 311 0 1
163 311 0 1
167 311 0 1
175 311 0 1
176 311 0 1
183 311 0 1
184 311 0 1
86 312 0 1
88 312 0 1
91 312 0 1
93 312 0 1
96 312 0 1
97 312 0 1
105 312 0 1
110 312 0 1
116 312 0 1
120 312 0 1
121 312 0 1
123 312 0 1
125 312 0 1
127 312 0 1
131 312 0 1
133 312 0 1
136 312 0 1
138 312 0 1
139 312 0 1
140 312 0 1
141 312 0 1
145 312 0 1
163 312 0 1
167 312 0 1
175 312 0 1
176 312 0 1
183 312 0 1
184 312 0 1
86 313 0 1
88 313 0 1
91 313 0 1
93 313 0 1
96 313 0 1
97 313 0 1
105 313 0 1
106 313 0 1
110 313 0 1
116 313 0 1
121 313 0 1
123 313 0 1
127 313 0 1
131 313 0 1
133 313 0 1
136 313 0 1
138 313 0 1
139 313 0 1
140 313 0 1
141 313 0 1
144 313 0 1
163 313 0 1
166 313 0 1
167 313 0 1
175 313 0 1
176 313 0 1
183 313 0 1
184 313 0 1
91 314 0 1
92 314 0 1
93 314 0 1
96 314 0 1
97 314 0 1
110 314 0 1
116 314 0 1
120 314 0 1
121 314 0 1
125 314 0 1
127 314 0 1
131 314 0 1
133 314 0 1
134 314 0 1
138 314 0 1
139 314 0 1
141 314 0 1
145 314 0 1
163 314 0 1
164 314 0 1
167 314 0 1
170 314 0 1
175 314 0 1
176 314 0 1
179 314 0 1
183 314 0 1
185 314 0 1
92 315 0 1
95 315 0 1
96 315 0 1
98 315 0 1
99 315 0 1
101 315 0 1
110 315 0 1
113 315 0 1
114 315 0 1
120 315 0 1
121 315 0 1
124 315 0 1
125 315 0 1
131 315 0 1
133 315 0 1
134 315 0 1
135 315 0 1
137 315 0 1
138 315 0 1
145 315 0 1
158 315 0 1
164 315 0 1
165 315 0 1
170 315 0 1
172 315 0 1
175 315 0 1
176 315 0 1
177 315 0 1
178 315 0 1
179 315 0 1
183 315 0 1
185 315 0 1
90 316 0 1
100 316 0 1
104 316 0 1
108 316 0 1
109 316 0 1
111 316 0 1
112 316 0 1
115 316 0 1
117 316 0 1
118 316 0 1
119 316 0 1
122 316 0 1
126 316 0 1
128 316 0 1
129 316 0 1
130 316 0 1
142 316 0 1
161 316 0 1
162 316 0 1
173 316 0 1
174 316 0 1
180 316 0 1
181 316 0 1
182 316 0 1
90 317 0 1
100 317 0 1
102 317 0 1
111 317 0 1
112 317 0 1
115 317 0 1
117 317 0 1
118 317 0 1
119 317 0 1
122 317 0 1
123 317 0 1
126 317 0 1
129 317 0 1
130 317 0 1
142 317 0 1
143 317 0 1
144 317 0 1
161 317 0 1
162 317 0 1
166 317 0 1
168 317 0 1
169 317 0 1
173 317 0 1
174 317 0 1
180 317 0 1
181 317 0 1
182 317 0 1
91 318 0 1
92 318 0 1
93 318 0 1
96 318 0 1
97 318 0 1
110 318 0 1
116 318 0 1
120 318 0 1
121 318 0 1
123 318 0 1
125 318 0 1
127 318 0 1
131 318 0 1
133 318 0 1
134 318 0 1
136 318 0 1
138 318 0 1
139 318 0 1
140 318 0 1
141 318 0 1
145 318 0 1
163 318 0 1
164 318 0 1
167 318 0 1
170 318 0 1
175 318 0 1
176 318 0 1
179 318 0 1
183 318 0 1
184 318 0 1
124 319 0 1
132 319 0 1
134 319 0 1
135 319 0 1
137 319 0 1
150 319 0 1
151 319 0 1
152 319 0 1
157 319 0 1
158 319 0 1
159 319 0 1
160 319 0 1
165 319 0 1
172 319 0 1
177 319 0 1
178 319 0 1
179 319 0 1
185 319 0 1
115 320 0 1
118 320 0 1
119 320 0 1
122 320 0 1
126 320 0 1
128 320 0 1
129 320 0 1
142 320 0 1
146 320 0 1
161 320 0 1
162 320 0 1
173 320 0 1
180 320 0 1
181 320 0 1
182 320 0 1
120 321 0 1
121 321 0 1
124 321 0 1
125 321 0 1
131 321 0 1
132 321 0 1
133 321 0 1
134 321 0 1
135 321 0 1
137 321 0 1
138 321 0 1
145 321 0 1
149 321 0 1
150 321 0 1
151 321 0 1
152 321 0 1
156 321 0 1
157 321 0 1
158 321 0 1
159 321 0 1
160 321 0 1
164 321 0 1
165 321 0 1
170 321 0 1
172 321 0 1
176 321 0 1
177 321 0 1
178 321 0 1
179 321 0 1
185 321 0 1
120 322 0 1
121 322 0 1
124 322 0 1
125 322 0 1
127 322 0 1
131 322 0 1
133 322 0 1
134 322 0 1
135 322 0 1
137 322 0 1
138 322 0 1
139 322 0 1
141 322 0 1
145 322 0 1
149 322 0 1
150 322 0 1
151 322 0 1
152 322 0 1
154 322 0 1
156 322 0 1
158 322 0 1
160 322 0 1
163 322 0 1
164 322 0 1
165 322 0 1
167 322 0 1
170 322 0 1
175 322 0 1
176 322 0 1
179 322 0 1
183 322 0 1
185 322 0 1
117 323 0 1
118 323 0 1
119 323 0 1
122 323 0 1
123 323 0 1
126 323 0 1
128 323 0 1
129 323 0 1
130 323 0 1
136 323 0 1
140 323 0 1
142 323 0 1
143 323 0 1
144 323 0 1
147 323 0 1
148 323 0 1
153 323 0 1
161 323 0 1
162 323 0 1
166 323 0 1
168 323 0 1
169 323 0 1
171 323 0 1
173 323 0 1
174 323 0 1
180 323 0 1
181 323 0 1
182 323 0 1
184 323 0 1
124 324 0 1
125 324 0 1
132 324 0 1
134 324 0 1
135 324 0 1
137 324 0 1
145 324 0 1
149 324 0 1
150 324 0 1
151 324 0 1
152 324 0 1
157 324 0 1
158 324 0 1
159 324 0 1
160 324 0 1
164 324 0 1
165 324 0 1
170 324 0 1
177 324 0 1
178 324 0 1
179 324 0 1
185 324 0 1
120 325 0 1
124 325 0 1
125 325 0 1
132 325 0 1
133 325 0 1
134 325 0 1
135 325 0 1
137 325 0 1
145 325 0 1
149 325 0 1
150 325 0 1
151 325 0 1
152 325 0 1
157 325 0 1
158 325 0 1
159 325 0 1
160 325 0 1
164 325 0 1
165 325 0 1
170 325 0 1
172 325 0 1
176 325 0 1
177 325 0 1
178 325 0 1
179 325 0 1
185 325 0 1
120 326 0 1
121 326 0 1
125 326 0 1
127 326 0 1
131 326 0 1
133 326 0 1
134 326 0 1
137 326 0 1
138 326 0 1
139 326 0 1
140 326 0 1
141 326 0 1
145 326 0 1
149 326 0 1
151 326 0 1
152 326 0 1
154 326 0 1
155 326 0 1
156 326 0 1
158 326 0 1
163 326 0 1
164 326 0 1
165 326 0 1
167 326 0 1
170 326 0 1
171 326 0 1
175 326 0 1
176 326 0 1
179 326 0 1
183 326 0 1
122 327 0 1
123 327 0 1
130 327 0 1
136 327 0 1
139 327 0 1
140 327 0 1
141 327 0 1
142 327 0 1
143 327 0 1
144 327 0 1
147 327 0 1
148 327 0 1
153 327 0 1
155 327 0 1
161 327 0 1
162 327 0 1
166 327 0 1
167 327 0 1
168 327 0 1
169 327 0 1
171 327 0 1
173 327 0 1
174 327 0 1
181 327 0 1
182 327 0 1
184 327 0 1
118 328 0 1
122 328 0 1
123 328 0 1
126 328 0 1
129 328 0 1
130 328 0 1
136 328 0 1
140 328 0 1
142 328 0 1
143 328 0 1
144 328 0 1
147 328 0 1
148 328 0 1
153 328 0 1
155 328 0 1
161 328 0 1
162 328 0 1
166 328 0 1
167 328 0 1
168 328 0 1
169 328 0 1
171 328 0 1
173 328 0 1
174 328 0 1
180 328 0 1
181 328 0 1
182 328 0 1
184 328 0 1
93 329 0 1
116 329 0 1
120 329 0 1
121 329 0 1
123 329 0 1
125 329 0 1
127 329 0 1
131 329 0 1
133 329 0 1
134 329 0 1
136 329 0 1
138 329 0 1
139 329 0 1
140 329 0 1
141 329 0 1
145 329 0 1
149 329 0 1
152 329 0 1
154 329 0 1
155 329 0 1
156 329 0 1
163 329 0 1
164 329 0 1
167 329 0 1
170 329 0 1
171 329 0 1
175 329 0 1
176 329 0 1
179 329 0 1
183 329 0 1
184 329 0 1
91 330 0 1
93 330 0 1
116 330 0 1
121 330 0 1
123 330 0 1
127 330 0 1
131 330 0 1
133 330 0 1
136 330 0 1
138 330 0 1
139 330 0 1
140 330 0 1
141 330 0 1
144 330 0 1
145 330 0 1
147 330 0 1
148 330 0 1
153 330 0 1
154 330 0 1
155 330 0 1
156 330 0 1
163 330 0 1
164 330 0 1
166 330 0 1
167 330 0 1
169 330 0 1
170 330 0 1
171 330 0 1
175 330 0 1
176 330 0 1
183 330 0 1
184 330 0 1
91 331 0 1
93 331 0 1
116 331 0 1
121 331 0 1
123 331 0 1
127 331 0 1
130 331 0 1
131 331 0 1
133 331 0 1
136 331 0 1
138 331 0 1
139 331 0 1
140 331 0 1
141 331 0 1
143 331 0 1
144 331 0 1
145 331 0 1
147 331 0 1
148 331 0 1
153 331 0 1
154 331 0 1
155 331 0 1
156 331 0 1
163 331 0 1
166 331 0 1
167 331 0 1
169 331 0 1
171 331 0 1
175 331 0 1
183 331 0 1
184 331 0 1
116 332 0 1
117 332 0 1
118 332 0 1
122 332 0 1
123 332 0 1
127 332 0 1
130 332 0 1
136 332 0 1
138 332 0 1
139 332 0 1
140 332 0 1
141 332 0 1
143 332 0 1
144 332 0 1
147 332 0 1
148 332 0 1
153 332 0 1
155 332 0 1
162 332 0 1
163 332 0 1
166 332 0 1
167 332 0 1
168 332 0 1
169 332 0 1
171 332 0 1
173 332 0 1
174 332 0 1
175 332 0 1
181 332 0 1
182 332 0 1
184 332 0 1
102 333 0 1
115 333 0 1
117 333 0 1
118 333 0 1
119 333 0 1
122 333 0 1
123 333 0 1
126 333 0 1
129 333 0 1
130 333 0 1
136 333 0 1
140 333 0 1
142 333 0 1
143 333 0 1
144 333 0 1
147 333 0 1
148 333 0 1
153 333 0 1
161 333 0 1
162 333 0 1
166 333 0 1
167 333 0 1
168 333 0 1
169 333 0 1
171 333 0 1
173 333 0 1
174 333 0 1
180 333 0 1
181 333 0 1
182 333 0 1
184 333 0 1
90 334 0 1
102 334 0 1
115 334 0 1
117 334 0 1
118 334 0 1
119 334 0 1
122 334 0 1
123 334 0 1
126 334 0 1
128 334 0 1
129 334 0 1
130 334 0 1
136 334 0 1
142 334 0 1
143 334 0 1
144 334 0 1
148 334 0 1
153 334 0 1
161 334 0 1
162 334 0 1
166 334 0 1
168 334 0 1
169 334 0 1
173 334 0 1
174 334 0 1
180 334 0 1
181 334 0 1
182 334 0 1
91 335 0 1
93 335 0 1
116 335 0 1
121 335 0 1
123 335 0 1
127 335 0 1
130 335 0 1
131 335 0 1
133 335 0 1
136 335 0 1
138 335 0 1
139 335 0 1
140 335 0 1
141 335 0 1
143 335 0 1
144 335 0 1
147 335 0 1
148 335 0 1
153 335 0 1
154 335 0 1
155 335 0 1
156 335 0 1
163 335 0 1
166 335 0 1
167 335 0 1
168 335 0 1
169 335 0 1
171 335 0 1
174 335 0 1
175 335 0 1
182 335 0 1
183 335 0 1
184 335 0 1
124 336 0 1
125 336 0 1
133 336 0 1
134 336 0 1
135 336 0 1
137 336 0 1
145 336 0 1
149 336 0 1
150 336 0 1
151 336 0 1
152 336 0 1
154 336 0 1
156 336 0 1
157 336 0 1
158 336 0 1
159 336 0 1
160 336 0 1
164 336 0 1
165 336 0 1
170 336 0 1
128 337 0 1
129 337 0 1
142 337 0 1
146 337 0 1
161 337 0 1
162 337 0 1
126 338 0 1
128 338 0 1
129 338 0 1
130 338 0 1
142 338 0 1
143 338 0 1
146 338 0 1
161 338 0 1
162 338 0 1
168 338 0 1
169 338 0 1
130 339 0 1
136 339 0 1
140 339 0 1
143 339 0 1
144 339 0 1
147 339 0 1
148 339 0 1
153 339 0 1
155 339 0 1
162 339 0 1
166 339 0 1
167 339 0 1
168 339 0 1
169 339 0 1
171 339 0 1
125 340 0 1
133 340 0 1
134 340 0 1
135 340 0 1
137 340 0 1
145 340 0 1
149 340 0 1
150 340 0 1
151 340 0 1
152 340 0 1
154 340 0 1
156 340 0 1
158 340 0 1
159 340 0 1
160 340 0 1
164 340 0 1
165 340 0 1
170 340 0 1
127 341 0 1
131 341 0 1
133 341 0 1
136 341 0 1
138 341 0 1
139 341 0 1
140 341 0 1
141 341 0 1
144 341 0 1
145 341 0 1
147 341 0 1
148 341 0 1
149 341 0 1
152 341 0 1
153 341 0 1
154 341 0 1
155 341 0 1
156 341 0 1
163 341 0 1
164 341 0 1
166 341 0 1
167 341 0 1
170 341 0 1
171 341 0 1
183 341 0 1
134 342 0 1
135 342 0 1
137 342 0 1
145 342 0 1
149 342 0 1
150 342 0 1
151 342 0 1
152 342 0 1
156 342 0 1
157 342 0 1
158 342 0 1
159 342 0 1
160 342 0 1
164 342 0 1
165 342 0 1
170 342 0 1
128 343 0 1
129 343 0 1
130 343 0 1
142 343 0 1
143 343 0 1
146 343 0 1
161 343 0 1
162 343 0 1
166 343 0 1
168 343 0 1
169 343 0 1
130 344 0 1
136 344 0 1
139 344 0 1
140 344 0 1
141 344 0 1
143 344 0 1
144 344 0 1
147 344 0 1
148 344 0 1
153 344 0 1
154 344 0 1
155 344 0 1
162 344 0 1
163 344 0 1
166 344 0 1
167 344 0 1
168 344 0 1
169 344 0 1
171 344 0 1
125 345 0 1
127 345 0 1
131 345 0 1
133 345 0 1
134 345 0 1
137 345 0 1
138 345 0 1
139 345 0 1
141 345 0 1
145 345 0 1
149 345 0 1
150 345 0 1
151 345 0 1
152 345 0 1
154 345 0 1
155 345 0 1
156 345 0 1
158 345 0 1
159 345 0 1
160 345 0 1
163 345 0 1
164 345 0 1
165 345 0 1
167 345 0 1
170 345 0 1
183 345 0 1
123 346 0 1
127 346 0 1
131 346 0 1
133 346 0 1
136 346 0 1
138 346 0 1
139 346 0 1
140 346 0 1
141 346 0 1
144 346 0 1
145 346 0 1
147 346 0 1
148 346 0 1
149 346 0 1
152 346 0 1
153 346 0 1
154 346 0 1
155 346 0 1
156 346 0 1
163 346 0 1
164 346 0 1
166 346 0 1
167 346 0 1
170 346 0 1
171 346 0 1
175 346 0 1
183 346 0 1
126 347 0 1
128 347 0 1
129 347 0 1
130 347 0 1
142 347 0 1
143 347 0 1
144 347 0 1
146 347 0 1
148 347 0 1
161 347 0 1
162 347 0 1
166 347 0 1
168 347 0 1
169 347 0 1
173 347 0 1
180 347 0 1
181 347 0 1
182 347 0 1
126 348 0 1
128 348 0 1
129 348 0 1
142 348 0 1
146 348 0 1
161 348 0 1
162 348 0 1
126 349 0 1
128 349 0 1
129 349 0 1
142 349 0 1
146 349 0 1
161 349 0 1
162 349 0 1
168 349 0 1
180 349 0 1
126 350 0 1
128 350 0 1
129 350 0 1
130 350 0 1
142 350 0 1
143 350 0 1
146 350 0 1
161 350 0 1
162 350 0 1
168 350 0 1
169 350 0 1
180 350 0 1
181 350 0 1
125 351 0 1
127 351 0 1
131 351 0 1
133 351 0 1
134 351 0 1
137 351 0 1
138 351 0 1
139 351 0 1
141 351 0 1
145 351 0 1
149 351 0 1
151 351 0 1
152 351 0 1
154 351 0 1
155 351 0 1
156 351 0 1
158 351 0 1
163 351 0 1
164 351 0 1
165 351 0 1
167 351 0 1
170 351 0 1
183 351 0 1
125 352 0 1
127 352 0 1
131 352 0 1
133 352 0 1
134 352 0 1
138 352 0 1
139 352 0 1
140 352 0 1
141 352 0 1
145 352 0 1
147 352 0 1
149 352 0 1
151 352 0 1
152 352 0 1
153 352 0 1
154 352 0 1
155 352 0 1
156 352 0 1
163 352 0 1
164 352 0 1
167 352 0 1
170 352 0 1
171 352 0 1
183 352 0 1
123 353 0 1
127 353 0 1
131 353 0 1
133 353 0 1
136 353 0 1
138 353 0 1
139 353 0 1
140 353 0 1
141 353 0 1
144 353 0 1
145 353 0 1
147 353 0 1
148 353 0 1
149 353 0 1
153 353 0 1
154 353 0 1
155 353 0 1
156 353 0 1
163 353 0 1
164 353 0 1
166 353 0 1
167 353 0 1
169 353 0 1
170 353 0 1
171 353 0 1
183 353 0 1
123 354 0 1
130 354 0 1
136 354 0 1
139 354 0 1
140 354 0 1
141 354 0 1
143 354 0 1
144 354 0 1
147 354 0 1
148 354 0 1
153 354 0 1
155 354 0 1
162 354 0 1
166 354 0 1
167 354 0 1
168 354 0 1
169 354 0 1
171 354 0 1
174 354 0 1
181 354 0 1
182 354 0 1
184 354 0 1
122 355 0 1
123 355 0 1
126 355 0 1
128 355 0 1
129 355 0 1
130 355 0 1
136 355 0 1
142 355 0 1
143 355 0 1
144 355 0 1
146 355 0 1
147 355 0 1
148 355 0 1
153 355 0 1
161 355 0 1
162 355 0 1
166 355 0 1
168 355 0 1
169 355 0 1
171 355 0 1
173 355 0 1
174 355 0 1
180 355 0 1
181 355 0 1
182 355 0 1
123 356 0 1
127 356 0 1
130 356 0 1
131 356 0 1
133 356 0 1
136 356 0 1
138 356 0 1
139 356 0 1
140 356 0 1
141 356 0 1
143 356 0 1
144 356 0 1
147 356 0 1
148 356 0 1
149 356 0 1
153 356 0 1
154 356 0 1
155 356 0 1
156 356 0 1
163 356 0 1
166 356 0 1
167 356 0 1
168 356 0 1
169 356 0 1
171 356 0 1
175 356 0 1
183 356 0 1
184 356 0 1
121 357 0 1
125 357 0 1
127 357 0 1
131 357 0 1
133 357 0 1
134 357 0 1
138 357 0 1
139 357 0 1
140 357 0 1
141 357 0 1
145 357 0 1
149 357 0 1
151 357 0 1
152 357 0 1
153 357 0 1
154 357 0 1
155 357 0 1
156 357 0 1
158 357 0 1
163 357 0 1
164 357 0 1
167 357 0 1
170 357 0 1
171 357 0 1
175 357 0 1
176 357 0 1
183 357 0 1
115 358 0 1
118 358 0 1
119 358 0 1
122 358 0 1
126 358 0 1
128 358 0 1
129 358 0 1
130 358 0 1
142 358 0 1
143 358 0 1
146 358 0 1
161 358 0 1
162 358 0 1
166 358 0 1
168 358 0 1
169 358 0 1
173 358 0 1
174 358 0 1
180 358 0 1
181 358 0 1
182 358 0 1
119 359 0 1
126 359 0 1
128 359 0 1
129 359 0 1
142 359 0 1
146 359 0 1
161 359 0 1
162 359 0 1
168 359 0 1
173 359 0 1
180 359 0 1
181 359 0 1
120 360 0 1
124 360 0 1
125 360 0 1
132 360 0 1
133 360 0 1
134 360 0 1
135 360 0 1
137 360 0 1
145 360 0 1
149 360 0 1
150 360 0 1
151 360 0 1
152 360 0 1
156 360 0 1
157 360 0 1
158 360 0 1
159 360 0 1
160 360 0 1
164 360 0 1
165 360 0 1
170 360 0 1
176 360 0 1
177 360 0 1
178 360 0 1
179 360 0 1
185 360 0 1
120 361 0 1
121 361 0 1
124 361 0 1
125 361 0 1
127 361 0 1
131 361 0 1
133 361 0 1
134 361 0 1
135 361 0 1
137 361 0 1
138 361 0 1
139 361 0 1
141 361 0 1
145 361 0 1
149 361 0 1
150 361 0 1
151 361 0 1
152 361 0 1
154 361 0 1
156 361 0 1
158 361 0 1
159 361 0 1
160 361 0 1
163 361 0 1
164 361 0 1
165 361 0 1
167 361 0 1
170 361 0 1
175 361 0 1
176 361 0 1
179 361 0 1
183 361 0 1
185 361 0 1
120 362 0 1
121 362 0 1
124 362 0 1
125 362 0 1
127 362 0 1
131 362 0 1
133 362 0 1
134 362 0 1
137 362 0 1
138 362 0 1
139 362 0 1
141 362 0 1
145 362 0 1
149 362 0 1
150 362 0 1
151 362 0 1
152 362 0 1
154 362 0 1
155 362 0 1
156 362 0 1
158 362 0 1
160 362 0 1
163 362 0 1
164 362 0 1
165 362 0 1
167 362 0 1
170 362 0 1
175 362 0 1
176 362 0 1
179 362 0 1
183 362 0 1
185 362 0 1
122 363 0 1
123 363 0 1
126 363 0 1
129 363 0 1
130 363 0 1
136 363 0 1
142 363 0 1
143 363 0 1
144 363 0 1
147 363 0 1
148 363 0 1
153 363 0 1
161 363 0 1
162 363 0 1
166 363 0 1
168 363 0 1
169 363 0 1
171 363 0 1
173 363 0 1
174 363 0 1
180 363 0 1
181 363 0 1
182 363 0 1
121 364 0 1
125 364 0 1
127 364 0 1
131 364 0 1
133 364 0 1
134 364 0 1
136 364 0 1
138 364 0 1
139 364 0 1
140 364 0 1
141 364 0 1
145 364 0 1
147 364 0 1
149 364 0 1
151 364 0 1
152 364 0 1
153 364 0 1
154 364 0 1
155 364 0 1
156 364 0 1
163 364 0 1
164 364 0 1
167 364 0 1
170 364 0 1
171 364 0 1
175 364 0 1
176 364 0 1
183 364 0 1
184 364 0 1
126 365 0 1
128 365 0 1
129 365 0 1
130 365 0 1
142 365 0 1
143 365 0 1
144 365 0 1
146 365 0 1
148 365 0 1
153 365 0 1
161 365 0 1
162 365 0 1
166 365 0 1
168 365 0 1
169 365 0 1
173 365 0 1
174 365 0 1
180 365 0 1
181 365 0 1
182 365 0 1
123 366 0 1
130 366 0 1
136 366 0 1
140 366 0 1
142 366 0 1
143 366 0 1
144 366 0 1
147 366 0 1
148 366 0 1
153 366 0 1
155 366 0 1
161 366 0 1
162 366 0 1
166 366 0 1
167 366 0 1
168 366 0 1
169 366 0 1
171 366 0 1
174 366 0 1
181 366 0 1
182 366 0 1
184 366 0 1
125 367 0 1
127 367 0 1
131 367 0 1
133 367 0 1
134 367 0 1
137 367 0 1
138 367 0 1
139 367 0 1
140 367 0 1
141 367 0 1
145 367 0 1
149 367 0 1
151 367 0 1
152 367 0 1
154 367 0 1
155 367 0 1
156 367 0 1
158 367 0 1
163 367 0 1
164 367 0 1
167 367 0 1
170 367 0 1
175 367 0 1
183 367 0 1
123 368 0 1
126 368 0 1
129 368 0 1
130 368 0 1
136 368 0 1
140 368 0 1
142 368 0 1
143 368 0 1
144 368 0 1
147 368 0 1
148 368 0 1
153 368 0 1
155 368 0 1
161 368 0 1
162 368 0 1
166 368 0 1
167 368 0 1
168 368 0 1
169 368 0 1
171 368 0 1
173 368 0 1
174 368 0 1
180 368 0 1
181 368 0 1
182 368 0 1
92 369 0 1
93 369 0 1
95 369 0 1
96 369 0 1
98 369 0 1
99 369 0 1
101 369 0 1
113 369 0 1
116 369 0 1
120 369 0 1
121 369 0 1
124 369 0 1
125 369 0 1
127 369 0 1
131 369 0 1
132 369 0 1
133 369 0 1
134 369 0 1
135 369 0 1
137 369 0 1
138 369 0 1
139 369 0 1
141 369 0 1
145 369 0 1
150 369 0 1
151 369 0 1
152 369 0 1
156 369 0 1
157 369 0 1
158 369 0 1
159 369 0 1
160 369 0 1
163 369 0 1
164 369 0 1
165 369 0 1
170 369 0 1
172 369 0 1
175 369 0 1
176 369 0 1
177 369 0 1
178 369 0 1
179 369 0 1
183 369 0 1
185 369 0 1
92 370 0 1
94 370 0 1
95 370 0 1
98 370 0 1
99 370 0 1
101 370 0 1
113 370 0 1
114 370 0 1
120 370 0 1
121 370 0 1
124 370 0 1
125 370 0 1
132 370 0 1
134 370 0 1
135 370 0 1
137 370 0 1
150 370 0 1
151 370 0 1
152 370 0 1
157 370 0 1
158 370 0 1
159 370 0 1
160 370 0 1
164 370 0 1
165 370 0 1
170 370 0 1
172 370 0 1
176 370 0 1
177 370 0 1
178 370 0 1
179 370 0 1
185 370 0 1
89 371 0 1
90 371 0 1
91 371 0 1
93 371 0 1
102 371 0 1
106 371 0 1
107 371 0 1
111 371 0 1
115 371 0 1
116 371 0 1
117 371 0 1
118 371 0 1
119 371 0 1
122 371 0 1
123 371 0 1
126 371 0 1
130 371 0 1
136 371 0 1
140 371 0 1
142 371 0 1
143 371 0 1
144 371 0 1
161 371 0 1
162 371 0 1
166 371 0 1
167 371 0 1
168 371 0 1
169 371 0 1
171 371 0 1
173 371 0 1
174 371 0 1
180 371 0 1
181 371 0 1
182 371 0 1
184 371 0 1
198 371 0 1
91 372 0 1
93 372 0 1
97 372 0 1
102 372 0 1
105 372 0 1
106 372 0 1
116 372 0 1
117 372 0 1
118 372 0 1
122 372 0 1
123 372 0 1
127 372 0 1
130 372 0 1
131 372 0 1
136 372 0 1
138 372 0 1
139 372 0 1
140 372 0 1
141 372 0 1
143 372 0 1
144 372 0 1
147 372 0 1
148 372 0 1
153 372 0 1
155 372 0 1
163 372 0 1
166 372 0 1
167 372 0 1
168 372 0 1
169 372 0 1
171 372 0 1
173 372 0 1
174 372 0 1
175 372 0 1
181 372 0 1
182 372 0 1
183 372 0 1
184 372 0 1
91 373 0 1
93 373 0 1
96 373 0 1
97 373 0 1
102 373 0 1
105 373 0 1
106 373 0 1
116 373 0 1
121 373 0 1
123 373 0 1
127 373 0 1
130 373 0 1
131 373 0 1
133 373 0 1
136 373 0 1
138 373 0 1
139 373 0 1
140 373 0 1
141 373 0 1
143 373 0 1
144 373 0 1
153 373 0 1
163 373 0 1
166 373 0 1
167 373 0 1
169 373 0 1
171 373 0 1
174 373 0 1
175 373 0 1
182 373 0 1
183 373 0 1
184 373 0 1
91 374 0 1
92 374 0 1
93 374 0 1
96 374 0 1
97 374 0 1
116 374 0 1
120 374 0 1
121 374 0 1
125 374 0 1
127 374 0 1
131 374 0 1
133 374 0 1
134 374 0 1
137 374 0 1
138 374 0 1
139 374 0 1
140 374 0 1
141 374 0 1
145 374 0 1
152 374 0 1
163 374 0 1
164 374 0 1
167 374 0 1
170 374 0 1
175 374 0 1
176 374 0 1
179 374 0 1
183 374 0 1
184 374 0 1
185 374 0 1
91 375 0 1
93 375 0 1
96 375 0 1
97 375 0 1
116 375 0 1
121 375 0 1
123 375 0 1
127 375 0 1
130 375 0 1
131 375 0 1
133 375 0 1
136 375 0 1
138 375 0 1
139 375 0 1
140 375 0 1
141 375 0 1
143 375 0 1
144 375 0 1
145 375 0 1
153 375 0 1
155 375 0 1
163 375 0 1
166 375 0 1
167 375 0 1
171 375 0 1
174 375 0 1
175 375 0 1
176 375 0 1
183 375 0 1
184 375 0 1
90 376 0 1
100 376 0 1
104 376 0 1
109 376 0 1
112 376 0 1
115 376 0 1
117 376 0 1
118 376 0 1
119 376 0 1
122 376 0 1
126 376 0 1
128 376 0 1
129 376 0 1
142 376 0 1
146 376 0 1
161 376 0 1
162 376 0 1
173 376 0 1
180 376 0 1
181 376 0 1
182 376 0 1
90 377 0 1
100 377 0 1
104 377 0 1
115 377 0 1
117 377 0 1
118 377 0 1
119 377 0 1
122 377 0 1
126 377 0 1
128 377 0 1
129 377 0 1
142 377 0 1
161 377 0 1
162 377 0 1
173 377 0 1
174 377 0 1
180 377 0 1
181 377 0 1
182 377 0 1
91 378 0 1
93 378 0 1
102 378 0 1
116 378 0 1
117 378 0 1
118 378 0 1
122 378 0 1
123 378 0 1
127 378 0 1
130 378 0 1
136 378 0 1
139 378 0 1
140 378 0 1
141 378 0 1
143 378 0 1
144 378 0 1
153 378 0 1
162 378 0 1
166 378 0 1
167 378 0 1
168 378 0 1
169 378 0 1
171 378 0 1
173 378 0 1
174 378 0 1
175 378 0 1
180 378 0 1
181 378 0 1
182 378 0 1
184 378 0 1
90 379 0 1
100 379 0 1
102 379 0 1
111 379 0 1
115 379 0 1
117 379 0 1
118 379 0 1
119 379 0 1
122 379 0 1
126 379 0 1
128 379 0 1
129 379 0 1
130 379 0 1
142 379 0 1
143 379 0 1
146 379 0 1
161 379 0 1
162 379 0 1
166 379 0 1
168 379 0 1
169 379 0 1
173 379 0 1
174 379 0 1
180 379 0 1
181 379 0 1
182 379 0 1
91 380 0 1
93 380 0 1
96 380 0 1
97 380 0 1
116 380 0 1
121 380 0 1
123 380 0 1
125 380 0 1
127 380 0 1
131 380 0 1
133 380 0 1
136 380 0 1
138 380 0 1
139 380 0 1
140 380 0 1
141 380 0 1
144 380 0 1
145 380 0 1
153 380 0 1
154 380 0 1
155 380 0 1
156 380 0 1
163 380 0 1
164 380 0 1
166 380 0 1
167 380 0 1
170 380 0 1
171 380 0 1
175 380 0 1
176 380 0 1
183 380 0 1
184 380 0 1
91 381 0 1
93 381 0 1
97 381 0 1
116 381 0 1
121 381 0 1
123 381 0 1
127 381 0 1
130 381 0 1
131 381 0 1
133 381 0 1
136 381 0 1
138 381 0 1
139 381 0 1
140 381 0 1
141 381 0 1
143 381 0 1
144 381 0 1
145 381 0 1
147 381 0 1
148 381 0 1
153 381 0 1
154 381 0 1
155 381 0 1
163 381 0 1
166 381 0 1
167 381 0 1
169 381 0 1
171 381 0 1
174 381 0 1
175 381 0 1
182 381 0 1
183 381 0 1
184 381 0 1
91 382 0 1
93 382 0 1
102 382 0 1
116 382 0 1
117 382 0 1
118 382 0 1
122 382 0 1
123 382 0 1
127 382 0 1
130 382 0 1
136 382 0 1
138 382 0 1
139 382 0 1
140 382 0 1
141 382 0 1
143 382 0 1
144 382 0 1
147 382 0 1
148 382 0 1
153 382 0 1
155 382 0 1
162 382 0 1
163 382 0 1
166 382 0 1
167 382 0 1
168 382 0 1
169 382 0 1
171 382 0 1
173 382 0 1
174 382 0 1
175 382 0 1
181 382 0 1
182 382 0 1
183 382 0 1
184 382 0 1
92 383 0 1
93 383 0 1
96 383 0 1
116 383 0 1
120 383 0 1
121 383 0 1
124 383 0 1
125 383 0 1
127 383 0 1
131 383 0 1
133 383 0 1
134 383 0 1
135 383 0 1
137 383 0 1
138 383 0 1
139 383 0 1
140 383 0 1
141 383 0 1
145 383 0 1
149 383 0 1
151 383 0 1
152 383 0 1
154 383 0 1
156 383 0 1
158 383 0 1
160 383 0 1
163 383 0 1
164 383 0 1
165 383 0 1
167 383 0 1
170 383 0 1
175 383 0 1
176 383 0 1
177 383 0 1
179 383 0 1
183 383 0 1
185 383 0 1
45 384 0 1
86 384 0 1
88 384 0 1
91 384 0 1
92 384 0 1
93 384 0 1
95 384 0 1
96 384 0 1
97 384 0 1
98 384 0 1
110 384 0 1
113 384 0 1
116 384 0 1
120 384 0 1
121 384 0 1
125 384 0 1
175 384 0 1
176 384 0 1
177 384 0 1
179 384 0 1
183 384 0 1
185 384 0 1
196 384 0 1
45 385 0 1
49 385 0 1
86 385 0 1
87 385 0 1
88 385 0 1
91 385 0 1
92 385 0 1
93 385 0 1
96 385 0 1
97 385 0 1
105 385 0 1
110 385 0 1
116 385 0 1
120 385 0 1
121 385 0 1
125 385 0 1
127 385 0 1
131 385 0 1
133 385 0 1
175 385 0 1
176 385 0 1
183 385 0 1
184 385 0 1
187 385 0 1
190 385 0 1
193 385 0 1
196 385 0 1
89 386 0 1
90 386 0 1
100 386 0 1
102 386 0 1
104 386 0 1
106 386 0 1
107 386 0 1
108 386 0 1
109 386 0 1
111 386 0 1
112 386 0 1
115 386 0 1
117 386 0 1
118 386 0 1
119 386 0 1
122 386 0 1
126 386 0 1
173 386 0 1
174 386 0 1
180 386 0 1
181 386 0 1
182 386 0 1
195 386 0 1
197 386 0 1
198 386 0 1
199 386 0 1
200 386 0 1
201 386 0 1
86 387 0 1
87 387 0 1
89 387 0 1
90 387 0 1
91 387 0 1
93 387 0 1
97 387 0 1
102 387 0 1
105 387 0 1
106 387 0 1
107 387 0 1
111 387 0 1
115 387 0 1
116 387 0 1
117 387 0 1
118 387 0 1
122 387 0 1
123 387 0 1
130 387 0 1
136 387 0 1
143 387 0 1
166 387 0 1
173 387 0 1
174 387 0 1
181 387 0 1
182 387 0 1
184 387 0 1
191 387 0 1
193 387 0 1
194 387 0 1
195 387 0 1
197 387 0 1
198 387 0 1
199 387 0 1
86 388 0 1
87 388 0 1
88 388 0 1
89 388 0 1
91 388 0 1
93 388 0 1
96 388 0 1
97 388 0 1
102 388 0 1
105 388 0 1
106 388 0 1
107 388 0 1
116 388 0 1
117 388 0 1
118 388 0 1
122 388 0 1
123 388 0 1
127 388 0 1
136 388 0 1
174 388 0 1
175 388 0 1
182 388 0 1
183 388 0 1
184 388 0 1
187 388 0 1
191 388 0 1
193 388 0 1
194 388 0 1
195 388 0 1
197 388 0 1
198 388 0 1
199 388 0 1
47 389 0 1
51 389 0 1
61 389 0 1
90 389 0 1
100 389 0 1
102 389 0 1
104 389 0 1
107 389 0 1
108 389 0 1
109 389 0 1
111 389 0 1
112 389 0 1
115 389 0 1
117 389 0 1
118 389 0 1
119 389 0 1
122 389 0 1
126 389 0 1
128 389 0 1
129 389 0 1
142 389 0 1
161 389 0 1
173 389 0 1
174 389 0 1
180 389 0 1
181 389 0 1
182 389 0 1
186 389 0 1
192 389 0 1
200 389 0 1
201 389 0 1
47 390 0 1
89 390 0 1
90 390 0 1
100 390 0 1
102 390 0 1
104 390 0 1
107 390 0 1
108 390 0 1
109 390 0 1
111 390 0 1
112 390 0 1
115 390 0 1
117 390 0 1
118 390 0 1
119 390 0 1
122 390 0 1
126 390 0 1
173 390 0 1
174 390 0 1
180 390 0 1
181 390 0 1
182 390 0 1
186 390 0 1
192 390 0 1
195 390 0 1
198 390 0 1
199 390 0 1
200 390 0 1
201 390 0 1
47 391 0 1
61 391 0 1
89 391 0 1
90 391 0 1
100 391 0 1
102 391 0 1
104 391 0 1
107 391 0 1
108 391 0 1
109 391 0 1
111 391 0 1
112 391 0 1
115 391 0 1
117 391 0 1
118 391 0 1
119 391 0 1
122 391 0 1
173 391 0 1
180 391 0 1
181 391 0 1
186 391 0 1
192 391 0 1
199 391 0 1
200 391 0 1
201 391 0 1
45 392 0 1
48 392 0 1
49 392 0 1
63 392 0 1
65 392 0 1
86 392 0 1
87 392 0 1
88 392 0 1
91 392 0 1
93 392 0 1
96 392 0 1
97 392 0 1
102 392 0 1
105 392 0 1
106 392 0 1
110 392 0 1
116 392 0 1
121 392 0 1
123 392 0 1
175 392 0 1
183 392 0 1
184 392 0 1
187 392 0 1
190 392 0 1
191 392 0 1
193 392 0 1
194 392 0 1
196 392 0 1
197 392 0 1
47 393 0 1
62 393 0 1
89 393 0 1
90 393 0 1
100 393 0 1
102 393 0 1
104 393 0 1
106 393 0 1
107 393 0 1
108 393 0 1
109 393 0 1
111 393 0 1
112 393 0 1
115 393 0 1
117 393 0 1
118 393 0 1
119 393 0 1
122 393 0 1
173 393 0 1
174 393 0 1
180 393 0 1
181 393 0 1
182 393 0 1
192 393 0 1
195 393 0 1
197 393 0 1
198 393 0 1
199 393 0 1
200 393 0 1
201 393 0 1
48 394 0 1
86 394 0 1
87 394 0 1
88 394 0 1
89 394 0 1
91 394 0 1
93 394 0 1
96 394 0 1
97 394 0 1
102 394 0 1
105 394 0 1
106 394 0 1
110 394 0 1
116 394 0 1
123 394 0 1
175 394 0 1
183 394 0 1
184 394 0 1
187 394 0 1
190 394 0 1
191 394 0 1
193 394 0 1
194 394 0 1
196 394 0 1
197 394 0 1
198 394 0 1
86 395 0 1
87 395 0 1
89 395 0 1
91 395 0 1
93 395 0 1
97 395 0 1
102 395 0 1
105 395 0 1
106 395 0 1
107 395 0 1
111 395 0 1
116 395 0 1
117 395 0 1
118 395 0 1
122 395 0 1
123 395 0 1
174 395 0 1
182 395 0 1
184 395 0 1
191 395 0 1
193 395 0 1
194 395 0 1
195 395 0 1
197 395 0 1
198 395 0 1
199 395 0 1
86 396 0 1
87 396 0 1
89 396 0 1
90 396 0 1
91 396 0 1
93 396 0 1
97 396 0 1
102 396 0 1
105 396 0 1
106 396 0 1
107 396 0 1
111 396 0 1
115 396 0 1
116 396 0 1
117 396 0 1
118 396 0 1
122 396 0 1
123 396 0 1
173 396 0 1
174 396 0 1
181 396 0 1
182 396 0 1
184 396 0 1
191 396 0 1
193 396 0 1
194 396 0 1
195 396 0 1
197 396 0 1
198 396 0 1
199 396 0 1
200 396 0 1
1 397 0 1
45 397 0 1
48 397 0 1
49 397 0 1
54 397 0 1
56 397 0 1
60 397 0 1
64 397 0 1
86 397 0 1
87 397 0 1
88 397 0 1
91 397 0 1
92 397 0 1
93 397 0 1
95 397 0 1
96 397 0 1
97 397 0 1
98 397 0 1
99 397 0 1
105 397 0 1
110 397 0 1
113 397 0 1
114 397 0 1
116 397 0 1
120 397 0 1
121 397 0 1
125 397 0 1
175 397 0 1
176 397 0 1
177 397 0 1
179 397 0 1
183 397 0 1
187 397 0 1
189 397 0 1
190 397 0 1
196 397 0 1
86 398 0 1
87 398 0 1
88 398 0 1
91 398 0 1
93 398 0 1
96 398 0 1
97 398 0 1
102 398 0 1
105 398 0 1
106 398 0 1
110 398 0 1
116 398 0 1
121 398 0 1
123 398 0 1
127 398 0 1
175 398 0 1
183 398 0 1
184 398 0 1
187 398 0 1
190 398 0 1
191 398 0 1
193 398 0 1
194 398 0 1
196 398 0 1
197 398 0 1
198 398 0 1
86 399 0 1
87 399 0 1
88 399 0 1
89 399 0 1
91 399 0 1
93 399 0 1
96 399 0 1
97 399 0 1
102 399 0 1
105 399 0 1
106 399 0 1
110 399 0 1
116 399 0 1
121 399 0 1
123 399 0 1
127 399 0 1
136 399 0 1
140 399 0 1
174 399 0 1
175 399 0 1
183 399 0 1
184 399 0 1
187 399 0 1
191 399 0 1
193 399 0 1
194 399 0 1
197 399 0 1
198 399 0 1
