2 3 0 0
6 7 0 0
4 8 0 0
4 9 0 0
8 9 0 0
5 10 0 0
6 11 0 0
7 11 0 0
10 11 0 0
6 12 0 0
7 12 0 0
10 12 0 0
11 12 0 0
5 13 0 0
10 13 0 0
4 14 0 0
8 14 0 0
9 14 0 0
5 15 0 0
10 15 0 0
12 15 0 0
13 15 0 0
6 16 0 0
7 16 0 0
11 16 0 0
12 16 0 0
6 17 0 0
7 17 0 0
11 17 0 0
14 17 0 0
16 17 0 0
6 18 0 0
7 18 0 0
9 18 0 0
14 18 0 0
16 18 0 0
17 18 0 0
6 19 0 0
7 19 0 0
11 19 0 0
12 19 0 0
16 19 0 0
17 19 0 0
18 19 0 0
6 20 0 0
7 20 0 0
11 20 0 0
12 20 0 0
16 20 0 0
17 20 0 0
18 20 0 0
19 20 0 0
6 21 0 0
7 21 0 0
11 21 0 0
12 21 0 0
16 21 0 0
17 21 0 0
19 21 0 0
20 21 0 0
6 22 0 0
7 22 0 0
11 22 0 0
12 22 0 0
16 22 0 0
17 22 0 0
18 22 0 0
19 22 0 0
20 22 0 0
21 22 0 0
6 23 0 0
7 23 0 0
14 23 0 0
16 23 0 0
17 23 0 0
18 23 0 0
19 23 0 0
20 23 0 0
22 23 0 0
5 24 0 0
10 24 0 0
12 24 0 0
13 24 0 0
15 24 0 0
6 25 0 0
10 25 0 0
11 25 0 0
12 25 0 0
15 25 0 0
16 25 0 0
19 25 0 0
20 25 0 0
21 25 0 0
22 25 0 0
24 25 0 0
9 26 0 0
14 26 0 0
17 26 0 0
18 26 0 0
23 26 0 0
6 27 0 0
7 27 0 0
11 27 0 0
16 27 0 0
17 27 0 0
18 27 0 0
19 27 0 0
20 27 0 0
21 27 0 0
22 27 0 0
23 27 0 0
26 27 0 0
6 28 0 0
7 28 0 0
11 28 0 0
12 28 0 0
16 28 0 0
17 28 0 0
19 28 0 0
20 28 0 0
21 28 0 0
22 28 0 0
23 28 0 0
25 28 0 0
27 28 0 0
5 29 0 0
10 29 0 0
13 29 0 0
15 29 0 0
24 29 0 0
6 30 0 0
10 30 0 0
11 30 0 0
12 30 0 0
15 30 0 0
19 30 0 0
20 30 0 0
21 30 0 0
22 30 0 0
24 30 0 0
25 30 0 0
28 30 0 0
29 30 0 0
6 31 0 0
10 31 0 0
11 31 0 0
12 31 0 0
16 31 0 0
19 31 0 0
20 31 0 0
21 31 0 0
22 31 0 0
24 31 0 0
25 31 0 0
27 31 0 0
28 31 0 0
30 31 0 0
5 32 0 0
10 32 0 0
13 32 0 0
15 32 0 0
24 32 0 0
29 32 0 0
6 33 0 0
7 33 0 0
11 33 0 0
12 33 0 0
16 33 0 0
17 33 0 0
18 33 0 0
19 33 0 0
20 33 0 0
21 33 0 0
22 33 0 0
23 33 0 0
25 33 0 0
26 33 0 0
27 33 0 0
28 33 0 0
31 33 0 0
6 34 0 0
7 34 0 0
10 34 0 0
11 34 0 0
12 34 0 0
16 34 0 0
17 34 0 0
19 34 0 0
20 34 0 0
21 34 0 0
22 34 0 0
25 34 0 0
27 34 0 0
28 34 0 0
30 34 0 0
31 34 0 0
33 34 0 0
6 35 0 0
7 35 0 0
10 35 0 0
11 35 0 0
12 35 0 0
16 35 0 0
17 35 0 0
19 35 0 0
20 35 0 0
21 35 0 0
22 35 0 0
24 35 0 0
25 35 0 0
27 35 0 0
28 35 0 0
30 35 0 0
31 35 0 0
33 35 0 0
34 35 0 0
6 36 0 0
10 36 0 0
11 36 0 0
12 36 0 0
15 36 0 0
16 36 0 0
19 36 0 0
20 36 0 0
21 36 0 0
22 36 0 0
24 36 0 0
25 36 0 0
28 36 0 0
30 36 0 0
31 36 0 0
32 36 0 0
33 36 0 0
34 36 0 0
35 36 0 0
5 37 0 0
10 37 0 0
11 37 0 0
12 37 0 0
13 37 0 0
15 37 0 0
24 37 0 0
25 37 0 0
29 37 0 0
30 37 0 0
31 37 0 0
32 37 0 0
35 37 0 0
36 37 0 0
4 38 0 0
8 38 0 0
9 38 0 0
14 38 0 0
18 38 0 0
23 38 0 0
26 38 0 0
6 39 0 0
7 39 0 0
11 39 0 0
14 39 0 0
16 39 0 0
17 39 0 0
18 39 0 0
19 39 0 0
20 39 0 0
21 39 0 0
22 39 0 0
23 39 0 0
26 39 0 0
27 39 0 0
28 39 0 0
33 39 0 0
34 39 0 0
35 39 0 0
5 40 0 0
10 40 0 0
12 40 0 0
13 40 0 0
15 40 0 0
24 40 0 0
25 40 0 0
29 40 0 0
30 40 0 0
31 40 0 0
32 40 0 0
35 40 0 0
36 40 0 0
37 40 0 0
18 41 0 0
23 41 0 0
26 41 0 0
27 41 0 0
38 41 0 0
39 41 0 0
11 42 0 0
12 42 0 0
16 42 0 0
17 42 0 0
19 42 0 0
20 42 0 0
21 42 0 0
22 42 0 0
23 42 0 0
25 42 0 0
27 42 0 0
28 42 0 0
30 42 0 0
31 42 0 0
33 42 0 0
34 42 0 0
35 42 0 0
36 42 0 0
39 42 0 0
11 43 0 0
12 43 0 0
16 43 0 0
19 43 0 0
20 43 0 0
21 43 0 0
22 43 0 0
25 43 0 0
27 43 0 0
28 43 0 0
30 43 0 0
31 43 0 0
33 43 0 0
34 43 0 0
35 43 0 0
36 43 0 0
39 43 0 0
42 43 0 0
1 44 0 0
13 44 0 0
24 44 0 0
29 44 0 0
32 44 0 0
40 44 0 0
11 45 0 0
12 45 0 0
15 45 0 0
21 45 0 0
24 45 0 0
25 45 0 0
28 45 0 0
29 45 0 0
30 45 0 0
31 45 0 0
32 45 0 0
34 45 0 0
35 45 0 0
36 45 0 0
37 45 0 0
40 45 0 0
42 45 0 0
43 45 0 0
1 46 0 0
24 46 0 0
29 46 0 0
32 46 0 0
37 46 0 0
40 46 0 0
44 46 0 0
45 46 0 0
11 47 0 0
12 47 0 0
20 47 0 0
21 47 0 0
24 47 0 0
25 47 0 0
28 47 0 0
29 47 0 0
30 47 0 0
31 47 0 0
34 47 0 0
35 47 0 0
36 47 0 0
37 47 0 0
40 47 0 0
42 47 0 0
43 47 0 0
45 47 0 0
46 47 0 0
10 48 0 0
12 48 0 0
15 48 0 0
21 48 0 0
24 48 0 0
25 48 0 0
28 48 0 0
29 48 0 0
30 48 0 0
31 48 0 0
32 48 0 0
35 48 0 0
36 48 0 0
37 48 0 0
40 48 0 0
43 48 0 0
44 48 0 0
45 48 0 0
46 48 0 0
47 48 0 0
1 49 0 0
21 49 0 0
24 49 0 0
25 49 0 0
28 49 0 0
29 49 0 0
30 49 0 0
31 49 0 0
32 49 0 0
35 49 0 0
36 49 0 0
37 49 0 0
40 49 0 0
43 49 0 0
44 49 0 0
45 49 0 0
46 49 0 0
47 49 0 0
48 49 0 0
1 50 0 0
24 50 0 0
29 50 0 0
32 50 0 0
40 50 0 0
44 50 0 0
46 50 0 0
48 50 0 0
49 50 0 0
11 51 0 0
12 51 0 0
19 51 0 0
20 51 0 0
21 51 0 0
22 51 0 0
23 51 0 0
25 51 0 0
27 51 0 0
28 51 0 0
30 51 0 0
31 51 0 0
33 51 0 0
34 51 0 0
35 51 0 0
36 51 0 0
39 51 0 0
42 51 0 0
43 51 0 0
45 51 0 0
47 51 0 0
49 51 0 0
1 52 0 0
21 52 0 0
24 52 0 0
25 52 0 0
28 52 0 0
29 52 0 0
30 52 0 0
31 52 0 0
35 52 0 0
36 52 0 0
37 52 0 0
40 52 0 0
43 52 0 0
45 52 0 0
46 52 0 0
47 52 0 0
48 52 0 0
49 52 0 0
50 52 0 0
51 52 0 0
12 53 0 0
20 53 0 0
21 53 0 0
22 53 0 0
24 53 0 0
25 53 0 0
28 53 0 0
30 53 0 0
31 53 0 0
34 53 0 0
35 53 0 0
36 53 0 0
42 53 0 0
43 53 0 0
45 53 0 0
47 53 0 0
48 53 0 0
49 53 0 0
51 53 0 0
52 53 0 0
20 54 0 0
21 54 0 0
22 54 0 0
23 54 0 0
27 54 0 0
28 54 0 0
31 54 0 0
33 54 0 0
35 54 0 0
39 54 0 0
41 54 0 0
42 54 0 0
43 54 0 0
51 54 0 0
53 54 0 0
26 55 0 0
38 55 0 0
41 55 0 0
26 56 0 0
41 56 0 0
55 56 0 0
1 57 0 0
29 57 0 0
44 57 0 0
45 57 0 0
46 57 0 0
48 57 0 0
49 57 0 0
50 57 0 0
52 57 0 0
26 58 0 0
41 58 0 0
54 58 0 0
55 58 0 0
56 58 0 0
3 59 0 0
20 59 0 0
41 59 0 0
42 59 0 0
51 59 0 0
54 59 0 0
58 59 0 0
3 60 0 0
20 60 0 0
27 60 0 0
41 60 0 0
42 60 0 0
43 60 0 0
51 60 0 0
54 60 0 0
58 60 0 0
59 60 0 0
1 61 0 0
24 61 0 0
25 61 0 0
29 61 0 0
30 61 0 0
31 61 0 0
37 61 0 0
40 61 0 0
43 61 0 0
44 61 0 0
45 61 0 0
46 61 0 0
47 61 0 0
48 61 0 0
49 61 0 0
50 61 0 0
52 61 0 0
53 61 0 0
57 61 0 0
1 62 0 0
24 62 0 0
29 62 0 0
30 62 0 0
40 62 0 0
44 62 0 0
45 62 0 0
46 62 0 0
47 62 0 0
48 62 0 0
49 62 0 0
50 62 0 0
52 62 0 0
53 62 0 0
57 62 0 0
61 62 0 0
3 63 0 0
20 63 0 0
21 63 0 0
22 63 0 0
23 63 0 0
27 63 0 0
28 63 0 0
30 63 0 0
31 63 0 0
35 63 0 0
39 63 0 0
42 63 0 0
43 63 0 0
47 63 0 0
51 63 0 0
53 63 0 0
54 63 0 0
59 63 0 0
60 63 0 0
1 64 0 0
21 64 0 0
24 64 0 0
25 64 0 0
28 64 0 0
29 64 0 0
30 64 0 0
31 64 0 0
35 64 0 0
40 64 0 0
42 64 0 0
43 64 0 0
45 64 0 0
46 64 0 0
47 64 0 0
48 64 0 0
49 64 0 0
51 64 0 0
52 64 0 0
53 64 0 0
57 64 0 0
61 64 0 0
62 64 0 0
63 64 0 0
20 65 0 0
21 65 0 0
24 65 0 0
25 65 0 0
28 65 0 0
30 65 0 0
31 65 0 0
35 65 0 0
36 65 0 0
42 65 0 0
43 65 0 0
45 65 0 0
47 65 0 0
48 65 0 0
49 65 0 0
51 65 0 0
52 65 0 0
53 65 0 0
54 65 0 0
61 65 0 0
62 65 0 0
63 65 0 0
64 65 0 0
20 66 0 0
21 66 0 0
22 66 0 0
25 66 0 0
28 66 0 0
30 66 0 0
31 66 0 0
35 66 0 0
42 66 0 0
43 66 0 0
45 66 0 0
47 66 0 0
48 66 0 0
49 66 0 0
51 66 0 0
52 66 0 0
53 66 0 0
54 66 0 0
60 66 0 0
61 66 0 0
62 66 0 0
63 66 0 0
64 66 0 0
65 66 0 0
3 67 0 0
17 67 0 0
20 67 0 0
21 67 0 0
22 67 0 0
23 67 0 0
26 67 0 0
27 67 0 0
28 67 0 0
33 67 0 0
39 67 0 0
41 67 0 0
42 67 0 0
43 67 0 0
51 67 0 0
54 67 0 0
58 67 0 0
59 67 0 0
60 67 0 0
63 67 0 0
66 67 0 0
20 68 0 0
21 68 0 0
25 68 0 0
28 68 0 0
30 68 0 0
31 68 0 0
35 68 0 0
42 68 0 0
43 68 0 0
45 68 0 0
47 68 0 0
48 68 0 0
49 68 0 0
51 68 0 0
52 68 0 0
53 68 0 0
54 68 0 0
61 68 0 0
62 68 0 0
63 68 0 0
64 68 0 0
65 68 0 0
66 68 0 0
26 69 0 0
41 69 0 0
55 69 0 0
56 69 0 0
58 69 0 0
59 69 0 0
60 69 0 0
67 69 0 0
1 70 0 0
21 70 0 0
24 70 0 0
25 70 0 0
29 70 0 0
30 70 0 0
31 70 0 0
40 70 0 0
42 70 0 0
43 70 0 0
45 70 0 0
46 70 0 0
47 70 0 0
48 70 0 0
49 70 0 0
50 70 0 0
51 70 0 0
52 70 0 0
53 70 0 0
57 70 0 0
61 70 0 0
62 70 0 0
64 70 0 0
65 70 0 0
66 70 0 0
68 70 0 0
3 71 0 0
20 71 0 0
21 71 0 0
22 71 0 0
27 71 0 0
28 71 0 0
31 71 0 0
39 71 0 0
42 71 0 0
43 71 0 0
51 71 0 0
53 71 0 0
54 71 0 0
58 71 0 0
59 71 0 0
60 71 0 0
63 71 0 0
65 71 0 0
66 71 0 0
67 71 0 0
68 71 0 0
3 72 0 0
20 72 0 0
21 72 0 0
22 72 0 0
27 72 0 0
28 72 0 0
31 72 0 0
42 72 0 0
43 72 0 0
47 72 0 0
51 72 0 0
53 72 0 0
54 72 0 0
59 72 0 0
60 72 0 0
63 72 0 0
64 72 0 0
65 72 0 0
66 72 0 0
67 72 0 0
68 72 0 0
70 72 0 0
71 72 0 0
3 73 0 0
20 73 0 0
21 73 0 0
22 73 0 0
28 73 0 0
30 73 0 0
31 73 0 0
35 73 0 0
42 73 0 0
43 73 0 0
45 73 0 0
47 73 0 0
48 73 0 0
49 73 0 0
51 73 0 0
52 73 0 0
53 73 0 0
54 73 0 0
59 73 0 0
60 73 0 0
61 73 0 0
63 73 0 0
64 73 0 0
65 73 0 0
66 73 0 0
67 73 0 0
68 73 0 0
70 73 0 0
71 73 0 0
72 73 0 0
5 74 0 0
13 74 0 0
15 74 0 0
24 74 0 0
29 74 0 0
32 74 0 0
37 74 0 0
40 74 0 0
44 74 0 0
46 74 0 0
48 74 0 0
49 74 0 0
50 74 0 0
57 74 0 0
61 74 0 0
62 74 0 0
10 75 0 0
11 75 0 0
12 75 0 0
15 75 0 0
20 75 0 0
21 75 0 0
24 75 0 0
25 75 0 0
28 75 0 0
29 75 0 0
30 75 0 0
31 75 0 0
32 75 0 0
34 75 0 0
35 75 0 0
36 75 0 0
37 75 0 0
40 75 0 0
43 75 0 0
45 75 0 0
46 75 0 0
47 75 0 0
48 75 0 0
49 75 0 0
51 75 0 0
52 75 0 0
53 75 0 0
61 75 0 0
62 75 0 0
64 75 0 0
65 75 0 0
66 75 0 0
68 75 0 0
70 75 0 0
73 75 0 0
74 75 0 0
5 76 0 0
10 76 0 0
13 76 0 0
15 76 0 0
24 76 0 0
25 76 0 0
29 76 0 0
30 76 0 0
31 76 0 0
32 76 0 0
36 76 0 0
37 76 0 0
40 76 0 0
44 76 0 0
45 76 0 0
46 76 0 0
47 76 0 0
48 76 0 0
49 76 0 0
50 76 0 0
52 76 0 0
53 76 0 0
57 76 0 0
61 76 0 0
62 76 0 0
64 76 0 0
65 76 0 0
70 76 0 0
74 76 0 0
75 76 0 0
14 77 0 0
17 77 0 0
18 77 0 0
23 77 0 0
26 77 0 0
27 77 0 0
33 77 0 0
38 77 0 0
39 77 0 0
41 77 0 0
54 77 0 0
55 77 0 0
56 77 0 0
58 77 0 0
59 77 0 0
60 77 0 0
67 77 0 0
69 77 0 0
71 77 0 0
11 78 0 0
12 78 0 0
16 78 0 0
19 78 0 0
20 78 0 0
21 78 0 0
22 78 0 0
25 78 0 0
27 78 0 0
28 78 0 0
30 78 0 0
31 78 0 0
33 78 0 0
34 78 0 0
35 78 0 0
36 78 0 0
39 78 0 0
42 78 0 0
43 78 0 0
45 78 0 0
47 78 0 0
48 78 0 0
49 78 0 0
51 78 0 0
52 78 0 0
53 78 0 0
54 78 0 0
60 78 0 0
61 78 0 0
63 78 0 0
64 78 0 0
65 78 0 0
66 78 0 0
67 78 0 0
68 78 0 0
70 78 0 0
71 78 0 0
72 78 0 0
73 78 0 0
75 78 0 0
10 79 0 0
13 79 0 0
15 79 0 0
24 79 0 0
25 79 0 0
29 79 0 0
30 79 0 0
31 79 0 0
32 79 0 0
35 79 0 0
36 79 0 0
37 79 0 0
40 79 0 0
44 79 0 0
45 79 0 0
46 79 0 0
47 79 0 0
48 79 0 0
49 79 0 0
50 79 0 0
52 79 0 0
53 79 0 0
57 79 0 0
61 79 0 0
62 79 0 0
64 79 0 0
65 79 0 0
66 79 0 0
68 79 0 0
70 79 0 0
74 79 0 0
75 79 0 0
76 79 0 0
78 79 0 0
1 80 0 0
13 80 0 0
15 80 0 0
24 80 0 0
29 80 0 0
32 80 0 0
37 80 0 0
40 80 0 0
44 80 0 0
45 80 0 0
46 80 0 0
47 80 0 0
48 80 0 0
49 80 0 0
50 80 0 0
52 80 0 0
57 80 0 0
61 80 0 0
62 80 0 0
64 80 0 0
70 80 0 0
74 80 0 0
75 80 0 0
76 80 0 0
79 80 0 0
3 81 0 0
43 81 0 0
47 81 0 0
51 81 0 0
52 81 0 0
53 81 0 0
54 81 0 0
59 81 0 0
60 81 0 0
63 81 0 0
64 81 0 0
65 81 0 0
66 81 0 0
68 81 0 0
70 81 0 0
71 81 0 0
72 81 0 0
73 81 0 0
3 82 0 0
54 82 0 0
58 82 0 0
59 82 0 0
60 82 0 0
63 82 0 0
67 82 0 0
69 82 0 0
71 82 0 0
72 82 0 0
81 82 0 0
3 83 0 0
42 83 0 0
51 83 0 0
54 83 0 0
59 83 0 0
60 83 0 0
63 83 0 0
66 83 0 0
67 83 0 0
68 83 0 0
71 83 0 0
72 83 0 0
73 83 0 0
81 83 0 0
82 83 0 0
3 84 0 0
42 84 0 0
51 84 0 0
53 84 0 0
54 84 0 0
59 84 0 0
60 84 0 0
63 84 0 0
65 84 0 0
66 84 0 0
67 84 0 0
68 84 0 0
70 84 0 0
71 84 0 0
72 84 0 0
73 84 0 0
81 84 0 0
82 84 0 0
83 84 0 0
1 85 0 0
45 85 0 0
47 85 0 0
48 85 0 0
49 85 0 0
52 85 0 0
53 85 0 0
57 85 0 0
61 85 0 0
62 85 0 0
64 85 0 0
65 85 0 0
66 85 0 0
68 85 0 0
70 85 0 0
73 85 0 0
81 85 0 0
84 85 0 0
1 86 0 0
46 86 0 0
49 86 0 0
50 86 0 0
52 86 0 0
57 86 0 0
61 86 0 0
62 86 0 0
64 86 0 0
65 86 0 0
68 86 0 0
70 86 0 0
85 86 0 0
55 87 0 0
56 87 0 0
58 87 0 0
69 87 0 0
1 88 0 0
3 88 0 0
53 88 0 0
61 88 0 0
64 88 0 0
65 88 0 0
66 88 0 0
68 88 0 0
70 88 0 0
72 88 0 0
73 88 0 0
81 88 0 0
83 88 0 0
84 88 0 0
85 88 0 0
86 88 0 0
1 89 0 0
3 89 0 0
47 89 0 0
52 89 0 0
53 89 0 0
61 89 0 0
62 89 0 0
64 89 0 0
65 89 0 0
66 89 0 0
68 89 0 0
70 89 0 0
73 89 0 0
81 89 0 0
83 89 0 0
84 89 0 0
85 89 0 0
86 89 0 0
88 89 0 0
55 90 0 0
56 90 0 0
58 90 0 0
59 90 0 0
69 90 0 0
82 90 0 0
87 90 0 0
2 91 0 0
3 91 0 0
54 91 0 0
58 91 0 0
59 91 0 0
60 91 0 0
63 91 0 0
67 91 0 0
71 91 0 0
72 91 0 0
73 91 0 0
81 91 0 0
82 91 0 0
83 91 0 0
84 91 0 0
90 91 0 0
1 92 0 0
57 92 0 0
61 92 0 0
62 92 0 0
70 92 0 0
85 92 0 0
86 92 0 0
88 92 0 0
89 92 0 0
2 93 0 0
55 93 0 0
56 93 0 0
58 93 0 0
59 93 0 0
69 93 0 0
82 93 0 0
87 93 0 0
90 93 0 0
91 93 0 0
1 94 0 0
44 94 0 0
46 94 0 0
48 94 0 0
49 94 0 0
50 94 0 0
52 94 0 0
57 94 0 0
61 94 0 0
62 94 0 0
64 94 0 0
65 94 0 0
70 94 0 0
80 94 0 0
85 94 0 0
86 94 0 0
88 94 0 0
89 94 0 0
92 94 0 0
1 95 0 0
3 95 0 0
43 95 0 0
45 95 0 0
47 95 0 0
48 95 0 0
49 95 0 0
51 95 0 0
52 95 0 0
53 95 0 0
61 95 0 0
62 95 0 0
63 95 0 0
64 95 0 0
65 95 0 0
66 95 0 0
68 95 0 0
70 95 0 0
71 95 0 0
72 95 0 0
73 95 0 0
81 95 0 0
83 95 0 0
84 95 0 0
85 95 0 0
86 95 0 0
88 95 0 0
89 95 0 0
92 95 0 0
94 95 0 0
3 96 0 0
42 96 0 0
43 96 0 0
51 96 0 0
53 96 0 0
54 96 0 0
59 96 0 0
60 96 0 0
63 96 0 0
65 96 0 0
66 96 0 0
67 96 0 0
68 96 0 0
70 96 0 0
71 96 0 0
72 96 0 0
73 96 0 0
81 96 0 0
82 96 0 0
83 96 0 0
84 96 0 0
88 96 0 0
89 96 0 0
91 96 0 0
95 96 0 0
3 97 0 0
43 97 0 0
45 97 0 0
47 97 0 0
49 97 0 0
51 97 0 0
52 97 0 0
53 97 0 0
61 97 0 0
63 97 0 0
64 97 0 0
65 97 0 0
66 97 0 0
68 97 0 0
70 97 0 0
71 97 0 0
72 97 0 0
73 97 0 0
81 97 0 0
83 97 0 0
84 97 0 0
85 97 0 0
86 97 0 0
88 97 0 0
89 97 0 0
91 97 0 0
94 97 0 0
95 97 0 0
96 97 0 0
1 98 0 0
44 98 0 0
46 98 0 0
50 98 0 0
57 98 0 0
61 98 0 0
62 98 0 0
70 98 0 0
74 98 0 0
76 98 0 0
79 98 0 0
80 98 0 0
86 98 0 0
92 98 0 0
94 98 0 0
3 99 0 0
20 99 0 0
21 99 0 0
30 99 0 0
31 99 0 0
42 99 0 0
43 99 0 0
45 99 0 0
47 99 0 0
48 99 0 0
49 99 0 0
51 99 0 0
52 99 0 0
53 99 0 0
54 99 0 0
60 99 0 0
61 99 0 0
62 99 0 0
63 99 0 0
64 99 0 0
65 99 0 0
66 99 0 0
67 99 0 0
68 99 0 0
70 99 0 0
71 99 0 0
72 99 0 0
73 99 0 0
75 99 0 0
78 99 0 0
79 99 0 0
81 99 0 0
82 99 0 0
83 99 0 0
84 99 0 0
85 99 0 0
86 99 0 0
88 99 0 0
89 99 0 0
91 99 0 0
95 99 0 0
96 99 0 0
97 99 0 0
3 100 0 0
21 100 0 0
30 100 0 0
42 100 0 0
43 100 0 0
45 100 0 0
47 100 0 0
48 100 0 0
49 100 0 0
51 100 0 0
52 100 0 0
53 100 0 0
61 100 0 0
62 100 0 0
63 100 0 0
64 100 0 0
65 100 0 0
66 100 0 0
68 100 0 0
70 100 0 0
71 100 0 0
72 100 0 0
73 100 0 0
75 100 0 0
78 100 0 0
79 100 0 0
81 100 0 0
83 100 0 0
84 100 0 0
85 100 0 0
86 100 0 0
88 100 0 0
89 100 0 0
94 100 0 0
95 100 0 0
96 100 0 0
97 100 0 0
99 100 0 0
41 101 0 0
55 101 0 0
56 101 0 0
58 101 0 0
69 101 0 0
87 101 0 0
90 101 0 0
93 101 0 0
1 102 0 0
44 102 0 0
46 102 0 0
48 102 0 0
49 102 0 0
50 102 0 0
52 102 0 0
57 102 0 0
61 102 0 0
62 102 0 0
64 102 0 0
70 102 0 0
74 102 0 0
76 102 0 0
79 102 0 0
80 102 0 0
85 102 0 0
86 102 0 0
89 102 0 0
92 102 0 0
94 102 0 0
98 102 0 0
1 103 0 0
44 103 0 0
45 103 0 0
46 103 0 0
47 103 0 0
48 103 0 0
49 103 0 0
50 103 0 0
52 103 0 0
53 103 0 0
57 103 0 0
61 103 0 0
62 103 0 0
64 103 0 0
65 103 0 0
66 103 0 0
68 103 0 0
70 103 0 0
75 103 0 0
76 103 0 0
79 103 0 0
80 103 0 0
85 103 0 0
86 103 0 0
88 103 0 0
89 103 0 0
92 103 0 0
94 103 0 0
95 103 0 0
97 103 0 0
98 103 0 0
99 103 0 0
100 103 0 0
102 103 0 0
3 104 0 0
42 104 0 0
43 104 0 0
51 104 0 0
53 104 0 0
54 104 0 0
58 104 0 0
59 104 0 0
60 104 0 0
63 104 0 0
65 104 0 0
66 104 0 0
67 104 0 0
68 104 0 0
71 104 0 0
72 104 0 0
73 104 0 0
78 104 0 0
81 104 0 0
82 104 0 0
83 104 0 0
84 104 0 0
88 104 0 0
91 104 0 0
95 104 0 0
96 104 0 0
97 104 0 0
99 104 0 0
100 104 0 0
1 105 0 0
3 105 0 0
43 105 0 0
45 105 0 0
46 105 0 0
47 105 0 0
48 105 0 0
49 105 0 0
51 105 0 0
52 105 0 0
53 105 0 0
57 105 0 0
61 105 0 0
62 105 0 0
64 105 0 0
65 105 0 0
66 105 0 0
68 105 0 0
70 105 0 0
72 105 0 0
73 105 0 0
75 105 0 0
78 105 0 0
79 105 0 0
81 105 0 0
83 105 0 0
84 105 0 0
85 105 0 0
86 105 0 0
88 105 0 0
89 105 0 0
92 105 0 0
94 105 0 0
95 105 0 0
96 105 0 0
97 105 0 0
99 105 0 0
100 105 0 0
102 105 0 0
103 105 0 0
104 105 0 0
41 106 0 0
55 106 0 0
56 106 0 0
58 106 0 0
69 106 0 0
77 106 0 0
87 106 0 0
90 106 0 0
93 106 0 0
101 106 0 0
41 107 0 0
55 107 0 0
56 107 0 0
58 107 0 0
59 107 0 0
60 107 0 0
67 107 0 0
69 107 0 0
77 107 0 0
82 107 0 0
87 107 0 0
90 107 0 0
91 107 0 0
93 107 0 0
101 107 0 0
106 107 0 0
3 108 0 0
42 108 0 0
43 108 0 0
47 108 0 0
51 108 0 0
53 108 0 0
54 108 0 0
59 108 0 0
60 108 0 0
63 108 0 0
64 108 0 0
65 108 0 0
66 108 0 0
67 108 0 0
68 108 0 0
70 108 0 0
71 108 0 0
72 108 0 0
73 108 0 0
78 108 0 0
81 108 0 0
82 108 0 0
83 108 0 0
84 108 0 0
88 108 0 0
89 108 0 0
91 108 0 0
95 108 0 0
96 108 0 0
97 108 0 0
99 108 0 0
100 108 0 0
104 108 0 0
105 108 0 0
1 109 0 0
85 109 0 0
86 109 0 0
89 109 0 0
92 109 0 0
94 109 0 0
98 109 0 0
102 109 0 0
103 109 0 0
2 110 0 0
3 110 0 0
82 110 0 0
83 110 0 0
84 110 0 0
87 110 0 0
90 110 0 0
91 110 0 0
93 110 0 0
96 110 0 0
107 110 0 0
2 111 0 0
3 111 0 0
82 111 0 0
87 111 0 0
90 111 0 0
91 111 0 0
93 111 0 0
106 111 0 0
107 111 0 0
110 111 0 0
2 112 0 0
3 112 0 0
81 112 0 0
82 112 0 0
83 112 0 0
84 112 0 0
91 112 0 0
96 112 0 0
104 112 0 0
108 112 0 0
110 112 0 0
111 112 0 0
1 113 0 0
85 113 0 0
86 113 0 0
88 113 0 0
89 113 0 0
92 113 0 0
94 113 0 0
109 113 0 0
1 114 0 0
85 114 0 0
86 114 0 0
88 114 0 0
89 114 0 0
92 114 0 0
94 114 0 0
95 114 0 0
97 114 0 0
109 114 0 0
113 114 0 0
2 115 0 0
3 115 0 0
81 115 0 0
83 115 0 0
84 115 0 0
88 115 0 0
89 115 0 0
91 115 0 0
96 115 0 0
97 115 0 0
108 115 0 0
110 115 0 0
112 115 0 0
114 115 0 0
2 116 0 0
3 116 0 0
81 116 0 0
82 116 0 0
83 116 0 0
84 116 0 0
91 116 0 0
96 116 0 0
110 116 0 0
111 116 0 0
112 116 0 0
115 116 0 0
2 117 0 0
87 117 0 0
90 117 0 0
91 117 0 0
93 117 0 0
106 117 0 0
107 117 0 0
110 117 0 0
111 117 0 0
112 117 0 0
2 118 0 0
3 118 0 0
82 118 0 0
83 118 0 0
84 118 0 0
87 118 0 0
90 118 0 0
91 118 0 0
93 118 0 0
96 118 0 0
110 118 0 0
111 118 0 0
112 118 0 0
115 118 0 0
116 118 0 0
117 118 0 0
2 119 0 0
3 119 0 0
82 119 0 0
87 119 0 0
90 119 0 0
91 119 0 0
93 119 0 0
107 119 0 0
110 119 0 0
111 119 0 0
112 119 0 0
116 119 0 0
117 119 0 0
118 119 0 0
1 120 0 0
81 120 0 0
85 120 0 0
86 120 0 0
88 120 0 0
89 120 0 0
92 120 0 0
94 120 0 0
95 120 0 0
97 120 0 0
105 120 0 0
109 120 0 0
113 120 0 0
114 120 0 0
115 120 0 0
2 121 0 0
3 121 0 0
81 121 0 0
82 121 0 0
83 121 0 0
84 121 0 0
91 121 0 0
96 121 0 0
104 121 0 0
108 121 0 0
110 121 0 0
111 121 0 0
112 121 0 0
115 121 0 0
116 121 0 0
118 121 0 0
119 121 0 0
2 122 0 0
3 122 0 0
81 122 0 0
83 122 0 0
84 122 0 0
85 122 0 0
88 122 0 0
89 122 0 0
91 122 0 0
95 122 0 0
96 122 0 0
97 122 0 0
99 122 0 0
105 122 0 0
108 122 0 0
112 122 0 0
113 122 0 0
114 122 0 0
115 122 0 0
116 122 0 0
120 122 0 0
121 122 0 0
2 123 0 0
3 123 0 0
82 123 0 0
87 123 0 0
90 123 0 0
91 123 0 0
93 123 0 0
110 123 0 0
111 123 0 0
112 123 0 0
115 123 0 0
116 123 0 0
117 123 0 0
118 123 0 0
119 123 0 0
121 123 0 0
1 124 0 0
92 124 0 0
109 124 0 0
113 124 0 0
114 124 0 0
2 125 0 0
3 125 0 0
82 125 0 0
87 125 0 0
90 125 0 0
91 125 0 0
93 125 0 0
110 125 0 0
111 125 0 0
112 125 0 0
116 125 0 0
117 125 0 0
118 125 0 0
119 125 0 0
121 125 0 0
123 125 0 0
1 126 0 0
86 126 0 0
92 126 0 0
94 126 0 0
109 126 0 0
113 126 0 0
114 126 0 0
120 126 0 0
124 126 0 0
2 127 0 0
3 127 0 0
82 127 0 0
83 127 0 0
91 127 0 0
93 127 0 0
110 127 0 0
111 127 0 0
112 127 0 0
115 127 0 0
116 127 0 0
117 127 0 0
118 127 0 0
119 127 0 0
121 127 0 0
123 127 0 0
125 127 0 0
2 128 0 0
3 128 0 0
81 128 0 0
83 128 0 0
84 128 0 0
88 128 0 0
91 128 0 0
96 128 0 0
97 128 0 0
110 128 0 0
112 128 0 0
115 128 0 0
116 128 0 0
118 128 0 0
120 128 0 0
121 128 0 0
122 128 0 0
123 128 0 0
125 128 0 0
127 128 0 0
2 129 0 0
87 129 0 0
90 129 0 0
91 129 0 0
93 129 0 0
110 129 0 0
111 129 0 0
112 129 0 0
117 129 0 0
118 129 0 0
119 129 0 0
121 129 0 0
123 129 0 0
125 129 0 0
127 129 0 0
1 130 0 0
86 130 0 0
92 130 0 0
109 130 0 0
113 130 0 0
114 130 0 0
120 130 0 0
124 130 0 0
126 130 0 0
1 131 0 0
86 131 0 0
88 131 0 0
89 131 0 0
92 131 0 0
109 131 0 0
113 131 0 0
114 131 0 0
120 131 0 0
122 131 0 0
124 131 0 0
126 131 0 0
130 131 0 0
2 132 0 0
3 132 0 0
87 132 0 0
90 132 0 0
91 132 0 0
93 132 0 0
110 132 0 0
111 132 0 0
112 132 0 0
116 132 0 0
117 132 0 0
118 132 0 0
119 132 0 0
121 132 0 0
123 132 0 0
125 132 0 0
127 132 0 0
129 132 0 0
2 133 0 0
3 133 0 0
91 133 0 0
110 133 0 0
111 133 0 0
112 133 0 0
115 133 0 0
116 133 0 0
118 133 0 0
119 133 0 0
121 133 0 0
122 133 0 0
123 133 0 0
125 133 0 0
127 133 0 0
128 133 0 0
129 133 0 0
132 133 0 0
2 134 0 0
3 134 0 0
87 134 0 0
90 134 0 0
91 134 0 0
93 134 0 0
110 134 0 0
111 134 0 0
112 134 0 0
116 134 0 0
117 134 0 0
118 134 0 0
119 134 0 0
121 134 0 0
123 134 0 0
125 134 0 0
127 134 0 0
128 134 0 0
129 134 0 0
132 134 0 0
133 134 0 0
2 135 0 0
3 135 0 0
83 135 0 0
84 135 0 0
91 135 0 0
110 135 0 0
112 135 0 0
115 135 0 0
116 135 0 0
118 135 0 0
119 135 0 0
121 135 0 0
122 135 0 0
123 135 0 0
125 135 0 0
127 135 0 0
128 135 0 0
132 135 0 0
133 135 0 0
134 135 0 0
1 136 0 0
86 136 0 0
92 136 0 0
109 136 0 0
113 136 0 0
114 136 0 0
120 136 0 0
124 136 0 0
126 136 0 0
130 136 0 0
131 136 0 0
85 137 0 0
86 137 0 0
88 137 0 0
89 137 0 0
92 137 0 0
97 137 0 0
109 137 0 0
113 137 0 0
114 137 0 0
115 137 0 0
120 137 0 0
122 137 0 0
124 137 0 0
126 137 0 0
128 137 0 0
130 137 0 0
131 137 0 0
135 137 0 0
136 137 0 0
117 138 0 0
2 139 0 0
110 139 0 0
111 139 0 0
117 139 0 0
118 139 0 0
119 139 0 0
123 139 0 0
125 139 0 0
127 139 0 0
129 139 0 0
132 139 0 0
134 139 0 0
138 139 0 0
2 140 0 0
111 140 0 0
117 140 0 0
119 140 0 0
123 140 0 0
125 140 0 0
129 140 0 0
132 140 0 0
134 140 0 0
138 140 0 0
139 140 0 0
109 141 0 0
113 141 0 0
114 141 0 0
124 141 0 0
126 141 0 0
130 141 0 0
131 141 0 0
136 141 0 0
109 142 0 0
113 142 0 0
114 142 0 0
124 142 0 0
126 142 0 0
130 142 0 0
131 142 0 0
136 142 0 0
137 142 0 0
141 142 0 0
114 143 0 0
115 143 0 0
120 143 0 0
122 143 0 0
128 143 0 0
131 143 0 0
135 143 0 0
137 143 0 0
2 144 0 0
111 144 0 0
117 144 0 0
118 144 0 0
119 144 0 0
123 144 0 0
125 144 0 0
127 144 0 0
129 144 0 0
132 144 0 0
133 144 0 0
134 144 0 0
139 144 0 0
140 144 0 0
124 145 0 0
126 145 0 0
130 145 0 0
131 145 0 0
136 145 0 0
141 145 0 0
142 145 0 0
2 146 0 0
3 146 0 0
110 146 0 0
112 146 0 0
115 146 0 0
116 146 0 0
118 146 0 0
119 146 0 0
121 146 0 0
122 146 0 0
123 146 0 0
125 146 0 0
127 146 0 0
128 146 0 0
132 146 0 0
133 146 0 0
134 146 0 0
135 146 0 0
143 146 0 0
144 146 0 0
2 147 0 0
3 147 0 0
112 147 0 0
115 147 0 0
116 147 0 0
118 147 0 0
120 147 0 0
121 147 0 0
122 147 0 0
127 147 0 0
128 147 0 0
133 147 0 0
135 147 0 0
137 147 0 0
143 147 0 0
146 147 0 0
2 148 0 0
110 148 0 0
111 148 0 0
112 148 0 0
116 148 0 0
117 148 0 0
118 148 0 0
119 148 0 0
121 148 0 0
123 148 0 0
125 148 0 0
127 148 0 0
129 148 0 0
132 148 0 0
133 148 0 0
134 148 0 0
139 148 0 0
140 148 0 0
144 148 0 0
146 148 0 0
113 149 0 0
114 149 0 0
115 149 0 0
120 149 0 0
122 149 0 0
126 149 0 0
128 149 0 0
130 149 0 0
131 149 0 0
135 149 0 0
136 149 0 0
137 149 0 0
142 149 0 0
143 149 0 0
146 149 0 0
147 149 0 0
109 150 0 0
113 150 0 0
114 150 0 0
120 150 0 0
124 150 0 0
126 150 0 0
130 150 0 0
131 150 0 0
136 150 0 0
137 150 0 0
141 150 0 0
142 150 0 0
143 150 0 0
145 150 0 0
149 150 0 0
109 151 0 0
113 151 0 0
114 151 0 0
120 151 0 0
122 151 0 0
124 151 0 0
126 151 0 0
130 151 0 0
131 151 0 0
136 151 0 0
137 151 0 0
141 151 0 0
142 151 0 0
143 151 0 0
145 151 0 0
147 151 0 0
149 151 0 0
150 151 0 0
2 152 0 0
110 152 0 0
111 152 0 0
116 152 0 0
117 152 0 0
118 152 0 0
119 152 0 0
121 152 0 0
123 152 0 0
125 152 0 0
127 152 0 0
129 152 0 0
132 152 0 0
133 152 0 0
134 152 0 0
139 152 0 0
140 152 0 0
144 152 0 0
146 152 0 0
148 152 0 0
109 153 0 0
113 153 0 0
114 153 0 0
120 153 0 0
124 153 0 0
126 153 0 0
130 153 0 0
131 153 0 0
136 153 0 0
137 153 0 0
141 153 0 0
142 153 0 0
143 153 0 0
145 153 0 0
149 153 0 0
150 153 0 0
151 153 0 0
138 154 0 0
140 154 0 0
141 155 0 0
142 155 0 0
145 155 0 0
150 155 0 0
151 155 0 0
153 155 0 0
142 156 0 0
143 156 0 0
149 156 0 0
150 156 0 0
151 156 0 0
153 156 0 0
155 156 0 0
138 157 0 0
140 157 0 0
154 157 0 0
2 158 0 0
139 158 0 0
140 158 0 0
144 158 0 0
148 158 0 0
152 158 0 0
157 158 0 0
143 159 0 0
149 159 0 0
150 159 0 0
151 159 0 0
153 159 0 0
156 159 0 0
2 160 0 0
143 160 0 0
146 160 0 0
147 160 0 0
159 160 0 0
2 161 0 0
144 161 0 0
146 161 0 0
148 161 0 0
152 161 0 0
158 161 0 0
160 161 0 0
2 162 0 0
139 162 0 0
140 162 0 0
144 162 0 0
148 162 0 0
152 162 0 0
157 162 0 0
158 162 0 0
161 162 0 0
142 163 0 0
143 163 0 0
149 163 0 0
150 163 0 0
151 163 0 0
153 163 0 0
155 163 0 0
156 163 0 0
159 163 0 0
160 163 0 0
143 164 0 0
149 164 0 0
156 164 0 0
159 164 0 0
160 164 0 0
161 164 0 0
163 164 0 0
2 165 0 0
144 165 0 0
148 165 0 0
152 165 0 0
158 165 0 0
160 165 0 0
161 165 0 0
162 165 0 0
2 166 0 0
144 166 0 0
152 166 0 0
158 166 0 0
160 166 0 0
161 166 0 0
162 166 0 0
164 166 0 0
165 166 0 0
141 167 0 0
142 167 0 0
145 167 0 0
150 167 0 0
151 167 0 0
153 167 0 0
155 167 0 0
156 167 0 0
163 167 0 0
2 168 0 0
135 168 0 0
143 168 0 0
146 168 0 0
147 168 0 0
149 168 0 0
159 168 0 0
160 168 0 0
161 168 0 0
163 168 0 0
164 168 0 0
165 168 0 0
166 168 0 0
2 169 0 0
133 169 0 0
144 169 0 0
146 169 0 0
147 169 0 0
148 169 0 0
152 169 0 0
158 169 0 0
160 169 0 0
161 169 0 0
162 169 0 0
164 169 0 0
165 169 0 0
166 169 0 0
168 169 0 0
2 170 0 0
138 170 0 0
139 170 0 0
140 170 0 0
144 170 0 0
148 170 0 0
152 170 0 0
154 170 0 0
157 170 0 0
158 170 0 0
162 170 0 0
165 170 0 0
138 171 0 0
139 171 0 0
140 171 0 0
144 171 0 0
148 171 0 0
152 171 0 0
154 171 0 0
157 171 0 0
158 171 0 0
162 171 0 0
165 171 0 0
170 171 0 0
2 172 0 0
144 172 0 0
146 172 0 0
148 172 0 0
152 172 0 0
158 172 0 0
160 172 0 0
161 172 0 0
162 172 0 0
165 172 0 0
166 172 0 0
168 172 0 0
169 172 0 0
170 172 0 0
171 172 0 0
2 173 0 0
143 173 0 0
146 173 0 0
147 173 0 0
149 173 0 0
156 173 0 0
159 173 0 0
160 173 0 0
161 173 0 0
163 173 0 0
164 173 0 0
166 173 0 0
168 173 0 0
169 173 0 0
172 173 0 0
2 174 0 0
144 174 0 0
146 174 0 0
147 174 0 0
148 174 0 0
152 174 0 0
158 174 0 0
160 174 0 0
161 174 0 0
162 174 0 0
164 174 0 0
165 174 0 0
166 174 0 0
168 174 0 0
169 174 0 0
172 174 0 0
173 174 0 0
113 175 0 0
114 175 0 0
124 175 0 0
126 175 0 0
130 175 0 0
131 175 0 0
136 175 0 0
137 175 0 0
141 175 0 0
142 175 0 0
143 175 0 0
145 175 0 0
149 175 0 0
150 175 0 0
151 175 0 0
153 175 0 0
155 175 0 0
156 175 0 0
159 175 0 0
163 175 0 0
167 175 0 0
2 176 0 0
115 176 0 0
116 176 0 0
128 176 0 0
133 176 0 0
135 176 0 0
137 176 0 0
143 176 0 0
146 176 0 0
147 176 0 0
149 176 0 0
151 176 0 0
156 176 0 0
159 176 0 0
160 176 0 0
161 176 0 0
163 176 0 0
164 176 0 0
166 176 0 0
168 176 0 0
169 176 0 0
172 176 0 0
173 176 0 0
174 176 0 0
2 177 0 0
3 177 0 0
110 177 0 0
112 177 0 0
115 177 0 0
116 177 0 0
118 177 0 0
119 177 0 0
121 177 0 0
122 177 0 0
123 177 0 0
125 177 0 0
127 177 0 0
128 177 0 0
132 177 0 0
133 177 0 0
134 177 0 0
135 177 0 0
143 177 0 0
144 177 0 0
146 177 0 0
147 177 0 0
148 177 0 0
149 177 0 0
152 177 0 0
159 177 0 0
160 177 0 0
161 177 0 0
162 177 0 0
164 177 0 0
165 177 0 0
166 177 0 0
168 177 0 0
169 177 0 0
172 177 0 0
173 177 0 0
174 177 0 0
176 177 0 0
2 178 0 0
115 178 0 0
116 178 0 0
121 178 0 0
122 178 0 0
127 178 0 0
128 178 0 0
133 178 0 0
135 178 0 0
137 178 0 0
143 178 0 0
146 178 0 0
147 178 0 0
149 178 0 0
151 178 0 0
152 178 0 0
159 178 0 0
160 178 0 0
161 178 0 0
164 178 0 0
165 178 0 0
166 178 0 0
168 178 0 0
169 178 0 0
172 178 0 0
173 178 0 0
174 178 0 0
176 178 0 0
177 178 0 0
2 179 0 0
129 179 0 0
132 179 0 0
134 179 0 0
138 179 0 0
139 179 0 0
140 179 0 0
144 179 0 0
148 179 0 0
152 179 0 0
154 179 0 0
157 179 0 0
158 179 0 0
161 179 0 0
162 179 0 0
165 179 0 0
170 179 0 0
171 179 0 0
172 179 0 0
2 180 0 0
116 180 0 0
127 180 0 0
128 180 0 0
133 180 0 0
134 180 0 0
135 180 0 0
143 180 0 0
144 180 0 0
146 180 0 0
147 180 0 0
148 180 0 0
152 180 0 0
159 180 0 0
160 180 0 0
161 180 0 0
162 180 0 0
164 180 0 0
165 180 0 0
166 180 0 0
168 180 0 0
169 180 0 0
172 180 0 0
173 180 0 0
174 180 0 0
176 180 0 0
177 180 0 0
178 180 0 0
2 181 0 0
128 181 0 0
133 181 0 0
135 181 0 0
143 181 0 0
146 181 0 0
147 181 0 0
149 181 0 0
152 181 0 0
159 181 0 0
160 181 0 0
161 181 0 0
164 181 0 0
165 181 0 0
166 181 0 0
168 181 0 0
169 181 0 0
172 181 0 0
173 181 0 0
174 181 0 0
176 181 0 0
177 181 0 0
178 181 0 0
180 181 0 0
130 182 0 0
131 182 0 0
136 182 0 0
137 182 0 0
141 182 0 0
142 182 0 0
143 182 0 0
145 182 0 0
149 182 0 0
150 182 0 0
151 182 0 0
153 182 0 0
155 182 0 0
156 182 0 0
159 182 0 0
163 182 0 0
164 182 0 0
167 182 0 0
175 182 0 0
131 183 0 0
137 183 0 0
142 183 0 0
143 183 0 0
147 183 0 0
149 183 0 0
150 183 0 0
151 183 0 0
153 183 0 0
155 183 0 0
156 183 0 0
159 183 0 0
160 183 0 0
163 183 0 0
164 183 0 0
167 183 0 0
168 183 0 0
173 183 0 0
175 183 0 0
176 183 0 0
178 183 0 0
181 183 0 0
182 183 0 0
2 184 0 0
127 184 0 0
132 184 0 0
133 184 0 0
134 184 0 0
144 184 0 0
146 184 0 0
147 184 0 0
148 184 0 0
152 184 0 0
158 184 0 0
160 184 0 0
161 184 0 0
162 184 0 0
164 184 0 0
165 184 0 0
166 184 0 0
168 184 0 0
169 184 0 0
170 184 0 0
172 184 0 0
173 184 0 0
174 184 0 0
176 184 0 0
177 184 0 0
178 184 0 0
179 184 0 0
180 184 0 0
181 184 0 0
3 185 0 0
88 185 0 0
89 185 0 0
109 185 0 0
113 185 0 0
114 185 0 0
115 185 0 0
116 185 0 0
120 185 0 0
122 185 0 0
126 185 0 0
128 185 0 0
130 185 0 0
131 185 0 0
133 185 0 0
135 185 0 0
136 185 0 0
137 185 0 0
143 185 0 0
146 185 0 0
147 185 0 0
149 185 0 0
150 185 0 0
151 185 0 0
153 185 0 0
175 185 0 0
176 185 0 0
177 185 0 0
178 185 0 0
181 185 0 0
182 185 0 0
183 185 0 0
1 186 0 0
92 186 0 0
109 186 0 0
113 186 0 0
114 186 0 0
124 186 0 0
126 186 0 0
130 186 0 0
131 186 0 0
136 186 0 0
137 186 0 0
141 186 0 0
142 186 0 0
145 186 0 0
150 186 0 0
151 186 0 0
153 186 0 0
175 186 0 0
182 186 0 0
1 187 0 0
92 187 0 0
109 187 0 0
113 187 0 0
114 187 0 0
120 187 0 0
122 187 0 0
124 187 0 0
126 187 0 0
130 187 0 0
131 187 0 0
136 187 0 0
137 187 0 0
141 187 0 0
142 187 0 0
143 187 0 0
145 187 0 0
149 187 0 0
150 187 0 0
151 187 0 0
153 187 0 0
167 187 0 0
175 187 0 0
182 187 0 0
183 187 0 0
185 187 0 0
186 187 0 0
2 188 0 0
3 188 0 0
88 188 0 0
112 188 0 0
113 188 0 0
114 188 0 0
115 188 0 0
116 188 0 0
120 188 0 0
121 188 0 0
122 188 0 0
128 188 0 0
130 188 0 0
131 188 0 0
133 188 0 0
135 188 0 0
137 188 0 0
143 188 0 0
146 188 0 0
147 188 0 0
149 188 0 0
150 188 0 0
151 188 0 0
153 188 0 0
168 188 0 0
175 188 0 0
176 188 0 0
177 188 0 0
178 188 0 0
180 188 0 0
181 188 0 0
183 188 0 0
185 188 0 0
187 188 0 0
2 189 0 0
3 189 0 0
88 189 0 0
112 189 0 0
114 189 0 0
115 189 0 0
116 189 0 0
120 189 0 0
121 189 0 0
122 189 0 0
127 189 0 0
128 189 0 0
131 189 0 0
133 189 0 0
135 189 0 0
137 189 0 0
143 189 0 0
146 189 0 0
147 189 0 0
149 189 0 0
151 189 0 0
153 189 0 0
168 189 0 0
176 189 0 0
177 189 0 0
178 189 0 0
180 189 0 0
181 189 0 0
183 189 0 0
185 189 0 0
188 189 0 0
1 190 0 0
92 190 0 0
109 190 0 0
113 190 0 0
114 190 0 0
124 190 0 0
126 190 0 0
130 190 0 0
131 190 0 0
136 190 0 0
141 190 0 0
142 190 0 0
145 190 0 0
150 190 0 0
151 190 0 0
153 190 0 0
167 190 0 0
175 190 0 0
182 190 0 0
186 190 0 0
187 190 0 0
92 191 0 0
109 191 0 0
113 191 0 0
114 191 0 0
115 191 0 0
120 191 0 0
122 191 0 0
124 191 0 0
126 191 0 0
130 191 0 0
131 191 0 0
136 191 0 0
137 191 0 0
141 191 0 0
142 191 0 0
143 191 0 0
145 191 0 0
147 191 0 0
149 191 0 0
150 191 0 0
151 191 0 0
153 191 0 0
175 191 0 0
176 191 0 0
178 191 0 0
182 191 0 0
183 191 0 0
185 191 0 0
186 191 0 0
187 191 0 0
188 191 0 0
189 191 0 0
190 191 0 0
2 192 0 0
3 192 0 0
87 192 0 0
91 192 0 0
93 192 0 0
110 192 0 0
111 192 0 0
112 192 0 0
116 192 0 0
117 192 0 0
118 192 0 0
119 192 0 0
121 192 0 0
123 192 0 0
125 192 0 0
127 192 0 0
128 192 0 0
129 192 0 0
132 192 0 0
133 192 0 0
134 192 0 0
135 192 0 0
139 192 0 0
140 192 0 0
144 192 0 0
146 192 0 0
148 192 0 0
152 192 0 0
169 192 0 0
170 192 0 0
177 192 0 0
178 192 0 0
179 192 0 0
180 192 0 0
181 192 0 0
184 192 0 0
2 193 0 0
87 193 0 0
90 193 0 0
93 193 0 0
110 193 0 0
111 193 0 0
117 193 0 0
118 193 0 0
119 193 0 0
123 193 0 0
125 193 0 0
127 193 0 0
129 193 0 0
132 193 0 0
133 193 0 0
134 193 0 0
138 193 0 0
139 193 0 0
140 193 0 0
144 193 0 0
148 193 0 0
152 193 0 0
170 193 0 0
179 193 0 0
184 193 0 0
192 193 0 0
2 194 0 0
3 194 0 0
91 194 0 0
110 194 0 0
111 194 0 0
112 194 0 0
115 194 0 0
116 194 0 0
118 194 0 0
119 194 0 0
121 194 0 0
122 194 0 0
123 194 0 0
125 194 0 0
127 194 0 0
128 194 0 0
129 194 0 0
132 194 0 0
133 194 0 0
134 194 0 0
135 194 0 0
143 194 0 0
144 194 0 0
146 194 0 0
147 194 0 0
148 194 0 0
152 194 0 0
168 194 0 0
169 194 0 0
176 194 0 0
177 194 0 0
178 194 0 0
180 194 0 0
181 194 0 0
184 194 0 0
185 194 0 0
188 194 0 0
189 194 0 0
192 194 0 0
109 195 0 0
113 195 0 0
114 195 0 0
120 195 0 0
124 195 0 0
126 195 0 0
130 195 0 0
131 195 0 0
136 195 0 0
137 195 0 0
141 195 0 0
142 195 0 0
145 195 0 0
150 195 0 0
151 195 0 0
153 195 0 0
155 195 0 0
167 195 0 0
175 195 0 0
182 195 0 0
183 195 0 0
186 195 0 0
187 195 0 0
190 195 0 0
191 195 0 0
2 196 0 0
87 196 0 0
110 196 0 0
111 196 0 0
117 196 0 0
118 196 0 0
119 196 0 0
123 196 0 0
125 196 0 0
129 196 0 0
132 196 0 0
134 196 0 0
138 196 0 0
139 196 0 0
140 196 0 0
144 196 0 0
148 196 0 0
152 196 0 0
170 196 0 0
171 196 0 0
179 196 0 0
192 196 0 0
193 196 0 0
2 197 0 0
110 197 0 0
111 197 0 0
112 197 0 0
117 197 0 0
118 197 0 0
119 197 0 0
123 197 0 0
125 197 0 0
127 197 0 0
129 197 0 0
132 197 0 0
133 197 0 0
134 197 0 0
139 197 0 0
140 197 0 0
144 197 0 0
148 197 0 0
152 197 0 0
158 197 0 0
170 197 0 0
171 197 0 0
177 197 0 0
179 197 0 0
184 197 0 0
192 197 0 0
193 197 0 0
196 197 0 0
2 198 0 0
3 198 0 0
110 198 0 0
112 198 0 0
115 198 0 0
116 198 0 0
118 198 0 0
121 198 0 0
122 198 0 0
123 198 0 0
127 198 0 0
128 198 0 0
133 198 0 0
134 198 0 0
135 198 0 0
137 198 0 0
143 198 0 0
146 198 0 0
147 198 0 0
149 198 0 0
160 198 0 0
168 198 0 0
169 198 0 0
173 198 0 0
174 198 0 0
176 198 0 0
177 198 0 0
178 198 0 0
180 198 0 0
181 198 0 0
184 198 0 0
185 198 0 0
188 198 0 0
189 198 0 0
191 198 0 0
192 198 0 0
194 198 0 0
2 199 0 0
3 199 0 0
112 199 0 0
114 199 0 0
115 199 0 0
116 199 0 0
118 199 0 0
120 199 0 0
121 199 0 0
122 199 0 0
127 199 0 0
128 199 0 0
131 199 0 0
133 199 0 0
135 199 0 0
137 199 0 0
143 199 0 0
146 199 0 0
147 199 0 0
149 199 0 0
150 199 0 0
151 199 0 0
153 199 0 0
156 199 0 0
159 199 0 0
160 199 0 0
163 199 0 0
164 199 0 0
168 199 0 0
169 199 0 0
173 199 0 0
174 199 0 0
175 199 0 0
176 199 0 0
177 199 0 0
178 199 0 0
180 199 0 0
181 199 0 0
182 199 0 0
183 199 0 0
184 199 0 0
185 199 0 0
188 199 0 0
189 199 0 0
191 199 0 0
194 199 0 0
198 199 0 0
56 200 0 0
87 200 0 0
90 200 0 0
93 200 0 0
101 200 0 0
106 200 0 0
107 200 0 0
111 200 0 0
117 200 0 0
129 200 0 0
193 200 0 0
196 200 0 0
1 201 0 0
57 201 0 0
62 201 0 0
70 201 0 0
85 201 0 0
86 201 0 0
88 201 0 0
89 201 0 0
92 201 0 0
94 201 0 0
95 201 0 0
98 201 0 0
102 201 0 0
103 201 0 0
105 201 0 0
109 201 0 0
113 201 0 0
114 201 0 0
120 201 0 0
124 201 0 0
126 201 0 0
130 201 0 0
131 201 0 0
136 201 0 0
137 201 0 0
150 201 0 0
151 201 0 0
185 201 0 0
186 201 0 0
187 201 0 0
190 201 0 0
191 201 0 0
195 201 0 0
1 202 0 0
57 202 0 0
85 202 0 0
86 202 0 0
89 202 0 0
92 202 0 0
94 202 0 0
98 202 0 0
102 202 0 0
103 202 0 0
109 202 0 0
113 202 0 0
114 202 0 0
120 202 0 0
124 202 0 0
126 202 0 0
130 202 0 0
131 202 0 0
136 202 0 0
137 202 0 0
186 202 0 0
187 202 0 0
190 202 0 0
191 202 0 0
195 202 0 0
201 202 0 0
2 203 0 0
3 203 0 0
58 203 0 0
59 203 0 0
60 203 0 0
67 203 0 0
69 203 0 0
71 203 0 0
72 203 0 0
81 203 0 0
82 203 0 0
83 203 0 0
84 203 0 0
87 203 0 0
90 203 0 0
91 203 0 0
93 203 0 0
96 203 0 0
104 203 0 0
107 203 0 0
108 203 0 0
110 203 0 0
111 203 0 0
112 203 0 0
115 203 0 0
116 203 0 0
117 203 0 0
118 203 0 0
119 203 0 0
121 203 0 0
122 203 0 0
123 203 0 0
125 203 0 0
127 203 0 0
128 203 0 0
129 203 0 0
132 203 0 0
133 203 0 0
134 203 0 0
135 203 0 0
146 203 0 0
147 203 0 0
148 203 0 0
177 203 0 0
189 203 0 0
192 203 0 0
193 203 0 0
194 203 0 0
197 203 0 0
198 203 0 0
199 203 0 0
1 204 0 0
57 204 0 0
85 204 0 0
86 204 0 0
92 204 0 0
94 204 0 0
98 204 0 0
102 204 0 0
103 204 0 0
109 204 0 0
113 204 0 0
114 204 0 0
120 204 0 0
124 204 0 0
126 204 0 0
130 204 0 0
131 204 0 0
136 204 0 0
137 204 0 0
141 204 0 0
150 204 0 0
186 204 0 0
187 204 0 0
190 204 0 0
191 204 0 0
195 204 0 0
201 204 0 0
202 204 0 0
2 205 0 0
58 205 0 0
69 205 0 0
82 205 0 0
87 205 0 0
90 205 0 0
91 205 0 0
93 205 0 0
101 205 0 0
106 205 0 0
107 205 0 0
110 205 0 0
111 205 0 0
112 205 0 0
117 205 0 0
118 205 0 0
119 205 0 0
123 205 0 0
125 205 0 0
127 205 0 0
129 205 0 0
132 205 0 0
134 205 0 0
139 205 0 0
192 205 0 0
193 205 0 0
196 205 0 0
197 205 0 0
200 205 0 0
203 205 0 0
2 206 0 0
3 206 0 0
81 206 0 0
82 206 0 0
83 206 0 0
84 206 0 0
88 206 0 0
89 206 0 0
91 206 0 0
95 206 0 0
96 206 0 0
97 206 0 0
99 206 0 0
104 206 0 0
105 206 0 0
108 206 0 0
110 206 0 0
112 206 0 0
115 206 0 0
116 206 0 0
118 206 0 0
120 206 0 0
121 206 0 0
122 206 0 0
127 206 0 0
128 206 0 0
133 206 0 0
135 206 0 0
137 206 0 0
146 206 0 0
147 206 0 0
177 206 0 0
178 206 0 0
185 206 0 0
188 206 0 0
189 206 0 0
194 206 0 0
198 206 0 0
199 206 0 0
203 206 0 0
2 207 0 0
3 207 0 0
71 207 0 0
81 207 0 0
82 207 0 0
83 207 0 0
84 207 0 0
91 207 0 0
96 207 0 0
97 207 0 0
99 207 0 0
104 207 0 0
108 207 0 0
110 207 0 0
111 207 0 0
112 207 0 0
115 207 0 0
116 207 0 0
118 207 0 0
119 207 0 0
121 207 0 0
122 207 0 0
123 207 0 0
125 207 0 0
127 207 0 0
128 207 0 0
129 207 0 0
132 207 0 0
133 207 0 0
134 207 0 0
135 207 0 0
146 207 0 0
147 207 0 0
177 207 0 0
188 207 0 0
189 207 0 0
192 207 0 0
194 207 0 0
198 207 0 0
199 207 0 0
203 207 0 0
205 207 0 0
206 207 0 0
1 208 0 0
70 208 0 0
81 208 0 0
85 208 0 0
86 208 0 0
88 208 0 0
89 208 0 0
92 208 0 0
94 208 0 0
95 208 0 0
97 208 0 0
99 208 0 0
100 208 0 0
102 208 0 0
103 208 0 0
105 208 0 0
109 208 0 0
113 208 0 0
114 208 0 0
120 208 0 0
122 208 0 0
124 208 0 0
126 208 0 0
130 208 0 0
131 208 0 0
136 208 0 0
137 208 0 0
149 208 0 0
150 208 0 0
151 208 0 0
153 208 0 0
185 208 0 0
186 208 0 0
187 208 0 0
188 208 0 0
189 208 0 0
191 208 0 0
195 208 0 0
201 208 0 0
202 208 0 0
204 208 0 0
206 208 0 0
4 209 0 1
8 209 0 1
9 209 0 1
14 209 0 1
18 209 0 1
23 209 0 1
26 209 0 1
38 209 0 1
41 209 0 1
55 209 0 1
56 209 0 1
58 209 0 1
69 209 0 1
77 209 0 1
87 209 0 1
90 209 0 1
93 209 0 1
101 209 0 1
106 209 0 1
107 209 0 1
117 209 0 1
200 209 0 1
205 209 0 1
5 210 0 1
10 210 0 1
13 210 0 1
15 210 0 1
24 210 0 1
29 210 0 1
32 210 0 1
37 210 0 1
40 210 0 1
74 210 0 1
76 210 0 1
80 210 0 1
4 211 0 1
8 211 0 1
9 211 0 1
14 211 0 1
38 211 0 1
5 212 0 1
6 212 0 1
10 212 0 1
11 212 0 1
12 212 0 1
13 212 0 1
15 212 0 1
21 212 0 1
24 212 0 1
25 212 0 1
28 212 0 1
29 212 0 1
30 212 0 1
31 212 0 1
32 212 0 1
34 212 0 1
35 212 0 1
36 212 0 1
37 212 0 1
40 212 0 1
45 212 0 1
75 212 0 1
76 212 0 1
79 212 0 1
6 213 0 1
7 213 0 1
10 213 0 1
11 213 0 1
12 213 0 1
15 213 0 1
16 213 0 1
19 213 0 1
20 213 0 1
21 213 0 1
22 213 0 1
24 213 0 1
25 213 0 1
28 213 0 1
30 213 0 1
31 213 0 1
33 213 0 1
34 213 0 1
35 213 0 1
36 213 0 1
37 213 0 1
40 213 0 1
75 213 0 1
6 214 0 1
7 214 0 1
11 214 0 1
12 214 0 1
16 214 0 1
17 214 0 1
18 214 0 1
19 214 0 1
20 214 0 1
21 214 0 1
22 214 0 1
23 214 0 1
25 214 0 1
27 214 0 1
28 214 0 1
31 214 0 1
33 214 0 1
34 214 0 1
35 214 0 1
36 214 0 1
39 214 0 1
6 215 0 1
7 215 0 1
11 215 0 1
14 215 0 1
16 215 0 1
17 215 0 1
18 215 0 1
19 215 0 1
20 215 0 1
22 215 0 1
23 215 0 1
26 215 0 1
27 215 0 1
28 215 0 1
33 215 0 1
34 215 0 1
35 215 0 1
39 215 0 1
4 216 0 1
8 216 0 1
9 216 0 1
14 216 0 1
18 216 0 1
26 216 0 1
38 216 0 1
6 217 0 1
7 217 0 1
10 217 0 1
11 217 0 1
12 217 0 1
16 217 0 1
17 217 0 1
18 217 0 1
19 217 0 1
20 217 0 1
21 217 0 1
22 217 0 1
23 217 0 1
25 217 0 1
27 217 0 1
28 217 0 1
30 217 0 1
31 217 0 1
33 217 0 1
34 217 0 1
35 217 0 1
36 217 0 1
39 217 0 1
6 218 0 1
7 218 0 1
9 218 0 1
14 218 0 1
16 218 0 1
17 218 0 1
18 218 0 1
19 218 0 1
22 218 0 1
23 218 0 1
26 218 0 1
27 218 0 1
33 218 0 1
38 218 0 1
39 218 0 1
77 218 0 1
5 219 0 1
10 219 0 1
13 219 0 1
15 219 0 1
24 219 0 1
29 219 0 1
32 219 0 1
37 219 0 1
40 219 0 1
44 219 0 1
46 219 0 1
50 219 0 1
74 219 0 1
76 219 0 1
79 219 0 1
80 219 0 1
5 220 0 1
10 220 0 1
13 220 0 1
15 220 0 1
24 220 0 1
29 220 0 1
32 220 0 1
37 220 0 1
40 220 0 1
44 220 0 1
46 220 0 1
50 220 0 1
74 220 0 1
76 220 0 1
79 220 0 1
80 220 0 1
4 221 0 1
8 221 0 1
9 221 0 1
14 221 0 1
38 221 0 1
6 222 0 1
7 222 0 1
11 222 0 1
12 222 0 1
16 222 0 1
17 222 0 1
18 222 0 1
19 222 0 1
20 222 0 1
21 222 0 1
22 222 0 1
23 222 0 1
25 222 0 1
27 222 0 1
28 222 0 1
30 222 0 1
31 222 0 1
33 222 0 1
34 222 0 1
35 222 0 1
36 222 0 1
39 222 0 1
42 222 0 1
43 222 0 1
51 222 0 1
78 222 0 1
6 223 0 1
7 223 0 1
10 223 0 1
11 223 0 1
12 223 0 1
15 223 0 1
16 223 0 1
17 223 0 1
19 223 0 1
20 223 0 1
21 223 0 1
22 223 0 1
24 223 0 1
25 223 0 1
27 223 0 1
28 223 0 1
30 223 0 1
31 223 0 1
33 223 0 1
34 223 0 1
35 223 0 1
36 223 0 1
37 223 0 1
42 223 0 1
43 223 0 1
75 223 0 1
78 223 0 1
6 224 0 1
7 224 0 1
10 224 0 1
11 224 0 1
12 224 0 1
16 224 0 1
17 224 0 1
18 224 0 1
19 224 0 1
20 224 0 1
21 224 0 1
22 224 0 1
23 224 0 1
25 224 0 1
27 224 0 1
28 224 0 1
30 224 0 1
31 224 0 1
33 224 0 1
34 224 0 1
35 224 0 1
36 224 0 1
39 224 0 1
42 224 0 1
43 224 0 1
51 224 0 1
78 224 0 1
4 225 0 1
8 225 0 1
9 225 0 1
14 225 0 1
38 225 0 1
4 226 0 1
8 226 0 1
9 226 0 1
14 226 0 1
18 226 0 1
26 226 0 1
38 226 0 1
77 226 0 1
4 227 0 1
8 227 0 1
9 227 0 1
14 227 0 1
26 227 0 1
38 227 0 1
6 228 0 1
7 228 0 1
14 228 0 1
16 228 0 1
17 228 0 1
18 228 0 1
19 228 0 1
20 228 0 1
22 228 0 1
23 228 0 1
26 228 0 1
27 228 0 1
33 228 0 1
34 228 0 1
38 228 0 1
39 228 0 1
77 228 0 1
4 229 0 1
8 229 0 1
9 229 0 1
14 229 0 1
18 229 0 1
23 229 0 1
26 229 0 1
38 229 0 1
41 229 0 1
77 229 0 1
6 230 0 1
10 230 0 1
11 230 0 1
12 230 0 1
15 230 0 1
16 230 0 1
19 230 0 1
20 230 0 1
21 230 0 1
22 230 0 1
24 230 0 1
25 230 0 1
28 230 0 1
30 230 0 1
31 230 0 1
33 230 0 1
34 230 0 1
35 230 0 1
36 230 0 1
37 230 0 1
40 230 0 1
42 230 0 1
43 230 0 1
45 230 0 1
47 230 0 1
48 230 0 1
49 230 0 1
51 230 0 1
52 230 0 1
53 230 0 1
65 230 0 1
66 230 0 1
75 230 0 1
76 230 0 1
78 230 0 1
79 230 0 1
6 231 0 1
7 231 0 1
11 231 0 1
12 231 0 1
16 231 0 1
17 231 0 1
18 231 0 1
19 231 0 1
20 231 0 1
21 231 0 1
22 231 0 1
23 231 0 1
25 231 0 1
27 231 0 1
28 231 0 1
30 231 0 1
31 231 0 1
33 231 0 1
34 231 0 1
35 231 0 1
36 231 0 1
39 231 0 1
42 231 0 1
43 231 0 1
47 231 0 1
51 231 0 1
53 231 0 1
54 231 0 1
75 231 0 1
78 231 0 1
5 232 0 1
10 232 0 1
12 232 0 1
13 232 0 1
15 232 0 1
24 232 0 1
25 232 0 1
29 232 0 1
30 232 0 1
31 232 0 1
32 232 0 1
36 232 0 1
37 232 0 1
40 232 0 1
44 232 0 1
45 232 0 1
46 232 0 1
47 232 0 1
48 232 0 1
49 232 0 1
50 232 0 1
52 232 0 1
53 232 0 1
57 232 0 1
61 232 0 1
62 232 0 1
64 232 0 1
65 232 0 1
68 232 0 1
70 232 0 1
74 232 0 1
75 232 0 1
76 232 0 1
79 232 0 1
80 232 0 1
103 232 0 1
7 233 0 1
9 233 0 1
14 233 0 1
16 233 0 1
17 233 0 1
18 233 0 1
20 233 0 1
22 233 0 1
23 233 0 1
26 233 0 1
27 233 0 1
33 233 0 1
38 233 0 1
39 233 0 1
41 233 0 1
54 233 0 1
55 233 0 1
58 233 0 1
59 233 0 1
67 233 0 1
69 233 0 1
77 233 0 1
5 234 0 1
10 234 0 1
13 234 0 1
15 234 0 1
24 234 0 1
29 234 0 1
32 234 0 1
37 234 0 1
40 234 0 1
44 234 0 1
45 234 0 1
46 234 0 1
48 234 0 1
49 234 0 1
50 234 0 1
74 234 0 1
75 234 0 1
76 234 0 1
79 234 0 1
80 234 0 1
6 235 0 1
7 235 0 1
14 235 0 1
16 235 0 1
17 235 0 1
18 235 0 1
19 235 0 1
20 235 0 1
22 235 0 1
23 235 0 1
26 235 0 1
27 235 0 1
33 235 0 1
34 235 0 1
38 235 0 1
39 235 0 1
41 235 0 1
42 235 0 1
54 235 0 1
67 235 0 1
77 235 0 1
6 236 0 1
7 236 0 1
11 236 0 1
12 236 0 1
16 236 0 1
17 236 0 1
18 236 0 1
19 236 0 1
20 236 0 1
21 236 0 1
22 236 0 1
23 236 0 1
25 236 0 1
26 236 0 1
27 236 0 1
28 236 0 1
31 236 0 1
33 236 0 1
34 236 0 1
35 236 0 1
39 236 0 1
42 236 0 1
43 236 0 1
51 236 0 1
54 236 0 1
63 236 0 1
67 236 0 1
77 236 0 1
78 236 0 1
10 237 0 1
11 237 0 1
12 237 0 1
13 237 0 1
15 237 0 1
21 237 0 1
24 237 0 1
25 237 0 1
28 237 0 1
29 237 0 1
30 237 0 1
31 237 0 1
32 237 0 1
34 237 0 1
35 237 0 1
36 237 0 1
37 237 0 1
40 237 0 1
43 237 0 1
45 237 0 1
46 237 0 1
47 237 0 1
48 237 0 1
49 237 0 1
52 237 0 1
53 237 0 1
61 237 0 1
62 237 0 1
64 237 0 1
65 237 0 1
66 237 0 1
68 237 0 1
70 237 0 1
74 237 0 1
75 237 0 1
76 237 0 1
78 237 0 1
79 237 0 1
80 237 0 1
6 238 0 1
7 238 0 1
10 238 0 1
11 238 0 1
12 238 0 1
15 238 0 1
16 238 0 1
19 238 0 1
20 238 0 1
21 238 0 1
22 238 0 1
24 238 0 1
25 238 0 1
28 238 0 1
30 238 0 1
31 238 0 1
33 238 0 1
34 238 0 1
35 238 0 1
36 238 0 1
37 238 0 1
40 238 0 1
42 238 0 1
43 238 0 1
45 238 0 1
47 238 0 1
48 238 0 1
49 238 0 1
51 238 0 1
52 238 0 1
53 238 0 1
64 238 0 1
65 238 0 1
66 238 0 1
68 238 0 1
75 238 0 1
78 238 0 1
79 238 0 1
6 239 0 1
7 239 0 1
11 239 0 1
12 239 0 1
16 239 0 1
17 239 0 1
18 239 0 1
19 239 0 1
20 239 0 1
21 239 0 1
22 239 0 1
23 239 0 1
25 239 0 1
27 239 0 1
28 239 0 1
30 239 0 1
31 239 0 1
33 239 0 1
34 239 0 1
35 239 0 1
36 239 0 1
39 239 0 1
42 239 0 1
43 239 0 1
47 239 0 1
51 239 0 1
53 239 0 1
54 239 0 1
63 239 0 1
66 239 0 1
67 239 0 1
75 239 0 1
78 239 0 1
6 240 0 1
7 240 0 1
11 240 0 1
12 240 0 1
16 240 0 1
17 240 0 1
18 240 0 1
19 240 0 1
20 240 0 1
21 240 0 1
22 240 0 1
23 240 0 1
25 240 0 1
27 240 0 1
28 240 0 1
30 240 0 1
31 240 0 1
33 240 0 1
34 240 0 1
35 240 0 1
36 240 0 1
39 240 0 1
42 240 0 1
43 240 0 1
47 240 0 1
51 240 0 1
53 240 0 1
54 240 0 1
63 240 0 1
66 240 0 1
67 240 0 1
71 240 0 1
72 240 0 1
78 240 0 1
6 241 0 1
7 241 0 1
11 241 0 1
12 241 0 1
16 241 0 1
17 241 0 1
18 241 0 1
19 241 0 1
20 241 0 1
21 241 0 1
22 241 0 1
23 241 0 1
25 241 0 1
27 241 0 1
28 241 0 1
30 241 0 1
31 241 0 1
33 241 0 1
34 241 0 1
35 241 0 1
36 241 0 1
39 241 0 1
42 241 0 1
43 241 0 1
51 241 0 1
54 241 0 1
63 241 0 1
66 241 0 1
67 241 0 1
71 241 0 1
77 241 0 1
78 241 0 1
4 242 0 1
8 242 0 1
9 242 0 1
14 242 0 1
17 242 0 1
18 242 0 1
23 242 0 1
26 242 0 1
27 242 0 1
38 242 0 1
39 242 0 1
41 242 0 1
55 242 0 1
69 242 0 1
77 242 0 1
4 243 0 1
7 243 0 1
8 243 0 1
9 243 0 1
14 243 0 1
16 243 0 1
17 243 0 1
18 243 0 1
23 243 0 1
26 243 0 1
27 243 0 1
33 243 0 1
38 243 0 1
39 243 0 1
41 243 0 1
77 243 0 1
6 244 0 1
10 244 0 1
11 244 0 1
12 244 0 1
15 244 0 1
16 244 0 1
19 244 0 1
20 244 0 1
21 244 0 1
22 244 0 1
24 244 0 1
25 244 0 1
28 244 0 1
29 244 0 1
30 244 0 1
31 244 0 1
32 244 0 1
33 244 0 1
34 244 0 1
35 244 0 1
36 244 0 1
37 244 0 1
40 244 0 1
42 244 0 1
43 244 0 1
45 244 0 1
47 244 0 1
48 244 0 1
49 244 0 1
51 244 0 1
52 244 0 1
53 244 0 1
61 244 0 1
64 244 0 1
65 244 0 1
66 244 0 1
68 244 0 1
75 244 0 1
76 244 0 1
78 244 0 1
79 244 0 1
7 245 0 1
9 245 0 1
14 245 0 1
16 245 0 1
17 245 0 1
18 245 0 1
19 245 0 1
22 245 0 1
23 245 0 1
26 245 0 1
27 245 0 1
33 245 0 1
38 245 0 1
39 245 0 1
41 245 0 1
67 245 0 1
77 245 0 1
7 246 0 1
9 246 0 1
14 246 0 1
16 246 0 1
17 246 0 1
18 246 0 1
22 246 0 1
23 246 0 1
26 246 0 1
27 246 0 1
33 246 0 1
38 246 0 1
39 246 0 1
41 246 0 1
67 246 0 1
77 246 0 1
6 247 0 1
7 247 0 1
11 247 0 1
12 247 0 1
16 247 0 1
17 247 0 1
18 247 0 1
19 247 0 1
20 247 0 1
21 247 0 1
22 247 0 1
23 247 0 1
25 247 0 1
27 247 0 1
28 247 0 1
30 247 0 1
31 247 0 1
33 247 0 1
34 247 0 1
35 247 0 1
36 247 0 1
39 247 0 1
42 247 0 1
43 247 0 1
45 247 0 1
47 247 0 1
51 247 0 1
53 247 0 1
54 247 0 1
63 247 0 1
65 247 0 1
66 247 0 1
67 247 0 1
68 247 0 1
71 247 0 1
72 247 0 1
73 247 0 1
75 247 0 1
78 247 0 1
6 248 0 1
7 248 0 1
14 248 0 1
16 248 0 1
17 248 0 1
18 248 0 1
19 248 0 1
20 248 0 1
22 248 0 1
23 248 0 1
26 248 0 1
27 248 0 1
28 248 0 1
33 248 0 1
38 248 0 1
39 248 0 1
41 248 0 1
42 248 0 1
51 248 0 1
54 248 0 1
59 248 0 1
63 248 0 1
67 248 0 1
71 248 0 1
77 248 0 1
10 249 0 1
11 249 0 1
12 249 0 1
15 249 0 1
19 249 0 1
20 249 0 1
21 249 0 1
22 249 0 1
24 249 0 1
25 249 0 1
28 249 0 1
29 249 0 1
30 249 0 1
31 249 0 1
32 249 0 1
34 249 0 1
35 249 0 1
36 249 0 1
37 249 0 1
40 249 0 1
42 249 0 1
43 249 0 1
45 249 0 1
46 249 0 1
47 249 0 1
48 249 0 1
49 249 0 1
51 249 0 1
52 249 0 1
53 249 0 1
61 249 0 1
62 249 0 1
64 249 0 1
65 249 0 1
66 249 0 1
68 249 0 1
70 249 0 1
73 249 0 1
75 249 0 1
76 249 0 1
78 249 0 1
79 249 0 1
80 249 0 1
99 249 0 1
100 249 0 1
105 249 0 1
6 250 0 1
7 250 0 1
11 250 0 1
12 250 0 1
16 250 0 1
17 250 0 1
18 250 0 1
19 250 0 1
20 250 0 1
21 250 0 1
22 250 0 1
23 250 0 1
25 250 0 1
26 250 0 1
27 250 0 1
28 250 0 1
30 250 0 1
31 250 0 1
33 250 0 1
34 250 0 1
35 250 0 1
39 250 0 1
42 250 0 1
43 250 0 1
51 250 0 1
54 250 0 1
59 250 0 1
60 250 0 1
63 250 0 1
66 250 0 1
67 250 0 1
71 250 0 1
72 250 0 1
73 250 0 1
77 250 0 1
78 250 0 1
23 251 0 1
26 251 0 1
38 251 0 1
41 251 0 1
55 251 0 1
56 251 0 1
58 251 0 1
59 251 0 1
60 251 0 1
67 251 0 1
69 251 0 1
77 251 0 1
90 251 0 1
101 251 0 1
106 251 0 1
107 251 0 1
1 252 0 1
24 252 0 1
29 252 0 1
40 252 0 1
44 252 0 1
46 252 0 1
48 252 0 1
49 252 0 1
50 252 0 1
52 252 0 1
57 252 0 1
61 252 0 1
62 252 0 1
70 252 0 1
74 252 0 1
76 252 0 1
79 252 0 1
80 252 0 1
86 252 0 1
94 252 0 1
98 252 0 1
102 252 0 1
103 252 0 1
204 252 0 1
1 253 0 1
24 253 0 1
29 253 0 1
30 253 0 1
31 253 0 1
40 253 0 1
43 253 0 1
44 253 0 1
45 253 0 1
46 253 0 1
47 253 0 1
48 253 0 1
49 253 0 1
50 253 0 1
52 253 0 1
53 253 0 1
57 253 0 1
61 253 0 1
62 253 0 1
64 253 0 1
65 253 0 1
66 253 0 1
68 253 0 1
70 253 0 1
73 253 0 1
74 253 0 1
75 253 0 1
76 253 0 1
78 253 0 1
79 253 0 1
80 253 0 1
81 253 0 1
85 253 0 1
86 253 0 1
88 253 0 1
89 253 0 1
92 253 0 1
94 253 0 1
95 253 0 1
97 253 0 1
98 253 0 1
99 253 0 1
100 253 0 1
102 253 0 1
103 253 0 1
105 253 0 1
3 254 0 1
20 254 0 1
21 254 0 1
22 254 0 1
25 254 0 1
27 254 0 1
28 254 0 1
30 254 0 1
31 254 0 1
34 254 0 1
35 254 0 1
39 254 0 1
42 254 0 1
43 254 0 1
45 254 0 1
47 254 0 1
49 254 0 1
51 254 0 1
52 254 0 1
53 254 0 1
54 254 0 1
59 254 0 1
60 254 0 1
61 254 0 1
63 254 0 1
64 254 0 1
65 254 0 1
66 254 0 1
67 254 0 1
68 254 0 1
70 254 0 1
71 254 0 1
72 254 0 1
73 254 0 1
75 254 0 1
78 254 0 1
81 254 0 1
82 254 0 1
83 254 0 1
84 254 0 1
91 254 0 1
95 254 0 1
96 254 0 1
97 254 0 1
99 254 0 1
100 254 0 1
104 254 0 1
105 254 0 1
108 254 0 1
23 255 0 1
26 255 0 1
27 255 0 1
39 255 0 1
41 255 0 1
54 255 0 1
55 255 0 1
56 255 0 1
58 255 0 1
59 255 0 1
60 255 0 1
63 255 0 1
67 255 0 1
69 255 0 1
71 255 0 1
77 255 0 1
82 255 0 1
87 255 0 1
90 255 0 1
91 255 0 1
93 255 0 1
101 255 0 1
104 255 0 1
106 255 0 1
107 255 0 1
203 255 0 1
1 256 0 1
21 256 0 1
24 256 0 1
25 256 0 1
28 256 0 1
30 256 0 1
31 256 0 1
35 256 0 1
40 256 0 1
42 256 0 1
43 256 0 1
45 256 0 1
46 256 0 1
47 256 0 1
48 256 0 1
49 256 0 1
51 256 0 1
52 256 0 1
53 256 0 1
57 256 0 1
61 256 0 1
62 256 0 1
63 256 0 1
64 256 0 1
65 256 0 1
66 256 0 1
68 256 0 1
70 256 0 1
72 256 0 1
73 256 0 1
75 256 0 1
76 256 0 1
78 256 0 1
79 256 0 1
80 256 0 1
81 256 0 1
84 256 0 1
85 256 0 1
86 256 0 1
88 256 0 1
89 256 0 1
94 256 0 1
95 256 0 1
97 256 0 1
99 256 0 1
100 256 0 1
102 256 0 1
103 256 0 1
105 256 0 1
108 256 0 1
23 257 0 1
26 257 0 1
27 257 0 1
39 257 0 1
41 257 0 1
42 257 0 1
54 257 0 1
55 257 0 1
56 257 0 1
58 257 0 1
59 257 0 1
60 257 0 1
63 257 0 1
67 257 0 1
69 257 0 1
71 257 0 1
72 257 0 1
77 257 0 1
82 257 0 1
83 257 0 1
87 257 0 1
90 257 0 1
91 257 0 1
93 257 0 1
96 257 0 1
104 257 0 1
106 257 0 1
107 257 0 1
203 257 0 1
26 258 0 1
41 258 0 1
55 258 0 1
56 258 0 1
58 258 0 1
59 258 0 1
60 258 0 1
67 258 0 1
69 258 0 1
77 258 0 1
82 258 0 1
87 258 0 1
90 258 0 1
93 258 0 1
101 258 0 1
106 258 0 1
107 258 0 1
203 258 0 1
1 259 0 1
21 259 0 1
30 259 0 1
31 259 0 1
42 259 0 1
43 259 0 1
45 259 0 1
46 259 0 1
47 259 0 1
48 259 0 1
49 259 0 1
51 259 0 1
52 259 0 1
53 259 0 1
57 259 0 1
61 259 0 1
62 259 0 1
63 259 0 1
64 259 0 1
65 259 0 1
66 259 0 1
68 259 0 1
70 259 0 1
71 259 0 1
72 259 0 1
73 259 0 1
75 259 0 1
76 259 0 1
78 259 0 1
79 259 0 1
81 259 0 1
84 259 0 1
85 259 0 1
86 259 0 1
88 259 0 1
89 259 0 1
94 259 0 1
95 259 0 1
96 259 0 1
97 259 0 1
99 259 0 1
100 259 0 1
103 259 0 1
105 259 0 1
108 259 0 1
3 260 0 1
20 260 0 1
21 260 0 1
22 260 0 1
28 260 0 1
30 260 0 1
31 260 0 1
42 260 0 1
43 260 0 1
45 260 0 1
47 260 0 1
48 260 0 1
49 260 0 1
51 260 0 1
52 260 0 1
53 260 0 1
54 260 0 1
59 260 0 1
60 260 0 1
61 260 0 1
63 260 0 1
64 260 0 1
65 260 0 1
66 260 0 1
67 260 0 1
68 260 0 1
70 260 0 1
71 260 0 1
72 260 0 1
73 260 0 1
75 260 0 1
78 260 0 1
81 260 0 1
82 260 0 1
83 260 0 1
84 260 0 1
85 260 0 1
88 260 0 1
89 260 0 1
91 260 0 1
95 260 0 1
96 260 0 1
97 260 0 1
99 260 0 1
100 260 0 1
104 260 0 1
105 260 0 1
108 260 0 1
3 261 0 1
20 261 0 1
21 261 0 1
22 261 0 1
27 261 0 1
39 261 0 1
41 261 0 1
42 261 0 1
43 261 0 1
51 261 0 1
54 261 0 1
58 261 0 1
59 261 0 1
60 261 0 1
63 261 0 1
66 261 0 1
67 261 0 1
69 261 0 1
71 261 0 1
72 261 0 1
73 261 0 1
77 261 0 1
78 261 0 1
81 261 0 1
82 261 0 1
83 261 0 1
84 261 0 1
91 261 0 1
96 261 0 1
99 261 0 1
104 261 0 1
107 261 0 1
108 261 0 1
203 261 0 1
17 262 0 1
18 262 0 1
20 262 0 1
22 262 0 1
23 262 0 1
26 262 0 1
27 262 0 1
33 262 0 1
38 262 0 1
39 262 0 1
41 262 0 1
42 262 0 1
51 262 0 1
54 262 0 1
55 262 0 1
56 262 0 1
58 262 0 1
59 262 0 1
60 262 0 1
63 262 0 1
67 262 0 1
69 262 0 1
71 262 0 1
72 262 0 1
77 262 0 1
82 262 0 1
104 262 0 1
106 262 0 1
107 262 0 1
5 263 0 1
10 263 0 1
13 263 0 1
15 263 0 1
24 263 0 1
29 263 0 1
30 263 0 1
32 263 0 1
37 263 0 1
40 263 0 1
44 263 0 1
45 263 0 1
46 263 0 1
47 263 0 1
48 263 0 1
49 263 0 1
50 263 0 1
52 263 0 1
57 263 0 1
61 263 0 1
62 263 0 1
64 263 0 1
65 263 0 1
70 263 0 1
74 263 0 1
75 263 0 1
76 263 0 1
79 263 0 1
80 263 0 1
98 263 0 1
102 263 0 1
103 263 0 1
1 264 0 1
10 264 0 1
13 264 0 1
15 264 0 1
24 264 0 1
25 264 0 1
29 264 0 1
30 264 0 1
31 264 0 1
32 264 0 1
36 264 0 1
37 264 0 1
40 264 0 1
44 264 0 1
45 264 0 1
46 264 0 1
47 264 0 1
48 264 0 1
49 264 0 1
50 264 0 1
52 264 0 1
53 264 0 1
57 264 0 1
61 264 0 1
62 264 0 1
64 264 0 1
65 264 0 1
66 264 0 1
68 264 0 1
70 264 0 1
74 264 0 1
75 264 0 1
76 264 0 1
79 264 0 1
80 264 0 1
86 264 0 1
94 264 0 1
98 264 0 1
100 264 0 1
102 264 0 1
103 264 0 1
105 264 0 1
7 265 0 1
11 265 0 1
16 265 0 1
17 265 0 1
18 265 0 1
19 265 0 1
20 265 0 1
21 265 0 1
22 265 0 1
23 265 0 1
25 265 0 1
26 265 0 1
27 265 0 1
28 265 0 1
31 265 0 1
33 265 0 1
34 265 0 1
35 265 0 1
39 265 0 1
42 265 0 1
43 265 0 1
51 265 0 1
53 265 0 1
54 265 0 1
58 265 0 1
59 265 0 1
60 265 0 1
63 265 0 1
66 265 0 1
67 265 0 1
68 265 0 1
71 265 0 1
72 265 0 1
73 265 0 1
77 265 0 1
78 265 0 1
99 265 0 1
104 265 0 1
108 265 0 1
9 266 0 1
14 266 0 1
17 266 0 1
18 266 0 1
23 266 0 1
26 266 0 1
27 266 0 1
33 266 0 1
38 266 0 1
39 266 0 1
41 266 0 1
54 266 0 1
55 266 0 1
56 266 0 1
58 266 0 1
59 266 0 1
60 266 0 1
67 266 0 1
69 266 0 1
77 266 0 1
4 267 0 1
8 267 0 1
9 267 0 1
14 267 0 1
17 267 0 1
18 267 0 1
23 267 0 1
26 267 0 1
27 267 0 1
38 267 0 1
39 267 0 1
41 267 0 1
55 267 0 1
56 267 0 1
58 267 0 1
59 267 0 1
67 267 0 1
69 267 0 1
77 267 0 1
106 267 0 1
107 267 0 1
4 268 0 1
8 268 0 1
9 268 0 1
14 268 0 1
18 268 0 1
23 268 0 1
26 268 0 1
38 268 0 1
41 268 0 1
55 268 0 1
56 268 0 1
58 268 0 1
69 268 0 1
77 268 0 1
101 268 0 1
106 268 0 1
107 268 0 1
10 269 0 1
11 269 0 1
12 269 0 1
15 269 0 1
21 269 0 1
24 269 0 1
25 269 0 1
28 269 0 1
29 269 0 1
30 269 0 1
31 269 0 1
32 269 0 1
34 269 0 1
35 269 0 1
36 269 0 1
37 269 0 1
40 269 0 1
43 269 0 1
45 269 0 1
46 269 0 1
47 269 0 1
48 269 0 1
49 269 0 1
50 269 0 1
52 269 0 1
53 269 0 1
57 269 0 1
61 269 0 1
62 269 0 1
64 269 0 1
65 269 0 1
66 269 0 1
68 269 0 1
70 269 0 1
73 269 0 1
74 269 0 1
75 269 0 1
76 269 0 1
78 269 0 1
79 269 0 1
80 269 0 1
99 269 0 1
100 269 0 1
103 269 0 1
105 269 0 1
10 270 0 1
11 270 0 1
12 270 0 1
15 270 0 1
19 270 0 1
20 270 0 1
21 270 0 1
22 270 0 1
24 270 0 1
25 270 0 1
28 270 0 1
30 270 0 1
31 270 0 1
34 270 0 1
35 270 0 1
36 270 0 1
37 270 0 1
40 270 0 1
42 270 0 1
43 270 0 1
45 270 0 1
47 270 0 1
48 270 0 1
49 270 0 1
51 270 0 1
52 270 0 1
53 270 0 1
61 270 0 1
62 270 0 1
63 270 0 1
64 270 0 1
65 270 0 1
66 270 0 1
68 270 0 1
70 270 0 1
71 270 0 1
72 270 0 1
73 270 0 1
75 270 0 1
76 270 0 1
78 270 0 1
79 270 0 1
80 270 0 1
95 270 0 1
99 270 0 1
100 270 0 1
103 270 0 1
105 270 0 1
6 271 0 1
7 271 0 1
11 271 0 1
12 271 0 1
16 271 0 1
17 271 0 1
18 271 0 1
19 271 0 1
20 271 0 1
21 271 0 1
22 271 0 1
23 271 0 1
25 271 0 1
27 271 0 1
28 271 0 1
30 271 0 1
31 271 0 1
33 271 0 1
34 271 0 1
35 271 0 1
39 271 0 1
42 271 0 1
43 271 0 1
51 271 0 1
53 271 0 1
54 271 0 1
59 271 0 1
60 271 0 1
63 271 0 1
65 271 0 1
66 271 0 1
67 271 0 1
68 271 0 1
71 271 0 1
72 271 0 1
73 271 0 1
77 271 0 1
78 271 0 1
99 271 0 1
104 271 0 1
6 272 0 1
7 272 0 1
11 272 0 1
16 272 0 1
17 272 0 1
18 272 0 1
19 272 0 1
20 272 0 1
21 272 0 1
22 272 0 1
23 272 0 1
26 272 0 1
27 272 0 1
28 272 0 1
31 272 0 1
33 272 0 1
34 272 0 1
35 272 0 1
39 272 0 1
41 272 0 1
42 272 0 1
43 272 0 1
51 272 0 1
54 272 0 1
58 272 0 1
59 272 0 1
60 272 0 1
63 272 0 1
66 272 0 1
67 272 0 1
69 272 0 1
71 272 0 1
72 272 0 1
73 272 0 1
77 272 0 1
78 272 0 1
82 272 0 1
83 272 0 1
96 272 0 1
99 272 0 1
104 272 0 1
108 272 0 1
14 273 0 1
16 273 0 1
17 273 0 1
18 273 0 1
20 273 0 1
22 273 0 1
23 273 0 1
26 273 0 1
27 273 0 1
33 273 0 1
38 273 0 1
39 273 0 1
41 273 0 1
42 273 0 1
51 273 0 1
54 273 0 1
55 273 0 1
56 273 0 1
58 273 0 1
59 273 0 1
60 273 0 1
63 273 0 1
67 273 0 1
69 273 0 1
71 273 0 1
72 273 0 1
77 273 0 1
104 273 0 1
107 273 0 1
10 274 0 1
12 274 0 1
13 274 0 1
15 274 0 1
24 274 0 1
25 274 0 1
29 274 0 1
30 274 0 1
31 274 0 1
32 274 0 1
35 274 0 1
36 274 0 1
37 274 0 1
40 274 0 1
43 274 0 1
44 274 0 1
45 274 0 1
46 274 0 1
47 274 0 1
48 274 0 1
49 274 0 1
50 274 0 1
52 274 0 1
53 274 0 1
57 274 0 1
61 274 0 1
62 274 0 1
64 274 0 1
65 274 0 1
66 274 0 1
68 274 0 1
70 274 0 1
74 274 0 1
75 274 0 1
76 274 0 1
78 274 0 1
79 274 0 1
80 274 0 1
99 274 0 1
100 274 0 1
102 274 0 1
103 274 0 1
105 274 0 1
11 275 0 1
12 275 0 1
16 275 0 1
17 275 0 1
18 275 0 1
19 275 0 1
20 275 0 1
21 275 0 1
22 275 0 1
23 275 0 1
25 275 0 1
27 275 0 1
28 275 0 1
30 275 0 1
31 275 0 1
33 275 0 1
34 275 0 1
35 275 0 1
39 275 0 1
42 275 0 1
43 275 0 1
47 275 0 1
51 275 0 1
53 275 0 1
54 275 0 1
59 275 0 1
60 275 0 1
63 275 0 1
65 275 0 1
66 275 0 1
67 275 0 1
68 275 0 1
71 275 0 1
72 275 0 1
73 275 0 1
77 275 0 1
78 275 0 1
83 275 0 1
96 275 0 1
99 275 0 1
100 275 0 1
104 275 0 1
108 275 0 1
11 276 0 1
12 276 0 1
16 276 0 1
17 276 0 1
19 276 0 1
20 276 0 1
21 276 0 1
22 276 0 1
23 276 0 1
25 276 0 1
27 276 0 1
28 276 0 1
30 276 0 1
31 276 0 1
33 276 0 1
34 276 0 1
35 276 0 1
36 276 0 1
39 276 0 1
42 276 0 1
43 276 0 1
45 276 0 1
47 276 0 1
49 276 0 1
51 276 0 1
52 276 0 1
53 276 0 1
54 276 0 1
59 276 0 1
60 276 0 1
63 276 0 1
64 276 0 1
65 276 0 1
66 276 0 1
67 276 0 1
68 276 0 1
70 276 0 1
71 276 0 1
72 276 0 1
73 276 0 1
75 276 0 1
78 276 0 1
84 276 0 1
96 276 0 1
97 276 0 1
99 276 0 1
100 276 0 1
104 276 0 1
108 276 0 1
14 277 0 1
18 277 0 1
23 277 0 1
26 277 0 1
27 277 0 1
38 277 0 1
39 277 0 1
41 277 0 1
55 277 0 1
56 277 0 1
58 277 0 1
59 277 0 1
67 277 0 1
69 277 0 1
77 277 0 1
101 277 0 1
106 277 0 1
107 277 0 1
14 278 0 1
17 278 0 1
18 278 0 1
23 278 0 1
26 278 0 1
27 278 0 1
38 278 0 1
39 278 0 1
41 278 0 1
54 278 0 1
55 278 0 1
56 278 0 1
58 278 0 1
59 278 0 1
60 278 0 1
67 278 0 1
69 278 0 1
71 278 0 1
77 278 0 1
101 278 0 1
106 278 0 1
107 278 0 1
1 279 0 1
44 279 0 1
45 279 0 1
46 279 0 1
47 279 0 1
48 279 0 1
49 279 0 1
50 279 0 1
52 279 0 1
53 279 0 1
57 279 0 1
61 279 0 1
62 279 0 1
64 279 0 1
65 279 0 1
68 279 0 1
70 279 0 1
76 279 0 1
79 279 0 1
80 279 0 1
85 279 0 1
86 279 0 1
88 279 0 1
89 279 0 1
92 279 0 1
94 279 0 1
95 279 0 1
97 279 0 1
98 279 0 1
99 279 0 1
100 279 0 1
102 279 0 1
103 279 0 1
105 279 0 1
109 279 0 1
113 279 0 1
120 279 0 1
201 279 0 1
202 279 0 1
204 279 0 1
208 279 0 1
55 280 0 1
56 280 0 1
87 280 0 1
90 280 0 1
93 280 0 1
101 280 0 1
106 280 0 1
107 280 0 1
117 280 0 1
200 280 0 1
55 281 0 1
56 281 0 1
58 281 0 1
69 281 0 1
87 281 0 1
90 281 0 1
93 281 0 1
101 281 0 1
106 281 0 1
107 281 0 1
111 281 0 1
117 281 0 1
200 281 0 1
205 281 0 1
55 282 0 1
56 282 0 1
58 282 0 1
59 282 0 1
69 282 0 1
82 282 0 1
87 282 0 1
90 282 0 1
93 282 0 1
101 282 0 1
106 282 0 1
107 282 0 1
110 282 0 1
111 282 0 1
117 282 0 1
118 282 0 1
119 282 0 1
123 282 0 1
125 282 0 1
129 282 0 1
132 282 0 1
193 282 0 1
200 282 0 1
203 282 0 1
205 282 0 1
2 283 0 1
3 283 0 1
58 283 0 1
59 283 0 1
60 283 0 1
67 283 0 1
69 283 0 1
71 283 0 1
72 283 0 1
82 283 0 1
83 283 0 1
84 283 0 1
87 283 0 1
90 283 0 1
91 283 0 1
93 283 0 1
96 283 0 1
104 283 0 1
106 283 0 1
107 283 0 1
108 283 0 1
110 283 0 1
111 283 0 1
112 283 0 1
116 283 0 1
117 283 0 1
118 283 0 1
119 283 0 1
121 283 0 1
123 283 0 1
125 283 0 1
127 283 0 1
129 283 0 1
132 283 0 1
133 283 0 1
134 283 0 1
192 283 0 1
203 283 0 1
205 283 0 1
207 283 0 1
1 284 0 1
57 284 0 1
61 284 0 1
70 284 0 1
81 284 0 1
85 284 0 1
86 284 0 1
88 284 0 1
89 284 0 1
92 284 0 1
94 284 0 1
95 284 0 1
97 284 0 1
99 284 0 1
100 284 0 1
102 284 0 1
103 284 0 1
105 284 0 1
109 284 0 1
113 284 0 1
114 284 0 1
120 284 0 1
122 284 0 1
124 284 0 1
126 284 0 1
130 284 0 1
131 284 0 1
136 284 0 1
137 284 0 1
185 284 0 1
187 284 0 1
188 284 0 1
191 284 0 1
201 284 0 1
202 284 0 1
204 284 0 1
208 284 0 1
1 285 0 1
3 285 0 1
70 285 0 1
81 285 0 1
84 285 0 1
85 285 0 1
86 285 0 1
88 285 0 1
89 285 0 1
92 285 0 1
94 285 0 1
95 285 0 1
97 285 0 1
99 285 0 1
100 285 0 1
102 285 0 1
103 285 0 1
105 285 0 1
109 285 0 1
113 285 0 1
114 285 0 1
115 285 0 1
120 285 0 1
122 285 0 1
126 285 0 1
130 285 0 1
131 285 0 1
136 285 0 1
137 285 0 1
185 285 0 1
187 285 0 1
188 285 0 1
189 285 0 1
191 285 0 1
201 285 0 1
202 285 0 1
204 285 0 1
206 285 0 1
208 285 0 1
2 286 0 1
3 286 0 1
60 286 0 1
71 286 0 1
72 286 0 1
73 286 0 1
81 286 0 1
82 286 0 1
83 286 0 1
84 286 0 1
88 286 0 1
89 286 0 1
91 286 0 1
95 286 0 1
96 286 0 1
97 286 0 1
99 286 0 1
100 286 0 1
104 286 0 1
105 286 0 1
108 286 0 1
110 286 0 1
112 286 0 1
115 286 0 1
116 286 0 1
118 286 0 1
120 286 0 1
121 286 0 1
122 286 0 1
123 286 0 1
127 286 0 1
128 286 0 1
133 286 0 1
135 286 0 1
137 286 0 1
147 286 0 1
185 286 0 1
188 286 0 1
189 286 0 1
194 286 0 1
198 286 0 1
199 286 0 1
203 286 0 1
206 286 0 1
207 286 0 1
2 287 0 1
3 287 0 1
59 287 0 1
60 287 0 1
71 287 0 1
72 287 0 1
81 287 0 1
82 287 0 1
83 287 0 1
84 287 0 1
91 287 0 1
96 287 0 1
97 287 0 1
99 287 0 1
104 287 0 1
108 287 0 1
110 287 0 1
111 287 0 1
112 287 0 1
115 287 0 1
116 287 0 1
118 287 0 1
119 287 0 1
121 287 0 1
122 287 0 1
123 287 0 1
125 287 0 1
127 287 0 1
128 287 0 1
132 287 0 1
133 287 0 1
134 287 0 1
135 287 0 1
146 287 0 1
147 287 0 1
177 287 0 1
188 287 0 1
189 287 0 1
192 287 0 1
194 287 0 1
198 287 0 1
199 287 0 1
203 287 0 1
205 287 0 1
206 287 0 1
207 287 0 1
2 288 0 1
56 288 0 1
58 288 0 1
69 288 0 1
82 288 0 1
87 288 0 1
90 288 0 1
91 288 0 1
93 288 0 1
101 288 0 1
106 288 0 1
107 288 0 1
110 288 0 1
111 288 0 1
117 288 0 1
118 288 0 1
119 288 0 1
123 288 0 1
125 288 0 1
129 288 0 1
132 288 0 1
134 288 0 1
139 288 0 1
192 288 0 1
193 288 0 1
196 288 0 1
197 288 0 1
200 288 0 1
203 288 0 1
205 288 0 1
55 289 0 1
56 289 0 1
58 289 0 1
69 289 0 1
87 289 0 1
90 289 0 1
93 289 0 1
101 289 0 1
106 289 0 1
107 289 0 1
110 289 0 1
111 289 0 1
117 289 0 1
119 289 0 1
123 289 0 1
125 289 0 1
129 289 0 1
132 289 0 1
134 289 0 1
192 289 0 1
193 289 0 1
196 289 0 1
197 289 0 1
200 289 0 1
203 289 0 1
205 289 0 1
56 290 0 1
69 290 0 1
87 290 0 1
90 290 0 1
93 290 0 1
101 290 0 1
106 290 0 1
107 290 0 1
111 290 0 1
117 290 0 1
119 290 0 1
125 290 0 1
129 290 0 1
132 290 0 1
138 290 0 1
139 290 0 1
193 290 0 1
196 290 0 1
197 290 0 1
200 290 0 1
205 290 0 1
87 291 0 1
90 291 0 1
93 291 0 1
101 291 0 1
106 291 0 1
117 291 0 1
138 291 0 1
200 291 0 1
205 291 0 1
1 292 0 1
3 292 0 1
49 292 0 1
52 292 0 1
53 292 0 1
57 292 0 1
61 292 0 1
62 292 0 1
64 292 0 1
65 292 0 1
66 292 0 1
68 292 0 1
70 292 0 1
73 292 0 1
81 292 0 1
84 292 0 1
85 292 0 1
86 292 0 1
88 292 0 1
89 292 0 1
92 292 0 1
94 292 0 1
95 292 0 1
97 292 0 1
99 292 0 1
100 292 0 1
102 292 0 1
103 292 0 1
105 292 0 1
108 292 0 1
109 292 0 1
113 292 0 1
114 292 0 1
115 292 0 1
120 292 0 1
122 292 0 1
126 292 0 1
130 292 0 1
131 292 0 1
137 292 0 1
185 292 0 1
187 292 0 1
188 292 0 1
191 292 0 1
201 292 0 1
202 292 0 1
204 292 0 1
206 292 0 1
208 292 0 1
3 293 0 1
60 293 0 1
63 293 0 1
65 293 0 1
66 293 0 1
68 293 0 1
70 293 0 1
71 293 0 1
72 293 0 1
73 293 0 1
81 293 0 1
82 293 0 1
83 293 0 1
84 293 0 1
85 293 0 1
88 293 0 1
89 293 0 1
91 293 0 1
95 293 0 1
96 293 0 1
97 293 0 1
99 293 0 1
100 293 0 1
104 293 0 1
105 293 0 1
108 293 0 1
112 293 0 1
115 293 0 1
116 293 0 1
120 293 0 1
121 293 0 1
122 293 0 1
128 293 0 1
133 293 0 1
135 293 0 1
137 293 0 1
185 293 0 1
188 293 0 1
189 293 0 1
194 293 0 1
203 293 0 1
206 293 0 1
207 293 0 1
208 293 0 1
2 294 0 1
3 294 0 1
55 294 0 1
56 294 0 1
58 294 0 1
59 294 0 1
60 294 0 1
67 294 0 1
69 294 0 1
71 294 0 1
82 294 0 1
83 294 0 1
87 294 0 1
90 294 0 1
91 294 0 1
93 294 0 1
101 294 0 1
104 294 0 1
106 294 0 1
107 294 0 1
110 294 0 1
111 294 0 1
112 294 0 1
116 294 0 1
117 294 0 1
118 294 0 1
119 294 0 1
121 294 0 1
123 294 0 1
125 294 0 1
127 294 0 1
129 294 0 1
132 294 0 1
133 294 0 1
134 294 0 1
192 294 0 1
193 294 0 1
203 294 0 1
205 294 0 1
207 294 0 1
56 295 0 1
87 295 0 1
90 295 0 1
93 295 0 1
101 295 0 1
106 295 0 1
117 295 0 1
200 295 0 1
55 296 0 1
56 296 0 1
69 296 0 1
87 296 0 1
90 296 0 1
93 296 0 1
101 296 0 1
106 296 0 1
107 296 0 1
111 296 0 1
117 296 0 1
119 296 0 1
129 296 0 1
193 296 0 1
200 296 0 1
205 296 0 1
2 297 0 1
3 297 0 1
58 297 0 1
59 297 0 1
60 297 0 1
69 297 0 1
71 297 0 1
82 297 0 1
83 297 0 1
84 297 0 1
87 297 0 1
90 297 0 1
91 297 0 1
93 297 0 1
96 297 0 1
104 297 0 1
106 297 0 1
107 297 0 1
108 297 0 1
110 297 0 1
111 297 0 1
112 297 0 1
116 297 0 1
117 297 0 1
118 297 0 1
119 297 0 1
121 297 0 1
123 297 0 1
125 297 0 1
127 297 0 1
129 297 0 1
132 297 0 1
133 297 0 1
134 297 0 1
192 297 0 1
193 297 0 1
194 297 0 1
203 297 0 1
205 297 0 1
207 297 0 1
2 298 0 1
3 298 0 1
56 298 0 1
58 298 0 1
59 298 0 1
60 298 0 1
69 298 0 1
82 298 0 1
87 298 0 1
90 298 0 1
91 298 0 1
93 298 0 1
101 298 0 1
106 298 0 1
107 298 0 1
110 298 0 1
111 298 0 1
112 298 0 1
116 298 0 1
117 298 0 1
118 298 0 1
119 298 0 1
121 298 0 1
123 298 0 1
125 298 0 1
127 298 0 1
129 298 0 1
132 298 0 1
133 298 0 1
134 298 0 1
192 298 0 1
193 298 0 1
196 298 0 1
197 298 0 1
200 298 0 1
203 298 0 1
205 298 0 1
207 298 0 1
1 299 0 1
45 299 0 1
46 299 0 1
47 299 0 1
48 299 0 1
49 299 0 1
50 299 0 1
52 299 0 1
53 299 0 1
57 299 0 1
61 299 0 1
62 299 0 1
64 299 0 1
65 299 0 1
66 299 0 1
68 299 0 1
70 299 0 1
73 299 0 1
79 299 0 1
80 299 0 1
81 299 0 1
85 299 0 1
86 299 0 1
88 299 0 1
89 299 0 1
92 299 0 1
94 299 0 1
95 299 0 1
97 299 0 1
98 299 0 1
99 299 0 1
100 299 0 1
102 299 0 1
103 299 0 1
105 299 0 1
109 299 0 1
114 299 0 1
120 299 0 1
201 299 0 1
202 299 0 1
204 299 0 1
208 299 0 1
3 300 0 1
42 300 0 1
43 300 0 1
51 300 0 1
54 300 0 1
58 300 0 1
59 300 0 1
60 300 0 1
63 300 0 1
66 300 0 1
67 300 0 1
68 300 0 1
71 300 0 1
72 300 0 1
73 300 0 1
81 300 0 1
82 300 0 1
83 300 0 1
84 300 0 1
91 300 0 1
95 300 0 1
96 300 0 1
97 300 0 1
99 300 0 1
104 300 0 1
108 300 0 1
110 300 0 1
112 300 0 1
116 300 0 1
118 300 0 1
121 300 0 1
203 300 0 1
206 300 0 1
207 300 0 1
3 301 0 1
41 301 0 1
42 301 0 1
51 301 0 1
54 301 0 1
58 301 0 1
59 301 0 1
60 301 0 1
63 301 0 1
67 301 0 1
69 301 0 1
71 301 0 1
72 301 0 1
73 301 0 1
81 301 0 1
82 301 0 1
83 301 0 1
84 301 0 1
87 301 0 1
90 301 0 1
91 301 0 1
93 301 0 1
96 301 0 1
97 301 0 1
99 301 0 1
104 301 0 1
107 301 0 1
108 301 0 1
110 301 0 1
111 301 0 1
112 301 0 1
116 301 0 1
118 301 0 1
119 301 0 1
121 301 0 1
123 301 0 1
127 301 0 1
203 301 0 1
205 301 0 1
206 301 0 1
207 301 0 1
55 302 0 1
56 302 0 1
87 302 0 1
90 302 0 1
101 302 0 1
106 302 0 1
107 302 0 1
200 302 0 1
41 303 0 1
55 303 0 1
56 303 0 1
58 303 0 1
59 303 0 1
60 303 0 1
67 303 0 1
69 303 0 1
82 303 0 1
87 303 0 1
90 303 0 1
91 303 0 1
93 303 0 1
101 303 0 1
106 303 0 1
107 303 0 1
110 303 0 1
111 303 0 1
117 303 0 1
118 303 0 1
119 303 0 1
123 303 0 1
200 303 0 1
203 303 0 1
205 303 0 1
3 304 0 1
54 304 0 1
58 304 0 1
59 304 0 1
60 304 0 1
63 304 0 1
67 304 0 1
69 304 0 1
71 304 0 1
72 304 0 1
81 304 0 1
82 304 0 1
83 304 0 1
84 304 0 1
87 304 0 1
90 304 0 1
91 304 0 1
93 304 0 1
96 304 0 1
104 304 0 1
107 304 0 1
108 304 0 1
110 304 0 1
111 304 0 1
112 304 0 1
116 304 0 1
117 304 0 1
118 304 0 1
119 304 0 1
121 304 0 1
123 304 0 1
125 304 0 1
127 304 0 1
134 304 0 1
203 304 0 1
205 304 0 1
207 304 0 1
41 305 0 1
55 305 0 1
56 305 0 1
58 305 0 1
69 305 0 1
87 305 0 1
90 305 0 1
93 305 0 1
101 305 0 1
106 305 0 1
107 305 0 1
111 305 0 1
117 305 0 1
119 305 0 1
200 305 0 1
205 305 0 1
2 306 0 1
3 306 0 1
82 306 0 1
83 306 0 1
87 306 0 1
90 306 0 1
91 306 0 1
93 306 0 1
107 306 0 1
110 306 0 1
111 306 0 1
112 306 0 1
116 306 0 1
117 306 0 1
118 306 0 1
119 306 0 1
121 306 0 1
123 306 0 1
125 306 0 1
127 306 0 1
129 306 0 1
132 306 0 1
133 306 0 1
134 306 0 1
135 306 0 1
139 306 0 1
148 306 0 1
152 306 0 1
192 306 0 1
193 306 0 1
194 306 0 1
196 306 0 1
197 306 0 1
203 306 0 1
205 306 0 1
207 306 0 1
87 307 0 1
90 307 0 1
93 307 0 1
101 307 0 1
106 307 0 1
107 307 0 1
110 307 0 1
111 307 0 1
117 307 0 1
119 307 0 1
123 307 0 1
125 307 0 1
129 307 0 1
132 307 0 1
134 307 0 1
138 307 0 1
139 307 0 1
140 307 0 1
192 307 0 1
193 307 0 1
196 307 0 1
197 307 0 1
200 307 0 1
205 307 0 1
2 308 0 1
3 308 0 1
81 308 0 1
82 308 0 1
83 308 0 1
84 308 0 1
88 308 0 1
91 308 0 1
95 308 0 1
96 308 0 1
97 308 0 1
99 308 0 1
104 308 0 1
108 308 0 1
110 308 0 1
111 308 0 1
112 308 0 1
115 308 0 1
116 308 0 1
118 308 0 1
119 308 0 1
120 308 0 1
121 308 0 1
122 308 0 1
123 308 0 1
125 308 0 1
127 308 0 1
128 308 0 1
132 308 0 1
133 308 0 1
134 308 0 1
135 308 0 1
137 308 0 1
146 308 0 1
147 308 0 1
177 308 0 1
178 308 0 1
185 308 0 1
188 308 0 1
189 308 0 1
192 308 0 1
194 308 0 1
198 308 0 1
199 308 0 1
203 308 0 1
206 308 0 1
207 308 0 1
2 309 0 1
3 309 0 1
81 309 0 1
84 309 0 1
88 309 0 1
91 309 0 1
110 309 0 1
112 309 0 1
114 309 0 1
115 309 0 1
116 309 0 1
118 309 0 1
120 309 0 1
121 309 0 1
122 309 0 1
123 309 0 1
125 309 0 1
127 309 0 1
128 309 0 1
133 309 0 1
134 309 0 1
135 309 0 1
137 309 0 1
143 309 0 1
146 309 0 1
147 309 0 1
149 309 0 1
168 309 0 1
176 309 0 1
177 309 0 1
178 309 0 1
180 309 0 1
181 309 0 1
185 309 0 1
188 309 0 1
189 309 0 1
191 309 0 1
192 309 0 1
194 309 0 1
198 309 0 1
199 309 0 1
203 309 0 1
206 309 0 1
207 309 0 1
117 310 0 1
138 310 0 1
139 310 0 1
140 310 0 1
154 310 0 1
193 310 0 1
196 310 0 1
200 310 0 1
87 311 0 1
117 311 0 1
129 311 0 1
138 311 0 1
139 311 0 1
140 311 0 1
193 311 0 1
196 311 0 1
200 311 0 1
92 312 0 1
109 312 0 1
113 312 0 1
114 312 0 1
120 312 0 1
124 312 0 1
126 312 0 1
130 312 0 1
131 312 0 1
136 312 0 1
137 312 0 1
141 312 0 1
142 312 0 1
145 312 0 1
149 312 0 1
150 312 0 1
151 312 0 1
153 312 0 1
167 312 0 1
175 312 0 1
182 312 0 1
183 312 0 1
185 312 0 1
186 312 0 1
187 312 0 1
190 312 0 1
191 312 0 1
195 312 0 1
201 312 0 1
202 312 0 1
204 312 0 1
208 312 0 1
109 313 0 1
113 313 0 1
114 313 0 1
124 313 0 1
126 313 0 1
130 313 0 1
131 313 0 1
136 313 0 1
137 313 0 1
141 313 0 1
142 313 0 1
145 313 0 1
150 313 0 1
151 313 0 1
153 313 0 1
155 313 0 1
167 313 0 1
175 313 0 1
182 313 0 1
186 313 0 1
187 313 0 1
190 313 0 1
191 313 0 1
195 313 0 1
201 313 0 1
202 313 0 1
204 313 0 1
208 313 0 1
88 314 0 1
89 314 0 1
92 314 0 1
109 314 0 1
113 314 0 1
114 314 0 1
115 314 0 1
120 314 0 1
122 314 0 1
126 314 0 1
128 314 0 1
130 314 0 1
131 314 0 1
135 314 0 1
136 314 0 1
137 314 0 1
142 314 0 1
143 314 0 1
147 314 0 1
149 314 0 1
150 314 0 1
151 314 0 1
153 314 0 1
175 314 0 1
176 314 0 1
178 314 0 1
182 314 0 1
183 314 0 1
185 314 0 1
186 314 0 1
187 314 0 1
188 314 0 1
189 314 0 1
191 314 0 1
195 314 0 1
198 314 0 1
199 314 0 1
201 314 0 1
202 314 0 1
204 314 0 1
206 314 0 1
208 314 0 1
117 315 0 1
129 315 0 1
138 315 0 1
139 315 0 1
140 315 0 1
154 315 0 1
170 315 0 1
179 315 0 1
193 315 0 1
196 315 0 1
197 315 0 1
200 315 0 1
2 316 0 1
87 316 0 1
90 316 0 1
93 316 0 1
110 316 0 1
111 316 0 1
117 316 0 1
119 316 0 1
123 316 0 1
125 316 0 1
129 316 0 1
132 316 0 1
134 316 0 1
138 316 0 1
139 316 0 1
140 316 0 1
144 316 0 1
148 316 0 1
152 316 0 1
170 316 0 1
171 316 0 1
179 316 0 1
192 316 0 1
193 316 0 1
196 316 0 1
197 316 0 1
200 316 0 1
205 316 0 1
117 317 0 1
129 317 0 1
138 317 0 1
139 317 0 1
140 317 0 1
154 317 0 1
170 317 0 1
179 317 0 1
193 317 0 1
196 317 0 1
197 317 0 1
200 317 0 1
2 318 0 1
3 318 0 1
91 318 0 1
110 318 0 1
112 318 0 1
115 318 0 1
116 318 0 1
118 318 0 1
119 318 0 1
121 318 0 1
122 318 0 1
123 318 0 1
125 318 0 1
127 318 0 1
128 318 0 1
132 318 0 1
133 318 0 1
134 318 0 1
135 318 0 1
143 318 0 1
144 318 0 1
146 318 0 1
147 318 0 1
148 318 0 1
152 318 0 1
168 318 0 1
169 318 0 1
176 318 0 1
177 318 0 1
178 318 0 1
180 318 0 1
181 318 0 1
184 318 0 1
185 318 0 1
188 318 0 1
189 318 0 1
192 318 0 1
194 318 0 1
197 318 0 1
198 318 0 1
199 318 0 1
203 318 0 1
206 318 0 1
207 318 0 1
2 319 0 1
3 319 0 1
91 319 0 1
110 319 0 1
112 319 0 1
115 319 0 1
116 319 0 1
118 319 0 1
120 319 0 1
121 319 0 1
122 319 0 1
123 319 0 1
127 319 0 1
128 319 0 1
133 319 0 1
134 319 0 1
135 319 0 1
137 319 0 1
143 319 0 1
146 319 0 1
147 319 0 1
149 319 0 1
168 319 0 1
169 319 0 1
176 319 0 1
177 319 0 1
178 319 0 1
180 319 0 1
181 319 0 1
184 319 0 1
185 319 0 1
188 319 0 1
189 319 0 1
191 319 0 1
192 319 0 1
194 319 0 1
198 319 0 1
199 319 0 1
203 319 0 1
206 319 0 1
207 319 0 1
109 320 0 1
113 320 0 1
114 320 0 1
115 320 0 1
120 320 0 1
122 320 0 1
126 320 0 1
128 320 0 1
130 320 0 1
131 320 0 1
135 320 0 1
136 320 0 1
137 320 0 1
142 320 0 1
143 320 0 1
146 320 0 1
147 320 0 1
149 320 0 1
150 320 0 1
151 320 0 1
153 320 0 1
175 320 0 1
176 320 0 1
178 320 0 1
182 320 0 1
183 320 0 1
185 320 0 1
187 320 0 1
188 320 0 1
189 320 0 1
191 320 0 1
195 320 0 1
198 320 0 1
199 320 0 1
201 320 0 1
206 320 0 1
208 320 0 1
113 321 0 1
114 321 0 1
124 321 0 1
126 321 0 1
130 321 0 1
131 321 0 1
136 321 0 1
141 321 0 1
142 321 0 1
145 321 0 1
150 321 0 1
151 321 0 1
153 321 0 1
155 321 0 1
156 321 0 1
167 321 0 1
175 321 0 1
182 321 0 1
183 321 0 1
186 321 0 1
187 321 0 1
190 321 0 1
191 321 0 1
195 321 0 1
204 321 0 1
113 322 0 1
114 322 0 1
124 322 0 1
126 322 0 1
130 322 0 1
131 322 0 1
136 322 0 1
137 322 0 1
141 322 0 1
142 322 0 1
143 322 0 1
145 322 0 1
149 322 0 1
150 322 0 1
151 322 0 1
153 322 0 1
155 322 0 1
156 322 0 1
159 322 0 1
163 322 0 1
167 322 0 1
175 322 0 1
182 322 0 1
183 322 0 1
185 322 0 1
186 322 0 1
187 322 0 1
190 322 0 1
191 322 0 1
195 322 0 1
138 323 0 1
139 323 0 1
140 323 0 1
154 323 0 1
157 323 0 1
170 323 0 1
171 323 0 1
179 323 0 1
196 323 0 1
113 324 0 1
114 324 0 1
120 324 0 1
126 324 0 1
130 324 0 1
131 324 0 1
136 324 0 1
137 324 0 1
141 324 0 1
142 324 0 1
143 324 0 1
145 324 0 1
147 324 0 1
149 324 0 1
150 324 0 1
151 324 0 1
153 324 0 1
155 324 0 1
156 324 0 1
159 324 0 1
163 324 0 1
164 324 0 1
167 324 0 1
173 324 0 1
175 324 0 1
176 324 0 1
178 324 0 1
182 324 0 1
183 324 0 1
185 324 0 1
187 324 0 1
188 324 0 1
189 324 0 1
191 324 0 1
195 324 0 1
199 324 0 1
2 325 0 1
117 325 0 1
119 325 0 1
123 325 0 1
125 325 0 1
129 325 0 1
132 325 0 1
134 325 0 1
138 325 0 1
139 325 0 1
140 325 0 1
144 325 0 1
148 325 0 1
152 325 0 1
154 325 0 1
157 325 0 1
158 325 0 1
162 325 0 1
165 325 0 1
170 325 0 1
171 325 0 1
172 325 0 1
179 325 0 1
184 325 0 1
192 325 0 1
193 325 0 1
196 325 0 1
197 325 0 1
2 326 0 1
123 326 0 1
125 326 0 1
127 326 0 1
129 326 0 1
132 326 0 1
134 326 0 1
139 326 0 1
140 326 0 1
144 326 0 1
148 326 0 1
152 326 0 1
157 326 0 1
158 326 0 1
161 326 0 1
162 326 0 1
165 326 0 1
166 326 0 1
169 326 0 1
170 326 0 1
171 326 0 1
172 326 0 1
174 326 0 1
177 326 0 1
179 326 0 1
180 326 0 1
184 326 0 1
192 326 0 1
193 326 0 1
196 326 0 1
197 326 0 1
2 327 0 1
114 327 0 1
115 327 0 1
122 327 0 1
128 327 0 1
135 327 0 1
137 327 0 1
143 327 0 1
146 327 0 1
147 327 0 1
149 327 0 1
150 327 0 1
151 327 0 1
153 327 0 1
156 327 0 1
159 327 0 1
160 327 0 1
163 327 0 1
164 327 0 1
168 327 0 1
169 327 0 1
173 327 0 1
174 327 0 1
175 327 0 1
176 327 0 1
177 327 0 1
178 327 0 1
180 327 0 1
181 327 0 1
182 327 0 1
183 327 0 1
185 327 0 1
188 327 0 1
189 327 0 1
191 327 0 1
194 327 0 1
198 327 0 1
199 327 0 1
2 328 0 1
115 328 0 1
122 328 0 1
128 328 0 1
133 328 0 1
135 328 0 1
137 328 0 1
143 328 0 1
146 328 0 1
147 328 0 1
149 328 0 1
151 328 0 1
153 328 0 1
156 328 0 1
159 328 0 1
160 328 0 1
163 328 0 1
164 328 0 1
166 328 0 1
168 328 0 1
169 328 0 1
173 328 0 1
174 328 0 1
175 328 0 1
176 328 0 1
177 328 0 1
178 328 0 1
180 328 0 1
181 328 0 1
183 328 0 1
184 328 0 1
185 328 0 1
188 328 0 1
189 328 0 1
191 328 0 1
194 328 0 1
198 328 0 1
199 328 0 1
109 329 0 1
113 329 0 1
114 329 0 1
120 329 0 1
122 329 0 1
124 329 0 1
126 329 0 1
130 329 0 1
131 329 0 1
136 329 0 1
137 329 0 1
141 329 0 1
142 329 0 1
143 329 0 1
145 329 0 1
149 329 0 1
150 329 0 1
151 329 0 1
153 329 0 1
155 329 0 1
156 329 0 1
167 329 0 1
175 329 0 1
182 329 0 1
183 329 0 1
185 329 0 1
186 329 0 1
187 329 0 1
188 329 0 1
190 329 0 1
191 329 0 1
195 329 0 1
199 329 0 1
201 329 0 1
202 329 0 1
204 329 0 1
208 329 0 1
109 330 0 1
113 330 0 1
114 330 0 1
120 330 0 1
122 330 0 1
124 330 0 1
126 330 0 1
130 330 0 1
131 330 0 1
136 330 0 1
137 330 0 1
141 330 0 1
142 330 0 1
143 330 0 1
147 330 0 1
149 330 0 1
150 330 0 1
151 330 0 1
153 330 0 1
156 330 0 1
159 330 0 1
163 330 0 1
167 330 0 1
175 330 0 1
176 330 0 1
178 330 0 1
182 330 0 1
183 330 0 1
185 330 0 1
186 330 0 1
187 330 0 1
188 330 0 1
189 330 0 1
191 330 0 1
195 330 0 1
198 330 0 1
199 330 0 1
201 330 0 1
208 330 0 1
2 331 0 1
111 331 0 1
117 331 0 1
119 331 0 1
125 331 0 1
129 331 0 1
132 331 0 1
134 331 0 1
138 331 0 1
139 331 0 1
140 331 0 1
144 331 0 1
148 331 0 1
152 331 0 1
154 331 0 1
157 331 0 1
158 331 0 1
162 331 0 1
170 331 0 1
171 331 0 1
179 331 0 1
192 331 0 1
193 331 0 1
196 331 0 1
197 331 0 1
2 332 0 1
112 332 0 1
115 332 0 1
116 332 0 1
118 332 0 1
121 332 0 1
122 332 0 1
127 332 0 1
128 332 0 1
133 332 0 1
135 332 0 1
137 332 0 1
143 332 0 1
146 332 0 1
147 332 0 1
149 332 0 1
151 332 0 1
159 332 0 1
160 332 0 1
164 332 0 1
168 332 0 1
169 332 0 1
173 332 0 1
174 332 0 1
176 332 0 1
177 332 0 1
178 332 0 1
180 332 0 1
181 332 0 1
183 332 0 1
184 332 0 1
185 332 0 1
188 332 0 1
189 332 0 1
191 332 0 1
194 332 0 1
198 332 0 1
199 332 0 1
206 332 0 1
207 332 0 1
2 333 0 1
110 333 0 1
111 333 0 1
112 333 0 1
116 333 0 1
117 333 0 1
118 333 0 1
119 333 0 1
121 333 0 1
123 333 0 1
125 333 0 1
127 333 0 1
129 333 0 1
132 333 0 1
133 333 0 1
134 333 0 1
135 333 0 1
139 333 0 1
140 333 0 1
144 333 0 1
146 333 0 1
148 333 0 1
152 333 0 1
158 333 0 1
161 333 0 1
162 333 0 1
169 333 0 1
170 333 0 1
172 333 0 1
174 333 0 1
177 333 0 1
179 333 0 1
180 333 0 1
181 333 0 1
184 333 0 1
192 333 0 1
193 333 0 1
194 333 0 1
196 333 0 1
197 333 0 1
198 333 0 1
203 333 0 1
205 333 0 1
207 333 0 1
2 334 0 1
110 334 0 1
111 334 0 1
117 334 0 1
118 334 0 1
119 334 0 1
123 334 0 1
125 334 0 1
127 334 0 1
129 334 0 1
132 334 0 1
134 334 0 1
138 334 0 1
139 334 0 1
140 334 0 1
144 334 0 1
148 334 0 1
152 334 0 1
157 334 0 1
158 334 0 1
162 334 0 1
165 334 0 1
170 334 0 1
171 334 0 1
172 334 0 1
179 334 0 1
184 334 0 1
192 334 0 1
193 334 0 1
196 334 0 1
197 334 0 1
205 334 0 1
109 335 0 1
113 335 0 1
114 335 0 1
124 335 0 1
126 335 0 1
130 335 0 1
131 335 0 1
136 335 0 1
137 335 0 1
141 335 0 1
142 335 0 1
145 335 0 1
149 335 0 1
150 335 0 1
151 335 0 1
153 335 0 1
155 335 0 1
156 335 0 1
167 335 0 1
175 335 0 1
182 335 0 1
183 335 0 1
186 335 0 1
187 335 0 1
190 335 0 1
191 335 0 1
195 335 0 1
201 335 0 1
202 335 0 1
204 335 0 1
113 336 0 1
114 336 0 1
115 336 0 1
120 336 0 1
122 336 0 1
126 336 0 1
128 336 0 1
130 336 0 1
131 336 0 1
135 336 0 1
136 336 0 1
137 336 0 1
141 336 0 1
142 336 0 1
143 336 0 1
146 336 0 1
147 336 0 1
149 336 0 1
150 336 0 1
151 336 0 1
153 336 0 1
156 336 0 1
159 336 0 1
163 336 0 1
164 336 0 1
167 336 0 1
168 336 0 1
173 336 0 1
175 336 0 1
176 336 0 1
177 336 0 1
178 336 0 1
181 336 0 1
182 336 0 1
183 336 0 1
185 336 0 1
187 336 0 1
188 336 0 1
189 336 0 1
191 336 0 1
195 336 0 1
198 336 0 1
199 336 0 1
208 336 0 1
2 337 0 1
111 337 0 1
117 337 0 1
119 337 0 1
123 337 0 1
125 337 0 1
129 337 0 1
132 337 0 1
134 337 0 1
138 337 0 1
139 337 0 1
140 337 0 1
144 337 0 1
148 337 0 1
152 337 0 1
154 337 0 1
157 337 0 1
158 337 0 1
162 337 0 1
170 337 0 1
171 337 0 1
179 337 0 1
192 337 0 1
193 337 0 1
196 337 0 1
197 337 0 1
138 338 0 1
139 338 0 1
140 338 0 1
154 338 0 1
157 338 0 1
170 338 0 1
171 338 0 1
179 338 0 1
193 338 0 1
196 338 0 1
141 339 0 1
142 339 0 1
143 339 0 1
145 339 0 1
149 339 0 1
150 339 0 1
151 339 0 1
153 339 0 1
155 339 0 1
156 339 0 1
159 339 0 1
163 339 0 1
164 339 0 1
167 339 0 1
173 339 0 1
175 339 0 1
182 339 0 1
183 339 0 1
199 339 0 1
138 340 0 1
139 340 0 1
140 340 0 1
144 340 0 1
154 340 0 1
157 340 0 1
158 340 0 1
162 340 0 1
170 340 0 1
171 340 0 1
179 340 0 1
2 341 0 1
144 341 0 1
148 341 0 1
152 341 0 1
157 341 0 1
158 341 0 1
160 341 0 1
161 341 0 1
162 341 0 1
165 341 0 1
166 341 0 1
168 341 0 1
169 341 0 1
170 341 0 1
171 341 0 1
172 341 0 1
174 341 0 1
177 341 0 1
179 341 0 1
180 341 0 1
181 341 0 1
184 341 0 1
2 342 0 1
144 342 0 1
146 342 0 1
148 342 0 1
152 342 0 1
158 342 0 1
160 342 0 1
161 342 0 1
162 342 0 1
164 342 0 1
165 342 0 1
166 342 0 1
168 342 0 1
169 342 0 1
172 342 0 1
173 342 0 1
174 342 0 1
176 342 0 1
177 342 0 1
178 342 0 1
180 342 0 1
181 342 0 1
184 342 0 1
141 343 0 1
142 343 0 1
145 343 0 1
155 343 0 1
156 343 0 1
167 343 0 1
175 343 0 1
182 343 0 1
140 344 0 1
144 344 0 1
154 344 0 1
157 344 0 1
158 344 0 1
162 344 0 1
165 344 0 1
170 344 0 1
171 344 0 1
179 344 0 1
141 345 0 1
142 345 0 1
143 345 0 1
145 345 0 1
150 345 0 1
151 345 0 1
153 345 0 1
155 345 0 1
156 345 0 1
159 345 0 1
163 345 0 1
164 345 0 1
167 345 0 1
175 345 0 1
182 345 0 1
183 345 0 1
2 346 0 1
140 346 0 1
144 346 0 1
148 346 0 1
152 346 0 1
157 346 0 1
158 346 0 1
161 346 0 1
162 346 0 1
165 346 0 1
166 346 0 1
169 346 0 1
170 346 0 1
171 346 0 1
172 346 0 1
174 346 0 1
179 346 0 1
184 346 0 1
2 347 0 1
143 347 0 1
146 347 0 1
147 347 0 1
159 347 0 1
160 347 0 1
161 347 0 1
162 347 0 1
164 347 0 1
165 347 0 1
166 347 0 1
168 347 0 1
169 347 0 1
172 347 0 1
173 347 0 1
174 347 0 1
176 347 0 1
177 347 0 1
178 347 0 1
180 347 0 1
181 347 0 1
184 347 0 1
199 347 0 1
143 348 0 1
149 348 0 1
150 348 0 1
151 348 0 1
153 348 0 1
155 348 0 1
156 348 0 1
159 348 0 1
160 348 0 1
163 348 0 1
164 348 0 1
168 348 0 1
173 348 0 1
175 348 0 1
176 348 0 1
178 348 0 1
181 348 0 1
182 348 0 1
183 348 0 1
199 348 0 1
141 349 0 1
142 349 0 1
145 349 0 1
150 349 0 1
151 349 0 1
153 349 0 1
155 349 0 1
156 349 0 1
167 349 0 1
175 349 0 1
182 349 0 1
186 349 0 1
190 349 0 1
195 349 0 1
138 350 0 1
139 350 0 1
140 350 0 1
144 350 0 1
148 350 0 1
154 350 0 1
157 350 0 1
158 350 0 1
162 350 0 1
170 350 0 1
171 350 0 1
179 350 0 1
193 350 0 1
196 350 0 1
197 350 0 1
141 351 0 1
142 351 0 1
143 351 0 1
145 351 0 1
149 351 0 1
150 351 0 1
151 351 0 1
153 351 0 1
155 351 0 1
156 351 0 1
159 351 0 1
163 351 0 1
167 351 0 1
175 351 0 1
182 351 0 1
183 351 0 1
187 351 0 1
191 351 0 1
195 351 0 1
138 352 0 1
140 352 0 1
154 352 0 1
157 352 0 1
158 352 0 1
170 352 0 1
171 352 0 1
179 352 0 1
2 353 0 1
139 353 0 1
140 353 0 1
144 353 0 1
148 353 0 1
152 353 0 1
158 353 0 1
161 353 0 1
162 353 0 1
165 353 0 1
166 353 0 1
168 353 0 1
169 353 0 1
170 353 0 1
171 353 0 1
172 353 0 1
174 353 0 1
177 353 0 1
179 353 0 1
180 353 0 1
181 353 0 1
184 353 0 1
192 353 0 1
193 353 0 1
196 353 0 1
197 353 0 1
143 354 0 1
147 354 0 1
149 354 0 1
150 354 0 1
151 354 0 1
153 354 0 1
156 354 0 1
159 354 0 1
160 354 0 1
163 354 0 1
164 354 0 1
168 354 0 1
173 354 0 1
175 354 0 1
176 354 0 1
177 354 0 1
178 354 0 1
180 354 0 1
181 354 0 1
182 354 0 1
183 354 0 1
185 354 0 1
191 354 0 1
198 354 0 1
199 354 0 1
142 355 0 1
143 355 0 1
149 355 0 1
150 355 0 1
151 355 0 1
153 355 0 1
155 355 0 1
156 355 0 1
159 355 0 1
160 355 0 1
163 355 0 1
164 355 0 1
167 355 0 1
168 355 0 1
173 355 0 1
175 355 0 1
176 355 0 1
178 355 0 1
182 355 0 1
183 355 0 1
187 355 0 1
191 355 0 1
199 355 0 1
141 356 0 1
142 356 0 1
143 356 0 1
145 356 0 1
149 356 0 1
150 356 0 1
151 356 0 1
153 356 0 1
155 356 0 1
156 356 0 1
159 356 0 1
163 356 0 1
164 356 0 1
167 356 0 1
173 356 0 1
175 356 0 1
182 356 0 1
183 356 0 1
187 356 0 1
191 356 0 1
195 356 0 1
199 356 0 1
2 357 0 1
139 357 0 1
140 357 0 1
144 357 0 1
148 357 0 1
152 357 0 1
157 357 0 1
158 357 0 1
161 357 0 1
162 357 0 1
165 357 0 1
166 357 0 1
169 357 0 1
170 357 0 1
171 357 0 1
172 357 0 1
174 357 0 1
177 357 0 1
179 357 0 1
180 357 0 1
184 357 0 1
192 357 0 1
193 357 0 1
196 357 0 1
197 357 0 1
142 358 0 1
143 358 0 1
149 358 0 1
150 358 0 1
151 358 0 1
153 358 0 1
155 358 0 1
156 358 0 1
159 358 0 1
160 358 0 1
163 358 0 1
164 358 0 1
167 358 0 1
168 358 0 1
173 358 0 1
175 358 0 1
176 358 0 1
178 358 0 1
181 358 0 1
182 358 0 1
183 358 0 1
199 358 0 1
2 359 0 1
143 359 0 1
144 359 0 1
146 359 0 1
147 359 0 1
152 359 0 1
158 359 0 1
159 359 0 1
160 359 0 1
161 359 0 1
162 359 0 1
164 359 0 1
165 359 0 1
166 359 0 1
168 359 0 1
169 359 0 1
172 359 0 1
173 359 0 1
174 359 0 1
176 359 0 1
177 359 0 1
178 359 0 1
180 359 0 1
181 359 0 1
184 359 0 1
198 359 0 1
199 359 0 1
2 360 0 1
129 360 0 1
132 360 0 1
134 360 0 1
139 360 0 1
140 360 0 1
144 360 0 1
148 360 0 1
152 360 0 1
157 360 0 1
158 360 0 1
161 360 0 1
162 360 0 1
165 360 0 1
166 360 0 1
169 360 0 1
170 360 0 1
171 360 0 1
172 360 0 1
174 360 0 1
179 360 0 1
184 360 0 1
192 360 0 1
193 360 0 1
196 360 0 1
197 360 0 1
2 361 0 1
135 361 0 1
143 361 0 1
146 361 0 1
147 361 0 1
149 361 0 1
151 361 0 1
153 361 0 1
156 361 0 1
159 361 0 1
160 361 0 1
161 361 0 1
163 361 0 1
164 361 0 1
166 361 0 1
168 361 0 1
169 361 0 1
173 361 0 1
174 361 0 1
176 361 0 1
177 361 0 1
178 361 0 1
180 361 0 1
181 361 0 1
182 361 0 1
183 361 0 1
184 361 0 1
185 361 0 1
188 361 0 1
189 361 0 1
191 361 0 1
194 361 0 1
198 361 0 1
199 361 0 1
137 362 0 1
143 362 0 1
146 362 0 1
147 362 0 1
149 362 0 1
150 362 0 1
151 362 0 1
153 362 0 1
156 362 0 1
159 362 0 1
160 362 0 1
163 362 0 1
164 362 0 1
168 362 0 1
173 362 0 1
175 362 0 1
176 362 0 1
177 362 0 1
178 362 0 1
180 362 0 1
181 362 0 1
182 362 0 1
183 362 0 1
185 362 0 1
187 362 0 1
188 362 0 1
189 362 0 1
191 362 0 1
198 362 0 1
199 362 0 1
126 363 0 1
130 363 0 1
131 363 0 1
136 363 0 1
141 363 0 1
142 363 0 1
145 363 0 1
149 363 0 1
150 363 0 1
151 363 0 1
153 363 0 1
155 363 0 1
156 363 0 1
163 363 0 1
167 363 0 1
175 363 0 1
182 363 0 1
183 363 0 1
186 363 0 1
187 363 0 1
190 363 0 1
191 363 0 1
195 363 0 1
138 364 0 1
139 364 0 1
140 364 0 1
154 364 0 1
157 364 0 1
158 364 0 1
170 364 0 1
171 364 0 1
179 364 0 1
193 364 0 1
196 364 0 1
124 365 0 1
126 365 0 1
130 365 0 1
131 365 0 1
136 365 0 1
141 365 0 1
142 365 0 1
145 365 0 1
150 365 0 1
151 365 0 1
153 365 0 1
155 365 0 1
156 365 0 1
167 365 0 1
175 365 0 1
182 365 0 1
183 365 0 1
186 365 0 1
187 365 0 1
190 365 0 1
191 365 0 1
195 365 0 1
129 366 0 1
138 366 0 1
139 366 0 1
140 366 0 1
144 366 0 1
148 366 0 1
152 366 0 1
154 366 0 1
157 366 0 1
158 366 0 1
162 366 0 1
170 366 0 1
171 366 0 1
179 366 0 1
193 366 0 1
196 366 0 1
197 366 0 1
114 367 0 1
126 367 0 1
130 367 0 1
131 367 0 1
136 367 0 1
137 367 0 1
141 367 0 1
142 367 0 1
143 367 0 1
145 367 0 1
149 367 0 1
150 367 0 1
151 367 0 1
153 367 0 1
155 367 0 1
156 367 0 1
159 367 0 1
163 367 0 1
164 367 0 1
167 367 0 1
173 367 0 1
175 367 0 1
176 367 0 1
182 367 0 1
183 367 0 1
185 367 0 1
187 367 0 1
188 367 0 1
191 367 0 1
195 367 0 1
199 367 0 1
2 368 0 1
128 368 0 1
135 368 0 1
137 368 0 1
143 368 0 1
146 368 0 1
147 368 0 1
149 368 0 1
150 368 0 1
151 368 0 1
153 368 0 1
156 368 0 1
159 368 0 1
160 368 0 1
163 368 0 1
164 368 0 1
166 368 0 1
168 368 0 1
169 368 0 1
173 368 0 1
174 368 0 1
175 368 0 1
176 368 0 1
177 368 0 1
178 368 0 1
180 368 0 1
181 368 0 1
182 368 0 1
183 368 0 1
184 368 0 1
185 368 0 1
188 368 0 1
189 368 0 1
191 368 0 1
194 368 0 1
198 368 0 1
199 368 0 1
2 369 0 1
118 369 0 1
123 369 0 1
125 369 0 1
127 369 0 1
129 369 0 1
132 369 0 1
133 369 0 1
134 369 0 1
139 369 0 1
140 369 0 1
144 369 0 1
146 369 0 1
147 369 0 1
148 369 0 1
152 369 0 1
158 369 0 1
160 369 0 1
161 369 0 1
162 369 0 1
165 369 0 1
166 369 0 1
168 369 0 1
169 369 0 1
170 369 0 1
171 369 0 1
172 369 0 1
174 369 0 1
176 369 0 1
177 369 0 1
178 369 0 1
179 369 0 1
180 369 0 1
181 369 0 1
184 369 0 1
192 369 0 1
193 369 0 1
194 369 0 1
196 369 0 1
197 369 0 1
198 369 0 1
2 370 0 1
128 370 0 1
133 370 0 1
135 370 0 1
143 370 0 1
146 370 0 1
147 370 0 1
149 370 0 1
159 370 0 1
160 370 0 1
161 370 0 1
163 370 0 1
164 370 0 1
165 370 0 1
166 370 0 1
168 370 0 1
169 370 0 1
172 370 0 1
173 370 0 1
174 370 0 1
176 370 0 1
177 370 0 1
178 370 0 1
180 370 0 1
181 370 0 1
183 370 0 1
184 370 0 1
185 370 0 1
188 370 0 1
189 370 0 1
194 370 0 1
198 370 0 1
199 370 0 1
2 371 0 1
138 371 0 1
139 371 0 1
140 371 0 1
144 371 0 1
148 371 0 1
152 371 0 1
154 371 0 1
157 371 0 1
158 371 0 1
161 371 0 1
162 371 0 1
165 371 0 1
170 371 0 1
171 371 0 1
172 371 0 1
179 371 0 1
184 371 0 1
192 371 0 1
193 371 0 1
196 371 0 1
197 371 0 1
2 372 0 1
143 372 0 1
146 372 0 1
147 372 0 1
149 372 0 1
151 372 0 1
153 372 0 1
156 372 0 1
159 372 0 1
160 372 0 1
163 372 0 1
164 372 0 1
166 372 0 1
168 372 0 1
169 372 0 1
173 372 0 1
174 372 0 1
175 372 0 1
176 372 0 1
177 372 0 1
178 372 0 1
180 372 0 1
181 372 0 1
182 372 0 1
183 372 0 1
184 372 0 1
185 372 0 1
188 372 0 1
189 372 0 1
191 372 0 1
198 372 0 1
199 372 0 1
2 373 0 1
134 373 0 1
139 373 0 1
144 373 0 1
146 373 0 1
148 373 0 1
152 373 0 1
158 373 0 1
160 373 0 1
161 373 0 1
162 373 0 1
165 373 0 1
166 373 0 1
168 373 0 1
169 373 0 1
170 373 0 1
171 373 0 1
172 373 0 1
174 373 0 1
176 373 0 1
177 373 0 1
178 373 0 1
179 373 0 1
180 373 0 1
181 373 0 1
184 373 0 1
192 373 0 1
193 373 0 1
197 373 0 1
2 374 0 1
132 374 0 1
139 374 0 1
140 374 0 1
144 374 0 1
148 374 0 1
152 374 0 1
157 374 0 1
158 374 0 1
161 374 0 1
162 374 0 1
165 374 0 1
166 374 0 1
168 374 0 1
169 374 0 1
170 374 0 1
171 374 0 1
172 374 0 1
174 374 0 1
177 374 0 1
179 374 0 1
180 374 0 1
184 374 0 1
192 374 0 1
193 374 0 1
196 374 0 1
197 374 0 1
87 375 0 1
90 375 0 1
93 375 0 1
106 375 0 1
111 375 0 1
117 375 0 1
129 375 0 1
138 375 0 1
139 375 0 1
140 375 0 1
193 375 0 1
196 375 0 1
200 375 0 1
205 375 0 1
1 376 0 1
86 376 0 1
92 376 0 1
94 376 0 1
98 376 0 1
102 376 0 1
109 376 0 1
113 376 0 1
114 376 0 1
120 376 0 1
124 376 0 1
126 376 0 1
130 376 0 1
131 376 0 1
136 376 0 1
141 376 0 1
142 376 0 1
145 376 0 1
150 376 0 1
186 376 0 1
187 376 0 1
190 376 0 1
191 376 0 1
195 376 0 1
201 376 0 1
202 376 0 1
204 376 0 1
208 376 0 1
2 377 0 1
3 377 0 1
81 377 0 1
83 377 0 1
84 377 0 1
88 377 0 1
89 377 0 1
91 377 0 1
95 377 0 1
96 377 0 1
97 377 0 1
99 377 0 1
108 377 0 1
110 377 0 1
112 377 0 1
114 377 0 1
115 377 0 1
116 377 0 1
118 377 0 1
120 377 0 1
121 377 0 1
122 377 0 1
127 377 0 1
128 377 0 1
133 377 0 1
135 377 0 1
137 377 0 1
143 377 0 1
146 377 0 1
147 377 0 1
149 377 0 1
176 377 0 1
177 377 0 1
178 377 0 1
185 377 0 1
188 377 0 1
189 377 0 1
191 377 0 1
194 377 0 1
198 377 0 1
199 377 0 1
203 377 0 1
206 377 0 1
207 377 0 1
208 377 0 1
87 378 0 1
90 378 0 1
93 378 0 1
101 378 0 1
106 378 0 1
107 378 0 1
111 378 0 1
117 378 0 1
119 378 0 1
123 378 0 1
125 378 0 1
129 378 0 1
132 378 0 1
138 378 0 1
139 378 0 1
140 378 0 1
192 378 0 1
193 378 0 1
196 378 0 1
197 378 0 1
200 378 0 1
205 378 0 1
87 379 0 1
90 379 0 1
101 379 0 1
106 379 0 1
117 379 0 1
138 379 0 1
140 379 0 1
196 379 0 1
200 379 0 1
1 380 0 1
3 380 0 1
81 380 0 1
84 380 0 1
85 380 0 1
86 380 0 1
88 380 0 1
89 380 0 1
92 380 0 1
94 380 0 1
95 380 0 1
97 380 0 1
99 380 0 1
100 380 0 1
105 380 0 1
109 380 0 1
113 380 0 1
114 380 0 1
115 380 0 1
116 380 0 1
120 380 0 1
122 380 0 1
126 380 0 1
128 380 0 1
130 380 0 1
131 380 0 1
135 380 0 1
136 380 0 1
137 380 0 1
143 380 0 1
147 380 0 1
149 380 0 1
150 380 0 1
151 380 0 1
153 380 0 1
178 380 0 1
185 380 0 1
187 380 0 1
188 380 0 1
189 380 0 1
191 380 0 1
198 380 0 1
199 380 0 1
201 380 0 1
202 380 0 1
204 380 0 1
206 380 0 1
208 380 0 1
2 381 0 1
87 381 0 1
90 381 0 1
93 381 0 1
106 381 0 1
107 381 0 1
110 381 0 1
111 381 0 1
117 381 0 1
118 381 0 1
119 381 0 1
123 381 0 1
125 381 0 1
129 381 0 1
132 381 0 1
134 381 0 1
138 381 0 1
139 381 0 1
140 381 0 1
144 381 0 1
148 381 0 1
152 381 0 1
192 381 0 1
193 381 0 1
196 381 0 1
197 381 0 1
200 381 0 1
203 381 0 1
205 381 0 1
87 382 0 1
90 382 0 1
93 382 0 1
111 382 0 1
117 382 0 1
119 382 0 1
125 382 0 1
129 382 0 1
132 382 0 1
134 382 0 1
138 382 0 1
139 382 0 1
140 382 0 1
144 382 0 1
148 382 0 1
179 382 0 1
192 382 0 1
193 382 0 1
196 382 0 1
197 382 0 1
200 382 0 1
205 382 0 1
1 383 0 1
44 383 0 1
46 383 0 1
48 383 0 1
50 383 0 1
57 383 0 1
61 383 0 1
62 383 0 1
70 383 0 1
74 383 0 1
76 383 0 1
79 383 0 1
80 383 0 1
85 383 0 1
86 383 0 1
92 383 0 1
94 383 0 1
98 383 0 1
102 383 0 1
103 383 0 1
201 383 0 1
202 383 0 1
204 383 0 1
3 384 0 1
20 384 0 1
21 384 0 1
42 384 0 1
43 384 0 1
45 384 0 1
47 384 0 1
49 384 0 1
51 384 0 1
52 384 0 1
53 384 0 1
54 384 0 1
59 384 0 1
60 384 0 1
61 384 0 1
63 384 0 1
64 384 0 1
65 384 0 1
66 384 0 1
67 384 0 1
68 384 0 1
70 384 0 1
71 384 0 1
72 384 0 1
73 384 0 1
78 384 0 1
81 384 0 1
82 384 0 1
83 384 0 1
84 384 0 1
85 384 0 1
88 384 0 1
89 384 0 1
91 384 0 1
95 384 0 1
96 384 0 1
97 384 0 1
99 384 0 1
100 384 0 1
104 384 0 1
105 384 0 1
108 384 0 1
206 384 0 1
3 385 0 1
20 385 0 1
42 385 0 1
43 385 0 1
51 385 0 1
54 385 0 1
58 385 0 1
59 385 0 1
60 385 0 1
63 385 0 1
66 385 0 1
67 385 0 1
71 385 0 1
72 385 0 1
73 385 0 1
77 385 0 1
78 385 0 1
81 385 0 1
82 385 0 1
83 385 0 1
84 385 0 1
91 385 0 1
96 385 0 1
97 385 0 1
99 385 0 1
104 385 0 1
108 385 0 1
112 385 0 1
203 385 0 1
207 385 0 1
3 386 0 1
41 386 0 1
42 386 0 1
43 386 0 1
51 386 0 1
54 386 0 1
58 386 0 1
59 386 0 1
60 386 0 1
63 386 0 1
67 386 0 1
69 386 0 1
71 386 0 1
72 386 0 1
73 386 0 1
77 386 0 1
81 386 0 1
82 386 0 1
83 386 0 1
84 386 0 1
91 386 0 1
93 386 0 1
96 386 0 1
99 386 0 1
104 386 0 1
107 386 0 1
108 386 0 1
203 386 0 1
207 386 0 1
3 387 0 1
41 387 0 1
42 387 0 1
54 387 0 1
55 387 0 1
56 387 0 1
58 387 0 1
59 387 0 1
60 387 0 1
63 387 0 1
67 387 0 1
69 387 0 1
71 387 0 1
72 387 0 1
77 387 0 1
82 387 0 1
83 387 0 1
84 387 0 1
87 387 0 1
90 387 0 1
91 387 0 1
93 387 0 1
96 387 0 1
104 387 0 1
106 387 0 1
107 387 0 1
108 387 0 1
110 387 0 1
203 387 0 1
205 387 0 1
26 388 0 1
41 388 0 1
55 388 0 1
56 388 0 1
58 388 0 1
59 388 0 1
60 388 0 1
67 388 0 1
69 388 0 1
77 388 0 1
82 388 0 1
87 388 0 1
90 388 0 1
93 388 0 1
101 388 0 1
106 388 0 1
107 388 0 1
200 388 0 1
203 388 0 1
205 388 0 1
3 389 0 1
26 389 0 1
41 389 0 1
42 389 0 1
51 389 0 1
54 389 0 1
55 389 0 1
56 389 0 1
58 389 0 1
59 389 0 1
60 389 0 1
63 389 0 1
67 389 0 1
69 389 0 1
71 389 0 1
72 389 0 1
77 389 0 1
82 389 0 1
83 389 0 1
84 389 0 1
90 389 0 1
91 389 0 1
93 389 0 1
96 389 0 1
104 389 0 1
107 389 0 1
108 389 0 1
203 389 0 1
26 390 0 1
41 390 0 1
54 390 0 1
55 390 0 1
56 390 0 1
58 390 0 1
59 390 0 1
60 390 0 1
67 390 0 1
69 390 0 1
71 390 0 1
77 390 0 1
82 390 0 1
87 390 0 1
90 390 0 1
91 390 0 1
93 390 0 1
101 390 0 1
104 390 0 1
106 390 0 1
107 390 0 1
111 390 0 1
117 390 0 1
200 390 0 1
203 390 0 1
205 390 0 1
26 391 0 1
41 391 0 1
55 391 0 1
56 391 0 1
58 391 0 1
69 391 0 1
77 391 0 1
87 391 0 1
90 391 0 1
93 391 0 1
101 391 0 1
106 391 0 1
107 391 0 1
200 391 0 1
205 391 0 1
1 392 0 1
43 392 0 1
45 392 0 1
46 392 0 1
47 392 0 1
48 392 0 1
49 392 0 1
52 392 0 1
53 392 0 1
57 392 0 1
61 392 0 1
62 392 0 1
64 392 0 1
65 392 0 1
66 392 0 1
68 392 0 1
70 392 0 1
73 392 0 1
75 392 0 1
78 392 0 1
79 392 0 1
81 392 0 1
84 392 0 1
85 392 0 1
86 392 0 1
88 392 0 1
89 392 0 1
92 392 0 1
94 392 0 1
95 392 0 1
97 392 0 1
99 392 0 1
100 392 0 1
102 392 0 1
103 392 0 1
105 392 0 1
108 392 0 1
120 392 0 1
201 392 0 1
208 392 0 1
41 393 0 1
55 393 0 1
56 393 0 1
58 393 0 1
59 393 0 1
69 393 0 1
77 393 0 1
87 393 0 1
90 393 0 1
93 393 0 1
101 393 0 1
106 393 0 1
107 393 0 1
111 393 0 1
117 393 0 1
200 393 0 1
203 393 0 1
205 393 0 1
3 394 0 1
41 394 0 1
54 394 0 1
55 394 0 1
56 394 0 1
58 394 0 1
59 394 0 1
60 394 0 1
63 394 0 1
67 394 0 1
69 394 0 1
71 394 0 1
72 394 0 1
77 394 0 1
82 394 0 1
83 394 0 1
84 394 0 1
87 394 0 1
90 394 0 1
91 394 0 1
93 394 0 1
96 394 0 1
101 394 0 1
104 394 0 1
106 394 0 1
107 394 0 1
108 394 0 1
110 394 0 1
111 394 0 1
112 394 0 1
117 394 0 1
118 394 0 1
119 394 0 1
121 394 0 1
123 394 0 1
203 394 0 1
205 394 0 1
207 394 0 1
