2 3 0 0
1 4 0 0
2 4 0 0
3 4 0 0
1 5 0 0
1 6 0 0
4 6 0 0
5 7 0 0
1 8 0 0
4 8 0 0
5 8 0 0
6 8 0 0
7 8 0 0
4 9 0 0
5 9 0 0
7 9 0 0
8 9 0 0
1 10 0 0
4 10 0 0
5 10 0 0
7 10 0 0
8 10 0 0
9 10 0 0
1 11 0 0
4 11 0 0
5 11 0 0
6 11 0 0
7 11 0 0
8 11 0 0
9 11 0 0
10 11 0 0
1 12 0 0
4 12 0 0
5 12 0 0
6 12 0 0
7 12 0 0
8 12 0 0
9 12 0 0
10 12 0 0
11 12 0 0
4 13 0 0
5 13 0 0
7 13 0 0
8 13 0 0
9 13 0 0
10 13 0 0
11 13 0 0
12 13 0 0
1 14 0 0
4 14 0 0
7 14 0 0
8 14 0 0
9 14 0 0
10 14 0 0
11 14 0 0
12 14 0 0
13 14 0 0
8 15 0 0
9 15 0 0
13 15 0 0
14 15 0 0
4 16 0 0
8 16 0 0
9 16 0 0
10 16 0 0
13 16 0 0
14 16 0 0
15 16 0 0
1 17 0 0
4 17 0 0
7 17 0 0
8 17 0 0
9 17 0 0
10 17 0 0
11 17 0 0
12 17 0 0
13 17 0 0
14 17 0 0
15 17 0 0
16 17 0 0
1 18 0 0
4 18 0 0
7 18 0 0
8 18 0 0
9 18 0 0
10 18 0 0
11 18 0 0
12 18 0 0
13 18 0 0
14 18 0 0
15 18 0 0
16 18 0 0
17 18 0 0
1 19 0 0
4 19 0 0
8 19 0 0
9 19 0 0
10 19 0 0
11 19 0 0
12 19 0 0
13 19 0 0
14 19 0 0
15 19 0 0
16 19 0 0
17 19 0 0
18 19 0 0
1 20 0 0
4 20 0 0
8 20 0 0
9 20 0 0
10 20 0 0
11 20 0 0
12 20 0 0
13 20 0 0
14 20 0 0
15 20 0 0
16 20 0 0
17 20 0 0
18 20 0 0
19 20 0 0
4 21 0 0
7 21 0 0
8 21 0 0
9 21 0 0
10 21 0 0
13 21 0 0
14 21 0 0
15 21 0 0
16 21 0 0
17 21 0 0
18 21 0 0
19 21 0 0
20 21 0 0
5 22 0 0
7 22 0 0
8 22 0 0
9 22 0 0
10 22 0 0
13 22 0 0
15 22 0 0
16 22 0 0
18 22 0 0
21 22 0 0
1 23 0 0
4 23 0 0
5 23 0 0
7 23 0 0
8 23 0 0
9 23 0 0
10 23 0 0
11 23 0 0
12 23 0 0
13 23 0 0
14 23 0 0
15 23 0 0
16 23 0 0
17 23 0 0
18 23 0 0
19 23 0 0
20 23 0 0
21 23 0 0
22 23 0 0
1 24 0 0
4 24 0 0
5 24 0 0
7 24 0 0
8 24 0 0
9 24 0 0
10 24 0 0
11 24 0 0
12 24 0 0
13 24 0 0
14 24 0 0
15 24 0 0
16 24 0 0
17 24 0 0
18 24 0 0
19 24 0 0
20 24 0 0
21 24 0 0
22 24 0 0
23 24 0 0
1 25 0 0
4 25 0 0
5 25 0 0
6 25 0 0
7 25 0 0
8 25 0 0
9 25 0 0
10 25 0 0
11 25 0 0
12 25 0 0
13 25 0 0
14 25 0 0
16 25 0 0
17 25 0 0
18 25 0 0
19 25 0 0
20 25 0 0
21 25 0 0
23 25 0 0
24 25 0 0
1 26 0 0
4 26 0 0
5 26 0 0
6 26 0 0
7 26 0 0
8 26 0 0
9 26 0 0
10 26 0 0
11 26 0 0
12 26 0 0
13 26 0 0
14 26 0 0
16 26 0 0
17 26 0 0
18 26 0 0
19 26 0 0
20 26 0 0
21 26 0 0
23 26 0 0
24 26 0 0
25 26 0 0
1 27 0 0
4 27 0 0
5 27 0 0
7 27 0 0
8 27 0 0
9 27 0 0
10 27 0 0
11 27 0 0
12 27 0 0
13 27 0 0
14 27 0 0
15 27 0 0
16 27 0 0
17 27 0 0
18 27 0 0
19 27 0 0
20 27 0 0
21 27 0 0
22 27 0 0
23 27 0 0
24 27 0 0
25 27 0 0
26 27 0 0
1 28 0 0
4 28 0 0
5 28 0 0
6 28 0 0
7 28 0 0
8 28 0 0
9 28 0 0
10 28 0 0
11 28 0 0
12 28 0 0
13 28 0 0
14 28 0 0
16 28 0 0
17 28 0 0
18 28 0 0
19 28 0 0
20 28 0 0
21 28 0 0
23 28 0 0
24 28 0 0
25 28 0 0
26 28 0 0
27 28 0 0
1 29 0 0
4 29 0 0
6 29 0 0
8 29 0 0
10 29 0 0
11 29 0 0
12 29 0 0
13 29 0 0
14 29 0 0
16 29 0 0
17 29 0 0
18 29 0 0
19 29 0 0
20 29 0 0
21 29 0 0
23 29 0 0
24 29 0 0
25 29 0 0
26 29 0 0
27 29 0 0
28 29 0 0
15 30 0 0
15 31 0 0
21 31 0 0
30 31 0 0
3 32 0 0
4 32 0 0
16 32 0 0
30 32 0 0
31 32 0 0
3 33 0 0
4 33 0 0
31 33 0 0
32 33 0 0
3 34 0 0
4 34 0 0
15 34 0 0
16 34 0 0
17 34 0 0
19 34 0 0
20 34 0 0
21 34 0 0
31 34 0 0
32 34 0 0
33 34 0 0
3 35 0 0
4 35 0 0
15 35 0 0
16 35 0 0
19 35 0 0
21 35 0 0
30 35 0 0
31 35 0 0
32 35 0 0
33 35 0 0
34 35 0 0
4 36 0 0
13 36 0 0
14 36 0 0
15 36 0 0
16 36 0 0
17 36 0 0
18 36 0 0
19 36 0 0
20 36 0 0
21 36 0 0
23 36 0 0
24 36 0 0
25 36 0 0
26 36 0 0
28 36 0 0
29 36 0 0
32 36 0 0
33 36 0 0
34 36 0 0
35 36 0 0
4 37 0 0
14 37 0 0
16 37 0 0
17 37 0 0
18 37 0 0
19 37 0 0
20 37 0 0
21 37 0 0
25 37 0 0
29 37 0 0
32 37 0 0
33 37 0 0
34 37 0 0
35 37 0 0
36 37 0 0
3 38 0 0
4 38 0 0
13 38 0 0
14 38 0 0
15 38 0 0
16 38 0 0
17 38 0 0
18 38 0 0
19 38 0 0
20 38 0 0
21 38 0 0
25 38 0 0
29 38 0 0
31 38 0 0
32 38 0 0
33 38 0 0
34 38 0 0
35 38 0 0
36 38 0 0
37 38 0 0
4 39 0 0
13 39 0 0
14 39 0 0
15 39 0 0
16 39 0 0
17 39 0 0
18 39 0 0
19 39 0 0
20 39 0 0
21 39 0 0
30 39 0 0
31 39 0 0
32 39 0 0
33 39 0 0
34 39 0 0
35 39 0 0
36 39 0 0
37 39 0 0
38 39 0 0
13 40 0 0
15 40 0 0
16 40 0 0
18 40 0 0
21 40 0 0
22 40 0 0
30 40 0 0
31 40 0 0
39 40 0 0
1 41 0 0
4 41 0 0
14 41 0 0
16 41 0 0
17 41 0 0
18 41 0 0
19 41 0 0
20 41 0 0
21 41 0 0
24 41 0 0
25 41 0 0
26 41 0 0
28 41 0 0
29 41 0 0
32 41 0 0
33 41 0 0
34 41 0 0
35 41 0 0
36 41 0 0
37 41 0 0
38 41 0 0
39 41 0 0
4 42 0 0
8 42 0 0
9 42 0 0
13 42 0 0
14 42 0 0
15 42 0 0
16 42 0 0
17 42 0 0
18 42 0 0
19 42 0 0
20 42 0 0
21 42 0 0
23 42 0 0
24 42 0 0
25 42 0 0
26 42 0 0
27 42 0 0
28 42 0 0
29 42 0 0
31 42 0 0
32 42 0 0
33 42 0 0
34 42 0 0
35 42 0 0
36 42 0 0
37 42 0 0
38 42 0 0
39 42 0 0
40 42 0 0
41 42 0 0
4 43 0 0
8 43 0 0
13 43 0 0
14 43 0 0
15 43 0 0
16 43 0 0
17 43 0 0
18 43 0 0
19 43 0 0
20 43 0 0
21 43 0 0
23 43 0 0
24 43 0 0
25 43 0 0
26 43 0 0
27 43 0 0
28 43 0 0
29 43 0 0
31 43 0 0
32 43 0 0
33 43 0 0
34 43 0 0
35 43 0 0
36 43 0 0
37 43 0 0
38 43 0 0
39 43 0 0
40 43 0 0
41 43 0 0
42 43 0 0
1 44 0 0
4 44 0 0
8 44 0 0
13 44 0 0
14 44 0 0
15 44 0 0
16 44 0 0
17 44 0 0
18 44 0 0
19 44 0 0
20 44 0 0
21 44 0 0
23 44 0 0
24 44 0 0
25 44 0 0
26 44 0 0
27 44 0 0
28 44 0 0
29 44 0 0
32 44 0 0
33 44 0 0
34 44 0 0
35 44 0 0
36 44 0 0
37 44 0 0
38 44 0 0
39 44 0 0
41 44 0 0
42 44 0 0
43 44 0 0
3 45 0 0
4 45 0 0
30 45 0 0
31 45 0 0
32 45 0 0
33 45 0 0
34 45 0 0
35 45 0 0
39 45 0 0
30 46 0 0
31 46 0 0
45 46 0 0
3 47 0 0
4 47 0 0
30 47 0 0
31 47 0 0
32 47 0 0
33 47 0 0
34 47 0 0
35 47 0 0
38 47 0 0
39 47 0 0
45 47 0 0
46 47 0 0
2 48 0 0
3 48 0 0
4 48 0 0
31 48 0 0
32 48 0 0
33 48 0 0
34 48 0 0
35 48 0 0
37 48 0 0
38 48 0 0
39 48 0 0
43 48 0 0
45 48 0 0
47 48 0 0
3 49 0 0
4 49 0 0
30 49 0 0
31 49 0 0
32 49 0 0
35 49 0 0
45 49 0 0
46 49 0 0
47 49 0 0
48 49 0 0
3 50 0 0
4 50 0 0
30 50 0 0
31 50 0 0
32 50 0 0
33 50 0 0
34 50 0 0
35 50 0 0
39 50 0 0
45 50 0 0
46 50 0 0
47 50 0 0
48 50 0 0
49 50 0 0
2 51 0 0
3 51 0 0
4 51 0 0
30 51 0 0
31 51 0 0
32 51 0 0
33 51 0 0
34 51 0 0
35 51 0 0
39 51 0 0
45 51 0 0
46 51 0 0
47 51 0 0
48 51 0 0
49 51 0 0
50 51 0 0
2 52 0 0
3 52 0 0
4 52 0 0
45 52 0 0
46 52 0 0
47 52 0 0
48 52 0 0
49 52 0 0
50 52 0 0
51 52 0 0
2 53 0 0
3 53 0 0
4 53 0 0
45 53 0 0
47 53 0 0
48 53 0 0
49 53 0 0
50 53 0 0
51 53 0 0
52 53 0 0
2 54 0 0
3 54 0 0
4 54 0 0
45 54 0 0
47 54 0 0
48 54 0 0
49 54 0 0
50 54 0 0
51 54 0 0
52 54 0 0
53 54 0 0
2 55 0 0
3 55 0 0
49 55 0 0
50 55 0 0
51 55 0 0
52 55 0 0
53 55 0 0
54 55 0 0
2 56 0 0
3 56 0 0
4 56 0 0
46 56 0 0
47 56 0 0
48 56 0 0
49 56 0 0
50 56 0 0
51 56 0 0
52 56 0 0
53 56 0 0
54 56 0 0
55 56 0 0
2 57 0 0
3 57 0 0
4 57 0 0
47 57 0 0
48 57 0 0
49 57 0 0
50 57 0 0
51 57 0 0
52 57 0 0
53 57 0 0
54 57 0 0
55 57 0 0
56 57 0 0
2 58 0 0
3 58 0 0
4 58 0 0
48 58 0 0
49 58 0 0
50 58 0 0
51 58 0 0
52 58 0 0
53 58 0 0
54 58 0 0
55 58 0 0
56 58 0 0
57 58 0 0
2 59 0 0
52 59 0 0
53 59 0 0
55 59 0 0
56 59 0 0
58 59 0 0
2 60 0 0
3 60 0 0
52 60 0 0
53 60 0 0
54 60 0 0
55 60 0 0
56 60 0 0
57 60 0 0
58 60 0 0
59 60 0 0
2 61 0 0
3 61 0 0
54 61 0 0
57 61 0 0
58 61 0 0
60 61 0 0
2 62 0 0
3 62 0 0
52 62 0 0
53 62 0 0
54 62 0 0
55 62 0 0
56 62 0 0
57 62 0 0
58 62 0 0
59 62 0 0
60 62 0 0
61 62 0 0
2 63 0 0
52 63 0 0
53 63 0 0
54 63 0 0
55 63 0 0
56 63 0 0
57 63 0 0
58 63 0 0
59 63 0 0
60 63 0 0
62 63 0 0
2 64 0 0
3 64 0 0
52 64 0 0
53 64 0 0
54 64 0 0
55 64 0 0
56 64 0 0
57 64 0 0
58 64 0 0
59 64 0 0
60 64 0 0
61 64 0 0
62 64 0 0
63 64 0 0
2 65 0 0
3 65 0 0
51 65 0 0
52 65 0 0
53 65 0 0
54 65 0 0
55 65 0 0
56 65 0 0
57 65 0 0
58 65 0 0
59 65 0 0
60 65 0 0
62 65 0 0
63 65 0 0
64 65 0 0
2 66 0 0
3 66 0 0
52 66 0 0
53 66 0 0
54 66 0 0
55 66 0 0
56 66 0 0
57 66 0 0
58 66 0 0
59 66 0 0
60 66 0 0
61 66 0 0
62 66 0 0
63 66 0 0
64 66 0 0
65 66 0 0
2 67 0 0
52 67 0 0
53 67 0 0
54 67 0 0
55 67 0 0
56 67 0 0
57 67 0 0
58 67 0 0
59 67 0 0
60 67 0 0
62 67 0 0
63 67 0 0
64 67 0 0
65 67 0 0
66 67 0 0
2 68 0 0
3 68 0 0
4 68 0 0
32 68 0 0
45 68 0 0
46 68 0 0
47 68 0 0
48 68 0 0
49 68 0 0
50 68 0 0
51 68 0 0
52 68 0 0
53 68 0 0
54 68 0 0
55 68 0 0
56 68 0 0
57 68 0 0
58 68 0 0
63 68 0 0
65 68 0 0
66 68 0 0
67 68 0 0
2 69 0 0
3 69 0 0
4 69 0 0
32 69 0 0
33 69 0 0
35 69 0 0
45 69 0 0
47 69 0 0
48 69 0 0
49 69 0 0
50 69 0 0
51 69 0 0
52 69 0 0
53 69 0 0
54 69 0 0
55 69 0 0
56 69 0 0
57 69 0 0
58 69 0 0
63 69 0 0
65 69 0 0
66 69 0 0
67 69 0 0
68 69 0 0
2 70 0 0
3 70 0 0
4 70 0 0
45 70 0 0
46 70 0 0
47 70 0 0
48 70 0 0
49 70 0 0
50 70 0 0
51 70 0 0
52 70 0 0
53 70 0 0
54 70 0 0
55 70 0 0
56 70 0 0
57 70 0 0
58 70 0 0
60 70 0 0
63 70 0 0
64 70 0 0
65 70 0 0
66 70 0 0
67 70 0 0
68 70 0 0
69 70 0 0
2 71 0 0
3 71 0 0
4 71 0 0
45 71 0 0
47 71 0 0
48 71 0 0
49 71 0 0
50 71 0 0
51 71 0 0
52 71 0 0
53 71 0 0
54 71 0 0
55 71 0 0
56 71 0 0
57 71 0 0
58 71 0 0
60 71 0 0
61 71 0 0
62 71 0 0
63 71 0 0
64 71 0 0
65 71 0 0
66 71 0 0
67 71 0 0
68 71 0 0
69 71 0 0
70 71 0 0
3 72 0 0
4 72 0 0
30 72 0 0
31 72 0 0
32 72 0 0
33 72 0 0
34 72 0 0
35 72 0 0
38 72 0 0
39 72 0 0
42 72 0 0
43 72 0 0
45 72 0 0
46 72 0 0
47 72 0 0
48 72 0 0
49 72 0 0
50 72 0 0
51 72 0 0
52 72 0 0
68 72 0 0
69 72 0 0
70 72 0 0
30 73 0 0
31 73 0 0
32 73 0 0
35 73 0 0
39 73 0 0
40 73 0 0
43 73 0 0
45 73 0 0
46 73 0 0
47 73 0 0
48 73 0 0
49 73 0 0
50 73 0 0
51 73 0 0
68 73 0 0
72 73 0 0
3 74 0 0
4 74 0 0
30 74 0 0
31 74 0 0
32 74 0 0
33 74 0 0
34 74 0 0
35 74 0 0
36 74 0 0
37 74 0 0
38 74 0 0
39 74 0 0
42 74 0 0
43 74 0 0
44 74 0 0
45 74 0 0
47 74 0 0
48 74 0 0
49 74 0 0
50 74 0 0
51 74 0 0
68 74 0 0
69 74 0 0
70 74 0 0
72 74 0 0
73 74 0 0
7 80 0 1
9 80 0 1
13 80 0 1
22 80 0 1
15 84 0 1
22 84 0 1
40 84 0 1
22 86 0 1
22 92 0 1
15 97 0 1
30 97 0 1
40 97 0 1
73 97 0 1
40 99 0 1
30 105 0 1
45 105 0 1
46 105 0 1
49 105 0 1
73 105 0 1
30 110 0 1
46 110 0 1
73 110 0 1
46 114 0 1
46 115 0 1
30 139 0 1
45 139 0 1
46 139 0 1
49 139 0 1
52 139 0 1
73 139 0 1
30 141 0 1
46 141 0 1
49 141 0 1
73 141 0 1
46 143 0 1
30 146 0 1
31 146 0 1
40 146 0 1
73 146 0 1
15 148 0 1
30 148 0 1
31 148 0 1
40 148 0 1
45 148 0 1
46 148 0 1
73 148 0 1
30 149 0 1
