1 2 0 0
3 5 0 0
3 6 0 0
4 6 0 0
5 6 0 0
5 7 0 0
2 8 0 0
2 9 0 0
4 9 0 0
6 9 0 0
2 10 0 0
4 10 0 0
6 10 0 0
9 10 0 0
5 11 0 0
7 11 0 0
2 12 0 0
6 12 0 0
9 12 0 0
10 12 0 0
3 13 0 0
5 13 0 0
6 13 0 0
12 13 0 0
4 14 0 0
8 14 0 0
9 14 0 0
10 14 0 0
1 15 0 0
7 15 0 0
11 15 0 0
2 16 0 0
8 16 0 0
9 16 0 0
10 16 0 0
14 16 0 0
2 17 0 0
8 17 0 0
9 17 0 0
10 17 0 0
12 17 0 0
14 17 0 0
16 17 0 0
1 18 0 0
7 18 0 0
11 18 0 0
15 18 0 0
2 19 0 0
5 19 0 0
6 19 0 0
11 19 0 0
12 19 0 0
13 19 0 0
2 20 0 0
5 20 0 0
6 20 0 0
12 20 0 0
13 20 0 0
19 20 0 0
1 21 0 0
7 21 0 0
11 21 0 0
15 21 0 0
18 21 0 0
2 22 0 0
6 22 0 0
10 22 0 0
12 22 0 0
13 22 0 0
19 22 0 0
20 22 0 0
2 23 0 0
6 23 0 0
9 23 0 0
10 23 0 0
12 23 0 0
13 23 0 0
14 23 0 0
16 23 0 0
17 23 0 0
20 23 0 0
22 23 0 0
2 24 0 0
6 24 0 0
9 24 0 0
10 24 0 0
12 24 0 0
13 24 0 0
17 24 0 0
19 24 0 0
20 24 0 0
22 24 0 0
23 24 0 0
2 25 0 0
5 25 0 0
6 25 0 0
12 25 0 0
13 25 0 0
19 25 0 0
20 25 0 0
22 25 0 0
23 25 0 0
24 25 0 0
2 26 0 0
8 26 0 0
9 26 0 0
10 26 0 0
14 26 0 0
16 26 0 0
17 26 0 0
23 26 0 0
2 27 0 0
8 27 0 0
14 27 0 0
16 27 0 0
17 27 0 0
26 27 0 0
1 28 0 0
7 28 0 0
11 28 0 0
15 28 0 0
18 28 0 0
19 28 0 0
21 28 0 0
1 29 0 0
2 29 0 0
11 29 0 0
12 29 0 0
13 29 0 0
19 29 0 0
20 29 0 0
22 29 0 0
24 29 0 0
25 29 0 0
28 29 0 0
1 30 0 0
2 30 0 0
5 30 0 0
7 30 0 0
11 30 0 0
13 30 0 0
18 30 0 0
19 30 0 0
20 30 0 0
22 30 0 0
25 30 0 0
28 30 0 0
29 30 0 0
1 31 0 0
2 31 0 0
12 31 0 0
13 31 0 0
19 31 0 0
20 31 0 0
22 31 0 0
24 31 0 0
25 31 0 0
28 31 0 0
29 31 0 0
30 31 0 0
2 32 0 0
9 32 0 0
10 32 0 0
12 32 0 0
14 32 0 0
16 32 0 0
17 32 0 0
22 32 0 0
23 32 0 0
24 32 0 0
25 32 0 0
26 32 0 0
2 33 0 0
8 33 0 0
9 33 0 0
10 33 0 0
14 33 0 0
16 33 0 0
17 33 0 0
23 33 0 0
24 33 0 0
26 33 0 0
27 33 0 0
32 33 0 0
2 34 0 0
8 34 0 0
9 34 0 0
10 34 0 0
14 34 0 0
16 34 0 0
17 34 0 0
23 34 0 0
26 34 0 0
27 34 0 0
32 34 0 0
33 34 0 0
1 35 0 0
7 35 0 0
11 35 0 0
15 35 0 0
18 35 0 0
21 35 0 0
28 35 0 0
30 35 0 0
2 36 0 0
8 36 0 0
9 36 0 0
10 36 0 0
16 36 0 0
17 36 0 0
23 36 0 0
26 36 0 0
27 36 0 0
32 36 0 0
33 36 0 0
34 36 0 0
1 37 0 0
15 37 0 0
18 37 0 0
21 37 0 0
28 37 0 0
35 37 0 0
1 38 0 0
2 38 0 0
12 38 0 0
19 38 0 0
20 38 0 0
22 38 0 0
24 38 0 0
25 38 0 0
28 38 0 0
29 38 0 0
30 38 0 0
31 38 0 0
1 39 0 0
7 39 0 0
11 39 0 0
15 39 0 0
18 39 0 0
21 39 0 0
28 39 0 0
35 39 0 0
37 39 0 0
2 40 0 0
9 40 0 0
10 40 0 0
12 40 0 0
13 40 0 0
17 40 0 0
19 40 0 0
20 40 0 0
22 40 0 0
23 40 0 0
24 40 0 0
25 40 0 0
31 40 0 0
32 40 0 0
33 40 0 0
38 40 0 0
2 41 0 0
8 41 0 0
14 41 0 0
16 41 0 0
17 41 0 0
26 41 0 0
27 41 0 0
33 41 0 0
34 41 0 0
36 41 0 0
1 42 0 0
7 42 0 0
11 42 0 0
15 42 0 0
18 42 0 0
21 42 0 0
28 42 0 0
29 42 0 0
30 42 0 0
35 42 0 0
37 42 0 0
39 42 0 0
1 43 0 0
7 43 0 0
11 43 0 0
15 43 0 0
18 43 0 0
19 43 0 0
21 43 0 0
28 43 0 0
29 43 0 0
30 43 0 0
31 43 0 0
35 43 0 0
37 43 0 0
39 43 0 0
42 43 0 0
2 44 0 0
9 44 0 0
10 44 0 0
12 44 0 0
14 44 0 0
16 44 0 0
17 44 0 0
22 44 0 0
23 44 0 0
24 44 0 0
26 44 0 0
27 44 0 0
32 44 0 0
33 44 0 0
34 44 0 0
36 44 0 0
40 44 0 0
41 44 0 0
2 45 0 0
9 45 0 0
10 45 0 0
12 45 0 0
14 45 0 0
16 45 0 0
17 45 0 0
22 45 0 0
23 45 0 0
24 45 0 0
25 45 0 0
26 45 0 0
32 45 0 0
33 45 0 0
34 45 0 0
36 45 0 0
40 45 0 0
44 45 0 0
2 46 0 0
12 46 0 0
13 46 0 0
19 46 0 0
20 46 0 0
22 46 0 0
23 46 0 0
24 46 0 0
25 46 0 0
29 46 0 0
30 46 0 0
31 46 0 0
32 46 0 0
38 46 0 0
40 46 0 0
45 46 0 0
1 47 0 0
7 47 0 0
11 47 0 0
15 47 0 0
18 47 0 0
21 47 0 0
28 47 0 0
30 47 0 0
35 47 0 0
37 47 0 0
39 47 0 0
42 47 0 0
43 47 0 0
1 48 0 0
7 48 0 0
11 48 0 0
13 48 0 0
15 48 0 0
18 48 0 0
19 48 0 0
20 48 0 0
21 48 0 0
25 48 0 0
28 48 0 0
29 48 0 0
30 48 0 0
31 48 0 0
35 48 0 0
38 48 0 0
42 48 0 0
43 48 0 0
46 48 0 0
47 48 0 0
2 49 0 0
9 49 0 0
10 49 0 0
14 49 0 0
16 49 0 0
17 49 0 0
23 49 0 0
24 49 0 0
26 49 0 0
27 49 0 0
32 49 0 0
33 49 0 0
34 49 0 0
36 49 0 0
40 49 0 0
41 49 0 0
44 49 0 0
45 49 0 0
2 50 0 0
9 50 0 0
10 50 0 0
12 50 0 0
14 50 0 0
16 50 0 0
17 50 0 0
22 50 0 0
23 50 0 0
24 50 0 0
26 50 0 0
32 50 0 0
33 50 0 0
34 50 0 0
36 50 0 0
40 50 0 0
41 50 0 0
44 50 0 0
45 50 0 0
46 50 0 0
49 50 0 0
1 51 0 0
7 51 0 0
11 51 0 0
15 51 0 0
18 51 0 0
21 51 0 0
28 51 0 0
35 51 0 0
37 51 0 0
39 51 0 0
42 51 0 0
43 51 0 0
47 51 0 0
48 51 0 0
1 52 0 0
2 52 0 0
11 52 0 0
18 52 0 0
19 52 0 0
20 52 0 0
25 52 0 0
28 52 0 0
29 52 0 0
30 52 0 0
31 52 0 0
35 52 0 0
38 52 0 0
42 52 0 0
43 52 0 0
46 52 0 0
47 52 0 0
48 52 0 0
1 53 0 0
2 53 0 0
12 53 0 0
13 53 0 0
19 53 0 0
20 53 0 0
22 53 0 0
24 53 0 0
25 53 0 0
28 53 0 0
29 53 0 0
30 53 0 0
31 53 0 0
38 53 0 0
40 53 0 0
43 53 0 0
46 53 0 0
48 53 0 0
52 53 0 0
2 54 0 0
10 54 0 0
12 54 0 0
13 54 0 0
19 54 0 0
20 54 0 0
22 54 0 0
23 54 0 0
24 54 0 0
25 54 0 0
29 54 0 0
30 54 0 0
31 54 0 0
32 54 0 0
38 54 0 0
40 54 0 0
44 54 0 0
45 54 0 0
46 54 0 0
50 54 0 0
53 54 0 0
2 55 0 0
8 55 0 0
9 55 0 0
10 55 0 0
14 55 0 0
16 55 0 0
17 55 0 0
23 55 0 0
26 55 0 0
27 55 0 0
32 55 0 0
33 55 0 0
34 55 0 0
36 55 0 0
41 55 0 0
44 55 0 0
45 55 0 0
49 55 0 0
50 55 0 0
2 56 0 0
8 56 0 0
9 56 0 0
16 56 0 0
17 56 0 0
23 56 0 0
26 56 0 0
27 56 0 0
32 56 0 0
33 56 0 0
34 56 0 0
36 56 0 0
41 56 0 0
44 56 0 0
45 56 0 0
49 56 0 0
50 56 0 0
55 56 0 0
2 57 0 0
10 57 0 0
12 57 0 0
13 57 0 0
19 57 0 0
20 57 0 0
22 57 0 0
23 57 0 0
24 57 0 0
25 57 0 0
29 57 0 0
31 57 0 0
32 57 0 0
38 57 0 0
40 57 0 0
44 57 0 0
45 57 0 0
46 57 0 0
49 57 0 0
50 57 0 0
53 57 0 0
54 57 0 0
1 58 0 0
7 58 0 0
11 58 0 0
15 58 0 0
18 58 0 0
21 58 0 0
28 58 0 0
35 58 0 0
37 58 0 0
39 58 0 0
42 58 0 0
43 58 0 0
47 58 0 0
51 58 0 0
1 59 0 0
2 59 0 0
11 59 0 0
12 59 0 0
13 59 0 0
19 59 0 0
20 59 0 0
22 59 0 0
24 59 0 0
25 59 0 0
28 59 0 0
29 59 0 0
30 59 0 0
31 59 0 0
35 59 0 0
38 59 0 0
40 59 0 0
42 59 0 0
43 59 0 0
46 59 0 0
48 59 0 0
52 59 0 0
53 59 0 0
54 59 0 0
57 59 0 0
1 60 0 0
2 60 0 0
12 60 0 0
13 60 0 0
19 60 0 0
20 60 0 0
22 60 0 0
23 60 0 0
24 60 0 0
25 60 0 0
29 60 0 0
30 60 0 0
31 60 0 0
38 60 0 0
40 60 0 0
45 60 0 0
46 60 0 0
48 60 0 0
52 60 0 0
53 60 0 0
54 60 0 0
57 60 0 0
59 60 0 0
2 61 0 0
9 61 0 0
10 61 0 0
12 61 0 0
16 61 0 0
17 61 0 0
22 61 0 0
23 61 0 0
24 61 0 0
25 61 0 0
26 61 0 0
32 61 0 0
33 61 0 0
34 61 0 0
36 61 0 0
40 61 0 0
44 61 0 0
45 61 0 0
46 61 0 0
49 61 0 0
50 61 0 0
54 61 0 0
55 61 0 0
56 61 0 0
57 61 0 0
60 61 0 0
1 62 0 0
15 62 0 0
18 62 0 0
21 62 0 0
35 62 0 0
37 62 0 0
39 62 0 0
42 62 0 0
43 62 0 0
47 62 0 0
51 62 0 0
58 62 0 0
1 63 0 0
2 63 0 0
28 63 0 0
29 63 0 0
30 63 0 0
31 63 0 0
35 63 0 0
38 63 0 0
42 63 0 0
43 63 0 0
47 63 0 0
48 63 0 0
51 63 0 0
52 63 0 0
53 63 0 0
59 63 0 0
60 63 0 0
2 64 0 0
26 64 0 0
27 64 0 0
33 64 0 0
34 64 0 0
36 64 0 0
41 64 0 0
49 64 0 0
55 64 0 0
56 64 0 0
1 65 0 0
11 65 0 0
15 65 0 0
18 65 0 0
21 65 0 0
28 65 0 0
35 65 0 0
37 65 0 0
39 65 0 0
42 65 0 0
43 65 0 0
47 65 0 0
48 65 0 0
51 65 0 0
58 65 0 0
62 65 0 0
63 65 0 0
1 66 0 0
2 66 0 0
11 66 0 0
18 66 0 0
19 66 0 0
20 66 0 0
21 66 0 0
25 66 0 0
28 66 0 0
29 66 0 0
30 66 0 0
31 66 0 0
35 66 0 0
38 66 0 0
42 66 0 0
43 66 0 0
46 66 0 0
47 66 0 0
48 66 0 0
52 66 0 0
53 66 0 0
59 66 0 0
60 66 0 0
63 66 0 0
65 66 0 0
1 67 0 0
2 67 0 0
12 67 0 0
13 67 0 0
19 67 0 0
20 67 0 0
22 67 0 0
23 67 0 0
24 67 0 0
25 67 0 0
29 67 0 0
30 67 0 0
31 67 0 0
32 67 0 0
38 67 0 0
40 67 0 0
44 67 0 0
45 67 0 0
46 67 0 0
48 67 0 0
50 67 0 0
52 67 0 0
53 67 0 0
54 67 0 0
57 67 0 0
59 67 0 0
60 67 0 0
61 67 0 0
66 67 0 0
2 68 0 0
10 68 0 0
12 68 0 0
16 68 0 0
17 68 0 0
22 68 0 0
23 68 0 0
24 68 0 0
25 68 0 0
26 68 0 0
32 68 0 0
33 68 0 0
34 68 0 0
36 68 0 0
40 68 0 0
44 68 0 0
45 68 0 0
46 68 0 0
49 68 0 0
50 68 0 0
54 68 0 0
55 68 0 0
56 68 0 0
57 68 0 0
60 68 0 0
61 68 0 0
67 68 0 0
2 69 0 0
8 69 0 0
16 69 0 0
17 69 0 0
26 69 0 0
27 69 0 0
33 69 0 0
34 69 0 0
36 69 0 0
41 69 0 0
44 69 0 0
49 69 0 0
50 69 0 0
55 69 0 0
56 69 0 0
64 69 0 0
2 70 0 0
9 70 0 0
10 70 0 0
16 70 0 0
17 70 0 0
23 70 0 0
24 70 0 0
26 70 0 0
27 70 0 0
32 70 0 0
33 70 0 0
34 70 0 0
36 70 0 0
40 70 0 0
41 70 0 0
44 70 0 0
45 70 0 0
49 70 0 0
50 70 0 0
55 70 0 0
56 70 0 0
57 70 0 0
61 70 0 0
64 70 0 0
67 70 0 0
68 70 0 0
69 70 0 0
1 71 0 0
11 71 0 0
15 71 0 0
18 71 0 0
21 71 0 0
28 71 0 0
35 71 0 0
37 71 0 0
39 71 0 0
42 71 0 0
43 71 0 0
47 71 0 0
48 71 0 0
51 71 0 0
52 71 0 0
58 71 0 0
62 71 0 0
63 71 0 0
65 71 0 0
66 71 0 0
1 72 0 0
11 72 0 0
15 72 0 0
18 72 0 0
19 72 0 0
21 72 0 0
28 72 0 0
29 72 0 0
30 72 0 0
31 72 0 0
35 72 0 0
37 72 0 0
38 72 0 0
39 72 0 0
42 72 0 0
43 72 0 0
47 72 0 0
48 72 0 0
51 72 0 0
52 72 0 0
53 72 0 0
58 72 0 0
59 72 0 0
62 72 0 0
63 72 0 0
65 72 0 0
66 72 0 0
71 72 0 0
1 73 0 0
2 73 0 0
19 73 0 0
20 73 0 0
22 73 0 0
25 73 0 0
28 73 0 0
29 73 0 0
30 73 0 0
31 73 0 0
35 73 0 0
38 73 0 0
43 73 0 0
46 73 0 0
48 73 0 0
52 73 0 0
53 73 0 0
54 73 0 0
57 73 0 0
59 73 0 0
60 73 0 0
63 73 0 0
66 73 0 0
67 73 0 0
72 73 0 0
2 74 0 0
8 74 0 0
16 74 0 0
26 74 0 0
27 74 0 0
33 74 0 0
34 74 0 0
36 74 0 0
41 74 0 0
49 74 0 0
55 74 0 0
56 74 0 0
64 74 0 0
69 74 0 0
70 74 0 0
1 75 0 0
2 75 0 0
19 75 0 0
20 75 0 0
22 75 0 0
24 75 0 0
25 75 0 0
29 75 0 0
30 75 0 0
31 75 0 0
38 75 0 0
40 75 0 0
45 75 0 0
46 75 0 0
48 75 0 0
52 75 0 0
53 75 0 0
54 75 0 0
57 75 0 0
59 75 0 0
60 75 0 0
61 75 0 0
63 75 0 0
66 75 0 0
67 75 0 0
68 75 0 0
73 75 0 0
1 76 0 0
2 76 0 0
19 76 0 0
20 76 0 0
22 76 0 0
24 76 0 0
25 76 0 0
29 76 0 0
30 76 0 0
31 76 0 0
38 76 0 0
40 76 0 0
46 76 0 0
48 76 0 0
52 76 0 0
53 76 0 0
54 76 0 0
57 76 0 0
59 76 0 0
60 76 0 0
63 76 0 0
66 76 0 0
67 76 0 0
68 76 0 0
72 76 0 0
73 76 0 0
75 76 0 0
1 77 0 0
2 77 0 0
19 77 0 0
20 77 0 0
22 77 0 0
25 77 0 0
28 77 0 0
29 77 0 0
30 77 0 0
31 77 0 0
35 77 0 0
38 77 0 0
42 77 0 0
43 77 0 0
46 77 0 0
48 77 0 0
52 77 0 0
53 77 0 0
54 77 0 0
57 77 0 0
59 77 0 0
60 77 0 0
63 77 0 0
66 77 0 0
67 77 0 0
71 77 0 0
72 77 0 0
73 77 0 0
75 77 0 0
76 77 0 0
1 78 0 0
15 78 0 0
18 78 0 0
21 78 0 0
28 78 0 0
35 78 0 0
37 78 0 0
39 78 0 0
42 78 0 0
43 78 0 0
47 78 0 0
48 78 0 0
51 78 0 0
52 78 0 0
58 78 0 0
62 78 0 0
63 78 0 0
65 78 0 0
66 78 0 0
71 78 0 0
72 78 0 0
1 79 0 0
21 79 0 0
28 79 0 0
30 79 0 0
35 79 0 0
37 79 0 0
39 79 0 0
42 79 0 0
43 79 0 0
47 79 0 0
48 79 0 0
51 79 0 0
52 79 0 0
58 79 0 0
59 79 0 0
62 79 0 0
63 79 0 0
65 79 0 0
66 79 0 0
71 79 0 0
72 79 0 0
73 79 0 0
77 79 0 0
78 79 0 0
1 80 0 0
2 80 0 0
20 80 0 0
22 80 0 0
25 80 0 0
29 80 0 0
30 80 0 0
31 80 0 0
38 80 0 0
40 80 0 0
46 80 0 0
48 80 0 0
52 80 0 0
53 80 0 0
54 80 0 0
57 80 0 0
59 80 0 0
60 80 0 0
61 80 0 0
63 80 0 0
66 80 0 0
67 80 0 0
68 80 0 0
72 80 0 0
73 80 0 0
75 80 0 0
76 80 0 0
77 80 0 0
79 80 0 0
1 81 0 0
2 81 0 0
19 81 0 0
20 81 0 0
22 81 0 0
25 81 0 0
28 81 0 0
29 81 0 0
30 81 0 0
31 81 0 0
35 81 0 0
38 81 0 0
40 81 0 0
43 81 0 0
46 81 0 0
48 81 0 0
52 81 0 0
53 81 0 0
54 81 0 0
57 81 0 0
59 81 0 0
60 81 0 0
63 81 0 0
66 81 0 0
67 81 0 0
72 81 0 0
73 81 0 0
75 81 0 0
76 81 0 0
77 81 0 0
79 81 0 0
80 81 0 0
1 82 0 0
21 82 0 0
35 82 0 0
37 82 0 0
39 82 0 0
42 82 0 0
43 82 0 0
47 82 0 0
51 82 0 0
58 82 0 0
62 82 0 0
63 82 0 0
65 82 0 0
66 82 0 0
71 82 0 0
72 82 0 0
78 82 0 0
79 82 0 0
2 83 0 0
22 83 0 0
32 83 0 0
33 83 0 0
36 83 0 0
40 83 0 0
44 83 0 0
45 83 0 0
46 83 0 0
49 83 0 0
50 83 0 0
54 83 0 0
57 83 0 0
60 83 0 0
61 83 0 0
67 83 0 0
68 83 0 0
70 83 0 0
75 83 0 0
76 83 0 0
80 83 0 0
3 90 0 1
3 91 0 1
3 92 0 1
4 94 0 1
3 98 0 1
4 99 0 1
3 100 0 1
5 100 0 1
7 100 0 1
8 101 0 1
14 101 0 1
4 102 0 1
8 102 0 1
9 102 0 1
10 102 0 1
14 102 0 1
16 102 0 1
17 102 0 1
4 103 0 1
9 103 0 1
14 103 0 1
4 104 0 1
6 104 0 1
9 104 0 1
10 104 0 1
12 104 0 1
14 104 0 1
3 105 0 1
4 105 0 1
5 105 0 1
6 105 0 1
13 105 0 1
4 106 0 1
3 107 0 1
5 107 0 1
6 107 0 1
3 108 0 1
4 108 0 1
6 108 0 1
3 109 0 1
5 109 0 1
4 110 0 1
3 111 0 1
5 111 0 1
6 111 0 1
4 112 0 1
6 112 0 1
4 113 0 1
6 113 0 1
3 114 0 1
7 114 0 1
4 115 0 1
14 115 0 1
3 116 0 1
5 116 0 1
4 118 0 1
6 118 0 1
4 119 0 1
4 121 0 1
4 124 0 1
4 125 0 1
3 126 0 1
4 127 0 1
4 128 0 1
3 131 0 1
3 132 0 1
3 133 0 1
3 134 0 1
3 135 0 1
4 135 0 1
4 136 0 1
4 137 0 1
3 138 0 1
4 138 0 1
6 138 0 1
4 139 0 1
3 140 0 1
3 141 0 1
3 145 0 1
4 150 0 1
4 155 0 1
3 156 0 1
3 158 0 1
3 166 0 1
