1 2 0 0
3 4 0 0
3 5 0 0
4 5 0 0
2 6 0 0
5 6 0 0
3 7 0 0
4 7 0 0
5 7 0 0
6 7 0 0
2 8 0 0
5 8 0 0
6 8 0 0
5 9 0 0
6 9 0 0
7 9 0 0
8 9 0 0
2 10 0 0
5 10 0 0
6 10 0 0
8 10 0 0
9 10 0 0
2 11 0 0
5 11 0 0
6 11 0 0
7 11 0 0
8 11 0 0
9 11 0 0
10 11 0 0
3 12 0 0
4 12 0 0
5 12 0 0
6 12 0 0
7 12 0 0
9 12 0 0
10 12 0 0
11 12 0 0
3 13 0 0
4 13 0 0
5 13 0 0
6 13 0 0
7 13 0 0
9 13 0 0
11 13 0 0
12 13 0 0
2 14 0 0
5 14 0 0
6 14 0 0
8 14 0 0
9 14 0 0
10 14 0 0
11 14 0 0
12 14 0 0
13 14 0 0
2 15 0 0
6 15 0 0
8 15 0 0
10 15 0 0
11 15 0 0
14 15 0 0
1 16 0 0
2 16 0 0
8 16 0 0
15 16 0 0
2 17 0 0
6 17 0 0
8 17 0 0
10 17 0 0
11 17 0 0
14 17 0 0
15 17 0 0
16 17 0 0
2 18 0 0
5 18 0 0
6 18 0 0
7 18 0 0
8 18 0 0
9 18 0 0
10 18 0 0
11 18 0 0
12 18 0 0
13 18 0 0
14 18 0 0
17 18 0 0
2 19 0 0
6 19 0 0
8 19 0 0
9 19 0 0
10 19 0 0
11 19 0 0
14 19 0 0
15 19 0 0
16 19 0 0
17 19 0 0
18 19 0 0
5 20 0 0
6 20 0 0
7 20 0 0
8 20 0 0
9 20 0 0
10 20 0 0
11 20 0 0
12 20 0 0
13 20 0 0
14 20 0 0
18 20 0 0
2 21 0 0
5 21 0 0
6 21 0 0
8 21 0 0
9 21 0 0
10 21 0 0
11 21 0 0
12 21 0 0
14 21 0 0
15 21 0 0
17 21 0 0
18 21 0 0
19 21 0 0
20 21 0 0
2 22 0 0
6 22 0 0
8 22 0 0
9 22 0 0
10 22 0 0
11 22 0 0
14 22 0 0
15 22 0 0
16 22 0 0
17 22 0 0
18 22 0 0
19 22 0 0
20 22 0 0
21 22 0 0
2 23 0 0
6 23 0 0
8 23 0 0
9 23 0 0
10 23 0 0
11 23 0 0
14 23 0 0
15 23 0 0
16 23 0 0
17 23 0 0
18 23 0 0
19 23 0 0
20 23 0 0
21 23 0 0
22 23 0 0
5 24 0 0
7 24 0 0
9 24 0 0
11 24 0 0
12 24 0 0
13 24 0 0
14 24 0 0
18 24 0 0
20 24 0 0
21 24 0 0
17 25 0 0
18 25 0 0
20 25 0 0
21 25 0 0
23 25 0 0
24 25 0 0
9 26 0 0
11 26 0 0
12 26 0 0
13 26 0 0
14 26 0 0
18 26 0 0
20 26 0 0
21 26 0 0
24 26 0 0
25 26 0 0
2 27 0 0
8 27 0 0
9 27 0 0
10 27 0 0
11 27 0 0
14 27 0 0
15 27 0 0
16 27 0 0
17 27 0 0
18 27 0 0
19 27 0 0
20 27 0 0
21 27 0 0
22 27 0 0
23 27 0 0
24 27 0 0
25 27 0 0
26 27 0 0
9 28 0 0
14 28 0 0
18 28 0 0
20 28 0 0
21 28 0 0
24 28 0 0
25 28 0 0
26 28 0 0
27 28 0 0
11 29 0 0
14 29 0 0
17 29 0 0
18 29 0 0
19 29 0 0
20 29 0 0
21 29 0 0
22 29 0 0
23 29 0 0
24 29 0 0
25 29 0 0
26 29 0 0
27 29 0 0
28 29 0 0
2 30 0 0
8 30 0 0
10 30 0 0
14 30 0 0
15 30 0 0
16 30 0 0
17 30 0 0
18 30 0 0
19 30 0 0
21 30 0 0
22 30 0 0
23 30 0 0
25 30 0 0
26 30 0 0
27 30 0 0
28 30 0 0
29 30 0 0
1 31 0 0
2 31 0 0
15 31 0 0
16 31 0 0
17 31 0 0
19 31 0 0
30 31 0 0
1 32 0 0
2 32 0 0
16 32 0 0
31 32 0 0
2 33 0 0
14 33 0 0
15 33 0 0
16 33 0 0
17 33 0 0
18 33 0 0
19 33 0 0
20 33 0 0
21 33 0 0
22 33 0 0
23 33 0 0
25 33 0 0
26 33 0 0
27 33 0 0
28 33 0 0
29 33 0 0
30 33 0 0
1 34 0 0
2 34 0 0
15 34 0 0
16 34 0 0
17 34 0 0
19 34 0 0
30 34 0 0
31 34 0 0
32 34 0 0
33 34 0 0
24 35 0 0
25 35 0 0
26 35 0 0
28 35 0 0
29 35 0 0
24 36 0 0
25 36 0 0
26 36 0 0
28 36 0 0
29 36 0 0
33 36 0 0
35 36 0 0
1 37 0 0
2 37 0 0
24 38 0 0
25 38 0 0
26 38 0 0
28 38 0 0
29 38 0 0
33 38 0 0
35 38 0 0
36 38 0 0
1 39 0 0
2 39 0 0
31 39 0 0
32 39 0 0
34 39 0 0
1 40 0 0
2 40 0 0
31 40 0 0
32 40 0 0
34 40 0 0
37 40 0 0
39 40 0 0
1 41 0 0
2 41 0 0
31 41 0 0
32 41 0 0
34 41 0 0
39 41 0 0
40 41 0 0
1 42 0 0
2 42 0 0
17 42 0 0
25 42 0 0
27 42 0 0
29 42 0 0
30 42 0 0
31 42 0 0
33 42 0 0
34 42 0 0
39 42 0 0
41 42 0 0
1 43 0 0
2 43 0 0
16 43 0 0
27 43 0 0
30 43 0 0
31 43 0 0
32 43 0 0
33 43 0 0
34 43 0 0
39 43 0 0
40 43 0 0
41 43 0 0
42 43 0 0
1 44 0 0
2 44 0 0
30 44 0 0
31 44 0 0
32 44 0 0
33 44 0 0
34 44 0 0
39 44 0 0
40 44 0 0
41 44 0 0
42 44 0 0
43 44 0 0
1 45 0 0
2 45 0 0
31 45 0 0
32 45 0 0
34 45 0 0
39 45 0 0
40 45 0 0
41 45 0 0
42 45 0 0
43 45 0 0
44 45 0 0
1 46 0 0
2 46 0 0
27 46 0 0
29 46 0 0
30 46 0 0
31 46 0 0
33 46 0 0
34 46 0 0
39 46 0 0
40 46 0 0
41 46 0 0
42 46 0 0
43 46 0 0
44 46 0 0
45 46 0 0
1 47 0 0
2 47 0 0
32 47 0 0
37 47 0 0
39 47 0 0
40 47 0 0
45 47 0 0
1 48 0 0
39 48 0 0
40 48 0 0
41 48 0 0
43 48 0 0
44 48 0 0
45 48 0 0
46 48 0 0
1 49 0 0
39 49 0 0
40 49 0 0
41 49 0 0
44 49 0 0
45 49 0 0
48 49 0 0
37 50 0 0
47 50 0 0
49 50 0 0
37 51 0 0
49 51 0 0
50 51 0 0
48 52 0 0
49 52 0 0
50 52 0 0
51 52 0 0
2 53 0 0
37 53 0 0
40 53 0 0
47 53 0 0
49 53 0 0
50 53 0 0
51 53 0 0
52 53 0 0
1 54 0 0
2 54 0 0
37 54 0 0
39 54 0 0
40 54 0 0
45 54 0 0
47 54 0 0
48 54 0 0
49 54 0 0
50 54 0 0
51 54 0 0
52 54 0 0
53 54 0 0
37 55 0 0
39 55 0 0
40 55 0 0
41 55 0 0
45 55 0 0
47 55 0 0
48 55 0 0
49 55 0 0
50 55 0 0
51 55 0 0
52 55 0 0
53 55 0 0
54 55 0 0
49 56 0 0
50 56 0 0
51 56 0 0
52 56 0 0
53 56 0 0
54 56 0 0
55 56 0 0
48 57 0 0
49 57 0 0
50 57 0 0
51 57 0 0
52 57 0 0
53 57 0 0
54 57 0 0
55 57 0 0
56 57 0 0
48 58 0 0
49 58 0 0
57 58 0 0
50 59 0 0
51 59 0 0
52 59 0 0
53 59 0 0
56 59 0 0
57 59 0 0
50 60 0 0
51 60 0 0
52 60 0 0
53 60 0 0
54 60 0 0
55 60 0 0
56 60 0 0
57 60 0 0
59 60 0 0
49 61 0 0
50 61 0 0
51 61 0 0
52 61 0 0
53 61 0 0
54 61 0 0
55 61 0 0
56 61 0 0
57 61 0 0
59 61 0 0
60 61 0 0
48 62 0 0
49 62 0 0
50 62 0 0
51 62 0 0
52 62 0 0
53 62 0 0
54 62 0 0
55 62 0 0
56 62 0 0
57 62 0 0
59 62 0 0
60 62 0 0
61 62 0 0
50 63 0 0
51 63 0 0
52 63 0 0
53 63 0 0
54 63 0 0
55 63 0 0
56 63 0 0
57 63 0 0
59 63 0 0
60 63 0 0
61 63 0 0
62 63 0 0
1 64 0 0
39 64 0 0
40 64 0 0
41 64 0 0
42 64 0 0
43 64 0 0
44 64 0 0
45 64 0 0
46 64 0 0
48 64 0 0
49 64 0 0
54 64 0 0
55 64 0 0
57 64 0 0
58 64 0 0
1 65 0 0
2 65 0 0
39 65 0 0
40 65 0 0
41 65 0 0
43 65 0 0
44 65 0 0
45 65 0 0
46 65 0 0
47 65 0 0
48 65 0 0
49 65 0 0
50 65 0 0
51 65 0 0
52 65 0 0
53 65 0 0
54 65 0 0
55 65 0 0
56 65 0 0
57 65 0 0
58 65 0 0
62 65 0 0
64 65 0 0
1 66 0 0
2 66 0 0
37 66 0 0
39 66 0 0
40 66 0 0
41 66 0 0
44 66 0 0
45 66 0 0
47 66 0 0
48 66 0 0
49 66 0 0
50 66 0 0
51 66 0 0
52 66 0 0
53 66 0 0
54 66 0 0
55 66 0 0
56 66 0 0
57 66 0 0
60 66 0 0
61 66 0 0
62 66 0 0
64 66 0 0
65 66 0 0
1 67 0 0
2 67 0 0
37 67 0 0
40 67 0 0
45 67 0 0
47 67 0 0
49 67 0 0
50 67 0 0
51 67 0 0
52 67 0 0
53 67 0 0
54 67 0 0
55 67 0 0
56 67 0 0
57 67 0 0
60 67 0 0
61 67 0 0
62 67 0 0
63 67 0 0
65 67 0 0
66 67 0 0
1 68 0 0
2 68 0 0
31 68 0 0
32 68 0 0
34 68 0 0
37 68 0 0
39 68 0 0
40 68 0 0
41 68 0 0
43 68 0 0
44 68 0 0
45 68 0 0
47 68 0 0
48 68 0 0
49 68 0 0
50 68 0 0
51 68 0 0
52 68 0 0
53 68 0 0
54 68 0 0
55 68 0 0
57 68 0 0
64 68 0 0
65 68 0 0
66 68 0 0
67 68 0 0
1 69 0 0
2 69 0 0
31 69 0 0
32 69 0 0
34 69 0 0
39 69 0 0
40 69 0 0
41 69 0 0
42 69 0 0
43 69 0 0
44 69 0 0
45 69 0 0
46 69 0 0
48 69 0 0
49 69 0 0
54 69 0 0
55 69 0 0
64 69 0 0
65 69 0 0
66 69 0 0
68 69 0 0
1 70 0 0
2 70 0 0
31 70 0 0
32 70 0 0
34 70 0 0
39 70 0 0
40 70 0 0
41 70 0 0
42 70 0 0
43 70 0 0
44 70 0 0
45 70 0 0
46 70 0 0
47 70 0 0
48 70 0 0
49 70 0 0
51 70 0 0
52 70 0 0
53 70 0 0
54 70 0 0
55 70 0 0
57 70 0 0
64 70 0 0
65 70 0 0
66 70 0 0
67 70 0 0
68 70 0 0
69 70 0 0
1 71 0 0
2 71 0 0
31 71 0 0
32 71 0 0
34 71 0 0
37 71 0 0
39 71 0 0
40 71 0 0
41 71 0 0
43 71 0 0
44 71 0 0
45 71 0 0
47 71 0 0
48 71 0 0
49 71 0 0
50 71 0 0
51 71 0 0
52 71 0 0
53 71 0 0
54 71 0 0
55 71 0 0
56 71 0 0
57 71 0 0
64 71 0 0
65 71 0 0
66 71 0 0
67 71 0 0
68 71 0 0
69 71 0 0
70 71 0 0
25 72 0 0
29 72 0 0
35 72 0 0
36 72 0 0
38 72 0 0
42 72 0 0
46 72 0 0
25 73 0 0
36 73 0 0
38 73 0 0
41 73 0 0
42 73 0 0
43 73 0 0
46 73 0 0
69 73 0 0
72 73 0 0
1 74 0 0
34 74 0 0
39 74 0 0
40 74 0 0
41 74 0 0
42 74 0 0
43 74 0 0
44 74 0 0
45 74 0 0
46 74 0 0
48 74 0 0
49 74 0 0
55 74 0 0
64 74 0 0
65 74 0 0
66 74 0 0
68 74 0 0
69 74 0 0
70 74 0 0
73 74 0 0
1 75 0 0
34 75 0 0
39 75 0 0
40 75 0 0
41 75 0 0
42 75 0 0
43 75 0 0
44 75 0 0
45 75 0 0
46 75 0 0
48 75 0 0
49 75 0 0
54 75 0 0
55 75 0 0
64 75 0 0
65 75 0 0
66 75 0 0
68 75 0 0
69 75 0 0
70 75 0 0
71 75 0 0
73 75 0 0
74 75 0 0
38 76 0 0
39 76 0 0
41 76 0 0
42 76 0 0
43 76 0 0
44 76 0 0
46 76 0 0
48 76 0 0
64 76 0 0
65 76 0 0
69 76 0 0
72 76 0 0
73 76 0 0
74 76 0 0
75 76 0 0
1 77 0 0
2 77 0 0
37 77 0 0
39 77 0 0
40 77 0 0
45 77 0 0
47 77 0 0
49 77 0 0
50 77 0 0
51 77 0 0
52 77 0 0
53 77 0 0
54 77 0 0
55 77 0 0
56 77 0 0
57 77 0 0
61 77 0 0
64 77 0 0
65 77 0 0
66 77 0 0
67 77 0 0
68 77 0 0
70 77 0 0
71 77 0 0
1 78 0 0
2 78 0 0
37 78 0 0
39 78 0 0
40 78 0 0
41 78 0 0
43 78 0 0
44 78 0 0
45 78 0 0
46 78 0 0
47 78 0 0
48 78 0 0
49 78 0 0
50 78 0 0
51 78 0 0
52 78 0 0
53 78 0 0
54 78 0 0
55 78 0 0
57 78 0 0
64 78 0 0
65 78 0 0
66 78 0 0
67 78 0 0
68 78 0 0
69 78 0 0
70 78 0 0
71 78 0 0
74 78 0 0
75 78 0 0
77 78 0 0
2 79 0 0
16 79 0 0
17 79 0 0
19 79 0 0
23 79 0 0
25 79 0 0
27 79 0 0
28 79 0 0
29 79 0 0
30 79 0 0
31 79 0 0
33 79 0 0
34 79 0 0
39 79 0 0
41 79 0 0
42 79 0 0
43 79 0 0
44 79 0 0
46 79 0 0
69 79 0 0
73 79 0 0
74 79 0 0
75 79 0 0
76 79 0 0
1 80 0 0
2 80 0 0
16 80 0 0
17 80 0 0
19 80 0 0
23 80 0 0
27 80 0 0
30 80 0 0
31 80 0 0
32 80 0 0
33 80 0 0
34 80 0 0
39 80 0 0
40 80 0 0
41 80 0 0
42 80 0 0
43 80 0 0
44 80 0 0
45 80 0 0
46 80 0 0
68 80 0 0
69 80 0 0
70 80 0 0
71 80 0 0
74 80 0 0
75 80 0 0
76 80 0 0
79 80 0 0
1 81 0 0
2 81 0 0
16 81 0 0
17 81 0 0
30 81 0 0
31 81 0 0
32 81 0 0
34 81 0 0
39 81 0 0
40 81 0 0
41 81 0 0
42 81 0 0
43 81 0 0
44 81 0 0
45 81 0 0
46 81 0 0
47 81 0 0
64 81 0 0
65 81 0 0
68 81 0 0
69 81 0 0
70 81 0 0
71 81 0 0
74 81 0 0
75 81 0 0
78 81 0 0
79 81 0 0
80 81 0 0
1 82 0 0
2 82 0 0
16 82 0 0
17 82 0 0
27 82 0 0
29 82 0 0
30 82 0 0
31 82 0 0
32 82 0 0
33 82 0 0
34 82 0 0
39 82 0 0
40 82 0 0
41 82 0 0
42 82 0 0
43 82 0 0
44 82 0 0
45 82 0 0
46 82 0 0
64 82 0 0
69 82 0 0
70 82 0 0
73 82 0 0
74 82 0 0
75 82 0 0
76 82 0 0
79 82 0 0
80 82 0 0
81 82 0 0
1 83 0 0
2 83 0 0
17 83 0 0
25 83 0 0
27 83 0 0
28 83 0 0
29 83 0 0
30 83 0 0
31 83 0 0
33 83 0 0
34 83 0 0
38 83 0 0
39 83 0 0
41 83 0 0
42 83 0 0
43 83 0 0
44 83 0 0
46 83 0 0
64 83 0 0
69 83 0 0
72 83 0 0
73 83 0 0
74 83 0 0
75 83 0 0
76 83 0 0
79 83 0 0
80 83 0 0
81 83 0 0
82 83 0 0
3 84 0 0
4 84 0 0
5 84 0 0
7 84 0 0
9 84 0 0
11 84 0 0
12 84 0 0
13 84 0 0
14 84 0 0
18 84 0 0
20 84 0 0
24 84 0 0
25 84 0 0
26 84 0 0
28 84 0 0
29 84 0 0
2 85 0 0
6 85 0 0
8 85 0 0
9 85 0 0
10 85 0 0
11 85 0 0
14 85 0 0
15 85 0 0
16 85 0 0
17 85 0 0
18 85 0 0
19 85 0 0
20 85 0 0
21 85 0 0
22 85 0 0
23 85 0 0
24 85 0 0
25 85 0 0
26 85 0 0
27 85 0 0
28 85 0 0
29 85 0 0
30 85 0 0
33 85 0 0
42 85 0 0
79 85 0 0
80 85 0 0
82 85 0 0
83 85 0 0
5 86 0 0
6 86 0 0
7 86 0 0
9 86 0 0
10 86 0 0
11 86 0 0
12 86 0 0
13 86 0 0
14 86 0 0
18 86 0 0
20 86 0 0
21 86 0 0
22 86 0 0
24 86 0 0
25 86 0 0
26 86 0 0
27 86 0 0
28 86 0 0
29 86 0 0
33 86 0 0
35 86 0 0
36 86 0 0
84 86 0 0
85 86 0 0
1 87 0 0
2 87 0 0
15 87 0 0
16 87 0 0
17 87 0 0
19 87 0 0
31 87 0 0
32 87 0 0
34 87 0 0
43 87 0 0
44 87 0 0
45 87 0 0
71 87 0 0
80 87 0 0
81 87 0 0
1 88 0 0
2 88 0 0
15 88 0 0
16 88 0 0
31 88 0 0
32 88 0 0
34 88 0 0
39 88 0 0
40 88 0 0
43 88 0 0
44 88 0 0
45 88 0 0
47 88 0 0
71 88 0 0
80 88 0 0
81 88 0 0
87 88 0 0
1 89 0 0
2 89 0 0
8 89 0 0
15 89 0 0
16 89 0 0
17 89 0 0
19 89 0 0
21 89 0 0
22 89 0 0
23 89 0 0
27 89 0 0
30 89 0 0
31 89 0 0
32 89 0 0
33 89 0 0
34 89 0 0
42 89 0 0
43 89 0 0
44 89 0 0
79 89 0 0
80 89 0 0
81 89 0 0
82 89 0 0
83 89 0 0
85 89 0 0
87 89 0 0
88 89 0 0
1 90 0 0
2 90 0 0
8 90 0 0
10 90 0 0
11 90 0 0
14 90 0 0
15 90 0 0
16 90 0 0
17 90 0 0
18 90 0 0
19 90 0 0
21 90 0 0
22 90 0 0
23 90 0 0
25 90 0 0
27 90 0 0
29 90 0 0
30 90 0 0
31 90 0 0
32 90 0 0
33 90 0 0
34 90 0 0
42 90 0 0
43 90 0 0
44 90 0 0
46 90 0 0
79 90 0 0
80 90 0 0
81 90 0 0
82 90 0 0
83 90 0 0
85 90 0 0
87 90 0 0
88 90 0 0
89 90 0 0
2 91 0 0
5 91 0 0
6 91 0 0
8 91 0 0
9 91 0 0
10 91 0 0
11 91 0 0
12 91 0 0
14 91 0 0
15 91 0 0
17 91 0 0
18 91 0 0
19 91 0 0
20 91 0 0
21 91 0 0
22 91 0 0
23 91 0 0
24 91 0 0
25 91 0 0
26 91 0 0
27 91 0 0
28 91 0 0
29 91 0 0
30 91 0 0
33 91 0 0
79 91 0 0
83 91 0 0
84 91 0 0
85 91 0 0
86 91 0 0
89 91 0 0
90 91 0 0
1 92 0 0
2 92 0 0
8 92 0 0
15 92 0 0
16 92 0 0
17 92 0 0
19 92 0 0
21 92 0 0
22 92 0 0
23 92 0 0
27 92 0 0
30 92 0 0
31 92 0 0
32 92 0 0
33 92 0 0
34 92 0 0
42 92 0 0
43 92 0 0
44 92 0 0
45 92 0 0
46 92 0 0
79 92 0 0
80 92 0 0
81 92 0 0
82 92 0 0
83 92 0 0
85 92 0 0
87 92 0 0
88 92 0 0
89 92 0 0
90 92 0 0
91 92 0 0
35 93 0 1
36 93 0 1
38 93 0 1
72 93 0 1
58 94 0 1
3 95 0 1
4 95 0 1
7 95 0 1
12 95 0 1
13 95 0 1
84 95 0 1
3 96 0 1
4 96 0 1
5 96 0 1
7 96 0 1
9 96 0 1
12 96 0 1
13 96 0 1
18 96 0 1
20 96 0 1
24 96 0 1
26 96 0 1
28 96 0 1
84 96 0 1
86 96 0 1
3 97 0 1
4 97 0 1
5 97 0 1
7 97 0 1
12 97 0 1
13 97 0 1
20 97 0 1
24 97 0 1
26 97 0 1
84 97 0 1
86 97 0 1
13 98 0 1
24 98 0 1
26 98 0 1
35 98 0 1
84 98 0 1
86 98 0 1
3 99 0 1
4 99 0 1
7 99 0 1
13 99 0 1
84 99 0 1
35 100 0 1
24 101 0 1
25 101 0 1
26 101 0 1
28 101 0 1
29 101 0 1
35 101 0 1
36 101 0 1
38 101 0 1
72 101 0 1
84 101 0 1
86 101 0 1
24 102 0 1
25 102 0 1
26 102 0 1
28 102 0 1
35 102 0 1
36 102 0 1
38 102 0 1
84 102 0 1
86 102 0 1
24 103 0 1
25 103 0 1
26 103 0 1
28 103 0 1
29 103 0 1
35 103 0 1
36 103 0 1
38 103 0 1
72 103 0 1
73 103 0 1
84 103 0 1
86 103 0 1
24 104 0 1
25 104 0 1
26 104 0 1
28 104 0 1
29 104 0 1
35 104 0 1
36 104 0 1
38 104 0 1
72 104 0 1
84 104 0 1
86 104 0 1
24 105 0 1
26 105 0 1
35 105 0 1
36 105 0 1
84 105 0 1
86 105 0 1
25 107 0 1
26 107 0 1
28 107 0 1
29 107 0 1
33 107 0 1
35 107 0 1
36 107 0 1
38 107 0 1
42 107 0 1
46 107 0 1
72 107 0 1
73 107 0 1
76 107 0 1
79 107 0 1
82 107 0 1
83 107 0 1
35 108 0 1
36 108 0 1
38 108 0 1
35 109 0 1
24 110 0 1
25 110 0 1
26 110 0 1
28 110 0 1
29 110 0 1
35 110 0 1
36 110 0 1
38 110 0 1
72 110 0 1
86 110 0 1
24 111 0 1
26 111 0 1
35 111 0 1
36 111 0 1
38 111 0 1
35 112 0 1
35 113 0 1
35 114 0 1
36 114 0 1
38 114 0 1
35 115 0 1
36 116 0 1
38 116 0 1
41 116 0 1
42 116 0 1
43 116 0 1
44 116 0 1
46 116 0 1
48 116 0 1
58 116 0 1
64 116 0 1
65 116 0 1
69 116 0 1
72 116 0 1
73 116 0 1
74 116 0 1
75 116 0 1
76 116 0 1
82 116 0 1
83 116 0 1
35 117 0 1
36 117 0 1
38 117 0 1
72 117 0 1
73 117 0 1
76 117 0 1
35 118 0 1
36 118 0 1
38 118 0 1
35 119 0 1
35 120 0 1
35 122 0 1
36 122 0 1
38 122 0 1
39 123 0 1
40 123 0 1
41 123 0 1
43 123 0 1
44 123 0 1
46 123 0 1
48 123 0 1
49 123 0 1
54 123 0 1
55 123 0 1
57 123 0 1
58 123 0 1
62 123 0 1
64 123 0 1
65 123 0 1
66 123 0 1
68 123 0 1
69 123 0 1
70 123 0 1
74 123 0 1
75 123 0 1
76 123 0 1
78 123 0 1
39 124 0 1
40 124 0 1
41 124 0 1
48 124 0 1
49 124 0 1
51 124 0 1
52 124 0 1
54 124 0 1
55 124 0 1
57 124 0 1
58 124 0 1
62 124 0 1
64 124 0 1
65 124 0 1
66 124 0 1
68 124 0 1
69 124 0 1
70 124 0 1
71 124 0 1
74 124 0 1
75 124 0 1
76 124 0 1
78 124 0 1
38 125 0 1
72 125 0 1
73 125 0 1
76 125 0 1
38 126 0 1
58 126 0 1
72 126 0 1
73 126 0 1
74 126 0 1
76 126 0 1
58 128 0 1
72 128 0 1
73 128 0 1
76 128 0 1
72 129 0 1
73 129 0 1
76 129 0 1
41 130 0 1
48 130 0 1
49 130 0 1
57 130 0 1
58 130 0 1
64 130 0 1
65 130 0 1
69 130 0 1
73 130 0 1
74 130 0 1
75 130 0 1
76 130 0 1
78 130 0 1
72 131 0 1
72 132 0 1
39 133 0 1
41 133 0 1
42 133 0 1
43 133 0 1
44 133 0 1
46 133 0 1
48 133 0 1
49 133 0 1
58 133 0 1
64 133 0 1
65 133 0 1
69 133 0 1
72 133 0 1
73 133 0 1
74 133 0 1
75 133 0 1
76 133 0 1
83 133 0 1
35 134 0 1
36 135 0 1
38 135 0 1
42 135 0 1
46 135 0 1
48 135 0 1
58 135 0 1
72 135 0 1
73 135 0 1
74 135 0 1
75 135 0 1
76 135 0 1
35 136 0 1
36 136 0 1
38 136 0 1
72 136 0 1
73 136 0 1
36 137 0 1
38 137 0 1
72 137 0 1
73 137 0 1
76 137 0 1
35 138 0 1
36 138 0 1
38 138 0 1
72 138 0 1
73 138 0 1
76 138 0 1
35 139 0 1
36 139 0 1
38 139 0 1
72 139 0 1
73 139 0 1
35 140 0 1
35 142 0 1
36 142 0 1
38 142 0 1
72 142 0 1
49 143 0 1
50 143 0 1
51 143 0 1
52 143 0 1
53 143 0 1
54 143 0 1
55 143 0 1
56 143 0 1
57 143 0 1
59 143 0 1
60 143 0 1
61 143 0 1
62 143 0 1
63 143 0 1
58 144 0 1
57 145 0 1
58 145 0 1
49 146 0 1
50 146 0 1
51 146 0 1
52 146 0 1
53 146 0 1
54 146 0 1
55 146 0 1
56 146 0 1
57 146 0 1
59 146 0 1
60 146 0 1
61 146 0 1
62 146 0 1
63 146 0 1
48 147 0 1
58 147 0 1
58 148 0 1
58 149 0 1
48 150 0 1
49 150 0 1
55 150 0 1
57 150 0 1
58 150 0 1
62 150 0 1
64 150 0 1
65 150 0 1
66 150 0 1
75 150 0 1
48 151 0 1
49 151 0 1
51 151 0 1
52 151 0 1
53 151 0 1
54 151 0 1
55 151 0 1
56 151 0 1
57 151 0 1
58 151 0 1
60 151 0 1
61 151 0 1
62 151 0 1
64 151 0 1
65 151 0 1
66 151 0 1
78 151 0 1
49 152 0 1
50 152 0 1
51 152 0 1
52 152 0 1
53 152 0 1
54 152 0 1
55 152 0 1
56 152 0 1
57 152 0 1
59 152 0 1
60 152 0 1
61 152 0 1
62 152 0 1
63 152 0 1
65 152 0 1
66 152 0 1
67 152 0 1
71 152 0 1
77 152 0 1
58 153 0 1
48 155 0 1
58 155 0 1
72 155 0 1
73 155 0 1
76 155 0 1
72 156 0 1
72 157 0 1
73 157 0 1
72 158 0 1
48 159 0 1
58 159 0 1
76 159 0 1
58 160 0 1
58 161 0 1
59 163 0 1
60 163 0 1
61 163 0 1
62 163 0 1
63 163 0 1
57 164 0 1
58 164 0 1
58 165 0 1
59 166 0 1
58 168 0 1
58 172 0 1
57 173 0 1
59 173 0 1
61 173 0 1
62 173 0 1
58 174 0 1
58 175 0 1
58 176 0 1
58 177 0 1
58 178 0 1
58 179 0 1
58 180 0 1
57 181 0 1
58 181 0 1
58 183 0 1
58 185 0 1
