3 4 0 0
5 6 0 0
5 7 0 0
6 7 0 0
3 8 0 0
4 8 0 0
3 10 0 0
4 10 0 0
8 10 0 0
3 11 0 0
8 11 0 0
10 11 0 0
4 12 0 0
5 12 0 0
6 12 0 0
7 12 0 0
9 13 0 0
9 14 0 0
13 14 0 0
5 15 0 0
6 15 0 0
7 15 0 0
12 15 0 0
8 16 0 0
10 16 0 0
11 16 0 0
8 17 0 0
10 17 0 0
11 17 0 0
12 17 0 0
16 17 0 0
9 18 0 0
13 18 0 0
14 18 0 0
6 19 0 0
7 19 0 0
10 19 0 0
12 19 0 0
15 19 0 0
17 19 0 0
5 20 0 0
6 20 0 0
7 20 0 0
12 20 0 0
15 20 0 0
19 20 0 0
4 21 0 0
5 21 0 0
6 21 0 0
7 21 0 0
10 21 0 0
12 21 0 0
15 21 0 0
17 21 0 0
19 21 0 0
20 21 0 0
8 22 0 0
10 22 0 0
11 22 0 0
16 22 0 0
5 23 0 0
6 23 0 0
7 23 0 0
12 23 0 0
15 23 0 0
19 23 0 0
20 23 0 0
21 23 0 0
16 24 0 0
22 24 0 0
16 25 0 0
22 25 0 0
24 25 0 0
17 26 0 0
19 26 0 0
6 27 0 0
12 27 0 0
15 27 0 0
17 27 0 0
19 27 0 0
20 27 0 0
21 27 0 0
23 27 0 0
26 27 0 0
6 28 0 0
12 28 0 0
15 28 0 0
19 28 0 0
20 28 0 0
21 28 0 0
23 28 0 0
26 28 0 0
27 28 0 0
11 29 0 0
16 29 0 0
22 29 0 0
24 29 0 0
25 29 0 0
10 30 0 0
11 30 0 0
16 30 0 0
17 30 0 0
22 30 0 0
24 30 0 0
25 30 0 0
29 30 0 0
10 31 0 0
11 31 0 0
16 31 0 0
17 31 0 0
22 31 0 0
24 31 0 0
25 31 0 0
29 31 0 0
30 31 0 0
6 32 0 0
15 32 0 0
19 32 0 0
20 32 0 0
21 32 0 0
23 32 0 0
27 32 0 0
28 32 0 0
10 33 0 0
17 33 0 0
19 33 0 0
25 33 0 0
26 33 0 0
27 33 0 0
30 33 0 0
31 33 0 0
17 34 0 0
19 34 0 0
21 34 0 0
26 34 0 0
27 34 0 0
28 34 0 0
31 34 0 0
32 34 0 0
33 34 0 0
1 36 0 0
26 36 0 0
27 36 0 0
28 36 0 0
32 36 0 0
1 37 0 0
27 37 0 0
36 37 0 0
2 38 0 0
1 39 0 0
26 39 0 0
27 39 0 0
32 39 0 0
36 39 0 0
37 39 0 0
2 40 0 0
35 40 0 0
38 40 0 0
26 41 0 0
33 41 0 0
34 41 0 0
39 41 0 0
26 42 0 0
33 42 0 0
34 42 0 0
36 42 0 0
39 42 0 0
41 42 0 0
1 43 0 0
26 43 0 0
27 43 0 0
36 43 0 0
37 43 0 0
39 43 0 0
41 43 0 0
42 43 0 0
1 44 0 0
26 44 0 0
34 44 0 0
36 44 0 0
39 44 0 0
41 44 0 0
42 44 0 0
43 44 0 0
20 45 0 0
27 45 0 0
28 45 0 0
32 45 0 0
36 45 0 0
37 45 0 0
39 45 0 0
43 45 0 0
1 46 0 0
20 46 0 0
26 46 0 0
27 46 0 0
28 46 0 0
32 46 0 0
36 46 0 0
37 46 0 0
39 46 0 0
43 46 0 0
44 46 0 0
45 46 0 0
17 47 0 0
25 47 0 0
26 47 0 0
30 47 0 0
31 47 0 0
33 47 0 0
34 47 0 0
39 47 0 0
41 47 0 0
42 47 0 0
43 47 0 0
44 47 0 0
26 48 0 0
27 48 0 0
33 48 0 0
34 48 0 0
36 48 0 0
39 48 0 0
41 48 0 0
42 48 0 0
43 48 0 0
44 48 0 0
46 48 0 0
47 48 0 0
26 49 0 0
27 49 0 0
33 49 0 0
34 49 0 0
36 49 0 0
39 49 0 0
41 49 0 0
42 49 0 0
43 49 0 0
44 49 0 0
45 49 0 0
46 49 0 0
47 49 0 0
48 49 0 0
1 50 0 0
27 50 0 0
28 50 0 0
32 50 0 0
36 50 0 0
37 50 0 0
39 50 0 0
43 50 0 0
45 50 0 0
46 50 0 0
25 51 0 0
26 51 0 0
29 51 0 0
30 51 0 0
31 51 0 0
33 51 0 0
34 51 0 0
41 51 0 0
42 51 0 0
44 51 0 0
47 51 0 0
48 51 0 0
49 51 0 0
14 52 0 0
35 52 0 0
40 52 0 0
16 53 0 0
17 53 0 0
19 53 0 0
25 53 0 0
26 53 0 0
27 53 0 0
28 53 0 0
29 53 0 0
30 53 0 0
31 53 0 0
32 53 0 0
33 53 0 0
34 53 0 0
36 53 0 0
39 53 0 0
41 53 0 0
42 53 0 0
43 53 0 0
44 53 0 0
46 53 0 0
47 53 0 0
48 53 0 0
49 53 0 0
51 53 0 0
16 54 0 0
24 54 0 0
25 54 0 0
29 54 0 0
30 54 0 0
31 54 0 0
38 54 0 0
51 54 0 0
16 55 0 0
22 55 0 0
24 55 0 0
25 55 0 0
29 55 0 0
30 55 0 0
31 55 0 0
38 55 0 0
51 55 0 0
53 55 0 0
54 55 0 0
1 56 0 0
15 56 0 0
17 56 0 0
19 56 0 0
20 56 0 0
21 56 0 0
23 56 0 0
26 56 0 0
27 56 0 0
28 56 0 0
32 56 0 0
33 56 0 0
34 56 0 0
36 56 0 0
37 56 0 0
39 56 0 0
41 56 0 0
42 56 0 0
43 56 0 0
44 56 0 0
45 56 0 0
46 56 0 0
47 56 0 0
48 56 0 0
49 56 0 0
50 56 0 0
53 56 0 0
16 57 0 0
17 57 0 0
24 57 0 0
25 57 0 0
26 57 0 0
29 57 0 0
30 57 0 0
31 57 0 0
33 57 0 0
34 57 0 0
41 57 0 0
42 57 0 0
44 57 0 0
47 57 0 0
48 57 0 0
49 57 0 0
51 57 0 0
53 57 0 0
54 57 0 0
55 57 0 0
13 58 0 0
14 58 0 0
18 58 0 0
35 58 0 0
40 58 0 0
52 58 0 0
17 59 0 0
25 59 0 0
26 59 0 0
29 59 0 0
30 59 0 0
31 59 0 0
33 59 0 0
34 59 0 0
41 59 0 0
42 59 0 0
44 59 0 0
47 59 0 0
48 59 0 0
49 59 0 0
51 59 0 0
53 59 0 0
55 59 0 0
56 59 0 0
57 59 0 0
17 60 0 0
19 60 0 0
26 60 0 0
27 60 0 0
28 60 0 0
32 60 0 0
33 60 0 0
34 60 0 0
36 60 0 0
39 60 0 0
41 60 0 0
42 60 0 0
43 60 0 0
44 60 0 0
45 60 0 0
46 60 0 0
47 60 0 0
48 60 0 0
49 60 0 0
50 60 0 0
51 60 0 0
53 60 0 0
56 60 0 0
57 60 0 0
59 60 0 0
17 61 0 0
25 61 0 0
26 61 0 0
29 61 0 0
30 61 0 0
31 61 0 0
33 61 0 0
34 61 0 0
41 61 0 0
42 61 0 0
43 61 0 0
44 61 0 0
47 61 0 0
48 61 0 0
49 61 0 0
51 61 0 0
53 61 0 0
55 61 0 0
56 61 0 0
57 61 0 0
59 61 0 0
60 61 0 0
2 62 0 0
35 62 0 0
38 62 0 0
40 62 0 0
52 62 0 0
2 63 0 0
35 63 0 0
38 63 0 0
40 63 0 0
52 63 0 0
62 63 0 0
2 64 0 0
35 64 0 0
38 64 0 0
40 64 0 0
52 64 0 0
62 64 0 0
63 64 0 0
41 65 0 0
42 65 0 0
44 65 0 0
51 65 0 0
1 66 0 0
36 66 0 0
37 66 0 0
39 66 0 0
41 66 0 0
42 66 0 0
43 66 0 0
44 66 0 0
49 66 0 0
50 66 0 0
56 66 0 0
41 67 0 0
42 67 0 0
43 67 0 0
44 67 0 0
65 67 0 0
66 67 0 0
2 68 0 0
38 68 0 0
40 68 0 0
62 68 0 0
63 68 0 0
64 68 0 0
2 69 0 0
35 69 0 0
38 69 0 0
40 69 0 0
62 69 0 0
63 69 0 0
64 69 0 0
68 69 0 0
2 70 0 0
35 70 0 0
40 70 0 0
52 70 0 0
62 70 0 0
63 70 0 0
64 70 0 0
69 70 0 0
1 71 0 0
36 71 0 0
37 71 0 0
39 71 0 0
41 71 0 0
42 71 0 0
43 71 0 0
44 71 0 0
45 71 0 0
46 71 0 0
48 71 0 0
49 71 0 0
50 71 0 0
56 71 0 0
60 71 0 0
66 71 0 0
2 72 0 0
35 72 0 0
38 72 0 0
40 72 0 0
52 72 0 0
62 72 0 0
63 72 0 0
64 72 0 0
68 72 0 0
69 72 0 0
70 72 0 0
2 73 0 0
38 73 0 0
41 73 0 0
42 73 0 0
51 73 0 0
65 73 0 0
67 73 0 0
2 74 0 0
35 74 0 0
38 74 0 0
40 74 0 0
52 74 0 0
62 74 0 0
63 74 0 0
64 74 0 0
68 74 0 0
69 74 0 0
70 74 0 0
72 74 0 0
41 75 0 0
42 75 0 0
43 75 0 0
44 75 0 0
47 75 0 0
48 75 0 0
49 75 0 0
51 75 0 0
65 75 0 0
66 75 0 0
67 75 0 0
71 75 0 0
73 75 0 0
2 76 0 0
35 76 0 0
38 76 0 0
40 76 0 0
52 76 0 0
58 76 0 0
62 76 0 0
63 76 0 0
64 76 0 0
68 76 0 0
69 76 0 0
70 76 0 0
72 76 0 0
74 76 0 0
2 77 0 0
35 77 0 0
38 77 0 0
40 77 0 0
52 77 0 0
58 77 0 0
62 77 0 0
63 77 0 0
64 77 0 0
68 77 0 0
69 77 0 0
70 77 0 0
72 77 0 0
74 77 0 0
76 77 0 0
1 78 0 0
27 78 0 0
36 78 0 0
37 78 0 0
39 78 0 0
43 78 0 0
44 78 0 0
45 78 0 0
46 78 0 0
49 78 0 0
50 78 0 0
56 78 0 0
60 78 0 0
66 78 0 0
71 78 0 0
1 79 0 0
27 79 0 0
36 79 0 0
37 79 0 0
39 79 0 0
42 79 0 0
43 79 0 0
44 79 0 0
45 79 0 0
46 79 0 0
48 79 0 0
49 79 0 0
50 79 0 0
53 79 0 0
56 79 0 0
60 79 0 0
66 79 0 0
71 79 0 0
78 79 0 0
1 80 0 0
36 80 0 0
39 80 0 0
41 80 0 0
42 80 0 0
43 80 0 0
44 80 0 0
47 80 0 0
48 80 0 0
49 80 0 0
51 80 0 0
53 80 0 0
56 80 0 0
59 80 0 0
60 80 0 0
61 80 0 0
65 80 0 0
66 80 0 0
67 80 0 0
71 80 0 0
75 80 0 0
78 80 0 0
79 80 0 0
1 81 0 0
39 81 0 0
41 81 0 0
42 81 0 0
43 81 0 0
44 81 0 0
47 81 0 0
48 81 0 0
49 81 0 0
51 81 0 0
53 81 0 0
56 81 0 0
59 81 0 0
60 81 0 0
61 81 0 0
65 81 0 0
66 81 0 0
67 81 0 0
71 81 0 0
73 81 0 0
75 81 0 0
79 81 0 0
80 81 0 0
2 82 0 0
38 82 0 0
40 82 0 0
62 82 0 0
63 82 0 0
64 82 0 0
68 82 0 0
69 82 0 0
72 82 0 0
73 82 0 0
74 82 0 0
76 82 0 0
77 82 0 0
1 83 0 0
37 83 0 0
66 83 0 0
71 83 0 0
78 83 0 0
79 83 0 0
80 83 0 0
1 84 0 0
66 84 0 0
78 84 0 0
83 84 0 0
2 85 0 0
62 85 0 0
63 85 0 0
69 85 0 0
70 85 0 0
72 85 0 0
2 86 0 0
62 86 0 0
69 86 0 0
85 86 0 0
1 87 0 0
66 87 0 0
67 87 0 0
83 87 0 0
84 87 0 0
2 88 0 0
65 88 0 0
73 88 0 0
2 89 0 0
85 89 0 0
86 89 0 0
1 90 0 0
83 90 0 0
84 90 0 0
87 90 0 0
2 91 0 0
88 91 0 0
2 92 0 0
85 92 0 0
86 92 0 0
89 92 0 0
1 93 0 0
66 93 0 0
78 93 0 0
83 93 0 0
84 93 0 0
87 93 0 0
90 93 0 0
1 94 0 0
66 94 0 0
67 94 0 0
83 94 0 0
84 94 0 0
87 94 0 0
90 94 0 0
93 94 0 0
2 95 0 0
65 95 0 0
67 95 0 0
87 95 0 0
88 95 0 0
91 95 0 0
94 95 0 0
1 96 0 0
83 96 0 0
84 96 0 0
87 96 0 0
90 96 0 0
93 96 0 0
94 96 0 0
1 97 0 0
66 97 0 0
83 97 0 0
84 97 0 0
87 97 0 0
90 97 0 0
93 97 0 0
94 97 0 0
96 97 0 0
1 98 0 0
66 98 0 0
83 98 0 0
84 98 0 0
87 98 0 0
90 98 0 0
93 98 0 0
94 98 0 0
95 98 0 0
96 98 0 0
97 98 0 0
2 99 0 0
88 99 0 0
91 99 0 0
95 99 0 0
2 100 0 0
65 100 0 0
67 100 0 0
88 100 0 0
91 100 0 0
94 100 0 0
95 100 0 0
99 100 0 0
67 101 0 0
87 101 0 0
90 101 0 0
93 101 0 0
94 101 0 0
95 101 0 0
96 101 0 0
97 101 0 0
98 101 0 0
99 101 0 0
100 101 0 0
2 102 0 0
88 102 0 0
91 102 0 0
95 102 0 0
99 102 0 0
100 102 0 0
101 102 0 0
1 103 0 0
83 103 0 0
84 103 0 0
87 103 0 0
90 103 0 0
93 103 0 0
94 103 0 0
95 103 0 0
96 103 0 0
97 103 0 0
98 103 0 0
100 103 0 0
101 103 0 0
87 104 0 0
90 104 0 0
93 104 0 0
94 104 0 0
95 104 0 0
96 104 0 0
97 104 0 0
98 104 0 0
99 104 0 0
100 104 0 0
101 104 0 0
102 104 0 0
103 104 0 0
67 105 0 0
87 105 0 0
88 105 0 0
90 105 0 0
91 105 0 0
94 105 0 0
95 105 0 0
98 105 0 0
99 105 0 0
100 105 0 0
101 105 0 0
102 105 0 0
103 105 0 0
104 105 0 0
2 106 0 0
62 106 0 0
63 106 0 0
64 106 0 0
69 106 0 0
70 106 0 0
72 106 0 0
85 106 0 0
86 106 0 0
89 106 0 0
92 106 0 0
65 107 0 0
66 107 0 0
67 107 0 0
75 107 0 0
80 107 0 0
81 107 0 0
87 107 0 0
88 107 0 0
90 107 0 0
93 107 0 0
94 107 0 0
95 107 0 0
98 107 0 0
99 107 0 0
100 107 0 0
101 107 0 0
102 107 0 0
103 107 0 0
104 107 0 0
105 107 0 0
2 108 0 0
65 108 0 0
67 108 0 0
73 108 0 0
75 108 0 0
81 108 0 0
88 108 0 0
91 108 0 0
94 108 0 0
95 108 0 0
99 108 0 0
100 108 0 0
101 108 0 0
102 108 0 0
104 108 0 0
105 108 0 0
107 108 0 0
1 109 0 0
66 109 0 0
71 109 0 0
78 109 0 0
79 109 0 0
80 109 0 0
83 109 0 0
84 109 0 0
87 109 0 0
90 109 0 0
93 109 0 0
94 109 0 0
96 109 0 0
97 109 0 0
98 109 0 0
101 109 0 0
103 109 0 0
104 109 0 0
107 109 0 0
1 110 0 0
66 110 0 0
71 110 0 0
78 110 0 0
79 110 0 0
83 110 0 0
84 110 0 0
87 110 0 0
90 110 0 0
93 110 0 0
94 110 0 0
96 110 0 0
97 110 0 0
98 110 0 0
103 110 0 0
109 110 0 0
2 111 0 0
38 111 0 0
63 111 0 0
64 111 0 0
68 111 0 0
69 111 0 0
72 111 0 0
73 111 0 0
74 111 0 0
76 111 0 0
77 111 0 0
82 111 0 0
88 111 0 0
91 111 0 0
1 112 0 0
66 112 0 0
67 112 0 0
71 112 0 0
75 112 0 0
80 112 0 0
81 112 0 0
83 112 0 0
84 112 0 0
87 112 0 0
90 112 0 0
93 112 0 0
94 112 0 0
95 112 0 0
96 112 0 0
97 112 0 0
98 112 0 0
100 112 0 0
101 112 0 0
103 112 0 0
104 112 0 0
105 112 0 0
107 112 0 0
108 112 0 0
109 112 0 0
110 112 0 0
1 113 0 0
65 113 0 0
66 113 0 0
67 113 0 0
71 113 0 0
75 113 0 0
80 113 0 0
81 113 0 0
83 113 0 0
87 113 0 0
90 113 0 0
93 113 0 0
94 113 0 0
95 113 0 0
96 113 0 0
97 113 0 0
98 113 0 0
100 113 0 0
101 113 0 0
102 113 0 0
103 113 0 0
104 113 0 0
105 113 0 0
107 113 0 0
108 113 0 0
109 113 0 0
110 113 0 0
112 113 0 0
2 114 0 0
65 114 0 0
68 114 0 0
73 114 0 0
82 114 0 0
88 114 0 0
91 114 0 0
95 114 0 0
99 114 0 0
100 114 0 0
102 114 0 0
108 114 0 0
111 114 0 0
2 115 0 0
65 115 0 0
67 115 0 0
73 115 0 0
75 115 0 0
87 115 0 0
88 115 0 0
91 115 0 0
94 115 0 0
95 115 0 0
99 115 0 0
100 115 0 0
101 115 0 0
102 115 0 0
103 115 0 0
104 115 0 0
105 115 0 0
107 115 0 0
108 115 0 0
112 115 0 0
113 115 0 0
114 115 0 0
65 116 0 0
67 116 0 0
75 116 0 0
80 116 0 0
87 116 0 0
88 116 0 0
90 116 0 0
91 116 0 0
93 116 0 0
94 116 0 0
95 116 0 0
97 116 0 0
98 116 0 0
99 116 0 0
100 116 0 0
101 116 0 0
102 116 0 0
103 116 0 0
104 116 0 0
105 116 0 0
107 116 0 0
108 116 0 0
109 116 0 0
112 116 0 0
113 116 0 0
115 116 0 0
2 117 0 0
65 117 0 0
67 117 0 0
73 117 0 0
75 117 0 0
88 117 0 0
91 117 0 0
95 117 0 0
99 117 0 0
100 117 0 0
101 117 0 0
102 117 0 0
104 117 0 0
105 117 0 0
107 117 0 0
108 117 0 0
113 117 0 0
114 117 0 0
115 117 0 0
116 117 0 0
2 118 0 0
35 118 0 0
52 118 0 0
62 118 0 0
63 118 0 0
64 118 0 0
68 118 0 0
69 118 0 0
70 118 0 0
72 118 0 0
74 118 0 0
76 118 0 0
77 118 0 0
85 118 0 0
86 118 0 0
92 118 0 0
106 118 0 0
1 119 0 0
41 119 0 0
42 119 0 0
43 119 0 0
44 119 0 0
65 119 0 0
66 119 0 0
67 119 0 0
71 119 0 0
73 119 0 0
75 119 0 0
80 119 0 0
81 119 0 0
87 119 0 0
93 119 0 0
94 119 0 0
95 119 0 0
98 119 0 0
99 119 0 0
100 119 0 0
101 119 0 0
102 119 0 0
103 119 0 0
104 119 0 0
105 119 0 0
107 119 0 0
108 119 0 0
109 119 0 0
112 119 0 0
113 119 0 0
115 119 0 0
116 119 0 0
117 119 0 0
1 120 0 0
36 120 0 0
39 120 0 0
41 120 0 0
42 120 0 0
43 120 0 0
44 120 0 0
47 120 0 0
49 120 0 0
56 120 0 0
65 120 0 0
66 120 0 0
67 120 0 0
71 120 0 0
75 120 0 0
78 120 0 0
79 120 0 0
80 120 0 0
81 120 0 0
83 120 0 0
84 120 0 0
87 120 0 0
90 120 0 0
93 120 0 0
94 120 0 0
95 120 0 0
96 120 0 0
97 120 0 0
98 120 0 0
99 120 0 0
100 120 0 0
101 120 0 0
102 120 0 0
103 120 0 0
104 120 0 0
105 120 0 0
107 120 0 0
108 120 0 0
109 120 0 0
110 120 0 0
112 120 0 0
113 120 0 0
115 120 0 0
116 120 0 0
117 120 0 0
119 120 0 0
1 121 0 0
36 121 0 0
37 121 0 0
39 121 0 0
50 121 0 0
66 121 0 0
71 121 0 0
78 121 0 0
79 121 0 0
83 121 0 0
84 121 0 0
93 121 0 0
96 121 0 0
109 121 0 0
110 121 0 0
120 121 0 0
2 122 0 0
38 122 0 0
40 122 0 0
63 122 0 0
64 122 0 0
68 122 0 0
69 122 0 0
72 122 0 0
73 122 0 0
74 122 0 0
76 122 0 0
77 122 0 0
82 122 0 0
88 122 0 0
111 122 0 0
114 122 0 0
2 123 0 0
38 123 0 0
41 123 0 0
42 123 0 0
65 123 0 0
67 123 0 0
73 123 0 0
75 123 0 0
80 123 0 0
81 123 0 0
82 123 0 0
88 123 0 0
95 123 0 0
99 123 0 0
100 123 0 0
101 123 0 0
102 123 0 0
105 123 0 0
107 123 0 0
108 123 0 0
113 123 0 0
114 123 0 0
115 123 0 0
116 123 0 0
117 123 0 0
119 123 0 0
120 123 0 0
122 123 0 0
2 124 0 0
38 124 0 0
65 124 0 0
67 124 0 0
73 124 0 0
75 124 0 0
82 124 0 0
88 124 0 0
95 124 0 0
99 124 0 0
100 124 0 0
102 124 0 0
107 124 0 0
108 124 0 0
111 124 0 0
114 124 0 0
115 124 0 0
116 124 0 0
117 124 0 0
119 124 0 0
122 124 0 0
123 124 0 0
2 125 0 0
38 125 0 0
63 125 0 0
64 125 0 0
65 125 0 0
68 125 0 0
69 125 0 0
73 125 0 0
74 125 0 0
76 125 0 0
77 125 0 0
82 125 0 0
88 125 0 0
99 125 0 0
108 125 0 0
111 125 0 0
114 125 0 0
117 125 0 0
122 125 0 0
123 125 0 0
124 125 0 0
2 126 0 0
38 126 0 0
40 126 0 0
62 126 0 0
63 126 0 0
64 126 0 0
68 126 0 0
69 126 0 0
70 126 0 0
72 126 0 0
74 126 0 0
76 126 0 0
77 126 0 0
82 126 0 0
106 126 0 0
111 126 0 0
114 126 0 0
118 126 0 0
122 126 0 0
125 126 0 0
2 127 0 0
35 127 0 0
38 127 0 0
40 127 0 0
62 127 0 0
63 127 0 0
64 127 0 0
68 127 0 0
69 127 0 0
70 127 0 0
72 127 0 0
74 127 0 0
76 127 0 0
77 127 0 0
82 127 0 0
85 127 0 0
86 127 0 0
89 127 0 0
92 127 0 0
106 127 0 0
111 127 0 0
118 127 0 0
122 127 0 0
125 127 0 0
126 127 0 0
2 128 0 0
35 128 0 0
40 128 0 0
52 128 0 0
62 128 0 0
63 128 0 0
64 128 0 0
68 128 0 0
69 128 0 0
70 128 0 0
72 128 0 0
74 128 0 0
76 128 0 0
77 128 0 0
85 128 0 0
86 128 0 0
89 128 0 0
92 128 0 0
106 128 0 0
118 128 0 0
126 128 0 0
127 128 0 0
1 129 0 0
36 129 0 0
37 129 0 0
39 129 0 0
42 129 0 0
43 129 0 0
44 129 0 0
66 129 0 0
67 129 0 0
71 129 0 0
75 129 0 0
78 129 0 0
79 129 0 0
80 129 0 0
81 129 0 0
83 129 0 0
84 129 0 0
87 129 0 0
90 129 0 0
93 129 0 0
94 129 0 0
96 129 0 0
97 129 0 0
98 129 0 0
101 129 0 0
103 129 0 0
104 129 0 0
107 129 0 0
109 129 0 0
110 129 0 0
112 129 0 0
113 129 0 0
116 129 0 0
119 129 0 0
120 129 0 0
121 129 0 0
2 130 0 0
38 130 0 0
40 130 0 0
62 130 0 0
63 130 0 0
64 130 0 0
68 130 0 0
69 130 0 0
72 130 0 0
73 130 0 0
74 130 0 0
76 130 0 0
77 130 0 0
82 130 0 0
88 130 0 0
111 130 0 0
114 130 0 0
122 130 0 0
123 130 0 0
124 130 0 0
125 130 0 0
126 130 0 0
127 130 0 0
128 130 0 0
2 131 0 0
35 131 0 0
62 131 0 0
63 131 0 0
64 131 0 0
68 131 0 0
69 131 0 0
70 131 0 0
72 131 0 0
74 131 0 0
76 131 0 0
77 131 0 0
85 131 0 0
86 131 0 0
89 131 0 0
92 131 0 0
106 131 0 0
118 131 0 0
126 131 0 0
127 131 0 0
128 131 0 0
130 131 0 0
2 132 0 0
35 132 0 0
40 132 0 0
62 132 0 0
63 132 0 0
64 132 0 0
68 132 0 0
69 132 0 0
70 132 0 0
72 132 0 0
74 132 0 0
76 132 0 0
77 132 0 0
82 132 0 0
85 132 0 0
86 132 0 0
89 132 0 0
92 132 0 0
106 132 0 0
111 132 0 0
118 132 0 0
122 132 0 0
126 132 0 0
127 132 0 0
128 132 0 0
130 132 0 0
131 132 0 0
2 133 0 0
38 133 0 0
65 133 0 0
67 133 0 0
68 133 0 0
73 133 0 0
74 133 0 0
75 133 0 0
82 133 0 0
88 133 0 0
91 133 0 0
95 133 0 0
99 133 0 0
100 133 0 0
102 133 0 0
107 133 0 0
108 133 0 0
111 133 0 0
114 133 0 0
115 133 0 0
116 133 0 0
117 133 0 0
119 133 0 0
122 133 0 0
123 133 0 0
124 133 0 0
125 133 0 0
126 133 0 0
130 133 0 0
2 134 0 0
38 134 0 0
63 134 0 0
64 134 0 0
65 134 0 0
68 134 0 0
69 134 0 0
73 134 0 0
74 134 0 0
76 134 0 0
77 134 0 0
82 134 0 0
88 134 0 0
91 134 0 0
99 134 0 0
108 134 0 0
111 134 0 0
114 134 0 0
117 134 0 0
122 134 0 0
123 134 0 0
124 134 0 0
125 134 0 0
126 134 0 0
127 134 0 0
130 134 0 0
133 134 0 0
2 135 0 0
38 135 0 0
63 135 0 0
64 135 0 0
68 135 0 0
69 135 0 0
72 135 0 0
73 135 0 0
74 135 0 0
76 135 0 0
77 135 0 0
82 135 0 0
88 135 0 0
91 135 0 0
99 135 0 0
108 135 0 0
111 135 0 0
114 135 0 0
117 135 0 0
122 135 0 0
123 135 0 0
124 135 0 0
125 135 0 0
126 135 0 0
127 135 0 0
130 135 0 0
132 135 0 0
133 135 0 0
134 135 0 0
2 136 0 0
62 136 0 0
63 136 0 0
64 136 0 0
68 136 0 0
69 136 0 0
70 136 0 0
72 136 0 0
74 136 0 0
76 136 0 0
77 136 0 0
82 136 0 0
85 136 0 0
86 136 0 0
89 136 0 0
92 136 0 0
106 136 0 0
111 136 0 0
118 136 0 0
122 136 0 0
126 136 0 0
127 136 0 0
128 136 0 0
130 136 0 0
131 136 0 0
132 136 0 0
135 136 0 0
2 137 0 0
41 137 0 0
42 137 0 0
44 137 0 0
65 137 0 0
66 137 0 0
67 137 0 0
73 137 0 0
75 137 0 0
80 137 0 0
81 137 0 0
87 137 0 0
88 137 0 0
91 137 0 0
93 137 0 0
94 137 0 0
95 137 0 0
98 137 0 0
99 137 0 0
100 137 0 0
101 137 0 0
102 137 0 0
103 137 0 0
104 137 0 0
105 137 0 0
107 137 0 0
108 137 0 0
112 137 0 0
113 137 0 0
114 137 0 0
115 137 0 0
116 137 0 0
117 137 0 0
119 137 0 0
120 137 0 0
123 137 0 0
124 137 0 0
125 137 0 0
129 137 0 0
133 137 0 0
2 138 0 0
38 138 0 0
64 138 0 0
65 138 0 0
67 138 0 0
68 138 0 0
69 138 0 0
73 138 0 0
74 138 0 0
76 138 0 0
77 138 0 0
82 138 0 0
88 138 0 0
91 138 0 0
95 138 0 0
99 138 0 0
100 138 0 0
102 138 0 0
105 138 0 0
107 138 0 0
108 138 0 0
111 138 0 0
114 138 0 0
115 138 0 0
116 138 0 0
117 138 0 0
122 138 0 0
123 138 0 0
124 138 0 0
125 138 0 0
126 138 0 0
127 138 0 0
130 138 0 0
133 138 0 0
134 138 0 0
135 138 0 0
137 138 0 0
2 139 0 0
65 139 0 0
67 139 0 0
73 139 0 0
75 139 0 0
80 139 0 0
81 139 0 0
82 139 0 0
88 139 0 0
91 139 0 0
95 139 0 0
99 139 0 0
100 139 0 0
101 139 0 0
102 139 0 0
104 139 0 0
105 139 0 0
107 139 0 0
108 139 0 0
111 139 0 0
113 139 0 0
114 139 0 0
115 139 0 0
116 139 0 0
117 139 0 0
119 139 0 0
120 139 0 0
122 139 0 0
123 139 0 0
124 139 0 0
125 139 0 0
130 139 0 0
133 139 0 0
134 139 0 0
135 139 0 0
137 139 0 0
138 139 0 0
9 140 0 1
13 140 0 1
14 140 0 1
18 140 0 1
24 140 0 1
25 140 0 1
29 140 0 1
35 140 0 1
38 140 0 1
40 140 0 1
52 140 0 1
54 140 0 1
55 140 0 1
58 140 0 1
62 140 0 1
63 140 0 1
64 140 0 1
68 140 0 1
69 140 0 1
70 140 0 1
72 140 0 1
74 140 0 1
76 140 0 1
77 140 0 1
82 140 0 1
126 140 0 1
130 140 0 1
8 141 0 1
9 141 0 1
10 141 0 1
11 141 0 1
13 141 0 1
14 141 0 1
16 141 0 1
18 141 0 1
22 141 0 1
24 141 0 1
25 141 0 1
29 141 0 1
30 141 0 1
31 141 0 1
40 141 0 1
54 141 0 1
55 141 0 1
58 141 0 1
9 142 0 1
5 143 0 1
6 143 0 1
7 143 0 1
12 143 0 1
15 143 0 1
21 143 0 1
23 143 0 1
4 144 0 1
5 144 0 1
6 144 0 1
7 144 0 1
12 144 0 1
21 144 0 1
9 145 0 1
13 145 0 1
9 146 0 1
13 146 0 1
3 147 0 1
4 147 0 1
5 147 0 1
6 147 0 1
7 147 0 1
8 147 0 1
10 147 0 1
12 147 0 1
21 147 0 1
23 147 0 1
3 148 0 1
4 148 0 1
8 148 0 1
10 148 0 1
11 148 0 1
12 148 0 1
3 149 0 1
8 149 0 1
11 149 0 1
22 149 0 1
9 150 0 1
9 151 0 1
9 152 0 1
3 153 0 1
4 153 0 1
8 153 0 1
10 153 0 1
11 153 0 1
16 153 0 1
22 153 0 1
9 154 0 1
13 154 0 1
18 154 0 1
9 155 0 1
13 155 0 1
3 156 0 1
4 156 0 1
8 156 0 1
10 156 0 1
11 156 0 1
22 156 0 1
3 157 0 1
4 157 0 1
5 157 0 1
6 157 0 1
7 157 0 1
8 157 0 1
10 157 0 1
12 157 0 1
21 157 0 1
4 158 0 1
5 158 0 1
6 158 0 1
7 158 0 1
12 158 0 1
15 158 0 1
21 158 0 1
23 158 0 1
9 159 0 1
11 159 0 1
22 159 0 1
4 160 0 1
5 160 0 1
6 160 0 1
7 160 0 1
10 160 0 1
12 160 0 1
17 160 0 1
19 160 0 1
20 160 0 1
21 160 0 1
23 160 0 1
27 160 0 1
3 161 0 1
4 161 0 1
6 161 0 1
7 161 0 1
8 161 0 1
10 161 0 1
12 161 0 1
17 161 0 1
19 161 0 1
21 161 0 1
23 161 0 1
3 162 0 1
8 162 0 1
9 162 0 1
10 162 0 1
11 162 0 1
16 162 0 1
22 162 0 1
29 162 0 1
4 163 0 1
5 163 0 1
6 163 0 1
7 163 0 1
12 163 0 1
15 163 0 1
19 163 0 1
20 163 0 1
21 163 0 1
23 163 0 1
3 164 0 1
4 164 0 1
8 164 0 1
10 164 0 1
11 164 0 1
16 164 0 1
17 164 0 1
22 164 0 1
9 165 0 1
13 165 0 1
18 165 0 1
4 166 0 1
5 166 0 1
6 166 0 1
7 166 0 1
8 166 0 1
10 166 0 1
12 166 0 1
15 166 0 1
19 166 0 1
20 166 0 1
21 166 0 1
23 166 0 1
3 167 0 1
8 167 0 1
10 167 0 1
11 167 0 1
16 167 0 1
22 167 0 1
3 168 0 1
8 168 0 1
10 168 0 1
11 168 0 1
16 168 0 1
22 168 0 1
4 169 0 1
5 169 0 1
6 169 0 1
7 169 0 1
12 169 0 1
15 169 0 1
19 169 0 1
20 169 0 1
21 169 0 1
23 169 0 1
27 169 0 1
3 170 0 1
8 170 0 1
9 170 0 1
11 170 0 1
16 170 0 1
22 170 0 1
3 171 0 1
4 171 0 1
8 171 0 1
10 171 0 1
11 171 0 1
12 171 0 1
16 171 0 1
17 171 0 1
21 171 0 1
22 171 0 1
5 172 0 1
6 172 0 1
7 172 0 1
12 172 0 1
15 172 0 1
19 172 0 1
20 172 0 1
21 172 0 1
23 172 0 1
27 172 0 1
28 172 0 1
32 172 0 1
9 173 0 1
13 173 0 1
14 173 0 1
18 173 0 1
9 174 0 1
13 174 0 1
14 174 0 1
18 174 0 1
8 175 0 1
10 175 0 1
11 175 0 1
16 175 0 1
17 175 0 1
22 175 0 1
24 175 0 1
25 175 0 1
29 175 0 1
30 175 0 1
31 175 0 1
33 175 0 1
53 175 0 1
54 175 0 1
55 175 0 1
57 175 0 1
9 176 0 1
13 176 0 1
14 176 0 1
18 176 0 1
58 176 0 1
9 177 0 1
13 177 0 1
14 177 0 1
18 177 0 1
58 177 0 1
4 178 0 1
6 178 0 1
8 178 0 1
10 178 0 1
12 178 0 1
17 178 0 1
19 178 0 1
20 178 0 1
21 178 0 1
23 178 0 1
26 178 0 1
27 178 0 1
28 178 0 1
33 178 0 1
34 178 0 1
53 178 0 1
56 178 0 1
9 179 0 1
13 179 0 1
14 179 0 1
18 179 0 1
4 180 0 1
8 180 0 1
10 180 0 1
11 180 0 1
12 180 0 1
16 180 0 1
17 180 0 1
19 180 0 1
21 180 0 1
26 180 0 1
31 180 0 1
33 180 0 1
34 180 0 1
53 180 0 1
5 181 0 1
6 181 0 1
7 181 0 1
12 181 0 1
15 181 0 1
19 181 0 1
20 181 0 1
21 181 0 1
23 181 0 1
27 181 0 1
28 181 0 1
32 181 0 1
4 182 0 1
5 182 0 1
6 182 0 1
7 182 0 1
10 182 0 1
12 182 0 1
15 182 0 1
17 182 0 1
19 182 0 1
20 182 0 1
21 182 0 1
23 182 0 1
27 182 0 1
28 182 0 1
32 182 0 1
34 182 0 1
3 183 0 1
8 183 0 1
10 183 0 1
11 183 0 1
16 183 0 1
17 183 0 1
22 183 0 1
29 183 0 1
30 183 0 1
31 183 0 1
3 184 0 1
4 184 0 1
8 184 0 1
10 184 0 1
11 184 0 1
12 184 0 1
16 184 0 1
17 184 0 1
22 184 0 1
31 184 0 1
9 185 0 1
13 185 0 1
14 185 0 1
18 185 0 1
3 186 0 1
4 186 0 1
8 186 0 1
10 186 0 1
11 186 0 1
16 186 0 1
17 186 0 1
22 186 0 1
30 186 0 1
31 186 0 1
3 187 0 1
4 187 0 1
8 187 0 1
10 187 0 1
11 187 0 1
12 187 0 1
16 187 0 1
17 187 0 1
19 187 0 1
21 187 0 1
33 187 0 1
9 188 0 1
13 188 0 1
14 188 0 1
18 188 0 1
9 189 0 1
13 189 0 1
14 189 0 1
18 189 0 1
4 190 0 1
6 190 0 1
7 190 0 1
8 190 0 1
10 190 0 1
12 190 0 1
17 190 0 1
19 190 0 1
20 190 0 1
21 190 0 1
23 190 0 1
27 190 0 1
28 190 0 1
33 190 0 1
34 190 0 1
3 191 0 1
4 191 0 1
6 191 0 1
8 191 0 1
10 191 0 1
11 191 0 1
12 191 0 1
17 191 0 1
19 191 0 1
21 191 0 1
23 191 0 1
26 191 0 1
27 191 0 1
33 191 0 1
34 191 0 1
53 191 0 1
6 192 0 1
12 192 0 1
15 192 0 1
17 192 0 1
19 192 0 1
20 192 0 1
21 192 0 1
23 192 0 1
26 192 0 1
27 192 0 1
28 192 0 1
32 192 0 1
33 192 0 1
34 192 0 1
45 192 0 1
46 192 0 1
47 192 0 1
48 192 0 1
49 192 0 1
53 192 0 1
56 192 0 1
60 192 0 1
10 193 0 1
17 193 0 1
19 193 0 1
21 193 0 1
26 193 0 1
27 193 0 1
28 193 0 1
31 193 0 1
33 193 0 1
34 193 0 1
42 193 0 1
47 193 0 1
48 193 0 1
49 193 0 1
51 193 0 1
53 193 0 1
56 193 0 1
57 193 0 1
59 193 0 1
60 193 0 1
61 193 0 1
10 194 0 1
11 194 0 1
16 194 0 1
17 194 0 1
22 194 0 1
24 194 0 1
25 194 0 1
29 194 0 1
30 194 0 1
31 194 0 1
33 194 0 1
47 194 0 1
51 194 0 1
53 194 0 1
54 194 0 1
55 194 0 1
57 194 0 1
59 194 0 1
61 194 0 1
17 195 0 1
19 195 0 1
20 195 0 1
21 195 0 1
23 195 0 1
26 195 0 1
27 195 0 1
28 195 0 1
32 195 0 1
33 195 0 1
34 195 0 1
36 195 0 1
39 195 0 1
42 195 0 1
43 195 0 1
45 195 0 1
46 195 0 1
47 195 0 1
48 195 0 1
49 195 0 1
53 195 0 1
56 195 0 1
59 195 0 1
60 195 0 1
61 195 0 1
10 196 0 1
11 196 0 1
16 196 0 1
17 196 0 1
22 196 0 1
24 196 0 1
25 196 0 1
29 196 0 1
30 196 0 1
31 196 0 1
33 196 0 1
34 196 0 1
47 196 0 1
51 196 0 1
53 196 0 1
54 196 0 1
55 196 0 1
57 196 0 1
59 196 0 1
61 196 0 1
16 197 0 1
24 197 0 1
25 197 0 1
29 197 0 1
30 197 0 1
31 197 0 1
38 197 0 1
51 197 0 1
54 197 0 1
55 197 0 1
57 197 0 1
59 197 0 1
61 197 0 1
82 197 0 1
25 198 0 1
26 198 0 1
30 198 0 1
31 198 0 1
33 198 0 1
34 198 0 1
41 198 0 1
42 198 0 1
43 198 0 1
44 198 0 1
47 198 0 1
48 198 0 1
49 198 0 1
51 198 0 1
53 198 0 1
55 198 0 1
56 198 0 1
57 198 0 1
59 198 0 1
60 198 0 1
61 198 0 1
65 198 0 1
67 198 0 1
73 198 0 1
75 198 0 1
80 198 0 1
81 198 0 1
120 198 0 1
24 199 0 1
25 199 0 1
29 199 0 1
30 199 0 1
31 199 0 1
38 199 0 1
41 199 0 1
51 199 0 1
54 199 0 1
55 199 0 1
57 199 0 1
59 199 0 1
61 199 0 1
65 199 0 1
73 199 0 1
82 199 0 1
123 199 0 1
124 199 0 1
125 199 0 1
130 199 0 1
133 199 0 1
24 200 0 1
25 200 0 1
38 200 0 1
40 200 0 1
54 200 0 1
55 200 0 1
63 200 0 1
64 200 0 1
68 200 0 1
69 200 0 1
73 200 0 1
74 200 0 1
76 200 0 1
77 200 0 1
82 200 0 1
122 200 0 1
125 200 0 1
126 200 0 1
130 200 0 1
24 201 0 1
38 201 0 1
40 201 0 1
52 201 0 1
54 201 0 1
55 201 0 1
58 201 0 1
63 201 0 1
64 201 0 1
68 201 0 1
69 201 0 1
72 201 0 1
73 201 0 1
74 201 0 1
76 201 0 1
77 201 0 1
82 201 0 1
122 201 0 1
125 201 0 1
126 201 0 1
130 201 0 1
25 202 0 1
26 202 0 1
31 202 0 1
33 202 0 1
34 202 0 1
41 202 0 1
42 202 0 1
44 202 0 1
47 202 0 1
48 202 0 1
49 202 0 1
51 202 0 1
53 202 0 1
55 202 0 1
57 202 0 1
59 202 0 1
60 202 0 1
61 202 0 1
65 202 0 1
67 202 0 1
73 202 0 1
75 202 0 1
80 202 0 1
81 202 0 1
120 202 0 1
123 202 0 1
124 202 0 1
24 203 0 1
25 203 0 1
26 203 0 1
29 203 0 1
30 203 0 1
31 203 0 1
33 203 0 1
34 203 0 1
41 203 0 1
42 203 0 1
44 203 0 1
47 203 0 1
48 203 0 1
49 203 0 1
51 203 0 1
53 203 0 1
54 203 0 1
55 203 0 1
57 203 0 1
59 203 0 1
61 203 0 1
65 203 0 1
73 203 0 1
75 203 0 1
80 203 0 1
81 203 0 1
24 204 0 1
25 204 0 1
29 204 0 1
30 204 0 1
38 204 0 1
40 204 0 1
54 204 0 1
55 204 0 1
73 204 0 1
74 204 0 1
76 204 0 1
77 204 0 1
82 204 0 1
130 204 0 1
2 205 0 1
35 205 0 1
52 205 0 1
62 205 0 1
63 205 0 1
64 205 0 1
68 205 0 1
69 205 0 1
70 205 0 1
72 205 0 1
74 205 0 1
76 205 0 1
77 205 0 1
85 205 0 1
86 205 0 1
92 205 0 1
106 205 0 1
118 205 0 1
126 205 0 1
127 205 0 1
128 205 0 1
130 205 0 1
131 205 0 1
132 205 0 1
136 205 0 1
1 206 0 1
37 206 0 1
66 206 0 1
71 206 0 1
78 206 0 1
79 206 0 1
83 206 0 1
84 206 0 1
87 206 0 1
90 206 0 1
93 206 0 1
94 206 0 1
96 206 0 1
97 206 0 1
98 206 0 1
103 206 0 1
109 206 0 1
110 206 0 1
112 206 0 1
120 206 0 1
121 206 0 1
129 206 0 1
2 207 0 1
38 207 0 1
63 207 0 1
64 207 0 1
68 207 0 1
69 207 0 1
73 207 0 1
74 207 0 1
76 207 0 1
77 207 0 1
82 207 0 1
88 207 0 1
91 207 0 1
99 207 0 1
111 207 0 1
114 207 0 1
122 207 0 1
123 207 0 1
124 207 0 1
125 207 0 1
126 207 0 1
127 207 0 1
130 207 0 1
133 207 0 1
134 207 0 1
135 207 0 1
136 207 0 1
138 207 0 1
139 207 0 1
41 208 0 1
42 208 0 1
43 208 0 1
44 208 0 1
47 208 0 1
65 208 0 1
66 208 0 1
67 208 0 1
71 208 0 1
73 208 0 1
75 208 0 1
80 208 0 1
81 208 0 1
87 208 0 1
94 208 0 1
95 208 0 1
100 208 0 1
101 208 0 1
107 208 0 1
108 208 0 1
112 208 0 1
113 208 0 1
115 208 0 1
116 208 0 1
117 208 0 1
119 208 0 1
120 208 0 1
123 208 0 1
124 208 0 1
129 208 0 1
133 208 0 1
137 208 0 1
139 208 0 1
41 209 0 1
42 209 0 1
44 209 0 1
51 209 0 1
65 209 0 1
66 209 0 1
67 209 0 1
73 209 0 1
75 209 0 1
80 209 0 1
81 209 0 1
88 209 0 1
94 209 0 1
95 209 0 1
99 209 0 1
100 209 0 1
101 209 0 1
105 209 0 1
107 209 0 1
108 209 0 1
112 209 0 1
113 209 0 1
115 209 0 1
116 209 0 1
117 209 0 1
119 209 0 1
120 209 0 1
123 209 0 1
124 209 0 1
129 209 0 1
133 209 0 1
137 209 0 1
138 209 0 1
139 209 0 1
2 210 0 1
35 210 0 1
40 210 0 1
52 210 0 1
62 210 0 1
63 210 0 1
64 210 0 1
68 210 0 1
69 210 0 1
70 210 0 1
72 210 0 1
74 210 0 1
76 210 0 1
77 210 0 1
85 210 0 1
86 210 0 1
106 210 0 1
118 210 0 1
126 210 0 1
127 210 0 1
128 210 0 1
130 210 0 1
131 210 0 1
132 210 0 1
136 210 0 1
41 211 0 1
42 211 0 1
44 211 0 1
47 211 0 1
51 211 0 1
65 211 0 1
67 211 0 1
73 211 0 1
75 211 0 1
80 211 0 1
81 211 0 1
95 211 0 1
107 211 0 1
108 211 0 1
113 211 0 1
115 211 0 1
116 211 0 1
117 211 0 1
119 211 0 1
120 211 0 1
123 211 0 1
124 211 0 1
125 211 0 1
133 211 0 1
137 211 0 1
138 211 0 1
139 211 0 1
2 212 0 1
38 212 0 1
51 212 0 1
65 212 0 1
67 212 0 1
73 212 0 1
75 212 0 1
82 212 0 1
88 212 0 1
108 212 0 1
111 212 0 1
114 212 0 1
115 212 0 1
117 212 0 1
119 212 0 1
122 212 0 1
123 212 0 1
124 212 0 1
125 212 0 1
130 212 0 1
133 212 0 1
134 212 0 1
135 212 0 1
137 212 0 1
138 212 0 1
139 212 0 1
2 213 0 1
38 213 0 1
65 213 0 1
67 213 0 1
68 213 0 1
73 213 0 1
74 213 0 1
75 213 0 1
82 213 0 1
88 213 0 1
108 213 0 1
111 213 0 1
114 213 0 1
115 213 0 1
117 213 0 1
122 213 0 1
123 213 0 1
124 213 0 1
125 213 0 1
130 213 0 1
133 213 0 1
134 213 0 1
135 213 0 1
137 213 0 1
138 213 0 1
139 213 0 1
38 214 0 1
41 214 0 1
42 214 0 1
51 214 0 1
65 214 0 1
67 214 0 1
73 214 0 1
75 214 0 1
80 214 0 1
81 214 0 1
82 214 0 1
88 214 0 1
95 214 0 1
99 214 0 1
107 214 0 1
108 214 0 1
114 214 0 1
115 214 0 1
116 214 0 1
117 214 0 1
119 214 0 1
120 214 0 1
123 214 0 1
124 214 0 1
125 214 0 1
130 214 0 1
133 214 0 1
134 214 0 1
135 214 0 1
137 214 0 1
138 214 0 1
139 214 0 1
1 215 0 1
66 215 0 1
71 215 0 1
78 215 0 1
83 215 0 1
84 215 0 1
87 215 0 1
90 215 0 1
93 215 0 1
96 215 0 1
97 215 0 1
98 215 0 1
103 215 0 1
109 215 0 1
110 215 0 1
112 215 0 1
120 215 0 1
121 215 0 1
129 215 0 1
2 216 0 1
88 216 0 1
91 216 0 1
95 216 0 1
99 216 0 1
100 216 0 1
101 216 0 1
102 216 0 1
104 216 0 1
105 216 0 1
107 216 0 1
108 216 0 1
114 216 0 1
115 216 0 1
116 216 0 1
117 216 0 1
119 216 0 1
120 216 0 1
123 216 0 1
124 216 0 1
133 216 0 1
135 216 0 1
137 216 0 1
138 216 0 1
139 216 0 1
1 217 0 1
83 217 0 1
84 217 0 1
87 217 0 1
90 217 0 1
93 217 0 1
94 217 0 1
96 217 0 1
97 217 0 1
98 217 0 1
103 217 0 1
104 217 0 1
109 217 0 1
110 217 0 1
112 217 0 1
113 217 0 1
121 217 0 1
129 217 0 1
2 218 0 1
88 218 0 1
91 218 0 1
94 218 0 1
95 218 0 1
99 218 0 1
100 218 0 1
101 218 0 1
102 218 0 1
104 218 0 1
105 218 0 1
107 218 0 1
108 218 0 1
113 218 0 1
114 218 0 1
115 218 0 1
116 218 0 1
117 218 0 1
119 218 0 1
120 218 0 1
123 218 0 1
133 218 0 1
137 218 0 1
138 218 0 1
139 218 0 1
1 219 0 1
66 219 0 1
67 219 0 1
83 219 0 1
87 219 0 1
90 219 0 1
93 219 0 1
94 219 0 1
95 219 0 1
96 219 0 1
97 219 0 1
98 219 0 1
99 219 0 1
100 219 0 1
101 219 0 1
102 219 0 1
103 219 0 1
104 219 0 1
105 219 0 1
107 219 0 1
108 219 0 1
109 219 0 1
112 219 0 1
113 219 0 1
115 219 0 1
116 219 0 1
117 219 0 1
119 219 0 1
120 219 0 1
129 219 0 1
137 219 0 1
139 219 0 1
2 220 0 1
65 220 0 1
67 220 0 1
88 220 0 1
91 220 0 1
95 220 0 1
99 220 0 1
100 220 0 1
101 220 0 1
102 220 0 1
105 220 0 1
107 220 0 1
108 220 0 1
111 220 0 1
114 220 0 1
115 220 0 1
116 220 0 1
117 220 0 1
119 220 0 1
120 220 0 1
123 220 0 1
124 220 0 1
125 220 0 1
133 220 0 1
134 220 0 1
135 220 0 1
137 220 0 1
138 220 0 1
139 220 0 1
65 221 0 1
67 221 0 1
75 221 0 1
87 221 0 1
88 221 0 1
90 221 0 1
91 221 0 1
93 221 0 1
94 221 0 1
95 221 0 1
98 221 0 1
99 221 0 1
100 221 0 1
101 221 0 1
102 221 0 1
103 221 0 1
104 221 0 1
105 221 0 1
107 221 0 1
108 221 0 1
112 221 0 1
113 221 0 1
115 221 0 1
116 221 0 1
117 221 0 1
119 221 0 1
120 221 0 1
123 221 0 1
124 221 0 1
133 221 0 1
137 221 0 1
138 221 0 1
139 221 0 1
1 222 0 1
78 222 0 1
83 222 0 1
84 222 0 1
87 222 0 1
90 222 0 1
93 222 0 1
96 222 0 1
97 222 0 1
98 222 0 1
103 222 0 1
109 222 0 1
110 222 0 1
121 222 0 1
129 222 0 1
67 223 0 1
87 223 0 1
88 223 0 1
90 223 0 1
93 223 0 1
94 223 0 1
95 223 0 1
97 223 0 1
98 223 0 1
99 223 0 1
100 223 0 1
101 223 0 1
102 223 0 1
103 223 0 1
104 223 0 1
105 223 0 1
107 223 0 1
108 223 0 1
109 223 0 1
112 223 0 1
113 223 0 1
115 223 0 1
116 223 0 1
117 223 0 1
119 223 0 1
120 223 0 1
123 223 0 1
137 223 0 1
139 223 0 1
2 224 0 1
65 224 0 1
67 224 0 1
88 224 0 1
91 224 0 1
94 224 0 1
95 224 0 1
99 224 0 1
100 224 0 1
101 224 0 1
102 224 0 1
104 224 0 1
105 224 0 1
107 224 0 1
108 224 0 1
113 224 0 1
114 224 0 1
115 224 0 1
116 224 0 1
117 224 0 1
119 224 0 1
120 224 0 1
123 224 0 1
124 224 0 1
133 224 0 1
137 224 0 1
138 224 0 1
139 224 0 1
1 225 0 1
66 225 0 1
67 225 0 1
71 225 0 1
75 225 0 1
78 225 0 1
79 225 0 1
80 225 0 1
81 225 0 1
83 225 0 1
84 225 0 1
87 225 0 1
90 225 0 1
93 225 0 1
94 225 0 1
95 225 0 1
96 225 0 1
97 225 0 1
98 225 0 1
101 225 0 1
103 225 0 1
104 225 0 1
105 225 0 1
107 225 0 1
109 225 0 1
110 225 0 1
112 225 0 1
113 225 0 1
115 225 0 1
116 225 0 1
119 225 0 1
120 225 0 1
121 225 0 1
129 225 0 1
137 225 0 1
2 226 0 1
35 226 0 1
40 226 0 1
52 226 0 1
58 226 0 1
62 226 0 1
63 226 0 1
64 226 0 1
69 226 0 1
70 226 0 1
72 226 0 1
74 226 0 1
76 226 0 1
77 226 0 1
106 226 0 1
118 226 0 1
127 226 0 1
128 226 0 1
131 226 0 1
132 226 0 1
136 226 0 1
1 227 0 1
36 227 0 1
37 227 0 1
39 227 0 1
41 227 0 1
42 227 0 1
43 227 0 1
44 227 0 1
45 227 0 1
46 227 0 1
47 227 0 1
48 227 0 1
49 227 0 1
50 227 0 1
53 227 0 1
56 227 0 1
60 227 0 1
66 227 0 1
67 227 0 1
71 227 0 1
75 227 0 1
78 227 0 1
79 227 0 1
80 227 0 1
81 227 0 1
83 227 0 1
109 227 0 1
110 227 0 1
112 227 0 1
113 227 0 1
119 227 0 1
120 227 0 1
121 227 0 1
129 227 0 1
2 228 0 1
38 228 0 1
40 228 0 1
52 228 0 1
62 228 0 1
63 228 0 1
64 228 0 1
68 228 0 1
69 228 0 1
72 228 0 1
73 228 0 1
74 228 0 1
76 228 0 1
77 228 0 1
82 228 0 1
111 228 0 1
122 228 0 1
125 228 0 1
126 228 0 1
127 228 0 1
128 228 0 1
130 228 0 1
132 228 0 1
133 228 0 1
134 228 0 1
135 228 0 1
136 228 0 1
138 228 0 1
39 229 0 1
41 229 0 1
42 229 0 1
43 229 0 1
44 229 0 1
47 229 0 1
48 229 0 1
49 229 0 1
51 229 0 1
53 229 0 1
56 229 0 1
57 229 0 1
59 229 0 1
60 229 0 1
61 229 0 1
65 229 0 1
66 229 0 1
67 229 0 1
71 229 0 1
73 229 0 1
75 229 0 1
79 229 0 1
80 229 0 1
81 229 0 1
107 229 0 1
108 229 0 1
112 229 0 1
113 229 0 1
116 229 0 1
119 229 0 1
120 229 0 1
123 229 0 1
124 229 0 1
129 229 0 1
137 229 0 1
139 229 0 1
2 230 0 1
35 230 0 1
38 230 0 1
40 230 0 1
52 230 0 1
58 230 0 1
62 230 0 1
63 230 0 1
64 230 0 1
68 230 0 1
69 230 0 1
70 230 0 1
72 230 0 1
74 230 0 1
76 230 0 1
77 230 0 1
82 230 0 1
106 230 0 1
118 230 0 1
122 230 0 1
126 230 0 1
127 230 0 1
128 230 0 1
130 230 0 1
131 230 0 1
132 230 0 1
136 230 0 1
38 231 0 1
41 231 0 1
42 231 0 1
44 231 0 1
47 231 0 1
51 231 0 1
59 231 0 1
65 231 0 1
67 231 0 1
73 231 0 1
75 231 0 1
80 231 0 1
81 231 0 1
82 231 0 1
107 231 0 1
108 231 0 1
115 231 0 1
116 231 0 1
117 231 0 1
119 231 0 1
120 231 0 1
123 231 0 1
124 231 0 1
125 231 0 1
133 231 0 1
134 231 0 1
137 231 0 1
138 231 0 1
139 231 0 1
2 232 0 1
38 232 0 1
51 232 0 1
65 232 0 1
67 232 0 1
68 232 0 1
73 232 0 1
74 232 0 1
75 232 0 1
82 232 0 1
88 232 0 1
108 232 0 1
111 232 0 1
114 232 0 1
117 232 0 1
122 232 0 1
123 232 0 1
124 232 0 1
125 232 0 1
130 232 0 1
133 232 0 1
134 232 0 1
135 232 0 1
137 232 0 1
138 232 0 1
139 232 0 1
1 233 0 1
26 233 0 1
27 233 0 1
36 233 0 1
37 233 0 1
39 233 0 1
41 233 0 1
42 233 0 1
43 233 0 1
44 233 0 1
45 233 0 1
46 233 0 1
47 233 0 1
48 233 0 1
49 233 0 1
50 233 0 1
53 233 0 1
56 233 0 1
60 233 0 1
66 233 0 1
71 233 0 1
75 233 0 1
78 233 0 1
79 233 0 1
80 233 0 1
81 233 0 1
109 233 0 1
120 233 0 1
121 233 0 1
129 233 0 1
26 234 0 1
33 234 0 1
34 234 0 1
36 234 0 1
39 234 0 1
41 234 0 1
42 234 0 1
43 234 0 1
44 234 0 1
46 234 0 1
47 234 0 1
48 234 0 1
49 234 0 1
51 234 0 1
53 234 0 1
56 234 0 1
57 234 0 1
59 234 0 1
60 234 0 1
61 234 0 1
65 234 0 1
66 234 0 1
67 234 0 1
71 234 0 1
75 234 0 1
78 234 0 1
79 234 0 1
80 234 0 1
81 234 0 1
119 234 0 1
120 234 0 1
129 234 0 1
24 235 0 1
25 235 0 1
31 235 0 1
38 235 0 1
41 235 0 1
42 235 0 1
44 235 0 1
47 235 0 1
48 235 0 1
51 235 0 1
53 235 0 1
54 235 0 1
55 235 0 1
57 235 0 1
59 235 0 1
61 235 0 1
65 235 0 1
67 235 0 1
73 235 0 1
75 235 0 1
81 235 0 1
82 235 0 1
123 235 0 1
124 235 0 1
125 235 0 1
133 235 0 1
139 235 0 1
24 236 0 1
25 236 0 1
38 236 0 1
41 236 0 1
42 236 0 1
47 236 0 1
51 236 0 1
53 236 0 1
54 236 0 1
55 236 0 1
57 236 0 1
59 236 0 1
61 236 0 1
65 236 0 1
67 236 0 1
73 236 0 1
75 236 0 1
81 236 0 1
82 236 0 1
123 236 0 1
124 236 0 1
125 236 0 1
130 236 0 1
133 236 0 1
134 236 0 1
137 236 0 1
138 236 0 1
139 236 0 1
24 237 0 1
25 237 0 1
26 237 0 1
29 237 0 1
30 237 0 1
31 237 0 1
33 237 0 1
38 237 0 1
41 237 0 1
42 237 0 1
43 237 0 1
44 237 0 1
47 237 0 1
48 237 0 1
49 237 0 1
51 237 0 1
53 237 0 1
54 237 0 1
55 237 0 1
57 237 0 1
59 237 0 1
60 237 0 1
61 237 0 1
65 237 0 1
67 237 0 1
73 237 0 1
75 237 0 1
80 237 0 1
81 237 0 1
107 237 0 1
108 237 0 1
119 237 0 1
120 237 0 1
123 237 0 1
124 237 0 1
125 237 0 1
133 237 0 1
137 237 0 1
139 237 0 1
2 238 0 1
35 238 0 1
38 238 0 1
40 238 0 1
52 238 0 1
58 238 0 1
62 238 0 1
63 238 0 1
64 238 0 1
68 238 0 1
69 238 0 1
70 238 0 1
72 238 0 1
74 238 0 1
76 238 0 1
77 238 0 1
82 238 0 1
118 238 0 1
122 238 0 1
126 238 0 1
127 238 0 1
128 238 0 1
130 238 0 1
131 238 0 1
132 238 0 1
136 238 0 1
2 239 0 1
35 239 0 1
38 239 0 1
40 239 0 1
52 239 0 1
54 239 0 1
58 239 0 1
62 239 0 1
63 239 0 1
64 239 0 1
68 239 0 1
69 239 0 1
72 239 0 1
73 239 0 1
74 239 0 1
76 239 0 1
77 239 0 1
82 239 0 1
122 239 0 1
125 239 0 1
126 239 0 1
127 239 0 1
130 239 0 1
134 239 0 1
135 239 0 1
24 240 0 1
25 240 0 1
38 240 0 1
51 240 0 1
54 240 0 1
55 240 0 1
57 240 0 1
59 240 0 1
65 240 0 1
68 240 0 1
73 240 0 1
74 240 0 1
76 240 0 1
82 240 0 1
122 240 0 1
123 240 0 1
124 240 0 1
125 240 0 1
130 240 0 1
133 240 0 1
134 240 0 1
135 240 0 1
138 240 0 1
139 240 0 1
25 241 0 1
38 241 0 1
41 241 0 1
42 241 0 1
44 241 0 1
47 241 0 1
48 241 0 1
49 241 0 1
51 241 0 1
53 241 0 1
54 241 0 1
55 241 0 1
57 241 0 1
59 241 0 1
61 241 0 1
65 241 0 1
67 241 0 1
73 241 0 1
75 241 0 1
80 241 0 1
81 241 0 1
82 241 0 1
107 241 0 1
108 241 0 1
115 241 0 1
117 241 0 1
119 241 0 1
120 241 0 1
123 241 0 1
124 241 0 1
125 241 0 1
133 241 0 1
134 241 0 1
137 241 0 1
138 241 0 1
139 241 0 1
15 242 0 1
19 242 0 1
20 242 0 1
23 242 0 1
27 242 0 1
28 242 0 1
32 242 0 1
36 242 0 1
37 242 0 1
39 242 0 1
45 242 0 1
46 242 0 1
50 242 0 1
56 242 0 1
60 242 0 1
79 242 0 1
10 243 0 1
11 243 0 1
16 243 0 1
17 243 0 1
19 243 0 1
22 243 0 1
24 243 0 1
25 243 0 1
26 243 0 1
29 243 0 1
30 243 0 1
31 243 0 1
33 243 0 1
34 243 0 1
41 243 0 1
42 243 0 1
47 243 0 1
48 243 0 1
49 243 0 1
51 243 0 1
53 243 0 1
54 243 0 1
55 243 0 1
56 243 0 1
57 243 0 1
59 243 0 1
60 243 0 1
61 243 0 1
14 244 0 1
18 244 0 1
24 244 0 1
25 244 0 1
29 244 0 1
30 244 0 1
38 244 0 1
40 244 0 1
54 244 0 1
55 244 0 1
58 244 0 1
14 245 0 1
16 245 0 1
18 245 0 1
24 245 0 1
25 245 0 1
29 245 0 1
30 245 0 1
31 245 0 1
38 245 0 1
40 245 0 1
54 245 0 1
55 245 0 1
11 246 0 1
16 246 0 1
17 246 0 1
22 246 0 1
24 246 0 1
25 246 0 1
26 246 0 1
29 246 0 1
30 246 0 1
31 246 0 1
33 246 0 1
41 246 0 1
42 246 0 1
47 246 0 1
48 246 0 1
51 246 0 1
53 246 0 1
54 246 0 1
55 246 0 1
57 246 0 1
59 246 0 1
61 246 0 1
16 247 0 1
17 247 0 1
24 247 0 1
25 247 0 1
26 247 0 1
29 247 0 1
30 247 0 1
31 247 0 1
33 247 0 1
34 247 0 1
41 247 0 1
42 247 0 1
44 247 0 1
47 247 0 1
48 247 0 1
49 247 0 1
51 247 0 1
53 247 0 1
54 247 0 1
55 247 0 1
57 247 0 1
59 247 0 1
60 247 0 1
61 247 0 1
13 248 0 1
14 248 0 1
18 248 0 1
35 248 0 1
40 248 0 1
52 248 0 1
58 248 0 1
77 248 0 1
14 249 0 1
18 249 0 1
24 249 0 1
25 249 0 1
29 249 0 1
30 249 0 1
31 249 0 1
38 249 0 1
40 249 0 1
52 249 0 1
54 249 0 1
55 249 0 1
58 249 0 1
73 249 0 1
74 249 0 1
76 249 0 1
77 249 0 1
82 249 0 1
130 249 0 1
6 250 0 1
7 250 0 1
12 250 0 1
15 250 0 1
19 250 0 1
20 250 0 1
21 250 0 1
23 250 0 1
26 250 0 1
27 250 0 1
28 250 0 1
32 250 0 1
34 250 0 1
45 250 0 1
46 250 0 1
53 250 0 1
56 250 0 1
60 250 0 1
10 251 0 1
12 251 0 1
17 251 0 1
19 251 0 1
20 251 0 1
21 251 0 1
23 251 0 1
26 251 0 1
27 251 0 1
28 251 0 1
32 251 0 1
33 251 0 1
34 251 0 1
47 251 0 1
48 251 0 1
49 251 0 1
53 251 0 1
56 251 0 1
59 251 0 1
60 251 0 1
61 251 0 1
8 252 0 1
10 252 0 1
11 252 0 1
16 252 0 1
17 252 0 1
22 252 0 1
24 252 0 1
25 252 0 1
29 252 0 1
30 252 0 1
31 252 0 1
33 252 0 1
51 252 0 1
53 252 0 1
54 252 0 1
55 252 0 1
57 252 0 1
59 252 0 1
61 252 0 1
8 253 0 1
10 253 0 1
11 253 0 1
16 253 0 1
17 253 0 1
19 253 0 1
21 253 0 1
22 253 0 1
25 253 0 1
26 253 0 1
29 253 0 1
30 253 0 1
31 253 0 1
33 253 0 1
34 253 0 1
47 253 0 1
48 253 0 1
53 253 0 1
57 253 0 1
59 253 0 1
60 253 0 1
61 253 0 1
8 254 0 1
10 254 0 1
11 254 0 1
16 254 0 1
17 254 0 1
22 254 0 1
24 254 0 1
25 254 0 1
26 254 0 1
29 254 0 1
30 254 0 1
31 254 0 1
33 254 0 1
34 254 0 1
53 254 0 1
55 254 0 1
57 254 0 1
59 254 0 1
61 254 0 1
9 255 0 1
11 255 0 1
14 255 0 1
16 255 0 1
18 255 0 1
22 255 0 1
24 255 0 1
25 255 0 1
29 255 0 1
30 255 0 1
31 255 0 1
54 255 0 1
55 255 0 1
9 256 0 1
13 256 0 1
14 256 0 1
18 256 0 1
35 256 0 1
40 256 0 1
52 256 0 1
58 256 0 1
70 256 0 1
72 256 0 1
76 256 0 1
77 256 0 1
9 257 0 1
13 257 0 1
14 257 0 1
18 257 0 1
58 257 0 1
9 258 0 1
13 258 0 1
14 258 0 1
18 258 0 1
24 258 0 1
58 258 0 1
10 259 0 1
11 259 0 1
16 259 0 1
17 259 0 1
22 259 0 1
24 259 0 1
25 259 0 1
29 259 0 1
30 259 0 1
31 259 0 1
53 259 0 1
54 259 0 1
55 259 0 1
57 259 0 1
6 260 0 1
12 260 0 1
15 260 0 1
17 260 0 1
19 260 0 1
20 260 0 1
21 260 0 1
23 260 0 1
26 260 0 1
27 260 0 1
28 260 0 1
32 260 0 1
33 260 0 1
34 260 0 1
46 260 0 1
47 260 0 1
48 260 0 1
49 260 0 1
53 260 0 1
56 260 0 1
60 260 0 1
61 260 0 1
10 261 0 1
11 261 0 1
16 261 0 1
17 261 0 1
19 261 0 1
21 261 0 1
25 261 0 1
26 261 0 1
27 261 0 1
30 261 0 1
31 261 0 1
33 261 0 1
34 261 0 1
47 261 0 1
48 261 0 1
49 261 0 1
51 261 0 1
53 261 0 1
56 261 0 1
57 261 0 1
59 261 0 1
60 261 0 1
61 261 0 1
9 262 0 1
13 262 0 1
14 262 0 1
18 262 0 1
52 262 0 1
58 262 0 1
9 263 0 1
13 263 0 1
14 263 0 1
18 263 0 1
58 263 0 1
