1 2 0 0
1 4 0 0
1 5 0 0
4 5 0 0
1 6 0 0
4 6 0 0
5 6 0 0
1 7 0 0
6 7 0 0
1 8 0 0
2 8 0 0
5 8 0 0
6 8 0 0
7 8 0 0
1 9 0 0
5 9 0 0
6 9 0 0
7 9 0 0
8 9 0 0
4 10 0 0
5 10 0 0
1 11 0 0
6 11 0 0
7 11 0 0
8 11 0 0
9 11 0 0
4 12 0 0
10 12 0 0
1 13 0 0
4 13 0 0
5 13 0 0
6 13 0 0
8 13 0 0
9 13 0 0
10 13 0 0
12 13 0 0
4 14 0 0
10 14 0 0
12 14 0 0
1 15 0 0
4 15 0 0
5 15 0 0
6 15 0 0
10 15 0 0
12 15 0 0
13 15 0 0
14 15 0 0
1 16 0 0
2 16 0 0
5 16 0 0
6 16 0 0
7 16 0 0
8 16 0 0
9 16 0 0
11 16 0 0
13 16 0 0
3 17 0 0
4 17 0 0
10 17 0 0
12 17 0 0
14 17 0 0
15 17 0 0
1 18 0 0
4 18 0 0
5 18 0 0
10 18 0 0
12 18 0 0
13 18 0 0
14 18 0 0
15 18 0 0
17 18 0 0
1 19 0 0
4 19 0 0
5 19 0 0
6 19 0 0
8 19 0 0
10 19 0 0
12 19 0 0
13 19 0 0
14 19 0 0
15 19 0 0
18 19 0 0
1 20 0 0
2 20 0 0
4 20 0 0
5 20 0 0
6 20 0 0
8 20 0 0
9 20 0 0
13 20 0 0
15 20 0 0
16 20 0 0
18 20 0 0
19 20 0 0
1 21 0 0
2 21 0 0
5 21 0 0
6 21 0 0
7 21 0 0
8 21 0 0
9 21 0 0
11 21 0 0
13 21 0 0
16 21 0 0
19 21 0 0
20 21 0 0
1 22 0 0
4 22 0 0
5 22 0 0
6 22 0 0
8 22 0 0
10 22 0 0
12 22 0 0
13 22 0 0
14 22 0 0
15 22 0 0
17 22 0 0
18 22 0 0
19 22 0 0
20 22 0 0
21 22 0 0
3 23 0 0
14 23 0 0
17 23 0 0
1 24 0 0
1 25 0 0
4 25 0 0
10 25 0 0
12 25 0 0
13 25 0 0
14 25 0 0
15 25 0 0
17 25 0 0
18 25 0 0
19 25 0 0
20 25 0 0
22 25 0 0
3 26 0 0
10 26 0 0
12 26 0 0
14 26 0 0
17 26 0 0
18 26 0 0
23 26 0 0
1 27 0 0
2 27 0 0
4 27 0 0
5 27 0 0
6 27 0 0
8 27 0 0
9 27 0 0
10 27 0 0
13 27 0 0
15 27 0 0
16 27 0 0
18 27 0 0
19 27 0 0
20 27 0 0
21 27 0 0
22 27 0 0
25 27 0 0
1 28 0 0
2 28 0 0
5 28 0 0
6 28 0 0
7 28 0 0
8 28 0 0
9 28 0 0
11 28 0 0
13 28 0 0
15 28 0 0
16 28 0 0
19 28 0 0
20 28 0 0
21 28 0 0
22 28 0 0
27 28 0 0
1 29 0 0
2 29 0 0
5 29 0 0
6 29 0 0
7 29 0 0
8 29 0 0
9 29 0 0
11 29 0 0
13 29 0 0
16 29 0 0
20 29 0 0
21 29 0 0
27 29 0 0
28 29 0 0
1 30 0 0
4 30 0 0
10 30 0 0
12 30 0 0
13 30 0 0
14 30 0 0
15 30 0 0
17 30 0 0
18 30 0 0
19 30 0 0
22 30 0 0
25 30 0 0
26 30 0 0
27 30 0 0
1 31 0 0
2 31 0 0
5 31 0 0
6 31 0 0
7 31 0 0
8 31 0 0
9 31 0 0
11 31 0 0
13 31 0 0
16 31 0 0
19 31 0 0
20 31 0 0
21 31 0 0
22 31 0 0
27 31 0 0
28 31 0 0
29 31 0 0
4 32 0 0
10 32 0 0
12 32 0 0
14 32 0 0
15 32 0 0
17 32 0 0
18 32 0 0
19 32 0 0
22 32 0 0
23 32 0 0
25 32 0 0
26 32 0 0
30 32 0 0
1 33 0 0
2 33 0 0
5 33 0 0
6 33 0 0
7 33 0 0
8 33 0 0
9 33 0 0
11 33 0 0
13 33 0 0
16 33 0 0
19 33 0 0
20 33 0 0
21 33 0 0
27 33 0 0
28 33 0 0
29 33 0 0
31 33 0 0
3 34 0 0
14 34 0 0
17 34 0 0
23 34 0 0
26 34 0 0
32 34 0 0
3 35 0 0
10 35 0 0
12 35 0 0
14 35 0 0
15 35 0 0
17 35 0 0
18 35 0 0
23 35 0 0
25 35 0 0
26 35 0 0
30 35 0 0
32 35 0 0
34 35 0 0
23 36 0 0
26 36 0 0
34 36 0 0
35 36 0 0
14 37 0 0
17 37 0 0
23 37 0 0
25 37 0 0
26 37 0 0
30 37 0 0
32 37 0 0
34 37 0 0
35 37 0 0
36 37 0 0
14 38 0 0
15 38 0 0
23 38 0 0
25 38 0 0
26 38 0 0
30 38 0 0
32 38 0 0
34 38 0 0
35 38 0 0
36 38 0 0
37 38 0 0
25 39 0 0
32 39 0 0
35 39 0 0
37 39 0 0
38 39 0 0
1 40 0 0
2 40 0 0
24 40 0 0
1 41 0 0
2 41 0 0
24 41 0 0
40 41 0 0
1 42 0 0
2 42 0 0
25 42 0 0
39 42 0 0
1 43 0 0
2 43 0 0
25 43 0 0
37 43 0 0
38 43 0 0
39 43 0 0
42 43 0 0
1 44 0 0
2 44 0 0
42 44 0 0
43 44 0 0
1 45 0 0
2 45 0 0
42 45 0 0
43 45 0 0
44 45 0 0
1 46 0 0
40 46 0 0
41 46 0 0
1 47 0 0
40 47 0 0
41 47 0 0
46 47 0 0
1 48 0 0
40 48 0 0
41 48 0 0
46 48 0 0
47 48 0 0
1 49 0 0
2 49 0 0
40 49 0 0
41 49 0 0
46 49 0 0
47 49 0 0
48 49 0 0
45 50 0 0
46 51 0 0
1 52 0 0
46 52 0 0
47 52 0 0
48 52 0 0
49 52 0 0
51 52 0 0
51 54 0 0
51 55 0 0
54 55 0 0
54 56 0 0
55 56 0 0
45 57 0 0
50 57 0 0
1 58 0 0
40 58 0 0
41 58 0 0
46 58 0 0
47 58 0 0
48 58 0 0
49 58 0 0
51 58 0 0
52 58 0 0
1 59 0 0
40 59 0 0
46 59 0 0
47 59 0 0
48 59 0 0
49 59 0 0
51 59 0 0
52 59 0 0
58 59 0 0
1 60 0 0
46 60 0 0
47 60 0 0
48 60 0 0
49 60 0 0
51 60 0 0
52 60 0 0
58 60 0 0
59 60 0 0
1 61 0 0
40 61 0 0
41 61 0 0
46 61 0 0
47 61 0 0
48 61 0 0
49 61 0 0
52 61 0 0
58 61 0 0
59 61 0 0
60 61 0 0
1 62 0 0
2 62 0 0
40 62 0 0
41 62 0 0
46 62 0 0
47 62 0 0
48 62 0 0
49 62 0 0
52 62 0 0
58 62 0 0
59 62 0 0
60 62 0 0
61 62 0 0
1 63 0 0
2 63 0 0
40 63 0 0
41 63 0 0
44 63 0 0
46 63 0 0
48 63 0 0
49 63 0 0
52 63 0 0
58 63 0 0
61 63 0 0
62 63 0 0
1 64 0 0
2 64 0 0
41 64 0 0
44 64 0 0
48 64 0 0
49 64 0 0
52 64 0 0
58 64 0 0
62 64 0 0
63 64 0 0
1 65 0 0
40 65 0 0
41 65 0 0
46 65 0 0
47 65 0 0
48 65 0 0
49 65 0 0
52 65 0 0
58 65 0 0
59 65 0 0
60 65 0 0
61 65 0 0
62 65 0 0
63 65 0 0
64 65 0 0
1 66 0 0
2 66 0 0
40 66 0 0
41 66 0 0
46 66 0 0
47 66 0 0
48 66 0 0
49 66 0 0
52 66 0 0
58 66 0 0
59 66 0 0
60 66 0 0
61 66 0 0
62 66 0 0
63 66 0 0
64 66 0 0
65 66 0 0
1 67 0 0
2 67 0 0
40 67 0 0
41 67 0 0
46 67 0 0
47 67 0 0
48 67 0 0
49 67 0 0
52 67 0 0
58 67 0 0
59 67 0 0
60 67 0 0
61 67 0 0
62 67 0 0
63 67 0 0
64 67 0 0
65 67 0 0
66 67 0 0
1 68 0 0
2 68 0 0
42 68 0 0
43 68 0 0
44 68 0 0
45 68 0 0
63 68 0 0
64 68 0 0
1 69 0 0
2 69 0 0
24 69 0 0
40 69 0 0
41 69 0 0
46 69 0 0
47 69 0 0
48 69 0 0
49 69 0 0
58 69 0 0
59 69 0 0
60 69 0 0
61 69 0 0
62 69 0 0
63 69 0 0
64 69 0 0
65 69 0 0
66 69 0 0
67 69 0 0
1 70 0 0
2 70 0 0
42 70 0 0
44 70 0 0
45 70 0 0
63 70 0 0
64 70 0 0
67 70 0 0
68 70 0 0
1 71 0 0
2 71 0 0
40 71 0 0
41 71 0 0
46 71 0 0
47 71 0 0
48 71 0 0
49 71 0 0
52 71 0 0
58 71 0 0
59 71 0 0
60 71 0 0
61 71 0 0
62 71 0 0
63 71 0 0
64 71 0 0
65 71 0 0
66 71 0 0
67 71 0 0
69 71 0 0
70 71 0 0
1 72 0 0
2 72 0 0
41 72 0 0
44 72 0 0
48 72 0 0
49 72 0 0
62 72 0 0
63 72 0 0
64 72 0 0
65 72 0 0
66 72 0 0
67 72 0 0
68 72 0 0
69 72 0 0
70 72 0 0
71 72 0 0
1 73 0 0
2 73 0 0
15 73 0 0
19 73 0 0
22 73 0 0
25 73 0 0
27 73 0 0
28 73 0 0
30 73 0 0
32 73 0 0
38 73 0 0
39 73 0 0
42 73 0 0
43 73 0 0
44 73 0 0
45 73 0 0
68 73 0 0
70 73 0 0
1 74 0 0
2 74 0 0
16 74 0 0
28 74 0 0
29 74 0 0
31 74 0 0
33 74 0 0
40 74 0 0
41 74 0 0
44 74 0 0
62 74 0 0
63 74 0 0
64 74 0 0
66 74 0 0
67 74 0 0
68 74 0 0
69 74 0 0
70 74 0 0
71 74 0 0
72 74 0 0
1 75 0 0
2 75 0 0
14 75 0 0
15 75 0 0
25 75 0 0
30 75 0 0
32 75 0 0
35 75 0 0
37 75 0 0
38 75 0 0
39 75 0 0
42 75 0 0
43 75 0 0
44 75 0 0
45 75 0 0
73 75 0 0
1 76 0 0
2 76 0 0
15 76 0 0
22 76 0 0
25 76 0 0
27 76 0 0
30 76 0 0
32 76 0 0
37 76 0 0
38 76 0 0
39 76 0 0
42 76 0 0
43 76 0 0
44 76 0 0
45 76 0 0
68 76 0 0
73 76 0 0
75 76 0 0
1 77 0 0
2 77 0 0
25 77 0 0
27 77 0 0
28 77 0 0
42 77 0 0
43 77 0 0
44 77 0 0
45 77 0 0
68 77 0 0
70 77 0 0
73 77 0 0
75 77 0 0
76 77 0 0
1 78 0 0
2 78 0 0
16 78 0 0
28 78 0 0
29 78 0 0
31 78 0 0
33 78 0 0
41 78 0 0
42 78 0 0
44 78 0 0
62 78 0 0
63 78 0 0
64 78 0 0
66 78 0 0
67 78 0 0
68 78 0 0
69 78 0 0
70 78 0 0
71 78 0 0
72 78 0 0
74 78 0 0
77 78 0 0
1 79 0 0
2 79 0 0
29 79 0 0
33 79 0 0
40 79 0 0
41 79 0 0
61 79 0 0
62 79 0 0
63 79 0 0
64 79 0 0
65 79 0 0
66 79 0 0
67 79 0 0
68 79 0 0
69 79 0 0
70 79 0 0
71 79 0 0
72 79 0 0
74 79 0 0
78 79 0 0
1 80 0 0
2 80 0 0
25 80 0 0
32 80 0 0
37 80 0 0
38 80 0 0
39 80 0 0
42 80 0 0
43 80 0 0
44 80 0 0
45 80 0 0
73 80 0 0
75 80 0 0
76 80 0 0
77 80 0 0
1 81 0 0
2 81 0 0
25 81 0 0
27 81 0 0
28 81 0 0
42 81 0 0
43 81 0 0
44 81 0 0
45 81 0 0
68 81 0 0
70 81 0 0
72 81 0 0
73 81 0 0
75 81 0 0
76 81 0 0
77 81 0 0
78 81 0 0
80 81 0 0
1 82 0 0
2 82 0 0
25 82 0 0
37 82 0 0
38 82 0 0
39 82 0 0
42 82 0 0
43 82 0 0
44 82 0 0
45 82 0 0
68 82 0 0
73 82 0 0
75 82 0 0
76 82 0 0
77 82 0 0
80 82 0 0
81 82 0 0
1 83 0 0
2 83 0 0
24 83 0 0
40 83 0 0
41 83 0 0
47 83 0 0
48 83 0 0
49 83 0 0
61 83 0 0
62 83 0 0
63 83 0 0
64 83 0 0
65 83 0 0
66 83 0 0
67 83 0 0
69 83 0 0
71 83 0 0
72 83 0 0
74 83 0 0
78 83 0 0
79 83 0 0
1 84 0 0
2 84 0 0
5 84 0 0
13 84 0 0
15 84 0 0
18 84 0 0
19 84 0 0
20 84 0 0
21 84 0 0
22 84 0 0
25 84 0 0
27 84 0 0
28 84 0 0
29 84 0 0
30 84 0 0
31 84 0 0
33 84 0 0
42 84 0 0
43 84 0 0
44 84 0 0
68 84 0 0
73 84 0 0
75 84 0 0
76 84 0 0
77 84 0 0
78 84 0 0
80 84 0 0
81 84 0 0
82 84 0 0
1 85 0 0
2 85 0 0
4 85 0 0
10 85 0 0
12 85 0 0
13 85 0 0
14 85 0 0
15 85 0 0
18 85 0 0
19 85 0 0
20 85 0 0
22 85 0 0
25 85 0 0
27 85 0 0
28 85 0 0
30 85 0 0
32 85 0 0
35 85 0 0
37 85 0 0
38 85 0 0
39 85 0 0
42 85 0 0
43 85 0 0
44 85 0 0
73 85 0 0
75 85 0 0
76 85 0 0
77 85 0 0
80 85 0 0
81 85 0 0
82 85 0 0
84 85 0 0
1 86 0 0
2 86 0 0
8 86 0 0
9 86 0 0
13 86 0 0
16 86 0 0
20 86 0 0
21 86 0 0
27 86 0 0
28 86 0 0
29 86 0 0
31 86 0 0
33 86 0 0
42 86 0 0
44 86 0 0
68 86 0 0
70 86 0 0
72 86 0 0
73 86 0 0
74 86 0 0
77 86 0 0
78 86 0 0
79 86 0 0
81 86 0 0
84 86 0 0
1 87 0 0
2 87 0 0
5 87 0 0
8 87 0 0
13 87 0 0
15 87 0 0
16 87 0 0
19 87 0 0
20 87 0 0
21 87 0 0
22 87 0 0
25 87 0 0
27 87 0 0
28 87 0 0
29 87 0 0
31 87 0 0
33 87 0 0
42 87 0 0
43 87 0 0
44 87 0 0
68 87 0 0
73 87 0 0
75 87 0 0
76 87 0 0
77 87 0 0
78 87 0 0
80 87 0 0
81 87 0 0
82 87 0 0
84 87 0 0
85 87 0 0
86 87 0 0
10 88 0 0
12 88 0 0
14 88 0 0
15 88 0 0
17 88 0 0
18 88 0 0
22 88 0 0
23 88 0 0
25 88 0 0
26 88 0 0
30 88 0 0
32 88 0 0
34 88 0 0
35 88 0 0
36 88 0 0
37 88 0 0
38 88 0 0
39 88 0 0
75 88 0 0
76 88 0 0
80 88 0 0
85 88 0 0
1 89 0 0
2 89 0 0
13 89 0 0
14 89 0 0
15 89 0 0
18 89 0 0
19 89 0 0
20 89 0 0
22 89 0 0
25 89 0 0
27 89 0 0
28 89 0 0
30 89 0 0
32 89 0 0
38 89 0 0
39 89 0 0
42 89 0 0
43 89 0 0
44 89 0 0
68 89 0 0
73 89 0 0
75 89 0 0
76 89 0 0
77 89 0 0
80 89 0 0
81 89 0 0
82 89 0 0
84 89 0 0
85 89 0 0
86 89 0 0
87 89 0 0
1 90 0 0
2 90 0 0
8 90 0 0
16 90 0 0
20 90 0 0
21 90 0 0
27 90 0 0
28 90 0 0
29 90 0 0
31 90 0 0
33 90 0 0
42 90 0 0
44 90 0 0
63 90 0 0
68 90 0 0
70 90 0 0
72 90 0 0
73 90 0 0
74 90 0 0
77 90 0 0
78 90 0 0
79 90 0 0
81 90 0 0
83 90 0 0
84 90 0 0
86 90 0 0
87 90 0 0
89 90 0 0
1 91 0 0
2 91 0 0
13 91 0 0
15 91 0 0
19 91 0 0
20 91 0 0
21 91 0 0
22 91 0 0
25 91 0 0
27 91 0 0
28 91 0 0
30 91 0 0
31 91 0 0
33 91 0 0
42 91 0 0
43 91 0 0
44 91 0 0
45 91 0 0
68 91 0 0
70 91 0 0
73 91 0 0
75 91 0 0
76 91 0 0
77 91 0 0
78 91 0 0
80 91 0 0
81 91 0 0
82 91 0 0
84 91 0 0
85 91 0 0
86 91 0 0
87 91 0 0
89 91 0 0
90 91 0 0
1 92 0 0
2 92 0 0
16 92 0 0
21 92 0 0
24 92 0 0
28 92 0 0
29 92 0 0
31 92 0 0
33 92 0 0
40 92 0 0
41 92 0 0
63 92 0 0
66 92 0 0
67 92 0 0
68 92 0 0
69 92 0 0
70 92 0 0
71 92 0 0
72 92 0 0
74 92 0 0
78 92 0 0
79 92 0 0
83 92 0 0
86 92 0 0
90 92 0 0
36 93 0 1
50 93 0 1
53 93 0 1
57 93 0 1
3 94 0 1
4 94 0 1
10 94 0 1
12 94 0 1
14 94 0 1
17 94 0 1
18 94 0 1
23 94 0 1
26 94 0 1
30 94 0 1
32 94 0 1
34 94 0 1
35 94 0 1
88 94 0 1
3 95 0 1
14 95 0 1
17 95 0 1
23 95 0 1
26 95 0 1
34 95 0 1
35 95 0 1
3 96 0 1
4 96 0 1
10 96 0 1
12 96 0 1
14 96 0 1
15 96 0 1
17 96 0 1
18 96 0 1
23 96 0 1
25 96 0 1
26 96 0 1
30 96 0 1
32 96 0 1
34 96 0 1
35 96 0 1
37 96 0 1
38 96 0 1
88 96 0 1
3 97 0 1
14 97 0 1
17 97 0 1
23 97 0 1
26 97 0 1
30 97 0 1
32 97 0 1
34 97 0 1
35 97 0 1
36 97 0 1
37 97 0 1
38 97 0 1
39 97 0 1
75 97 0 1
88 97 0 1
14 98 0 1
17 98 0 1
23 98 0 1
25 98 0 1
26 98 0 1
30 98 0 1
32 98 0 1
34 98 0 1
35 98 0 1
36 98 0 1
37 98 0 1
38 98 0 1
39 98 0 1
75 98 0 1
80 98 0 1
85 98 0 1
88 98 0 1
3 99 0 1
17 99 0 1
23 99 0 1
26 99 0 1
34 99 0 1
35 99 0 1
36 99 0 1
88 99 0 1
3 100 0 1
17 100 0 1
23 100 0 1
26 100 0 1
34 100 0 1
35 100 0 1
36 100 0 1
37 100 0 1
88 100 0 1
23 101 0 1
25 101 0 1
26 101 0 1
30 101 0 1
32 101 0 1
34 101 0 1
35 101 0 1
36 101 0 1
37 101 0 1
38 101 0 1
39 101 0 1
43 101 0 1
75 101 0 1
76 101 0 1
80 101 0 1
82 101 0 1
85 101 0 1
88 101 0 1
23 102 0 1
26 102 0 1
34 102 0 1
35 102 0 1
36 102 0 1
37 102 0 1
38 102 0 1
39 102 0 1
88 102 0 1
23 103 0 1
25 103 0 1
32 103 0 1
34 103 0 1
35 103 0 1
36 103 0 1
37 103 0 1
38 103 0 1
39 103 0 1
43 103 0 1
75 103 0 1
80 103 0 1
82 103 0 1
85 103 0 1
88 103 0 1
23 104 0 1
34 104 0 1
35 104 0 1
36 104 0 1
37 104 0 1
38 104 0 1
39 104 0 1
75 104 0 1
88 104 0 1
23 105 0 1
36 105 0 1
37 105 0 1
38 105 0 1
39 105 0 1
43 105 0 1
75 105 0 1
80 105 0 1
88 105 0 1
36 106 0 1
37 106 0 1
38 106 0 1
39 106 0 1
36 107 0 1
37 107 0 1
39 107 0 1
1 108 0 1
2 108 0 1
44 108 0 1
48 108 0 1
49 108 0 1
52 108 0 1
58 108 0 1
62 108 0 1
63 108 0 1
64 108 0 1
65 108 0 1
66 108 0 1
67 108 0 1
68 108 0 1
70 108 0 1
71 108 0 1
72 108 0 1
78 108 0 1
79 108 0 1
37 109 0 1
38 109 0 1
39 109 0 1
43 109 0 1
57 109 0 1
75 109 0 1
80 109 0 1
1 110 0 1
2 110 0 1
42 110 0 1
44 110 0 1
45 110 0 1
50 110 0 1
57 110 0 1
63 110 0 1
64 110 0 1
68 110 0 1
70 110 0 1
71 110 0 1
72 110 0 1
78 110 0 1
79 110 0 1
81 110 0 1
36 111 0 1
39 112 0 1
42 112 0 1
43 112 0 1
45 112 0 1
57 112 0 1
75 112 0 1
80 112 0 1
82 112 0 1
1 113 0 1
2 113 0 1
42 113 0 1
43 113 0 1
44 113 0 1
45 113 0 1
50 113 0 1
57 113 0 1
63 113 0 1
64 113 0 1
68 113 0 1
70 113 0 1
72 113 0 1
81 113 0 1
82 113 0 1
37 114 0 1
38 114 0 1
39 114 0 1
43 114 0 1
45 114 0 1
73 114 0 1
75 114 0 1
76 114 0 1
80 114 0 1
82 114 0 1
85 114 0 1
88 114 0 1
36 115 0 1
36 116 0 1
23 117 0 1
34 117 0 1
36 117 0 1
37 117 0 1
38 117 0 1
39 117 0 1
88 117 0 1
36 118 0 1
37 118 0 1
38 118 0 1
39 118 0 1
43 118 0 1
75 118 0 1
80 118 0 1
1 119 0 1
46 119 0 1
47 119 0 1
48 119 0 1
49 119 0 1
51 119 0 1
52 119 0 1
58 119 0 1
59 119 0 1
60 119 0 1
62 119 0 1
63 119 0 1
64 119 0 1
65 119 0 1
67 119 0 1
71 119 0 1
72 119 0 1
1 120 0 1
2 120 0 1
48 120 0 1
49 120 0 1
50 120 0 1
52 120 0 1
58 120 0 1
62 120 0 1
63 120 0 1
64 120 0 1
65 120 0 1
67 120 0 1
68 120 0 1
70 120 0 1
71 120 0 1
72 120 0 1
43 121 0 1
45 121 0 1
50 121 0 1
57 121 0 1
57 122 0 1
39 123 0 1
43 123 0 1
57 123 0 1
1 124 0 1
2 124 0 1
42 124 0 1
44 124 0 1
45 124 0 1
50 124 0 1
57 124 0 1
63 124 0 1
64 124 0 1
68 124 0 1
70 124 0 1
72 124 0 1
39 126 0 1
39 127 0 1
42 128 0 1
43 128 0 1
44 128 0 1
45 128 0 1
50 128 0 1
57 128 0 1
82 128 0 1
1 129 0 1
2 129 0 1
45 129 0 1
49 129 0 1
50 129 0 1
52 129 0 1
58 129 0 1
62 129 0 1
63 129 0 1
64 129 0 1
68 129 0 1
70 129 0 1
71 129 0 1
72 129 0 1
46 132 0 1
47 132 0 1
48 132 0 1
49 132 0 1
51 132 0 1
52 132 0 1
58 132 0 1
59 132 0 1
60 132 0 1
62 132 0 1
64 132 0 1
65 132 0 1
1 133 0 1
46 133 0 1
47 133 0 1
48 133 0 1
49 133 0 1
51 133 0 1
52 133 0 1
58 133 0 1
59 133 0 1
60 133 0 1
62 133 0 1
63 133 0 1
64 133 0 1
65 133 0 1
71 133 0 1
50 134 0 1
57 134 0 1
45 135 0 1
50 135 0 1
57 135 0 1
45 136 0 1
50 136 0 1
53 136 0 1
57 136 0 1
1 137 0 1
46 137 0 1
48 137 0 1
49 137 0 1
51 137 0 1
52 137 0 1
58 137 0 1
59 137 0 1
62 137 0 1
63 137 0 1
64 137 0 1
65 137 0 1
71 137 0 1
45 138 0 1
50 138 0 1
57 138 0 1
64 138 0 1
45 139 0 1
50 139 0 1
57 139 0 1
64 139 0 1
45 140 0 1
50 140 0 1
57 140 0 1
39 141 0 1
43 141 0 1
45 141 0 1
50 141 0 1
57 141 0 1
50 142 0 1
64 142 0 1
50 143 0 1
57 143 0 1
64 143 0 1
46 144 0 1
47 144 0 1
51 144 0 1
52 144 0 1
58 144 0 1
59 144 0 1
60 144 0 1
51 145 0 1
52 145 0 1
54 145 0 1
55 145 0 1
56 145 0 1
50 146 0 1
54 146 0 1
56 146 0 1
50 147 0 1
53 147 0 1
57 147 0 1
53 148 0 1
57 148 0 1
50 149 0 1
53 149 0 1
56 149 0 1
53 150 0 1
54 150 0 1
56 150 0 1
51 151 0 1
54 151 0 1
55 151 0 1
56 151 0 1
54 152 0 1
55 152 0 1
56 152 0 1
53 153 0 1
56 153 0 1
54 154 0 1
55 154 0 1
56 154 0 1
54 155 0 1
55 155 0 1
56 155 0 1
53 156 0 1
56 156 0 1
53 157 0 1
51 158 0 1
54 158 0 1
55 158 0 1
53 159 0 1
53 160 0 1
54 160 0 1
55 160 0 1
56 160 0 1
54 161 0 1
55 161 0 1
56 161 0 1
53 162 0 1
53 163 0 1
56 163 0 1
53 164 0 1
54 165 0 1
55 165 0 1
56 165 0 1
54 166 0 1
55 166 0 1
56 166 0 1
53 167 0 1
50 168 0 1
53 168 0 1
57 168 0 1
50 169 0 1
53 169 0 1
57 169 0 1
51 170 0 1
52 170 0 1
54 170 0 1
55 170 0 1
56 170 0 1
51 171 0 1
52 171 0 1
54 171 0 1
55 171 0 1
56 171 0 1
53 172 0 1
50 173 0 1
54 173 0 1
56 173 0 1
50 174 0 1
53 174 0 1
56 174 0 1
51 175 0 1
52 175 0 1
54 175 0 1
55 175 0 1
56 175 0 1
50 176 0 1
53 176 0 1
46 177 0 1
49 177 0 1
51 177 0 1
52 177 0 1
54 177 0 1
58 177 0 1
59 177 0 1
50 178 0 1
53 178 0 1
57 178 0 1
49 179 0 1
50 179 0 1
51 179 0 1
52 179 0 1
54 179 0 1
58 179 0 1
63 179 0 1
64 179 0 1
51 180 0 1
52 180 0 1
54 180 0 1
55 180 0 1
58 180 0 1
59 180 0 1
60 180 0 1
51 181 0 1
52 181 0 1
54 181 0 1
58 181 0 1
50 182 0 1
53 182 0 1
57 182 0 1
50 183 0 1
53 183 0 1
57 183 0 1
50 184 0 1
53 184 0 1
57 184 0 1
50 185 0 1
53 185 0 1
57 185 0 1
