2 3 0 0
2 4 0 0
4 5 0 0
2 7 0 0
3 7 0 0
4 8 0 0
5 8 0 0
2 9 0 0
3 9 0 0
7 9 0 0
2 10 0 0
3 10 0 0
4 10 0 0
5 10 0 0
8 10 0 0
9 10 0 0
2 11 0 0
4 11 0 0
5 11 0 0
8 11 0 0
10 11 0 0
8 12 0 0
4 13 0 0
5 13 0 0
8 13 0 0
11 13 0 0
12 13 0 0
6 14 0 0
6 15 0 0
14 15 0 0
4 16 0 0
5 16 0 0
8 16 0 0
11 16 0 0
12 16 0 0
13 16 0 0
6 17 0 0
7 17 0 0
14 17 0 0
15 17 0 0
4 18 0 0
5 18 0 0
8 18 0 0
10 18 0 0
11 18 0 0
13 18 0 0
16 18 0 0
6 19 0 0
14 19 0 0
15 19 0 0
17 19 0 0
4 20 0 0
5 20 0 0
8 20 0 0
11 20 0 0
12 20 0 0
13 20 0 0
16 20 0 0
18 20 0 0
14 21 0 0
15 21 0 0
17 21 0 0
19 21 0 0
7 22 0 0
17 22 0 0
21 22 0 0
8 23 0 0
16 23 0 0
18 23 0 0
20 23 0 0
12 24 0 0
13 24 0 0
16 24 0 0
20 24 0 0
23 24 0 0
8 25 0 0
12 25 0 0
13 25 0 0
16 25 0 0
18 25 0 0
20 25 0 0
23 25 0 0
24 25 0 0
17 26 0 0
21 26 0 0
22 26 0 0
18 27 0 0
23 27 0 0
25 27 0 0
14 28 0 0
15 28 0 0
17 28 0 0
19 28 0 0
21 28 0 0
22 28 0 0
26 28 0 0
18 29 0 0
23 29 0 0
25 29 0 0
27 29 0 0
18 30 0 0
23 30 0 0
25 30 0 0
27 30 0 0
29 30 0 0
14 31 0 0
15 31 0 0
17 31 0 0
19 31 0 0
21 31 0 0
22 31 0 0
26 31 0 0
28 31 0 0
14 32 0 0
15 32 0 0
17 32 0 0
19 32 0 0
21 32 0 0
26 32 0 0
28 32 0 0
31 32 0 0
7 33 0 0
17 33 0 0
22 33 0 0
26 33 0 0
8 34 0 0
16 34 0 0
18 34 0 0
20 34 0 0
23 34 0 0
25 34 0 0
27 34 0 0
29 34 0 0
30 34 0 0
8 35 0 0
11 35 0 0
12 35 0 0
13 35 0 0
16 35 0 0
18 35 0 0
20 35 0 0
23 35 0 0
24 35 0 0
25 35 0 0
27 35 0 0
30 35 0 0
34 35 0 0
12 36 0 0
13 36 0 0
16 36 0 0
20 36 0 0
24 36 0 0
25 36 0 0
35 36 0 0
8 37 0 0
12 37 0 0
13 37 0 0
16 37 0 0
18 37 0 0
20 37 0 0
23 37 0 0
24 37 0 0
25 37 0 0
34 37 0 0
35 37 0 0
36 37 0 0
5 38 0 0
8 38 0 0
11 38 0 0
12 38 0 0
13 38 0 0
16 38 0 0
18 38 0 0
20 38 0 0
23 38 0 0
24 38 0 0
25 38 0 0
27 38 0 0
30 38 0 0
34 38 0 0
35 38 0 0
36 38 0 0
37 38 0 0
12 39 0 0
13 39 0 0
20 39 0 0
24 39 0 0
25 39 0 0
35 39 0 0
36 39 0 0
37 39 0 0
38 39 0 0
14 40 0 0
15 40 0 0
17 40 0 0
19 40 0 0
21 40 0 0
22 40 0 0
26 40 0 0
28 40 0 0
31 40 0 0
32 40 0 0
23 41 0 0
25 41 0 0
27 41 0 0
29 41 0 0
30 41 0 0
34 41 0 0
23 42 0 0
27 42 0 0
29 42 0 0
30 42 0 0
33 42 0 0
34 42 0 0
41 42 0 0
12 43 0 0
13 43 0 0
18 43 0 0
20 43 0 0
23 43 0 0
24 43 0 0
25 43 0 0
27 43 0 0
29 43 0 0
30 43 0 0
34 43 0 0
35 43 0 0
36 43 0 0
37 43 0 0
38 43 0 0
39 43 0 0
41 43 0 0
12 44 0 0
13 44 0 0
16 44 0 0
20 44 0 0
23 44 0 0
24 44 0 0
25 44 0 0
27 44 0 0
34 44 0 0
35 44 0 0
36 44 0 0
37 44 0 0
38 44 0 0
39 44 0 0
43 44 0 0
12 45 0 0
13 45 0 0
20 45 0 0
24 45 0 0
25 45 0 0
35 45 0 0
36 45 0 0
37 45 0 0
38 45 0 0
39 45 0 0
43 45 0 0
44 45 0 0
17 46 0 0
21 46 0 0
22 46 0 0
26 46 0 0
28 46 0 0
31 46 0 0
32 46 0 0
33 46 0 0
40 46 0 0
23 47 0 0
25 47 0 0
27 47 0 0
29 47 0 0
30 47 0 0
34 47 0 0
41 47 0 0
42 47 0 0
43 47 0 0
22 48 0 0
26 48 0 0
29 48 0 0
33 48 0 0
41 48 0 0
42 48 0 0
46 48 0 0
47 48 0 0
14 49 0 0
15 49 0 0
21 49 0 0
22 49 0 0
26 49 0 0
28 49 0 0
31 49 0 0
32 49 0 0
40 49 0 0
46 49 0 0
23 50 0 0
24 50 0 0
25 50 0 0
27 50 0 0
29 50 0 0
30 50 0 0
34 50 0 0
35 50 0 0
37 50 0 0
38 50 0 0
39 50 0 0
41 50 0 0
43 50 0 0
44 50 0 0
45 50 0 0
47 50 0 0
22 51 0 0
26 51 0 0
28 51 0 0
31 51 0 0
33 51 0 0
46 51 0 0
48 51 0 0
49 51 0 0
21 52 0 0
28 52 0 0
31 52 0 0
32 52 0 0
40 52 0 0
49 52 0 0
21 53 0 0
28 53 0 0
31 53 0 0
32 53 0 0
40 53 0 0
46 53 0 0
49 53 0 0
52 53 0 0
24 54 0 0
25 54 0 0
35 54 0 0
39 54 0 0
43 54 0 0
44 54 0 0
45 54 0 0
50 54 0 0
23 55 0 0
25 55 0 0
27 55 0 0
29 55 0 0
30 55 0 0
34 55 0 0
41 55 0 0
42 55 0 0
43 55 0 0
44 55 0 0
47 55 0 0
50 55 0 0
54 55 0 0
22 56 0 0
26 56 0 0
28 56 0 0
31 56 0 0
40 56 0 0
46 56 0 0
48 56 0 0
49 56 0 0
51 56 0 0
53 56 0 0
21 57 0 0
22 57 0 0
26 57 0 0
28 57 0 0
31 57 0 0
32 57 0 0
40 57 0 0
46 57 0 0
48 57 0 0
49 57 0 0
51 57 0 0
52 57 0 0
53 57 0 0
56 57 0 0
22 58 0 0
26 58 0 0
41 58 0 0
42 58 0 0
46 58 0 0
48 58 0 0
51 58 0 0
56 58 0 0
57 58 0 0
24 59 0 0
25 59 0 0
39 59 0 0
43 59 0 0
44 59 0 0
45 59 0 0
50 59 0 0
54 59 0 0
55 59 0 0
22 60 0 0
26 60 0 0
33 60 0 0
46 60 0 0
48 60 0 0
51 60 0 0
56 60 0 0
57 60 0 0
58 60 0 0
22 61 0 0
26 61 0 0
46 61 0 0
48 61 0 0
49 61 0 0
51 61 0 0
56 61 0 0
57 61 0 0
58 61 0 0
60 61 0 0
22 62 0 0
26 62 0 0
42 62 0 0
46 62 0 0
48 62 0 0
51 62 0 0
56 62 0 0
57 62 0 0
58 62 0 0
60 62 0 0
61 62 0 0
23 63 0 0
24 63 0 0
25 63 0 0
27 63 0 0
39 63 0 0
43 63 0 0
44 63 0 0
45 63 0 0
50 63 0 0
54 63 0 0
55 63 0 0
59 63 0 0
23 64 0 0
25 64 0 0
27 64 0 0
29 64 0 0
30 64 0 0
41 64 0 0
42 64 0 0
43 64 0 0
47 64 0 0
50 64 0 0
55 64 0 0
63 64 0 0
22 65 0 0
26 65 0 0
27 65 0 0
29 65 0 0
30 65 0 0
33 65 0 0
41 65 0 0
42 65 0 0
46 65 0 0
47 65 0 0
48 65 0 0
51 65 0 0
55 65 0 0
56 65 0 0
57 65 0 0
58 65 0 0
60 65 0 0
61 65 0 0
62 65 0 0
64 65 0 0
24 66 0 0
25 66 0 0
35 66 0 0
36 66 0 0
37 66 0 0
39 66 0 0
43 66 0 0
44 66 0 0
45 66 0 0
50 66 0 0
54 66 0 0
59 66 0 0
63 66 0 0
15 67 0 0
21 67 0 0
26 67 0 0
28 67 0 0
31 67 0 0
32 67 0 0
40 67 0 0
46 67 0 0
49 67 0 0
52 67 0 0
53 67 0 0
56 67 0 0
57 67 0 0
21 68 0 0
22 68 0 0
26 68 0 0
28 68 0 0
31 68 0 0
32 68 0 0
33 68 0 0
40 68 0 0
46 68 0 0
48 68 0 0
49 68 0 0
51 68 0 0
56 68 0 0
57 68 0 0
58 68 0 0
60 68 0 0
61 68 0 0
62 68 0 0
65 68 0 0
67 68 0 0
23 69 0 0
27 69 0 0
29 69 0 0
30 69 0 0
41 69 0 0
42 69 0 0
47 69 0 0
48 69 0 0
55 69 0 0
58 69 0 0
60 69 0 0
62 69 0 0
64 69 0 0
65 69 0 0
23 70 0 0
25 70 0 0
27 70 0 0
29 70 0 0
30 70 0 0
34 70 0 0
41 70 0 0
42 70 0 0
43 70 0 0
47 70 0 0
50 70 0 0
55 70 0 0
63 70 0 0
64 70 0 0
65 70 0 0
69 70 0 0
14 71 0 0
15 71 0 0
17 71 0 0
21 71 0 0
22 71 0 0
26 71 0 0
28 71 0 0
31 71 0 0
32 71 0 0
33 71 0 0
40 71 0 0
46 71 0 0
48 71 0 0
49 71 0 0
51 71 0 0
52 71 0 0
53 71 0 0
56 71 0 0
57 71 0 0
58 71 0 0
60 71 0 0
61 71 0 0
62 71 0 0
65 71 0 0
67 71 0 0
68 71 0 0
14 72 0 0
15 72 0 0
21 72 0 0
26 72 0 0
28 72 0 0
31 72 0 0
32 72 0 0
40 72 0 0
46 72 0 0
49 72 0 0
52 72 0 0
53 72 0 0
56 72 0 0
57 72 0 0
67 72 0 0
68 72 0 0
71 72 0 0
24 73 0 0
25 73 0 0
35 73 0 0
37 73 0 0
39 73 0 0
43 73 0 0
44 73 0 0
45 73 0 0
50 73 0 0
54 73 0 0
55 73 0 0
59 73 0 0
63 73 0 0
66 73 0 0
15 74 0 0
21 74 0 0
28 74 0 0
31 74 0 0
32 74 0 0
40 74 0 0
46 74 0 0
49 74 0 0
52 74 0 0
53 74 0 0
57 74 0 0
67 74 0 0
71 74 0 0
72 74 0 0
21 75 0 0
22 75 0 0
26 75 0 0
28 75 0 0
31 75 0 0
32 75 0 0
40 75 0 0
46 75 0 0
49 75 0 0
51 75 0 0
52 75 0 0
53 75 0 0
56 75 0 0
57 75 0 0
60 75 0 0
61 75 0 0
65 75 0 0
67 75 0 0
68 75 0 0
71 75 0 0
72 75 0 0
74 75 0 0
27 76 0 0
29 76 0 0
30 76 0 0
41 76 0 0
42 76 0 0
47 76 0 0
48 76 0 0
55 76 0 0
56 76 0 0
58 76 0 0
60 76 0 0
61 76 0 0
62 76 0 0
64 76 0 0
65 76 0 0
69 76 0 0
70 76 0 0
21 77 0 0
22 77 0 0
26 77 0 0
28 77 0 0
31 77 0 0
32 77 0 0
40 77 0 0
46 77 0 0
48 77 0 0
49 77 0 0
51 77 0 0
53 77 0 0
56 77 0 0
57 77 0 0
58 77 0 0
60 77 0 0
61 77 0 0
62 77 0 0
65 77 0 0
67 77 0 0
68 77 0 0
71 77 0 0
72 77 0 0
74 77 0 0
75 77 0 0
23 78 0 0
25 78 0 0
27 78 0 0
29 78 0 0
30 78 0 0
34 78 0 0
41 78 0 0
42 78 0 0
43 78 0 0
47 78 0 0
50 78 0 0
55 78 0 0
63 78 0 0
64 78 0 0
65 78 0 0
69 78 0 0
70 78 0 0
76 78 0 0
49 79 0 0
52 79 0 0
53 79 0 0
57 79 0 0
67 79 0 0
71 79 0 0
72 79 0 0
74 79 0 0
75 79 0 0
46 80 0 0
49 80 0 0
52 80 0 0
53 80 0 0
56 80 0 0
57 80 0 0
61 80 0 0
67 80 0 0
68 80 0 0
71 80 0 0
72 80 0 0
74 80 0 0
75 80 0 0
77 80 0 0
79 80 0 0
46 81 0 0
49 81 0 0
51 81 0 0
52 81 0 0
53 81 0 0
56 81 0 0
57 81 0 0
60 81 0 0
61 81 0 0
62 81 0 0
65 81 0 0
67 81 0 0
68 81 0 0
71 81 0 0
72 81 0 0
74 81 0 0
75 81 0 0
77 81 0 0
79 81 0 0
80 81 0 0
1 82 0 0
48 82 0 0
51 82 0 0
56 82 0 0
57 82 0 0
58 82 0 0
60 82 0 0
61 82 0 0
62 82 0 0
65 82 0 0
68 82 0 0
69 82 0 0
71 82 0 0
76 82 0 0
77 82 0 0
81 82 0 0
1 83 0 0
46 83 0 0
49 83 0 0
51 83 0 0
56 83 0 0
57 83 0 0
58 83 0 0
60 83 0 0
61 83 0 0
62 83 0 0
65 83 0 0
67 83 0 0
68 83 0 0
71 83 0 0
75 83 0 0
77 83 0 0
80 83 0 0
81 83 0 0
82 83 0 0
43 84 0 0
50 84 0 0
54 84 0 0
55 84 0 0
59 84 0 0
63 84 0 0
64 84 0 0
66 84 0 0
70 84 0 0
73 84 0 0
78 84 0 0
54 85 0 0
59 85 0 0
63 85 0 0
66 85 0 0
73 85 0 0
84 85 0 0
50 86 0 0
54 86 0 0
55 86 0 0
59 86 0 0
63 86 0 0
66 86 0 0
73 86 0 0
84 86 0 0
85 86 0 0
1 87 0 0
51 87 0 0
56 87 0 0
57 87 0 0
58 87 0 0
60 87 0 0
61 87 0 0
62 87 0 0
65 87 0 0
68 87 0 0
71 87 0 0
75 87 0 0
76 87 0 0
77 87 0 0
80 87 0 0
81 87 0 0
82 87 0 0
83 87 0 0
52 88 0 0
53 88 0 0
79 88 0 0
80 88 0 0
81 88 0 0
1 89 0 0
64 89 0 0
82 89 0 0
87 89 0 0
1 90 0 0
56 90 0 0
61 90 0 0
62 90 0 0
80 90 0 0
81 90 0 0
82 90 0 0
83 90 0 0
87 90 0 0
84 91 0 0
85 91 0 0
86 91 0 0
84 92 0 0
85 92 0 0
86 92 0 0
91 92 0 0
1 93 0 0
55 93 0 0
64 93 0 0
84 93 0 0
89 93 0 0
92 93 0 0
1 94 0 0
89 94 0 0
93 94 0 0
84 95 0 0
85 95 0 0
86 95 0 0
91 95 0 0
92 95 0 0
93 95 0 0
1 96 0 0
89 96 0 0
93 96 0 0
94 96 0 0
1 97 0 0
84 97 0 0
86 97 0 0
89 97 0 0
92 97 0 0
93 97 0 0
94 97 0 0
95 97 0 0
96 97 0 0
84 98 0 0
85 98 0 0
86 98 0 0
91 98 0 0
92 98 0 0
93 98 0 0
94 98 0 0
95 98 0 0
96 98 0 0
97 98 0 0
92 99 0 0
93 99 0 0
94 99 0 0
95 99 0 0
97 99 0 0
98 99 0 0
1 100 0 0
89 100 0 0
93 100 0 0
94 100 0 0
96 100 0 0
97 100 0 0
99 100 0 0
1 101 0 0
89 101 0 0
93 101 0 0
94 101 0 0
96 101 0 0
97 101 0 0
98 101 0 0
99 101 0 0
100 101 0 0
1 102 0 0
99 102 0 0
100 102 0 0
101 102 0 0
91 104 0 0
1 105 0 0
93 105 0 0
96 105 0 0
97 105 0 0
99 105 0 0
100 105 0 0
101 105 0 0
102 105 0 0
99 106 0 0
104 106 0 0
99 107 0 0
104 107 0 0
106 107 0 0
88 108 0 0
90 108 0 0
103 108 0 0
91 109 0 0
92 109 0 0
95 109 0 0
97 109 0 0
98 109 0 0
99 109 0 0
104 109 0 0
106 109 0 0
107 109 0 0
92 110 0 0
93 110 0 0
95 110 0 0
97 110 0 0
98 110 0 0
99 110 0 0
101 110 0 0
102 110 0 0
104 110 0 0
105 110 0 0
106 110 0 0
107 110 0 0
109 110 0 0
1 111 0 0
89 111 0 0
93 111 0 0
94 111 0 0
96 111 0 0
97 111 0 0
98 111 0 0
99 111 0 0
100 111 0 0
101 111 0 0
102 111 0 0
105 111 0 0
110 111 0 0
1 112 0 0
89 112 0 0
93 112 0 0
94 112 0 0
96 112 0 0
97 112 0 0
99 112 0 0
100 112 0 0
101 112 0 0
102 112 0 0
105 112 0 0
110 112 0 0
111 112 0 0
1 113 0 0
89 113 0 0
93 113 0 0
94 113 0 0
96 113 0 0
97 113 0 0
98 113 0 0
99 113 0 0
100 113 0 0
101 113 0 0
102 113 0 0
105 113 0 0
110 113 0 0
111 113 0 0
112 113 0 0
1 114 0 0
93 114 0 0
94 114 0 0
96 114 0 0
97 114 0 0
98 114 0 0
99 114 0 0
100 114 0 0
101 114 0 0
102 114 0 0
105 114 0 0
110 114 0 0
111 114 0 0
112 114 0 0
113 114 0 0
1 115 0 0
89 115 0 0
90 115 0 0
94 115 0 0
96 115 0 0
100 115 0 0
101 115 0 0
111 115 0 0
112 115 0 0
113 115 0 0
114 115 0 0
91 116 0 0
92 116 0 0
95 116 0 0
97 116 0 0
98 116 0 0
99 116 0 0
104 116 0 0
106 116 0 0
107 116 0 0
109 116 0 0
110 116 0 0
92 117 0 0
93 117 0 0
94 117 0 0
95 117 0 0
97 117 0 0
98 117 0 0
99 117 0 0
101 117 0 0
102 117 0 0
105 117 0 0
106 117 0 0
107 117 0 0
109 117 0 0
110 117 0 0
111 117 0 0
112 117 0 0
113 117 0 0
114 117 0 0
116 117 0 0
91 118 0 0
92 118 0 0
93 118 0 0
95 118 0 0
97 118 0 0
98 118 0 0
99 118 0 0
102 118 0 0
104 118 0 0
105 118 0 0
106 118 0 0
107 118 0 0
109 118 0 0
110 118 0 0
111 118 0 0
113 118 0 0
114 118 0 0
116 118 0 0
117 118 0 0
79 119 0 0
80 119 0 0
81 119 0 0
83 119 0 0
88 119 0 0
90 119 0 0
103 119 0 0
108 119 0 0
84 120 0 0
85 120 0 0
86 120 0 0
91 120 0 0
92 120 0 0
93 120 0 0
95 120 0 0
97 120 0 0
98 120 0 0
99 120 0 0
106 120 0 0
109 120 0 0
110 120 0 0
111 120 0 0
113 120 0 0
116 120 0 0
117 120 0 0
118 120 0 0
84 121 0 0
86 121 0 0
89 121 0 0
92 121 0 0
93 121 0 0
94 121 0 0
95 121 0 0
96 121 0 0
97 121 0 0
98 121 0 0
99 121 0 0
101 121 0 0
102 121 0 0
105 121 0 0
106 121 0 0
109 121 0 0
110 121 0 0
111 121 0 0
112 121 0 0
113 121 0 0
114 121 0 0
116 121 0 0
117 121 0 0
118 121 0 0
120 121 0 0
1 122 0 0
89 122 0 0
93 122 0 0
94 122 0 0
96 122 0 0
97 122 0 0
98 122 0 0
99 122 0 0
100 122 0 0
101 122 0 0
105 122 0 0
111 122 0 0
112 122 0 0
113 122 0 0
114 122 0 0
115 122 0 0
117 122 0 0
121 122 0 0
1 123 0 0
82 123 0 0
83 123 0 0
87 123 0 0
89 123 0 0
90 123 0 0
94 123 0 0
96 123 0 0
100 123 0 0
101 123 0 0
112 123 0 0
115 123 0 0
122 123 0 0
1 124 0 0
89 124 0 0
93 124 0 0
94 124 0 0
95 124 0 0
96 124 0 0
97 124 0 0
98 124 0 0
99 124 0 0
100 124 0 0
101 124 0 0
102 124 0 0
105 124 0 0
110 124 0 0
111 124 0 0
112 124 0 0
113 124 0 0
114 124 0 0
115 124 0 0
117 124 0 0
118 124 0 0
120 124 0 0
121 124 0 0
122 124 0 0
123 124 0 0
1 125 0 0
89 125 0 0
93 125 0 0
94 125 0 0
96 125 0 0
97 125 0 0
99 125 0 0
100 125 0 0
101 125 0 0
102 125 0 0
105 125 0 0
111 125 0 0
112 125 0 0
113 125 0 0
114 125 0 0
115 125 0 0
121 125 0 0
122 125 0 0
123 125 0 0
124 125 0 0
1 126 0 0
84 126 0 0
89 126 0 0
92 126 0 0
93 126 0 0
94 126 0 0
95 126 0 0
96 126 0 0
97 126 0 0
98 126 0 0
99 126 0 0
100 126 0 0
101 126 0 0
102 126 0 0
105 126 0 0
110 126 0 0
111 126 0 0
112 126 0 0
113 126 0 0
114 126 0 0
115 126 0 0
117 126 0 0
118 126 0 0
120 126 0 0
121 126 0 0
122 126 0 0
123 126 0 0
124 126 0 0
125 126 0 0
84 127 0 0
85 127 0 0
86 127 0 0
91 127 0 0
92 127 0 0
95 127 0 0
97 127 0 0
98 127 0 0
99 127 0 0
104 127 0 0
106 127 0 0
107 127 0 0
109 127 0 0
110 127 0 0
116 127 0 0
117 127 0 0
118 127 0 0
120 127 0 0
121 127 0 0
85 128 0 0
86 128 0 0
91 128 0 0
92 128 0 0
95 128 0 0
98 128 0 0
104 128 0 0
106 128 0 0
107 128 0 0
109 128 0 0
110 128 0 0
116 128 0 0
117 128 0 0
118 128 0 0
120 128 0 0
121 128 0 0
127 128 0 0
1 129 0 0
89 129 0 0
93 129 0 0
94 129 0 0
96 129 0 0
97 129 0 0
98 129 0 0
99 129 0 0
100 129 0 0
101 129 0 0
102 129 0 0
105 129 0 0
110 129 0 0
111 129 0 0
112 129 0 0
113 129 0 0
114 129 0 0
115 129 0 0
117 129 0 0
120 129 0 0
121 129 0 0
122 129 0 0
123 129 0 0
124 129 0 0
125 129 0 0
126 129 0 0
84 130 0 0
86 130 0 0
91 130 0 0
92 130 0 0
93 130 0 0
94 130 0 0
95 130 0 0
97 130 0 0
98 130 0 0
99 130 0 0
101 130 0 0
102 130 0 0
104 130 0 0
105 130 0 0
106 130 0 0
107 130 0 0
109 130 0 0
110 130 0 0
111 130 0 0
113 130 0 0
114 130 0 0
116 130 0 0
117 130 0 0
118 130 0 0
120 130 0 0
121 130 0 0
124 130 0 0
126 130 0 0
127 130 0 0
128 130 0 0
129 130 0 0
1 131 0 0
89 131 0 0
92 131 0 0
93 131 0 0
94 131 0 0
95 131 0 0
96 131 0 0
97 131 0 0
98 131 0 0
99 131 0 0
100 131 0 0
101 131 0 0
102 131 0 0
105 131 0 0
109 131 0 0
110 131 0 0
111 131 0 0
112 131 0 0
113 131 0 0
114 131 0 0
115 131 0 0
116 131 0 0
117 131 0 0
118 131 0 0
120 131 0 0
121 131 0 0
122 131 0 0
124 131 0 0
125 131 0 0
126 131 0 0
127 131 0 0
129 131 0 0
130 131 0 0
1 132 0 0
56 132 0 0
57 132 0 0
58 132 0 0
60 132 0 0
61 132 0 0
62 132 0 0
65 132 0 0
68 132 0 0
71 132 0 0
75 132 0 0
77 132 0 0
80 132 0 0
81 132 0 0
82 132 0 0
83 132 0 0
87 132 0 0
90 132 0 0
119 132 0 0
123 132 0 0
1 133 0 0
55 133 0 0
63 133 0 0
64 133 0 0
70 133 0 0
78 133 0 0
84 133 0 0
86 133 0 0
89 133 0 0
92 133 0 0
93 133 0 0
94 133 0 0
95 133 0 0
96 133 0 0
97 133 0 0
98 133 0 0
117 133 0 0
120 133 0 0
121 133 0 0
122 133 0 0
124 133 0 0
125 133 0 0
126 133 0 0
127 133 0 0
129 133 0 0
130 133 0 0
131 133 0 0
1 134 0 0
55 134 0 0
64 134 0 0
65 134 0 0
69 134 0 0
70 134 0 0
76 134 0 0
78 134 0 0
84 134 0 0
89 134 0 0
93 134 0 0
94 134 0 0
95 134 0 0
96 134 0 0
97 134 0 0
98 134 0 0
117 134 0 0
120 134 0 0
121 134 0 0
122 134 0 0
124 134 0 0
125 134 0 0
126 134 0 0
129 134 0 0
130 134 0 0
131 134 0 0
133 134 0 0
49 135 0 0
52 135 0 0
53 135 0 0
56 135 0 0
57 135 0 0
60 135 0 0
61 135 0 0
67 135 0 0
68 135 0 0
71 135 0 0
72 135 0 0
74 135 0 0
75 135 0 0
77 135 0 0
79 135 0 0
80 135 0 0
81 135 0 0
82 135 0 0
83 135 0 0
87 135 0 0
88 135 0 0
90 135 0 0
119 135 0 0
132 135 0 0
50 136 0 0
54 136 0 0
55 136 0 0
59 136 0 0
63 136 0 0
64 136 0 0
70 136 0 0
73 136 0 0
78 136 0 0
84 136 0 0
85 136 0 0
86 136 0 0
91 136 0 0
92 136 0 0
93 136 0 0
94 136 0 0
95 136 0 0
97 136 0 0
98 136 0 0
116 136 0 0
117 136 0 0
118 136 0 0
120 136 0 0
121 136 0 0
124 136 0 0
126 136 0 0
127 136 0 0
128 136 0 0
130 136 0 0
131 136 0 0
133 136 0 0
134 136 0 0
1 137 0 0
55 137 0 0
63 137 0 0
64 137 0 0
69 137 0 0
70 137 0 0
76 137 0 0
78 137 0 0
84 137 0 0
86 137 0 0
89 137 0 0
92 137 0 0
93 137 0 0
94 137 0 0
95 137 0 0
96 137 0 0
97 137 0 0
98 137 0 0
117 137 0 0
120 137 0 0
121 137 0 0
122 137 0 0
124 137 0 0
125 137 0 0
126 137 0 0
129 137 0 0
130 137 0 0
131 137 0 0
133 137 0 0
134 137 0 0
136 137 0 0
49 138 0 0
52 138 0 0
53 138 0 0
56 138 0 0
57 138 0 0
67 138 0 0
68 138 0 0
71 138 0 0
72 138 0 0
74 138 0 0
75 138 0 0
77 138 0 0
79 138 0 0
80 138 0 0
81 138 0 0
83 138 0 0
87 138 0 0
88 138 0 0
90 138 0 0
119 138 0 0
132 138 0 0
135 138 0 0
1 139 0 0
51 139 0 0
56 139 0 0
57 139 0 0
58 139 0 0
60 139 0 0
61 139 0 0
62 139 0 0
65 139 0 0
68 139 0 0
69 139 0 0
71 139 0 0
76 139 0 0
77 139 0 0
81 139 0 0
82 139 0 0
83 139 0 0
87 139 0 0
89 139 0 0
90 139 0 0
94 139 0 0
96 139 0 0
115 139 0 0
122 139 0 0
123 139 0 0
125 139 0 0
132 139 0 0
135 139 0 0
1 140 0 0
48 140 0 0
56 140 0 0
58 140 0 0
60 140 0 0
61 140 0 0
62 140 0 0
64 140 0 0
65 140 0 0
68 140 0 0
69 140 0 0
76 140 0 0
78 140 0 0
81 140 0 0
82 140 0 0
83 140 0 0
87 140 0 0
89 140 0 0
90 140 0 0
93 140 0 0
94 140 0 0
96 140 0 0
100 140 0 0
101 140 0 0
112 140 0 0
115 140 0 0
122 140 0 0
123 140 0 0
124 140 0 0
125 140 0 0
126 140 0 0
129 140 0 0
132 140 0 0
134 140 0 0
135 140 0 0
137 140 0 0
139 140 0 0
53 141 0 0
56 141 0 0
57 141 0 0
60 141 0 0
61 141 0 0
62 141 0 0
68 141 0 0
71 141 0 0
75 141 0 0
77 141 0 0
79 141 0 0
80 141 0 0
81 141 0 0
82 141 0 0
83 141 0 0
87 141 0 0
88 141 0 0
90 141 0 0
119 141 0 0
123 141 0 0
132 141 0 0
135 141 0 0
138 141 0 0
139 141 0 0
140 141 0 0
55 142 0 0
63 142 0 0
64 142 0 0
78 142 0 0
84 142 0 0
86 142 0 0
89 142 0 0
92 142 0 0
93 142 0 0
94 142 0 0
95 142 0 0
96 142 0 0
97 142 0 0
98 142 0 0
99 142 0 0
117 142 0 0
118 142 0 0
120 142 0 0
121 142 0 0
122 142 0 0
124 142 0 0
125 142 0 0
126 142 0 0
127 142 0 0
129 142 0 0
130 142 0 0
131 142 0 0
133 142 0 0
134 142 0 0
136 142 0 0
137 142 0 0
1 143 0 0
55 143 0 0
64 143 0 0
70 143 0 0
78 143 0 0
84 143 0 0
89 143 0 0
93 143 0 0
94 143 0 0
95 143 0 0
96 143 0 0
97 143 0 0
98 143 0 0
99 143 0 0
101 143 0 0
111 143 0 0
117 143 0 0
120 143 0 0
121 143 0 0
122 143 0 0
124 143 0 0
125 143 0 0
126 143 0 0
129 143 0 0
130 143 0 0
131 143 0 0
133 143 0 0
134 143 0 0
136 143 0 0
137 143 0 0
140 143 0 0
142 143 0 0
1 144 0 0
55 144 0 0
64 144 0 0
65 144 0 0
69 144 0 0
76 144 0 0
78 144 0 0
82 144 0 0
89 144 0 0
93 144 0 0
94 144 0 0
96 144 0 0
97 144 0 0
98 144 0 0
100 144 0 0
101 144 0 0
112 144 0 0
115 144 0 0
121 144 0 0
122 144 0 0
123 144 0 0
124 144 0 0
125 144 0 0
126 144 0 0
129 144 0 0
131 144 0 0
133 144 0 0
134 144 0 0
136 144 0 0
137 144 0 0
139 144 0 0
140 144 0 0
142 144 0 0
143 144 0 0
1 145 0 0
58 145 0 0
62 145 0 0
64 145 0 0
65 145 0 0
76 145 0 0
82 145 0 0
87 145 0 0
89 145 0 0
93 145 0 0
94 145 0 0
96 145 0 0
97 145 0 0
100 145 0 0
101 145 0 0
115 145 0 0
122 145 0 0
123 145 0 0
124 145 0 0
125 145 0 0
126 145 0 0
129 145 0 0
131 145 0 0
133 145 0 0
134 145 0 0
137 145 0 0
139 145 0 0
140 145 0 0
142 145 0 0
143 145 0 0
144 145 0 0
52 146 0 0
53 146 0 0
56 146 0 0
57 146 0 0
61 146 0 0
74 146 0 0
75 146 0 0
77 146 0 0
79 146 0 0
80 146 0 0
81 146 0 0
82 146 0 0
83 146 0 0
87 146 0 0
88 146 0 0
90 146 0 0
108 146 0 0
119 146 0 0
132 146 0 0
135 146 0 0
138 146 0 0
139 146 0 0
140 146 0 0
141 146 0 0
1 147 0 0
55 147 0 0
63 147 0 0
64 147 0 0
84 147 0 0
86 147 0 0
89 147 0 0
92 147 0 0
93 147 0 0
94 147 0 0
95 147 0 0
96 147 0 0
97 147 0 0
98 147 0 0
99 147 0 0
101 147 0 0
111 147 0 0
117 147 0 0
118 147 0 0
120 147 0 0
121 147 0 0
122 147 0 0
124 147 0 0
125 147 0 0
126 147 0 0
127 147 0 0
129 147 0 0
130 147 0 0
131 147 0 0
133 147 0 0
134 147 0 0
136 147 0 0
137 147 0 0
142 147 0 0
143 147 0 0
144 147 0 0
145 147 0 0
55 148 0 0
59 148 0 0
63 148 0 0
64 148 0 0
84 148 0 0
85 148 0 0
86 148 0 0
89 148 0 0
92 148 0 0
93 148 0 0
94 148 0 0
95 148 0 0
97 148 0 0
98 148 0 0
99 148 0 0
110 148 0 0
116 148 0 0
117 148 0 0
118 148 0 0
120 148 0 0
121 148 0 0
122 148 0 0
124 148 0 0
126 148 0 0
127 148 0 0
128 148 0 0
129 148 0 0
130 148 0 0
131 148 0 0
133 148 0 0
134 148 0 0
136 148 0 0
137 148 0 0
142 148 0 0
143 148 0 0
144 148 0 0
147 148 0 0
54 149 0 0
59 149 0 0
63 149 0 0
73 149 0 0
84 149 0 0
85 149 0 0
86 149 0 0
91 149 0 0
92 149 0 0
95 149 0 0
97 149 0 0
98 149 0 0
99 149 0 0
109 149 0 0
116 149 0 0
117 149 0 0
118 149 0 0
120 149 0 0
121 149 0 0
127 149 0 0
128 149 0 0
130 149 0 0
133 149 0 0
136 149 0 0
142 149 0 0
147 149 0 0
148 149 0 0
1 150 0 0
56 150 0 0
57 150 0 0
58 150 0 0
60 150 0 0
61 150 0 0
62 150 0 0
80 150 0 0
81 150 0 0
82 150 0 0
83 150 0 0
87 150 0 0
90 150 0 0
115 150 0 0
119 150 0 0
123 150 0 0
132 150 0 0
135 150 0 0
138 150 0 0
139 150 0 0
140 150 0 0
141 150 0 0
145 150 0 0
146 150 0 0
1 151 0 0
55 151 0 0
64 151 0 0
84 151 0 0
89 151 0 0
93 151 0 0
94 151 0 0
96 151 0 0
97 151 0 0
98 151 0 0
99 151 0 0
100 151 0 0
101 151 0 0
111 151 0 0
112 151 0 0
115 151 0 0
117 151 0 0
120 151 0 0
121 151 0 0
122 151 0 0
123 151 0 0
124 151 0 0
125 151 0 0
126 151 0 0
129 151 0 0
130 151 0 0
131 151 0 0
133 151 0 0
134 151 0 0
136 151 0 0
137 151 0 0
140 151 0 0
142 151 0 0
143 151 0 0
144 151 0 0
145 151 0 0
147 151 0 0
148 151 0 0
1 152 0 0
62 152 0 0
64 152 0 0
76 152 0 0
82 152 0 0
87 152 0 0
89 152 0 0
93 152 0 0
94 152 0 0
96 152 0 0
97 152 0 0
100 152 0 0
101 152 0 0
111 152 0 0
112 152 0 0
115 152 0 0
122 152 0 0
123 152 0 0
124 152 0 0
125 152 0 0
126 152 0 0
129 152 0 0
131 152 0 0
133 152 0 0
134 152 0 0
137 152 0 0
139 152 0 0
140 152 0 0
142 152 0 0
143 152 0 0
144 152 0 0
145 152 0 0
147 152 0 0
150 152 0 0
151 152 0 0
1 153 0 0
56 153 0 0
58 153 0 0
60 153 0 0
61 153 0 0
62 153 0 0
65 153 0 0
81 153 0 0
82 153 0 0
83 153 0 0
87 153 0 0
89 153 0 0
90 153 0 0
94 153 0 0
96 153 0 0
100 153 0 0
108 153 0 0
112 153 0 0
115 153 0 0
122 153 0 0
123 153 0 0
125 153 0 0
129 153 0 0
132 153 0 0
135 153 0 0
139 153 0 0
140 153 0 0
141 153 0 0
144 153 0 0
145 153 0 0
146 153 0 0
150 153 0 0
152 153 0 0
24 154 0 0
39 154 0 0
43 154 0 0
44 154 0 0
45 154 0 0
50 154 0 0
54 154 0 0
55 154 0 0
59 154 0 0
63 154 0 0
66 154 0 0
73 154 0 0
84 154 0 0
85 154 0 0
86 154 0 0
91 154 0 0
92 154 0 0
95 154 0 0
98 154 0 0
120 154 0 0
127 154 0 0
128 154 0 0
133 154 0 0
136 154 0 0
142 154 0 0
148 154 0 0
149 154 0 0
31 155 0 0
32 155 0 0
40 155 0 0
46 155 0 0
49 155 0 0
52 155 0 0
53 155 0 0
56 155 0 0
57 155 0 0
67 155 0 0
68 155 0 0
71 155 0 0
72 155 0 0
74 155 0 0
75 155 0 0
77 155 0 0
79 155 0 0
80 155 0 0
81 155 0 0
83 155 0 0
88 155 0 0
132 155 0 0
135 155 0 0
138 155 0 0
141 155 0 0
146 155 0 0
25 156 0 0
27 156 0 0
41 156 0 0
43 156 0 0
47 156 0 0
50 156 0 0
54 156 0 0
55 156 0 0
59 156 0 0
63 156 0 0
64 156 0 0
69 156 0 0
70 156 0 0
73 156 0 0
76 156 0 0
78 156 0 0
84 156 0 0
86 156 0 0
92 156 0 0
93 156 0 0
94 156 0 0
95 156 0 0
97 156 0 0
98 156 0 0
121 156 0 0
126 156 0 0
133 156 0 0
134 156 0 0
136 156 0 0
137 156 0 0
142 156 0 0
143 156 0 0
144 156 0 0
147 156 0 0
148 156 0 0
149 156 0 0
151 156 0 0
154 156 0 0
27 157 0 0
30 157 0 0
41 157 0 0
42 157 0 0
43 157 0 0
47 157 0 0
50 157 0 0
55 157 0 0
63 157 0 0
64 157 0 0
65 157 0 0
69 157 0 0
70 157 0 0
76 157 0 0
78 157 0 0
84 157 0 0
86 157 0 0
89 157 0 0
93 157 0 0
94 157 0 0
97 157 0 0
98 157 0 0
126 157 0 0
133 157 0 0
134 157 0 0
136 157 0 0
137 157 0 0
140 157 0 0
142 157 0 0
143 157 0 0
144 157 0 0
145 157 0 0
147 157 0 0
148 157 0 0
151 157 0 0
152 157 0 0
156 157 0 0
26 158 0 0
46 158 0 0
48 158 0 0
49 158 0 0
51 158 0 0
53 158 0 0
56 158 0 0
57 158 0 0
58 158 0 0
60 158 0 0
61 158 0 0
62 158 0 0
65 158 0 0
67 158 0 0
68 158 0 0
71 158 0 0
72 158 0 0
75 158 0 0
77 158 0 0
80 158 0 0
81 158 0 0
82 158 0 0
83 158 0 0
87 158 0 0
90 158 0 0
132 158 0 0
135 158 0 0
138 158 0 0
139 158 0 0
140 158 0 0
141 158 0 0
146 158 0 0
150 158 0 0
153 158 0 0
155 158 0 0
1 159 0 0
27 159 0 0
29 159 0 0
30 159 0 0
41 159 0 0
42 159 0 0
47 159 0 0
48 159 0 0
51 159 0 0
55 159 0 0
56 159 0 0
57 159 0 0
58 159 0 0
60 159 0 0
61 159 0 0
62 159 0 0
64 159 0 0
65 159 0 0
68 159 0 0
69 159 0 0
70 159 0 0
71 159 0 0
76 159 0 0
77 159 0 0
78 159 0 0
81 159 0 0
82 159 0 0
83 159 0 0
87 159 0 0
89 159 0 0
90 159 0 0
93 159 0 0
94 159 0 0
96 159 0 0
122 159 0 0
123 159 0 0
126 159 0 0
132 159 0 0
133 159 0 0
134 159 0 0
135 159 0 0
137 159 0 0
139 159 0 0
140 159 0 0
141 159 0 0
143 159 0 0
144 159 0 0
145 159 0 0
147 159 0 0
150 159 0 0
151 159 0 0
152 159 0 0
153 159 0 0
156 159 0 0
157 159 0 0
158 159 0 0
24 160 0 0
25 160 0 0
39 160 0 0
43 160 0 0
44 160 0 0
45 160 0 0
50 160 0 0
54 160 0 0
55 160 0 0
59 160 0 0
63 160 0 0
64 160 0 0
66 160 0 0
70 160 0 0
73 160 0 0
84 160 0 0
85 160 0 0
86 160 0 0
91 160 0 0
92 160 0 0
133 160 0 0
136 160 0 0
137 160 0 0
142 160 0 0
147 160 0 0
148 160 0 0
149 160 0 0
154 160 0 0
156 160 0 0
157 160 0 0
28 161 0 0
31 161 0 0
32 161 0 0
40 161 0 0
46 161 0 0
49 161 0 0
52 161 0 0
53 161 0 0
57 161 0 0
67 161 0 0
71 161 0 0
72 161 0 0
74 161 0 0
75 161 0 0
79 161 0 0
80 161 0 0
81 161 0 0
88 161 0 0
135 161 0 0
138 161 0 0
141 161 0 0
146 161 0 0
155 161 0 0
158 161 0 0
22 162 0 0
26 162 0 0
46 162 0 0
48 162 0 0
49 162 0 0
51 162 0 0
56 162 0 0
57 162 0 0
58 162 0 0
60 162 0 0
61 162 0 0
62 162 0 0
65 162 0 0
68 162 0 0
71 162 0 0
75 162 0 0
77 162 0 0
80 162 0 0
81 162 0 0
82 162 0 0
83 162 0 0
87 162 0 0
90 162 0 0
132 162 0 0
135 162 0 0
138 162 0 0
139 162 0 0
140 162 0 0
141 162 0 0
146 162 0 0
150 162 0 0
153 162 0 0
155 162 0 0
158 162 0 0
159 162 0 0
25 163 0 0
27 163 0 0
39 163 0 0
43 163 0 0
44 163 0 0
45 163 0 0
47 163 0 0
50 163 0 0
54 163 0 0
55 163 0 0
59 163 0 0
63 163 0 0
64 163 0 0
66 163 0 0
70 163 0 0
73 163 0 0
78 163 0 0
84 163 0 0
85 163 0 0
86 163 0 0
92 163 0 0
95 163 0 0
98 163 0 0
133 163 0 0
134 163 0 0
136 163 0 0
137 163 0 0
142 163 0 0
143 163 0 0
147 163 0 0
148 163 0 0
149 163 0 0
154 163 0 0
156 163 0 0
157 163 0 0
160 163 0 0
27 164 0 0
29 164 0 0
30 164 0 0
41 164 0 0
42 164 0 0
47 164 0 0
48 164 0 0
50 164 0 0
55 164 0 0
58 164 0 0
62 164 0 0
63 164 0 0
64 164 0 0
65 164 0 0
69 164 0 0
70 164 0 0
76 164 0 0
78 164 0 0
84 164 0 0
89 164 0 0
93 164 0 0
94 164 0 0
126 164 0 0
133 164 0 0
134 164 0 0
136 164 0 0
137 164 0 0
140 164 0 0
142 164 0 0
143 164 0 0
144 164 0 0
145 164 0 0
147 164 0 0
148 164 0 0
151 164 0 0
152 164 0 0
156 164 0 0
157 164 0 0
159 164 0 0
163 164 0 0
1 165 0 0
26 165 0 0
46 165 0 0
48 165 0 0
51 165 0 0
56 165 0 0
57 165 0 0
58 165 0 0
60 165 0 0
61 165 0 0
62 165 0 0
65 165 0 0
68 165 0 0
69 165 0 0
71 165 0 0
75 165 0 0
76 165 0 0
77 165 0 0
81 165 0 0
82 165 0 0
83 165 0 0
87 165 0 0
90 165 0 0
132 165 0 0
135 165 0 0
139 165 0 0
140 165 0 0
141 165 0 0
145 165 0 0
146 165 0 0
150 165 0 0
152 165 0 0
153 165 0 0
158 165 0 0
159 165 0 0
162 165 0 0
1 166 0 0
27 166 0 0
29 166 0 0
30 166 0 0
41 166 0 0
42 166 0 0
47 166 0 0
48 166 0 0
55 166 0 0
58 166 0 0
60 166 0 0
62 166 0 0
64 166 0 0
65 166 0 0
69 166 0 0
70 166 0 0
76 166 0 0
78 166 0 0
82 166 0 0
89 166 0 0
93 166 0 0
94 166 0 0
96 166 0 0
133 166 0 0
134 166 0 0
137 166 0 0
139 166 0 0
140 166 0 0
142 166 0 0
143 166 0 0
144 166 0 0
145 166 0 0
147 166 0 0
151 166 0 0
152 166 0 0
156 166 0 0
157 166 0 0
159 166 0 0
164 166 0 0
165 166 0 0
21 167 0 0
22 167 0 0
26 167 0 0
28 167 0 0
31 167 0 0
32 167 0 0
40 167 0 0
46 167 0 0
49 167 0 0
51 167 0 0
52 167 0 0
53 167 0 0
56 167 0 0
57 167 0 0
58 167 0 0
60 167 0 0
61 167 0 0
62 167 0 0
65 167 0 0
67 167 0 0
68 167 0 0
71 167 0 0
72 167 0 0
74 167 0 0
75 167 0 0
77 167 0 0
79 167 0 0
80 167 0 0
81 167 0 0
82 167 0 0
83 167 0 0
87 167 0 0
90 167 0 0
132 167 0 0
135 167 0 0
138 167 0 0
139 167 0 0
141 167 0 0
146 167 0 0
150 167 0 0
153 167 0 0
155 167 0 0
158 167 0 0
159 167 0 0
161 167 0 0
162 167 0 0
165 167 0 0
18 168 0 0
20 168 0 0
23 168 0 0
24 168 0 0
25 168 0 0
27 168 0 0
29 168 0 0
30 168 0 0
34 168 0 0
35 168 0 0
36 168 0 0
37 168 0 0
38 168 0 0
39 168 0 0
41 168 0 0
42 168 0 0
43 168 0 0
44 168 0 0
45 168 0 0
47 168 0 0
50 168 0 0
54 168 0 0
55 168 0 0
59 168 0 0
63 168 0 0
64 168 0 0
65 168 0 0
66 168 0 0
69 168 0 0
70 168 0 0
73 168 0 0
76 168 0 0
78 168 0 0
84 168 0 0
85 168 0 0
86 168 0 0
93 168 0 0
98 168 0 0
133 168 0 0
134 168 0 0
136 168 0 0
137 168 0 0
142 168 0 0
143 168 0 0
144 168 0 0
147 168 0 0
148 168 0 0
149 168 0 0
151 168 0 0
154 168 0 0
156 168 0 0
157 168 0 0
159 168 0 0
160 168 0 0
163 168 0 0
164 168 0 0
166 168 0 0
32 169 0 0
40 169 0 0
49 169 0 0
52 169 0 0
53 169 0 0
57 169 0 0
67 169 0 0
71 169 0 0
72 169 0 0
74 169 0 0
75 169 0 0
77 169 0 0
79 169 0 0
80 169 0 0
81 169 0 0
83 169 0 0
88 169 0 0
119 169 0 0
135 169 0 0
138 169 0 0
141 169 0 0
146 169 0 0
155 169 0 0
158 169 0 0
161 169 0 0
167 169 0 0
1 170 0 0
41 170 0 0
42 170 0 0
47 170 0 0
48 170 0 0
55 170 0 0
56 170 0 0
58 170 0 0
60 170 0 0
61 170 0 0
62 170 0 0
64 170 0 0
65 170 0 0
69 170 0 0
70 170 0 0
76 170 0 0
78 170 0 0
82 170 0 0
83 170 0 0
87 170 0 0
89 170 0 0
93 170 0 0
94 170 0 0
96 170 0 0
97 170 0 0
122 170 0 0
123 170 0 0
124 170 0 0
125 170 0 0
126 170 0 0
129 170 0 0
133 170 0 0
134 170 0 0
137 170 0 0
139 170 0 0
140 170 0 0
142 170 0 0
143 170 0 0
144 170 0 0
145 170 0 0
147 170 0 0
150 170 0 0
151 170 0 0
152 170 0 0
153 170 0 0
156 170 0 0
157 170 0 0
159 170 0 0
162 170 0 0
164 170 0 0
165 170 0 0
166 170 0 0
1 171 0 0
41 171 0 0
42 171 0 0
47 171 0 0
48 171 0 0
55 171 0 0
58 171 0 0
62 171 0 0
64 171 0 0
65 171 0 0
69 171 0 0
70 171 0 0
76 171 0 0
78 171 0 0
82 171 0 0
84 171 0 0
89 171 0 0
93 171 0 0
94 171 0 0
96 171 0 0
97 171 0 0
122 171 0 0
125 171 0 0
126 171 0 0
133 171 0 0
134 171 0 0
137 171 0 0
139 171 0 0
140 171 0 0
142 171 0 0
143 171 0 0
144 171 0 0
145 171 0 0
147 171 0 0
151 171 0 0
152 171 0 0
156 171 0 0
157 171 0 0
159 171 0 0
164 171 0 0
165 171 0 0
166 171 0 0
168 171 0 0
170 171 0 0
31 172 0 0
40 172 0 0
46 172 0 0
49 172 0 0
52 172 0 0
53 172 0 0
56 172 0 0
57 172 0 0
67 172 0 0
68 172 0 0
71 172 0 0
72 172 0 0
74 172 0 0
75 172 0 0
77 172 0 0
79 172 0 0
80 172 0 0
81 172 0 0
83 172 0 0
88 172 0 0
90 172 0 0
119 172 0 0
132 172 0 0
135 172 0 0
138 172 0 0
141 172 0 0
146 172 0 0
155 172 0 0
158 172 0 0
161 172 0 0
162 172 0 0
167 172 0 0
169 172 0 0
1 173 0 0
46 173 0 0
48 173 0 0
51 173 0 0
56 173 0 0
57 173 0 0
58 173 0 0
60 173 0 0
61 173 0 0
62 173 0 0
65 173 0 0
68 173 0 0
71 173 0 0
75 173 0 0
76 173 0 0
77 173 0 0
80 173 0 0
81 173 0 0
82 173 0 0
83 173 0 0
87 173 0 0
90 173 0 0
132 173 0 0
135 173 0 0
138 173 0 0
139 173 0 0
140 173 0 0
141 173 0 0
145 173 0 0
146 173 0 0
150 173 0 0
153 173 0 0
158 173 0 0
159 173 0 0
162 173 0 0
165 173 0 0
167 173 0 0
170 173 0 0
172 173 0 0
27 174 0 0
41 174 0 0
43 174 0 0
47 174 0 0
50 174 0 0
54 174 0 0
55 174 0 0
59 174 0 0
63 174 0 0
64 174 0 0
69 174 0 0
70 174 0 0
73 174 0 0
76 174 0 0
78 174 0 0
84 174 0 0
85 174 0 0
86 174 0 0
89 174 0 0
92 174 0 0
93 174 0 0
94 174 0 0
95 174 0 0
96 174 0 0
97 174 0 0
98 174 0 0
117 174 0 0
120 174 0 0
121 174 0 0
122 174 0 0
124 174 0 0
126 174 0 0
127 174 0 0
129 174 0 0
130 174 0 0
131 174 0 0
133 174 0 0
134 174 0 0
136 174 0 0
137 174 0 0
142 174 0 0
143 174 0 0
144 174 0 0
145 174 0 0
147 174 0 0
148 174 0 0
149 174 0 0
151 174 0 0
152 174 0 0
154 174 0 0
156 174 0 0
157 174 0 0
159 174 0 0
160 174 0 0
163 174 0 0
164 174 0 0
166 174 0 0
168 174 0 0
170 174 0 0
171 174 0 0
7 175 0 1
9 175 0 1
22 175 0 1
23 175 0 1
27 175 0 1
29 175 0 1
30 175 0 1
33 175 0 1
34 175 0 1
41 175 0 1
42 175 0 1
47 175 0 1
48 175 0 1
51 175 0 1
58 175 0 1
60 175 0 1
62 175 0 1
65 175 0 1
69 175 0 1
70 175 0 1
76 175 0 1
78 175 0 1
159 175 0 1
166 175 0 1
168 175 0 1
2 176 0 1
3 176 0 1
7 176 0 1
9 176 0 1
10 176 0 1
17 176 0 1
18 176 0 1
19 176 0 1
22 176 0 1
23 176 0 1
26 176 0 1
27 176 0 1
29 176 0 1
30 176 0 1
33 176 0 1
34 176 0 1
41 176 0 1
42 176 0 1
47 176 0 1
48 176 0 1
51 176 0 1
65 176 0 1
71 176 0 1
6 177 0 1
7 177 0 1
14 177 0 1
17 177 0 1
19 177 0 1
21 177 0 1
22 177 0 1
26 177 0 1
28 177 0 1
33 177 0 1
7 178 0 1
17 178 0 1
19 178 0 1
6 179 0 1
7 179 0 1
17 179 0 1
19 179 0 1
3 180 0 1
7 180 0 1
17 180 0 1
2 181 0 1
3 181 0 1
7 181 0 1
9 181 0 1
10 181 0 1
6 182 0 1
14 182 0 1
15 182 0 1
17 182 0 1
19 182 0 1
6 183 0 1
14 183 0 1
17 183 0 1
19 183 0 1
2 184 0 1
3 184 0 1
4 184 0 1
7 184 0 1
9 184 0 1
10 184 0 1
11 184 0 1
4 185 0 1
5 185 0 1
8 185 0 1
11 185 0 1
12 185 0 1
13 185 0 1
16 185 0 1
18 185 0 1
20 185 0 1
36 185 0 1
37 185 0 1
2 186 0 1
3 186 0 1
4 186 0 1
5 186 0 1
8 186 0 1
9 186 0 1
10 186 0 1
11 186 0 1
16 186 0 1
18 186 0 1
20 186 0 1
6 187 0 1
14 187 0 1
17 187 0 1
19 187 0 1
4 188 0 1
5 188 0 1
8 188 0 1
11 188 0 1
12 188 0 1
13 188 0 1
16 188 0 1
20 188 0 1
35 188 0 1
36 188 0 1
37 188 0 1
2 189 0 1
3 189 0 1
4 189 0 1
5 189 0 1
8 189 0 1
9 189 0 1
10 189 0 1
11 189 0 1
16 189 0 1
18 189 0 1
20 189 0 1
34 189 0 1
6 190 0 1
14 190 0 1
15 190 0 1
17 190 0 1
19 190 0 1
21 190 0 1
28 190 0 1
31 190 0 1
32 190 0 1
6 191 0 1
7 191 0 1
14 191 0 1
15 191 0 1
17 191 0 1
19 191 0 1
21 191 0 1
22 191 0 1
28 191 0 1
33 191 0 1
2 192 0 1
3 192 0 1
4 192 0 1
5 192 0 1
7 192 0 1
8 192 0 1
9 192 0 1
10 192 0 1
11 192 0 1
18 192 0 1
23 192 0 1
29 192 0 1
30 192 0 1
34 192 0 1
6 193 0 1
14 193 0 1
15 193 0 1
17 193 0 1
19 193 0 1
21 193 0 1
28 193 0 1
2 194 0 1
3 194 0 1
4 194 0 1
5 194 0 1
8 194 0 1
9 194 0 1
10 194 0 1
11 194 0 1
18 194 0 1
23 194 0 1
29 194 0 1
30 194 0 1
34 194 0 1
38 194 0 1
2 195 0 1
3 195 0 1
4 195 0 1
5 195 0 1
8 195 0 1
9 195 0 1
10 195 0 1
11 195 0 1
16 195 0 1
18 195 0 1
20 195 0 1
23 195 0 1
34 195 0 1
35 195 0 1
38 195 0 1
2 196 0 1
4 196 0 1
5 196 0 1
8 196 0 1
10 196 0 1
11 196 0 1
13 196 0 1
16 196 0 1
18 196 0 1
20 196 0 1
34 196 0 1
35 196 0 1
37 196 0 1
38 196 0 1
3 197 0 1
7 197 0 1
9 197 0 1
17 197 0 1
33 197 0 1
4 198 0 1
5 198 0 1
8 198 0 1
11 198 0 1
12 198 0 1
13 198 0 1
16 198 0 1
18 198 0 1
20 198 0 1
35 198 0 1
36 198 0 1
37 198 0 1
38 198 0 1
6 199 0 1
14 199 0 1
15 199 0 1
17 199 0 1
19 199 0 1
4 200 0 1
5 200 0 1
8 200 0 1
10 200 0 1
11 200 0 1
12 200 0 1
13 200 0 1
16 200 0 1
18 200 0 1
20 200 0 1
35 200 0 1
36 200 0 1
37 200 0 1
38 200 0 1
7 201 0 1
17 201 0 1
19 201 0 1
33 201 0 1
2 202 0 1
3 202 0 1
4 202 0 1
5 202 0 1
8 202 0 1
9 202 0 1
10 202 0 1
11 202 0 1
18 202 0 1
34 202 0 1
5 203 0 1
8 203 0 1
11 203 0 1
12 203 0 1
13 203 0 1
16 203 0 1
20 203 0 1
35 203 0 1
36 203 0 1
37 203 0 1
38 203 0 1
6 204 0 1
7 204 0 1
14 204 0 1
15 204 0 1
17 204 0 1
19 204 0 1
21 204 0 1
28 204 0 1
2 205 0 1
3 205 0 1
4 205 0 1
7 205 0 1
8 205 0 1
9 205 0 1
10 205 0 1
11 205 0 1
18 205 0 1
29 205 0 1
34 205 0 1
4 206 0 1
5 206 0 1
8 206 0 1
10 206 0 1
11 206 0 1
12 206 0 1
13 206 0 1
16 206 0 1
18 206 0 1
20 206 0 1
23 206 0 1
24 206 0 1
25 206 0 1
27 206 0 1
30 206 0 1
34 206 0 1
35 206 0 1
36 206 0 1
37 206 0 1
38 206 0 1
43 206 0 1
44 206 0 1
45 206 0 1
50 206 0 1
168 206 0 1
5 207 0 1
8 207 0 1
10 207 0 1
11 207 0 1
13 207 0 1
16 207 0 1
18 207 0 1
20 207 0 1
23 207 0 1
25 207 0 1
27 207 0 1
29 207 0 1
30 207 0 1
34 207 0 1
35 207 0 1
37 207 0 1
38 207 0 1
41 207 0 1
42 207 0 1
43 207 0 1
44 207 0 1
47 207 0 1
50 207 0 1
168 207 0 1
6 208 0 1
14 208 0 1
15 208 0 1
17 208 0 1
19 208 0 1
21 208 0 1
26 208 0 1
28 208 0 1
31 208 0 1
32 208 0 1
40 208 0 1
46 208 0 1
49 208 0 1
71 208 0 1
72 208 0 1
8 209 0 1
9 209 0 1
10 209 0 1
11 209 0 1
18 209 0 1
23 209 0 1
25 209 0 1
27 209 0 1
29 209 0 1
30 209 0 1
34 209 0 1
35 209 0 1
38 209 0 1
41 209 0 1
42 209 0 1
43 209 0 1
47 209 0 1
50 209 0 1
70 209 0 1
168 209 0 1
6 210 0 1
14 210 0 1
15 210 0 1
17 210 0 1
19 210 0 1
21 210 0 1
22 210 0 1
26 210 0 1
28 210 0 1
31 210 0 1
32 210 0 1
33 210 0 1
40 210 0 1
46 210 0 1
49 210 0 1
51 210 0 1
71 210 0 1
72 210 0 1
6 211 0 1
7 211 0 1
14 211 0 1
15 211 0 1
17 211 0 1
19 211 0 1
21 211 0 1
22 211 0 1
26 211 0 1
28 211 0 1
31 211 0 1
32 211 0 1
33 211 0 1
40 211 0 1
46 211 0 1
49 211 0 1
51 211 0 1
71 211 0 1
7 212 0 1
14 212 0 1
17 212 0 1
19 212 0 1
21 212 0 1
22 212 0 1
26 212 0 1
28 212 0 1
31 212 0 1
32 212 0 1
33 212 0 1
40 212 0 1
46 212 0 1
49 212 0 1
51 212 0 1
68 212 0 1
71 212 0 1
12 213 0 1
13 213 0 1
16 213 0 1
20 213 0 1
24 213 0 1
25 213 0 1
35 213 0 1
36 213 0 1
37 213 0 1
38 213 0 1
39 213 0 1
43 213 0 1
44 213 0 1
45 213 0 1
66 213 0 1
73 213 0 1
168 213 0 1
8 214 0 1
12 214 0 1
13 214 0 1
16 214 0 1
18 214 0 1
20 214 0 1
23 214 0 1
24 214 0 1
25 214 0 1
34 214 0 1
35 214 0 1
36 214 0 1
37 214 0 1
38 214 0 1
39 214 0 1
43 214 0 1
44 214 0 1
45 214 0 1
50 214 0 1
54 214 0 1
59 214 0 1
66 214 0 1
73 214 0 1
168 214 0 1
14 215 0 1
15 215 0 1
17 215 0 1
19 215 0 1
21 215 0 1
22 215 0 1
26 215 0 1
28 215 0 1
31 215 0 1
32 215 0 1
33 215 0 1
40 215 0 1
46 215 0 1
49 215 0 1
51 215 0 1
56 215 0 1
57 215 0 1
67 215 0 1
68 215 0 1
71 215 0 1
72 215 0 1
74 215 0 1
75 215 0 1
77 215 0 1
167 215 0 1
7 216 0 1
17 216 0 1
22 216 0 1
26 216 0 1
28 216 0 1
33 216 0 1
42 216 0 1
46 216 0 1
48 216 0 1
51 216 0 1
56 216 0 1
57 216 0 1
58 216 0 1
60 216 0 1
61 216 0 1
62 216 0 1
65 216 0 1
68 216 0 1
69 216 0 1
71 216 0 1
76 216 0 1
77 216 0 1
159 216 0 1
165 216 0 1
6 217 0 1
14 217 0 1
15 217 0 1
17 217 0 1
19 217 0 1
21 217 0 1
28 217 0 1
31 217 0 1
32 217 0 1
40 217 0 1
49 217 0 1
67 217 0 1
71 217 0 1
72 217 0 1
74 217 0 1
6 218 0 1
14 218 0 1
15 218 0 1
17 218 0 1
19 218 0 1
21 218 0 1
22 218 0 1
26 218 0 1
28 218 0 1
31 218 0 1
32 218 0 1
40 218 0 1
46 218 0 1
49 218 0 1
67 218 0 1
71 218 0 1
72 218 0 1
8 219 0 1
9 219 0 1
10 219 0 1
18 219 0 1
23 219 0 1
25 219 0 1
27 219 0 1
29 219 0 1
30 219 0 1
34 219 0 1
35 219 0 1
38 219 0 1
41 219 0 1
42 219 0 1
43 219 0 1
47 219 0 1
50 219 0 1
65 219 0 1
69 219 0 1
70 219 0 1
78 219 0 1
168 219 0 1
7 220 0 1
17 220 0 1
22 220 0 1
26 220 0 1
33 220 0 1
42 220 0 1
46 220 0 1
48 220 0 1
51 220 0 1
65 220 0 1
68 220 0 1
71 220 0 1
6 221 0 1
14 221 0 1
15 221 0 1
17 221 0 1
19 221 0 1
21 221 0 1
22 221 0 1
26 221 0 1
28 221 0 1
31 221 0 1
32 221 0 1
33 221 0 1
40 221 0 1
46 221 0 1
49 221 0 1
51 221 0 1
57 221 0 1
67 221 0 1
68 221 0 1
71 221 0 1
72 221 0 1
74 221 0 1
75 221 0 1
77 221 0 1
167 221 0 1
6 222 0 1
14 222 0 1
15 222 0 1
17 222 0 1
19 222 0 1
21 222 0 1
28 222 0 1
31 222 0 1
32 222 0 1
40 222 0 1
46 222 0 1
49 222 0 1
52 222 0 1
53 222 0 1
67 222 0 1
71 222 0 1
72 222 0 1
74 222 0 1
75 222 0 1
7 223 0 1
17 223 0 1
19 223 0 1
21 223 0 1
22 223 0 1
26 223 0 1
28 223 0 1
31 223 0 1
32 223 0 1
33 223 0 1
40 223 0 1
46 223 0 1
48 223 0 1
49 223 0 1
51 223 0 1
56 223 0 1
57 223 0 1
65 223 0 1
68 223 0 1
71 223 0 1
75 223 0 1
77 223 0 1
9 224 0 1
18 224 0 1
23 224 0 1
27 224 0 1
29 224 0 1
30 224 0 1
33 224 0 1
34 224 0 1
41 224 0 1
42 224 0 1
47 224 0 1
48 224 0 1
65 224 0 1
69 224 0 1
70 224 0 1
76 224 0 1
78 224 0 1
166 224 0 1
168 224 0 1
8 225 0 1
12 225 0 1
13 225 0 1
16 225 0 1
18 225 0 1
20 225 0 1
23 225 0 1
24 225 0 1
25 225 0 1
27 225 0 1
29 225 0 1
30 225 0 1
34 225 0 1
35 225 0 1
37 225 0 1
38 225 0 1
41 225 0 1
43 225 0 1
44 225 0 1
45 225 0 1
47 225 0 1
50 225 0 1
55 225 0 1
70 225 0 1
73 225 0 1
78 225 0 1
168 225 0 1
8 226 0 1
18 226 0 1
23 226 0 1
25 226 0 1
27 226 0 1
29 226 0 1
30 226 0 1
34 226 0 1
35 226 0 1
38 226 0 1
41 226 0 1
42 226 0 1
43 226 0 1
47 226 0 1
48 226 0 1
50 226 0 1
55 226 0 1
64 226 0 1
65 226 0 1
69 226 0 1
70 226 0 1
76 226 0 1
78 226 0 1
166 226 0 1
168 226 0 1
2 227 0 1
3 227 0 1
7 227 0 1
9 227 0 1
10 227 0 1
18 227 0 1
23 227 0 1
27 227 0 1
29 227 0 1
30 227 0 1
33 227 0 1
34 227 0 1
41 227 0 1
42 227 0 1
47 227 0 1
48 227 0 1
65 227 0 1
69 227 0 1
168 227 0 1
6 228 0 1
14 228 0 1
15 228 0 1
17 228 0 1
19 228 0 1
21 228 0 1
28 228 0 1
31 228 0 1
32 228 0 1
40 228 0 1
71 228 0 1
6 229 0 1
14 229 0 1
15 229 0 1
17 229 0 1
19 229 0 1
21 229 0 1
22 229 0 1
28 229 0 1
31 229 0 1
32 229 0 1
2 230 0 1
3 230 0 1
4 230 0 1
5 230 0 1
8 230 0 1
9 230 0 1
10 230 0 1
11 230 0 1
13 230 0 1
16 230 0 1
18 230 0 1
20 230 0 1
23 230 0 1
25 230 0 1
27 230 0 1
29 230 0 1
30 230 0 1
34 230 0 1
35 230 0 1
37 230 0 1
38 230 0 1
41 230 0 1
42 230 0 1
43 230 0 1
47 230 0 1
168 230 0 1
6 231 0 1
14 231 0 1
15 231 0 1
17 231 0 1
19 231 0 1
21 231 0 1
22 231 0 1
26 231 0 1
28 231 0 1
31 231 0 1
32 231 0 1
33 231 0 1
40 231 0 1
71 231 0 1
2 232 0 1
3 232 0 1
4 232 0 1
5 232 0 1
8 232 0 1
9 232 0 1
10 232 0 1
11 232 0 1
16 232 0 1
18 232 0 1
20 232 0 1
23 232 0 1
25 232 0 1
27 232 0 1
29 232 0 1
30 232 0 1
34 232 0 1
35 232 0 1
38 232 0 1
168 232 0 1
6 233 0 1
14 233 0 1
15 233 0 1
17 233 0 1
19 233 0 1
21 233 0 1
22 233 0 1
26 233 0 1
28 233 0 1
31 233 0 1
32 233 0 1
40 233 0 1
46 233 0 1
49 233 0 1
71 233 0 1
6 234 0 1
14 234 0 1
15 234 0 1
17 234 0 1
19 234 0 1
21 234 0 1
22 234 0 1
26 234 0 1
28 234 0 1
31 234 0 1
32 234 0 1
40 234 0 1
46 234 0 1
49 234 0 1
71 234 0 1
72 234 0 1
7 235 0 1
17 235 0 1
19 235 0 1
21 235 0 1
22 235 0 1
26 235 0 1
28 235 0 1
31 235 0 1
33 235 0 1
46 235 0 1
71 235 0 1
2 236 0 1
3 236 0 1
7 236 0 1
8 236 0 1
9 236 0 1
10 236 0 1
11 236 0 1
18 236 0 1
23 236 0 1
27 236 0 1
29 236 0 1
30 236 0 1
34 236 0 1
41 236 0 1
42 236 0 1
47 236 0 1
168 236 0 1
14 237 0 1
15 237 0 1
21 237 0 1
28 237 0 1
31 237 0 1
32 237 0 1
40 237 0 1
46 237 0 1
49 237 0 1
52 237 0 1
53 237 0 1
57 237 0 1
67 237 0 1
71 237 0 1
72 237 0 1
74 237 0 1
75 237 0 1
79 237 0 1
155 237 0 1
161 237 0 1
167 237 0 1
169 237 0 1
172 237 0 1
14 238 0 1
15 238 0 1
21 238 0 1
26 238 0 1
28 238 0 1
31 238 0 1
32 238 0 1
40 238 0 1
46 238 0 1
49 238 0 1
52 238 0 1
53 238 0 1
57 238 0 1
67 238 0 1
68 238 0 1
71 238 0 1
72 238 0 1
74 238 0 1
75 238 0 1
77 238 0 1
79 238 0 1
80 238 0 1
138 238 0 1
155 238 0 1
161 238 0 1
167 238 0 1
169 238 0 1
172 238 0 1
12 239 0 1
13 239 0 1
24 239 0 1
25 239 0 1
35 239 0 1
36 239 0 1
37 239 0 1
38 239 0 1
39 239 0 1
43 239 0 1
44 239 0 1
45 239 0 1
50 239 0 1
54 239 0 1
59 239 0 1
63 239 0 1
66 239 0 1
73 239 0 1
84 239 0 1
85 239 0 1
86 239 0 1
154 239 0 1
160 239 0 1
163 239 0 1
168 239 0 1
24 240 0 1
25 240 0 1
35 240 0 1
36 240 0 1
39 240 0 1
43 240 0 1
44 240 0 1
45 240 0 1
50 240 0 1
54 240 0 1
59 240 0 1
63 240 0 1
66 240 0 1
73 240 0 1
84 240 0 1
85 240 0 1
86 240 0 1
154 240 0 1
160 240 0 1
163 240 0 1
168 240 0 1
23 241 0 1
25 241 0 1
27 241 0 1
29 241 0 1
30 241 0 1
34 241 0 1
41 241 0 1
42 241 0 1
43 241 0 1
47 241 0 1
48 241 0 1
50 241 0 1
55 241 0 1
58 241 0 1
63 241 0 1
64 241 0 1
65 241 0 1
69 241 0 1
70 241 0 1
76 241 0 1
78 241 0 1
84 241 0 1
133 241 0 1
134 241 0 1
137 241 0 1
140 241 0 1
143 241 0 1
156 241 0 1
157 241 0 1
159 241 0 1
163 241 0 1
164 241 0 1
166 241 0 1
168 241 0 1
170 241 0 1
171 241 0 1
174 241 0 1
12 242 0 1
24 242 0 1
25 242 0 1
35 242 0 1
36 242 0 1
37 242 0 1
38 242 0 1
39 242 0 1
43 242 0 1
44 242 0 1
45 242 0 1
50 242 0 1
54 242 0 1
59 242 0 1
63 242 0 1
66 242 0 1
73 242 0 1
84 242 0 1
85 242 0 1
86 242 0 1
154 242 0 1
160 242 0 1
163 242 0 1
168 242 0 1
25 243 0 1
27 243 0 1
43 243 0 1
44 243 0 1
47 243 0 1
50 243 0 1
54 243 0 1
55 243 0 1
59 243 0 1
63 243 0 1
64 243 0 1
66 243 0 1
70 243 0 1
73 243 0 1
78 243 0 1
84 243 0 1
85 243 0 1
86 243 0 1
92 243 0 1
93 243 0 1
95 243 0 1
97 243 0 1
98 243 0 1
120 243 0 1
133 243 0 1
134 243 0 1
136 243 0 1
137 243 0 1
142 243 0 1
143 243 0 1
147 243 0 1
148 243 0 1
149 243 0 1
151 243 0 1
154 243 0 1
156 243 0 1
157 243 0 1
160 243 0 1
163 243 0 1
164 243 0 1
166 243 0 1
168 243 0 1
171 243 0 1
174 243 0 1
27 244 0 1
29 244 0 1
30 244 0 1
41 244 0 1
42 244 0 1
47 244 0 1
48 244 0 1
55 244 0 1
58 244 0 1
60 244 0 1
61 244 0 1
62 244 0 1
64 244 0 1
65 244 0 1
69 244 0 1
70 244 0 1
76 244 0 1
78 244 0 1
82 244 0 1
89 244 0 1
133 244 0 1
134 244 0 1
137 244 0 1
139 244 0 1
140 244 0 1
143 244 0 1
144 244 0 1
145 244 0 1
151 244 0 1
152 244 0 1
156 244 0 1
157 244 0 1
159 244 0 1
164 244 0 1
165 244 0 1
166 244 0 1
168 244 0 1
170 244 0 1
171 244 0 1
174 244 0 1
27 245 0 1
29 245 0 1
30 245 0 1
41 245 0 1
42 245 0 1
47 245 0 1
48 245 0 1
50 245 0 1
55 245 0 1
58 245 0 1
62 245 0 1
63 245 0 1
64 245 0 1
65 245 0 1
69 245 0 1
70 245 0 1
76 245 0 1
78 245 0 1
84 245 0 1
89 245 0 1
94 245 0 1
133 245 0 1
134 245 0 1
136 245 0 1
137 245 0 1
139 245 0 1
140 245 0 1
142 245 0 1
143 245 0 1
144 245 0 1
145 245 0 1
147 245 0 1
151 245 0 1
152 245 0 1
156 245 0 1
157 245 0 1
159 245 0 1
163 245 0 1
164 245 0 1
166 245 0 1
168 245 0 1
170 245 0 1
171 245 0 1
174 245 0 1
23 246 0 1
25 246 0 1
27 246 0 1
29 246 0 1
30 246 0 1
41 246 0 1
42 246 0 1
43 246 0 1
47 246 0 1
50 246 0 1
55 246 0 1
63 246 0 1
64 246 0 1
65 246 0 1
69 246 0 1
70 246 0 1
76 246 0 1
78 246 0 1
84 246 0 1
86 246 0 1
93 246 0 1
133 246 0 1
134 246 0 1
136 246 0 1
137 246 0 1
140 246 0 1
142 246 0 1
143 246 0 1
144 246 0 1
145 246 0 1
147 246 0 1
148 246 0 1
151 246 0 1
152 246 0 1
156 246 0 1
157 246 0 1
159 246 0 1
160 246 0 1
163 246 0 1
164 246 0 1
166 246 0 1
168 246 0 1
170 246 0 1
171 246 0 1
174 246 0 1
12 247 0 1
13 247 0 1
20 247 0 1
23 247 0 1
24 247 0 1
25 247 0 1
27 247 0 1
30 247 0 1
34 247 0 1
35 247 0 1
36 247 0 1
37 247 0 1
38 247 0 1
39 247 0 1
43 247 0 1
44 247 0 1
45 247 0 1
50 247 0 1
54 247 0 1
55 247 0 1
59 247 0 1
63 247 0 1
66 247 0 1
70 247 0 1
73 247 0 1
84 247 0 1
86 247 0 1
154 247 0 1
156 247 0 1
160 247 0 1
163 247 0 1
168 247 0 1
23 248 0 1
27 248 0 1
29 248 0 1
30 248 0 1
33 248 0 1
34 248 0 1
41 248 0 1
42 248 0 1
47 248 0 1
48 248 0 1
50 248 0 1
55 248 0 1
58 248 0 1
60 248 0 1
62 248 0 1
64 248 0 1
65 248 0 1
69 248 0 1
70 248 0 1
76 248 0 1
78 248 0 1
140 248 0 1
156 248 0 1
157 248 0 1
159 248 0 1
164 248 0 1
165 248 0 1
166 248 0 1
168 248 0 1
170 248 0 1
171 248 0 1
174 248 0 1
22 249 0 1
26 249 0 1
28 249 0 1
33 249 0 1
46 249 0 1
48 249 0 1
49 249 0 1
51 249 0 1
56 249 0 1
57 249 0 1
58 249 0 1
60 249 0 1
61 249 0 1
62 249 0 1
65 249 0 1
68 249 0 1
71 249 0 1
75 249 0 1
76 249 0 1
77 249 0 1
81 249 0 1
82 249 0 1
83 249 0 1
87 249 0 1
139 249 0 1
158 249 0 1
159 249 0 1
162 249 0 1
165 249 0 1
167 249 0 1
173 249 0 1
22 250 0 1
27 250 0 1
29 250 0 1
30 250 0 1
33 250 0 1
41 250 0 1
42 250 0 1
47 250 0 1
48 250 0 1
51 250 0 1
55 250 0 1
56 250 0 1
58 250 0 1
60 250 0 1
61 250 0 1
62 250 0 1
64 250 0 1
65 250 0 1
68 250 0 1
69 250 0 1
70 250 0 1
71 250 0 1
76 250 0 1
78 250 0 1
140 250 0 1
159 250 0 1
162 250 0 1
164 250 0 1
165 250 0 1
166 250 0 1
170 250 0 1
171 250 0 1
12 251 0 1
20 251 0 1
23 251 0 1
24 251 0 1
25 251 0 1
27 251 0 1
34 251 0 1
35 251 0 1
36 251 0 1
37 251 0 1
38 251 0 1
39 251 0 1
43 251 0 1
44 251 0 1
45 251 0 1
50 251 0 1
54 251 0 1
55 251 0 1
59 251 0 1
63 251 0 1
66 251 0 1
70 251 0 1
73 251 0 1
84 251 0 1
85 251 0 1
86 251 0 1
136 251 0 1
154 251 0 1
156 251 0 1
160 251 0 1
163 251 0 1
168 251 0 1
174 251 0 1
50 252 0 1
54 252 0 1
55 252 0 1
59 252 0 1
63 252 0 1
64 252 0 1
66 252 0 1
70 252 0 1
73 252 0 1
78 252 0 1
84 252 0 1
85 252 0 1
86 252 0 1
91 252 0 1
92 252 0 1
93 252 0 1
95 252 0 1
97 252 0 1
98 252 0 1
116 252 0 1
117 252 0 1
118 252 0 1
120 252 0 1
121 252 0 1
126 252 0 1
127 252 0 1
128 252 0 1
130 252 0 1
131 252 0 1
133 252 0 1
134 252 0 1
136 252 0 1
137 252 0 1
142 252 0 1
143 252 0 1
147 252 0 1
148 252 0 1
149 252 0 1
151 252 0 1
154 252 0 1
156 252 0 1
157 252 0 1
160 252 0 1
163 252 0 1
164 252 0 1
168 252 0 1
174 252 0 1
49 253 0 1
52 253 0 1
53 253 0 1
67 253 0 1
72 253 0 1
74 253 0 1
75 253 0 1
79 253 0 1
80 253 0 1
81 253 0 1
88 253 0 1
119 253 0 1
135 253 0 1
138 253 0 1
141 253 0 1
146 253 0 1
155 253 0 1
161 253 0 1
167 253 0 1
169 253 0 1
172 253 0 1
59 254 0 1
84 254 0 1
85 254 0 1
86 254 0 1
91 254 0 1
92 254 0 1
95 254 0 1
98 254 0 1
109 254 0 1
116 254 0 1
118 254 0 1
120 254 0 1
127 254 0 1
128 254 0 1
130 254 0 1
136 254 0 1
148 254 0 1
149 254 0 1
154 254 0 1
160 254 0 1
1 255 0 1
56 255 0 1
57 255 0 1
60 255 0 1
61 255 0 1
62 255 0 1
68 255 0 1
71 255 0 1
75 255 0 1
77 255 0 1
79 255 0 1
80 255 0 1
81 255 0 1
82 255 0 1
83 255 0 1
87 255 0 1
88 255 0 1
90 255 0 1
119 255 0 1
123 255 0 1
132 255 0 1
135 255 0 1
138 255 0 1
139 255 0 1
140 255 0 1
141 255 0 1
146 255 0 1
150 255 0 1
153 255 0 1
155 255 0 1
158 255 0 1
159 255 0 1
162 255 0 1
165 255 0 1
167 255 0 1
169 255 0 1
172 255 0 1
173 255 0 1
52 256 0 1
53 256 0 1
72 256 0 1
74 256 0 1
75 256 0 1
79 256 0 1
80 256 0 1
81 256 0 1
88 256 0 1
119 256 0 1
132 256 0 1
135 256 0 1
138 256 0 1
141 256 0 1
146 256 0 1
155 256 0 1
161 256 0 1
167 256 0 1
169 256 0 1
172 256 0 1
53 257 0 1
56 257 0 1
57 257 0 1
61 257 0 1
75 257 0 1
79 257 0 1
80 257 0 1
81 257 0 1
82 257 0 1
83 257 0 1
87 257 0 1
88 257 0 1
90 257 0 1
108 257 0 1
119 257 0 1
132 257 0 1
135 257 0 1
138 257 0 1
139 257 0 1
140 257 0 1
141 257 0 1
146 257 0 1
150 257 0 1
153 257 0 1
155 257 0 1
158 257 0 1
161 257 0 1
162 257 0 1
165 257 0 1
167 257 0 1
169 257 0 1
172 257 0 1
173 257 0 1
55 258 0 1
59 258 0 1
63 258 0 1
84 258 0 1
85 258 0 1
86 258 0 1
91 258 0 1
92 258 0 1
93 258 0 1
95 258 0 1
97 258 0 1
98 258 0 1
99 258 0 1
109 258 0 1
110 258 0 1
116 258 0 1
117 258 0 1
118 258 0 1
120 258 0 1
121 258 0 1
124 258 0 1
126 258 0 1
127 258 0 1
128 258 0 1
130 258 0 1
131 258 0 1
133 258 0 1
134 258 0 1
136 258 0 1
137 258 0 1
142 258 0 1
143 258 0 1
147 258 0 1
148 258 0 1
149 258 0 1
151 258 0 1
154 258 0 1
156 258 0 1
157 258 0 1
160 258 0 1
163 258 0 1
168 258 0 1
174 258 0 1
52 259 0 1
53 259 0 1
74 259 0 1
79 259 0 1
80 259 0 1
81 259 0 1
88 259 0 1
119 259 0 1
135 259 0 1
138 259 0 1
141 259 0 1
146 259 0 1
155 259 0 1
161 259 0 1
167 259 0 1
169 259 0 1
172 259 0 1
63 260 0 1
84 260 0 1
85 260 0 1
86 260 0 1
91 260 0 1
92 260 0 1
93 260 0 1
95 260 0 1
97 260 0 1
98 260 0 1
99 260 0 1
109 260 0 1
110 260 0 1
116 260 0 1
117 260 0 1
118 260 0 1
120 260 0 1
121 260 0 1
126 260 0 1
127 260 0 1
128 260 0 1
130 260 0 1
131 260 0 1
133 260 0 1
136 260 0 1
137 260 0 1
142 260 0 1
143 260 0 1
147 260 0 1
148 260 0 1
149 260 0 1
154 260 0 1
156 260 0 1
160 260 0 1
163 260 0 1
168 260 0 1
174 260 0 1
1 261 0 1
55 261 0 1
64 261 0 1
84 261 0 1
86 261 0 1
89 261 0 1
92 261 0 1
93 261 0 1
94 261 0 1
95 261 0 1
96 261 0 1
97 261 0 1
98 261 0 1
99 261 0 1
100 261 0 1
101 261 0 1
110 261 0 1
111 261 0 1
112 261 0 1
113 261 0 1
117 261 0 1
118 261 0 1
120 261 0 1
121 261 0 1
122 261 0 1
124 261 0 1
125 261 0 1
126 261 0 1
127 261 0 1
129 261 0 1
130 261 0 1
131 261 0 1
133 261 0 1
134 261 0 1
136 261 0 1
137 261 0 1
142 261 0 1
143 261 0 1
144 261 0 1
145 261 0 1
147 261 0 1
148 261 0 1
149 261 0 1
151 261 0 1
152 261 0 1
156 261 0 1
157 261 0 1
159 261 0 1
163 261 0 1
164 261 0 1
166 261 0 1
168 261 0 1
170 261 0 1
171 261 0 1
174 261 0 1
55 262 0 1
63 262 0 1
84 262 0 1
85 262 0 1
86 262 0 1
91 262 0 1
92 262 0 1
93 262 0 1
94 262 0 1
95 262 0 1
97 262 0 1
98 262 0 1
99 262 0 1
109 262 0 1
110 262 0 1
116 262 0 1
117 262 0 1
118 262 0 1
120 262 0 1
121 262 0 1
124 262 0 1
126 262 0 1
127 262 0 1
128 262 0 1
129 262 0 1
130 262 0 1
131 262 0 1
133 262 0 1
134 262 0 1
136 262 0 1
137 262 0 1
142 262 0 1
143 262 0 1
147 262 0 1
148 262 0 1
149 262 0 1
151 262 0 1
154 262 0 1
156 262 0 1
157 262 0 1
160 262 0 1
163 262 0 1
168 262 0 1
174 262 0 1
1 263 0 1
84 263 0 1
86 263 0 1
89 263 0 1
92 263 0 1
93 263 0 1
94 263 0 1
95 263 0 1
96 263 0 1
97 263 0 1
98 263 0 1
99 263 0 1
101 263 0 1
109 263 0 1
110 263 0 1
111 263 0 1
112 263 0 1
113 263 0 1
114 263 0 1
116 263 0 1
117 263 0 1
118 263 0 1
120 263 0 1
121 263 0 1
122 263 0 1
124 263 0 1
125 263 0 1
126 263 0 1
127 263 0 1
129 263 0 1
130 263 0 1
131 263 0 1
133 263 0 1
134 263 0 1
136 263 0 1
137 263 0 1
142 263 0 1
143 263 0 1
144 263 0 1
147 263 0 1
148 263 0 1
149 263 0 1
151 263 0 1
152 263 0 1
156 263 0 1
157 263 0 1
163 263 0 1
168 263 0 1
171 263 0 1
174 263 0 1
84 264 0 1
85 264 0 1
86 264 0 1
91 264 0 1
92 264 0 1
95 264 0 1
97 264 0 1
98 264 0 1
99 264 0 1
104 264 0 1
106 264 0 1
107 264 0 1
109 264 0 1
110 264 0 1
116 264 0 1
117 264 0 1
118 264 0 1
120 264 0 1
121 264 0 1
127 264 0 1
128 264 0 1
130 264 0 1
136 264 0 1
142 264 0 1
148 264 0 1
149 264 0 1
154 264 0 1
174 264 0 1
84 265 0 1
85 265 0 1
86 265 0 1
91 265 0 1
92 265 0 1
93 265 0 1
95 265 0 1
97 265 0 1
98 265 0 1
99 265 0 1
104 265 0 1
106 265 0 1
109 265 0 1
110 265 0 1
116 265 0 1
117 265 0 1
118 265 0 1
120 265 0 1
121 265 0 1
127 265 0 1
128 265 0 1
130 265 0 1
131 265 0 1
133 265 0 1
136 265 0 1
142 265 0 1
147 265 0 1
148 265 0 1
149 265 0 1
154 265 0 1
160 265 0 1
174 265 0 1
1 266 0 1
80 266 0 1
81 266 0 1
82 266 0 1
83 266 0 1
87 266 0 1
88 266 0 1
90 266 0 1
108 266 0 1
115 266 0 1
119 266 0 1
123 266 0 1
132 266 0 1
135 266 0 1
138 266 0 1
139 266 0 1
140 266 0 1
141 266 0 1
146 266 0 1
150 266 0 1
153 266 0 1
158 266 0 1
159 266 0 1
165 266 0 1
167 266 0 1
172 266 0 1
173 266 0 1
1 267 0 1
82 267 0 1
83 267 0 1
87 267 0 1
89 267 0 1
90 267 0 1
94 267 0 1
96 267 0 1
100 267 0 1
112 267 0 1
115 267 0 1
122 267 0 1
123 267 0 1
125 267 0 1
126 267 0 1
129 267 0 1
132 267 0 1
135 267 0 1
139 267 0 1
140 267 0 1
141 267 0 1
144 267 0 1
145 267 0 1
150 267 0 1
152 267 0 1
153 267 0 1
159 267 0 1
165 267 0 1
170 267 0 1
173 267 0 1
26 268 0 1
46 268 0 1
49 268 0 1
51 268 0 1
56 268 0 1
57 268 0 1
58 268 0 1
60 268 0 1
61 268 0 1
62 268 0 1
65 268 0 1
67 268 0 1
68 268 0 1
71 268 0 1
75 268 0 1
77 268 0 1
80 268 0 1
81 268 0 1
82 268 0 1
83 268 0 1
87 268 0 1
90 268 0 1
132 268 0 1
135 268 0 1
138 268 0 1
139 268 0 1
140 268 0 1
141 268 0 1
146 268 0 1
150 268 0 1
153 268 0 1
155 268 0 1
158 268 0 1
159 268 0 1
162 268 0 1
165 268 0 1
167 268 0 1
169 268 0 1
170 268 0 1
172 268 0 1
173 268 0 1
39 269 0 1
43 269 0 1
44 269 0 1
45 269 0 1
50 269 0 1
54 269 0 1
55 269 0 1
59 269 0 1
63 269 0 1
66 269 0 1
73 269 0 1
84 269 0 1
85 269 0 1
86 269 0 1
91 269 0 1
92 269 0 1
95 269 0 1
98 269 0 1
120 269 0 1
127 269 0 1
133 269 0 1
136 269 0 1
142 269 0 1
147 269 0 1
148 269 0 1
149 269 0 1
154 269 0 1
156 269 0 1
157 269 0 1
160 269 0 1
163 269 0 1
168 269 0 1
174 269 0 1
43 270 0 1
50 270 0 1
54 270 0 1
55 270 0 1
59 270 0 1
63 270 0 1
64 270 0 1
66 270 0 1
70 270 0 1
73 270 0 1
78 270 0 1
84 270 0 1
85 270 0 1
86 270 0 1
91 270 0 1
92 270 0 1
93 270 0 1
95 270 0 1
97 270 0 1
98 270 0 1
120 270 0 1
121 270 0 1
127 270 0 1
128 270 0 1
130 270 0 1
133 270 0 1
134 270 0 1
136 270 0 1
137 270 0 1
142 270 0 1
143 270 0 1
147 270 0 1
148 270 0 1
149 270 0 1
154 270 0 1
156 270 0 1
157 270 0 1
160 270 0 1
163 270 0 1
168 270 0 1
174 270 0 1
79 271 0 1
88 271 0 1
108 271 0 1
119 271 0 1
135 271 0 1
138 271 0 1
146 271 0 1
79 272 0 1
80 272 0 1
81 272 0 1
88 272 0 1
90 272 0 1
103 272 0 1
108 272 0 1
119 272 0 1
132 272 0 1
135 272 0 1
138 272 0 1
141 272 0 1
146 272 0 1
150 272 0 1
172 272 0 1
1 273 0 1
89 273 0 1
93 273 0 1
94 273 0 1
96 273 0 1
97 273 0 1
98 273 0 1
99 273 0 1
100 273 0 1
101 273 0 1
105 273 0 1
111 273 0 1
112 273 0 1
113 273 0 1
114 273 0 1
115 273 0 1
121 273 0 1
122 273 0 1
123 273 0 1
124 273 0 1
125 273 0 1
126 273 0 1
129 273 0 1
131 273 0 1
133 273 0 1
134 273 0 1
137 273 0 1
139 273 0 1
140 273 0 1
142 273 0 1
143 273 0 1
144 273 0 1
145 273 0 1
147 273 0 1
151 273 0 1
152 273 0 1
153 273 0 1
159 273 0 1
170 273 0 1
171 273 0 1
174 273 0 1
1 274 0 1
82 274 0 1
83 274 0 1
87 274 0 1
90 274 0 1
100 274 0 1
108 274 0 1
115 274 0 1
119 274 0 1
123 274 0 1
125 274 0 1
132 274 0 1
135 274 0 1
139 274 0 1
140 274 0 1
141 274 0 1
145 274 0 1
146 274 0 1
150 274 0 1
152 274 0 1
153 274 0 1
159 274 0 1
173 274 0 1
1 275 0 1
84 275 0 1
89 275 0 1
92 275 0 1
93 275 0 1
94 275 0 1
95 275 0 1
96 275 0 1
97 275 0 1
98 275 0 1
99 275 0 1
100 275 0 1
101 275 0 1
102 275 0 1
105 275 0 1
109 275 0 1
110 275 0 1
111 275 0 1
112 275 0 1
113 275 0 1
114 275 0 1
116 275 0 1
117 275 0 1
118 275 0 1
120 275 0 1
121 275 0 1
122 275 0 1
124 275 0 1
125 275 0 1
126 275 0 1
127 275 0 1
129 275 0 1
130 275 0 1
131 275 0 1
133 275 0 1
134 275 0 1
136 275 0 1
137 275 0 1
142 275 0 1
143 275 0 1
144 275 0 1
147 275 0 1
148 275 0 1
149 275 0 1
151 275 0 1
152 275 0 1
174 275 0 1
84 276 0 1
85 276 0 1
86 276 0 1
91 276 0 1
92 276 0 1
93 276 0 1
95 276 0 1
97 276 0 1
98 276 0 1
99 276 0 1
104 276 0 1
105 276 0 1
106 276 0 1
107 276 0 1
109 276 0 1
110 276 0 1
111 276 0 1
113 276 0 1
114 276 0 1
116 276 0 1
117 276 0 1
118 276 0 1
120 276 0 1
121 276 0 1
124 276 0 1
126 276 0 1
127 276 0 1
128 276 0 1
129 276 0 1
130 276 0 1
131 276 0 1
133 276 0 1
134 276 0 1
136 276 0 1
137 276 0 1
142 276 0 1
143 276 0 1
147 276 0 1
148 276 0 1
149 276 0 1
151 276 0 1
174 276 0 1
79 277 0 1
80 277 0 1
81 277 0 1
83 277 0 1
88 277 0 1
90 277 0 1
103 277 0 1
108 277 0 1
119 277 0 1
132 277 0 1
135 277 0 1
138 277 0 1
141 277 0 1
146 277 0 1
150 277 0 1
153 277 0 1
91 278 0 1
92 278 0 1
95 278 0 1
98 278 0 1
99 278 0 1
104 278 0 1
106 278 0 1
107 278 0 1
109 278 0 1
110 278 0 1
116 278 0 1
117 278 0 1
118 278 0 1
120 278 0 1
121 278 0 1
127 278 0 1
128 278 0 1
130 278 0 1
149 278 0 1
88 279 0 1
103 279 0 1
108 279 0 1
119 279 0 1
138 279 0 1
146 279 0 1
1 280 0 1
89 280 0 1
93 280 0 1
94 280 0 1
96 280 0 1
100 280 0 1
101 280 0 1
102 280 0 1
105 280 0 1
111 280 0 1
112 280 0 1
113 280 0 1
114 280 0 1
115 280 0 1
122 280 0 1
123 280 0 1
124 280 0 1
125 280 0 1
126 280 0 1
129 280 0 1
131 280 0 1
140 280 0 1
144 280 0 1
145 280 0 1
151 280 0 1
152 280 0 1
153 280 0 1
1 281 0 1
89 281 0 1
90 281 0 1
94 281 0 1
96 281 0 1
100 281 0 1
101 281 0 1
111 281 0 1
112 281 0 1
114 281 0 1
115 281 0 1
122 281 0 1
123 281 0 1
124 281 0 1
125 281 0 1
126 281 0 1
129 281 0 1
140 281 0 1
145 281 0 1
150 281 0 1
152 281 0 1
153 281 0 1
90 282 0 1
103 282 0 1
108 282 0 1
115 282 0 1
119 282 0 1
123 282 0 1
146 282 0 1
150 282 0 1
153 282 0 1
1 283 0 1
89 283 0 1
93 283 0 1
94 283 0 1
95 283 0 1
96 283 0 1
97 283 0 1
98 283 0 1
99 283 0 1
100 283 0 1
101 283 0 1
102 283 0 1
105 283 0 1
109 283 0 1
110 283 0 1
111 283 0 1
112 283 0 1
113 283 0 1
114 283 0 1
117 283 0 1
118 283 0 1
120 283 0 1
121 283 0 1
122 283 0 1
124 283 0 1
125 283 0 1
126 283 0 1
127 283 0 1
129 283 0 1
130 283 0 1
131 283 0 1
147 283 0 1
148 283 0 1
151 283 0 1
1 284 0 1
89 284 0 1
93 284 0 1
94 284 0 1
96 284 0 1
100 284 0 1
101 284 0 1
102 284 0 1
105 284 0 1
111 284 0 1
112 284 0 1
113 284 0 1
114 284 0 1
115 284 0 1
122 284 0 1
123 284 0 1
124 284 0 1
125 284 0 1
126 284 0 1
129 284 0 1
131 284 0 1
140 284 0 1
145 284 0 1
151 284 0 1
152 284 0 1
153 284 0 1
99 285 0 1
101 285 0 1
102 285 0 1
105 285 0 1
106 285 0 1
107 285 0 1
109 285 0 1
110 285 0 1
111 285 0 1
112 285 0 1
113 285 0 1
114 285 0 1
116 285 0 1
117 285 0 1
118 285 0 1
121 285 0 1
129 285 0 1
130 285 0 1
131 285 0 1
103 286 0 1
108 286 0 1
103 287 0 1
108 287 0 1
119 287 0 1
103 288 0 1
108 288 0 1
103 289 0 1
108 289 0 1
1 290 0 1
100 290 0 1
101 290 0 1
102 290 0 1
105 290 0 1
111 290 0 1
112 290 0 1
113 290 0 1
114 290 0 1
115 290 0 1
123 290 0 1
125 290 0 1
129 290 0 1
153 290 0 1
1 291 0 1
99 291 0 1
100 291 0 1
101 291 0 1
102 291 0 1
105 291 0 1
111 291 0 1
112 291 0 1
113 291 0 1
114 291 0 1
115 291 0 1
122 291 0 1
124 291 0 1
125 291 0 1
129 291 0 1
131 291 0 1
1 292 0 1
99 292 0 1
100 292 0 1
101 292 0 1
102 292 0 1
105 292 0 1
110 292 0 1
111 292 0 1
112 292 0 1
113 292 0 1
114 292 0 1
115 292 0 1
117 292 0 1
121 292 0 1
124 292 0 1
125 292 0 1
129 292 0 1
131 292 0 1
98 293 0 1
99 293 0 1
101 293 0 1
102 293 0 1
104 293 0 1
105 293 0 1
106 293 0 1
107 293 0 1
109 293 0 1
110 293 0 1
111 293 0 1
112 293 0 1
113 293 0 1
114 293 0 1
116 293 0 1
117 293 0 1
118 293 0 1
120 293 0 1
121 293 0 1
124 293 0 1
127 293 0 1
129 293 0 1
130 293 0 1
131 293 0 1
1 294 0 1
100 294 0 1
101 294 0 1
102 294 0 1
105 294 0 1
111 294 0 1
112 294 0 1
113 294 0 1
114 294 0 1
115 294 0 1
122 294 0 1
123 294 0 1
125 294 0 1
129 294 0 1
153 294 0 1
103 295 0 1
108 295 0 1
119 295 0 1
1 296 0 1
100 296 0 1
101 296 0 1
103 296 0 1
108 296 0 1
112 296 0 1
115 296 0 1
123 296 0 1
153 296 0 1
103 297 0 1
108 297 0 1
119 297 0 1
153 297 0 1
88 298 0 1
103 298 0 1
108 298 0 1
119 298 0 1
91 299 0 1
92 299 0 1
95 299 0 1
97 299 0 1
98 299 0 1
99 299 0 1
102 299 0 1
104 299 0 1
105 299 0 1
106 299 0 1
107 299 0 1
109 299 0 1
110 299 0 1
111 299 0 1
113 299 0 1
114 299 0 1
116 299 0 1
117 299 0 1
118 299 0 1
120 299 0 1
121 299 0 1
126 299 0 1
127 299 0 1
128 299 0 1
130 299 0 1
131 299 0 1
92 300 0 1
93 300 0 1
95 300 0 1
97 300 0 1
98 300 0 1
99 300 0 1
101 300 0 1
102 300 0 1
104 300 0 1
105 300 0 1
106 300 0 1
107 300 0 1
109 300 0 1
110 300 0 1
111 300 0 1
112 300 0 1
113 300 0 1
114 300 0 1
116 300 0 1
117 300 0 1
118 300 0 1
120 300 0 1
121 300 0 1
122 300 0 1
124 300 0 1
126 300 0 1
127 300 0 1
128 300 0 1
129 300 0 1
130 300 0 1
131 300 0 1
147 300 0 1
148 300 0 1
88 301 0 1
103 301 0 1
108 301 0 1
119 301 0 1
1 302 0 1
90 302 0 1
96 302 0 1
100 302 0 1
101 302 0 1
108 302 0 1
112 302 0 1
115 302 0 1
122 302 0 1
123 302 0 1
125 302 0 1
129 302 0 1
140 302 0 1
153 302 0 1
1 303 0 1
89 303 0 1
94 303 0 1
96 303 0 1
100 303 0 1
101 303 0 1
102 303 0 1
105 303 0 1
111 303 0 1
112 303 0 1
113 303 0 1
114 303 0 1
115 303 0 1
122 303 0 1
123 303 0 1
124 303 0 1
125 303 0 1
126 303 0 1
129 303 0 1
131 303 0 1
140 303 0 1
153 303 0 1
91 304 0 1
92 304 0 1
95 304 0 1
98 304 0 1
99 304 0 1
104 304 0 1
106 304 0 1
107 304 0 1
109 304 0 1
110 304 0 1
116 304 0 1
117 304 0 1
118 304 0 1
120 304 0 1
121 304 0 1
127 304 0 1
128 304 0 1
130 304 0 1
131 304 0 1
88 305 0 1
103 305 0 1
108 305 0 1
119 305 0 1
88 306 0 1
103 306 0 1
108 306 0 1
119 306 0 1
95 307 0 1
97 307 0 1
98 307 0 1
99 307 0 1
100 307 0 1
101 307 0 1
102 307 0 1
105 307 0 1
106 307 0 1
107 307 0 1
109 307 0 1
110 307 0 1
111 307 0 1
112 307 0 1
113 307 0 1
114 307 0 1
116 307 0 1
117 307 0 1
118 307 0 1
120 307 0 1
121 307 0 1
124 307 0 1
126 307 0 1
127 307 0 1
129 307 0 1
130 307 0 1
131 307 0 1
1 308 0 1
93 308 0 1
97 308 0 1
98 308 0 1
99 308 0 1
100 308 0 1
101 308 0 1
102 308 0 1
105 308 0 1
106 308 0 1
109 308 0 1
110 308 0 1
111 308 0 1
112 308 0 1
113 308 0 1
114 308 0 1
117 308 0 1
118 308 0 1
120 308 0 1
121 308 0 1
122 308 0 1
124 308 0 1
125 308 0 1
126 308 0 1
129 308 0 1
130 308 0 1
131 308 0 1
1 309 0 1
96 309 0 1
100 309 0 1
101 309 0 1
102 309 0 1
105 309 0 1
111 309 0 1
112 309 0 1
113 309 0 1
114 309 0 1
115 309 0 1
122 309 0 1
123 309 0 1
124 309 0 1
125 309 0 1
126 309 0 1
129 309 0 1
131 309 0 1
153 309 0 1
1 310 0 1
100 310 0 1
108 310 0 1
112 310 0 1
115 310 0 1
123 310 0 1
153 310 0 1
79 311 0 1
88 311 0 1
103 311 0 1
108 311 0 1
119 311 0 1
138 311 0 1
146 311 0 1
1 312 0 1
80 312 0 1
81 312 0 1
82 312 0 1
83 312 0 1
87 312 0 1
88 312 0 1
90 312 0 1
103 312 0 1
108 312 0 1
115 312 0 1
119 312 0 1
123 312 0 1
132 312 0 1
135 312 0 1
138 312 0 1
139 312 0 1
140 312 0 1
141 312 0 1
146 312 0 1
150 312 0 1
153 312 0 1
158 312 0 1
173 312 0 1
84 313 0 1
85 313 0 1
86 313 0 1
91 313 0 1
92 313 0 1
95 313 0 1
97 313 0 1
98 313 0 1
99 313 0 1
104 313 0 1
106 313 0 1
107 313 0 1
109 313 0 1
110 313 0 1
116 313 0 1
117 313 0 1
118 313 0 1
120 313 0 1
121 313 0 1
127 313 0 1
128 313 0 1
130 313 0 1
131 313 0 1
136 313 0 1
142 313 0 1
148 313 0 1
149 313 0 1
79 314 0 1
88 314 0 1
103 314 0 1
108 314 0 1
119 314 0 1
135 314 0 1
138 314 0 1
146 314 0 1
79 315 0 1
80 315 0 1
88 315 0 1
90 315 0 1
103 315 0 1
108 315 0 1
119 315 0 1
132 315 0 1
135 315 0 1
138 315 0 1
141 315 0 1
146 315 0 1
150 315 0 1
153 315 0 1
84 316 0 1
85 316 0 1
86 316 0 1
91 316 0 1
92 316 0 1
93 316 0 1
95 316 0 1
97 316 0 1
98 316 0 1
99 316 0 1
104 316 0 1
106 316 0 1
107 316 0 1
109 316 0 1
110 316 0 1
113 316 0 1
116 316 0 1
117 316 0 1
118 316 0 1
120 316 0 1
121 316 0 1
124 316 0 1
126 316 0 1
127 316 0 1
128 316 0 1
130 316 0 1
131 316 0 1
133 316 0 1
136 316 0 1
142 316 0 1
147 316 0 1
148 316 0 1
149 316 0 1
174 316 0 1
85 317 0 1
91 317 0 1
92 317 0 1
95 317 0 1
98 317 0 1
104 317 0 1
106 317 0 1
107 317 0 1
109 317 0 1
110 317 0 1
116 317 0 1
117 317 0 1
118 317 0 1
120 317 0 1
121 317 0 1
127 317 0 1
128 317 0 1
130 317 0 1
149 317 0 1
1 318 0 1
89 318 0 1
92 318 0 1
93 318 0 1
94 318 0 1
95 318 0 1
96 318 0 1
97 318 0 1
98 318 0 1
99 318 0 1
100 318 0 1
101 318 0 1
102 318 0 1
105 318 0 1
109 318 0 1
110 318 0 1
111 318 0 1
112 318 0 1
113 318 0 1
114 318 0 1
116 318 0 1
117 318 0 1
118 318 0 1
120 318 0 1
121 318 0 1
122 318 0 1
124 318 0 1
125 318 0 1
126 318 0 1
127 318 0 1
129 318 0 1
130 318 0 1
131 318 0 1
133 318 0 1
134 318 0 1
136 318 0 1
137 318 0 1
142 318 0 1
143 318 0 1
144 318 0 1
147 318 0 1
148 318 0 1
149 318 0 1
151 318 0 1
152 318 0 1
174 318 0 1
88 319 0 1
103 319 0 1
108 319 0 1
119 319 0 1
135 319 0 1
138 319 0 1
146 319 0 1
88 320 0 1
90 320 0 1
103 320 0 1
108 320 0 1
119 320 0 1
135 320 0 1
138 320 0 1
141 320 0 1
146 320 0 1
1 321 0 1
83 321 0 1
90 321 0 1
103 321 0 1
108 321 0 1
115 321 0 1
119 321 0 1
123 321 0 1
132 321 0 1
135 321 0 1
139 321 0 1
140 321 0 1
141 321 0 1
146 321 0 1
150 321 0 1
153 321 0 1
1 322 0 1
89 322 0 1
93 322 0 1
94 322 0 1
96 322 0 1
97 322 0 1
99 322 0 1
100 322 0 1
101 322 0 1
102 322 0 1
105 322 0 1
111 322 0 1
112 322 0 1
113 322 0 1
114 322 0 1
115 322 0 1
122 322 0 1
123 322 0 1
124 322 0 1
125 322 0 1
126 322 0 1
129 322 0 1
131 322 0 1
134 322 0 1
140 322 0 1
143 322 0 1
144 322 0 1
145 322 0 1
151 322 0 1
152 322 0 1
153 322 0 1
1 323 0 1
90 323 0 1
103 323 0 1
108 323 0 1
115 323 0 1
119 323 0 1
123 323 0 1
132 323 0 1
135 323 0 1
139 323 0 1
140 323 0 1
141 323 0 1
146 323 0 1
150 323 0 1
153 323 0 1
1 324 0 1
87 324 0 1
90 324 0 1
100 324 0 1
103 324 0 1
108 324 0 1
112 324 0 1
115 324 0 1
119 324 0 1
123 324 0 1
125 324 0 1
132 324 0 1
135 324 0 1
139 324 0 1
140 324 0 1
141 324 0 1
146 324 0 1
150 324 0 1
153 324 0 1
14 325 0 1
15 325 0 1
17 325 0 1
19 325 0 1
21 325 0 1
26 325 0 1
28 325 0 1
31 325 0 1
32 325 0 1
40 325 0 1
46 325 0 1
49 325 0 1
52 325 0 1
53 325 0 1
57 325 0 1
67 325 0 1
71 325 0 1
72 325 0 1
74 325 0 1
75 325 0 1
161 325 0 1
167 325 0 1
12 326 0 1
13 326 0 1
16 326 0 1
20 326 0 1
24 326 0 1
25 326 0 1
35 326 0 1
36 326 0 1
37 326 0 1
38 326 0 1
39 326 0 1
43 326 0 1
44 326 0 1
45 326 0 1
50 326 0 1
54 326 0 1
59 326 0 1
63 326 0 1
66 326 0 1
73 326 0 1
154 326 0 1
160 326 0 1
163 326 0 1
168 326 0 1
8 327 0 1
12 327 0 1
13 327 0 1
16 327 0 1
18 327 0 1
20 327 0 1
23 327 0 1
24 327 0 1
25 327 0 1
27 327 0 1
30 327 0 1
34 327 0 1
35 327 0 1
36 327 0 1
37 327 0 1
38 327 0 1
39 327 0 1
43 327 0 1
44 327 0 1
45 327 0 1
50 327 0 1
54 327 0 1
55 327 0 1
59 327 0 1
63 327 0 1
66 327 0 1
73 327 0 1
160 327 0 1
163 327 0 1
168 327 0 1
8 328 0 1
12 328 0 1
13 328 0 1
16 328 0 1
18 328 0 1
20 328 0 1
23 328 0 1
24 328 0 1
25 328 0 1
27 328 0 1
29 328 0 1
30 328 0 1
34 328 0 1
35 328 0 1
36 328 0 1
37 328 0 1
38 328 0 1
39 328 0 1
41 328 0 1
43 328 0 1
44 328 0 1
45 328 0 1
47 328 0 1
50 328 0 1
54 328 0 1
55 328 0 1
59 328 0 1
63 328 0 1
66 328 0 1
70 328 0 1
73 328 0 1
78 328 0 1
160 328 0 1
163 328 0 1
168 328 0 1
23 329 0 1
25 329 0 1
27 329 0 1
29 329 0 1
30 329 0 1
33 329 0 1
34 329 0 1
41 329 0 1
42 329 0 1
47 329 0 1
48 329 0 1
55 329 0 1
58 329 0 1
64 329 0 1
65 329 0 1
69 329 0 1
70 329 0 1
76 329 0 1
78 329 0 1
159 329 0 1
164 329 0 1
166 329 0 1
168 329 0 1
17 330 0 1
22 330 0 1
26 330 0 1
28 330 0 1
31 330 0 1
33 330 0 1
46 330 0 1
48 330 0 1
49 330 0 1
51 330 0 1
56 330 0 1
57 330 0 1
58 330 0 1
60 330 0 1
61 330 0 1
62 330 0 1
65 330 0 1
68 330 0 1
71 330 0 1
75 330 0 1
77 330 0 1
159 330 0 1
162 330 0 1
165 330 0 1
167 330 0 1
17 331 0 1
21 331 0 1
22 331 0 1
26 331 0 1
28 331 0 1
31 331 0 1
32 331 0 1
33 331 0 1
40 331 0 1
46 331 0 1
48 331 0 1
49 331 0 1
51 331 0 1
56 331 0 1
57 331 0 1
58 331 0 1
60 331 0 1
61 331 0 1
62 331 0 1
65 331 0 1
67 331 0 1
68 331 0 1
71 331 0 1
72 331 0 1
75 331 0 1
77 331 0 1
158 331 0 1
162 331 0 1
165 331 0 1
167 331 0 1
22 332 0 1
23 332 0 1
27 332 0 1
29 332 0 1
30 332 0 1
33 332 0 1
34 332 0 1
41 332 0 1
42 332 0 1
47 332 0 1
48 332 0 1
51 332 0 1
58 332 0 1
60 332 0 1
62 332 0 1
64 332 0 1
65 332 0 1
69 332 0 1
70 332 0 1
76 332 0 1
78 332 0 1
159 332 0 1
164 332 0 1
166 332 0 1
168 332 0 1
23 333 0 1
27 333 0 1
29 333 0 1
30 333 0 1
33 333 0 1
34 333 0 1
41 333 0 1
42 333 0 1
47 333 0 1
48 333 0 1
55 333 0 1
58 333 0 1
60 333 0 1
62 333 0 1
64 333 0 1
65 333 0 1
69 333 0 1
70 333 0 1
76 333 0 1
78 333 0 1
159 333 0 1
164 333 0 1
166 333 0 1
168 333 0 1
170 333 0 1
14 334 0 1
15 334 0 1
17 334 0 1
19 334 0 1
21 334 0 1
22 334 0 1
26 334 0 1
28 334 0 1
31 334 0 1
32 334 0 1
33 334 0 1
40 334 0 1
46 334 0 1
49 334 0 1
51 334 0 1
52 334 0 1
53 334 0 1
56 334 0 1
57 334 0 1
60 334 0 1
61 334 0 1
65 334 0 1
67 334 0 1
68 334 0 1
71 334 0 1
72 334 0 1
74 334 0 1
75 334 0 1
77 334 0 1
155 334 0 1
158 334 0 1
161 334 0 1
162 334 0 1
167 334 0 1
22 335 0 1
26 335 0 1
33 335 0 1
41 335 0 1
42 335 0 1
46 335 0 1
48 335 0 1
51 335 0 1
56 335 0 1
57 335 0 1
58 335 0 1
60 335 0 1
61 335 0 1
62 335 0 1
65 335 0 1
68 335 0 1
69 335 0 1
71 335 0 1
75 335 0 1
76 335 0 1
77 335 0 1
82 335 0 1
158 335 0 1
159 335 0 1
162 335 0 1
165 335 0 1
167 335 0 1
173 335 0 1
22 336 0 1
26 336 0 1
27 336 0 1
29 336 0 1
30 336 0 1
33 336 0 1
41 336 0 1
42 336 0 1
46 336 0 1
47 336 0 1
48 336 0 1
51 336 0 1
56 336 0 1
58 336 0 1
60 336 0 1
61 336 0 1
62 336 0 1
65 336 0 1
68 336 0 1
69 336 0 1
70 336 0 1
71 336 0 1
76 336 0 1
77 336 0 1
78 336 0 1
159 336 0 1
162 336 0 1
164 336 0 1
165 336 0 1
166 336 0 1
170 336 0 1
173 336 0 1
27 337 0 1
29 337 0 1
30 337 0 1
33 337 0 1
34 337 0 1
41 337 0 1
42 337 0 1
47 337 0 1
48 337 0 1
51 337 0 1
55 337 0 1
58 337 0 1
60 337 0 1
61 337 0 1
62 337 0 1
64 337 0 1
65 337 0 1
69 337 0 1
70 337 0 1
76 337 0 1
78 337 0 1
159 337 0 1
164 337 0 1
165 337 0 1
166 337 0 1
168 337 0 1
170 337 0 1
171 337 0 1
