3 4 0 0
5 6 0 0
1 7 0 0
4 7 0 0
1 8 0 0
5 8 0 0
1 9 0 0
4 9 0 0
7 9 0 0
1 10 0 0
7 10 0 0
9 10 0 0
1 11 0 0
8 11 0 0
10 11 0 0
3 12 0 0
4 12 0 0
7 12 0 0
3 13 0 0
4 13 0 0
7 13 0 0
9 13 0 0
12 13 0 0
1 14 0 0
5 14 0 0
6 14 0 0
8 14 0 0
11 14 0 0
1 15 0 0
4 15 0 0
7 15 0 0
9 15 0 0
10 15 0 0
11 15 0 0
1 16 0 0
4 16 0 0
7 16 0 0
9 16 0 0
10 16 0 0
12 16 0 0
13 16 0 0
15 16 0 0
1 17 0 0
4 17 0 0
7 17 0 0
9 17 0 0
10 17 0 0
13 17 0 0
15 17 0 0
16 17 0 0
1 18 0 0
8 18 0 0
10 18 0 0
11 18 0 0
14 18 0 0
15 18 0 0
1 19 0 0
8 19 0 0
10 19 0 0
11 19 0 0
14 19 0 0
15 19 0 0
18 19 0 0
5 20 0 0
6 20 0 0
8 20 0 0
14 20 0 0
1 21 0 0
4 21 0 0
7 21 0 0
9 21 0 0
12 21 0 0
13 21 0 0
15 21 0 0
16 21 0 0
17 21 0 0
1 22 0 0
5 22 0 0
8 22 0 0
11 22 0 0
14 22 0 0
18 22 0 0
19 22 0 0
20 22 0 0
5 23 0 0
6 23 0 0
14 23 0 0
20 23 0 0
5 24 0 0
6 24 0 0
14 24 0 0
20 24 0 0
22 24 0 0
23 24 0 0
1 25 0 0
10 25 0 0
11 25 0 0
15 25 0 0
18 25 0 0
19 25 0 0
1 26 0 0
8 26 0 0
11 26 0 0
14 26 0 0
18 26 0 0
19 26 0 0
22 26 0 0
24 26 0 0
25 26 0 0
1 27 0 0
7 27 0 0
9 27 0 0
10 27 0 0
11 27 0 0
15 27 0 0
16 27 0 0
17 27 0 0
18 27 0 0
19 27 0 0
25 27 0 0
26 27 0 0
5 28 0 0
6 28 0 0
14 28 0 0
20 28 0 0
23 28 0 0
24 28 0 0
1 29 0 0
5 29 0 0
8 29 0 0
11 29 0 0
14 29 0 0
18 29 0 0
19 29 0 0
20 29 0 0
22 29 0 0
24 29 0 0
26 29 0 0
1 30 0 0
5 30 0 0
6 30 0 0
8 30 0 0
14 30 0 0
18 30 0 0
20 30 0 0
22 30 0 0
23 30 0 0
24 30 0 0
26 30 0 0
28 30 0 0
29 30 0 0
1 31 0 0
9 31 0 0
10 31 0 0
11 31 0 0
15 31 0 0
17 31 0 0
18 31 0 0
19 31 0 0
25 31 0 0
26 31 0 0
27 31 0 0
29 31 0 0
5 32 0 0
6 32 0 0
14 32 0 0
20 32 0 0
23 32 0 0
24 32 0 0
28 32 0 0
30 32 0 0
1 33 0 0
7 33 0 0
9 33 0 0
10 33 0 0
15 33 0 0
16 33 0 0
17 33 0 0
19 33 0 0
21 33 0 0
25 33 0 0
27 33 0 0
31 33 0 0
5 34 0 0
6 34 0 0
8 34 0 0
14 34 0 0
20 34 0 0
22 34 0 0
23 34 0 0
24 34 0 0
26 34 0 0
28 34 0 0
29 34 0 0
30 34 0 0
32 34 0 0
5 35 0 0
6 35 0 0
14 35 0 0
20 35 0 0
22 35 0 0
23 35 0 0
24 35 0 0
28 35 0 0
29 35 0 0
30 35 0 0
32 35 0 0
34 35 0 0
5 36 0 0
6 36 0 0
8 36 0 0
14 36 0 0
20 36 0 0
22 36 0 0
23 36 0 0
24 36 0 0
28 36 0 0
29 36 0 0
30 36 0 0
32 36 0 0
34 36 0 0
35 36 0 0
5 37 0 0
6 37 0 0
8 37 0 0
14 37 0 0
20 37 0 0
22 37 0 0
23 37 0 0
24 37 0 0
28 37 0 0
29 37 0 0
30 37 0 0
32 37 0 0
34 37 0 0
35 37 0 0
36 37 0 0
1 38 0 0
4 38 0 0
7 38 0 0
9 38 0 0
10 38 0 0
12 38 0 0
13 38 0 0
15 38 0 0
16 38 0 0
17 38 0 0
19 38 0 0
21 38 0 0
25 38 0 0
27 38 0 0
31 38 0 0
33 38 0 0
1 39 0 0
4 39 0 0
7 39 0 0
9 39 0 0
10 39 0 0
12 39 0 0
13 39 0 0
15 39 0 0
16 39 0 0
17 39 0 0
21 39 0 0
25 39 0 0
27 39 0 0
31 39 0 0
33 39 0 0
38 39 0 0
5 40 0 0
6 40 0 0
14 40 0 0
20 40 0 0
23 40 0 0
24 40 0 0
28 40 0 0
30 40 0 0
32 40 0 0
34 40 0 0
35 40 0 0
36 40 0 0
37 40 0 0
1 41 0 0
5 41 0 0
6 41 0 0
8 41 0 0
11 41 0 0
14 41 0 0
18 41 0 0
20 41 0 0
22 41 0 0
23 41 0 0
24 41 0 0
26 41 0 0
28 41 0 0
29 41 0 0
30 41 0 0
32 41 0 0
34 41 0 0
35 41 0 0
36 41 0 0
37 41 0 0
40 41 0 0
1 42 0 0
5 42 0 0
8 42 0 0
11 42 0 0
14 42 0 0
18 42 0 0
19 42 0 0
22 42 0 0
24 42 0 0
25 42 0 0
26 42 0 0
27 42 0 0
29 42 0 0
30 42 0 0
31 42 0 0
34 42 0 0
36 42 0 0
37 42 0 0
41 42 0 0
1 43 0 0
5 43 0 0
6 43 0 0
8 43 0 0
14 43 0 0
20 43 0 0
22 43 0 0
23 43 0 0
24 43 0 0
26 43 0 0
28 43 0 0
29 43 0 0
30 43 0 0
32 43 0 0
34 43 0 0
35 43 0 0
36 43 0 0
37 43 0 0
40 43 0 0
41 43 0 0
42 43 0 0
1 44 0 0
7 44 0 0
9 44 0 0
10 44 0 0
11 44 0 0
15 44 0 0
16 44 0 0
17 44 0 0
18 44 0 0
19 44 0 0
21 44 0 0
25 44 0 0
27 44 0 0
31 44 0 0
33 44 0 0
38 44 0 0
39 44 0 0
25 45 0 0
26 45 0 0
27 45 0 0
25 46 0 0
27 46 0 0
33 46 0 0
45 46 0 0
47 48 0 0
47 49 0 0
48 49 0 0
25 50 0 0
27 50 0 0
33 50 0 0
44 50 0 0
45 50 0 0
46 50 0 0
1 51 0 0
25 51 0 0
26 51 0 0
27 51 0 0
31 51 0 0
33 51 0 0
44 51 0 0
45 51 0 0
46 51 0 0
50 51 0 0
25 52 0 0
27 52 0 0
31 52 0 0
33 52 0 0
44 52 0 0
45 52 0 0
46 52 0 0
50 52 0 0
51 52 0 0
47 53 0 0
48 53 0 0
49 53 0 0
47 54 0 0
48 54 0 0
49 54 0 0
50 54 0 0
52 54 0 0
53 54 0 0
2 56 0 0
45 56 0 0
46 56 0 0
50 56 0 0
51 56 0 0
52 56 0 0
54 56 0 0
47 57 0 0
48 57 0 0
49 57 0 0
53 57 0 0
54 57 0 0
56 57 0 0
2 58 0 0
45 58 0 0
46 58 0 0
50 58 0 0
51 58 0 0
52 58 0 0
54 58 0 0
56 58 0 0
57 58 0 0
2 59 0 0
45 59 0 0
46 59 0 0
50 59 0 0
51 59 0 0
52 59 0 0
56 59 0 0
58 59 0 0
45 60 0 0
46 60 0 0
51 60 0 0
52 60 0 0
55 60 0 0
56 60 0 0
59 60 0 0
47 61 0 0
48 61 0 0
49 61 0 0
50 61 0 0
53 61 0 0
54 61 0 0
56 61 0 0
57 61 0 0
58 61 0 0
46 62 0 0
47 62 0 0
50 62 0 0
52 62 0 0
54 62 0 0
56 62 0 0
57 62 0 0
58 62 0 0
59 62 0 0
61 62 0 0
47 63 0 0
48 63 0 0
49 63 0 0
53 63 0 0
57 63 0 0
61 63 0 0
47 64 0 0
48 64 0 0
50 64 0 0
53 64 0 0
54 64 0 0
56 64 0 0
57 64 0 0
58 64 0 0
61 64 0 0
62 64 0 0
63 64 0 0
47 65 0 0
50 65 0 0
54 65 0 0
56 65 0 0
57 65 0 0
58 65 0 0
59 65 0 0
61 65 0 0
62 65 0 0
63 65 0 0
64 65 0 0
2 66 0 0
45 66 0 0
46 66 0 0
50 66 0 0
51 66 0 0
52 66 0 0
55 66 0 0
56 66 0 0
58 66 0 0
59 66 0 0
60 66 0 0
47 67 0 0
48 67 0 0
50 67 0 0
52 67 0 0
53 67 0 0
54 67 0 0
56 67 0 0
57 67 0 0
58 67 0 0
59 67 0 0
61 67 0 0
62 67 0 0
64 67 0 0
65 67 0 0
47 68 0 0
48 68 0 0
49 68 0 0
53 68 0 0
54 68 0 0
57 68 0 0
61 68 0 0
63 68 0 0
64 68 0 0
65 68 0 0
67 68 0 0
47 69 0 0
48 69 0 0
49 69 0 0
50 69 0 0
53 69 0 0
54 69 0 0
57 69 0 0
58 69 0 0
61 69 0 0
62 69 0 0
63 69 0 0
64 69 0 0
65 69 0 0
67 69 0 0
68 69 0 0
45 70 0 0
46 70 0 0
51 70 0 0
52 70 0 0
55 70 0 0
59 70 0 0
60 70 0 0
66 70 0 0
47 71 0 0
48 71 0 0
49 71 0 0
53 71 0 0
54 71 0 0
57 71 0 0
61 71 0 0
63 71 0 0
64 71 0 0
65 71 0 0
67 71 0 0
68 71 0 0
69 71 0 0
47 72 0 0
48 72 0 0
49 72 0 0
53 72 0 0
54 72 0 0
57 72 0 0
61 72 0 0
62 72 0 0
63 72 0 0
64 72 0 0
65 72 0 0
67 72 0 0
68 72 0 0
69 72 0 0
71 72 0 0
47 73 0 0
48 73 0 0
49 73 0 0
50 73 0 0
53 73 0 0
54 73 0 0
56 73 0 0
57 73 0 0
58 73 0 0
61 73 0 0
62 73 0 0
63 73 0 0
64 73 0 0
65 73 0 0
67 73 0 0
68 73 0 0
69 73 0 0
71 73 0 0
72 73 0 0
46 74 0 0
47 74 0 0
50 74 0 0
52 74 0 0
54 74 0 0
56 74 0 0
57 74 0 0
58 74 0 0
59 74 0 0
61 74 0 0
62 74 0 0
64 74 0 0
65 74 0 0
67 74 0 0
68 74 0 0
69 74 0 0
72 74 0 0
73 74 0 0
47 75 0 0
48 75 0 0
49 75 0 0
53 75 0 0
63 75 0 0
68 75 0 0
69 75 0 0
71 75 0 0
72 75 0 0
47 76 0 0
48 76 0 0
49 76 0 0
53 76 0 0
54 76 0 0
57 76 0 0
61 76 0 0
63 76 0 0
68 76 0 0
69 76 0 0
71 76 0 0
72 76 0 0
73 76 0 0
75 76 0 0
1 77 0 0
25 77 0 0
26 77 0 0
27 77 0 0
31 77 0 0
33 77 0 0
44 77 0 0
45 77 0 0
46 77 0 0
50 77 0 0
51 77 0 0
52 77 0 0
59 77 0 0
60 77 0 0
70 77 0 0
1 78 0 0
22 78 0 0
23 78 0 0
24 78 0 0
26 78 0 0
29 78 0 0
30 78 0 0
34 78 0 0
35 78 0 0
36 78 0 0
37 78 0 0
41 78 0 0
42 78 0 0
43 78 0 0
55 78 0 0
70 78 0 0
23 79 0 0
24 79 0 0
28 79 0 0
29 79 0 0
30 79 0 0
32 79 0 0
34 79 0 0
35 79 0 0
36 79 0 0
37 79 0 0
40 79 0 0
41 79 0 0
43 79 0 0
78 79 0 0
23 80 0 0
24 80 0 0
28 80 0 0
30 80 0 0
32 80 0 0
34 80 0 0
35 80 0 0
37 80 0 0
40 80 0 0
43 80 0 0
78 80 0 0
79 80 0 0
1 81 0 0
25 81 0 0
26 81 0 0
27 81 0 0
29 81 0 0
30 81 0 0
31 81 0 0
42 81 0 0
45 81 0 0
46 81 0 0
51 81 0 0
60 81 0 0
70 81 0 0
77 81 0 0
78 81 0 0
1 82 0 0
24 82 0 0
25 82 0 0
26 82 0 0
29 82 0 0
30 82 0 0
31 82 0 0
34 82 0 0
41 82 0 0
42 82 0 0
43 82 0 0
45 82 0 0
46 82 0 0
51 82 0 0
60 82 0 0
70 82 0 0
77 82 0 0
78 82 0 0
79 82 0 0
81 82 0 0
1 83 0 0
24 83 0 0
26 83 0 0
29 83 0 0
30 83 0 0
34 83 0 0
35 83 0 0
41 83 0 0
42 83 0 0
43 83 0 0
45 83 0 0
55 83 0 0
60 83 0 0
70 83 0 0
78 83 0 0
79 83 0 0
81 83 0 0
82 83 0 0
1 84 0 0
25 84 0 0
26 84 0 0
27 84 0 0
31 84 0 0
33 84 0 0
44 84 0 0
45 84 0 0
46 84 0 0
50 84 0 0
51 84 0 0
52 84 0 0
56 84 0 0
59 84 0 0
60 84 0 0
66 84 0 0
70 84 0 0
77 84 0 0
81 84 0 0
82 84 0 0
83 84 0 0
1 85 0 0
25 85 0 0
26 85 0 0
27 85 0 0
29 85 0 0
31 85 0 0
42 85 0 0
45 85 0 0
46 85 0 0
51 85 0 0
52 85 0 0
59 85 0 0
60 85 0 0
66 85 0 0
70 85 0 0
77 85 0 0
78 85 0 0
81 85 0 0
82 85 0 0
83 85 0 0
84 85 0 0
1 86 0 0
25 86 0 0
27 86 0 0
31 86 0 0
33 86 0 0
39 86 0 0
44 86 0 0
45 86 0 0
46 86 0 0
50 86 0 0
51 86 0 0
52 86 0 0
54 86 0 0
56 86 0 0
58 86 0 0
59 86 0 0
62 86 0 0
65 86 0 0
67 86 0 0
73 86 0 0
74 86 0 0
77 86 0 0
84 86 0 0
85 86 0 0
1 87 0 0
25 87 0 0
26 87 0 0
27 87 0 0
29 87 0 0
30 87 0 0
31 87 0 0
42 87 0 0
45 87 0 0
46 87 0 0
51 87 0 0
52 87 0 0
55 87 0 0
59 87 0 0
60 87 0 0
66 87 0 0
70 87 0 0
77 87 0 0
78 87 0 0
81 87 0 0
82 87 0 0
83 87 0 0
84 87 0 0
85 87 0 0
1 88 0 0
8 88 0 0
11 88 0 0
14 88 0 0
18 88 0 0
19 88 0 0
22 88 0 0
24 88 0 0
25 88 0 0
26 88 0 0
27 88 0 0
29 88 0 0
30 88 0 0
31 88 0 0
34 88 0 0
35 88 0 0
36 88 0 0
37 88 0 0
41 88 0 0
42 88 0 0
43 88 0 0
45 88 0 0
51 88 0 0
70 88 0 0
77 88 0 0
78 88 0 0
79 88 0 0
81 88 0 0
82 88 0 0
83 88 0 0
84 88 0 0
85 88 0 0
87 88 0 0
14 89 0 0
20 89 0 0
23 89 0 0
24 89 0 0
28 89 0 0
29 89 0 0
30 89 0 0
32 89 0 0
34 89 0 0
35 89 0 0
36 89 0 0
37 89 0 0
40 89 0 0
41 89 0 0
43 89 0 0
78 89 0 0
79 89 0 0
80 89 0 0
83 89 0 0
88 89 0 0
1 90 0 0
10 90 0 0
15 90 0 0
17 90 0 0
19 90 0 0
25 90 0 0
26 90 0 0
27 90 0 0
31 90 0 0
33 90 0 0
38 90 0 0
39 90 0 0
44 90 0 0
45 90 0 0
46 90 0 0
50 90 0 0
51 90 0 0
52 90 0 0
59 90 0 0
77 90 0 0
81 90 0 0
84 90 0 0
85 90 0 0
86 90 0 0
87 90 0 0
1 91 0 0
10 91 0 0
11 91 0 0
14 91 0 0
15 91 0 0
18 91 0 0
19 91 0 0
22 91 0 0
25 91 0 0
26 91 0 0
27 91 0 0
29 91 0 0
30 91 0 0
31 91 0 0
33 91 0 0
38 91 0 0
41 91 0 0
42 91 0 0
44 91 0 0
45 91 0 0
46 91 0 0
50 91 0 0
51 91 0 0
52 91 0 0
70 91 0 0
77 91 0 0
78 91 0 0
81 91 0 0
82 91 0 0
83 91 0 0
84 91 0 0
85 91 0 0
86 91 0 0
87 91 0 0
88 91 0 0
90 91 0 0
20 92 0 0
23 92 0 0
24 92 0 0
28 92 0 0
30 92 0 0
32 92 0 0
34 92 0 0
35 92 0 0
36 92 0 0
37 92 0 0
40 92 0 0
41 92 0 0
43 92 0 0
79 92 0 0
80 92 0 0
89 92 0 0
1 93 0 0
14 93 0 0
22 93 0 0
23 93 0 0
24 93 0 0
26 93 0 0
28 93 0 0
29 93 0 0
30 93 0 0
32 93 0 0
34 93 0 0
35 93 0 0
36 93 0 0
37 93 0 0
40 93 0 0
41 93 0 0
42 93 0 0
43 93 0 0
78 93 0 0
79 93 0 0
80 93 0 0
81 93 0 0
82 93 0 0
83 93 0 0
85 93 0 0
87 93 0 0
88 93 0 0
89 93 0 0
91 93 0 0
92 93 0 0
1 94 0 0
19 94 0 0
25 94 0 0
26 94 0 0
27 94 0 0
29 94 0 0
31 94 0 0
33 94 0 0
42 94 0 0
44 94 0 0
45 94 0 0
46 94 0 0
51 94 0 0
52 94 0 0
60 94 0 0
70 94 0 0
77 94 0 0
78 94 0 0
81 94 0 0
82 94 0 0
83 94 0 0
84 94 0 0
85 94 0 0
86 94 0 0
87 94 0 0
88 94 0 0
90 94 0 0
91 94 0 0
93 94 0 0
1 95 0 0
25 95 0 0
27 95 0 0
31 95 0 0
33 95 0 0
38 95 0 0
39 95 0 0
44 95 0 0
45 95 0 0
46 95 0 0
50 95 0 0
51 95 0 0
52 95 0 0
54 95 0 0
56 95 0 0
58 95 0 0
59 95 0 0
62 95 0 0
67 95 0 0
74 95 0 0
77 95 0 0
81 95 0 0
84 95 0 0
85 95 0 0
86 95 0 0
87 95 0 0
90 95 0 0
91 95 0 0
94 95 0 0
47 96 0 0
57 96 0 0
61 96 0 0
62 96 0 0
63 96 0 0
64 96 0 0
65 96 0 0
67 96 0 0
68 96 0 0
69 96 0 0
71 96 0 0
72 96 0 0
73 96 0 0
74 96 0 0
57 97 0 0
61 97 0 0
63 97 0 0
64 97 0 0
65 97 0 0
68 97 0 0
69 97 0 0
71 97 0 0
72 97 0 0
73 97 0 0
96 97 0 0
2 98 0 0
45 98 0 0
46 98 0 0
56 98 0 0
58 98 0 0
59 98 0 0
60 98 0 0
66 98 0 0
70 98 0 0
55 99 0 0
60 99 0 0
66 99 0 0
70 99 0 0
56 100 0 0
57 100 0 0
58 100 0 0
61 100 0 0
62 100 0 0
63 100 0 0
64 100 0 0
65 100 0 0
67 100 0 0
68 100 0 0
69 100 0 0
71 100 0 0
72 100 0 0
73 100 0 0
74 100 0 0
96 100 0 0
97 100 0 0
55 101 0 0
60 101 0 0
70 101 0 0
99 101 0 0
57 102 0 0
63 102 0 0
64 102 0 0
71 102 0 0
72 102 0 0
96 102 0 0
97 102 0 0
100 102 0 0
99 103 0 0
101 103 0 0
2 104 0 0
55 104 0 0
60 104 0 0
66 104 0 0
70 104 0 0
98 104 0 0
99 104 0 0
101 104 0 0
2 105 0 0
55 105 0 0
60 105 0 0
66 105 0 0
70 105 0 0
98 105 0 0
99 105 0 0
101 105 0 0
104 105 0 0
2 106 0 0
55 106 0 0
59 106 0 0
60 106 0 0
66 106 0 0
70 106 0 0
98 106 0 0
99 106 0 0
101 106 0 0
104 106 0 0
105 106 0 0
2 107 0 0
56 107 0 0
57 107 0 0
58 107 0 0
61 107 0 0
62 107 0 0
64 107 0 0
65 107 0 0
67 107 0 0
73 107 0 0
74 107 0 0
96 107 0 0
97 107 0 0
100 107 0 0
2 108 0 0
56 108 0 0
58 108 0 0
59 108 0 0
60 108 0 0
66 108 0 0
98 108 0 0
104 108 0 0
106 108 0 0
107 108 0 0
2 109 0 0
56 109 0 0
58 109 0 0
59 109 0 0
66 109 0 0
98 109 0 0
100 109 0 0
106 109 0 0
107 109 0 0
108 109 0 0
2 110 0 0
56 110 0 0
57 110 0 0
58 110 0 0
62 110 0 0
64 110 0 0
65 110 0 0
74 110 0 0
96 110 0 0
98 110 0 0
100 110 0 0
107 110 0 0
108 110 0 0
109 110 0 0
99 111 0 0
101 111 0 0
103 111 0 0
104 111 0 0
105 111 0 0
2 112 0 0
55 112 0 0
66 112 0 0
98 112 0 0
99 112 0 0
101 112 0 0
104 112 0 0
105 112 0 0
106 112 0 0
108 112 0 0
109 112 0 0
55 113 0 0
99 113 0 0
101 113 0 0
103 113 0 0
104 113 0 0
105 113 0 0
106 113 0 0
111 113 0 0
112 113 0 0
103 114 0 0
111 114 0 0
113 114 0 0
2 115 0 0
98 115 0 0
99 115 0 0
101 115 0 0
104 115 0 0
105 115 0 0
106 115 0 0
108 115 0 0
112 115 0 0
113 115 0 0
2 116 0 0
98 116 0 0
100 116 0 0
107 116 0 0
108 116 0 0
109 116 0 0
110 116 0 0
96 117 0 0
97 117 0 0
100 117 0 0
102 117 0 0
107 117 0 0
110 117 0 0
116 117 0 0
103 118 0 0
111 118 0 0
113 118 0 0
114 118 0 0
117 119 0 0
119 120 0 0
2 121 0 0
108 121 0 0
116 121 0 0
116 122 0 0
117 122 0 0
119 122 0 0
2 123 0 0
110 123 0 0
116 123 0 0
117 123 0 0
121 123 0 0
122 123 0 0
119 124 0 0
120 124 0 0
122 124 0 0
123 124 0 0
116 125 0 0
121 125 0 0
122 125 0 0
123 125 0 0
124 125 0 0
2 126 0 0
116 126 0 0
121 126 0 0
122 126 0 0
123 126 0 0
125 126 0 0
2 127 0 0
121 127 0 0
126 127 0 0
2 128 0 0
112 128 0 0
115 128 0 0
121 128 0 0
126 128 0 0
127 128 0 0
116 129 0 0
117 129 0 0
119 129 0 0
121 129 0 0
122 129 0 0
123 129 0 0
124 129 0 0
125 129 0 0
126 129 0 0
117 130 0 0
119 130 0 0
120 130 0 0
122 130 0 0
123 130 0 0
124 130 0 0
129 130 0 0
114 131 0 0
115 131 0 0
118 131 0 0
115 132 0 0
118 132 0 0
127 132 0 0
128 132 0 0
131 132 0 0
2 133 0 0
115 133 0 0
121 133 0 0
126 133 0 0
127 133 0 0
128 133 0 0
132 133 0 0
102 134 0 0
117 134 0 0
119 134 0 0
120 134 0 0
122 134 0 0
124 134 0 0
130 134 0 0
2 135 0 0
107 135 0 0
108 135 0 0
109 135 0 0
110 135 0 0
116 135 0 0
117 135 0 0
121 135 0 0
122 135 0 0
123 135 0 0
125 135 0 0
126 135 0 0
128 135 0 0
129 135 0 0
133 135 0 0
2 136 0 0
108 136 0 0
109 136 0 0
110 136 0 0
116 136 0 0
121 136 0 0
123 136 0 0
125 136 0 0
126 136 0 0
127 136 0 0
128 136 0 0
129 136 0 0
133 136 0 0
135 136 0 0
2 137 0 0
108 137 0 0
109 137 0 0
112 137 0 0
115 137 0 0
116 137 0 0
121 137 0 0
123 137 0 0
125 137 0 0
126 137 0 0
127 137 0 0
128 137 0 0
133 137 0 0
135 137 0 0
136 137 0 0
101 138 0 0
103 138 0 0
105 138 0 0
111 138 0 0
113 138 0 0
114 138 0 0
115 138 0 0
118 138 0 0
131 138 0 0
132 138 0 0
103 139 0 0
111 139 0 0
113 139 0 0
114 139 0 0
118 139 0 0
131 139 0 0
132 139 0 0
138 139 0 0
96 140 0 0
97 140 0 0
100 140 0 0
102 140 0 0
107 140 0 0
110 140 0 0
116 140 0 0
117 140 0 0
119 140 0 0
120 140 0 0
122 140 0 0
123 140 0 0
124 140 0 0
129 140 0 0
130 140 0 0
134 140 0 0
135 140 0 0
100 141 0 0
102 141 0 0
107 141 0 0
110 141 0 0
116 141 0 0
117 141 0 0
119 141 0 0
120 141 0 0
122 141 0 0
123 141 0 0
124 141 0 0
125 141 0 0
129 141 0 0
130 141 0 0
134 141 0 0
135 141 0 0
140 141 0 0
2 142 0 0
100 142 0 0
107 142 0 0
108 142 0 0
109 142 0 0
110 142 0 0
116 142 0 0
117 142 0 0
121 142 0 0
122 142 0 0
123 142 0 0
125 142 0 0
126 142 0 0
129 142 0 0
130 142 0 0
135 142 0 0
136 142 0 0
137 142 0 0
140 142 0 0
141 142 0 0
2 143 0 0
98 143 0 0
106 143 0 0
108 143 0 0
109 143 0 0
112 143 0 0
115 143 0 0
116 143 0 0
121 143 0 0
123 143 0 0
126 143 0 0
127 143 0 0
128 143 0 0
133 143 0 0
135 143 0 0
136 143 0 0
137 143 0 0
142 143 0 0
2 144 0 0
98 144 0 0
106 144 0 0
107 144 0 0
108 144 0 0
109 144 0 0
110 144 0 0
116 144 0 0
121 144 0 0
122 144 0 0
123 144 0 0
125 144 0 0
126 144 0 0
127 144 0 0
128 144 0 0
129 144 0 0
133 144 0 0
135 144 0 0
136 144 0 0
137 144 0 0
142 144 0 0
143 144 0 0
101 145 0 0
103 145 0 0
111 145 0 0
113 145 0 0
114 145 0 0
118 145 0 0
131 145 0 0
132 145 0 0
138 145 0 0
139 145 0 0
96 146 0 0
97 146 0 0
100 146 0 0
102 146 0 0
107 146 0 0
110 146 0 0
116 146 0 0
117 146 0 0
119 146 0 0
120 146 0 0
122 146 0 0
123 146 0 0
124 146 0 0
129 146 0 0
130 146 0 0
134 146 0 0
135 146 0 0
140 146 0 0
141 146 0 0
142 146 0 0
96 147 0 0
100 147 0 0
107 147 0 0
110 147 0 0
116 147 0 0
117 147 0 0
122 147 0 0
123 147 0 0
124 147 0 0
125 147 0 0
129 147 0 0
130 147 0 0
134 147 0 0
135 147 0 0
140 147 0 0
141 147 0 0
142 147 0 0
144 147 0 0
146 147 0 0
2 148 0 0
98 148 0 0
104 148 0 0
105 148 0 0
106 148 0 0
108 148 0 0
109 148 0 0
112 148 0 0
113 148 0 0
115 148 0 0
116 148 0 0
121 148 0 0
126 148 0 0
127 148 0 0
128 148 0 0
132 148 0 0
133 148 0 0
136 148 0 0
137 148 0 0
143 148 0 0
144 148 0 0
2 149 0 0
98 149 0 0
107 149 0 0
108 149 0 0
109 149 0 0
110 149 0 0
116 149 0 0
117 149 0 0
121 149 0 0
122 149 0 0
123 149 0 0
125 149 0 0
126 149 0 0
128 149 0 0
129 149 0 0
133 149 0 0
135 149 0 0
136 149 0 0
137 149 0 0
141 149 0 0
142 149 0 0
143 149 0 0
144 149 0 0
147 149 0 0
148 149 0 0
2 150 0 0
107 150 0 0
109 150 0 0
110 150 0 0
116 150 0 0
117 150 0 0
121 150 0 0
122 150 0 0
123 150 0 0
124 150 0 0
125 150 0 0
126 150 0 0
129 150 0 0
130 150 0 0
135 150 0 0
136 150 0 0
140 150 0 0
141 150 0 0
142 150 0 0
144 150 0 0
146 150 0 0
147 150 0 0
149 150 0 0
97 151 0 0
102 151 0 0
117 151 0 0
119 151 0 0
120 151 0 0
122 151 0 0
124 151 0 0
129 151 0 0
130 151 0 0
134 151 0 0
140 151 0 0
141 151 0 0
142 151 0 0
146 151 0 0
147 151 0 0
150 151 0 0
100 152 0 0
102 152 0 0
107 152 0 0
110 152 0 0
116 152 0 0
117 152 0 0
119 152 0 0
120 152 0 0
122 152 0 0
123 152 0 0
124 152 0 0
125 152 0 0
129 152 0 0
130 152 0 0
134 152 0 0
135 152 0 0
140 152 0 0
141 152 0 0
142 152 0 0
146 152 0 0
147 152 0 0
149 152 0 0
150 152 0 0
151 152 0 0
57 153 0 0
63 153 0 0
96 153 0 0
97 153 0 0
100 153 0 0
102 153 0 0
117 153 0 0
119 153 0 0
120 153 0 0
130 153 0 0
134 153 0 0
140 153 0 0
141 153 0 0
146 153 0 0
147 153 0 0
151 153 0 0
152 153 0 0
2 154 0 0
56 154 0 0
58 154 0 0
62 154 0 0
64 154 0 0
65 154 0 0
96 154 0 0
98 154 0 0
100 154 0 0
106 154 0 0
107 154 0 0
108 154 0 0
109 154 0 0
110 154 0 0
116 154 0 0
117 154 0 0
121 154 0 0
122 154 0 0
123 154 0 0
129 154 0 0
135 154 0 0
136 154 0 0
137 154 0 0
140 154 0 0
141 154 0 0
142 154 0 0
143 154 0 0
144 154 0 0
146 154 0 0
147 154 0 0
148 154 0 0
149 154 0 0
150 154 0 0
152 154 0 0
2 155 0 0
55 155 0 0
98 155 0 0
99 155 0 0
101 155 0 0
104 155 0 0
105 155 0 0
106 155 0 0
108 155 0 0
111 155 0 0
112 155 0 0
113 155 0 0
115 155 0 0
128 155 0 0
138 155 0 0
139 155 0 0
143 155 0 0
145 155 0 0
148 155 0 0
2 156 0 0
60 156 0 0
66 156 0 0
98 156 0 0
99 156 0 0
101 156 0 0
104 156 0 0
105 156 0 0
106 156 0 0
108 156 0 0
109 156 0 0
112 156 0 0
113 156 0 0
115 156 0 0
121 156 0 0
128 156 0 0
136 156 0 0
137 156 0 0
143 156 0 0
144 156 0 0
148 156 0 0
149 156 0 0
154 156 0 0
155 156 0 0
99 157 0 0
101 157 0 0
103 157 0 0
104 157 0 0
105 157 0 0
111 157 0 0
113 157 0 0
114 157 0 0
118 157 0 0
138 157 0 0
139 157 0 0
145 157 0 0
155 157 0 0
55 158 0 0
99 158 0 0
101 158 0 0
103 158 0 0
104 158 0 0
105 158 0 0
106 158 0 0
111 158 0 0
112 158 0 0
113 158 0 0
115 158 0 0
132 158 0 0
138 158 0 0
139 158 0 0
145 158 0 0
148 158 0 0
155 158 0 0
156 158 0 0
157 158 0 0
96 159 0 0
97 159 0 0
100 159 0 0
102 159 0 0
107 159 0 0
117 159 0 0
119 159 0 0
120 159 0 0
122 159 0 0
130 159 0 0
134 159 0 0
140 159 0 0
141 159 0 0
146 159 0 0
147 159 0 0
150 159 0 0
151 159 0 0
152 159 0 0
153 159 0 0
2 160 0 0
98 160 0 0
99 160 0 0
101 160 0 0
104 160 0 0
105 160 0 0
106 160 0 0
108 160 0 0
109 160 0 0
112 160 0 0
113 160 0 0
115 160 0 0
121 160 0 0
128 160 0 0
136 160 0 0
137 160 0 0
143 160 0 0
144 160 0 0
148 160 0 0
149 160 0 0
154 160 0 0
155 160 0 0
156 160 0 0
158 160 0 0
99 161 0 0
101 161 0 0
103 161 0 0
105 161 0 0
111 161 0 0
113 161 0 0
114 161 0 0
118 161 0 0
138 161 0 0
139 161 0 0
145 161 0 0
155 161 0 0
157 161 0 0
158 161 0 0
96 162 0 0
97 162 0 0
100 162 0 0
102 162 0 0
117 162 0 0
119 162 0 0
120 162 0 0
130 162 0 0
134 162 0 0
140 162 0 0
141 162 0 0
146 162 0 0
151 162 0 0
152 162 0 0
153 162 0 0
159 162 0 0
103 163 0 0
111 163 0 0
113 163 0 0
114 163 0 0
118 163 0 0
138 163 0 0
139 163 0 0
145 163 0 0
157 163 0 0
158 163 0 0
161 163 0 0
2 164 0 0
100 164 0 0
107 164 0 0
108 164 0 0
109 164 0 0
110 164 0 0
116 164 0 0
117 164 0 0
121 164 0 0
122 164 0 0
123 164 0 0
129 164 0 0
135 164 0 0
136 164 0 0
137 164 0 0
140 164 0 0
141 164 0 0
142 164 0 0
143 164 0 0
144 164 0 0
146 164 0 0
147 164 0 0
149 164 0 0
150 164 0 0
152 164 0 0
154 164 0 0
2 165 0 0
96 165 0 0
97 165 0 0
100 165 0 0
102 165 0 0
107 165 0 0
109 165 0 0
110 165 0 0
116 165 0 0
117 165 0 0
122 165 0 0
123 165 0 0
129 165 0 0
130 165 0 0
134 165 0 0
135 165 0 0
140 165 0 0
141 165 0 0
142 165 0 0
144 165 0 0
146 165 0 0
147 165 0 0
149 165 0 0
150 165 0 0
151 165 0 0
152 165 0 0
153 165 0 0
154 165 0 0
159 165 0 0
162 165 0 0
164 165 0 0
96 166 0 0
97 166 0 0
100 166 0 0
102 166 0 0
107 166 0 0
110 166 0 0
116 166 0 0
117 166 0 0
119 166 0 0
122 166 0 0
123 166 0 0
129 166 0 0
130 166 0 0
134 166 0 0
135 166 0 0
140 166 0 0
141 166 0 0
142 166 0 0
146 166 0 0
147 166 0 0
149 166 0 0
150 166 0 0
151 166 0 0
152 166 0 0
153 166 0 0
154 166 0 0
159 166 0 0
162 166 0 0
164 166 0 0
165 166 0 0
96 167 0 0
97 167 0 0
100 167 0 0
102 167 0 0
107 167 0 0
110 167 0 0
117 167 0 0
119 167 0 0
120 167 0 0
122 167 0 0
129 167 0 0
130 167 0 0
134 167 0 0
140 167 0 0
141 167 0 0
142 167 0 0
146 167 0 0
147 167 0 0
150 167 0 0
151 167 0 0
152 167 0 0
153 167 0 0
154 167 0 0
159 167 0 0
162 167 0 0
164 167 0 0
165 167 0 0
166 167 0 0
99 168 0 0
101 168 0 0
103 168 0 0
104 168 0 0
105 168 0 0
111 168 0 0
113 168 0 0
114 168 0 0
115 168 0 0
118 168 0 0
131 168 0 0
132 168 0 0
138 168 0 0
139 168 0 0
145 168 0 0
155 168 0 0
157 168 0 0
158 168 0 0
161 168 0 0
163 168 0 0
99 169 0 0
101 169 0 0
103 169 0 0
104 169 0 0
105 169 0 0
106 169 0 0
111 169 0 0
112 169 0 0
113 169 0 0
114 169 0 0
115 169 0 0
118 169 0 0
131 169 0 0
132 169 0 0
138 169 0 0
139 169 0 0
145 169 0 0
148 169 0 0
155 169 0 0
156 169 0 0
157 169 0 0
158 169 0 0
160 169 0 0
161 169 0 0
163 169 0 0
168 169 0 0
2 170 0 0
98 170 0 0
99 170 0 0
101 170 0 0
104 170 0 0
105 170 0 0
106 170 0 0
108 170 0 0
109 170 0 0
112 170 0 0
113 170 0 0
115 170 0 0
121 170 0 0
127 170 0 0
128 170 0 0
132 170 0 0
133 170 0 0
136 170 0 0
137 170 0 0
138 170 0 0
143 170 0 0
144 170 0 0
148 170 0 0
155 170 0 0
156 170 0 0
158 170 0 0
160 170 0 0
169 170 0 0
55 171 0 0
80 171 0 0
101 171 0 0
103 171 0 0
111 171 0 0
113 171 0 0
157 171 0 0
161 171 0 0
163 171 0 0
47 172 0 0
48 172 0 0
49 172 0 0
53 172 0 0
54 172 0 0
57 172 0 0
58 172 0 0
61 172 0 0
62 172 0 0
63 172 0 0
64 172 0 0
65 172 0 0
67 172 0 0
68 172 0 0
69 172 0 0
71 172 0 0
72 172 0 0
73 172 0 0
74 172 0 0
96 172 0 0
97 172 0 0
100 172 0 0
102 172 0 0
107 172 0 0
110 172 0 0
117 172 0 0
146 172 0 0
153 172 0 0
154 172 0 0
159 172 0 0
164 172 0 0
165 172 0 0
166 172 0 0
167 172 0 0
47 173 0 0
48 173 0 0
49 173 0 0
53 173 0 0
54 173 0 0
57 173 0 0
61 173 0 0
62 173 0 0
63 173 0 0
64 173 0 0
65 173 0 0
67 173 0 0
68 173 0 0
69 173 0 0
71 173 0 0
72 173 0 0
73 173 0 0
74 173 0 0
96 173 0 0
97 173 0 0
100 173 0 0
102 173 0 0
107 173 0 0
153 173 0 0
159 173 0 0
167 173 0 0
172 173 0 0
47 174 0 0
48 174 0 0
49 174 0 0
53 174 0 0
57 174 0 0
61 174 0 0
63 174 0 0
64 174 0 0
65 174 0 0
67 174 0 0
68 174 0 0
69 174 0 0
71 174 0 0
72 174 0 0
73 174 0 0
76 174 0 0
96 174 0 0
97 174 0 0
100 174 0 0
102 174 0 0
153 174 0 0
159 174 0 0
172 174 0 0
173 174 0 0
2 175 0 0
45 175 0 0
46 175 0 0
50 175 0 0
51 175 0 0
52 175 0 0
56 175 0 0
58 175 0 0
59 175 0 0
60 175 0 0
62 175 0 0
66 175 0 0
70 175 0 0
84 175 0 0
87 175 0 0
98 175 0 0
104 175 0 0
106 175 0 0
108 175 0 0
109 175 0 0
112 175 0 0
154 175 0 0
156 175 0 0
160 175 0 0
2 176 0 0
46 176 0 0
47 176 0 0
50 176 0 0
52 176 0 0
54 176 0 0
56 176 0 0
57 176 0 0
58 176 0 0
59 176 0 0
61 176 0 0
62 176 0 0
64 176 0 0
65 176 0 0
67 176 0 0
69 176 0 0
72 176 0 0
73 176 0 0
74 176 0 0
86 176 0 0
96 176 0 0
98 176 0 0
100 176 0 0
107 176 0 0
108 176 0 0
109 176 0 0
110 176 0 0
154 176 0 0
164 176 0 0
172 176 0 0
173 176 0 0
175 176 0 0
47 177 0 0
50 177 0 0
54 177 0 0
56 177 0 0
57 177 0 0
58 177 0 0
59 177 0 0
61 177 0 0
62 177 0 0
64 177 0 0
65 177 0 0
67 177 0 0
68 177 0 0
69 177 0 0
72 177 0 0
73 177 0 0
74 177 0 0
96 177 0 0
97 177 0 0
100 177 0 0
107 177 0 0
109 177 0 0
110 177 0 0
154 177 0 0
172 177 0 0
173 177 0 0
174 177 0 0
176 177 0 0
47 178 0 0
48 178 0 0
49 178 0 0
53 178 0 0
54 178 0 0
57 178 0 0
58 178 0 0
61 178 0 0
62 178 0 0
63 178 0 0
64 178 0 0
65 178 0 0
67 178 0 0
68 178 0 0
69 178 0 0
71 178 0 0
72 178 0 0
73 178 0 0
74 178 0 0
96 178 0 0
97 178 0 0
100 178 0 0
102 178 0 0
107 178 0 0
110 178 0 0
153 178 0 0
159 178 0 0
172 178 0 0
173 178 0 0
174 178 0 0
176 178 0 0
177 178 0 0
55 179 0 0
99 179 0 0
101 179 0 0
103 179 0 0
104 179 0 0
105 179 0 0
111 179 0 0
113 179 0 0
155 179 0 0
157 179 0 0
158 179 0 0
161 179 0 0
163 179 0 0
168 179 0 0
169 179 0 0
171 179 0 0
47 180 0 0
48 180 0 0
49 180 0 0
53 180 0 0
54 180 0 0
57 180 0 0
61 180 0 0
63 180 0 0
64 180 0 0
65 180 0 0
67 180 0 0
68 180 0 0
69 180 0 0
71 180 0 0
72 180 0 0
73 180 0 0
74 180 0 0
96 180 0 0
97 180 0 0
100 180 0 0
102 180 0 0
107 180 0 0
146 180 0 0
153 180 0 0
159 180 0 0
162 180 0 0
166 180 0 0
167 180 0 0
172 180 0 0
173 180 0 0
174 180 0 0
176 180 0 0
177 180 0 0
178 180 0 0
47 181 0 0
50 181 0 0
54 181 0 0
56 181 0 0
57 181 0 0
58 181 0 0
59 181 0 0
61 181 0 0
62 181 0 0
64 181 0 0
65 181 0 0
67 181 0 0
68 181 0 0
69 181 0 0
71 181 0 0
72 181 0 0
73 181 0 0
74 181 0 0
96 181 0 0
97 181 0 0
100 181 0 0
107 181 0 0
109 181 0 0
110 181 0 0
154 181 0 0
164 181 0 0
165 181 0 0
166 181 0 0
172 181 0 0
173 181 0 0
174 181 0 0
176 181 0 0
177 181 0 0
178 181 0 0
180 181 0 0
2 182 0 0
45 182 0 0
46 182 0 0
55 182 0 0
56 182 0 0
58 182 0 0
59 182 0 0
60 182 0 0
66 182 0 0
70 182 0 0
98 182 0 0
99 182 0 0
101 182 0 0
104 182 0 0
105 182 0 0
106 182 0 0
108 182 0 0
109 182 0 0
112 182 0 0
113 182 0 0
115 182 0 0
136 182 0 0
143 182 0 0
144 182 0 0
148 182 0 0
149 182 0 0
154 182 0 0
155 182 0 0
156 182 0 0
158 182 0 0
160 182 0 0
169 182 0 0
170 182 0 0
175 182 0 0
3 183 0 1
4 183 0 1
12 183 0 1
13 183 0 1
16 183 0 1
21 183 0 1
48 183 0 1
49 183 0 1
53 183 0 1
75 183 0 1
76 183 0 1
23 184 0 1
24 184 0 1
28 184 0 1
30 184 0 1
32 184 0 1
34 184 0 1
35 184 0 1
37 184 0 1
43 184 0 1
55 184 0 1
78 184 0 1
79 184 0 1
80 184 0 1
82 184 0 1
83 184 0 1
88 184 0 1
89 184 0 1
92 184 0 1
93 184 0 1
99 184 0 1
171 184 0 1
179 184 0 1
1 185 0 1
23 185 0 1
24 185 0 1
26 185 0 1
29 185 0 1
30 185 0 1
34 185 0 1
35 185 0 1
37 185 0 1
41 185 0 1
42 185 0 1
43 185 0 1
45 185 0 1
46 185 0 1
51 185 0 1
55 185 0 1
60 185 0 1
66 185 0 1
70 185 0 1
78 185 0 1
79 185 0 1
80 185 0 1
81 185 0 1
82 185 0 1
83 185 0 1
84 185 0 1
85 185 0 1
87 185 0 1
88 185 0 1
89 185 0 1
91 185 0 1
92 185 0 1
93 185 0 1
94 185 0 1
99 185 0 1
101 185 0 1
104 185 0 1
105 185 0 1
106 185 0 1
171 185 0 1
175 185 0 1
179 185 0 1
182 185 0 1
1 186 0 1
4 186 0 1
7 186 0 1
9 186 0 1
10 186 0 1
12 186 0 1
13 186 0 1
15 186 0 1
16 186 0 1
17 186 0 1
21 186 0 1
27 186 0 1
33 186 0 1
38 186 0 1
39 186 0 1
44 186 0 1
1 187 0 1
5 187 0 1
8 187 0 1
11 187 0 1
14 187 0 1
18 187 0 1
19 187 0 1
22 187 0 1
26 187 0 1
29 187 0 1
30 187 0 1
34 187 0 1
36 187 0 1
37 187 0 1
41 187 0 1
42 187 0 1
43 187 0 1
88 187 0 1
91 187 0 1
3 188 0 1
4 188 0 1
12 188 0 1
13 188 0 1
21 188 0 1
5 189 0 1
6 189 0 1
8 189 0 1
14 189 0 1
20 189 0 1
22 189 0 1
23 189 0 1
24 189 0 1
28 189 0 1
29 189 0 1
30 189 0 1
32 189 0 1
34 189 0 1
35 189 0 1
36 189 0 1
37 189 0 1
40 189 0 1
41 189 0 1
42 189 0 1
43 189 0 1
89 189 0 1
92 189 0 1
93 189 0 1
3 190 0 1
4 190 0 1
7 190 0 1
9 190 0 1
12 190 0 1
13 190 0 1
16 190 0 1
17 190 0 1
21 190 0 1
38 190 0 1
39 190 0 1
1 191 0 1
4 191 0 1
7 191 0 1
9 191 0 1
10 191 0 1
12 191 0 1
13 191 0 1
15 191 0 1
16 191 0 1
17 191 0 1
21 191 0 1
27 191 0 1
33 191 0 1
38 191 0 1
39 191 0 1
44 191 0 1
90 191 0 1
1 192 0 1
4 192 0 1
7 192 0 1
9 192 0 1
12 192 0 1
13 192 0 1
15 192 0 1
16 192 0 1
17 192 0 1
21 192 0 1
33 192 0 1
38 192 0 1
39 192 0 1
44 192 0 1
3 193 0 1
4 193 0 1
7 193 0 1
12 193 0 1
13 193 0 1
16 193 0 1
17 193 0 1
21 193 0 1
38 193 0 1
39 193 0 1
1 194 0 1
5 194 0 1
6 194 0 1
8 194 0 1
11 194 0 1
14 194 0 1
18 194 0 1
19 194 0 1
20 194 0 1
22 194 0 1
23 194 0 1
24 194 0 1
26 194 0 1
28 194 0 1
29 194 0 1
30 194 0 1
34 194 0 1
35 194 0 1
36 194 0 1
37 194 0 1
40 194 0 1
41 194 0 1
42 194 0 1
43 194 0 1
78 194 0 1
88 194 0 1
89 194 0 1
91 194 0 1
93 194 0 1
3 195 0 1
4 195 0 1
7 195 0 1
9 195 0 1
12 195 0 1
13 195 0 1
15 195 0 1
16 195 0 1
17 195 0 1
21 195 0 1
38 195 0 1
39 195 0 1
44 195 0 1
1 196 0 1
4 196 0 1
7 196 0 1
9 196 0 1
10 196 0 1
12 196 0 1
13 196 0 1
15 196 0 1
16 196 0 1
17 196 0 1
21 196 0 1
27 196 0 1
33 196 0 1
38 196 0 1
39 196 0 1
44 196 0 1
90 196 0 1
95 196 0 1
3 197 0 1
4 197 0 1
7 197 0 1
9 197 0 1
12 197 0 1
13 197 0 1
16 197 0 1
17 197 0 1
21 197 0 1
38 197 0 1
39 197 0 1
1 198 0 1
5 198 0 1
8 198 0 1
11 198 0 1
14 198 0 1
18 198 0 1
19 198 0 1
22 198 0 1
24 198 0 1
26 198 0 1
29 198 0 1
30 198 0 1
31 198 0 1
34 198 0 1
35 198 0 1
36 198 0 1
37 198 0 1
41 198 0 1
42 198 0 1
43 198 0 1
78 198 0 1
79 198 0 1
81 198 0 1
82 198 0 1
83 198 0 1
85 198 0 1
87 198 0 1
88 198 0 1
89 198 0 1
91 198 0 1
93 198 0 1
94 198 0 1
1 199 0 1
8 199 0 1
11 199 0 1
14 199 0 1
18 199 0 1
19 199 0 1
22 199 0 1
24 199 0 1
25 199 0 1
26 199 0 1
27 199 0 1
29 199 0 1
30 199 0 1
31 199 0 1
34 199 0 1
36 199 0 1
41 199 0 1
42 199 0 1
43 199 0 1
77 199 0 1
78 199 0 1
81 199 0 1
82 199 0 1
83 199 0 1
84 199 0 1
85 199 0 1
87 199 0 1
88 199 0 1
91 199 0 1
93 199 0 1
94 199 0 1
1 200 0 1
5 200 0 1
6 200 0 1
8 200 0 1
11 200 0 1
14 200 0 1
18 200 0 1
19 200 0 1
20 200 0 1
22 200 0 1
23 200 0 1
24 200 0 1
26 200 0 1
28 200 0 1
29 200 0 1
30 200 0 1
32 200 0 1
34 200 0 1
35 200 0 1
36 200 0 1
37 200 0 1
40 200 0 1
41 200 0 1
42 200 0 1
43 200 0 1
78 200 0 1
79 200 0 1
81 200 0 1
82 200 0 1
83 200 0 1
85 200 0 1
87 200 0 1
88 200 0 1
89 200 0 1
91 200 0 1
92 200 0 1
93 200 0 1
94 200 0 1
1 201 0 1
5 201 0 1
8 201 0 1
11 201 0 1
14 201 0 1
18 201 0 1
19 201 0 1
20 201 0 1
22 201 0 1
24 201 0 1
26 201 0 1
29 201 0 1
30 201 0 1
34 201 0 1
35 201 0 1
36 201 0 1
37 201 0 1
40 201 0 1
41 201 0 1
42 201 0 1
43 201 0 1
78 201 0 1
81 201 0 1
82 201 0 1
83 201 0 1
88 201 0 1
89 201 0 1
91 201 0 1
93 201 0 1
94 201 0 1
1 202 0 1
4 202 0 1
7 202 0 1
9 202 0 1
10 202 0 1
12 202 0 1
13 202 0 1
15 202 0 1
16 202 0 1
17 202 0 1
21 202 0 1
27 202 0 1
33 202 0 1
38 202 0 1
39 202 0 1
44 202 0 1
90 202 0 1
95 202 0 1
3 203 0 1
4 203 0 1
7 203 0 1
12 203 0 1
13 203 0 1
16 203 0 1
17 203 0 1
21 203 0 1
38 203 0 1
39 203 0 1
75 203 0 1
76 203 0 1
1 204 0 1
4 204 0 1
7 204 0 1
9 204 0 1
12 204 0 1
13 204 0 1
15 204 0 1
16 204 0 1
17 204 0 1
21 204 0 1
27 204 0 1
33 204 0 1
38 204 0 1
39 204 0 1
44 204 0 1
90 204 0 1
95 204 0 1
1 205 0 1
5 205 0 1
8 205 0 1
11 205 0 1
14 205 0 1
18 205 0 1
19 205 0 1
22 205 0 1
24 205 0 1
25 205 0 1
26 205 0 1
27 205 0 1
29 205 0 1
30 205 0 1
31 205 0 1
34 205 0 1
36 205 0 1
37 205 0 1
41 205 0 1
42 205 0 1
43 205 0 1
78 205 0 1
81 205 0 1
82 205 0 1
83 205 0 1
85 205 0 1
87 205 0 1
88 205 0 1
91 205 0 1
93 205 0 1
94 205 0 1
4 206 0 1
7 206 0 1
9 206 0 1
12 206 0 1
13 206 0 1
16 206 0 1
17 206 0 1
21 206 0 1
33 206 0 1
38 206 0 1
39 206 0 1
44 206 0 1
54 206 0 1
1 207 0 1
8 207 0 1
11 207 0 1
14 207 0 1
18 207 0 1
19 207 0 1
22 207 0 1
25 207 0 1
26 207 0 1
27 207 0 1
29 207 0 1
30 207 0 1
31 207 0 1
34 207 0 1
36 207 0 1
41 207 0 1
42 207 0 1
43 207 0 1
77 207 0 1
78 207 0 1
81 207 0 1
82 207 0 1
83 207 0 1
84 207 0 1
85 207 0 1
87 207 0 1
88 207 0 1
90 207 0 1
91 207 0 1
93 207 0 1
94 207 0 1
6 208 0 1
14 208 0 1
20 208 0 1
23 208 0 1
24 208 0 1
28 208 0 1
30 208 0 1
32 208 0 1
34 208 0 1
35 208 0 1
36 208 0 1
37 208 0 1
40 208 0 1
41 208 0 1
43 208 0 1
79 208 0 1
80 208 0 1
89 208 0 1
92 208 0 1
93 208 0 1
12 209 0 1
13 209 0 1
47 209 0 1
48 209 0 1
49 209 0 1
53 209 0 1
68 209 0 1
69 209 0 1
71 209 0 1
72 209 0 1
75 209 0 1
76 209 0 1
14 210 0 1
20 210 0 1
22 210 0 1
23 210 0 1
24 210 0 1
26 210 0 1
28 210 0 1
29 210 0 1
30 210 0 1
32 210 0 1
34 210 0 1
35 210 0 1
36 210 0 1
37 210 0 1
40 210 0 1
41 210 0 1
42 210 0 1
43 210 0 1
78 210 0 1
79 210 0 1
80 210 0 1
81 210 0 1
82 210 0 1
83 210 0 1
87 210 0 1
88 210 0 1
89 210 0 1
92 210 0 1
93 210 0 1
47 211 0 1
48 211 0 1
49 211 0 1
53 211 0 1
54 211 0 1
57 211 0 1
61 211 0 1
63 211 0 1
64 211 0 1
65 211 0 1
67 211 0 1
68 211 0 1
69 211 0 1
71 211 0 1
72 211 0 1
73 211 0 1
74 211 0 1
75 211 0 1
76 211 0 1
173 211 0 1
174 211 0 1
178 211 0 1
180 211 0 1
1 212 0 1
25 212 0 1
26 212 0 1
27 212 0 1
29 212 0 1
31 212 0 1
33 212 0 1
42 212 0 1
44 212 0 1
45 212 0 1
46 212 0 1
51 212 0 1
52 212 0 1
59 212 0 1
60 212 0 1
70 212 0 1
77 212 0 1
78 212 0 1
81 212 0 1
82 212 0 1
83 212 0 1
84 212 0 1
85 212 0 1
86 212 0 1
87 212 0 1
88 212 0 1
90 212 0 1
91 212 0 1
94 212 0 1
95 212 0 1
12 213 0 1
13 213 0 1
21 213 0 1
47 213 0 1
48 213 0 1
49 213 0 1
53 213 0 1
54 213 0 1
61 213 0 1
67 213 0 1
68 213 0 1
69 213 0 1
71 213 0 1
72 213 0 1
73 213 0 1
75 213 0 1
76 213 0 1
12 214 0 1
13 214 0 1
16 214 0 1
21 214 0 1
33 214 0 1
38 214 0 1
39 214 0 1
44 214 0 1
47 214 0 1
48 214 0 1
49 214 0 1
50 214 0 1
52 214 0 1
53 214 0 1
54 214 0 1
57 214 0 1
61 214 0 1
62 214 0 1
64 214 0 1
65 214 0 1
67 214 0 1
68 214 0 1
69 214 0 1
71 214 0 1
72 214 0 1
73 214 0 1
74 214 0 1
75 214 0 1
76 214 0 1
86 214 0 1
90 214 0 1
95 214 0 1
178 214 0 1
23 215 0 1
24 215 0 1
28 215 0 1
29 215 0 1
30 215 0 1
32 215 0 1
34 215 0 1
35 215 0 1
36 215 0 1
37 215 0 1
40 215 0 1
41 215 0 1
43 215 0 1
78 215 0 1
79 215 0 1
80 215 0 1
82 215 0 1
83 215 0 1
88 215 0 1
89 215 0 1
92 215 0 1
93 215 0 1
1 216 0 1
25 216 0 1
26 216 0 1
27 216 0 1
29 216 0 1
30 216 0 1
31 216 0 1
42 216 0 1
45 216 0 1
46 216 0 1
51 216 0 1
52 216 0 1
60 216 0 1
70 216 0 1
77 216 0 1
78 216 0 1
81 216 0 1
82 216 0 1
83 216 0 1
84 216 0 1
85 216 0 1
87 216 0 1
88 216 0 1
90 216 0 1
91 216 0 1
93 216 0 1
94 216 0 1
95 216 0 1
1 217 0 1
13 217 0 1
21 217 0 1
25 217 0 1
27 217 0 1
33 217 0 1
38 217 0 1
39 217 0 1
44 217 0 1
46 217 0 1
47 217 0 1
50 217 0 1
51 217 0 1
52 217 0 1
54 217 0 1
56 217 0 1
58 217 0 1
59 217 0 1
61 217 0 1
62 217 0 1
67 217 0 1
69 217 0 1
73 217 0 1
74 217 0 1
77 217 0 1
84 217 0 1
86 217 0 1
90 217 0 1
95 217 0 1
1 218 0 1
25 218 0 1
27 218 0 1
31 218 0 1
33 218 0 1
38 218 0 1
39 218 0 1
44 218 0 1
45 218 0 1
46 218 0 1
50 218 0 1
51 218 0 1
52 218 0 1
54 218 0 1
56 218 0 1
59 218 0 1
62 218 0 1
67 218 0 1
74 218 0 1
77 218 0 1
84 218 0 1
85 218 0 1
86 218 0 1
90 218 0 1
91 218 0 1
94 218 0 1
95 218 0 1
1 219 0 1
25 219 0 1
26 219 0 1
27 219 0 1
31 219 0 1
33 219 0 1
42 219 0 1
44 219 0 1
45 219 0 1
46 219 0 1
50 219 0 1
51 219 0 1
52 219 0 1
59 219 0 1
60 219 0 1
70 219 0 1
77 219 0 1
81 219 0 1
82 219 0 1
84 219 0 1
85 219 0 1
86 219 0 1
87 219 0 1
88 219 0 1
90 219 0 1
91 219 0 1
94 219 0 1
95 219 0 1
23 220 0 1
24 220 0 1
28 220 0 1
30 220 0 1
32 220 0 1
34 220 0 1
35 220 0 1
36 220 0 1
37 220 0 1
40 220 0 1
41 220 0 1
43 220 0 1
78 220 0 1
79 220 0 1
80 220 0 1
83 220 0 1
89 220 0 1
92 220 0 1
93 220 0 1
23 221 0 1
24 221 0 1
26 221 0 1
28 221 0 1
29 221 0 1
30 221 0 1
32 221 0 1
34 221 0 1
35 221 0 1
36 221 0 1
37 221 0 1
40 221 0 1
41 221 0 1
42 221 0 1
43 221 0 1
78 221 0 1
79 221 0 1
80 221 0 1
81 221 0 1
82 221 0 1
83 221 0 1
87 221 0 1
88 221 0 1
89 221 0 1
92 221 0 1
93 221 0 1
1 222 0 1
25 222 0 1
27 222 0 1
31 222 0 1
33 222 0 1
38 222 0 1
39 222 0 1
44 222 0 1
45 222 0 1
46 222 0 1
50 222 0 1
51 222 0 1
52 222 0 1
54 222 0 1
56 222 0 1
58 222 0 1
59 222 0 1
62 222 0 1
67 222 0 1
73 222 0 1
74 222 0 1
77 222 0 1
84 222 0 1
86 222 0 1
90 222 0 1
91 222 0 1
94 222 0 1
95 222 0 1
13 223 0 1
39 223 0 1
47 223 0 1
48 223 0 1
49 223 0 1
50 223 0 1
53 223 0 1
54 223 0 1
57 223 0 1
61 223 0 1
62 223 0 1
64 223 0 1
65 223 0 1
67 223 0 1
68 223 0 1
69 223 0 1
71 223 0 1
72 223 0 1
73 223 0 1
74 223 0 1
75 223 0 1
76 223 0 1
86 223 0 1
95 223 0 1
1 224 0 1
24 224 0 1
25 224 0 1
26 224 0 1
29 224 0 1
30 224 0 1
34 224 0 1
41 224 0 1
42 224 0 1
43 224 0 1
45 224 0 1
46 224 0 1
51 224 0 1
55 224 0 1
60 224 0 1
70 224 0 1
77 224 0 1
78 224 0 1
79 224 0 1
81 224 0 1
82 224 0 1
83 224 0 1
84 224 0 1
85 224 0 1
87 224 0 1
88 224 0 1
89 224 0 1
91 224 0 1
93 224 0 1
94 224 0 1
25 225 0 1
27 225 0 1
33 225 0 1
39 225 0 1
44 225 0 1
46 225 0 1
47 225 0 1
50 225 0 1
52 225 0 1
54 225 0 1
56 225 0 1
57 225 0 1
58 225 0 1
59 225 0 1
61 225 0 1
62 225 0 1
64 225 0 1
65 225 0 1
67 225 0 1
69 225 0 1
73 225 0 1
74 225 0 1
77 225 0 1
84 225 0 1
86 225 0 1
90 225 0 1
95 225 0 1
176 225 0 1
5 226 0 1
6 226 0 1
8 226 0 1
14 226 0 1
20 226 0 1
22 226 0 1
23 226 0 1
24 226 0 1
26 226 0 1
28 226 0 1
29 226 0 1
30 226 0 1
32 226 0 1
34 226 0 1
35 226 0 1
36 226 0 1
37 226 0 1
40 226 0 1
41 226 0 1
42 226 0 1
43 226 0 1
78 226 0 1
79 226 0 1
80 226 0 1
81 226 0 1
82 226 0 1
83 226 0 1
88 226 0 1
89 226 0 1
91 226 0 1
92 226 0 1
93 226 0 1
1 227 0 1
5 227 0 1
8 227 0 1
14 227 0 1
20 227 0 1
22 227 0 1
23 227 0 1
24 227 0 1
26 227 0 1
28 227 0 1
29 227 0 1
30 227 0 1
32 227 0 1
34 227 0 1
35 227 0 1
36 227 0 1
37 227 0 1
40 227 0 1
41 227 0 1
42 227 0 1
43 227 0 1
78 227 0 1
79 227 0 1
80 227 0 1
81 227 0 1
82 227 0 1
83 227 0 1
87 227 0 1
88 227 0 1
89 227 0 1
91 227 0 1
92 227 0 1
93 227 0 1
1 228 0 1
8 228 0 1
14 228 0 1
18 228 0 1
19 228 0 1
22 228 0 1
23 228 0 1
24 228 0 1
26 228 0 1
29 228 0 1
30 228 0 1
34 228 0 1
35 228 0 1
36 228 0 1
37 228 0 1
41 228 0 1
42 228 0 1
43 228 0 1
78 228 0 1
79 228 0 1
81 228 0 1
82 228 0 1
83 228 0 1
85 228 0 1
87 228 0 1
88 228 0 1
89 228 0 1
91 228 0 1
93 228 0 1
94 228 0 1
3 229 0 1
4 229 0 1
7 229 0 1
12 229 0 1
13 229 0 1
16 229 0 1
17 229 0 1
21 229 0 1
38 229 0 1
39 229 0 1
47 229 0 1
48 229 0 1
49 229 0 1
53 229 0 1
54 229 0 1
68 229 0 1
69 229 0 1
75 229 0 1
76 229 0 1
1 230 0 1
4 230 0 1
7 230 0 1
9 230 0 1
12 230 0 1
13 230 0 1
15 230 0 1
16 230 0 1
17 230 0 1
21 230 0 1
27 230 0 1
33 230 0 1
38 230 0 1
39 230 0 1
44 230 0 1
50 230 0 1
54 230 0 1
86 230 0 1
90 230 0 1
95 230 0 1
1 231 0 1
8 231 0 1
11 231 0 1
14 231 0 1
18 231 0 1
19 231 0 1
22 231 0 1
24 231 0 1
25 231 0 1
26 231 0 1
27 231 0 1
29 231 0 1
30 231 0 1
31 231 0 1
34 231 0 1
35 231 0 1
36 231 0 1
37 231 0 1
41 231 0 1
42 231 0 1
43 231 0 1
77 231 0 1
78 231 0 1
79 231 0 1
81 231 0 1
82 231 0 1
83 231 0 1
84 231 0 1
85 231 0 1
87 231 0 1
88 231 0 1
91 231 0 1
93 231 0 1
94 231 0 1
1 232 0 1
7 232 0 1
9 232 0 1
10 232 0 1
13 232 0 1
15 232 0 1
16 232 0 1
17 232 0 1
21 232 0 1
25 232 0 1
27 232 0 1
31 232 0 1
33 232 0 1
38 232 0 1
39 232 0 1
44 232 0 1
45 232 0 1
46 232 0 1
50 232 0 1
51 232 0 1
52 232 0 1
54 232 0 1
77 232 0 1
84 232 0 1
86 232 0 1
90 232 0 1
91 232 0 1
94 232 0 1
95 232 0 1
1 233 0 1
7 233 0 1
12 233 0 1
13 233 0 1
15 233 0 1
16 233 0 1
17 233 0 1
21 233 0 1
25 233 0 1
27 233 0 1
33 233 0 1
38 233 0 1
39 233 0 1
44 233 0 1
47 233 0 1
50 233 0 1
52 233 0 1
54 233 0 1
67 233 0 1
69 233 0 1
74 233 0 1
77 233 0 1
86 233 0 1
90 233 0 1
95 233 0 1
3 234 0 1
12 234 0 1
13 234 0 1
47 234 0 1
48 234 0 1
49 234 0 1
53 234 0 1
68 234 0 1
69 234 0 1
71 234 0 1
75 234 0 1
76 234 0 1
12 235 0 1
13 235 0 1
21 235 0 1
47 235 0 1
48 235 0 1
49 235 0 1
53 235 0 1
54 235 0 1
68 235 0 1
69 235 0 1
71 235 0 1
75 235 0 1
76 235 0 1
25 236 0 1
26 236 0 1
45 236 0 1
46 236 0 1
50 236 0 1
51 236 0 1
52 236 0 1
55 236 0 1
56 236 0 1
59 236 0 1
60 236 0 1
66 236 0 1
70 236 0 1
77 236 0 1
81 236 0 1
82 236 0 1
83 236 0 1
84 236 0 1
85 236 0 1
86 236 0 1
87 236 0 1
88 236 0 1
90 236 0 1
91 236 0 1
94 236 0 1
95 236 0 1
98 236 0 1
104 236 0 1
175 236 0 1
182 236 0 1
26 237 0 1
45 237 0 1
46 237 0 1
51 237 0 1
55 237 0 1
59 237 0 1
60 237 0 1
66 237 0 1
70 237 0 1
77 237 0 1
78 237 0 1
81 237 0 1
82 237 0 1
83 237 0 1
84 237 0 1
85 237 0 1
87 237 0 1
88 237 0 1
91 237 0 1
93 237 0 1
94 237 0 1
98 237 0 1
99 237 0 1
101 237 0 1
104 237 0 1
105 237 0 1
106 237 0 1
175 237 0 1
179 237 0 1
182 237 0 1
45 238 0 1
46 238 0 1
47 238 0 1
50 238 0 1
51 238 0 1
52 238 0 1
54 238 0 1
56 238 0 1
57 238 0 1
58 238 0 1
59 238 0 1
61 238 0 1
62 238 0 1
64 238 0 1
65 238 0 1
66 238 0 1
67 238 0 1
69 238 0 1
72 238 0 1
73 238 0 1
74 238 0 1
77 238 0 1
84 238 0 1
86 238 0 1
90 238 0 1
95 238 0 1
98 238 0 1
100 238 0 1
172 238 0 1
175 238 0 1
176 238 0 1
177 238 0 1
178 238 0 1
181 238 0 1
23 239 0 1
24 239 0 1
32 239 0 1
79 239 0 1
80 239 0 1
89 239 0 1
92 239 0 1
171 239 0 1
179 239 0 1
23 240 0 1
24 240 0 1
35 240 0 1
55 240 0 1
78 240 0 1
79 240 0 1
80 240 0 1
83 240 0 1
89 240 0 1
92 240 0 1
93 240 0 1
171 240 0 1
179 240 0 1
24 241 0 1
34 241 0 1
55 241 0 1
70 241 0 1
78 241 0 1
79 241 0 1
80 241 0 1
82 241 0 1
83 241 0 1
87 241 0 1
88 241 0 1
89 241 0 1
92 241 0 1
93 241 0 1
99 241 0 1
101 241 0 1
171 241 0 1
179 241 0 1
25 242 0 1
45 242 0 1
46 242 0 1
50 242 0 1
51 242 0 1
52 242 0 1
56 242 0 1
58 242 0 1
59 242 0 1
60 242 0 1
66 242 0 1
70 242 0 1
77 242 0 1
81 242 0 1
82 242 0 1
84 242 0 1
85 242 0 1
86 242 0 1
87 242 0 1
90 242 0 1
91 242 0 1
94 242 0 1
95 242 0 1
98 242 0 1
104 242 0 1
106 242 0 1
175 242 0 1
182 242 0 1
24 243 0 1
55 243 0 1
78 243 0 1
79 243 0 1
80 243 0 1
83 243 0 1
89 243 0 1
92 243 0 1
93 243 0 1
99 243 0 1
101 243 0 1
171 243 0 1
179 243 0 1
45 244 0 1
46 244 0 1
50 244 0 1
51 244 0 1
52 244 0 1
54 244 0 1
56 244 0 1
57 244 0 1
58 244 0 1
59 244 0 1
60 244 0 1
61 244 0 1
62 244 0 1
64 244 0 1
65 244 0 1
66 244 0 1
67 244 0 1
69 244 0 1
73 244 0 1
74 244 0 1
77 244 0 1
84 244 0 1
86 244 0 1
90 244 0 1
95 244 0 1
98 244 0 1
100 244 0 1
107 244 0 1
172 244 0 1
175 244 0 1
176 244 0 1
177 244 0 1
181 244 0 1
182 244 0 1
55 245 0 1
60 245 0 1
70 245 0 1
78 245 0 1
79 245 0 1
80 245 0 1
81 245 0 1
82 245 0 1
83 245 0 1
85 245 0 1
87 245 0 1
88 245 0 1
93 245 0 1
99 245 0 1
101 245 0 1
104 245 0 1
105 245 0 1
113 245 0 1
171 245 0 1
179 245 0 1
182 245 0 1
55 246 0 1
60 246 0 1
70 246 0 1
78 246 0 1
79 246 0 1
81 246 0 1
82 246 0 1
83 246 0 1
85 246 0 1
87 246 0 1
88 246 0 1
93 246 0 1
99 246 0 1
101 246 0 1
104 246 0 1
105 246 0 1
113 246 0 1
171 246 0 1
179 246 0 1
182 246 0 1
46 247 0 1
47 247 0 1
48 247 0 1
50 247 0 1
52 247 0 1
53 247 0 1
54 247 0 1
56 247 0 1
57 247 0 1
58 247 0 1
59 247 0 1
61 247 0 1
62 247 0 1
64 247 0 1
65 247 0 1
67 247 0 1
68 247 0 1
69 247 0 1
71 247 0 1
72 247 0 1
73 247 0 1
74 247 0 1
86 247 0 1
90 247 0 1
95 247 0 1
100 247 0 1
172 247 0 1
173 247 0 1
176 247 0 1
177 247 0 1
178 247 0 1
180 247 0 1
181 247 0 1
25 248 0 1
26 248 0 1
45 248 0 1
46 248 0 1
51 248 0 1
52 248 0 1
55 248 0 1
59 248 0 1
60 248 0 1
66 248 0 1
70 248 0 1
77 248 0 1
78 248 0 1
81 248 0 1
82 248 0 1
83 248 0 1
84 248 0 1
85 248 0 1
87 248 0 1
88 248 0 1
90 248 0 1
91 248 0 1
94 248 0 1
95 248 0 1
98 248 0 1
175 248 0 1
182 248 0 1
13 249 0 1
21 249 0 1
27 249 0 1
33 249 0 1
38 249 0 1
39 249 0 1
44 249 0 1
46 249 0 1
47 249 0 1
48 249 0 1
49 249 0 1
50 249 0 1
52 249 0 1
53 249 0 1
54 249 0 1
56 249 0 1
57 249 0 1
58 249 0 1
59 249 0 1
61 249 0 1
62 249 0 1
63 249 0 1
64 249 0 1
65 249 0 1
67 249 0 1
68 249 0 1
69 249 0 1
71 249 0 1
72 249 0 1
73 249 0 1
74 249 0 1
75 249 0 1
76 249 0 1
86 249 0 1
90 249 0 1
95 249 0 1
172 249 0 1
173 249 0 1
174 249 0 1
176 249 0 1
177 249 0 1
178 249 0 1
180 249 0 1
181 249 0 1
23 250 0 1
24 250 0 1
26 250 0 1
29 250 0 1
30 250 0 1
32 250 0 1
34 250 0 1
35 250 0 1
37 250 0 1
41 250 0 1
42 250 0 1
43 250 0 1
55 250 0 1
70 250 0 1
78 250 0 1
79 250 0 1
80 250 0 1
81 250 0 1
82 250 0 1
83 250 0 1
85 250 0 1
87 250 0 1
88 250 0 1
89 250 0 1
91 250 0 1
92 250 0 1
93 250 0 1
1 251 0 1
25 251 0 1
27 251 0 1
31 251 0 1
33 251 0 1
39 251 0 1
44 251 0 1
45 251 0 1
46 251 0 1
50 251 0 1
51 251 0 1
52 251 0 1
54 251 0 1
56 251 0 1
58 251 0 1
59 251 0 1
60 251 0 1
62 251 0 1
66 251 0 1
67 251 0 1
70 251 0 1
74 251 0 1
77 251 0 1
84 251 0 1
85 251 0 1
86 251 0 1
87 251 0 1
90 251 0 1
91 251 0 1
94 251 0 1
95 251 0 1
175 251 0 1
1 252 0 1
25 252 0 1
27 252 0 1
31 252 0 1
33 252 0 1
44 252 0 1
45 252 0 1
46 252 0 1
50 252 0 1
51 252 0 1
52 252 0 1
56 252 0 1
58 252 0 1
59 252 0 1
60 252 0 1
62 252 0 1
66 252 0 1
70 252 0 1
74 252 0 1
77 252 0 1
81 252 0 1
84 252 0 1
85 252 0 1
86 252 0 1
87 252 0 1
90 252 0 1
91 252 0 1
94 252 0 1
95 252 0 1
175 252 0 1
23 253 0 1
24 253 0 1
26 253 0 1
28 253 0 1
29 253 0 1
30 253 0 1
32 253 0 1
34 253 0 1
35 253 0 1
36 253 0 1
37 253 0 1
40 253 0 1
41 253 0 1
43 253 0 1
55 253 0 1
78 253 0 1
79 253 0 1
80 253 0 1
81 253 0 1
82 253 0 1
83 253 0 1
87 253 0 1
88 253 0 1
89 253 0 1
92 253 0 1
93 253 0 1
171 253 0 1
179 253 0 1
24 254 0 1
26 254 0 1
29 254 0 1
30 254 0 1
34 254 0 1
42 254 0 1
45 254 0 1
51 254 0 1
55 254 0 1
60 254 0 1
70 254 0 1
78 254 0 1
79 254 0 1
81 254 0 1
82 254 0 1
83 254 0 1
84 254 0 1
85 254 0 1
87 254 0 1
88 254 0 1
91 254 0 1
93 254 0 1
94 254 0 1
1 255 0 1
25 255 0 1
26 255 0 1
29 255 0 1
30 255 0 1
42 255 0 1
45 255 0 1
46 255 0 1
51 255 0 1
55 255 0 1
60 255 0 1
66 255 0 1
70 255 0 1
77 255 0 1
78 255 0 1
81 255 0 1
82 255 0 1
83 255 0 1
84 255 0 1
85 255 0 1
87 255 0 1
88 255 0 1
91 255 0 1
93 255 0 1
94 255 0 1
25 256 0 1
26 256 0 1
45 256 0 1
46 256 0 1
51 256 0 1
55 256 0 1
60 256 0 1
66 256 0 1
70 256 0 1
77 256 0 1
78 256 0 1
81 256 0 1
82 256 0 1
83 256 0 1
84 256 0 1
85 256 0 1
87 256 0 1
88 256 0 1
91 256 0 1
93 256 0 1
94 256 0 1
99 256 0 1
104 256 0 1
175 256 0 1
179 256 0 1
182 256 0 1
47 257 0 1
48 257 0 1
49 257 0 1
53 257 0 1
57 257 0 1
61 257 0 1
63 257 0 1
64 257 0 1
65 257 0 1
68 257 0 1
69 257 0 1
71 257 0 1
72 257 0 1
73 257 0 1
96 257 0 1
97 257 0 1
100 257 0 1
102 257 0 1
146 257 0 1
153 257 0 1
159 257 0 1
162 257 0 1
166 257 0 1
167 257 0 1
172 257 0 1
173 257 0 1
174 257 0 1
178 257 0 1
180 257 0 1
181 257 0 1
55 258 0 1
99 258 0 1
101 258 0 1
103 258 0 1
104 258 0 1
105 258 0 1
111 258 0 1
113 258 0 1
114 258 0 1
138 258 0 1
139 258 0 1
145 258 0 1
155 258 0 1
157 258 0 1
158 258 0 1
161 258 0 1
163 258 0 1
168 258 0 1
169 258 0 1
171 258 0 1
179 258 0 1
55 259 0 1
99 259 0 1
101 259 0 1
103 259 0 1
104 259 0 1
105 259 0 1
111 259 0 1
113 259 0 1
138 259 0 1
139 259 0 1
145 259 0 1
155 259 0 1
157 259 0 1
158 259 0 1
161 259 0 1
163 259 0 1
168 259 0 1
169 259 0 1
171 259 0 1
179 259 0 1
55 260 0 1
99 260 0 1
101 260 0 1
103 260 0 1
104 260 0 1
105 260 0 1
111 260 0 1
113 260 0 1
145 260 0 1
155 260 0 1
157 260 0 1
158 260 0 1
161 260 0 1
163 260 0 1
168 260 0 1
169 260 0 1
171 260 0 1
179 260 0 1
80 261 0 1
103 261 0 1
111 261 0 1
113 261 0 1
157 261 0 1
161 261 0 1
163 261 0 1
168 261 0 1
169 261 0 1
171 261 0 1
179 261 0 1
55 262 0 1
99 262 0 1
101 262 0 1
103 262 0 1
104 262 0 1
105 262 0 1
111 262 0 1
113 262 0 1
114 262 0 1
145 262 0 1
157 262 0 1
158 262 0 1
161 262 0 1
163 262 0 1
168 262 0 1
169 262 0 1
171 262 0 1
179 262 0 1
55 263 0 1
60 263 0 1
66 263 0 1
70 263 0 1
83 263 0 1
87 263 0 1
99 263 0 1
101 263 0 1
104 263 0 1
105 263 0 1
106 263 0 1
111 263 0 1
112 263 0 1
113 263 0 1
155 263 0 1
157 263 0 1
158 263 0 1
169 263 0 1
170 263 0 1
171 263 0 1
179 263 0 1
182 263 0 1
2 264 0 1
45 264 0 1
46 264 0 1
50 264 0 1
51 264 0 1
52 264 0 1
56 264 0 1
58 264 0 1
59 264 0 1
60 264 0 1
62 264 0 1
64 264 0 1
65 264 0 1
66 264 0 1
67 264 0 1
73 264 0 1
74 264 0 1
86 264 0 1
95 264 0 1
98 264 0 1
100 264 0 1
106 264 0 1
107 264 0 1
108 264 0 1
109 264 0 1
110 264 0 1
154 264 0 1
156 264 0 1
175 264 0 1
176 264 0 1
177 264 0 1
181 264 0 1
182 264 0 1
57 265 0 1
63 265 0 1
71 265 0 1
72 265 0 1
96 265 0 1
97 265 0 1
100 265 0 1
102 265 0 1
134 265 0 1
140 265 0 1
146 265 0 1
151 265 0 1
153 265 0 1
159 265 0 1
162 265 0 1
166 265 0 1
167 265 0 1
172 265 0 1
173 265 0 1
174 265 0 1
178 265 0 1
180 265 0 1
2 266 0 1
45 266 0 1
46 266 0 1
50 266 0 1
52 266 0 1
56 266 0 1
57 266 0 1
58 266 0 1
59 266 0 1
60 266 0 1
61 266 0 1
62 266 0 1
64 266 0 1
65 266 0 1
66 266 0 1
67 266 0 1
69 266 0 1
73 266 0 1
74 266 0 1
96 266 0 1
98 266 0 1
100 266 0 1
106 266 0 1
107 266 0 1
108 266 0 1
109 266 0 1
110 266 0 1
116 266 0 1
117 266 0 1
142 266 0 1
144 266 0 1
147 266 0 1
149 266 0 1
154 266 0 1
156 266 0 1
164 266 0 1
165 266 0 1
166 266 0 1
172 266 0 1
175 266 0 1
176 266 0 1
177 266 0 1
178 266 0 1
181 266 0 1
182 266 0 1
2 267 0 1
56 267 0 1
57 267 0 1
58 267 0 1
59 267 0 1
61 267 0 1
62 267 0 1
64 267 0 1
65 267 0 1
67 267 0 1
69 267 0 1
73 267 0 1
74 267 0 1
96 267 0 1
98 267 0 1
100 267 0 1
107 267 0 1
108 267 0 1
109 267 0 1
110 267 0 1
116 267 0 1
117 267 0 1
142 267 0 1
146 267 0 1
147 267 0 1
149 267 0 1
154 267 0 1
164 267 0 1
165 267 0 1
166 267 0 1
172 267 0 1
173 267 0 1
175 267 0 1
176 267 0 1
177 267 0 1
178 267 0 1
181 267 0 1
2 268 0 1
46 268 0 1
56 268 0 1
58 268 0 1
59 268 0 1
60 268 0 1
62 268 0 1
64 268 0 1
65 268 0 1
66 268 0 1
74 268 0 1
98 268 0 1
100 268 0 1
106 268 0 1
107 268 0 1
108 268 0 1
109 268 0 1
110 268 0 1
112 268 0 1
116 268 0 1
142 268 0 1
143 268 0 1
144 268 0 1
148 268 0 1
149 268 0 1
154 268 0 1
156 268 0 1
160 268 0 1
164 268 0 1
165 268 0 1
170 268 0 1
175 268 0 1
176 268 0 1
177 268 0 1
181 268 0 1
182 268 0 1
2 269 0 1
56 269 0 1
58 269 0 1
59 269 0 1
60 269 0 1
66 269 0 1
70 269 0 1
98 269 0 1
104 269 0 1
105 269 0 1
106 269 0 1
108 269 0 1
109 269 0 1
112 269 0 1
115 269 0 1
116 269 0 1
143 269 0 1
144 269 0 1
148 269 0 1
149 269 0 1
154 269 0 1
155 269 0 1
156 269 0 1
160 269 0 1
170 269 0 1
175 269 0 1
182 269 0 1
57 270 0 1
61 270 0 1
63 270 0 1
64 270 0 1
65 270 0 1
68 270 0 1
69 270 0 1
71 270 0 1
72 270 0 1
73 270 0 1
96 270 0 1
97 270 0 1
100 270 0 1
102 270 0 1
107 270 0 1
110 270 0 1
117 270 0 1
140 270 0 1
141 270 0 1
146 270 0 1
147 270 0 1
151 270 0 1
152 270 0 1
153 270 0 1
154 270 0 1
159 270 0 1
162 270 0 1
165 270 0 1
166 270 0 1
167 270 0 1
172 270 0 1
173 270 0 1
174 270 0 1
176 270 0 1
177 270 0 1
178 270 0 1
180 270 0 1
181 270 0 1
2 271 0 1
56 271 0 1
57 271 0 1
58 271 0 1
59 271 0 1
61 271 0 1
62 271 0 1
64 271 0 1
65 271 0 1
67 271 0 1
69 271 0 1
73 271 0 1
74 271 0 1
96 271 0 1
97 271 0 1
98 271 0 1
100 271 0 1
107 271 0 1
108 271 0 1
109 271 0 1
110 271 0 1
116 271 0 1
117 271 0 1
140 271 0 1
141 271 0 1
142 271 0 1
144 271 0 1
146 271 0 1
147 271 0 1
149 271 0 1
150 271 0 1
154 271 0 1
164 271 0 1
165 271 0 1
166 271 0 1
167 271 0 1
172 271 0 1
173 271 0 1
176 271 0 1
177 271 0 1
178 271 0 1
180 271 0 1
181 271 0 1
2 272 0 1
56 272 0 1
58 272 0 1
59 272 0 1
62 272 0 1
64 272 0 1
65 272 0 1
66 272 0 1
74 272 0 1
98 272 0 1
100 272 0 1
106 272 0 1
107 272 0 1
108 272 0 1
109 272 0 1
110 272 0 1
116 272 0 1
117 272 0 1
142 272 0 1
143 272 0 1
144 272 0 1
147 272 0 1
149 272 0 1
154 272 0 1
156 272 0 1
160 272 0 1
164 272 0 1
165 272 0 1
175 272 0 1
176 272 0 1
177 272 0 1
181 272 0 1
182 272 0 1
103 273 0 1
111 273 0 1
113 273 0 1
114 273 0 1
118 273 0 1
138 273 0 1
139 273 0 1
145 273 0 1
157 273 0 1
158 273 0 1
161 273 0 1
163 273 0 1
168 273 0 1
169 273 0 1
171 273 0 1
179 273 0 1
2 274 0 1
98 274 0 1
99 274 0 1
101 274 0 1
104 274 0 1
105 274 0 1
106 274 0 1
108 274 0 1
109 274 0 1
112 274 0 1
113 274 0 1
115 274 0 1
121 274 0 1
128 274 0 1
136 274 0 1
137 274 0 1
143 274 0 1
144 274 0 1
148 274 0 1
155 274 0 1
156 274 0 1
158 274 0 1
160 274 0 1
169 274 0 1
170 274 0 1
182 274 0 1
101 275 0 1
103 275 0 1
111 275 0 1
113 275 0 1
114 275 0 1
118 275 0 1
138 275 0 1
139 275 0 1
145 275 0 1
157 275 0 1
158 275 0 1
161 275 0 1
163 275 0 1
168 275 0 1
169 275 0 1
171 275 0 1
179 275 0 1
2 276 0 1
56 276 0 1
98 276 0 1
100 276 0 1
106 276 0 1
107 276 0 1
108 276 0 1
109 276 0 1
110 276 0 1
112 276 0 1
116 276 0 1
117 276 0 1
121 276 0 1
123 276 0 1
135 276 0 1
136 276 0 1
137 276 0 1
142 276 0 1
143 276 0 1
144 276 0 1
147 276 0 1
148 276 0 1
149 276 0 1
150 276 0 1
154 276 0 1
156 276 0 1
160 276 0 1
164 276 0 1
165 276 0 1
170 276 0 1
175 276 0 1
176 276 0 1
177 276 0 1
181 276 0 1
182 276 0 1
2 277 0 1
64 277 0 1
65 277 0 1
96 277 0 1
97 277 0 1
100 277 0 1
102 277 0 1
107 277 0 1
109 277 0 1
110 277 0 1
116 277 0 1
117 277 0 1
122 277 0 1
123 277 0 1
129 277 0 1
130 277 0 1
134 277 0 1
135 277 0 1
140 277 0 1
141 277 0 1
142 277 0 1
144 277 0 1
146 277 0 1
147 277 0 1
149 277 0 1
150 277 0 1
151 277 0 1
152 277 0 1
153 277 0 1
154 277 0 1
159 277 0 1
162 277 0 1
164 277 0 1
165 277 0 1
166 277 0 1
167 277 0 1
172 277 0 1
173 277 0 1
176 277 0 1
177 277 0 1
178 277 0 1
180 277 0 1
181 277 0 1
97 278 0 1
102 278 0 1
117 278 0 1
119 278 0 1
120 278 0 1
122 278 0 1
124 278 0 1
129 278 0 1
130 278 0 1
134 278 0 1
140 278 0 1
141 278 0 1
146 278 0 1
147 278 0 1
150 278 0 1
151 278 0 1
152 278 0 1
153 278 0 1
159 278 0 1
162 278 0 1
165 278 0 1
166 278 0 1
167 278 0 1
102 279 0 1
107 279 0 1
110 279 0 1
116 279 0 1
117 279 0 1
119 279 0 1
120 279 0 1
122 279 0 1
123 279 0 1
124 279 0 1
129 279 0 1
130 279 0 1
134 279 0 1
135 279 0 1
140 279 0 1
141 279 0 1
142 279 0 1
146 279 0 1
147 279 0 1
150 279 0 1
151 279 0 1
152 279 0 1
153 279 0 1
154 279 0 1
159 279 0 1
162 279 0 1
164 279 0 1
165 279 0 1
166 279 0 1
167 279 0 1
103 280 0 1
111 280 0 1
113 280 0 1
114 280 0 1
118 280 0 1
131 280 0 1
138 280 0 1
139 280 0 1
145 280 0 1
157 280 0 1
161 280 0 1
163 280 0 1
168 280 0 1
169 280 0 1
110 281 0 1
116 281 0 1
117 281 0 1
119 281 0 1
122 281 0 1
123 281 0 1
124 281 0 1
125 281 0 1
126 281 0 1
129 281 0 1
130 281 0 1
134 281 0 1
135 281 0 1
136 281 0 1
140 281 0 1
141 281 0 1
142 281 0 1
144 281 0 1
146 281 0 1
147 281 0 1
149 281 0 1
150 281 0 1
151 281 0 1
152 281 0 1
154 281 0 1
159 281 0 1
164 281 0 1
165 281 0 1
166 281 0 1
167 281 0 1
2 282 0 1
100 282 0 1
107 282 0 1
109 282 0 1
110 282 0 1
116 282 0 1
117 282 0 1
122 282 0 1
123 282 0 1
125 282 0 1
129 282 0 1
130 282 0 1
135 282 0 1
136 282 0 1
140 282 0 1
141 282 0 1
142 282 0 1
144 282 0 1
146 282 0 1
147 282 0 1
149 282 0 1
150 282 0 1
151 282 0 1
152 282 0 1
153 282 0 1
154 282 0 1
159 282 0 1
164 282 0 1
165 282 0 1
166 282 0 1
167 282 0 1
2 283 0 1
98 283 0 1
104 283 0 1
105 283 0 1
106 283 0 1
108 283 0 1
109 283 0 1
112 283 0 1
113 283 0 1
115 283 0 1
121 283 0 1
127 283 0 1
128 283 0 1
132 283 0 1
133 283 0 1
136 283 0 1
137 283 0 1
143 283 0 1
144 283 0 1
148 283 0 1
149 283 0 1
155 283 0 1
156 283 0 1
158 283 0 1
160 283 0 1
169 283 0 1
170 283 0 1
182 283 0 1
103 284 0 1
111 284 0 1
113 284 0 1
114 284 0 1
118 284 0 1
131 284 0 1
138 284 0 1
139 284 0 1
145 284 0 1
157 284 0 1
158 284 0 1
161 284 0 1
163 284 0 1
168 284 0 1
169 284 0 1
2 285 0 1
99 285 0 1
101 285 0 1
104 285 0 1
105 285 0 1
106 285 0 1
111 285 0 1
112 285 0 1
113 285 0 1
115 285 0 1
118 285 0 1
128 285 0 1
131 285 0 1
132 285 0 1
138 285 0 1
139 285 0 1
145 285 0 1
148 285 0 1
155 285 0 1
156 285 0 1
157 285 0 1
158 285 0 1
160 285 0 1
161 285 0 1
168 285 0 1
169 285 0 1
170 285 0 1
107 286 0 1
110 286 0 1
116 286 0 1
117 286 0 1
122 286 0 1
123 286 0 1
124 286 0 1
125 286 0 1
126 286 0 1
129 286 0 1
130 286 0 1
134 286 0 1
135 286 0 1
136 286 0 1
140 286 0 1
141 286 0 1
142 286 0 1
144 286 0 1
146 286 0 1
147 286 0 1
149 286 0 1
150 286 0 1
151 286 0 1
152 286 0 1
154 286 0 1
159 286 0 1
164 286 0 1
165 286 0 1
166 286 0 1
167 286 0 1
2 287 0 1
106 287 0 1
108 287 0 1
109 287 0 1
112 287 0 1
115 287 0 1
116 287 0 1
121 287 0 1
123 287 0 1
125 287 0 1
126 287 0 1
127 287 0 1
128 287 0 1
133 287 0 1
135 287 0 1
136 287 0 1
137 287 0 1
142 287 0 1
143 287 0 1
144 287 0 1
148 287 0 1
149 287 0 1
154 287 0 1
156 287 0 1
160 287 0 1
164 287 0 1
170 287 0 1
182 287 0 1
2 288 0 1
106 288 0 1
108 288 0 1
112 288 0 1
115 288 0 1
121 288 0 1
126 288 0 1
127 288 0 1
128 288 0 1
132 288 0 1
133 288 0 1
136 288 0 1
137 288 0 1
143 288 0 1
144 288 0 1
148 288 0 1
149 288 0 1
155 288 0 1
156 288 0 1
158 288 0 1
160 288 0 1
169 288 0 1
170 288 0 1
182 288 0 1
111 289 0 1
112 289 0 1
113 289 0 1
115 289 0 1
118 289 0 1
128 289 0 1
131 289 0 1
132 289 0 1
138 289 0 1
139 289 0 1
145 289 0 1
148 289 0 1
155 289 0 1
157 289 0 1
158 289 0 1
160 289 0 1
161 289 0 1
163 289 0 1
168 289 0 1
169 289 0 1
170 289 0 1
103 290 0 1
111 290 0 1
113 290 0 1
114 290 0 1
118 290 0 1
131 290 0 1
132 290 0 1
138 290 0 1
139 290 0 1
145 290 0 1
155 290 0 1
157 290 0 1
158 290 0 1
161 290 0 1
163 290 0 1
168 290 0 1
169 290 0 1
103 291 0 1
111 291 0 1
113 291 0 1
114 291 0 1
118 291 0 1
131 291 0 1
138 291 0 1
139 291 0 1
145 291 0 1
157 291 0 1
161 291 0 1
163 291 0 1
168 291 0 1
169 291 0 1
2 292 0 1
107 292 0 1
110 292 0 1
116 292 0 1
117 292 0 1
121 292 0 1
122 292 0 1
123 292 0 1
124 292 0 1
125 292 0 1
126 292 0 1
129 292 0 1
130 292 0 1
135 292 0 1
136 292 0 1
137 292 0 1
140 292 0 1
141 292 0 1
142 292 0 1
143 292 0 1
144 292 0 1
146 292 0 1
147 292 0 1
149 292 0 1
150 292 0 1
151 292 0 1
152 292 0 1
154 292 0 1
164 292 0 1
165 292 0 1
166 292 0 1
167 292 0 1
2 293 0 1
108 293 0 1
109 293 0 1
110 293 0 1
116 293 0 1
117 293 0 1
121 293 0 1
122 293 0 1
123 293 0 1
125 293 0 1
126 293 0 1
127 293 0 1
128 293 0 1
129 293 0 1
133 293 0 1
135 293 0 1
136 293 0 1
137 293 0 1
141 293 0 1
142 293 0 1
143 293 0 1
144 293 0 1
147 293 0 1
148 293 0 1
149 293 0 1
150 293 0 1
152 293 0 1
154 293 0 1
164 293 0 1
165 293 0 1
103 294 0 1
111 294 0 1
113 294 0 1
114 294 0 1
118 294 0 1
131 294 0 1
132 294 0 1
138 294 0 1
139 294 0 1
145 294 0 1
157 294 0 1
158 294 0 1
161 294 0 1
163 294 0 1
168 294 0 1
169 294 0 1
2 295 0 1
106 295 0 1
112 295 0 1
113 295 0 1
115 295 0 1
121 295 0 1
127 295 0 1
128 295 0 1
131 295 0 1
132 295 0 1
133 295 0 1
136 295 0 1
137 295 0 1
138 295 0 1
143 295 0 1
148 295 0 1
155 295 0 1
156 295 0 1
158 295 0 1
160 295 0 1
169 295 0 1
170 295 0 1
2 296 0 1
106 296 0 1
108 296 0 1
112 296 0 1
115 296 0 1
121 296 0 1
126 296 0 1
127 296 0 1
128 296 0 1
132 296 0 1
133 296 0 1
135 296 0 1
136 296 0 1
137 296 0 1
143 296 0 1
144 296 0 1
148 296 0 1
149 296 0 1
155 296 0 1
156 296 0 1
160 296 0 1
170 296 0 1
182 296 0 1
2 297 0 1
108 297 0 1
109 297 0 1
116 297 0 1
121 297 0 1
122 297 0 1
123 297 0 1
125 297 0 1
126 297 0 1
127 297 0 1
128 297 0 1
129 297 0 1
133 297 0 1
135 297 0 1
136 297 0 1
137 297 0 1
142 297 0 1
143 297 0 1
144 297 0 1
147 297 0 1
148 297 0 1
149 297 0 1
150 297 0 1
154 297 0 1
156 297 0 1
160 297 0 1
164 297 0 1
170 297 0 1
2 298 0 1
108 298 0 1
115 298 0 1
116 298 0 1
121 298 0 1
123 298 0 1
125 298 0 1
126 298 0 1
127 298 0 1
128 298 0 1
133 298 0 1
135 298 0 1
136 298 0 1
137 298 0 1
142 298 0 1
143 298 0 1
144 298 0 1
148 298 0 1
149 298 0 1
154 298 0 1
156 298 0 1
160 298 0 1
170 298 0 1
2 299 0 1
106 299 0 1
112 299 0 1
115 299 0 1
121 299 0 1
126 299 0 1
127 299 0 1
128 299 0 1
131 299 0 1
132 299 0 1
133 299 0 1
136 299 0 1
137 299 0 1
143 299 0 1
144 299 0 1
148 299 0 1
155 299 0 1
156 299 0 1
158 299 0 1
160 299 0 1
169 299 0 1
170 299 0 1
121 300 0 1
122 300 0 1
123 300 0 1
124 300 0 1
125 300 0 1
126 300 0 1
129 300 0 1
130 300 0 1
135 300 0 1
136 300 0 1
140 300 0 1
141 300 0 1
142 300 0 1
147 300 0 1
150 300 0 1
151 300 0 1
152 300 0 1
116 301 0 1
121 301 0 1
122 301 0 1
123 301 0 1
125 301 0 1
126 301 0 1
127 301 0 1
128 301 0 1
129 301 0 1
133 301 0 1
135 301 0 1
136 301 0 1
137 301 0 1
142 301 0 1
143 301 0 1
144 301 0 1
149 301 0 1
150 301 0 1
152 301 0 1
121 302 0 1
122 302 0 1
123 302 0 1
125 302 0 1
126 302 0 1
127 302 0 1
128 302 0 1
129 302 0 1
133 302 0 1
135 302 0 1
136 302 0 1
137 302 0 1
142 302 0 1
143 302 0 1
144 302 0 1
148 302 0 1
149 302 0 1
150 302 0 1
118 303 0 1
131 303 0 1
132 303 0 1
138 303 0 1
139 303 0 1
145 303 0 1
169 303 0 1
114 304 0 1
118 304 0 1
131 304 0 1
132 304 0 1
138 304 0 1
139 304 0 1
145 304 0 1
169 304 0 1
116 305 0 1
121 305 0 1
122 305 0 1
123 305 0 1
124 305 0 1
125 305 0 1
126 305 0 1
129 305 0 1
133 305 0 1
135 305 0 1
136 305 0 1
137 305 0 1
141 305 0 1
142 305 0 1
144 305 0 1
147 305 0 1
149 305 0 1
150 305 0 1
152 305 0 1
164 305 0 1
2 306 0 1
115 306 0 1
121 306 0 1
126 306 0 1
127 306 0 1
128 306 0 1
131 306 0 1
132 306 0 1
133 306 0 1
136 306 0 1
137 306 0 1
143 306 0 1
148 306 0 1
170 306 0 1
115 307 0 1
118 307 0 1
127 307 0 1
128 307 0 1
131 307 0 1
132 307 0 1
133 307 0 1
138 307 0 1
139 307 0 1
145 307 0 1
169 307 0 1
170 307 0 1
114 308 0 1
118 308 0 1
131 308 0 1
132 308 0 1
138 308 0 1
139 308 0 1
145 308 0 1
161 308 0 1
163 308 0 1
168 308 0 1
169 308 0 1
114 309 0 1
118 309 0 1
131 309 0 1
132 309 0 1
138 309 0 1
139 309 0 1
145 309 0 1
157 309 0 1
161 309 0 1
163 309 0 1
168 309 0 1
169 309 0 1
2 310 0 1
115 310 0 1
121 310 0 1
126 310 0 1
127 310 0 1
128 310 0 1
132 310 0 1
133 310 0 1
136 310 0 1
137 310 0 1
143 310 0 1
144 310 0 1
148 310 0 1
149 310 0 1
156 310 0 1
160 310 0 1
170 310 0 1
2 311 0 1
116 311 0 1
121 311 0 1
122 311 0 1
123 311 0 1
125 311 0 1
126 311 0 1
127 311 0 1
128 311 0 1
129 311 0 1
133 311 0 1
135 311 0 1
136 311 0 1
137 311 0 1
142 311 0 1
143 311 0 1
144 311 0 1
147 311 0 1
148 311 0 1
149 311 0 1
150 311 0 1
154 311 0 1
164 311 0 1
2 312 0 1
116 312 0 1
117 312 0 1
121 312 0 1
122 312 0 1
123 312 0 1
125 312 0 1
126 312 0 1
127 312 0 1
128 312 0 1
129 312 0 1
133 312 0 1
135 312 0 1
136 312 0 1
137 312 0 1
141 312 0 1
142 312 0 1
143 312 0 1
144 312 0 1
147 312 0 1
148 312 0 1
149 312 0 1
150 312 0 1
152 312 0 1
154 312 0 1
164 312 0 1
165 312 0 1
114 313 0 1
118 313 0 1
131 313 0 1
132 313 0 1
138 313 0 1
139 313 0 1
145 313 0 1
157 313 0 1
158 313 0 1
161 313 0 1
163 313 0 1
168 313 0 1
169 313 0 1
2 314 0 1
115 314 0 1
116 314 0 1
121 314 0 1
123 314 0 1
125 314 0 1
126 314 0 1
127 314 0 1
128 314 0 1
133 314 0 1
135 314 0 1
136 314 0 1
137 314 0 1
142 314 0 1
143 314 0 1
144 314 0 1
148 314 0 1
149 314 0 1
154 314 0 1
156 314 0 1
160 314 0 1
170 314 0 1
2 315 0 1
115 315 0 1
127 315 0 1
128 315 0 1
131 315 0 1
132 315 0 1
133 315 0 1
138 315 0 1
139 315 0 1
145 315 0 1
148 315 0 1
155 315 0 1
158 315 0 1
160 315 0 1
168 315 0 1
169 315 0 1
170 315 0 1
103 316 0 1
111 316 0 1
113 316 0 1
114 316 0 1
115 316 0 1
118 316 0 1
131 316 0 1
132 316 0 1
138 316 0 1
139 316 0 1
145 316 0 1
155 316 0 1
157 316 0 1
158 316 0 1
161 316 0 1
163 316 0 1
168 316 0 1
169 316 0 1
170 316 0 1
2 317 0 1
109 317 0 1
116 317 0 1
121 317 0 1
122 317 0 1
123 317 0 1
125 317 0 1
126 317 0 1
127 317 0 1
128 317 0 1
129 317 0 1
133 317 0 1
135 317 0 1
136 317 0 1
137 317 0 1
142 317 0 1
143 317 0 1
144 317 0 1
148 317 0 1
149 317 0 1
150 317 0 1
154 317 0 1
156 317 0 1
160 317 0 1
164 317 0 1
170 317 0 1
117 318 0 1
119 318 0 1
120 318 0 1
122 318 0 1
124 318 0 1
129 318 0 1
130 318 0 1
134 318 0 1
140 318 0 1
141 318 0 1
146 318 0 1
147 318 0 1
151 318 0 1
152 318 0 1
153 318 0 1
159 318 0 1
162 318 0 1
166 318 0 1
167 318 0 1
114 319 0 1
118 319 0 1
131 319 0 1
132 319 0 1
138 319 0 1
139 319 0 1
145 319 0 1
163 319 0 1
168 319 0 1
169 319 0 1
114 320 0 1
118 320 0 1
131 320 0 1
132 320 0 1
138 320 0 1
139 320 0 1
145 320 0 1
163 320 0 1
168 320 0 1
169 320 0 1
115 321 0 1
118 321 0 1
127 321 0 1
128 321 0 1
131 321 0 1
132 321 0 1
133 321 0 1
138 321 0 1
139 321 0 1
145 321 0 1
148 321 0 1
169 321 0 1
170 321 0 1
116 322 0 1
117 322 0 1
119 322 0 1
120 322 0 1
122 322 0 1
123 322 0 1
124 322 0 1
125 322 0 1
126 322 0 1
129 322 0 1
130 322 0 1
134 322 0 1
135 322 0 1
140 322 0 1
141 322 0 1
142 322 0 1
146 322 0 1
147 322 0 1
150 322 0 1
151 322 0 1
152 322 0 1
164 322 0 1
165 322 0 1
166 322 0 1
167 322 0 1
2 323 0 1
115 323 0 1
121 323 0 1
126 323 0 1
127 323 0 1
128 323 0 1
131 323 0 1
132 323 0 1
133 323 0 1
136 323 0 1
137 323 0 1
138 323 0 1
139 323 0 1
143 323 0 1
148 323 0 1
169 323 0 1
170 323 0 1
2 324 0 1
116 324 0 1
121 324 0 1
123 324 0 1
125 324 0 1
126 324 0 1
127 324 0 1
128 324 0 1
133 324 0 1
135 324 0 1
136 324 0 1
137 324 0 1
142 324 0 1
143 324 0 1
144 324 0 1
148 324 0 1
149 324 0 1
170 324 0 1
2 325 0 1
116 325 0 1
117 325 0 1
121 325 0 1
122 325 0 1
123 325 0 1
125 325 0 1
126 325 0 1
128 325 0 1
129 325 0 1
133 325 0 1
135 325 0 1
136 325 0 1
137 325 0 1
141 325 0 1
142 325 0 1
143 325 0 1
144 325 0 1
147 325 0 1
149 325 0 1
150 325 0 1
152 325 0 1
154 325 0 1
164 325 0 1
55 326 0 1
99 326 0 1
101 326 0 1
103 326 0 1
104 326 0 1
105 326 0 1
106 326 0 1
111 326 0 1
112 326 0 1
113 326 0 1
115 326 0 1
138 326 0 1
139 326 0 1
145 326 0 1
155 326 0 1
157 326 0 1
158 326 0 1
160 326 0 1
161 326 0 1
163 326 0 1
168 326 0 1
169 326 0 1
170 326 0 1
171 326 0 1
179 326 0 1
182 326 0 1
2 327 0 1
55 327 0 1
99 327 0 1
101 327 0 1
103 327 0 1
104 327 0 1
105 327 0 1
106 327 0 1
111 327 0 1
112 327 0 1
113 327 0 1
115 327 0 1
138 327 0 1
139 327 0 1
145 327 0 1
148 327 0 1
155 327 0 1
156 327 0 1
157 327 0 1
158 327 0 1
160 327 0 1
161 327 0 1
168 327 0 1
169 327 0 1
170 327 0 1
179 327 0 1
182 327 0 1
2 328 0 1
56 328 0 1
58 328 0 1
59 328 0 1
62 328 0 1
65 328 0 1
66 328 0 1
98 328 0 1
100 328 0 1
106 328 0 1
107 328 0 1
108 328 0 1
109 328 0 1
110 328 0 1
116 328 0 1
117 328 0 1
135 328 0 1
136 328 0 1
137 328 0 1
142 328 0 1
143 328 0 1
144 328 0 1
147 328 0 1
148 328 0 1
149 328 0 1
150 328 0 1
154 328 0 1
156 328 0 1
160 328 0 1
164 328 0 1
165 328 0 1
166 328 0 1
175 328 0 1
176 328 0 1
177 328 0 1
181 328 0 1
182 328 0 1
57 329 0 1
61 329 0 1
63 329 0 1
64 329 0 1
65 329 0 1
69 329 0 1
71 329 0 1
72 329 0 1
73 329 0 1
96 329 0 1
97 329 0 1
100 329 0 1
102 329 0 1
107 329 0 1
110 329 0 1
117 329 0 1
134 329 0 1
140 329 0 1
141 329 0 1
146 329 0 1
147 329 0 1
150 329 0 1
151 329 0 1
152 329 0 1
153 329 0 1
154 329 0 1
159 329 0 1
162 329 0 1
164 329 0 1
165 329 0 1
166 329 0 1
167 329 0 1
172 329 0 1
173 329 0 1
174 329 0 1
176 329 0 1
177 329 0 1
178 329 0 1
180 329 0 1
181 329 0 1
57 330 0 1
58 330 0 1
61 330 0 1
62 330 0 1
63 330 0 1
64 330 0 1
65 330 0 1
69 330 0 1
72 330 0 1
73 330 0 1
74 330 0 1
96 330 0 1
97 330 0 1
100 330 0 1
102 330 0 1
107 330 0 1
109 330 0 1
110 330 0 1
116 330 0 1
117 330 0 1
140 330 0 1
141 330 0 1
142 330 0 1
146 330 0 1
147 330 0 1
149 330 0 1
150 330 0 1
151 330 0 1
152 330 0 1
153 330 0 1
154 330 0 1
159 330 0 1
162 330 0 1
164 330 0 1
165 330 0 1
166 330 0 1
167 330 0 1
172 330 0 1
173 330 0 1
174 330 0 1
176 330 0 1
177 330 0 1
178 330 0 1
180 330 0 1
181 330 0 1
2 331 0 1
56 331 0 1
58 331 0 1
59 331 0 1
62 331 0 1
65 331 0 1
66 331 0 1
98 331 0 1
100 331 0 1
106 331 0 1
107 331 0 1
108 331 0 1
109 331 0 1
110 331 0 1
116 331 0 1
135 331 0 1
136 331 0 1
142 331 0 1
143 331 0 1
144 331 0 1
147 331 0 1
148 331 0 1
149 331 0 1
150 331 0 1
154 331 0 1
156 331 0 1
160 331 0 1
164 331 0 1
165 331 0 1
170 331 0 1
175 331 0 1
176 331 0 1
177 331 0 1
181 331 0 1
182 331 0 1
2 332 0 1
55 332 0 1
66 332 0 1
98 332 0 1
99 332 0 1
101 332 0 1
104 332 0 1
105 332 0 1
106 332 0 1
108 332 0 1
111 332 0 1
112 332 0 1
113 332 0 1
115 332 0 1
138 332 0 1
139 332 0 1
148 332 0 1
155 332 0 1
156 332 0 1
157 332 0 1
158 332 0 1
160 332 0 1
161 332 0 1
168 332 0 1
169 332 0 1
170 332 0 1
179 332 0 1
182 332 0 1
57 333 0 1
61 333 0 1
63 333 0 1
64 333 0 1
65 333 0 1
72 333 0 1
96 333 0 1
97 333 0 1
100 333 0 1
102 333 0 1
107 333 0 1
110 333 0 1
117 333 0 1
130 333 0 1
134 333 0 1
140 333 0 1
141 333 0 1
146 333 0 1
147 333 0 1
150 333 0 1
151 333 0 1
152 333 0 1
153 333 0 1
154 333 0 1
159 333 0 1
162 333 0 1
164 333 0 1
165 333 0 1
166 333 0 1
167 333 0 1
172 333 0 1
173 333 0 1
174 333 0 1
177 333 0 1
178 333 0 1
180 333 0 1
181 333 0 1
57 334 0 1
61 334 0 1
63 334 0 1
64 334 0 1
65 334 0 1
73 334 0 1
96 334 0 1
97 334 0 1
100 334 0 1
102 334 0 1
107 334 0 1
110 334 0 1
116 334 0 1
117 334 0 1
140 334 0 1
141 334 0 1
142 334 0 1
146 334 0 1
147 334 0 1
150 334 0 1
151 334 0 1
152 334 0 1
153 334 0 1
154 334 0 1
159 334 0 1
162 334 0 1
164 334 0 1
165 334 0 1
166 334 0 1
167 334 0 1
172 334 0 1
173 334 0 1
174 334 0 1
176 334 0 1
177 334 0 1
178 334 0 1
180 334 0 1
181 334 0 1
2 335 0 1
55 335 0 1
60 335 0 1
66 335 0 1
98 335 0 1
99 335 0 1
101 335 0 1
104 335 0 1
105 335 0 1
106 335 0 1
108 335 0 1
109 335 0 1
112 335 0 1
113 335 0 1
115 335 0 1
128 335 0 1
136 335 0 1
137 335 0 1
143 335 0 1
144 335 0 1
148 335 0 1
149 335 0 1
154 335 0 1
155 335 0 1
156 335 0 1
158 335 0 1
160 335 0 1
169 335 0 1
170 335 0 1
175 335 0 1
182 335 0 1
2 336 0 1
55 336 0 1
60 336 0 1
66 336 0 1
98 336 0 1
99 336 0 1
101 336 0 1
104 336 0 1
105 336 0 1
106 336 0 1
108 336 0 1
109 336 0 1
112 336 0 1
113 336 0 1
115 336 0 1
128 336 0 1
136 336 0 1
137 336 0 1
143 336 0 1
144 336 0 1
148 336 0 1
154 336 0 1
155 336 0 1
156 336 0 1
158 336 0 1
160 336 0 1
169 336 0 1
170 336 0 1
175 336 0 1
182 336 0 1
2 337 0 1
56 337 0 1
58 337 0 1
62 337 0 1
64 337 0 1
65 337 0 1
96 337 0 1
98 337 0 1
100 337 0 1
107 337 0 1
108 337 0 1
109 337 0 1
110 337 0 1
116 337 0 1
117 337 0 1
122 337 0 1
123 337 0 1
135 337 0 1
136 337 0 1
140 337 0 1
141 337 0 1
142 337 0 1
144 337 0 1
146 337 0 1
147 337 0 1
149 337 0 1
150 337 0 1
152 337 0 1
154 337 0 1
164 337 0 1
165 337 0 1
166 337 0 1
167 337 0 1
172 337 0 1
176 337 0 1
177 337 0 1
178 337 0 1
181 337 0 1
2 338 0 1
45 338 0 1
46 338 0 1
50 338 0 1
51 338 0 1
52 338 0 1
56 338 0 1
58 338 0 1
59 338 0 1
60 338 0 1
62 338 0 1
65 338 0 1
66 338 0 1
67 338 0 1
70 338 0 1
74 338 0 1
77 338 0 1
84 338 0 1
85 338 0 1
86 338 0 1
87 338 0 1
95 338 0 1
98 338 0 1
104 338 0 1
106 338 0 1
107 338 0 1
108 338 0 1
109 338 0 1
110 338 0 1
112 338 0 1
116 338 0 1
143 338 0 1
144 338 0 1
148 338 0 1
149 338 0 1
154 338 0 1
156 338 0 1
160 338 0 1
164 338 0 1
170 338 0 1
175 338 0 1
176 338 0 1
177 338 0 1
181 338 0 1
182 338 0 1
2 339 0 1
45 339 0 1
46 339 0 1
51 339 0 1
52 339 0 1
55 339 0 1
56 339 0 1
59 339 0 1
60 339 0 1
66 339 0 1
70 339 0 1
77 339 0 1
81 339 0 1
84 339 0 1
85 339 0 1
87 339 0 1
94 339 0 1
98 339 0 1
99 339 0 1
101 339 0 1
104 339 0 1
105 339 0 1
106 339 0 1
108 339 0 1
112 339 0 1
156 339 0 1
175 339 0 1
182 339 0 1
45 340 0 1
55 340 0 1
60 340 0 1
66 340 0 1
70 340 0 1
78 340 0 1
81 340 0 1
82 340 0 1
83 340 0 1
85 340 0 1
87 340 0 1
99 340 0 1
101 340 0 1
104 340 0 1
105 340 0 1
106 340 0 1
112 340 0 1
113 340 0 1
155 340 0 1
179 340 0 1
182 340 0 1
55 341 0 1
60 341 0 1
66 341 0 1
70 341 0 1
78 341 0 1
82 341 0 1
83 341 0 1
87 341 0 1
99 341 0 1
101 341 0 1
104 341 0 1
105 341 0 1
106 341 0 1
113 341 0 1
155 341 0 1
158 341 0 1
171 341 0 1
179 341 0 1
182 341 0 1
2 342 0 1
45 342 0 1
46 342 0 1
50 342 0 1
51 342 0 1
52 342 0 1
54 342 0 1
56 342 0 1
58 342 0 1
59 342 0 1
60 342 0 1
62 342 0 1
64 342 0 1
65 342 0 1
66 342 0 1
67 342 0 1
70 342 0 1
73 342 0 1
74 342 0 1
77 342 0 1
84 342 0 1
86 342 0 1
95 342 0 1
98 342 0 1
106 342 0 1
107 342 0 1
108 342 0 1
109 342 0 1
110 342 0 1
154 342 0 1
175 342 0 1
176 342 0 1
177 342 0 1
181 342 0 1
182 342 0 1
55 343 0 1
60 343 0 1
70 343 0 1
78 343 0 1
79 343 0 1
81 343 0 1
82 343 0 1
83 343 0 1
87 343 0 1
93 343 0 1
99 343 0 1
101 343 0 1
104 343 0 1
105 343 0 1
113 343 0 1
171 343 0 1
179 343 0 1
182 343 0 1
55 344 0 1
70 344 0 1
78 344 0 1
79 344 0 1
80 344 0 1
82 344 0 1
83 344 0 1
87 344 0 1
93 344 0 1
99 344 0 1
101 344 0 1
103 344 0 1
104 344 0 1
105 344 0 1
111 344 0 1
113 344 0 1
155 344 0 1
157 344 0 1
158 344 0 1
161 344 0 1
169 344 0 1
171 344 0 1
179 344 0 1
45 345 0 1
46 345 0 1
51 345 0 1
55 345 0 1
59 345 0 1
60 345 0 1
66 345 0 1
70 345 0 1
78 345 0 1
81 345 0 1
82 345 0 1
83 345 0 1
84 345 0 1
85 345 0 1
87 345 0 1
88 345 0 1
94 345 0 1
98 345 0 1
99 345 0 1
101 345 0 1
104 345 0 1
105 345 0 1
106 345 0 1
112 345 0 1
113 345 0 1
155 345 0 1
156 345 0 1
175 345 0 1
179 345 0 1
182 345 0 1
45 346 0 1
46 346 0 1
51 346 0 1
55 346 0 1
59 346 0 1
60 346 0 1
66 346 0 1
70 346 0 1
77 346 0 1
78 346 0 1
81 346 0 1
82 346 0 1
83 346 0 1
84 346 0 1
85 346 0 1
87 346 0 1
94 346 0 1
98 346 0 1
99 346 0 1
101 346 0 1
104 346 0 1
105 346 0 1
106 346 0 1
112 346 0 1
175 346 0 1
182 346 0 1
47 347 0 1
48 347 0 1
50 347 0 1
52 347 0 1
54 347 0 1
56 347 0 1
57 347 0 1
58 347 0 1
59 347 0 1
61 347 0 1
62 347 0 1
64 347 0 1
65 347 0 1
67 347 0 1
68 347 0 1
69 347 0 1
71 347 0 1
72 347 0 1
73 347 0 1
74 347 0 1
86 347 0 1
95 347 0 1
96 347 0 1
100 347 0 1
107 347 0 1
110 347 0 1
172 347 0 1
173 347 0 1
176 347 0 1
177 347 0 1
178 347 0 1
180 347 0 1
181 347 0 1
55 348 0 1
78 348 0 1
79 348 0 1
80 348 0 1
83 348 0 1
89 348 0 1
92 348 0 1
99 348 0 1
101 348 0 1
103 348 0 1
111 348 0 1
113 348 0 1
171 348 0 1
179 348 0 1
55 349 0 1
70 349 0 1
78 349 0 1
79 349 0 1
80 349 0 1
82 349 0 1
83 349 0 1
87 349 0 1
92 349 0 1
93 349 0 1
99 349 0 1
101 349 0 1
103 349 0 1
104 349 0 1
105 349 0 1
111 349 0 1
113 349 0 1
157 349 0 1
171 349 0 1
179 349 0 1
46 350 0 1
47 350 0 1
50 350 0 1
52 350 0 1
54 350 0 1
56 350 0 1
57 350 0 1
58 350 0 1
59 350 0 1
61 350 0 1
62 350 0 1
64 350 0 1
65 350 0 1
67 350 0 1
69 350 0 1
72 350 0 1
73 350 0 1
74 350 0 1
86 350 0 1
95 350 0 1
96 350 0 1
98 350 0 1
100 350 0 1
107 350 0 1
109 350 0 1
110 350 0 1
154 350 0 1
172 350 0 1
173 350 0 1
175 350 0 1
176 350 0 1
177 350 0 1
178 350 0 1
181 350 0 1
79 351 0 1
80 351 0 1
103 351 0 1
111 351 0 1
171 351 0 1
179 351 0 1
55 352 0 1
79 352 0 1
80 352 0 1
99 352 0 1
101 352 0 1
103 352 0 1
111 352 0 1
113 352 0 1
171 352 0 1
179 352 0 1
47 353 0 1
48 353 0 1
49 353 0 1
53 353 0 1
54 353 0 1
57 353 0 1
61 353 0 1
62 353 0 1
63 353 0 1
64 353 0 1
65 353 0 1
67 353 0 1
68 353 0 1
69 353 0 1
71 353 0 1
72 353 0 1
73 353 0 1
74 353 0 1
75 353 0 1
76 353 0 1
96 353 0 1
97 353 0 1
100 353 0 1
102 353 0 1
107 353 0 1
153 353 0 1
159 353 0 1
172 353 0 1
173 353 0 1
174 353 0 1
176 353 0 1
177 353 0 1
178 353 0 1
180 353 0 1
181 353 0 1
55 354 0 1
79 354 0 1
80 354 0 1
99 354 0 1
101 354 0 1
103 354 0 1
111 354 0 1
113 354 0 1
157 354 0 1
161 354 0 1
171 354 0 1
179 354 0 1
2 355 0 1
45 355 0 1
46 355 0 1
51 355 0 1
55 355 0 1
59 355 0 1
60 355 0 1
66 355 0 1
70 355 0 1
81 355 0 1
83 355 0 1
84 355 0 1
85 355 0 1
87 355 0 1
98 355 0 1
99 355 0 1
101 355 0 1
104 355 0 1
105 355 0 1
106 355 0 1
108 355 0 1
109 355 0 1
112 355 0 1
113 355 0 1
115 355 0 1
155 355 0 1
156 355 0 1
158 355 0 1
160 355 0 1
169 355 0 1
170 355 0 1
175 355 0 1
179 355 0 1
182 355 0 1
55 356 0 1
60 356 0 1
70 356 0 1
78 356 0 1
83 356 0 1
87 356 0 1
99 356 0 1
101 356 0 1
103 356 0 1
104 356 0 1
105 356 0 1
106 356 0 1
111 356 0 1
112 356 0 1
113 356 0 1
155 356 0 1
157 356 0 1
158 356 0 1
161 356 0 1
169 356 0 1
171 356 0 1
179 356 0 1
182 356 0 1
55 357 0 1
80 357 0 1
101 357 0 1
103 357 0 1
111 357 0 1
113 357 0 1
157 357 0 1
163 357 0 1
171 357 0 1
179 357 0 1
2 358 0 1
45 358 0 1
46 358 0 1
51 358 0 1
52 358 0 1
55 358 0 1
56 358 0 1
58 358 0 1
59 358 0 1
60 358 0 1
66 358 0 1
70 358 0 1
84 358 0 1
85 358 0 1
87 358 0 1
98 358 0 1
99 358 0 1
101 358 0 1
104 358 0 1
105 358 0 1
106 358 0 1
108 358 0 1
109 358 0 1
112 358 0 1
155 358 0 1
156 358 0 1
160 358 0 1
170 358 0 1
175 358 0 1
182 358 0 1
