2 3 0 0
1 4 0 0
2 4 0 0
3 4 0 0
1 5 0 0
4 5 0 0
1 6 0 0
3 6 0 0
4 6 0 0
5 6 0 0
1 7 0 0
4 7 0 0
5 7 0 0
6 7 0 0
2 8 0 0
3 8 0 0
4 8 0 0
6 8 0 0
2 9 0 0
3 9 0 0
4 9 0 0
6 9 0 0
7 9 0 0
8 9 0 0
2 10 0 0
3 10 0 0
4 10 0 0
6 10 0 0
8 10 0 0
9 10 0 0
1 11 0 0
3 11 0 0
4 11 0 0
5 11 0 0
6 11 0 0
7 11 0 0
8 11 0 0
9 11 0 0
10 11 0 0
2 12 0 0
3 12 0 0
4 12 0 0
6 12 0 0
8 12 0 0
9 12 0 0
10 12 0 0
11 12 0 0
1 13 0 0
4 13 0 0
5 13 0 0
6 13 0 0
7 13 0 0
8 13 0 0
9 13 0 0
11 13 0 0
12 13 0 0
1 14 0 0
3 14 0 0
4 14 0 0
5 14 0 0
6 14 0 0
7 14 0 0
8 14 0 0
9 14 0 0
10 14 0 0
11 14 0 0
12 14 0 0
13 14 0 0
2 15 0 0
3 15 0 0
8 15 0 0
10 15 0 0
12 15 0 0
2 16 0 0
3 16 0 0
8 16 0 0
9 16 0 0
10 16 0 0
12 16 0 0
15 16 0 0
2 17 0 0
8 17 0 0
10 17 0 0
12 17 0 0
15 17 0 0
16 17 0 0
1 18 0 0
4 18 0 0
5 18 0 0
6 18 0 0
7 18 0 0
11 18 0 0
13 18 0 0
14 18 0 0
1 19 0 0
4 19 0 0
6 19 0 0
7 19 0 0
9 19 0 0
11 19 0 0
12 19 0 0
13 19 0 0
14 19 0 0
18 19 0 0
1 20 0 0
3 20 0 0
4 20 0 0
6 20 0 0
7 20 0 0
8 20 0 0
9 20 0 0
10 20 0 0
11 20 0 0
12 20 0 0
13 20 0 0
14 20 0 0
16 20 0 0
18 20 0 0
19 20 0 0
2 21 0 0
3 21 0 0
4 21 0 0
6 21 0 0
8 21 0 0
9 21 0 0
10 21 0 0
11 21 0 0
12 21 0 0
13 21 0 0
14 21 0 0
15 21 0 0
16 21 0 0
17 21 0 0
19 21 0 0
20 21 0 0
1 22 0 0
5 22 0 0
6 22 0 0
7 22 0 0
11 22 0 0
13 22 0 0
14 22 0 0
18 22 0 0
19 22 0 0
20 22 0 0
2 23 0 0
3 23 0 0
4 23 0 0
6 23 0 0
8 23 0 0
9 23 0 0
10 23 0 0
11 23 0 0
12 23 0 0
14 23 0 0
15 23 0 0
16 23 0 0
17 23 0 0
19 23 0 0
20 23 0 0
21 23 0 0
1 24 0 0
4 24 0 0
5 24 0 0
6 24 0 0
7 24 0 0
9 24 0 0
11 24 0 0
13 24 0 0
14 24 0 0
18 24 0 0
19 24 0 0
20 24 0 0
22 24 0 0
1 25 0 0
3 25 0 0
4 25 0 0
5 25 0 0
6 25 0 0
7 25 0 0
8 25 0 0
9 25 0 0
10 25 0 0
11 25 0 0
12 25 0 0
13 25 0 0
14 25 0 0
18 25 0 0
19 25 0 0
20 25 0 0
21 25 0 0
22 25 0 0
23 25 0 0
24 25 0 0
1 26 0 0
2 26 0 0
3 26 0 0
4 26 0 0
6 26 0 0
7 26 0 0
8 26 0 0
9 26 0 0
10 26 0 0
11 26 0 0
12 26 0 0
13 26 0 0
14 26 0 0
15 26 0 0
16 26 0 0
18 26 0 0
19 26 0 0
20 26 0 0
21 26 0 0
23 26 0 0
24 26 0 0
25 26 0 0
1 27 0 0
4 27 0 0
5 27 0 0
6 27 0 0
7 27 0 0
9 27 0 0
11 27 0 0
12 27 0 0
13 27 0 0
14 27 0 0
18 27 0 0
19 27 0 0
20 27 0 0
22 27 0 0
24 27 0 0
25 27 0 0
26 27 0 0
2 28 0 0
3 28 0 0
4 28 0 0
8 28 0 0
9 28 0 0
10 28 0 0
11 28 0 0
12 28 0 0
15 28 0 0
16 28 0 0
17 28 0 0
20 28 0 0
21 28 0 0
23 28 0 0
25 28 0 0
26 28 0 0
1 29 0 0
3 29 0 0
4 29 0 0
5 29 0 0
6 29 0 0
7 29 0 0
8 29 0 0
9 29 0 0
10 29 0 0
11 29 0 0
12 29 0 0
13 29 0 0
14 29 0 0
18 29 0 0
19 29 0 0
20 29 0 0
21 29 0 0
22 29 0 0
23 29 0 0
24 29 0 0
25 29 0 0
26 29 0 0
27 29 0 0
28 29 0 0
9 30 0 0
10 30 0 0
11 30 0 0
12 30 0 0
14 30 0 0
16 30 0 0
19 30 0 0
20 30 0 0
21 30 0 0
23 30 0 0
25 30 0 0
26 30 0 0
28 30 0 0
29 30 0 0
1 31 0 0
9 31 0 0
10 31 0 0
11 31 0 0
12 31 0 0
14 31 0 0
16 31 0 0
18 31 0 0
19 31 0 0
20 31 0 0
21 31 0 0
23 31 0 0
24 31 0 0
25 31 0 0
26 31 0 0
27 31 0 0
28 31 0 0
29 31 0 0
30 31 0 0
1 32 0 0
7 32 0 0
13 32 0 0
14 32 0 0
18 32 0 0
19 32 0 0
20 32 0 0
22 32 0 0
24 32 0 0
25 32 0 0
26 32 0 0
27 32 0 0
29 32 0 0
30 32 0 0
31 32 0 0
1 33 0 0
7 33 0 0
18 33 0 0
19 33 0 0
20 33 0 0
22 33 0 0
24 33 0 0
25 33 0 0
27 33 0 0
29 33 0 0
30 33 0 0
31 33 0 0
32 33 0 0
1 34 0 0
7 34 0 0
18 34 0 0
19 34 0 0
20 34 0 0
22 34 0 0
24 34 0 0
27 34 0 0
29 34 0 0
31 34 0 0
32 34 0 0
33 34 0 0
15 35 0 0
16 35 0 0
17 35 0 0
21 35 0 0
23 35 0 0
26 35 0 0
28 35 0 0
30 35 0 0
31 35 0 0
15 36 0 0
16 36 0 0
17 36 0 0
28 36 0 0
35 36 0 0
1 37 0 0
18 37 0 0
19 37 0 0
20 37 0 0
22 37 0 0
24 37 0 0
27 37 0 0
29 37 0 0
31 37 0 0
32 37 0 0
33 37 0 0
34 37 0 0
1 38 0 0
18 38 0 0
19 38 0 0
20 38 0 0
22 38 0 0
24 38 0 0
25 38 0 0
26 38 0 0
27 38 0 0
29 38 0 0
30 38 0 0
31 38 0 0
32 38 0 0
33 38 0 0
34 38 0 0
37 38 0 0
1 39 0 0
14 39 0 0
18 39 0 0
19 39 0 0
20 39 0 0
21 39 0 0
22 39 0 0
24 39 0 0
25 39 0 0
26 39 0 0
27 39 0 0
29 39 0 0
30 39 0 0
31 39 0 0
32 39 0 0
33 39 0 0
34 39 0 0
37 39 0 0
38 39 0 0
19 40 0 0
30 40 0 0
31 40 0 0
32 40 0 0
33 40 0 0
37 40 0 0
38 40 0 0
39 40 0 0
1 41 0 0
18 41 0 0
19 41 0 0
30 41 0 0
31 41 0 0
32 41 0 0
33 41 0 0
34 41 0 0
37 41 0 0
38 41 0 0
39 41 0 0
40 41 0 0
1 42 0 0
18 42 0 0
32 42 0 0
33 42 0 0
34 42 0 0
37 42 0 0
38 42 0 0
39 42 0 0
41 42 0 0
1 43 0 0
18 43 0 0
19 43 0 0
31 43 0 0
32 43 0 0
33 43 0 0
34 43 0 0
37 43 0 0
38 43 0 0
39 43 0 0
40 43 0 0
41 43 0 0
42 43 0 0
40 44 0 0
1 45 0 0
42 45 0 0
1 46 0 0
42 46 0 0
45 46 0 0
1 47 0 0
34 47 0 0
37 47 0 0
42 47 0 0
43 47 0 0
45 47 0 0
46 47 0 0
1 48 0 0
37 48 0 0
41 48 0 0
42 48 0 0
43 48 0 0
46 48 0 0
47 48 0 0
1 49 0 0
42 49 0 0
45 49 0 0
46 49 0 0
47 49 0 0
48 49 0 0
1 50 0 0
41 50 0 0
42 50 0 0
43 50 0 0
45 50 0 0
46 50 0 0
47 50 0 0
48 50 0 0
49 50 0 0
1 51 0 0
42 51 0 0
43 51 0 0
45 51 0 0
46 51 0 0
47 51 0 0
48 51 0 0
49 51 0 0
50 51 0 0
1 52 0 0
34 52 0 0
37 52 0 0
42 52 0 0
45 52 0 0
46 52 0 0
47 52 0 0
48 52 0 0
49 52 0 0
50 52 0 0
51 52 0 0
1 53 0 0
32 53 0 0
33 53 0 0
34 53 0 0
37 53 0 0
38 53 0 0
41 53 0 0
42 53 0 0
43 53 0 0
45 53 0 0
46 53 0 0
47 53 0 0
48 53 0 0
49 53 0 0
50 53 0 0
51 53 0 0
52 53 0 0
1 54 0 0
34 54 0 0
42 54 0 0
45 54 0 0
46 54 0 0
47 54 0 0
48 54 0 0
49 54 0 0
50 54 0 0
51 54 0 0
52 54 0 0
53 54 0 0
1 55 0 0
32 55 0 0
33 55 0 0
34 55 0 0
37 55 0 0
38 55 0 0
39 55 0 0
40 55 0 0
41 55 0 0
42 55 0 0
43 55 0 0
46 55 0 0
47 55 0 0
48 55 0 0
50 55 0 0
51 55 0 0
52 55 0 0
53 55 0 0
54 55 0 0
1 56 0 0
32 56 0 0
33 56 0 0
34 56 0 0
37 56 0 0
38 56 0 0
39 56 0 0
40 56 0 0
41 56 0 0
42 56 0 0
43 56 0 0
46 56 0 0
47 56 0 0
48 56 0 0
50 56 0 0
51 56 0 0
52 56 0 0
53 56 0 0
55 56 0 0
30 57 0 0
31 57 0 0
38 57 0 0
39 57 0 0
40 57 0 0
41 57 0 0
43 57 0 0
44 57 0 0
56 57 0 0
1 58 0 0
34 58 0 0
37 58 0 0
42 58 0 0
43 58 0 0
45 58 0 0
46 58 0 0
47 58 0 0
48 58 0 0
49 58 0 0
50 58 0 0
51 58 0 0
52 58 0 0
53 58 0 0
54 58 0 0
55 58 0 0
56 58 0 0
1 59 0 0
33 59 0 0
34 59 0 0
37 59 0 0
38 59 0 0
41 59 0 0
42 59 0 0
43 59 0 0
45 59 0 0
46 59 0 0
47 59 0 0
48 59 0 0
49 59 0 0
50 59 0 0
51 59 0 0
52 59 0 0
53 59 0 0
54 59 0 0
55 59 0 0
56 59 0 0
58 59 0 0
1 60 0 0
42 60 0 0
45 60 0 0
46 60 0 0
47 60 0 0
48 60 0 0
49 60 0 0
50 60 0 0
51 60 0 0
52 60 0 0
53 60 0 0
54 60 0 0
55 60 0 0
56 60 0 0
58 60 0 0
59 60 0 0
46 61 0 0
47 61 0 0
48 61 0 0
50 61 0 0
51 61 0 0
53 61 0 0
55 61 0 0
56 61 0 0
58 61 0 0
59 61 0 0
60 61 0 0
1 62 0 0
45 62 0 0
46 62 0 0
47 62 0 0
48 62 0 0
49 62 0 0
50 62 0 0
51 62 0 0
52 62 0 0
53 62 0 0
54 62 0 0
58 62 0 0
59 62 0 0
60 62 0 0
61 62 0 0
1 63 0 0
42 63 0 0
46 63 0 0
47 63 0 0
48 63 0 0
49 63 0 0
50 63 0 0
51 63 0 0
52 63 0 0
53 63 0 0
55 63 0 0
56 63 0 0
58 63 0 0
59 63 0 0
60 63 0 0
61 63 0 0
62 63 0 0
46 64 0 0
47 64 0 0
48 64 0 0
49 64 0 0
50 64 0 0
51 64 0 0
53 64 0 0
55 64 0 0
56 64 0 0
58 64 0 0
59 64 0 0
60 64 0 0
61 64 0 0
62 64 0 0
63 64 0 0
1 65 0 0
46 65 0 0
47 65 0 0
48 65 0 0
49 65 0 0
50 65 0 0
51 65 0 0
52 65 0 0
53 65 0 0
56 65 0 0
58 65 0 0
59 65 0 0
60 65 0 0
61 65 0 0
62 65 0 0
63 65 0 0
64 65 0 0
1 66 0 0
45 66 0 0
46 66 0 0
47 66 0 0
48 66 0 0
49 66 0 0
50 66 0 0
51 66 0 0
52 66 0 0
53 66 0 0
54 66 0 0
58 66 0 0
59 66 0 0
60 66 0 0
61 66 0 0
62 66 0 0
63 66 0 0
64 66 0 0
65 66 0 0
48 67 0 0
50 67 0 0
60 67 0 0
61 67 0 0
63 67 0 0
64 67 0 0
65 67 0 0
44 68 0 0
61 68 0 0
67 68 0 0
46 69 0 0
49 69 0 0
50 69 0 0
51 69 0 0
60 69 0 0
61 69 0 0
62 69 0 0
63 69 0 0
64 69 0 0
65 69 0 0
66 69 0 0
66 70 0 0
69 70 0 0
63 71 0 0
64 71 0 0
65 71 0 0
67 71 0 0
69 71 0 0
70 71 0 0
70 72 0 0
71 72 0 0
69 73 0 0
70 73 0 0
71 73 0 0
72 73 0 0
69 74 0 0
70 74 0 0
71 74 0 0
72 74 0 0
73 74 0 0
60 75 0 0
62 75 0 0
63 75 0 0
64 75 0 0
65 75 0 0
66 75 0 0
69 75 0 0
70 75 0 0
71 75 0 0
72 75 0 0
73 75 0 0
74 75 0 0
62 76 0 0
66 76 0 0
69 76 0 0
70 76 0 0
71 76 0 0
72 76 0 0
73 76 0 0
74 76 0 0
75 76 0 0
49 77 0 0
60 77 0 0
62 77 0 0
65 77 0 0
66 77 0 0
69 77 0 0
70 77 0 0
71 77 0 0
73 77 0 0
74 77 0 0
75 77 0 0
76 77 0 0
60 78 0 0
62 78 0 0
65 78 0 0
66 78 0 0
69 78 0 0
70 78 0 0
71 78 0 0
72 78 0 0
73 78 0 0
74 78 0 0
75 78 0 0
76 78 0 0
77 78 0 0
60 79 0 0
61 79 0 0
62 79 0 0
63 79 0 0
64 79 0 0
65 79 0 0
66 79 0 0
67 79 0 0
69 79 0 0
70 79 0 0
71 79 0 0
72 79 0 0
73 79 0 0
74 79 0 0
75 79 0 0
76 79 0 0
77 79 0 0
78 79 0 0
1 80 0 0
45 80 0 0
46 80 0 0
49 80 0 0
51 80 0 0
60 80 0 0
62 80 0 0
65 80 0 0
66 80 0 0
69 80 0 0
70 80 0 0
73 80 0 0
75 80 0 0
76 80 0 0
77 80 0 0
78 80 0 0
79 80 0 0
1 81 0 0
45 81 0 0
46 81 0 0
47 81 0 0
49 81 0 0
50 81 0 0
51 81 0 0
58 81 0 0
60 81 0 0
62 81 0 0
63 81 0 0
64 81 0 0
65 81 0 0
66 81 0 0
69 81 0 0
70 81 0 0
73 81 0 0
75 81 0 0
76 81 0 0
77 81 0 0
78 81 0 0
79 81 0 0
80 81 0 0
1 82 0 0
45 82 0 0
46 82 0 0
47 82 0 0
48 82 0 0
49 82 0 0
50 82 0 0
51 82 0 0
58 82 0 0
59 82 0 0
60 82 0 0
61 82 0 0
62 82 0 0
63 82 0 0
64 82 0 0
65 82 0 0
66 82 0 0
69 82 0 0
70 82 0 0
71 82 0 0
73 82 0 0
74 82 0 0
75 82 0 0
76 82 0 0
77 82 0 0
78 82 0 0
79 82 0 0
80 82 0 0
81 82 0 0
46 83 0 0
47 83 0 0
48 83 0 0
49 83 0 0
50 83 0 0
51 83 0 0
59 83 0 0
60 83 0 0
61 83 0 0
62 83 0 0
63 83 0 0
64 83 0 0
65 83 0 0
66 83 0 0
67 83 0 0
68 83 0 0
69 83 0 0
71 83 0 0
75 83 0 0
78 83 0 0
79 83 0 0
81 83 0 0
82 83 0 0
1 84 0 0
45 84 0 0
46 84 0 0
49 84 0 0
50 84 0 0
51 84 0 0
60 84 0 0
62 84 0 0
63 84 0 0
64 84 0 0
65 84 0 0
66 84 0 0
69 84 0 0
70 84 0 0
71 84 0 0
73 84 0 0
74 84 0 0
75 84 0 0
76 84 0 0
77 84 0 0
78 84 0 0
79 84 0 0
80 84 0 0
81 84 0 0
82 84 0 0
83 84 0 0
46 85 0 0
47 85 0 0
48 85 0 0
49 85 0 0
50 85 0 0
51 85 0 0
60 85 0 0
61 85 0 0
62 85 0 0
63 85 0 0
64 85 0 0
65 85 0 0
66 85 0 0
67 85 0 0
69 85 0 0
70 85 0 0
71 85 0 0
73 85 0 0
74 85 0 0
75 85 0 0
76 85 0 0
77 85 0 0
78 85 0 0
79 85 0 0
80 85 0 0
81 85 0 0
82 85 0 0
83 85 0 0
84 85 0 0
48 86 0 0
50 86 0 0
51 86 0 0
60 86 0 0
61 86 0 0
62 86 0 0
63 86 0 0
64 86 0 0
65 86 0 0
67 86 0 0
68 86 0 0
69 86 0 0
71 86 0 0
75 86 0 0
79 86 0 0
82 86 0 0
83 86 0 0
85 86 0 0
1 87 0 0
45 87 0 0
46 87 0 0
47 87 0 0
49 87 0 0
50 87 0 0
51 87 0 0
52 87 0 0
53 87 0 0
54 87 0 0
58 87 0 0
59 87 0 0
60 87 0 0
62 87 0 0
63 87 0 0
65 87 0 0
66 87 0 0
69 87 0 0
76 87 0 0
77 87 0 0
78 87 0 0
80 87 0 0
81 87 0 0
82 87 0 0
84 87 0 0
85 87 0 0
1 88 0 0
42 88 0 0
45 88 0 0
46 88 0 0
47 88 0 0
48 88 0 0
49 88 0 0
50 88 0 0
51 88 0 0
52 88 0 0
53 88 0 0
54 88 0 0
55 88 0 0
56 88 0 0
58 88 0 0
59 88 0 0
60 88 0 0
61 88 0 0
62 88 0 0
63 88 0 0
64 88 0 0
65 88 0 0
66 88 0 0
69 88 0 0
77 88 0 0
80 88 0 0
81 88 0 0
82 88 0 0
83 88 0 0
84 88 0 0
85 88 0 0
87 88 0 0
1 89 0 0
42 89 0 0
43 89 0 0
45 89 0 0
46 89 0 0
47 89 0 0
48 89 0 0
49 89 0 0
50 89 0 0
51 89 0 0
52 89 0 0
53 89 0 0
54 89 0 0
55 89 0 0
56 89 0 0
58 89 0 0
59 89 0 0
60 89 0 0
61 89 0 0
62 89 0 0
63 89 0 0
64 89 0 0
65 89 0 0
66 89 0 0
67 89 0 0
69 89 0 0
80 89 0 0
81 89 0 0
82 89 0 0
83 89 0 0
84 89 0 0
85 89 0 0
86 89 0 0
87 89 0 0
88 89 0 0
1 90 0 0
42 90 0 0
45 90 0 0
46 90 0 0
47 90 0 0
48 90 0 0
49 90 0 0
50 90 0 0
51 90 0 0
52 90 0 0
53 90 0 0
54 90 0 0
58 90 0 0
59 90 0 0
60 90 0 0
62 90 0 0
63 90 0 0
64 90 0 0
65 90 0 0
66 90 0 0
69 90 0 0
77 90 0 0
78 90 0 0
80 90 0 0
81 90 0 0
82 90 0 0
83 90 0 0
84 90 0 0
85 90 0 0
87 90 0 0
88 90 0 0
89 90 0 0
16 91 0 0
19 91 0 0
20 91 0 0
21 91 0 0
26 91 0 0
28 91 0 0
29 91 0 0
30 91 0 0
31 91 0 0
35 91 0 0
38 91 0 0
39 91 0 0
40 91 0 0
41 91 0 0
57 91 0 0
1 92 0 0
18 92 0 0
19 92 0 0
20 92 0 0
22 92 0 0
24 92 0 0
27 92 0 0
29 92 0 0
30 92 0 0
31 92 0 0
32 92 0 0
33 92 0 0
34 92 0 0
37 92 0 0
38 92 0 0
39 92 0 0
40 92 0 0
41 92 0 0
42 92 0 0
43 92 0 0
47 92 0 0
48 92 0 0
50 92 0 0
51 92 0 0
52 92 0 0
53 92 0 0
55 92 0 0
56 92 0 0
57 92 0 0
58 92 0 0
59 92 0 0
91 92 0 0
1 93 0 0
18 93 0 0
19 93 0 0
20 93 0 0
29 93 0 0
30 93 0 0
31 93 0 0
32 93 0 0
33 93 0 0
34 93 0 0
37 93 0 0
38 93 0 0
39 93 0 0
40 93 0 0
41 93 0 0
42 93 0 0
43 93 0 0
48 93 0 0
53 93 0 0
55 93 0 0
56 93 0 0
57 93 0 0
59 93 0 0
91 93 0 0
92 93 0 0
1 94 0 0
18 94 0 0
22 94 0 0
32 94 0 0
33 94 0 0
34 94 0 0
37 94 0 0
38 94 0 0
39 94 0 0
41 94 0 0
42 94 0 0
43 94 0 0
45 94 0 0
46 94 0 0
47 94 0 0
48 94 0 0
49 94 0 0
50 94 0 0
51 94 0 0
52 94 0 0
53 94 0 0
54 94 0 0
55 94 0 0
56 94 0 0
58 94 0 0
59 94 0 0
60 94 0 0
87 94 0 0
88 94 0 0
89 94 0 0
90 94 0 0
92 94 0 0
93 94 0 0
1 95 0 0
18 95 0 0
19 95 0 0
22 95 0 0
31 95 0 0
32 95 0 0
33 95 0 0
34 95 0 0
37 95 0 0
38 95 0 0
39 95 0 0
40 95 0 0
41 95 0 0
42 95 0 0
43 95 0 0
46 95 0 0
47 95 0 0
48 95 0 0
50 95 0 0
51 95 0 0
52 95 0 0
53 95 0 0
54 95 0 0
55 95 0 0
56 95 0 0
58 95 0 0
59 95 0 0
61 95 0 0
89 95 0 0
92 95 0 0
93 95 0 0
94 95 0 0
1 96 0 0
18 96 0 0
22 96 0 0
32 96 0 0
33 96 0 0
34 96 0 0
37 96 0 0
38 96 0 0
39 96 0 0
41 96 0 0
42 96 0 0
43 96 0 0
46 96 0 0
47 96 0 0
48 96 0 0
50 96 0 0
51 96 0 0
52 96 0 0
53 96 0 0
54 96 0 0
55 96 0 0
56 96 0 0
58 96 0 0
59 96 0 0
88 96 0 0
89 96 0 0
92 96 0 0
93 96 0 0
94 96 0 0
95 96 0 0
1 97 0 0
4 97 0 0
5 97 0 0
6 97 0 0
7 97 0 0
9 97 0 0
11 97 0 0
12 97 0 0
13 97 0 0
14 97 0 0
18 97 0 0
19 97 0 0
20 97 0 0
21 97 0 0
22 97 0 0
24 97 0 0
25 97 0 0
26 97 0 0
27 97 0 0
29 97 0 0
30 97 0 0
31 97 0 0
32 97 0 0
33 97 0 0
34 97 0 0
37 97 0 0
38 97 0 0
39 97 0 0
40 97 0 0
41 97 0 0
42 97 0 0
43 97 0 0
55 97 0 0
91 97 0 0
92 97 0 0
93 97 0 0
94 97 0 0
95 97 0 0
96 97 0 0
8 98 0 0
9 98 0 0
10 98 0 0
12 98 0 0
15 98 0 0
16 98 0 0
17 98 0 0
20 98 0 0
21 98 0 0
23 98 0 0
25 98 0 0
26 98 0 0
28 98 0 0
30 98 0 0
31 98 0 0
35 98 0 0
36 98 0 0
91 98 0 0
1 99 0 0
4 99 0 0
6 99 0 0
7 99 0 0
9 99 0 0
11 99 0 0
12 99 0 0
13 99 0 0
14 99 0 0
18 99 0 0
19 99 0 0
20 99 0 0
21 99 0 0
22 99 0 0
23 99 0 0
24 99 0 0
25 99 0 0
26 99 0 0
27 99 0 0
29 99 0 0
30 99 0 0
31 99 0 0
32 99 0 0
33 99 0 0
34 99 0 0
37 99 0 0
38 99 0 0
39 99 0 0
40 99 0 0
41 99 0 0
43 99 0 0
91 99 0 0
92 99 0 0
93 99 0 0
95 99 0 0
97 99 0 0
10 100 0 0
15 100 0 0
16 100 0 0
17 100 0 0
21 100 0 0
23 100 0 0
28 100 0 0
35 100 0 0
36 100 0 0
98 100 0 0
1 101 0 0
5 101 0 0
7 101 0 0
13 101 0 0
18 101 0 0
19 101 0 0
22 101 0 0
24 101 0 0
27 101 0 0
29 101 0 0
32 101 0 0
33 101 0 0
34 101 0 0
37 101 0 0
38 101 0 0
39 101 0 0
41 101 0 0
42 101 0 0
43 101 0 0
53 101 0 0
55 101 0 0
59 101 0 0
92 101 0 0
93 101 0 0
94 101 0 0
95 101 0 0
96 101 0 0
97 101 0 0
99 101 0 0
44 102 0 1
2 103 0 1
3 103 0 1
4 103 0 1
6 103 0 1
8 103 0 1
9 103 0 1
10 103 0 1
11 103 0 1
12 103 0 1
14 103 0 1
15 103 0 1
16 103 0 1
17 103 0 1
20 103 0 1
21 103 0 1
23 103 0 1
25 103 0 1
26 103 0 1
28 103 0 1
29 103 0 1
98 103 0 1
2 104 0 1
15 104 0 1
17 104 0 1
2 105 0 1
3 105 0 1
8 105 0 1
10 105 0 1
12 105 0 1
15 105 0 1
16 105 0 1
17 105 0 1
23 105 0 1
28 105 0 1
36 105 0 1
98 105 0 1
100 105 0 1
2 106 0 1
10 106 0 1
15 106 0 1
16 106 0 1
17 106 0 1
28 106 0 1
2 107 0 1
3 107 0 1
8 107 0 1
10 107 0 1
12 107 0 1
15 107 0 1
16 107 0 1
17 107 0 1
21 107 0 1
23 107 0 1
28 107 0 1
35 107 0 1
36 107 0 1
98 107 0 1
100 107 0 1
2 108 0 1
8 108 0 1
10 108 0 1
15 108 0 1
16 108 0 1
17 108 0 1
21 108 0 1
23 108 0 1
28 108 0 1
35 108 0 1
36 108 0 1
98 108 0 1
100 108 0 1
15 109 0 1
17 109 0 1
100 109 0 1
2 110 0 1
15 110 0 1
16 110 0 1
17 110 0 1
28 110 0 1
35 110 0 1
36 110 0 1
98 110 0 1
100 110 0 1
15 111 0 1
17 111 0 1
36 111 0 1
100 111 0 1
17 112 0 1
36 112 0 1
100 112 0 1
15 113 0 1
16 113 0 1
17 113 0 1
28 113 0 1
35 113 0 1
36 113 0 1
98 113 0 1
100 113 0 1
15 114 0 1
16 114 0 1
17 114 0 1
28 114 0 1
35 114 0 1
36 114 0 1
98 114 0 1
100 114 0 1
10 115 0 1
15 115 0 1
16 115 0 1
17 115 0 1
21 115 0 1
23 115 0 1
28 115 0 1
30 115 0 1
35 115 0 1
36 115 0 1
91 115 0 1
98 115 0 1
100 115 0 1
15 116 0 1
16 116 0 1
17 116 0 1
20 116 0 1
21 116 0 1
23 116 0 1
26 116 0 1
28 116 0 1
30 116 0 1
31 116 0 1
35 116 0 1
36 116 0 1
39 116 0 1
40 116 0 1
57 116 0 1
91 116 0 1
98 116 0 1
99 116 0 1
100 116 0 1
1 117 0 1
18 117 0 1
19 117 0 1
20 117 0 1
21 117 0 1
25 117 0 1
26 117 0 1
29 117 0 1
30 117 0 1
31 117 0 1
32 117 0 1
33 117 0 1
34 117 0 1
37 117 0 1
38 117 0 1
39 117 0 1
40 117 0 1
41 117 0 1
43 117 0 1
55 117 0 1
56 117 0 1
57 117 0 1
91 117 0 1
92 117 0 1
93 117 0 1
95 117 0 1
97 117 0 1
98 117 0 1
99 117 0 1
19 118 0 1
20 118 0 1
21 118 0 1
26 118 0 1
29 118 0 1
30 118 0 1
31 118 0 1
32 118 0 1
33 118 0 1
35 118 0 1
38 118 0 1
39 118 0 1
40 118 0 1
41 118 0 1
43 118 0 1
57 118 0 1
91 118 0 1
92 118 0 1
93 118 0 1
97 118 0 1
98 118 0 1
99 118 0 1
10 119 0 1
15 119 0 1
16 119 0 1
17 119 0 1
28 119 0 1
35 119 0 1
36 119 0 1
98 119 0 1
100 119 0 1
15 120 0 1
16 120 0 1
17 120 0 1
35 120 0 1
36 120 0 1
98 120 0 1
100 120 0 1
17 121 0 1
36 121 0 1
100 121 0 1
15 122 0 1
16 122 0 1
17 122 0 1
28 122 0 1
35 122 0 1
36 122 0 1
98 122 0 1
100 122 0 1
15 123 0 1
17 123 0 1
36 123 0 1
100 123 0 1
30 124 0 1
31 124 0 1
35 124 0 1
39 124 0 1
40 124 0 1
41 124 0 1
43 124 0 1
44 124 0 1
57 124 0 1
91 124 0 1
93 124 0 1
35 125 0 1
36 125 0 1
44 125 0 1
91 125 0 1
98 125 0 1
100 125 0 1
35 126 0 1
36 126 0 1
100 126 0 1
30 127 0 1
31 127 0 1
38 127 0 1
39 127 0 1
40 127 0 1
41 127 0 1
43 127 0 1
44 127 0 1
56 127 0 1
57 127 0 1
91 127 0 1
92 127 0 1
93 127 0 1
35 128 0 1
36 128 0 1
100 128 0 1
30 129 0 1
31 129 0 1
38 129 0 1
39 129 0 1
40 129 0 1
41 129 0 1
43 129 0 1
44 129 0 1
56 129 0 1
57 129 0 1
68 129 0 1
91 129 0 1
92 129 0 1
93 129 0 1
95 129 0 1
15 130 0 1
17 130 0 1
35 130 0 1
36 130 0 1
98 130 0 1
100 130 0 1
35 131 0 1
36 131 0 1
100 131 0 1
36 132 0 1
100 132 0 1
15 133 0 1
16 133 0 1
17 133 0 1
35 133 0 1
36 133 0 1
98 133 0 1
100 133 0 1
17 134 0 1
35 134 0 1
36 134 0 1
100 134 0 1
15 135 0 1
17 135 0 1
35 135 0 1
36 135 0 1
98 135 0 1
100 135 0 1
36 136 0 1
100 136 0 1
36 137 0 1
17 138 0 1
35 138 0 1
36 138 0 1
44 138 0 1
91 138 0 1
98 138 0 1
100 138 0 1
44 140 0 1
44 141 0 1
48 141 0 1
50 141 0 1
56 141 0 1
57 141 0 1
61 141 0 1
63 141 0 1
64 141 0 1
65 141 0 1
67 141 0 1
68 141 0 1
83 141 0 1
86 141 0 1
44 142 0 1
57 142 0 1
68 142 0 1
44 143 0 1
57 143 0 1
67 143 0 1
68 143 0 1
44 146 0 1
44 147 0 1
57 147 0 1
44 148 0 1
57 148 0 1
68 148 0 1
35 150 0 1
36 150 0 1
44 150 0 1
36 151 0 1
44 151 0 1
35 152 0 1
36 152 0 1
36 153 0 1
35 154 0 1
36 154 0 1
44 154 0 1
100 154 0 1
35 155 0 1
36 155 0 1
44 155 0 1
57 155 0 1
91 155 0 1
40 156 0 1
41 156 0 1
44 156 0 1
57 156 0 1
68 156 0 1
91 156 0 1
93 156 0 1
61 157 0 1
67 157 0 1
68 157 0 1
83 157 0 1
86 157 0 1
44 158 0 1
67 158 0 1
68 158 0 1
86 158 0 1
44 159 0 1
68 159 0 1
44 160 0 1
44 161 0 1
40 163 0 1
44 163 0 1
48 163 0 1
56 163 0 1
57 163 0 1
61 163 0 1
64 163 0 1
67 163 0 1
68 163 0 1
86 163 0 1
44 165 0 1
44 166 0 1
67 166 0 1
68 166 0 1
44 167 0 1
57 167 0 1
68 167 0 1
44 168 0 1
68 168 0 1
44 169 0 1
64 170 0 1
67 170 0 1
68 170 0 1
71 170 0 1
79 170 0 1
83 170 0 1
86 170 0 1
68 171 0 1
69 172 0 1
70 172 0 1
71 172 0 1
72 172 0 1
73 172 0 1
74 172 0 1
75 172 0 1
76 172 0 1
77 172 0 1
78 172 0 1
79 172 0 1
85 172 0 1
69 173 0 1
71 173 0 1
72 173 0 1
73 173 0 1
74 173 0 1
75 173 0 1
79 173 0 1
71 174 0 1
71 179 0 1
72 179 0 1
74 179 0 1
75 179 0 1
79 179 0 1
71 180 0 1
72 180 0 1
79 180 0 1
71 182 0 1
72 182 0 1
74 182 0 1
75 182 0 1
79 182 0 1
71 183 0 1
72 183 0 1
74 183 0 1
79 183 0 1
64 187 0 1
67 187 0 1
69 187 0 1
71 187 0 1
72 187 0 1
74 187 0 1
75 187 0 1
79 187 0 1
83 187 0 1
85 187 0 1
86 187 0 1
67 188 0 1
68 188 0 1
86 188 0 1
67 189 0 1
68 189 0 1
71 189 0 1
86 189 0 1
68 190 0 1
68 191 0 1
68 193 0 1
67 194 0 1
68 194 0 1
86 194 0 1
44 195 0 1
68 195 0 1
61 196 0 1
63 196 0 1
64 196 0 1
65 196 0 1
67 196 0 1
68 196 0 1
71 196 0 1
79 196 0 1
83 196 0 1
86 196 0 1
68 197 0 1
68 200 0 1
67 201 0 1
68 201 0 1
