2 3 0 0
2 4 0 0
3 4 0 0
2 5 0 0
2 6 0 0
3 6 0 0
4 6 0 0
5 6 0 0
2 7 0 0
3 7 0 0
4 7 0 0
5 7 0 0
6 7 0 0
5 8 0 0
6 8 0 0
2 9 0 0
3 9 0 0
4 9 0 0
6 9 0 0
7 9 0 0
2 10 0 0
3 10 0 0
4 10 0 0
5 10 0 0
6 10 0 0
7 10 0 0
8 10 0 0
9 10 0 0
2 11 0 0
3 11 0 0
4 11 0 0
5 11 0 0
6 11 0 0
7 11 0 0
9 11 0 0
10 11 0 0
2 12 0 0
3 12 0 0
5 12 0 0
6 12 0 0
7 12 0 0
8 12 0 0
9 12 0 0
10 12 0 0
11 12 0 0
8 13 0 0
12 13 0 0
5 14 0 0
6 14 0 0
8 14 0 0
10 14 0 0
12 14 0 0
13 14 0 0
5 15 0 0
6 15 0 0
8 15 0 0
10 15 0 0
11 15 0 0
12 15 0 0
13 15 0 0
14 15 0 0
1 16 0 0
3 16 0 0
6 16 0 0
9 16 0 0
10 16 0 0
11 16 0 0
12 16 0 0
15 16 0 0
1 17 0 0
5 17 0 0
6 17 0 0
9 17 0 0
10 17 0 0
11 17 0 0
12 17 0 0
14 17 0 0
15 17 0 0
16 17 0 0
1 18 0 0
5 18 0 0
6 18 0 0
9 18 0 0
10 18 0 0
11 18 0 0
12 18 0 0
13 18 0 0
14 18 0 0
15 18 0 0
16 18 0 0
17 18 0 0
1 19 0 0
2 19 0 0
3 19 0 0
5 19 0 0
6 19 0 0
7 19 0 0
9 19 0 0
10 19 0 0
11 19 0 0
12 19 0 0
15 19 0 0
16 19 0 0
17 19 0 0
18 19 0 0
3 20 0 0
5 20 0 0
6 20 0 0
7 20 0 0
9 20 0 0
10 20 0 0
11 20 0 0
12 20 0 0
13 20 0 0
14 20 0 0
15 20 0 0
16 20 0 0
17 20 0 0
18 20 0 0
19 20 0 0
1 21 0 0
3 21 0 0
5 21 0 0
6 21 0 0
7 21 0 0
9 21 0 0
10 21 0 0
11 21 0 0
12 21 0 0
14 21 0 0
15 21 0 0
16 21 0 0
17 21 0 0
18 21 0 0
19 21 0 0
20 21 0 0
1 22 0 0
3 22 0 0
5 22 0 0
6 22 0 0
7 22 0 0
9 22 0 0
10 22 0 0
11 22 0 0
12 22 0 0
14 22 0 0
15 22 0 0
16 22 0 0
17 22 0 0
18 22 0 0
19 22 0 0
20 22 0 0
21 22 0 0
23 24 0 0
1 25 0 0
12 25 0 0
13 25 0 0
14 25 0 0
15 25 0 0
16 25 0 0
17 25 0 0
18 25 0 0
19 25 0 0
20 25 0 0
21 25 0 0
22 25 0 0
1 26 0 0
12 26 0 0
13 26 0 0
14 26 0 0
15 26 0 0
16 26 0 0
17 26 0 0
18 26 0 0
19 26 0 0
20 26 0 0
21 26 0 0
22 26 0 0
25 26 0 0
1 27 0 0
13 27 0 0
14 27 0 0
15 27 0 0
17 27 0 0
18 27 0 0
20 27 0 0
21 27 0 0
22 27 0 0
25 27 0 0
26 27 0 0
1 28 0 0
13 28 0 0
14 28 0 0
15 28 0 0
17 28 0 0
18 28 0 0
20 28 0 0
22 28 0 0
25 28 0 0
26 28 0 0
27 28 0 0
1 29 0 0
14 29 0 0
15 29 0 0
16 29 0 0
17 29 0 0
18 29 0 0
19 29 0 0
20 29 0 0
21 29 0 0
22 29 0 0
25 29 0 0
26 29 0 0
27 29 0 0
28 29 0 0
1 30 0 0
6 30 0 0
9 30 0 0
10 30 0 0
11 30 0 0
12 30 0 0
14 30 0 0
15 30 0 0
16 30 0 0
17 30 0 0
18 30 0 0
19 30 0 0
20 30 0 0
21 30 0 0
22 30 0 0
25 30 0 0
26 30 0 0
27 30 0 0
28 30 0 0
29 30 0 0
1 31 0 0
9 31 0 0
10 31 0 0
11 31 0 0
12 31 0 0
15 31 0 0
16 31 0 0
17 31 0 0
18 31 0 0
19 31 0 0
20 31 0 0
21 31 0 0
22 31 0 0
25 31 0 0
26 31 0 0
27 31 0 0
29 31 0 0
30 31 0 0
1 32 0 0
6 32 0 0
10 32 0 0
11 32 0 0
12 32 0 0
13 32 0 0
14 32 0 0
15 32 0 0
16 32 0 0
17 32 0 0
18 32 0 0
19 32 0 0
20 32 0 0
21 32 0 0
22 32 0 0
25 32 0 0
26 32 0 0
27 32 0 0
28 32 0 0
29 32 0 0
30 32 0 0
31 32 0 0
1 33 0 0
9 33 0 0
10 33 0 0
11 33 0 0
12 33 0 0
14 33 0 0
15 33 0 0
16 33 0 0
17 33 0 0
18 33 0 0
19 33 0 0
20 33 0 0
21 33 0 0
22 33 0 0
25 33 0 0
26 33 0 0
27 33 0 0
28 33 0 0
29 33 0 0
30 33 0 0
31 33 0 0
32 33 0 0
1 34 0 0
9 34 0 0
10 34 0 0
11 34 0 0
12 34 0 0
14 34 0 0
15 34 0 0
16 34 0 0
17 34 0 0
18 34 0 0
19 34 0 0
20 34 0 0
21 34 0 0
22 34 0 0
25 34 0 0
26 34 0 0
27 34 0 0
28 34 0 0
29 34 0 0
30 34 0 0
31 34 0 0
32 34 0 0
33 34 0 0
8 35 0 0
12 35 0 0
13 35 0 0
14 35 0 0
15 35 0 0
17 35 0 0
18 35 0 0
20 35 0 0
25 35 0 0
26 35 0 0
27 35 0 0
28 35 0 0
29 35 0 0
32 35 0 0
33 35 0 0
34 35 0 0
1 36 0 0
9 36 0 0
11 36 0 0
12 36 0 0
15 36 0 0
16 36 0 0
17 36 0 0
18 36 0 0
19 36 0 0
20 36 0 0
21 36 0 0
22 36 0 0
25 36 0 0
26 36 0 0
27 36 0 0
28 36 0 0
29 36 0 0
30 36 0 0
31 36 0 0
32 36 0 0
33 36 0 0
34 36 0 0
1 37 0 0
13 37 0 0
14 37 0 0
25 37 0 0
26 37 0 0
27 37 0 0
28 37 0 0
32 37 0 0
35 37 0 0
37 38 0 0
24 39 0 0
38 39 0 0
27 40 0 0
28 40 0 0
35 40 0 0
37 40 0 0
38 40 0 0
39 40 0 0
1 41 0 0
13 41 0 0
14 41 0 0
15 41 0 0
17 41 0 0
18 41 0 0
25 41 0 0
26 41 0 0
27 41 0 0
28 41 0 0
29 41 0 0
30 41 0 0
31 41 0 0
32 41 0 0
33 41 0 0
34 41 0 0
35 41 0 0
36 41 0 0
37 41 0 0
40 41 0 0
1 42 0 0
25 42 0 0
26 42 0 0
27 42 0 0
28 42 0 0
35 42 0 0
37 42 0 0
38 42 0 0
39 42 0 0
40 42 0 0
41 42 0 0
1 43 0 0
25 43 0 0
26 43 0 0
27 43 0 0
28 43 0 0
29 43 0 0
32 43 0 0
34 43 0 0
35 43 0 0
37 43 0 0
40 43 0 0
41 43 0 0
42 43 0 0
1 44 0 0
25 44 0 0
26 44 0 0
27 44 0 0
28 44 0 0
29 44 0 0
32 44 0 0
33 44 0 0
34 44 0 0
35 44 0 0
36 44 0 0
37 44 0 0
40 44 0 0
41 44 0 0
42 44 0 0
43 44 0 0
1 45 0 0
13 45 0 0
14 45 0 0
15 45 0 0
16 45 0 0
17 45 0 0
18 45 0 0
20 45 0 0
21 45 0 0
22 45 0 0
25 45 0 0
26 45 0 0
27 45 0 0
28 45 0 0
29 45 0 0
30 45 0 0
31 45 0 0
32 45 0 0
33 45 0 0
34 45 0 0
35 45 0 0
36 45 0 0
37 45 0 0
41 45 0 0
42 45 0 0
43 45 0 0
44 45 0 0
1 46 0 0
13 46 0 0
14 46 0 0
15 46 0 0
17 46 0 0
18 46 0 0
20 46 0 0
21 46 0 0
22 46 0 0
25 46 0 0
26 46 0 0
27 46 0 0
28 46 0 0
29 46 0 0
30 46 0 0
31 46 0 0
32 46 0 0
33 46 0 0
34 46 0 0
35 46 0 0
36 46 0 0
37 46 0 0
40 46 0 0
41 46 0 0
42 46 0 0
43 46 0 0
44 46 0 0
45 46 0 0
13 47 0 0
24 47 0 0
37 47 0 0
38 47 0 0
39 47 0 0
40 47 0 0
42 47 0 0
13 48 0 0
28 48 0 0
35 48 0 0
37 48 0 0
38 48 0 0
39 48 0 0
40 48 0 0
42 48 0 0
47 48 0 0
13 49 0 0
14 49 0 0
15 49 0 0
25 49 0 0
26 49 0 0
27 49 0 0
28 49 0 0
32 49 0 0
35 49 0 0
37 49 0 0
38 49 0 0
39 49 0 0
40 49 0 0
41 49 0 0
42 49 0 0
43 49 0 0
44 49 0 0
45 49 0 0
46 49 0 0
47 49 0 0
48 49 0 0
1 50 0 0
13 50 0 0
14 50 0 0
15 50 0 0
18 50 0 0
25 50 0 0
26 50 0 0
27 50 0 0
28 50 0 0
32 50 0 0
34 50 0 0
35 50 0 0
37 50 0 0
38 50 0 0
40 50 0 0
41 50 0 0
42 50 0 0
43 50 0 0
44 50 0 0
45 50 0 0
46 50 0 0
47 50 0 0
48 50 0 0
49 50 0 0
1 51 0 0
14 51 0 0
15 51 0 0
16 51 0 0
17 51 0 0
18 51 0 0
19 51 0 0
20 51 0 0
21 51 0 0
22 51 0 0
25 51 0 0
26 51 0 0
27 51 0 0
28 51 0 0
29 51 0 0
30 51 0 0
31 51 0 0
32 51 0 0
33 51 0 0
34 51 0 0
35 51 0 0
36 51 0 0
37 51 0 0
41 51 0 0
43 51 0 0
44 51 0 0
45 51 0 0
46 51 0 0
50 51 0 0
24 52 0 0
38 52 0 0
39 52 0 0
40 52 0 0
47 52 0 0
48 52 0 0
49 52 0 0
1 53 0 0
13 53 0 0
14 53 0 0
25 53 0 0
26 53 0 0
27 53 0 0
28 53 0 0
32 53 0 0
35 53 0 0
37 53 0 0
38 53 0 0
39 53 0 0
40 53 0 0
41 53 0 0
42 53 0 0
43 53 0 0
44 53 0 0
45 53 0 0
46 53 0 0
47 53 0 0
48 53 0 0
49 53 0 0
50 53 0 0
52 53 0 0
1 54 0 0
13 54 0 0
14 54 0 0
15 54 0 0
17 54 0 0
18 54 0 0
25 54 0 0
26 54 0 0
27 54 0 0
28 54 0 0
29 54 0 0
30 54 0 0
31 54 0 0
32 54 0 0
33 54 0 0
34 54 0 0
35 54 0 0
36 54 0 0
37 54 0 0
41 54 0 0
42 54 0 0
43 54 0 0
44 54 0 0
45 54 0 0
46 54 0 0
49 54 0 0
50 54 0 0
51 54 0 0
53 54 0 0
1 55 0 0
14 55 0 0
15 55 0 0
16 55 0 0
17 55 0 0
18 55 0 0
22 55 0 0
25 55 0 0
26 55 0 0
27 55 0 0
28 55 0 0
29 55 0 0
30 55 0 0
31 55 0 0
32 55 0 0
33 55 0 0
34 55 0 0
35 55 0 0
36 55 0 0
37 55 0 0
41 55 0 0
42 55 0 0
43 55 0 0
44 55 0 0
45 55 0 0
46 55 0 0
50 55 0 0
51 55 0 0
53 55 0 0
54 55 0 0
39 56 0 0
38 57 0 0
39 57 0 0
40 57 0 0
47 57 0 0
52 57 0 0
56 57 0 0
38 58 0 0
39 58 0 0
52 58 0 0
56 58 0 0
57 58 0 0
38 59 0 0
39 59 0 0
56 59 0 0
57 59 0 0
58 59 0 0
38 60 0 0
39 60 0 0
40 60 0 0
42 60 0 0
47 60 0 0
52 60 0 0
56 60 0 0
57 60 0 0
58 60 0 0
59 60 0 0
1 61 0 0
37 61 0 0
38 61 0 0
39 61 0 0
40 61 0 0
42 61 0 0
43 61 0 0
57 61 0 0
58 61 0 0
60 61 0 0
1 62 0 0
37 62 0 0
38 62 0 0
40 62 0 0
41 62 0 0
42 62 0 0
43 62 0 0
44 62 0 0
53 62 0 0
57 62 0 0
60 62 0 0
61 62 0 0
1 63 0 0
37 63 0 0
38 63 0 0
39 63 0 0
40 63 0 0
41 63 0 0
42 63 0 0
43 63 0 0
44 63 0 0
48 63 0 0
49 63 0 0
50 63 0 0
53 63 0 0
57 63 0 0
60 63 0 0
61 63 0 0
62 63 0 0
24 64 0 0
38 64 0 0
39 64 0 0
40 64 0 0
47 64 0 0
48 64 0 0
52 64 0 0
56 64 0 0
57 64 0 0
58 64 0 0
59 64 0 0
60 64 0 0
61 64 0 0
63 64 0 0
1 65 0 0
25 65 0 0
26 65 0 0
27 65 0 0
28 65 0 0
35 65 0 0
37 65 0 0
40 65 0 0
41 65 0 0
42 65 0 0
43 65 0 0
44 65 0 0
45 65 0 0
46 65 0 0
49 65 0 0
50 65 0 0
51 65 0 0
53 65 0 0
54 65 0 0
55 65 0 0
61 65 0 0
62 65 0 0
63 65 0 0
1 66 0 0
25 66 0 0
26 66 0 0
27 66 0 0
28 66 0 0
29 66 0 0
34 66 0 0
35 66 0 0
36 66 0 0
37 66 0 0
40 66 0 0
41 66 0 0
42 66 0 0
43 66 0 0
44 66 0 0
45 66 0 0
46 66 0 0
49 66 0 0
50 66 0 0
51 66 0 0
53 66 0 0
54 66 0 0
55 66 0 0
61 66 0 0
62 66 0 0
63 66 0 0
65 66 0 0
1 67 0 0
25 67 0 0
27 67 0 0
28 67 0 0
35 67 0 0
37 67 0 0
38 67 0 0
40 67 0 0
41 67 0 0
42 67 0 0
43 67 0 0
44 67 0 0
45 67 0 0
46 67 0 0
48 67 0 0
49 67 0 0
50 67 0 0
51 67 0 0
53 67 0 0
54 67 0 0
55 67 0 0
61 67 0 0
62 67 0 0
63 67 0 0
65 67 0 0
66 67 0 0
24 68 0 0
38 68 0 0
39 68 0 0
40 68 0 0
47 68 0 0
48 68 0 0
52 68 0 0
56 68 0 0
57 68 0 0
58 68 0 0
59 68 0 0
60 68 0 0
61 68 0 0
63 68 0 0
64 68 0 0
1 69 0 0
27 69 0 0
28 69 0 0
35 69 0 0
37 69 0 0
38 69 0 0
40 69 0 0
41 69 0 0
42 69 0 0
43 69 0 0
44 69 0 0
45 69 0 0
46 69 0 0
48 69 0 0
49 69 0 0
50 69 0 0
53 69 0 0
54 69 0 0
55 69 0 0
60 69 0 0
61 69 0 0
62 69 0 0
63 69 0 0
65 69 0 0
66 69 0 0
67 69 0 0
37 70 0 0
38 70 0 0
39 70 0 0
40 70 0 0
42 70 0 0
47 70 0 0
48 70 0 0
49 70 0 0
52 70 0 0
53 70 0 0
57 70 0 0
58 70 0 0
59 70 0 0
60 70 0 0
61 70 0 0
62 70 0 0
63 70 0 0
64 70 0 0
67 70 0 0
68 70 0 0
69 70 0 0
1 71 0 0
28 71 0 0
37 71 0 0
38 71 0 0
39 71 0 0
40 71 0 0
41 71 0 0
42 71 0 0
43 71 0 0
44 71 0 0
46 71 0 0
47 71 0 0
48 71 0 0
49 71 0 0
50 71 0 0
53 71 0 0
54 71 0 0
57 71 0 0
60 71 0 0
61 71 0 0
62 71 0 0
63 71 0 0
64 71 0 0
65 71 0 0
66 71 0 0
67 71 0 0
68 71 0 0
69 71 0 0
70 71 0 0
56 72 0 0
57 72 0 0
58 72 0 0
59 72 0 0
68 72 0 0
56 73 0 0
57 73 0 0
58 73 0 0
59 73 0 0
60 73 0 0
64 73 0 0
68 73 0 0
72 73 0 0
38 74 0 0
56 74 0 0
57 74 0 0
58 74 0 0
59 74 0 0
60 74 0 0
61 74 0 0
63 74 0 0
64 74 0 0
68 74 0 0
70 74 0 0
72 74 0 0
73 74 0 0
1 75 0 0
38 75 0 0
57 75 0 0
58 75 0 0
60 75 0 0
61 75 0 0
62 75 0 0
63 75 0 0
64 75 0 0
67 75 0 0
68 75 0 0
69 75 0 0
70 75 0 0
71 75 0 0
74 75 0 0
1 76 0 0
43 76 0 0
61 76 0 0
62 76 0 0
63 76 0 0
65 76 0 0
66 76 0 0
67 76 0 0
69 76 0 0
71 76 0 0
75 76 0 0
56 77 0 0
57 77 0 0
58 77 0 0
59 77 0 0
60 77 0 0
61 77 0 0
62 77 0 0
63 77 0 0
64 77 0 0
68 77 0 0
70 77 0 0
72 77 0 0
73 77 0 0
74 77 0 0
75 77 0 0
56 78 0 0
58 78 0 0
59 78 0 0
72 78 0 0
73 78 0 0
74 78 0 0
56 79 0 0
57 79 0 0
58 79 0 0
59 79 0 0
60 79 0 0
72 79 0 0
73 79 0 0
74 79 0 0
75 79 0 0
77 79 0 0
78 79 0 0
1 80 0 0
57 80 0 0
60 80 0 0
61 80 0 0
62 80 0 0
73 80 0 0
74 80 0 0
75 80 0 0
77 80 0 0
79 80 0 0
1 81 0 0
61 81 0 0
62 81 0 0
75 81 0 0
76 81 0 0
77 81 0 0
80 81 0 0
1 82 0 0
62 82 0 0
75 82 0 0
76 82 0 0
81 82 0 0
72 83 0 0
78 83 0 0
72 84 0 0
73 84 0 0
78 84 0 0
83 84 0 0
72 85 0 0
73 85 0 0
74 85 0 0
78 85 0 0
79 85 0 0
83 85 0 0
84 85 0 0
1 86 0 0
61 86 0 0
62 86 0 0
74 86 0 0
75 86 0 0
76 86 0 0
77 86 0 0
79 86 0 0
80 86 0 0
81 86 0 0
82 86 0 0
1 87 0 0
61 87 0 0
62 87 0 0
74 87 0 0
75 87 0 0
76 87 0 0
77 87 0 0
79 87 0 0
80 87 0 0
81 87 0 0
82 87 0 0
86 87 0 0
1 88 0 0
61 88 0 0
62 88 0 0
74 88 0 0
75 88 0 0
77 88 0 0
79 88 0 0
80 88 0 0
81 88 0 0
82 88 0 0
86 88 0 0
87 88 0 0
57 89 0 0
59 89 0 0
72 89 0 0
73 89 0 0
74 89 0 0
75 89 0 0
77 89 0 0
78 89 0 0
79 89 0 0
80 89 0 0
81 89 0 0
85 89 0 0
86 89 0 0
87 89 0 0
88 89 0 0
1 90 0 0
61 90 0 0
62 90 0 0
75 90 0 0
76 90 0 0
77 90 0 0
80 90 0 0
81 90 0 0
82 90 0 0
86 90 0 0
87 90 0 0
88 90 0 0
73 91 0 0
74 91 0 0
75 91 0 0
77 91 0 0
79 91 0 0
80 91 0 0
81 91 0 0
85 91 0 0
86 91 0 0
87 91 0 0
88 91 0 0
89 91 0 0
90 91 0 0
1 92 0 0
61 92 0 0
62 92 0 0
63 92 0 0
65 92 0 0
66 92 0 0
67 92 0 0
69 92 0 0
71 92 0 0
75 92 0 0
76 92 0 0
77 92 0 0
80 92 0 0
81 92 0 0
82 92 0 0
86 92 0 0
87 92 0 0
88 92 0 0
90 92 0 0
1 93 0 0
57 93 0 0
60 93 0 0
61 93 0 0
62 93 0 0
63 93 0 0
69 93 0 0
70 93 0 0
71 93 0 0
74 93 0 0
75 93 0 0
76 93 0 0
77 93 0 0
79 93 0 0
80 93 0 0
81 93 0 0
82 93 0 0
86 93 0 0
87 93 0 0
88 93 0 0
89 93 0 0
90 93 0 0
91 93 0 0
92 93 0 0
1 94 0 0
57 94 0 0
58 94 0 0
60 94 0 0
61 94 0 0
62 94 0 0
63 94 0 0
70 94 0 0
71 94 0 0
74 94 0 0
75 94 0 0
76 94 0 0
77 94 0 0
79 94 0 0
80 94 0 0
81 94 0 0
82 94 0 0
86 94 0 0
87 94 0 0
88 94 0 0
89 94 0 0
90 94 0 0
91 94 0 0
92 94 0 0
93 94 0 0
56 95 0 0
57 95 0 0
58 95 0 0
59 95 0 0
60 95 0 0
61 95 0 0
68 95 0 0
72 95 0 0
73 95 0 0
74 95 0 0
75 95 0 0
77 95 0 0
78 95 0 0
79 95 0 0
80 95 0 0
85 95 0 0
86 95 0 0
87 95 0 0
88 95 0 0
89 95 0 0
91 95 0 0
93 95 0 0
94 95 0 0
1 96 0 0
57 96 0 0
58 96 0 0
59 96 0 0
60 96 0 0
61 96 0 0
62 96 0 0
63 96 0 0
70 96 0 0
73 96 0 0
74 96 0 0
75 96 0 0
77 96 0 0
79 96 0 0
80 96 0 0
81 96 0 0
86 96 0 0
87 96 0 0
88 96 0 0
89 96 0 0
90 96 0 0
91 96 0 0
92 96 0 0
93 96 0 0
94 96 0 0
95 96 0 0
1 97 0 0
61 97 0 0
62 97 0 0
63 97 0 0
69 97 0 0
71 97 0 0
75 97 0 0
76 97 0 0
77 97 0 0
80 97 0 0
81 97 0 0
82 97 0 0
86 97 0 0
87 97 0 0
88 97 0 0
90 97 0 0
91 97 0 0
92 97 0 0
93 97 0 0
94 97 0 0
96 97 0 0
1 98 0 0
60 98 0 0
61 98 0 0
62 98 0 0
63 98 0 0
74 98 0 0
75 98 0 0
76 98 0 0
77 98 0 0
79 98 0 0
80 98 0 0
81 98 0 0
82 98 0 0
86 98 0 0
87 98 0 0
88 98 0 0
89 98 0 0
90 98 0 0
91 98 0 0
92 98 0 0
93 98 0 0
94 98 0 0
95 98 0 0
96 98 0 0
97 98 0 0
1 99 0 0
38 99 0 0
40 99 0 0
42 99 0 0
43 99 0 0
57 99 0 0
60 99 0 0
61 99 0 0
62 99 0 0
63 99 0 0
65 99 0 0
66 99 0 0
67 99 0 0
69 99 0 0
70 99 0 0
71 99 0 0
74 99 0 0
75 99 0 0
76 99 0 0
77 99 0 0
80 99 0 0
81 99 0 0
82 99 0 0
86 99 0 0
87 99 0 0
88 99 0 0
90 99 0 0
92 99 0 0
93 99 0 0
94 99 0 0
96 99 0 0
97 99 0 0
98 99 0 0
1 100 0 0
37 100 0 0
38 100 0 0
40 100 0 0
41 100 0 0
42 100 0 0
43 100 0 0
44 100 0 0
60 100 0 0
61 100 0 0
62 100 0 0
63 100 0 0
65 100 0 0
66 100 0 0
67 100 0 0
69 100 0 0
70 100 0 0
71 100 0 0
75 100 0 0
76 100 0 0
77 100 0 0
80 100 0 0
81 100 0 0
82 100 0 0
86 100 0 0
87 100 0 0
88 100 0 0
90 100 0 0
92 100 0 0
93 100 0 0
94 100 0 0
96 100 0 0
97 100 0 0
98 100 0 0
99 100 0 0
1 101 0 0
37 101 0 0
38 101 0 0
40 101 0 0
41 101 0 0
42 101 0 0
43 101 0 0
44 101 0 0
48 101 0 0
49 101 0 0
50 101 0 0
53 101 0 0
54 101 0 0
55 101 0 0
57 101 0 0
60 101 0 0
61 101 0 0
62 101 0 0
63 101 0 0
65 101 0 0
66 101 0 0
67 101 0 0
69 101 0 0
70 101 0 0
71 101 0 0
75 101 0 0
76 101 0 0
81 101 0 0
82 101 0 0
90 101 0 0
92 101 0 0
93 101 0 0
94 101 0 0
96 101 0 0
97 101 0 0
98 101 0 0
99 101 0 0
100 101 0 0
38 102 0 0
39 102 0 0
56 102 0 0
57 102 0 0
58 102 0 0
59 102 0 0
60 102 0 0
64 102 0 0
68 102 0 0
70 102 0 0
72 102 0 0
73 102 0 0
74 102 0 0
75 102 0 0
77 102 0 0
78 102 0 0
79 102 0 0
80 102 0 0
85 102 0 0
89 102 0 0
91 102 0 0
94 102 0 0
95 102 0 0
96 102 0 0
1 103 0 0
38 103 0 0
40 103 0 0
42 103 0 0
57 103 0 0
60 103 0 0
61 103 0 0
62 103 0 0
63 103 0 0
64 103 0 0
65 103 0 0
67 103 0 0
68 103 0 0
69 103 0 0
70 103 0 0
71 103 0 0
74 103 0 0
75 103 0 0
76 103 0 0
77 103 0 0
79 103 0 0
80 103 0 0
81 103 0 0
82 103 0 0
86 103 0 0
87 103 0 0
88 103 0 0
89 103 0 0
90 103 0 0
92 103 0 0
93 103 0 0
94 103 0 0
95 103 0 0
96 103 0 0
97 103 0 0
98 103 0 0
99 103 0 0
100 103 0 0
101 103 0 0
102 103 0 0
1 104 0 0
38 104 0 0
40 104 0 0
42 104 0 0
43 104 0 0
57 104 0 0
60 104 0 0
61 104 0 0
62 104 0 0
63 104 0 0
65 104 0 0
66 104 0 0
67 104 0 0
69 104 0 0
70 104 0 0
71 104 0 0
74 104 0 0
75 104 0 0
76 104 0 0
77 104 0 0
80 104 0 0
81 104 0 0
82 104 0 0
86 104 0 0
87 104 0 0
88 104 0 0
89 104 0 0
90 104 0 0
91 104 0 0
92 104 0 0
93 104 0 0
94 104 0 0
95 104 0 0
96 104 0 0
97 104 0 0
98 104 0 0
99 104 0 0
100 104 0 0
101 104 0 0
103 104 0 0
1 105 0 0
38 105 0 0
57 105 0 0
58 105 0 0
59 105 0 0
60 105 0 0
61 105 0 0
62 105 0 0
63 105 0 0
64 105 0 0
67 105 0 0
68 105 0 0
69 105 0 0
70 105 0 0
71 105 0 0
73 105 0 0
74 105 0 0
75 105 0 0
76 105 0 0
77 105 0 0
79 105 0 0
80 105 0 0
81 105 0 0
86 105 0 0
87 105 0 0
88 105 0 0
89 105 0 0
90 105 0 0
91 105 0 0
92 105 0 0
93 105 0 0
94 105 0 0
95 105 0 0
96 105 0 0
97 105 0 0
98 105 0 0
99 105 0 0
100 105 0 0
101 105 0 0
102 105 0 0
103 105 0 0
104 105 0 0
1 106 0 0
42 106 0 0
43 106 0 0
44 106 0 0
61 106 0 0
62 106 0 0
63 106 0 0
65 106 0 0
66 106 0 0
67 106 0 0
69 106 0 0
71 106 0 0
75 106 0 0
76 106 0 0
81 106 0 0
82 106 0 0
86 106 0 0
87 106 0 0
88 106 0 0
90 106 0 0
92 106 0 0
93 106 0 0
94 106 0 0
96 106 0 0
97 106 0 0
98 106 0 0
99 106 0 0
100 106 0 0
101 106 0 0
103 106 0 0
104 106 0 0
105 106 0 0
23 107 0 1
24 107 0 1
2 108 0 1
3 108 0 1
4 108 0 1
6 108 0 1
7 108 0 1
11 108 0 1
2 109 0 1
3 109 0 1
4 109 0 1
5 109 0 1
6 109 0 1
7 109 0 1
10 109 0 1
11 109 0 1
12 109 0 1
2 110 0 1
3 110 0 1
4 110 0 1
5 110 0 1
6 110 0 1
7 110 0 1
10 110 0 1
11 110 0 1
12 110 0 1
5 111 0 1
6 111 0 1
2 112 0 1
5 112 0 1
6 112 0 1
10 112 0 1
5 115 0 1
2 116 0 1
3 116 0 1
4 116 0 1
5 116 0 1
6 116 0 1
7 116 0 1
10 116 0 1
11 116 0 1
12 116 0 1
20 116 0 1
2 117 0 1
5 117 0 1
6 117 0 1
8 117 0 1
10 117 0 1
12 117 0 1
8 118 0 1
5 119 0 1
6 119 0 1
8 119 0 1
10 119 0 1
12 119 0 1
15 119 0 1
20 119 0 1
2 120 0 1
3 120 0 1
4 120 0 1
5 120 0 1
6 120 0 1
7 120 0 1
9 120 0 1
10 120 0 1
11 120 0 1
12 120 0 1
15 120 0 1
16 120 0 1
17 120 0 1
18 120 0 1
19 120 0 1
20 120 0 1
21 120 0 1
22 120 0 1
30 120 0 1
31 120 0 1
32 120 0 1
33 120 0 1
36 120 0 1
5 121 0 1
8 121 0 1
13 121 0 1
8 122 0 1
2 124 0 1
5 124 0 1
6 124 0 1
8 124 0 1
10 124 0 1
12 124 0 1
5 125 0 1
8 125 0 1
8 126 0 1
5 127 0 1
8 127 0 1
8 128 0 1
23 129 0 1
23 130 0 1
24 130 0 1
24 131 0 1
5 132 0 1
8 132 0 1
12 132 0 1
13 132 0 1
14 132 0 1
15 132 0 1
35 132 0 1
8 133 0 1
13 133 0 1
14 133 0 1
35 133 0 1
23 134 0 1
24 134 0 1
8 135 0 1
24 135 0 1
8 136 0 1
13 136 0 1
24 136 0 1
47 136 0 1
23 137 0 1
24 137 0 1
23 138 0 1
24 138 0 1
8 139 0 1
13 139 0 1
14 139 0 1
15 139 0 1
28 139 0 1
35 139 0 1
47 139 0 1
48 139 0 1
49 139 0 1
8 140 0 1
13 140 0 1
35 140 0 1
47 140 0 1
48 140 0 1
23 141 0 1
24 141 0 1
47 141 0 1
52 141 0 1
8 142 0 1
13 142 0 1
14 142 0 1
28 142 0 1
35 142 0 1
37 142 0 1
39 142 0 1
40 142 0 1
47 142 0 1
48 142 0 1
49 142 0 1
50 142 0 1
52 142 0 1
53 142 0 1
13 143 0 1
24 143 0 1
39 143 0 1
47 143 0 1
48 143 0 1
49 143 0 1
52 143 0 1
8 144 0 1
13 144 0 1
14 144 0 1
15 144 0 1
25 144 0 1
26 144 0 1
27 144 0 1
28 144 0 1
35 144 0 1
37 144 0 1
38 144 0 1
39 144 0 1
40 144 0 1
41 144 0 1
42 144 0 1
43 144 0 1
46 144 0 1
47 144 0 1
48 144 0 1
49 144 0 1
50 144 0 1
52 144 0 1
53 144 0 1
54 144 0 1
67 144 0 1
71 144 0 1
1 145 0 1
13 145 0 1
14 145 0 1
15 145 0 1
17 145 0 1
18 145 0 1
25 145 0 1
26 145 0 1
27 145 0 1
28 145 0 1
29 145 0 1
30 145 0 1
32 145 0 1
33 145 0 1
34 145 0 1
35 145 0 1
36 145 0 1
37 145 0 1
40 145 0 1
41 145 0 1
42 145 0 1
43 145 0 1
44 145 0 1
45 145 0 1
46 145 0 1
48 145 0 1
49 145 0 1
50 145 0 1
51 145 0 1
53 145 0 1
54 145 0 1
55 145 0 1
63 145 0 1
65 145 0 1
66 145 0 1
67 145 0 1
69 145 0 1
71 145 0 1
101 145 0 1
23 146 0 1
24 146 0 1
38 146 0 1
39 146 0 1
47 146 0 1
48 146 0 1
52 146 0 1
64 146 0 1
68 146 0 1
23 147 0 1
24 147 0 1
52 147 0 1
24 148 0 1
38 148 0 1
39 148 0 1
40 148 0 1
47 148 0 1
48 148 0 1
49 148 0 1
52 148 0 1
53 148 0 1
57 148 0 1
64 148 0 1
68 148 0 1
70 148 0 1
23 149 0 1
23 150 0 1
24 150 0 1
23 151 0 1
24 151 0 1
39 151 0 1
47 151 0 1
52 151 0 1
64 151 0 1
68 151 0 1
8 152 0 1
13 152 0 1
24 152 0 1
35 152 0 1
37 152 0 1
38 152 0 1
39 152 0 1
40 152 0 1
47 152 0 1
48 152 0 1
49 152 0 1
50 152 0 1
52 152 0 1
53 152 0 1
23 153 0 1
24 153 0 1
39 153 0 1
47 153 0 1
52 153 0 1
23 154 0 1
23 155 0 1
24 155 0 1
39 155 0 1
47 155 0 1
52 155 0 1
23 156 0 1
24 156 0 1
23 157 0 1
24 157 0 1
38 157 0 1
39 157 0 1
47 157 0 1
48 157 0 1
52 157 0 1
56 157 0 1
57 157 0 1
58 157 0 1
59 157 0 1
60 157 0 1
64 157 0 1
68 157 0 1
70 157 0 1
23 158 0 1
24 158 0 1
39 158 0 1
47 158 0 1
52 158 0 1
56 158 0 1
58 158 0 1
59 158 0 1
64 158 0 1
68 158 0 1
23 159 0 1
23 160 0 1
37 161 0 1
38 161 0 1
39 161 0 1
40 161 0 1
42 161 0 1
47 161 0 1
48 161 0 1
49 161 0 1
52 161 0 1
53 161 0 1
57 161 0 1
58 161 0 1
59 161 0 1
60 161 0 1
61 161 0 1
62 161 0 1
63 161 0 1
64 161 0 1
67 161 0 1
68 161 0 1
69 161 0 1
70 161 0 1
71 161 0 1
73 161 0 1
74 161 0 1
75 161 0 1
77 161 0 1
93 161 0 1
94 161 0 1
95 161 0 1
96 161 0 1
99 161 0 1
100 161 0 1
101 161 0 1
102 161 0 1
103 161 0 1
104 161 0 1
105 161 0 1
24 162 0 1
38 162 0 1
39 162 0 1
47 162 0 1
52 162 0 1
56 162 0 1
57 162 0 1
58 162 0 1
59 162 0 1
60 162 0 1
64 162 0 1
68 162 0 1
70 162 0 1
72 162 0 1
73 162 0 1
74 162 0 1
77 162 0 1
102 162 0 1
23 163 0 1
56 163 0 1
58 163 0 1
59 163 0 1
72 163 0 1
73 163 0 1
56 165 0 1
58 165 0 1
59 165 0 1
72 165 0 1
73 165 0 1
78 165 0 1
56 166 0 1
72 166 0 1
78 166 0 1
23 167 0 1
56 167 0 1
58 167 0 1
59 167 0 1
68 167 0 1
72 167 0 1
73 167 0 1
78 167 0 1
102 167 0 1
56 168 0 1
57 168 0 1
58 168 0 1
59 168 0 1
60 168 0 1
64 168 0 1
68 168 0 1
72 168 0 1
73 168 0 1
74 168 0 1
77 168 0 1
78 168 0 1
79 168 0 1
84 168 0 1
85 168 0 1
89 168 0 1
95 168 0 1
102 168 0 1
56 169 0 1
57 169 0 1
58 169 0 1
59 169 0 1
60 169 0 1
61 169 0 1
72 169 0 1
73 169 0 1
74 169 0 1
75 169 0 1
77 169 0 1
78 169 0 1
79 169 0 1
80 169 0 1
81 169 0 1
85 169 0 1
86 169 0 1
87 169 0 1
88 169 0 1
89 169 0 1
91 169 0 1
93 169 0 1
94 169 0 1
95 169 0 1
96 169 0 1
97 169 0 1
98 169 0 1
99 169 0 1
102 169 0 1
103 169 0 1
104 169 0 1
105 169 0 1
72 170 0 1
78 170 0 1
83 170 0 1
84 170 0 1
85 170 0 1
56 171 0 1
72 171 0 1
78 171 0 1
83 171 0 1
84 171 0 1
78 172 0 1
83 172 0 1
84 172 0 1
56 173 0 1
57 173 0 1
58 173 0 1
59 173 0 1
64 173 0 1
68 173 0 1
72 173 0 1
73 173 0 1
74 173 0 1
78 173 0 1
85 173 0 1
95 173 0 1
102 173 0 1
23 174 0 1
23 175 0 1
24 175 0 1
56 175 0 1
58 175 0 1
59 175 0 1
24 176 0 1
37 176 0 1
38 176 0 1
39 176 0 1
40 176 0 1
42 176 0 1
47 176 0 1
48 176 0 1
49 176 0 1
50 176 0 1
52 176 0 1
53 176 0 1
57 176 0 1
58 176 0 1
60 176 0 1
63 176 0 1
64 176 0 1
68 176 0 1
70 176 0 1
71 176 0 1
23 177 0 1
24 177 0 1
23 178 0 1
23 179 0 1
24 179 0 1
38 179 0 1
39 179 0 1
47 179 0 1
48 179 0 1
52 179 0 1
56 179 0 1
58 179 0 1
59 179 0 1
64 179 0 1
68 179 0 1
70 179 0 1
23 180 0 1
24 180 0 1
39 180 0 1
47 180 0 1
52 180 0 1
64 180 0 1
68 180 0 1
23 181 0 1
23 182 0 1
24 182 0 1
56 182 0 1
23 183 0 1
24 183 0 1
5 184 0 1
8 184 0 1
12 184 0 1
13 184 0 1
14 184 0 1
15 184 0 1
18 184 0 1
25 184 0 1
26 184 0 1
27 184 0 1
28 184 0 1
32 184 0 1
35 184 0 1
37 184 0 1
46 184 0 1
47 184 0 1
48 184 0 1
49 184 0 1
50 184 0 1
53 184 0 1
8 185 0 1
13 185 0 1
14 185 0 1
15 185 0 1
28 185 0 1
35 185 0 1
37 185 0 1
47 185 0 1
48 185 0 1
49 185 0 1
50 185 0 1
52 185 0 1
53 185 0 1
13 186 0 1
24 186 0 1
47 186 0 1
48 186 0 1
52 186 0 1
23 187 0 1
24 187 0 1
23 188 0 1
24 188 0 1
47 188 0 1
52 188 0 1
23 189 0 1
24 189 0 1
47 189 0 1
48 189 0 1
52 189 0 1
23 190 0 1
24 190 0 1
52 190 0 1
2 191 0 1
5 191 0 1
6 191 0 1
7 191 0 1
8 191 0 1
10 191 0 1
12 191 0 1
13 191 0 1
14 191 0 1
15 191 0 1
17 191 0 1
18 191 0 1
19 191 0 1
20 191 0 1
21 191 0 1
22 191 0 1
8 192 0 1
13 192 0 1
5 193 0 1
6 193 0 1
8 193 0 1
10 193 0 1
12 193 0 1
13 193 0 1
14 193 0 1
15 193 0 1
18 193 0 1
20 193 0 1
5 194 0 1
8 194 0 1
13 194 0 1
5 196 0 1
6 196 0 1
8 196 0 1
10 196 0 1
12 196 0 1
13 196 0 1
14 196 0 1
15 196 0 1
8 197 0 1
13 197 0 1
8 198 0 1
5 199 0 1
6 199 0 1
8 199 0 1
10 199 0 1
12 199 0 1
13 199 0 1
14 199 0 1
15 199 0 1
18 199 0 1
20 199 0 1
35 199 0 1
5 200 0 1
8 200 0 1
12 200 0 1
13 200 0 1
14 200 0 1
15 200 0 1
35 200 0 1
5 201 0 1
8 201 0 1
13 201 0 1
14 201 0 1
15 201 0 1
8 202 0 1
