1 2 0 0
3 4 0 0
3 5 0 0
4 5 0 0
3 6 0 0
4 6 0 0
5 6 0 0
4 7 0 0
5 7 0 0
1 8 0 0
3 8 0 0
4 8 0 0
5 8 0 0
6 8 0 0
1 9 0 0
3 9 0 0
4 9 0 0
5 9 0 0
6 9 0 0
7 9 0 0
8 9 0 0
3 10 0 0
4 10 0 0
5 10 0 0
6 10 0 0
7 10 0 0
8 10 0 0
9 10 0 0
3 11 0 0
4 11 0 0
5 11 0 0
6 11 0 0
7 11 0 0
8 11 0 0
9 11 0 0
10 11 0 0
3 12 0 0
4 12 0 0
5 12 0 0
6 12 0 0
7 12 0 0
8 12 0 0
9 12 0 0
10 12 0 0
11 12 0 0
3 13 0 0
4 13 0 0
5 13 0 0
6 13 0 0
8 13 0 0
9 13 0 0
10 13 0 0
11 13 0 0
12 13 0 0
1 14 0 0
3 14 0 0
4 14 0 0
5 14 0 0
6 14 0 0
7 14 0 0
8 14 0 0
9 14 0 0
10 14 0 0
11 14 0 0
12 14 0 0
13 14 0 0
1 15 0 0
3 15 0 0
4 15 0 0
5 15 0 0
6 15 0 0
7 15 0 0
8 15 0 0
9 15 0 0
10 15 0 0
11 15 0 0
12 15 0 0
13 15 0 0
14 15 0 0
7 16 0 0
10 16 0 0
11 16 0 0
1 17 0 0
2 17 0 0
3 17 0 0
4 17 0 0
5 17 0 0
6 17 0 0
7 17 0 0
8 17 0 0
9 17 0 0
10 17 0 0
11 17 0 0
12 17 0 0
13 17 0 0
14 17 0 0
15 17 0 0
1 18 0 0
5 18 0 0
6 18 0 0
8 18 0 0
9 18 0 0
11 18 0 0
12 18 0 0
13 18 0 0
14 18 0 0
15 18 0 0
17 18 0 0
1 19 0 0
4 19 0 0
5 19 0 0
6 19 0 0
7 19 0 0
8 19 0 0
9 19 0 0
10 19 0 0
11 19 0 0
12 19 0 0
13 19 0 0
14 19 0 0
15 19 0 0
16 19 0 0
17 19 0 0
18 19 0 0
1 20 0 0
2 20 0 0
5 20 0 0
6 20 0 0
7 20 0 0
8 20 0 0
9 20 0 0
10 20 0 0
11 20 0 0
12 20 0 0
13 20 0 0
14 20 0 0
15 20 0 0
17 20 0 0
18 20 0 0
19 20 0 0
1 21 0 0
3 21 0 0
4 21 0 0
5 21 0 0
6 21 0 0
7 21 0 0
8 21 0 0
9 21 0 0
10 21 0 0
11 21 0 0
12 21 0 0
13 21 0 0
14 21 0 0
15 21 0 0
16 21 0 0
17 21 0 0
18 21 0 0
19 21 0 0
20 21 0 0
1 22 0 0
3 22 0 0
4 22 0 0
5 22 0 0
6 22 0 0
7 22 0 0
8 22 0 0
9 22 0 0
10 22 0 0
11 22 0 0
12 22 0 0
13 22 0 0
14 22 0 0
15 22 0 0
17 22 0 0
18 22 0 0
19 22 0 0
20 22 0 0
21 22 0 0
1 23 0 0
3 23 0 0
4 23 0 0
5 23 0 0
6 23 0 0
8 23 0 0
9 23 0 0
11 23 0 0
12 23 0 0
13 23 0 0
14 23 0 0
15 23 0 0
17 23 0 0
18 23 0 0
19 23 0 0
20 23 0 0
21 23 0 0
22 23 0 0
16 24 0 0
1 25 0 0
2 25 0 0
8 25 0 0
9 25 0 0
15 25 0 0
16 25 0 0
17 25 0 0
18 25 0 0
19 25 0 0
20 25 0 0
21 25 0 0
22 25 0 0
23 25 0 0
1 26 0 0
2 26 0 0
17 26 0 0
18 26 0 0
19 26 0 0
20 26 0 0
21 26 0 0
23 26 0 0
25 26 0 0
1 27 0 0
2 27 0 0
16 27 0 0
17 27 0 0
19 27 0 0
20 27 0 0
21 27 0 0
22 27 0 0
24 27 0 0
25 27 0 0
26 27 0 0
16 28 0 0
24 28 0 0
27 28 0 0
1 29 0 0
2 29 0 0
7 29 0 0
8 29 0 0
9 29 0 0
11 29 0 0
12 29 0 0
14 29 0 0
15 29 0 0
16 29 0 0
17 29 0 0
18 29 0 0
19 29 0 0
20 29 0 0
21 29 0 0
22 29 0 0
23 29 0 0
25 29 0 0
26 29 0 0
27 29 0 0
1 30 0 0
2 30 0 0
5 30 0 0
6 30 0 0
7 30 0 0
8 30 0 0
9 30 0 0
10 30 0 0
11 30 0 0
12 30 0 0
13 30 0 0
14 30 0 0
15 30 0 0
16 30 0 0
17 30 0 0
18 30 0 0
19 30 0 0
20 30 0 0
21 30 0 0
22 30 0 0
23 30 0 0
25 30 0 0
26 30 0 0
27 30 0 0
29 30 0 0
1 31 0 0
2 31 0 0
5 31 0 0
6 31 0 0
8 31 0 0
9 31 0 0
11 31 0 0
12 31 0 0
13 31 0 0
14 31 0 0
15 31 0 0
17 31 0 0
18 31 0 0
19 31 0 0
20 31 0 0
21 31 0 0
22 31 0 0
23 31 0 0
25 31 0 0
26 31 0 0
27 31 0 0
29 31 0 0
30 31 0 0
1 32 0 0
2 32 0 0
8 32 0 0
9 32 0 0
12 32 0 0
14 32 0 0
15 32 0 0
17 32 0 0
18 32 0 0
19 32 0 0
20 32 0 0
21 32 0 0
22 32 0 0
23 32 0 0
25 32 0 0
26 32 0 0
27 32 0 0
29 32 0 0
30 32 0 0
31 32 0 0
7 33 0 0
16 33 0 0
19 33 0 0
20 33 0 0
21 33 0 0
24 33 0 0
25 33 0 0
27 33 0 0
28 33 0 0
29 33 0 0
30 33 0 0
32 33 0 0
1 34 0 0
2 34 0 0
7 34 0 0
15 34 0 0
16 34 0 0
17 34 0 0
19 34 0 0
20 34 0 0
21 34 0 0
22 34 0 0
24 34 0 0
25 34 0 0
27 34 0 0
28 34 0 0
29 34 0 0
30 34 0 0
31 34 0 0
32 34 0 0
33 34 0 0
1 35 0 0
2 35 0 0
8 35 0 0
9 35 0 0
14 35 0 0
15 35 0 0
17 35 0 0
18 35 0 0
19 35 0 0
20 35 0 0
21 35 0 0
22 35 0 0
23 35 0 0
25 35 0 0
26 35 0 0
27 35 0 0
29 35 0 0
30 35 0 0
31 35 0 0
32 35 0 0
33 35 0 0
34 35 0 0
1 36 0 0
2 36 0 0
20 36 0 0
25 36 0 0
26 36 0 0
27 36 0 0
29 36 0 0
30 36 0 0
31 36 0 0
32 36 0 0
34 36 0 0
35 36 0 0
24 37 0 0
28 37 0 0
2 38 0 0
27 38 0 0
28 38 0 0
36 38 0 0
37 38 0 0
1 39 0 0
2 39 0 0
25 39 0 0
26 39 0 0
27 39 0 0
31 39 0 0
32 39 0 0
35 39 0 0
36 39 0 0
38 39 0 0
2 40 0 0
24 40 0 0
25 40 0 0
27 40 0 0
28 40 0 0
33 40 0 0
34 40 0 0
36 40 0 0
37 40 0 0
38 40 0 0
2 41 0 0
24 41 0 0
27 41 0 0
28 41 0 0
33 41 0 0
34 41 0 0
37 41 0 0
38 41 0 0
40 41 0 0
1 42 0 0
2 42 0 0
26 42 0 0
36 42 0 0
38 42 0 0
39 42 0 0
2 43 0 0
24 43 0 0
27 43 0 0
28 43 0 0
37 43 0 0
38 43 0 0
40 43 0 0
41 43 0 0
2 44 0 0
27 44 0 0
28 44 0 0
33 44 0 0
36 44 0 0
37 44 0 0
38 44 0 0
39 44 0 0
40 44 0 0
41 44 0 0
43 44 0 0
1 45 0 0
2 45 0 0
17 45 0 0
18 45 0 0
19 45 0 0
20 45 0 0
21 45 0 0
25 45 0 0
26 45 0 0
27 45 0 0
29 45 0 0
30 45 0 0
31 45 0 0
32 45 0 0
33 45 0 0
34 45 0 0
35 45 0 0
36 45 0 0
38 45 0 0
39 45 0 0
40 45 0 0
42 45 0 0
44 45 0 0
16 46 0 0
24 46 0 0
27 46 0 0
28 46 0 0
33 46 0 0
34 46 0 0
37 46 0 0
38 46 0 0
40 46 0 0
41 46 0 0
43 46 0 0
44 46 0 0
1 47 0 0
2 47 0 0
16 47 0 0
17 47 0 0
19 47 0 0
20 47 0 0
21 47 0 0
25 47 0 0
26 47 0 0
27 47 0 0
28 47 0 0
29 47 0 0
30 47 0 0
31 47 0 0
32 47 0 0
33 47 0 0
34 47 0 0
35 47 0 0
36 47 0 0
38 47 0 0
39 47 0 0
40 47 0 0
41 47 0 0
42 47 0 0
43 47 0 0
44 47 0 0
45 47 0 0
46 47 0 0
1 48 0 0
2 48 0 0
17 48 0 0
18 48 0 0
19 48 0 0
20 48 0 0
21 48 0 0
23 48 0 0
25 48 0 0
26 48 0 0
27 48 0 0
29 48 0 0
30 48 0 0
31 48 0 0
32 48 0 0
34 48 0 0
35 48 0 0
36 48 0 0
39 48 0 0
42 48 0 0
45 48 0 0
47 48 0 0
16 49 0 0
24 49 0 0
27 49 0 0
28 49 0 0
33 49 0 0
37 49 0 0
38 49 0 0
40 49 0 0
41 49 0 0
43 49 0 0
44 49 0 0
46 49 0 0
1 50 0 0
2 50 0 0
16 50 0 0
19 50 0 0
20 50 0 0
21 50 0 0
25 50 0 0
26 50 0 0
27 50 0 0
28 50 0 0
29 50 0 0
30 50 0 0
31 50 0 0
32 50 0 0
33 50 0 0
34 50 0 0
35 50 0 0
36 50 0 0
38 50 0 0
39 50 0 0
40 50 0 0
41 50 0 0
42 50 0 0
43 50 0 0
44 50 0 0
45 50 0 0
46 50 0 0
47 50 0 0
48 50 0 0
49 50 0 0
1 51 0 0
2 51 0 0
18 51 0 0
20 51 0 0
25 51 0 0
26 51 0 0
27 51 0 0
29 51 0 0
30 51 0 0
31 51 0 0
32 51 0 0
35 51 0 0
36 51 0 0
39 51 0 0
42 51 0 0
45 51 0 0
47 51 0 0
48 51 0 0
50 51 0 0
2 53 0 0
36 53 0 0
37 53 0 0
38 53 0 0
40 53 0 0
41 53 0 0
43 53 0 0
44 53 0 0
50 53 0 0
2 54 0 0
37 54 0 0
38 54 0 0
40 54 0 0
41 54 0 0
43 54 0 0
44 54 0 0
50 54 0 0
53 54 0 0
52 55 0 0
2 56 0 0
37 56 0 0
38 56 0 0
40 56 0 0
41 56 0 0
43 56 0 0
44 56 0 0
53 56 0 0
54 56 0 0
2 57 0 0
37 57 0 0
41 57 0 0
43 57 0 0
53 57 0 0
54 57 0 0
55 57 0 0
56 57 0 0
37 58 0 0
41 58 0 0
43 58 0 0
54 58 0 0
55 58 0 0
56 58 0 0
57 58 0 0
2 59 0 0
37 59 0 0
38 59 0 0
40 59 0 0
41 59 0 0
43 59 0 0
44 59 0 0
50 59 0 0
53 59 0 0
54 59 0 0
56 59 0 0
57 59 0 0
58 59 0 0
2 60 0 0
37 60 0 0
38 60 0 0
40 60 0 0
41 60 0 0
43 60 0 0
44 60 0 0
53 60 0 0
54 60 0 0
56 60 0 0
57 60 0 0
58 60 0 0
59 60 0 0
37 61 0 0
49 61 0 0
52 61 0 0
55 61 0 0
57 61 0 0
58 61 0 0
60 61 0 0
37 62 0 0
41 62 0 0
43 62 0 0
49 62 0 0
54 62 0 0
55 62 0 0
56 62 0 0
57 62 0 0
58 62 0 0
59 62 0 0
60 62 0 0
61 62 0 0
2 63 0 0
36 63 0 0
38 63 0 0
39 63 0 0
40 63 0 0
41 63 0 0
42 63 0 0
43 63 0 0
44 63 0 0
45 63 0 0
47 63 0 0
50 63 0 0
53 63 0 0
54 63 0 0
56 63 0 0
57 63 0 0
59 63 0 0
60 63 0 0
37 64 0 0
40 64 0 0
41 64 0 0
43 64 0 0
44 64 0 0
46 64 0 0
49 64 0 0
54 64 0 0
55 64 0 0
56 64 0 0
57 64 0 0
58 64 0 0
59 64 0 0
60 64 0 0
61 64 0 0
62 64 0 0
2 65 0 0
28 65 0 0
37 65 0 0
38 65 0 0
40 65 0 0
41 65 0 0
43 65 0 0
44 65 0 0
46 65 0 0
49 65 0 0
50 65 0 0
53 65 0 0
54 65 0 0
56 65 0 0
57 65 0 0
58 65 0 0
59 65 0 0
60 65 0 0
61 65 0 0
62 65 0 0
63 65 0 0
64 65 0 0
1 66 0 0
2 66 0 0
27 66 0 0
36 66 0 0
37 66 0 0
38 66 0 0
39 66 0 0
40 66 0 0
41 66 0 0
42 66 0 0
43 66 0 0
44 66 0 0
45 66 0 0
46 66 0 0
47 66 0 0
48 66 0 0
50 66 0 0
51 66 0 0
53 66 0 0
54 66 0 0
56 66 0 0
59 66 0 0
60 66 0 0
63 66 0 0
65 66 0 0
2 67 0 0
27 67 0 0
28 67 0 0
36 67 0 0
37 67 0 0
38 67 0 0
40 67 0 0
41 67 0 0
43 67 0 0
44 67 0 0
46 67 0 0
47 67 0 0
49 67 0 0
50 67 0 0
53 67 0 0
54 67 0 0
56 67 0 0
57 67 0 0
58 67 0 0
59 67 0 0
60 67 0 0
62 67 0 0
63 67 0 0
64 67 0 0
65 67 0 0
66 67 0 0
2 68 0 0
37 68 0 0
38 68 0 0
40 68 0 0
41 68 0 0
43 68 0 0
44 68 0 0
46 68 0 0
49 68 0 0
50 68 0 0
53 68 0 0
54 68 0 0
56 68 0 0
57 68 0 0
58 68 0 0
59 68 0 0
60 68 0 0
62 68 0 0
63 68 0 0
64 68 0 0
65 68 0 0
66 68 0 0
67 68 0 0
2 69 0 0
36 69 0 0
37 69 0 0
38 69 0 0
40 69 0 0
41 69 0 0
43 69 0 0
44 69 0 0
46 69 0 0
47 69 0 0
50 69 0 0
53 69 0 0
54 69 0 0
56 69 0 0
57 69 0 0
59 69 0 0
60 69 0 0
63 69 0 0
64 69 0 0
65 69 0 0
66 69 0 0
67 69 0 0
68 69 0 0
2 70 0 0
37 70 0 0
38 70 0 0
40 70 0 0
41 70 0 0
43 70 0 0
44 70 0 0
46 70 0 0
49 70 0 0
53 70 0 0
54 70 0 0
56 70 0 0
57 70 0 0
58 70 0 0
59 70 0 0
60 70 0 0
61 70 0 0
62 70 0 0
63 70 0 0
64 70 0 0
65 70 0 0
66 70 0 0
67 70 0 0
68 70 0 0
69 70 0 0
52 71 0 0
55 71 0 0
58 71 0 0
61 71 0 0
62 71 0 0
52 72 0 0
55 72 0 0
61 72 0 0
71 72 0 0
52 73 0 0
55 73 0 0
57 73 0 0
58 73 0 0
61 73 0 0
62 73 0 0
71 73 0 0
72 73 0 0
2 74 0 0
53 74 0 0
54 74 0 0
56 74 0 0
57 74 0 0
59 74 0 0
60 74 0 0
63 74 0 0
66 74 0 0
68 74 0 0
69 74 0 0
2 75 0 0
53 75 0 0
54 75 0 0
56 75 0 0
59 75 0 0
60 75 0 0
63 75 0 0
66 75 0 0
68 75 0 0
69 75 0 0
74 75 0 0
71 76 0 0
72 76 0 0
71 77 0 0
72 77 0 0
73 77 0 0
76 77 0 0
72 78 0 0
73 78 0 0
76 78 0 0
77 78 0 0
2 79 0 0
73 79 0 0
77 79 0 0
78 79 0 0
2 80 0 0
74 80 0 0
75 80 0 0
79 80 0 0
2 81 0 0
74 81 0 0
75 81 0 0
79 81 0 0
80 81 0 0
2 82 0 0
73 82 0 0
74 82 0 0
78 82 0 0
79 82 0 0
80 82 0 0
81 82 0 0
2 83 0 0
71 83 0 0
72 83 0 0
73 83 0 0
77 83 0 0
78 83 0 0
79 83 0 0
80 83 0 0
82 83 0 0
2 84 0 0
73 84 0 0
74 84 0 0
78 84 0 0
79 84 0 0
80 84 0 0
81 84 0 0
82 84 0 0
83 84 0 0
71 85 0 0
72 85 0 0
73 85 0 0
76 85 0 0
77 85 0 0
78 85 0 0
83 85 0 0
2 86 0 0
72 86 0 0
73 86 0 0
77 86 0 0
78 86 0 0
79 86 0 0
80 86 0 0
81 86 0 0
82 86 0 0
83 86 0 0
84 86 0 0
2 87 0 0
74 87 0 0
75 87 0 0
79 87 0 0
80 87 0 0
81 87 0 0
82 87 0 0
83 87 0 0
84 87 0 0
86 87 0 0
2 88 0 0
53 88 0 0
54 88 0 0
56 88 0 0
57 88 0 0
58 88 0 0
59 88 0 0
60 88 0 0
63 88 0 0
68 88 0 0
74 88 0 0
75 88 0 0
79 88 0 0
80 88 0 0
81 88 0 0
82 88 0 0
83 88 0 0
84 88 0 0
86 88 0 0
87 88 0 0
2 89 0 0
53 89 0 0
59 89 0 0
63 89 0 0
74 89 0 0
75 89 0 0
81 89 0 0
88 89 0 0
2 90 0 0
54 90 0 0
55 90 0 0
56 90 0 0
57 90 0 0
58 90 0 0
59 90 0 0
60 90 0 0
62 90 0 0
64 90 0 0
70 90 0 0
71 90 0 0
72 90 0 0
73 90 0 0
74 90 0 0
78 90 0 0
79 90 0 0
80 90 0 0
81 90 0 0
82 90 0 0
83 90 0 0
84 90 0 0
86 90 0 0
87 90 0 0
88 90 0 0
2 91 0 0
55 91 0 0
57 91 0 0
58 91 0 0
60 91 0 0
62 91 0 0
71 91 0 0
72 91 0 0
73 91 0 0
77 91 0 0
78 91 0 0
79 91 0 0
80 91 0 0
82 91 0 0
83 91 0 0
84 91 0 0
86 91 0 0
87 91 0 0
88 91 0 0
90 91 0 0
2 92 0 0
54 92 0 0
56 92 0 0
57 92 0 0
58 92 0 0
59 92 0 0
60 92 0 0
73 92 0 0
74 92 0 0
75 92 0 0
79 92 0 0
80 92 0 0
81 92 0 0
82 92 0 0
83 92 0 0
84 92 0 0
86 92 0 0
87 92 0 0
88 92 0 0
90 92 0 0
91 92 0 0
2 93 0 0
56 93 0 0
57 93 0 0
58 93 0 0
59 93 0 0
60 93 0 0
73 93 0 0
74 93 0 0
78 93 0 0
79 93 0 0
80 93 0 0
81 93 0 0
82 93 0 0
83 93 0 0
84 93 0 0
86 93 0 0
87 93 0 0
88 93 0 0
90 93 0 0
91 93 0 0
92 93 0 0
2 94 0 0
54 94 0 0
56 94 0 0
57 94 0 0
59 94 0 0
60 94 0 0
63 94 0 0
74 94 0 0
75 94 0 0
79 94 0 0
80 94 0 0
81 94 0 0
82 94 0 0
84 94 0 0
86 94 0 0
87 94 0 0
88 94 0 0
89 94 0 0
90 94 0 0
91 94 0 0
92 94 0 0
93 94 0 0
2 95 0 0
37 95 0 0
54 95 0 0
55 95 0 0
56 95 0 0
57 95 0 0
58 95 0 0
59 95 0 0
60 95 0 0
61 95 0 0
62 95 0 0
64 95 0 0
65 95 0 0
67 95 0 0
68 95 0 0
70 95 0 0
71 95 0 0
73 95 0 0
74 95 0 0
83 95 0 0
84 95 0 0
88 95 0 0
90 95 0 0
91 95 0 0
92 95 0 0
93 95 0 0
94 95 0 0
2 96 0 0
37 96 0 0
43 96 0 0
53 96 0 0
54 96 0 0
56 96 0 0
57 96 0 0
58 96 0 0
59 96 0 0
60 96 0 0
61 96 0 0
62 96 0 0
63 96 0 0
64 96 0 0
65 96 0 0
66 96 0 0
67 96 0 0
68 96 0 0
69 96 0 0
70 96 0 0
73 96 0 0
74 96 0 0
75 96 0 0
79 96 0 0
80 96 0 0
81 96 0 0
82 96 0 0
83 96 0 0
84 96 0 0
86 96 0 0
87 96 0 0
88 96 0 0
90 96 0 0
91 96 0 0
92 96 0 0
93 96 0 0
94 96 0 0
95 96 0 0
52 97 0 0
55 97 0 0
57 97 0 0
58 97 0 0
61 97 0 0
62 97 0 0
71 97 0 0
72 97 0 0
73 97 0 0
90 97 0 0
91 97 0 0
95 97 0 0
37 98 0 0
52 98 0 0
55 98 0 0
56 98 0 0
57 98 0 0
58 98 0 0
60 98 0 0
61 98 0 0
62 98 0 0
64 98 0 0
65 98 0 0
70 98 0 0
71 98 0 0
72 98 0 0
73 98 0 0
83 98 0 0
90 98 0 0
91 98 0 0
92 98 0 0
93 98 0 0
95 98 0 0
96 98 0 0
97 98 0 0
52 99 0 0
55 99 0 0
57 99 0 0
58 99 0 0
60 99 0 0
61 99 0 0
62 99 0 0
64 99 0 0
70 99 0 0
71 99 0 0
72 99 0 0
73 99 0 0
83 99 0 0
84 99 0 0
86 99 0 0
90 99 0 0
91 99 0 0
92 99 0 0
93 99 0 0
95 99 0 0
96 99 0 0
97 99 0 0
98 99 0 0
2 100 0 0
37 100 0 0
38 100 0 0
43 100 0 0
53 100 0 0
54 100 0 0
56 100 0 0
57 100 0 0
58 100 0 0
59 100 0 0
60 100 0 0
62 100 0 0
63 100 0 0
64 100 0 0
65 100 0 0
66 100 0 0
67 100 0 0
68 100 0 0
69 100 0 0
70 100 0 0
74 100 0 0
75 100 0 0
81 100 0 0
82 100 0 0
84 100 0 0
87 100 0 0
88 100 0 0
89 100 0 0
90 100 0 0
91 100 0 0
92 100 0 0
93 100 0 0
94 100 0 0
95 100 0 0
96 100 0 0
52 101 0 1
7 104 0 1
16 104 0 1
7 110 0 1
16 110 0 1
21 110 0 1
24 110 0 1
27 110 0 1
28 110 0 1
33 110 0 1
34 110 0 1
46 110 0 1
49 110 0 1
16 111 0 1
24 111 0 1
28 111 0 1
46 111 0 1
49 111 0 1
24 113 0 1
16 114 0 1
24 114 0 1
28 114 0 1
33 114 0 1
46 114 0 1
49 114 0 1
24 115 0 1
16 116 0 1
24 116 0 1
28 116 0 1
33 116 0 1
24 117 0 1
28 117 0 1
7 118 0 1
10 118 0 1
11 118 0 1
16 118 0 1
21 118 0 1
24 118 0 1
28 118 0 1
33 118 0 1
34 118 0 1
16 121 0 1
24 121 0 1
24 123 0 1
28 123 0 1
49 123 0 1
61 123 0 1
16 124 0 1
24 124 0 1
28 124 0 1
33 124 0 1
37 124 0 1
40 124 0 1
41 124 0 1
43 124 0 1
46 124 0 1
49 124 0 1
64 124 0 1
65 124 0 1
16 125 0 1
24 125 0 1
28 125 0 1
33 125 0 1
41 125 0 1
46 125 0 1
49 125 0 1
24 126 0 1
28 126 0 1
49 126 0 1
49 132 0 1
61 132 0 1
2 133 0 1
24 133 0 1
27 133 0 1
28 133 0 1
33 133 0 1
34 133 0 1
36 133 0 1
37 133 0 1
38 133 0 1
40 133 0 1
41 133 0 1
43 133 0 1
44 133 0 1
45 133 0 1
46 133 0 1
47 133 0 1
49 133 0 1
50 133 0 1
53 133 0 1
54 133 0 1
56 133 0 1
57 133 0 1
59 133 0 1
60 133 0 1
63 133 0 1
64 133 0 1
65 133 0 1
66 133 0 1
67 133 0 1
68 133 0 1
69 133 0 1
70 133 0 1
2 134 0 1
28 134 0 1
37 134 0 1
38 134 0 1
40 134 0 1
41 134 0 1
43 134 0 1
44 134 0 1
46 134 0 1
49 134 0 1
50 134 0 1
53 134 0 1
54 134 0 1
56 134 0 1
57 134 0 1
58 134 0 1
59 134 0 1
60 134 0 1
61 134 0 1
62 134 0 1
63 134 0 1
64 134 0 1
65 134 0 1
66 134 0 1
67 134 0 1
68 134 0 1
69 134 0 1
70 134 0 1
74 134 0 1
95 134 0 1
96 134 0 1
100 134 0 1
52 135 0 1
55 135 0 1
58 135 0 1
61 135 0 1
62 135 0 1
64 135 0 1
71 135 0 1
97 135 0 1
98 135 0 1
99 135 0 1
52 136 0 1
97 136 0 1
52 137 0 1
55 137 0 1
61 137 0 1
71 137 0 1
72 137 0 1
97 137 0 1
37 138 0 1
49 138 0 1
52 138 0 1
55 138 0 1
58 138 0 1
61 138 0 1
62 138 0 1
64 138 0 1
70 138 0 1
97 138 0 1
98 138 0 1
52 139 0 1
55 139 0 1
61 139 0 1
62 139 0 1
97 139 0 1
98 139 0 1
52 140 0 1
55 140 0 1
61 140 0 1
97 140 0 1
52 141 0 1
55 141 0 1
97 141 0 1
76 142 0 1
52 143 0 1
72 143 0 1
76 143 0 1
85 143 0 1
52 144 0 1
71 144 0 1
72 144 0 1
76 144 0 1
85 144 0 1
97 144 0 1
52 145 0 1
55 145 0 1
61 145 0 1
71 145 0 1
72 145 0 1
73 145 0 1
76 145 0 1
85 145 0 1
97 145 0 1
98 145 0 1
99 145 0 1
52 146 0 1
55 146 0 1
71 146 0 1
72 146 0 1
76 146 0 1
85 146 0 1
97 146 0 1
52 147 0 1
55 147 0 1
71 147 0 1
72 147 0 1
73 147 0 1
76 147 0 1
85 147 0 1
97 147 0 1
99 147 0 1
52 148 0 1
76 148 0 1
71 149 0 1
72 149 0 1
76 149 0 1
77 149 0 1
78 149 0 1
83 149 0 1
85 149 0 1
76 150 0 1
85 150 0 1
76 151 0 1
76 152 0 1
85 152 0 1
76 153 0 1
85 153 0 1
76 154 0 1
85 154 0 1
76 155 0 1
72 156 0 1
76 156 0 1
77 156 0 1
85 156 0 1
76 157 0 1
52 158 0 1
71 158 0 1
72 158 0 1
76 158 0 1
85 158 0 1
97 158 0 1
52 159 0 1
55 159 0 1
71 159 0 1
72 159 0 1
73 159 0 1
76 159 0 1
77 159 0 1
78 159 0 1
83 159 0 1
85 159 0 1
86 159 0 1
90 159 0 1
91 159 0 1
93 159 0 1
97 159 0 1
98 159 0 1
99 159 0 1
52 160 0 1
55 160 0 1
61 160 0 1
71 160 0 1
72 160 0 1
73 160 0 1
76 160 0 1
97 160 0 1
98 160 0 1
99 160 0 1
52 161 0 1
55 161 0 1
61 161 0 1
62 161 0 1
71 161 0 1
72 161 0 1
73 161 0 1
76 161 0 1
91 161 0 1
97 161 0 1
98 161 0 1
99 161 0 1
52 162 0 1
76 162 0 1
52 163 0 1
55 163 0 1
58 163 0 1
61 163 0 1
62 163 0 1
71 163 0 1
72 163 0 1
73 163 0 1
91 163 0 1
97 163 0 1
98 163 0 1
99 163 0 1
52 164 0 1
55 164 0 1
71 164 0 1
72 164 0 1
76 164 0 1
97 164 0 1
52 165 0 1
72 165 0 1
76 165 0 1
97 165 0 1
76 166 0 1
52 167 0 1
76 167 0 1
52 168 0 1
55 168 0 1
58 168 0 1
61 168 0 1
62 168 0 1
71 168 0 1
72 168 0 1
73 168 0 1
76 168 0 1
83 168 0 1
90 168 0 1
91 168 0 1
95 168 0 1
97 168 0 1
98 168 0 1
99 168 0 1
52 169 0 1
55 169 0 1
57 169 0 1
58 169 0 1
60 169 0 1
61 169 0 1
62 169 0 1
64 169 0 1
65 169 0 1
70 169 0 1
71 169 0 1
72 169 0 1
73 169 0 1
83 169 0 1
90 169 0 1
91 169 0 1
92 169 0 1
93 169 0 1
95 169 0 1
96 169 0 1
97 169 0 1
98 169 0 1
99 169 0 1
52 171 0 1
55 171 0 1
71 171 0 1
72 171 0 1
97 171 0 1
2 172 0 1
37 172 0 1
38 172 0 1
40 172 0 1
41 172 0 1
43 172 0 1
44 172 0 1
49 172 0 1
53 172 0 1
54 172 0 1
56 172 0 1
57 172 0 1
58 172 0 1
59 172 0 1
60 172 0 1
61 172 0 1
62 172 0 1
63 172 0 1
64 172 0 1
65 172 0 1
66 172 0 1
67 172 0 1
68 172 0 1
69 172 0 1
70 172 0 1
74 172 0 1
88 172 0 1
90 172 0 1
92 172 0 1
95 172 0 1
96 172 0 1
98 172 0 1
99 172 0 1
100 172 0 1
2 173 0 1
37 173 0 1
38 173 0 1
40 173 0 1
41 173 0 1
43 173 0 1
44 173 0 1
53 173 0 1
54 173 0 1
56 173 0 1
57 173 0 1
58 173 0 1
59 173 0 1
60 173 0 1
61 173 0 1
62 173 0 1
63 173 0 1
64 173 0 1
65 173 0 1
66 173 0 1
67 173 0 1
68 173 0 1
69 173 0 1
70 173 0 1
74 173 0 1
75 173 0 1
88 173 0 1
90 173 0 1
91 173 0 1
92 173 0 1
93 173 0 1
94 173 0 1
95 173 0 1
96 173 0 1
98 173 0 1
99 173 0 1
100 173 0 1
52 174 0 1
52 175 0 1
55 175 0 1
71 175 0 1
72 175 0 1
97 175 0 1
52 176 0 1
55 176 0 1
61 176 0 1
71 176 0 1
72 176 0 1
73 176 0 1
97 176 0 1
98 176 0 1
99 176 0 1
52 177 0 1
61 177 0 1
52 178 0 1
24 179 0 1
28 179 0 1
37 179 0 1
41 179 0 1
46 179 0 1
49 179 0 1
61 179 0 1
62 179 0 1
64 179 0 1
65 179 0 1
70 179 0 1
52 180 0 1
52 181 0 1
61 181 0 1
49 183 0 1
52 183 0 1
55 183 0 1
61 183 0 1
62 183 0 1
64 183 0 1
24 184 0 1
28 184 0 1
37 184 0 1
41 184 0 1
43 184 0 1
46 184 0 1
49 184 0 1
58 184 0 1
61 184 0 1
62 184 0 1
64 184 0 1
65 184 0 1
68 184 0 1
70 184 0 1
52 185 0 1
61 185 0 1
16 186 0 1
24 186 0 1
28 186 0 1
46 186 0 1
49 186 0 1
24 187 0 1
28 187 0 1
49 187 0 1
16 188 0 1
24 188 0 1
28 188 0 1
46 188 0 1
49 188 0 1
24 189 0 1
49 189 0 1
24 190 0 1
49 190 0 1
