1 3 0 0
2 3 0 0
1 4 0 0
4 5 0 0
1 6 0 0
4 6 0 0
5 6 0 0
1 7 0 0
4 7 0 0
6 7 0 0
1 8 0 0
4 8 0 0
5 8 0 0
6 8 0 0
7 8 0 0
1 9 0 0
7 9 0 0
1 10 0 0
4 10 0 0
5 10 0 0
6 10 0 0
7 10 0 0
8 10 0 0
9 10 0 0
1 11 0 0
4 11 0 0
5 11 0 0
6 11 0 0
7 11 0 0
8 11 0 0
10 11 0 0
1 12 0 0
4 12 0 0
6 12 0 0
7 12 0 0
8 12 0 0
9 12 0 0
10 12 0 0
11 12 0 0
1 13 0 0
7 13 0 0
9 13 0 0
10 13 0 0
12 13 0 0
1 14 0 0
3 14 0 0
7 14 0 0
9 14 0 0
10 14 0 0
11 14 0 0
12 14 0 0
13 14 0 0
8 16 0 0
15 16 0 0
1 17 0 0
2 17 0 0
3 17 0 0
14 17 0 0
5 18 0 0
8 18 0 0
15 18 0 0
16 18 0 0
1 19 0 0
2 19 0 0
3 19 0 0
9 19 0 0
12 19 0 0
13 19 0 0
14 19 0 0
17 19 0 0
1 20 0 0
2 20 0 0
3 20 0 0
7 20 0 0
8 20 0 0
9 20 0 0
10 20 0 0
11 20 0 0
12 20 0 0
13 20 0 0
14 20 0 0
16 20 0 0
17 20 0 0
19 20 0 0
1 21 0 0
8 21 0 0
10 21 0 0
11 21 0 0
12 21 0 0
15 21 0 0
16 21 0 0
18 21 0 0
20 21 0 0
1 22 0 0
3 22 0 0
7 22 0 0
8 22 0 0
10 22 0 0
11 22 0 0
12 22 0 0
14 22 0 0
16 22 0 0
17 22 0 0
19 22 0 0
20 22 0 0
21 22 0 0
1 23 0 0
8 23 0 0
11 23 0 0
12 23 0 0
15 23 0 0
16 23 0 0
18 23 0 0
19 23 0 0
20 23 0 0
21 23 0 0
22 23 0 0
1 24 0 0
3 24 0 0
7 24 0 0
9 24 0 0
10 24 0 0
11 24 0 0
12 24 0 0
13 24 0 0
14 24 0 0
17 24 0 0
19 24 0 0
20 24 0 0
22 24 0 0
1 25 0 0
4 25 0 0
5 25 0 0
6 25 0 0
7 25 0 0
8 25 0 0
10 25 0 0
11 25 0 0
12 25 0 0
14 25 0 0
16 25 0 0
18 25 0 0
19 25 0 0
20 25 0 0
21 25 0 0
22 25 0 0
23 25 0 0
24 25 0 0
1 26 0 0
3 26 0 0
6 26 0 0
7 26 0 0
8 26 0 0
9 26 0 0
10 26 0 0
11 26 0 0
12 26 0 0
13 26 0 0
14 26 0 0
17 26 0 0
19 26 0 0
20 26 0 0
21 26 0 0
22 26 0 0
23 26 0 0
24 26 0 0
25 26 0 0
1 27 0 0
4 27 0 0
6 27 0 0
7 27 0 0
8 27 0 0
10 27 0 0
11 27 0 0
12 27 0 0
14 27 0 0
16 27 0 0
17 27 0 0
19 27 0 0
20 27 0 0
21 27 0 0
22 27 0 0
23 27 0 0
24 27 0 0
25 27 0 0
26 27 0 0
1 28 0 0
4 28 0 0
6 28 0 0
7 28 0 0
8 28 0 0
10 28 0 0
11 28 0 0
12 28 0 0
14 28 0 0
16 28 0 0
17 28 0 0
19 28 0 0
20 28 0 0
21 28 0 0
22 28 0 0
23 28 0 0
24 28 0 0
25 28 0 0
26 28 0 0
27 28 0 0
4 29 0 0
5 29 0 0
6 29 0 0
8 29 0 0
10 29 0 0
11 29 0 0
15 29 0 0
16 29 0 0
18 29 0 0
21 29 0 0
22 29 0 0
23 29 0 0
25 29 0 0
27 29 0 0
28 29 0 0
1 30 0 0
3 30 0 0
6 30 0 0
7 30 0 0
8 30 0 0
9 30 0 0
10 30 0 0
11 30 0 0
12 30 0 0
13 30 0 0
14 30 0 0
16 30 0 0
17 30 0 0
19 30 0 0
20 30 0 0
21 30 0 0
22 30 0 0
23 30 0 0
24 30 0 0
25 30 0 0
26 30 0 0
27 30 0 0
28 30 0 0
1 31 0 0
3 31 0 0
7 31 0 0
8 31 0 0
9 31 0 0
10 31 0 0
11 31 0 0
12 31 0 0
13 31 0 0
14 31 0 0
16 31 0 0
17 31 0 0
19 31 0 0
20 31 0 0
21 31 0 0
22 31 0 0
23 31 0 0
24 31 0 0
25 31 0 0
26 31 0 0
27 31 0 0
28 31 0 0
30 31 0 0
1 32 0 0
3 32 0 0
6 32 0 0
7 32 0 0
8 32 0 0
9 32 0 0
10 32 0 0
11 32 0 0
12 32 0 0
13 32 0 0
14 32 0 0
16 32 0 0
17 32 0 0
19 32 0 0
20 32 0 0
21 32 0 0
22 32 0 0
23 32 0 0
24 32 0 0
25 32 0 0
26 32 0 0
27 32 0 0
28 32 0 0
30 32 0 0
31 32 0 0
1 33 0 0
3 33 0 0
6 33 0 0
7 33 0 0
8 33 0 0
10 33 0 0
11 33 0 0
12 33 0 0
13 33 0 0
14 33 0 0
16 33 0 0
17 33 0 0
19 33 0 0
20 33 0 0
21 33 0 0
22 33 0 0
23 33 0 0
24 33 0 0
25 33 0 0
26 33 0 0
27 33 0 0
28 33 0 0
29 33 0 0
30 33 0 0
31 33 0 0
32 33 0 0
1 34 0 0
3 34 0 0
7 34 0 0
9 34 0 0
12 34 0 0
13 34 0 0
14 34 0 0
17 34 0 0
19 34 0 0
20 34 0 0
22 34 0 0
24 34 0 0
26 34 0 0
27 34 0 0
28 34 0 0
30 34 0 0
31 34 0 0
32 34 0 0
33 34 0 0
2 35 0 0
3 35 0 0
15 35 0 0
16 35 0 0
20 35 0 0
23 35 0 0
2 36 0 0
3 36 0 0
16 36 0 0
17 36 0 0
20 36 0 0
22 36 0 0
23 36 0 0
35 36 0 0
2 37 0 0
3 37 0 0
16 37 0 0
17 37 0 0
19 37 0 0
20 37 0 0
23 37 0 0
35 37 0 0
36 37 0 0
15 38 0 0
2 39 0 0
35 39 0 0
36 39 0 0
37 39 0 0
38 39 0 0
2 40 0 0
3 40 0 0
35 40 0 0
36 40 0 0
37 40 0 0
39 40 0 0
15 41 0 0
16 41 0 0
35 41 0 0
36 41 0 0
37 41 0 0
38 41 0 0
39 41 0 0
40 41 0 0
2 42 0 0
3 42 0 0
16 42 0 0
17 42 0 0
20 42 0 0
23 42 0 0
35 42 0 0
36 42 0 0
37 42 0 0
39 42 0 0
40 42 0 0
41 42 0 0
2 43 0 0
3 43 0 0
15 43 0 0
16 43 0 0
23 43 0 0
35 43 0 0
36 43 0 0
37 43 0 0
38 43 0 0
39 43 0 0
40 43 0 0
41 43 0 0
42 43 0 0
2 44 0 0
15 44 0 0
35 44 0 0
36 44 0 0
37 44 0 0
38 44 0 0
39 44 0 0
40 44 0 0
41 44 0 0
42 44 0 0
43 44 0 0
2 45 0 0
3 45 0 0
35 45 0 0
36 45 0 0
37 45 0 0
39 45 0 0
40 45 0 0
41 45 0 0
42 45 0 0
43 45 0 0
44 45 0 0
15 46 0 0
16 46 0 0
18 46 0 0
21 46 0 0
23 46 0 0
35 46 0 0
36 46 0 0
37 46 0 0
38 46 0 0
39 46 0 0
40 46 0 0
41 46 0 0
42 46 0 0
43 46 0 0
44 46 0 0
45 46 0 0
2 47 0 0
3 47 0 0
16 47 0 0
17 47 0 0
19 47 0 0
20 47 0 0
21 47 0 0
22 47 0 0
23 47 0 0
32 47 0 0
33 47 0 0
35 47 0 0
36 47 0 0
37 47 0 0
40 47 0 0
42 47 0 0
43 47 0 0
44 47 0 0
45 47 0 0
46 47 0 0
2 48 0 0
3 48 0 0
16 48 0 0
17 48 0 0
19 48 0 0
20 48 0 0
21 48 0 0
22 48 0 0
23 48 0 0
28 48 0 0
32 48 0 0
33 48 0 0
35 48 0 0
36 48 0 0
37 48 0 0
39 48 0 0
40 48 0 0
41 48 0 0
42 48 0 0
43 48 0 0
44 48 0 0
45 48 0 0
46 48 0 0
47 48 0 0
2 49 0 0
3 49 0 0
14 49 0 0
17 49 0 0
19 49 0 0
20 49 0 0
22 49 0 0
31 49 0 0
34 49 0 0
35 49 0 0
36 49 0 0
37 49 0 0
40 49 0 0
42 49 0 0
43 49 0 0
45 49 0 0
47 49 0 0
48 49 0 0
15 50 0 0
16 50 0 0
18 50 0 0
21 50 0 0
23 50 0 0
35 50 0 0
36 50 0 0
37 50 0 0
38 50 0 0
39 50 0 0
40 50 0 0
41 50 0 0
42 50 0 0
43 50 0 0
44 50 0 0
45 50 0 0
46 50 0 0
47 50 0 0
48 50 0 0
2 51 0 0
3 51 0 0
16 51 0 0
17 51 0 0
19 51 0 0
20 51 0 0
21 51 0 0
22 51 0 0
23 51 0 0
33 51 0 0
35 51 0 0
36 51 0 0
37 51 0 0
39 51 0 0
40 51 0 0
41 51 0 0
42 51 0 0
43 51 0 0
44 51 0 0
45 51 0 0
46 51 0 0
47 51 0 0
48 51 0 0
49 51 0 0
50 51 0 0
1 52 0 0
2 52 0 0
3 52 0 0
14 52 0 0
16 52 0 0
17 52 0 0
19 52 0 0
20 52 0 0
21 52 0 0
22 52 0 0
23 52 0 0
24 52 0 0
26 52 0 0
27 52 0 0
28 52 0 0
30 52 0 0
31 52 0 0
32 52 0 0
33 52 0 0
34 52 0 0
35 52 0 0
36 52 0 0
37 52 0 0
40 52 0 0
42 52 0 0
43 52 0 0
45 52 0 0
47 52 0 0
48 52 0 0
49 52 0 0
51 52 0 0
1 53 0 0
2 53 0 0
3 53 0 0
14 53 0 0
17 53 0 0
19 53 0 0
20 53 0 0
22 53 0 0
23 53 0 0
24 53 0 0
26 53 0 0
27 53 0 0
28 53 0 0
30 53 0 0
31 53 0 0
32 53 0 0
33 53 0 0
34 53 0 0
35 53 0 0
36 53 0 0
37 53 0 0
40 53 0 0
42 53 0 0
45 53 0 0
47 53 0 0
48 53 0 0
49 53 0 0
51 53 0 0
52 53 0 0
2 54 0 0
3 54 0 0
8 54 0 0
14 54 0 0
15 54 0 0
16 54 0 0
17 54 0 0
19 54 0 0
20 54 0 0
21 54 0 0
22 54 0 0
23 54 0 0
24 54 0 0
25 54 0 0
26 54 0 0
27 54 0 0
28 54 0 0
30 54 0 0
31 54 0 0
32 54 0 0
33 54 0 0
34 54 0 0
35 54 0 0
36 54 0 0
37 54 0 0
40 54 0 0
41 54 0 0
42 54 0 0
43 54 0 0
44 54 0 0
45 54 0 0
46 54 0 0
47 54 0 0
48 54 0 0
49 54 0 0
50 54 0 0
51 54 0 0
52 54 0 0
53 54 0 0
2 55 0 0
3 55 0 0
14 55 0 0
15 55 0 0
16 55 0 0
17 55 0 0
19 55 0 0
20 55 0 0
21 55 0 0
22 55 0 0
23 55 0 0
25 55 0 0
27 55 0 0
28 55 0 0
30 55 0 0
31 55 0 0
32 55 0 0
33 55 0 0
35 55 0 0
36 55 0 0
37 55 0 0
39 55 0 0
40 55 0 0
41 55 0 0
42 55 0 0
43 55 0 0
44 55 0 0
45 55 0 0
46 55 0 0
47 55 0 0
48 55 0 0
49 55 0 0
50 55 0 0
51 55 0 0
52 55 0 0
53 55 0 0
54 55 0 0
15 56 0 0
16 56 0 0
18 56 0 0
20 56 0 0
21 56 0 0
22 56 0 0
23 56 0 0
28 56 0 0
29 56 0 0
33 56 0 0
35 56 0 0
36 56 0 0
37 56 0 0
38 56 0 0
39 56 0 0
40 56 0 0
41 56 0 0
42 56 0 0
43 56 0 0
44 56 0 0
45 56 0 0
46 56 0 0
47 56 0 0
48 56 0 0
50 56 0 0
51 56 0 0
52 56 0 0
54 56 0 0
55 56 0 0
1 57 0 0
2 57 0 0
3 57 0 0
14 57 0 0
16 57 0 0
17 57 0 0
19 57 0 0
20 57 0 0
22 57 0 0
23 57 0 0
24 57 0 0
26 57 0 0
30 57 0 0
31 57 0 0
32 57 0 0
33 57 0 0
34 57 0 0
35 57 0 0
36 57 0 0
37 57 0 0
40 57 0 0
42 57 0 0
43 57 0 0
45 57 0 0
47 57 0 0
48 57 0 0
49 57 0 0
51 57 0 0
52 57 0 0
53 57 0 0
54 57 0 0
55 57 0 0
2 58 0 0
3 58 0 0
14 58 0 0
16 58 0 0
17 58 0 0
19 58 0 0
20 58 0 0
21 58 0 0
22 58 0 0
23 58 0 0
24 58 0 0
28 58 0 0
30 58 0 0
31 58 0 0
32 58 0 0
33 58 0 0
34 58 0 0
35 58 0 0
36 58 0 0
37 58 0 0
40 58 0 0
42 58 0 0
43 58 0 0
45 58 0 0
47 58 0 0
48 58 0 0
49 58 0 0
50 58 0 0
51 58 0 0
52 58 0 0
53 58 0 0
54 58 0 0
55 58 0 0
56 58 0 0
57 58 0 0
2 59 0 0
35 59 0 0
36 59 0 0
37 59 0 0
38 59 0 0
39 59 0 0
40 59 0 0
41 59 0 0
42 59 0 0
43 59 0 0
44 59 0 0
45 59 0 0
46 59 0 0
50 59 0 0
51 59 0 0
56 59 0 0
2 60 0 0
3 60 0 0
35 60 0 0
36 60 0 0
37 60 0 0
39 60 0 0
40 60 0 0
41 60 0 0
42 60 0 0
43 60 0 0
44 60 0 0
45 60 0 0
47 60 0 0
48 60 0 0
49 60 0 0
50 60 0 0
51 60 0 0
58 60 0 0
59 60 0 0
38 61 0 0
39 61 0 0
59 61 0 0
2 62 0 0
3 62 0 0
38 62 0 0
39 62 0 0
40 62 0 0
43 62 0 0
44 62 0 0
45 62 0 0
59 62 0 0
60 62 0 0
61 62 0 0
2 63 0 0
3 63 0 0
39 63 0 0
40 63 0 0
43 63 0 0
44 63 0 0
45 63 0 0
59 63 0 0
60 63 0 0
61 63 0 0
62 63 0 0
2 64 0 0
3 64 0 0
40 64 0 0
42 64 0 0
43 64 0 0
45 64 0 0
60 64 0 0
62 64 0 0
63 64 0 0
2 65 0 0
3 65 0 0
40 65 0 0
42 65 0 0
43 65 0 0
45 65 0 0
59 65 0 0
60 65 0 0
62 65 0 0
63 65 0 0
64 65 0 0
2 66 0 0
3 66 0 0
39 66 0 0
40 66 0 0
43 66 0 0
44 66 0 0
45 66 0 0
59 66 0 0
60 66 0 0
62 66 0 0
63 66 0 0
64 66 0 0
65 66 0 0
2 67 0 0
3 67 0 0
35 67 0 0
36 67 0 0
37 67 0 0
40 67 0 0
42 67 0 0
43 67 0 0
45 67 0 0
49 67 0 0
51 67 0 0
58 67 0 0
60 67 0 0
63 67 0 0
64 67 0 0
65 67 0 0
66 67 0 0
2 68 0 0
3 68 0 0
37 68 0 0
40 68 0 0
42 68 0 0
45 68 0 0
49 68 0 0
58 68 0 0
60 68 0 0
64 68 0 0
65 68 0 0
67 68 0 0
2 69 0 0
3 69 0 0
35 69 0 0
36 69 0 0
37 69 0 0
39 69 0 0
40 69 0 0
42 69 0 0
43 69 0 0
44 69 0 0
45 69 0 0
47 69 0 0
51 69 0 0
58 69 0 0
59 69 0 0
60 69 0 0
62 69 0 0
63 69 0 0
64 69 0 0
65 69 0 0
66 69 0 0
67 69 0 0
68 69 0 0
2 70 0 0
3 70 0 0
35 70 0 0
36 70 0 0
37 70 0 0
39 70 0 0
40 70 0 0
41 70 0 0
42 70 0 0
43 70 0 0
44 70 0 0
45 70 0 0
59 70 0 0
60 70 0 0
62 70 0 0
63 70 0 0
64 70 0 0
65 70 0 0
66 70 0 0
67 70 0 0
69 70 0 0
2 71 0 0
3 71 0 0
40 71 0 0
45 71 0 0
60 71 0 0
62 71 0 0
63 71 0 0
64 71 0 0
65 71 0 0
66 71 0 0
67 71 0 0
68 71 0 0
69 71 0 0
70 71 0 0
61 72 0 0
62 72 0 0
63 72 0 0
66 72 0 0
70 72 0 0
2 73 0 0
3 73 0 0
59 73 0 0
60 73 0 0
62 73 0 0
63 73 0 0
64 73 0 0
65 73 0 0
66 73 0 0
67 73 0 0
69 73 0 0
70 73 0 0
71 73 0 0
72 73 0 0
3 74 0 0
61 74 0 0
62 74 0 0
63 74 0 0
66 74 0 0
70 74 0 0
72 74 0 0
73 74 0 0
3 75 0 0
64 75 0 0
65 75 0 0
67 75 0 0
71 75 0 0
73 75 0 0
3 76 0 0
62 76 0 0
72 76 0 0
73 76 0 0
74 76 0 0
3 77 0 0
72 77 0 0
73 77 0 0
74 77 0 0
76 77 0 0
3 78 0 0
72 78 0 0
73 78 0 0
74 78 0 0
75 78 0 0
76 78 0 0
77 78 0 0
3 79 0 0
72 79 0 0
73 79 0 0
74 79 0 0
75 79 0 0
76 79 0 0
77 79 0 0
78 79 0 0
3 80 0 0
62 80 0 0
63 80 0 0
64 80 0 0
65 80 0 0
66 80 0 0
70 80 0 0
71 80 0 0
72 80 0 0
73 80 0 0
74 80 0 0
75 80 0 0
76 80 0 0
77 80 0 0
78 80 0 0
79 80 0 0
2 81 0 0
3 81 0 0
60 81 0 0
62 81 0 0
63 81 0 0
64 81 0 0
65 81 0 0
66 81 0 0
67 81 0 0
69 81 0 0
70 81 0 0
71 81 0 0
72 81 0 0
73 81 0 0
74 81 0 0
75 81 0 0
76 81 0 0
77 81 0 0
78 81 0 0
79 81 0 0
80 81 0 0
3 82 0 0
63 82 0 0
65 82 0 0
71 82 0 0
73 82 0 0
74 82 0 0
75 82 0 0
76 82 0 0
77 82 0 0
78 82 0 0
79 82 0 0
80 82 0 0
81 82 0 0
3 83 0 0
65 83 0 0
71 83 0 0
73 83 0 0
74 83 0 0
75 83 0 0
76 83 0 0
77 83 0 0
78 83 0 0
79 83 0 0
80 83 0 0
81 83 0 0
82 83 0 0
2 84 0 0
3 84 0 0
60 84 0 0
62 84 0 0
63 84 0 0
64 84 0 0
65 84 0 0
66 84 0 0
67 84 0 0
68 84 0 0
69 84 0 0
70 84 0 0
71 84 0 0
73 84 0 0
75 84 0 0
79 84 0 0
80 84 0 0
81 84 0 0
82 84 0 0
83 84 0 0
2 85 0 0
3 85 0 0
40 85 0 0
45 85 0 0
59 85 0 0
60 85 0 0
62 85 0 0
63 85 0 0
64 85 0 0
65 85 0 0
66 85 0 0
67 85 0 0
68 85 0 0
69 85 0 0
70 85 0 0
71 85 0 0
72 85 0 0
73 85 0 0
74 85 0 0
75 85 0 0
79 85 0 0
80 85 0 0
81 85 0 0
82 85 0 0
83 85 0 0
84 85 0 0
2 86 0 0
3 86 0 0
59 86 0 0
60 86 0 0
61 86 0 0
62 86 0 0
63 86 0 0
64 86 0 0
65 86 0 0
66 86 0 0
69 86 0 0
70 86 0 0
71 86 0 0
72 86 0 0
73 86 0 0
74 86 0 0
76 86 0 0
77 86 0 0
79 86 0 0
80 86 0 0
81 86 0 0
82 86 0 0
84 86 0 0
85 86 0 0
2 87 0 0
3 87 0 0
59 87 0 0
60 87 0 0
62 87 0 0
63 87 0 0
64 87 0 0
65 87 0 0
66 87 0 0
67 87 0 0
69 87 0 0
70 87 0 0
71 87 0 0
72 87 0 0
73 87 0 0
74 87 0 0
75 87 0 0
76 87 0 0
78 87 0 0
79 87 0 0
80 87 0 0
81 87 0 0
82 87 0 0
83 87 0 0
84 87 0 0
85 87 0 0
86 87 0 0
2 88 0 0
3 88 0 0
59 88 0 0
60 88 0 0
62 88 0 0
63 88 0 0
64 88 0 0
65 88 0 0
66 88 0 0
67 88 0 0
69 88 0 0
70 88 0 0
71 88 0 0
72 88 0 0
73 88 0 0
74 88 0 0
75 88 0 0
76 88 0 0
78 88 0 0
79 88 0 0
80 88 0 0
81 88 0 0
82 88 0 0
83 88 0 0
84 88 0 0
85 88 0 0
86 88 0 0
87 88 0 0
2 89 0 0
3 89 0 0
35 89 0 0
36 89 0 0
37 89 0 0
39 89 0 0
40 89 0 0
41 89 0 0
42 89 0 0
43 89 0 0
44 89 0 0
45 89 0 0
47 89 0 0
48 89 0 0
49 89 0 0
50 89 0 0
51 89 0 0
54 89 0 0
57 89 0 0
58 89 0 0
59 89 0 0
60 89 0 0
62 89 0 0
63 89 0 0
64 89 0 0
65 89 0 0
66 89 0 0
67 89 0 0
68 89 0 0
69 89 0 0
70 89 0 0
71 89 0 0
84 89 0 0
85 89 0 0
86 89 0 0
87 89 0 0
88 89 0 0
4 91 0 1
5 91 0 1
6 91 0 1
18 91 0 1
29 91 0 1
5 97 0 1
5 100 0 1
15 100 0 1
18 100 0 1
29 100 0 1
5 102 0 1
15 102 0 1
18 102 0 1
29 102 0 1
5 105 0 1
18 105 0 1
29 105 0 1
5 108 0 1
15 108 0 1
18 108 0 1
29 108 0 1
5 109 0 1
18 109 0 1
15 113 0 1
18 113 0 1
8 114 0 1
15 114 0 1
16 114 0 1
18 114 0 1
21 114 0 1
22 114 0 1
23 114 0 1
25 114 0 1
27 114 0 1
28 114 0 1
29 114 0 1
33 114 0 1
35 114 0 1
36 114 0 1
38 114 0 1
39 114 0 1
41 114 0 1
43 114 0 1
44 114 0 1
46 114 0 1
47 114 0 1
48 114 0 1
50 114 0 1
51 114 0 1
54 114 0 1
55 114 0 1
56 114 0 1
15 119 0 1
16 119 0 1
18 119 0 1
21 119 0 1
23 119 0 1
29 119 0 1
38 119 0 1
39 119 0 1
41 119 0 1
43 119 0 1
44 119 0 1
46 119 0 1
50 119 0 1
56 119 0 1
38 120 0 1
15 122 0 1
18 122 0 1
38 122 0 1
15 126 0 1
18 126 0 1
18 128 0 1
15 129 0 1
16 129 0 1
18 129 0 1
21 129 0 1
23 129 0 1
29 129 0 1
46 129 0 1
50 129 0 1
56 129 0 1
15 130 0 1
18 130 0 1
29 130 0 1
46 130 0 1
15 133 0 1
38 133 0 1
39 133 0 1
41 133 0 1
44 133 0 1
46 133 0 1
50 133 0 1
15 134 0 1
38 134 0 1
41 134 0 1
38 135 0 1
35 136 0 1
36 136 0 1
38 136 0 1
39 136 0 1
40 136 0 1
41 136 0 1
42 136 0 1
43 136 0 1
44 136 0 1
45 136 0 1
46 136 0 1
48 136 0 1
50 136 0 1
51 136 0 1
56 136 0 1
59 136 0 1
60 136 0 1
61 136 0 1
62 136 0 1
63 136 0 1
66 136 0 1
69 136 0 1
70 136 0 1
89 136 0 1
38 137 0 1
39 137 0 1
41 137 0 1
44 137 0 1
61 137 0 1
38 138 0 1
61 138 0 1
38 139 0 1
61 139 0 1
15 140 0 1
38 140 0 1
39 140 0 1
41 140 0 1
44 140 0 1
46 140 0 1
61 140 0 1
38 141 0 1
61 141 0 1
61 143 0 1
61 145 0 1
61 146 0 1
61 147 0 1
61 148 0 1
72 148 0 1
74 148 0 1
76 148 0 1
77 148 0 1
61 160 0 1
72 160 0 1
61 165 0 1
72 165 0 1
38 173 0 1
61 173 0 1
38 174 0 1
61 174 0 1
38 176 0 1
39 176 0 1
41 176 0 1
59 176 0 1
61 176 0 1
62 176 0 1
72 176 0 1
61 177 0 1
38 181 0 1
