2 3 0 0
2 4 0 0
3 4 0 0
2 5 0 0
3 5 0 0
4 5 0 0
6 7 0 0
1 8 0 0
6 8 0 0
7 8 0 0
1 9 0 0
6 9 0 0
7 9 0 0
8 9 0 0
1 10 0 0
7 10 0 0
8 10 0 0
9 10 0 0
6 11 0 0
7 11 0 0
9 11 0 0
6 12 0 0
7 12 0 0
8 12 0 0
9 12 0 0
11 12 0 0
1 13 0 0
6 13 0 0
7 13 0 0
8 13 0 0
9 13 0 0
10 13 0 0
11 13 0 0
12 13 0 0
1 14 0 0
7 14 0 0
8 14 0 0
9 14 0 0
10 14 0 0
12 14 0 0
13 14 0 0
1 15 0 0
7 15 0 0
8 15 0 0
9 15 0 0
10 15 0 0
12 15 0 0
13 15 0 0
14 15 0 0
1 16 0 0
8 16 0 0
9 16 0 0
10 16 0 0
13 16 0 0
14 16 0 0
15 16 0 0
6 17 0 0
7 17 0 0
11 17 0 0
12 17 0 0
13 17 0 0
1 18 0 0
4 18 0 0
10 18 0 0
13 18 0 0
14 18 0 0
15 18 0 0
16 18 0 0
1 19 0 0
4 19 0 0
10 19 0 0
14 19 0 0
15 19 0 0
16 19 0 0
18 19 0 0
1 20 0 0
8 20 0 0
9 20 0 0
10 20 0 0
12 20 0 0
13 20 0 0
14 20 0 0
15 20 0 0
16 20 0 0
17 20 0 0
18 20 0 0
19 20 0 0
6 21 0 0
7 21 0 0
8 21 0 0
9 21 0 0
11 21 0 0
12 21 0 0
13 21 0 0
14 21 0 0
15 21 0 0
16 21 0 0
17 21 0 0
18 21 0 0
20 21 0 0
6 22 0 0
11 22 0 0
12 22 0 0
13 22 0 0
17 22 0 0
20 22 0 0
21 22 0 0
1 23 0 0
11 23 0 0
12 23 0 0
13 23 0 0
14 23 0 0
15 23 0 0
16 23 0 0
17 23 0 0
18 23 0 0
20 23 0 0
21 23 0 0
22 23 0 0
17 24 0 0
22 24 0 0
1 25 0 0
4 25 0 0
5 25 0 0
18 25 0 0
19 25 0 0
20 25 0 0
23 25 0 0
11 26 0 0
12 26 0 0
17 26 0 0
21 26 0 0
22 26 0 0
23 26 0 0
24 26 0 0
5 27 0 0
17 27 0 0
20 27 0 0
21 27 0 0
22 27 0 0
23 27 0 0
24 27 0 0
26 27 0 0
1 28 0 0
4 28 0 0
5 28 0 0
18 28 0 0
19 28 0 0
25 28 0 0
11 29 0 0
12 29 0 0
17 29 0 0
21 29 0 0
22 29 0 0
24 29 0 0
26 29 0 0
27 29 0 0
1 30 0 0
4 30 0 0
5 30 0 0
12 30 0 0
13 30 0 0
15 30 0 0
16 30 0 0
17 30 0 0
18 30 0 0
19 30 0 0
20 30 0 0
21 30 0 0
22 30 0 0
23 30 0 0
25 30 0 0
26 30 0 0
27 30 0 0
1 31 0 0
4 31 0 0
5 31 0 0
12 31 0 0
13 31 0 0
14 31 0 0
15 31 0 0
16 31 0 0
18 31 0 0
19 31 0 0
20 31 0 0
21 31 0 0
23 31 0 0
25 31 0 0
27 31 0 0
28 31 0 0
30 31 0 0
1 32 0 0
4 32 0 0
5 32 0 0
13 32 0 0
15 32 0 0
16 32 0 0
18 32 0 0
19 32 0 0
20 32 0 0
23 32 0 0
25 32 0 0
28 32 0 0
30 32 0 0
31 32 0 0
1 33 0 0
4 33 0 0
16 33 0 0
18 33 0 0
19 33 0 0
25 33 0 0
28 33 0 0
31 33 0 0
32 33 0 0
1 34 0 0
4 34 0 0
5 34 0 0
15 34 0 0
16 34 0 0
18 34 0 0
19 34 0 0
20 34 0 0
25 34 0 0
28 34 0 0
30 34 0 0
31 34 0 0
32 34 0 0
33 34 0 0
11 35 0 0
12 35 0 0
17 35 0 0
21 35 0 0
22 35 0 0
23 35 0 0
24 35 0 0
26 35 0 0
27 35 0 0
29 35 0 0
30 35 0 0
11 36 0 0
12 36 0 0
13 36 0 0
17 36 0 0
20 36 0 0
21 36 0 0
22 36 0 0
23 36 0 0
24 36 0 0
26 36 0 0
27 36 0 0
29 36 0 0
30 36 0 0
31 36 0 0
32 36 0 0
35 36 0 0
1 37 0 0
4 37 0 0
5 37 0 0
12 37 0 0
13 37 0 0
15 37 0 0
16 37 0 0
18 37 0 0
19 37 0 0
20 37 0 0
21 37 0 0
22 37 0 0
23 37 0 0
25 37 0 0
27 37 0 0
28 37 0 0
30 37 0 0
31 37 0 0
32 37 0 0
33 37 0 0
34 37 0 0
36 37 0 0
1 38 0 0
4 38 0 0
5 38 0 0
13 38 0 0
15 38 0 0
16 38 0 0
18 38 0 0
19 38 0 0
20 38 0 0
21 38 0 0
23 38 0 0
25 38 0 0
27 38 0 0
28 38 0 0
30 38 0 0
31 38 0 0
32 38 0 0
33 38 0 0
34 38 0 0
36 38 0 0
37 38 0 0
1 39 0 0
4 39 0 0
5 39 0 0
18 39 0 0
19 39 0 0
25 39 0 0
28 39 0 0
31 39 0 0
32 39 0 0
33 39 0 0
34 39 0 0
38 39 0 0
11 40 0 0
12 40 0 0
13 40 0 0
17 40 0 0
20 40 0 0
21 40 0 0
22 40 0 0
23 40 0 0
24 40 0 0
26 40 0 0
27 40 0 0
29 40 0 0
30 40 0 0
31 40 0 0
35 40 0 0
36 40 0 0
37 40 0 0
38 40 0 0
1 41 0 0
4 41 0 0
5 41 0 0
18 41 0 0
19 41 0 0
25 41 0 0
28 41 0 0
31 41 0 0
32 41 0 0
33 41 0 0
34 41 0 0
37 41 0 0
38 41 0 0
39 41 0 0
5 42 0 0
12 42 0 0
13 42 0 0
17 42 0 0
18 42 0 0
20 42 0 0
21 42 0 0
22 42 0 0
23 42 0 0
26 42 0 0
27 42 0 0
29 42 0 0
30 42 0 0
31 42 0 0
32 42 0 0
35 42 0 0
36 42 0 0
37 42 0 0
38 42 0 0
40 42 0 0
1 43 0 0
4 43 0 0
5 43 0 0
16 43 0 0
18 43 0 0
19 43 0 0
20 43 0 0
21 43 0 0
23 43 0 0
25 43 0 0
27 43 0 0
28 43 0 0
30 43 0 0
31 43 0 0
32 43 0 0
33 43 0 0
34 43 0 0
36 43 0 0
37 43 0 0
38 43 0 0
39 43 0 0
41 43 0 0
42 43 0 0
6 44 0 0
7 44 0 0
9 44 0 0
11 44 0 0
12 44 0 0
13 44 0 0
17 44 0 0
21 44 0 0
22 44 0 0
23 44 0 0
26 44 0 0
27 44 0 0
29 44 0 0
30 44 0 0
35 44 0 0
36 44 0 0
40 44 0 0
42 44 0 0
1 45 0 0
7 45 0 0
8 45 0 0
9 45 0 0
10 45 0 0
12 45 0 0
13 45 0 0
14 45 0 0
15 45 0 0
16 45 0 0
18 45 0 0
19 45 0 0
20 45 0 0
21 45 0 0
22 45 0 0
23 45 0 0
27 45 0 0
30 45 0 0
31 45 0 0
32 45 0 0
34 45 0 0
36 45 0 0
37 45 0 0
38 45 0 0
40 45 0 0
42 45 0 0
43 45 0 0
1 46 0 0
10 46 0 0
14 46 0 0
15 46 0 0
16 46 0 0
18 46 0 0
19 46 0 0
25 46 0 0
28 46 0 0
31 46 0 0
32 46 0 0
33 46 0 0
34 46 0 0
38 46 0 0
39 46 0 0
41 46 0 0
43 46 0 0
45 46 0 0
1 47 0 0
8 47 0 0
10 47 0 0
13 47 0 0
14 47 0 0
15 47 0 0
16 47 0 0
18 47 0 0
19 47 0 0
20 47 0 0
23 47 0 0
25 47 0 0
28 47 0 0
30 47 0 0
31 47 0 0
32 47 0 0
33 47 0 0
34 47 0 0
37 47 0 0
38 47 0 0
39 47 0 0
41 47 0 0
43 47 0 0
45 47 0 0
46 47 0 0
1 48 0 0
10 48 0 0
14 48 0 0
15 48 0 0
16 48 0 0
18 48 0 0
19 48 0 0
20 48 0 0
25 48 0 0
28 48 0 0
31 48 0 0
32 48 0 0
33 48 0 0
34 48 0 0
37 48 0 0
38 48 0 0
39 48 0 0
41 48 0 0
43 48 0 0
45 48 0 0
46 48 0 0
47 48 0 0
6 49 0 0
7 49 0 0
8 49 0 0
9 49 0 0
11 49 0 0
12 49 0 0
13 49 0 0
15 49 0 0
17 49 0 0
20 49 0 0
21 49 0 0
22 49 0 0
23 49 0 0
26 49 0 0
27 49 0 0
29 49 0 0
30 49 0 0
31 49 0 0
35 49 0 0
36 49 0 0
37 49 0 0
40 49 0 0
42 49 0 0
44 49 0 0
45 49 0 0
1 50 0 0
7 50 0 0
8 50 0 0
9 50 0 0
10 50 0 0
12 50 0 0
13 50 0 0
14 50 0 0
15 50 0 0
16 50 0 0
18 50 0 0
19 50 0 0
20 50 0 0
21 50 0 0
22 50 0 0
23 50 0 0
25 50 0 0
27 50 0 0
30 50 0 0
31 50 0 0
32 50 0 0
34 50 0 0
36 50 0 0
37 50 0 0
38 50 0 0
40 50 0 0
42 50 0 0
43 50 0 0
45 50 0 0
46 50 0 0
47 50 0 0
48 50 0 0
49 50 0 0
1 51 0 0
4 51 0 0
10 51 0 0
14 51 0 0
15 51 0 0
16 51 0 0
18 51 0 0
19 51 0 0
25 51 0 0
28 51 0 0
31 51 0 0
32 51 0 0
33 51 0 0
34 51 0 0
37 51 0 0
38 51 0 0
39 51 0 0
41 51 0 0
43 51 0 0
45 51 0 0
46 51 0 0
47 51 0 0
48 51 0 0
50 51 0 0
1 52 0 0
7 52 0 0
8 52 0 0
9 52 0 0
10 52 0 0
12 52 0 0
13 52 0 0
14 52 0 0
15 52 0 0
16 52 0 0
18 52 0 0
19 52 0 0
20 52 0 0
21 52 0 0
22 52 0 0
23 52 0 0
25 52 0 0
27 52 0 0
30 52 0 0
31 52 0 0
32 52 0 0
34 52 0 0
36 52 0 0
37 52 0 0
38 52 0 0
40 52 0 0
42 52 0 0
43 52 0 0
45 52 0 0
47 52 0 0
48 52 0 0
49 52 0 0
50 52 0 0
51 52 0 0
1 53 0 0
4 53 0 0
14 53 0 0
15 53 0 0
16 53 0 0
18 53 0 0
19 53 0 0
25 53 0 0
28 53 0 0
31 53 0 0
32 53 0 0
33 53 0 0
34 53 0 0
37 53 0 0
38 53 0 0
39 53 0 0
41 53 0 0
43 53 0 0
46 53 0 0
47 53 0 0
48 53 0 0
50 53 0 0
51 53 0 0
52 53 0 0
3 54 0 0
4 54 0 0
5 54 0 0
25 54 0 0
28 54 0 0
30 54 0 0
31 54 0 0
32 54 0 0
33 54 0 0
34 54 0 0
37 54 0 0
38 54 0 0
39 54 0 0
41 54 0 0
43 54 0 0
4 55 0 0
5 55 0 0
23 55 0 0
25 55 0 0
27 55 0 0
28 55 0 0
30 55 0 0
31 55 0 0
32 55 0 0
36 55 0 0
37 55 0 0
38 55 0 0
40 55 0 0
42 55 0 0
43 55 0 0
54 55 0 0
4 56 0 0
5 56 0 0
25 56 0 0
27 56 0 0
28 56 0 0
30 56 0 0
31 56 0 0
32 56 0 0
36 56 0 0
37 56 0 0
38 56 0 0
42 56 0 0
43 56 0 0
54 56 0 0
55 56 0 0
4 57 0 0
5 57 0 0
23 57 0 0
25 57 0 0
27 57 0 0
28 57 0 0
30 57 0 0
31 57 0 0
32 57 0 0
34 57 0 0
36 57 0 0
37 57 0 0
38 57 0 0
39 57 0 0
41 57 0 0
42 57 0 0
43 57 0 0
54 57 0 0
55 57 0 0
56 57 0 0
3 58 0 0
4 58 0 0
5 58 0 0
18 58 0 0
25 58 0 0
27 58 0 0
28 58 0 0
30 58 0 0
31 58 0 0
32 58 0 0
33 58 0 0
34 58 0 0
37 58 0 0
38 58 0 0
39 58 0 0
41 58 0 0
42 58 0 0
43 58 0 0
54 58 0 0
55 58 0 0
56 58 0 0
57 58 0 0
4 59 0 0
5 59 0 0
18 59 0 0
20 59 0 0
21 59 0 0
22 59 0 0
23 59 0 0
25 59 0 0
26 59 0 0
27 59 0 0
30 59 0 0
31 59 0 0
32 59 0 0
36 59 0 0
37 59 0 0
38 59 0 0
40 59 0 0
42 59 0 0
43 59 0 0
50 59 0 0
52 59 0 0
54 59 0 0
55 59 0 0
56 59 0 0
57 59 0 0
58 59 0 0
4 60 0 0
5 60 0 0
18 60 0 0
19 60 0 0
20 60 0 0
21 60 0 0
23 60 0 0
25 60 0 0
27 60 0 0
28 60 0 0
30 60 0 0
31 60 0 0
32 60 0 0
33 60 0 0
34 60 0 0
36 60 0 0
37 60 0 0
38 60 0 0
39 60 0 0
40 60 0 0
41 60 0 0
42 60 0 0
43 60 0 0
50 60 0 0
52 60 0 0
54 60 0 0
55 60 0 0
56 60 0 0
57 60 0 0
58 60 0 0
59 60 0 0
1 61 0 0
4 61 0 0
5 61 0 0
18 61 0 0
19 61 0 0
25 61 0 0
28 61 0 0
31 61 0 0
32 61 0 0
33 61 0 0
34 61 0 0
37 61 0 0
38 61 0 0
39 61 0 0
41 61 0 0
43 61 0 0
46 61 0 0
51 61 0 0
53 61 0 0
54 61 0 0
56 61 0 0
57 61 0 0
58 61 0 0
60 61 0 0
1 62 0 0
3 62 0 0
4 62 0 0
5 62 0 0
18 62 0 0
19 62 0 0
25 62 0 0
28 62 0 0
32 62 0 0
33 62 0 0
34 62 0 0
38 62 0 0
39 62 0 0
41 62 0 0
43 62 0 0
51 62 0 0
53 62 0 0
54 62 0 0
58 62 0 0
60 62 0 0
61 62 0 0
17 63 0 0
21 63 0 0
22 63 0 0
23 63 0 0
24 63 0 0
26 63 0 0
27 63 0 0
29 63 0 0
30 63 0 0
35 63 0 0
36 63 0 0
40 63 0 0
42 63 0 0
55 63 0 0
59 63 0 0
5 64 0 0
17 64 0 0
20 64 0 0
21 64 0 0
22 64 0 0
23 64 0 0
24 64 0 0
26 64 0 0
27 64 0 0
29 64 0 0
30 64 0 0
31 64 0 0
35 64 0 0
36 64 0 0
37 64 0 0
38 64 0 0
40 64 0 0
42 64 0 0
43 64 0 0
52 64 0 0
55 64 0 0
56 64 0 0
57 64 0 0
58 64 0 0
59 64 0 0
60 64 0 0
63 64 0 0
4 65 0 0
5 65 0 0
20 65 0 0
21 65 0 0
22 65 0 0
23 65 0 0
25 65 0 0
26 65 0 0
27 65 0 0
30 65 0 0
31 65 0 0
32 65 0 0
35 65 0 0
36 65 0 0
37 65 0 0
38 65 0 0
40 65 0 0
42 65 0 0
43 65 0 0
52 65 0 0
54 65 0 0
55 65 0 0
56 65 0 0
57 65 0 0
58 65 0 0
59 65 0 0
60 65 0 0
63 65 0 0
64 65 0 0
3 66 0 0
4 66 0 0
5 66 0 0
18 66 0 0
19 66 0 0
20 66 0 0
23 66 0 0
25 66 0 0
28 66 0 0
30 66 0 0
31 66 0 0
32 66 0 0
33 66 0 0
34 66 0 0
37 66 0 0
38 66 0 0
39 66 0 0
41 66 0 0
42 66 0 0
43 66 0 0
53 66 0 0
54 66 0 0
55 66 0 0
56 66 0 0
57 66 0 0
58 66 0 0
59 66 0 0
60 66 0 0
61 66 0 0
62 66 0 0
64 66 0 0
65 66 0 0
5 67 0 0
17 67 0 0
21 67 0 0
22 67 0 0
23 67 0 0
24 67 0 0
26 67 0 0
27 67 0 0
29 67 0 0
30 67 0 0
31 67 0 0
35 67 0 0
36 67 0 0
37 67 0 0
38 67 0 0
40 67 0 0
42 67 0 0
54 67 0 0
55 67 0 0
56 67 0 0
57 67 0 0
58 67 0 0
59 67 0 0
60 67 0 0
63 67 0 0
64 67 0 0
65 67 0 0
4 68 0 0
5 68 0 0
20 68 0 0
21 68 0 0
23 68 0 0
25 68 0 0
27 68 0 0
28 68 0 0
30 68 0 0
31 68 0 0
32 68 0 0
34 68 0 0
36 68 0 0
37 68 0 0
38 68 0 0
40 68 0 0
42 68 0 0
43 68 0 0
52 68 0 0
54 68 0 0
55 68 0 0
56 68 0 0
57 68 0 0
58 68 0 0
59 68 0 0
60 68 0 0
63 68 0 0
64 68 0 0
65 68 0 0
66 68 0 0
67 68 0 0
24 69 0 0
67 69 0 0
24 70 0 0
69 70 0 0
2 71 0 0
3 71 0 0
4 71 0 0
5 71 0 0
54 71 0 0
58 71 0 0
62 71 0 0
66 71 0 0
4 72 0 0
5 72 0 0
55 72 0 0
56 72 0 0
57 72 0 0
63 72 0 0
64 72 0 0
65 72 0 0
67 72 0 0
68 72 0 0
69 72 0 0
70 72 0 0
5 73 0 0
24 73 0 0
27 73 0 0
55 73 0 0
56 73 0 0
59 73 0 0
63 73 0 0
64 73 0 0
65 73 0 0
67 73 0 0
68 73 0 0
69 73 0 0
70 73 0 0
72 73 0 0
3 74 0 0
4 74 0 0
5 74 0 0
25 74 0 0
28 74 0 0
54 74 0 0
55 74 0 0
56 74 0 0
57 74 0 0
58 74 0 0
60 74 0 0
61 74 0 0
62 74 0 0
66 74 0 0
68 74 0 0
71 74 0 0
5 75 0 0
24 75 0 0
63 75 0 0
64 75 0 0
67 75 0 0
69 75 0 0
70 75 0 0
72 75 0 0
73 75 0 0
4 76 0 0
5 76 0 0
27 76 0 0
55 76 0 0
56 76 0 0
57 76 0 0
58 76 0 0
59 76 0 0
60 76 0 0
63 76 0 0
64 76 0 0
65 76 0 0
67 76 0 0
68 76 0 0
69 76 0 0
72 76 0 0
73 76 0 0
74 76 0 0
75 76 0 0
69 77 0 0
70 77 0 0
72 77 0 0
73 77 0 0
75 77 0 0
69 78 0 0
72 78 0 0
73 78 0 0
77 78 0 0
2 79 0 0
3 79 0 0
5 79 0 0
72 79 0 0
76 79 0 0
78 79 0 0
2 80 0 0
3 80 0 0
4 80 0 0
5 80 0 0
78 80 0 0
79 80 0 0
2 81 0 0
3 81 0 0
4 81 0 0
5 81 0 0
79 81 0 0
80 81 0 0
2 82 0 0
3 82 0 0
4 82 0 0
5 82 0 0
71 82 0 0
74 82 0 0
79 82 0 0
80 82 0 0
81 82 0 0
2 83 0 0
3 83 0 0
4 83 0 0
5 83 0 0
71 83 0 0
74 83 0 0
80 83 0 0
81 83 0 0
82 83 0 0
2 84 0 0
3 84 0 0
4 84 0 0
5 84 0 0
72 84 0 0
73 84 0 0
74 84 0 0
76 84 0 0
78 84 0 0
79 84 0 0
80 84 0 0
81 84 0 0
82 84 0 0
83 84 0 0
2 85 0 0
3 85 0 0
4 85 0 0
5 85 0 0
72 85 0 0
74 85 0 0
76 85 0 0
78 85 0 0
79 85 0 0
80 85 0 0
81 85 0 0
82 85 0 0
83 85 0 0
84 85 0 0
2 86 0 0
3 86 0 0
4 86 0 0
5 86 0 0
71 86 0 0
74 86 0 0
79 86 0 0
80 86 0 0
81 86 0 0
82 86 0 0
83 86 0 0
84 86 0 0
85 86 0 0
2 87 0 0
3 87 0 0
4 87 0 0
5 87 0 0
72 87 0 0
73 87 0 0
76 87 0 0
78 87 0 0
79 87 0 0
80 87 0 0
81 87 0 0
82 87 0 0
83 87 0 0
84 87 0 0
85 87 0 0
86 87 0 0
77 88 0 0
78 88 0 0
79 88 0 0
2 89 0 0
3 89 0 0
79 89 0 0
80 89 0 0
81 89 0 0
82 89 0 0
83 89 0 0
84 89 0 0
85 89 0 0
86 89 0 0
87 89 0 0
2 90 0 0
80 90 0 0
81 90 0 0
82 90 0 0
89 90 0 0
2 91 0 0
3 91 0 0
81 91 0 0
83 91 0 0
86 91 0 0
89 91 0 0
90 91 0 0
2 92 0 0
3 92 0 0
80 92 0 0
81 92 0 0
82 92 0 0
83 92 0 0
85 92 0 0
86 92 0 0
87 92 0 0
89 92 0 0
90 92 0 0
91 92 0 0
2 93 0 0
79 93 0 0
80 93 0 0
81 93 0 0
82 93 0 0
87 93 0 0
89 93 0 0
90 93 0 0
92 93 0 0
2 94 0 0
3 94 0 0
79 94 0 0
80 94 0 0
81 94 0 0
82 94 0 0
83 94 0 0
84 94 0 0
85 94 0 0
86 94 0 0
87 94 0 0
89 94 0 0
90 94 0 0
91 94 0 0
92 94 0 0
93 94 0 0
2 95 0 0
3 95 0 0
78 95 0 0
79 95 0 0
80 95 0 0
81 95 0 0
82 95 0 0
83 95 0 0
84 95 0 0
85 95 0 0
86 95 0 0
87 95 0 0
89 95 0 0
90 95 0 0
92 95 0 0
93 95 0 0
94 95 0 0
2 96 0 0
3 96 0 0
79 96 0 0
80 96 0 0
81 96 0 0
82 96 0 0
83 96 0 0
84 96 0 0
85 96 0 0
86 96 0 0
87 96 0 0
89 96 0 0
90 96 0 0
91 96 0 0
92 96 0 0
93 96 0 0
94 96 0 0
95 96 0 0
2 97 0 0
3 97 0 0
78 97 0 0
79 97 0 0
80 97 0 0
81 97 0 0
82 97 0 0
83 97 0 0
84 97 0 0
85 97 0 0
86 97 0 0
87 97 0 0
89 97 0 0
90 97 0 0
92 97 0 0
93 97 0 0
94 97 0 0
95 97 0 0
96 97 0 0
2 98 0 0
3 98 0 0
79 98 0 0
80 98 0 0
81 98 0 0
82 98 0 0
83 98 0 0
84 98 0 0
85 98 0 0
86 98 0 0
87 98 0 0
89 98 0 0
90 98 0 0
91 98 0 0
92 98 0 0
93 98 0 0
94 98 0 0
95 98 0 0
96 98 0 0
97 98 0 0
2 99 0 0
3 99 0 0
78 99 0 0
79 99 0 0
80 99 0 0
81 99 0 0
82 99 0 0
83 99 0 0
84 99 0 0
85 99 0 0
86 99 0 0
87 99 0 0
89 99 0 0
90 99 0 0
91 99 0 0
92 99 0 0
93 99 0 0
94 99 0 0
95 99 0 0
96 99 0 0
97 99 0 0
98 99 0 0
2 100 0 0
3 100 0 0
78 100 0 0
79 100 0 0
80 100 0 0
81 100 0 0
82 100 0 0
83 100 0 0
84 100 0 0
85 100 0 0
86 100 0 0
87 100 0 0
89 100 0 0
90 100 0 0
92 100 0 0
93 100 0 0
94 100 0 0
95 100 0 0
96 100 0 0
97 100 0 0
98 100 0 0
99 100 0 0
67 101 0 0
69 101 0 0
70 101 0 0
72 101 0 0
73 101 0 0
75 101 0 0
76 101 0 0
77 101 0 0
78 101 0 0
79 101 0 0
84 101 0 0
87 101 0 0
88 101 0 0
3 102 0 0
4 102 0 0
5 102 0 0
56 102 0 0
67 102 0 0
69 102 0 0
72 102 0 0
73 102 0 0
75 102 0 0
76 102 0 0
77 102 0 0
78 102 0 0
79 102 0 0
80 102 0 0
81 102 0 0
82 102 0 0
84 102 0 0
85 102 0 0
87 102 0 0
97 102 0 0
99 102 0 0
101 102 0 0
2 103 0 0
3 103 0 0
4 103 0 0
5 103 0 0
55 103 0 0
56 103 0 0
72 103 0 0
73 103 0 0
74 103 0 0
76 103 0 0
78 103 0 0
79 103 0 0
80 103 0 0
81 103 0 0
82 103 0 0
83 103 0 0
84 103 0 0
85 103 0 0
86 103 0 0
87 103 0 0
95 103 0 0
97 103 0 0
98 103 0 0
99 103 0 0
100 103 0 0
101 103 0 0
102 103 0 0
2 104 0 0
3 104 0 0
4 104 0 0
5 104 0 0
56 104 0 0
71 104 0 0
72 104 0 0
74 104 0 0
76 104 0 0
79 104 0 0
80 104 0 0
81 104 0 0
82 104 0 0
83 104 0 0
84 104 0 0
85 104 0 0
86 104 0 0
87 104 0 0
94 104 0 0
95 104 0 0
97 104 0 0
98 104 0 0
99 104 0 0
100 104 0 0
102 104 0 0
103 104 0 0
2 105 0 0
3 105 0 0
4 105 0 0
5 105 0 0
54 105 0 0
55 105 0 0
56 105 0 0
57 105 0 0
58 105 0 0
67 105 0 0
68 105 0 0
72 105 0 0
73 105 0 0
74 105 0 0
75 105 0 0
76 105 0 0
78 105 0 0
79 105 0 0
80 105 0 0
81 105 0 0
82 105 0 0
83 105 0 0
84 105 0 0
85 105 0 0
86 105 0 0
87 105 0 0
97 105 0 0
98 105 0 0
99 105 0 0
101 105 0 0
102 105 0 0
103 105 0 0
104 105 0 0
2 106 0 0
3 106 0 0
4 106 0 0
5 106 0 0
54 106 0 0
55 106 0 0
56 106 0 0
57 106 0 0
72 106 0 0
73 106 0 0
74 106 0 0
76 106 0 0
78 106 0 0
79 106 0 0
80 106 0 0
81 106 0 0
82 106 0 0
83 106 0 0
84 106 0 0
85 106 0 0
86 106 0 0
87 106 0 0
97 106 0 0
98 106 0 0
99 106 0 0
100 106 0 0
102 106 0 0
103 106 0 0
104 106 0 0
105 106 0 0
2 107 0 0
3 107 0 0
4 107 0 0
5 107 0 0
54 107 0 0
55 107 0 0
56 107 0 0
58 107 0 0
71 107 0 0
72 107 0 0
74 107 0 0
76 107 0 0
79 107 0 0
80 107 0 0
81 107 0 0
82 107 0 0
83 107 0 0
84 107 0 0
85 107 0 0
86 107 0 0
87 107 0 0
97 107 0 0
98 107 0 0
99 107 0 0
102 107 0 0
103 107 0 0
104 107 0 0
105 107 0 0
106 107 0 0
2 108 0 0
3 108 0 0
4 108 0 0
5 108 0 0
71 108 0 0
74 108 0 0
81 108 0 0
82 108 0 0
83 108 0 0
85 108 0 0
86 108 0 0
98 108 0 0
104 108 0 0
107 108 0 0
5 109 0 0
24 109 0 0
26 109 0 0
27 109 0 0
40 109 0 0
42 109 0 0
55 109 0 0
56 109 0 0
59 109 0 0
63 109 0 0
64 109 0 0
65 109 0 0
67 109 0 0
68 109 0 0
69 109 0 0
70 109 0 0
72 109 0 0
73 109 0 0
75 109 0 0
76 109 0 0
77 109 0 0
101 109 0 0
102 109 0 0
105 109 0 0
4 110 0 0
5 110 0 0
22 110 0 0
24 110 0 0
26 110 0 0
27 110 0 0
29 110 0 0
30 110 0 0
35 110 0 0
36 110 0 0
40 110 0 0
42 110 0 0
55 110 0 0
56 110 0 0
57 110 0 0
58 110 0 0
59 110 0 0
60 110 0 0
63 110 0 0
64 110 0 0
65 110 0 0
67 110 0 0
68 110 0 0
69 110 0 0
70 110 0 0
72 110 0 0
73 110 0 0
75 110 0 0
76 110 0 0
77 110 0 0
84 110 0 0
101 110 0 0
102 110 0 0
103 110 0 0
105 110 0 0
106 110 0 0
109 110 0 0
4 111 0 0
5 111 0 0
23 111 0 0
25 111 0 0
26 111 0 0
27 111 0 0
30 111 0 0
31 111 0 0
36 111 0 0
37 111 0 0
38 111 0 0
40 111 0 0
42 111 0 0
43 111 0 0
54 111 0 0
55 111 0 0
56 111 0 0
57 111 0 0
58 111 0 0
59 111 0 0
60 111 0 0
63 111 0 0
64 111 0 0
65 111 0 0
66 111 0 0
67 111 0 0
68 111 0 0
72 111 0 0
73 111 0 0
74 111 0 0
75 111 0 0
76 111 0 0
84 111 0 0
85 111 0 0
101 111 0 0
102 111 0 0
103 111 0 0
104 111 0 0
105 111 0 0
106 111 0 0
107 111 0 0
109 111 0 0
110 111 0 0
5 112 0 0
24 112 0 0
26 112 0 0
27 112 0 0
55 112 0 0
59 112 0 0
63 112 0 0
64 112 0 0
65 112 0 0
67 112 0 0
68 112 0 0
69 112 0 0
70 112 0 0
72 112 0 0
73 112 0 0
75 112 0 0
76 112 0 0
77 112 0 0
101 112 0 0
102 112 0 0
105 112 0 0
109 112 0 0
110 112 0 0
111 112 0 0
24 115 0 1
29 115 0 1
69 115 0 1
70 115 0 1
75 115 0 1
77 115 0 1
110 115 0 1
112 115 0 1
6 120 0 1
7 120 0 1
8 120 0 1
9 120 0 1
11 120 0 1
12 120 0 1
13 120 0 1
17 120 0 1
21 120 0 1
22 120 0 1
29 120 0 1
35 120 0 1
44 120 0 1
49 120 0 1
6 121 0 1
7 121 0 1
9 121 0 1
11 121 0 1
12 121 0 1
17 121 0 1
44 121 0 1
49 121 0 1
11 126 0 1
17 126 0 1
29 126 0 1
35 126 0 1
44 126 0 1
29 129 0 1
11 131 0 1
17 131 0 1
29 131 0 1
44 131 0 1
11 133 0 1
17 133 0 1
22 133 0 1
24 133 0 1
26 133 0 1
29 133 0 1
35 133 0 1
44 133 0 1
17 134 0 1
24 134 0 1
26 134 0 1
29 134 0 1
35 134 0 1
44 134 0 1
24 136 0 1
29 136 0 1
17 138 0 1
24 138 0 1
26 138 0 1
29 138 0 1
35 138 0 1
44 138 0 1
17 140 0 1
24 140 0 1
26 140 0 1
29 140 0 1
35 140 0 1
44 140 0 1
63 140 0 1
17 141 0 1
24 141 0 1
26 141 0 1
29 141 0 1
35 141 0 1
24 142 0 1
29 142 0 1
35 142 0 1
11 146 0 1
12 146 0 1
17 146 0 1
21 146 0 1
22 146 0 1
24 146 0 1
26 146 0 1
29 146 0 1
35 146 0 1
40 146 0 1
44 146 0 1
49 146 0 1
63 146 0 1
24 148 0 1
26 148 0 1
29 148 0 1
35 148 0 1
40 148 0 1
63 148 0 1
67 148 0 1
69 148 0 1
70 148 0 1
73 148 0 1
75 148 0 1
109 148 0 1
110 148 0 1
112 148 0 1
24 149 0 1
26 149 0 1
29 149 0 1
35 149 0 1
63 149 0 1
67 149 0 1
69 149 0 1
70 149 0 1
75 149 0 1
109 149 0 1
110 149 0 1
112 149 0 1
24 151 0 1
29 151 0 1
35 151 0 1
24 152 0 1
26 152 0 1
29 152 0 1
35 152 0 1
24 153 0 1
26 153 0 1
29 153 0 1
35 153 0 1
63 153 0 1
69 153 0 1
70 153 0 1
110 153 0 1
69 155 0 1
70 155 0 1
75 155 0 1
77 155 0 1
101 155 0 1
112 155 0 1
69 158 0 1
70 158 0 1
75 158 0 1
77 158 0 1
69 160 0 1
70 160 0 1
72 160 0 1
73 160 0 1
75 160 0 1
76 160 0 1
77 160 0 1
78 160 0 1
79 160 0 1
84 160 0 1
87 160 0 1
88 160 0 1
101 160 0 1
102 160 0 1
103 160 0 1
105 160 0 1
109 160 0 1
110 160 0 1
111 160 0 1
112 160 0 1
69 161 0 1
70 161 0 1
73 161 0 1
75 161 0 1
77 161 0 1
78 161 0 1
88 161 0 1
101 161 0 1
109 161 0 1
112 161 0 1
69 162 0 1
70 162 0 1
77 162 0 1
69 163 0 1
70 163 0 1
77 163 0 1
69 166 0 1
70 166 0 1
73 166 0 1
75 166 0 1
77 166 0 1
78 166 0 1
79 166 0 1
88 166 0 1
101 166 0 1
102 166 0 1
69 167 0 1
70 167 0 1
77 167 0 1
88 167 0 1
101 167 0 1
69 169 0 1
70 169 0 1
75 169 0 1
77 169 0 1
78 169 0 1
79 169 0 1
87 169 0 1
88 169 0 1
101 169 0 1
102 169 0 1
69 170 0 1
70 170 0 1
77 170 0 1
78 170 0 1
88 170 0 1
101 170 0 1
77 172 0 1
77 173 0 1
78 173 0 1
79 173 0 1
84 173 0 1
87 173 0 1
88 173 0 1
97 173 0 1
101 173 0 1
102 173 0 1
77 174 0 1
88 174 0 1
70 177 0 1
77 177 0 1
88 177 0 1
69 178 0 1
70 178 0 1
77 178 0 1
88 178 0 1
101 178 0 1
69 179 0 1
70 179 0 1
77 179 0 1
78 179 0 1
88 179 0 1
101 179 0 1
77 180 0 1
78 182 0 1
79 182 0 1
87 182 0 1
88 182 0 1
89 182 0 1
90 182 0 1
93 182 0 1
95 182 0 1
97 182 0 1
99 182 0 1
100 182 0 1
88 184 0 1
78 185 0 1
79 185 0 1
88 185 0 1
89 185 0 1
90 185 0 1
93 185 0 1
95 185 0 1
97 185 0 1
99 185 0 1
100 185 0 1
88 187 0 1
78 188 0 1
88 188 0 1
93 188 0 1
95 188 0 1
77 190 0 1
78 190 0 1
79 190 0 1
84 190 0 1
87 190 0 1
88 190 0 1
93 190 0 1
95 190 0 1
97 190 0 1
100 190 0 1
101 190 0 1
102 190 0 1
77 192 0 1
78 192 0 1
88 192 0 1
88 193 0 1
69 196 0 1
70 196 0 1
77 196 0 1
101 196 0 1
24 202 0 1
69 202 0 1
70 202 0 1
24 203 0 1
69 203 0 1
70 203 0 1
75 203 0 1
77 203 0 1
110 203 0 1
112 203 0 1
