2 3 0 0
1 4 0 0
1 6 0 0
4 6 0 0
5 6 0 0
1 7 0 0
4 7 0 0
5 7 0 0
6 7 0 0
1 8 0 0
4 8 0 0
6 8 0 0
7 8 0 0
1 9 0 0
4 9 0 0
5 9 0 0
6 9 0 0
7 9 0 0
8 9 0 0
5 10 0 0
7 10 0 0
9 10 0 0
1 11 0 0
4 11 0 0
6 11 0 0
7 11 0 0
8 11 0 0
9 11 0 0
1 12 0 0
4 12 0 0
6 12 0 0
7 12 0 0
8 12 0 0
9 12 0 0
11 12 0 0
1 13 0 0
4 13 0 0
5 13 0 0
6 13 0 0
7 13 0 0
8 13 0 0
9 13 0 0
11 13 0 0
12 13 0 0
1 14 0 0
4 14 0 0
5 14 0 0
6 14 0 0
7 14 0 0
8 14 0 0
9 14 0 0
10 14 0 0
11 14 0 0
12 14 0 0
13 14 0 0
1 15 0 0
5 15 0 0
6 15 0 0
7 15 0 0
9 15 0 0
10 15 0 0
11 15 0 0
13 15 0 0
14 15 0 0
1 16 0 0
5 16 0 0
7 16 0 0
9 16 0 0
10 16 0 0
13 16 0 0
14 16 0 0
15 16 0 0
1 17 0 0
4 17 0 0
5 17 0 0
6 17 0 0
7 17 0 0
8 17 0 0
9 17 0 0
10 17 0 0
11 17 0 0
12 17 0 0
13 17 0 0
14 17 0 0
15 17 0 0
16 17 0 0
1 18 0 0
4 18 0 0
5 18 0 0
6 18 0 0
7 18 0 0
8 18 0 0
9 18 0 0
10 18 0 0
11 18 0 0
12 18 0 0
13 18 0 0
14 18 0 0
15 18 0 0
16 18 0 0
17 18 0 0
1 19 0 0
5 19 0 0
7 19 0 0
9 19 0 0
10 19 0 0
13 19 0 0
14 19 0 0
15 19 0 0
16 19 0 0
17 19 0 0
18 19 0 0
1 20 0 0
5 20 0 0
6 20 0 0
7 20 0 0
8 20 0 0
9 20 0 0
10 20 0 0
11 20 0 0
12 20 0 0
13 20 0 0
14 20 0 0
15 20 0 0
16 20 0 0
17 20 0 0
18 20 0 0
19 20 0 0
1 21 0 0
5 21 0 0
9 21 0 0
10 21 0 0
13 21 0 0
14 21 0 0
15 21 0 0
16 21 0 0
17 21 0 0
18 21 0 0
19 21 0 0
20 21 0 0
1 22 0 0
5 22 0 0
7 22 0 0
8 22 0 0
9 22 0 0
10 22 0 0
13 22 0 0
14 22 0 0
15 22 0 0
16 22 0 0
17 22 0 0
18 22 0 0
19 22 0 0
20 22 0 0
21 22 0 0
1 23 0 0
4 23 0 0
5 23 0 0
6 23 0 0
7 23 0 0
8 23 0 0
9 23 0 0
10 23 0 0
11 23 0 0
12 23 0 0
13 23 0 0
14 23 0 0
15 23 0 0
16 23 0 0
17 23 0 0
18 23 0 0
19 23 0 0
20 23 0 0
21 23 0 0
22 23 0 0
1 24 0 0
4 24 0 0
6 24 0 0
7 24 0 0
8 24 0 0
9 24 0 0
11 24 0 0
12 24 0 0
13 24 0 0
14 24 0 0
15 24 0 0
17 24 0 0
18 24 0 0
20 24 0 0
22 24 0 0
23 24 0 0
1 25 0 0
4 25 0 0
6 25 0 0
7 25 0 0
8 25 0 0
9 25 0 0
11 25 0 0
12 25 0 0
13 25 0 0
14 25 0 0
17 25 0 0
18 25 0 0
20 25 0 0
23 25 0 0
24 25 0 0
1 26 0 0
5 26 0 0
7 26 0 0
8 26 0 0
9 26 0 0
10 26 0 0
13 26 0 0
14 26 0 0
15 26 0 0
16 26 0 0
17 26 0 0
18 26 0 0
19 26 0 0
20 26 0 0
21 26 0 0
22 26 0 0
23 26 0 0
24 26 0 0
1 27 0 0
4 27 0 0
5 27 0 0
6 27 0 0
7 27 0 0
8 27 0 0
9 27 0 0
10 27 0 0
11 27 0 0
12 27 0 0
13 27 0 0
14 27 0 0
15 27 0 0
16 27 0 0
17 27 0 0
18 27 0 0
19 27 0 0
20 27 0 0
21 27 0 0
22 27 0 0
23 27 0 0
24 27 0 0
25 27 0 0
26 27 0 0
1 28 0 0
5 28 0 0
6 28 0 0
7 28 0 0
8 28 0 0
9 28 0 0
10 28 0 0
11 28 0 0
13 28 0 0
14 28 0 0
15 28 0 0
16 28 0 0
17 28 0 0
18 28 0 0
19 28 0 0
20 28 0 0
21 28 0 0
22 28 0 0
23 28 0 0
24 28 0 0
25 28 0 0
26 28 0 0
27 28 0 0
1 29 0 0
5 29 0 0
6 29 0 0
7 29 0 0
8 29 0 0
9 29 0 0
10 29 0 0
11 29 0 0
13 29 0 0
14 29 0 0
15 29 0 0
16 29 0 0
17 29 0 0
18 29 0 0
19 29 0 0
20 29 0 0
21 29 0 0
22 29 0 0
23 29 0 0
24 29 0 0
25 29 0 0
26 29 0 0
27 29 0 0
28 29 0 0
1 30 0 0
4 30 0 0
5 30 0 0
6 30 0 0
7 30 0 0
8 30 0 0
9 30 0 0
11 30 0 0
12 30 0 0
13 30 0 0
14 30 0 0
15 30 0 0
16 30 0 0
17 30 0 0
18 30 0 0
19 30 0 0
20 30 0 0
21 30 0 0
22 30 0 0
23 30 0 0
24 30 0 0
25 30 0 0
26 30 0 0
27 30 0 0
28 30 0 0
29 30 0 0
1 31 0 0
4 31 0 0
6 31 0 0
7 31 0 0
8 31 0 0
9 31 0 0
11 31 0 0
12 31 0 0
13 31 0 0
14 31 0 0
17 31 0 0
18 31 0 0
20 31 0 0
22 31 0 0
23 31 0 0
24 31 0 0
25 31 0 0
26 31 0 0
27 31 0 0
28 31 0 0
29 31 0 0
30 31 0 0
1 32 0 0
5 32 0 0
6 32 0 0
7 32 0 0
8 32 0 0
9 32 0 0
10 32 0 0
11 32 0 0
12 32 0 0
13 32 0 0
14 32 0 0
15 32 0 0
16 32 0 0
17 32 0 0
18 32 0 0
19 32 0 0
20 32 0 0
21 32 0 0
22 32 0 0
23 32 0 0
24 32 0 0
25 32 0 0
26 32 0 0
27 32 0 0
28 32 0 0
29 32 0 0
30 32 0 0
31 32 0 0
1 34 0 0
21 34 0 0
22 34 0 0
26 34 0 0
29 34 0 0
32 34 0 0
1 35 0 0
21 35 0 0
22 35 0 0
26 35 0 0
28 35 0 0
29 35 0 0
30 35 0 0
32 35 0 0
34 35 0 0
33 36 0 0
33 37 0 0
36 37 0 0
1 38 0 0
5 38 0 0
9 38 0 0
10 38 0 0
13 38 0 0
14 38 0 0
15 38 0 0
16 38 0 0
17 38 0 0
18 38 0 0
19 38 0 0
20 38 0 0
21 38 0 0
22 38 0 0
23 38 0 0
26 38 0 0
27 38 0 0
28 38 0 0
29 38 0 0
30 38 0 0
32 38 0 0
34 38 0 0
35 38 0 0
1 39 0 0
5 39 0 0
8 39 0 0
9 39 0 0
10 39 0 0
13 39 0 0
14 39 0 0
15 39 0 0
16 39 0 0
17 39 0 0
18 39 0 0
19 39 0 0
20 39 0 0
21 39 0 0
22 39 0 0
23 39 0 0
24 39 0 0
25 39 0 0
26 39 0 0
27 39 0 0
28 39 0 0
29 39 0 0
30 39 0 0
31 39 0 0
32 39 0 0
34 39 0 0
35 39 0 0
38 39 0 0
1 40 0 0
34 40 0 0
35 40 0 0
1 41 0 0
35 41 0 0
40 41 0 0
3 42 0 0
34 42 0 0
40 42 0 0
41 42 0 0
1 43 0 0
40 43 0 0
41 43 0 0
42 43 0 0
3 44 0 0
40 44 0 0
41 44 0 0
42 44 0 0
43 44 0 0
3 45 0 0
40 45 0 0
41 45 0 0
42 45 0 0
43 45 0 0
44 45 0 0
1 46 0 0
40 46 0 0
41 46 0 0
43 46 0 0
1 47 0 0
35 47 0 0
40 47 0 0
41 47 0 0
43 47 0 0
45 47 0 0
46 47 0 0
3 48 0 0
3 49 0 0
42 49 0 0
44 49 0 0
45 49 0 0
2 50 0 0
3 50 0 0
40 50 0 0
41 50 0 0
42 50 0 0
43 50 0 0
44 50 0 0
45 50 0 0
46 50 0 0
47 50 0 0
49 50 0 0
2 51 0 0
41 51 0 0
43 51 0 0
45 51 0 0
46 51 0 0
47 51 0 0
50 51 0 0
2 52 0 0
40 52 0 0
41 52 0 0
43 52 0 0
45 52 0 0
46 52 0 0
47 52 0 0
50 52 0 0
51 52 0 0
2 53 0 0
3 53 0 0
40 53 0 0
41 53 0 0
42 53 0 0
43 53 0 0
44 53 0 0
45 53 0 0
47 53 0 0
49 53 0 0
50 53 0 0
51 53 0 0
52 53 0 0
2 54 0 0
41 54 0 0
43 54 0 0
45 54 0 0
46 54 0 0
47 54 0 0
50 54 0 0
51 54 0 0
52 54 0 0
53 54 0 0
1 55 0 0
40 55 0 0
41 55 0 0
43 55 0 0
45 55 0 0
46 55 0 0
47 55 0 0
50 55 0 0
51 55 0 0
52 55 0 0
53 55 0 0
54 55 0 0
3 56 0 0
42 56 0 0
44 56 0 0
48 56 0 0
49 56 0 0
3 57 0 0
40 57 0 0
41 57 0 0
42 57 0 0
43 57 0 0
44 57 0 0
45 57 0 0
49 57 0 0
50 57 0 0
52 57 0 0
53 57 0 0
56 57 0 0
40 58 0 0
41 58 0 0
42 58 0 0
43 58 0 0
44 58 0 0
45 58 0 0
46 58 0 0
47 58 0 0
49 58 0 0
50 58 0 0
51 58 0 0
52 58 0 0
53 58 0 0
54 58 0 0
55 58 0 0
57 58 0 0
40 59 0 0
41 59 0 0
42 59 0 0
43 59 0 0
44 59 0 0
45 59 0 0
46 59 0 0
47 59 0 0
50 59 0 0
51 59 0 0
52 59 0 0
53 59 0 0
54 59 0 0
55 59 0 0
57 59 0 0
58 59 0 0
40 60 0 0
41 60 0 0
43 60 0 0
45 60 0 0
46 60 0 0
47 60 0 0
50 60 0 0
51 60 0 0
52 60 0 0
53 60 0 0
54 60 0 0
55 60 0 0
58 60 0 0
59 60 0 0
3 61 0 0
40 61 0 0
41 61 0 0
42 61 0 0
43 61 0 0
44 61 0 0
45 61 0 0
47 61 0 0
49 61 0 0
50 61 0 0
51 61 0 0
52 61 0 0
53 61 0 0
54 61 0 0
55 61 0 0
57 61 0 0
58 61 0 0
59 61 0 0
60 61 0 0
33 62 0 0
36 62 0 0
37 62 0 0
1 63 0 0
40 63 0 0
41 63 0 0
43 63 0 0
46 63 0 0
47 63 0 0
55 63 0 0
60 63 0 0
1 64 0 0
35 64 0 0
40 64 0 0
41 64 0 0
43 64 0 0
45 64 0 0
46 64 0 0
47 64 0 0
55 64 0 0
58 64 0 0
59 64 0 0
60 64 0 0
63 64 0 0
1 65 0 0
35 65 0 0
40 65 0 0
41 65 0 0
43 65 0 0
46 65 0 0
47 65 0 0
50 65 0 0
51 65 0 0
52 65 0 0
53 65 0 0
54 65 0 0
55 65 0 0
58 65 0 0
59 65 0 0
60 65 0 0
63 65 0 0
64 65 0 0
1 66 0 0
31 66 0 0
32 66 0 0
35 66 0 0
40 66 0 0
41 66 0 0
43 66 0 0
46 66 0 0
47 66 0 0
55 66 0 0
59 66 0 0
60 66 0 0
63 66 0 0
64 66 0 0
65 66 0 0
33 67 0 0
36 67 0 0
37 67 0 0
62 67 0 0
1 68 0 0
21 68 0 0
22 68 0 0
29 68 0 0
30 68 0 0
32 68 0 0
34 68 0 0
35 68 0 0
38 68 0 0
39 68 0 0
40 68 0 0
41 68 0 0
42 68 0 0
43 68 0 0
44 68 0 0
45 68 0 0
47 68 0 0
55 68 0 0
57 68 0 0
58 68 0 0
59 68 0 0
63 68 0 0
64 68 0 0
65 68 0 0
66 68 0 0
1 69 0 0
32 69 0 0
35 69 0 0
39 69 0 0
40 69 0 0
41 69 0 0
43 69 0 0
46 69 0 0
47 69 0 0
55 69 0 0
60 69 0 0
63 69 0 0
64 69 0 0
65 69 0 0
66 69 0 0
68 69 0 0
1 70 0 0
32 70 0 0
34 70 0 0
35 70 0 0
38 70 0 0
39 70 0 0
40 70 0 0
41 70 0 0
42 70 0 0
43 70 0 0
45 70 0 0
46 70 0 0
47 70 0 0
50 70 0 0
55 70 0 0
58 70 0 0
59 70 0 0
60 70 0 0
63 70 0 0
64 70 0 0
65 70 0 0
66 70 0 0
68 70 0 0
69 70 0 0
3 71 0 0
48 71 0 0
56 71 0 0
3 72 0 0
48 72 0 0
71 72 0 0
2 73 0 0
50 73 0 0
51 73 0 0
52 73 0 0
53 73 0 0
54 73 0 0
55 73 0 0
58 73 0 0
59 73 0 0
60 73 0 0
2 74 0 0
3 74 0 0
45 74 0 0
49 74 0 0
50 74 0 0
52 74 0 0
53 74 0 0
54 74 0 0
57 74 0 0
58 74 0 0
59 74 0 0
61 74 0 0
73 74 0 0
3 75 0 0
48 75 0 0
71 75 0 0
72 75 0 0
2 76 0 0
3 76 0 0
49 76 0 0
50 76 0 0
53 76 0 0
74 76 0 0
3 77 0 0
71 77 0 0
72 77 0 0
75 77 0 0
2 78 0 0
3 78 0 0
74 78 0 0
76 78 0 0
2 79 0 0
3 79 0 0
74 79 0 0
76 79 0 0
78 79 0 0
3 80 0 0
48 80 0 0
71 80 0 0
72 80 0 0
75 80 0 0
77 80 0 0
3 81 0 0
48 81 0 0
71 81 0 0
72 81 0 0
75 81 0 0
77 81 0 0
80 81 0 0
2 82 0 0
3 82 0 0
53 82 0 0
73 82 0 0
74 82 0 0
76 82 0 0
78 82 0 0
79 82 0 0
3 83 0 0
71 83 0 0
72 83 0 0
75 83 0 0
77 83 0 0
78 83 0 0
79 83 0 0
80 83 0 0
81 83 0 0
2 84 0 0
3 84 0 0
53 84 0 0
73 84 0 0
74 84 0 0
76 84 0 0
78 84 0 0
79 84 0 0
82 84 0 0
2 85 0 0
3 85 0 0
43 85 0 0
50 85 0 0
51 85 0 0
52 85 0 0
53 85 0 0
54 85 0 0
55 85 0 0
57 85 0 0
58 85 0 0
59 85 0 0
60 85 0 0
61 85 0 0
73 85 0 0
74 85 0 0
76 85 0 0
78 85 0 0
79 85 0 0
82 85 0 0
84 85 0 0
2 86 0 0
3 86 0 0
50 86 0 0
51 86 0 0
52 86 0 0
53 86 0 0
54 86 0 0
55 86 0 0
58 86 0 0
59 86 0 0
60 86 0 0
61 86 0 0
73 86 0 0
74 86 0 0
76 86 0 0
78 86 0 0
79 86 0 0
82 86 0 0
84 86 0 0
85 86 0 0
3 87 0 0
48 87 0 0
56 87 0 0
71 87 0 0
72 87 0 0
75 87 0 0
77 87 0 0
80 87 0 0
81 87 0 0
83 87 0 0
2 88 0 0
3 88 0 0
49 88 0 0
50 88 0 0
52 88 0 0
53 88 0 0
54 88 0 0
57 88 0 0
58 88 0 0
59 88 0 0
61 88 0 0
73 88 0 0
74 88 0 0
76 88 0 0
78 88 0 0
79 88 0 0
82 88 0 0
84 88 0 0
85 88 0 0
86 88 0 0
2 89 0 0
3 89 0 0
49 89 0 0
50 89 0 0
51 89 0 0
52 89 0 0
53 89 0 0
54 89 0 0
57 89 0 0
58 89 0 0
59 89 0 0
61 89 0 0
73 89 0 0
74 89 0 0
76 89 0 0
78 89 0 0
79 89 0 0
82 89 0 0
84 89 0 0
85 89 0 0
86 89 0 0
88 89 0 0
2 90 0 0
50 90 0 0
51 90 0 0
52 90 0 0
53 90 0 0
54 90 0 0
59 90 0 0
60 90 0 0
73 90 0 0
82 90 0 0
85 90 0 0
86 90 0 0
88 90 0 0
89 90 0 0
3 91 0 0
48 91 0 0
71 91 0 0
72 91 0 0
75 91 0 0
77 91 0 0
80 91 0 0
81 91 0 0
83 91 0 0
87 91 0 0
3 92 0 0
48 92 0 0
49 92 0 0
71 92 0 0
72 92 0 0
75 92 0 0
77 92 0 0
78 92 0 0
80 92 0 0
81 92 0 0
83 92 0 0
87 92 0 0
91 92 0 0
2 93 0 0
3 93 0 0
49 93 0 0
50 93 0 0
52 93 0 0
53 93 0 0
54 93 0 0
61 93 0 0
74 93 0 0
76 93 0 0
78 93 0 0
79 93 0 0
82 93 0 0
84 93 0 0
85 93 0 0
86 93 0 0
88 93 0 0
89 93 0 0
2 94 0 0
51 94 0 0
52 94 0 0
53 94 0 0
54 94 0 0
73 94 0 0
85 94 0 0
86 94 0 0
90 94 0 0
3 95 0 0
49 95 0 0
71 95 0 0
72 95 0 0
75 95 0 0
77 95 0 0
78 95 0 0
80 95 0 0
81 95 0 0
83 95 0 0
87 95 0 0
91 95 0 0
92 95 0 0
3 96 0 0
48 96 0 0
71 96 0 0
72 96 0 0
75 96 0 0
77 96 0 0
80 96 0 0
81 96 0 0
83 96 0 0
87 96 0 0
91 96 0 0
92 96 0 0
95 96 0 0
3 97 0 0
48 97 0 0
71 97 0 0
72 97 0 0
75 97 0 0
77 97 0 0
80 97 0 0
81 97 0 0
83 97 0 0
87 97 0 0
91 97 0 0
92 97 0 0
95 97 0 0
96 97 0 0
2 98 0 0
3 98 0 0
40 98 0 0
41 98 0 0
43 98 0 0
45 98 0 0
46 98 0 0
47 98 0 0
50 98 0 0
51 98 0 0
52 98 0 0
53 98 0 0
54 98 0 0
55 98 0 0
58 98 0 0
59 98 0 0
60 98 0 0
61 98 0 0
63 98 0 0
64 98 0 0
65 98 0 0
73 98 0 0
74 98 0 0
76 98 0 0
82 98 0 0
84 98 0 0
85 98 0 0
86 98 0 0
88 98 0 0
89 98 0 0
90 98 0 0
93 98 0 0
94 98 0 0
3 99 0 0
48 99 0 0
56 99 0 0
71 99 0 0
72 99 0 0
75 99 0 0
77 99 0 0
80 99 0 0
81 99 0 0
83 99 0 0
87 99 0 0
91 99 0 0
92 99 0 0
95 99 0 0
96 99 0 0
97 99 0 0
3 100 0 0
42 100 0 0
44 100 0 0
45 100 0 0
49 100 0 0
50 100 0 0
53 100 0 0
56 100 0 0
57 100 0 0
58 100 0 0
59 100 0 0
61 100 0 0
74 100 0 0
76 100 0 0
78 100 0 0
79 100 0 0
82 100 0 0
84 100 0 0
85 100 0 0
86 100 0 0
88 100 0 0
89 100 0 0
93 100 0 0
98 100 0 0
3 101 0 0
49 101 0 0
56 101 0 0
57 101 0 0
71 101 0 0
74 101 0 0
78 101 0 0
83 101 0 0
87 101 0 0
91 101 0 0
92 101 0 0
95 101 0 0
96 101 0 0
97 101 0 0
99 101 0 0
100 101 0 0
2 102 0 0
43 102 0 0
46 102 0 0
50 102 0 0
51 102 0 0
52 102 0 0
53 102 0 0
54 102 0 0
55 102 0 0
58 102 0 0
59 102 0 0
60 102 0 0
65 102 0 0
73 102 0 0
85 102 0 0
86 102 0 0
89 102 0 0
90 102 0 0
94 102 0 0
98 102 0 0
3 103 0 0
42 103 0 0
44 103 0 0
45 103 0 0
49 103 0 0
50 103 0 0
52 103 0 0
53 103 0 0
57 103 0 0
58 103 0 0
59 103 0 0
61 103 0 0
74 103 0 0
76 103 0 0
78 103 0 0
79 103 0 0
82 103 0 0
84 103 0 0
85 103 0 0
86 103 0 0
88 103 0 0
89 103 0 0
93 103 0 0
98 103 0 0
100 103 0 0
101 103 0 0
2 104 0 0
3 104 0 0
43 104 0 0
44 104 0 0
45 104 0 0
49 104 0 0
50 104 0 0
51 104 0 0
52 104 0 0
53 104 0 0
54 104 0 0
55 104 0 0
57 104 0 0
58 104 0 0
59 104 0 0
60 104 0 0
61 104 0 0
73 104 0 0
74 104 0 0
76 104 0 0
79 104 0 0
82 104 0 0
84 104 0 0
85 104 0 0
86 104 0 0
88 104 0 0
89 104 0 0
90 104 0 0
93 104 0 0
94 104 0 0
98 104 0 0
100 104 0 0
102 104 0 0
103 104 0 0
2 105 0 0
3 105 0 0
41 105 0 0
43 105 0 0
45 105 0 0
50 105 0 0
51 105 0 0
52 105 0 0
53 105 0 0
54 105 0 0
55 105 0 0
57 105 0 0
58 105 0 0
59 105 0 0
60 105 0 0
61 105 0 0
73 105 0 0
74 105 0 0
76 105 0 0
82 105 0 0
84 105 0 0
85 105 0 0
86 105 0 0
88 105 0 0
89 105 0 0
90 105 0 0
93 105 0 0
94 105 0 0
98 105 0 0
100 105 0 0
102 105 0 0
103 105 0 0
104 105 0 0
2 106 0 0
3 106 0 0
42 106 0 0
44 106 0 0
45 106 0 0
49 106 0 0
50 106 0 0
52 106 0 0
53 106 0 0
54 106 0 0
57 106 0 0
58 106 0 0
59 106 0 0
61 106 0 0
74 106 0 0
76 106 0 0
78 106 0 0
79 106 0 0
82 106 0 0
84 106 0 0
85 106 0 0
86 106 0 0
88 106 0 0
89 106 0 0
93 106 0 0
98 106 0 0
100 106 0 0
101 106 0 0
103 106 0 0
104 106 0 0
105 106 0 0
2 107 0 0
3 107 0 0
42 107 0 0
44 107 0 0
45 107 0 0
49 107 0 0
50 107 0 0
51 107 0 0
52 107 0 0
53 107 0 0
54 107 0 0
55 107 0 0
57 107 0 0
58 107 0 0
59 107 0 0
60 107 0 0
61 107 0 0
73 107 0 0
74 107 0 0
76 107 0 0
78 107 0 0
79 107 0 0
82 107 0 0
84 107 0 0
85 107 0 0
86 107 0 0
88 107 0 0
89 107 0 0
90 107 0 0
93 107 0 0
98 107 0 0
100 107 0 0
102 107 0 0
103 107 0 0
104 107 0 0
105 107 0 0
106 107 0 0
33 108 0 1
48 108 0 1
33 109 0 1
36 109 0 1
67 109 0 1
5 110 0 1
10 110 0 1
15 110 0 1
16 110 0 1
19 110 0 1
10 111 0 1
19 111 0 1
10 112 0 1
16 112 0 1
19 112 0 1
5 113 0 1
10 113 0 1
14 113 0 1
15 113 0 1
16 113 0 1
18 113 0 1
19 113 0 1
20 113 0 1
21 113 0 1
22 113 0 1
23 113 0 1
26 113 0 1
28 113 0 1
29 113 0 1
32 113 0 1
38 113 0 1
37 114 0 1
10 116 0 1
16 116 0 1
19 116 0 1
1 118 0 1
4 118 0 1
5 118 0 1
6 118 0 1
7 118 0 1
8 118 0 1
9 118 0 1
11 118 0 1
12 118 0 1
13 118 0 1
14 118 0 1
15 118 0 1
17 118 0 1
18 118 0 1
20 118 0 1
22 118 0 1
23 118 0 1
24 118 0 1
25 118 0 1
26 118 0 1
27 118 0 1
28 118 0 1
29 118 0 1
30 118 0 1
31 118 0 1
32 118 0 1
39 118 0 1
1 119 0 1
5 119 0 1
10 119 0 1
15 119 0 1
16 119 0 1
19 119 0 1
20 119 0 1
21 119 0 1
22 119 0 1
26 119 0 1
28 119 0 1
29 119 0 1
34 119 0 1
37 119 0 1
38 119 0 1
39 119 0 1
5 120 0 1
10 120 0 1
15 120 0 1
16 120 0 1
19 120 0 1
21 120 0 1
22 120 0 1
26 120 0 1
28 120 0 1
29 120 0 1
37 120 0 1
38 120 0 1
39 120 0 1
36 121 0 1
37 121 0 1
33 122 0 1
36 122 0 1
33 123 0 1
36 123 0 1
37 123 0 1
67 123 0 1
33 124 0 1
36 124 0 1
37 124 0 1
67 124 0 1
10 125 0 1
19 125 0 1
37 125 0 1
37 126 0 1
33 127 0 1
36 127 0 1
5 128 0 1
10 128 0 1
15 128 0 1
16 128 0 1
19 128 0 1
20 128 0 1
21 128 0 1
22 128 0 1
26 128 0 1
28 128 0 1
29 128 0 1
38 128 0 1
39 128 0 1
10 129 0 1
15 129 0 1
16 129 0 1
19 129 0 1
21 129 0 1
26 129 0 1
37 129 0 1
38 129 0 1
33 130 0 1
36 130 0 1
36 131 0 1
37 131 0 1
1 132 0 1
10 132 0 1
15 132 0 1
16 132 0 1
19 132 0 1
20 132 0 1
21 132 0 1
22 132 0 1
23 132 0 1
26 132 0 1
28 132 0 1
29 132 0 1
32 132 0 1
34 132 0 1
35 132 0 1
38 132 0 1
39 132 0 1
68 132 0 1
1 133 0 1
19 133 0 1
21 133 0 1
22 133 0 1
26 133 0 1
28 133 0 1
29 133 0 1
32 133 0 1
34 133 0 1
35 133 0 1
37 133 0 1
38 133 0 1
39 133 0 1
68 133 0 1
33 134 0 1
36 134 0 1
37 134 0 1
62 134 0 1
67 134 0 1
33 135 0 1
36 135 0 1
33 136 0 1
36 136 0 1
33 137 0 1
36 137 0 1
21 138 0 1
34 138 0 1
37 138 0 1
38 138 0 1
67 138 0 1
36 139 0 1
37 139 0 1
62 139 0 1
67 139 0 1
33 140 0 1
36 140 0 1
37 140 0 1
62 140 0 1
67 140 0 1
33 141 0 1
36 141 0 1
37 141 0 1
62 141 0 1
67 141 0 1
1 142 0 1
19 142 0 1
21 142 0 1
22 142 0 1
26 142 0 1
34 142 0 1
37 142 0 1
38 142 0 1
39 142 0 1
33 143 0 1
36 143 0 1
37 143 0 1
62 143 0 1
67 143 0 1
1 144 0 1
21 144 0 1
34 144 0 1
35 144 0 1
37 144 0 1
38 144 0 1
39 144 0 1
42 144 0 1
68 144 0 1
33 145 0 1
36 145 0 1
37 145 0 1
62 145 0 1
67 145 0 1
34 146 0 1
36 146 0 1
37 146 0 1
38 146 0 1
62 146 0 1
67 146 0 1
33 147 0 1
36 147 0 1
62 147 0 1
67 147 0 1
33 148 0 1
1 149 0 1
21 149 0 1
22 149 0 1
34 149 0 1
35 149 0 1
38 149 0 1
39 149 0 1
40 149 0 1
42 149 0 1
68 149 0 1
33 150 0 1
36 150 0 1
37 150 0 1
62 150 0 1
67 150 0 1
1 151 0 1
34 151 0 1
35 151 0 1
40 151 0 1
41 151 0 1
42 151 0 1
44 151 0 1
45 151 0 1
49 151 0 1
56 151 0 1
57 151 0 1
58 151 0 1
61 151 0 1
68 151 0 1
70 151 0 1
34 152 0 1
42 152 0 1
44 152 0 1
45 152 0 1
49 152 0 1
56 152 0 1
57 152 0 1
68 152 0 1
1 153 0 1
34 153 0 1
35 153 0 1
40 153 0 1
41 153 0 1
42 153 0 1
43 153 0 1
44 153 0 1
45 153 0 1
46 153 0 1
47 153 0 1
50 153 0 1
51 153 0 1
52 153 0 1
53 153 0 1
54 153 0 1
55 153 0 1
57 153 0 1
58 153 0 1
59 153 0 1
60 153 0 1
61 153 0 1
63 153 0 1
64 153 0 1
65 153 0 1
66 153 0 1
68 153 0 1
69 153 0 1
70 153 0 1
98 153 0 1
3 154 0 1
34 154 0 1
40 154 0 1
41 154 0 1
42 154 0 1
44 154 0 1
45 154 0 1
49 154 0 1
56 154 0 1
57 154 0 1
58 154 0 1
61 154 0 1
68 154 0 1
100 154 0 1
48 155 0 1
56 155 0 1
62 155 0 1
67 155 0 1
97 155 0 1
99 155 0 1
48 156 0 1
62 156 0 1
97 156 0 1
33 157 0 1
36 157 0 1
62 157 0 1
67 157 0 1
34 158 0 1
42 158 0 1
44 158 0 1
45 158 0 1
49 158 0 1
56 158 0 1
57 158 0 1
62 158 0 1
68 158 0 1
34 159 0 1
42 159 0 1
44 159 0 1
49 159 0 1
56 159 0 1
57 159 0 1
62 159 0 1
67 159 0 1
33 160 0 1
36 160 0 1
48 160 0 1
62 160 0 1
67 160 0 1
33 161 0 1
48 161 0 1
62 161 0 1
67 161 0 1
3 162 0 1
42 162 0 1
44 162 0 1
45 162 0 1
49 162 0 1
50 162 0 1
56 162 0 1
57 162 0 1
58 162 0 1
61 162 0 1
74 162 0 1
88 162 0 1
100 162 0 1
101 162 0 1
103 162 0 1
106 162 0 1
107 162 0 1
3 163 0 1
42 163 0 1
44 163 0 1
49 163 0 1
56 163 0 1
57 163 0 1
61 163 0 1
71 163 0 1
74 163 0 1
76 163 0 1
78 163 0 1
83 163 0 1
87 163 0 1
88 163 0 1
92 163 0 1
93 163 0 1
95 163 0 1
99 163 0 1
100 163 0 1
101 163 0 1
103 163 0 1
106 163 0 1
107 163 0 1
48 164 0 1
72 164 0 1
75 164 0 1
80 164 0 1
81 164 0 1
91 164 0 1
97 164 0 1
99 164 0 1
48 166 0 1
71 166 0 1
72 166 0 1
75 166 0 1
80 166 0 1
81 166 0 1
87 166 0 1
91 166 0 1
96 166 0 1
97 166 0 1
99 166 0 1
3 167 0 1
48 167 0 1
71 167 0 1
72 167 0 1
75 167 0 1
77 167 0 1
80 167 0 1
81 167 0 1
83 167 0 1
87 167 0 1
91 167 0 1
92 167 0 1
95 167 0 1
96 167 0 1
97 167 0 1
99 167 0 1
72 168 0 1
81 168 0 1
97 168 0 1
48 169 0 1
72 169 0 1
75 169 0 1
80 169 0 1
81 169 0 1
91 169 0 1
97 169 0 1
99 169 0 1
81 170 0 1
48 171 0 1
72 171 0 1
75 171 0 1
77 171 0 1
80 171 0 1
81 171 0 1
87 171 0 1
91 171 0 1
96 171 0 1
97 171 0 1
72 172 0 1
75 172 0 1
81 172 0 1
72 173 0 1
75 173 0 1
80 173 0 1
81 173 0 1
91 173 0 1
96 173 0 1
97 173 0 1
48 174 0 1
72 174 0 1
75 174 0 1
80 174 0 1
81 174 0 1
91 174 0 1
97 174 0 1
48 175 0 1
72 175 0 1
75 175 0 1
80 175 0 1
81 175 0 1
91 175 0 1
97 175 0 1
72 176 0 1
75 176 0 1
80 176 0 1
81 176 0 1
91 176 0 1
97 176 0 1
48 177 0 1
71 177 0 1
72 177 0 1
97 177 0 1
99 177 0 1
48 178 0 1
97 178 0 1
48 179 0 1
72 179 0 1
97 179 0 1
99 179 0 1
48 181 0 1
72 181 0 1
97 181 0 1
99 181 0 1
48 182 0 1
62 182 0 1
72 182 0 1
97 182 0 1
99 182 0 1
48 183 0 1
97 183 0 1
99 183 0 1
48 184 0 1
97 184 0 1
3 185 0 1
42 185 0 1
44 185 0 1
45 185 0 1
49 185 0 1
56 185 0 1
57 185 0 1
61 185 0 1
68 185 0 1
100 185 0 1
101 185 0 1
103 185 0 1
33 186 0 1
36 186 0 1
48 186 0 1
62 186 0 1
67 186 0 1
97 186 0 1
99 186 0 1
33 187 0 1
36 187 0 1
62 187 0 1
67 187 0 1
33 188 0 1
36 188 0 1
37 188 0 1
62 188 0 1
67 188 0 1
33 189 0 1
36 189 0 1
62 189 0 1
67 189 0 1
33 190 0 1
33 191 0 1
33 192 0 1
36 192 0 1
62 192 0 1
67 192 0 1
34 193 0 1
37 193 0 1
42 193 0 1
44 193 0 1
56 193 0 1
62 193 0 1
67 193 0 1
68 193 0 1
34 194 0 1
35 194 0 1
37 194 0 1
42 194 0 1
44 194 0 1
45 194 0 1
56 194 0 1
57 194 0 1
68 194 0 1
33 195 0 1
36 195 0 1
62 195 0 1
67 195 0 1
33 196 0 1
36 196 0 1
37 196 0 1
62 196 0 1
67 196 0 1
36 198 0 1
37 198 0 1
56 198 0 1
62 198 0 1
67 198 0 1
33 199 0 1
36 199 0 1
37 199 0 1
56 199 0 1
62 199 0 1
67 199 0 1
33 200 0 1
36 200 0 1
62 200 0 1
67 200 0 1
1 201 0 1
5 201 0 1
10 201 0 1
15 201 0 1
16 201 0 1
18 201 0 1
19 201 0 1
20 201 0 1
21 201 0 1
22 201 0 1
23 201 0 1
26 201 0 1
27 201 0 1
28 201 0 1
29 201 0 1
30 201 0 1
32 201 0 1
34 201 0 1
35 201 0 1
37 201 0 1
38 201 0 1
39 201 0 1
68 201 0 1
37 202 0 1
67 202 0 1
1 203 0 1
10 203 0 1
15 203 0 1
16 203 0 1
19 203 0 1
21 203 0 1
22 203 0 1
26 203 0 1
28 203 0 1
29 203 0 1
34 203 0 1
37 203 0 1
38 203 0 1
39 203 0 1
33 204 0 1
36 204 0 1
37 204 0 1
67 204 0 1
33 205 0 1
36 205 0 1
37 205 0 1
62 205 0 1
67 205 0 1
36 206 0 1
37 206 0 1
67 206 0 1
1 207 0 1
10 207 0 1
15 207 0 1
16 207 0 1
19 207 0 1
20 207 0 1
21 207 0 1
22 207 0 1
23 207 0 1
26 207 0 1
28 207 0 1
29 207 0 1
32 207 0 1
34 207 0 1
35 207 0 1
38 207 0 1
39 207 0 1
68 207 0 1
33 208 0 1
36 208 0 1
37 208 0 1
62 208 0 1
67 208 0 1
