2 3 0 0
2 4 0 0
3 4 0 0
1 6 0 0
1 7 0 0
6 7 0 0
2 8 0 0
3 8 0 0
5 8 0 0
5 9 0 0
2 10 0 0
3 10 0 0
5 10 0 0
8 10 0 0
9 10 0 0
5 11 0 0
9 11 0 0
10 11 0 0
2 12 0 0
3 12 0 0
5 12 0 0
8 12 0 0
10 12 0 0
1 13 0 0
5 13 0 0
9 13 0 0
11 13 0 0
5 14 0 0
9 14 0 0
10 14 0 0
11 14 0 0
13 14 0 0
1 15 0 0
6 15 0 0
7 15 0 0
1 16 0 0
6 16 0 0
7 16 0 0
15 16 0 0
1 17 0 0
6 17 0 0
7 17 0 0
15 17 0 0
16 17 0 0
1 18 0 0
6 18 0 0
7 18 0 0
15 18 0 0
16 18 0 0
17 18 0 0
1 19 0 0
6 19 0 0
7 19 0 0
15 19 0 0
16 19 0 0
17 19 0 0
18 19 0 0
2 20 0 0
3 20 0 0
5 20 0 0
8 20 0 0
10 20 0 0
12 20 0 0
1 21 0 0
7 21 0 0
15 21 0 0
16 21 0 0
17 21 0 0
18 21 0 0
19 21 0 0
1 22 0 0
11 22 0 0
13 22 0 0
14 22 0 0
18 22 0 0
21 22 0 0
5 23 0 0
9 23 0 0
10 23 0 0
11 23 0 0
13 23 0 0
14 23 0 0
22 23 0 0
1 24 0 0
5 24 0 0
9 24 0 0
11 24 0 0
13 24 0 0
14 24 0 0
22 24 0 0
23 24 0 0
1 25 0 0
9 25 0 0
11 25 0 0
13 25 0 0
14 25 0 0
15 25 0 0
17 25 0 0
18 25 0 0
21 25 0 0
22 25 0 0
23 25 0 0
24 25 0 0
1 26 0 0
5 26 0 0
9 26 0 0
11 26 0 0
13 26 0 0
14 26 0 0
22 26 0 0
23 26 0 0
24 26 0 0
25 26 0 0
1 27 0 0
9 27 0 0
11 27 0 0
13 27 0 0
14 27 0 0
21 27 0 0
22 27 0 0
23 27 0 0
24 27 0 0
25 27 0 0
26 27 0 0
1 28 0 0
6 28 0 0
7 28 0 0
15 28 0 0
16 28 0 0
17 28 0 0
18 28 0 0
19 28 0 0
21 28 0 0
22 28 0 0
25 28 0 0
27 28 0 0
2 29 0 0
3 29 0 0
5 29 0 0
8 29 0 0
9 29 0 0
10 29 0 0
11 29 0 0
12 29 0 0
13 29 0 0
14 29 0 0
20 29 0 0
23 29 0 0
24 29 0 0
26 29 0 0
1 30 0 0
5 30 0 0
9 30 0 0
11 30 0 0
13 30 0 0
14 30 0 0
21 30 0 0
22 30 0 0
23 30 0 0
24 30 0 0
25 30 0 0
26 30 0 0
27 30 0 0
29 30 0 0
2 31 0 0
3 31 0 0
8 31 0 0
10 31 0 0
12 31 0 0
20 31 0 0
29 31 0 0
6 32 0 0
16 32 0 0
17 32 0 0
18 32 0 0
19 32 0 0
23 33 0 0
24 33 0 0
29 33 0 0
30 33 0 0
1 34 0 0
18 34 0 0
21 34 0 0
22 34 0 0
25 34 0 0
28 34 0 0
1 35 0 0
16 35 0 0
17 35 0 0
18 35 0 0
19 35 0 0
21 35 0 0
25 35 0 0
28 35 0 0
32 35 0 0
34 35 0 0
2 36 0 0
3 36 0 0
4 36 0 0
20 36 0 0
31 36 0 0
2 37 0 0
3 37 0 0
4 37 0 0
20 37 0 0
29 37 0 0
31 37 0 0
33 37 0 0
36 37 0 0
22 38 0 0
23 38 0 0
24 38 0 0
25 38 0 0
26 38 0 0
30 38 0 0
33 38 0 0
34 38 0 0
3 39 0 0
4 39 0 0
20 39 0 0
29 39 0 0
31 39 0 0
33 39 0 0
36 39 0 0
37 39 0 0
3 40 0 0
4 40 0 0
20 40 0 0
29 40 0 0
31 40 0 0
36 40 0 0
37 40 0 0
39 40 0 0
9 41 0 0
11 41 0 0
13 41 0 0
14 41 0 0
23 41 0 0
24 41 0 0
25 41 0 0
26 41 0 0
27 41 0 0
29 41 0 0
30 41 0 0
33 41 0 0
38 41 0 0
1 42 0 0
6 42 0 0
15 42 0 0
16 42 0 0
17 42 0 0
18 42 0 0
19 42 0 0
21 42 0 0
25 42 0 0
28 42 0 0
32 42 0 0
34 42 0 0
35 42 0 0
1 43 0 0
17 43 0 0
18 43 0 0
19 43 0 0
21 43 0 0
22 43 0 0
25 43 0 0
27 43 0 0
28 43 0 0
34 43 0 0
35 43 0 0
42 43 0 0
2 44 0 0
3 44 0 0
4 44 0 0
8 44 0 0
10 44 0 0
12 44 0 0
20 44 0 0
23 44 0 0
29 44 0 0
31 44 0 0
33 44 0 0
36 44 0 0
37 44 0 0
39 44 0 0
40 44 0 0
41 44 0 0
9 45 0 0
11 45 0 0
13 45 0 0
14 45 0 0
22 45 0 0
23 45 0 0
24 45 0 0
25 45 0 0
26 45 0 0
27 45 0 0
29 45 0 0
30 45 0 0
33 45 0 0
34 45 0 0
38 45 0 0
41 45 0 0
5 46 0 0
9 46 0 0
10 46 0 0
14 46 0 0
20 46 0 0
23 46 0 0
24 46 0 0
26 46 0 0
29 46 0 0
30 46 0 0
33 46 0 0
37 46 0 0
38 46 0 0
39 46 0 0
40 46 0 0
41 46 0 0
44 46 0 0
45 46 0 0
9 47 0 0
13 47 0 0
14 47 0 0
22 47 0 0
23 47 0 0
24 47 0 0
25 47 0 0
26 47 0 0
27 47 0 0
29 47 0 0
30 47 0 0
33 47 0 0
38 47 0 0
41 47 0 0
44 47 0 0
45 47 0 0
46 47 0 0
1 48 0 0
13 48 0 0
21 48 0 0
22 48 0 0
23 48 0 0
24 48 0 0
25 48 0 0
26 48 0 0
27 48 0 0
28 48 0 0
30 48 0 0
33 48 0 0
34 48 0 0
38 48 0 0
41 48 0 0
43 48 0 0
45 48 0 0
47 48 0 0
13 49 0 0
14 49 0 0
22 49 0 0
23 49 0 0
24 49 0 0
25 49 0 0
26 49 0 0
27 49 0 0
30 49 0 0
33 49 0 0
34 49 0 0
38 49 0 0
41 49 0 0
43 49 0 0
45 49 0 0
46 49 0 0
47 49 0 0
48 49 0 0
3 50 0 0
4 50 0 0
10 50 0 0
12 50 0 0
20 50 0 0
23 50 0 0
29 50 0 0
31 50 0 0
33 50 0 0
36 50 0 0
37 50 0 0
38 50 0 0
39 50 0 0
40 50 0 0
41 50 0 0
44 50 0 0
45 50 0 0
46 50 0 0
47 50 0 0
2 51 0 0
3 51 0 0
4 51 0 0
12 51 0 0
20 51 0 0
29 51 0 0
31 51 0 0
36 51 0 0
37 51 0 0
39 51 0 0
40 51 0 0
44 51 0 0
50 51 0 0
2 52 0 0
3 52 0 0
4 52 0 0
20 52 0 0
31 52 0 0
36 52 0 0
37 52 0 0
39 52 0 0
40 52 0 0
44 52 0 0
50 52 0 0
51 52 0 0
5 53 0 0
9 53 0 0
11 53 0 0
13 53 0 0
14 53 0 0
22 53 0 0
23 53 0 0
24 53 0 0
25 53 0 0
26 53 0 0
27 53 0 0
29 53 0 0
30 53 0 0
33 53 0 0
38 53 0 0
41 53 0 0
45 53 0 0
46 53 0 0
47 53 0 0
48 53 0 0
49 53 0 0
50 53 0 0
1 54 0 0
6 54 0 0
7 54 0 0
15 54 0 0
16 54 0 0
17 54 0 0
18 54 0 0
19 54 0 0
28 54 0 0
32 54 0 0
35 54 0 0
42 54 0 0
1 55 0 0
9 55 0 0
11 55 0 0
13 55 0 0
14 55 0 0
21 55 0 0
22 55 0 0
23 55 0 0
24 55 0 0
25 55 0 0
26 55 0 0
27 55 0 0
30 55 0 0
33 55 0 0
34 55 0 0
38 55 0 0
41 55 0 0
43 55 0 0
45 55 0 0
46 55 0 0
47 55 0 0
48 55 0 0
49 55 0 0
53 55 0 0
2 56 0 0
3 56 0 0
5 56 0 0
8 56 0 0
9 56 0 0
10 56 0 0
12 56 0 0
14 56 0 0
20 56 0 0
23 56 0 0
26 56 0 0
29 56 0 0
31 56 0 0
33 56 0 0
37 56 0 0
38 56 0 0
39 56 0 0
40 56 0 0
41 56 0 0
44 56 0 0
45 56 0 0
46 56 0 0
47 56 0 0
50 56 0 0
51 56 0 0
53 56 0 0
1 57 0 0
9 57 0 0
11 57 0 0
13 57 0 0
14 57 0 0
21 57 0 0
22 57 0 0
23 57 0 0
24 57 0 0
25 57 0 0
26 57 0 0
27 57 0 0
28 57 0 0
30 57 0 0
33 57 0 0
34 57 0 0
38 57 0 0
41 57 0 0
43 57 0 0
45 57 0 0
47 57 0 0
48 57 0 0
49 57 0 0
53 57 0 0
55 57 0 0
5 58 0 0
9 58 0 0
10 58 0 0
11 58 0 0
13 58 0 0
14 58 0 0
22 58 0 0
23 58 0 0
24 58 0 0
25 58 0 0
26 58 0 0
27 58 0 0
29 58 0 0
30 58 0 0
33 58 0 0
38 58 0 0
41 58 0 0
44 58 0 0
45 58 0 0
46 58 0 0
47 58 0 0
48 58 0 0
49 58 0 0
50 58 0 0
53 58 0 0
55 58 0 0
56 58 0 0
57 58 0 0
2 59 0 0
3 59 0 0
5 59 0 0
8 59 0 0
9 59 0 0
10 59 0 0
11 59 0 0
12 59 0 0
13 59 0 0
14 59 0 0
20 59 0 0
23 59 0 0
24 59 0 0
25 59 0 0
26 59 0 0
27 59 0 0
29 59 0 0
30 59 0 0
31 59 0 0
33 59 0 0
37 59 0 0
38 59 0 0
39 59 0 0
40 59 0 0
41 59 0 0
44 59 0 0
45 59 0 0
46 59 0 0
47 59 0 0
48 59 0 0
49 59 0 0
50 59 0 0
51 59 0 0
53 59 0 0
55 59 0 0
56 59 0 0
57 59 0 0
58 59 0 0
1 60 0 0
7 60 0 0
15 60 0 0
16 60 0 0
17 60 0 0
18 60 0 0
19 60 0 0
21 60 0 0
22 60 0 0
25 60 0 0
27 60 0 0
28 60 0 0
34 60 0 0
35 60 0 0
42 60 0 0
43 60 0 0
48 60 0 0
54 60 0 0
55 60 0 0
57 60 0 0
2 61 0 0
3 61 0 0
4 61 0 0
8 61 0 0
10 61 0 0
12 61 0 0
20 61 0 0
29 61 0 0
31 61 0 0
33 61 0 0
36 61 0 0
37 61 0 0
39 61 0 0
40 61 0 0
44 61 0 0
46 61 0 0
50 61 0 0
51 61 0 0
52 61 0 0
56 61 0 0
59 61 0 0
2 62 0 0
3 62 0 0
5 62 0 0
8 62 0 0
9 62 0 0
10 62 0 0
12 62 0 0
14 62 0 0
20 62 0 0
23 62 0 0
29 62 0 0
31 62 0 0
33 62 0 0
36 62 0 0
37 62 0 0
38 62 0 0
39 62 0 0
40 62 0 0
41 62 0 0
44 62 0 0
46 62 0 0
47 62 0 0
50 62 0 0
51 62 0 0
53 62 0 0
56 62 0 0
58 62 0 0
59 62 0 0
61 62 0 0
1 63 0 0
6 63 0 0
7 63 0 0
15 63 0 0
16 63 0 0
17 63 0 0
18 63 0 0
19 63 0 0
21 63 0 0
25 63 0 0
28 63 0 0
32 63 0 0
34 63 0 0
35 63 0 0
42 63 0 0
43 63 0 0
54 63 0 0
60 63 0 0
5 64 0 0
8 64 0 0
9 64 0 0
10 64 0 0
12 64 0 0
14 64 0 0
20 64 0 0
23 64 0 0
26 64 0 0
29 64 0 0
31 64 0 0
33 64 0 0
37 64 0 0
38 64 0 0
39 64 0 0
40 64 0 0
41 64 0 0
44 64 0 0
45 64 0 0
46 64 0 0
47 64 0 0
50 64 0 0
51 64 0 0
53 64 0 0
56 64 0 0
58 64 0 0
59 64 0 0
61 64 0 0
62 64 0 0
2 65 0 0
3 65 0 0
4 65 0 0
8 65 0 0
10 65 0 0
12 65 0 0
20 65 0 0
29 65 0 0
31 65 0 0
36 65 0 0
37 65 0 0
39 65 0 0
40 65 0 0
44 65 0 0
46 65 0 0
50 65 0 0
51 65 0 0
52 65 0 0
56 65 0 0
59 65 0 0
61 65 0 0
62 65 0 0
64 65 0 0
2 66 0 0
3 66 0 0
4 66 0 0
8 66 0 0
10 66 0 0
12 66 0 0
20 66 0 0
29 66 0 0
31 66 0 0
33 66 0 0
36 66 0 0
37 66 0 0
39 66 0 0
40 66 0 0
41 66 0 0
44 66 0 0
46 66 0 0
50 66 0 0
51 66 0 0
52 66 0 0
56 66 0 0
59 66 0 0
61 66 0 0
62 66 0 0
64 66 0 0
65 66 0 0
5 67 0 0
9 67 0 0
10 67 0 0
11 67 0 0
13 67 0 0
14 67 0 0
23 67 0 0
24 67 0 0
25 67 0 0
26 67 0 0
27 67 0 0
29 67 0 0
30 67 0 0
33 67 0 0
38 67 0 0
39 67 0 0
41 67 0 0
44 67 0 0
45 67 0 0
46 67 0 0
47 67 0 0
48 67 0 0
49 67 0 0
50 67 0 0
53 67 0 0
55 67 0 0
56 67 0 0
57 67 0 0
58 67 0 0
59 67 0 0
61 67 0 0
62 67 0 0
64 67 0 0
66 67 0 0
1 68 0 0
11 68 0 0
13 68 0 0
14 68 0 0
18 68 0 0
21 68 0 0
22 68 0 0
23 68 0 0
24 68 0 0
25 68 0 0
26 68 0 0
27 68 0 0
28 68 0 0
30 68 0 0
33 68 0 0
34 68 0 0
35 68 0 0
38 68 0 0
41 68 0 0
42 68 0 0
43 68 0 0
45 68 0 0
47 68 0 0
48 68 0 0
49 68 0 0
53 68 0 0
55 68 0 0
57 68 0 0
58 68 0 0
60 68 0 0
63 68 0 0
67 68 0 0
1 69 0 0
9 69 0 0
11 69 0 0
13 69 0 0
14 69 0 0
22 69 0 0
23 69 0 0
24 69 0 0
25 69 0 0
26 69 0 0
27 69 0 0
30 69 0 0
33 69 0 0
34 69 0 0
38 69 0 0
41 69 0 0
43 69 0 0
45 69 0 0
46 69 0 0
47 69 0 0
48 69 0 0
49 69 0 0
53 69 0 0
55 69 0 0
57 69 0 0
58 69 0 0
59 69 0 0
64 69 0 0
67 69 0 0
68 69 0 0
33 70 0 0
34 70 0 0
38 70 0 0
43 70 0 0
45 70 0 0
47 70 0 0
48 70 0 0
49 70 0 0
57 70 0 0
68 70 0 0
69 70 0 0
3 71 0 0
4 71 0 0
36 71 0 0
37 71 0 0
39 71 0 0
40 71 0 0
44 71 0 0
46 71 0 0
50 71 0 0
51 71 0 0
52 71 0 0
61 71 0 0
62 71 0 0
64 71 0 0
65 71 0 0
66 71 0 0
33 72 0 0
37 72 0 0
38 72 0 0
39 72 0 0
40 72 0 0
41 72 0 0
44 72 0 0
45 72 0 0
46 72 0 0
47 72 0 0
49 72 0 0
50 72 0 0
53 72 0 0
59 72 0 0
62 72 0 0
64 72 0 0
66 72 0 0
67 72 0 0
71 72 0 0
33 73 0 0
38 73 0 0
47 73 0 0
50 73 0 0
70 73 0 0
72 73 0 0
4 74 0 0
36 74 0 0
37 74 0 0
39 74 0 0
40 74 0 0
51 74 0 0
52 74 0 0
71 74 0 0
4 76 0 0
71 76 0 0
74 76 0 0
4 77 0 0
71 77 0 0
72 77 0 0
73 77 0 0
74 77 0 0
76 77 0 0
33 78 0 0
72 78 0 0
73 78 0 0
77 78 0 0
72 79 0 0
73 79 0 0
77 79 0 0
78 79 0 0
4 80 0 0
36 80 0 0
37 80 0 0
39 80 0 0
40 80 0 0
50 80 0 0
51 80 0 0
71 80 0 0
72 80 0 0
74 80 0 0
76 80 0 0
77 80 0 0
33 81 0 0
72 81 0 0
73 81 0 0
77 81 0 0
78 81 0 0
79 81 0 0
33 82 0 0
71 82 0 0
72 82 0 0
73 82 0 0
76 82 0 0
77 82 0 0
78 82 0 0
79 82 0 0
80 82 0 0
81 82 0 0
33 83 0 0
38 83 0 0
41 83 0 0
45 83 0 0
46 83 0 0
47 83 0 0
48 83 0 0
49 83 0 0
50 83 0 0
70 83 0 0
72 83 0 0
73 83 0 0
77 83 0 0
78 83 0 0
79 83 0 0
81 83 0 0
82 83 0 0
33 84 0 0
38 84 0 0
39 84 0 0
41 84 0 0
44 84 0 0
45 84 0 0
46 84 0 0
47 84 0 0
49 84 0 0
50 84 0 0
67 84 0 0
72 84 0 0
73 84 0 0
77 84 0 0
78 84 0 0
79 84 0 0
81 84 0 0
82 84 0 0
83 84 0 0
33 85 0 0
38 85 0 0
41 85 0 0
45 85 0 0
46 85 0 0
47 85 0 0
48 85 0 0
49 85 0 0
50 85 0 0
67 85 0 0
69 85 0 0
70 85 0 0
72 85 0 0
73 85 0 0
77 85 0 0
78 85 0 0
79 85 0 0
81 85 0 0
82 85 0 0
83 85 0 0
84 85 0 0
4 86 0 0
33 86 0 0
37 86 0 0
38 86 0 0
39 86 0 0
40 86 0 0
41 86 0 0
44 86 0 0
46 86 0 0
47 86 0 0
50 86 0 0
51 86 0 0
64 86 0 0
66 86 0 0
67 86 0 0
71 86 0 0
72 86 0 0
73 86 0 0
76 86 0 0
77 86 0 0
78 86 0 0
79 86 0 0
80 86 0 0
81 86 0 0
82 86 0 0
83 86 0 0
84 86 0 0
85 86 0 0
4 87 0 0
33 87 0 0
37 87 0 0
39 87 0 0
40 87 0 0
44 87 0 0
46 87 0 0
50 87 0 0
51 87 0 0
62 87 0 0
64 87 0 0
66 87 0 0
71 87 0 0
72 87 0 0
73 87 0 0
74 87 0 0
76 87 0 0
77 87 0 0
78 87 0 0
79 87 0 0
80 87 0 0
81 87 0 0
82 87 0 0
83 87 0 0
84 87 0 0
85 87 0 0
86 87 0 0
4 88 0 0
33 88 0 0
36 88 0 0
37 88 0 0
39 88 0 0
40 88 0 0
44 88 0 0
50 88 0 0
51 88 0 0
71 88 0 0
72 88 0 0
73 88 0 0
74 88 0 0
76 88 0 0
77 88 0 0
78 88 0 0
79 88 0 0
80 88 0 0
81 88 0 0
82 88 0 0
83 88 0 0
84 88 0 0
85 88 0 0
86 88 0 0
87 88 0 0
4 89 0 0
71 89 0 0
72 89 0 0
73 89 0 0
74 89 0 0
76 89 0 0
77 89 0 0
78 89 0 0
79 89 0 0
80 89 0 0
81 89 0 0
82 89 0 0
84 89 0 0
86 89 0 0
87 89 0 0
88 89 0 0
4 90 0 0
71 90 0 0
74 90 0 0
76 90 0 0
77 90 0 0
80 90 0 0
88 90 0 0
4 91 0 0
71 91 0 0
72 91 0 0
73 91 0 0
74 91 0 0
76 91 0 0
77 91 0 0
78 91 0 0
79 91 0 0
80 91 0 0
81 91 0 0
82 91 0 0
84 91 0 0
86 91 0 0
87 91 0 0
88 91 0 0
89 91 0 0
90 91 0 0
4 92 0 0
71 92 0 0
74 92 0 0
76 92 0 0
77 92 0 0
80 92 0 0
88 92 0 0
89 92 0 0
90 92 0 0
91 92 0 0
75 93 0 0
72 94 0 0
73 94 0 0
76 94 0 0
77 94 0 0
78 94 0 0
79 94 0 0
80 94 0 0
81 94 0 0
82 94 0 0
83 94 0 0
84 94 0 0
85 94 0 0
86 94 0 0
87 94 0 0
88 94 0 0
89 94 0 0
91 94 0 0
72 95 0 0
73 95 0 0
77 95 0 0
78 95 0 0
79 95 0 0
81 95 0 0
82 95 0 0
83 95 0 0
84 95 0 0
85 95 0 0
86 95 0 0
89 95 0 0
91 95 0 0
94 95 0 0
76 96 0 0
77 96 0 0
78 96 0 0
79 96 0 0
80 96 0 0
81 96 0 0
82 96 0 0
89 96 0 0
91 96 0 0
92 96 0 0
94 96 0 0
95 96 0 0
4 97 0 0
74 97 0 0
76 97 0 0
77 97 0 0
80 97 0 0
89 97 0 0
90 97 0 0
91 97 0 0
92 97 0 0
96 97 0 0
75 98 0 0
93 100 0 0
99 100 0 0
95 101 0 0
99 101 0 0
100 101 0 0
89 102 0 0
91 102 0 0
96 102 0 0
97 102 0 0
95 103 0 0
99 103 0 0
100 103 0 0
101 103 0 0
93 104 0 0
95 104 0 0
99 104 0 0
100 104 0 0
101 104 0 0
103 104 0 0
75 105 0 0
93 105 0 0
98 105 0 0
75 106 0 0
93 106 0 0
98 106 0 0
105 106 0 0
77 107 0 0
78 107 0 0
79 107 0 0
81 107 0 0
82 107 0 0
89 107 0 0
91 107 0 0
94 107 0 0
95 107 0 0
96 107 0 0
101 107 0 0
102 107 0 0
103 107 0 0
76 108 0 0
77 108 0 0
82 108 0 0
89 108 0 0
91 108 0 0
92 108 0 0
94 108 0 0
96 108 0 0
97 108 0 0
102 108 0 0
107 108 0 0
76 109 0 0
77 109 0 0
78 109 0 0
79 109 0 0
82 109 0 0
89 109 0 0
91 109 0 0
94 109 0 0
95 109 0 0
96 109 0 0
101 109 0 0
102 109 0 0
107 109 0 0
108 109 0 0
78 110 0 0
79 110 0 0
81 110 0 0
82 110 0 0
89 110 0 0
94 110 0 0
95 110 0 0
96 110 0 0
99 110 0 0
101 110 0 0
103 110 0 0
104 110 0 0
107 110 0 0
108 110 0 0
109 110 0 0
76 111 0 0
77 111 0 0
89 111 0 0
90 111 0 0
91 111 0 0
92 111 0 0
94 111 0 0
96 111 0 0
97 111 0 0
102 111 0 0
107 111 0 0
108 111 0 0
109 111 0 0
110 111 0 0
78 112 0 0
79 112 0 0
94 112 0 0
95 112 0 0
96 112 0 0
99 112 0 0
101 112 0 0
103 112 0 0
104 112 0 0
107 112 0 0
109 112 0 0
110 112 0 0
76 113 0 0
77 113 0 0
79 113 0 0
82 113 0 0
89 113 0 0
91 113 0 0
94 113 0 0
95 113 0 0
96 113 0 0
97 113 0 0
101 113 0 0
102 113 0 0
107 113 0 0
108 113 0 0
109 113 0 0
110 113 0 0
111 113 0 0
112 113 0 0
76 114 0 0
89 114 0 0
90 114 0 0
91 114 0 0
92 114 0 0
96 114 0 0
97 114 0 0
102 114 0 0
108 114 0 0
109 114 0 0
111 114 0 0
113 114 0 0
79 115 0 0
89 115 0 0
94 115 0 0
95 115 0 0
96 115 0 0
99 115 0 0
101 115 0 0
103 115 0 0
104 115 0 0
107 115 0 0
108 115 0 0
109 115 0 0
110 115 0 0
111 115 0 0
112 115 0 0
113 115 0 0
98 116 0 0
105 116 0 0
106 116 0 0
114 117 0 0
102 118 0 0
114 118 0 0
117 118 0 0
102 119 0 0
114 119 0 0
117 119 0 0
118 119 0 0
98 120 0 0
116 120 0 0
101 121 0 0
102 121 0 0
119 121 0 0
99 122 0 0
100 122 0 0
101 122 0 0
103 122 0 0
112 122 0 0
99 123 0 0
100 123 0 0
120 123 0 0
122 123 0 0
116 124 0 0
120 124 0 0
99 125 0 0
100 125 0 0
120 125 0 0
122 125 0 0
123 125 0 0
124 125 0 0
116 126 0 0
120 126 0 0
123 126 0 0
124 126 0 0
125 126 0 0
100 127 0 0
122 127 0 0
123 127 0 0
124 127 0 0
125 127 0 0
126 127 0 0
99 128 0 0
100 128 0 0
122 128 0 0
123 128 0 0
125 128 0 0
126 128 0 0
127 128 0 0
99 129 0 0
100 129 0 0
101 129 0 0
103 129 0 0
104 129 0 0
107 129 0 0
110 129 0 0
112 129 0 0
115 129 0 0
121 129 0 0
122 129 0 0
123 129 0 0
127 129 0 0
128 129 0 0
97 130 0 0
102 130 0 0
108 130 0 0
111 130 0 0
113 130 0 0
114 130 0 0
117 130 0 0
118 130 0 0
119 130 0 0
121 130 0 0
102 131 0 0
108 131 0 0
109 131 0 0
111 131 0 0
113 131 0 0
114 131 0 0
117 131 0 0
118 131 0 0
119 131 0 0
121 131 0 0
130 131 0 0
98 132 0 0
100 132 0 0
105 132 0 0
106 132 0 0
116 132 0 0
120 132 0 0
123 132 0 0
124 132 0 0
125 132 0 0
126 132 0 0
127 132 0 0
98 133 0 0
99 133 0 0
100 133 0 0
116 133 0 0
120 133 0 0
123 133 0 0
124 133 0 0
125 133 0 0
126 133 0 0
127 133 0 0
128 133 0 0
132 133 0 0
99 134 0 0
101 134 0 0
103 134 0 0
107 134 0 0
110 134 0 0
112 134 0 0
115 134 0 0
121 134 0 0
122 134 0 0
128 134 0 0
129 134 0 0
102 135 0 0
108 135 0 0
109 135 0 0
111 135 0 0
113 135 0 0
114 135 0 0
115 135 0 0
119 135 0 0
121 135 0 0
130 135 0 0
131 135 0 0
134 135 0 0
99 136 0 0
101 136 0 0
103 136 0 0
107 136 0 0
110 136 0 0
112 136 0 0
115 136 0 0
121 136 0 0
122 136 0 0
123 136 0 0
127 136 0 0
128 136 0 0
129 136 0 0
134 136 0 0
135 136 0 0
98 137 0 0
105 137 0 0
106 137 0 0
116 137 0 0
120 137 0 0
124 137 0 0
126 137 0 0
132 137 0 0
133 137 0 0
98 138 0 0
100 138 0 0
116 138 0 0
120 138 0 0
123 138 0 0
124 138 0 0
125 138 0 0
126 138 0 0
127 138 0 0
128 138 0 0
132 138 0 0
133 138 0 0
137 138 0 0
102 139 0 0
111 139 0 0
114 139 0 0
117 139 0 0
118 139 0 0
119 139 0 0
121 139 0 0
130 139 0 0
131 139 0 0
135 139 0 0
99 140 0 0
100 140 0 0
101 140 0 0
103 140 0 0
112 140 0 0
115 140 0 0
121 140 0 0
122 140 0 0
123 140 0 0
125 140 0 0
127 140 0 0
128 140 0 0
129 140 0 0
134 140 0 0
136 140 0 0
97 141 0 0
102 141 0 0
108 141 0 0
111 141 0 0
113 141 0 0
114 141 0 0
117 141 0 0
118 141 0 0
119 141 0 0
130 141 0 0
131 141 0 0
135 141 0 0
139 141 0 0
96 142 0 0
97 142 0 0
102 142 0 0
107 142 0 0
108 142 0 0
109 142 0 0
111 142 0 0
113 142 0 0
114 142 0 0
115 142 0 0
118 142 0 0
119 142 0 0
121 142 0 0
130 142 0 0
131 142 0 0
135 142 0 0
139 142 0 0
141 142 0 0
99 143 0 0
100 143 0 0
101 143 0 0
103 143 0 0
104 143 0 0
112 143 0 0
122 143 0 0
123 143 0 0
125 143 0 0
126 143 0 0
127 143 0 0
128 143 0 0
129 143 0 0
133 143 0 0
134 143 0 0
136 143 0 0
138 143 0 0
140 143 0 0
98 144 0 0
99 144 0 0
100 144 0 0
104 144 0 0
105 144 0 0
120 144 0 0
122 144 0 0
123 144 0 0
125 144 0 0
126 144 0 0
127 144 0 0
128 144 0 0
132 144 0 0
133 144 0 0
138 144 0 0
143 144 0 0
93 145 0 0
98 145 0 0
99 145 0 0
100 145 0 0
104 145 0 0
105 145 0 0
106 145 0 0
116 145 0 0
120 145 0 0
123 145 0 0
124 145 0 0
125 145 0 0
126 145 0 0
127 145 0 0
132 145 0 0
133 145 0 0
137 145 0 0
138 145 0 0
143 145 0 0
144 145 0 0
96 146 0 0
97 146 0 0
102 146 0 0
107 146 0 0
108 146 0 0
109 146 0 0
111 146 0 0
113 146 0 0
114 146 0 0
117 146 0 0
118 146 0 0
119 146 0 0
121 146 0 0
130 146 0 0
131 146 0 0
135 146 0 0
139 146 0 0
141 146 0 0
142 146 0 0
89 147 0 0
96 147 0 0
97 147 0 0
101 147 0 0
102 147 0 0
107 147 0 0
108 147 0 0
109 147 0 0
110 147 0 0
111 147 0 0
113 147 0 0
114 147 0 0
115 147 0 0
119 147 0 0
121 147 0 0
130 147 0 0
131 147 0 0
135 147 0 0
139 147 0 0
141 147 0 0
142 147 0 0
146 147 0 0
97 148 0 0
102 148 0 0
108 148 0 0
111 148 0 0
114 148 0 0
117 148 0 0
118 148 0 0
119 148 0 0
130 148 0 0
131 148 0 0
139 148 0 0
141 148 0 0
142 148 0 0
146 148 0 0
147 148 0 0
98 149 0 0
99 149 0 0
100 149 0 0
104 149 0 0
105 149 0 0
106 149 0 0
116 149 0 0
120 149 0 0
123 149 0 0
124 149 0 0
125 149 0 0
126 149 0 0
127 149 0 0
128 149 0 0
132 149 0 0
133 149 0 0
137 149 0 0
138 149 0 0
143 149 0 0
144 149 0 0
145 149 0 0
98 150 0 0
99 150 0 0
100 150 0 0
104 150 0 0
105 150 0 0
116 150 0 0
120 150 0 0
122 150 0 0
123 150 0 0
124 150 0 0
125 150 0 0
126 150 0 0
127 150 0 0
128 150 0 0
132 150 0 0
133 150 0 0
138 150 0 0
143 150 0 0
144 150 0 0
145 150 0 0
149 150 0 0
4 151 0 0
74 151 0 0
76 151 0 0
77 151 0 0
78 151 0 0
80 151 0 0
82 151 0 0
88 151 0 0
89 151 0 0
90 151 0 0
91 151 0 0
92 151 0 0
94 151 0 0
96 151 0 0
97 151 0 0
102 151 0 0
107 151 0 0
108 151 0 0
109 151 0 0
111 151 0 0
113 151 0 0
114 151 0 0
141 151 0 0
142 151 0 0
146 151 0 0
147 151 0 0
74 152 0 0
76 152 0 0
77 152 0 0
78 152 0 0
79 152 0 0
80 152 0 0
82 152 0 0
88 152 0 0
89 152 0 0
90 152 0 0
91 152 0 0
92 152 0 0
94 152 0 0
96 152 0 0
97 152 0 0
102 152 0 0
107 152 0 0
108 152 0 0
109 152 0 0
110 152 0 0
111 152 0 0
113 152 0 0
114 152 0 0
142 152 0 0
146 152 0 0
147 152 0 0
151 152 0 0
4 153 0 0
74 153 0 0
76 153 0 0
77 153 0 0
80 153 0 0
89 153 0 0
90 153 0 0
91 153 0 0
92 153 0 0
96 153 0 0
97 153 0 0
102 153 0 0
108 153 0 0
111 153 0 0
113 153 0 0
114 153 0 0
117 153 0 0
118 153 0 0
119 153 0 0
130 153 0 0
131 153 0 0
139 153 0 0
141 153 0 0
142 153 0 0
146 153 0 0
147 153 0 0
148 153 0 0
151 153 0 0
152 153 0 0
4 154 0 0
73 154 0 0
74 154 0 0
76 154 0 0
77 154 0 0
78 154 0 0
79 154 0 0
80 154 0 0
81 154 0 0
82 154 0 0
84 154 0 0
86 154 0 0
87 154 0 0
88 154 0 0
89 154 0 0
91 154 0 0
92 154 0 0
94 154 0 0
95 154 0 0
96 154 0 0
97 154 0 0
102 154 0 0
107 154 0 0
108 154 0 0
109 154 0 0
110 154 0 0
111 154 0 0
113 154 0 0
114 154 0 0
115 154 0 0
142 154 0 0
146 154 0 0
147 154 0 0
151 154 0 0
152 154 0 0
153 154 0 0
4 155 0 0
74 155 0 0
76 155 0 0
77 155 0 0
80 155 0 0
88 155 0 0
89 155 0 0
90 155 0 0
91 155 0 0
92 155 0 0
94 155 0 0
96 155 0 0
97 155 0 0
102 155 0 0
108 155 0 0
109 155 0 0
111 155 0 0
113 155 0 0
114 155 0 0
141 155 0 0
146 155 0 0
151 155 0 0
152 155 0 0
153 155 0 0
154 155 0 0
73 156 0 0
78 156 0 0
79 156 0 0
81 156 0 0
82 156 0 0
83 156 0 0
84 156 0 0
85 156 0 0
94 156 0 0
95 156 0 0
99 156 0 0
101 156 0 0
103 156 0 0
104 156 0 0
107 156 0 0
110 156 0 0
112 156 0 0
115 156 0 0
73 157 0 0
76 157 0 0
77 157 0 0
78 157 0 0
79 157 0 0
80 157 0 0
81 157 0 0
82 157 0 0
84 157 0 0
86 157 0 0
87 157 0 0
88 157 0 0
89 157 0 0
91 157 0 0
92 157 0 0
94 157 0 0
95 157 0 0
96 157 0 0
102 157 0 0
107 157 0 0
108 157 0 0
109 157 0 0
110 157 0 0
111 157 0 0
112 157 0 0
113 157 0 0
114 157 0 0
115 157 0 0
146 157 0 0
147 157 0 0
151 157 0 0
152 157 0 0
154 157 0 0
155 157 0 0
156 157 0 0
73 158 0 0
78 158 0 0
79 158 0 0
81 158 0 0
82 158 0 0
83 158 0 0
84 158 0 0
94 158 0 0
95 158 0 0
99 158 0 0
101 158 0 0
103 158 0 0
104 158 0 0
107 158 0 0
109 158 0 0
110 158 0 0
112 158 0 0
115 158 0 0
156 158 0 0
157 158 0 0
73 159 0 0
78 159 0 0
79 159 0 0
81 159 0 0
95 159 0 0
99 159 0 0
100 159 0 0
101 159 0 0
103 159 0 0
104 159 0 0
107 159 0 0
110 159 0 0
112 159 0 0
115 159 0 0
143 159 0 0
156 159 0 0
158 159 0 0
4 160 0 0
74 160 0 0
76 160 0 0
77 160 0 0
80 160 0 0
89 160 0 0
90 160 0 0
91 160 0 0
92 160 0 0
96 160 0 0
97 160 0 0
102 160 0 0
108 160 0 0
109 160 0 0
111 160 0 0
113 160 0 0
114 160 0 0
141 160 0 0
142 160 0 0
146 160 0 0
147 160 0 0
148 160 0 0
151 160 0 0
152 160 0 0
153 160 0 0
154 160 0 0
155 160 0 0
157 160 0 0
73 161 0 0
76 161 0 0
77 161 0 0
78 161 0 0
79 161 0 0
80 161 0 0
81 161 0 0
82 161 0 0
84 161 0 0
88 161 0 0
89 161 0 0
91 161 0 0
94 161 0 0
95 161 0 0
96 161 0 0
101 161 0 0
102 161 0 0
103 161 0 0
107 161 0 0
108 161 0 0
109 161 0 0
110 161 0 0
111 161 0 0
112 161 0 0
113 161 0 0
115 161 0 0
142 161 0 0
146 161 0 0
147 161 0 0
151 161 0 0
152 161 0 0
154 161 0 0
156 161 0 0
157 161 0 0
158 161 0 0
160 161 0 0
3 162 0 0
4 162 0 0
36 162 0 0
37 162 0 0
39 162 0 0
40 162 0 0
44 162 0 0
46 162 0 0
50 162 0 0
51 162 0 0
52 162 0 0
56 162 0 0
61 162 0 0
62 162 0 0
64 162 0 0
65 162 0 0
66 162 0 0
71 162 0 0
72 162 0 0
74 162 0 0
76 162 0 0
77 162 0 0
80 162 0 0
86 162 0 0
87 162 0 0
88 162 0 0
90 162 0 0
91 162 0 0
92 162 0 0
22 163 0 0
30 163 0 0
33 163 0 0
34 163 0 0
38 163 0 0
41 163 0 0
45 163 0 0
46 163 0 0
47 163 0 0
48 163 0 0
49 163 0 0
53 163 0 0
55 163 0 0
57 163 0 0
58 163 0 0
59 163 0 0
67 163 0 0
68 163 0 0
69 163 0 0
70 163 0 0
72 163 0 0
73 163 0 0
81 163 0 0
83 163 0 0
84 163 0 0
85 163 0 0
86 163 0 0
23 164 0 0
33 164 0 0
38 164 0 0
39 164 0 0
41 164 0 0
44 164 0 0
45 164 0 0
46 164 0 0
47 164 0 0
48 164 0 0
49 164 0 0
50 164 0 0
53 164 0 0
55 164 0 0
56 164 0 0
58 164 0 0
59 164 0 0
62 164 0 0
64 164 0 0
67 164 0 0
68 164 0 0
69 164 0 0
70 164 0 0
72 164 0 0
73 164 0 0
78 164 0 0
79 164 0 0
81 164 0 0
82 164 0 0
83 164 0 0
84 164 0 0
85 164 0 0
86 164 0 0
87 164 0 0
163 164 0 0
3 165 0 0
4 165 0 0
20 165 0 0
31 165 0 0
36 165 0 0
37 165 0 0
39 165 0 0
40 165 0 0
44 165 0 0
50 165 0 0
51 165 0 0
52 165 0 0
61 165 0 0
62 165 0 0
65 165 0 0
66 165 0 0
71 165 0 0
74 165 0 0
76 165 0 0
80 165 0 0
86 165 0 0
87 165 0 0
88 165 0 0
90 165 0 0
92 165 0 0
162 165 0 0
3 166 0 0
4 166 0 0
20 166 0 0
29 166 0 0
33 166 0 0
36 166 0 0
37 166 0 0
38 166 0 0
39 166 0 0
40 166 0 0
41 166 0 0
44 166 0 0
46 166 0 0
47 166 0 0
50 166 0 0
51 166 0 0
52 166 0 0
56 166 0 0
58 166 0 0
59 166 0 0
61 166 0 0
62 166 0 0
64 166 0 0
65 166 0 0
66 166 0 0
67 166 0 0
71 166 0 0
72 166 0 0
73 166 0 0
74 166 0 0
77 166 0 0
80 166 0 0
82 166 0 0
83 166 0 0
84 166 0 0
85 166 0 0
86 166 0 0
87 166 0 0
88 166 0 0
162 166 0 0
164 166 0 0
165 166 0 0
4 167 0 0
20 167 0 0
23 167 0 0
29 167 0 0
33 167 0 0
37 167 0 0
38 167 0 0
39 167 0 0
40 167 0 0
41 167 0 0
44 167 0 0
45 167 0 0
46 167 0 0
47 167 0 0
49 167 0 0
50 167 0 0
51 167 0 0
53 167 0 0
56 167 0 0
58 167 0 0
59 167 0 0
61 167 0 0
62 167 0 0
64 167 0 0
65 167 0 0
66 167 0 0
67 167 0 0
69 167 0 0
71 167 0 0
72 167 0 0
73 167 0 0
74 167 0 0
77 167 0 0
78 167 0 0
79 167 0 0
80 167 0 0
81 167 0 0
82 167 0 0
83 167 0 0
84 167 0 0
85 167 0 0
86 167 0 0
87 167 0 0
88 167 0 0
89 167 0 0
91 167 0 0
162 167 0 0
163 167 0 0
164 167 0 0
165 167 0 0
166 167 0 0
19 168 0 0
32 168 0 0
35 168 0 0
42 168 0 0
54 168 0 0
63 168 0 0
75 168 0 0
33 169 0 0
38 169 0 0
41 169 0 0
44 169 0 0
45 169 0 0
46 169 0 0
47 169 0 0
48 169 0 0
49 169 0 0
50 169 0 0
53 169 0 0
55 169 0 0
58 169 0 0
59 169 0 0
64 169 0 0
67 169 0 0
68 169 0 0
69 169 0 0
70 169 0 0
72 169 0 0
73 169 0 0
78 169 0 0
79 169 0 0
81 169 0 0
82 169 0 0
83 169 0 0
84 169 0 0
85 169 0 0
86 169 0 0
87 169 0 0
163 169 0 0
164 169 0 0
166 169 0 0
167 169 0 0
33 170 0 0
37 170 0 0
38 170 0 0
39 170 0 0
40 170 0 0
41 170 0 0
44 170 0 0
45 170 0 0
46 170 0 0
47 170 0 0
50 170 0 0
51 170 0 0
53 170 0 0
56 170 0 0
58 170 0 0
59 170 0 0
61 170 0 0
62 170 0 0
64 170 0 0
66 170 0 0
67 170 0 0
71 170 0 0
72 170 0 0
73 170 0 0
77 170 0 0
78 170 0 0
79 170 0 0
80 170 0 0
81 170 0 0
82 170 0 0
83 170 0 0
84 170 0 0
85 170 0 0
86 170 0 0
87 170 0 0
88 170 0 0
91 170 0 0
94 170 0 0
162 170 0 0
163 170 0 0
164 170 0 0
166 170 0 0
167 170 0 0
169 170 0 0
70 171 0 1
72 171 0 1
73 171 0 1
78 171 0 1
79 171 0 1
81 171 0 1
82 171 0 1
83 171 0 1
84 171 0 1
85 171 0 1
93 171 0 1
94 171 0 1
95 171 0 1
99 171 0 1
100 171 0 1
101 171 0 1
103 171 0 1
104 171 0 1
107 171 0 1
110 171 0 1
112 171 0 1
115 171 0 1
156 171 0 1
158 171 0 1
159 171 0 1
161 171 0 1
163 171 0 1
164 171 0 1
169 171 0 1
21 172 0 1
22 172 0 1
32 172 0 1
34 172 0 1
35 172 0 1
42 172 0 1
43 172 0 1
48 172 0 1
49 172 0 1
57 172 0 1
60 172 0 1
63 172 0 1
68 172 0 1
69 172 0 1
70 172 0 1
73 172 0 1
75 172 0 1
81 172 0 1
83 172 0 1
93 172 0 1
95 172 0 1
98 172 0 1
99 172 0 1
100 172 0 1
104 172 0 1
105 172 0 1
106 172 0 1
116 172 0 1
132 172 0 1
133 172 0 1
137 172 0 1
138 172 0 1
143 172 0 1
144 172 0 1
145 172 0 1
149 172 0 1
150 172 0 1
156 172 0 1
158 172 0 1
159 172 0 1
163 172 0 1
168 172 0 1
1 173 0 1
6 173 0 1
7 173 0 1
15 173 0 1
16 173 0 1
17 173 0 1
18 173 0 1
19 173 0 1
28 173 0 1
54 173 0 1
63 173 0 1
1 174 0 1
9 174 0 1
11 174 0 1
13 174 0 1
14 174 0 1
21 174 0 1
22 174 0 1
23 174 0 1
24 174 0 1
25 174 0 1
26 174 0 1
27 174 0 1
28 174 0 1
30 174 0 1
45 174 0 1
48 174 0 1
53 174 0 1
55 174 0 1
57 174 0 1
58 174 0 1
59 174 0 1
60 174 0 1
68 174 0 1
69 174 0 1
1 175 0 1
9 175 0 1
11 175 0 1
13 175 0 1
14 175 0 1
15 175 0 1
18 175 0 1
21 175 0 1
22 175 0 1
23 175 0 1
24 175 0 1
25 175 0 1
26 175 0 1
27 175 0 1
28 175 0 1
30 175 0 1
55 175 0 1
57 175 0 1
60 175 0 1
68 175 0 1
69 175 0 1
1 176 0 1
6 176 0 1
7 176 0 1
15 176 0 1
16 176 0 1
17 176 0 1
18 176 0 1
19 176 0 1
28 176 0 1
54 176 0 1
63 176 0 1
2 177 0 1
3 177 0 1
5 177 0 1
8 177 0 1
10 177 0 1
12 177 0 1
20 177 0 1
29 177 0 1
31 177 0 1
36 177 0 1
37 177 0 1
40 177 0 1
44 177 0 1
50 177 0 1
51 177 0 1
52 177 0 1
56 177 0 1
59 177 0 1
61 177 0 1
62 177 0 1
64 177 0 1
65 177 0 1
66 177 0 1
1 178 0 1
15 178 0 1
17 178 0 1
18 178 0 1
19 178 0 1
21 178 0 1
22 178 0 1
25 178 0 1
27 178 0 1
28 178 0 1
30 178 0 1
34 178 0 1
35 178 0 1
42 178 0 1
43 178 0 1
48 178 0 1
49 178 0 1
55 178 0 1
57 178 0 1
60 178 0 1
63 178 0 1
68 178 0 1
69 178 0 1
1 179 0 1
9 179 0 1
11 179 0 1
13 179 0 1
14 179 0 1
21 179 0 1
22 179 0 1
23 179 0 1
24 179 0 1
25 179 0 1
26 179 0 1
27 179 0 1
28 179 0 1
30 179 0 1
33 179 0 1
34 179 0 1
38 179 0 1
41 179 0 1
43 179 0 1
45 179 0 1
47 179 0 1
48 179 0 1
49 179 0 1
53 179 0 1
55 179 0 1
57 179 0 1
58 179 0 1
59 179 0 1
60 179 0 1
67 179 0 1
68 179 0 1
69 179 0 1
163 179 0 1
1 180 0 1
5 180 0 1
9 180 0 1
11 180 0 1
13 180 0 1
14 180 0 1
21 180 0 1
22 180 0 1
23 180 0 1
24 180 0 1
25 180 0 1
26 180 0 1
27 180 0 1
29 180 0 1
30 180 0 1
33 180 0 1
34 180 0 1
38 180 0 1
41 180 0 1
45 180 0 1
46 180 0 1
47 180 0 1
48 180 0 1
49 180 0 1
53 180 0 1
55 180 0 1
57 180 0 1
58 180 0 1
59 180 0 1
67 180 0 1
68 180 0 1
69 180 0 1
163 180 0 1
164 180 0 1
2 181 0 1
3 181 0 1
5 181 0 1
8 181 0 1
9 181 0 1
10 181 0 1
12 181 0 1
14 181 0 1
20 181 0 1
23 181 0 1
29 181 0 1
31 181 0 1
33 181 0 1
36 181 0 1
37 181 0 1
39 181 0 1
40 181 0 1
41 181 0 1
44 181 0 1
46 181 0 1
47 181 0 1
50 181 0 1
51 181 0 1
56 181 0 1
58 181 0 1
59 181 0 1
61 181 0 1
62 181 0 1
64 181 0 1
65 181 0 1
66 181 0 1
67 181 0 1
162 181 0 1
165 181 0 1
166 181 0 1
167 181 0 1
1 182 0 1
9 182 0 1
11 182 0 1
13 182 0 1
14 182 0 1
21 182 0 1
22 182 0 1
23 182 0 1
24 182 0 1
25 182 0 1
26 182 0 1
27 182 0 1
30 182 0 1
33 182 0 1
34 182 0 1
38 182 0 1
41 182 0 1
43 182 0 1
45 182 0 1
46 182 0 1
47 182 0 1
48 182 0 1
49 182 0 1
53 182 0 1
55 182 0 1
57 182 0 1
58 182 0 1
59 182 0 1
67 182 0 1
68 182 0 1
69 182 0 1
163 182 0 1
164 182 0 1
169 182 0 1
5 183 0 1
9 183 0 1
10 183 0 1
11 183 0 1
13 183 0 1
14 183 0 1
23 183 0 1
24 183 0 1
25 183 0 1
26 183 0 1
27 183 0 1
29 183 0 1
30 183 0 1
33 183 0 1
41 183 0 1
45 183 0 1
46 183 0 1
47 183 0 1
49 183 0 1
50 183 0 1
53 183 0 1
55 183 0 1
56 183 0 1
57 183 0 1
58 183 0 1
59 183 0 1
62 183 0 1
64 183 0 1
67 183 0 1
69 183 0 1
1 184 0 1
9 184 0 1
11 184 0 1
13 184 0 1
14 184 0 1
21 184 0 1
22 184 0 1
23 184 0 1
24 184 0 1
25 184 0 1
26 184 0 1
27 184 0 1
28 184 0 1
30 184 0 1
41 184 0 1
45 184 0 1
48 184 0 1
49 184 0 1
53 184 0 1
55 184 0 1
57 184 0 1
58 184 0 1
59 184 0 1
67 184 0 1
68 184 0 1
69 184 0 1
1 185 0 1
11 185 0 1
13 185 0 1
14 185 0 1
15 185 0 1
18 185 0 1
21 185 0 1
22 185 0 1
23 185 0 1
24 185 0 1
25 185 0 1
26 185 0 1
27 185 0 1
28 185 0 1
30 185 0 1
34 185 0 1
43 185 0 1
48 185 0 1
49 185 0 1
55 185 0 1
57 185 0 1
60 185 0 1
68 185 0 1
69 185 0 1
1 186 0 1
6 186 0 1
7 186 0 1
15 186 0 1
16 186 0 1
17 186 0 1
18 186 0 1
19 186 0 1
28 186 0 1
32 186 0 1
35 186 0 1
42 186 0 1
54 186 0 1
63 186 0 1
168 186 0 1
2 187 0 1
3 187 0 1
4 187 0 1
20 187 0 1
31 187 0 1
36 187 0 1
37 187 0 1
39 187 0 1
40 187 0 1
44 187 0 1
51 187 0 1
52 187 0 1
61 187 0 1
65 187 0 1
66 187 0 1
71 187 0 1
162 187 0 1
165 187 0 1
3 188 0 1
10 188 0 1
12 188 0 1
20 188 0 1
23 188 0 1
29 188 0 1
31 188 0 1
33 188 0 1
37 188 0 1
38 188 0 1
39 188 0 1
40 188 0 1
41 188 0 1
44 188 0 1
45 188 0 1
46 188 0 1
47 188 0 1
50 188 0 1
51 188 0 1
53 188 0 1
56 188 0 1
58 188 0 1
59 188 0 1
61 188 0 1
62 188 0 1
64 188 0 1
65 188 0 1
66 188 0 1
67 188 0 1
71 188 0 1
72 188 0 1
84 188 0 1
85 188 0 1
86 188 0 1
87 188 0 1
162 188 0 1
164 188 0 1
165 188 0 1
166 188 0 1
167 188 0 1
169 188 0 1
170 188 0 1
1 189 0 1
6 189 0 1
7 189 0 1
15 189 0 1
16 189 0 1
17 189 0 1
18 189 0 1
19 189 0 1
21 189 0 1
28 189 0 1
32 189 0 1
35 189 0 1
42 189 0 1
43 189 0 1
54 189 0 1
60 189 0 1
63 189 0 1
168 189 0 1
1 190 0 1
15 190 0 1
16 190 0 1
17 190 0 1
18 190 0 1
19 190 0 1
21 190 0 1
22 190 0 1
25 190 0 1
28 190 0 1
34 190 0 1
35 190 0 1
42 190 0 1
43 190 0 1
48 190 0 1
57 190 0 1
60 190 0 1
63 190 0 1
68 190 0 1
70 190 0 1
168 190 0 1
1 191 0 1
6 191 0 1
15 191 0 1
16 191 0 1
17 191 0 1
18 191 0 1
19 191 0 1
21 191 0 1
25 191 0 1
28 191 0 1
32 191 0 1
34 191 0 1
35 191 0 1
42 191 0 1
43 191 0 1
54 191 0 1
60 191 0 1
63 191 0 1
68 191 0 1
168 191 0 1
1 192 0 1
6 192 0 1
7 192 0 1
15 192 0 1
16 192 0 1
17 192 0 1
18 192 0 1
19 192 0 1
21 192 0 1
28 192 0 1
32 192 0 1
35 192 0 1
42 192 0 1
43 192 0 1
54 192 0 1
60 192 0 1
63 192 0 1
168 192 0 1
21 193 0 1
22 193 0 1
23 193 0 1
24 193 0 1
25 193 0 1
26 193 0 1
27 193 0 1
30 193 0 1
33 193 0 1
34 193 0 1
38 193 0 1
41 193 0 1
43 193 0 1
45 193 0 1
47 193 0 1
48 193 0 1
49 193 0 1
53 193 0 1
55 193 0 1
57 193 0 1
58 193 0 1
60 193 0 1
67 193 0 1
68 193 0 1
69 193 0 1
70 193 0 1
83 193 0 1
85 193 0 1
163 193 0 1
164 193 0 1
169 193 0 1
1 194 0 1
15 194 0 1
16 194 0 1
17 194 0 1
18 194 0 1
19 194 0 1
21 194 0 1
22 194 0 1
25 194 0 1
28 194 0 1
32 194 0 1
34 194 0 1
35 194 0 1
42 194 0 1
43 194 0 1
48 194 0 1
54 194 0 1
57 194 0 1
60 194 0 1
63 194 0 1
68 194 0 1
70 194 0 1
168 194 0 1
1 195 0 1
15 195 0 1
16 195 0 1
17 195 0 1
18 195 0 1
19 195 0 1
21 195 0 1
25 195 0 1
28 195 0 1
32 195 0 1
34 195 0 1
35 195 0 1
42 195 0 1
43 195 0 1
54 195 0 1
60 195 0 1
63 195 0 1
68 195 0 1
168 195 0 1
2 196 0 1
3 196 0 1
4 196 0 1
8 196 0 1
10 196 0 1
12 196 0 1
20 196 0 1
29 196 0 1
31 196 0 1
36 196 0 1
37 196 0 1
39 196 0 1
40 196 0 1
44 196 0 1
50 196 0 1
51 196 0 1
52 196 0 1
56 196 0 1
59 196 0 1
61 196 0 1
62 196 0 1
64 196 0 1
65 196 0 1
66 196 0 1
71 196 0 1
162 196 0 1
165 196 0 1
166 196 0 1
1 197 0 1
9 197 0 1
11 197 0 1
13 197 0 1
14 197 0 1
21 197 0 1
22 197 0 1
23 197 0 1
24 197 0 1
25 197 0 1
26 197 0 1
27 197 0 1
28 197 0 1
30 197 0 1
33 197 0 1
34 197 0 1
38 197 0 1
41 197 0 1
43 197 0 1
45 197 0 1
47 197 0 1
48 197 0 1
49 197 0 1
53 197 0 1
55 197 0 1
57 197 0 1
58 197 0 1
59 197 0 1
60 197 0 1
67 197 0 1
68 197 0 1
69 197 0 1
70 197 0 1
163 197 0 1
164 197 0 1
169 197 0 1
1 198 0 1
6 198 0 1
7 198 0 1
15 198 0 1
16 198 0 1
17 198 0 1
18 198 0 1
19 198 0 1
21 198 0 1
28 198 0 1
32 198 0 1
35 198 0 1
42 198 0 1
54 198 0 1
60 198 0 1
63 198 0 1
168 198 0 1
16 199 0 1
17 199 0 1
18 199 0 1
19 199 0 1
21 199 0 1
28 199 0 1
32 199 0 1
34 199 0 1
35 199 0 1
42 199 0 1
43 199 0 1
54 199 0 1
60 199 0 1
63 199 0 1
68 199 0 1
168 199 0 1
1 200 0 1
18 200 0 1
21 200 0 1
22 200 0 1
25 200 0 1
28 200 0 1
30 200 0 1
34 200 0 1
35 200 0 1
38 200 0 1
42 200 0 1
43 200 0 1
45 200 0 1
48 200 0 1
49 200 0 1
53 200 0 1
55 200 0 1
57 200 0 1
60 200 0 1
63 200 0 1
68 200 0 1
69 200 0 1
70 200 0 1
163 200 0 1
1 201 0 1
17 201 0 1
18 201 0 1
19 201 0 1
21 201 0 1
22 201 0 1
25 201 0 1
28 201 0 1
32 201 0 1
34 201 0 1
35 201 0 1
42 201 0 1
43 201 0 1
48 201 0 1
57 201 0 1
60 201 0 1
63 201 0 1
68 201 0 1
70 201 0 1
168 201 0 1
16 202 0 1
17 202 0 1
18 202 0 1
19 202 0 1
32 202 0 1
35 202 0 1
42 202 0 1
54 202 0 1
63 202 0 1
168 202 0 1
22 203 0 1
25 203 0 1
30 203 0 1
33 203 0 1
34 203 0 1
38 203 0 1
41 203 0 1
43 203 0 1
45 203 0 1
46 203 0 1
47 203 0 1
48 203 0 1
49 203 0 1
53 203 0 1
55 203 0 1
57 203 0 1
58 203 0 1
59 203 0 1
67 203 0 1
68 203 0 1
69 203 0 1
70 203 0 1
72 203 0 1
73 203 0 1
83 203 0 1
84 203 0 1
85 203 0 1
163 203 0 1
164 203 0 1
167 203 0 1
169 203 0 1
18 204 0 1
21 204 0 1
22 204 0 1
25 204 0 1
28 204 0 1
34 204 0 1
35 204 0 1
38 204 0 1
42 204 0 1
43 204 0 1
45 204 0 1
48 204 0 1
49 204 0 1
55 204 0 1
57 204 0 1
60 204 0 1
63 204 0 1
68 204 0 1
69 204 0 1
70 204 0 1
163 204 0 1
3 205 0 1
4 205 0 1
20 205 0 1
29 205 0 1
33 205 0 1
36 205 0 1
37 205 0 1
39 205 0 1
40 205 0 1
41 205 0 1
44 205 0 1
46 205 0 1
50 205 0 1
51 205 0 1
52 205 0 1
56 205 0 1
59 205 0 1
61 205 0 1
62 205 0 1
64 205 0 1
65 205 0 1
66 205 0 1
67 205 0 1
71 205 0 1
72 205 0 1
74 205 0 1
77 205 0 1
80 205 0 1
82 205 0 1
84 205 0 1
85 205 0 1
86 205 0 1
87 205 0 1
88 205 0 1
162 205 0 1
164 205 0 1
165 205 0 1
166 205 0 1
167 205 0 1
169 205 0 1
170 205 0 1
33 206 0 1
34 206 0 1
38 206 0 1
41 206 0 1
45 206 0 1
46 206 0 1
47 206 0 1
48 206 0 1
49 206 0 1
50 206 0 1
53 206 0 1
55 206 0 1
57 206 0 1
58 206 0 1
59 206 0 1
64 206 0 1
67 206 0 1
68 206 0 1
69 206 0 1
70 206 0 1
72 206 0 1
73 206 0 1
78 206 0 1
81 206 0 1
82 206 0 1
83 206 0 1
84 206 0 1
85 206 0 1
86 206 0 1
87 206 0 1
163 206 0 1
164 206 0 1
166 206 0 1
167 206 0 1
169 206 0 1
170 206 0 1
3 207 0 1
4 207 0 1
36 207 0 1
37 207 0 1
39 207 0 1
40 207 0 1
44 207 0 1
50 207 0 1
51 207 0 1
52 207 0 1
65 207 0 1
66 207 0 1
71 207 0 1
74 207 0 1
76 207 0 1
77 207 0 1
80 207 0 1
86 207 0 1
87 207 0 1
88 207 0 1
90 207 0 1
91 207 0 1
92 207 0 1
153 207 0 1
155 207 0 1
162 207 0 1
165 207 0 1
166 207 0 1
167 207 0 1
4 208 0 1
33 208 0 1
36 208 0 1
37 208 0 1
39 208 0 1
40 208 0 1
44 208 0 1
46 208 0 1
50 208 0 1
51 208 0 1
62 208 0 1
64 208 0 1
66 208 0 1
71 208 0 1
72 208 0 1
73 208 0 1
74 208 0 1
76 208 0 1
77 208 0 1
78 208 0 1
79 208 0 1
80 208 0 1
81 208 0 1
82 208 0 1
83 208 0 1
84 208 0 1
85 208 0 1
86 208 0 1
87 208 0 1
88 208 0 1
89 208 0 1
91 208 0 1
92 208 0 1
94 208 0 1
152 208 0 1
154 208 0 1
157 208 0 1
162 208 0 1
164 208 0 1
165 208 0 1
166 208 0 1
167 208 0 1
169 208 0 1
170 208 0 1
4 209 0 1
36 209 0 1
37 209 0 1
39 209 0 1
40 209 0 1
44 209 0 1
50 209 0 1
51 209 0 1
52 209 0 1
71 209 0 1
72 209 0 1
74 209 0 1
76 209 0 1
77 209 0 1
80 209 0 1
82 209 0 1
84 209 0 1
86 209 0 1
87 209 0 1
88 209 0 1
89 209 0 1
90 209 0 1
91 209 0 1
92 209 0 1
94 209 0 1
151 209 0 1
152 209 0 1
153 209 0 1
154 209 0 1
155 209 0 1
157 209 0 1
162 209 0 1
165 209 0 1
166 209 0 1
167 209 0 1
170 209 0 1
4 210 0 1
33 210 0 1
36 210 0 1
37 210 0 1
39 210 0 1
40 210 0 1
44 210 0 1
46 210 0 1
50 210 0 1
51 210 0 1
66 210 0 1
71 210 0 1
72 210 0 1
73 210 0 1
74 210 0 1
76 210 0 1
77 210 0 1
78 210 0 1
79 210 0 1
80 210 0 1
81 210 0 1
82 210 0 1
83 210 0 1
84 210 0 1
85 210 0 1
86 210 0 1
87 210 0 1
88 210 0 1
89 210 0 1
90 210 0 1
91 210 0 1
92 210 0 1
94 210 0 1
151 210 0 1
152 210 0 1
154 210 0 1
155 210 0 1
157 210 0 1
162 210 0 1
164 210 0 1
165 210 0 1
166 210 0 1
167 210 0 1
170 210 0 1
34 211 0 1
38 211 0 1
43 211 0 1
45 211 0 1
48 211 0 1
49 211 0 1
68 211 0 1
69 211 0 1
70 211 0 1
73 211 0 1
81 211 0 1
83 211 0 1
85 211 0 1
163 211 0 1
164 211 0 1
169 211 0 1
3 212 0 1
4 212 0 1
36 212 0 1
37 212 0 1
39 212 0 1
40 212 0 1
44 212 0 1
50 212 0 1
51 212 0 1
52 212 0 1
61 212 0 1
62 212 0 1
64 212 0 1
65 212 0 1
66 212 0 1
71 212 0 1
72 212 0 1
74 212 0 1
76 212 0 1
77 212 0 1
80 212 0 1
86 212 0 1
87 212 0 1
88 212 0 1
90 212 0 1
91 212 0 1
92 212 0 1
162 212 0 1
165 212 0 1
166 212 0 1
167 212 0 1
170 212 0 1
3 213 0 1
4 213 0 1
20 213 0 1
29 213 0 1
33 213 0 1
36 213 0 1
37 213 0 1
39 213 0 1
40 213 0 1
44 213 0 1
46 213 0 1
50 213 0 1
51 213 0 1
52 213 0 1
56 213 0 1
61 213 0 1
62 213 0 1
64 213 0 1
65 213 0 1
66 213 0 1
71 213 0 1
72 213 0 1
74 213 0 1
76 213 0 1
77 213 0 1
80 213 0 1
82 213 0 1
84 213 0 1
86 213 0 1
87 213 0 1
88 213 0 1
162 213 0 1
165 213 0 1
166 213 0 1
167 213 0 1
170 213 0 1
22 214 0 1
33 214 0 1
34 214 0 1
38 214 0 1
41 214 0 1
43 214 0 1
45 214 0 1
47 214 0 1
48 214 0 1
49 214 0 1
53 214 0 1
55 214 0 1
57 214 0 1
58 214 0 1
60 214 0 1
67 214 0 1
68 214 0 1
69 214 0 1
70 214 0 1
72 214 0 1
73 214 0 1
78 214 0 1
79 214 0 1
81 214 0 1
82 214 0 1
83 214 0 1
84 214 0 1
85 214 0 1
86 214 0 1
95 214 0 1
156 214 0 1
163 214 0 1
164 214 0 1
169 214 0 1
170 214 0 1
29 215 0 1
33 215 0 1
37 215 0 1
38 215 0 1
39 215 0 1
41 215 0 1
44 215 0 1
45 215 0 1
46 215 0 1
47 215 0 1
49 215 0 1
50 215 0 1
53 215 0 1
56 215 0 1
58 215 0 1
59 215 0 1
62 215 0 1
64 215 0 1
66 215 0 1
67 215 0 1
69 215 0 1
71 215 0 1
72 215 0 1
73 215 0 1
77 215 0 1
78 215 0 1
79 215 0 1
81 215 0 1
82 215 0 1
83 215 0 1
84 215 0 1
85 215 0 1
86 215 0 1
87 215 0 1
88 215 0 1
162 215 0 1
163 215 0 1
164 215 0 1
166 215 0 1
167 215 0 1
169 215 0 1
170 215 0 1
33 216 0 1
34 216 0 1
38 216 0 1
41 216 0 1
43 216 0 1
45 216 0 1
46 216 0 1
47 216 0 1
48 216 0 1
49 216 0 1
53 216 0 1
55 216 0 1
57 216 0 1
58 216 0 1
67 216 0 1
68 216 0 1
69 216 0 1
70 216 0 1
72 216 0 1
73 216 0 1
78 216 0 1
81 216 0 1
83 216 0 1
84 216 0 1
85 216 0 1
86 216 0 1
163 216 0 1
164 216 0 1
167 216 0 1
169 216 0 1
170 216 0 1
3 217 0 1
4 217 0 1
33 217 0 1
36 217 0 1
37 217 0 1
39 217 0 1
40 217 0 1
44 217 0 1
46 217 0 1
50 217 0 1
51 217 0 1
52 217 0 1
56 217 0 1
61 217 0 1
62 217 0 1
64 217 0 1
65 217 0 1
66 217 0 1
71 217 0 1
72 217 0 1
73 217 0 1
74 217 0 1
76 217 0 1
77 217 0 1
78 217 0 1
80 217 0 1
82 217 0 1
84 217 0 1
85 217 0 1
86 217 0 1
87 217 0 1
88 217 0 1
89 217 0 1
91 217 0 1
92 217 0 1
94 217 0 1
154 217 0 1
162 217 0 1
164 217 0 1
165 217 0 1
166 217 0 1
167 217 0 1
169 217 0 1
170 217 0 1
33 218 0 1
38 218 0 1
39 218 0 1
41 218 0 1
44 218 0 1
45 218 0 1
46 218 0 1
47 218 0 1
49 218 0 1
50 218 0 1
53 218 0 1
56 218 0 1
58 218 0 1
59 218 0 1
62 218 0 1
64 218 0 1
67 218 0 1
69 218 0 1
71 218 0 1
72 218 0 1
73 218 0 1
77 218 0 1
78 218 0 1
79 218 0 1
81 218 0 1
82 218 0 1
83 218 0 1
84 218 0 1
85 218 0 1
86 218 0 1
87 218 0 1
88 218 0 1
163 218 0 1
164 218 0 1
166 218 0 1
167 218 0 1
169 218 0 1
170 218 0 1
33 219 0 1
38 219 0 1
41 219 0 1
44 219 0 1
45 219 0 1
46 219 0 1
47 219 0 1
48 219 0 1
49 219 0 1
50 219 0 1
53 219 0 1
58 219 0 1
59 219 0 1
64 219 0 1
67 219 0 1
69 219 0 1
70 219 0 1
72 219 0 1
73 219 0 1
78 219 0 1
79 219 0 1
81 219 0 1
82 219 0 1
83 219 0 1
84 219 0 1
85 219 0 1
86 219 0 1
87 219 0 1
88 219 0 1
95 219 0 1
163 219 0 1
164 219 0 1
166 219 0 1
167 219 0 1
169 219 0 1
170 219 0 1
16 220 0 1
17 220 0 1
18 220 0 1
19 220 0 1
32 220 0 1
35 220 0 1
42 220 0 1
54 220 0 1
60 220 0 1
63 220 0 1
168 220 0 1
18 221 0 1
19 221 0 1
21 221 0 1
22 221 0 1
28 221 0 1
32 221 0 1
34 221 0 1
35 221 0 1
42 221 0 1
43 221 0 1
48 221 0 1
60 221 0 1
63 221 0 1
68 221 0 1
70 221 0 1
168 221 0 1
18 222 0 1
19 222 0 1
32 222 0 1
35 222 0 1
42 222 0 1
43 222 0 1
54 222 0 1
60 222 0 1
63 222 0 1
75 222 0 1
168 222 0 1
32 223 0 1
35 223 0 1
42 223 0 1
54 223 0 1
63 223 0 1
75 223 0 1
168 223 0 1
32 224 0 1
34 224 0 1
35 224 0 1
42 224 0 1
43 224 0 1
60 224 0 1
63 224 0 1
68 224 0 1
75 224 0 1
93 224 0 1
168 224 0 1
34 225 0 1
35 225 0 1
38 225 0 1
42 225 0 1
43 225 0 1
48 225 0 1
49 225 0 1
60 225 0 1
68 225 0 1
70 225 0 1
93 225 0 1
163 225 0 1
34 226 0 1
35 226 0 1
38 226 0 1
43 226 0 1
45 226 0 1
48 226 0 1
49 226 0 1
68 226 0 1
69 226 0 1
70 226 0 1
83 226 0 1
85 226 0 1
163 226 0 1
169 226 0 1
4 227 0 1
71 227 0 1
74 227 0 1
76 227 0 1
77 227 0 1
80 227 0 1
87 227 0 1
88 227 0 1
89 227 0 1
90 227 0 1
91 227 0 1
92 227 0 1
96 227 0 1
97 227 0 1
108 227 0 1
111 227 0 1
114 227 0 1
151 227 0 1
152 227 0 1
153 227 0 1
154 227 0 1
155 227 0 1
157 227 0 1
160 227 0 1
162 227 0 1
165 227 0 1
4 228 0 1
33 228 0 1
39 228 0 1
40 228 0 1
50 228 0 1
71 228 0 1
72 228 0 1
73 228 0 1
74 228 0 1
76 228 0 1
77 228 0 1
78 228 0 1
79 228 0 1
80 228 0 1
81 228 0 1
82 228 0 1
83 228 0 1
84 228 0 1
85 228 0 1
86 228 0 1
87 228 0 1
88 228 0 1
89 228 0 1
91 228 0 1
92 228 0 1
94 228 0 1
95 228 0 1
96 228 0 1
107 228 0 1
109 228 0 1
151 228 0 1
152 228 0 1
154 228 0 1
155 228 0 1
157 228 0 1
161 228 0 1
162 228 0 1
164 228 0 1
166 228 0 1
167 228 0 1
169 228 0 1
170 228 0 1
33 229 0 1
38 229 0 1
72 229 0 1
73 229 0 1
77 229 0 1
78 229 0 1
79 229 0 1
81 229 0 1
82 229 0 1
83 229 0 1
84 229 0 1
85 229 0 1
86 229 0 1
87 229 0 1
88 229 0 1
89 229 0 1
91 229 0 1
94 229 0 1
95 229 0 1
96 229 0 1
107 229 0 1
110 229 0 1
152 229 0 1
154 229 0 1
156 229 0 1
157 229 0 1
158 229 0 1
159 229 0 1
161 229 0 1
163 229 0 1
164 229 0 1
166 229 0 1
167 229 0 1
169 229 0 1
170 229 0 1
38 230 0 1
70 230 0 1
72 230 0 1
73 230 0 1
78 230 0 1
79 230 0 1
81 230 0 1
82 230 0 1
83 230 0 1
84 230 0 1
85 230 0 1
95 230 0 1
156 230 0 1
158 230 0 1
159 230 0 1
163 230 0 1
164 230 0 1
169 230 0 1
4 231 0 1
39 231 0 1
40 231 0 1
71 231 0 1
72 231 0 1
73 231 0 1
74 231 0 1
76 231 0 1
77 231 0 1
78 231 0 1
79 231 0 1
80 231 0 1
81 231 0 1
82 231 0 1
84 231 0 1
86 231 0 1
87 231 0 1
88 231 0 1
89 231 0 1
90 231 0 1
91 231 0 1
92 231 0 1
94 231 0 1
96 231 0 1
97 231 0 1
107 231 0 1
108 231 0 1
109 231 0 1
111 231 0 1
113 231 0 1
114 231 0 1
151 231 0 1
152 231 0 1
153 231 0 1
154 231 0 1
155 231 0 1
157 231 0 1
160 231 0 1
161 231 0 1
162 231 0 1
165 231 0 1
166 231 0 1
167 231 0 1
170 231 0 1
70 232 0 1
73 232 0 1
78 232 0 1
79 232 0 1
81 232 0 1
83 232 0 1
84 232 0 1
85 232 0 1
93 232 0 1
95 232 0 1
104 232 0 1
156 232 0 1
158 232 0 1
159 232 0 1
163 232 0 1
169 232 0 1
33 233 0 1
38 233 0 1
45 233 0 1
47 233 0 1
49 233 0 1
70 233 0 1
72 233 0 1
73 233 0 1
78 233 0 1
79 233 0 1
81 233 0 1
82 233 0 1
83 233 0 1
84 233 0 1
85 233 0 1
86 233 0 1
87 233 0 1
94 233 0 1
95 233 0 1
156 233 0 1
158 233 0 1
159 233 0 1
163 233 0 1
164 233 0 1
167 233 0 1
169 233 0 1
170 233 0 1
34 234 0 1
38 234 0 1
48 234 0 1
49 234 0 1
68 234 0 1
70 234 0 1
73 234 0 1
78 234 0 1
79 234 0 1
81 234 0 1
83 234 0 1
84 234 0 1
85 234 0 1
93 234 0 1
95 234 0 1
104 234 0 1
156 234 0 1
158 234 0 1
159 234 0 1
163 234 0 1
164 234 0 1
169 234 0 1
33 235 0 1
34 235 0 1
38 235 0 1
41 235 0 1
45 235 0 1
46 235 0 1
47 235 0 1
48 235 0 1
49 235 0 1
50 235 0 1
53 235 0 1
67 235 0 1
68 235 0 1
69 235 0 1
70 235 0 1
72 235 0 1
73 235 0 1
78 235 0 1
79 235 0 1
81 235 0 1
82 235 0 1
83 235 0 1
84 235 0 1
85 235 0 1
86 235 0 1
87 235 0 1
94 235 0 1
95 235 0 1
156 235 0 1
158 235 0 1
159 235 0 1
163 235 0 1
164 235 0 1
166 235 0 1
167 235 0 1
169 235 0 1
170 235 0 1
4 236 0 1
33 236 0 1
37 236 0 1
38 236 0 1
39 236 0 1
40 236 0 1
44 236 0 1
46 236 0 1
47 236 0 1
50 236 0 1
51 236 0 1
64 236 0 1
71 236 0 1
72 236 0 1
73 236 0 1
74 236 0 1
76 236 0 1
77 236 0 1
78 236 0 1
79 236 0 1
80 236 0 1
81 236 0 1
82 236 0 1
83 236 0 1
84 236 0 1
85 236 0 1
86 236 0 1
87 236 0 1
88 236 0 1
89 236 0 1
91 236 0 1
94 236 0 1
95 236 0 1
96 236 0 1
151 236 0 1
152 236 0 1
154 236 0 1
157 236 0 1
161 236 0 1
162 236 0 1
163 236 0 1
164 236 0 1
165 236 0 1
166 236 0 1
167 236 0 1
169 236 0 1
170 236 0 1
4 237 0 1
36 237 0 1
37 237 0 1
39 237 0 1
40 237 0 1
50 237 0 1
51 237 0 1
52 237 0 1
71 237 0 1
72 237 0 1
74 237 0 1
76 237 0 1
77 237 0 1
80 237 0 1
82 237 0 1
86 237 0 1
87 237 0 1
88 237 0 1
89 237 0 1
90 237 0 1
91 237 0 1
92 237 0 1
94 237 0 1
97 237 0 1
151 237 0 1
152 237 0 1
153 237 0 1
154 237 0 1
155 237 0 1
157 237 0 1
160 237 0 1
162 237 0 1
165 237 0 1
166 237 0 1
167 237 0 1
170 237 0 1
32 238 0 1
35 238 0 1
75 238 0 1
93 238 0 1
168 238 0 1
33 239 0 1
38 239 0 1
39 239 0 1
46 239 0 1
50 239 0 1
71 239 0 1
72 239 0 1
73 239 0 1
76 239 0 1
77 239 0 1
78 239 0 1
79 239 0 1
80 239 0 1
81 239 0 1
82 239 0 1
83 239 0 1
84 239 0 1
85 239 0 1
86 239 0 1
87 239 0 1
88 239 0 1
89 239 0 1
91 239 0 1
94 239 0 1
95 239 0 1
96 239 0 1
151 239 0 1
152 239 0 1
154 239 0 1
156 239 0 1
157 239 0 1
158 239 0 1
161 239 0 1
162 239 0 1
163 239 0 1
164 239 0 1
166 239 0 1
167 239 0 1
169 239 0 1
170 239 0 1
4 240 0 1
74 240 0 1
76 240 0 1
77 240 0 1
80 240 0 1
88 240 0 1
89 240 0 1
90 240 0 1
91 240 0 1
92 240 0 1
94 240 0 1
96 240 0 1
97 240 0 1
102 240 0 1
108 240 0 1
109 240 0 1
111 240 0 1
113 240 0 1
114 240 0 1
146 240 0 1
151 240 0 1
152 240 0 1
153 240 0 1
154 240 0 1
155 240 0 1
157 240 0 1
160 240 0 1
161 240 0 1
75 241 0 1
93 241 0 1
98 241 0 1
99 241 0 1
100 241 0 1
104 241 0 1
105 241 0 1
106 241 0 1
144 241 0 1
145 241 0 1
149 241 0 1
73 242 0 1
77 242 0 1
78 242 0 1
79 242 0 1
81 242 0 1
82 242 0 1
83 242 0 1
84 242 0 1
85 242 0 1
89 242 0 1
94 242 0 1
95 242 0 1
96 242 0 1
99 242 0 1
101 242 0 1
103 242 0 1
104 242 0 1
107 242 0 1
109 242 0 1
110 242 0 1
112 242 0 1
113 242 0 1
115 242 0 1
152 242 0 1
154 242 0 1
156 242 0 1
157 242 0 1
158 242 0 1
159 242 0 1
161 242 0 1
73 243 0 1
76 243 0 1
77 243 0 1
78 243 0 1
79 243 0 1
80 243 0 1
81 243 0 1
82 243 0 1
84 243 0 1
88 243 0 1
89 243 0 1
91 243 0 1
92 243 0 1
94 243 0 1
95 243 0 1
96 243 0 1
97 243 0 1
101 243 0 1
102 243 0 1
107 243 0 1
108 243 0 1
109 243 0 1
110 243 0 1
111 243 0 1
112 243 0 1
113 243 0 1
114 243 0 1
115 243 0 1
142 243 0 1
146 243 0 1
147 243 0 1
151 243 0 1
152 243 0 1
154 243 0 1
155 243 0 1
157 243 0 1
158 243 0 1
160 243 0 1
161 243 0 1
73 244 0 1
77 244 0 1
78 244 0 1
79 244 0 1
81 244 0 1
82 244 0 1
84 244 0 1
89 244 0 1
91 244 0 1
94 244 0 1
95 244 0 1
96 244 0 1
101 244 0 1
102 244 0 1
103 244 0 1
107 244 0 1
108 244 0 1
109 244 0 1
110 244 0 1
111 244 0 1
112 244 0 1
113 244 0 1
115 244 0 1
142 244 0 1
147 244 0 1
151 244 0 1
152 244 0 1
154 244 0 1
156 244 0 1
157 244 0 1
158 244 0 1
159 244 0 1
161 244 0 1
79 245 0 1
81 245 0 1
93 245 0 1
95 245 0 1
99 245 0 1
100 245 0 1
101 245 0 1
103 245 0 1
104 245 0 1
107 245 0 1
110 245 0 1
112 245 0 1
115 245 0 1
143 245 0 1
144 245 0 1
156 245 0 1
158 245 0 1
159 245 0 1
93 246 0 1
99 246 0 1
100 246 0 1
104 246 0 1
105 246 0 1
143 246 0 1
144 246 0 1
145 246 0 1
149 246 0 1
150 246 0 1
156 246 0 1
159 246 0 1
76 247 0 1
77 247 0 1
82 247 0 1
89 247 0 1
91 247 0 1
92 247 0 1
94 247 0 1
96 247 0 1
97 247 0 1
102 247 0 1
107 247 0 1
108 247 0 1
109 247 0 1
110 247 0 1
111 247 0 1
112 247 0 1
113 247 0 1
114 247 0 1
115 247 0 1
130 247 0 1
131 247 0 1
135 247 0 1
141 247 0 1
142 247 0 1
146 247 0 1
147 247 0 1
151 247 0 1
152 247 0 1
153 247 0 1
154 247 0 1
155 247 0 1
157 247 0 1
160 247 0 1
161 247 0 1
79 248 0 1
95 248 0 1
99 248 0 1
100 248 0 1
101 248 0 1
103 248 0 1
104 248 0 1
107 248 0 1
110 248 0 1
112 248 0 1
115 248 0 1
122 248 0 1
129 248 0 1
134 248 0 1
136 248 0 1
140 248 0 1
143 248 0 1
144 248 0 1
156 248 0 1
158 248 0 1
159 248 0 1
98 249 0 1
105 249 0 1
106 249 0 1
116 249 0 1
120 249 0 1
124 249 0 1
126 249 0 1
132 249 0 1
133 249 0 1
137 249 0 1
138 249 0 1
144 249 0 1
145 249 0 1
149 249 0 1
150 249 0 1
89 250 0 1
94 250 0 1
96 250 0 1
101 250 0 1
102 250 0 1
103 250 0 1
107 250 0 1
108 250 0 1
109 250 0 1
110 250 0 1
111 250 0 1
112 250 0 1
113 250 0 1
114 250 0 1
115 250 0 1
121 250 0 1
129 250 0 1
130 250 0 1
131 250 0 1
134 250 0 1
135 250 0 1
136 250 0 1
141 250 0 1
142 250 0 1
146 250 0 1
147 250 0 1
151 250 0 1
152 250 0 1
154 250 0 1
157 250 0 1
161 250 0 1
98 251 0 1
100 251 0 1
105 251 0 1
106 251 0 1
116 251 0 1
120 251 0 1
124 251 0 1
126 251 0 1
132 251 0 1
133 251 0 1
137 251 0 1
138 251 0 1
144 251 0 1
145 251 0 1
149 251 0 1
150 251 0 1
93 252 0 1
98 252 0 1
99 252 0 1
100 252 0 1
104 252 0 1
105 252 0 1
106 252 0 1
116 252 0 1
120 252 0 1
123 252 0 1
124 252 0 1
125 252 0 1
126 252 0 1
132 252 0 1
133 252 0 1
137 252 0 1
138 252 0 1
143 252 0 1
144 252 0 1
145 252 0 1
149 252 0 1
150 252 0 1
94 253 0 1
95 253 0 1
96 253 0 1
99 253 0 1
101 253 0 1
102 253 0 1
103 253 0 1
104 253 0 1
107 253 0 1
108 253 0 1
109 253 0 1
110 253 0 1
112 253 0 1
113 253 0 1
115 253 0 1
121 253 0 1
122 253 0 1
129 253 0 1
134 253 0 1
135 253 0 1
136 253 0 1
140 253 0 1
142 253 0 1
147 253 0 1
156 253 0 1
157 253 0 1
158 253 0 1
159 253 0 1
161 253 0 1
96 254 0 1
101 254 0 1
102 254 0 1
103 254 0 1
107 254 0 1
108 254 0 1
109 254 0 1
110 254 0 1
111 254 0 1
112 254 0 1
113 254 0 1
115 254 0 1
121 254 0 1
122 254 0 1
129 254 0 1
134 254 0 1
135 254 0 1
136 254 0 1
140 254 0 1
142 254 0 1
146 254 0 1
147 254 0 1
156 254 0 1
157 254 0 1
158 254 0 1
159 254 0 1
161 254 0 1
99 255 0 1
100 255 0 1
101 255 0 1
103 255 0 1
104 255 0 1
112 255 0 1
122 255 0 1
123 255 0 1
125 255 0 1
126 255 0 1
127 255 0 1
128 255 0 1
129 255 0 1
133 255 0 1
134 255 0 1
136 255 0 1
138 255 0 1
140 255 0 1
143 255 0 1
144 255 0 1
145 255 0 1
149 255 0 1
150 255 0 1
159 255 0 1
99 256 0 1
100 256 0 1
104 256 0 1
120 256 0 1
122 256 0 1
123 256 0 1
125 256 0 1
126 256 0 1
127 256 0 1
128 256 0 1
132 256 0 1
133 256 0 1
138 256 0 1
140 256 0 1
143 256 0 1
144 256 0 1
145 256 0 1
149 256 0 1
150 256 0 1
99 257 0 1
100 257 0 1
101 257 0 1
103 257 0 1
104 257 0 1
107 257 0 1
110 257 0 1
112 257 0 1
115 257 0 1
121 257 0 1
122 257 0 1
128 257 0 1
129 257 0 1
134 257 0 1
136 257 0 1
140 257 0 1
143 257 0 1
156 257 0 1
158 257 0 1
159 257 0 1
76 258 0 1
89 258 0 1
91 258 0 1
92 258 0 1
94 258 0 1
96 258 0 1
97 258 0 1
102 258 0 1
107 258 0 1
108 258 0 1
109 258 0 1
111 258 0 1
113 258 0 1
114 258 0 1
115 258 0 1
121 258 0 1
130 258 0 1
131 258 0 1
135 258 0 1
139 258 0 1
141 258 0 1
142 258 0 1
146 258 0 1
147 258 0 1
148 258 0 1
151 258 0 1
152 258 0 1
153 258 0 1
154 258 0 1
155 258 0 1
157 258 0 1
160 258 0 1
161 258 0 1
79 259 0 1
94 259 0 1
95 259 0 1
99 259 0 1
100 259 0 1
101 259 0 1
103 259 0 1
104 259 0 1
107 259 0 1
109 259 0 1
110 259 0 1
112 259 0 1
113 259 0 1
115 259 0 1
122 259 0 1
129 259 0 1
134 259 0 1
136 259 0 1
140 259 0 1
143 259 0 1
156 259 0 1
158 259 0 1
159 259 0 1
161 259 0 1
95 260 0 1
99 260 0 1
100 260 0 1
101 260 0 1
103 260 0 1
104 260 0 1
107 260 0 1
110 260 0 1
112 260 0 1
115 260 0 1
122 260 0 1
123 260 0 1
129 260 0 1
134 260 0 1
136 260 0 1
140 260 0 1
143 260 0 1
144 260 0 1
149 260 0 1
150 260 0 1
156 260 0 1
158 260 0 1
159 260 0 1
95 261 0 1
99 261 0 1
100 261 0 1
101 261 0 1
103 261 0 1
104 261 0 1
107 261 0 1
110 261 0 1
112 261 0 1
115 261 0 1
122 261 0 1
129 261 0 1
134 261 0 1
136 261 0 1
140 261 0 1
143 261 0 1
156 261 0 1
158 261 0 1
159 261 0 1
161 261 0 1
79 262 0 1
82 262 0 1
89 262 0 1
91 262 0 1
94 262 0 1
95 262 0 1
96 262 0 1
101 262 0 1
102 262 0 1
103 262 0 1
107 262 0 1
108 262 0 1
109 262 0 1
110 262 0 1
111 262 0 1
112 262 0 1
113 262 0 1
115 262 0 1
121 262 0 1
129 262 0 1
131 262 0 1
134 262 0 1
135 262 0 1
136 262 0 1
142 262 0 1
146 262 0 1
147 262 0 1
151 262 0 1
152 262 0 1
154 262 0 1
156 262 0 1
157 262 0 1
158 262 0 1
161 262 0 1
79 263 0 1
89 263 0 1
94 263 0 1
95 263 0 1
96 263 0 1
99 263 0 1
101 263 0 1
102 263 0 1
103 263 0 1
107 263 0 1
108 263 0 1
109 263 0 1
110 263 0 1
111 263 0 1
112 263 0 1
113 263 0 1
115 263 0 1
121 263 0 1
122 263 0 1
129 263 0 1
134 263 0 1
135 263 0 1
136 263 0 1
140 263 0 1
142 263 0 1
147 263 0 1
152 263 0 1
154 263 0 1
156 263 0 1
157 263 0 1
158 263 0 1
159 263 0 1
161 263 0 1
93 264 0 1
98 264 0 1
99 264 0 1
100 264 0 1
104 264 0 1
105 264 0 1
106 264 0 1
116 264 0 1
120 264 0 1
123 264 0 1
125 264 0 1
126 264 0 1
132 264 0 1
133 264 0 1
137 264 0 1
138 264 0 1
143 264 0 1
144 264 0 1
145 264 0 1
149 264 0 1
150 264 0 1
93 265 0 1
98 265 0 1
99 265 0 1
100 265 0 1
104 265 0 1
105 265 0 1
123 265 0 1
125 265 0 1
132 265 0 1
133 265 0 1
138 265 0 1
143 265 0 1
144 265 0 1
145 265 0 1
149 265 0 1
150 265 0 1
159 265 0 1
95 266 0 1
99 266 0 1
100 266 0 1
101 266 0 1
103 266 0 1
104 266 0 1
107 266 0 1
110 266 0 1
112 266 0 1
115 266 0 1
122 266 0 1
129 266 0 1
134 266 0 1
136 266 0 1
140 266 0 1
143 266 0 1
156 266 0 1
158 266 0 1
159 266 0 1
161 266 0 1
93 267 0 1
99 267 0 1
100 267 0 1
101 267 0 1
103 267 0 1
104 267 0 1
112 267 0 1
122 267 0 1
123 267 0 1
125 267 0 1
127 267 0 1
129 267 0 1
133 267 0 1
138 267 0 1
140 267 0 1
143 267 0 1
144 267 0 1
145 267 0 1
149 267 0 1
150 267 0 1
159 267 0 1
95 268 0 1
99 268 0 1
100 268 0 1
101 268 0 1
103 268 0 1
104 268 0 1
107 268 0 1
110 268 0 1
112 268 0 1
115 268 0 1
122 268 0 1
123 268 0 1
129 268 0 1
134 268 0 1
136 268 0 1
140 268 0 1
143 268 0 1
144 268 0 1
156 268 0 1
158 268 0 1
159 268 0 1
114 269 0 1
117 269 0 1
118 269 0 1
119 269 0 1
130 269 0 1
131 269 0 1
139 269 0 1
141 269 0 1
142 269 0 1
146 269 0 1
148 269 0 1
153 269 0 1
102 270 0 1
114 270 0 1
117 270 0 1
118 270 0 1
119 270 0 1
130 270 0 1
131 270 0 1
135 270 0 1
139 270 0 1
141 270 0 1
142 270 0 1
146 270 0 1
147 270 0 1
148 270 0 1
153 270 0 1
102 271 0 1
111 271 0 1
114 271 0 1
117 271 0 1
118 271 0 1
119 271 0 1
121 271 0 1
130 271 0 1
131 271 0 1
135 271 0 1
139 271 0 1
141 271 0 1
142 271 0 1
146 271 0 1
147 271 0 1
148 271 0 1
153 271 0 1
102 272 0 1
119 272 0 1
121 272 0 1
129 272 0 1
130 272 0 1
131 272 0 1
134 272 0 1
135 272 0 1
136 272 0 1
139 272 0 1
142 272 0 1
146 272 0 1
147 272 0 1
101 273 0 1
102 273 0 1
103 273 0 1
112 273 0 1
115 273 0 1
121 273 0 1
122 273 0 1
129 273 0 1
131 273 0 1
134 273 0 1
135 273 0 1
136 273 0 1
140 273 0 1
142 273 0 1
146 273 0 1
147 273 0 1
101 274 0 1
103 274 0 1
112 274 0 1
115 274 0 1
121 274 0 1
122 274 0 1
128 274 0 1
129 274 0 1
134 274 0 1
135 274 0 1
136 274 0 1
140 274 0 1
102 275 0 1
113 275 0 1
119 275 0 1
121 275 0 1
130 275 0 1
131 275 0 1
134 275 0 1
135 275 0 1
136 275 0 1
139 275 0 1
142 275 0 1
146 275 0 1
147 275 0 1
114 276 0 1
117 276 0 1
118 276 0 1
119 276 0 1
130 276 0 1
131 276 0 1
135 276 0 1
139 276 0 1
141 276 0 1
142 276 0 1
146 276 0 1
148 276 0 1
153 276 0 1
101 277 0 1
102 277 0 1
119 277 0 1
121 277 0 1
122 277 0 1
129 277 0 1
131 277 0 1
134 277 0 1
135 277 0 1
136 277 0 1
140 277 0 1
142 277 0 1
146 277 0 1
147 277 0 1
101 278 0 1
103 278 0 1
121 278 0 1
122 278 0 1
129 278 0 1
134 278 0 1
135 278 0 1
136 278 0 1
140 278 0 1
142 278 0 1
147 278 0 1
98 279 0 1
116 279 0 1
120 279 0 1
124 279 0 1
126 279 0 1
132 279 0 1
133 279 0 1
137 279 0 1
138 279 0 1
101 280 0 1
103 280 0 1
121 280 0 1
122 280 0 1
123 280 0 1
127 280 0 1
128 280 0 1
129 280 0 1
134 280 0 1
135 280 0 1
136 280 0 1
140 280 0 1
102 281 0 1
111 281 0 1
114 281 0 1
117 281 0 1
118 281 0 1
119 281 0 1
130 281 0 1
131 281 0 1
135 281 0 1
139 281 0 1
141 281 0 1
142 281 0 1
146 281 0 1
147 281 0 1
148 281 0 1
153 281 0 1
102 282 0 1
111 282 0 1
114 282 0 1
117 282 0 1
118 282 0 1
119 282 0 1
130 282 0 1
131 282 0 1
139 282 0 1
141 282 0 1
142 282 0 1
146 282 0 1
148 282 0 1
153 282 0 1
102 283 0 1
108 283 0 1
109 283 0 1
111 283 0 1
113 283 0 1
114 283 0 1
117 283 0 1
118 283 0 1
119 283 0 1
121 283 0 1
130 283 0 1
131 283 0 1
135 283 0 1
139 283 0 1
141 283 0 1
142 283 0 1
146 283 0 1
147 283 0 1
148 283 0 1
153 283 0 1
98 284 0 1
100 284 0 1
105 284 0 1
106 284 0 1
116 284 0 1
120 284 0 1
123 284 0 1
124 284 0 1
125 284 0 1
126 284 0 1
127 284 0 1
128 284 0 1
132 284 0 1
133 284 0 1
137 284 0 1
138 284 0 1
143 284 0 1
144 284 0 1
145 284 0 1
149 284 0 1
150 284 0 1
99 285 0 1
100 285 0 1
104 285 0 1
120 285 0 1
122 285 0 1
123 285 0 1
124 285 0 1
125 285 0 1
126 285 0 1
127 285 0 1
128 285 0 1
129 285 0 1
132 285 0 1
133 285 0 1
138 285 0 1
140 285 0 1
143 285 0 1
144 285 0 1
145 285 0 1
149 285 0 1
150 285 0 1
99 286 0 1
100 286 0 1
101 286 0 1
103 286 0 1
104 286 0 1
112 286 0 1
122 286 0 1
123 286 0 1
125 286 0 1
126 286 0 1
127 286 0 1
128 286 0 1
129 286 0 1
133 286 0 1
134 286 0 1
136 286 0 1
140 286 0 1
143 286 0 1
144 286 0 1
145 286 0 1
149 286 0 1
150 286 0 1
99 287 0 1
101 287 0 1
103 287 0 1
107 287 0 1
110 287 0 1
112 287 0 1
115 287 0 1
121 287 0 1
122 287 0 1
128 287 0 1
129 287 0 1
134 287 0 1
135 287 0 1
136 287 0 1
140 287 0 1
143 287 0 1
101 288 0 1
102 288 0 1
103 288 0 1
107 288 0 1
109 288 0 1
110 288 0 1
111 288 0 1
112 288 0 1
113 288 0 1
115 288 0 1
119 288 0 1
121 288 0 1
122 288 0 1
129 288 0 1
131 288 0 1
134 288 0 1
135 288 0 1
136 288 0 1
139 288 0 1
140 288 0 1
142 288 0 1
146 288 0 1
147 288 0 1
98 289 0 1
105 289 0 1
106 289 0 1
116 289 0 1
120 289 0 1
124 289 0 1
126 289 0 1
132 289 0 1
133 289 0 1
137 289 0 1
138 289 0 1
145 289 0 1
149 289 0 1
150 289 0 1
102 290 0 1
108 290 0 1
111 290 0 1
113 290 0 1
114 290 0 1
118 290 0 1
119 290 0 1
121 290 0 1
130 290 0 1
131 290 0 1
135 290 0 1
139 290 0 1
141 290 0 1
142 290 0 1
146 290 0 1
147 290 0 1
148 290 0 1
153 290 0 1
98 291 0 1
105 291 0 1
106 291 0 1
116 291 0 1
120 291 0 1
124 291 0 1
125 291 0 1
126 291 0 1
132 291 0 1
133 291 0 1
137 291 0 1
138 291 0 1
144 291 0 1
145 291 0 1
149 291 0 1
150 291 0 1
98 292 0 1
100 292 0 1
106 292 0 1
116 292 0 1
120 292 0 1
123 292 0 1
124 292 0 1
125 292 0 1
126 292 0 1
127 292 0 1
132 292 0 1
133 292 0 1
137 292 0 1
138 292 0 1
143 292 0 1
144 292 0 1
145 292 0 1
149 292 0 1
150 292 0 1
101 293 0 1
103 293 0 1
110 293 0 1
112 293 0 1
115 293 0 1
121 293 0 1
122 293 0 1
129 293 0 1
134 293 0 1
135 293 0 1
136 293 0 1
140 293 0 1
142 293 0 1
147 293 0 1
99 294 0 1
100 294 0 1
103 294 0 1
122 294 0 1
123 294 0 1
125 294 0 1
126 294 0 1
127 294 0 1
128 294 0 1
129 294 0 1
133 294 0 1
134 294 0 1
136 294 0 1
138 294 0 1
140 294 0 1
143 294 0 1
144 294 0 1
145 294 0 1
149 294 0 1
150 294 0 1
97 295 0 1
102 295 0 1
108 295 0 1
111 295 0 1
113 295 0 1
114 295 0 1
117 295 0 1
118 295 0 1
119 295 0 1
130 295 0 1
131 295 0 1
135 295 0 1
139 295 0 1
141 295 0 1
142 295 0 1
146 295 0 1
147 295 0 1
148 295 0 1
153 295 0 1
160 295 0 1
96 296 0 1
97 296 0 1
102 296 0 1
108 296 0 1
109 296 0 1
111 296 0 1
113 296 0 1
114 296 0 1
117 296 0 1
118 296 0 1
119 296 0 1
121 296 0 1
130 296 0 1
131 296 0 1
135 296 0 1
139 296 0 1
141 296 0 1
142 296 0 1
146 296 0 1
147 296 0 1
148 296 0 1
151 296 0 1
153 296 0 1
98 297 0 1
100 297 0 1
105 297 0 1
106 297 0 1
116 297 0 1
120 297 0 1
123 297 0 1
124 297 0 1
125 297 0 1
126 297 0 1
127 297 0 1
132 297 0 1
133 297 0 1
137 297 0 1
138 297 0 1
143 297 0 1
144 297 0 1
145 297 0 1
149 297 0 1
150 297 0 1
99 298 0 1
100 298 0 1
101 298 0 1
103 298 0 1
104 298 0 1
110 298 0 1
112 298 0 1
115 298 0 1
122 298 0 1
123 298 0 1
125 298 0 1
127 298 0 1
128 298 0 1
129 298 0 1
133 298 0 1
134 298 0 1
136 298 0 1
140 298 0 1
143 298 0 1
144 298 0 1
145 298 0 1
149 298 0 1
150 298 0 1
159 298 0 1
98 299 0 1
99 299 0 1
100 299 0 1
105 299 0 1
106 299 0 1
116 299 0 1
120 299 0 1
123 299 0 1
124 299 0 1
125 299 0 1
126 299 0 1
127 299 0 1
128 299 0 1
132 299 0 1
133 299 0 1
137 299 0 1
138 299 0 1
143 299 0 1
144 299 0 1
145 299 0 1
149 299 0 1
150 299 0 1
99 300 0 1
101 300 0 1
103 300 0 1
104 300 0 1
107 300 0 1
109 300 0 1
110 300 0 1
112 300 0 1
113 300 0 1
115 300 0 1
121 300 0 1
122 300 0 1
128 300 0 1
129 300 0 1
134 300 0 1
135 300 0 1
136 300 0 1
140 300 0 1
142 300 0 1
143 300 0 1
147 300 0 1
101 301 0 1
102 301 0 1
103 301 0 1
107 301 0 1
108 301 0 1
109 301 0 1
110 301 0 1
111 301 0 1
112 301 0 1
113 301 0 1
115 301 0 1
121 301 0 1
122 301 0 1
129 301 0 1
131 301 0 1
134 301 0 1
135 301 0 1
136 301 0 1
140 301 0 1
142 301 0 1
146 301 0 1
147 301 0 1
96 302 0 1
101 302 0 1
102 302 0 1
103 302 0 1
107 302 0 1
108 302 0 1
109 302 0 1
110 302 0 1
111 302 0 1
112 302 0 1
113 302 0 1
115 302 0 1
121 302 0 1
122 302 0 1
129 302 0 1
131 302 0 1
134 302 0 1
135 302 0 1
136 302 0 1
140 302 0 1
142 302 0 1
146 302 0 1
147 302 0 1
161 302 0 1
98 303 0 1
105 303 0 1
106 303 0 1
116 303 0 1
120 303 0 1
124 303 0 1
126 303 0 1
132 303 0 1
133 303 0 1
137 303 0 1
138 303 0 1
144 303 0 1
145 303 0 1
149 303 0 1
150 303 0 1
98 304 0 1
100 304 0 1
105 304 0 1
106 304 0 1
116 304 0 1
120 304 0 1
123 304 0 1
124 304 0 1
125 304 0 1
126 304 0 1
127 304 0 1
132 304 0 1
133 304 0 1
137 304 0 1
138 304 0 1
143 304 0 1
144 304 0 1
145 304 0 1
149 304 0 1
150 304 0 1
101 305 0 1
102 305 0 1
103 305 0 1
107 305 0 1
108 305 0 1
109 305 0 1
110 305 0 1
111 305 0 1
112 305 0 1
113 305 0 1
115 305 0 1
119 305 0 1
121 305 0 1
129 305 0 1
130 305 0 1
131 305 0 1
134 305 0 1
135 305 0 1
136 305 0 1
139 305 0 1
142 305 0 1
146 305 0 1
147 305 0 1
99 306 0 1
100 306 0 1
103 306 0 1
104 306 0 1
122 306 0 1
123 306 0 1
125 306 0 1
126 306 0 1
127 306 0 1
128 306 0 1
129 306 0 1
132 306 0 1
133 306 0 1
134 306 0 1
136 306 0 1
138 306 0 1
140 306 0 1
143 306 0 1
144 306 0 1
145 306 0 1
149 306 0 1
150 306 0 1
98 307 0 1
99 307 0 1
100 307 0 1
104 307 0 1
116 307 0 1
120 307 0 1
122 307 0 1
123 307 0 1
124 307 0 1
125 307 0 1
126 307 0 1
127 307 0 1
128 307 0 1
132 307 0 1
133 307 0 1
137 307 0 1
138 307 0 1
143 307 0 1
144 307 0 1
145 307 0 1
149 307 0 1
150 307 0 1
4 308 0 1
74 308 0 1
76 308 0 1
77 308 0 1
80 308 0 1
89 308 0 1
90 308 0 1
91 308 0 1
92 308 0 1
96 308 0 1
97 308 0 1
102 308 0 1
108 308 0 1
109 308 0 1
111 308 0 1
113 308 0 1
114 308 0 1
130 308 0 1
131 308 0 1
141 308 0 1
142 308 0 1
146 308 0 1
147 308 0 1
148 308 0 1
151 308 0 1
152 308 0 1
153 308 0 1
154 308 0 1
155 308 0 1
157 308 0 1
160 308 0 1
76 309 0 1
77 309 0 1
78 309 0 1
79 309 0 1
81 309 0 1
82 309 0 1
89 309 0 1
91 309 0 1
94 309 0 1
95 309 0 1
96 309 0 1
97 309 0 1
101 309 0 1
102 309 0 1
107 309 0 1
108 309 0 1
109 309 0 1
110 309 0 1
111 309 0 1
112 309 0 1
113 309 0 1
114 309 0 1
115 309 0 1
135 309 0 1
142 309 0 1
146 309 0 1
147 309 0 1
151 309 0 1
152 309 0 1
154 309 0 1
155 309 0 1
157 309 0 1
158 309 0 1
160 309 0 1
161 309 0 1
73 310 0 1
78 310 0 1
79 310 0 1
81 310 0 1
82 310 0 1
94 310 0 1
95 310 0 1
99 310 0 1
100 310 0 1
101 310 0 1
103 310 0 1
104 310 0 1
107 310 0 1
110 310 0 1
112 310 0 1
115 310 0 1
129 310 0 1
143 310 0 1
156 310 0 1
158 310 0 1
159 310 0 1
161 310 0 1
73 311 0 1
77 311 0 1
78 311 0 1
79 311 0 1
81 311 0 1
82 311 0 1
84 311 0 1
89 311 0 1
91 311 0 1
94 311 0 1
95 311 0 1
96 311 0 1
101 311 0 1
102 311 0 1
103 311 0 1
107 311 0 1
108 311 0 1
109 311 0 1
110 311 0 1
111 311 0 1
112 311 0 1
113 311 0 1
115 311 0 1
142 311 0 1
147 311 0 1
151 311 0 1
152 311 0 1
154 311 0 1
156 311 0 1
157 311 0 1
158 311 0 1
159 311 0 1
161 311 0 1
93 312 0 1
99 312 0 1
100 312 0 1
103 312 0 1
104 312 0 1
143 312 0 1
144 312 0 1
145 312 0 1
149 312 0 1
150 312 0 1
156 312 0 1
158 312 0 1
159 312 0 1
93 313 0 1
99 313 0 1
100 313 0 1
103 313 0 1
104 313 0 1
123 313 0 1
133 313 0 1
143 313 0 1
144 313 0 1
145 313 0 1
149 313 0 1
150 313 0 1
156 313 0 1
159 313 0 1
78 314 0 1
79 314 0 1
81 314 0 1
95 314 0 1
99 314 0 1
100 314 0 1
101 314 0 1
103 314 0 1
104 314 0 1
107 314 0 1
110 314 0 1
112 314 0 1
115 314 0 1
129 314 0 1
134 314 0 1
143 314 0 1
156 314 0 1
158 314 0 1
159 314 0 1
75 315 0 1
93 315 0 1
98 315 0 1
105 315 0 1
106 315 0 1
116 315 0 1
132 315 0 1
137 315 0 1
145 315 0 1
79 316 0 1
95 316 0 1
99 316 0 1
100 316 0 1
101 316 0 1
103 316 0 1
104 316 0 1
107 316 0 1
110 316 0 1
112 316 0 1
115 316 0 1
129 316 0 1
134 316 0 1
136 316 0 1
143 316 0 1
144 316 0 1
156 316 0 1
158 316 0 1
159 316 0 1
93 317 0 1
95 317 0 1
99 317 0 1
100 317 0 1
101 317 0 1
103 317 0 1
104 317 0 1
110 317 0 1
112 317 0 1
143 317 0 1
144 317 0 1
145 317 0 1
149 317 0 1
150 317 0 1
156 317 0 1
158 317 0 1
159 317 0 1
75 318 0 1
93 318 0 1
98 318 0 1
105 318 0 1
106 318 0 1
116 318 0 1
145 318 0 1
168 318 0 1
4 319 0 1
71 319 0 1
74 319 0 1
76 319 0 1
77 319 0 1
78 319 0 1
80 319 0 1
82 319 0 1
86 319 0 1
87 319 0 1
88 319 0 1
89 319 0 1
90 319 0 1
91 319 0 1
92 319 0 1
94 319 0 1
96 319 0 1
97 319 0 1
108 319 0 1
109 319 0 1
111 319 0 1
113 319 0 1
114 319 0 1
151 319 0 1
152 319 0 1
153 319 0 1
154 319 0 1
155 319 0 1
157 319 0 1
160 319 0 1
161 319 0 1
162 319 0 1
165 319 0 1
167 319 0 1
70 320 0 1
73 320 0 1
78 320 0 1
79 320 0 1
81 320 0 1
83 320 0 1
85 320 0 1
93 320 0 1
95 320 0 1
99 320 0 1
104 320 0 1
112 320 0 1
156 320 0 1
158 320 0 1
159 320 0 1
70 321 0 1
93 321 0 1
99 321 0 1
100 321 0 1
104 321 0 1
144 321 0 1
159 321 0 1
35 322 0 1
75 322 0 1
93 322 0 1
105 322 0 1
106 322 0 1
168 322 0 1
72 323 0 1
73 323 0 1
77 323 0 1
78 323 0 1
79 323 0 1
80 323 0 1
81 323 0 1
82 323 0 1
83 323 0 1
84 323 0 1
85 323 0 1
86 323 0 1
87 323 0 1
88 323 0 1
89 323 0 1
91 323 0 1
94 323 0 1
95 323 0 1
96 323 0 1
107 323 0 1
108 323 0 1
109 323 0 1
110 323 0 1
111 323 0 1
112 323 0 1
113 323 0 1
115 323 0 1
151 323 0 1
152 323 0 1
154 323 0 1
156 323 0 1
157 323 0 1
158 323 0 1
159 323 0 1
161 323 0 1
167 323 0 1
170 323 0 1
4 324 0 1
71 324 0 1
74 324 0 1
76 324 0 1
77 324 0 1
78 324 0 1
79 324 0 1
80 324 0 1
81 324 0 1
82 324 0 1
84 324 0 1
86 324 0 1
87 324 0 1
88 324 0 1
89 324 0 1
90 324 0 1
91 324 0 1
92 324 0 1
94 324 0 1
95 324 0 1
96 324 0 1
97 324 0 1
102 324 0 1
107 324 0 1
108 324 0 1
109 324 0 1
111 324 0 1
113 324 0 1
114 324 0 1
147 324 0 1
151 324 0 1
152 324 0 1
153 324 0 1
154 324 0 1
155 324 0 1
157 324 0 1
160 324 0 1
161 324 0 1
72 325 0 1
73 325 0 1
77 325 0 1
78 325 0 1
79 325 0 1
81 325 0 1
82 325 0 1
83 325 0 1
84 325 0 1
85 325 0 1
86 325 0 1
87 325 0 1
88 325 0 1
89 325 0 1
91 325 0 1
94 325 0 1
95 325 0 1
96 325 0 1
101 325 0 1
103 325 0 1
107 325 0 1
108 325 0 1
109 325 0 1
110 325 0 1
111 325 0 1
112 325 0 1
113 325 0 1
115 325 0 1
151 325 0 1
152 325 0 1
154 325 0 1
156 325 0 1
157 325 0 1
158 325 0 1
159 325 0 1
161 325 0 1
72 326 0 1
73 326 0 1
77 326 0 1
78 326 0 1
79 326 0 1
81 326 0 1
82 326 0 1
83 326 0 1
84 326 0 1
85 326 0 1
86 326 0 1
89 326 0 1
91 326 0 1
94 326 0 1
95 326 0 1
96 326 0 1
101 326 0 1
103 326 0 1
107 326 0 1
109 326 0 1
110 326 0 1
112 326 0 1
113 326 0 1
115 326 0 1
152 326 0 1
154 326 0 1
156 326 0 1
157 326 0 1
158 326 0 1
159 326 0 1
161 326 0 1
72 327 0 1
73 327 0 1
78 327 0 1
79 327 0 1
81 327 0 1
82 327 0 1
83 327 0 1
84 327 0 1
85 327 0 1
86 327 0 1
89 327 0 1
94 327 0 1
95 327 0 1
96 327 0 1
99 327 0 1
101 327 0 1
103 327 0 1
104 327 0 1
107 327 0 1
109 327 0 1
110 327 0 1
112 327 0 1
115 327 0 1
154 327 0 1
156 327 0 1
157 327 0 1
158 327 0 1
159 327 0 1
161 327 0 1
70 328 0 1
93 328 0 1
95 328 0 1
99 328 0 1
100 328 0 1
104 328 0 1
156 328 0 1
158 328 0 1
159 328 0 1
70 329 0 1
93 329 0 1
99 329 0 1
100 329 0 1
104 329 0 1
144 329 0 1
145 329 0 1
156 329 0 1
158 329 0 1
159 329 0 1
