2 3 0 0
1 4 0 0
1 5 0 0
4 5 0 0
2 6 0 0
3 6 0 0
1 7 0 0
1 8 0 0
5 8 0 0
7 8 0 0
1 9 0 0
4 9 0 0
5 9 0 0
1 10 0 0
7 10 0 0
8 10 0 0
1 11 0 0
7 11 0 0
8 11 0 0
10 11 0 0
1 12 0 0
7 12 0 0
8 12 0 0
10 12 0 0
11 12 0 0
2 13 0 0
3 13 0 0
6 13 0 0
2 14 0 0
3 14 0 0
6 14 0 0
13 14 0 0
1 15 0 0
4 15 0 0
5 15 0 0
9 15 0 0
1 16 0 0
4 16 0 0
5 16 0 0
7 16 0 0
8 16 0 0
9 16 0 0
10 16 0 0
12 16 0 0
13 17 0 0
14 17 0 0
1 18 0 0
9 18 0 0
16 18 0 0
1 19 0 0
8 19 0 0
16 19 0 0
18 19 0 0
2 20 0 0
3 20 0 0
6 20 0 0
13 20 0 0
14 20 0 0
17 20 0 0
1 21 0 0
4 21 0 0
5 21 0 0
9 21 0 0
15 21 0 0
16 21 0 0
18 21 0 0
19 21 0 0
1 22 0 0
5 22 0 0
8 22 0 0
9 22 0 0
16 22 0 0
18 22 0 0
19 22 0 0
21 22 0 0
1 23 0 0
5 23 0 0
7 23 0 0
8 23 0 0
9 23 0 0
10 23 0 0
11 23 0 0
12 23 0 0
16 23 0 0
18 23 0 0
19 23 0 0
21 23 0 0
22 23 0 0
1 24 0 0
7 24 0 0
8 24 0 0
10 24 0 0
11 24 0 0
12 24 0 0
16 24 0 0
18 24 0 0
19 24 0 0
21 24 0 0
22 24 0 0
23 24 0 0
1 25 0 0
7 25 0 0
8 25 0 0
10 25 0 0
11 25 0 0
12 25 0 0
16 25 0 0
18 25 0 0
19 25 0 0
21 25 0 0
22 25 0 0
23 25 0 0
24 25 0 0
1 26 0 0
4 26 0 0
5 26 0 0
9 26 0 0
15 26 0 0
16 26 0 0
18 26 0 0
21 26 0 0
22 26 0 0
1 27 0 0
4 27 0 0
5 27 0 0
7 27 0 0
8 27 0 0
9 27 0 0
10 27 0 0
11 27 0 0
12 27 0 0
16 27 0 0
18 27 0 0
19 27 0 0
21 27 0 0
22 27 0 0
23 27 0 0
24 27 0 0
25 27 0 0
26 27 0 0
1 28 0 0
4 28 0 0
5 28 0 0
9 28 0 0
15 28 0 0
16 28 0 0
18 28 0 0
19 28 0 0
21 28 0 0
22 28 0 0
23 28 0 0
25 28 0 0
26 28 0 0
27 28 0 0
1 29 0 0
4 29 0 0
5 29 0 0
9 29 0 0
15 29 0 0
16 29 0 0
18 29 0 0
21 29 0 0
22 29 0 0
23 29 0 0
26 29 0 0
28 29 0 0
1 30 0 0
7 30 0 0
8 30 0 0
10 30 0 0
11 30 0 0
12 30 0 0
16 30 0 0
19 30 0 0
23 30 0 0
24 30 0 0
25 30 0 0
27 30 0 0
1 31 0 0
4 31 0 0
5 31 0 0
9 31 0 0
15 31 0 0
16 31 0 0
18 31 0 0
19 31 0 0
21 31 0 0
22 31 0 0
23 31 0 0
25 31 0 0
26 31 0 0
27 31 0 0
28 31 0 0
29 31 0 0
1 32 0 0
5 32 0 0
7 32 0 0
8 32 0 0
9 32 0 0
10 32 0 0
11 32 0 0
12 32 0 0
16 32 0 0
18 32 0 0
19 32 0 0
21 32 0 0
22 32 0 0
23 32 0 0
24 32 0 0
25 32 0 0
27 32 0 0
28 32 0 0
30 32 0 0
31 32 0 0
1 33 0 0
7 33 0 0
8 33 0 0
10 33 0 0
11 33 0 0
12 33 0 0
16 33 0 0
19 33 0 0
22 33 0 0
23 33 0 0
24 33 0 0
25 33 0 0
27 33 0 0
30 33 0 0
32 33 0 0
1 34 0 0
19 34 0 0
23 34 0 0
24 34 0 0
25 34 0 0
33 34 0 0
18 36 0 0
21 36 0 0
35 37 0 0
36 37 0 0
17 38 0 0
20 38 0 0
35 38 0 0
35 39 0 0
36 39 0 0
37 39 0 0
38 39 0 0
35 40 0 0
36 40 0 0
37 40 0 0
38 40 0 0
39 40 0 0
35 41 0 0
37 41 0 0
38 41 0 0
39 41 0 0
40 41 0 0
17 42 0 0
35 42 0 0
38 42 0 0
39 42 0 0
40 42 0 0
41 42 0 0
17 43 0 0
20 43 0 0
35 43 0 0
38 43 0 0
41 43 0 0
42 43 0 0
1 44 0 0
18 44 0 0
19 44 0 0
22 44 0 0
23 44 0 0
24 44 0 0
25 44 0 0
32 44 0 0
33 44 0 0
34 44 0 0
17 45 0 0
20 45 0 0
35 45 0 0
37 45 0 0
38 45 0 0
39 45 0 0
40 45 0 0
41 45 0 0
42 45 0 0
43 45 0 0
17 46 0 0
20 46 0 0
35 46 0 0
38 46 0 0
39 46 0 0
40 46 0 0
41 46 0 0
42 46 0 0
43 46 0 0
45 46 0 0
17 47 0 0
20 47 0 0
38 47 0 0
42 47 0 0
43 47 0 0
45 47 0 0
46 47 0 0
1 48 0 0
16 48 0 0
18 48 0 0
19 48 0 0
21 48 0 0
22 48 0 0
23 48 0 0
24 48 0 0
25 48 0 0
27 48 0 0
28 48 0 0
29 48 0 0
31 48 0 0
32 48 0 0
36 48 0 0
44 48 0 0
1 49 0 0
8 49 0 0
11 49 0 0
12 49 0 0
16 49 0 0
18 49 0 0
19 49 0 0
21 49 0 0
22 49 0 0
23 49 0 0
24 49 0 0
25 49 0 0
27 49 0 0
30 49 0 0
32 49 0 0
33 49 0 0
34 49 0 0
44 49 0 0
48 49 0 0
1 50 0 0
16 50 0 0
18 50 0 0
19 50 0 0
22 50 0 0
23 50 0 0
24 50 0 0
25 50 0 0
30 50 0 0
32 50 0 0
33 50 0 0
34 50 0 0
44 50 0 0
48 50 0 0
49 50 0 0
35 51 0 0
37 51 0 0
38 51 0 0
39 51 0 0
40 51 0 0
41 51 0 0
42 51 0 0
45 51 0 0
46 51 0 0
1 52 0 0
18 52 0 0
21 52 0 0
22 52 0 0
23 52 0 0
26 52 0 0
29 52 0 0
31 52 0 0
36 52 0 0
37 52 0 0
48 52 0 0
49 52 0 0
1 53 0 0
19 53 0 0
23 53 0 0
24 53 0 0
25 53 0 0
30 53 0 0
32 53 0 0
33 53 0 0
34 53 0 0
44 53 0 0
49 53 0 0
50 53 0 0
1 54 0 0
16 54 0 0
18 54 0 0
19 54 0 0
21 54 0 0
22 54 0 0
23 54 0 0
25 54 0 0
29 54 0 0
31 54 0 0
36 54 0 0
48 54 0 0
49 54 0 0
52 54 0 0
1 55 0 0
16 55 0 0
18 55 0 0
19 55 0 0
22 55 0 0
23 55 0 0
24 55 0 0
25 55 0 0
32 55 0 0
33 55 0 0
34 55 0 0
44 55 0 0
48 55 0 0
49 55 0 0
50 55 0 0
53 55 0 0
17 56 0 0
20 56 0 0
35 56 0 0
37 56 0 0
38 56 0 0
39 56 0 0
40 56 0 0
41 56 0 0
42 56 0 0
43 56 0 0
45 56 0 0
46 56 0 0
51 56 0 0
1 57 0 0
16 57 0 0
18 57 0 0
19 57 0 0
21 57 0 0
22 57 0 0
23 57 0 0
24 57 0 0
25 57 0 0
31 57 0 0
32 57 0 0
34 57 0 0
36 57 0 0
44 57 0 0
48 57 0 0
49 57 0 0
50 57 0 0
52 57 0 0
53 57 0 0
54 57 0 0
55 57 0 0
34 58 0 0
44 58 0 0
53 58 0 0
55 58 0 0
49 59 0 0
57 59 0 0
58 59 0 0
57 60 0 0
59 60 0 0
34 61 0 0
44 61 0 0
49 61 0 0
50 61 0 0
53 61 0 0
55 61 0 0
57 61 0 0
58 61 0 0
59 61 0 0
60 61 0 0
36 62 0 0
37 62 0 0
49 62 0 0
52 62 0 0
54 62 0 0
57 62 0 0
60 62 0 0
35 63 0 0
37 63 0 0
39 63 0 0
40 63 0 0
41 63 0 0
42 63 0 0
45 63 0 0
51 63 0 0
56 63 0 0
35 64 0 0
36 64 0 0
37 64 0 0
39 64 0 0
40 64 0 0
41 64 0 0
51 64 0 0
56 64 0 0
62 64 0 0
63 64 0 0
34 65 0 0
44 65 0 0
49 65 0 0
53 65 0 0
55 65 0 0
57 65 0 0
58 65 0 0
59 65 0 0
60 65 0 0
61 65 0 0
62 65 0 0
36 66 0 0
49 66 0 0
54 66 0 0
57 66 0 0
59 66 0 0
60 66 0 0
62 66 0 0
65 66 0 0
35 67 0 0
36 67 0 0
37 67 0 0
39 67 0 0
40 67 0 0
41 67 0 0
62 67 0 0
63 67 0 0
64 67 0 0
66 67 0 0
35 68 0 0
38 68 0 0
39 68 0 0
40 68 0 0
41 68 0 0
42 68 0 0
43 68 0 0
45 68 0 0
46 68 0 0
56 68 0 0
63 68 0 0
35 69 0 0
38 69 0 0
39 69 0 0
40 69 0 0
41 69 0 0
42 69 0 0
43 69 0 0
45 69 0 0
46 69 0 0
56 69 0 0
63 69 0 0
64 69 0 0
67 69 0 0
68 69 0 0
35 70 0 0
37 70 0 0
39 70 0 0
40 70 0 0
41 70 0 0
42 70 0 0
45 70 0 0
51 70 0 0
56 70 0 0
63 70 0 0
64 70 0 0
67 70 0 0
68 70 0 0
69 70 0 0
34 71 0 0
44 71 0 0
49 71 0 0
55 71 0 0
57 71 0 0
58 71 0 0
59 71 0 0
60 71 0 0
61 71 0 0
65 71 0 0
66 71 0 0
35 72 0 0
37 72 0 0
39 72 0 0
40 72 0 0
41 72 0 0
42 72 0 0
63 72 0 0
64 72 0 0
67 72 0 0
68 72 0 0
69 72 0 0
70 72 0 0
35 73 0 0
36 73 0 0
37 73 0 0
39 73 0 0
40 73 0 0
41 73 0 0
45 73 0 0
56 73 0 0
62 73 0 0
63 73 0 0
64 73 0 0
67 73 0 0
68 73 0 0
69 73 0 0
70 73 0 0
72 73 0 0
35 74 0 0
37 74 0 0
38 74 0 0
39 74 0 0
40 74 0 0
41 74 0 0
42 74 0 0
45 74 0 0
46 74 0 0
56 74 0 0
63 74 0 0
64 74 0 0
67 74 0 0
68 74 0 0
69 74 0 0
70 74 0 0
72 74 0 0
73 74 0 0
35 75 0 0
37 75 0 0
39 75 0 0
40 75 0 0
41 75 0 0
63 75 0 0
64 75 0 0
67 75 0 0
68 75 0 0
69 75 0 0
70 75 0 0
72 75 0 0
73 75 0 0
74 75 0 0
36 76 0 0
37 76 0 0
54 76 0 0
57 76 0 0
60 76 0 0
62 76 0 0
64 76 0 0
66 76 0 0
67 76 0 0
73 76 0 0
36 77 0 0
54 77 0 0
57 77 0 0
59 77 0 0
60 77 0 0
62 77 0 0
65 77 0 0
66 77 0 0
67 77 0 0
76 77 0 0
58 78 0 0
59 78 0 0
60 78 0 0
61 78 0 0
65 78 0 0
66 78 0 0
71 78 0 0
77 78 0 0
60 79 0 0
62 79 0 0
63 79 0 0
64 79 0 0
66 79 0 0
67 79 0 0
70 79 0 0
72 79 0 0
73 79 0 0
75 79 0 0
76 79 0 0
77 79 0 0
58 80 0 0
59 80 0 0
60 80 0 0
61 80 0 0
65 80 0 0
71 80 0 0
78 80 0 0
63 81 0 0
64 81 0 0
67 81 0 0
70 81 0 0
72 81 0 0
73 81 0 0
74 81 0 0
75 81 0 0
76 81 0 0
79 81 0 0
41 82 0 0
63 82 0 0
64 82 0 0
67 82 0 0
68 82 0 0
69 82 0 0
70 82 0 0
72 82 0 0
73 82 0 0
74 82 0 0
75 82 0 0
79 82 0 0
81 82 0 0
59 83 0 0
60 83 0 0
61 83 0 0
65 83 0 0
66 83 0 0
71 83 0 0
77 83 0 0
78 83 0 0
80 83 0 0
78 85 0 0
80 85 0 0
83 85 0 0
78 86 0 0
80 86 0 0
83 86 0 0
85 86 0 0
79 87 0 0
81 87 0 0
84 88 0 0
84 89 0 0
88 89 0 0
60 90 0 0
77 90 0 0
79 90 0 0
81 90 0 0
83 90 0 0
87 90 0 0
76 91 0 0
79 91 0 0
81 91 0 0
87 91 0 0
90 91 0 0
78 92 0 0
79 92 0 0
83 92 0 0
86 92 0 0
87 92 0 0
90 92 0 0
91 92 0 0
79 93 0 0
81 93 0 0
82 93 0 0
87 93 0 0
91 93 0 0
84 94 0 0
88 94 0 0
89 94 0 0
64 95 0 0
67 95 0 0
70 95 0 0
72 95 0 0
73 95 0 0
75 95 0 0
79 95 0 0
81 95 0 0
82 95 0 0
87 95 0 0
91 95 0 0
93 95 0 0
68 96 0 0
84 96 0 0
88 96 0 0
89 96 0 0
94 96 0 0
62 97 0 0
64 97 0 0
66 97 0 0
67 97 0 0
72 97 0 0
73 97 0 0
75 97 0 0
76 97 0 0
77 97 0 0
79 97 0 0
81 97 0 0
82 97 0 0
87 97 0 0
90 97 0 0
91 97 0 0
92 97 0 0
93 97 0 0
95 97 0 0
63 98 0 0
67 98 0 0
68 98 0 0
69 98 0 0
70 98 0 0
72 98 0 0
73 98 0 0
74 98 0 0
75 98 0 0
81 98 0 0
82 98 0 0
89 98 0 0
93 98 0 0
95 98 0 0
97 98 0 0
63 99 0 0
68 99 0 0
69 99 0 0
70 99 0 0
72 99 0 0
73 99 0 0
74 99 0 0
75 99 0 0
81 99 0 0
82 99 0 0
89 99 0 0
93 99 0 0
94 99 0 0
95 99 0 0
96 99 0 0
98 99 0 0
60 100 0 0
62 100 0 0
66 100 0 0
76 100 0 0
77 100 0 0
78 100 0 0
79 100 0 0
81 100 0 0
83 100 0 0
87 100 0 0
90 100 0 0
91 100 0 0
92 100 0 0
95 100 0 0
97 100 0 0
63 101 0 0
64 101 0 0
67 101 0 0
70 101 0 0
72 101 0 0
73 101 0 0
74 101 0 0
75 101 0 0
79 101 0 0
81 101 0 0
82 101 0 0
87 101 0 0
91 101 0 0
93 101 0 0
95 101 0 0
97 101 0 0
98 101 0 0
99 101 0 0
60 102 0 0
66 102 0 0
76 102 0 0
77 102 0 0
79 102 0 0
81 102 0 0
87 102 0 0
90 102 0 0
91 102 0 0
92 102 0 0
93 102 0 0
95 102 0 0
97 102 0 0
100 102 0 0
101 102 0 0
67 103 0 0
73 103 0 0
76 103 0 0
77 103 0 0
79 103 0 0
81 103 0 0
82 103 0 0
87 103 0 0
90 103 0 0
91 103 0 0
92 103 0 0
93 103 0 0
95 103 0 0
97 103 0 0
100 103 0 0
101 103 0 0
102 103 0 0
59 104 0 0
71 104 0 0
78 104 0 0
80 104 0 0
83 104 0 0
85 104 0 0
86 104 0 0
69 105 0 0
72 105 0 0
74 105 0 0
81 105 0 0
82 105 0 0
88 105 0 0
89 105 0 0
93 105 0 0
94 105 0 0
95 105 0 0
96 105 0 0
98 105 0 0
99 105 0 0
101 105 0 0
60 106 0 0
76 106 0 0
77 106 0 0
79 106 0 0
81 106 0 0
87 106 0 0
90 106 0 0
91 106 0 0
92 106 0 0
95 106 0 0
97 106 0 0
100 106 0 0
101 106 0 0
102 106 0 0
103 106 0 0
76 107 0 0
77 107 0 0
79 107 0 0
81 107 0 0
82 107 0 0
87 107 0 0
90 107 0 0
91 107 0 0
92 107 0 0
93 107 0 0
95 107 0 0
97 107 0 0
100 107 0 0
101 107 0 0
102 107 0 0
103 107 0 0
106 107 0 0
76 108 0 0
79 108 0 0
81 108 0 0
82 108 0 0
87 108 0 0
90 108 0 0
91 108 0 0
92 108 0 0
93 108 0 0
95 108 0 0
97 108 0 0
100 108 0 0
101 108 0 0
102 108 0 0
103 108 0 0
106 108 0 0
107 108 0 0
84 109 0 0
88 109 0 0
89 109 0 0
94 109 0 0
96 109 0 0
80 110 0 0
85 110 0 0
86 110 0 0
104 110 0 0
87 111 0 0
90 111 0 0
91 111 0 0
92 111 0 0
93 111 0 0
95 111 0 0
97 111 0 0
100 111 0 0
101 111 0 0
102 111 0 0
103 111 0 0
106 111 0 0
107 111 0 0
108 111 0 0
80 112 0 0
83 112 0 0
85 112 0 0
86 112 0 0
92 112 0 0
104 112 0 0
110 112 0 0
84 113 0 0
88 113 0 0
89 113 0 0
94 113 0 0
96 113 0 0
109 113 0 0
87 114 0 0
90 114 0 0
91 114 0 0
92 114 0 0
93 114 0 0
103 114 0 0
106 114 0 0
107 114 0 0
108 114 0 0
111 114 0 0
87 115 0 0
90 115 0 0
91 115 0 0
92 115 0 0
107 115 0 0
108 115 0 0
111 115 0 0
114 115 0 0
87 116 0 0
90 116 0 0
91 116 0 0
92 116 0 0
100 116 0 0
106 116 0 0
107 116 0 0
108 116 0 0
111 116 0 0
114 116 0 0
115 116 0 0
86 117 0 0
87 117 0 0
90 117 0 0
91 117 0 0
92 117 0 0
106 117 0 0
108 117 0 0
111 117 0 0
112 117 0 0
114 117 0 0
115 117 0 0
116 117 0 0
87 118 0 0
90 118 0 0
91 118 0 0
92 118 0 0
106 118 0 0
108 118 0 0
111 118 0 0
114 118 0 0
115 118 0 0
116 118 0 0
117 118 0 0
87 119 0 0
90 119 0 0
91 119 0 0
92 119 0 0
108 119 0 0
111 119 0 0
112 119 0 0
114 119 0 0
115 119 0 0
116 119 0 0
117 119 0 0
118 119 0 0
87 120 0 0
90 120 0 0
91 120 0 0
92 120 0 0
97 120 0 0
100 120 0 0
102 120 0 0
103 120 0 0
106 120 0 0
107 120 0 0
108 120 0 0
111 120 0 0
114 120 0 0
115 120 0 0
116 120 0 0
117 120 0 0
118 120 0 0
119 120 0 0
83 121 0 0
86 121 0 0
87 121 0 0
90 121 0 0
91 121 0 0
92 121 0 0
97 121 0 0
100 121 0 0
102 121 0 0
103 121 0 0
106 121 0 0
107 121 0 0
108 121 0 0
111 121 0 0
112 121 0 0
114 121 0 0
115 121 0 0
116 121 0 0
117 121 0 0
118 121 0 0
119 121 0 0
120 121 0 0
87 122 0 0
90 122 0 0
91 122 0 0
92 122 0 0
93 122 0 0
95 122 0 0
97 122 0 0
100 122 0 0
101 122 0 0
102 122 0 0
103 122 0 0
106 122 0 0
107 122 0 0
108 122 0 0
111 122 0 0
114 122 0 0
115 122 0 0
116 122 0 0
117 122 0 0
118 122 0 0
119 122 0 0
120 122 0 0
121 122 0 0
87 123 0 0
90 123 0 0
91 123 0 0
92 123 0 0
93 123 0 0
95 123 0 0
97 123 0 0
100 123 0 0
102 123 0 0
103 123 0 0
106 123 0 0
107 123 0 0
108 123 0 0
111 123 0 0
114 123 0 0
115 123 0 0
116 123 0 0
117 123 0 0
118 123 0 0
119 123 0 0
120 123 0 0
121 123 0 0
122 123 0 0
78 124 0 0
83 124 0 0
86 124 0 0
87 124 0 0
90 124 0 0
91 124 0 0
92 124 0 0
97 124 0 0
100 124 0 0
102 124 0 0
103 124 0 0
104 124 0 0
106 124 0 0
107 124 0 0
108 124 0 0
111 124 0 0
112 124 0 0
114 124 0 0
115 124 0 0
116 124 0 0
117 124 0 0
118 124 0 0
119 124 0 0
120 124 0 0
121 124 0 0
122 124 0 0
123 124 0 0
78 125 0 0
80 125 0 0
83 125 0 0
85 125 0 0
86 125 0 0
92 125 0 0
104 125 0 0
110 125 0 0
112 125 0 0
117 125 0 0
121 125 0 0
124 125 0 0
84 126 0 0
88 126 0 0
89 126 0 0
94 126 0 0
96 126 0 0
99 126 0 0
105 126 0 0
109 126 0 0
113 126 0 0
79 127 0 0
81 127 0 0
82 127 0 0
87 127 0 0
90 127 0 0
91 127 0 0
92 127 0 0
93 127 0 0
95 127 0 0
97 127 0 0
98 127 0 0
100 127 0 0
101 127 0 0
102 127 0 0
103 127 0 0
106 127 0 0
107 127 0 0
108 127 0 0
111 127 0 0
114 127 0 0
115 127 0 0
116 127 0 0
118 127 0 0
119 127 0 0
120 127 0 0
121 127 0 0
122 127 0 0
123 127 0 0
124 127 0 0
79 128 0 0
81 128 0 0
87 128 0 0
90 128 0 0
91 128 0 0
92 128 0 0
93 128 0 0
95 128 0 0
97 128 0 0
100 128 0 0
101 128 0 0
102 128 0 0
103 128 0 0
106 128 0 0
107 128 0 0
108 128 0 0
111 128 0 0
114 128 0 0
115 128 0 0
116 128 0 0
117 128 0 0
118 128 0 0
119 128 0 0
120 128 0 0
121 128 0 0
122 128 0 0
123 128 0 0
124 128 0 0
127 128 0 0
87 129 0 0
90 129 0 0
91 129 0 0
92 129 0 0
97 129 0 0
100 129 0 0
102 129 0 0
103 129 0 0
106 129 0 0
107 129 0 0
108 129 0 0
111 129 0 0
114 129 0 0
115 129 0 0
116 129 0 0
117 129 0 0
118 129 0 0
119 129 0 0
120 129 0 0
121 129 0 0
122 129 0 0
123 129 0 0
124 129 0 0
127 129 0 0
128 129 0 0
41 130 0 0
42 130 0 0
63 130 0 0
68 130 0 0
69 130 0 0
70 130 0 0
72 130 0 0
73 130 0 0
74 130 0 0
75 130 0 0
82 130 0 0
88 130 0 0
89 130 0 0
94 130 0 0
96 130 0 0
98 130 0 0
99 130 0 0
101 130 0 0
105 130 0 0
41 131 0 0
42 131 0 0
63 131 0 0
64 131 0 0
67 131 0 0
68 131 0 0
69 131 0 0
70 131 0 0
72 131 0 0
73 131 0 0
74 131 0 0
75 131 0 0
81 131 0 0
82 131 0 0
89 131 0 0
93 131 0 0
95 131 0 0
96 131 0 0
98 131 0 0
99 131 0 0
101 131 0 0
105 131 0 0
130 131 0 0
37 132 0 0
40 132 0 0
41 132 0 0
62 132 0 0
63 132 0 0
64 132 0 0
67 132 0 0
69 132 0 0
70 132 0 0
72 132 0 0
73 132 0 0
74 132 0 0
75 132 0 0
76 132 0 0
79 132 0 0
81 132 0 0
82 132 0 0
87 132 0 0
91 132 0 0
93 132 0 0
95 132 0 0
97 132 0 0
98 132 0 0
99 132 0 0
101 132 0 0
102 132 0 0
103 132 0 0
105 132 0 0
106 132 0 0
107 132 0 0
108 132 0 0
127 132 0 0
131 132 0 0
35 133 0 0
37 133 0 0
38 133 0 0
39 133 0 0
40 133 0 0
41 133 0 0
42 133 0 0
45 133 0 0
56 133 0 0
63 133 0 0
64 133 0 0
67 133 0 0
68 133 0 0
69 133 0 0
70 133 0 0
72 133 0 0
73 133 0 0
74 133 0 0
75 133 0 0
79 133 0 0
81 133 0 0
82 133 0 0
93 133 0 0
95 133 0 0
98 133 0 0
99 133 0 0
101 133 0 0
105 133 0 0
130 133 0 0
131 133 0 0
132 133 0 0
36 134 0 0
57 134 0 0
59 134 0 0
60 134 0 0
62 134 0 0
64 134 0 0
65 134 0 0
66 134 0 0
67 134 0 0
73 134 0 0
76 134 0 0
77 134 0 0
78 134 0 0
79 134 0 0
81 134 0 0
83 134 0 0
90 134 0 0
91 134 0 0
92 134 0 0
97 134 0 0
100 134 0 0
102 134 0 0
103 134 0 0
106 134 0 0
107 134 0 0
108 134 0 0
132 134 0 0
38 135 0 0
42 135 0 0
43 135 0 0
47 135 0 0
68 135 0 0
69 135 0 0
84 135 0 0
88 135 0 0
89 135 0 0
94 135 0 0
96 135 0 0
130 135 0 0
131 135 0 0
38 136 0 0
41 136 0 0
42 136 0 0
43 136 0 0
45 136 0 0
46 136 0 0
68 136 0 0
69 136 0 0
70 136 0 0
72 136 0 0
74 136 0 0
75 136 0 0
82 136 0 0
88 136 0 0
89 136 0 0
94 136 0 0
96 136 0 0
98 136 0 0
99 136 0 0
105 136 0 0
130 136 0 0
131 136 0 0
133 136 0 0
135 136 0 0
38 137 0 0
42 137 0 0
68 137 0 0
69 137 0 0
74 137 0 0
84 137 0 0
88 137 0 0
89 137 0 0
94 137 0 0
96 137 0 0
99 137 0 0
105 137 0 0
126 137 0 0
130 137 0 0
131 137 0 0
133 137 0 0
135 137 0 0
136 137 0 0
37 138 0 0
40 138 0 0
41 138 0 0
62 138 0 0
63 138 0 0
64 138 0 0
66 138 0 0
67 138 0 0
70 138 0 0
72 138 0 0
73 138 0 0
75 138 0 0
76 138 0 0
77 138 0 0
79 138 0 0
81 138 0 0
82 138 0 0
91 138 0 0
93 138 0 0
95 138 0 0
97 138 0 0
98 138 0 0
100 138 0 0
101 138 0 0
102 138 0 0
103 138 0 0
106 138 0 0
107 138 0 0
108 138 0 0
132 138 0 0
133 138 0 0
134 138 0 0
60 139 0 0
62 139 0 0
66 139 0 0
67 139 0 0
76 139 0 0
77 139 0 0
78 139 0 0
79 139 0 0
81 139 0 0
83 139 0 0
87 139 0 0
90 139 0 0
91 139 0 0
92 139 0 0
97 139 0 0
100 139 0 0
102 139 0 0
103 139 0 0
106 139 0 0
107 139 0 0
108 139 0 0
124 139 0 0
128 139 0 0
129 139 0 0
132 139 0 0
134 139 0 0
138 139 0 0
59 140 0 0
60 140 0 0
61 140 0 0
62 140 0 0
65 140 0 0
66 140 0 0
71 140 0 0
76 140 0 0
77 140 0 0
78 140 0 0
79 140 0 0
80 140 0 0
83 140 0 0
86 140 0 0
90 140 0 0
91 140 0 0
92 140 0 0
100 140 0 0
102 140 0 0
103 140 0 0
104 140 0 0
106 140 0 0
107 140 0 0
124 140 0 0
134 140 0 0
139 140 0 0
59 141 0 0
60 141 0 0
62 141 0 0
65 141 0 0
66 141 0 0
71 141 0 0
76 141 0 0
77 141 0 0
78 141 0 0
79 141 0 0
83 141 0 0
87 141 0 0
90 141 0 0
91 141 0 0
92 141 0 0
97 141 0 0
100 141 0 0
102 141 0 0
103 141 0 0
106 141 0 0
107 141 0 0
108 141 0 0
124 141 0 0
134 141 0 0
138 141 0 0
139 141 0 0
140 141 0 0
60 142 0 0
62 142 0 0
63 142 0 0
64 142 0 0
66 142 0 0
67 142 0 0
70 142 0 0
72 142 0 0
73 142 0 0
75 142 0 0
76 142 0 0
77 142 0 0
79 142 0 0
81 142 0 0
82 142 0 0
87 142 0 0
90 142 0 0
91 142 0 0
92 142 0 0
93 142 0 0
95 142 0 0
97 142 0 0
100 142 0 0
101 142 0 0
102 142 0 0
103 142 0 0
106 142 0 0
107 142 0 0
108 142 0 0
127 142 0 0
128 142 0 0
132 142 0 0
134 142 0 0
138 142 0 0
139 142 0 0
140 142 0 0
141 142 0 0
62 143 0 0
63 143 0 0
64 143 0 0
66 143 0 0
67 143 0 0
70 143 0 0
72 143 0 0
73 143 0 0
75 143 0 0
76 143 0 0
77 143 0 0
79 143 0 0
81 143 0 0
82 143 0 0
87 143 0 0
90 143 0 0
91 143 0 0
92 143 0 0
93 143 0 0
95 143 0 0
97 143 0 0
98 143 0 0
100 143 0 0
101 143 0 0
102 143 0 0
103 143 0 0
106 143 0 0
107 143 0 0
108 143 0 0
127 143 0 0
128 143 0 0
132 143 0 0
133 143 0 0
134 143 0 0
138 143 0 0
139 143 0 0
141 143 0 0
142 143 0 0
41 144 0 0
42 144 0 0
63 144 0 0
68 144 0 0
69 144 0 0
70 144 0 0
72 144 0 0
73 144 0 0
74 144 0 0
75 144 0 0
82 144 0 0
89 144 0 0
93 144 0 0
94 144 0 0
95 144 0 0
96 144 0 0
98 144 0 0
99 144 0 0
101 144 0 0
105 144 0 0
130 144 0 0
131 144 0 0
132 144 0 0
133 144 0 0
135 144 0 0
136 144 0 0
137 144 0 0
19 145 0 0
24 145 0 0
34 145 0 0
44 145 0 0
48 145 0 0
49 145 0 0
50 145 0 0
53 145 0 0
54 145 0 0
55 145 0 0
57 145 0 0
58 145 0 0
59 145 0 0
60 145 0 0
61 145 0 0
65 145 0 0
66 145 0 0
71 145 0 0
78 145 0 0
140 145 0 0
141 145 0 0
17 146 0 0
35 146 0 0
38 146 0 0
39 146 0 0
41 146 0 0
42 146 0 0
43 146 0 0
45 146 0 0
46 146 0 0
47 146 0 0
56 146 0 0
68 146 0 0
69 146 0 0
70 146 0 0
74 146 0 0
130 146 0 0
131 146 0 0
133 146 0 0
135 146 0 0
136 146 0 0
137 146 0 0
144 146 0 0
17 147 0 0
35 147 0 0
38 147 0 0
39 147 0 0
40 147 0 0
41 147 0 0
42 147 0 0
43 147 0 0
45 147 0 0
46 147 0 0
47 147 0 0
51 147 0 0
56 147 0 0
63 147 0 0
64 147 0 0
68 147 0 0
69 147 0 0
70 147 0 0
72 147 0 0
73 147 0 0
74 147 0 0
75 147 0 0
82 147 0 0
130 147 0 0
131 147 0 0
133 147 0 0
135 147 0 0
136 147 0 0
137 147 0 0
144 147 0 0
146 147 0 0
35 148 0 0
36 148 0 0
37 148 0 0
39 148 0 0
40 148 0 0
41 148 0 0
42 148 0 0
45 148 0 0
51 148 0 0
56 148 0 0
63 148 0 0
64 148 0 0
67 148 0 0
68 148 0 0
69 148 0 0
70 148 0 0
72 148 0 0
73 148 0 0
74 148 0 0
75 148 0 0
79 148 0 0
81 148 0 0
82 148 0 0
130 148 0 0
131 148 0 0
132 148 0 0
133 148 0 0
138 148 0 0
142 148 0 0
143 148 0 0
144 148 0 0
146 148 0 0
147 148 0 0
35 149 0 0
36 149 0 0
37 149 0 0
39 149 0 0
40 149 0 0
41 149 0 0
42 149 0 0
45 149 0 0
51 149 0 0
52 149 0 0
56 149 0 0
63 149 0 0
64 149 0 0
67 149 0 0
68 149 0 0
69 149 0 0
70 149 0 0
72 149 0 0
73 149 0 0
74 149 0 0
75 149 0 0
76 149 0 0
82 149 0 0
131 149 0 0
132 149 0 0
133 149 0 0
138 149 0 0
142 149 0 0
143 149 0 0
147 149 0 0
148 149 0 0
18 150 0 0
19 150 0 0
21 150 0 0
23 150 0 0
34 150 0 0
36 150 0 0
44 150 0 0
48 150 0 0
49 150 0 0
50 150 0 0
52 150 0 0
53 150 0 0
54 150 0 0
55 150 0 0
57 150 0 0
59 150 0 0
60 150 0 0
61 150 0 0
62 150 0 0
65 150 0 0
66 150 0 0
71 150 0 0
76 150 0 0
77 150 0 0
78 150 0 0
134 150 0 0
139 150 0 0
140 150 0 0
141 150 0 0
145 150 0 0
17 151 0 0
20 151 0 0
38 151 0 0
41 151 0 0
42 151 0 0
43 151 0 0
45 151 0 0
46 151 0 0
47 151 0 0
56 151 0 0
68 151 0 0
69 151 0 0
74 151 0 0
89 151 0 0
96 151 0 0
130 151 0 0
131 151 0 0
133 151 0 0
135 151 0 0
136 151 0 0
137 151 0 0
144 151 0 0
146 151 0 0
147 151 0 0
19 152 0 0
23 152 0 0
24 152 0 0
34 152 0 0
44 152 0 0
48 152 0 0
49 152 0 0
50 152 0 0
53 152 0 0
55 152 0 0
57 152 0 0
58 152 0 0
59 152 0 0
60 152 0 0
61 152 0 0
65 152 0 0
71 152 0 0
78 152 0 0
145 152 0 0
150 152 0 0
24 153 0 0
34 153 0 0
44 153 0 0
49 153 0 0
50 153 0 0
53 153 0 0
55 153 0 0
57 153 0 0
58 153 0 0
59 153 0 0
60 153 0 0
61 153 0 0
65 153 0 0
71 153 0 0
78 153 0 0
80 153 0 0
145 153 0 0
150 153 0 0
152 153 0 0
24 154 0 0
34 154 0 0
44 154 0 0
49 154 0 0
50 154 0 0
53 154 0 0
55 154 0 0
57 154 0 0
58 154 0 0
59 154 0 0
60 154 0 0
61 154 0 0
65 154 0 0
71 154 0 0
78 154 0 0
140 154 0 0
141 154 0 0
145 154 0 0
150 154 0 0
152 154 0 0
153 154 0 0
35 155 0 0
36 155 0 0
37 155 0 0
39 155 0 0
40 155 0 0
41 155 0 0
51 155 0 0
52 155 0 0
56 155 0 0
62 155 0 0
63 155 0 0
64 155 0 0
67 155 0 0
70 155 0 0
72 155 0 0
73 155 0 0
74 155 0 0
75 155 0 0
76 155 0 0
77 155 0 0
79 155 0 0
81 155 0 0
82 155 0 0
132 155 0 0
133 155 0 0
134 155 0 0
138 155 0 0
142 155 0 0
143 155 0 0
147 155 0 0
148 155 0 0
149 155 0 0
17 156 0 0
38 156 0 0
42 156 0 0
43 156 0 0
45 156 0 0
46 156 0 0
47 156 0 0
68 156 0 0
69 156 0 0
74 156 0 0
96 156 0 0
130 156 0 0
131 156 0 0
133 156 0 0
135 156 0 0
136 156 0 0
137 156 0 0
144 156 0 0
146 156 0 0
147 156 0 0
151 156 0 0
35 157 0 0
37 157 0 0
38 157 0 0
39 157 0 0
40 157 0 0
41 157 0 0
42 157 0 0
45 157 0 0
46 157 0 0
51 157 0 0
56 157 0 0
63 157 0 0
64 157 0 0
67 157 0 0
68 157 0 0
69 157 0 0
70 157 0 0
72 157 0 0
73 157 0 0
74 157 0 0
75 157 0 0
81 157 0 0
82 157 0 0
98 157 0 0
130 157 0 0
131 157 0 0
132 157 0 0
133 157 0 0
136 157 0 0
138 157 0 0
143 157 0 0
144 157 0 0
146 157 0 0
147 157 0 0
148 157 0 0
149 157 0 0
155 157 0 0
156 157 0 0
35 158 0 0
38 158 0 0
39 158 0 0
40 158 0 0
41 158 0 0
42 158 0 0
43 158 0 0
45 158 0 0
46 158 0 0
47 158 0 0
56 158 0 0
63 158 0 0
68 158 0 0
69 158 0 0
70 158 0 0
72 158 0 0
73 158 0 0
74 158 0 0
75 158 0 0
82 158 0 0
130 158 0 0
131 158 0 0
133 158 0 0
135 158 0 0
136 158 0 0
137 158 0 0
144 158 0 0
146 158 0 0
147 158 0 0
148 158 0 0
149 158 0 0
151 158 0 0
156 158 0 0
157 158 0 0
36 159 0 0
44 159 0 0
48 159 0 0
49 159 0 0
52 159 0 0
54 159 0 0
55 159 0 0
57 159 0 0
59 159 0 0
60 159 0 0
61 159 0 0
62 159 0 0
65 159 0 0
66 159 0 0
71 159 0 0
76 159 0 0
77 159 0 0
78 159 0 0
83 159 0 0
100 159 0 0
134 159 0 0
139 159 0 0
140 159 0 0
141 159 0 0
142 159 0 0
145 159 0 0
150 159 0 0
152 159 0 0
153 159 0 0
154 159 0 0
2 160 0 1
3 160 0 1
4 160 0 1
6 160 0 1
9 160 0 1
14 160 0 1
15 160 0 1
17 160 0 1
20 160 0 1
26 160 0 1
28 160 0 1
29 160 0 1
31 160 0 1
35 160 0 1
37 160 0 1
38 160 0 1
39 160 0 1
40 160 0 1
41 160 0 1
42 160 0 1
43 160 0 1
45 160 0 1
46 160 0 1
47 160 0 1
51 160 0 1
52 160 0 1
56 160 0 1
146 160 0 1
147 160 0 1
149 160 0 1
151 160 0 1
1 161 0 1
4 161 0 1
5 161 0 1
9 161 0 1
15 161 0 1
26 161 0 1
28 161 0 1
29 161 0 1
31 161 0 1
2 162 0 1
3 162 0 1
6 162 0 1
13 162 0 1
14 162 0 1
20 162 0 1
2 163 0 1
3 163 0 1
6 163 0 1
13 163 0 1
14 163 0 1
20 163 0 1
2 164 0 1
3 164 0 1
6 164 0 1
13 164 0 1
14 164 0 1
20 164 0 1
2 165 0 1
3 165 0 1
6 165 0 1
13 165 0 1
14 165 0 1
17 165 0 1
20 165 0 1
2 166 0 1
3 166 0 1
6 166 0 1
13 166 0 1
14 166 0 1
20 166 0 1
2 167 0 1
3 167 0 1
6 167 0 1
13 167 0 1
14 167 0 1
20 167 0 1
2 168 0 1
3 168 0 1
6 168 0 1
13 168 0 1
14 168 0 1
17 168 0 1
20 168 0 1
1 169 0 1
4 169 0 1
5 169 0 1
8 169 0 1
9 169 0 1
15 169 0 1
16 169 0 1
18 169 0 1
19 169 0 1
21 169 0 1
22 169 0 1
23 169 0 1
24 169 0 1
25 169 0 1
26 169 0 1
27 169 0 1
28 169 0 1
29 169 0 1
31 169 0 1
32 169 0 1
33 169 0 1
48 169 0 1
49 169 0 1
50 169 0 1
52 169 0 1
54 169 0 1
55 169 0 1
57 169 0 1
1 170 0 1
4 170 0 1
5 170 0 1
9 170 0 1
15 170 0 1
16 170 0 1
18 170 0 1
19 170 0 1
21 170 0 1
22 170 0 1
23 170 0 1
25 170 0 1
26 170 0 1
27 170 0 1
28 170 0 1
29 170 0 1
31 170 0 1
32 170 0 1
36 170 0 1
48 170 0 1
49 170 0 1
52 170 0 1
54 170 0 1
57 170 0 1
2 171 0 1
3 171 0 1
6 171 0 1
13 171 0 1
14 171 0 1
17 171 0 1
20 171 0 1
43 171 0 1
46 171 0 1
47 171 0 1
151 171 0 1
15 172 0 1
26 172 0 1
29 172 0 1
35 172 0 1
51 172 0 1
52 172 0 1
56 172 0 1
2 173 0 1
3 173 0 1
6 173 0 1
13 173 0 1
14 173 0 1
17 173 0 1
20 173 0 1
47 173 0 1
2 174 0 1
3 174 0 1
6 174 0 1
13 174 0 1
14 174 0 1
17 174 0 1
20 174 0 1
45 174 0 1
51 174 0 1
56 174 0 1
1 175 0 1
4 175 0 1
5 175 0 1
9 175 0 1
15 175 0 1
21 175 0 1
26 175 0 1
28 175 0 1
29 175 0 1
31 175 0 1
52 175 0 1
54 175 0 1
2 176 0 1
3 176 0 1
6 176 0 1
13 176 0 1
14 176 0 1
17 176 0 1
20 176 0 1
43 176 0 1
46 176 0 1
47 176 0 1
151 176 0 1
1 177 0 1
4 177 0 1
9 177 0 1
15 177 0 1
26 177 0 1
28 177 0 1
29 177 0 1
31 177 0 1
51 177 0 1
52 177 0 1
56 177 0 1
2 178 0 1
3 178 0 1
6 178 0 1
13 178 0 1
14 178 0 1
17 178 0 1
20 178 0 1
43 178 0 1
45 178 0 1
46 178 0 1
47 178 0 1
51 178 0 1
56 178 0 1
2 179 0 1
3 179 0 1
6 179 0 1
13 179 0 1
14 179 0 1
17 179 0 1
20 179 0 1
43 179 0 1
46 179 0 1
47 179 0 1
1 180 0 1
16 180 0 1
18 180 0 1
19 180 0 1
21 180 0 1
22 180 0 1
23 180 0 1
24 180 0 1
25 180 0 1
27 180 0 1
28 180 0 1
31 180 0 1
32 180 0 1
33 180 0 1
44 180 0 1
48 180 0 1
49 180 0 1
50 180 0 1
52 180 0 1
53 180 0 1
54 180 0 1
55 180 0 1
57 180 0 1
145 180 0 1
150 180 0 1
152 180 0 1
13 181 0 1
17 181 0 1
20 181 0 1
38 181 0 1
42 181 0 1
43 181 0 1
45 181 0 1
46 181 0 1
47 181 0 1
146 181 0 1
151 181 0 1
156 181 0 1
17 182 0 1
20 182 0 1
35 182 0 1
38 182 0 1
39 182 0 1
40 182 0 1
41 182 0 1
42 182 0 1
43 182 0 1
45 182 0 1
46 182 0 1
47 182 0 1
51 182 0 1
56 182 0 1
63 182 0 1
68 182 0 1
69 182 0 1
70 182 0 1
74 182 0 1
133 182 0 1
136 182 0 1
146 182 0 1
147 182 0 1
148 182 0 1
149 182 0 1
151 182 0 1
156 182 0 1
157 182 0 1
158 182 0 1
17 183 0 1
20 183 0 1
35 183 0 1
38 183 0 1
39 183 0 1
40 183 0 1
41 183 0 1
42 183 0 1
43 183 0 1
45 183 0 1
46 183 0 1
47 183 0 1
51 183 0 1
56 183 0 1
68 183 0 1
69 183 0 1
136 183 0 1
146 183 0 1
147 183 0 1
148 183 0 1
149 183 0 1
151 183 0 1
156 183 0 1
157 183 0 1
158 183 0 1
35 184 0 1
36 184 0 1
37 184 0 1
39 184 0 1
40 184 0 1
41 184 0 1
48 184 0 1
51 184 0 1
52 184 0 1
54 184 0 1
57 184 0 1
62 184 0 1
63 184 0 1
64 184 0 1
66 184 0 1
67 184 0 1
73 184 0 1
76 184 0 1
77 184 0 1
134 184 0 1
138 184 0 1
148 184 0 1
149 184 0 1
150 184 0 1
155 184 0 1
157 184 0 1
159 184 0 1
1 185 0 1
18 185 0 1
19 185 0 1
21 185 0 1
22 185 0 1
23 185 0 1
24 185 0 1
25 185 0 1
34 185 0 1
44 185 0 1
48 185 0 1
49 185 0 1
50 185 0 1
53 185 0 1
54 185 0 1
55 185 0 1
57 185 0 1
58 185 0 1
59 185 0 1
60 185 0 1
61 185 0 1
62 185 0 1
65 185 0 1
66 185 0 1
71 185 0 1
145 185 0 1
150 185 0 1
152 185 0 1
153 185 0 1
154 185 0 1
159 185 0 1
18 186 0 1
21 186 0 1
36 186 0 1
37 186 0 1
48 186 0 1
49 186 0 1
52 186 0 1
54 186 0 1
57 186 0 1
60 186 0 1
62 186 0 1
64 186 0 1
66 186 0 1
67 186 0 1
76 186 0 1
77 186 0 1
134 186 0 1
149 186 0 1
150 186 0 1
155 186 0 1
159 186 0 1
35 187 0 1
36 187 0 1
37 187 0 1
39 187 0 1
40 187 0 1
41 187 0 1
42 187 0 1
45 187 0 1
46 187 0 1
51 187 0 1
52 187 0 1
56 187 0 1
63 187 0 1
64 187 0 1
67 187 0 1
70 187 0 1
73 187 0 1
75 187 0 1
147 187 0 1
148 187 0 1
149 187 0 1
155 187 0 1
157 187 0 1
17 188 0 1
20 188 0 1
35 188 0 1
37 188 0 1
38 188 0 1
39 188 0 1
40 188 0 1
41 188 0 1
42 188 0 1
43 188 0 1
45 188 0 1
46 188 0 1
47 188 0 1
51 188 0 1
56 188 0 1
63 188 0 1
64 188 0 1
68 188 0 1
69 188 0 1
70 188 0 1
73 188 0 1
74 188 0 1
75 188 0 1
133 188 0 1
146 188 0 1
147 188 0 1
148 188 0 1
149 188 0 1
151 188 0 1
155 188 0 1
156 188 0 1
157 188 0 1
158 188 0 1
18 189 0 1
21 189 0 1
29 189 0 1
31 189 0 1
36 189 0 1
37 189 0 1
48 189 0 1
49 189 0 1
52 189 0 1
54 189 0 1
57 189 0 1
62 189 0 1
64 189 0 1
66 189 0 1
67 189 0 1
76 189 0 1
77 189 0 1
149 189 0 1
150 189 0 1
155 189 0 1
159 189 0 1
18 190 0 1
21 190 0 1
22 190 0 1
23 190 0 1
31 190 0 1
36 190 0 1
37 190 0 1
48 190 0 1
49 190 0 1
52 190 0 1
54 190 0 1
57 190 0 1
60 190 0 1
62 190 0 1
66 190 0 1
76 190 0 1
77 190 0 1
134 190 0 1
150 190 0 1
155 190 0 1
159 190 0 1
17 191 0 1
20 191 0 1
35 191 0 1
38 191 0 1
39 191 0 1
40 191 0 1
41 191 0 1
42 191 0 1
43 191 0 1
45 191 0 1
46 191 0 1
47 191 0 1
51 191 0 1
56 191 0 1
146 191 0 1
147 191 0 1
151 191 0 1
156 191 0 1
158 191 0 1
1 192 0 1
9 192 0 1
15 192 0 1
16 192 0 1
18 192 0 1
19 192 0 1
21 192 0 1
22 192 0 1
23 192 0 1
26 192 0 1
28 192 0 1
29 192 0 1
31 192 0 1
32 192 0 1
36 192 0 1
37 192 0 1
48 192 0 1
49 192 0 1
52 192 0 1
54 192 0 1
57 192 0 1
150 192 0 1
1 193 0 1
9 193 0 1
15 193 0 1
16 193 0 1
18 193 0 1
19 193 0 1
21 193 0 1
22 193 0 1
23 193 0 1
25 193 0 1
26 193 0 1
27 193 0 1
28 193 0 1
29 193 0 1
31 193 0 1
32 193 0 1
36 193 0 1
48 193 0 1
49 193 0 1
52 193 0 1
54 193 0 1
57 193 0 1
150 193 0 1
1 194 0 1
16 194 0 1
18 194 0 1
19 194 0 1
21 194 0 1
22 194 0 1
23 194 0 1
25 194 0 1
26 194 0 1
27 194 0 1
28 194 0 1
29 194 0 1
31 194 0 1
32 194 0 1
36 194 0 1
48 194 0 1
49 194 0 1
52 194 0 1
54 194 0 1
55 194 0 1
57 194 0 1
150 194 0 1
159 194 0 1
1 195 0 1
16 195 0 1
18 195 0 1
19 195 0 1
21 195 0 1
22 195 0 1
23 195 0 1
25 195 0 1
26 195 0 1
28 195 0 1
29 195 0 1
31 195 0 1
32 195 0 1
36 195 0 1
48 195 0 1
49 195 0 1
52 195 0 1
54 195 0 1
57 195 0 1
62 195 0 1
150 195 0 1
159 195 0 1
35 196 0 1
36 196 0 1
37 196 0 1
39 196 0 1
40 196 0 1
41 196 0 1
45 196 0 1
46 196 0 1
51 196 0 1
52 196 0 1
56 196 0 1
63 196 0 1
147 196 0 1
148 196 0 1
149 196 0 1
155 196 0 1
157 196 0 1
26 197 0 1
29 197 0 1
31 197 0 1
35 197 0 1
36 197 0 1
37 197 0 1
39 197 0 1
40 197 0 1
41 197 0 1
51 197 0 1
52 197 0 1
54 197 0 1
56 197 0 1
148 197 0 1
149 197 0 1
155 197 0 1
29 198 0 1
35 198 0 1
36 198 0 1
37 198 0 1
39 198 0 1
40 198 0 1
41 198 0 1
51 198 0 1
52 198 0 1
54 198 0 1
56 198 0 1
63 198 0 1
64 198 0 1
67 198 0 1
148 198 0 1
149 198 0 1
155 198 0 1
157 198 0 1
35 199 0 1
36 199 0 1
37 199 0 1
39 199 0 1
40 199 0 1
41 199 0 1
45 199 0 1
51 199 0 1
52 199 0 1
56 199 0 1
63 199 0 1
64 199 0 1
73 199 0 1
147 199 0 1
148 199 0 1
149 199 0 1
155 199 0 1
157 199 0 1
20 200 0 1
35 200 0 1
37 200 0 1
39 200 0 1
40 200 0 1
41 200 0 1
45 200 0 1
46 200 0 1
51 200 0 1
56 200 0 1
148 200 0 1
149 200 0 1
1 201 0 1
4 201 0 1
9 201 0 1
15 201 0 1
16 201 0 1
18 201 0 1
21 201 0 1
22 201 0 1
23 201 0 1
26 201 0 1
28 201 0 1
29 201 0 1
31 201 0 1
36 201 0 1
48 201 0 1
52 201 0 1
54 201 0 1
57 201 0 1
2 202 0 1
3 202 0 1
6 202 0 1
13 202 0 1
14 202 0 1
17 202 0 1
20 202 0 1
38 202 0 1
42 202 0 1
43 202 0 1
45 202 0 1
46 202 0 1
47 202 0 1
151 202 0 1
2 203 0 1
3 203 0 1
6 203 0 1
13 203 0 1
14 203 0 1
17 203 0 1
20 203 0 1
38 203 0 1
43 203 0 1
45 203 0 1
46 203 0 1
47 203 0 1
56 203 0 1
151 203 0 1
2 204 0 1
3 204 0 1
6 204 0 1
13 204 0 1
14 204 0 1
17 204 0 1
20 204 0 1
38 204 0 1
43 204 0 1
45 204 0 1
46 204 0 1
47 204 0 1
51 204 0 1
56 204 0 1
151 204 0 1
4 205 0 1
9 205 0 1
15 205 0 1
26 205 0 1
28 205 0 1
29 205 0 1
31 205 0 1
35 205 0 1
36 205 0 1
37 205 0 1
51 205 0 1
52 205 0 1
56 205 0 1
1 206 0 1
4 206 0 1
9 206 0 1
15 206 0 1
18 206 0 1
21 206 0 1
26 206 0 1
28 206 0 1
29 206 0 1
31 206 0 1
36 206 0 1
37 206 0 1
48 206 0 1
51 206 0 1
52 206 0 1
54 206 0 1
15 207 0 1
26 207 0 1
29 207 0 1
31 207 0 1
35 207 0 1
36 207 0 1
37 207 0 1
39 207 0 1
40 207 0 1
41 207 0 1
45 207 0 1
51 207 0 1
52 207 0 1
54 207 0 1
56 207 0 1
64 207 0 1
148 207 0 1
149 207 0 1
155 207 0 1
157 207 0 1
9 208 0 1
15 208 0 1
21 208 0 1
26 208 0 1
28 208 0 1
29 208 0 1
31 208 0 1
35 208 0 1
36 208 0 1
37 208 0 1
39 208 0 1
40 208 0 1
51 208 0 1
52 208 0 1
54 208 0 1
56 208 0 1
149 208 0 1
1 209 0 1
9 209 0 1
15 209 0 1
16 209 0 1
18 209 0 1
21 209 0 1
22 209 0 1
23 209 0 1
26 209 0 1
28 209 0 1
29 209 0 1
31 209 0 1
35 209 0 1
36 209 0 1
37 209 0 1
39 209 0 1
40 209 0 1
41 209 0 1
48 209 0 1
51 209 0 1
52 209 0 1
54 209 0 1
57 209 0 1
62 209 0 1
64 209 0 1
67 209 0 1
148 209 0 1
149 209 0 1
150 209 0 1
155 209 0 1
159 209 0 1
35 210 0 1
37 210 0 1
38 210 0 1
39 210 0 1
40 210 0 1
41 210 0 1
42 210 0 1
43 210 0 1
45 210 0 1
46 210 0 1
51 210 0 1
56 210 0 1
63 210 0 1
64 210 0 1
67 210 0 1
68 210 0 1
69 210 0 1
70 210 0 1
72 210 0 1
73 210 0 1
74 210 0 1
75 210 0 1
82 210 0 1
130 210 0 1
131 210 0 1
132 210 0 1
133 210 0 1
136 210 0 1
137 210 0 1
144 210 0 1
146 210 0 1
147 210 0 1
148 210 0 1
149 210 0 1
151 210 0 1
155 210 0 1
156 210 0 1
157 210 0 1
158 210 0 1
34 211 0 1
44 211 0 1
49 211 0 1
50 211 0 1
53 211 0 1
54 211 0 1
55 211 0 1
57 211 0 1
58 211 0 1
59 211 0 1
60 211 0 1
61 211 0 1
62 211 0 1
65 211 0 1
66 211 0 1
71 211 0 1
77 211 0 1
78 211 0 1
80 211 0 1
83 211 0 1
134 211 0 1
140 211 0 1
141 211 0 1
145 211 0 1
150 211 0 1
152 211 0 1
153 211 0 1
154 211 0 1
159 211 0 1
34 212 0 1
44 212 0 1
49 212 0 1
54 212 0 1
55 212 0 1
57 212 0 1
58 212 0 1
59 212 0 1
60 212 0 1
61 212 0 1
62 212 0 1
65 212 0 1
66 212 0 1
71 212 0 1
76 212 0 1
77 212 0 1
78 212 0 1
80 212 0 1
83 212 0 1
134 212 0 1
139 212 0 1
140 212 0 1
141 212 0 1
145 212 0 1
150 212 0 1
152 212 0 1
153 212 0 1
154 212 0 1
159 212 0 1
36 213 0 1
37 213 0 1
39 213 0 1
40 213 0 1
41 213 0 1
54 213 0 1
60 213 0 1
62 213 0 1
63 213 0 1
64 213 0 1
66 213 0 1
67 213 0 1
70 213 0 1
72 213 0 1
73 213 0 1
75 213 0 1
76 213 0 1
77 213 0 1
79 213 0 1
81 213 0 1
82 213 0 1
95 213 0 1
97 213 0 1
100 213 0 1
101 213 0 1
102 213 0 1
103 213 0 1
107 213 0 1
108 213 0 1
132 213 0 1
133 213 0 1
134 213 0 1
138 213 0 1
139 213 0 1
140 213 0 1
141 213 0 1
142 213 0 1
143 213 0 1
148 213 0 1
149 213 0 1
150 213 0 1
155 213 0 1
157 213 0 1
159 213 0 1
36 214 0 1
37 214 0 1
48 214 0 1
52 214 0 1
54 214 0 1
57 214 0 1
60 214 0 1
62 214 0 1
64 214 0 1
66 214 0 1
67 214 0 1
73 214 0 1
76 214 0 1
77 214 0 1
79 214 0 1
132 214 0 1
134 214 0 1
138 214 0 1
139 214 0 1
140 214 0 1
141 214 0 1
142 214 0 1
143 214 0 1
148 214 0 1
149 214 0 1
150 214 0 1
155 214 0 1
159 214 0 1
35 215 0 1
36 215 0 1
37 215 0 1
39 215 0 1
40 215 0 1
41 215 0 1
45 215 0 1
51 215 0 1
56 215 0 1
63 215 0 1
64 215 0 1
67 215 0 1
68 215 0 1
69 215 0 1
70 215 0 1
72 215 0 1
73 215 0 1
74 215 0 1
75 215 0 1
79 215 0 1
81 215 0 1
82 215 0 1
101 215 0 1
131 215 0 1
132 215 0 1
133 215 0 1
138 215 0 1
142 215 0 1
143 215 0 1
144 215 0 1
147 215 0 1
148 215 0 1
149 215 0 1
155 215 0 1
157 215 0 1
158 215 0 1
35 216 0 1
36 216 0 1
37 216 0 1
39 216 0 1
40 216 0 1
41 216 0 1
51 216 0 1
52 216 0 1
54 216 0 1
60 216 0 1
62 216 0 1
63 216 0 1
64 216 0 1
66 216 0 1
67 216 0 1
70 216 0 1
72 216 0 1
73 216 0 1
75 216 0 1
76 216 0 1
77 216 0 1
79 216 0 1
81 216 0 1
82 216 0 1
97 216 0 1
132 216 0 1
133 216 0 1
134 216 0 1
138 216 0 1
139 216 0 1
141 216 0 1
142 216 0 1
143 216 0 1
148 216 0 1
149 216 0 1
150 216 0 1
155 216 0 1
157 216 0 1
159 216 0 1
35 217 0 1
36 217 0 1
37 217 0 1
39 217 0 1
40 217 0 1
41 217 0 1
45 217 0 1
51 217 0 1
56 217 0 1
62 217 0 1
63 217 0 1
64 217 0 1
67 217 0 1
68 217 0 1
69 217 0 1
70 217 0 1
72 217 0 1
73 217 0 1
74 217 0 1
75 217 0 1
76 217 0 1
79 217 0 1
81 217 0 1
82 217 0 1
95 217 0 1
98 217 0 1
101 217 0 1
131 217 0 1
132 217 0 1
133 217 0 1
138 217 0 1
142 217 0 1
143 217 0 1
144 217 0 1
147 217 0 1
148 217 0 1
149 217 0 1
155 217 0 1
157 217 0 1
158 217 0 1
36 218 0 1
37 218 0 1
40 218 0 1
52 218 0 1
54 218 0 1
57 218 0 1
60 218 0 1
62 218 0 1
63 218 0 1
64 218 0 1
66 218 0 1
67 218 0 1
73 218 0 1
75 218 0 1
76 218 0 1
77 218 0 1
79 218 0 1
81 218 0 1
132 218 0 1
134 218 0 1
138 218 0 1
139 218 0 1
140 218 0 1
141 218 0 1
142 218 0 1
143 218 0 1
148 218 0 1
149 218 0 1
150 218 0 1
155 218 0 1
157 218 0 1
159 218 0 1
34 219 0 1
58 219 0 1
59 219 0 1
61 219 0 1
65 219 0 1
71 219 0 1
78 219 0 1
80 219 0 1
83 219 0 1
104 219 0 1
145 219 0 1
152 219 0 1
153 219 0 1
154 219 0 1
34 220 0 1
44 220 0 1
58 220 0 1
59 220 0 1
60 220 0 1
61 220 0 1
65 220 0 1
71 220 0 1
78 220 0 1
80 220 0 1
83 220 0 1
104 220 0 1
140 220 0 1
145 220 0 1
150 220 0 1
152 220 0 1
153 220 0 1
154 220 0 1
159 220 0 1
58 221 0 1
59 221 0 1
60 221 0 1
61 221 0 1
65 221 0 1
71 221 0 1
78 221 0 1
80 221 0 1
83 221 0 1
104 221 0 1
140 221 0 1
141 221 0 1
145 221 0 1
150 221 0 1
152 221 0 1
153 221 0 1
154 221 0 1
159 221 0 1
68 222 0 1
69 222 0 1
74 222 0 1
84 222 0 1
88 222 0 1
89 222 0 1
94 222 0 1
96 222 0 1
98 222 0 1
99 222 0 1
105 222 0 1
126 222 0 1
130 222 0 1
131 222 0 1
133 222 0 1
135 222 0 1
136 222 0 1
137 222 0 1
144 222 0 1
146 222 0 1
147 222 0 1
151 222 0 1
156 222 0 1
158 222 0 1
57 223 0 1
58 223 0 1
59 223 0 1
60 223 0 1
61 223 0 1
62 223 0 1
65 223 0 1
66 223 0 1
71 223 0 1
76 223 0 1
77 223 0 1
78 223 0 1
80 223 0 1
83 223 0 1
86 223 0 1
90 223 0 1
92 223 0 1
100 223 0 1
104 223 0 1
106 223 0 1
134 223 0 1
139 223 0 1
140 223 0 1
141 223 0 1
145 223 0 1
150 223 0 1
152 223 0 1
153 223 0 1
154 223 0 1
159 223 0 1
49 224 0 1
57 224 0 1
58 224 0 1
59 224 0 1
60 224 0 1
61 224 0 1
62 224 0 1
65 224 0 1
66 224 0 1
71 224 0 1
76 224 0 1
77 224 0 1
78 224 0 1
80 224 0 1
83 224 0 1
100 224 0 1
134 224 0 1
139 224 0 1
140 224 0 1
141 224 0 1
145 224 0 1
150 224 0 1
152 224 0 1
153 224 0 1
154 224 0 1
159 224 0 1
35 225 0 1
38 225 0 1
39 225 0 1
40 225 0 1
41 225 0 1
42 225 0 1
45 225 0 1
63 225 0 1
64 225 0 1
67 225 0 1
68 225 0 1
69 225 0 1
70 225 0 1
72 225 0 1
73 225 0 1
74 225 0 1
75 225 0 1
81 225 0 1
82 225 0 1
98 225 0 1
99 225 0 1
101 225 0 1
105 225 0 1
130 225 0 1
131 225 0 1
132 225 0 1
133 225 0 1
135 225 0 1
136 225 0 1
137 225 0 1
144 225 0 1
146 225 0 1
147 225 0 1
148 225 0 1
149 225 0 1
151 225 0 1
155 225 0 1
156 225 0 1
157 225 0 1
158 225 0 1
68 226 0 1
69 226 0 1
70 226 0 1
72 226 0 1
74 226 0 1
75 226 0 1
82 226 0 1
84 226 0 1
88 226 0 1
89 226 0 1
93 226 0 1
94 226 0 1
96 226 0 1
98 226 0 1
99 226 0 1
101 226 0 1
105 226 0 1
126 226 0 1
130 226 0 1
131 226 0 1
133 226 0 1
135 226 0 1
136 226 0 1
137 226 0 1
144 226 0 1
147 226 0 1
151 226 0 1
156 226 0 1
158 226 0 1
63 227 0 1
64 227 0 1
67 227 0 1
69 227 0 1
70 227 0 1
72 227 0 1
73 227 0 1
74 227 0 1
75 227 0 1
79 227 0 1
81 227 0 1
82 227 0 1
87 227 0 1
91 227 0 1
93 227 0 1
95 227 0 1
97 227 0 1
98 227 0 1
99 227 0 1
101 227 0 1
102 227 0 1
103 227 0 1
105 227 0 1
107 227 0 1
108 227 0 1
127 227 0 1
128 227 0 1
130 227 0 1
131 227 0 1
132 227 0 1
133 227 0 1
138 227 0 1
142 227 0 1
143 227 0 1
144 227 0 1
148 227 0 1
155 227 0 1
157 227 0 1
60 228 0 1
62 228 0 1
64 228 0 1
66 228 0 1
67 228 0 1
73 228 0 1
76 228 0 1
77 228 0 1
79 228 0 1
81 228 0 1
82 228 0 1
87 228 0 1
90 228 0 1
91 228 0 1
92 228 0 1
93 228 0 1
95 228 0 1
97 228 0 1
100 228 0 1
101 228 0 1
102 228 0 1
103 228 0 1
106 228 0 1
107 228 0 1
108 228 0 1
111 228 0 1
121 228 0 1
122 228 0 1
123 228 0 1
124 228 0 1
127 228 0 1
128 228 0 1
129 228 0 1
132 228 0 1
134 228 0 1
138 228 0 1
139 228 0 1
140 228 0 1
141 228 0 1
142 228 0 1
143 228 0 1
60 229 0 1
62 229 0 1
66 229 0 1
76 229 0 1
77 229 0 1
78 229 0 1
79 229 0 1
81 229 0 1
83 229 0 1
87 229 0 1
90 229 0 1
91 229 0 1
92 229 0 1
97 229 0 1
100 229 0 1
102 229 0 1
103 229 0 1
106 229 0 1
107 229 0 1
108 229 0 1
111 229 0 1
121 229 0 1
122 229 0 1
123 229 0 1
124 229 0 1
127 229 0 1
128 229 0 1
129 229 0 1
134 229 0 1
138 229 0 1
139 229 0 1
140 229 0 1
141 229 0 1
142 229 0 1
143 229 0 1
159 229 0 1
58 230 0 1
59 230 0 1
61 230 0 1
65 230 0 1
71 230 0 1
78 230 0 1
80 230 0 1
83 230 0 1
85 230 0 1
86 230 0 1
104 230 0 1
110 230 0 1
125 230 0 1
68 231 0 1
69 231 0 1
70 231 0 1
72 231 0 1
74 231 0 1
75 231 0 1
82 231 0 1
84 231 0 1
88 231 0 1
89 231 0 1
93 231 0 1
94 231 0 1
95 231 0 1
96 231 0 1
98 231 0 1
99 231 0 1
101 231 0 1
105 231 0 1
126 231 0 1
130 231 0 1
131 231 0 1
132 231 0 1
133 231 0 1
135 231 0 1
136 231 0 1
137 231 0 1
144 231 0 1
151 231 0 1
59 232 0 1
60 232 0 1
61 232 0 1
65 232 0 1
71 232 0 1
78 232 0 1
80 232 0 1
83 232 0 1
85 232 0 1
86 232 0 1
90 232 0 1
92 232 0 1
100 232 0 1
104 232 0 1
112 232 0 1
121 232 0 1
124 232 0 1
125 232 0 1
129 232 0 1
134 232 0 1
139 232 0 1
140 232 0 1
141 232 0 1
159 232 0 1
60 233 0 1
62 233 0 1
66 233 0 1
76 233 0 1
77 233 0 1
78 233 0 1
79 233 0 1
83 233 0 1
86 233 0 1
87 233 0 1
90 233 0 1
91 233 0 1
92 233 0 1
97 233 0 1
100 233 0 1
102 233 0 1
103 233 0 1
106 233 0 1
107 233 0 1
108 233 0 1
111 233 0 1
120 233 0 1
121 233 0 1
122 233 0 1
123 233 0 1
124 233 0 1
127 233 0 1
128 233 0 1
129 233 0 1
134 233 0 1
138 233 0 1
139 233 0 1
140 233 0 1
141 233 0 1
142 233 0 1
143 233 0 1
159 233 0 1
60 234 0 1
62 234 0 1
66 234 0 1
76 234 0 1
77 234 0 1
79 234 0 1
81 234 0 1
83 234 0 1
87 234 0 1
90 234 0 1
91 234 0 1
92 234 0 1
95 234 0 1
97 234 0 1
100 234 0 1
101 234 0 1
102 234 0 1
103 234 0 1
106 234 0 1
107 234 0 1
108 234 0 1
111 234 0 1
120 234 0 1
121 234 0 1
122 234 0 1
123 234 0 1
124 234 0 1
127 234 0 1
128 234 0 1
129 234 0 1
132 234 0 1
134 234 0 1
138 234 0 1
139 234 0 1
140 234 0 1
141 234 0 1
142 234 0 1
143 234 0 1
159 234 0 1
42 235 0 1
63 235 0 1
68 235 0 1
69 235 0 1
70 235 0 1
72 235 0 1
73 235 0 1
74 235 0 1
75 235 0 1
82 235 0 1
88 235 0 1
89 235 0 1
94 235 0 1
96 235 0 1
98 235 0 1
99 235 0 1
101 235 0 1
105 235 0 1
130 235 0 1
131 235 0 1
132 235 0 1
133 235 0 1
135 235 0 1
136 235 0 1
137 235 0 1
144 235 0 1
146 235 0 1
147 235 0 1
148 235 0 1
151 235 0 1
156 235 0 1
157 235 0 1
158 235 0 1
58 236 0 1
59 236 0 1
61 236 0 1
65 236 0 1
71 236 0 1
78 236 0 1
80 236 0 1
83 236 0 1
85 236 0 1
86 236 0 1
104 236 0 1
125 236 0 1
140 236 0 1
145 236 0 1
150 236 0 1
152 236 0 1
153 236 0 1
154 236 0 1
40 237 0 1
41 237 0 1
42 237 0 1
63 237 0 1
64 237 0 1
67 237 0 1
68 237 0 1
69 237 0 1
70 237 0 1
72 237 0 1
73 237 0 1
74 237 0 1
75 237 0 1
79 237 0 1
81 237 0 1
82 237 0 1
93 237 0 1
95 237 0 1
97 237 0 1
98 237 0 1
99 237 0 1
101 237 0 1
105 237 0 1
108 237 0 1
130 237 0 1
131 237 0 1
132 237 0 1
133 237 0 1
136 237 0 1
137 237 0 1
138 237 0 1
142 237 0 1
143 237 0 1
144 237 0 1
146 237 0 1
147 237 0 1
148 237 0 1
149 237 0 1
151 237 0 1
155 237 0 1
157 237 0 1
158 237 0 1
41 238 0 1
42 238 0 1
63 238 0 1
64 238 0 1
67 238 0 1
68 238 0 1
69 238 0 1
70 238 0 1
72 238 0 1
73 238 0 1
74 238 0 1
75 238 0 1
81 238 0 1
82 238 0 1
89 238 0 1
93 238 0 1
95 238 0 1
98 238 0 1
99 238 0 1
101 238 0 1
105 238 0 1
130 238 0 1
131 238 0 1
132 238 0 1
133 238 0 1
136 238 0 1
137 238 0 1
143 238 0 1
144 238 0 1
146 238 0 1
147 238 0 1
148 238 0 1
149 238 0 1
151 238 0 1
155 238 0 1
156 238 0 1
157 238 0 1
158 238 0 1
63 239 0 1
64 239 0 1
68 239 0 1
69 239 0 1
70 239 0 1
72 239 0 1
73 239 0 1
74 239 0 1
75 239 0 1
81 239 0 1
82 239 0 1
89 239 0 1
93 239 0 1
94 239 0 1
95 239 0 1
96 239 0 1
98 239 0 1
99 239 0 1
101 239 0 1
105 239 0 1
130 239 0 1
131 239 0 1
132 239 0 1
133 239 0 1
135 239 0 1
136 239 0 1
137 239 0 1
144 239 0 1
146 239 0 1
147 239 0 1
148 239 0 1
151 239 0 1
156 239 0 1
157 239 0 1
158 239 0 1
59 240 0 1
60 240 0 1
61 240 0 1
62 240 0 1
65 240 0 1
66 240 0 1
71 240 0 1
76 240 0 1
77 240 0 1
78 240 0 1
79 240 0 1
80 240 0 1
83 240 0 1
86 240 0 1
90 240 0 1
91 240 0 1
92 240 0 1
100 240 0 1
102 240 0 1
103 240 0 1
104 240 0 1
106 240 0 1
107 240 0 1
121 240 0 1
124 240 0 1
125 240 0 1
129 240 0 1
134 240 0 1
139 240 0 1
140 240 0 1
141 240 0 1
142 240 0 1
150 240 0 1
154 240 0 1
159 240 0 1
59 241 0 1
60 241 0 1
61 241 0 1
62 241 0 1
65 241 0 1
66 241 0 1
71 241 0 1
76 241 0 1
77 241 0 1
78 241 0 1
80 241 0 1
83 241 0 1
86 241 0 1
90 241 0 1
92 241 0 1
100 241 0 1
102 241 0 1
104 241 0 1
106 241 0 1
124 241 0 1
125 241 0 1
134 241 0 1
139 241 0 1
140 241 0 1
141 241 0 1
145 241 0 1
150 241 0 1
154 241 0 1
159 241 0 1
58 242 0 1
59 242 0 1
61 242 0 1
65 242 0 1
71 242 0 1
78 242 0 1
80 242 0 1
83 242 0 1
85 242 0 1
86 242 0 1
104 242 0 1
110 242 0 1
125 242 0 1
153 242 0 1
154 242 0 1
68 243 0 1
69 243 0 1
70 243 0 1
72 243 0 1
74 243 0 1
82 243 0 1
84 243 0 1
88 243 0 1
89 243 0 1
94 243 0 1
96 243 0 1
98 243 0 1
99 243 0 1
105 243 0 1
126 243 0 1
130 243 0 1
131 243 0 1
133 243 0 1
135 243 0 1
136 243 0 1
137 243 0 1
144 243 0 1
146 243 0 1
147 243 0 1
151 243 0 1
156 243 0 1
158 243 0 1
63 244 0 1
64 244 0 1
67 244 0 1
68 244 0 1
69 244 0 1
70 244 0 1
72 244 0 1
73 244 0 1
74 244 0 1
75 244 0 1
81 244 0 1
82 244 0 1
89 244 0 1
93 244 0 1
95 244 0 1
98 244 0 1
99 244 0 1
101 244 0 1
105 244 0 1
130 244 0 1
131 244 0 1
132 244 0 1
133 244 0 1
136 244 0 1
137 244 0 1
138 244 0 1
143 244 0 1
144 244 0 1
147 244 0 1
148 244 0 1
151 244 0 1
157 244 0 1
158 244 0 1
59 245 0 1
60 245 0 1
62 245 0 1
65 245 0 1
66 245 0 1
71 245 0 1
76 245 0 1
77 245 0 1
78 245 0 1
79 245 0 1
80 245 0 1
83 245 0 1
86 245 0 1
87 245 0 1
90 245 0 1
91 245 0 1
92 245 0 1
97 245 0 1
100 245 0 1
102 245 0 1
103 245 0 1
106 245 0 1
107 245 0 1
108 245 0 1
121 245 0 1
124 245 0 1
128 245 0 1
129 245 0 1
134 245 0 1
139 245 0 1
140 245 0 1
141 245 0 1
142 245 0 1
143 245 0 1
150 245 0 1
159 245 0 1
70 246 0 1
72 246 0 1
73 246 0 1
74 246 0 1
75 246 0 1
79 246 0 1
81 246 0 1
82 246 0 1
93 246 0 1
95 246 0 1
97 246 0 1
98 246 0 1
99 246 0 1
101 246 0 1
103 246 0 1
105 246 0 1
107 246 0 1
108 246 0 1
127 246 0 1
128 246 0 1
130 246 0 1
131 246 0 1
132 246 0 1
133 246 0 1
138 246 0 1
143 246 0 1
144 246 0 1
58 247 0 1
59 247 0 1
60 247 0 1
61 247 0 1
65 247 0 1
71 247 0 1
78 247 0 1
80 247 0 1
83 247 0 1
85 247 0 1
86 247 0 1
104 247 0 1
110 247 0 1
112 247 0 1
121 247 0 1
124 247 0 1
125 247 0 1
140 247 0 1
141 247 0 1
68 248 0 1
69 248 0 1
70 248 0 1
72 248 0 1
73 248 0 1
74 248 0 1
75 248 0 1
81 248 0 1
82 248 0 1
89 248 0 1
93 248 0 1
95 248 0 1
96 248 0 1
98 248 0 1
99 248 0 1
101 248 0 1
105 248 0 1
126 248 0 1
127 248 0 1
130 248 0 1
131 248 0 1
132 248 0 1
133 248 0 1
136 248 0 1
143 248 0 1
144 248 0 1
68 249 0 1
69 249 0 1
72 249 0 1
74 249 0 1
82 249 0 1
84 249 0 1
88 249 0 1
89 249 0 1
93 249 0 1
94 249 0 1
96 249 0 1
98 249 0 1
99 249 0 1
101 249 0 1
105 249 0 1
109 249 0 1
126 249 0 1
130 249 0 1
131 249 0 1
133 249 0 1
135 249 0 1
136 249 0 1
137 249 0 1
144 249 0 1
151 249 0 1
158 249 0 1
59 250 0 1
60 250 0 1
62 250 0 1
65 250 0 1
66 250 0 1
71 250 0 1
76 250 0 1
77 250 0 1
78 250 0 1
79 250 0 1
80 250 0 1
83 250 0 1
86 250 0 1
87 250 0 1
90 250 0 1
91 250 0 1
92 250 0 1
97 250 0 1
100 250 0 1
102 250 0 1
103 250 0 1
104 250 0 1
106 250 0 1
107 250 0 1
108 250 0 1
111 250 0 1
112 250 0 1
117 250 0 1
120 250 0 1
121 250 0 1
123 250 0 1
124 250 0 1
125 250 0 1
128 250 0 1
129 250 0 1
134 250 0 1
139 250 0 1
140 250 0 1
141 250 0 1
142 250 0 1
159 250 0 1
59 251 0 1
60 251 0 1
61 251 0 1
62 251 0 1
65 251 0 1
66 251 0 1
71 251 0 1
76 251 0 1
77 251 0 1
78 251 0 1
80 251 0 1
83 251 0 1
86 251 0 1
87 251 0 1
90 251 0 1
91 251 0 1
92 251 0 1
97 251 0 1
100 251 0 1
102 251 0 1
103 251 0 1
104 251 0 1
106 251 0 1
107 251 0 1
108 251 0 1
112 251 0 1
121 251 0 1
124 251 0 1
125 251 0 1
129 251 0 1
134 251 0 1
139 251 0 1
140 251 0 1
141 251 0 1
142 251 0 1
150 251 0 1
159 251 0 1
59 252 0 1
60 252 0 1
71 252 0 1
78 252 0 1
80 252 0 1
83 252 0 1
85 252 0 1
86 252 0 1
90 252 0 1
91 252 0 1
92 252 0 1
100 252 0 1
102 252 0 1
104 252 0 1
106 252 0 1
112 252 0 1
117 252 0 1
121 252 0 1
124 252 0 1
125 252 0 1
129 252 0 1
134 252 0 1
139 252 0 1
140 252 0 1
141 252 0 1
58 253 0 1
59 253 0 1
71 253 0 1
78 253 0 1
80 253 0 1
83 253 0 1
85 253 0 1
86 253 0 1
104 253 0 1
110 253 0 1
112 253 0 1
125 253 0 1
59 254 0 1
71 254 0 1
78 254 0 1
80 254 0 1
83 254 0 1
85 254 0 1
86 254 0 1
104 254 0 1
110 254 0 1
112 254 0 1
125 254 0 1
59 255 0 1
78 255 0 1
80 255 0 1
83 255 0 1
85 255 0 1
86 255 0 1
104 255 0 1
110 255 0 1
112 255 0 1
125 255 0 1
59 256 0 1
60 256 0 1
78 256 0 1
80 256 0 1
83 256 0 1
85 256 0 1
86 256 0 1
90 256 0 1
92 256 0 1
100 256 0 1
104 256 0 1
106 256 0 1
110 256 0 1
112 256 0 1
117 256 0 1
121 256 0 1
124 256 0 1
125 256 0 1
129 256 0 1
139 256 0 1
140 256 0 1
141 256 0 1
82 257 0 1
84 257 0 1
88 257 0 1
89 257 0 1
93 257 0 1
94 257 0 1
96 257 0 1
98 257 0 1
99 257 0 1
101 257 0 1
105 257 0 1
109 257 0 1
126 257 0 1
130 257 0 1
131 257 0 1
133 257 0 1
136 257 0 1
137 257 0 1
144 257 0 1
79 258 0 1
81 258 0 1
82 258 0 1
87 258 0 1
90 258 0 1
91 258 0 1
92 258 0 1
93 258 0 1
95 258 0 1
97 258 0 1
98 258 0 1
100 258 0 1
101 258 0 1
102 258 0 1
103 258 0 1
106 258 0 1
107 258 0 1
108 258 0 1
111 258 0 1
114 258 0 1
115 258 0 1
116 258 0 1
118 258 0 1
120 258 0 1
121 258 0 1
122 258 0 1
123 258 0 1
124 258 0 1
127 258 0 1
128 258 0 1
129 258 0 1
132 258 0 1
134 258 0 1
138 258 0 1
139 258 0 1
142 258 0 1
143 258 0 1
80 259 0 1
83 259 0 1
85 259 0 1
86 259 0 1
104 259 0 1
110 259 0 1
112 259 0 1
117 259 0 1
119 259 0 1
121 259 0 1
124 259 0 1
125 259 0 1
83 260 0 1
86 260 0 1
87 260 0 1
90 260 0 1
91 260 0 1
92 260 0 1
97 260 0 1
100 260 0 1
102 260 0 1
103 260 0 1
106 260 0 1
107 260 0 1
108 260 0 1
111 260 0 1
112 260 0 1
114 260 0 1
115 260 0 1
116 260 0 1
117 260 0 1
118 260 0 1
119 260 0 1
120 260 0 1
121 260 0 1
122 260 0 1
123 260 0 1
124 260 0 1
125 260 0 1
127 260 0 1
128 260 0 1
129 260 0 1
139 260 0 1
78 261 0 1
80 261 0 1
83 261 0 1
85 261 0 1
86 261 0 1
90 261 0 1
92 261 0 1
100 261 0 1
104 261 0 1
106 261 0 1
110 261 0 1
112 261 0 1
116 261 0 1
117 261 0 1
119 261 0 1
120 261 0 1
121 261 0 1
124 261 0 1
125 261 0 1
129 261 0 1
79 262 0 1
81 262 0 1
87 262 0 1
90 262 0 1
91 262 0 1
92 262 0 1
93 262 0 1
95 262 0 1
97 262 0 1
100 262 0 1
101 262 0 1
102 262 0 1
103 262 0 1
106 262 0 1
107 262 0 1
108 262 0 1
111 262 0 1
114 262 0 1
115 262 0 1
116 262 0 1
117 262 0 1
118 262 0 1
119 262 0 1
120 262 0 1
121 262 0 1
122 262 0 1
123 262 0 1
124 262 0 1
127 262 0 1
128 262 0 1
129 262 0 1
142 262 0 1
143 262 0 1
81 263 0 1
82 263 0 1
87 263 0 1
91 263 0 1
93 263 0 1
95 263 0 1
97 263 0 1
98 263 0 1
99 263 0 1
101 263 0 1
102 263 0 1
103 263 0 1
105 263 0 1
106 263 0 1
107 263 0 1
108 263 0 1
111 263 0 1
114 263 0 1
115 263 0 1
116 263 0 1
118 263 0 1
120 263 0 1
122 263 0 1
123 263 0 1
127 263 0 1
128 263 0 1
132 263 0 1
143 263 0 1
89 264 0 1
93 264 0 1
94 264 0 1
95 264 0 1
96 264 0 1
98 264 0 1
99 264 0 1
101 264 0 1
105 264 0 1
109 264 0 1
113 264 0 1
126 264 0 1
80 265 0 1
83 265 0 1
85 265 0 1
86 265 0 1
90 265 0 1
92 265 0 1
104 265 0 1
110 265 0 1
112 265 0 1
116 265 0 1
117 265 0 1
119 265 0 1
120 265 0 1
121 265 0 1
124 265 0 1
125 265 0 1
129 265 0 1
80 266 0 1
85 266 0 1
86 266 0 1
104 266 0 1
110 266 0 1
112 266 0 1
125 266 0 1
89 267 0 1
93 267 0 1
94 267 0 1
95 267 0 1
98 267 0 1
99 267 0 1
101 267 0 1
105 267 0 1
109 267 0 1
113 267 0 1
126 267 0 1
93 268 0 1
95 268 0 1
98 268 0 1
99 268 0 1
101 268 0 1
105 268 0 1
127 268 0 1
82 269 0 1
87 269 0 1
93 269 0 1
95 269 0 1
98 269 0 1
99 269 0 1
101 269 0 1
105 269 0 1
108 269 0 1
111 269 0 1
114 269 0 1
115 269 0 1
122 269 0 1
123 269 0 1
127 269 0 1
128 269 0 1
85 270 0 1
86 270 0 1
110 270 0 1
112 270 0 1
125 270 0 1
109 271 0 1
113 271 0 1
126 271 0 1
93 272 0 1
85 273 0 1
86 273 0 1
110 273 0 1
112 273 0 1
121 273 0 1
125 273 0 1
84 274 0 1
88 274 0 1
89 274 0 1
94 274 0 1
96 274 0 1
109 274 0 1
113 274 0 1
126 274 0 1
84 275 0 1
89 275 0 1
94 275 0 1
109 275 0 1
113 275 0 1
126 275 0 1
87 276 0 1
93 276 0 1
108 276 0 1
111 276 0 1
114 276 0 1
115 276 0 1
116 276 0 1
118 276 0 1
120 276 0 1
122 276 0 1
123 276 0 1
127 276 0 1
128 276 0 1
85 277 0 1
86 277 0 1
104 277 0 1
110 277 0 1
112 277 0 1
117 277 0 1
121 277 0 1
125 277 0 1
86 278 0 1
92 278 0 1
112 278 0 1
115 278 0 1
116 278 0 1
117 278 0 1
118 278 0 1
119 278 0 1
120 278 0 1
121 278 0 1
123 278 0 1
124 278 0 1
125 278 0 1
129 278 0 1
85 279 0 1
86 279 0 1
110 279 0 1
112 279 0 1
116 279 0 1
117 279 0 1
119 279 0 1
121 279 0 1
124 279 0 1
125 279 0 1
85 280 0 1
86 280 0 1
110 280 0 1
112 280 0 1
117 280 0 1
119 280 0 1
121 280 0 1
124 280 0 1
125 280 0 1
84 281 0 1
88 281 0 1
89 281 0 1
94 281 0 1
96 281 0 1
105 281 0 1
109 281 0 1
113 281 0 1
126 281 0 1
87 282 0 1
90 282 0 1
91 282 0 1
92 282 0 1
93 282 0 1
95 282 0 1
97 282 0 1
100 282 0 1
101 282 0 1
102 282 0 1
103 282 0 1
106 282 0 1
107 282 0 1
108 282 0 1
111 282 0 1
114 282 0 1
115 282 0 1
116 282 0 1
117 282 0 1
118 282 0 1
119 282 0 1
120 282 0 1
121 282 0 1
122 282 0 1
123 282 0 1
124 282 0 1
127 282 0 1
128 282 0 1
129 282 0 1
89 283 0 1
93 283 0 1
95 283 0 1
98 283 0 1
99 283 0 1
101 283 0 1
105 283 0 1
113 283 0 1
126 283 0 1
127 283 0 1
89 284 0 1
93 284 0 1
94 284 0 1
98 284 0 1
99 284 0 1
105 284 0 1
109 284 0 1
113 284 0 1
126 284 0 1
93 285 0 1
95 285 0 1
98 285 0 1
99 285 0 1
101 285 0 1
105 285 0 1
108 285 0 1
114 285 0 1
122 285 0 1
127 285 0 1
128 285 0 1
85 286 0 1
86 286 0 1
104 286 0 1
110 286 0 1
112 286 0 1
121 286 0 1
125 286 0 1
85 287 0 1
86 287 0 1
104 287 0 1
110 287 0 1
112 287 0 1
117 287 0 1
121 287 0 1
124 287 0 1
125 287 0 1
85 288 0 1
86 288 0 1
104 288 0 1
110 288 0 1
112 288 0 1
117 288 0 1
119 288 0 1
121 288 0 1
124 288 0 1
125 288 0 1
87 289 0 1
91 289 0 1
93 289 0 1
95 289 0 1
101 289 0 1
103 289 0 1
107 289 0 1
108 289 0 1
111 289 0 1
114 289 0 1
115 289 0 1
116 289 0 1
118 289 0 1
120 289 0 1
121 289 0 1
122 289 0 1
123 289 0 1
127 289 0 1
128 289 0 1
129 289 0 1
87 290 0 1
90 290 0 1
91 290 0 1
92 290 0 1
93 290 0 1
106 290 0 1
107 290 0 1
108 290 0 1
111 290 0 1
114 290 0 1
115 290 0 1
116 290 0 1
117 290 0 1
118 290 0 1
119 290 0 1
120 290 0 1
121 290 0 1
122 290 0 1
123 290 0 1
127 290 0 1
128 290 0 1
129 290 0 1
87 291 0 1
93 291 0 1
108 291 0 1
111 291 0 1
114 291 0 1
115 291 0 1
118 291 0 1
120 291 0 1
122 291 0 1
123 291 0 1
127 291 0 1
128 291 0 1
93 292 0 1
105 292 0 1
111 292 0 1
114 292 0 1
115 292 0 1
122 292 0 1
127 292 0 1
128 292 0 1
89 293 0 1
93 293 0 1
94 293 0 1
105 293 0 1
109 293 0 1
113 293 0 1
126 293 0 1
78 294 0 1
79 294 0 1
83 294 0 1
86 294 0 1
87 294 0 1
90 294 0 1
91 294 0 1
92 294 0 1
97 294 0 1
100 294 0 1
102 294 0 1
103 294 0 1
106 294 0 1
107 294 0 1
108 294 0 1
111 294 0 1
112 294 0 1
114 294 0 1
115 294 0 1
116 294 0 1
117 294 0 1
118 294 0 1
119 294 0 1
120 294 0 1
121 294 0 1
122 294 0 1
123 294 0 1
124 294 0 1
125 294 0 1
127 294 0 1
128 294 0 1
129 294 0 1
134 294 0 1
139 294 0 1
140 294 0 1
141 294 0 1
142 294 0 1
84 295 0 1
88 295 0 1
89 295 0 1
93 295 0 1
94 295 0 1
96 295 0 1
98 295 0 1
99 295 0 1
105 295 0 1
109 295 0 1
113 295 0 1
126 295 0 1
130 295 0 1
131 295 0 1
136 295 0 1
137 295 0 1
144 295 0 1
79 296 0 1
81 296 0 1
82 296 0 1
87 296 0 1
90 296 0 1
91 296 0 1
92 296 0 1
93 296 0 1
95 296 0 1
97 296 0 1
98 296 0 1
99 296 0 1
100 296 0 1
101 296 0 1
102 296 0 1
103 296 0 1
105 296 0 1
106 296 0 1
107 296 0 1
108 296 0 1
111 296 0 1
114 296 0 1
115 296 0 1
118 296 0 1
120 296 0 1
122 296 0 1
123 296 0 1
127 296 0 1
128 296 0 1
129 296 0 1
132 296 0 1
138 296 0 1
142 296 0 1
143 296 0 1
81 297 0 1
82 297 0 1
89 297 0 1
93 297 0 1
95 297 0 1
98 297 0 1
99 297 0 1
101 297 0 1
105 297 0 1
126 297 0 1
127 297 0 1
131 297 0 1
132 297 0 1
133 297 0 1
144 297 0 1
78 298 0 1
80 298 0 1
83 298 0 1
85 298 0 1
86 298 0 1
104 298 0 1
110 298 0 1
112 298 0 1
125 298 0 1
78 299 0 1
80 299 0 1
83 299 0 1
85 299 0 1
86 299 0 1
104 299 0 1
110 299 0 1
112 299 0 1
121 299 0 1
124 299 0 1
125 299 0 1
78 300 0 1
80 300 0 1
83 300 0 1
85 300 0 1
86 300 0 1
104 300 0 1
110 300 0 1
112 300 0 1
121 300 0 1
124 300 0 1
125 300 0 1
78 301 0 1
80 301 0 1
83 301 0 1
85 301 0 1
86 301 0 1
90 301 0 1
92 301 0 1
100 301 0 1
104 301 0 1
110 301 0 1
112 301 0 1
116 301 0 1
117 301 0 1
119 301 0 1
121 301 0 1
124 301 0 1
125 301 0 1
129 301 0 1
140 301 0 1
141 301 0 1
82 302 0 1
84 302 0 1
89 302 0 1
93 302 0 1
94 302 0 1
95 302 0 1
96 302 0 1
98 302 0 1
99 302 0 1
101 302 0 1
105 302 0 1
109 302 0 1
113 302 0 1
126 302 0 1
127 302 0 1
131 302 0 1
144 302 0 1
82 303 0 1
84 303 0 1
88 303 0 1
89 303 0 1
93 303 0 1
94 303 0 1
96 303 0 1
98 303 0 1
99 303 0 1
101 303 0 1
105 303 0 1
109 303 0 1
113 303 0 1
126 303 0 1
130 303 0 1
144 303 0 1
24 304 0 1
34 304 0 1
44 304 0 1
49 304 0 1
50 304 0 1
53 304 0 1
55 304 0 1
58 304 0 1
59 304 0 1
61 304 0 1
65 304 0 1
71 304 0 1
145 304 0 1
150 304 0 1
152 304 0 1
153 304 0 1
154 304 0 1
18 305 0 1
19 305 0 1
23 305 0 1
24 305 0 1
25 305 0 1
34 305 0 1
44 305 0 1
48 305 0 1
49 305 0 1
50 305 0 1
53 305 0 1
54 305 0 1
55 305 0 1
57 305 0 1
58 305 0 1
59 305 0 1
60 305 0 1
61 305 0 1
62 305 0 1
65 305 0 1
66 305 0 1
71 305 0 1
77 305 0 1
78 305 0 1
134 305 0 1
140 305 0 1
141 305 0 1
145 305 0 1
150 305 0 1
152 305 0 1
153 305 0 1
154 305 0 1
159 305 0 1
36 306 0 1
37 306 0 1
48 306 0 1
49 306 0 1
52 306 0 1
54 306 0 1
57 306 0 1
60 306 0 1
62 306 0 1
64 306 0 1
66 306 0 1
67 306 0 1
76 306 0 1
77 306 0 1
134 306 0 1
138 306 0 1
139 306 0 1
141 306 0 1
142 306 0 1
149 306 0 1
150 306 0 1
155 306 0 1
159 306 0 1
36 307 0 1
37 307 0 1
40 307 0 1
41 307 0 1
48 307 0 1
52 307 0 1
54 307 0 1
57 307 0 1
60 307 0 1
62 307 0 1
63 307 0 1
64 307 0 1
66 307 0 1
67 307 0 1
73 307 0 1
76 307 0 1
77 307 0 1
132 307 0 1
134 307 0 1
138 307 0 1
139 307 0 1
141 307 0 1
142 307 0 1
143 307 0 1
148 307 0 1
149 307 0 1
150 307 0 1
155 307 0 1
159 307 0 1
35 308 0 1
36 308 0 1
37 308 0 1
39 308 0 1
40 308 0 1
41 308 0 1
51 308 0 1
52 308 0 1
54 308 0 1
56 308 0 1
62 308 0 1
63 308 0 1
64 308 0 1
66 308 0 1
67 308 0 1
70 308 0 1
72 308 0 1
73 308 0 1
75 308 0 1
76 308 0 1
77 308 0 1
132 308 0 1
133 308 0 1
134 308 0 1
138 308 0 1
142 308 0 1
143 308 0 1
148 308 0 1
149 308 0 1
150 308 0 1
155 308 0 1
157 308 0 1
18 309 0 1
19 309 0 1
21 309 0 1
23 309 0 1
36 309 0 1
48 309 0 1
49 309 0 1
52 309 0 1
54 309 0 1
57 309 0 1
60 309 0 1
62 309 0 1
65 309 0 1
66 309 0 1
76 309 0 1
77 309 0 1
134 309 0 1
141 309 0 1
145 309 0 1
150 309 0 1
152 309 0 1
154 309 0 1
159 309 0 1
17 310 0 1
35 310 0 1
38 310 0 1
41 310 0 1
42 310 0 1
43 310 0 1
45 310 0 1
46 310 0 1
47 310 0 1
56 310 0 1
68 310 0 1
69 310 0 1
74 310 0 1
130 310 0 1
131 310 0 1
133 310 0 1
135 310 0 1
136 310 0 1
137 310 0 1
144 310 0 1
146 310 0 1
147 310 0 1
151 310 0 1
156 310 0 1
157 310 0 1
158 310 0 1
