1 2 0 0
1 3 0 0
1 4 0 0
3 4 0 0
4 5 0 0
3 6 0 0
4 6 0 0
5 6 0 0
1 7 0 0
3 7 0 0
4 7 0 0
5 7 0 0
6 7 0 0
1 8 0 0
3 8 0 0
4 8 0 0
5 8 0 0
6 8 0 0
7 8 0 0
1 9 0 0
3 9 0 0
4 9 0 0
6 9 0 0
7 9 0 0
8 9 0 0
1 10 0 0
3 10 0 0
4 10 0 0
6 10 0 0
7 10 0 0
8 10 0 0
9 10 0 0
1 11 0 0
3 11 0 0
4 11 0 0
7 11 0 0
8 11 0 0
9 11 0 0
10 11 0 0
1 12 0 0
3 12 0 0
4 12 0 0
6 12 0 0
7 12 0 0
8 12 0 0
9 12 0 0
10 12 0 0
11 12 0 0
3 13 0 0
4 13 0 0
5 13 0 0
6 13 0 0
7 13 0 0
8 13 0 0
9 13 0 0
12 13 0 0
1 14 0 0
3 14 0 0
4 14 0 0
6 14 0 0
7 14 0 0
8 14 0 0
9 14 0 0
10 14 0 0
11 14 0 0
12 14 0 0
13 14 0 0
1 15 0 0
3 15 0 0
4 15 0 0
6 15 0 0
7 15 0 0
8 15 0 0
9 15 0 0
10 15 0 0
11 15 0 0
12 15 0 0
13 15 0 0
14 15 0 0
1 16 0 0
2 16 0 0
1 17 0 0
10 17 0 0
11 17 0 0
12 17 0 0
15 17 0 0
16 17 0 0
1 18 0 0
3 18 0 0
4 18 0 0
5 18 0 0
6 18 0 0
7 18 0 0
8 18 0 0
9 18 0 0
10 18 0 0
11 18 0 0
12 18 0 0
13 18 0 0
14 18 0 0
15 18 0 0
1 19 0 0
2 19 0 0
16 19 0 0
5 20 0 0
5 21 0 0
6 21 0 0
7 21 0 0
13 21 0 0
20 21 0 0
1 22 0 0
2 22 0 0
16 22 0 0
17 22 0 0
19 22 0 0
3 23 0 0
4 23 0 0
5 23 0 0
6 23 0 0
7 23 0 0
8 23 0 0
9 23 0 0
10 23 0 0
11 23 0 0
12 23 0 0
13 23 0 0
14 23 0 0
15 23 0 0
18 23 0 0
21 23 0 0
4 24 0 0
5 24 0 0
6 24 0 0
7 24 0 0
8 24 0 0
13 24 0 0
14 24 0 0
18 24 0 0
21 24 0 0
23 24 0 0
5 25 0 0
13 25 0 0
20 25 0 0
21 25 0 0
24 25 0 0
4 26 0 0
5 26 0 0
6 26 0 0
7 26 0 0
8 26 0 0
13 26 0 0
14 26 0 0
18 26 0 0
21 26 0 0
23 26 0 0
24 26 0 0
25 26 0 0
1 27 0 0
3 27 0 0
4 27 0 0
6 27 0 0
7 27 0 0
8 27 0 0
9 27 0 0
10 27 0 0
11 27 0 0
12 27 0 0
13 27 0 0
14 27 0 0
15 27 0 0
18 27 0 0
23 27 0 0
24 27 0 0
26 27 0 0
1 28 0 0
3 28 0 0
4 28 0 0
5 28 0 0
6 28 0 0
7 28 0 0
8 28 0 0
9 28 0 0
10 28 0 0
11 28 0 0
12 28 0 0
13 28 0 0
14 28 0 0
15 28 0 0
18 28 0 0
23 28 0 0
24 28 0 0
26 28 0 0
27 28 0 0
3 29 0 0
4 29 0 0
5 29 0 0
6 29 0 0
7 29 0 0
8 29 0 0
9 29 0 0
10 29 0 0
11 29 0 0
12 29 0 0
13 29 0 0
14 29 0 0
15 29 0 0
18 29 0 0
23 29 0 0
24 29 0 0
26 29 0 0
27 29 0 0
28 29 0 0
3 30 0 0
4 30 0 0
5 30 0 0
6 30 0 0
7 30 0 0
8 30 0 0
9 30 0 0
12 30 0 0
13 30 0 0
14 30 0 0
18 30 0 0
21 30 0 0
23 30 0 0
24 30 0 0
25 30 0 0
26 30 0 0
27 30 0 0
28 30 0 0
29 30 0 0
1 31 0 0
2 31 0 0
16 31 0 0
17 31 0 0
19 31 0 0
22 31 0 0
1 32 0 0
3 32 0 0
4 32 0 0
6 32 0 0
7 32 0 0
8 32 0 0
9 32 0 0
10 32 0 0
11 32 0 0
12 32 0 0
13 32 0 0
14 32 0 0
15 32 0 0
17 32 0 0
18 32 0 0
23 32 0 0
27 32 0 0
28 32 0 0
29 32 0 0
30 32 0 0
1 33 0 0
3 33 0 0
4 33 0 0
7 33 0 0
8 33 0 0
9 33 0 0
10 33 0 0
11 33 0 0
12 33 0 0
14 33 0 0
15 33 0 0
17 33 0 0
18 33 0 0
23 33 0 0
27 33 0 0
28 33 0 0
29 33 0 0
32 33 0 0
3 34 0 0
4 34 0 0
5 34 0 0
6 34 0 0
7 34 0 0
8 34 0 0
9 34 0 0
10 34 0 0
12 34 0 0
13 34 0 0
14 34 0 0
15 34 0 0
18 34 0 0
21 34 0 0
23 34 0 0
24 34 0 0
25 34 0 0
26 34 0 0
27 34 0 0
28 34 0 0
29 34 0 0
30 34 0 0
32 34 0 0
33 34 0 0
1 35 0 0
10 35 0 0
11 35 0 0
12 35 0 0
15 35 0 0
16 35 0 0
17 35 0 0
22 35 0 0
31 35 0 0
32 35 0 0
33 35 0 0
20 36 0 0
21 36 0 0
25 36 0 0
20 37 0 0
21 37 0 0
24 37 0 0
25 37 0 0
26 37 0 0
36 37 0 0
7 38 0 0
18 38 0 0
21 38 0 0
23 38 0 0
24 38 0 0
25 38 0 0
26 38 0 0
28 38 0 0
29 38 0 0
30 38 0 0
34 38 0 0
36 38 0 0
37 38 0 0
1 39 0 0
16 39 0 0
17 39 0 0
22 39 0 0
31 39 0 0
35 39 0 0
7 40 0 0
18 40 0 0
23 40 0 0
24 40 0 0
26 40 0 0
27 40 0 0
28 40 0 0
29 40 0 0
30 40 0 0
34 40 0 0
38 40 0 0
18 41 0 0
23 41 0 0
24 41 0 0
27 41 0 0
28 41 0 0
29 41 0 0
34 41 0 0
38 41 0 0
40 41 0 0
1 42 0 0
14 42 0 0
17 42 0 0
18 42 0 0
23 42 0 0
24 42 0 0
27 42 0 0
28 42 0 0
29 42 0 0
32 42 0 0
33 42 0 0
34 42 0 0
38 42 0 0
40 42 0 0
41 42 0 0
1 43 0 0
17 43 0 0
22 43 0 0
35 43 0 0
39 43 0 0
42 43 0 0
1 44 0 0
17 44 0 0
35 44 0 0
39 44 0 0
41 44 0 0
42 44 0 0
43 44 0 0
6 45 0 0
7 45 0 0
8 45 0 0
13 45 0 0
18 45 0 0
21 45 0 0
23 45 0 0
24 45 0 0
26 45 0 0
27 45 0 0
28 45 0 0
29 45 0 0
30 45 0 0
34 45 0 0
37 45 0 0
38 45 0 0
40 45 0 0
41 45 0 0
42 45 0 0
1 46 0 0
8 46 0 0
10 46 0 0
11 46 0 0
12 46 0 0
14 46 0 0
15 46 0 0
17 46 0 0
18 46 0 0
23 46 0 0
27 46 0 0
28 46 0 0
29 46 0 0
32 46 0 0
33 46 0 0
35 46 0 0
40 46 0 0
41 46 0 0
42 46 0 0
43 46 0 0
44 46 0 0
1 47 0 0
16 47 0 0
19 47 0 0
22 47 0 0
31 47 0 0
39 47 0 0
1 48 0 0
16 48 0 0
19 48 0 0
22 48 0 0
31 48 0 0
39 48 0 0
47 48 0 0
1 49 0 0
16 49 0 0
17 49 0 0
19 49 0 0
22 49 0 0
31 49 0 0
35 49 0 0
39 49 0 0
43 49 0 0
47 49 0 0
48 49 0 0
1 50 0 0
11 50 0 0
12 50 0 0
14 50 0 0
15 50 0 0
17 50 0 0
18 50 0 0
27 50 0 0
28 50 0 0
32 50 0 0
33 50 0 0
35 50 0 0
39 50 0 0
41 50 0 0
42 50 0 0
43 50 0 0
44 50 0 0
46 50 0 0
1 51 0 0
16 51 0 0
17 51 0 0
19 51 0 0
22 51 0 0
31 51 0 0
35 51 0 0
39 51 0 0
43 51 0 0
47 51 0 0
48 51 0 0
49 51 0 0
1 52 0 0
16 52 0 0
19 52 0 0
22 52 0 0
31 52 0 0
35 52 0 0
39 52 0 0
47 52 0 0
48 52 0 0
49 52 0 0
51 52 0 0
1 53 0 0
17 53 0 0
22 53 0 0
31 53 0 0
33 53 0 0
35 53 0 0
39 53 0 0
42 53 0 0
43 53 0 0
44 53 0 0
46 53 0 0
49 53 0 0
50 53 0 0
51 53 0 0
7 54 0 0
8 54 0 0
14 54 0 0
15 54 0 0
18 54 0 0
23 54 0 0
24 54 0 0
27 54 0 0
28 54 0 0
29 54 0 0
30 54 0 0
32 54 0 0
33 54 0 0
34 54 0 0
38 54 0 0
40 54 0 0
41 54 0 0
42 54 0 0
44 54 0 0
45 54 0 0
46 54 0 0
50 54 0 0
36 55 0 0
37 55 0 0
16 56 0 0
17 56 0 0
22 56 0 0
39 56 0 0
43 56 0 0
44 56 0 0
47 56 0 0
48 56 0 0
49 56 0 0
51 56 0 0
52 56 0 0
53 56 0 0
1 57 0 0
16 57 0 0
19 57 0 0
22 57 0 0
31 57 0 0
39 57 0 0
43 57 0 0
47 57 0 0
48 57 0 0
49 57 0 0
51 57 0 0
52 57 0 0
56 57 0 0
16 58 0 0
19 58 0 0
22 58 0 0
31 58 0 0
39 58 0 0
43 58 0 0
47 58 0 0
48 58 0 0
49 58 0 0
51 58 0 0
52 58 0 0
53 58 0 0
56 58 0 0
57 58 0 0
18 59 0 0
23 59 0 0
24 59 0 0
34 59 0 0
37 59 0 0
38 59 0 0
40 59 0 0
41 59 0 0
42 59 0 0
45 59 0 0
54 59 0 0
18 60 0 0
40 60 0 0
41 60 0 0
42 60 0 0
43 60 0 0
44 60 0 0
45 60 0 0
46 60 0 0
50 60 0 0
53 60 0 0
54 60 0 0
59 60 0 0
1 61 0 0
17 61 0 0
22 61 0 0
39 61 0 0
41 61 0 0
42 61 0 0
43 61 0 0
44 61 0 0
46 61 0 0
49 61 0 0
50 61 0 0
51 61 0 0
53 61 0 0
56 61 0 0
57 61 0 0
58 61 0 0
60 61 0 0
17 62 0 0
18 62 0 0
39 62 0 0
40 62 0 0
41 62 0 0
42 62 0 0
43 62 0 0
44 62 0 0
46 62 0 0
50 62 0 0
53 62 0 0
54 62 0 0
56 62 0 0
60 62 0 0
61 62 0 0
16 63 0 0
19 63 0 0
39 63 0 0
47 63 0 0
48 63 0 0
49 63 0 0
51 63 0 0
52 63 0 0
56 63 0 0
57 63 0 0
58 63 0 0
17 64 0 0
39 64 0 0
42 64 0 0
43 64 0 0
44 64 0 0
46 64 0 0
50 64 0 0
51 64 0 0
53 64 0 0
56 64 0 0
58 64 0 0
60 64 0 0
61 64 0 0
62 64 0 0
39 65 0 0
41 65 0 0
42 65 0 0
43 65 0 0
44 65 0 0
46 65 0 0
50 65 0 0
53 65 0 0
54 65 0 0
56 65 0 0
60 65 0 0
61 65 0 0
62 65 0 0
64 65 0 0
40 66 0 0
41 66 0 0
42 66 0 0
43 66 0 0
44 66 0 0
46 66 0 0
50 66 0 0
53 66 0 0
54 66 0 0
59 66 0 0
60 66 0 0
61 66 0 0
62 66 0 0
64 66 0 0
65 66 0 0
47 67 0 0
48 67 0 0
49 67 0 0
51 67 0 0
52 67 0 0
56 67 0 0
57 67 0 0
58 67 0 0
63 67 0 0
38 68 0 0
40 68 0 0
41 68 0 0
45 68 0 0
59 68 0 0
41 69 0 0
42 69 0 0
43 69 0 0
44 69 0 0
46 69 0 0
50 69 0 0
53 69 0 0
54 69 0 0
60 69 0 0
61 69 0 0
62 69 0 0
64 69 0 0
65 69 0 0
66 69 0 0
55 70 0 0
68 70 0 0
57 71 0 0
58 71 0 0
63 71 0 0
67 71 0 0
56 72 0 0
57 72 0 0
58 72 0 0
63 72 0 0
64 72 0 0
67 72 0 0
71 72 0 0
55 73 0 0
59 73 0 0
68 73 0 0
70 73 0 0
41 74 0 0
59 74 0 0
60 74 0 0
66 74 0 0
68 74 0 0
69 74 0 0
60 75 0 0
61 75 0 0
62 75 0 0
64 75 0 0
65 75 0 0
66 75 0 0
69 75 0 0
74 75 0 0
55 76 0 0
68 76 0 0
70 76 0 0
73 76 0 0
57 77 0 0
58 77 0 0
63 77 0 0
67 77 0 0
71 77 0 0
72 77 0 0
55 78 0 0
68 78 0 0
70 78 0 0
73 78 0 0
76 78 0 0
56 79 0 0
58 79 0 0
64 79 0 0
71 79 0 0
72 79 0 0
77 79 0 0
60 80 0 0
64 80 0 0
65 80 0 0
66 80 0 0
69 80 0 0
74 80 0 0
75 80 0 0
64 81 0 0
65 81 0 0
66 81 0 0
69 81 0 0
74 81 0 0
75 81 0 0
79 81 0 0
80 81 0 0
38 82 0 0
55 82 0 0
59 82 0 0
68 82 0 0
70 82 0 0
73 82 0 0
76 82 0 0
78 82 0 0
39 83 0 0
43 83 0 0
44 83 0 0
53 83 0 0
56 83 0 0
58 83 0 0
60 83 0 0
61 83 0 0
62 83 0 0
64 83 0 0
65 83 0 0
66 83 0 0
69 83 0 0
72 83 0 0
75 83 0 0
77 83 0 0
79 83 0 0
80 83 0 0
81 83 0 0
41 84 0 0
42 84 0 0
43 84 0 0
44 84 0 0
60 84 0 0
61 84 0 0
62 84 0 0
64 84 0 0
65 84 0 0
66 84 0 0
69 84 0 0
74 84 0 0
75 84 0 0
80 84 0 0
81 84 0 0
83 84 0 0
38 85 0 0
40 85 0 0
41 85 0 0
42 85 0 0
45 85 0 0
54 85 0 0
59 85 0 0
60 85 0 0
66 85 0 0
68 85 0 0
73 85 0 0
74 85 0 0
76 85 0 0
80 85 0 0
82 85 0 0
39 86 0 0
43 86 0 0
47 86 0 0
49 86 0 0
51 86 0 0
52 86 0 0
56 86 0 0
57 86 0 0
58 86 0 0
63 86 0 0
64 86 0 0
67 86 0 0
71 86 0 0
72 86 0 0
77 86 0 0
79 86 0 0
83 86 0 0
39 87 0 0
43 87 0 0
44 87 0 0
51 87 0 0
53 87 0 0
56 87 0 0
57 87 0 0
58 87 0 0
61 87 0 0
62 87 0 0
63 87 0 0
64 87 0 0
65 87 0 0
67 87 0 0
69 87 0 0
72 87 0 0
77 87 0 0
79 87 0 0
81 87 0 0
83 87 0 0
84 87 0 0
86 87 0 0
39 88 0 0
43 88 0 0
51 88 0 0
52 88 0 0
56 88 0 0
57 88 0 0
58 88 0 0
61 88 0 0
63 88 0 0
64 88 0 0
65 88 0 0
67 88 0 0
71 88 0 0
72 88 0 0
77 88 0 0
79 88 0 0
83 88 0 0
86 88 0 0
87 88 0 0
38 89 0 0
40 89 0 0
41 89 0 0
42 89 0 0
54 89 0 0
59 89 0 0
60 89 0 0
66 89 0 0
68 89 0 0
69 89 0 0
74 89 0 0
75 89 0 0
80 89 0 0
82 89 0 0
84 89 0 0
85 89 0 0
40 90 0 0
41 90 0 0
42 90 0 0
44 90 0 0
54 90 0 0
59 90 0 0
60 90 0 0
61 90 0 0
62 90 0 0
64 90 0 0
65 90 0 0
66 90 0 0
68 90 0 0
69 90 0 0
74 90 0 0
75 90 0 0
80 90 0 0
81 90 0 0
83 90 0 0
84 90 0 0
85 90 0 0
89 90 0 0
40 91 0 0
41 91 0 0
42 91 0 0
54 91 0 0
59 91 0 0
60 91 0 0
62 91 0 0
65 91 0 0
66 91 0 0
68 91 0 0
69 91 0 0
74 91 0 0
75 91 0 0
80 91 0 0
81 91 0 0
84 91 0 0
85 91 0 0
89 91 0 0
90 91 0 0
40 92 0 0
41 92 0 0
42 92 0 0
59 92 0 0
60 92 0 0
66 92 0 0
68 92 0 0
69 92 0 0
73 92 0 0
74 92 0 0
75 92 0 0
80 92 0 0
82 92 0 0
84 92 0 0
85 92 0 0
89 92 0 0
90 92 0 0
91 92 0 0
59 93 0 0
68 93 0 0
70 93 0 0
73 93 0 0
74 93 0 0
76 93 0 0
78 93 0 0
82 93 0 0
85 93 0 0
89 93 0 0
90 93 0 0
91 93 0 0
92 93 0 0
71 94 0 0
72 94 0 0
77 94 0 0
79 94 0 0
86 94 0 0
74 95 0 0
75 95 0 0
80 95 0 0
81 95 0 0
70 96 0 0
73 96 0 0
76 96 0 0
78 96 0 0
74 97 0 0
75 97 0 0
80 97 0 0
81 97 0 0
90 97 0 0
91 97 0 0
92 97 0 0
95 97 0 0
72 98 0 0
75 98 0 0
77 98 0 0
79 98 0 0
80 98 0 0
81 98 0 0
83 98 0 0
84 98 0 0
87 98 0 0
95 98 0 0
69 99 0 0
74 99 0 0
75 99 0 0
80 99 0 0
81 99 0 0
83 99 0 0
84 99 0 0
90 99 0 0
91 99 0 0
95 99 0 0
97 99 0 0
98 99 0 0
95 100 0 0
97 100 0 0
99 100 0 0
95 101 0 0
97 101 0 0
99 101 0 0
100 101 0 0
95 102 0 0
98 102 0 0
95 103 0 0
97 103 0 0
100 103 0 0
101 103 0 0
102 103 0 0
95 104 0 0
97 104 0 0
99 104 0 0
100 104 0 0
101 104 0 0
102 104 0 0
103 104 0 0
95 105 0 0
97 105 0 0
100 105 0 0
101 105 0 0
103 105 0 0
104 105 0 0
100 107 0 0
101 107 0 0
103 107 0 0
104 107 0 0
105 107 0 0
106 108 0 0
107 108 0 0
106 109 0 0
108 109 0 0
106 110 0 0
107 110 0 0
108 110 0 0
109 110 0 0
100 111 0 0
101 111 0 0
103 111 0 0
104 111 0 0
105 111 0 0
107 111 0 0
101 112 0 0
105 112 0 0
106 112 0 0
107 112 0 0
108 112 0 0
109 112 0 0
110 112 0 0
111 112 0 0
100 113 0 0
101 113 0 0
103 113 0 0
104 113 0 0
105 113 0 0
107 113 0 0
108 113 0 0
110 113 0 0
111 113 0 0
112 113 0 0
106 114 0 0
107 114 0 0
108 114 0 0
109 114 0 0
110 114 0 0
112 114 0 0
100 115 0 0
101 115 0 0
103 115 0 0
104 115 0 0
105 115 0 0
107 115 0 0
111 115 0 0
112 115 0 0
113 115 0 0
76 116 0 0
78 116 0 0
96 116 0 0
106 116 0 0
109 116 0 0
110 116 0 0
112 116 0 0
114 116 0 0
74 117 0 0
97 117 0 0
100 117 0 0
101 117 0 0
103 117 0 0
104 117 0 0
105 117 0 0
107 117 0 0
110 117 0 0
111 117 0 0
112 117 0 0
113 117 0 0
115 117 0 0
116 117 0 0
74 118 0 0
80 118 0 0
95 118 0 0
97 118 0 0
99 118 0 0
100 118 0 0
101 118 0 0
103 118 0 0
104 118 0 0
105 118 0 0
111 118 0 0
113 118 0 0
115 118 0 0
117 118 0 0
68 119 0 0
73 119 0 0
74 119 0 0
80 119 0 0
82 119 0 0
85 119 0 0
89 119 0 0
90 119 0 0
91 119 0 0
92 119 0 0
93 119 0 0
97 119 0 0
117 119 0 0
118 119 0 0
69 120 0 0
74 120 0 0
75 120 0 0
80 120 0 0
81 120 0 0
83 120 0 0
84 120 0 0
89 120 0 0
90 120 0 0
91 120 0 0
92 120 0 0
95 120 0 0
97 120 0 0
98 120 0 0
99 120 0 0
100 120 0 0
118 120 0 0
119 120 0 0
68 121 0 0
70 121 0 0
73 121 0 0
74 121 0 0
76 121 0 0
78 121 0 0
82 121 0 0
85 121 0 0
89 121 0 0
91 121 0 0
92 121 0 0
93 121 0 0
96 121 0 0
116 121 0 0
117 121 0 0
119 121 0 0
59 122 0 0
68 122 0 0
73 122 0 0
74 122 0 0
76 122 0 0
78 122 0 0
80 122 0 0
82 122 0 0
85 122 0 0
89 122 0 0
90 122 0 0
91 122 0 0
92 122 0 0
93 122 0 0
97 122 0 0
117 122 0 0
118 122 0 0
119 122 0 0
120 122 0 0
121 122 0 0
67 123 0 0
71 123 0 0
72 123 0 0
77 123 0 0
79 123 0 0
83 123 0 0
86 123 0 0
87 123 0 0
88 123 0 0
94 123 0 0
98 123 0 0
68 124 0 0
70 124 0 0
73 124 0 0
76 124 0 0
78 124 0 0
82 124 0 0
85 124 0 0
92 124 0 0
93 124 0 0
96 124 0 0
116 124 0 0
117 124 0 0
119 124 0 0
121 124 0 0
122 124 0 0
68 125 0 0
70 125 0 0
73 125 0 0
74 125 0 0
76 125 0 0
78 125 0 0
82 125 0 0
85 125 0 0
89 125 0 0
91 125 0 0
92 125 0 0
93 125 0 0
96 125 0 0
97 125 0 0
116 125 0 0
117 125 0 0
118 125 0 0
119 125 0 0
121 125 0 0
122 125 0 0
124 125 0 0
74 126 0 0
75 126 0 0
80 126 0 0
81 126 0 0
84 126 0 0
85 126 0 0
89 126 0 0
90 126 0 0
91 126 0 0
92 126 0 0
93 126 0 0
95 126 0 0
97 126 0 0
99 126 0 0
100 126 0 0
101 126 0 0
104 126 0 0
117 126 0 0
118 126 0 0
119 126 0 0
120 126 0 0
122 126 0 0
125 126 0 0
47 127 0 0
48 127 0 0
49 127 0 0
51 127 0 0
52 127 0 0
56 127 0 0
57 127 0 0
58 127 0 0
63 127 0 0
67 127 0 0
71 127 0 0
72 127 0 0
77 127 0 0
86 127 0 0
88 127 0 0
41 128 0 0
42 128 0 0
43 128 0 0
44 128 0 0
46 128 0 0
50 128 0 0
53 128 0 0
54 128 0 0
60 128 0 0
61 128 0 0
62 128 0 0
64 128 0 0
65 128 0 0
66 128 0 0
69 128 0 0
74 128 0 0
75 128 0 0
80 128 0 0
81 128 0 0
83 128 0 0
84 128 0 0
87 128 0 0
90 128 0 0
91 128 0 0
39 129 0 0
42 129 0 0
43 129 0 0
44 129 0 0
46 129 0 0
49 129 0 0
50 129 0 0
51 129 0 0
53 129 0 0
56 129 0 0
57 129 0 0
58 129 0 0
60 129 0 0
61 129 0 0
62 129 0 0
64 129 0 0
65 129 0 0
66 129 0 0
69 129 0 0
72 129 0 0
75 129 0 0
77 129 0 0
79 129 0 0
81 129 0 0
83 129 0 0
84 129 0 0
86 129 0 0
87 129 0 0
88 129 0 0
128 129 0 0
40 130 0 0
41 130 0 0
42 130 0 0
44 130 0 0
45 130 0 0
46 130 0 0
50 130 0 0
54 130 0 0
59 130 0 0
60 130 0 0
61 130 0 0
62 130 0 0
64 130 0 0
65 130 0 0
66 130 0 0
68 130 0 0
69 130 0 0
74 130 0 0
75 130 0 0
80 130 0 0
81 130 0 0
84 130 0 0
85 130 0 0
89 130 0 0
90 130 0 0
91 130 0 0
92 130 0 0
120 130 0 0
122 130 0 0
126 130 0 0
128 130 0 0
40 131 0 0
41 131 0 0
42 131 0 0
43 131 0 0
44 131 0 0
46 131 0 0
50 131 0 0
53 131 0 0
54 131 0 0
60 131 0 0
61 131 0 0
62 131 0 0
64 131 0 0
65 131 0 0
66 131 0 0
69 131 0 0
74 131 0 0
75 131 0 0
80 131 0 0
81 131 0 0
83 131 0 0
84 131 0 0
89 131 0 0
90 131 0 0
91 131 0 0
92 131 0 0
128 131 0 0
129 131 0 0
130 131 0 0
38 132 0 0
40 132 0 0
41 132 0 0
42 132 0 0
45 132 0 0
46 132 0 0
54 132 0 0
59 132 0 0
60 132 0 0
62 132 0 0
66 132 0 0
68 132 0 0
69 132 0 0
74 132 0 0
75 132 0 0
80 132 0 0
82 132 0 0
84 132 0 0
85 132 0 0
89 132 0 0
90 132 0 0
91 132 0 0
92 132 0 0
93 132 0 0
119 132 0 0
120 132 0 0
121 132 0 0
122 132 0 0
128 132 0 0
130 132 0 0
131 132 0 0
37 133 0 0
38 133 0 0
40 133 0 0
41 133 0 0
45 133 0 0
55 133 0 0
59 133 0 0
68 133 0 0
70 133 0 0
73 133 0 0
76 133 0 0
78 133 0 0
82 133 0 0
85 133 0 0
89 133 0 0
91 133 0 0
92 133 0 0
93 133 0 0
119 133 0 0
121 133 0 0
122 133 0 0
125 133 0 0
132 133 0 0
39 134 0 0
47 134 0 0
48 134 0 0
49 134 0 0
51 134 0 0
52 134 0 0
56 134 0 0
57 134 0 0
58 134 0 0
63 134 0 0
67 134 0 0
71 134 0 0
72 134 0 0
77 134 0 0
79 134 0 0
86 134 0 0
87 134 0 0
88 134 0 0
123 134 0 0
127 134 0 0
38 135 0 0
40 135 0 0
41 135 0 0
42 135 0 0
44 135 0 0
45 135 0 0
46 135 0 0
54 135 0 0
59 135 0 0
60 135 0 0
62 135 0 0
65 135 0 0
66 135 0 0
68 135 0 0
69 135 0 0
74 135 0 0
75 135 0 0
80 135 0 0
81 135 0 0
84 135 0 0
85 135 0 0
89 135 0 0
90 135 0 0
91 135 0 0
92 135 0 0
93 135 0 0
120 135 0 0
122 135 0 0
126 135 0 0
128 135 0 0
130 135 0 0
131 135 0 0
132 135 0 0
133 135 0 0
39 136 0 0
42 136 0 0
43 136 0 0
44 136 0 0
46 136 0 0
50 136 0 0
51 136 0 0
53 136 0 0
56 136 0 0
57 136 0 0
58 136 0 0
60 136 0 0
61 136 0 0
62 136 0 0
64 136 0 0
65 136 0 0
66 136 0 0
69 136 0 0
72 136 0 0
75 136 0 0
77 136 0 0
79 136 0 0
80 136 0 0
81 136 0 0
83 136 0 0
84 136 0 0
86 136 0 0
87 136 0 0
88 136 0 0
90 136 0 0
128 136 0 0
129 136 0 0
130 136 0 0
131 136 0 0
39 137 0 0
43 137 0 0
44 137 0 0
48 137 0 0
49 137 0 0
51 137 0 0
52 137 0 0
53 137 0 0
56 137 0 0
57 137 0 0
58 137 0 0
61 137 0 0
62 137 0 0
63 137 0 0
64 137 0 0
65 137 0 0
67 137 0 0
71 137 0 0
72 137 0 0
77 137 0 0
79 137 0 0
83 137 0 0
86 137 0 0
87 137 0 0
88 137 0 0
123 137 0 0
127 137 0 0
128 137 0 0
129 137 0 0
134 137 0 0
136 137 0 0
20 138 0 0
21 138 0 0
25 138 0 0
36 138 0 0
37 138 0 0
55 138 0 0
5 139 0 0
20 139 0 0
21 139 0 0
24 139 0 0
25 139 0 0
26 139 0 0
36 139 0 0
37 139 0 0
38 139 0 0
55 139 0 0
138 139 0 0
4 140 0 0
5 140 0 0
6 140 0 0
7 140 0 0
8 140 0 0
13 140 0 0
14 140 0 0
18 140 0 0
21 140 0 0
23 140 0 0
24 140 0 0
25 140 0 0
26 140 0 0
27 140 0 0
28 140 0 0
29 140 0 0
30 140 0 0
34 140 0 0
37 140 0 0
38 140 0 0
40 140 0 0
41 140 0 0
42 140 0 0
45 140 0 0
54 140 0 0
59 140 0 0
132 140 0 0
139 140 0 0
1 141 0 0
3 141 0 0
4 141 0 0
6 141 0 0
7 141 0 0
8 141 0 0
9 141 0 0
10 141 0 0
11 141 0 0
12 141 0 0
13 141 0 0
14 141 0 0
15 141 0 0
18 141 0 0
23 141 0 0
24 141 0 0
26 141 0 0
27 141 0 0
28 141 0 0
29 141 0 0
30 141 0 0
32 141 0 0
33 141 0 0
34 141 0 0
38 141 0 0
40 141 0 0
41 141 0 0
42 141 0 0
44 141 0 0
45 141 0 0
46 141 0 0
50 141 0 0
54 141 0 0
59 141 0 0
60 141 0 0
62 141 0 0
66 141 0 0
130 141 0 0
132 141 0 0
135 141 0 0
140 141 0 0
1 142 0 0
2 142 0 0
16 142 0 0
19 142 0 0
22 142 0 0
31 142 0 0
35 142 0 0
39 142 0 0
47 142 0 0
48 142 0 0
49 142 0 0
51 142 0 0
52 142 0 0
56 142 0 0
57 142 0 0
58 142 0 0
63 142 0 0
127 142 0 0
134 142 0 0
5 143 0 0
6 143 0 0
7 143 0 0
13 143 0 0
20 143 0 0
21 143 0 0
23 143 0 0
24 143 0 0
25 143 0 0
26 143 0 0
29 143 0 0
30 143 0 0
34 143 0 0
36 143 0 0
37 143 0 0
38 143 0 0
40 143 0 0
45 143 0 0
59 143 0 0
138 143 0 0
139 143 0 0
140 143 0 0
3 144 0 0
4 144 0 0
5 144 0 0
6 144 0 0
7 144 0 0
8 144 0 0
9 144 0 0
10 144 0 0
11 144 0 0
12 144 0 0
13 144 0 0
14 144 0 0
15 144 0 0
18 144 0 0
23 144 0 0
24 144 0 0
26 144 0 0
27 144 0 0
28 144 0 0
29 144 0 0
30 144 0 0
32 144 0 0
33 144 0 0
34 144 0 0
38 144 0 0
40 144 0 0
41 144 0 0
42 144 0 0
45 144 0 0
46 144 0 0
50 144 0 0
54 144 0 0
59 144 0 0
60 144 0 0
132 144 0 0
140 144 0 0
141 144 0 0
143 144 0 0
1 145 0 0
3 145 0 0
4 145 0 0
7 145 0 0
8 145 0 0
9 145 0 0
10 145 0 0
11 145 0 0
12 145 0 0
14 145 0 0
15 145 0 0
17 145 0 0
18 145 0 0
23 145 0 0
24 145 0 0
27 145 0 0
28 145 0 0
29 145 0 0
30 145 0 0
32 145 0 0
33 145 0 0
34 145 0 0
35 145 0 0
40 145 0 0
41 145 0 0
42 145 0 0
43 145 0 0
44 145 0 0
45 145 0 0
46 145 0 0
50 145 0 0
53 145 0 0
54 145 0 0
60 145 0 0
61 145 0 0
62 145 0 0
65 145 0 0
66 145 0 0
140 145 0 0
141 145 0 0
144 145 0 0
1 146 0 0
3 146 0 0
4 146 0 0
7 146 0 0
8 146 0 0
9 146 0 0
10 146 0 0
11 146 0 0
12 146 0 0
14 146 0 0
15 146 0 0
17 146 0 0
18 146 0 0
23 146 0 0
27 146 0 0
28 146 0 0
29 146 0 0
32 146 0 0
33 146 0 0
34 146 0 0
35 146 0 0
40 146 0 0
41 146 0 0
42 146 0 0
43 146 0 0
44 146 0 0
46 146 0 0
50 146 0 0
53 146 0 0
54 146 0 0
60 146 0 0
61 146 0 0
62 146 0 0
65 146 0 0
66 146 0 0
131 146 0 0
141 146 0 0
144 146 0 0
145 146 0 0
1 147 0 0
16 147 0 0
17 147 0 0
19 147 0 0
22 147 0 0
31 147 0 0
35 147 0 0
39 147 0 0
43 147 0 0
44 147 0 0
46 147 0 0
47 147 0 0
48 147 0 0
49 147 0 0
50 147 0 0
51 147 0 0
52 147 0 0
53 147 0 0
56 147 0 0
57 147 0 0
58 147 0 0
61 147 0 0
62 147 0 0
63 147 0 0
64 147 0 0
65 147 0 0
87 147 0 0
88 147 0 0
128 147 0 0
129 147 0 0
136 147 0 0
137 147 0 0
142 147 0 0
146 147 0 0
1 148 0 0
10 148 0 0
11 148 0 0
15 148 0 0
16 148 0 0
17 148 0 0
22 148 0 0
31 148 0 0
32 148 0 0
33 148 0 0
35 148 0 0
39 148 0 0
43 148 0 0
44 148 0 0
46 148 0 0
48 148 0 0
49 148 0 0
50 148 0 0
51 148 0 0
52 148 0 0
53 148 0 0
56 148 0 0
57 148 0 0
58 148 0 0
61 148 0 0
62 148 0 0
64 148 0 0
65 148 0 0
129 148 0 0
142 148 0 0
145 148 0 0
146 148 0 0
147 148 0 0
1 149 0 0
3 149 0 0
4 149 0 0
7 149 0 0
8 149 0 0
9 149 0 0
10 149 0 0
11 149 0 0
12 149 0 0
14 149 0 0
15 149 0 0
17 149 0 0
18 149 0 0
22 149 0 0
23 149 0 0
27 149 0 0
28 149 0 0
29 149 0 0
31 149 0 0
32 149 0 0
33 149 0 0
34 149 0 0
35 149 0 0
39 149 0 0
41 149 0 0
42 149 0 0
43 149 0 0
44 149 0 0
46 149 0 0
50 149 0 0
51 149 0 0
53 149 0 0
54 149 0 0
56 149 0 0
60 149 0 0
61 149 0 0
62 149 0 0
64 149 0 0
65 149 0 0
66 149 0 0
128 149 0 0
141 149 0 0
144 149 0 0
145 149 0 0
146 149 0 0
147 149 0 0
148 149 0 0
1 150 0 0
3 150 0 0
4 150 0 0
6 150 0 0
7 150 0 0
8 150 0 0
9 150 0 0
10 150 0 0
11 150 0 0
12 150 0 0
13 150 0 0
14 150 0 0
15 150 0 0
17 150 0 0
18 150 0 0
23 150 0 0
24 150 0 0
26 150 0 0
27 150 0 0
28 150 0 0
29 150 0 0
30 150 0 0
32 150 0 0
33 150 0 0
34 150 0 0
35 150 0 0
38 150 0 0
40 150 0 0
41 150 0 0
42 150 0 0
43 150 0 0
44 150 0 0
45 150 0 0
46 150 0 0
50 150 0 0
53 150 0 0
54 150 0 0
59 150 0 0
60 150 0 0
61 150 0 0
62 150 0 0
65 150 0 0
66 150 0 0
130 150 0 0
131 150 0 0
132 150 0 0
140 150 0 0
141 150 0 0
144 150 0 0
145 150 0 0
146 150 0 0
148 150 0 0
149 150 0 0
1 151 0 0
16 151 0 0
17 151 0 0
19 151 0 0
22 151 0 0
31 151 0 0
35 151 0 0
39 151 0 0
43 151 0 0
47 151 0 0
48 151 0 0
49 151 0 0
51 151 0 0
52 151 0 0
53 151 0 0
56 151 0 0
57 151 0 0
58 151 0 0
63 151 0 0
142 151 0 0
147 151 0 0
148 151 0 0
149 151 0 0
4 152 0 0
6 152 0 0
7 152 0 0
8 152 0 0
12 152 0 0
13 152 0 0
14 152 0 0
15 152 0 0
18 152 0 0
21 152 0 0
23 152 0 0
24 152 0 0
26 152 0 0
27 152 0 0
28 152 0 0
29 152 0 0
30 152 0 0
32 152 0 0
33 152 0 0
34 152 0 0
38 152 0 0
40 152 0 0
41 152 0 0
42 152 0 0
45 152 0 0
46 152 0 0
50 152 0 0
54 152 0 0
59 152 0 0
60 152 0 0
62 152 0 0
66 152 0 0
85 152 0 0
89 152 0 0
130 152 0 0
132 152 0 0
135 152 0 0
140 152 0 0
141 152 0 0
143 152 0 0
144 152 0 0
145 152 0 0
146 152 0 0
149 152 0 0
150 152 0 0
1 153 0 0
3 153 0 0
7 153 0 0
8 153 0 0
9 153 0 0
10 153 0 0
11 153 0 0
12 153 0 0
14 153 0 0
15 153 0 0
17 153 0 0
18 153 0 0
23 153 0 0
27 153 0 0
28 153 0 0
29 153 0 0
32 153 0 0
33 153 0 0
34 153 0 0
35 153 0 0
40 153 0 0
41 153 0 0
42 153 0 0
43 153 0 0
44 153 0 0
45 153 0 0
46 153 0 0
50 153 0 0
53 153 0 0
54 153 0 0
60 153 0 0
61 153 0 0
62 153 0 0
64 153 0 0
65 153 0 0
66 153 0 0
69 153 0 0
128 153 0 0
130 153 0 0
131 153 0 0
132 153 0 0
135 153 0 0
140 153 0 0
141 153 0 0
144 153 0 0
145 153 0 0
146 153 0 0
147 153 0 0
148 153 0 0
149 153 0 0
150 153 0 0
152 153 0 0
1 154 0 0
16 154 0 0
17 154 0 0
19 154 0 0
22 154 0 0
31 154 0 0
35 154 0 0
39 154 0 0
43 154 0 0
47 154 0 0
48 154 0 0
49 154 0 0
51 154 0 0
52 154 0 0
53 154 0 0
56 154 0 0
57 154 0 0
58 154 0 0
61 154 0 0
63 154 0 0
127 154 0 0
129 154 0 0
137 154 0 0
142 154 0 0
147 154 0 0
148 154 0 0
149 154 0 0
151 154 0 0
1 155 0 0
16 155 0 0
19 155 0 0
22 155 0 0
31 155 0 0
39 155 0 0
47 155 0 0
48 155 0 0
49 155 0 0
51 155 0 0
52 155 0 0
56 155 0 0
57 155 0 0
58 155 0 0
63 155 0 0
127 155 0 0
134 155 0 0
142 155 0 0
147 155 0 0
148 155 0 0
151 155 0 0
154 155 0 0
1 156 0 0
11 156 0 0
16 156 0 0
17 156 0 0
22 156 0 0
31 156 0 0
33 156 0 0
35 156 0 0
39 156 0 0
42 156 0 0
43 156 0 0
44 156 0 0
46 156 0 0
48 156 0 0
49 156 0 0
50 156 0 0
51 156 0 0
52 156 0 0
53 156 0 0
56 156 0 0
57 156 0 0
58 156 0 0
61 156 0 0
62 156 0 0
64 156 0 0
65 156 0 0
128 156 0 0
129 156 0 0
136 156 0 0
137 156 0 0
142 156 0 0
145 156 0 0
146 156 0 0
147 156 0 0
148 156 0 0
149 156 0 0
150 156 0 0
151 156 0 0
153 156 0 0
154 156 0 0
71 157 0 1
72 157 0 1
77 157 0 1
79 157 0 1
81 157 0 1
94 157 0 1
95 157 0 1
98 157 0 1
99 157 0 1
102 157 0 1
103 157 0 1
104 157 0 1
123 157 0 1
1 158 0 1
3 158 0 1
4 158 0 1
5 158 0 1
6 158 0 1
7 158 0 1
8 158 0 1
9 158 0 1
10 158 0 1
11 158 0 1
12 158 0 1
13 158 0 1
14 158 0 1
15 158 0 1
18 158 0 1
23 158 0 1
24 158 0 1
26 158 0 1
27 158 0 1
28 158 0 1
29 158 0 1
30 158 0 1
32 158 0 1
33 158 0 1
34 158 0 1
140 158 0 1
141 158 0 1
144 158 0 1
145 158 0 1
149 158 0 1
150 158 0 1
152 158 0 1
3 159 0 1
4 159 0 1
5 159 0 1
6 159 0 1
7 159 0 1
8 159 0 1
9 159 0 1
12 159 0 1
13 159 0 1
14 159 0 1
18 159 0 1
21 159 0 1
23 159 0 1
24 159 0 1
25 159 0 1
26 159 0 1
27 159 0 1
28 159 0 1
29 159 0 1
30 159 0 1
34 159 0 1
45 159 0 1
140 159 0 1
141 159 0 1
143 159 0 1
144 159 0 1
150 159 0 1
152 159 0 1
5 160 0 1
20 160 0 1
21 160 0 1
25 160 0 1
26 160 0 1
36 160 0 1
138 160 0 1
139 160 0 1
143 160 0 1
4 161 0 1
5 161 0 1
6 161 0 1
7 161 0 1
8 161 0 1
13 161 0 1
18 161 0 1
20 161 0 1
21 161 0 1
23 161 0 1
24 161 0 1
25 161 0 1
26 161 0 1
28 161 0 1
29 161 0 1
30 161 0 1
34 161 0 1
45 161 0 1
139 161 0 1
140 161 0 1
143 161 0 1
144 161 0 1
152 161 0 1
1 162 0 1
11 162 0 1
16 162 0 1
17 162 0 1
19 162 0 1
22 162 0 1
31 162 0 1
35 162 0 1
39 162 0 1
43 162 0 1
48 162 0 1
49 162 0 1
50 162 0 1
51 162 0 1
52 162 0 1
53 162 0 1
56 162 0 1
58 162 0 1
61 162 0 1
142 162 0 1
147 162 0 1
148 162 0 1
149 162 0 1
151 162 0 1
154 162 0 1
155 162 0 1
156 162 0 1
5 163 0 1
6 163 0 1
7 163 0 1
13 163 0 1
20 163 0 1
21 163 0 1
23 163 0 1
24 163 0 1
25 163 0 1
26 163 0 1
28 163 0 1
29 163 0 1
30 163 0 1
34 163 0 1
36 163 0 1
37 163 0 1
38 163 0 1
45 163 0 1
138 163 0 1
139 163 0 1
140 163 0 1
143 163 0 1
144 163 0 1
152 163 0 1
5 164 0 1
6 164 0 1
7 164 0 1
13 164 0 1
20 164 0 1
21 164 0 1
23 164 0 1
24 164 0 1
25 164 0 1
26 164 0 1
29 164 0 1
30 164 0 1
34 164 0 1
36 164 0 1
37 164 0 1
38 164 0 1
45 164 0 1
138 164 0 1
139 164 0 1
140 164 0 1
143 164 0 1
152 164 0 1
20 165 0 1
21 165 0 1
25 165 0 1
36 165 0 1
37 165 0 1
55 165 0 1
138 165 0 1
139 165 0 1
143 165 0 1
1 166 0 1
8 166 0 1
10 166 0 1
11 166 0 1
12 166 0 1
14 166 0 1
15 166 0 1
17 166 0 1
18 166 0 1
23 166 0 1
27 166 0 1
28 166 0 1
29 166 0 1
32 166 0 1
33 166 0 1
34 166 0 1
35 166 0 1
40 166 0 1
41 166 0 1
42 166 0 1
43 166 0 1
44 166 0 1
45 166 0 1
46 166 0 1
50 166 0 1
53 166 0 1
54 166 0 1
60 166 0 1
61 166 0 1
62 166 0 1
64 166 0 1
65 166 0 1
66 166 0 1
69 166 0 1
128 166 0 1
130 166 0 1
131 166 0 1
132 166 0 1
135 166 0 1
141 166 0 1
144 166 0 1
145 166 0 1
146 166 0 1
147 166 0 1
148 166 0 1
149 166 0 1
150 166 0 1
152 166 0 1
153 166 0 1
156 166 0 1
7 167 0 1
8 167 0 1
13 167 0 1
18 167 0 1
21 167 0 1
23 167 0 1
24 167 0 1
25 167 0 1
26 167 0 1
27 167 0 1
28 167 0 1
29 167 0 1
30 167 0 1
34 167 0 1
37 167 0 1
38 167 0 1
40 167 0 1
41 167 0 1
42 167 0 1
45 167 0 1
54 167 0 1
59 167 0 1
68 167 0 1
85 167 0 1
132 167 0 1
133 167 0 1
135 167 0 1
139 167 0 1
140 167 0 1
141 167 0 1
143 167 0 1
144 167 0 1
150 167 0 1
152 167 0 1
153 167 0 1
20 168 0 1
21 168 0 1
24 168 0 1
25 168 0 1
26 168 0 1
30 168 0 1
34 168 0 1
36 168 0 1
37 168 0 1
38 168 0 1
45 168 0 1
55 168 0 1
59 168 0 1
68 168 0 1
82 168 0 1
133 168 0 1
138 168 0 1
139 168 0 1
140 168 0 1
143 168 0 1
152 168 0 1
20 169 0 1
21 169 0 1
25 169 0 1
36 169 0 1
37 169 0 1
38 169 0 1
55 169 0 1
133 169 0 1
138 169 0 1
139 169 0 1
143 169 0 1
5 170 0 1
6 170 0 1
7 170 0 1
13 170 0 1
18 170 0 1
20 170 0 1
21 170 0 1
23 170 0 1
24 170 0 1
25 170 0 1
26 170 0 1
28 170 0 1
29 170 0 1
30 170 0 1
34 170 0 1
36 170 0 1
37 170 0 1
38 170 0 1
40 170 0 1
45 170 0 1
59 170 0 1
138 170 0 1
139 170 0 1
140 170 0 1
141 170 0 1
143 170 0 1
144 170 0 1
152 170 0 1
5 171 0 1
20 171 0 1
21 171 0 1
24 171 0 1
25 171 0 1
26 171 0 1
36 171 0 1
37 171 0 1
38 171 0 1
138 171 0 1
139 171 0 1
140 171 0 1
143 171 0 1
5 172 0 1
20 172 0 1
21 172 0 1
25 172 0 1
36 172 0 1
37 172 0 1
138 172 0 1
139 172 0 1
143 172 0 1
5 173 0 1
20 173 0 1
21 173 0 1
24 173 0 1
25 173 0 1
26 173 0 1
30 173 0 1
36 173 0 1
37 173 0 1
38 173 0 1
45 173 0 1
138 173 0 1
139 173 0 1
140 173 0 1
143 173 0 1
5 174 0 1
20 174 0 1
21 174 0 1
25 174 0 1
36 174 0 1
37 174 0 1
138 174 0 1
139 174 0 1
143 174 0 1
5 175 0 1
20 175 0 1
21 175 0 1
25 175 0 1
26 175 0 1
36 175 0 1
37 175 0 1
138 175 0 1
139 175 0 1
143 175 0 1
5 176 0 1
6 176 0 1
7 176 0 1
13 176 0 1
20 176 0 1
21 176 0 1
24 176 0 1
25 176 0 1
26 176 0 1
29 176 0 1
30 176 0 1
34 176 0 1
36 176 0 1
37 176 0 1
38 176 0 1
45 176 0 1
138 176 0 1
139 176 0 1
140 176 0 1
143 176 0 1
1 177 0 1
16 177 0 1
17 177 0 1
19 177 0 1
22 177 0 1
31 177 0 1
35 177 0 1
39 177 0 1
43 177 0 1
47 177 0 1
48 177 0 1
49 177 0 1
51 177 0 1
52 177 0 1
53 177 0 1
56 177 0 1
57 177 0 1
58 177 0 1
61 177 0 1
63 177 0 1
64 177 0 1
67 177 0 1
86 177 0 1
87 177 0 1
88 177 0 1
127 177 0 1
129 177 0 1
134 177 0 1
136 177 0 1
137 177 0 1
142 177 0 1
147 177 0 1
148 177 0 1
149 177 0 1
151 177 0 1
154 177 0 1
155 177 0 1
156 177 0 1
20 178 0 1
36 178 0 1
37 178 0 1
55 178 0 1
70 178 0 1
73 178 0 1
76 178 0 1
82 178 0 1
133 178 0 1
138 178 0 1
139 178 0 1
143 178 0 1
19 179 0 1
39 179 0 1
47 179 0 1
48 179 0 1
49 179 0 1
51 179 0 1
52 179 0 1
56 179 0 1
57 179 0 1
58 179 0 1
63 179 0 1
67 179 0 1
71 179 0 1
72 179 0 1
77 179 0 1
86 179 0 1
88 179 0 1
127 179 0 1
134 179 0 1
137 179 0 1
142 179 0 1
147 179 0 1
151 179 0 1
154 179 0 1
155 179 0 1
24 180 0 1
37 180 0 1
38 180 0 1
40 180 0 1
41 180 0 1
42 180 0 1
45 180 0 1
54 180 0 1
59 180 0 1
68 180 0 1
73 180 0 1
74 180 0 1
76 180 0 1
82 180 0 1
85 180 0 1
89 180 0 1
90 180 0 1
91 180 0 1
92 180 0 1
93 180 0 1
122 180 0 1
130 180 0 1
132 180 0 1
133 180 0 1
135 180 0 1
140 180 0 1
141 180 0 1
143 180 0 1
152 180 0 1
39 181 0 1
43 181 0 1
44 181 0 1
46 181 0 1
49 181 0 1
50 181 0 1
51 181 0 1
52 181 0 1
53 181 0 1
56 181 0 1
57 181 0 1
58 181 0 1
61 181 0 1
62 181 0 1
64 181 0 1
65 181 0 1
66 181 0 1
69 181 0 1
72 181 0 1
77 181 0 1
79 181 0 1
83 181 0 1
84 181 0 1
86 181 0 1
87 181 0 1
88 181 0 1
128 181 0 1
129 181 0 1
131 181 0 1
136 181 0 1
137 181 0 1
147 181 0 1
148 181 0 1
149 181 0 1
151 181 0 1
154 181 0 1
156 181 0 1
36 182 0 1
37 182 0 1
38 182 0 1
55 182 0 1
59 182 0 1
68 182 0 1
70 182 0 1
73 182 0 1
76 182 0 1
78 182 0 1
82 182 0 1
85 182 0 1
93 182 0 1
133 182 0 1
138 182 0 1
139 182 0 1
143 182 0 1
36 183 0 1
37 183 0 1
55 183 0 1
70 183 0 1
73 183 0 1
76 183 0 1
78 183 0 1
82 183 0 1
93 183 0 1
133 183 0 1
138 183 0 1
139 183 0 1
39 184 0 1
43 184 0 1
47 184 0 1
48 184 0 1
49 184 0 1
51 184 0 1
52 184 0 1
53 184 0 1
56 184 0 1
57 184 0 1
58 184 0 1
61 184 0 1
63 184 0 1
64 184 0 1
65 184 0 1
67 184 0 1
71 184 0 1
72 184 0 1
77 184 0 1
79 184 0 1
83 184 0 1
86 184 0 1
87 184 0 1
88 184 0 1
127 184 0 1
129 184 0 1
134 184 0 1
136 184 0 1
137 184 0 1
142 184 0 1
147 184 0 1
151 184 0 1
154 184 0 1
155 184 0 1
156 184 0 1
18 185 0 1
21 185 0 1
23 185 0 1
24 185 0 1
30 185 0 1
34 185 0 1
37 185 0 1
38 185 0 1
40 185 0 1
41 185 0 1
42 185 0 1
45 185 0 1
54 185 0 1
59 185 0 1
60 185 0 1
68 185 0 1
82 185 0 1
85 185 0 1
89 185 0 1
90 185 0 1
91 185 0 1
92 185 0 1
93 185 0 1
130 185 0 1
132 185 0 1
133 185 0 1
135 185 0 1
140 185 0 1
141 185 0 1
143 185 0 1
144 185 0 1
150 185 0 1
152 185 0 1
1 186 0 1
17 186 0 1
35 186 0 1
39 186 0 1
41 186 0 1
42 186 0 1
43 186 0 1
44 186 0 1
46 186 0 1
50 186 0 1
53 186 0 1
54 186 0 1
56 186 0 1
58 186 0 1
60 186 0 1
61 186 0 1
62 186 0 1
64 186 0 1
65 186 0 1
66 186 0 1
69 186 0 1
83 186 0 1
84 186 0 1
87 186 0 1
88 186 0 1
90 186 0 1
128 186 0 1
129 186 0 1
130 186 0 1
131 186 0 1
135 186 0 1
136 186 0 1
137 186 0 1
145 186 0 1
146 186 0 1
147 186 0 1
148 186 0 1
149 186 0 1
150 186 0 1
153 186 0 1
156 186 0 1
21 187 0 1
24 187 0 1
25 187 0 1
36 187 0 1
37 187 0 1
38 187 0 1
40 187 0 1
41 187 0 1
45 187 0 1
55 187 0 1
59 187 0 1
68 187 0 1
70 187 0 1
73 187 0 1
76 187 0 1
82 187 0 1
85 187 0 1
89 187 0 1
92 187 0 1
93 187 0 1
132 187 0 1
133 187 0 1
138 187 0 1
139 187 0 1
140 187 0 1
143 187 0 1
152 187 0 1
1 188 0 1
17 188 0 1
22 188 0 1
33 188 0 1
35 188 0 1
39 188 0 1
41 188 0 1
42 188 0 1
43 188 0 1
44 188 0 1
46 188 0 1
50 188 0 1
51 188 0 1
53 188 0 1
54 188 0 1
56 188 0 1
58 188 0 1
60 188 0 1
61 188 0 1
62 188 0 1
64 188 0 1
65 188 0 1
66 188 0 1
69 188 0 1
83 188 0 1
84 188 0 1
87 188 0 1
128 188 0 1
129 188 0 1
130 188 0 1
131 188 0 1
136 188 0 1
137 188 0 1
145 188 0 1
146 188 0 1
147 188 0 1
148 188 0 1
149 188 0 1
150 188 0 1
153 188 0 1
154 188 0 1
156 188 0 1
18 189 0 1
20 189 0 1
21 189 0 1
23 189 0 1
24 189 0 1
25 189 0 1
26 189 0 1
29 189 0 1
30 189 0 1
34 189 0 1
36 189 0 1
37 189 0 1
38 189 0 1
40 189 0 1
41 189 0 1
45 189 0 1
54 189 0 1
55 189 0 1
59 189 0 1
68 189 0 1
73 189 0 1
82 189 0 1
85 189 0 1
89 189 0 1
92 189 0 1
93 189 0 1
132 189 0 1
133 189 0 1
138 189 0 1
139 189 0 1
140 189 0 1
141 189 0 1
143 189 0 1
144 189 0 1
152 189 0 1
18 190 0 1
21 190 0 1
23 190 0 1
24 190 0 1
25 190 0 1
26 190 0 1
29 190 0 1
30 190 0 1
34 190 0 1
36 190 0 1
37 190 0 1
38 190 0 1
40 190 0 1
41 190 0 1
42 190 0 1
45 190 0 1
54 190 0 1
59 190 0 1
68 190 0 1
82 190 0 1
85 190 0 1
89 190 0 1
92 190 0 1
93 190 0 1
132 190 0 1
133 190 0 1
135 190 0 1
139 190 0 1
140 190 0 1
141 190 0 1
143 190 0 1
144 190 0 1
152 190 0 1
8 191 0 1
18 191 0 1
23 191 0 1
24 191 0 1
27 191 0 1
28 191 0 1
29 191 0 1
30 191 0 1
32 191 0 1
34 191 0 1
38 191 0 1
40 191 0 1
41 191 0 1
42 191 0 1
44 191 0 1
45 191 0 1
46 191 0 1
50 191 0 1
54 191 0 1
59 191 0 1
60 191 0 1
62 191 0 1
65 191 0 1
66 191 0 1
68 191 0 1
69 191 0 1
85 191 0 1
89 191 0 1
90 191 0 1
91 191 0 1
92 191 0 1
128 191 0 1
130 191 0 1
131 191 0 1
132 191 0 1
135 191 0 1
140 191 0 1
141 191 0 1
144 191 0 1
145 191 0 1
146 191 0 1
149 191 0 1
150 191 0 1
152 191 0 1
153 191 0 1
1 192 0 1
17 192 0 1
18 192 0 1
35 192 0 1
39 192 0 1
41 192 0 1
42 192 0 1
43 192 0 1
44 192 0 1
46 192 0 1
50 192 0 1
53 192 0 1
54 192 0 1
56 192 0 1
60 192 0 1
61 192 0 1
62 192 0 1
64 192 0 1
65 192 0 1
66 192 0 1
69 192 0 1
83 192 0 1
84 192 0 1
87 192 0 1
90 192 0 1
128 192 0 1
129 192 0 1
130 192 0 1
131 192 0 1
135 192 0 1
136 192 0 1
137 192 0 1
141 192 0 1
145 192 0 1
146 192 0 1
147 192 0 1
148 192 0 1
149 192 0 1
150 192 0 1
153 192 0 1
156 192 0 1
18 193 0 1
23 193 0 1
24 193 0 1
27 193 0 1
28 193 0 1
29 193 0 1
34 193 0 1
38 193 0 1
40 193 0 1
41 193 0 1
42 193 0 1
43 193 0 1
44 193 0 1
45 193 0 1
46 193 0 1
50 193 0 1
53 193 0 1
54 193 0 1
59 193 0 1
60 193 0 1
61 193 0 1
62 193 0 1
64 193 0 1
65 193 0 1
66 193 0 1
69 193 0 1
84 193 0 1
85 193 0 1
89 193 0 1
90 193 0 1
91 193 0 1
92 193 0 1
128 193 0 1
130 193 0 1
131 193 0 1
132 193 0 1
135 193 0 1
140 193 0 1
141 193 0 1
144 193 0 1
145 193 0 1
146 193 0 1
149 193 0 1
150 193 0 1
152 193 0 1
153 193 0 1
20 194 0 1
21 194 0 1
25 194 0 1
36 194 0 1
37 194 0 1
38 194 0 1
55 194 0 1
68 194 0 1
70 194 0 1
73 194 0 1
76 194 0 1
82 194 0 1
133 194 0 1
138 194 0 1
139 194 0 1
143 194 0 1
57 195 0 1
58 195 0 1
63 195 0 1
67 195 0 1
71 195 0 1
72 195 0 1
77 195 0 1
79 195 0 1
86 195 0 1
87 195 0 1
88 195 0 1
94 195 0 1
123 195 0 1
127 195 0 1
134 195 0 1
137 195 0 1
56 196 0 1
57 196 0 1
58 196 0 1
63 196 0 1
67 196 0 1
71 196 0 1
72 196 0 1
77 196 0 1
79 196 0 1
86 196 0 1
87 196 0 1
88 196 0 1
94 196 0 1
123 196 0 1
127 196 0 1
134 196 0 1
137 196 0 1
59 197 0 1
68 197 0 1
73 197 0 1
74 197 0 1
76 197 0 1
80 197 0 1
82 197 0 1
85 197 0 1
89 197 0 1
90 197 0 1
91 197 0 1
92 197 0 1
93 197 0 1
97 197 0 1
117 197 0 1
119 197 0 1
120 197 0 1
121 197 0 1
122 197 0 1
124 197 0 1
125 197 0 1
126 197 0 1
130 197 0 1
132 197 0 1
133 197 0 1
135 197 0 1
57 198 0 1
58 198 0 1
63 198 0 1
67 198 0 1
71 198 0 1
72 198 0 1
77 198 0 1
79 198 0 1
86 198 0 1
87 198 0 1
88 198 0 1
94 198 0 1
123 198 0 1
127 198 0 1
134 198 0 1
137 198 0 1
56 199 0 1
57 199 0 1
58 199 0 1
63 199 0 1
67 199 0 1
71 199 0 1
72 199 0 1
77 199 0 1
79 199 0 1
83 199 0 1
86 199 0 1
87 199 0 1
88 199 0 1
94 199 0 1
98 199 0 1
123 199 0 1
127 199 0 1
129 199 0 1
134 199 0 1
136 199 0 1
137 199 0 1
59 200 0 1
68 200 0 1
73 200 0 1
74 200 0 1
75 200 0 1
80 200 0 1
82 200 0 1
85 200 0 1
89 200 0 1
90 200 0 1
91 200 0 1
92 200 0 1
93 200 0 1
97 200 0 1
117 200 0 1
118 200 0 1
119 200 0 1
120 200 0 1
121 200 0 1
122 200 0 1
124 200 0 1
125 200 0 1
126 200 0 1
130 200 0 1
132 200 0 1
133 200 0 1
135 200 0 1
55 201 0 1
68 201 0 1
70 201 0 1
73 201 0 1
76 201 0 1
78 201 0 1
82 201 0 1
85 201 0 1
93 201 0 1
96 201 0 1
116 201 0 1
119 201 0 1
121 201 0 1
122 201 0 1
124 201 0 1
125 201 0 1
133 201 0 1
64 202 0 1
65 202 0 1
69 202 0 1
72 202 0 1
75 202 0 1
77 202 0 1
79 202 0 1
80 202 0 1
81 202 0 1
83 202 0 1
84 202 0 1
86 202 0 1
87 202 0 1
88 202 0 1
90 202 0 1
95 202 0 1
98 202 0 1
99 202 0 1
120 202 0 1
123 202 0 1
128 202 0 1
129 202 0 1
131 202 0 1
136 202 0 1
137 202 0 1
55 203 0 1
68 203 0 1
70 203 0 1
73 203 0 1
76 203 0 1
78 203 0 1
82 203 0 1
93 203 0 1
96 203 0 1
116 203 0 1
119 203 0 1
121 203 0 1
122 203 0 1
124 203 0 1
125 203 0 1
133 203 0 1
57 204 0 1
58 204 0 1
63 204 0 1
67 204 0 1
71 204 0 1
72 204 0 1
77 204 0 1
79 204 0 1
83 204 0 1
86 204 0 1
87 204 0 1
88 204 0 1
94 204 0 1
98 204 0 1
123 204 0 1
127 204 0 1
134 204 0 1
137 204 0 1
68 205 0 1
69 205 0 1
74 205 0 1
75 205 0 1
80 205 0 1
81 205 0 1
84 205 0 1
85 205 0 1
89 205 0 1
90 205 0 1
91 205 0 1
92 205 0 1
93 205 0 1
95 205 0 1
97 205 0 1
99 205 0 1
100 205 0 1
117 205 0 1
118 205 0 1
119 205 0 1
120 205 0 1
121 205 0 1
122 205 0 1
125 205 0 1
126 205 0 1
130 205 0 1
132 205 0 1
135 205 0 1
69 206 0 1
74 206 0 1
75 206 0 1
80 206 0 1
81 206 0 1
83 206 0 1
84 206 0 1
89 206 0 1
90 206 0 1
91 206 0 1
92 206 0 1
95 206 0 1
97 206 0 1
98 206 0 1
99 206 0 1
118 206 0 1
120 206 0 1
126 206 0 1
128 206 0 1
130 206 0 1
131 206 0 1
135 206 0 1
136 206 0 1
71 207 0 1
72 207 0 1
77 207 0 1
94 207 0 1
123 207 0 1
74 208 0 1
80 208 0 1
85 208 0 1
90 208 0 1
91 208 0 1
92 208 0 1
93 208 0 1
97 208 0 1
99 208 0 1
100 208 0 1
101 208 0 1
104 208 0 1
105 208 0 1
117 208 0 1
118 208 0 1
119 208 0 1
120 208 0 1
121 208 0 1
122 208 0 1
124 208 0 1
125 208 0 1
126 208 0 1
72 209 0 1
75 209 0 1
77 209 0 1
79 209 0 1
80 209 0 1
81 209 0 1
83 209 0 1
94 209 0 1
95 209 0 1
98 209 0 1
99 209 0 1
102 209 0 1
120 209 0 1
123 209 0 1
74 210 0 1
75 210 0 1
80 210 0 1
85 210 0 1
89 210 0 1
90 210 0 1
91 210 0 1
92 210 0 1
93 210 0 1
95 210 0 1
97 210 0 1
99 210 0 1
100 210 0 1
101 210 0 1
104 210 0 1
117 210 0 1
118 210 0 1
119 210 0 1
120 210 0 1
121 210 0 1
122 210 0 1
124 210 0 1
125 210 0 1
126 210 0 1
130 210 0 1
132 210 0 1
67 211 0 1
71 211 0 1
72 211 0 1
77 211 0 1
79 211 0 1
86 211 0 1
88 211 0 1
94 211 0 1
123 211 0 1
134 211 0 1
71 212 0 1
72 212 0 1
77 212 0 1
79 212 0 1
83 212 0 1
86 212 0 1
87 212 0 1
88 212 0 1
94 212 0 1
98 212 0 1
123 212 0 1
137 212 0 1
72 213 0 1
75 213 0 1
77 213 0 1
79 213 0 1
80 213 0 1
81 213 0 1
83 213 0 1
84 213 0 1
87 213 0 1
88 213 0 1
95 213 0 1
98 213 0 1
99 213 0 1
120 213 0 1
123 213 0 1
136 213 0 1
137 213 0 1
68 214 0 1
74 214 0 1
80 214 0 1
82 214 0 1
85 214 0 1
89 214 0 1
90 214 0 1
91 214 0 1
92 214 0 1
93 214 0 1
97 214 0 1
100 214 0 1
117 214 0 1
118 214 0 1
119 214 0 1
120 214 0 1
121 214 0 1
122 214 0 1
124 214 0 1
125 214 0 1
126 214 0 1
130 214 0 1
132 214 0 1
135 214 0 1
55 215 0 1
70 215 0 1
73 215 0 1
76 215 0 1
78 215 0 1
82 215 0 1
96 215 0 1
116 215 0 1
121 215 0 1
124 215 0 1
125 215 0 1
67 216 0 1
71 216 0 1
72 216 0 1
77 216 0 1
79 216 0 1
86 216 0 1
88 216 0 1
94 216 0 1
123 216 0 1
127 216 0 1
134 216 0 1
72 217 0 1
75 217 0 1
77 217 0 1
79 217 0 1
81 217 0 1
83 217 0 1
84 217 0 1
86 217 0 1
87 217 0 1
88 217 0 1
94 217 0 1
95 217 0 1
98 217 0 1
99 217 0 1
123 217 0 1
136 217 0 1
137 217 0 1
67 218 0 1
71 218 0 1
72 218 0 1
77 218 0 1
79 218 0 1
86 218 0 1
87 218 0 1
88 218 0 1
94 218 0 1
98 218 0 1
123 218 0 1
134 218 0 1
137 218 0 1
69 219 0 1
74 219 0 1
75 219 0 1
80 219 0 1
81 219 0 1
84 219 0 1
89 219 0 1
90 219 0 1
91 219 0 1
92 219 0 1
95 219 0 1
97 219 0 1
98 219 0 1
99 219 0 1
100 219 0 1
101 219 0 1
104 219 0 1
117 219 0 1
118 219 0 1
119 219 0 1
120 219 0 1
122 219 0 1
126 219 0 1
130 219 0 1
70 220 0 1
73 220 0 1
76 220 0 1
78 220 0 1
82 220 0 1
93 220 0 1
96 220 0 1
116 220 0 1
121 220 0 1
122 220 0 1
124 220 0 1
125 220 0 1
74 221 0 1
80 221 0 1
85 221 0 1
89 221 0 1
90 221 0 1
91 221 0 1
92 221 0 1
93 221 0 1
97 221 0 1
100 221 0 1
101 221 0 1
104 221 0 1
117 221 0 1
118 221 0 1
119 221 0 1
120 221 0 1
121 221 0 1
122 221 0 1
124 221 0 1
125 221 0 1
126 221 0 1
72 222 0 1
75 222 0 1
77 222 0 1
79 222 0 1
80 222 0 1
81 222 0 1
83 222 0 1
84 222 0 1
87 222 0 1
95 222 0 1
97 222 0 1
98 222 0 1
99 222 0 1
102 222 0 1
120 222 0 1
123 222 0 1
36 223 0 1
37 223 0 1
55 223 0 1
70 223 0 1
73 223 0 1
76 223 0 1
78 223 0 1
82 223 0 1
133 223 0 1
47 224 0 1
52 224 0 1
56 224 0 1
57 224 0 1
58 224 0 1
63 224 0 1
67 224 0 1
71 224 0 1
72 224 0 1
77 224 0 1
79 224 0 1
86 224 0 1
87 224 0 1
88 224 0 1
94 224 0 1
123 224 0 1
127 224 0 1
134 224 0 1
137 224 0 1
39 225 0 1
47 225 0 1
48 225 0 1
49 225 0 1
51 225 0 1
52 225 0 1
56 225 0 1
57 225 0 1
58 225 0 1
63 225 0 1
67 225 0 1
71 225 0 1
72 225 0 1
77 225 0 1
79 225 0 1
86 225 0 1
87 225 0 1
88 225 0 1
94 225 0 1
123 225 0 1
127 225 0 1
134 225 0 1
137 225 0 1
155 225 0 1
38 226 0 1
40 226 0 1
41 226 0 1
42 226 0 1
45 226 0 1
54 226 0 1
59 226 0 1
60 226 0 1
62 226 0 1
66 226 0 1
68 226 0 1
69 226 0 1
74 226 0 1
75 226 0 1
80 226 0 1
82 226 0 1
84 226 0 1
85 226 0 1
89 226 0 1
90 226 0 1
91 226 0 1
92 226 0 1
93 226 0 1
119 226 0 1
120 226 0 1
121 226 0 1
122 226 0 1
126 226 0 1
130 226 0 1
131 226 0 1
132 226 0 1
133 226 0 1
135 226 0 1
152 226 0 1
36 227 0 1
37 227 0 1
55 227 0 1
68 227 0 1
70 227 0 1
73 227 0 1
76 227 0 1
78 227 0 1
82 227 0 1
93 227 0 1
96 227 0 1
121 227 0 1
133 227 0 1
37 228 0 1
55 228 0 1
59 228 0 1
68 228 0 1
70 228 0 1
73 228 0 1
76 228 0 1
78 228 0 1
82 228 0 1
85 228 0 1
93 228 0 1
96 228 0 1
121 228 0 1
122 228 0 1
124 228 0 1
125 228 0 1
133 228 0 1
39 229 0 1
47 229 0 1
49 229 0 1
51 229 0 1
52 229 0 1
56 229 0 1
57 229 0 1
58 229 0 1
63 229 0 1
67 229 0 1
71 229 0 1
72 229 0 1
77 229 0 1
79 229 0 1
83 229 0 1
86 229 0 1
87 229 0 1
88 229 0 1
94 229 0 1
123 229 0 1
127 229 0 1
129 229 0 1
134 229 0 1
136 229 0 1
137 229 0 1
55 230 0 1
70 230 0 1
73 230 0 1
76 230 0 1
78 230 0 1
82 230 0 1
93 230 0 1
96 230 0 1
124 230 0 1
133 230 0 1
39 231 0 1
43 231 0 1
44 231 0 1
56 231 0 1
57 231 0 1
58 231 0 1
61 231 0 1
62 231 0 1
64 231 0 1
65 231 0 1
72 231 0 1
77 231 0 1
79 231 0 1
81 231 0 1
83 231 0 1
84 231 0 1
86 231 0 1
87 231 0 1
88 231 0 1
98 231 0 1
123 231 0 1
128 231 0 1
129 231 0 1
134 231 0 1
136 231 0 1
137 231 0 1
76 232 0 1
78 232 0 1
96 232 0 1
106 232 0 1
109 232 0 1
110 232 0 1
114 232 0 1
116 232 0 1
124 232 0 1
76 233 0 1
78 233 0 1
96 233 0 1
106 233 0 1
108 233 0 1
109 233 0 1
110 233 0 1
112 233 0 1
114 233 0 1
116 233 0 1
117 233 0 1
121 233 0 1
122 233 0 1
124 233 0 1
125 233 0 1
96 234 0 1
101 234 0 1
105 234 0 1
106 234 0 1
107 234 0 1
108 234 0 1
109 234 0 1
110 234 0 1
111 234 0 1
112 234 0 1
113 234 0 1
114 234 0 1
116 234 0 1
117 234 0 1
118 234 0 1
119 234 0 1
121 234 0 1
122 234 0 1
124 234 0 1
125 234 0 1
80 235 0 1
81 235 0 1
95 235 0 1
97 235 0 1
98 235 0 1
99 235 0 1
100 235 0 1
101 235 0 1
102 235 0 1
103 235 0 1
104 235 0 1
105 235 0 1
111 235 0 1
113 235 0 1
115 235 0 1
118 235 0 1
120 235 0 1
126 235 0 1
78 236 0 1
96 236 0 1
106 236 0 1
108 236 0 1
109 236 0 1
110 236 0 1
112 236 0 1
114 236 0 1
116 236 0 1
117 236 0 1
121 236 0 1
124 236 0 1
125 236 0 1
76 237 0 1
78 237 0 1
96 237 0 1
106 237 0 1
109 237 0 1
110 237 0 1
114 237 0 1
116 237 0 1
121 237 0 1
124 237 0 1
125 237 0 1
75 238 0 1
79 238 0 1
80 238 0 1
81 238 0 1
95 238 0 1
97 238 0 1
98 238 0 1
99 238 0 1
100 238 0 1
102 238 0 1
103 238 0 1
104 238 0 1
118 238 0 1
120 238 0 1
126 238 0 1
70 239 0 1
73 239 0 1
76 239 0 1
78 239 0 1
96 239 0 1
110 239 0 1
116 239 0 1
121 239 0 1
124 239 0 1
125 239 0 1
74 240 0 1
75 240 0 1
80 240 0 1
81 240 0 1
89 240 0 1
90 240 0 1
91 240 0 1
92 240 0 1
93 240 0 1
95 240 0 1
97 240 0 1
99 240 0 1
100 240 0 1
101 240 0 1
103 240 0 1
104 240 0 1
105 240 0 1
111 240 0 1
117 240 0 1
118 240 0 1
119 240 0 1
120 240 0 1
121 240 0 1
122 240 0 1
125 240 0 1
126 240 0 1
71 241 0 1
72 241 0 1
77 241 0 1
79 241 0 1
94 241 0 1
123 241 0 1
71 242 0 1
72 242 0 1
77 242 0 1
79 242 0 1
94 242 0 1
123 242 0 1
70 243 0 1
73 243 0 1
76 243 0 1
78 243 0 1
96 243 0 1
110 243 0 1
116 243 0 1
117 243 0 1
119 243 0 1
121 243 0 1
122 243 0 1
124 243 0 1
125 243 0 1
74 244 0 1
75 244 0 1
80 244 0 1
81 244 0 1
84 244 0 1
95 244 0 1
97 244 0 1
98 244 0 1
99 244 0 1
100 244 0 1
101 244 0 1
102 244 0 1
103 244 0 1
104 244 0 1
118 244 0 1
120 244 0 1
126 244 0 1
74 245 0 1
75 245 0 1
80 245 0 1
81 245 0 1
90 245 0 1
91 245 0 1
92 245 0 1
95 245 0 1
97 245 0 1
99 245 0 1
100 245 0 1
101 245 0 1
103 245 0 1
104 245 0 1
105 245 0 1
111 245 0 1
117 245 0 1
118 245 0 1
119 245 0 1
120 245 0 1
122 245 0 1
125 245 0 1
126 245 0 1
71 246 0 1
72 246 0 1
77 246 0 1
79 246 0 1
83 246 0 1
86 246 0 1
87 246 0 1
88 246 0 1
94 246 0 1
98 246 0 1
123 246 0 1
137 246 0 1
70 247 0 1
76 247 0 1
78 247 0 1
96 247 0 1
106 247 0 1
109 247 0 1
110 247 0 1
112 247 0 1
114 247 0 1
116 247 0 1
117 247 0 1
121 247 0 1
122 247 0 1
124 247 0 1
125 247 0 1
74 248 0 1
93 248 0 1
97 248 0 1
100 248 0 1
101 248 0 1
104 248 0 1
105 248 0 1
110 248 0 1
111 248 0 1
112 248 0 1
113 248 0 1
116 248 0 1
117 248 0 1
118 248 0 1
119 248 0 1
121 248 0 1
122 248 0 1
124 248 0 1
125 248 0 1
126 248 0 1
74 249 0 1
75 249 0 1
80 249 0 1
81 249 0 1
91 249 0 1
95 249 0 1
97 249 0 1
99 249 0 1
100 249 0 1
101 249 0 1
103 249 0 1
104 249 0 1
105 249 0 1
111 249 0 1
113 249 0 1
115 249 0 1
117 249 0 1
118 249 0 1
119 249 0 1
120 249 0 1
122 249 0 1
125 249 0 1
126 249 0 1
76 250 0 1
78 250 0 1
96 250 0 1
110 250 0 1
112 250 0 1
116 250 0 1
117 250 0 1
119 250 0 1
121 250 0 1
122 250 0 1
124 250 0 1
125 250 0 1
73 251 0 1
76 251 0 1
78 251 0 1
96 251 0 1
109 251 0 1
110 251 0 1
112 251 0 1
114 251 0 1
116 251 0 1
117 251 0 1
119 251 0 1
121 251 0 1
122 251 0 1
124 251 0 1
125 251 0 1
71 252 0 1
72 252 0 1
77 252 0 1
79 252 0 1
94 252 0 1
123 252 0 1
75 253 0 1
79 253 0 1
80 253 0 1
81 253 0 1
95 253 0 1
98 253 0 1
99 253 0 1
102 253 0 1
120 253 0 1
123 253 0 1
75 254 0 1
80 254 0 1
81 254 0 1
95 254 0 1
97 254 0 1
98 254 0 1
99 254 0 1
100 254 0 1
102 254 0 1
103 254 0 1
104 254 0 1
118 254 0 1
120 254 0 1
126 254 0 1
106 255 0 1
107 255 0 1
108 255 0 1
109 255 0 1
110 255 0 1
112 255 0 1
114 255 0 1
116 255 0 1
95 256 0 1
100 256 0 1
101 256 0 1
102 256 0 1
103 256 0 1
104 256 0 1
105 256 0 1
111 256 0 1
113 256 0 1
115 256 0 1
118 256 0 1
106 257 0 1
107 257 0 1
108 257 0 1
109 257 0 1
110 257 0 1
111 257 0 1
112 257 0 1
113 257 0 1
114 257 0 1
116 257 0 1
117 257 0 1
100 258 0 1
101 258 0 1
103 258 0 1
104 258 0 1
105 258 0 1
106 258 0 1
107 258 0 1
108 258 0 1
109 258 0 1
110 258 0 1
111 258 0 1
112 258 0 1
113 258 0 1
114 258 0 1
115 258 0 1
117 258 0 1
106 259 0 1
108 259 0 1
109 259 0 1
110 259 0 1
112 259 0 1
114 259 0 1
116 259 0 1
100 260 0 1
101 260 0 1
102 260 0 1
103 260 0 1
104 260 0 1
105 260 0 1
107 260 0 1
111 260 0 1
113 260 0 1
115 260 0 1
118 260 0 1
106 261 0 1
108 261 0 1
109 261 0 1
110 261 0 1
112 261 0 1
114 261 0 1
106 262 0 1
107 262 0 1
108 262 0 1
109 262 0 1
110 262 0 1
112 262 0 1
114 262 0 1
100 263 0 1
101 263 0 1
102 263 0 1
103 263 0 1
104 263 0 1
105 263 0 1
115 263 0 1
100 264 0 1
101 264 0 1
104 264 0 1
105 264 0 1
106 264 0 1
107 264 0 1
108 264 0 1
109 264 0 1
110 264 0 1
111 264 0 1
112 264 0 1
113 264 0 1
114 264 0 1
115 264 0 1
116 264 0 1
117 264 0 1
118 264 0 1
125 264 0 1
96 265 0 1
106 265 0 1
107 265 0 1
108 265 0 1
109 265 0 1
110 265 0 1
112 265 0 1
113 265 0 1
114 265 0 1
116 265 0 1
117 265 0 1
124 265 0 1
97 266 0 1
100 266 0 1
101 266 0 1
103 266 0 1
104 266 0 1
105 266 0 1
107 266 0 1
108 266 0 1
110 266 0 1
111 266 0 1
112 266 0 1
113 266 0 1
114 266 0 1
115 266 0 1
117 266 0 1
118 266 0 1
95 267 0 1
97 267 0 1
99 267 0 1
100 267 0 1
101 267 0 1
102 267 0 1
103 267 0 1
104 267 0 1
105 267 0 1
111 267 0 1
113 267 0 1
115 267 0 1
118 267 0 1
95 268 0 1
97 268 0 1
100 268 0 1
101 268 0 1
102 268 0 1
103 268 0 1
104 268 0 1
105 268 0 1
107 268 0 1
111 268 0 1
113 268 0 1
115 268 0 1
117 268 0 1
118 268 0 1
97 269 0 1
100 269 0 1
101 269 0 1
103 269 0 1
104 269 0 1
105 269 0 1
107 269 0 1
111 269 0 1
112 269 0 1
113 269 0 1
115 269 0 1
117 269 0 1
118 269 0 1
106 270 0 1
108 270 0 1
109 270 0 1
110 270 0 1
112 270 0 1
114 270 0 1
116 270 0 1
100 271 0 1
101 271 0 1
103 271 0 1
104 271 0 1
105 271 0 1
106 271 0 1
107 271 0 1
108 271 0 1
109 271 0 1
110 271 0 1
111 271 0 1
112 271 0 1
113 271 0 1
114 271 0 1
115 271 0 1
116 271 0 1
117 271 0 1
118 271 0 1
96 272 0 1
106 272 0 1
108 272 0 1
109 272 0 1
110 272 0 1
112 272 0 1
114 272 0 1
116 272 0 1
95 273 0 1
98 273 0 1
102 273 0 1
95 274 0 1
97 274 0 1
98 274 0 1
99 274 0 1
100 274 0 1
101 274 0 1
102 274 0 1
103 274 0 1
104 274 0 1
105 274 0 1
111 274 0 1
113 274 0 1
115 274 0 1
118 274 0 1
120 274 0 1
126 274 0 1
79 275 0 1
81 275 0 1
95 275 0 1
98 275 0 1
99 275 0 1
102 275 0 1
120 275 0 1
123 275 0 1
78 276 0 1
96 276 0 1
106 276 0 1
108 276 0 1
109 276 0 1
110 276 0 1
112 276 0 1
114 276 0 1
116 276 0 1
124 276 0 1
125 276 0 1
96 277 0 1
97 277 0 1
100 277 0 1
101 277 0 1
103 277 0 1
104 277 0 1
105 277 0 1
106 277 0 1
107 277 0 1
108 277 0 1
109 277 0 1
110 277 0 1
111 277 0 1
112 277 0 1
113 277 0 1
114 277 0 1
115 277 0 1
116 277 0 1
117 277 0 1
118 277 0 1
119 277 0 1
121 277 0 1
122 277 0 1
124 277 0 1
125 277 0 1
126 277 0 1
94 278 0 1
98 278 0 1
102 278 0 1
123 278 0 1
96 279 0 1
106 279 0 1
108 279 0 1
109 279 0 1
110 279 0 1
112 279 0 1
114 279 0 1
116 279 0 1
96 280 0 1
106 280 0 1
107 280 0 1
108 280 0 1
109 280 0 1
110 280 0 1
111 280 0 1
112 280 0 1
113 280 0 1
114 280 0 1
116 280 0 1
117 280 0 1
124 280 0 1
125 280 0 1
96 281 0 1
100 281 0 1
101 281 0 1
105 281 0 1
106 281 0 1
107 281 0 1
108 281 0 1
109 281 0 1
110 281 0 1
111 281 0 1
112 281 0 1
113 281 0 1
114 281 0 1
116 281 0 1
117 281 0 1
119 281 0 1
121 281 0 1
124 281 0 1
125 281 0 1
97 282 0 1
100 282 0 1
101 282 0 1
103 282 0 1
104 282 0 1
105 282 0 1
107 282 0 1
108 282 0 1
110 282 0 1
111 282 0 1
112 282 0 1
113 282 0 1
115 282 0 1
117 282 0 1
118 282 0 1
119 282 0 1
124 282 0 1
125 282 0 1
126 282 0 1
97 283 0 1
100 283 0 1
101 283 0 1
103 283 0 1
104 283 0 1
105 283 0 1
107 283 0 1
108 283 0 1
109 283 0 1
110 283 0 1
111 283 0 1
112 283 0 1
113 283 0 1
114 283 0 1
115 283 0 1
116 283 0 1
117 283 0 1
118 283 0 1
119 283 0 1
124 283 0 1
125 283 0 1
95 284 0 1
97 284 0 1
99 284 0 1
100 284 0 1
101 284 0 1
102 284 0 1
103 284 0 1
104 284 0 1
105 284 0 1
111 284 0 1
113 284 0 1
115 284 0 1
118 284 0 1
120 284 0 1
126 284 0 1
95 285 0 1
98 285 0 1
99 285 0 1
102 285 0 1
103 285 0 1
104 285 0 1
