1 3 0 0
4 5 0 0
1 6 0 0
3 6 0 0
4 6 0 0
5 6 0 0
1 7 0 0
3 7 0 0
1 8 0 0
3 8 0 0
4 8 0 0
6 8 0 0
7 8 0 0
1 9 0 0
3 9 0 0
6 9 0 0
7 9 0 0
8 9 0 0
4 10 0 0
5 10 0 0
6 10 0 0
8 10 0 0
1 11 0 0
7 11 0 0
1 12 0 0
3 12 0 0
7 12 0 0
8 12 0 0
9 12 0 0
1 13 0 0
3 13 0 0
7 13 0 0
8 13 0 0
9 13 0 0
11 13 0 0
12 13 0 0
1 14 0 0
3 14 0 0
4 14 0 0
5 14 0 0
6 14 0 0
8 14 0 0
9 14 0 0
10 14 0 0
12 14 0 0
1 15 0 0
3 15 0 0
4 15 0 0
5 15 0 0
6 15 0 0
8 15 0 0
9 15 0 0
10 15 0 0
12 15 0 0
14 15 0 0
1 16 0 0
3 16 0 0
4 16 0 0
6 16 0 0
7 16 0 0
8 16 0 0
9 16 0 0
10 16 0 0
12 16 0 0
14 16 0 0
15 16 0 0
1 17 0 0
3 17 0 0
6 17 0 0
7 17 0 0
8 17 0 0
9 17 0 0
10 17 0 0
12 17 0 0
13 17 0 0
14 17 0 0
15 17 0 0
16 17 0 0
1 18 0 0
8 18 0 0
9 18 0 0
12 18 0 0
13 18 0 0
14 18 0 0
15 18 0 0
16 18 0 0
17 18 0 0
1 19 0 0
10 19 0 0
12 19 0 0
14 19 0 0
15 19 0 0
16 19 0 0
17 19 0 0
18 19 0 0
1 20 0 0
12 20 0 0
14 20 0 0
15 20 0 0
16 20 0 0
17 20 0 0
18 20 0 0
19 20 0 0
19 22 0 0
1 23 0 0
12 23 0 0
17 23 0 0
18 23 0 0
19 23 0 0
20 23 0 0
22 23 0 0
15 24 0 0
17 24 0 0
18 24 0 0
19 24 0 0
20 24 0 0
22 24 0 0
23 24 0 0
1 25 0 0
12 25 0 0
17 25 0 0
18 25 0 0
19 25 0 0
20 25 0 0
23 25 0 0
24 25 0 0
1 26 0 0
12 26 0 0
17 26 0 0
18 26 0 0
19 26 0 0
20 26 0 0
23 26 0 0
24 26 0 0
25 26 0 0
1 27 0 0
12 27 0 0
14 27 0 0
15 27 0 0
16 27 0 0
17 27 0 0
18 27 0 0
19 27 0 0
20 27 0 0
22 27 0 0
23 27 0 0
24 27 0 0
25 27 0 0
26 27 0 0
15 28 0 0
17 28 0 0
18 28 0 0
19 28 0 0
20 28 0 0
22 28 0 0
23 28 0 0
24 28 0 0
25 28 0 0
27 28 0 0
1 29 0 0
12 29 0 0
15 29 0 0
17 29 0 0
18 29 0 0
19 29 0 0
20 29 0 0
22 29 0 0
23 29 0 0
24 29 0 0
25 29 0 0
26 29 0 0
27 29 0 0
28 29 0 0
21 30 0 0
20 31 0 0
25 31 0 0
26 31 0 0
21 32 0 0
30 32 0 0
21 33 0 0
30 33 0 0
32 33 0 0
19 34 0 0
20 34 0 0
22 34 0 0
23 34 0 0
24 34 0 0
25 34 0 0
27 34 0 0
28 34 0 0
29 34 0 0
18 35 0 0
19 35 0 0
20 35 0 0
23 35 0 0
24 35 0 0
25 35 0 0
26 35 0 0
27 35 0 0
28 35 0 0
29 35 0 0
31 35 0 0
34 35 0 0
18 36 0 0
19 36 0 0
20 36 0 0
23 36 0 0
24 36 0 0
25 36 0 0
26 36 0 0
27 36 0 0
28 36 0 0
29 36 0 0
31 36 0 0
34 36 0 0
35 36 0 0
1 37 0 0
12 37 0 0
17 37 0 0
18 37 0 0
19 37 0 0
20 37 0 0
23 37 0 0
24 37 0 0
25 37 0 0
26 37 0 0
27 37 0 0
28 37 0 0
29 37 0 0
31 37 0 0
34 37 0 0
35 37 0 0
36 37 0 0
1 38 0 0
18 38 0 0
20 38 0 0
23 38 0 0
24 38 0 0
25 38 0 0
26 38 0 0
27 38 0 0
29 38 0 0
31 38 0 0
34 38 0 0
35 38 0 0
36 38 0 0
37 38 0 0
17 39 0 0
18 39 0 0
19 39 0 0
20 39 0 0
22 39 0 0
23 39 0 0
24 39 0 0
25 39 0 0
26 39 0 0
27 39 0 0
28 39 0 0
29 39 0 0
34 39 0 0
35 39 0 0
36 39 0 0
37 39 0 0
38 39 0 0
21 40 0 0
30 40 0 0
32 40 0 0
33 40 0 0
19 41 0 0
22 41 0 0
23 41 0 0
24 41 0 0
27 41 0 0
28 41 0 0
29 41 0 0
34 41 0 0
35 41 0 0
36 41 0 0
37 41 0 0
39 41 0 0
18 42 0 0
20 42 0 0
25 42 0 0
26 42 0 0
29 42 0 0
31 42 0 0
35 42 0 0
36 42 0 0
37 42 0 0
38 42 0 0
21 43 0 0
30 43 0 0
32 43 0 0
33 43 0 0
40 43 0 0
18 44 0 0
19 44 0 0
20 44 0 0
22 44 0 0
23 44 0 0
24 44 0 0
25 44 0 0
26 44 0 0
27 44 0 0
28 44 0 0
29 44 0 0
34 44 0 0
35 44 0 0
36 44 0 0
37 44 0 0
38 44 0 0
39 44 0 0
41 44 0 0
42 44 0 0
1 45 0 0
3 45 0 0
6 45 0 0
7 45 0 0
8 45 0 0
9 45 0 0
10 45 0 0
12 45 0 0
14 45 0 0
15 45 0 0
16 45 0 0
17 45 0 0
18 45 0 0
19 45 0 0
20 45 0 0
23 45 0 0
24 45 0 0
25 45 0 0
26 45 0 0
27 45 0 0
28 45 0 0
29 45 0 0
34 45 0 0
35 45 0 0
36 45 0 0
37 45 0 0
38 45 0 0
39 45 0 0
41 45 0 0
44 45 0 0
1 46 0 0
3 46 0 0
7 46 0 0
8 46 0 0
9 46 0 0
12 46 0 0
13 46 0 0
14 46 0 0
15 46 0 0
16 46 0 0
17 46 0 0
18 46 0 0
19 46 0 0
20 46 0 0
23 46 0 0
24 46 0 0
25 46 0 0
26 46 0 0
27 46 0 0
29 46 0 0
37 46 0 0
38 46 0 0
39 46 0 0
44 46 0 0
45 46 0 0
1 47 0 0
3 47 0 0
7 47 0 0
8 47 0 0
9 47 0 0
12 47 0 0
13 47 0 0
14 47 0 0
15 47 0 0
16 47 0 0
17 47 0 0
18 47 0 0
19 47 0 0
20 47 0 0
23 47 0 0
24 47 0 0
25 47 0 0
26 47 0 0
27 47 0 0
28 47 0 0
29 47 0 0
37 47 0 0
38 47 0 0
39 47 0 0
44 47 0 0
45 47 0 0
46 47 0 0
1 48 0 0
3 48 0 0
4 48 0 0
5 48 0 0
6 48 0 0
8 48 0 0
9 48 0 0
10 48 0 0
12 48 0 0
14 48 0 0
15 48 0 0
16 48 0 0
17 48 0 0
18 48 0 0
19 48 0 0
20 48 0 0
22 48 0 0
23 48 0 0
24 48 0 0
25 48 0 0
26 48 0 0
27 48 0 0
28 48 0 0
29 48 0 0
37 48 0 0
39 48 0 0
44 48 0 0
45 48 0 0
46 48 0 0
47 48 0 0
1 49 0 0
5 49 0 0
6 49 0 0
8 49 0 0
9 49 0 0
10 49 0 0
12 49 0 0
14 49 0 0
15 49 0 0
16 49 0 0
17 49 0 0
18 49 0 0
19 49 0 0
20 49 0 0
22 49 0 0
23 49 0 0
24 49 0 0
25 49 0 0
26 49 0 0
27 49 0 0
28 49 0 0
29 49 0 0
34 49 0 0
37 49 0 0
39 49 0 0
41 49 0 0
44 49 0 0
45 49 0 0
46 49 0 0
47 49 0 0
48 49 0 0
1 50 0 0
6 50 0 0
8 50 0 0
9 50 0 0
10 50 0 0
12 50 0 0
14 50 0 0
15 50 0 0
16 50 0 0
17 50 0 0
18 50 0 0
19 50 0 0
20 50 0 0
22 50 0 0
23 50 0 0
24 50 0 0
25 50 0 0
26 50 0 0
27 50 0 0
28 50 0 0
29 50 0 0
34 50 0 0
35 50 0 0
36 50 0 0
37 50 0 0
38 50 0 0
39 50 0 0
41 50 0 0
44 50 0 0
45 50 0 0
46 50 0 0
47 50 0 0
48 50 0 0
49 50 0 0
30 51 0 0
32 51 0 0
33 51 0 0
43 51 0 0
30 52 0 0
32 52 0 0
33 52 0 0
40 52 0 0
43 52 0 0
51 52 0 0
30 53 0 0
32 53 0 0
33 53 0 0
43 53 0 0
51 53 0 0
52 53 0 0
2 54 0 0
34 54 0 0
35 54 0 0
36 54 0 0
37 54 0 0
38 54 0 0
39 54 0 0
41 54 0 0
44 54 0 0
2 55 0 0
31 55 0 0
34 55 0 0
35 55 0 0
36 55 0 0
37 55 0 0
38 55 0 0
39 55 0 0
42 55 0 0
44 55 0 0
54 55 0 0
31 56 0 0
51 56 0 0
53 56 0 0
2 57 0 0
31 57 0 0
35 57 0 0
36 57 0 0
38 57 0 0
42 57 0 0
54 57 0 0
55 57 0 0
56 57 0 0
2 58 0 0
31 58 0 0
35 58 0 0
36 58 0 0
38 58 0 0
54 58 0 0
55 58 0 0
56 58 0 0
57 58 0 0
2 59 0 0
31 59 0 0
34 59 0 0
35 59 0 0
36 59 0 0
37 59 0 0
54 59 0 0
55 59 0 0
57 59 0 0
58 59 0 0
2 60 0 0
34 60 0 0
41 60 0 0
54 60 0 0
30 61 0 0
31 61 0 0
32 61 0 0
33 61 0 0
42 61 0 0
43 61 0 0
51 61 0 0
52 61 0 0
53 61 0 0
56 61 0 0
57 61 0 0
22 62 0 0
34 62 0 0
39 62 0 0
41 62 0 0
54 62 0 0
60 62 0 0
30 63 0 0
31 63 0 0
32 63 0 0
33 63 0 0
43 63 0 0
51 63 0 0
52 63 0 0
53 63 0 0
56 63 0 0
57 63 0 0
61 63 0 0
22 64 0 0
24 64 0 0
34 64 0 0
35 64 0 0
39 64 0 0
41 64 0 0
44 64 0 0
54 64 0 0
60 64 0 0
62 64 0 0
2 65 0 0
31 65 0 0
35 65 0 0
36 65 0 0
37 65 0 0
38 65 0 0
42 65 0 0
44 65 0 0
54 65 0 0
55 65 0 0
56 65 0 0
57 65 0 0
58 65 0 0
59 65 0 0
61 65 0 0
2 66 0 0
20 66 0 0
23 66 0 0
24 66 0 0
25 66 0 0
26 66 0 0
27 66 0 0
29 66 0 0
31 66 0 0
34 66 0 0
35 66 0 0
36 66 0 0
37 66 0 0
38 66 0 0
39 66 0 0
41 66 0 0
42 66 0 0
44 66 0 0
54 66 0 0
55 66 0 0
56 66 0 0
57 66 0 0
58 66 0 0
59 66 0 0
64 66 0 0
65 66 0 0
2 67 0 0
19 67 0 0
20 67 0 0
22 67 0 0
23 67 0 0
24 67 0 0
25 67 0 0
26 67 0 0
27 67 0 0
28 67 0 0
29 67 0 0
31 67 0 0
34 67 0 0
35 67 0 0
36 67 0 0
37 67 0 0
38 67 0 0
39 67 0 0
41 67 0 0
42 67 0 0
44 67 0 0
54 67 0 0
55 67 0 0
57 67 0 0
58 67 0 0
59 67 0 0
60 67 0 0
62 67 0 0
64 67 0 0
65 67 0 0
66 67 0 0
22 68 0 0
23 68 0 0
24 68 0 0
28 68 0 0
34 68 0 0
39 68 0 0
41 68 0 0
44 68 0 0
54 68 0 0
60 68 0 0
62 68 0 0
64 68 0 0
66 68 0 0
67 68 0 0
2 69 0 0
22 69 0 0
23 69 0 0
24 69 0 0
28 69 0 0
29 69 0 0
34 69 0 0
35 69 0 0
36 69 0 0
37 69 0 0
39 69 0 0
41 69 0 0
44 69 0 0
54 69 0 0
55 69 0 0
58 69 0 0
59 69 0 0
60 69 0 0
62 69 0 0
64 69 0 0
66 69 0 0
67 69 0 0
68 69 0 0
51 70 0 0
52 70 0 0
53 70 0 0
56 70 0 0
61 70 0 0
63 70 0 0
2 71 0 0
54 71 0 0
59 71 0 0
60 71 0 0
62 71 0 0
64 71 0 0
67 71 0 0
69 71 0 0
51 72 0 0
52 72 0 0
53 72 0 0
70 72 0 0
51 73 0 0
52 73 0 0
53 73 0 0
63 73 0 0
70 73 0 0
72 73 0 0
2 74 0 0
54 74 0 0
55 74 0 0
58 74 0 0
59 74 0 0
60 74 0 0
62 74 0 0
64 74 0 0
66 74 0 0
67 74 0 0
69 74 0 0
71 74 0 0
2 75 0 0
53 75 0 0
55 75 0 0
56 75 0 0
57 75 0 0
58 75 0 0
61 75 0 0
63 75 0 0
65 75 0 0
51 76 0 0
52 76 0 0
53 76 0 0
70 76 0 0
72 76 0 0
73 76 0 0
51 77 0 0
53 77 0 0
56 77 0 0
57 77 0 0
61 77 0 0
63 77 0 0
70 77 0 0
73 77 0 0
75 77 0 0
2 78 0 0
54 78 0 0
55 78 0 0
57 78 0 0
58 78 0 0
59 78 0 0
65 78 0 0
66 78 0 0
67 78 0 0
71 78 0 0
74 78 0 0
75 78 0 0
2 79 0 0
53 79 0 0
55 79 0 0
56 79 0 0
57 79 0 0
58 79 0 0
63 79 0 0
65 79 0 0
75 79 0 0
77 79 0 0
78 79 0 0
2 80 0 0
54 80 0 0
55 80 0 0
56 80 0 0
57 80 0 0
58 80 0 0
59 80 0 0
65 80 0 0
66 80 0 0
75 80 0 0
77 80 0 0
78 80 0 0
79 80 0 0
2 81 0 0
54 81 0 0
55 81 0 0
56 81 0 0
57 81 0 0
58 81 0 0
59 81 0 0
65 81 0 0
66 81 0 0
74 81 0 0
75 81 0 0
77 81 0 0
78 81 0 0
79 81 0 0
80 81 0 0
2 82 0 0
60 82 0 0
71 82 0 0
74 82 0 0
2 83 0 0
71 83 0 0
74 83 0 0
78 83 0 0
82 83 0 0
2 84 0 0
71 84 0 0
74 84 0 0
78 84 0 0
82 84 0 0
83 84 0 0
2 85 0 0
58 85 0 0
74 85 0 0
75 85 0 0
77 85 0 0
78 85 0 0
79 85 0 0
80 85 0 0
81 85 0 0
84 85 0 0
70 86 0 0
72 86 0 0
73 86 0 0
76 86 0 0
2 87 0 0
57 87 0 0
75 87 0 0
77 87 0 0
78 87 0 0
79 87 0 0
80 87 0 0
81 87 0 0
85 87 0 0
2 88 0 0
59 88 0 0
71 88 0 0
74 88 0 0
75 88 0 0
78 88 0 0
79 88 0 0
80 88 0 0
81 88 0 0
82 88 0 0
83 88 0 0
84 88 0 0
85 88 0 0
87 88 0 0
56 89 0 0
70 89 0 0
73 89 0 0
75 89 0 0
76 89 0 0
77 89 0 0
79 89 0 0
80 89 0 0
81 89 0 0
85 89 0 0
86 89 0 0
87 89 0 0
2 90 0 0
56 90 0 0
75 90 0 0
77 90 0 0
79 90 0 0
80 90 0 0
81 90 0 0
85 90 0 0
87 90 0 0
88 90 0 0
89 90 0 0
2 91 0 0
71 91 0 0
74 91 0 0
78 91 0 0
82 91 0 0
83 91 0 0
84 91 0 0
85 91 0 0
88 91 0 0
72 92 0 0
73 92 0 0
76 92 0 0
86 92 0 0
70 93 0 0
72 93 0 0
73 93 0 0
76 93 0 0
86 93 0 0
92 93 0 0
70 94 0 0
72 94 0 0
73 94 0 0
76 94 0 0
86 94 0 0
89 94 0 0
92 94 0 0
93 94 0 0
70 95 0 0
72 95 0 0
73 95 0 0
76 95 0 0
77 95 0 0
86 95 0 0
89 95 0 0
90 95 0 0
93 95 0 0
94 95 0 0
86 96 0 0
89 96 0 0
90 96 0 0
92 96 0 0
93 96 0 0
94 96 0 0
95 96 0 0
86 97 0 0
92 97 0 0
93 97 0 0
94 97 0 0
96 97 0 0
86 98 0 0
92 98 0 0
93 98 0 0
94 98 0 0
95 98 0 0
96 98 0 0
97 98 0 0
86 99 0 0
92 99 0 0
93 99 0 0
94 99 0 0
95 99 0 0
96 99 0 0
97 99 0 0
98 99 0 0
2 100 0 0
85 100 0 0
87 100 0 0
88 100 0 0
91 100 0 0
86 101 0 0
92 101 0 0
93 101 0 0
94 101 0 0
95 101 0 0
96 101 0 0
97 101 0 0
98 101 0 0
99 101 0 0
85 102 0 0
86 102 0 0
87 102 0 0
89 102 0 0
90 102 0 0
94 102 0 0
95 102 0 0
96 102 0 0
101 102 0 0
86 103 0 0
89 103 0 0
90 103 0 0
93 103 0 0
94 103 0 0
95 103 0 0
96 103 0 0
98 103 0 0
99 103 0 0
101 103 0 0
102 103 0 0
75 104 0 0
77 104 0 0
79 104 0 0
80 104 0 0
85 104 0 0
87 104 0 0
89 104 0 0
90 104 0 0
94 104 0 0
95 104 0 0
96 104 0 0
102 104 0 0
103 104 0 0
2 105 0 0
71 105 0 0
74 105 0 0
78 105 0 0
82 105 0 0
83 105 0 0
84 105 0 0
85 105 0 0
88 105 0 0
91 105 0 0
100 105 0 0
2 106 0 0
78 106 0 0
79 106 0 0
80 106 0 0
81 106 0 0
85 106 0 0
87 106 0 0
88 106 0 0
89 106 0 0
90 106 0 0
91 106 0 0
95 106 0 0
96 106 0 0
100 106 0 0
102 106 0 0
103 106 0 0
104 106 0 0
105 106 0 0
72 107 0 0
73 107 0 0
76 107 0 0
86 107 0 0
92 107 0 0
93 107 0 0
94 107 0 0
95 107 0 0
96 107 0 0
97 107 0 0
98 107 0 0
99 107 0 0
101 107 0 0
103 107 0 0
70 108 0 0
72 108 0 0
73 108 0 0
76 108 0 0
86 108 0 0
89 108 0 0
92 108 0 0
93 108 0 0
94 108 0 0
95 108 0 0
96 108 0 0
97 108 0 0
98 108 0 0
99 108 0 0
101 108 0 0
102 108 0 0
103 108 0 0
104 108 0 0
107 108 0 0
73 109 0 0
75 109 0 0
76 109 0 0
77 109 0 0
79 109 0 0
86 109 0 0
89 109 0 0
90 109 0 0
93 109 0 0
94 109 0 0
95 109 0 0
96 109 0 0
99 109 0 0
101 109 0 0
102 109 0 0
103 109 0 0
104 109 0 0
106 109 0 0
107 109 0 0
108 109 0 0
2 110 0 0
74 110 0 0
78 110 0 0
79 110 0 0
80 110 0 0
81 110 0 0
84 110 0 0
85 110 0 0
87 110 0 0
88 110 0 0
90 110 0 0
91 110 0 0
100 110 0 0
105 110 0 0
106 110 0 0
71 111 0 0
82 111 0 0
83 111 0 0
84 111 0 0
91 111 0 0
105 111 0 0
2 112 0 0
78 112 0 0
80 112 0 0
81 112 0 0
83 112 0 0
84 112 0 0
85 112 0 0
87 112 0 0
88 112 0 0
91 112 0 0
100 112 0 0
105 112 0 0
106 112 0 0
110 112 0 0
2 113 0 0
78 113 0 0
81 113 0 0
82 113 0 0
83 113 0 0
84 113 0 0
85 113 0 0
87 113 0 0
88 113 0 0
91 113 0 0
100 113 0 0
105 113 0 0
106 113 0 0
110 113 0 0
111 113 0 0
112 113 0 0
86 114 0 0
92 114 0 0
93 114 0 0
94 114 0 0
96 114 0 0
97 114 0 0
98 114 0 0
99 114 0 0
101 114 0 0
107 114 0 0
108 114 0 0
72 115 0 0
76 115 0 0
86 115 0 0
92 115 0 0
93 115 0 0
94 115 0 0
96 115 0 0
97 115 0 0
98 115 0 0
99 115 0 0
101 115 0 0
107 115 0 0
108 115 0 0
114 115 0 0
52 116 0 0
70 116 0 0
72 116 0 0
73 116 0 0
76 116 0 0
86 116 0 0
92 116 0 0
93 116 0 0
94 116 0 0
95 116 0 0
96 116 0 0
97 116 0 0
98 116 0 0
99 116 0 0
101 116 0 0
107 116 0 0
108 116 0 0
114 116 0 0
115 116 0 0
2 117 0 0
60 117 0 0
62 117 0 0
71 117 0 0
74 117 0 0
82 117 0 0
83 117 0 0
84 117 0 0
91 117 0 0
105 117 0 0
111 117 0 0
2 118 0 0
54 118 0 0
60 118 0 0
71 118 0 0
74 118 0 0
82 118 0 0
83 118 0 0
84 118 0 0
88 118 0 0
91 118 0 0
105 118 0 0
111 118 0 0
117 118 0 0
2 119 0 0
56 119 0 0
57 119 0 0
58 119 0 0
75 119 0 0
77 119 0 0
78 119 0 0
79 119 0 0
80 119 0 0
81 119 0 0
85 119 0 0
87 119 0 0
88 119 0 0
89 119 0 0
90 119 0 0
95 119 0 0
102 119 0 0
103 119 0 0
104 119 0 0
106 119 0 0
109 119 0 0
110 119 0 0
2 120 0 0
54 120 0 0
58 120 0 0
59 120 0 0
66 120 0 0
71 120 0 0
74 120 0 0
78 120 0 0
80 120 0 0
81 120 0 0
82 120 0 0
83 120 0 0
84 120 0 0
85 120 0 0
87 120 0 0
88 120 0 0
91 120 0 0
105 120 0 0
106 120 0 0
110 120 0 0
112 120 0 0
113 120 0 0
117 120 0 0
118 120 0 0
2 121 0 0
54 121 0 0
59 121 0 0
60 121 0 0
71 121 0 0
74 121 0 0
78 121 0 0
82 121 0 0
83 121 0 0
84 121 0 0
88 121 0 0
91 121 0 0
105 121 0 0
111 121 0 0
112 121 0 0
113 121 0 0
117 121 0 0
118 121 0 0
120 121 0 0
51 122 0 0
53 122 0 0
56 122 0 0
57 122 0 0
61 122 0 0
63 122 0 0
70 122 0 0
72 122 0 0
73 122 0 0
75 122 0 0
76 122 0 0
77 122 0 0
79 122 0 0
80 122 0 0
81 122 0 0
85 122 0 0
86 122 0 0
87 122 0 0
89 122 0 0
90 122 0 0
94 122 0 0
95 122 0 0
96 122 0 0
102 122 0 0
103 122 0 0
104 122 0 0
106 122 0 0
108 122 0 0
109 122 0 0
119 122 0 0
2 123 0 0
54 123 0 0
55 123 0 0
58 123 0 0
59 123 0 0
60 123 0 0
62 123 0 0
64 123 0 0
66 123 0 0
67 123 0 0
69 123 0 0
71 123 0 0
74 123 0 0
78 123 0 0
81 123 0 0
82 123 0 0
83 123 0 0
84 123 0 0
85 123 0 0
88 123 0 0
91 123 0 0
105 123 0 0
110 123 0 0
111 123 0 0
112 123 0 0
113 123 0 0
117 123 0 0
118 123 0 0
120 123 0 0
121 123 0 0
2 124 0 0
54 124 0 0
57 124 0 0
58 124 0 0
59 124 0 0
74 124 0 0
75 124 0 0
77 124 0 0
78 124 0 0
79 124 0 0
80 124 0 0
81 124 0 0
85 124 0 0
87 124 0 0
88 124 0 0
89 124 0 0
90 124 0 0
91 124 0 0
100 124 0 0
105 124 0 0
106 124 0 0
110 124 0 0
112 124 0 0
113 124 0 0
119 124 0 0
120 124 0 0
122 124 0 0
123 124 0 0
53 125 0 0
70 125 0 0
72 125 0 0
73 125 0 0
76 125 0 0
77 125 0 0
86 125 0 0
89 125 0 0
92 125 0 0
93 125 0 0
94 125 0 0
95 125 0 0
96 125 0 0
98 125 0 0
99 125 0 0
101 125 0 0
102 125 0 0
103 125 0 0
104 125 0 0
107 125 0 0
108 125 0 0
109 125 0 0
115 125 0 0
116 125 0 0
122 125 0 0
2 126 0 0
54 126 0 0
59 126 0 0
60 126 0 0
71 126 0 0
74 126 0 0
78 126 0 0
82 126 0 0
83 126 0 0
84 126 0 0
85 126 0 0
88 126 0 0
91 126 0 0
100 126 0 0
105 126 0 0
106 126 0 0
110 126 0 0
111 126 0 0
112 126 0 0
113 126 0 0
117 126 0 0
118 126 0 0
120 126 0 0
121 126 0 0
123 126 0 0
124 126 0 0
2 127 0 0
54 127 0 0
59 127 0 0
71 127 0 0
74 127 0 0
78 127 0 0
81 127 0 0
82 127 0 0
83 127 0 0
84 127 0 0
85 127 0 0
88 127 0 0
91 127 0 0
100 127 0 0
105 127 0 0
106 127 0 0
110 127 0 0
111 127 0 0
112 127 0 0
113 127 0 0
117 127 0 0
118 127 0 0
120 127 0 0
121 127 0 0
123 127 0 0
124 127 0 0
126 127 0 0
70 128 0 0
72 128 0 0
73 128 0 0
76 128 0 0
86 128 0 0
92 128 0 0
93 128 0 0
94 128 0 0
96 128 0 0
97 128 0 0
98 128 0 0
99 128 0 0
101 128 0 0
107 128 0 0
108 128 0 0
114 128 0 0
115 128 0 0
116 128 0 0
125 128 0 0
2 129 0 0
56 129 0 0
57 129 0 0
75 129 0 0
77 129 0 0
78 129 0 0
79 129 0 0
80 129 0 0
81 129 0 0
85 129 0 0
87 129 0 0
88 129 0 0
89 129 0 0
90 129 0 0
100 129 0 0
102 129 0 0
103 129 0 0
104 129 0 0
106 129 0 0
109 129 0 0
110 129 0 0
112 129 0 0
119 129 0 0
122 129 0 0
124 129 0 0
70 130 0 0
72 130 0 0
73 130 0 0
76 130 0 0
86 130 0 0
92 130 0 0
93 130 0 0
94 130 0 0
95 130 0 0
96 130 0 0
97 130 0 0
98 130 0 0
99 130 0 0
101 130 0 0
107 130 0 0
108 130 0 0
114 130 0 0
115 130 0 0
116 130 0 0
125 130 0 0
128 130 0 0
2 131 0 0
56 131 0 0
57 131 0 0
75 131 0 0
77 131 0 0
79 131 0 0
80 131 0 0
81 131 0 0
85 131 0 0
87 131 0 0
88 131 0 0
89 131 0 0
90 131 0 0
95 131 0 0
102 131 0 0
103 131 0 0
104 131 0 0
106 131 0 0
109 131 0 0
110 131 0 0
119 131 0 0
122 131 0 0
124 131 0 0
129 131 0 0
2 132 0 0
57 132 0 0
58 132 0 0
59 132 0 0
74 132 0 0
75 132 0 0
77 132 0 0
78 132 0 0
79 132 0 0
80 132 0 0
81 132 0 0
85 132 0 0
87 132 0 0
88 132 0 0
89 132 0 0
90 132 0 0
91 132 0 0
100 132 0 0
104 132 0 0
105 132 0 0
106 132 0 0
110 132 0 0
112 132 0 0
113 132 0 0
119 132 0 0
120 132 0 0
122 132 0 0
124 132 0 0
126 132 0 0
127 132 0 0
129 132 0 0
131 132 0 0
53 133 0 0
70 133 0 0
72 133 0 0
73 133 0 0
75 133 0 0
76 133 0 0
77 133 0 0
79 133 0 0
86 133 0 0
89 133 0 0
90 133 0 0
93 133 0 0
94 133 0 0
95 133 0 0
96 133 0 0
99 133 0 0
101 133 0 0
102 133 0 0
103 133 0 0
104 133 0 0
106 133 0 0
107 133 0 0
108 133 0 0
109 133 0 0
116 133 0 0
119 133 0 0
122 133 0 0
125 133 0 0
129 133 0 0
130 133 0 0
131 133 0 0
52 134 0 0
70 134 0 0
72 134 0 0
73 134 0 0
76 134 0 0
92 134 0 0
115 134 0 0
116 134 0 0
128 134 0 0
130 134 0 0
30 135 0 0
33 135 0 0
51 135 0 0
52 135 0 0
53 135 0 0
56 135 0 0
61 135 0 0
63 135 0 0
70 135 0 0
72 135 0 0
73 135 0 0
75 135 0 0
76 135 0 0
77 135 0 0
79 135 0 0
86 135 0 0
89 135 0 0
95 135 0 0
116 135 0 0
122 135 0 0
125 135 0 0
133 135 0 0
2 136 0 0
31 136 0 0
51 136 0 0
53 136 0 0
55 136 0 0
56 136 0 0
57 136 0 0
58 136 0 0
59 136 0 0
61 136 0 0
63 136 0 0
65 136 0 0
66 136 0 0
75 136 0 0
77 136 0 0
78 136 0 0
79 136 0 0
80 136 0 0
81 136 0 0
87 136 0 0
89 136 0 0
90 136 0 0
119 136 0 0
122 136 0 0
124 136 0 0
129 136 0 0
131 136 0 0
132 136 0 0
135 136 0 0
2 137 0 0
34 137 0 0
35 137 0 0
36 137 0 0
54 137 0 0
55 137 0 0
57 137 0 0
58 137 0 0
59 137 0 0
60 137 0 0
62 137 0 0
64 137 0 0
65 137 0 0
66 137 0 0
67 137 0 0
68 137 0 0
69 137 0 0
71 137 0 0
74 137 0 0
78 137 0 0
81 137 0 0
82 137 0 0
83 137 0 0
84 137 0 0
85 137 0 0
88 137 0 0
91 137 0 0
117 137 0 0
118 137 0 0
120 137 0 0
121 137 0 0
123 137 0 0
124 137 0 0
126 137 0 0
127 137 0 0
2 138 0 0
34 138 0 0
35 138 0 0
54 138 0 0
55 138 0 0
58 138 0 0
59 138 0 0
60 138 0 0
62 138 0 0
64 138 0 0
66 138 0 0
67 138 0 0
68 138 0 0
69 138 0 0
71 138 0 0
74 138 0 0
78 138 0 0
82 138 0 0
83 138 0 0
84 138 0 0
117 138 0 0
118 138 0 0
120 138 0 0
121 138 0 0
123 138 0 0
126 138 0 0
127 138 0 0
137 138 0 0
30 139 0 0
32 139 0 0
33 139 0 0
51 139 0 0
52 139 0 0
53 139 0 0
56 139 0 0
57 139 0 0
61 139 0 0
63 139 0 0
70 139 0 0
72 139 0 0
73 139 0 0
75 139 0 0
76 139 0 0
77 139 0 0
79 139 0 0
80 139 0 0
89 139 0 0
90 139 0 0
119 139 0 0
122 139 0 0
125 139 0 0
129 139 0 0
131 139 0 0
133 139 0 0
135 139 0 0
136 139 0 0
2 140 0 0
23 140 0 0
24 140 0 0
34 140 0 0
35 140 0 0
36 140 0 0
37 140 0 0
39 140 0 0
41 140 0 0
44 140 0 0
54 140 0 0
55 140 0 0
58 140 0 0
59 140 0 0
60 140 0 0
62 140 0 0
64 140 0 0
65 140 0 0
66 140 0 0
67 140 0 0
68 140 0 0
69 140 0 0
71 140 0 0
74 140 0 0
78 140 0 0
82 140 0 0
83 140 0 0
117 140 0 0
118 140 0 0
120 140 0 0
121 140 0 0
123 140 0 0
126 140 0 0
127 140 0 0
137 140 0 0
138 140 0 0
52 141 0 0
70 141 0 0
72 141 0 0
73 141 0 0
76 141 0 0
86 141 0 0
92 141 0 0
115 141 0 0
116 141 0 0
125 141 0 0
128 141 0 0
130 141 0 0
134 141 0 0
135 141 0 0
51 142 0 0
52 142 0 0
53 142 0 0
70 142 0 0
72 142 0 0
73 142 0 0
76 142 0 0
86 142 0 0
92 142 0 0
93 142 0 0
115 142 0 0
116 142 0 0
125 142 0 0
128 142 0 0
130 142 0 0
133 142 0 0
134 142 0 0
135 142 0 0
139 142 0 0
141 142 0 0
2 143 0 0
35 143 0 0
54 143 0 0
55 143 0 0
57 143 0 0
58 143 0 0
59 143 0 0
60 143 0 0
62 143 0 0
64 143 0 0
65 143 0 0
66 143 0 0
67 143 0 0
69 143 0 0
71 143 0 0
74 143 0 0
78 143 0 0
80 143 0 0
81 143 0 0
83 143 0 0
84 143 0 0
85 143 0 0
88 143 0 0
91 143 0 0
117 143 0 0
118 143 0 0
120 143 0 0
121 143 0 0
123 143 0 0
124 143 0 0
126 143 0 0
127 143 0 0
132 143 0 0
137 143 0 0
138 143 0 0
140 143 0 0
2 144 0 0
54 144 0 0
60 144 0 0
62 144 0 0
64 144 0 0
67 144 0 0
68 144 0 0
69 144 0 0
71 144 0 0
74 144 0 0
82 144 0 0
83 144 0 0
84 144 0 0
117 144 0 0
118 144 0 0
120 144 0 0
121 144 0 0
123 144 0 0
126 144 0 0
127 144 0 0
137 144 0 0
138 144 0 0
140 144 0 0
143 144 0 0
2 145 0 0
31 145 0 0
53 145 0 0
55 145 0 0
56 145 0 0
57 145 0 0
58 145 0 0
59 145 0 0
61 145 0 0
63 145 0 0
65 145 0 0
66 145 0 0
75 145 0 0
77 145 0 0
78 145 0 0
79 145 0 0
80 145 0 0
81 145 0 0
85 145 0 0
87 145 0 0
88 145 0 0
89 145 0 0
90 145 0 0
119 145 0 0
122 145 0 0
124 145 0 0
129 145 0 0
131 145 0 0
132 145 0 0
135 145 0 0
136 145 0 0
139 145 0 0
143 145 0 0
2 146 0 0
54 146 0 0
55 146 0 0
56 146 0 0
57 146 0 0
58 146 0 0
59 146 0 0
65 146 0 0
66 146 0 0
67 146 0 0
74 146 0 0
75 146 0 0
77 146 0 0
78 146 0 0
79 146 0 0
80 146 0 0
81 146 0 0
85 146 0 0
87 146 0 0
88 146 0 0
89 146 0 0
90 146 0 0
106 146 0 0
110 146 0 0
119 146 0 0
120 146 0 0
122 146 0 0
124 146 0 0
129 146 0 0
131 146 0 0
132 146 0 0
136 146 0 0
137 146 0 0
139 146 0 0
143 146 0 0
145 146 0 0
2 147 0 0
54 147 0 0
59 147 0 0
60 147 0 0
62 147 0 0
64 147 0 0
66 147 0 0
67 147 0 0
68 147 0 0
69 147 0 0
71 147 0 0
74 147 0 0
78 147 0 0
82 147 0 0
83 147 0 0
84 147 0 0
88 147 0 0
91 147 0 0
117 147 0 0
118 147 0 0
120 147 0 0
121 147 0 0
123 147 0 0
126 147 0 0
127 147 0 0
137 147 0 0
138 147 0 0
140 147 0 0
143 147 0 0
144 147 0 0
2 148 0 0
35 148 0 0
54 148 0 0
55 148 0 0
57 148 0 0
58 148 0 0
59 148 0 0
65 148 0 0
66 148 0 0
67 148 0 0
69 148 0 0
71 148 0 0
74 148 0 0
78 148 0 0
79 148 0 0
80 148 0 0
81 148 0 0
83 148 0 0
84 148 0 0
85 148 0 0
87 148 0 0
88 148 0 0
91 148 0 0
105 148 0 0
106 148 0 0
110 148 0 0
112 148 0 0
113 148 0 0
118 148 0 0
120 148 0 0
121 148 0 0
123 148 0 0
124 148 0 0
126 148 0 0
127 148 0 0
129 148 0 0
132 148 0 0
137 148 0 0
138 148 0 0
140 148 0 0
143 148 0 0
144 148 0 0
145 148 0 0
146 148 0 0
147 148 0 0
1 149 0 1
7 149 0 1
11 149 0 1
13 149 0 1
21 149 0 1
26 149 0 1
30 149 0 1
31 149 0 1
32 149 0 1
33 149 0 1
38 149 0 1
40 149 0 1
42 149 0 1
43 149 0 1
51 149 0 1
52 149 0 1
53 149 0 1
61 149 0 1
63 149 0 1
1 150 0 1
3 150 0 1
4 150 0 1
5 150 0 1
6 150 0 1
8 150 0 1
9 150 0 1
10 150 0 1
12 150 0 1
14 150 0 1
15 150 0 1
16 150 0 1
17 150 0 1
45 150 0 1
46 150 0 1
47 150 0 1
48 150 0 1
49 150 0 1
50 150 0 1
1 151 0 1
3 151 0 1
7 151 0 1
8 151 0 1
9 151 0 1
11 151 0 1
12 151 0 1
13 151 0 1
16 151 0 1
17 151 0 1
46 151 0 1
1 152 0 1
7 152 0 1
11 152 0 1
13 152 0 1
1 153 0 1
7 153 0 1
11 153 0 1
13 153 0 1
1 154 0 1
7 154 0 1
11 154 0 1
13 154 0 1
4 155 0 1
5 155 0 1
6 155 0 1
10 155 0 1
14 155 0 1
15 155 0 1
16 155 0 1
19 155 0 1
48 155 0 1
49 155 0 1
50 155 0 1
1 156 0 1
7 156 0 1
11 156 0 1
13 156 0 1
1 157 0 1
7 157 0 1
11 157 0 1
13 157 0 1
11 158 0 1
21 158 0 1
32 158 0 1
43 158 0 1
1 159 0 1
7 159 0 1
11 159 0 1
13 159 0 1
26 159 0 1
38 159 0 1
1 160 0 1
7 160 0 1
11 160 0 1
13 160 0 1
26 160 0 1
38 160 0 1
42 160 0 1
46 160 0 1
1 161 0 1
7 161 0 1
11 161 0 1
13 161 0 1
43 161 0 1
4 162 0 1
5 162 0 1
6 162 0 1
8 162 0 1
10 162 0 1
14 162 0 1
15 162 0 1
16 162 0 1
17 162 0 1
19 162 0 1
22 162 0 1
24 162 0 1
27 162 0 1
28 162 0 1
45 162 0 1
48 162 0 1
49 162 0 1
50 162 0 1
1 163 0 1
7 163 0 1
11 163 0 1
13 163 0 1
11 164 0 1
13 164 0 1
1 165 0 1
12 165 0 1
17 165 0 1
18 165 0 1
19 165 0 1
20 165 0 1
23 165 0 1
24 165 0 1
25 165 0 1
26 165 0 1
27 165 0 1
28 165 0 1
29 165 0 1
31 165 0 1
34 165 0 1
35 165 0 1
36 165 0 1
37 165 0 1
38 165 0 1
39 165 0 1
42 165 0 1
44 165 0 1
45 165 0 1
46 165 0 1
47 165 0 1
48 165 0 1
49 165 0 1
50 165 0 1
66 165 0 1
67 165 0 1
1 166 0 1
12 166 0 1
13 166 0 1
17 166 0 1
18 166 0 1
19 166 0 1
20 166 0 1
23 166 0 1
24 166 0 1
25 166 0 1
26 166 0 1
27 166 0 1
29 166 0 1
31 166 0 1
35 166 0 1
36 166 0 1
37 166 0 1
38 166 0 1
39 166 0 1
42 166 0 1
44 166 0 1
45 166 0 1
46 166 0 1
47 166 0 1
48 166 0 1
49 166 0 1
50 166 0 1
1 167 0 1
11 167 0 1
12 167 0 1
13 167 0 1
17 167 0 1
18 167 0 1
20 167 0 1
23 167 0 1
25 167 0 1
26 167 0 1
27 167 0 1
29 167 0 1
31 167 0 1
35 167 0 1
36 167 0 1
37 167 0 1
38 167 0 1
42 167 0 1
44 167 0 1
45 167 0 1
46 167 0 1
47 167 0 1
48 167 0 1
50 167 0 1
1 168 0 1
11 168 0 1
13 168 0 1
18 168 0 1
20 168 0 1
25 168 0 1
26 168 0 1
31 168 0 1
33 168 0 1
37 168 0 1
38 168 0 1
42 168 0 1
46 168 0 1
11 169 0 1
21 169 0 1
30 169 0 1
32 169 0 1
33 169 0 1
43 169 0 1
21 170 0 1
40 170 0 1
21 171 0 1
40 171 0 1
1 172 0 1
11 172 0 1
13 172 0 1
18 172 0 1
20 172 0 1
25 172 0 1
26 172 0 1
31 172 0 1
36 172 0 1
37 172 0 1
38 172 0 1
42 172 0 1
46 172 0 1
1 173 0 1
11 173 0 1
12 173 0 1
13 173 0 1
17 173 0 1
18 173 0 1
20 173 0 1
25 173 0 1
26 173 0 1
27 173 0 1
29 173 0 1
31 173 0 1
35 173 0 1
36 173 0 1
37 173 0 1
38 173 0 1
42 173 0 1
44 173 0 1
45 173 0 1
46 173 0 1
47 173 0 1
11 174 0 1
30 174 0 1
31 174 0 1
32 174 0 1
33 174 0 1
38 174 0 1
42 174 0 1
43 174 0 1
21 175 0 1
40 175 0 1
21 176 0 1
30 176 0 1
32 176 0 1
40 176 0 1
43 176 0 1
21 177 0 1
30 177 0 1
32 177 0 1
33 177 0 1
40 177 0 1
43 177 0 1
19 178 0 1
22 178 0 1
23 178 0 1
24 178 0 1
27 178 0 1
28 178 0 1
29 178 0 1
34 178 0 1
35 178 0 1
37 178 0 1
39 178 0 1
41 178 0 1
44 178 0 1
49 178 0 1
50 178 0 1
60 178 0 1
62 178 0 1
64 178 0 1
66 178 0 1
67 178 0 1
68 178 0 1
69 178 0 1
140 178 0 1
21 179 0 1
30 179 0 1
32 179 0 1
40 179 0 1
52 179 0 1
134 179 0 1
21 180 0 1
40 180 0 1
52 180 0 1
21 181 0 1
30 181 0 1
32 181 0 1
33 181 0 1
40 181 0 1
43 181 0 1
51 181 0 1
52 181 0 1
53 181 0 1
61 181 0 1
63 181 0 1
30 182 0 1
31 182 0 1
32 182 0 1
33 182 0 1
38 182 0 1
42 182 0 1
43 182 0 1
51 182 0 1
53 182 0 1
61 182 0 1
63 182 0 1
139 182 0 1
22 183 0 1
34 183 0 1
39 183 0 1
41 183 0 1
54 183 0 1
60 183 0 1
62 183 0 1
64 183 0 1
67 183 0 1
68 183 0 1
69 183 0 1
71 183 0 1
137 183 0 1
138 183 0 1
140 183 0 1
144 183 0 1
147 183 0 1
21 184 0 1
30 184 0 1
40 184 0 1
52 184 0 1
72 184 0 1
134 184 0 1
141 184 0 1
142 184 0 1
40 185 0 1
52 185 0 1
134 185 0 1
141 185 0 1
142 185 0 1
21 186 0 1
30 186 0 1
32 186 0 1
33 186 0 1
40 186 0 1
43 186 0 1
51 186 0 1
52 186 0 1
53 186 0 1
70 186 0 1
72 186 0 1
73 186 0 1
76 186 0 1
134 186 0 1
135 186 0 1
141 186 0 1
142 186 0 1
30 187 0 1
32 187 0 1
40 187 0 1
51 187 0 1
52 187 0 1
70 187 0 1
72 187 0 1
73 187 0 1
76 187 0 1
134 187 0 1
141 187 0 1
142 187 0 1
25 188 0 1
31 188 0 1
35 188 0 1
36 188 0 1
37 188 0 1
38 188 0 1
42 188 0 1
44 188 0 1
54 188 0 1
55 188 0 1
56 188 0 1
57 188 0 1
58 188 0 1
59 188 0 1
61 188 0 1
63 188 0 1
65 188 0 1
66 188 0 1
67 188 0 1
75 188 0 1
79 188 0 1
80 188 0 1
81 188 0 1
136 188 0 1
137 188 0 1
140 188 0 1
143 188 0 1
145 188 0 1
146 188 0 1
148 188 0 1
31 189 0 1
33 189 0 1
36 189 0 1
38 189 0 1
42 189 0 1
51 189 0 1
53 189 0 1
55 189 0 1
56 189 0 1
57 189 0 1
58 189 0 1
61 189 0 1
63 189 0 1
65 189 0 1
66 189 0 1
75 189 0 1
79 189 0 1
135 189 0 1
136 189 0 1
139 189 0 1
145 189 0 1
146 189 0 1
30 190 0 1
32 190 0 1
33 190 0 1
40 190 0 1
43 190 0 1
51 190 0 1
52 190 0 1
53 190 0 1
56 190 0 1
61 190 0 1
63 190 0 1
70 190 0 1
72 190 0 1
73 190 0 1
76 190 0 1
135 190 0 1
139 190 0 1
142 190 0 1
30 191 0 1
31 191 0 1
32 191 0 1
33 191 0 1
43 191 0 1
51 191 0 1
52 191 0 1
53 191 0 1
56 191 0 1
61 191 0 1
63 191 0 1
70 191 0 1
135 191 0 1
136 191 0 1
139 191 0 1
145 191 0 1
31 192 0 1
35 192 0 1
36 192 0 1
37 192 0 1
38 192 0 1
42 192 0 1
53 192 0 1
54 192 0 1
55 192 0 1
56 192 0 1
57 192 0 1
58 192 0 1
59 192 0 1
61 192 0 1
63 192 0 1
65 192 0 1
66 192 0 1
67 192 0 1
75 192 0 1
77 192 0 1
79 192 0 1
80 192 0 1
81 192 0 1
122 192 0 1
136 192 0 1
139 192 0 1
143 192 0 1
145 192 0 1
146 192 0 1
148 192 0 1
30 193 0 1
31 193 0 1
32 193 0 1
33 193 0 1
42 193 0 1
43 193 0 1
51 193 0 1
52 193 0 1
53 193 0 1
56 193 0 1
57 193 0 1
61 193 0 1
63 193 0 1
65 193 0 1
70 193 0 1
73 193 0 1
75 193 0 1
77 193 0 1
79 193 0 1
122 193 0 1
135 193 0 1
136 193 0 1
139 193 0 1
145 193 0 1
21 194 0 1
30 194 0 1
32 194 0 1
33 194 0 1
40 194 0 1
43 194 0 1
51 194 0 1
52 194 0 1
53 194 0 1
61 194 0 1
63 194 0 1
70 194 0 1
72 194 0 1
73 194 0 1
76 194 0 1
134 194 0 1
135 194 0 1
139 194 0 1
141 194 0 1
142 194 0 1
21 195 0 1
30 195 0 1
32 195 0 1
33 195 0 1
40 195 0 1
43 195 0 1
51 195 0 1
52 195 0 1
53 195 0 1
63 195 0 1
70 195 0 1
72 195 0 1
73 195 0 1
76 195 0 1
116 195 0 1
134 195 0 1
135 195 0 1
139 195 0 1
141 195 0 1
142 195 0 1
21 196 0 1
40 196 0 1
52 196 0 1
134 196 0 1
141 196 0 1
21 197 0 1
30 197 0 1
32 197 0 1
33 197 0 1
40 197 0 1
43 197 0 1
51 197 0 1
52 197 0 1
53 197 0 1
61 197 0 1
63 197 0 1
134 197 0 1
135 197 0 1
141 197 0 1
142 197 0 1
30 198 0 1
31 198 0 1
32 198 0 1
33 198 0 1
38 198 0 1
42 198 0 1
43 198 0 1
51 198 0 1
53 198 0 1
56 198 0 1
57 198 0 1
61 198 0 1
63 198 0 1
65 198 0 1
66 198 0 1
135 198 0 1
136 198 0 1
139 198 0 1
145 198 0 1
21 199 0 1
30 199 0 1
32 199 0 1
33 199 0 1
40 199 0 1
43 199 0 1
51 199 0 1
52 199 0 1
53 199 0 1
56 199 0 1
61 199 0 1
63 199 0 1
70 199 0 1
135 199 0 1
139 199 0 1
142 199 0 1
30 200 0 1
31 200 0 1
32 200 0 1
33 200 0 1
42 200 0 1
43 200 0 1
51 200 0 1
52 200 0 1
53 200 0 1
56 200 0 1
61 200 0 1
63 200 0 1
135 200 0 1
136 200 0 1
139 200 0 1
21 201 0 1
30 201 0 1
32 201 0 1
33 201 0 1
40 201 0 1
43 201 0 1
51 201 0 1
52 201 0 1
53 201 0 1
63 201 0 1
70 201 0 1
72 201 0 1
134 201 0 1
135 201 0 1
139 201 0 1
141 201 0 1
142 201 0 1
21 202 0 1
30 202 0 1
32 202 0 1
33 202 0 1
40 202 0 1
43 202 0 1
51 202 0 1
52 202 0 1
53 202 0 1
61 202 0 1
63 202 0 1
70 202 0 1
73 202 0 1
134 202 0 1
135 202 0 1
139 202 0 1
141 202 0 1
142 202 0 1
30 203 0 1
31 203 0 1
32 203 0 1
33 203 0 1
42 203 0 1
43 203 0 1
51 203 0 1
52 203 0 1
53 203 0 1
56 203 0 1
61 203 0 1
63 203 0 1
135 203 0 1
136 203 0 1
139 203 0 1
145 203 0 1
30 204 0 1
31 204 0 1
32 204 0 1
33 204 0 1
38 204 0 1
42 204 0 1
43 204 0 1
51 204 0 1
52 204 0 1
53 204 0 1
56 204 0 1
57 204 0 1
58 204 0 1
61 204 0 1
63 204 0 1
65 204 0 1
66 204 0 1
70 204 0 1
75 204 0 1
77 204 0 1
79 204 0 1
122 204 0 1
135 204 0 1
136 204 0 1
139 204 0 1
145 204 0 1
146 204 0 1
52 205 0 1
70 205 0 1
72 205 0 1
73 205 0 1
76 205 0 1
86 205 0 1
92 205 0 1
93 205 0 1
107 205 0 1
114 205 0 1
115 205 0 1
116 205 0 1
128 205 0 1
130 205 0 1
134 205 0 1
141 205 0 1
142 205 0 1
52 206 0 1
70 206 0 1
72 206 0 1
73 206 0 1
76 206 0 1
86 206 0 1
92 206 0 1
93 206 0 1
94 206 0 1
98 206 0 1
107 206 0 1
108 206 0 1
114 206 0 1
115 206 0 1
116 206 0 1
125 206 0 1
128 206 0 1
130 206 0 1
134 206 0 1
141 206 0 1
142 206 0 1
52 207 0 1
53 207 0 1
70 207 0 1
72 207 0 1
73 207 0 1
76 207 0 1
86 207 0 1
92 207 0 1
93 207 0 1
94 207 0 1
95 207 0 1
96 207 0 1
97 207 0 1
98 207 0 1
99 207 0 1
101 207 0 1
107 207 0 1
108 207 0 1
109 207 0 1
114 207 0 1
115 207 0 1
116 207 0 1
122 207 0 1
125 207 0 1
128 207 0 1
130 207 0 1
133 207 0 1
134 207 0 1
135 207 0 1
139 207 0 1
141 207 0 1
142 207 0 1
2 208 0 1
60 208 0 1
71 208 0 1
74 208 0 1
82 208 0 1
83 208 0 1
84 208 0 1
91 208 0 1
105 208 0 1
111 208 0 1
117 208 0 1
118 208 0 1
120 208 0 1
121 208 0 1
123 208 0 1
126 208 0 1
127 208 0 1
137 208 0 1
138 208 0 1
140 208 0 1
144 208 0 1
147 208 0 1
70 209 0 1
72 209 0 1
73 209 0 1
76 209 0 1
77 209 0 1
86 209 0 1
89 209 0 1
90 209 0 1
92 209 0 1
93 209 0 1
94 209 0 1
95 209 0 1
96 209 0 1
98 209 0 1
99 209 0 1
101 209 0 1
102 209 0 1
103 209 0 1
104 209 0 1
107 209 0 1
108 209 0 1
109 209 0 1
115 209 0 1
116 209 0 1
122 209 0 1
125 209 0 1
128 209 0 1
130 209 0 1
133 209 0 1
135 209 0 1
139 209 0 1
142 209 0 1
2 210 0 1
54 210 0 1
55 210 0 1
56 210 0 1
57 210 0 1
58 210 0 1
59 210 0 1
65 210 0 1
66 210 0 1
74 210 0 1
75 210 0 1
77 210 0 1
78 210 0 1
79 210 0 1
80 210 0 1
81 210 0 1
85 210 0 1
87 210 0 1
88 210 0 1
89 210 0 1
90 210 0 1
106 210 0 1
110 210 0 1
119 210 0 1
120 210 0 1
122 210 0 1
124 210 0 1
129 210 0 1
131 210 0 1
132 210 0 1
136 210 0 1
137 210 0 1
143 210 0 1
145 210 0 1
146 210 0 1
148 210 0 1
51 211 0 1
52 211 0 1
53 211 0 1
56 211 0 1
61 211 0 1
63 211 0 1
70 211 0 1
72 211 0 1
73 211 0 1
75 211 0 1
76 211 0 1
77 211 0 1
86 211 0 1
89 211 0 1
93 211 0 1
94 211 0 1
95 211 0 1
108 211 0 1
109 211 0 1
116 211 0 1
122 211 0 1
125 211 0 1
128 211 0 1
130 211 0 1
133 211 0 1
135 211 0 1
139 211 0 1
141 211 0 1
142 211 0 1
51 212 0 1
52 212 0 1
53 212 0 1
56 212 0 1
61 212 0 1
63 212 0 1
70 212 0 1
72 212 0 1
73 212 0 1
75 212 0 1
76 212 0 1
77 212 0 1
79 212 0 1
80 212 0 1
86 212 0 1
89 212 0 1
90 212 0 1
93 212 0 1
94 212 0 1
95 212 0 1
104 212 0 1
108 212 0 1
109 212 0 1
119 212 0 1
122 212 0 1
125 212 0 1
129 212 0 1
131 212 0 1
133 212 0 1
135 212 0 1
136 212 0 1
139 212 0 1
142 212 0 1
145 212 0 1
51 213 0 1
52 213 0 1
53 213 0 1
56 213 0 1
63 213 0 1
70 213 0 1
72 213 0 1
73 213 0 1
75 213 0 1
76 213 0 1
77 213 0 1
79 213 0 1
86 213 0 1
89 213 0 1
90 213 0 1
93 213 0 1
94 213 0 1
95 213 0 1
96 213 0 1
102 213 0 1
103 213 0 1
104 213 0 1
108 213 0 1
109 213 0 1
116 213 0 1
119 213 0 1
122 213 0 1
125 213 0 1
129 213 0 1
131 213 0 1
133 213 0 1
135 213 0 1
136 213 0 1
139 213 0 1
142 213 0 1
145 213 0 1
51 214 0 1
52 214 0 1
53 214 0 1
56 214 0 1
63 214 0 1
70 214 0 1
72 214 0 1
73 214 0 1
76 214 0 1
77 214 0 1
86 214 0 1
89 214 0 1
90 214 0 1
92 214 0 1
93 214 0 1
94 214 0 1
95 214 0 1
96 214 0 1
99 214 0 1
104 214 0 1
107 214 0 1
108 214 0 1
109 214 0 1
115 214 0 1
116 214 0 1
122 214 0 1
125 214 0 1
128 214 0 1
130 214 0 1
133 214 0 1
135 214 0 1
139 214 0 1
141 214 0 1
142 214 0 1
2 215 0 1
56 215 0 1
57 215 0 1
58 215 0 1
65 215 0 1
75 215 0 1
77 215 0 1
78 215 0 1
79 215 0 1
80 215 0 1
81 215 0 1
85 215 0 1
87 215 0 1
88 215 0 1
89 215 0 1
90 215 0 1
102 215 0 1
104 215 0 1
106 215 0 1
109 215 0 1
110 215 0 1
119 215 0 1
122 215 0 1
124 215 0 1
129 215 0 1
131 215 0 1
132 215 0 1
133 215 0 1
135 215 0 1
136 215 0 1
139 215 0 1
145 215 0 1
146 215 0 1
2 216 0 1
71 216 0 1
74 216 0 1
82 216 0 1
83 216 0 1
84 216 0 1
88 216 0 1
91 216 0 1
105 216 0 1
111 216 0 1
112 216 0 1
113 216 0 1
117 216 0 1
118 216 0 1
120 216 0 1
121 216 0 1
123 216 0 1
126 216 0 1
127 216 0 1
144 216 0 1
147 216 0 1
2 217 0 1
82 217 0 1
83 217 0 1
84 217 0 1
85 217 0 1
87 217 0 1
88 217 0 1
91 217 0 1
100 217 0 1
105 217 0 1
106 217 0 1
110 217 0 1
111 217 0 1
112 217 0 1
113 217 0 1
120 217 0 1
121 217 0 1
123 217 0 1
124 217 0 1
126 217 0 1
127 217 0 1
132 217 0 1
71 218 0 1
82 218 0 1
83 218 0 1
84 218 0 1
91 218 0 1
105 218 0 1
111 218 0 1
113 218 0 1
117 218 0 1
118 218 0 1
121 218 0 1
123 218 0 1
126 218 0 1
127 218 0 1
2 219 0 1
71 219 0 1
82 219 0 1
83 219 0 1
84 219 0 1
88 219 0 1
91 219 0 1
105 219 0 1
111 219 0 1
112 219 0 1
113 219 0 1
117 219 0 1
118 219 0 1
120 219 0 1
121 219 0 1
123 219 0 1
126 219 0 1
127 219 0 1
2 220 0 1
82 220 0 1
83 220 0 1
84 220 0 1
88 220 0 1
91 220 0 1
100 220 0 1
105 220 0 1
106 220 0 1
110 220 0 1
111 220 0 1
112 220 0 1
113 220 0 1
117 220 0 1
118 220 0 1
120 220 0 1
121 220 0 1
123 220 0 1
126 220 0 1
127 220 0 1
2 221 0 1
71 221 0 1
74 221 0 1
78 221 0 1
81 221 0 1
82 221 0 1
83 221 0 1
84 221 0 1
85 221 0 1
87 221 0 1
88 221 0 1
91 221 0 1
100 221 0 1
105 221 0 1
106 221 0 1
110 221 0 1
111 221 0 1
112 221 0 1
113 221 0 1
118 221 0 1
120 221 0 1
121 221 0 1
123 221 0 1
124 221 0 1
126 221 0 1
127 221 0 1
132 221 0 1
148 221 0 1
71 222 0 1
82 222 0 1
83 222 0 1
84 222 0 1
91 222 0 1
105 222 0 1
111 222 0 1
113 222 0 1
117 222 0 1
118 222 0 1
120 222 0 1
121 222 0 1
123 222 0 1
126 222 0 1
127 222 0 1
2 223 0 1
71 223 0 1
74 223 0 1
78 223 0 1
82 223 0 1
83 223 0 1
84 223 0 1
85 223 0 1
88 223 0 1
91 223 0 1
100 223 0 1
105 223 0 1
106 223 0 1
110 223 0 1
111 223 0 1
112 223 0 1
113 223 0 1
117 223 0 1
118 223 0 1
120 223 0 1
121 223 0 1
123 223 0 1
126 223 0 1
127 223 0 1
147 223 0 1
2 224 0 1
71 224 0 1
74 224 0 1
78 224 0 1
82 224 0 1
83 224 0 1
84 224 0 1
85 224 0 1
87 224 0 1
88 224 0 1
91 224 0 1
100 224 0 1
105 224 0 1
106 224 0 1
110 224 0 1
111 224 0 1
112 224 0 1
113 224 0 1
117 224 0 1
118 224 0 1
120 224 0 1
121 224 0 1
123 224 0 1
124 224 0 1
126 224 0 1
127 224 0 1
132 224 0 1
51 225 0 1
52 225 0 1
53 225 0 1
56 225 0 1
57 225 0 1
61 225 0 1
63 225 0 1
70 225 0 1
72 225 0 1
73 225 0 1
75 225 0 1
76 225 0 1
77 225 0 1
79 225 0 1
80 225 0 1
89 225 0 1
90 225 0 1
119 225 0 1
122 225 0 1
125 225 0 1
129 225 0 1
131 225 0 1
133 225 0 1
135 225 0 1
136 225 0 1
139 225 0 1
145 225 0 1
146 225 0 1
2 226 0 1
54 226 0 1
55 226 0 1
57 226 0 1
58 226 0 1
59 226 0 1
65 226 0 1
66 226 0 1
67 226 0 1
74 226 0 1
75 226 0 1
78 226 0 1
79 226 0 1
80 226 0 1
81 226 0 1
85 226 0 1
87 226 0 1
88 226 0 1
110 226 0 1
119 226 0 1
120 226 0 1
121 226 0 1
123 226 0 1
124 226 0 1
126 226 0 1
127 226 0 1
129 226 0 1
131 226 0 1
132 226 0 1
136 226 0 1
137 226 0 1
138 226 0 1
140 226 0 1
143 226 0 1
145 226 0 1
146 226 0 1
147 226 0 1
148 226 0 1
52 227 0 1
70 227 0 1
72 227 0 1
73 227 0 1
76 227 0 1
86 227 0 1
92 227 0 1
115 227 0 1
116 227 0 1
125 227 0 1
128 227 0 1
130 227 0 1
134 227 0 1
141 227 0 1
142 227 0 1
51 228 0 1
52 228 0 1
53 228 0 1
70 228 0 1
72 228 0 1
73 228 0 1
76 228 0 1
86 228 0 1
92 228 0 1
115 228 0 1
116 228 0 1
125 228 0 1
128 228 0 1
130 228 0 1
134 228 0 1
135 228 0 1
139 228 0 1
141 228 0 1
142 228 0 1
30 229 0 1
51 229 0 1
52 229 0 1
53 229 0 1
56 229 0 1
61 229 0 1
63 229 0 1
70 229 0 1
72 229 0 1
73 229 0 1
75 229 0 1
76 229 0 1
77 229 0 1
79 229 0 1
86 229 0 1
89 229 0 1
90 229 0 1
119 229 0 1
122 229 0 1
125 229 0 1
131 229 0 1
133 229 0 1
135 229 0 1
136 229 0 1
139 229 0 1
142 229 0 1
145 229 0 1
52 230 0 1
70 230 0 1
72 230 0 1
73 230 0 1
76 230 0 1
86 230 0 1
92 230 0 1
93 230 0 1
115 230 0 1
116 230 0 1
125 230 0 1
128 230 0 1
130 230 0 1
134 230 0 1
135 230 0 1
141 230 0 1
142 230 0 1
52 231 0 1
70 231 0 1
72 231 0 1
73 231 0 1
76 231 0 1
86 231 0 1
92 231 0 1
115 231 0 1
116 231 0 1
128 231 0 1
130 231 0 1
134 231 0 1
141 231 0 1
142 231 0 1
2 232 0 1
51 232 0 1
53 232 0 1
55 232 0 1
56 232 0 1
57 232 0 1
58 232 0 1
61 232 0 1
63 232 0 1
65 232 0 1
66 232 0 1
75 232 0 1
77 232 0 1
79 232 0 1
80 232 0 1
81 232 0 1
85 232 0 1
87 232 0 1
89 232 0 1
90 232 0 1
119 232 0 1
122 232 0 1
124 232 0 1
129 232 0 1
131 232 0 1
132 232 0 1
133 232 0 1
135 232 0 1
136 232 0 1
139 232 0 1
145 232 0 1
146 232 0 1
2 233 0 1
31 233 0 1
34 233 0 1
35 233 0 1
36 233 0 1
37 233 0 1
38 233 0 1
42 233 0 1
44 233 0 1
54 233 0 1
55 233 0 1
56 233 0 1
57 233 0 1
58 233 0 1
59 233 0 1
65 233 0 1
66 233 0 1
67 233 0 1
69 233 0 1
74 233 0 1
75 233 0 1
78 233 0 1
79 233 0 1
80 233 0 1
81 233 0 1
124 233 0 1
136 233 0 1
137 233 0 1
138 233 0 1
140 233 0 1
143 233 0 1
145 233 0 1
146 233 0 1
148 233 0 1
30 234 0 1
31 234 0 1
33 234 0 1
42 234 0 1
51 234 0 1
53 234 0 1
55 234 0 1
56 234 0 1
57 234 0 1
58 234 0 1
61 234 0 1
63 234 0 1
65 234 0 1
66 234 0 1
70 234 0 1
75 234 0 1
77 234 0 1
79 234 0 1
80 234 0 1
81 234 0 1
119 234 0 1
122 234 0 1
135 234 0 1
136 234 0 1
139 234 0 1
145 234 0 1
146 234 0 1
30 235 0 1
40 235 0 1
51 235 0 1
52 235 0 1
53 235 0 1
70 235 0 1
72 235 0 1
73 235 0 1
76 235 0 1
115 235 0 1
116 235 0 1
130 235 0 1
134 235 0 1
135 235 0 1
141 235 0 1
142 235 0 1
40 236 0 1
52 236 0 1
72 236 0 1
76 236 0 1
115 236 0 1
116 236 0 1
128 236 0 1
130 236 0 1
134 236 0 1
141 236 0 1
142 236 0 1
30 237 0 1
32 237 0 1
33 237 0 1
40 237 0 1
43 237 0 1
51 237 0 1
52 237 0 1
53 237 0 1
56 237 0 1
61 237 0 1
63 237 0 1
70 237 0 1
72 237 0 1
73 237 0 1
76 237 0 1
122 237 0 1
125 237 0 1
134 237 0 1
135 237 0 1
139 237 0 1
141 237 0 1
142 237 0 1
40 238 0 1
52 238 0 1
70 238 0 1
72 238 0 1
73 238 0 1
76 238 0 1
115 238 0 1
116 238 0 1
128 238 0 1
134 238 0 1
141 238 0 1
142 238 0 1
30 239 0 1
31 239 0 1
51 239 0 1
53 239 0 1
56 239 0 1
57 239 0 1
58 239 0 1
61 239 0 1
63 239 0 1
65 239 0 1
66 239 0 1
70 239 0 1
73 239 0 1
75 239 0 1
77 239 0 1
79 239 0 1
80 239 0 1
81 239 0 1
89 239 0 1
119 239 0 1
122 239 0 1
129 239 0 1
131 239 0 1
135 239 0 1
136 239 0 1
139 239 0 1
145 239 0 1
146 239 0 1
40 240 0 1
52 240 0 1
70 240 0 1
72 240 0 1
73 240 0 1
76 240 0 1
115 240 0 1
116 240 0 1
128 240 0 1
130 240 0 1
134 240 0 1
135 240 0 1
141 240 0 1
142 240 0 1
1 241 0 1
11 241 0 1
13 241 0 1
18 241 0 1
20 241 0 1
25 241 0 1
26 241 0 1
30 241 0 1
31 241 0 1
32 241 0 1
33 241 0 1
36 241 0 1
37 241 0 1
38 241 0 1
42 241 0 1
43 241 0 1
61 241 0 1
66 241 0 1
21 242 0 1
30 242 0 1
31 242 0 1
32 242 0 1
33 242 0 1
38 242 0 1
42 242 0 1
43 242 0 1
51 242 0 1
53 242 0 1
61 242 0 1
63 242 0 1
21 243 0 1
40 243 0 1
18 244 0 1
20 244 0 1
25 244 0 1
26 244 0 1
31 244 0 1
35 244 0 1
36 244 0 1
37 244 0 1
38 244 0 1
42 244 0 1
61 244 0 1
65 244 0 1
66 244 0 1
26 245 0 1
30 245 0 1
31 245 0 1
32 245 0 1
33 245 0 1
38 245 0 1
42 245 0 1
43 245 0 1
51 245 0 1
52 245 0 1
53 245 0 1
56 245 0 1
61 245 0 1
63 245 0 1
65 245 0 1
66 245 0 1
135 245 0 1
136 245 0 1
139 245 0 1
21 246 0 1
40 246 0 1
1 247 0 1
8 247 0 1
10 247 0 1
12 247 0 1
14 247 0 1
15 247 0 1
16 247 0 1
17 247 0 1
18 247 0 1
19 247 0 1
20 247 0 1
22 247 0 1
23 247 0 1
24 247 0 1
25 247 0 1
26 247 0 1
27 247 0 1
28 247 0 1
29 247 0 1
34 247 0 1
35 247 0 1
36 247 0 1
37 247 0 1
39 247 0 1
41 247 0 1
44 247 0 1
45 247 0 1
46 247 0 1
47 247 0 1
48 247 0 1
49 247 0 1
50 247 0 1
1 248 0 1
11 248 0 1
13 248 0 1
26 248 0 1
33 248 0 1
38 248 0 1
42 248 0 1
43 248 0 1
4 249 0 1
5 249 0 1
6 249 0 1
10 249 0 1
14 249 0 1
15 249 0 1
16 249 0 1
17 249 0 1
19 249 0 1
22 249 0 1
23 249 0 1
24 249 0 1
27 249 0 1
28 249 0 1
29 249 0 1
39 249 0 1
41 249 0 1
44 249 0 1
45 249 0 1
47 249 0 1
48 249 0 1
49 249 0 1
50 249 0 1
21 250 0 1
40 250 0 1
1 251 0 1
3 251 0 1
7 251 0 1
8 251 0 1
9 251 0 1
12 251 0 1
13 251 0 1
14 251 0 1
15 251 0 1
16 251 0 1
17 251 0 1
18 251 0 1
19 251 0 1
20 251 0 1
23 251 0 1
24 251 0 1
25 251 0 1
26 251 0 1
27 251 0 1
28 251 0 1
29 251 0 1
36 251 0 1
37 251 0 1
38 251 0 1
39 251 0 1
42 251 0 1
44 251 0 1
45 251 0 1
46 251 0 1
47 251 0 1
48 251 0 1
49 251 0 1
50 251 0 1
21 252 0 1
32 252 0 1
33 252 0 1
40 252 0 1
43 252 0 1
5 253 0 1
10 253 0 1
15 253 0 1
19 253 0 1
22 253 0 1
23 253 0 1
24 253 0 1
27 253 0 1
28 253 0 1
29 253 0 1
34 253 0 1
39 253 0 1
41 253 0 1
44 253 0 1
45 253 0 1
48 253 0 1
49 253 0 1
50 253 0 1
68 253 0 1
21 254 0 1
40 254 0 1
1 255 0 1
11 255 0 1
12 255 0 1
13 255 0 1
17 255 0 1
18 255 0 1
20 255 0 1
25 255 0 1
26 255 0 1
31 255 0 1
36 255 0 1
37 255 0 1
38 255 0 1
42 255 0 1
45 255 0 1
46 255 0 1
47 255 0 1
21 256 0 1
30 256 0 1
32 256 0 1
33 256 0 1
40 256 0 1
43 256 0 1
