1 3 0 0
2 3 0 0
1 4 0 0
3 4 0 0
2 5 0 0
2 6 0 0
5 6 0 0
2 7 0 0
5 7 0 0
6 7 0 0
2 8 0 0
5 8 0 0
6 8 0 0
7 8 0 0
1 9 0 0
3 9 0 0
4 9 0 0
1 10 0 0
3 10 0 0
4 10 0 0
9 10 0 0
1 11 0 0
3 11 0 0
4 11 0 0
9 11 0 0
10 11 0 0
1 12 0 0
2 12 0 0
3 12 0 0
4 12 0 0
9 12 0 0
10 12 0 0
11 12 0 0
2 13 0 0
3 13 0 0
4 13 0 0
7 13 0 0
8 13 0 0
10 13 0 0
11 13 0 0
12 13 0 0
1 14 0 0
2 14 0 0
3 14 0 0
4 14 0 0
9 14 0 0
10 14 0 0
11 14 0 0
12 14 0 0
13 14 0 0
1 15 0 0
3 15 0 0
4 15 0 0
9 15 0 0
10 15 0 0
11 15 0 0
12 15 0 0
13 15 0 0
14 15 0 0
2 16 0 0
3 16 0 0
5 16 0 0
6 16 0 0
7 16 0 0
8 16 0 0
12 16 0 0
13 16 0 0
14 16 0 0
2 17 0 0
5 17 0 0
6 17 0 0
7 17 0 0
8 17 0 0
13 17 0 0
14 17 0 0
16 17 0 0
5 18 0 0
6 18 0 0
7 18 0 0
8 18 0 0
16 18 0 0
17 18 0 0
1 19 0 0
2 19 0 0
3 19 0 0
4 19 0 0
9 19 0 0
10 19 0 0
11 19 0 0
12 19 0 0
13 19 0 0
14 19 0 0
15 19 0 0
16 19 0 0
2 20 0 0
5 20 0 0
6 20 0 0
7 20 0 0
8 20 0 0
16 20 0 0
17 20 0 0
18 20 0 0
2 21 0 0
5 21 0 0
6 21 0 0
7 21 0 0
8 21 0 0
13 21 0 0
16 21 0 0
17 21 0 0
18 21 0 0
20 21 0 0
1 22 0 0
3 22 0 0
4 22 0 0
9 22 0 0
10 22 0 0
11 22 0 0
12 22 0 0
15 22 0 0
19 22 0 0
2 23 0 0
5 23 0 0
6 23 0 0
7 23 0 0
8 23 0 0
13 23 0 0
16 23 0 0
17 23 0 0
18 23 0 0
20 23 0 0
21 23 0 0
1 24 0 0
3 24 0 0
4 24 0 0
9 24 0 0
10 24 0 0
11 24 0 0
12 24 0 0
15 24 0 0
19 24 0 0
22 24 0 0
2 25 0 0
3 25 0 0
4 25 0 0
7 25 0 0
8 25 0 0
11 25 0 0
12 25 0 0
13 25 0 0
14 25 0 0
15 25 0 0
16 25 0 0
17 25 0 0
19 25 0 0
20 25 0 0
21 25 0 0
23 25 0 0
2 26 0 0
3 26 0 0
6 26 0 0
7 26 0 0
8 26 0 0
12 26 0 0
13 26 0 0
14 26 0 0
16 26 0 0
17 26 0 0
19 26 0 0
20 26 0 0
21 26 0 0
23 26 0 0
25 26 0 0
1 27 0 0
3 27 0 0
4 27 0 0
9 27 0 0
10 27 0 0
11 27 0 0
12 27 0 0
13 27 0 0
14 27 0 0
15 27 0 0
19 27 0 0
22 27 0 0
24 27 0 0
25 27 0 0
1 28 0 0
2 28 0 0
3 28 0 0
4 28 0 0
9 28 0 0
10 28 0 0
11 28 0 0
12 28 0 0
13 28 0 0
14 28 0 0
15 28 0 0
19 28 0 0
22 28 0 0
24 28 0 0
25 28 0 0
26 28 0 0
27 28 0 0
2 29 0 0
5 29 0 0
6 29 0 0
7 29 0 0
8 29 0 0
16 29 0 0
17 29 0 0
18 29 0 0
20 29 0 0
21 29 0 0
23 29 0 0
25 29 0 0
26 29 0 0
1 30 0 0
3 30 0 0
4 30 0 0
9 30 0 0
10 30 0 0
11 30 0 0
12 30 0 0
14 30 0 0
15 30 0 0
19 30 0 0
22 30 0 0
24 30 0 0
27 30 0 0
28 30 0 0
5 31 0 0
6 31 0 0
7 31 0 0
8 31 0 0
18 31 0 0
20 31 0 0
21 31 0 0
23 31 0 0
29 31 0 0
2 32 0 0
3 32 0 0
5 32 0 0
6 32 0 0
7 32 0 0
8 32 0 0
13 32 0 0
14 32 0 0
16 32 0 0
17 32 0 0
18 32 0 0
19 32 0 0
20 32 0 0
21 32 0 0
23 32 0 0
25 32 0 0
26 32 0 0
28 32 0 0
29 32 0 0
1 33 0 0
4 33 0 0
9 33 0 0
10 33 0 0
11 33 0 0
15 33 0 0
22 33 0 0
24 33 0 0
27 33 0 0
30 33 0 0
1 34 0 0
3 34 0 0
4 34 0 0
9 34 0 0
10 34 0 0
11 34 0 0
12 34 0 0
14 34 0 0
15 34 0 0
19 34 0 0
22 34 0 0
24 34 0 0
27 34 0 0
28 34 0 0
30 34 0 0
33 34 0 0
2 35 0 0
3 35 0 0
4 35 0 0
5 35 0 0
6 35 0 0
7 35 0 0
8 35 0 0
11 35 0 0
12 35 0 0
13 35 0 0
14 35 0 0
16 35 0 0
17 35 0 0
18 35 0 0
19 35 0 0
20 35 0 0
21 35 0 0
23 35 0 0
25 35 0 0
26 35 0 0
27 35 0 0
28 35 0 0
29 35 0 0
31 35 0 0
32 35 0 0
2 36 0 0
5 36 0 0
6 36 0 0
7 36 0 0
8 36 0 0
13 36 0 0
16 36 0 0
17 36 0 0
18 36 0 0
20 36 0 0
21 36 0 0
23 36 0 0
25 36 0 0
26 36 0 0
29 36 0 0
31 36 0 0
32 36 0 0
35 36 0 0
1 37 0 0
9 37 0 0
10 37 0 0
15 37 0 0
22 37 0 0
24 37 0 0
27 37 0 0
30 37 0 0
33 37 0 0
34 37 0 0
5 38 0 0
18 38 0 0
20 38 0 0
21 38 0 0
23 38 0 0
29 38 0 0
31 38 0 0
35 38 0 0
36 38 0 0
18 39 0 0
20 39 0 0
21 39 0 0
23 39 0 0
29 39 0 0
32 39 0 0
35 39 0 0
36 39 0 0
38 39 0 0
18 40 0 0
20 40 0 0
21 40 0 0
23 40 0 0
29 40 0 0
31 40 0 0
32 40 0 0
35 40 0 0
36 40 0 0
38 40 0 0
39 40 0 0
1 41 0 0
19 41 0 0
22 41 0 0
24 41 0 0
27 41 0 0
28 41 0 0
30 41 0 0
33 41 0 0
34 41 0 0
37 41 0 0
19 42 0 0
25 42 0 0
27 42 0 0
28 42 0 0
32 42 0 0
35 42 0 0
39 42 0 0
41 42 0 0
18 43 0 0
20 43 0 0
21 43 0 0
29 43 0 0
31 43 0 0
36 43 0 0
38 43 0 0
39 43 0 0
40 43 0 0
1 44 0 0
22 44 0 0
30 44 0 0
33 44 0 0
34 44 0 0
37 44 0 0
41 44 0 0
1 45 0 0
22 45 0 0
24 45 0 0
33 45 0 0
37 45 0 0
41 45 0 0
44 45 0 0
5 46 0 0
6 46 0 0
7 46 0 0
8 46 0 0
16 46 0 0
17 46 0 0
18 46 0 0
20 46 0 0
21 46 0 0
23 46 0 0
26 46 0 0
29 46 0 0
31 46 0 0
32 46 0 0
35 46 0 0
36 46 0 0
38 46 0 0
39 46 0 0
40 46 0 0
43 46 0 0
13 47 0 0
14 47 0 0
16 47 0 0
17 47 0 0
19 47 0 0
20 47 0 0
21 47 0 0
23 47 0 0
25 47 0 0
26 47 0 0
28 47 0 0
32 47 0 0
35 47 0 0
36 47 0 0
39 47 0 0
40 47 0 0
42 47 0 0
46 47 0 0
1 48 0 0
4 48 0 0
9 48 0 0
10 48 0 0
11 48 0 0
12 48 0 0
14 48 0 0
15 48 0 0
19 48 0 0
22 48 0 0
24 48 0 0
25 48 0 0
27 48 0 0
28 48 0 0
30 48 0 0
34 48 0 0
35 48 0 0
41 48 0 0
42 48 0 0
44 48 0 0
47 48 0 0
1 49 0 0
9 49 0 0
15 49 0 0
22 49 0 0
24 49 0 0
27 49 0 0
30 49 0 0
33 49 0 0
34 49 0 0
37 49 0 0
41 49 0 0
44 49 0 0
45 49 0 0
48 49 0 0
1 50 0 0
9 50 0 0
10 50 0 0
11 50 0 0
12 50 0 0
15 50 0 0
19 50 0 0
22 50 0 0
24 50 0 0
27 50 0 0
28 50 0 0
30 50 0 0
33 50 0 0
34 50 0 0
37 50 0 0
41 50 0 0
42 50 0 0
44 50 0 0
45 50 0 0
48 50 0 0
49 50 0 0
1 51 0 0
4 51 0 0
9 51 0 0
10 51 0 0
11 51 0 0
12 51 0 0
14 51 0 0
15 51 0 0
19 51 0 0
22 51 0 0
24 51 0 0
27 51 0 0
28 51 0 0
30 51 0 0
33 51 0 0
34 51 0 0
35 51 0 0
37 51 0 0
41 51 0 0
42 51 0 0
44 51 0 0
47 51 0 0
48 51 0 0
49 51 0 0
50 51 0 0
1 52 0 0
37 52 0 0
45 52 0 0
1 53 0 0
33 53 0 0
37 53 0 0
44 53 0 0
45 53 0 0
49 53 0 0
50 53 0 0
52 53 0 0
1 54 0 0
33 54 0 0
37 54 0 0
44 54 0 0
45 54 0 0
49 54 0 0
50 54 0 0
52 54 0 0
53 54 0 0
5 55 0 0
7 55 0 0
8 55 0 0
16 55 0 0
17 55 0 0
18 55 0 0
20 55 0 0
21 55 0 0
23 55 0 0
25 55 0 0
26 55 0 0
29 55 0 0
31 55 0 0
32 55 0 0
35 55 0 0
36 55 0 0
38 55 0 0
39 55 0 0
40 55 0 0
43 55 0 0
46 55 0 0
47 55 0 0
13 56 0 0
16 56 0 0
17 56 0 0
18 56 0 0
19 56 0 0
20 56 0 0
21 56 0 0
23 56 0 0
25 56 0 0
26 56 0 0
29 56 0 0
32 56 0 0
35 56 0 0
36 56 0 0
38 56 0 0
39 56 0 0
40 56 0 0
42 56 0 0
46 56 0 0
47 56 0 0
55 56 0 0
1 57 0 0
22 57 0 0
24 57 0 0
30 57 0 0
33 57 0 0
34 57 0 0
37 57 0 0
41 57 0 0
44 57 0 0
45 57 0 0
49 57 0 0
50 57 0 0
51 57 0 0
52 57 0 0
53 57 0 0
54 57 0 0
1 58 0 0
22 58 0 0
24 58 0 0
30 58 0 0
33 58 0 0
34 58 0 0
37 58 0 0
41 58 0 0
44 58 0 0
45 58 0 0
48 58 0 0
49 58 0 0
50 58 0 0
51 58 0 0
52 58 0 0
53 58 0 0
54 58 0 0
57 58 0 0
13 59 0 0
14 59 0 0
16 59 0 0
17 59 0 0
19 59 0 0
20 59 0 0
21 59 0 0
23 59 0 0
25 59 0 0
26 59 0 0
28 59 0 0
32 59 0 0
35 59 0 0
36 59 0 0
39 59 0 0
40 59 0 0
42 59 0 0
46 59 0 0
47 59 0 0
48 59 0 0
51 59 0 0
55 59 0 0
56 59 0 0
1 60 0 0
22 60 0 0
24 60 0 0
30 60 0 0
33 60 0 0
34 60 0 0
37 60 0 0
41 60 0 0
44 60 0 0
45 60 0 0
48 60 0 0
49 60 0 0
50 60 0 0
51 60 0 0
52 60 0 0
53 60 0 0
54 60 0 0
57 60 0 0
58 60 0 0
1 61 0 0
15 61 0 0
19 61 0 0
22 61 0 0
24 61 0 0
27 61 0 0
28 61 0 0
30 61 0 0
33 61 0 0
34 61 0 0
37 61 0 0
41 61 0 0
42 61 0 0
44 61 0 0
48 61 0 0
49 61 0 0
50 61 0 0
51 61 0 0
57 61 0 0
58 61 0 0
60 61 0 0
16 62 0 0
17 62 0 0
19 62 0 0
20 62 0 0
21 62 0 0
23 62 0 0
25 62 0 0
26 62 0 0
28 62 0 0
32 62 0 0
35 62 0 0
36 62 0 0
39 62 0 0
40 62 0 0
42 62 0 0
46 62 0 0
47 62 0 0
48 62 0 0
51 62 0 0
55 62 0 0
56 62 0 0
59 62 0 0
18 63 0 0
20 63 0 0
21 63 0 0
23 63 0 0
29 63 0 0
32 63 0 0
35 63 0 0
36 63 0 0
38 63 0 0
39 63 0 0
40 63 0 0
42 63 0 0
43 63 0 0
46 63 0 0
47 63 0 0
55 63 0 0
56 63 0 0
59 63 0 0
62 63 0 0
1 64 0 0
22 64 0 0
34 64 0 0
37 64 0 0
41 64 0 0
44 64 0 0
45 64 0 0
48 64 0 0
49 64 0 0
50 64 0 0
51 64 0 0
53 64 0 0
54 64 0 0
57 64 0 0
58 64 0 0
60 64 0 0
61 64 0 0
18 65 0 0
20 65 0 0
21 65 0 0
29 65 0 0
35 65 0 0
36 65 0 0
38 65 0 0
39 65 0 0
40 65 0 0
43 65 0 0
46 65 0 0
47 65 0 0
55 65 0 0
56 65 0 0
59 65 0 0
62 65 0 0
63 65 0 0
1 66 0 0
22 66 0 0
37 66 0 0
41 66 0 0
44 66 0 0
45 66 0 0
49 66 0 0
50 66 0 0
52 66 0 0
53 66 0 0
54 66 0 0
57 66 0 0
58 66 0 0
60 66 0 0
61 66 0 0
64 66 0 0
1 67 0 0
37 67 0 0
44 67 0 0
45 67 0 0
49 67 0 0
50 67 0 0
52 67 0 0
53 67 0 0
54 67 0 0
57 67 0 0
58 67 0 0
60 67 0 0
64 67 0 0
66 67 0 0
38 68 0 0
40 68 0 0
43 68 0 0
46 68 0 0
55 68 0 0
63 68 0 0
65 68 0 0
38 69 0 0
39 69 0 0
40 69 0 0
43 69 0 0
55 69 0 0
63 69 0 0
65 69 0 0
68 69 0 0
39 70 0 0
41 70 0 0
42 70 0 0
47 70 0 0
48 70 0 0
51 70 0 0
56 70 0 0
59 70 0 0
61 70 0 0
62 70 0 0
41 71 0 0
42 71 0 0
48 71 0 0
50 71 0 0
51 71 0 0
59 71 0 0
61 71 0 0
62 71 0 0
64 71 0 0
70 71 0 0
44 72 0 0
45 72 0 0
52 72 0 0
53 72 0 0
54 72 0 0
57 72 0 0
58 72 0 0
60 72 0 0
64 72 0 0
66 72 0 0
67 72 0 0
66 73 0 0
67 73 0 0
72 73 0 0
44 74 0 0
52 74 0 0
53 74 0 0
54 74 0 0
66 74 0 0
67 74 0 0
72 74 0 0
73 74 0 0
52 75 0 0
53 75 0 0
54 75 0 0
66 75 0 0
67 75 0 0
72 75 0 0
73 75 0 0
74 75 0 0
38 76 0 0
39 76 0 0
40 76 0 0
43 76 0 0
46 76 0 0
55 76 0 0
56 76 0 0
62 76 0 0
63 76 0 0
65 76 0 0
68 76 0 0
69 76 0 0
41 77 0 0
44 77 0 0
48 77 0 0
49 77 0 0
50 77 0 0
51 77 0 0
58 77 0 0
60 77 0 0
61 77 0 0
64 77 0 0
66 77 0 0
70 77 0 0
71 77 0 0
44 78 0 0
45 78 0 0
52 78 0 0
53 78 0 0
54 78 0 0
57 78 0 0
58 78 0 0
60 78 0 0
64 78 0 0
66 78 0 0
67 78 0 0
72 78 0 0
73 78 0 0
74 78 0 0
75 78 0 0
41 79 0 0
44 79 0 0
45 79 0 0
49 79 0 0
50 79 0 0
54 79 0 0
57 79 0 0
58 79 0 0
60 79 0 0
61 79 0 0
64 79 0 0
66 79 0 0
67 79 0 0
72 79 0 0
73 79 0 0
74 79 0 0
75 79 0 0
77 79 0 0
78 79 0 0
41 80 0 0
44 80 0 0
49 80 0 0
50 80 0 0
51 80 0 0
57 80 0 0
58 80 0 0
60 80 0 0
61 80 0 0
64 80 0 0
66 80 0 0
67 80 0 0
70 80 0 0
71 80 0 0
72 80 0 0
74 80 0 0
77 80 0 0
78 80 0 0
79 80 0 0
52 81 0 0
66 81 0 0
67 81 0 0
72 81 0 0
73 81 0 0
74 81 0 0
75 81 0 0
78 81 0 0
79 81 0 0
41 82 0 0
44 82 0 0
58 82 0 0
60 82 0 0
64 82 0 0
66 82 0 0
67 82 0 0
72 82 0 0
74 82 0 0
77 82 0 0
78 82 0 0
79 82 0 0
80 82 0 0
39 83 0 0
40 83 0 0
42 83 0 0
55 83 0 0
56 83 0 0
62 83 0 0
63 83 0 0
65 83 0 0
69 83 0 0
70 83 0 0
76 83 0 0
73 84 0 0
74 84 0 0
81 84 0 0
73 86 0 0
74 86 0 0
78 86 0 0
82 86 0 0
84 86 0 0
73 87 0 0
74 87 0 0
75 87 0 0
81 87 0 0
84 87 0 0
86 87 0 0
72 88 0 0
73 88 0 0
74 88 0 0
75 88 0 0
78 88 0 0
81 88 0 0
84 88 0 0
86 88 0 0
87 88 0 0
72 89 0 0
73 89 0 0
74 89 0 0
75 89 0 0
78 89 0 0
81 89 0 0
84 89 0 0
86 89 0 0
87 89 0 0
88 89 0 0
74 90 0 0
77 90 0 0
78 90 0 0
79 90 0 0
80 90 0 0
82 90 0 0
86 90 0 0
89 90 0 0
72 91 0 0
74 91 0 0
78 91 0 0
79 91 0 0
80 91 0 0
82 91 0 0
86 91 0 0
87 91 0 0
88 91 0 0
89 91 0 0
90 91 0 0
73 92 0 0
74 92 0 0
78 92 0 0
79 92 0 0
82 92 0 0
84 92 0 0
86 92 0 0
87 92 0 0
88 92 0 0
89 92 0 0
90 92 0 0
91 92 0 0
93 94 0 0
84 95 0 0
86 95 0 0
87 95 0 0
88 95 0 0
89 95 0 0
93 96 0 0
94 96 0 0
84 97 0 0
87 97 0 0
95 97 0 0
84 98 0 0
86 98 0 0
87 98 0 0
92 98 0 0
95 98 0 0
97 98 0 0
84 99 0 0
86 99 0 0
87 99 0 0
89 99 0 0
95 99 0 0
97 99 0 0
98 99 0 0
93 100 0 0
94 100 0 0
96 100 0 0
84 101 0 0
95 101 0 0
97 101 0 0
98 101 0 0
99 101 0 0
93 102 0 0
94 102 0 0
96 102 0 0
100 102 0 0
94 103 0 0
96 103 0 0
100 103 0 0
102 103 0 0
95 104 0 0
97 104 0 0
98 104 0 0
99 104 0 0
101 104 0 0
95 105 0 0
97 105 0 0
98 105 0 0
99 105 0 0
101 105 0 0
104 105 0 0
95 106 0 0
97 106 0 0
98 106 0 0
99 106 0 0
101 106 0 0
104 106 0 0
105 106 0 0
95 107 0 0
97 107 0 0
98 107 0 0
99 107 0 0
101 107 0 0
104 107 0 0
105 107 0 0
106 107 0 0
95 108 0 0
97 108 0 0
98 108 0 0
99 108 0 0
101 108 0 0
104 108 0 0
105 108 0 0
106 108 0 0
107 108 0 0
95 109 0 0
97 109 0 0
98 109 0 0
99 109 0 0
101 109 0 0
104 109 0 0
105 109 0 0
106 109 0 0
107 109 0 0
108 109 0 0
93 110 0 0
94 110 0 0
96 110 0 0
100 110 0 0
102 110 0 0
84 111 0 0
86 111 0 0
87 111 0 0
88 111 0 0
89 111 0 0
92 111 0 0
95 111 0 0
97 111 0 0
98 111 0 0
99 111 0 0
101 111 0 0
104 111 0 0
106 111 0 0
107 111 0 0
108 111 0 0
109 111 0 0
84 112 0 0
86 112 0 0
87 112 0 0
88 112 0 0
89 112 0 0
91 112 0 0
92 112 0 0
95 112 0 0
97 112 0 0
98 112 0 0
99 112 0 0
101 112 0 0
104 112 0 0
105 112 0 0
106 112 0 0
107 112 0 0
108 112 0 0
109 112 0 0
111 112 0 0
63 113 0 0
65 113 0 0
68 113 0 0
69 113 0 0
76 113 0 0
83 113 0 0
67 114 0 0
72 114 0 0
73 114 0 0
74 114 0 0
75 114 0 0
78 114 0 0
79 114 0 0
81 114 0 0
84 114 0 0
86 114 0 0
87 114 0 0
88 114 0 0
89 114 0 0
91 114 0 0
92 114 0 0
69 115 0 0
70 115 0 0
71 115 0 0
76 115 0 0
83 115 0 0
113 115 0 0
39 116 0 0
62 116 0 0
70 116 0 0
71 116 0 0
76 116 0 0
83 116 0 0
110 116 0 0
113 116 0 0
115 116 0 0
39 117 0 0
63 117 0 0
65 117 0 0
69 117 0 0
76 117 0 0
83 117 0 0
113 117 0 0
115 117 0 0
116 117 0 0
41 118 0 0
44 118 0 0
54 118 0 0
57 118 0 0
58 118 0 0
60 118 0 0
64 118 0 0
66 118 0 0
67 118 0 0
72 118 0 0
73 118 0 0
74 118 0 0
75 118 0 0
77 118 0 0
78 118 0 0
79 118 0 0
80 118 0 0
81 118 0 0
82 118 0 0
86 118 0 0
87 118 0 0
88 118 0 0
89 118 0 0
90 118 0 0
91 118 0 0
92 118 0 0
114 118 0 0
66 119 0 0
72 119 0 0
73 119 0 0
74 119 0 0
75 119 0 0
78 119 0 0
79 119 0 0
80 119 0 0
81 119 0 0
82 119 0 0
84 119 0 0
86 119 0 0
87 119 0 0
88 119 0 0
89 119 0 0
90 119 0 0
91 119 0 0
92 119 0 0
114 119 0 0
118 119 0 0
72 120 0 0
73 120 0 0
74 120 0 0
75 120 0 0
78 120 0 0
79 120 0 0
81 120 0 0
84 120 0 0
86 120 0 0
87 120 0 0
88 120 0 0
89 120 0 0
91 120 0 0
92 120 0 0
114 120 0 0
118 120 0 0
119 120 0 0
72 121 0 0
74 121 0 0
77 121 0 0
78 121 0 0
79 121 0 0
80 121 0 0
82 121 0 0
86 121 0 0
90 121 0 0
91 121 0 0
92 121 0 0
118 121 0 0
119 121 0 0
1 122 0 0
22 122 0 0
37 122 0 0
41 122 0 0
44 122 0 0
45 122 0 0
49 122 0 0
50 122 0 0
51 122 0 0
52 122 0 0
53 122 0 0
54 122 0 0
57 122 0 0
58 122 0 0
60 122 0 0
61 122 0 0
64 122 0 0
66 122 0 0
67 122 0 0
72 122 0 0
74 122 0 0
75 122 0 0
77 122 0 0
78 122 0 0
79 122 0 0
80 122 0 0
82 122 0 0
118 122 0 0
119 122 0 0
18 123 0 0
20 123 0 0
21 123 0 0
29 123 0 0
35 123 0 0
36 123 0 0
38 123 0 0
39 123 0 0
40 123 0 0
43 123 0 0
46 123 0 0
55 123 0 0
56 123 0 0
63 123 0 0
65 123 0 0
68 123 0 0
69 123 0 0
76 123 0 0
83 123 0 0
113 123 0 0
117 123 0 0
1 124 0 0
45 124 0 0
52 124 0 0
53 124 0 0
54 124 0 0
57 124 0 0
58 124 0 0
66 124 0 0
67 124 0 0
72 124 0 0
73 124 0 0
74 124 0 0
75 124 0 0
78 124 0 0
79 124 0 0
81 124 0 0
88 124 0 0
89 124 0 0
114 124 0 0
118 124 0 0
119 124 0 0
120 124 0 0
122 124 0 0
1 125 0 0
41 125 0 0
44 125 0 0
45 125 0 0
49 125 0 0
50 125 0 0
52 125 0 0
53 125 0 0
54 125 0 0
57 125 0 0
58 125 0 0
60 125 0 0
61 125 0 0
64 125 0 0
66 125 0 0
67 125 0 0
72 125 0 0
73 125 0 0
74 125 0 0
75 125 0 0
77 125 0 0
78 125 0 0
79 125 0 0
80 125 0 0
81 125 0 0
82 125 0 0
89 125 0 0
90 125 0 0
91 125 0 0
92 125 0 0
114 125 0 0
118 125 0 0
119 125 0 0
120 125 0 0
121 125 0 0
122 125 0 0
124 125 0 0
1 126 0 0
22 126 0 0
41 126 0 0
44 126 0 0
45 126 0 0
48 126 0 0
49 126 0 0
50 126 0 0
51 126 0 0
53 126 0 0
54 126 0 0
57 126 0 0
58 126 0 0
60 126 0 0
61 126 0 0
64 126 0 0
66 126 0 0
67 126 0 0
72 126 0 0
74 126 0 0
77 126 0 0
78 126 0 0
79 126 0 0
80 126 0 0
82 126 0 0
118 126 0 0
119 126 0 0
121 126 0 0
122 126 0 0
125 126 0 0
1 127 0 0
22 127 0 0
41 127 0 0
44 127 0 0
45 127 0 0
48 127 0 0
49 127 0 0
50 127 0 0
51 127 0 0
54 127 0 0
57 127 0 0
58 127 0 0
60 127 0 0
61 127 0 0
64 127 0 0
66 127 0 0
67 127 0 0
71 127 0 0
72 127 0 0
77 127 0 0
78 127 0 0
79 127 0 0
80 127 0 0
82 127 0 0
118 127 0 0
122 127 0 0
125 127 0 0
126 127 0 0
19 128 0 0
22 128 0 0
41 128 0 0
42 128 0 0
44 128 0 0
48 128 0 0
49 128 0 0
50 128 0 0
51 128 0 0
58 128 0 0
59 128 0 0
60 128 0 0
61 128 0 0
62 128 0 0
64 128 0 0
70 128 0 0
71 128 0 0
77 128 0 0
80 128 0 0
82 128 0 0
118 128 0 0
122 128 0 0
126 128 0 0
127 128 0 0
19 129 0 0
41 129 0 0
42 129 0 0
44 129 0 0
47 129 0 0
48 129 0 0
50 129 0 0
51 129 0 0
59 129 0 0
61 129 0 0
62 129 0 0
64 129 0 0
70 129 0 0
71 129 0 0
77 129 0 0
80 129 0 0
116 129 0 0
126 129 0 0
127 129 0 0
128 129 0 0
21 130 0 0
35 130 0 0
39 130 0 0
40 130 0 0
42 130 0 0
46 130 0 0
47 130 0 0
55 130 0 0
56 130 0 0
59 130 0 0
62 130 0 0
63 130 0 0
65 130 0 0
69 130 0 0
70 130 0 0
71 130 0 0
76 130 0 0
83 130 0 0
113 130 0 0
115 130 0 0
116 130 0 0
117 130 0 0
123 130 0 0
129 130 0 0
21 131 0 0
35 131 0 0
38 131 0 0
39 131 0 0
40 131 0 0
42 131 0 0
43 131 0 0
46 131 0 0
47 131 0 0
55 131 0 0
56 131 0 0
59 131 0 0
62 131 0 0
63 131 0 0
65 131 0 0
68 131 0 0
69 131 0 0
70 131 0 0
76 131 0 0
83 131 0 0
113 131 0 0
115 131 0 0
116 131 0 0
117 131 0 0
123 131 0 0
130 131 0 0
19 132 0 0
35 132 0 0
39 132 0 0
42 132 0 0
47 132 0 0
48 132 0 0
51 132 0 0
56 132 0 0
59 132 0 0
61 132 0 0
62 132 0 0
70 132 0 0
71 132 0 0
77 132 0 0
83 132 0 0
115 132 0 0
116 132 0 0
117 132 0 0
128 132 0 0
129 132 0 0
130 132 0 0
131 132 0 0
19 133 0 0
41 133 0 0
42 133 0 0
44 133 0 0
48 133 0 0
49 133 0 0
50 133 0 0
51 133 0 0
59 133 0 0
60 133 0 0
61 133 0 0
62 133 0 0
64 133 0 0
70 133 0 0
71 133 0 0
77 133 0 0
80 133 0 0
82 133 0 0
116 133 0 0
118 133 0 0
122 133 0 0
126 133 0 0
127 133 0 0
128 133 0 0
129 133 0 0
132 133 0 0
19 134 0 0
41 134 0 0
42 134 0 0
44 134 0 0
48 134 0 0
49 134 0 0
50 134 0 0
51 134 0 0
58 134 0 0
60 134 0 0
61 134 0 0
64 134 0 0
70 134 0 0
71 134 0 0
77 134 0 0
79 134 0 0
80 134 0 0
82 134 0 0
118 134 0 0
122 134 0 0
125 134 0 0
126 134 0 0
127 134 0 0
128 134 0 0
129 134 0 0
132 134 0 0
133 134 0 0
18 135 0 0
38 135 0 0
40 135 0 0
43 135 0 0
46 135 0 0
55 135 0 0
63 135 0 0
65 135 0 0
68 135 0 0
69 135 0 0
76 135 0 0
113 135 0 0
123 135 0 0
131 135 0 0
38 136 0 0
39 136 0 0
40 136 0 0
43 136 0 0
46 136 0 0
55 136 0 0
56 136 0 0
62 136 0 0
63 136 0 0
65 136 0 0
68 136 0 0
69 136 0 0
76 136 0 0
83 136 0 0
113 136 0 0
115 136 0 0
117 136 0 0
123 136 0 0
130 136 0 0
131 136 0 0
135 136 0 0
1 137 0 0
44 137 0 0
45 137 0 0
49 137 0 0
52 137 0 0
53 137 0 0
54 137 0 0
57 137 0 0
58 137 0 0
60 137 0 0
64 137 0 0
66 137 0 0
67 137 0 0
72 137 0 0
73 137 0 0
74 137 0 0
75 137 0 0
78 137 0 0
79 137 0 0
80 137 0 0
81 137 0 0
82 137 0 0
89 137 0 0
114 137 0 0
118 137 0 0
119 137 0 0
120 137 0 0
121 137 0 0
122 137 0 0
124 137 0 0
125 137 0 0
126 137 0 0
127 137 0 0
1 138 0 0
45 138 0 0
52 138 0 0
53 138 0 0
54 138 0 0
66 138 0 0
67 138 0 0
72 138 0 0
73 138 0 0
74 138 0 0
75 138 0 0
78 138 0 0
79 138 0 0
81 138 0 0
88 138 0 0
89 138 0 0
114 138 0 0
118 138 0 0
119 138 0 0
120 138 0 0
122 138 0 0
124 138 0 0
125 138 0 0
137 138 0 0
41 139 0 0
44 139 0 0
45 139 0 0
48 139 0 0
49 139 0 0
50 139 0 0
51 139 0 0
54 139 0 0
57 139 0 0
58 139 0 0
60 139 0 0
61 139 0 0
64 139 0 0
66 139 0 0
67 139 0 0
71 139 0 0
72 139 0 0
74 139 0 0
77 139 0 0
78 139 0 0
79 139 0 0
80 139 0 0
82 139 0 0
90 139 0 0
91 139 0 0
118 139 0 0
119 139 0 0
121 139 0 0
122 139 0 0
125 139 0 0
126 139 0 0
127 139 0 0
128 139 0 0
129 139 0 0
133 139 0 0
134 139 0 0
137 139 0 0
2 140 0 0
5 140 0 0
6 140 0 0
7 140 0 0
8 140 0 0
13 140 0 0
16 140 0 0
17 140 0 0
18 140 0 0
19 140 0 0
20 140 0 0
21 140 0 0
23 140 0 0
25 140 0 0
26 140 0 0
29 140 0 0
32 140 0 0
35 140 0 0
36 140 0 0
38 140 0 0
39 140 0 0
40 140 0 0
42 140 0 0
43 140 0 0
46 140 0 0
47 140 0 0
55 140 0 0
56 140 0 0
59 140 0 0
62 140 0 0
63 140 0 0
65 140 0 0
123 140 0 0
130 140 0 0
131 140 0 0
136 140 0 0
1 141 0 0
9 141 0 0
22 141 0 0
24 141 0 0
30 141 0 0
33 141 0 0
34 141 0 0
37 141 0 0
41 141 0 0
44 141 0 0
45 141 0 0
49 141 0 0
50 141 0 0
52 141 0 0
53 141 0 0
54 141 0 0
57 141 0 0
58 141 0 0
60 141 0 0
61 141 0 0
64 141 0 0
66 141 0 0
67 141 0 0
122 141 0 0
124 141 0 0
125 141 0 0
126 141 0 0
127 141 0 0
137 141 0 0
139 141 0 0
2 142 0 0
3 142 0 0
8 142 0 0
12 142 0 0
13 142 0 0
14 142 0 0
16 142 0 0
17 142 0 0
19 142 0 0
20 142 0 0
21 142 0 0
23 142 0 0
25 142 0 0
26 142 0 0
27 142 0 0
28 142 0 0
32 142 0 0
35 142 0 0
36 142 0 0
39 142 0 0
40 142 0 0
42 142 0 0
46 142 0 0
47 142 0 0
48 142 0 0
51 142 0 0
55 142 0 0
56 142 0 0
59 142 0 0
62 142 0 0
63 142 0 0
129 142 0 0
130 142 0 0
131 142 0 0
132 142 0 0
140 142 0 0
1 143 0 0
3 143 0 0
4 143 0 0
9 143 0 0
10 143 0 0
11 143 0 0
12 143 0 0
13 143 0 0
14 143 0 0
15 143 0 0
19 143 0 0
22 143 0 0
24 143 0 0
25 143 0 0
27 143 0 0
28 143 0 0
30 143 0 0
33 143 0 0
34 143 0 0
35 143 0 0
37 143 0 0
41 143 0 0
42 143 0 0
44 143 0 0
48 143 0 0
49 143 0 0
50 143 0 0
51 143 0 0
57 143 0 0
58 143 0 0
59 143 0 0
60 143 0 0
61 143 0 0
62 143 0 0
64 143 0 0
66 143 0 0
122 143 0 0
126 143 0 0
127 143 0 0
128 143 0 0
129 143 0 0
132 143 0 0
133 143 0 0
134 143 0 0
139 143 0 0
141 143 0 0
142 143 0 0
1 144 0 0
4 144 0 0
9 144 0 0
10 144 0 0
11 144 0 0
15 144 0 0
19 144 0 0
22 144 0 0
24 144 0 0
27 144 0 0
28 144 0 0
30 144 0 0
33 144 0 0
34 144 0 0
37 144 0 0
41 144 0 0
44 144 0 0
45 144 0 0
48 144 0 0
49 144 0 0
50 144 0 0
51 144 0 0
52 144 0 0
53 144 0 0
54 144 0 0
57 144 0 0
58 144 0 0
60 144 0 0
61 144 0 0
64 144 0 0
66 144 0 0
67 144 0 0
122 144 0 0
125 144 0 0
126 144 0 0
127 144 0 0
128 144 0 0
134 144 0 0
139 144 0 0
141 144 0 0
143 144 0 0
1 145 0 0
33 145 0 0
37 145 0 0
45 145 0 0
49 145 0 0
52 145 0 0
53 145 0 0
54 145 0 0
57 145 0 0
58 145 0 0
60 145 0 0
66 145 0 0
67 145 0 0
72 145 0 0
75 145 0 0
122 145 0 0
124 145 0 0
125 145 0 0
137 145 0 0
138 145 0 0
141 145 0 0
144 145 0 0
5 146 0 0
6 146 0 0
7 146 0 0
8 146 0 0
16 146 0 0
17 146 0 0
18 146 0 0
20 146 0 0
21 146 0 0
23 146 0 0
25 146 0 0
26 146 0 0
29 146 0 0
31 146 0 0
32 146 0 0
35 146 0 0
36 146 0 0
38 146 0 0
39 146 0 0
40 146 0 0
43 146 0 0
46 146 0 0
47 146 0 0
55 146 0 0
56 146 0 0
59 146 0 0
62 146 0 0
63 146 0 0
65 146 0 0
76 146 0 0
123 146 0 0
130 146 0 0
131 146 0 0
135 146 0 0
136 146 0 0
140 146 0 0
142 146 0 0
1 147 0 0
3 147 0 0
4 147 0 0
9 147 0 0
10 147 0 0
11 147 0 0
12 147 0 0
13 147 0 0
14 147 0 0
15 147 0 0
19 147 0 0
22 147 0 0
24 147 0 0
25 147 0 0
27 147 0 0
28 147 0 0
30 147 0 0
34 147 0 0
35 147 0 0
41 147 0 0
42 147 0 0
47 147 0 0
48 147 0 0
49 147 0 0
50 147 0 0
51 147 0 0
59 147 0 0
61 147 0 0
62 147 0 0
70 147 0 0
71 147 0 0
127 147 0 0
128 147 0 0
129 147 0 0
132 147 0 0
133 147 0 0
134 147 0 0
142 147 0 0
143 147 0 0
144 147 0 0
2 148 0 0
7 148 0 0
8 148 0 0
13 148 0 0
14 148 0 0
16 148 0 0
17 148 0 0
18 148 0 0
19 148 0 0
20 148 0 0
21 148 0 0
23 148 0 0
25 148 0 0
26 148 0 0
28 148 0 0
29 148 0 0
32 148 0 0
35 148 0 0
36 148 0 0
39 148 0 0
40 148 0 0
42 148 0 0
46 148 0 0
47 148 0 0
55 148 0 0
56 148 0 0
59 148 0 0
62 148 0 0
63 148 0 0
65 148 0 0
123 148 0 0
130 148 0 0
131 148 0 0
132 148 0 0
136 148 0 0
140 148 0 0
142 148 0 0
146 148 0 0
147 148 0 0
2 149 0 0
5 149 0 0
6 149 0 0
7 149 0 0
8 149 0 0
13 149 0 0
16 149 0 0
17 149 0 0
18 149 0 0
20 149 0 0
21 149 0 0
23 149 0 0
25 149 0 0
26 149 0 0
29 149 0 0
31 149 0 0
32 149 0 0
35 149 0 0
36 149 0 0
38 149 0 0
39 149 0 0
40 149 0 0
42 149 0 0
43 149 0 0
46 149 0 0
47 149 0 0
55 149 0 0
56 149 0 0
59 149 0 0
62 149 0 0
63 149 0 0
65 149 0 0
123 149 0 0
130 149 0 0
131 149 0 0
136 149 0 0
140 149 0 0
142 149 0 0
146 149 0 0
148 149 0 0
85 150 0 1
93 150 0 1
94 150 0 1
96 150 0 1
100 150 0 1
102 150 0 1
110 150 0 1
113 150 0 1
117 150 0 1
83 151 0 1
85 151 0 1
93 151 0 1
94 151 0 1
96 151 0 1
100 151 0 1
102 151 0 1
110 151 0 1
113 151 0 1
115 151 0 1
116 151 0 1
117 151 0 1
1 152 0 1
2 152 0 1
3 152 0 1
4 152 0 1
9 152 0 1
10 152 0 1
11 152 0 1
12 152 0 1
13 152 0 1
14 152 0 1
15 152 0 1
19 152 0 1
22 152 0 1
24 152 0 1
25 152 0 1
26 152 0 1
27 152 0 1
28 152 0 1
30 152 0 1
34 152 0 1
35 152 0 1
48 152 0 1
51 152 0 1
142 152 0 1
143 152 0 1
147 152 0 1
1 153 0 1
3 153 0 1
4 153 0 1
9 153 0 1
10 153 0 1
11 153 0 1
12 153 0 1
13 153 0 1
14 153 0 1
15 153 0 1
19 153 0 1
22 153 0 1
24 153 0 1
25 153 0 1
27 153 0 1
28 153 0 1
30 153 0 1
34 153 0 1
35 153 0 1
48 153 0 1
50 153 0 1
51 153 0 1
142 153 0 1
143 153 0 1
144 153 0 1
147 153 0 1
2 154 0 1
3 154 0 1
4 154 0 1
7 154 0 1
8 154 0 1
11 154 0 1
12 154 0 1
13 154 0 1
14 154 0 1
16 154 0 1
17 154 0 1
19 154 0 1
20 154 0 1
21 154 0 1
23 154 0 1
25 154 0 1
26 154 0 1
27 154 0 1
28 154 0 1
32 154 0 1
35 154 0 1
36 154 0 1
39 154 0 1
42 154 0 1
47 154 0 1
48 154 0 1
55 154 0 1
56 154 0 1
59 154 0 1
62 154 0 1
140 154 0 1
142 154 0 1
143 154 0 1
146 154 0 1
147 154 0 1
148 154 0 1
149 154 0 1
1 155 0 1
9 155 0 1
10 155 0 1
11 155 0 1
15 155 0 1
22 155 0 1
24 155 0 1
27 155 0 1
30 155 0 1
33 155 0 1
34 155 0 1
37 155 0 1
41 155 0 1
44 155 0 1
45 155 0 1
48 155 0 1
49 155 0 1
50 155 0 1
51 155 0 1
53 155 0 1
54 155 0 1
57 155 0 1
58 155 0 1
60 155 0 1
61 155 0 1
64 155 0 1
66 155 0 1
67 155 0 1
122 155 0 1
125 155 0 1
126 155 0 1
127 155 0 1
139 155 0 1
141 155 0 1
143 155 0 1
144 155 0 1
145 155 0 1
5 156 0 1
6 156 0 1
7 156 0 1
8 156 0 1
18 156 0 1
20 156 0 1
21 156 0 1
23 156 0 1
29 156 0 1
31 156 0 1
35 156 0 1
36 156 0 1
38 156 0 1
40 156 0 1
43 156 0 1
46 156 0 1
55 156 0 1
63 156 0 1
65 156 0 1
68 156 0 1
123 156 0 1
135 156 0 1
140 156 0 1
146 156 0 1
149 156 0 1
5 157 0 1
6 157 0 1
7 157 0 1
8 157 0 1
17 157 0 1
18 157 0 1
20 157 0 1
21 157 0 1
23 157 0 1
29 157 0 1
31 157 0 1
32 157 0 1
35 157 0 1
36 157 0 1
38 157 0 1
39 157 0 1
40 157 0 1
43 157 0 1
46 157 0 1
55 157 0 1
56 157 0 1
63 157 0 1
65 157 0 1
123 157 0 1
135 157 0 1
136 157 0 1
140 157 0 1
146 157 0 1
148 157 0 1
149 157 0 1
1 158 0 1
33 158 0 1
37 158 0 1
41 158 0 1
44 158 0 1
45 158 0 1
49 158 0 1
50 158 0 1
52 158 0 1
53 158 0 1
54 158 0 1
57 158 0 1
58 158 0 1
60 158 0 1
64 158 0 1
66 158 0 1
67 158 0 1
72 158 0 1
74 158 0 1
75 158 0 1
78 158 0 1
79 158 0 1
81 158 0 1
118 158 0 1
122 158 0 1
124 158 0 1
125 158 0 1
126 158 0 1
127 158 0 1
137 158 0 1
138 158 0 1
139 158 0 1
141 158 0 1
144 158 0 1
145 158 0 1
1 159 0 1
45 159 0 1
52 159 0 1
53 159 0 1
54 159 0 1
57 159 0 1
58 159 0 1
66 159 0 1
67 159 0 1
72 159 0 1
73 159 0 1
74 159 0 1
75 159 0 1
78 159 0 1
79 159 0 1
81 159 0 1
114 159 0 1
118 159 0 1
120 159 0 1
122 159 0 1
124 159 0 1
125 159 0 1
137 159 0 1
138 159 0 1
141 159 0 1
145 159 0 1
5 160 0 1
18 160 0 1
20 160 0 1
21 160 0 1
23 160 0 1
29 160 0 1
31 160 0 1
36 160 0 1
38 160 0 1
40 160 0 1
43 160 0 1
46 160 0 1
55 160 0 1
63 160 0 1
65 160 0 1
68 160 0 1
69 160 0 1
76 160 0 1
123 160 0 1
135 160 0 1
136 160 0 1
146 160 0 1
149 160 0 1
5 161 0 1
6 161 0 1
7 161 0 1
18 161 0 1
20 161 0 1
21 161 0 1
23 161 0 1
29 161 0 1
31 161 0 1
36 161 0 1
38 161 0 1
40 161 0 1
43 161 0 1
46 161 0 1
55 161 0 1
63 161 0 1
65 161 0 1
68 161 0 1
123 161 0 1
135 161 0 1
136 161 0 1
140 161 0 1
146 161 0 1
149 161 0 1
2 162 0 1
6 162 0 1
7 162 0 1
8 162 0 1
13 162 0 1
16 162 0 1
17 162 0 1
18 162 0 1
19 162 0 1
20 162 0 1
21 162 0 1
23 162 0 1
25 162 0 1
26 162 0 1
29 162 0 1
32 162 0 1
35 162 0 1
36 162 0 1
38 162 0 1
39 162 0 1
40 162 0 1
42 162 0 1
43 162 0 1
46 162 0 1
47 162 0 1
55 162 0 1
56 162 0 1
59 162 0 1
62 162 0 1
63 162 0 1
65 162 0 1
123 162 0 1
130 162 0 1
131 162 0 1
132 162 0 1
136 162 0 1
140 162 0 1
142 162 0 1
146 162 0 1
148 162 0 1
149 162 0 1
5 163 0 1
6 163 0 1
7 163 0 1
8 163 0 1
16 163 0 1
17 163 0 1
18 163 0 1
20 163 0 1
21 163 0 1
23 163 0 1
26 163 0 1
29 163 0 1
31 163 0 1
32 163 0 1
35 163 0 1
36 163 0 1
38 163 0 1
39 163 0 1
40 163 0 1
43 163 0 1
46 163 0 1
47 163 0 1
55 163 0 1
56 163 0 1
63 163 0 1
65 163 0 1
68 163 0 1
69 163 0 1
76 163 0 1
123 163 0 1
130 163 0 1
131 163 0 1
135 163 0 1
136 163 0 1
140 163 0 1
146 163 0 1
148 163 0 1
149 163 0 1
5 164 0 1
6 164 0 1
18 164 0 1
20 164 0 1
21 164 0 1
23 164 0 1
29 164 0 1
31 164 0 1
35 164 0 1
36 164 0 1
38 164 0 1
40 164 0 1
43 164 0 1
46 164 0 1
55 164 0 1
63 164 0 1
65 164 0 1
68 164 0 1
123 164 0 1
135 164 0 1
136 164 0 1
140 164 0 1
146 164 0 1
149 164 0 1
1 165 0 1
44 165 0 1
45 165 0 1
52 165 0 1
53 165 0 1
54 165 0 1
57 165 0 1
58 165 0 1
60 165 0 1
66 165 0 1
67 165 0 1
72 165 0 1
73 165 0 1
74 165 0 1
75 165 0 1
78 165 0 1
79 165 0 1
81 165 0 1
82 165 0 1
114 165 0 1
118 165 0 1
119 165 0 1
120 165 0 1
122 165 0 1
124 165 0 1
125 165 0 1
126 165 0 1
137 165 0 1
138 165 0 1
139 165 0 1
141 165 0 1
145 165 0 1
41 166 0 1
44 166 0 1
45 166 0 1
48 166 0 1
49 166 0 1
50 166 0 1
51 166 0 1
57 166 0 1
58 166 0 1
60 166 0 1
61 166 0 1
64 166 0 1
66 166 0 1
67 166 0 1
70 166 0 1
71 166 0 1
72 166 0 1
77 166 0 1
78 166 0 1
79 166 0 1
80 166 0 1
82 166 0 1
118 166 0 1
119 166 0 1
121 166 0 1
122 166 0 1
125 166 0 1
126 166 0 1
127 166 0 1
128 166 0 1
129 166 0 1
133 166 0 1
134 166 0 1
137 166 0 1
139 166 0 1
143 166 0 1
144 166 0 1
19 167 0 1
35 167 0 1
39 167 0 1
42 167 0 1
47 167 0 1
48 167 0 1
51 167 0 1
56 167 0 1
59 167 0 1
62 167 0 1
63 167 0 1
70 167 0 1
71 167 0 1
83 167 0 1
115 167 0 1
116 167 0 1
117 167 0 1
128 167 0 1
129 167 0 1
130 167 0 1
131 167 0 1
132 167 0 1
133 167 0 1
134 167 0 1
142 167 0 1
147 167 0 1
148 167 0 1
39 168 0 1
40 168 0 1
42 168 0 1
43 168 0 1
46 168 0 1
47 168 0 1
55 168 0 1
56 168 0 1
59 168 0 1
62 168 0 1
63 168 0 1
65 168 0 1
68 168 0 1
69 168 0 1
70 168 0 1
76 168 0 1
83 168 0 1
113 168 0 1
115 168 0 1
116 168 0 1
117 168 0 1
123 168 0 1
130 168 0 1
131 168 0 1
132 168 0 1
135 168 0 1
136 168 0 1
140 168 0 1
142 168 0 1
146 168 0 1
148 168 0 1
149 168 0 1
35 169 0 1
39 169 0 1
40 169 0 1
42 169 0 1
47 169 0 1
55 169 0 1
56 169 0 1
59 169 0 1
62 169 0 1
63 169 0 1
65 169 0 1
70 169 0 1
71 169 0 1
76 169 0 1
83 169 0 1
113 169 0 1
115 169 0 1
116 169 0 1
117 169 0 1
129 169 0 1
130 169 0 1
131 169 0 1
132 169 0 1
133 169 0 1
136 169 0 1
140 169 0 1
142 169 0 1
148 169 0 1
149 169 0 1
39 170 0 1
42 170 0 1
47 170 0 1
48 170 0 1
51 170 0 1
55 170 0 1
56 170 0 1
59 170 0 1
62 170 0 1
63 170 0 1
70 170 0 1
71 170 0 1
76 170 0 1
83 170 0 1
115 170 0 1
116 170 0 1
117 170 0 1
128 170 0 1
129 170 0 1
130 170 0 1
131 170 0 1
132 170 0 1
133 170 0 1
134 170 0 1
136 170 0 1
142 170 0 1
147 170 0 1
148 170 0 1
41 171 0 1
42 171 0 1
44 171 0 1
48 171 0 1
50 171 0 1
51 171 0 1
60 171 0 1
61 171 0 1
64 171 0 1
70 171 0 1
71 171 0 1
77 171 0 1
79 171 0 1
80 171 0 1
82 171 0 1
116 171 0 1
118 171 0 1
121 171 0 1
122 171 0 1
125 171 0 1
126 171 0 1
127 171 0 1
128 171 0 1
129 171 0 1
132 171 0 1
133 171 0 1
134 171 0 1
139 171 0 1
143 171 0 1
147 171 0 1
18 172 0 1
20 172 0 1
29 172 0 1
31 172 0 1
38 172 0 1
40 172 0 1
43 172 0 1
46 172 0 1
55 172 0 1
63 172 0 1
65 172 0 1
68 172 0 1
69 172 0 1
76 172 0 1
123 172 0 1
135 172 0 1
136 172 0 1
146 172 0 1
20 173 0 1
21 173 0 1
32 173 0 1
35 173 0 1
36 173 0 1
39 173 0 1
40 173 0 1
42 173 0 1
43 173 0 1
46 173 0 1
47 173 0 1
55 173 0 1
56 173 0 1
59 173 0 1
62 173 0 1
63 173 0 1
65 173 0 1
69 173 0 1
70 173 0 1
76 173 0 1
83 173 0 1
113 173 0 1
115 173 0 1
116 173 0 1
117 173 0 1
123 173 0 1
130 173 0 1
131 173 0 1
132 173 0 1
136 173 0 1
140 173 0 1
142 173 0 1
146 173 0 1
148 173 0 1
149 173 0 1
19 174 0 1
35 174 0 1
39 174 0 1
41 174 0 1
42 174 0 1
47 174 0 1
48 174 0 1
50 174 0 1
51 174 0 1
56 174 0 1
59 174 0 1
61 174 0 1
62 174 0 1
70 174 0 1
71 174 0 1
77 174 0 1
83 174 0 1
115 174 0 1
116 174 0 1
127 174 0 1
128 174 0 1
129 174 0 1
130 174 0 1
131 174 0 1
132 174 0 1
133 174 0 1
134 174 0 1
142 174 0 1
143 174 0 1
147 174 0 1
148 174 0 1
41 175 0 1
44 175 0 1
61 175 0 1
64 175 0 1
70 175 0 1
71 175 0 1
77 175 0 1
79 175 0 1
80 175 0 1
82 175 0 1
90 175 0 1
91 175 0 1
116 175 0 1
118 175 0 1
119 175 0 1
121 175 0 1
122 175 0 1
125 175 0 1
126 175 0 1
127 175 0 1
128 175 0 1
129 175 0 1
132 175 0 1
133 175 0 1
134 175 0 1
139 175 0 1
43 176 0 1
63 176 0 1
65 176 0 1
68 176 0 1
69 176 0 1
76 176 0 1
113 176 0 1
123 176 0 1
131 176 0 1
135 176 0 1
136 176 0 1
41 177 0 1
44 177 0 1
64 177 0 1
66 177 0 1
70 177 0 1
71 177 0 1
77 177 0 1
78 177 0 1
79 177 0 1
80 177 0 1
82 177 0 1
90 177 0 1
91 177 0 1
92 177 0 1
118 177 0 1
119 177 0 1
121 177 0 1
122 177 0 1
125 177 0 1
126 177 0 1
127 177 0 1
128 177 0 1
129 177 0 1
133 177 0 1
134 177 0 1
139 177 0 1
42 178 0 1
70 178 0 1
71 178 0 1
77 178 0 1
80 178 0 1
83 178 0 1
115 178 0 1
116 178 0 1
117 178 0 1
118 178 0 1
127 178 0 1
128 178 0 1
129 178 0 1
132 178 0 1
133 178 0 1
134 178 0 1
139 178 0 1
39 179 0 1
40 179 0 1
43 179 0 1
55 179 0 1
63 179 0 1
65 179 0 1
68 179 0 1
69 179 0 1
76 179 0 1
83 179 0 1
113 179 0 1
115 179 0 1
116 179 0 1
117 179 0 1
123 179 0 1
130 179 0 1
131 179 0 1
135 179 0 1
136 179 0 1
42 180 0 1
70 180 0 1
71 180 0 1
77 180 0 1
83 180 0 1
115 180 0 1
116 180 0 1
117 180 0 1
128 180 0 1
129 180 0 1
130 180 0 1
132 180 0 1
133 180 0 1
134 180 0 1
38 181 0 1
40 181 0 1
43 181 0 1
55 181 0 1
63 181 0 1
65 181 0 1
68 181 0 1
69 181 0 1
76 181 0 1
113 181 0 1
123 181 0 1
131 181 0 1
135 181 0 1
136 181 0 1
38 182 0 1
39 182 0 1
40 182 0 1
43 182 0 1
55 182 0 1
63 182 0 1
65 182 0 1
68 182 0 1
69 182 0 1
76 182 0 1
83 182 0 1
113 182 0 1
117 182 0 1
123 182 0 1
130 182 0 1
131 182 0 1
135 182 0 1
136 182 0 1
41 183 0 1
42 183 0 1
44 183 0 1
48 183 0 1
51 183 0 1
61 183 0 1
64 183 0 1
70 183 0 1
71 183 0 1
77 183 0 1
79 183 0 1
80 183 0 1
82 183 0 1
90 183 0 1
115 183 0 1
116 183 0 1
118 183 0 1
121 183 0 1
122 183 0 1
125 183 0 1
126 183 0 1
127 183 0 1
128 183 0 1
129 183 0 1
132 183 0 1
133 183 0 1
134 183 0 1
139 183 0 1
39 184 0 1
42 184 0 1
47 184 0 1
48 184 0 1
51 184 0 1
56 184 0 1
59 184 0 1
62 184 0 1
70 184 0 1
71 184 0 1
77 184 0 1
83 184 0 1
115 184 0 1
116 184 0 1
117 184 0 1
128 184 0 1
129 184 0 1
130 184 0 1
131 184 0 1
132 184 0 1
133 184 0 1
134 184 0 1
147 184 0 1
41 185 0 1
42 185 0 1
47 185 0 1
48 185 0 1
50 185 0 1
51 185 0 1
59 185 0 1
61 185 0 1
62 185 0 1
70 185 0 1
71 185 0 1
77 185 0 1
80 185 0 1
83 185 0 1
115 185 0 1
116 185 0 1
127 185 0 1
128 185 0 1
129 185 0 1
130 185 0 1
132 185 0 1
133 185 0 1
134 185 0 1
139 185 0 1
147 185 0 1
41 186 0 1
42 186 0 1
48 186 0 1
50 186 0 1
51 186 0 1
61 186 0 1
62 186 0 1
64 186 0 1
70 186 0 1
71 186 0 1
77 186 0 1
80 186 0 1
115 186 0 1
116 186 0 1
118 186 0 1
126 186 0 1
127 186 0 1
128 186 0 1
129 186 0 1
132 186 0 1
133 186 0 1
134 186 0 1
139 186 0 1
147 186 0 1
39 187 0 1
40 187 0 1
43 187 0 1
55 187 0 1
63 187 0 1
65 187 0 1
68 187 0 1
69 187 0 1
76 187 0 1
83 187 0 1
113 187 0 1
115 187 0 1
117 187 0 1
123 187 0 1
130 187 0 1
131 187 0 1
135 187 0 1
136 187 0 1
52 188 0 1
66 188 0 1
67 188 0 1
72 188 0 1
73 188 0 1
74 188 0 1
75 188 0 1
78 188 0 1
79 188 0 1
81 188 0 1
82 188 0 1
84 188 0 1
86 188 0 1
87 188 0 1
88 188 0 1
89 188 0 1
91 188 0 1
92 188 0 1
114 188 0 1
118 188 0 1
119 188 0 1
120 188 0 1
122 188 0 1
124 188 0 1
125 188 0 1
137 188 0 1
138 188 0 1
41 189 0 1
44 189 0 1
61 189 0 1
64 189 0 1
66 189 0 1
70 189 0 1
71 189 0 1
77 189 0 1
79 189 0 1
80 189 0 1
82 189 0 1
90 189 0 1
91 189 0 1
118 189 0 1
119 189 0 1
121 189 0 1
122 189 0 1
125 189 0 1
126 189 0 1
127 189 0 1
128 189 0 1
129 189 0 1
132 189 0 1
133 189 0 1
134 189 0 1
139 189 0 1
39 190 0 1
40 190 0 1
43 190 0 1
55 190 0 1
56 190 0 1
63 190 0 1
65 190 0 1
68 190 0 1
69 190 0 1
76 190 0 1
83 190 0 1
113 190 0 1
115 190 0 1
116 190 0 1
117 190 0 1
123 190 0 1
130 190 0 1
131 190 0 1
135 190 0 1
136 190 0 1
42 191 0 1
62 191 0 1
70 191 0 1
71 191 0 1
77 191 0 1
80 191 0 1
83 191 0 1
115 191 0 1
116 191 0 1
128 191 0 1
129 191 0 1
130 191 0 1
132 191 0 1
133 191 0 1
134 191 0 1
77 192 0 1
78 192 0 1
79 192 0 1
80 192 0 1
82 192 0 1
86 192 0 1
90 192 0 1
91 192 0 1
92 192 0 1
118 192 0 1
119 192 0 1
121 192 0 1
125 192 0 1
127 192 0 1
134 192 0 1
139 192 0 1
71 193 0 1
77 193 0 1
79 193 0 1
80 193 0 1
82 193 0 1
90 193 0 1
91 193 0 1
92 193 0 1
118 193 0 1
119 193 0 1
121 193 0 1
125 193 0 1
133 193 0 1
134 193 0 1
139 193 0 1
68 194 0 1
69 194 0 1
76 194 0 1
83 194 0 1
85 194 0 1
113 194 0 1
117 194 0 1
135 194 0 1
136 194 0 1
68 195 0 1
69 195 0 1
76 195 0 1
85 195 0 1
113 195 0 1
135 195 0 1
136 195 0 1
69 196 0 1
76 196 0 1
83 196 0 1
113 196 0 1
115 196 0 1
116 196 0 1
117 196 0 1
131 196 0 1
136 196 0 1
69 197 0 1
76 197 0 1
83 197 0 1
113 197 0 1
115 197 0 1
116 197 0 1
117 197 0 1
131 197 0 1
136 197 0 1
70 198 0 1
71 198 0 1
77 198 0 1
83 198 0 1
110 198 0 1
115 198 0 1
116 198 0 1
121 198 0 1
73 199 0 1
74 199 0 1
81 199 0 1
84 199 0 1
86 199 0 1
87 199 0 1
88 199 0 1
89 199 0 1
90 199 0 1
91 199 0 1
92 199 0 1
95 199 0 1
97 199 0 1
98 199 0 1
99 199 0 1
101 199 0 1
111 199 0 1
112 199 0 1
114 199 0 1
118 199 0 1
119 199 0 1
120 199 0 1
121 199 0 1
70 200 0 1
71 200 0 1
83 200 0 1
94 200 0 1
100 200 0 1
110 200 0 1
115 200 0 1
116 200 0 1
117 200 0 1
70 201 0 1
71 201 0 1
83 201 0 1
93 201 0 1
94 201 0 1
100 201 0 1
110 201 0 1
113 201 0 1
115 201 0 1
116 201 0 1
117 201 0 1
70 202 0 1
71 202 0 1
83 202 0 1
94 202 0 1
110 202 0 1
115 202 0 1
116 202 0 1
117 202 0 1
70 203 0 1
71 203 0 1
77 203 0 1
80 203 0 1
90 203 0 1
94 203 0 1
100 203 0 1
110 203 0 1
116 203 0 1
118 203 0 1
121 203 0 1
68 204 0 1
69 204 0 1
76 204 0 1
83 204 0 1
85 204 0 1
113 204 0 1
117 204 0 1
77 205 0 1
79 205 0 1
80 205 0 1
82 205 0 1
86 205 0 1
90 205 0 1
91 205 0 1
92 205 0 1
118 205 0 1
119 205 0 1
121 205 0 1
139 205 0 1
77 206 0 1
82 206 0 1
90 206 0 1
91 206 0 1
110 206 0 1
118 206 0 1
121 206 0 1
77 207 0 1
82 207 0 1
86 207 0 1
90 207 0 1
91 207 0 1
92 207 0 1
110 207 0 1
118 207 0 1
119 207 0 1
121 207 0 1
69 208 0 1
76 208 0 1
83 208 0 1
85 208 0 1
113 208 0 1
115 208 0 1
116 208 0 1
117 208 0 1
83 209 0 1
93 209 0 1
94 209 0 1
110 209 0 1
113 209 0 1
115 209 0 1
116 209 0 1
117 209 0 1
67 210 0 1
72 210 0 1
73 210 0 1
74 210 0 1
75 210 0 1
78 210 0 1
79 210 0 1
81 210 0 1
84 210 0 1
86 210 0 1
87 210 0 1
88 210 0 1
89 210 0 1
91 210 0 1
92 210 0 1
114 210 0 1
118 210 0 1
119 210 0 1
120 210 0 1
124 210 0 1
125 210 0 1
137 210 0 1
138 210 0 1
43 211 0 1
68 211 0 1
69 211 0 1
76 211 0 1
85 211 0 1
113 211 0 1
117 211 0 1
123 211 0 1
135 211 0 1
136 211 0 1
64 212 0 1
70 212 0 1
71 212 0 1
77 212 0 1
79 212 0 1
80 212 0 1
82 212 0 1
90 212 0 1
91 212 0 1
92 212 0 1
118 212 0 1
119 212 0 1
121 212 0 1
122 212 0 1
125 212 0 1
126 212 0 1
127 212 0 1
128 212 0 1
129 212 0 1
133 212 0 1
134 212 0 1
139 212 0 1
70 213 0 1
71 213 0 1
77 213 0 1
79 213 0 1
80 213 0 1
82 213 0 1
90 213 0 1
91 213 0 1
116 213 0 1
118 213 0 1
121 213 0 1
126 213 0 1
127 213 0 1
128 213 0 1
129 213 0 1
132 213 0 1
133 213 0 1
134 213 0 1
139 213 0 1
63 214 0 1
68 214 0 1
69 214 0 1
76 214 0 1
83 214 0 1
113 214 0 1
115 214 0 1
116 214 0 1
117 214 0 1
123 214 0 1
130 214 0 1
131 214 0 1
136 214 0 1
70 215 0 1
71 215 0 1
77 215 0 1
80 215 0 1
82 215 0 1
90 215 0 1
110 215 0 1
115 215 0 1
116 215 0 1
118 215 0 1
121 215 0 1
128 215 0 1
129 215 0 1
132 215 0 1
133 215 0 1
134 215 0 1
139 215 0 1
70 216 0 1
71 216 0 1
77 216 0 1
79 216 0 1
80 216 0 1
82 216 0 1
90 216 0 1
91 216 0 1
110 216 0 1
116 216 0 1
118 216 0 1
119 216 0 1
121 216 0 1
125 216 0 1
126 216 0 1
127 216 0 1
128 216 0 1
129 216 0 1
133 216 0 1
134 216 0 1
139 216 0 1
84 217 0 1
86 217 0 1
87 217 0 1
88 217 0 1
89 217 0 1
90 217 0 1
91 217 0 1
92 217 0 1
95 217 0 1
97 217 0 1
98 217 0 1
99 217 0 1
101 217 0 1
107 217 0 1
108 217 0 1
109 217 0 1
111 217 0 1
112 217 0 1
118 217 0 1
119 217 0 1
120 217 0 1
121 217 0 1
83 218 0 1
85 218 0 1
93 218 0 1
113 218 0 1
115 218 0 1
117 218 0 1
93 219 0 1
94 219 0 1
96 219 0 1
100 219 0 1
102 219 0 1
110 219 0 1
115 219 0 1
116 219 0 1
73 220 0 1
74 220 0 1
84 220 0 1
86 220 0 1
87 220 0 1
88 220 0 1
89 220 0 1
90 220 0 1
91 220 0 1
92 220 0 1
95 220 0 1
97 220 0 1
98 220 0 1
99 220 0 1
101 220 0 1
108 220 0 1
111 220 0 1
112 220 0 1
114 220 0 1
118 220 0 1
119 220 0 1
120 220 0 1
82 221 0 1
86 221 0 1
90 221 0 1
91 221 0 1
92 221 0 1
112 221 0 1
118 221 0 1
119 221 0 1
121 221 0 1
85 222 0 1
113 222 0 1
90 223 0 1
94 223 0 1
96 223 0 1
100 223 0 1
102 223 0 1
110 223 0 1
115 223 0 1
116 223 0 1
121 223 0 1
83 224 0 1
85 224 0 1
93 224 0 1
94 224 0 1
113 224 0 1
115 224 0 1
116 224 0 1
117 224 0 1
84 225 0 1
86 225 0 1
87 225 0 1
89 225 0 1
90 225 0 1
91 225 0 1
92 225 0 1
98 225 0 1
112 225 0 1
118 225 0 1
119 225 0 1
120 225 0 1
121 225 0 1
73 226 0 1
74 226 0 1
84 226 0 1
86 226 0 1
87 226 0 1
88 226 0 1
89 226 0 1
90 226 0 1
91 226 0 1
92 226 0 1
95 226 0 1
97 226 0 1
98 226 0 1
99 226 0 1
101 226 0 1
108 226 0 1
111 226 0 1
112 226 0 1
114 226 0 1
118 226 0 1
119 226 0 1
120 226 0 1
121 226 0 1
85 227 0 1
93 228 0 1
94 228 0 1
96 228 0 1
100 228 0 1
102 228 0 1
110 228 0 1
115 228 0 1
116 228 0 1
117 228 0 1
90 229 0 1
91 229 0 1
92 229 0 1
110 229 0 1
118 229 0 1
119 229 0 1
121 229 0 1
86 230 0 1
90 230 0 1
91 230 0 1
92 230 0 1
118 230 0 1
119 230 0 1
121 230 0 1
90 231 0 1
91 231 0 1
100 231 0 1
110 231 0 1
118 231 0 1
121 231 0 1
83 232 0 1
93 232 0 1
94 232 0 1
96 232 0 1
100 232 0 1
102 232 0 1
110 232 0 1
113 232 0 1
115 232 0 1
116 232 0 1
117 232 0 1
93 233 0 1
94 233 0 1
96 233 0 1
100 233 0 1
102 233 0 1
110 233 0 1
116 233 0 1
86 234 0 1
90 234 0 1
91 234 0 1
92 234 0 1
118 234 0 1
119 234 0 1
121 234 0 1
86 235 0 1
90 235 0 1
91 235 0 1
92 235 0 1
98 235 0 1
112 235 0 1
118 235 0 1
119 235 0 1
121 235 0 1
84 236 0 1
86 236 0 1
87 236 0 1
88 236 0 1
89 236 0 1
90 236 0 1
91 236 0 1
92 236 0 1
95 236 0 1
97 236 0 1
98 236 0 1
99 236 0 1
101 236 0 1
108 236 0 1
111 236 0 1
112 236 0 1
118 236 0 1
119 236 0 1
120 236 0 1
121 236 0 1
84 237 0 1
86 237 0 1
87 237 0 1
88 237 0 1
89 237 0 1
90 237 0 1
91 237 0 1
92 237 0 1
95 237 0 1
97 237 0 1
98 237 0 1
99 237 0 1
101 237 0 1
107 237 0 1
108 237 0 1
109 237 0 1
111 237 0 1
112 237 0 1
114 237 0 1
118 237 0 1
119 237 0 1
120 237 0 1
86 238 0 1
90 238 0 1
91 238 0 1
92 238 0 1
118 238 0 1
119 238 0 1
121 238 0 1
85 239 0 1
93 239 0 1
86 240 0 1
90 240 0 1
91 240 0 1
92 240 0 1
95 240 0 1
98 240 0 1
99 240 0 1
101 240 0 1
105 240 0 1
106 240 0 1
107 240 0 1
108 240 0 1
109 240 0 1
112 240 0 1
94 241 0 1
100 241 0 1
102 241 0 1
103 241 0 1
110 241 0 1
84 242 0 1
86 242 0 1
87 242 0 1
92 242 0 1
95 242 0 1
97 242 0 1
98 242 0 1
99 242 0 1
101 242 0 1
104 242 0 1
105 242 0 1
106 242 0 1
107 242 0 1
108 242 0 1
109 242 0 1
111 242 0 1
112 242 0 1
85 243 0 1
86 244 0 1
92 244 0 1
95 244 0 1
97 244 0 1
98 244 0 1
99 244 0 1
101 244 0 1
104 244 0 1
105 244 0 1
106 244 0 1
107 244 0 1
108 244 0 1
109 244 0 1
111 244 0 1
112 244 0 1
94 245 0 1
96 245 0 1
100 245 0 1
102 245 0 1
103 245 0 1
110 245 0 1
100 246 0 1
103 246 0 1
110 246 0 1
86 247 0 1
90 247 0 1
98 247 0 1
103 247 0 1
105 247 0 1
108 247 0 1
112 247 0 1
93 248 0 1
94 248 0 1
96 248 0 1
100 248 0 1
102 248 0 1
103 248 0 1
110 248 0 1
85 249 0 1
93 249 0 1
94 250 0 1
96 250 0 1
100 250 0 1
102 250 0 1
103 250 0 1
110 250 0 1
100 251 0 1
103 251 0 1
105 251 0 1
95 252 0 1
97 252 0 1
98 252 0 1
99 252 0 1
101 252 0 1
104 252 0 1
105 252 0 1
106 252 0 1
107 252 0 1
108 252 0 1
109 252 0 1
111 252 0 1
95 253 0 1
97 253 0 1
98 253 0 1
99 253 0 1
101 253 0 1
104 253 0 1
105 253 0 1
106 253 0 1
107 253 0 1
108 253 0 1
109 253 0 1
111 253 0 1
112 253 0 1
95 254 0 1
97 254 0 1
98 254 0 1
99 254 0 1
101 254 0 1
104 254 0 1
105 254 0 1
106 254 0 1
107 254 0 1
108 254 0 1
109 254 0 1
112 254 0 1
93 255 0 1
94 255 0 1
96 255 0 1
100 255 0 1
102 255 0 1
93 256 0 1
94 256 0 1
96 256 0 1
100 256 0 1
102 256 0 1
103 256 0 1
93 257 0 1
94 257 0 1
96 257 0 1
100 257 0 1
102 257 0 1
103 257 0 1
103 258 0 1
105 258 0 1
93 259 0 1
94 259 0 1
96 259 0 1
100 259 0 1
102 259 0 1
93 260 0 1
94 260 0 1
96 260 0 1
100 260 0 1
102 260 0 1
103 260 0 1
110 260 0 1
103 261 0 1
105 261 0 1
98 262 0 1
101 262 0 1
103 262 0 1
104 262 0 1
105 262 0 1
106 262 0 1
107 262 0 1
108 262 0 1
109 262 0 1
112 262 0 1
93 263 0 1
94 263 0 1
96 263 0 1
100 263 0 1
102 263 0 1
110 263 0 1
93 264 0 1
94 264 0 1
96 264 0 1
100 264 0 1
102 264 0 1
103 264 0 1
110 264 0 1
94 265 0 1
96 265 0 1
100 265 0 1
102 265 0 1
103 265 0 1
110 265 0 1
103 266 0 1
105 266 0 1
98 267 0 1
103 267 0 1
105 267 0 1
108 267 0 1
109 267 0 1
93 268 0 1
94 268 0 1
96 268 0 1
100 268 0 1
102 268 0 1
103 268 0 1
93 269 0 1
94 269 0 1
96 269 0 1
100 269 0 1
102 269 0 1
100 270 0 1
103 270 0 1
105 270 0 1
93 271 0 1
94 271 0 1
96 271 0 1
100 271 0 1
102 271 0 1
103 271 0 1
94 272 0 1
96 272 0 1
100 272 0 1
102 272 0 1
103 272 0 1
93 273 0 1
94 273 0 1
96 273 0 1
100 273 0 1
102 273 0 1
110 273 0 1
93 274 0 1
94 274 0 1
96 274 0 1
100 274 0 1
102 274 0 1
103 274 0 1
110 274 0 1
95 275 0 1
97 275 0 1
98 275 0 1
99 275 0 1
101 275 0 1
104 275 0 1
105 275 0 1
106 275 0 1
107 275 0 1
108 275 0 1
109 275 0 1
111 275 0 1
112 275 0 1
100 276 0 1
103 276 0 1
105 276 0 1
103 277 0 1
105 277 0 1
93 278 0 1
94 278 0 1
96 278 0 1
100 278 0 1
102 278 0 1
103 278 0 1
110 278 0 1
98 279 0 1
101 279 0 1
103 279 0 1
105 279 0 1
106 279 0 1
108 279 0 1
109 279 0 1
112 279 0 1
100 280 0 1
102 280 0 1
103 280 0 1
110 280 0 1
98 281 0 1
101 281 0 1
103 281 0 1
105 281 0 1
108 281 0 1
112 281 0 1
85 282 0 1
93 282 0 1
94 282 0 1
96 282 0 1
102 282 0 1
97 283 0 1
98 283 0 1
99 283 0 1
101 283 0 1
104 283 0 1
105 283 0 1
106 283 0 1
107 283 0 1
108 283 0 1
109 283 0 1
112 283 0 1
93 284 0 1
94 284 0 1
96 284 0 1
100 284 0 1
102 284 0 1
103 284 0 1
110 284 0 1
93 285 0 1
94 285 0 1
96 285 0 1
100 285 0 1
102 285 0 1
110 285 0 1
94 286 0 1
96 286 0 1
100 286 0 1
102 286 0 1
103 286 0 1
110 286 0 1
93 287 0 1
94 287 0 1
96 287 0 1
100 287 0 1
102 287 0 1
110 287 0 1
116 287 0 1
84 288 0 1
86 288 0 1
87 288 0 1
88 288 0 1
89 288 0 1
90 288 0 1
91 288 0 1
92 288 0 1
95 288 0 1
97 288 0 1
98 288 0 1
99 288 0 1
101 288 0 1
104 288 0 1
107 288 0 1
108 288 0 1
109 288 0 1
111 288 0 1
112 288 0 1
119 288 0 1
120 288 0 1
86 289 0 1
90 289 0 1
91 289 0 1
92 289 0 1
98 289 0 1
101 289 0 1
103 289 0 1
105 289 0 1
108 289 0 1
112 289 0 1
118 289 0 1
119 289 0 1
121 289 0 1
93 290 0 1
94 290 0 1
96 290 0 1
100 290 0 1
102 290 0 1
103 290 0 1
110 290 0 1
94 291 0 1
96 291 0 1
100 291 0 1
102 291 0 1
103 291 0 1
110 291 0 1
86 292 0 1
90 292 0 1
91 292 0 1
92 292 0 1
94 292 0 1
100 292 0 1
102 292 0 1
103 292 0 1
110 292 0 1
118 292 0 1
121 292 0 1
90 293 0 1
94 293 0 1
100 293 0 1
102 293 0 1
103 293 0 1
110 293 0 1
121 293 0 1
84 294 0 1
86 294 0 1
87 294 0 1
88 294 0 1
89 294 0 1
90 294 0 1
91 294 0 1
92 294 0 1
95 294 0 1
97 294 0 1
98 294 0 1
99 294 0 1
101 294 0 1
104 294 0 1
105 294 0 1
106 294 0 1
107 294 0 1
108 294 0 1
109 294 0 1
111 294 0 1
112 294 0 1
86 295 0 1
87 295 0 1
90 295 0 1
91 295 0 1
92 295 0 1
95 295 0 1
97 295 0 1
98 295 0 1
99 295 0 1
101 295 0 1
105 295 0 1
106 295 0 1
107 295 0 1
108 295 0 1
109 295 0 1
111 295 0 1
112 295 0 1
93 296 0 1
94 296 0 1
96 296 0 1
100 296 0 1
102 296 0 1
103 296 0 1
110 296 0 1
86 297 0 1
90 297 0 1
91 297 0 1
92 297 0 1
103 297 0 1
105 297 0 1
