1 2 0 0
1 3 0 0
2 3 0 0
4 5 0 0
3 6 0 0
3 7 0 0
3 8 0 0
7 8 0 0
3 9 0 0
7 9 0 0
8 9 0 0
4 10 0 0
5 10 0 0
4 11 0 0
5 11 0 0
10 11 0 0
4 12 0 0
5 12 0 0
10 12 0 0
11 12 0 0
3 13 0 0
6 13 0 0
12 14 0 0
13 14 0 0
3 15 0 0
6 15 0 0
8 15 0 0
9 15 0 0
3 16 0 0
6 16 0 0
7 16 0 0
8 16 0 0
9 16 0 0
15 16 0 0
3 17 0 0
6 17 0 0
7 17 0 0
8 17 0 0
9 17 0 0
15 17 0 0
16 17 0 0
3 18 0 0
6 18 0 0
7 18 0 0
8 18 0 0
9 18 0 0
15 18 0 0
16 18 0 0
17 18 0 0
3 19 0 0
6 19 0 0
13 19 0 0
15 19 0 0
16 19 0 0
17 19 0 0
18 19 0 0
3 20 0 0
6 20 0 0
13 20 0 0
14 20 0 0
15 20 0 0
17 20 0 0
19 20 0 0
2 21 0 0
3 21 0 0
6 21 0 0
8 21 0 0
9 21 0 0
15 21 0 0
16 21 0 0
17 21 0 0
18 21 0 0
19 21 0 0
20 21 0 0
3 22 0 0
6 22 0 0
7 22 0 0
8 22 0 0
9 22 0 0
15 22 0 0
16 22 0 0
17 22 0 0
18 22 0 0
19 22 0 0
20 22 0 0
21 22 0 0
3 23 0 0
6 23 0 0
9 23 0 0
15 23 0 0
16 23 0 0
17 23 0 0
18 23 0 0
19 23 0 0
20 23 0 0
21 23 0 0
22 23 0 0
4 24 0 0
5 24 0 0
10 24 0 0
11 24 0 0
12 24 0 0
3 25 0 0
6 25 0 0
9 25 0 0
13 25 0 0
15 25 0 0
16 25 0 0
17 25 0 0
18 25 0 0
19 25 0 0
20 25 0 0
21 25 0 0
22 25 0 0
23 25 0 0
3 26 0 0
6 26 0 0
13 26 0 0
14 26 0 0
19 26 0 0
20 26 0 0
23 26 0 0
25 26 0 0
3 27 0 0
6 27 0 0
13 27 0 0
15 27 0 0
17 27 0 0
19 27 0 0
20 27 0 0
21 27 0 0
22 27 0 0
23 27 0 0
25 27 0 0
26 27 0 0
3 28 0 0
6 28 0 0
13 28 0 0
14 28 0 0
15 28 0 0
19 28 0 0
20 28 0 0
21 28 0 0
22 28 0 0
23 28 0 0
25 28 0 0
26 28 0 0
27 28 0 0
3 29 0 0
6 29 0 0
13 29 0 0
15 29 0 0
16 29 0 0
17 29 0 0
18 29 0 0
19 29 0 0
20 29 0 0
21 29 0 0
22 29 0 0
23 29 0 0
25 29 0 0
26 29 0 0
27 29 0 0
28 29 0 0
3 30 0 0
13 30 0 0
14 30 0 0
20 30 0 0
26 30 0 0
27 30 0 0
28 30 0 0
2 31 0 0
3 31 0 0
7 31 0 0
8 31 0 0
9 31 0 0
15 31 0 0
16 31 0 0
17 31 0 0
18 31 0 0
21 31 0 0
22 31 0 0
23 31 0 0
2 32 0 0
3 32 0 0
6 32 0 0
7 32 0 0
8 32 0 0
9 32 0 0
15 32 0 0
16 32 0 0
17 32 0 0
18 32 0 0
19 32 0 0
20 32 0 0
21 32 0 0
22 32 0 0
23 32 0 0
25 32 0 0
27 32 0 0
29 32 0 0
31 32 0 0
3 33 0 0
6 33 0 0
13 33 0 0
15 33 0 0
16 33 0 0
17 33 0 0
19 33 0 0
20 33 0 0
21 33 0 0
22 33 0 0
23 33 0 0
25 33 0 0
26 33 0 0
27 33 0 0
28 33 0 0
29 33 0 0
30 33 0 0
32 33 0 0
4 34 0 0
5 34 0 0
10 34 0 0
11 34 0 0
12 34 0 0
24 34 0 0
4 35 0 0
5 35 0 0
10 35 0 0
11 35 0 0
12 35 0 0
24 35 0 0
34 35 0 0
13 36 0 0
14 36 0 0
20 36 0 0
26 36 0 0
28 36 0 0
30 36 0 0
1 37 0 0
2 37 0 0
3 37 0 0
7 37 0 0
8 37 0 0
9 37 0 0
16 37 0 0
17 37 0 0
18 37 0 0
21 37 0 0
22 37 0 0
31 37 0 0
32 37 0 0
3 38 0 0
13 38 0 0
14 38 0 0
19 38 0 0
20 38 0 0
26 38 0 0
27 38 0 0
28 38 0 0
30 38 0 0
33 38 0 0
36 38 0 0
3 39 0 0
6 39 0 0
13 39 0 0
14 39 0 0
15 39 0 0
19 39 0 0
20 39 0 0
21 39 0 0
23 39 0 0
25 39 0 0
26 39 0 0
27 39 0 0
28 39 0 0
29 39 0 0
30 39 0 0
33 39 0 0
36 39 0 0
38 39 0 0
2 40 0 0
3 40 0 0
6 40 0 0
7 40 0 0
8 40 0 0
9 40 0 0
15 40 0 0
16 40 0 0
17 40 0 0
18 40 0 0
19 40 0 0
20 40 0 0
21 40 0 0
22 40 0 0
23 40 0 0
25 40 0 0
27 40 0 0
29 40 0 0
31 40 0 0
32 40 0 0
33 40 0 0
37 40 0 0
1 41 0 0
2 41 0 0
3 41 0 0
6 41 0 0
7 41 0 0
8 41 0 0
9 41 0 0
15 41 0 0
16 41 0 0
17 41 0 0
18 41 0 0
21 41 0 0
22 41 0 0
23 41 0 0
25 41 0 0
29 41 0 0
31 41 0 0
32 41 0 0
37 41 0 0
40 41 0 0
4 42 0 0
5 42 0 0
10 42 0 0
11 42 0 0
12 42 0 0
24 42 0 0
34 42 0 0
35 42 0 0
13 43 0 0
14 43 0 0
26 43 0 0
28 43 0 0
30 43 0 0
36 43 0 0
38 43 0 0
39 43 0 0
3 44 0 0
13 44 0 0
14 44 0 0
20 44 0 0
26 44 0 0
27 44 0 0
28 44 0 0
30 44 0 0
33 44 0 0
36 44 0 0
38 44 0 0
39 44 0 0
43 44 0 0
3 45 0 0
6 45 0 0
13 45 0 0
14 45 0 0
19 45 0 0
20 45 0 0
23 45 0 0
25 45 0 0
26 45 0 0
27 45 0 0
28 45 0 0
29 45 0 0
30 45 0 0
33 45 0 0
36 45 0 0
38 45 0 0
39 45 0 0
43 45 0 0
44 45 0 0
3 46 0 0
6 46 0 0
13 46 0 0
14 46 0 0
15 46 0 0
19 46 0 0
20 46 0 0
21 46 0 0
22 46 0 0
23 46 0 0
25 46 0 0
26 46 0 0
27 46 0 0
28 46 0 0
29 46 0 0
30 46 0 0
33 46 0 0
36 46 0 0
38 46 0 0
39 46 0 0
40 46 0 0
43 46 0 0
44 46 0 0
45 46 0 0
3 47 0 0
6 47 0 0
13 47 0 0
15 47 0 0
17 47 0 0
19 47 0 0
20 47 0 0
21 47 0 0
22 47 0 0
23 47 0 0
25 47 0 0
26 47 0 0
27 47 0 0
28 47 0 0
29 47 0 0
30 47 0 0
32 47 0 0
33 47 0 0
38 47 0 0
39 47 0 0
40 47 0 0
44 47 0 0
45 47 0 0
46 47 0 0
1 48 0 0
2 48 0 0
3 48 0 0
7 48 0 0
8 48 0 0
9 48 0 0
16 48 0 0
17 48 0 0
18 48 0 0
21 48 0 0
22 48 0 0
31 48 0 0
32 48 0 0
37 48 0 0
40 48 0 0
41 48 0 0
3 49 0 0
6 49 0 0
13 49 0 0
15 49 0 0
19 49 0 0
20 49 0 0
21 49 0 0
22 49 0 0
23 49 0 0
25 49 0 0
26 49 0 0
27 49 0 0
28 49 0 0
29 49 0 0
30 49 0 0
33 49 0 0
38 49 0 0
39 49 0 0
40 49 0 0
44 49 0 0
45 49 0 0
46 49 0 0
47 49 0 0
24 50 0 0
34 50 0 0
35 50 0 0
42 50 0 0
1 51 0 0
2 51 0 0
3 51 0 0
31 51 0 0
37 51 0 0
41 51 0 0
48 51 0 0
3 52 0 0
28 52 0 0
30 52 0 0
36 52 0 0
38 52 0 0
43 52 0 0
44 52 0 0
45 52 0 0
50 52 0 0
3 53 0 0
13 53 0 0
20 53 0 0
26 53 0 0
28 53 0 0
30 53 0 0
33 53 0 0
36 53 0 0
38 53 0 0
39 53 0 0
43 53 0 0
44 53 0 0
45 53 0 0
46 53 0 0
47 53 0 0
49 53 0 0
52 53 0 0
10 54 0 0
11 54 0 0
12 54 0 0
24 54 0 0
34 54 0 0
35 54 0 0
36 54 0 0
42 54 0 0
43 54 0 0
50 54 0 0
52 54 0 0
5 55 0 0
10 55 0 0
11 55 0 0
12 55 0 0
24 55 0 0
34 55 0 0
35 55 0 0
42 55 0 0
50 55 0 0
54 55 0 0
13 56 0 0
14 56 0 0
26 56 0 0
28 56 0 0
30 56 0 0
35 56 0 0
36 56 0 0
38 56 0 0
43 56 0 0
44 56 0 0
45 56 0 0
50 56 0 0
52 56 0 0
53 56 0 0
54 56 0 0
55 56 0 0
11 57 0 0
12 57 0 0
14 57 0 0
24 57 0 0
30 57 0 0
34 57 0 0
35 57 0 0
36 57 0 0
38 57 0 0
42 57 0 0
43 57 0 0
44 57 0 0
50 57 0 0
52 57 0 0
54 57 0 0
55 57 0 0
56 57 0 0
3 58 0 0
13 58 0 0
14 58 0 0
20 58 0 0
26 58 0 0
27 58 0 0
28 58 0 0
30 58 0 0
33 58 0 0
36 58 0 0
38 58 0 0
39 58 0 0
43 58 0 0
44 58 0 0
45 58 0 0
46 58 0 0
47 58 0 0
49 58 0 0
52 58 0 0
53 58 0 0
56 58 0 0
57 58 0 0
1 59 0 0
2 59 0 0
3 59 0 0
7 59 0 0
8 59 0 0
9 59 0 0
16 59 0 0
17 59 0 0
18 59 0 0
21 59 0 0
22 59 0 0
23 59 0 0
31 59 0 0
32 59 0 0
37 59 0 0
40 59 0 0
41 59 0 0
48 59 0 0
51 59 0 0
4 60 0 0
5 60 0 0
10 60 0 0
11 60 0 0
12 60 0 0
24 60 0 0
34 60 0 0
35 60 0 0
42 60 0 0
43 60 0 0
50 60 0 0
52 60 0 0
54 60 0 0
55 60 0 0
56 60 0 0
57 60 0 0
3 61 0 0
6 61 0 0
13 61 0 0
14 61 0 0
15 61 0 0
19 61 0 0
20 61 0 0
21 61 0 0
23 61 0 0
25 61 0 0
26 61 0 0
27 61 0 0
28 61 0 0
29 61 0 0
30 61 0 0
33 61 0 0
36 61 0 0
38 61 0 0
39 61 0 0
43 61 0 0
44 61 0 0
45 61 0 0
46 61 0 0
47 61 0 0
49 61 0 0
52 61 0 0
53 61 0 0
56 61 0 0
58 61 0 0
30 62 0 0
34 62 0 0
35 62 0 0
36 62 0 0
38 62 0 0
43 62 0 0
44 62 0 0
50 62 0 0
52 62 0 0
53 62 0 0
54 62 0 0
55 62 0 0
56 62 0 0
57 62 0 0
58 62 0 0
60 62 0 0
3 63 0 0
13 63 0 0
14 63 0 0
20 63 0 0
26 63 0 0
27 63 0 0
28 63 0 0
29 63 0 0
30 63 0 0
33 63 0 0
36 63 0 0
38 63 0 0
39 63 0 0
43 63 0 0
44 63 0 0
45 63 0 0
46 63 0 0
47 63 0 0
49 63 0 0
52 63 0 0
53 63 0 0
56 63 0 0
58 63 0 0
61 63 0 0
34 64 0 0
35 64 0 0
42 64 0 0
50 64 0 0
54 64 0 0
55 64 0 0
60 64 0 0
34 65 0 0
35 65 0 0
42 65 0 0
50 65 0 0
54 65 0 0
55 65 0 0
60 65 0 0
62 65 0 0
64 65 0 0
3 66 0 0
39 66 0 0
45 66 0 0
46 66 0 0
47 66 0 0
49 66 0 0
53 66 0 0
58 66 0 0
61 66 0 0
63 66 0 0
2 67 0 0
3 67 0 0
45 67 0 0
46 67 0 0
47 67 0 0
49 67 0 0
53 67 0 0
58 67 0 0
61 67 0 0
63 67 0 0
66 67 0 0
34 68 0 0
35 68 0 0
50 68 0 0
54 68 0 0
55 68 0 0
60 68 0 0
62 68 0 0
64 68 0 0
65 68 0 0
64 69 0 0
65 69 0 0
68 69 0 0
3 70 0 0
53 70 0 0
66 70 0 0
67 70 0 0
2 71 0 0
3 71 0 0
66 71 0 0
67 71 0 0
70 71 0 0
68 72 0 0
69 72 0 0
70 72 0 0
1 73 0 0
2 73 0 0
3 73 0 0
66 73 0 0
67 73 0 0
71 73 0 0
1 74 0 0
2 74 0 0
73 74 0 0
64 75 0 0
65 75 0 0
68 75 0 0
69 75 0 0
72 75 0 0
2 76 0 0
3 76 0 0
66 76 0 0
67 76 0 0
70 76 0 0
71 76 0 0
73 76 0 0
69 77 0 0
70 77 0 0
72 77 0 0
69 78 0 0
70 78 0 0
72 78 0 0
75 78 0 0
77 78 0 0
2 79 0 0
3 79 0 0
67 79 0 0
71 79 0 0
73 79 0 0
74 79 0 0
76 79 0 0
65 80 0 0
68 80 0 0
69 80 0 0
72 80 0 0
75 80 0 0
78 80 0 0
69 81 0 0
70 81 0 0
72 81 0 0
77 81 0 0
78 81 0 0
69 82 0 0
70 82 0 0
72 82 0 0
75 82 0 0
77 82 0 0
78 82 0 0
80 82 0 0
81 82 0 0
64 83 0 0
65 83 0 0
68 83 0 0
69 83 0 0
72 83 0 0
75 83 0 0
77 83 0 0
78 83 0 0
80 83 0 0
82 83 0 0
64 84 0 0
65 84 0 0
68 84 0 0
69 84 0 0
72 84 0 0
75 84 0 0
80 84 0 0
82 84 0 0
83 84 0 0
66 85 0 0
67 85 0 0
69 85 0 0
70 85 0 0
71 85 0 0
72 85 0 0
76 85 0 0
77 85 0 0
78 85 0 0
81 85 0 0
82 85 0 0
1 86 0 0
2 86 0 0
3 86 0 0
73 86 0 0
74 86 0 0
79 86 0 0
1 87 0 0
2 87 0 0
74 87 0 0
86 87 0 0
1 88 0 0
2 88 0 0
3 88 0 0
73 88 0 0
74 88 0 0
76 88 0 0
79 88 0 0
86 88 0 0
87 88 0 0
64 89 0 0
65 89 0 0
68 89 0 0
69 89 0 0
72 89 0 0
75 89 0 0
77 89 0 0
78 89 0 0
80 89 0 0
82 89 0 0
83 89 0 0
84 89 0 0
66 90 0 0
67 90 0 0
70 90 0 0
71 90 0 0
72 90 0 0
76 90 0 0
77 90 0 0
78 90 0 0
79 90 0 0
81 90 0 0
82 90 0 0
85 90 0 0
1 91 0 0
2 91 0 0
3 91 0 0
67 91 0 0
71 91 0 0
73 91 0 0
74 91 0 0
76 91 0 0
79 91 0 0
86 91 0 0
88 91 0 0
70 92 0 0
76 92 0 0
77 92 0 0
78 92 0 0
81 92 0 0
82 92 0 0
85 92 0 0
90 92 0 0
70 93 0 0
71 93 0 0
73 93 0 0
76 93 0 0
79 93 0 0
85 93 0 0
90 93 0 0
91 93 0 0
92 93 0 0
76 95 0 0
79 95 0 0
81 95 0 0
92 95 0 0
93 95 0 0
92 96 0 0
95 96 0 0
92 97 0 0
93 97 0 0
95 97 0 0
96 97 0 0
95 98 0 0
97 98 0 0
92 99 0 0
93 99 0 0
95 99 0 0
96 99 0 0
97 99 0 0
98 99 0 0
79 100 0 0
93 100 0 0
94 100 0 0
95 100 0 0
98 100 0 0
94 101 0 0
98 101 0 0
100 101 0 0
94 103 0 0
95 104 0 0
97 104 0 0
98 104 0 0
100 104 0 0
101 104 0 0
96 105 0 0
99 105 0 0
102 105 0 0
94 106 0 0
98 106 0 0
100 106 0 0
101 106 0 0
103 106 0 0
102 107 0 0
95 108 0 0
96 108 0 0
97 108 0 0
99 108 0 0
105 108 0 0
95 109 0 0
96 109 0 0
97 109 0 0
98 109 0 0
99 109 0 0
104 109 0 0
108 109 0 0
102 110 0 0
105 110 0 0
107 110 0 0
95 111 0 0
96 111 0 0
97 111 0 0
99 111 0 0
105 111 0 0
108 111 0 0
109 111 0 0
95 112 0 0
97 112 0 0
98 112 0 0
99 112 0 0
100 112 0 0
104 112 0 0
109 112 0 0
95 113 0 0
97 113 0 0
98 113 0 0
100 113 0 0
101 113 0 0
104 113 0 0
106 113 0 0
109 113 0 0
112 113 0 0
76 114 0 0
77 114 0 0
81 114 0 0
85 114 0 0
90 114 0 0
92 114 0 0
93 114 0 0
95 114 0 0
96 114 0 0
97 114 0 0
98 114 0 0
99 114 0 0
108 114 0 0
109 114 0 0
1 115 0 0
74 115 0 0
86 115 0 0
87 115 0 0
88 115 0 0
91 115 0 0
94 115 0 0
100 115 0 0
101 115 0 0
106 115 0 0
70 116 0 0
71 116 0 0
76 116 0 0
77 116 0 0
79 116 0 0
81 116 0 0
85 116 0 0
90 116 0 0
92 116 0 0
93 116 0 0
95 116 0 0
96 116 0 0
97 116 0 0
98 116 0 0
99 116 0 0
109 116 0 0
112 116 0 0
114 116 0 0
77 117 0 0
78 117 0 0
81 117 0 0
82 117 0 0
85 117 0 0
90 117 0 0
92 117 0 0
93 117 0 0
95 117 0 0
96 117 0 0
97 117 0 0
99 117 0 0
108 117 0 0
114 117 0 0
116 117 0 0
1 118 0 0
2 118 0 0
73 118 0 0
74 118 0 0
79 118 0 0
86 118 0 0
87 118 0 0
88 118 0 0
91 118 0 0
94 118 0 0
100 118 0 0
101 118 0 0
115 118 0 0
69 119 0 0
72 119 0 0
75 119 0 0
77 119 0 0
78 119 0 0
80 119 0 0
81 119 0 0
82 119 0 0
83 119 0 0
84 119 0 0
89 119 0 0
69 120 0 0
72 120 0 0
75 120 0 0
78 120 0 0
80 120 0 0
82 120 0 0
83 120 0 0
84 120 0 0
89 120 0 0
119 120 0 0
69 121 0 0
70 121 0 0
71 121 0 0
72 121 0 0
77 121 0 0
78 121 0 0
81 121 0 0
82 121 0 0
85 121 0 0
90 121 0 0
92 121 0 0
93 121 0 0
95 121 0 0
99 121 0 0
114 121 0 0
116 121 0 0
117 121 0 0
119 121 0 0
70 122 0 0
71 122 0 0
72 122 0 0
76 122 0 0
77 122 0 0
78 122 0 0
79 122 0 0
81 122 0 0
82 122 0 0
85 122 0 0
90 122 0 0
92 122 0 0
93 122 0 0
95 122 0 0
99 122 0 0
114 122 0 0
116 122 0 0
117 122 0 0
121 122 0 0
1 123 0 0
2 123 0 0
73 123 0 0
74 123 0 0
76 123 0 0
79 123 0 0
86 123 0 0
87 123 0 0
88 123 0 0
91 123 0 0
100 123 0 0
101 123 0 0
115 123 0 0
118 123 0 0
68 124 0 0
69 124 0 0
72 124 0 0
75 124 0 0
77 124 0 0
78 124 0 0
80 124 0 0
81 124 0 0
82 124 0 0
83 124 0 0
84 124 0 0
89 124 0 0
119 124 0 0
120 124 0 0
69 125 0 0
70 125 0 0
72 125 0 0
75 125 0 0
77 125 0 0
78 125 0 0
81 125 0 0
82 125 0 0
83 125 0 0
85 125 0 0
89 125 0 0
90 125 0 0
92 125 0 0
95 125 0 0
99 125 0 0
114 125 0 0
116 125 0 0
117 125 0 0
119 125 0 0
120 125 0 0
121 125 0 0
122 125 0 0
124 125 0 0
69 126 0 0
70 126 0 0
72 126 0 0
77 126 0 0
78 126 0 0
81 126 0 0
82 126 0 0
85 126 0 0
90 126 0 0
92 126 0 0
93 126 0 0
95 126 0 0
96 126 0 0
99 126 0 0
114 126 0 0
116 126 0 0
117 126 0 0
119 126 0 0
121 126 0 0
122 126 0 0
125 126 0 0
2 127 0 0
71 127 0 0
73 127 0 0
74 127 0 0
76 127 0 0
79 127 0 0
86 127 0 0
88 127 0 0
91 127 0 0
93 127 0 0
95 127 0 0
100 127 0 0
101 127 0 0
115 127 0 0
116 127 0 0
118 127 0 0
122 127 0 0
123 127 0 0
1 128 0 0
2 128 0 0
71 128 0 0
73 128 0 0
74 128 0 0
76 128 0 0
79 128 0 0
86 128 0 0
88 128 0 0
91 128 0 0
93 128 0 0
95 128 0 0
100 128 0 0
101 128 0 0
115 128 0 0
116 128 0 0
118 128 0 0
122 128 0 0
123 128 0 0
127 128 0 0
1 129 0 0
2 129 0 0
73 129 0 0
74 129 0 0
79 129 0 0
86 129 0 0
87 129 0 0
88 129 0 0
91 129 0 0
94 129 0 0
100 129 0 0
101 129 0 0
115 129 0 0
118 129 0 0
123 129 0 0
127 129 0 0
128 129 0 0
1 130 0 0
2 130 0 0
73 130 0 0
74 130 0 0
76 130 0 0
79 130 0 0
86 130 0 0
87 130 0 0
88 130 0 0
91 130 0 0
93 130 0 0
94 130 0 0
100 130 0 0
101 130 0 0
115 130 0 0
118 130 0 0
123 130 0 0
127 130 0 0
128 130 0 0
129 130 0 0
3 131 0 0
52 131 0 0
53 131 0 0
58 131 0 0
62 131 0 0
63 131 0 0
66 131 0 0
67 131 0 0
69 131 0 0
70 131 0 0
71 131 0 0
72 131 0 0
77 131 0 0
78 131 0 0
81 131 0 0
82 131 0 0
85 131 0 0
90 131 0 0
121 131 0 0
122 131 0 0
125 131 0 0
126 131 0 0
2 132 0 0
3 132 0 0
53 132 0 0
63 132 0 0
66 132 0 0
67 132 0 0
70 132 0 0
71 132 0 0
73 132 0 0
76 132 0 0
79 132 0 0
85 132 0 0
90 132 0 0
91 132 0 0
93 132 0 0
122 132 0 0
127 132 0 0
131 132 0 0
2 133 0 0
3 133 0 0
53 133 0 0
66 133 0 0
67 133 0 0
70 133 0 0
71 133 0 0
73 133 0 0
76 133 0 0
79 133 0 0
85 133 0 0
90 133 0 0
91 133 0 0
127 133 0 0
132 133 0 0
1 134 0 0
2 134 0 0
3 134 0 0
49 134 0 0
53 134 0 0
59 134 0 0
61 134 0 0
66 134 0 0
67 134 0 0
70 134 0 0
71 134 0 0
73 134 0 0
74 134 0 0
76 134 0 0
79 134 0 0
86 134 0 0
88 134 0 0
90 134 0 0
91 134 0 0
93 134 0 0
118 134 0 0
122 134 0 0
123 134 0 0
127 134 0 0
128 134 0 0
130 134 0 0
132 134 0 0
133 134 0 0
50 135 0 0
55 135 0 0
62 135 0 0
64 135 0 0
65 135 0 0
68 135 0 0
69 135 0 0
72 135 0 0
75 135 0 0
80 135 0 0
82 135 0 0
83 135 0 0
84 135 0 0
89 135 0 0
119 135 0 0
120 135 0 0
124 135 0 0
3 136 0 0
52 136 0 0
53 136 0 0
58 136 0 0
66 136 0 0
67 136 0 0
70 136 0 0
71 136 0 0
72 136 0 0
76 136 0 0
77 136 0 0
78 136 0 0
81 136 0 0
82 136 0 0
85 136 0 0
90 136 0 0
92 136 0 0
121 136 0 0
122 136 0 0
125 136 0 0
126 136 0 0
131 136 0 0
132 136 0 0
133 136 0 0
134 136 0 0
1 137 0 0
2 137 0 0
3 137 0 0
51 137 0 0
59 137 0 0
74 137 0 0
86 137 0 0
87 137 0 0
88 137 0 0
3 138 0 0
52 138 0 0
53 138 0 0
66 138 0 0
67 138 0 0
69 138 0 0
70 138 0 0
71 138 0 0
72 138 0 0
77 138 0 0
78 138 0 0
81 138 0 0
82 138 0 0
85 138 0 0
90 138 0 0
121 138 0 0
122 138 0 0
125 138 0 0
126 138 0 0
131 138 0 0
132 138 0 0
136 138 0 0
3 139 0 0
20 139 0 0
26 139 0 0
28 139 0 0
30 139 0 0
33 139 0 0
36 139 0 0
38 139 0 0
39 139 0 0
43 139 0 0
44 139 0 0
45 139 0 0
46 139 0 0
47 139 0 0
49 139 0 0
52 139 0 0
53 139 0 0
56 139 0 0
58 139 0 0
61 139 0 0
63 139 0 0
66 139 0 0
67 139 0 0
70 139 0 0
71 139 0 0
85 139 0 0
131 139 0 0
132 139 0 0
133 139 0 0
134 139 0 0
136 139 0 0
138 139 0 0
34 140 0 0
35 140 0 0
36 140 0 0
43 140 0 0
44 140 0 0
50 140 0 0
52 140 0 0
54 140 0 0
55 140 0 0
56 140 0 0
57 140 0 0
58 140 0 0
60 140 0 0
62 140 0 0
65 140 0 0
68 140 0 0
69 140 0 0
72 140 0 0
83 140 0 0
131 140 0 0
135 140 0 0
138 140 0 0
2 141 0 0
3 141 0 0
20 141 0 0
21 141 0 0
28 141 0 0
33 141 0 0
38 141 0 0
39 141 0 0
40 141 0 0
44 141 0 0
45 141 0 0
46 141 0 0
47 141 0 0
49 141 0 0
53 141 0 0
58 141 0 0
61 141 0 0
63 141 0 0
66 141 0 0
67 141 0 0
70 141 0 0
71 141 0 0
73 141 0 0
76 141 0 0
79 141 0 0
90 141 0 0
91 141 0 0
132 141 0 0
133 141 0 0
134 141 0 0
136 141 0 0
139 141 0 0
1 142 0 0
2 142 0 0
3 142 0 0
37 142 0 0
41 142 0 0
48 142 0 0
51 142 0 0
59 142 0 0
86 142 0 0
87 142 0 0
137 142 0 0
3 143 0 0
36 143 0 0
38 143 0 0
43 143 0 0
44 143 0 0
45 143 0 0
52 143 0 0
53 143 0 0
56 143 0 0
57 143 0 0
58 143 0 0
61 143 0 0
62 143 0 0
63 143 0 0
66 143 0 0
69 143 0 0
70 143 0 0
72 143 0 0
77 143 0 0
85 143 0 0
90 143 0 0
131 143 0 0
136 143 0 0
138 143 0 0
139 143 0 0
140 143 0 0
1 144 0 0
2 144 0 0
3 144 0 0
21 144 0 0
40 144 0 0
41 144 0 0
47 144 0 0
49 144 0 0
59 144 0 0
66 144 0 0
67 144 0 0
71 144 0 0
73 144 0 0
86 144 0 0
88 144 0 0
91 144 0 0
132 144 0 0
133 144 0 0
134 144 0 0
141 144 0 0
69 145 0 1
72 145 0 1
75 145 0 1
77 145 0 1
78 145 0 1
80 145 0 1
81 145 0 1
82 145 0 1
83 145 0 1
85 145 0 1
89 145 0 1
92 145 0 1
95 145 0 1
96 145 0 1
99 145 0 1
102 145 0 1
105 145 0 1
107 145 0 1
108 145 0 1
110 145 0 1
111 145 0 1
114 145 0 1
117 145 0 1
119 145 0 1
120 145 0 1
121 145 0 1
122 145 0 1
124 145 0 1
125 145 0 1
126 145 0 1
3 146 0 1
6 146 0 1
7 146 0 1
8 146 0 1
9 146 0 1
15 146 0 1
16 146 0 1
17 146 0 1
18 146 0 1
21 146 0 1
22 146 0 1
23 146 0 1
25 146 0 1
29 146 0 1
31 146 0 1
32 146 0 1
37 146 0 1
40 146 0 1
41 146 0 1
48 146 0 1
59 146 0 1
4 147 0 1
5 147 0 1
10 147 0 1
11 147 0 1
12 147 0 1
24 147 0 1
34 147 0 1
35 147 0 1
42 147 0 1
54 147 0 1
55 147 0 1
60 147 0 1
4 148 0 1
5 148 0 1
10 148 0 1
11 148 0 1
12 148 0 1
24 148 0 1
34 148 0 1
35 148 0 1
42 148 0 1
54 148 0 1
55 148 0 1
57 148 0 1
60 148 0 1
11 149 0 1
12 149 0 1
13 149 0 1
14 149 0 1
26 149 0 1
28 149 0 1
30 149 0 1
36 149 0 1
38 149 0 1
43 149 0 1
44 149 0 1
45 149 0 1
56 149 0 1
57 149 0 1
58 149 0 1
3 150 0 1
6 150 0 1
13 150 0 1
15 150 0 1
16 150 0 1
17 150 0 1
18 150 0 1
19 150 0 1
20 150 0 1
21 150 0 1
22 150 0 1
23 150 0 1
25 150 0 1
26 150 0 1
27 150 0 1
28 150 0 1
29 150 0 1
32 150 0 1
33 150 0 1
39 150 0 1
40 150 0 1
45 150 0 1
46 150 0 1
47 150 0 1
49 150 0 1
61 150 0 1
3 151 0 1
6 151 0 1
7 151 0 1
8 151 0 1
9 151 0 1
15 151 0 1
16 151 0 1
17 151 0 1
18 151 0 1
19 151 0 1
20 151 0 1
21 151 0 1
22 151 0 1
23 151 0 1
25 151 0 1
27 151 0 1
28 151 0 1
29 151 0 1
31 151 0 1
32 151 0 1
33 151 0 1
39 151 0 1
40 151 0 1
41 151 0 1
46 151 0 1
47 151 0 1
49 151 0 1
2 152 0 1
3 152 0 1
6 152 0 1
7 152 0 1
8 152 0 1
9 152 0 1
15 152 0 1
16 152 0 1
17 152 0 1
18 152 0 1
19 152 0 1
21 152 0 1
22 152 0 1
23 152 0 1
25 152 0 1
29 152 0 1
31 152 0 1
32 152 0 1
33 152 0 1
37 152 0 1
40 152 0 1
41 152 0 1
48 152 0 1
59 152 0 1
3 153 0 1
6 153 0 1
13 153 0 1
14 153 0 1
19 153 0 1
20 153 0 1
26 153 0 1
27 153 0 1
28 153 0 1
29 153 0 1
30 153 0 1
33 153 0 1
36 153 0 1
38 153 0 1
39 153 0 1
43 153 0 1
44 153 0 1
45 153 0 1
46 153 0 1
47 153 0 1
49 153 0 1
56 153 0 1
58 153 0 1
61 153 0 1
63 153 0 1
3 154 0 1
6 154 0 1
7 154 0 1
8 154 0 1
9 154 0 1
15 154 0 1
16 154 0 1
17 154 0 1
18 154 0 1
19 154 0 1
21 154 0 1
22 154 0 1
23 154 0 1
25 154 0 1
29 154 0 1
31 154 0 1
32 154 0 1
37 154 0 1
40 154 0 1
41 154 0 1
48 154 0 1
59 154 0 1
12 155 0 1
13 155 0 1
14 155 0 1
26 155 0 1
28 155 0 1
30 155 0 1
36 155 0 1
38 155 0 1
39 155 0 1
43 155 0 1
44 155 0 1
45 155 0 1
52 155 0 1
56 155 0 1
57 155 0 1
58 155 0 1
61 155 0 1
63 155 0 1
3 156 0 1
6 156 0 1
13 156 0 1
14 156 0 1
15 156 0 1
19 156 0 1
20 156 0 1
23 156 0 1
25 156 0 1
26 156 0 1
27 156 0 1
28 156 0 1
29 156 0 1
30 156 0 1
33 156 0 1
36 156 0 1
38 156 0 1
39 156 0 1
43 156 0 1
44 156 0 1
45 156 0 1
46 156 0 1
47 156 0 1
49 156 0 1
58 156 0 1
61 156 0 1
63 156 0 1
3 157 0 1
6 157 0 1
13 157 0 1
15 157 0 1
17 157 0 1
19 157 0 1
20 157 0 1
21 157 0 1
22 157 0 1
23 157 0 1
25 157 0 1
26 157 0 1
27 157 0 1
28 157 0 1
29 157 0 1
30 157 0 1
32 157 0 1
33 157 0 1
38 157 0 1
39 157 0 1
40 157 0 1
44 157 0 1
45 157 0 1
46 157 0 1
47 157 0 1
49 157 0 1
53 157 0 1
58 157 0 1
61 157 0 1
63 157 0 1
139 157 0 1
141 157 0 1
12 158 0 1
13 158 0 1
14 158 0 1
26 158 0 1
28 158 0 1
30 158 0 1
36 158 0 1
38 158 0 1
39 158 0 1
43 158 0 1
44 158 0 1
45 158 0 1
46 158 0 1
52 158 0 1
53 158 0 1
56 158 0 1
57 158 0 1
58 158 0 1
61 158 0 1
62 158 0 1
63 158 0 1
5 159 0 1
10 159 0 1
11 159 0 1
12 159 0 1
13 159 0 1
14 159 0 1
24 159 0 1
30 159 0 1
34 159 0 1
35 159 0 1
36 159 0 1
43 159 0 1
44 159 0 1
50 159 0 1
54 159 0 1
55 159 0 1
56 159 0 1
57 159 0 1
60 159 0 1
62 159 0 1
13 160 0 1
14 160 0 1
20 160 0 1
26 160 0 1
27 160 0 1
28 160 0 1
30 160 0 1
33 160 0 1
36 160 0 1
38 160 0 1
39 160 0 1
43 160 0 1
44 160 0 1
45 160 0 1
46 160 0 1
47 160 0 1
49 160 0 1
52 160 0 1
53 160 0 1
56 160 0 1
57 160 0 1
58 160 0 1
61 160 0 1
63 160 0 1
4 161 0 1
5 161 0 1
10 161 0 1
11 161 0 1
12 161 0 1
24 161 0 1
34 161 0 1
35 161 0 1
42 161 0 1
50 161 0 1
54 161 0 1
55 161 0 1
60 161 0 1
4 162 0 1
5 162 0 1
10 162 0 1
11 162 0 1
12 162 0 1
24 162 0 1
34 162 0 1
35 162 0 1
42 162 0 1
50 162 0 1
54 162 0 1
55 162 0 1
57 162 0 1
60 162 0 1
5 163 0 1
10 163 0 1
11 163 0 1
12 163 0 1
13 163 0 1
14 163 0 1
24 163 0 1
30 163 0 1
34 163 0 1
35 163 0 1
36 163 0 1
38 163 0 1
43 163 0 1
44 163 0 1
50 163 0 1
52 163 0 1
54 163 0 1
55 163 0 1
56 163 0 1
57 163 0 1
58 163 0 1
60 163 0 1
62 163 0 1
140 163 0 1
4 164 0 1
5 164 0 1
10 164 0 1
11 164 0 1
12 164 0 1
14 164 0 1
24 164 0 1
34 164 0 1
35 164 0 1
36 164 0 1
42 164 0 1
43 164 0 1
50 164 0 1
52 164 0 1
54 164 0 1
55 164 0 1
56 164 0 1
57 164 0 1
60 164 0 1
62 164 0 1
140 164 0 1
4 165 0 1
5 165 0 1
10 165 0 1
11 165 0 1
12 165 0 1
24 165 0 1
34 165 0 1
35 165 0 1
42 165 0 1
50 165 0 1
54 165 0 1
55 165 0 1
60 165 0 1
10 166 0 1
24 166 0 1
34 166 0 1
35 166 0 1
42 166 0 1
50 166 0 1
54 166 0 1
55 166 0 1
60 166 0 1
64 166 0 1
65 166 0 1
68 166 0 1
135 166 0 1
3 167 0 1
13 167 0 1
20 167 0 1
26 167 0 1
27 167 0 1
28 167 0 1
29 167 0 1
30 167 0 1
33 167 0 1
36 167 0 1
38 167 0 1
39 167 0 1
43 167 0 1
44 167 0 1
45 167 0 1
46 167 0 1
47 167 0 1
49 167 0 1
52 167 0 1
53 167 0 1
56 167 0 1
58 167 0 1
61 167 0 1
63 167 0 1
66 167 0 1
67 167 0 1
131 167 0 1
132 167 0 1
133 167 0 1
134 167 0 1
136 167 0 1
139 167 0 1
141 167 0 1
143 167 0 1
3 168 0 1
13 168 0 1
20 168 0 1
26 168 0 1
27 168 0 1
28 168 0 1
30 168 0 1
33 168 0 1
36 168 0 1
38 168 0 1
39 168 0 1
43 168 0 1
44 168 0 1
45 168 0 1
46 168 0 1
47 168 0 1
49 168 0 1
52 168 0 1
53 168 0 1
56 168 0 1
58 168 0 1
61 168 0 1
62 168 0 1
63 168 0 1
66 168 0 1
67 168 0 1
131 168 0 1
132 168 0 1
136 168 0 1
139 168 0 1
141 168 0 1
143 168 0 1
4 169 0 1
10 169 0 1
11 169 0 1
24 169 0 1
34 169 0 1
35 169 0 1
42 169 0 1
50 169 0 1
54 169 0 1
55 169 0 1
57 169 0 1
60 169 0 1
62 169 0 1
64 169 0 1
65 169 0 1
68 169 0 1
3 170 0 1
13 170 0 1
14 170 0 1
20 170 0 1
26 170 0 1
28 170 0 1
30 170 0 1
36 170 0 1
38 170 0 1
39 170 0 1
43 170 0 1
44 170 0 1
45 170 0 1
46 170 0 1
49 170 0 1
52 170 0 1
53 170 0 1
54 170 0 1
56 170 0 1
57 170 0 1
58 170 0 1
61 170 0 1
62 170 0 1
63 170 0 1
66 170 0 1
131 170 0 1
139 170 0 1
140 170 0 1
143 170 0 1
13 171 0 1
14 171 0 1
30 171 0 1
35 171 0 1
36 171 0 1
38 171 0 1
43 171 0 1
44 171 0 1
45 171 0 1
50 171 0 1
52 171 0 1
53 171 0 1
54 171 0 1
55 171 0 1
56 171 0 1
57 171 0 1
58 171 0 1
60 171 0 1
61 171 0 1
62 171 0 1
63 171 0 1
131 171 0 1
139 171 0 1
140 171 0 1
143 171 0 1
24 172 0 1
34 172 0 1
35 172 0 1
36 172 0 1
42 172 0 1
43 172 0 1
44 172 0 1
50 172 0 1
52 172 0 1
54 172 0 1
55 172 0 1
56 172 0 1
57 172 0 1
58 172 0 1
60 172 0 1
62 172 0 1
65 172 0 1
68 172 0 1
140 172 0 1
143 172 0 1
30 173 0 1
35 173 0 1
36 173 0 1
38 173 0 1
43 173 0 1
44 173 0 1
50 173 0 1
52 173 0 1
53 173 0 1
54 173 0 1
55 173 0 1
56 173 0 1
57 173 0 1
58 173 0 1
60 173 0 1
62 173 0 1
63 173 0 1
131 173 0 1
139 173 0 1
140 173 0 1
143 173 0 1
3 174 0 1
13 174 0 1
14 174 0 1
20 174 0 1
26 174 0 1
27 174 0 1
28 174 0 1
30 174 0 1
33 174 0 1
36 174 0 1
38 174 0 1
39 174 0 1
43 174 0 1
44 174 0 1
45 174 0 1
46 174 0 1
47 174 0 1
49 174 0 1
52 174 0 1
53 174 0 1
56 174 0 1
57 174 0 1
58 174 0 1
61 174 0 1
62 174 0 1
63 174 0 1
66 174 0 1
139 174 0 1
140 174 0 1
141 174 0 1
143 174 0 1
3 175 0 1
13 175 0 1
14 175 0 1
26 175 0 1
28 175 0 1
30 175 0 1
36 175 0 1
38 175 0 1
39 175 0 1
43 175 0 1
44 175 0 1
45 175 0 1
46 175 0 1
49 175 0 1
52 175 0 1
53 175 0 1
54 175 0 1
56 175 0 1
57 175 0 1
58 175 0 1
60 175 0 1
61 175 0 1
62 175 0 1
63 175 0 1
139 175 0 1
140 175 0 1
143 175 0 1
12 176 0 1
13 176 0 1
14 176 0 1
30 176 0 1
35 176 0 1
36 176 0 1
38 176 0 1
43 176 0 1
44 176 0 1
45 176 0 1
50 176 0 1
52 176 0 1
53 176 0 1
54 176 0 1
55 176 0 1
56 176 0 1
57 176 0 1
58 176 0 1
60 176 0 1
62 176 0 1
63 176 0 1
139 176 0 1
140 176 0 1
143 176 0 1
12 177 0 1
13 177 0 1
14 177 0 1
20 177 0 1
26 177 0 1
28 177 0 1
30 177 0 1
36 177 0 1
38 177 0 1
39 177 0 1
43 177 0 1
44 177 0 1
45 177 0 1
46 177 0 1
52 177 0 1
53 177 0 1
54 177 0 1
56 177 0 1
57 177 0 1
58 177 0 1
61 177 0 1
62 177 0 1
63 177 0 1
139 177 0 1
140 177 0 1
143 177 0 1
4 178 0 1
5 178 0 1
10 178 0 1
11 178 0 1
12 178 0 1
13 178 0 1
14 178 0 1
24 178 0 1
30 178 0 1
34 178 0 1
35 178 0 1
36 178 0 1
38 178 0 1
42 178 0 1
43 178 0 1
44 178 0 1
50 178 0 1
52 178 0 1
54 178 0 1
55 178 0 1
56 178 0 1
57 178 0 1
58 178 0 1
60 178 0 1
62 178 0 1
140 178 0 1
11 179 0 1
12 179 0 1
13 179 0 1
14 179 0 1
26 179 0 1
28 179 0 1
30 179 0 1
36 179 0 1
38 179 0 1
39 179 0 1
43 179 0 1
44 179 0 1
45 179 0 1
52 179 0 1
53 179 0 1
54 179 0 1
56 179 0 1
57 179 0 1
58 179 0 1
60 179 0 1
61 179 0 1
62 179 0 1
63 179 0 1
139 179 0 1
140 179 0 1
12 180 0 1
13 180 0 1
14 180 0 1
26 180 0 1
28 180 0 1
30 180 0 1
36 180 0 1
38 180 0 1
39 180 0 1
43 180 0 1
44 180 0 1
45 180 0 1
46 180 0 1
52 180 0 1
53 180 0 1
54 180 0 1
56 180 0 1
57 180 0 1
58 180 0 1
60 180 0 1
61 180 0 1
62 180 0 1
63 180 0 1
139 180 0 1
140 180 0 1
143 180 0 1
5 181 0 1
11 181 0 1
12 181 0 1
13 181 0 1
14 181 0 1
24 181 0 1
26 181 0 1
30 181 0 1
35 181 0 1
36 181 0 1
38 181 0 1
43 181 0 1
44 181 0 1
45 181 0 1
50 181 0 1
52 181 0 1
53 181 0 1
54 181 0 1
55 181 0 1
56 181 0 1
57 181 0 1
58 181 0 1
60 181 0 1
62 181 0 1
63 181 0 1
140 181 0 1
143 181 0 1
4 182 0 1
5 182 0 1
10 182 0 1
11 182 0 1
12 182 0 1
24 182 0 1
34 182 0 1
35 182 0 1
42 182 0 1
50 182 0 1
54 182 0 1
55 182 0 1
60 182 0 1
64 182 0 1
4 183 0 1
5 183 0 1
10 183 0 1
11 183 0 1
12 183 0 1
24 183 0 1
34 183 0 1
35 183 0 1
42 183 0 1
50 183 0 1
54 183 0 1
55 183 0 1
60 183 0 1
64 183 0 1
65 183 0 1
5 184 0 1
10 184 0 1
11 184 0 1
12 184 0 1
13 184 0 1
14 184 0 1
24 184 0 1
30 184 0 1
34 184 0 1
35 184 0 1
36 184 0 1
38 184 0 1
42 184 0 1
43 184 0 1
44 184 0 1
50 184 0 1
52 184 0 1
54 184 0 1
55 184 0 1
56 184 0 1
57 184 0 1
58 184 0 1
60 184 0 1
62 184 0 1
65 184 0 1
140 184 0 1
143 184 0 1
4 185 0 1
5 185 0 1
10 185 0 1
11 185 0 1
12 185 0 1
24 185 0 1
34 185 0 1
35 185 0 1
42 185 0 1
50 185 0 1
54 185 0 1
55 185 0 1
57 185 0 1
60 185 0 1
62 185 0 1
64 185 0 1
65 185 0 1
34 186 0 1
35 186 0 1
42 186 0 1
50 186 0 1
54 186 0 1
55 186 0 1
60 186 0 1
64 186 0 1
65 186 0 1
68 186 0 1
83 186 0 1
84 186 0 1
135 186 0 1
140 186 0 1
35 187 0 1
36 187 0 1
43 187 0 1
50 187 0 1
52 187 0 1
53 187 0 1
54 187 0 1
55 187 0 1
56 187 0 1
57 187 0 1
58 187 0 1
60 187 0 1
62 187 0 1
65 187 0 1
68 187 0 1
69 187 0 1
72 187 0 1
83 187 0 1
85 187 0 1
131 187 0 1
135 187 0 1
136 187 0 1
138 187 0 1
140 187 0 1
143 187 0 1
3 188 0 1
28 188 0 1
30 188 0 1
36 188 0 1
38 188 0 1
39 188 0 1
43 188 0 1
44 188 0 1
45 188 0 1
46 188 0 1
47 188 0 1
49 188 0 1
52 188 0 1
53 188 0 1
56 188 0 1
58 188 0 1
61 188 0 1
62 188 0 1
63 188 0 1
66 188 0 1
67 188 0 1
70 188 0 1
71 188 0 1
72 188 0 1
85 188 0 1
90 188 0 1
131 188 0 1
132 188 0 1
133 188 0 1
134 188 0 1
136 188 0 1
138 188 0 1
139 188 0 1
140 188 0 1
141 188 0 1
143 188 0 1
3 189 0 1
36 189 0 1
38 189 0 1
43 189 0 1
44 189 0 1
45 189 0 1
50 189 0 1
52 189 0 1
53 189 0 1
54 189 0 1
56 189 0 1
57 189 0 1
58 189 0 1
60 189 0 1
61 189 0 1
62 189 0 1
63 189 0 1
66 189 0 1
69 189 0 1
70 189 0 1
72 189 0 1
77 189 0 1
78 189 0 1
85 189 0 1
131 189 0 1
136 189 0 1
138 189 0 1
139 189 0 1
140 189 0 1
143 189 0 1
3 190 0 1
36 190 0 1
38 190 0 1
39 190 0 1
43 190 0 1
44 190 0 1
45 190 0 1
46 190 0 1
47 190 0 1
49 190 0 1
52 190 0 1
53 190 0 1
56 190 0 1
58 190 0 1
61 190 0 1
63 190 0 1
66 190 0 1
67 190 0 1
70 190 0 1
71 190 0 1
72 190 0 1
85 190 0 1
90 190 0 1
131 190 0 1
132 190 0 1
133 190 0 1
134 190 0 1
136 190 0 1
138 190 0 1
139 190 0 1
141 190 0 1
143 190 0 1
34 191 0 1
35 191 0 1
50 191 0 1
52 191 0 1
54 191 0 1
55 191 0 1
56 191 0 1
57 191 0 1
60 191 0 1
62 191 0 1
64 191 0 1
65 191 0 1
68 191 0 1
69 191 0 1
72 191 0 1
75 191 0 1
83 191 0 1
84 191 0 1
89 191 0 1
131 191 0 1
135 191 0 1
138 191 0 1
140 191 0 1
143 191 0 1
43 192 0 1
50 192 0 1
52 192 0 1
53 192 0 1
54 192 0 1
55 192 0 1
56 192 0 1
57 192 0 1
58 192 0 1
60 192 0 1
62 192 0 1
65 192 0 1
68 192 0 1
69 192 0 1
70 192 0 1
72 192 0 1
77 192 0 1
78 192 0 1
82 192 0 1
83 192 0 1
85 192 0 1
89 192 0 1
131 192 0 1
135 192 0 1
136 192 0 1
138 192 0 1
139 192 0 1
140 192 0 1
143 192 0 1
34 193 0 1
35 193 0 1
42 193 0 1
50 193 0 1
54 193 0 1
55 193 0 1
60 193 0 1
62 193 0 1
64 193 0 1
65 193 0 1
68 193 0 1
69 193 0 1
75 193 0 1
80 193 0 1
83 193 0 1
84 193 0 1
89 193 0 1
135 193 0 1
140 193 0 1
34 194 0 1
35 194 0 1
42 194 0 1
50 194 0 1
54 194 0 1
55 194 0 1
57 194 0 1
60 194 0 1
62 194 0 1
64 194 0 1
65 194 0 1
68 194 0 1
69 194 0 1
72 194 0 1
75 194 0 1
80 194 0 1
83 194 0 1
84 194 0 1
89 194 0 1
135 194 0 1
140 194 0 1
50 195 0 1
64 195 0 1
65 195 0 1
68 195 0 1
69 195 0 1
75 195 0 1
80 195 0 1
83 195 0 1
84 195 0 1
89 195 0 1
120 195 0 1
124 195 0 1
135 195 0 1
3 196 0 1
53 196 0 1
58 196 0 1
61 196 0 1
63 196 0 1
66 196 0 1
67 196 0 1
70 196 0 1
71 196 0 1
73 196 0 1
76 196 0 1
79 196 0 1
85 196 0 1
90 196 0 1
91 196 0 1
122 196 0 1
131 196 0 1
132 196 0 1
133 196 0 1
134 196 0 1
136 196 0 1
138 196 0 1
139 196 0 1
141 196 0 1
143 196 0 1
144 196 0 1
3 197 0 1
52 197 0 1
53 197 0 1
58 197 0 1
63 197 0 1
66 197 0 1
67 197 0 1
70 197 0 1
71 197 0 1
72 197 0 1
76 197 0 1
77 197 0 1
78 197 0 1
81 197 0 1
82 197 0 1
85 197 0 1
90 197 0 1
121 197 0 1
122 197 0 1
125 197 0 1
126 197 0 1
131 197 0 1
132 197 0 1
133 197 0 1
134 197 0 1
136 197 0 1
138 197 0 1
139 197 0 1
141 197 0 1
143 197 0 1
50 198 0 1
52 198 0 1
62 198 0 1
65 198 0 1
68 198 0 1
69 198 0 1
70 198 0 1
72 198 0 1
75 198 0 1
77 198 0 1
78 198 0 1
80 198 0 1
81 198 0 1
82 198 0 1
83 198 0 1
84 198 0 1
85 198 0 1
89 198 0 1
90 198 0 1
119 198 0 1
120 198 0 1
121 198 0 1
124 198 0 1
125 198 0 1
126 198 0 1
131 198 0 1
135 198 0 1
136 198 0 1
138 198 0 1
140 198 0 1
143 198 0 1
50 199 0 1
64 199 0 1
65 199 0 1
68 199 0 1
69 199 0 1
72 199 0 1
75 199 0 1
80 199 0 1
83 199 0 1
84 199 0 1
89 199 0 1
119 199 0 1
120 199 0 1
124 199 0 1
135 199 0 1
140 199 0 1
3 200 0 1
53 200 0 1
66 200 0 1
67 200 0 1
70 200 0 1
71 200 0 1
73 200 0 1
76 200 0 1
77 200 0 1
79 200 0 1
81 200 0 1
85 200 0 1
90 200 0 1
91 200 0 1
93 200 0 1
116 200 0 1
121 200 0 1
122 200 0 1
127 200 0 1
131 200 0 1
132 200 0 1
133 200 0 1
134 200 0 1
136 200 0 1
138 200 0 1
139 200 0 1
141 200 0 1
143 200 0 1
144 200 0 1
52 201 0 1
62 201 0 1
69 201 0 1
70 201 0 1
72 201 0 1
75 201 0 1
77 201 0 1
78 201 0 1
81 201 0 1
82 201 0 1
83 201 0 1
85 201 0 1
89 201 0 1
90 201 0 1
119 201 0 1
121 201 0 1
122 201 0 1
124 201 0 1
125 201 0 1
126 201 0 1
131 201 0 1
135 201 0 1
136 201 0 1
138 201 0 1
139 201 0 1
140 201 0 1
143 201 0 1
64 202 0 1
65 202 0 1
68 202 0 1
69 202 0 1
75 202 0 1
80 202 0 1
83 202 0 1
84 202 0 1
89 202 0 1
119 202 0 1
120 202 0 1
124 202 0 1
135 202 0 1
34 203 0 1
35 203 0 1
50 203 0 1
54 203 0 1
55 203 0 1
60 203 0 1
62 203 0 1
64 203 0 1
65 203 0 1
68 203 0 1
69 203 0 1
72 203 0 1
75 203 0 1
78 203 0 1
80 203 0 1
82 203 0 1
83 203 0 1
84 203 0 1
89 203 0 1
119 203 0 1
120 203 0 1
124 203 0 1
135 203 0 1
140 203 0 1
50 204 0 1
52 204 0 1
54 204 0 1
55 204 0 1
57 204 0 1
60 204 0 1
62 204 0 1
64 204 0 1
65 204 0 1
68 204 0 1
69 204 0 1
72 204 0 1
75 204 0 1
77 204 0 1
78 204 0 1
80 204 0 1
82 204 0 1
83 204 0 1
84 204 0 1
89 204 0 1
124 204 0 1
131 204 0 1
135 204 0 1
138 204 0 1
140 204 0 1
143 204 0 1
34 205 0 1
35 205 0 1
42 205 0 1
50 205 0 1
52 205 0 1
54 205 0 1
55 205 0 1
57 205 0 1
60 205 0 1
62 205 0 1
64 205 0 1
65 205 0 1
68 205 0 1
69 205 0 1
72 205 0 1
75 205 0 1
78 205 0 1
80 205 0 1
82 205 0 1
83 205 0 1
84 205 0 1
89 205 0 1
119 205 0 1
124 205 0 1
131 205 0 1
135 205 0 1
140 205 0 1
143 205 0 1
3 206 0 1
43 206 0 1
44 206 0 1
45 206 0 1
52 206 0 1
53 206 0 1
56 206 0 1
57 206 0 1
58 206 0 1
61 206 0 1
62 206 0 1
63 206 0 1
66 206 0 1
67 206 0 1
69 206 0 1
70 206 0 1
71 206 0 1
72 206 0 1
77 206 0 1
78 206 0 1
81 206 0 1
82 206 0 1
85 206 0 1
90 206 0 1
121 206 0 1
125 206 0 1
131 206 0 1
132 206 0 1
133 206 0 1
134 206 0 1
136 206 0 1
138 206 0 1
139 206 0 1
140 206 0 1
141 206 0 1
143 206 0 1
3 207 0 1
43 207 0 1
50 207 0 1
52 207 0 1
53 207 0 1
54 207 0 1
56 207 0 1
57 207 0 1
58 207 0 1
62 207 0 1
63 207 0 1
66 207 0 1
67 207 0 1
68 207 0 1
69 207 0 1
70 207 0 1
72 207 0 1
77 207 0 1
78 207 0 1
81 207 0 1
82 207 0 1
83 207 0 1
85 207 0 1
89 207 0 1
90 207 0 1
125 207 0 1
131 207 0 1
135 207 0 1
136 207 0 1
138 207 0 1
139 207 0 1
140 207 0 1
143 207 0 1
34 208 0 1
50 208 0 1
55 208 0 1
64 208 0 1
65 208 0 1
68 208 0 1
69 208 0 1
75 208 0 1
80 208 0 1
83 208 0 1
84 208 0 1
89 208 0 1
120 208 0 1
124 208 0 1
135 208 0 1
50 209 0 1
52 209 0 1
54 209 0 1
57 209 0 1
62 209 0 1
64 209 0 1
65 209 0 1
68 209 0 1
69 209 0 1
72 209 0 1
75 209 0 1
77 209 0 1
78 209 0 1
80 209 0 1
81 209 0 1
82 209 0 1
83 209 0 1
84 209 0 1
85 209 0 1
89 209 0 1
119 209 0 1
120 209 0 1
124 209 0 1
125 209 0 1
131 209 0 1
135 209 0 1
136 209 0 1
138 209 0 1
140 209 0 1
143 209 0 1
50 210 0 1
52 210 0 1
62 210 0 1
68 210 0 1
69 210 0 1
70 210 0 1
72 210 0 1
75 210 0 1
77 210 0 1
78 210 0 1
81 210 0 1
82 210 0 1
83 210 0 1
84 210 0 1
85 210 0 1
89 210 0 1
90 210 0 1
121 210 0 1
124 210 0 1
125 210 0 1
131 210 0 1
135 210 0 1
136 210 0 1
138 210 0 1
140 210 0 1
143 210 0 1
34 211 0 1
35 211 0 1
36 211 0 1
43 211 0 1
44 211 0 1
50 211 0 1
52 211 0 1
53 211 0 1
54 211 0 1
55 211 0 1
56 211 0 1
57 211 0 1
58 211 0 1
60 211 0 1
62 211 0 1
65 211 0 1
68 211 0 1
69 211 0 1
72 211 0 1
131 211 0 1
135 211 0 1
138 211 0 1
140 211 0 1
143 211 0 1
30 212 0 1
35 212 0 1
36 212 0 1
38 212 0 1
43 212 0 1
44 212 0 1
50 212 0 1
52 212 0 1
53 212 0 1
54 212 0 1
55 212 0 1
56 212 0 1
57 212 0 1
58 212 0 1
60 212 0 1
62 212 0 1
63 212 0 1
69 212 0 1
72 212 0 1
131 212 0 1
136 212 0 1
138 212 0 1
139 212 0 1
140 212 0 1
143 212 0 1
10 213 0 1
24 213 0 1
34 213 0 1
35 213 0 1
42 213 0 1
50 213 0 1
54 213 0 1
55 213 0 1
57 213 0 1
60 213 0 1
62 213 0 1
64 213 0 1
65 213 0 1
68 213 0 1
135 213 0 1
140 213 0 1
3 214 0 1
30 214 0 1
36 214 0 1
38 214 0 1
43 214 0 1
44 214 0 1
45 214 0 1
50 214 0 1
52 214 0 1
53 214 0 1
54 214 0 1
56 214 0 1
57 214 0 1
58 214 0 1
60 214 0 1
61 214 0 1
62 214 0 1
63 214 0 1
72 214 0 1
131 214 0 1
136 214 0 1
138 214 0 1
139 214 0 1
140 214 0 1
143 214 0 1
36 215 0 1
38 215 0 1
43 215 0 1
44 215 0 1
50 215 0 1
52 215 0 1
53 215 0 1
54 215 0 1
55 215 0 1
56 215 0 1
57 215 0 1
58 215 0 1
60 215 0 1
62 215 0 1
63 215 0 1
69 215 0 1
72 215 0 1
131 215 0 1
136 215 0 1
138 215 0 1
139 215 0 1
140 215 0 1
143 215 0 1
66 216 0 1
67 216 0 1
70 216 0 1
71 216 0 1
76 216 0 1
77 216 0 1
78 216 0 1
79 216 0 1
81 216 0 1
82 216 0 1
85 216 0 1
90 216 0 1
91 216 0 1
92 216 0 1
93 216 0 1
95 216 0 1
114 216 0 1
116 216 0 1
117 216 0 1
121 216 0 1
122 216 0 1
125 216 0 1
126 216 0 1
127 216 0 1
131 216 0 1
132 216 0 1
133 216 0 1
134 216 0 1
136 216 0 1
138 216 0 1
141 216 0 1
68 217 0 1
69 217 0 1
72 217 0 1
75 217 0 1
77 217 0 1
78 217 0 1
80 217 0 1
81 217 0 1
82 217 0 1
83 217 0 1
84 217 0 1
85 217 0 1
89 217 0 1
119 217 0 1
120 217 0 1
121 217 0 1
124 217 0 1
125 217 0 1
126 217 0 1
135 217 0 1
138 217 0 1
1 218 0 1
2 218 0 1
74 218 0 1
86 218 0 1
87 218 0 1
88 218 0 1
94 218 0 1
115 218 0 1
118 218 0 1
123 218 0 1
129 218 0 1
130 218 0 1
137 218 0 1
1 219 0 1
2 219 0 1
73 219 0 1
74 219 0 1
79 219 0 1
86 219 0 1
87 219 0 1
88 219 0 1
91 219 0 1
94 219 0 1
100 219 0 1
101 219 0 1
115 219 0 1
118 219 0 1
123 219 0 1
127 219 0 1
128 219 0 1
129 219 0 1
130 219 0 1
134 219 0 1
137 219 0 1
1 220 0 1
2 220 0 1
74 220 0 1
86 220 0 1
87 220 0 1
88 220 0 1
91 220 0 1
94 220 0 1
100 220 0 1
101 220 0 1
115 220 0 1
118 220 0 1
123 220 0 1
127 220 0 1
128 220 0 1
129 220 0 1
130 220 0 1
71 221 0 1
73 221 0 1
76 221 0 1
79 221 0 1
88 221 0 1
90 221 0 1
91 221 0 1
93 221 0 1
95 221 0 1
100 221 0 1
101 221 0 1
114 221 0 1
116 221 0 1
118 221 0 1
122 221 0 1
123 221 0 1
127 221 0 1
128 221 0 1
129 221 0 1
130 221 0 1
132 221 0 1
134 221 0 1
70 222 0 1
71 222 0 1
73 222 0 1
76 222 0 1
79 222 0 1
81 222 0 1
85 222 0 1
90 222 0 1
91 222 0 1
92 222 0 1
93 222 0 1
95 222 0 1
99 222 0 1
114 222 0 1
116 222 0 1
117 222 0 1
121 222 0 1
122 222 0 1
126 222 0 1
127 222 0 1
128 222 0 1
132 222 0 1
134 222 0 1
136 222 0 1
69 223 0 1
75 223 0 1
78 223 0 1
80 223 0 1
82 223 0 1
83 223 0 1
84 223 0 1
89 223 0 1
119 223 0 1
120 223 0 1
124 223 0 1
125 223 0 1
135 223 0 1
69 224 0 1
70 224 0 1
72 224 0 1
77 224 0 1
78 224 0 1
81 224 0 1
82 224 0 1
83 224 0 1
85 224 0 1
89 224 0 1
90 224 0 1
92 224 0 1
95 224 0 1
96 224 0 1
99 224 0 1
114 224 0 1
116 224 0 1
117 224 0 1
119 224 0 1
120 224 0 1
121 224 0 1
122 224 0 1
124 224 0 1
125 224 0 1
126 224 0 1
136 224 0 1
138 224 0 1
75 225 0 1
80 225 0 1
83 225 0 1
84 225 0 1
89 225 0 1
107 225 0 1
119 225 0 1
120 225 0 1
124 225 0 1
69 226 0 1
75 226 0 1
80 226 0 1
82 226 0 1
83 226 0 1
84 226 0 1
89 226 0 1
119 226 0 1
120 226 0 1
124 226 0 1
125 226 0 1
1 227 0 1
73 227 0 1
74 227 0 1
76 227 0 1
79 227 0 1
86 227 0 1
87 227 0 1
88 227 0 1
91 227 0 1
94 227 0 1
100 227 0 1
101 227 0 1
115 227 0 1
118 227 0 1
123 227 0 1
127 227 0 1
128 227 0 1
129 227 0 1
130 227 0 1
1 228 0 1
74 228 0 1
86 228 0 1
87 228 0 1
88 228 0 1
94 228 0 1
100 228 0 1
101 228 0 1
106 228 0 1
115 228 0 1
118 228 0 1
123 228 0 1
129 228 0 1
130 228 0 1
72 229 0 1
77 229 0 1
78 229 0 1
81 229 0 1
82 229 0 1
85 229 0 1
89 229 0 1
90 229 0 1
92 229 0 1
95 229 0 1
96 229 0 1
99 229 0 1
108 229 0 1
114 229 0 1
116 229 0 1
117 229 0 1
119 229 0 1
120 229 0 1
121 229 0 1
122 229 0 1
124 229 0 1
125 229 0 1
126 229 0 1
1 230 0 1
2 230 0 1
71 230 0 1
73 230 0 1
74 230 0 1
76 230 0 1
79 230 0 1
86 230 0 1
88 230 0 1
91 230 0 1
93 230 0 1
94 230 0 1
95 230 0 1
100 230 0 1
101 230 0 1
115 230 0 1
116 230 0 1
118 230 0 1
123 230 0 1
127 230 0 1
128 230 0 1
129 230 0 1
130 230 0 1
134 230 0 1
69 231 0 1
72 231 0 1
75 231 0 1
77 231 0 1
78 231 0 1
80 231 0 1
81 231 0 1
82 231 0 1
83 231 0 1
84 231 0 1
89 231 0 1
117 231 0 1
119 231 0 1
120 231 0 1
121 231 0 1
124 231 0 1
125 231 0 1
126 231 0 1
70 232 0 1
71 232 0 1
76 232 0 1
77 232 0 1
78 232 0 1
81 232 0 1
82 232 0 1
85 232 0 1
90 232 0 1
92 232 0 1
93 232 0 1
95 232 0 1
96 232 0 1
97 232 0 1
99 232 0 1
114 232 0 1
116 232 0 1
117 232 0 1
121 232 0 1
122 232 0 1
125 232 0 1
126 232 0 1
136 232 0 1
138 232 0 1
70 233 0 1
71 233 0 1
76 233 0 1
77 233 0 1
79 233 0 1
81 233 0 1
85 233 0 1
90 233 0 1
91 233 0 1
92 233 0 1
93 233 0 1
95 233 0 1
97 233 0 1
99 233 0 1
114 233 0 1
116 233 0 1
117 233 0 1
121 233 0 1
122 233 0 1
126 233 0 1
127 233 0 1
128 233 0 1
134 233 0 1
136 233 0 1
71 234 0 1
73 234 0 1
76 234 0 1
79 234 0 1
88 234 0 1
90 234 0 1
91 234 0 1
92 234 0 1
93 234 0 1
95 234 0 1
97 234 0 1
98 234 0 1
99 234 0 1
100 234 0 1
101 234 0 1
114 234 0 1
116 234 0 1
117 234 0 1
121 234 0 1
122 234 0 1
123 234 0 1
127 234 0 1
128 234 0 1
130 234 0 1
132 234 0 1
134 234 0 1
75 235 0 1
78 235 0 1
80 235 0 1
82 235 0 1
83 235 0 1
84 235 0 1
89 235 0 1
107 235 0 1
119 235 0 1
120 235 0 1
124 235 0 1
125 235 0 1
1 236 0 1
74 236 0 1
86 236 0 1
87 236 0 1
88 236 0 1
94 236 0 1
100 236 0 1
101 236 0 1
106 236 0 1
115 236 0 1
118 236 0 1
123 236 0 1
128 236 0 1
129 236 0 1
130 236 0 1
70 237 0 1
76 237 0 1
77 237 0 1
78 237 0 1
81 237 0 1
82 237 0 1
85 237 0 1
90 237 0 1
92 237 0 1
93 237 0 1
95 237 0 1
96 237 0 1
97 237 0 1
99 237 0 1
108 237 0 1
109 237 0 1
114 237 0 1
116 237 0 1
117 237 0 1
121 237 0 1
122 237 0 1
125 237 0 1
126 237 0 1
77 238 0 1
78 238 0 1
81 238 0 1
82 238 0 1
85 238 0 1
90 238 0 1
92 238 0 1
93 238 0 1
95 238 0 1
96 238 0 1
97 238 0 1
99 238 0 1
108 238 0 1
111 238 0 1
114 238 0 1
116 238 0 1
117 238 0 1
121 238 0 1
122 238 0 1
125 238 0 1
126 238 0 1
71 239 0 1
76 239 0 1
79 239 0 1
90 239 0 1
91 239 0 1
92 239 0 1
93 239 0 1
95 239 0 1
97 239 0 1
98 239 0 1
99 239 0 1
100 239 0 1
109 239 0 1
112 239 0 1
114 239 0 1
116 239 0 1
117 239 0 1
121 239 0 1
122 239 0 1
127 239 0 1
128 239 0 1
76 240 0 1
79 240 0 1
88 240 0 1
91 240 0 1
93 240 0 1
95 240 0 1
97 240 0 1
98 240 0 1
100 240 0 1
101 240 0 1
113 240 0 1
114 240 0 1
115 240 0 1
116 240 0 1
118 240 0 1
122 240 0 1
123 240 0 1
127 240 0 1
128 240 0 1
129 240 0 1
130 240 0 1
64 241 0 1
68 241 0 1
69 241 0 1
75 241 0 1
80 241 0 1
83 241 0 1
84 241 0 1
89 241 0 1
119 241 0 1
120 241 0 1
124 241 0 1
135 241 0 1
1 242 0 1
2 242 0 1
71 242 0 1
73 242 0 1
74 242 0 1
76 242 0 1
79 242 0 1
86 242 0 1
87 242 0 1
88 242 0 1
91 242 0 1
93 242 0 1
100 242 0 1
101 242 0 1
115 242 0 1
118 242 0 1
123 242 0 1
127 242 0 1
128 242 0 1
129 242 0 1
130 242 0 1
134 242 0 1
68 243 0 1
69 243 0 1
75 243 0 1
80 243 0 1
83 243 0 1
84 243 0 1
89 243 0 1
119 243 0 1
120 243 0 1
124 243 0 1
135 243 0 1
69 244 0 1
70 244 0 1
72 244 0 1
75 244 0 1
77 244 0 1
78 244 0 1
80 244 0 1
81 244 0 1
82 244 0 1
83 244 0 1
84 244 0 1
85 244 0 1
89 244 0 1
90 244 0 1
92 244 0 1
117 244 0 1
119 244 0 1
120 244 0 1
121 244 0 1
122 244 0 1
124 244 0 1
125 244 0 1
126 244 0 1
131 244 0 1
135 244 0 1
136 244 0 1
138 244 0 1
69 245 0 1
72 245 0 1
75 245 0 1
77 245 0 1
78 245 0 1
80 245 0 1
81 245 0 1
82 245 0 1
83 245 0 1
84 245 0 1
85 245 0 1
89 245 0 1
117 245 0 1
119 245 0 1
120 245 0 1
121 245 0 1
124 245 0 1
125 245 0 1
126 245 0 1
135 245 0 1
138 245 0 1
67 246 0 1
70 246 0 1
71 246 0 1
72 246 0 1
76 246 0 1
77 246 0 1
78 246 0 1
79 246 0 1
81 246 0 1
82 246 0 1
85 246 0 1
90 246 0 1
92 246 0 1
93 246 0 1
95 246 0 1
114 246 0 1
116 246 0 1
117 246 0 1
121 246 0 1
122 246 0 1
125 246 0 1
126 246 0 1
131 246 0 1
132 246 0 1
133 246 0 1
134 246 0 1
136 246 0 1
138 246 0 1
68 247 0 1
69 247 0 1
72 247 0 1
75 247 0 1
77 247 0 1
78 247 0 1
80 247 0 1
81 247 0 1
82 247 0 1
83 247 0 1
84 247 0 1
89 247 0 1
119 247 0 1
120 247 0 1
124 247 0 1
125 247 0 1
126 247 0 1
135 247 0 1
67 248 0 1
70 248 0 1
71 248 0 1
73 248 0 1
76 248 0 1
79 248 0 1
81 248 0 1
85 248 0 1
90 248 0 1
91 248 0 1
92 248 0 1
93 248 0 1
95 248 0 1
114 248 0 1
116 248 0 1
117 248 0 1
121 248 0 1
122 248 0 1
126 248 0 1
127 248 0 1
128 248 0 1
132 248 0 1
133 248 0 1
134 248 0 1
136 248 0 1
138 248 0 1
70 249 0 1
71 249 0 1
73 249 0 1
76 249 0 1
79 249 0 1
85 249 0 1
88 249 0 1
90 249 0 1
91 249 0 1
92 249 0 1
93 249 0 1
95 249 0 1
100 249 0 1
114 249 0 1
116 249 0 1
121 249 0 1
122 249 0 1
123 249 0 1
127 249 0 1
128 249 0 1
130 249 0 1
132 249 0 1
133 249 0 1
134 249 0 1
136 249 0 1
68 250 0 1
69 250 0 1
75 250 0 1
80 250 0 1
82 250 0 1
83 250 0 1
84 250 0 1
89 250 0 1
119 250 0 1
120 250 0 1
124 250 0 1
125 250 0 1
135 250 0 1
69 251 0 1
72 251 0 1
75 251 0 1
77 251 0 1
78 251 0 1
80 251 0 1
82 251 0 1
83 251 0 1
84 251 0 1
89 251 0 1
119 251 0 1
120 251 0 1
124 251 0 1
125 251 0 1
126 251 0 1
135 251 0 1
1 252 0 1
2 252 0 1
3 252 0 1
73 252 0 1
74 252 0 1
76 252 0 1
79 252 0 1
86 252 0 1
87 252 0 1
88 252 0 1
91 252 0 1
115 252 0 1
118 252 0 1
123 252 0 1
127 252 0 1
128 252 0 1
129 252 0 1
130 252 0 1
133 252 0 1
134 252 0 1
137 252 0 1
144 252 0 1
64 253 0 1
65 253 0 1
68 253 0 1
69 253 0 1
72 253 0 1
75 253 0 1
78 253 0 1
80 253 0 1
82 253 0 1
83 253 0 1
84 253 0 1
89 253 0 1
119 253 0 1
120 253 0 1
124 253 0 1
135 253 0 1
69 254 0 1
70 254 0 1
72 254 0 1
75 254 0 1
77 254 0 1
78 254 0 1
81 254 0 1
82 254 0 1
83 254 0 1
84 254 0 1
85 254 0 1
89 254 0 1
90 254 0 1
92 254 0 1
117 254 0 1
119 254 0 1
120 254 0 1
121 254 0 1
122 254 0 1
124 254 0 1
125 254 0 1
126 254 0 1
131 254 0 1
135 254 0 1
136 254 0 1
138 254 0 1
140 254 0 1
143 254 0 1
1 255 0 1
2 255 0 1
3 255 0 1
67 255 0 1
71 255 0 1
73 255 0 1
74 255 0 1
76 255 0 1
79 255 0 1
86 255 0 1
87 255 0 1
88 255 0 1
91 255 0 1
115 255 0 1
118 255 0 1
123 255 0 1
127 255 0 1
128 255 0 1
129 255 0 1
130 255 0 1
132 255 0 1
133 255 0 1
134 255 0 1
137 255 0 1
141 255 0 1
144 255 0 1
3 256 0 1
66 256 0 1
67 256 0 1
70 256 0 1
71 256 0 1
72 256 0 1
73 256 0 1
76 256 0 1
77 256 0 1
78 256 0 1
79 256 0 1
81 256 0 1
85 256 0 1
90 256 0 1
91 256 0 1
92 256 0 1
93 256 0 1
114 256 0 1
116 256 0 1
117 256 0 1
121 256 0 1
122 256 0 1
125 256 0 1
126 256 0 1
127 256 0 1
131 256 0 1
132 256 0 1
133 256 0 1
134 256 0 1
136 256 0 1
138 256 0 1
139 256 0 1
141 256 0 1
143 256 0 1
64 257 0 1
65 257 0 1
68 257 0 1
69 257 0 1
75 257 0 1
80 257 0 1
83 257 0 1
84 257 0 1
89 257 0 1
119 257 0 1
120 257 0 1
124 257 0 1
135 257 0 1
1 258 0 1
2 258 0 1
3 258 0 1
66 258 0 1
67 258 0 1
71 258 0 1
73 258 0 1
74 258 0 1
76 258 0 1
79 258 0 1
86 258 0 1
88 258 0 1
91 258 0 1
93 258 0 1
118 258 0 1
122 258 0 1
123 258 0 1
127 258 0 1
128 258 0 1
129 258 0 1
130 258 0 1
132 258 0 1
133 258 0 1
134 258 0 1
141 258 0 1
144 258 0 1
2 259 0 1
3 259 0 1
66 259 0 1
67 259 0 1
70 259 0 1
71 259 0 1
73 259 0 1
76 259 0 1
79 259 0 1
86 259 0 1
88 259 0 1
90 259 0 1
91 259 0 1
93 259 0 1
116 259 0 1
118 259 0 1
122 259 0 1
123 259 0 1
127 259 0 1
128 259 0 1
130 259 0 1
132 259 0 1
133 259 0 1
134 259 0 1
141 259 0 1
144 259 0 1
2 260 0 1
3 260 0 1
66 260 0 1
67 260 0 1
70 260 0 1
71 260 0 1
73 260 0 1
76 260 0 1
79 260 0 1
85 260 0 1
90 260 0 1
91 260 0 1
92 260 0 1
93 260 0 1
114 260 0 1
116 260 0 1
121 260 0 1
122 260 0 1
127 260 0 1
128 260 0 1
131 260 0 1
132 260 0 1
133 260 0 1
134 260 0 1
136 260 0 1
138 260 0 1
139 260 0 1
141 260 0 1
66 261 0 1
67 261 0 1
70 261 0 1
71 261 0 1
72 261 0 1
76 261 0 1
77 261 0 1
78 261 0 1
81 261 0 1
82 261 0 1
85 261 0 1
90 261 0 1
92 261 0 1
93 261 0 1
114 261 0 1
116 261 0 1
117 261 0 1
121 261 0 1
122 261 0 1
125 261 0 1
126 261 0 1
131 261 0 1
132 261 0 1
133 261 0 1
134 261 0 1
136 261 0 1
138 261 0 1
139 261 0 1
141 261 0 1
143 261 0 1
65 262 0 1
68 262 0 1
69 262 0 1
72 262 0 1
75 262 0 1
77 262 0 1
78 262 0 1
80 262 0 1
81 262 0 1
82 262 0 1
83 262 0 1
84 262 0 1
85 262 0 1
89 262 0 1
119 262 0 1
120 262 0 1
121 262 0 1
124 262 0 1
125 262 0 1
126 262 0 1
131 262 0 1
135 262 0 1
138 262 0 1
1 263 0 1
2 263 0 1
3 263 0 1
73 263 0 1
74 263 0 1
76 263 0 1
79 263 0 1
86 263 0 1
87 263 0 1
88 263 0 1
91 263 0 1
115 263 0 1
118 263 0 1
123 263 0 1
127 263 0 1
128 263 0 1
129 263 0 1
130 263 0 1
134 263 0 1
137 263 0 1
144 263 0 1
64 264 0 1
65 264 0 1
68 264 0 1
69 264 0 1
75 264 0 1
80 264 0 1
83 264 0 1
84 264 0 1
89 264 0 1
119 264 0 1
120 264 0 1
124 264 0 1
135 264 0 1
64 265 0 1
65 265 0 1
68 265 0 1
69 265 0 1
72 265 0 1
75 265 0 1
77 265 0 1
78 265 0 1
80 265 0 1
81 265 0 1
82 265 0 1
83 265 0 1
84 265 0 1
89 265 0 1
119 265 0 1
120 265 0 1
124 265 0 1
125 265 0 1
135 265 0 1
66 266 0 1
67 266 0 1
70 266 0 1
71 266 0 1
72 266 0 1
76 266 0 1
77 266 0 1
78 266 0 1
79 266 0 1
81 266 0 1
82 266 0 1
85 266 0 1
90 266 0 1
92 266 0 1
93 266 0 1
114 266 0 1
116 266 0 1
117 266 0 1
121 266 0 1
122 266 0 1
125 266 0 1
126 266 0 1
131 266 0 1
132 266 0 1
133 266 0 1
134 266 0 1
136 266 0 1
138 266 0 1
139 266 0 1
141 266 0 1
143 266 0 1
64 267 0 1
65 267 0 1
68 267 0 1
69 267 0 1
72 267 0 1
75 267 0 1
77 267 0 1
78 267 0 1
80 267 0 1
82 267 0 1
83 267 0 1
84 267 0 1
89 267 0 1
119 267 0 1
120 267 0 1
124 267 0 1
125 267 0 1
135 267 0 1
74 268 0 1
94 268 0 1
100 268 0 1
101 268 0 1
106 268 0 1
115 268 0 1
118 268 0 1
123 268 0 1
129 268 0 1
130 268 0 1
75 269 0 1
80 269 0 1
82 269 0 1
89 269 0 1
96 269 0 1
102 269 0 1
105 269 0 1
107 269 0 1
110 269 0 1
119 269 0 1
120 269 0 1
124 269 0 1
125 269 0 1
92 270 0 1
93 270 0 1
95 270 0 1
96 270 0 1
97 270 0 1
98 270 0 1
99 270 0 1
104 270 0 1
105 270 0 1
108 270 0 1
109 270 0 1
111 270 0 1
112 270 0 1
113 270 0 1
114 270 0 1
116 270 0 1
117 270 0 1
94 271 0 1
95 271 0 1
97 271 0 1
98 271 0 1
100 271 0 1
101 271 0 1
104 271 0 1
106 271 0 1
112 271 0 1
113 271 0 1
115 271 0 1
128 271 0 1
93 272 0 1
95 272 0 1
97 272 0 1
98 272 0 1
100 272 0 1
101 272 0 1
104 272 0 1
106 272 0 1
109 272 0 1
112 272 0 1
113 272 0 1
116 272 0 1
93 273 0 1
95 273 0 1
97 273 0 1
98 273 0 1
99 273 0 1
100 273 0 1
101 273 0 1
104 273 0 1
109 273 0 1
112 273 0 1
113 273 0 1
114 273 0 1
116 273 0 1
93 274 0 1
95 274 0 1
97 274 0 1
98 274 0 1
99 274 0 1
100 274 0 1
104 274 0 1
109 274 0 1
112 274 0 1
113 274 0 1
114 274 0 1
116 274 0 1
92 275 0 1
95 275 0 1
96 275 0 1
97 275 0 1
99 275 0 1
105 275 0 1
108 275 0 1
109 275 0 1
111 275 0 1
114 275 0 1
117 275 0 1
95 276 0 1
97 276 0 1
98 276 0 1
100 276 0 1
101 276 0 1
104 276 0 1
106 276 0 1
109 276 0 1
112 276 0 1
113 276 0 1
116 276 0 1
102 277 0 1
105 277 0 1
107 277 0 1
110 277 0 1
92 278 0 1
95 278 0 1
96 278 0 1
97 278 0 1
99 278 0 1
105 278 0 1
108 278 0 1
109 278 0 1
111 278 0 1
114 278 0 1
116 278 0 1
117 278 0 1
92 279 0 1
95 279 0 1
96 279 0 1
97 279 0 1
98 279 0 1
99 279 0 1
105 279 0 1
108 279 0 1
109 279 0 1
111 279 0 1
112 279 0 1
114 279 0 1
116 279 0 1
117 279 0 1
102 280 0 1
107 280 0 1
110 280 0 1
94 281 0 1
103 281 0 1
106 281 0 1
96 282 0 1
105 282 0 1
108 282 0 1
110 282 0 1
111 282 0 1
96 283 0 1
97 283 0 1
99 283 0 1
105 283 0 1
108 283 0 1
109 283 0 1
111 283 0 1
95 284 0 1
96 284 0 1
97 284 0 1
98 284 0 1
99 284 0 1
104 284 0 1
105 284 0 1
108 284 0 1
109 284 0 1
111 284 0 1
112 284 0 1
113 284 0 1
96 285 0 1
102 285 0 1
105 285 0 1
107 285 0 1
108 285 0 1
110 285 0 1
111 285 0 1
94 286 0 1
100 286 0 1
101 286 0 1
103 286 0 1
106 286 0 1
95 287 0 1
97 287 0 1
98 287 0 1
99 287 0 1
104 287 0 1
109 287 0 1
112 287 0 1
113 287 0 1
97 288 0 1
98 288 0 1
100 288 0 1
101 288 0 1
104 288 0 1
106 288 0 1
109 288 0 1
112 288 0 1
113 288 0 1
98 289 0 1
100 289 0 1
101 289 0 1
104 289 0 1
106 289 0 1
112 289 0 1
113 289 0 1
102 290 0 1
107 290 0 1
110 290 0 1
94 291 0 1
100 291 0 1
101 291 0 1
103 291 0 1
106 291 0 1
115 291 0 1
94 292 0 1
101 292 0 1
103 292 0 1
106 292 0 1
95 293 0 1
96 293 0 1
97 293 0 1
98 293 0 1
99 293 0 1
104 293 0 1
105 293 0 1
108 293 0 1
109 293 0 1
111 293 0 1
112 293 0 1
113 293 0 1
114 293 0 1
116 293 0 1
117 293 0 1
95 294 0 1
96 294 0 1
97 294 0 1
99 294 0 1
102 294 0 1
105 294 0 1
107 294 0 1
108 294 0 1
109 294 0 1
110 294 0 1
111 294 0 1
117 294 0 1
95 295 0 1
96 295 0 1
97 295 0 1
99 295 0 1
105 295 0 1
108 295 0 1
109 295 0 1
111 295 0 1
114 295 0 1
117 295 0 1
92 296 0 1
95 296 0 1
96 296 0 1
97 296 0 1
99 296 0 1
105 296 0 1
108 296 0 1
109 296 0 1
111 296 0 1
112 296 0 1
114 296 0 1
116 296 0 1
117 296 0 1
95 297 0 1
97 297 0 1
98 297 0 1
99 297 0 1
100 297 0 1
101 297 0 1
104 297 0 1
109 297 0 1
112 297 0 1
113 297 0 1
114 297 0 1
116 297 0 1
95 298 0 1
97 298 0 1
98 298 0 1
100 298 0 1
101 298 0 1
104 298 0 1
106 298 0 1
109 298 0 1
112 298 0 1
113 298 0 1
116 298 0 1
94 299 0 1
98 299 0 1
100 299 0 1
101 299 0 1
103 299 0 1
104 299 0 1
106 299 0 1
112 299 0 1
113 299 0 1
115 299 0 1
94 300 0 1
100 300 0 1
101 300 0 1
103 300 0 1
106 300 0 1
115 300 0 1
94 301 0 1
100 301 0 1
101 301 0 1
103 301 0 1
106 301 0 1
113 301 0 1
95 302 0 1
97 302 0 1
98 302 0 1
100 302 0 1
101 302 0 1
104 302 0 1
106 302 0 1
109 302 0 1
112 302 0 1
113 302 0 1
95 303 0 1
96 303 0 1
97 303 0 1
99 303 0 1
105 303 0 1
108 303 0 1
109 303 0 1
111 303 0 1
112 303 0 1
114 303 0 1
117 303 0 1
96 304 0 1
102 304 0 1
105 304 0 1
107 304 0 1
108 304 0 1
110 304 0 1
111 304 0 1
94 305 0 1
98 305 0 1
100 305 0 1
101 305 0 1
103 305 0 1
104 305 0 1
106 305 0 1
112 305 0 1
113 305 0 1
95 306 0 1
96 306 0 1
97 306 0 1
98 306 0 1
99 306 0 1
104 306 0 1
108 306 0 1
109 306 0 1
111 306 0 1
112 306 0 1
113 306 0 1
116 306 0 1
97 307 0 1
98 307 0 1
100 307 0 1
101 307 0 1
104 307 0 1
106 307 0 1
109 307 0 1
112 307 0 1
113 307 0 1
92 308 0 1
93 308 0 1
95 308 0 1
96 308 0 1
97 308 0 1
98 308 0 1
99 308 0 1
104 308 0 1
108 308 0 1
109 308 0 1
111 308 0 1
112 308 0 1
113 308 0 1
114 308 0 1
116 308 0 1
117 308 0 1
121 308 0 1
122 308 0 1
126 308 0 1
102 309 0 1
105 309 0 1
107 309 0 1
110 309 0 1
119 309 0 1
120 309 0 1
124 309 0 1
81 310 0 1
92 310 0 1
95 310 0 1
96 310 0 1
97 310 0 1
99 310 0 1
105 310 0 1
108 310 0 1
109 310 0 1
111 310 0 1
114 310 0 1
116 310 0 1
117 310 0 1
121 310 0 1
122 310 0 1
125 310 0 1
126 310 0 1
76 311 0 1
81 311 0 1
90 311 0 1
92 311 0 1
93 311 0 1
95 311 0 1
96 311 0 1
97 311 0 1
98 311 0 1
99 311 0 1
104 311 0 1
105 311 0 1
108 311 0 1
109 311 0 1
111 311 0 1
112 311 0 1
113 311 0 1
114 311 0 1
116 311 0 1
117 311 0 1
121 311 0 1
122 311 0 1
125 311 0 1
126 311 0 1
80 312 0 1
102 312 0 1
107 312 0 1
110 312 0 1
119 312 0 1
120 312 0 1
124 312 0 1
77 313 0 1
78 313 0 1
81 313 0 1
82 313 0 1
92 313 0 1
95 313 0 1
96 313 0 1
97 313 0 1
99 313 0 1
105 313 0 1
108 313 0 1
109 313 0 1
111 313 0 1
114 313 0 1
116 313 0 1
117 313 0 1
119 313 0 1
121 313 0 1
122 313 0 1
125 313 0 1
126 313 0 1
94 314 0 1
100 314 0 1
101 314 0 1
103 314 0 1
106 314 0 1
113 314 0 1
115 314 0 1
118 314 0 1
123 314 0 1
128 314 0 1
129 314 0 1
130 314 0 1
74 315 0 1
94 315 0 1
100 315 0 1
101 315 0 1
103 315 0 1
106 315 0 1
115 315 0 1
118 315 0 1
129 315 0 1
130 315 0 1
93 316 0 1
94 316 0 1
95 316 0 1
98 316 0 1
100 316 0 1
101 316 0 1
104 316 0 1
106 316 0 1
112 316 0 1
113 316 0 1
115 316 0 1
116 316 0 1
118 316 0 1
123 316 0 1
127 316 0 1
128 316 0 1
129 316 0 1
130 316 0 1
94 317 0 1
98 317 0 1
100 317 0 1
101 317 0 1
104 317 0 1
106 317 0 1
112 317 0 1
113 317 0 1
115 317 0 1
118 317 0 1
127 317 0 1
128 317 0 1
129 317 0 1
130 317 0 1
102 318 0 1
105 318 0 1
107 318 0 1
110 318 0 1
119 318 0 1
120 318 0 1
92 319 0 1
93 319 0 1
95 319 0 1
96 319 0 1
97 319 0 1
99 319 0 1
105 319 0 1
108 319 0 1
109 319 0 1
111 319 0 1
112 319 0 1
114 319 0 1
116 319 0 1
117 319 0 1
121 319 0 1
122 319 0 1
125 319 0 1
126 319 0 1
92 320 0 1
93 320 0 1
95 320 0 1
97 320 0 1
98 320 0 1
99 320 0 1
100 320 0 1
101 320 0 1
104 320 0 1
109 320 0 1
112 320 0 1
113 320 0 1
114 320 0 1
116 320 0 1
117 320 0 1
122 320 0 1
127 320 0 1
128 320 0 1
94 321 0 1
100 321 0 1
101 321 0 1
103 321 0 1
106 321 0 1
115 321 0 1
129 321 0 1
130 321 0 1
92 322 0 1
96 322 0 1
99 322 0 1
102 322 0 1
105 322 0 1
107 322 0 1
108 322 0 1
110 322 0 1
111 322 0 1
117 322 0 1
125 322 0 1
126 322 0 1
92 323 0 1
95 323 0 1
96 323 0 1
97 323 0 1
99 323 0 1
105 323 0 1
108 323 0 1
109 323 0 1
111 323 0 1
114 323 0 1
116 323 0 1
117 323 0 1
121 323 0 1
126 323 0 1
93 324 0 1
95 324 0 1
97 324 0 1
98 324 0 1
100 324 0 1
101 324 0 1
104 324 0 1
106 324 0 1
109 324 0 1
112 324 0 1
113 324 0 1
115 324 0 1
116 324 0 1
127 324 0 1
128 324 0 1
130 324 0 1
92 325 0 1
95 325 0 1
96 325 0 1
97 325 0 1
99 325 0 1
105 325 0 1
108 325 0 1
109 325 0 1
111 325 0 1
114 325 0 1
116 325 0 1
117 325 0 1
125 325 0 1
126 325 0 1
75 326 0 1
80 326 0 1
84 326 0 1
89 326 0 1
107 326 0 1
110 326 0 1
119 326 0 1
120 326 0 1
124 326 0 1
75 327 0 1
77 327 0 1
78 327 0 1
80 327 0 1
81 327 0 1
82 327 0 1
89 327 0 1
96 327 0 1
108 327 0 1
110 327 0 1
117 327 0 1
119 327 0 1
120 327 0 1
121 327 0 1
124 327 0 1
125 327 0 1
126 327 0 1
75 328 0 1
78 328 0 1
80 328 0 1
82 328 0 1
83 328 0 1
84 328 0 1
89 328 0 1
96 328 0 1
102 328 0 1
107 328 0 1
110 328 0 1
119 328 0 1
120 328 0 1
124 328 0 1
125 328 0 1
126 328 0 1
75 329 0 1
80 329 0 1
82 329 0 1
84 329 0 1
89 329 0 1
107 329 0 1
110 329 0 1
119 329 0 1
120 329 0 1
124 329 0 1
125 329 0 1
1 330 0 1
74 330 0 1
87 330 0 1
88 330 0 1
94 330 0 1
100 330 0 1
101 330 0 1
106 330 0 1
115 330 0 1
118 330 0 1
123 330 0 1
129 330 0 1
130 330 0 1
1 331 0 1
74 331 0 1
79 331 0 1
86 331 0 1
87 331 0 1
88 331 0 1
91 331 0 1
94 331 0 1
100 331 0 1
101 331 0 1
106 331 0 1
115 331 0 1
118 331 0 1
123 331 0 1
127 331 0 1
128 331 0 1
129 331 0 1
130 331 0 1
74 332 0 1
76 332 0 1
79 332 0 1
88 332 0 1
91 332 0 1
94 332 0 1
100 332 0 1
101 332 0 1
106 332 0 1
115 332 0 1
118 332 0 1
123 332 0 1
127 332 0 1
128 332 0 1
129 332 0 1
130 332 0 1
76 333 0 1
79 333 0 1
90 333 0 1
91 333 0 1
92 333 0 1
93 333 0 1
95 333 0 1
97 333 0 1
98 333 0 1
99 333 0 1
100 333 0 1
101 333 0 1
104 333 0 1
109 333 0 1
112 333 0 1
113 333 0 1
114 333 0 1
116 333 0 1
117 333 0 1
118 333 0 1
121 333 0 1
122 333 0 1
123 333 0 1
127 333 0 1
128 333 0 1
130 333 0 1
73 334 0 1
74 334 0 1
76 334 0 1
79 334 0 1
86 334 0 1
88 334 0 1
91 334 0 1
93 334 0 1
94 334 0 1
95 334 0 1
97 334 0 1
98 334 0 1
99 334 0 1
100 334 0 1
101 334 0 1
104 334 0 1
106 334 0 1
109 334 0 1
112 334 0 1
113 334 0 1
114 334 0 1
115 334 0 1
116 334 0 1
118 334 0 1
122 334 0 1
123 334 0 1
127 334 0 1
128 334 0 1
129 334 0 1
130 334 0 1
74 335 0 1
87 335 0 1
94 335 0 1
100 335 0 1
101 335 0 1
106 335 0 1
115 335 0 1
118 335 0 1
123 335 0 1
129 335 0 1
130 335 0 1
77 336 0 1
78 336 0 1
81 336 0 1
82 336 0 1
85 336 0 1
92 336 0 1
95 336 0 1
96 336 0 1
99 336 0 1
108 336 0 1
111 336 0 1
114 336 0 1
116 336 0 1
117 336 0 1
119 336 0 1
121 336 0 1
122 336 0 1
124 336 0 1
125 336 0 1
126 336 0 1
77 337 0 1
78 337 0 1
81 337 0 1
82 337 0 1
85 337 0 1
90 337 0 1
92 337 0 1
93 337 0 1
95 337 0 1
96 337 0 1
97 337 0 1
99 337 0 1
108 337 0 1
109 337 0 1
111 337 0 1
114 337 0 1
116 337 0 1
117 337 0 1
121 337 0 1
122 337 0 1
125 337 0 1
126 337 0 1
75 338 0 1
80 338 0 1
84 338 0 1
89 338 0 1
102 338 0 1
107 338 0 1
110 338 0 1
119 338 0 1
120 338 0 1
124 338 0 1
