1 4 0 0
4 5 0 0
1 6 0 0
6 7 0 0
1 8 0 0
4 8 0 0
5 8 0 0
1 9 0 0
4 9 0 0
5 9 0 0
8 9 0 0
1 10 0 0
4 10 0 0
5 10 0 0
8 10 0 0
9 10 0 0
1 11 0 0
4 11 0 0
5 11 0 0
8 11 0 0
9 11 0 0
10 11 0 0
1 12 0 0
6 12 0 0
7 12 0 0
4 13 0 0
5 13 0 0
8 13 0 0
10 13 0 0
11 13 0 0
1 14 0 0
4 14 0 0
5 14 0 0
8 14 0 0
9 14 0 0
10 14 0 0
11 14 0 0
13 14 0 0
1 15 0 0
4 15 0 0
5 15 0 0
8 15 0 0
9 15 0 0
10 15 0 0
11 15 0 0
13 15 0 0
14 15 0 0
6 16 0 0
7 16 0 0
12 16 0 0
6 17 0 0
7 17 0 0
16 17 0 0
6 18 0 0
7 18 0 0
12 18 0 0
16 18 0 0
17 18 0 0
1 19 0 0
6 19 0 0
7 19 0 0
12 19 0 0
16 19 0 0
17 19 0 0
18 19 0 0
6 20 0 0
7 20 0 0
16 20 0 0
17 20 0 0
18 20 0 0
19 20 0 0
6 21 0 0
7 21 0 0
16 21 0 0
17 21 0 0
18 21 0 0
19 21 0 0
20 21 0 0
1 22 0 0
4 22 0 0
5 22 0 0
8 22 0 0
9 22 0 0
10 22 0 0
11 22 0 0
12 22 0 0
13 22 0 0
14 22 0 0
15 22 0 0
1 23 0 0
12 23 0 0
14 23 0 0
19 23 0 0
22 23 0 0
3 24 0 0
5 24 0 0
8 24 0 0
10 24 0 0
13 24 0 0
14 24 0 0
15 24 0 0
22 24 0 0
1 25 0 0
3 25 0 0
8 25 0 0
9 25 0 0
10 25 0 0
11 25 0 0
12 25 0 0
14 25 0 0
15 25 0 0
22 25 0 0
23 25 0 0
3 26 0 0
13 26 0 0
14 26 0 0
15 26 0 0
24 26 0 0
3 27 0 0
13 27 0 0
14 27 0 0
15 27 0 0
22 27 0 0
24 27 0 0
25 27 0 0
26 27 0 0
12 28 0 0
16 28 0 0
18 28 0 0
20 28 0 0
21 28 0 0
1 29 0 0
3 29 0 0
13 29 0 0
14 29 0 0
15 29 0 0
22 29 0 0
23 29 0 0
24 29 0 0
25 29 0 0
26 29 0 0
27 29 0 0
1 30 0 0
11 30 0 0
12 30 0 0
14 30 0 0
15 30 0 0
22 30 0 0
23 30 0 0
25 30 0 0
29 30 0 0
1 31 0 0
12 31 0 0
18 31 0 0
19 31 0 0
22 31 0 0
23 31 0 0
25 31 0 0
28 31 0 0
30 31 0 0
7 32 0 0
12 32 0 0
16 32 0 0
17 32 0 0
18 32 0 0
19 32 0 0
20 32 0 0
21 32 0 0
23 32 0 0
28 32 0 0
31 32 0 0
1 33 0 0
3 33 0 0
8 33 0 0
10 33 0 0
11 33 0 0
13 33 0 0
14 33 0 0
15 33 0 0
22 33 0 0
23 33 0 0
24 33 0 0
25 33 0 0
26 33 0 0
27 33 0 0
29 33 0 0
30 33 0 0
3 34 0 0
10 34 0 0
13 34 0 0
14 34 0 0
15 34 0 0
22 34 0 0
24 34 0 0
25 34 0 0
26 34 0 0
27 34 0 0
29 34 0 0
33 34 0 0
1 35 0 0
3 35 0 0
11 35 0 0
12 35 0 0
14 35 0 0
15 35 0 0
22 35 0 0
23 35 0 0
25 35 0 0
26 35 0 0
27 35 0 0
29 35 0 0
30 35 0 0
31 35 0 0
33 35 0 0
34 35 0 0
16 36 0 0
17 36 0 0
18 36 0 0
20 36 0 0
21 36 0 0
28 36 0 0
32 36 0 0
3 37 0 0
13 37 0 0
14 37 0 0
15 37 0 0
22 37 0 0
24 37 0 0
25 37 0 0
26 37 0 0
27 37 0 0
29 37 0 0
30 37 0 0
33 37 0 0
34 37 0 0
35 37 0 0
12 38 0 0
16 38 0 0
17 38 0 0
18 38 0 0
19 38 0 0
20 38 0 0
21 38 0 0
23 38 0 0
28 38 0 0
31 38 0 0
32 38 0 0
36 38 0 0
1 39 0 0
3 39 0 0
12 39 0 0
14 39 0 0
15 39 0 0
22 39 0 0
23 39 0 0
25 39 0 0
29 39 0 0
30 39 0 0
31 39 0 0
33 39 0 0
35 39 0 0
37 39 0 0
38 39 0 0
1 40 0 0
3 40 0 0
12 40 0 0
14 40 0 0
15 40 0 0
22 40 0 0
23 40 0 0
25 40 0 0
27 40 0 0
29 40 0 0
30 40 0 0
31 40 0 0
33 40 0 0
34 40 0 0
35 40 0 0
37 40 0 0
39 40 0 0
16 41 0 0
28 41 0 0
32 41 0 0
36 41 0 0
38 41 0 0
3 42 0 0
14 42 0 0
24 42 0 0
25 42 0 0
26 42 0 0
27 42 0 0
29 42 0 0
30 42 0 0
33 42 0 0
34 42 0 0
35 42 0 0
37 42 0 0
39 42 0 0
40 42 0 0
3 43 0 0
14 43 0 0
24 43 0 0
25 43 0 0
26 43 0 0
27 43 0 0
29 43 0 0
30 43 0 0
33 43 0 0
34 43 0 0
35 43 0 0
37 43 0 0
39 43 0 0
40 43 0 0
42 43 0 0
28 44 0 0
31 44 0 0
32 44 0 0
36 44 0 0
38 44 0 0
41 44 0 0
23 45 0 0
28 45 0 0
31 45 0 0
32 45 0 0
36 45 0 0
38 45 0 0
39 45 0 0
41 45 0 0
44 45 0 0
28 46 0 0
32 46 0 0
36 46 0 0
38 46 0 0
41 46 0 0
44 46 0 0
45 46 0 0
3 47 0 0
24 47 0 0
26 47 0 0
27 47 0 0
29 47 0 0
33 47 0 0
34 47 0 0
35 47 0 0
37 47 0 0
40 47 0 0
42 47 0 0
43 47 0 0
1 48 0 0
3 48 0 0
14 48 0 0
15 48 0 0
22 48 0 0
23 48 0 0
25 48 0 0
26 48 0 0
27 48 0 0
29 48 0 0
30 48 0 0
31 48 0 0
33 48 0 0
34 48 0 0
35 48 0 0
37 48 0 0
39 48 0 0
40 48 0 0
42 48 0 0
43 48 0 0
47 48 0 0
3 49 0 0
13 49 0 0
14 49 0 0
15 49 0 0
22 49 0 0
24 49 0 0
25 49 0 0
26 49 0 0
27 49 0 0
29 49 0 0
30 49 0 0
33 49 0 0
34 49 0 0
35 49 0 0
37 49 0 0
40 49 0 0
42 49 0 0
43 49 0 0
47 49 0 0
48 49 0 0
3 50 0 0
13 50 0 0
14 50 0 0
24 50 0 0
25 50 0 0
26 50 0 0
27 50 0 0
29 50 0 0
33 50 0 0
34 50 0 0
35 50 0 0
37 50 0 0
40 50 0 0
42 50 0 0
43 50 0 0
47 50 0 0
48 50 0 0
49 50 0 0
12 51 0 0
16 51 0 0
28 51 0 0
31 51 0 0
32 51 0 0
36 51 0 0
38 51 0 0
41 51 0 0
44 51 0 0
45 51 0 0
46 51 0 0
3 52 0 0
4 52 0 0
5 52 0 0
8 52 0 0
10 52 0 0
11 52 0 0
13 52 0 0
14 52 0 0
15 52 0 0
22 52 0 0
24 52 0 0
26 52 0 0
27 52 0 0
29 52 0 0
33 52 0 0
34 52 0 0
37 52 0 0
43 52 0 0
49 52 0 0
50 52 0 0
1 53 0 0
4 53 0 0
5 53 0 0
8 53 0 0
9 53 0 0
10 53 0 0
11 53 0 0
13 53 0 0
14 53 0 0
15 53 0 0
22 53 0 0
23 53 0 0
24 53 0 0
25 53 0 0
26 53 0 0
27 53 0 0
29 53 0 0
30 53 0 0
33 53 0 0
34 53 0 0
35 53 0 0
37 53 0 0
39 53 0 0
40 53 0 0
42 53 0 0
43 53 0 0
48 53 0 0
49 53 0 0
50 53 0 0
52 53 0 0
1 54 0 0
8 54 0 0
9 54 0 0
11 54 0 0
12 54 0 0
14 54 0 0
15 54 0 0
19 54 0 0
22 54 0 0
23 54 0 0
25 54 0 0
29 54 0 0
30 54 0 0
31 54 0 0
33 54 0 0
35 54 0 0
37 54 0 0
39 54 0 0
40 54 0 0
42 54 0 0
48 54 0 0
49 54 0 0
53 54 0 0
6 55 0 0
7 55 0 0
16 55 0 0
17 55 0 0
18 55 0 0
19 55 0 0
20 55 0 0
21 55 0 0
28 55 0 0
32 55 0 0
36 55 0 0
38 55 0 0
41 55 0 0
44 55 0 0
45 55 0 0
46 55 0 0
51 55 0 0
3 56 0 0
4 56 0 0
5 56 0 0
8 56 0 0
10 56 0 0
11 56 0 0
13 56 0 0
14 56 0 0
15 56 0 0
22 56 0 0
24 56 0 0
25 56 0 0
26 56 0 0
27 56 0 0
29 56 0 0
33 56 0 0
34 56 0 0
35 56 0 0
37 56 0 0
42 56 0 0
43 56 0 0
47 56 0 0
49 56 0 0
50 56 0 0
52 56 0 0
53 56 0 0
2 57 0 0
41 57 0 0
46 57 0 0
2 58 0 0
41 58 0 0
46 58 0 0
57 58 0 0
3 59 0 0
43 59 0 0
47 59 0 0
2 60 0 0
44 60 0 0
45 60 0 0
46 60 0 0
57 60 0 0
58 60 0 0
41 61 0 0
44 61 0 0
45 61 0 0
46 61 0 0
51 61 0 0
57 61 0 0
58 61 0 0
60 61 0 0
41 62 0 0
44 62 0 0
45 62 0 0
46 62 0 0
51 62 0 0
60 62 0 0
61 62 0 0
3 63 0 0
29 63 0 0
42 63 0 0
43 63 0 0
47 63 0 0
48 63 0 0
49 63 0 0
50 63 0 0
59 63 0 0
3 64 0 0
42 64 0 0
43 64 0 0
47 64 0 0
49 64 0 0
50 64 0 0
59 64 0 0
63 64 0 0
3 65 0 0
42 65 0 0
43 65 0 0
47 65 0 0
48 65 0 0
59 65 0 0
63 65 0 0
64 65 0 0
44 66 0 0
45 66 0 0
51 66 0 0
60 66 0 0
61 66 0 0
62 66 0 0
65 66 0 0
45 67 0 0
60 67 0 0
61 67 0 0
62 67 0 0
63 67 0 0
65 67 0 0
66 67 0 0
3 68 0 0
59 68 0 0
62 68 0 0
63 68 0 0
64 68 0 0
65 68 0 0
66 68 0 0
67 68 0 0
2 69 0 0
28 69 0 0
36 69 0 0
41 69 0 0
44 69 0 0
45 69 0 0
46 69 0 0
51 69 0 0
57 69 0 0
58 69 0 0
60 69 0 0
61 69 0 0
62 69 0 0
66 69 0 0
28 70 0 0
41 70 0 0
44 70 0 0
45 70 0 0
46 70 0 0
51 70 0 0
60 70 0 0
61 70 0 0
62 70 0 0
66 70 0 0
67 70 0 0
68 70 0 0
69 70 0 0
28 71 0 0
36 71 0 0
41 71 0 0
44 71 0 0
45 71 0 0
46 71 0 0
51 71 0 0
57 71 0 0
58 71 0 0
60 71 0 0
61 71 0 0
62 71 0 0
66 71 0 0
67 71 0 0
69 71 0 0
70 71 0 0
44 72 0 0
45 72 0 0
51 72 0 0
60 72 0 0
61 72 0 0
62 72 0 0
63 72 0 0
65 72 0 0
66 72 0 0
67 72 0 0
68 72 0 0
69 72 0 0
70 72 0 0
71 72 0 0
28 73 0 0
32 73 0 0
36 73 0 0
38 73 0 0
41 73 0 0
44 73 0 0
45 73 0 0
46 73 0 0
51 73 0 0
55 73 0 0
57 73 0 0
58 73 0 0
60 73 0 0
61 73 0 0
62 73 0 0
69 73 0 0
70 73 0 0
71 73 0 0
28 74 0 0
31 74 0 0
32 74 0 0
36 74 0 0
38 74 0 0
41 74 0 0
44 74 0 0
45 74 0 0
46 74 0 0
51 74 0 0
55 74 0 0
57 74 0 0
58 74 0 0
60 74 0 0
61 74 0 0
62 74 0 0
66 74 0 0
67 74 0 0
69 74 0 0
70 74 0 0
71 74 0 0
72 74 0 0
73 74 0 0
3 75 0 0
23 75 0 0
25 75 0 0
29 75 0 0
30 75 0 0
31 75 0 0
33 75 0 0
35 75 0 0
37 75 0 0
39 75 0 0
40 75 0 0
42 75 0 0
43 75 0 0
45 75 0 0
48 75 0 0
54 75 0 0
63 75 0 0
65 75 0 0
66 75 0 0
67 75 0 0
68 75 0 0
70 75 0 0
72 75 0 0
23 76 0 0
30 76 0 0
31 76 0 0
38 76 0 0
39 76 0 0
40 76 0 0
44 76 0 0
45 76 0 0
48 76 0 0
51 76 0 0
61 76 0 0
62 76 0 0
65 76 0 0
66 76 0 0
67 76 0 0
68 76 0 0
70 76 0 0
71 76 0 0
72 76 0 0
74 76 0 0
75 76 0 0
28 77 0 0
32 77 0 0
36 77 0 0
38 77 0 0
41 77 0 0
44 77 0 0
45 77 0 0
46 77 0 0
51 77 0 0
57 77 0 0
58 77 0 0
60 77 0 0
61 77 0 0
62 77 0 0
66 77 0 0
69 77 0 0
70 77 0 0
71 77 0 0
73 77 0 0
74 77 0 0
3 78 0 0
25 78 0 0
27 78 0 0
29 78 0 0
30 78 0 0
33 78 0 0
35 78 0 0
37 78 0 0
39 78 0 0
40 78 0 0
42 78 0 0
43 78 0 0
47 78 0 0
48 78 0 0
49 78 0 0
50 78 0 0
59 78 0 0
63 78 0 0
64 78 0 0
65 78 0 0
67 78 0 0
68 78 0 0
72 78 0 0
75 78 0 0
76 78 0 0
28 79 0 0
31 79 0 0
32 79 0 0
36 79 0 0
38 79 0 0
41 79 0 0
44 79 0 0
45 79 0 0
46 79 0 0
51 79 0 0
60 79 0 0
61 79 0 0
62 79 0 0
66 79 0 0
67 79 0 0
68 79 0 0
69 79 0 0
70 79 0 0
71 79 0 0
72 79 0 0
73 79 0 0
74 79 0 0
75 79 0 0
76 79 0 0
77 79 0 0
3 80 0 0
26 80 0 0
27 80 0 0
29 80 0 0
34 80 0 0
35 80 0 0
37 80 0 0
40 80 0 0
42 80 0 0
43 80 0 0
47 80 0 0
48 80 0 0
49 80 0 0
50 80 0 0
59 80 0 0
63 80 0 0
64 80 0 0
65 80 0 0
68 80 0 0
75 80 0 0
78 80 0 0
3 81 0 0
29 81 0 0
35 81 0 0
39 81 0 0
40 81 0 0
42 81 0 0
45 81 0 0
48 81 0 0
62 81 0 0
63 81 0 0
65 81 0 0
66 81 0 0
67 81 0 0
68 81 0 0
70 81 0 0
72 81 0 0
75 81 0 0
76 81 0 0
78 81 0 0
79 81 0 0
80 81 0 0
62 82 0 0
63 82 0 0
65 82 0 0
66 82 0 0
67 82 0 0
68 82 0 0
70 82 0 0
72 82 0 0
81 82 0 0
60 83 0 0
61 83 0 0
62 83 0 0
66 83 0 0
67 83 0 0
68 83 0 0
70 83 0 0
71 83 0 0
72 83 0 0
79 83 0 0
82 83 0 0
2 84 0 0
60 84 0 0
61 84 0 0
62 84 0 0
66 84 0 0
67 84 0 0
69 84 0 0
70 84 0 0
71 84 0 0
72 84 0 0
82 84 0 0
83 84 0 0
2 85 0 0
58 85 0 0
60 85 0 0
61 85 0 0
62 85 0 0
66 85 0 0
67 85 0 0
69 85 0 0
70 85 0 0
71 85 0 0
72 85 0 0
74 85 0 0
82 85 0 0
83 85 0 0
84 85 0 0
2 86 0 0
57 86 0 0
58 86 0 0
60 86 0 0
61 86 0 0
62 86 0 0
66 86 0 0
69 86 0 0
70 86 0 0
71 86 0 0
77 86 0 0
83 86 0 0
84 86 0 0
85 86 0 0
60 87 0 0
61 87 0 0
62 87 0 0
65 87 0 0
66 87 0 0
67 87 0 0
68 87 0 0
70 87 0 0
72 87 0 0
82 87 0 0
83 87 0 0
84 87 0 0
85 87 0 0
2 88 0 0
58 88 0 0
60 88 0 0
61 88 0 0
62 88 0 0
66 88 0 0
67 88 0 0
69 88 0 0
70 88 0 0
71 88 0 0
72 88 0 0
83 88 0 0
84 88 0 0
85 88 0 0
86 88 0 0
87 88 0 0
2 89 0 0
60 89 0 0
61 89 0 0
62 89 0 0
66 89 0 0
67 89 0 0
70 89 0 0
71 89 0 0
72 89 0 0
82 89 0 0
83 89 0 0
84 89 0 0
85 89 0 0
86 89 0 0
87 89 0 0
88 89 0 0
2 90 0 0
57 90 0 0
58 90 0 0
60 90 0 0
61 90 0 0
62 90 0 0
69 90 0 0
71 90 0 0
83 90 0 0
84 90 0 0
85 90 0 0
86 90 0 0
88 90 0 0
89 90 0 0
62 91 0 0
65 91 0 0
66 91 0 0
67 91 0 0
68 91 0 0
70 91 0 0
72 91 0 0
82 91 0 0
83 91 0 0
84 91 0 0
85 91 0 0
87 91 0 0
88 91 0 0
89 91 0 0
59 92 0 0
82 92 0 0
87 92 0 0
91 92 0 0
67 93 0 0
68 93 0 0
82 93 0 0
83 93 0 0
87 93 0 0
91 93 0 0
92 93 0 0
2 94 0 0
90 94 0 0
2 95 0 0
94 95 0 0
2 96 0 0
86 96 0 0
90 96 0 0
94 96 0 0
95 96 0 0
82 97 0 0
83 97 0 0
84 97 0 0
85 97 0 0
86 97 0 0
87 97 0 0
88 97 0 0
89 97 0 0
90 97 0 0
91 97 0 0
93 97 0 0
3 98 0 0
92 99 0 0
93 99 0 0
98 99 0 0
2 100 0 0
94 100 0 0
95 100 0 0
96 100 0 0
82 101 0 0
83 101 0 0
84 101 0 0
87 101 0 0
89 101 0 0
91 101 0 0
92 101 0 0
93 101 0 0
97 101 0 0
82 102 0 0
83 102 0 0
87 102 0 0
91 102 0 0
92 102 0 0
93 102 0 0
97 102 0 0
101 102 0 0
82 103 0 0
87 103 0 0
91 103 0 0
92 103 0 0
93 103 0 0
97 103 0 0
99 103 0 0
101 103 0 0
102 103 0 0
82 104 0 0
91 104 0 0
92 104 0 0
93 104 0 0
99 104 0 0
101 104 0 0
102 104 0 0
103 104 0 0
2 105 0 0
83 105 0 0
84 105 0 0
85 105 0 0
86 105 0 0
87 105 0 0
88 105 0 0
89 105 0 0
90 105 0 0
91 105 0 0
97 105 0 0
101 105 0 0
102 105 0 0
92 106 0 0
98 106 0 0
99 106 0 0
104 106 0 0
97 107 0 0
101 107 0 0
102 107 0 0
105 107 0 0
2 108 0 0
94 108 0 0
95 108 0 0
96 108 0 0
100 108 0 0
105 108 0 0
107 108 0 0
92 109 0 0
93 109 0 0
97 109 0 0
101 109 0 0
102 109 0 0
103 109 0 0
104 109 0 0
106 109 0 0
107 109 0 0
97 110 0 0
101 110 0 0
105 110 0 0
107 110 0 0
108 110 0 0
2 111 0 0
94 111 0 0
96 111 0 0
97 111 0 0
100 111 0 0
105 111 0 0
107 111 0 0
108 111 0 0
110 111 0 0
93 112 0 0
97 112 0 0
101 112 0 0
102 112 0 0
103 112 0 0
104 112 0 0
107 112 0 0
109 112 0 0
110 112 0 0
2 113 0 0
90 113 0 0
94 113 0 0
96 113 0 0
97 113 0 0
100 113 0 0
105 113 0 0
107 113 0 0
108 113 0 0
110 113 0 0
111 113 0 0
93 114 0 0
97 114 0 0
101 114 0 0
102 114 0 0
103 114 0 0
104 114 0 0
105 114 0 0
107 114 0 0
109 114 0 0
110 114 0 0
111 114 0 0
112 114 0 0
113 114 0 0
93 115 0 0
97 115 0 0
101 115 0 0
102 115 0 0
103 115 0 0
105 115 0 0
107 115 0 0
109 115 0 0
110 115 0 0
111 115 0 0
112 115 0 0
113 115 0 0
114 115 0 0
2 116 0 0
94 116 0 0
95 116 0 0
96 116 0 0
100 116 0 0
108 116 0 0
111 116 0 0
113 116 0 0
88 117 0 0
89 117 0 0
90 117 0 0
97 117 0 0
101 117 0 0
105 117 0 0
107 117 0 0
108 117 0 0
110 117 0 0
111 117 0 0
113 117 0 0
114 117 0 0
115 117 0 0
91 118 0 0
92 118 0 0
93 118 0 0
97 118 0 0
99 118 0 0
101 118 0 0
102 118 0 0
103 118 0 0
104 118 0 0
107 118 0 0
109 118 0 0
112 118 0 0
114 118 0 0
115 118 0 0
2 119 0 0
90 119 0 0
94 119 0 0
96 119 0 0
97 119 0 0
100 119 0 0
105 119 0 0
107 119 0 0
108 119 0 0
110 119 0 0
111 119 0 0
113 119 0 0
115 119 0 0
116 119 0 0
117 119 0 0
2 120 0 0
94 120 0 0
95 120 0 0
96 120 0 0
100 120 0 0
108 120 0 0
111 120 0 0
113 120 0 0
116 120 0 0
119 120 0 0
92 121 0 0
93 121 0 0
99 121 0 0
101 121 0 0
102 121 0 0
103 121 0 0
104 121 0 0
106 121 0 0
109 121 0 0
112 121 0 0
114 121 0 0
118 121 0 0
92 122 0 0
98 122 0 0
99 122 0 0
104 122 0 0
106 122 0 0
121 122 0 0
2 123 0 0
94 123 0 0
95 123 0 0
96 123 0 0
100 123 0 0
108 123 0 0
111 123 0 0
113 123 0 0
116 123 0 0
119 123 0 0
120 123 0 0
92 124 0 0
93 124 0 0
99 124 0 0
101 124 0 0
102 124 0 0
103 124 0 0
104 124 0 0
106 124 0 0
109 124 0 0
112 124 0 0
114 124 0 0
115 124 0 0
118 124 0 0
121 124 0 0
97 125 0 0
101 125 0 0
105 125 0 0
107 125 0 0
108 125 0 0
110 125 0 0
111 125 0 0
112 125 0 0
113 125 0 0
114 125 0 0
115 125 0 0
117 125 0 0
118 125 0 0
119 125 0 0
93 126 0 0
97 126 0 0
101 126 0 0
102 126 0 0
103 126 0 0
105 126 0 0
107 126 0 0
109 126 0 0
110 126 0 0
111 126 0 0
112 126 0 0
113 126 0 0
114 126 0 0
115 126 0 0
117 126 0 0
118 126 0 0
124 126 0 0
125 126 0 0
3 127 0 0
59 127 0 0
64 127 0 0
80 127 0 0
92 127 0 0
98 127 0 0
99 127 0 0
104 127 0 0
122 127 0 0
2 128 0 0
60 128 0 0
61 128 0 0
62 128 0 0
66 128 0 0
67 128 0 0
71 128 0 0
72 128 0 0
82 128 0 0
83 128 0 0
84 128 0 0
85 128 0 0
86 128 0 0
87 128 0 0
88 128 0 0
89 128 0 0
90 128 0 0
91 128 0 0
97 128 0 0
101 128 0 0
102 128 0 0
105 128 0 0
110 128 0 0
113 128 0 0
114 128 0 0
115 128 0 0
117 128 0 0
119 128 0 0
125 128 0 0
126 128 0 0
59 129 0 0
63 129 0 0
64 129 0 0
65 129 0 0
67 129 0 0
68 129 0 0
72 129 0 0
80 129 0 0
82 129 0 0
83 129 0 0
87 129 0 0
91 129 0 0
92 129 0 0
93 129 0 0
97 129 0 0
99 129 0 0
101 129 0 0
102 129 0 0
103 129 0 0
104 129 0 0
118 129 0 0
121 129 0 0
124 129 0 0
127 129 0 0
2 130 0 0
57 130 0 0
58 130 0 0
60 130 0 0
61 130 0 0
62 130 0 0
66 130 0 0
71 130 0 0
83 130 0 0
84 130 0 0
85 130 0 0
86 130 0 0
87 130 0 0
88 130 0 0
89 130 0 0
90 130 0 0
91 130 0 0
94 130 0 0
96 130 0 0
97 130 0 0
105 130 0 0
107 130 0 0
110 130 0 0
111 130 0 0
113 130 0 0
115 130 0 0
117 130 0 0
119 130 0 0
125 130 0 0
128 130 0 0
2 131 0 0
94 131 0 0
95 131 0 0
96 131 0 0
100 131 0 0
116 131 0 0
120 131 0 0
123 131 0 0
3 132 0 0
59 132 0 0
64 132 0 0
92 132 0 0
98 132 0 0
99 132 0 0
106 132 0 0
122 132 0 0
127 132 0 0
129 132 0 0
3 133 0 0
59 133 0 0
64 133 0 0
80 133 0 0
92 133 0 0
93 133 0 0
98 133 0 0
99 133 0 0
103 133 0 0
104 133 0 0
121 133 0 0
122 133 0 0
127 133 0 0
129 133 0 0
132 133 0 0
65 134 0 0
67 134 0 0
68 134 0 0
72 134 0 0
82 134 0 0
83 134 0 0
84 134 0 0
87 134 0 0
91 134 0 0
92 134 0 0
93 134 0 0
97 134 0 0
101 134 0 0
102 134 0 0
103 134 0 0
104 134 0 0
109 134 0 0
114 134 0 0
118 134 0 0
121 134 0 0
124 134 0 0
128 134 0 0
129 134 0 0
133 134 0 0
2 135 0 0
60 135 0 0
61 135 0 0
62 135 0 0
66 135 0 0
67 135 0 0
72 135 0 0
82 135 0 0
83 135 0 0
84 135 0 0
85 135 0 0
86 135 0 0
87 135 0 0
88 135 0 0
89 135 0 0
90 135 0 0
91 135 0 0
97 135 0 0
101 135 0 0
102 135 0 0
105 135 0 0
107 135 0 0
113 135 0 0
114 135 0 0
115 135 0 0
117 135 0 0
119 135 0 0
125 135 0 0
126 135 0 0
128 135 0 0
130 135 0 0
134 135 0 0
2 136 0 0
58 136 0 0
60 136 0 0
84 136 0 0
85 136 0 0
86 136 0 0
88 136 0 0
89 136 0 0
90 136 0 0
94 136 0 0
96 136 0 0
97 136 0 0
100 136 0 0
105 136 0 0
108 136 0 0
110 136 0 0
111 136 0 0
113 136 0 0
116 136 0 0
117 136 0 0
119 136 0 0
120 136 0 0
123 136 0 0
125 136 0 0
128 136 0 0
130 136 0 0
135 136 0 0
2 137 0 0
60 137 0 0
62 137 0 0
82 137 0 0
83 137 0 0
84 137 0 0
85 137 0 0
86 137 0 0
87 137 0 0
88 137 0 0
89 137 0 0
90 137 0 0
91 137 0 0
97 137 0 0
101 137 0 0
102 137 0 0
105 137 0 0
107 137 0 0
110 137 0 0
111 137 0 0
113 137 0 0
114 137 0 0
115 137 0 0
117 137 0 0
119 137 0 0
125 137 0 0
126 137 0 0
128 137 0 0
130 137 0 0
134 137 0 0
135 137 0 0
136 137 0 0
2 138 0 0
57 138 0 0
58 138 0 0
60 138 0 0
85 138 0 0
86 138 0 0
88 138 0 0
89 138 0 0
90 138 0 0
94 138 0 0
95 138 0 0
96 138 0 0
100 138 0 0
105 138 0 0
108 138 0 0
111 138 0 0
113 138 0 0
116 138 0 0
117 138 0 0
119 138 0 0
120 138 0 0
123 138 0 0
128 138 0 0
130 138 0 0
131 138 0 0
135 138 0 0
136 138 0 0
137 138 0 0
2 139 0 0
57 139 0 0
58 139 0 0
96 139 0 0
131 139 0 0
138 139 0 0
2 140 0 0
57 140 0 0
58 140 0 0
96 140 0 0
100 140 0 0
131 140 0 0
138 140 0 0
139 140 0 0
2 141 0 0
57 141 0 0
58 141 0 0
60 141 0 0
69 141 0 0
73 141 0 0
77 141 0 0
86 141 0 0
88 141 0 0
90 141 0 0
96 141 0 0
100 141 0 0
130 141 0 0
131 141 0 0
136 141 0 0
138 141 0 0
139 141 0 0
140 141 0 0
3 142 0 0
59 142 0 0
63 142 0 0
64 142 0 0
65 142 0 0
68 142 0 0
78 142 0 0
80 142 0 0
92 142 0 0
99 142 0 0
127 142 0 0
129 142 0 0
132 142 0 0
133 142 0 0
3 143 0 0
47 143 0 0
59 143 0 0
63 143 0 0
64 143 0 0
65 143 0 0
78 143 0 0
80 143 0 0
127 143 0 0
129 143 0 0
132 143 0 0
133 143 0 0
142 143 0 0
3 144 0 0
47 144 0 0
59 144 0 0
63 144 0 0
64 144 0 0
65 144 0 0
67 144 0 0
68 144 0 0
75 144 0 0
78 144 0 0
80 144 0 0
81 144 0 0
82 144 0 0
91 144 0 0
92 144 0 0
93 144 0 0
127 144 0 0
129 144 0 0
132 144 0 0
133 144 0 0
134 144 0 0
142 144 0 0
143 144 0 0
60 145 0 0
61 145 0 0
62 145 0 0
65 145 0 0
66 145 0 0
67 145 0 0
68 145 0 0
70 145 0 0
71 145 0 0
72 145 0 0
74 145 0 0
75 145 0 0
76 145 0 0
79 145 0 0
81 145 0 0
82 145 0 0
83 145 0 0
84 145 0 0
85 145 0 0
87 145 0 0
88 145 0 0
89 145 0 0
91 145 0 0
93 145 0 0
128 145 0 0
129 145 0 0
130 145 0 0
134 145 0 0
135 145 0 0
137 145 0 0
60 146 0 0
61 146 0 0
62 146 0 0
66 146 0 0
67 146 0 0
68 146 0 0
70 146 0 0
71 146 0 0
72 146 0 0
74 146 0 0
76 146 0 0
79 146 0 0
81 146 0 0
82 146 0 0
83 146 0 0
84 146 0 0
85 146 0 0
86 146 0 0
87 146 0 0
88 146 0 0
89 146 0 0
90 146 0 0
91 146 0 0
93 146 0 0
97 146 0 0
101 146 0 0
128 146 0 0
129 146 0 0
130 146 0 0
134 146 0 0
135 146 0 0
137 146 0 0
145 146 0 0
3 147 0 0
59 147 0 0
63 147 0 0
64 147 0 0
65 147 0 0
80 147 0 0
92 147 0 0
98 147 0 0
99 147 0 0
127 147 0 0
129 147 0 0
132 147 0 0
133 147 0 0
142 147 0 0
143 147 0 0
144 147 0 0
61 148 0 0
62 148 0 0
63 148 0 0
65 148 0 0
66 148 0 0
67 148 0 0
68 148 0 0
70 148 0 0
72 148 0 0
75 148 0 0
76 148 0 0
78 148 0 0
79 148 0 0
81 148 0 0
82 148 0 0
83 148 0 0
84 148 0 0
87 148 0 0
89 148 0 0
91 148 0 0
92 148 0 0
93 148 0 0
101 148 0 0
102 148 0 0
103 148 0 0
128 148 0 0
129 148 0 0
134 148 0 0
135 148 0 0
144 148 0 0
145 148 0 0
146 148 0 0
59 149 0 0
63 149 0 0
64 149 0 0
65 149 0 0
66 149 0 0
67 149 0 0
68 149 0 0
72 149 0 0
78 149 0 0
80 149 0 0
81 149 0 0
82 149 0 0
83 149 0 0
87 149 0 0
91 149 0 0
92 149 0 0
93 149 0 0
101 149 0 0
102 149 0 0
103 149 0 0
104 149 0 0
129 149 0 0
133 149 0 0
134 149 0 0
142 149 0 0
144 149 0 0
145 149 0 0
146 149 0 0
147 149 0 0
148 149 0 0
2 150 0 0
57 150 0 0
58 150 0 0
95 150 0 0
96 150 0 0
100 150 0 0
116 150 0 0
131 150 0 0
138 150 0 0
139 150 0 0
140 150 0 0
141 150 0 0
60 151 0 0
61 151 0 0
62 151 0 0
66 151 0 0
67 151 0 0
68 151 0 0
70 151 0 0
71 151 0 0
72 151 0 0
74 151 0 0
79 151 0 0
82 151 0 0
83 151 0 0
84 151 0 0
85 151 0 0
86 151 0 0
87 151 0 0
88 151 0 0
89 151 0 0
90 151 0 0
91 151 0 0
93 151 0 0
97 151 0 0
101 151 0 0
102 151 0 0
105 151 0 0
128 151 0 0
129 151 0 0
130 151 0 0
134 151 0 0
135 151 0 0
137 151 0 0
145 151 0 0
146 151 0 0
148 151 0 0
149 151 0 0
2 152 0 0
57 152 0 0
58 152 0 0
60 152 0 0
69 152 0 0
71 152 0 0
77 152 0 0
85 152 0 0
86 152 0 0
88 152 0 0
89 152 0 0
90 152 0 0
94 152 0 0
96 152 0 0
100 152 0 0
116 152 0 0
128 152 0 0
130 152 0 0
131 152 0 0
136 152 0 0
138 152 0 0
139 152 0 0
140 152 0 0
141 152 0 0
150 152 0 0
2 153 0 1
7 153 0 1
16 153 0 1
17 153 0 1
18 153 0 1
20 153 0 1
21 153 0 1
28 153 0 1
32 153 0 1
36 153 0 1
38 153 0 1
41 153 0 1
44 153 0 1
46 153 0 1
51 153 0 1
55 153 0 1
57 153 0 1
58 153 0 1
60 153 0 1
69 153 0 1
71 153 0 1
73 153 0 1
74 153 0 1
77 153 0 1
86 153 0 1
90 153 0 1
96 153 0 1
131 153 0 1
136 153 0 1
138 153 0 1
139 153 0 1
140 153 0 1
141 153 0 1
150 153 0 1
152 153 0 1
4 154 0 1
5 154 0 1
8 154 0 1
9 154 0 1
10 154 0 1
11 154 0 1
13 154 0 1
14 154 0 1
15 154 0 1
22 154 0 1
24 154 0 1
34 154 0 1
52 154 0 1
53 154 0 1
56 154 0 1
4 155 0 1
5 155 0 1
8 155 0 1
9 155 0 1
10 155 0 1
11 155 0 1
13 155 0 1
14 155 0 1
15 155 0 1
22 155 0 1
24 155 0 1
52 155 0 1
56 155 0 1
1 156 0 1
4 156 0 1
5 156 0 1
6 156 0 1
8 156 0 1
9 156 0 1
10 156 0 1
11 156 0 1
12 156 0 1
14 156 0 1
15 156 0 1
22 156 0 1
53 156 0 1
54 156 0 1
1 157 0 1
6 157 0 1
7 157 0 1
9 157 0 1
12 157 0 1
18 157 0 1
19 157 0 1
22 157 0 1
54 157 0 1
6 158 0 1
7 158 0 1
12 158 0 1
16 158 0 1
17 158 0 1
18 158 0 1
19 158 0 1
20 158 0 1
21 158 0 1
6 159 0 1
7 159 0 1
16 159 0 1
17 159 0 1
18 159 0 1
20 159 0 1
21 159 0 1
55 159 0 1
7 160 0 1
16 160 0 1
17 160 0 1
18 160 0 1
20 160 0 1
21 160 0 1
7 161 0 1
16 161 0 1
17 161 0 1
20 161 0 1
21 161 0 1
7 163 0 1
16 163 0 1
17 163 0 1
18 163 0 1
20 163 0 1
21 163 0 1
55 163 0 1
16 164 0 1
17 164 0 1
20 164 0 1
21 164 0 1
55 164 0 1
1 165 0 1
6 165 0 1
8 165 0 1
9 165 0 1
11 165 0 1
12 165 0 1
14 165 0 1
19 165 0 1
22 165 0 1
23 165 0 1
53 165 0 1
54 165 0 1
7 166 0 1
16 166 0 1
17 166 0 1
20 166 0 1
21 166 0 1
55 166 0 1
1 167 0 1
6 167 0 1
7 167 0 1
12 167 0 1
16 167 0 1
17 167 0 1
18 167 0 1
19 167 0 1
20 167 0 1
21 167 0 1
31 167 0 1
32 167 0 1
36 167 0 1
38 167 0 1
55 167 0 1
1 169 0 1
6 169 0 1
8 169 0 1
9 169 0 1
11 169 0 1
12 169 0 1
14 169 0 1
19 169 0 1
22 169 0 1
23 169 0 1
25 169 0 1
30 169 0 1
31 169 0 1
39 169 0 1
53 169 0 1
54 169 0 1
1 170 0 1
6 170 0 1
7 170 0 1
9 170 0 1
11 170 0 1
12 170 0 1
18 170 0 1
19 170 0 1
22 170 0 1
23 170 0 1
25 170 0 1
30 170 0 1
31 170 0 1
39 170 0 1
54 170 0 1
17 171 0 1
4 172 0 1
5 172 0 1
8 172 0 1
10 172 0 1
11 172 0 1
13 172 0 1
14 172 0 1
15 172 0 1
22 172 0 1
24 172 0 1
26 172 0 1
34 172 0 1
52 172 0 1
53 172 0 1
56 172 0 1
4 173 0 1
5 173 0 1
8 173 0 1
9 173 0 1
10 173 0 1
11 173 0 1
13 173 0 1
14 173 0 1
15 173 0 1
22 173 0 1
24 173 0 1
26 173 0 1
27 173 0 1
33 173 0 1
34 173 0 1
37 173 0 1
52 173 0 1
53 173 0 1
56 173 0 1
1 174 0 1
4 174 0 1
5 174 0 1
8 174 0 1
9 174 0 1
10 174 0 1
11 174 0 1
12 174 0 1
14 174 0 1
15 174 0 1
22 174 0 1
23 174 0 1
25 174 0 1
30 174 0 1
33 174 0 1
35 174 0 1
39 174 0 1
40 174 0 1
53 174 0 1
54 174 0 1
1 175 0 1
4 175 0 1
5 175 0 1
8 175 0 1
9 175 0 1
10 175 0 1
11 175 0 1
13 175 0 1
14 175 0 1
15 175 0 1
22 175 0 1
24 175 0 1
25 175 0 1
29 175 0 1
30 175 0 1
33 175 0 1
34 175 0 1
35 175 0 1
37 175 0 1
40 175 0 1
52 175 0 1
53 175 0 1
54 175 0 1
56 175 0 1
1 176 0 1
6 176 0 1
7 176 0 1
12 176 0 1
16 176 0 1
17 176 0 1
18 176 0 1
19 176 0 1
20 176 0 1
21 176 0 1
23 176 0 1
28 176 0 1
31 176 0 1
32 176 0 1
36 176 0 1
38 176 0 1
39 176 0 1
44 176 0 1
45 176 0 1
51 176 0 1
55 176 0 1
3 177 0 1
4 177 0 1
5 177 0 1
8 177 0 1
10 177 0 1
11 177 0 1
13 177 0 1
14 177 0 1
15 177 0 1
22 177 0 1
24 177 0 1
25 177 0 1
26 177 0 1
27 177 0 1
29 177 0 1
33 177 0 1
34 177 0 1
35 177 0 1
37 177 0 1
42 177 0 1
43 177 0 1
49 177 0 1
50 177 0 1
52 177 0 1
53 177 0 1
56 177 0 1
1 178 0 1
6 178 0 1
7 178 0 1
12 178 0 1
16 178 0 1
17 178 0 1
18 178 0 1
19 178 0 1
21 178 0 1
22 178 0 1
23 178 0 1
28 178 0 1
30 178 0 1
31 178 0 1
32 178 0 1
36 178 0 1
38 178 0 1
39 178 0 1
44 178 0 1
45 178 0 1
51 178 0 1
54 178 0 1
55 178 0 1
6 179 0 1
7 179 0 1
12 179 0 1
16 179 0 1
17 179 0 1
18 179 0 1
19 179 0 1
20 179 0 1
21 179 0 1
28 179 0 1
31 179 0 1
32 179 0 1
36 179 0 1
38 179 0 1
41 179 0 1
44 179 0 1
45 179 0 1
51 179 0 1
55 179 0 1
6 180 0 1
7 180 0 1
12 180 0 1
16 180 0 1
17 180 0 1
18 180 0 1
19 180 0 1
20 180 0 1
21 180 0 1
23 180 0 1
28 180 0 1
31 180 0 1
32 180 0 1
36 180 0 1
38 180 0 1
41 180 0 1
44 180 0 1
45 180 0 1
51 180 0 1
55 180 0 1
74 180 0 1
16 181 0 1
17 181 0 1
20 181 0 1
21 181 0 1
36 181 0 1
41 181 0 1
55 181 0 1
16 182 0 1
17 182 0 1
18 182 0 1
20 182 0 1
21 182 0 1
28 182 0 1
36 182 0 1
41 182 0 1
55 182 0 1
6 183 0 1
7 183 0 1
16 183 0 1
17 183 0 1
18 183 0 1
20 183 0 1
21 183 0 1
28 183 0 1
32 183 0 1
36 183 0 1
38 183 0 1
55 183 0 1
1 184 0 1
6 184 0 1
7 184 0 1
12 184 0 1
16 184 0 1
17 184 0 1
18 184 0 1
19 184 0 1
20 184 0 1
21 184 0 1
23 184 0 1
28 184 0 1
31 184 0 1
32 184 0 1
36 184 0 1
38 184 0 1
51 184 0 1
55 184 0 1
1 185 0 1
4 185 0 1
5 185 0 1
8 185 0 1
9 185 0 1
10 185 0 1
11 185 0 1
13 185 0 1
14 185 0 1
15 185 0 1
22 185 0 1
24 185 0 1
25 185 0 1
26 185 0 1
27 185 0 1
29 185 0 1
30 185 0 1
33 185 0 1
34 185 0 1
35 185 0 1
37 185 0 1
40 185 0 1
42 185 0 1
43 185 0 1
48 185 0 1
49 185 0 1
50 185 0 1
52 185 0 1
53 185 0 1
54 185 0 1
56 185 0 1
4 186 0 1
5 186 0 1
8 186 0 1
10 186 0 1
11 186 0 1
13 186 0 1
14 186 0 1
15 186 0 1
22 186 0 1
24 186 0 1
26 186 0 1
27 186 0 1
33 186 0 1
34 186 0 1
37 186 0 1
52 186 0 1
53 186 0 1
56 186 0 1
1 187 0 1
6 187 0 1
7 187 0 1
12 187 0 1
16 187 0 1
17 187 0 1
18 187 0 1
19 187 0 1
20 187 0 1
21 187 0 1
22 187 0 1
23 187 0 1
28 187 0 1
30 187 0 1
31 187 0 1
32 187 0 1
36 187 0 1
38 187 0 1
39 187 0 1
45 187 0 1
51 187 0 1
54 187 0 1
55 187 0 1
6 188 0 1
7 188 0 1
16 188 0 1
17 188 0 1
18 188 0 1
20 188 0 1
21 188 0 1
28 188 0 1
32 188 0 1
36 188 0 1
38 188 0 1
41 188 0 1
55 188 0 1
1 189 0 1
6 189 0 1
7 189 0 1
9 189 0 1
12 189 0 1
18 189 0 1
19 189 0 1
22 189 0 1
23 189 0 1
25 189 0 1
30 189 0 1
31 189 0 1
32 189 0 1
35 189 0 1
38 189 0 1
39 189 0 1
40 189 0 1
54 189 0 1
1 190 0 1
6 190 0 1
9 190 0 1
11 190 0 1
12 190 0 1
14 190 0 1
15 190 0 1
19 190 0 1
22 190 0 1
23 190 0 1
25 190 0 1
29 190 0 1
30 190 0 1
31 190 0 1
33 190 0 1
35 190 0 1
38 190 0 1
39 190 0 1
40 190 0 1
48 190 0 1
53 190 0 1
54 190 0 1
3 191 0 1
13 191 0 1
14 191 0 1
15 191 0 1
24 191 0 1
25 191 0 1
26 191 0 1
27 191 0 1
29 191 0 1
33 191 0 1
34 191 0 1
35 191 0 1
37 191 0 1
42 191 0 1
43 191 0 1
47 191 0 1
48 191 0 1
49 191 0 1
50 191 0 1
52 191 0 1
53 191 0 1
56 191 0 1
78 191 0 1
80 191 0 1
1 192 0 1
3 192 0 1
14 192 0 1
15 192 0 1
22 192 0 1
23 192 0 1
24 192 0 1
25 192 0 1
26 192 0 1
27 192 0 1
29 192 0 1
30 192 0 1
33 192 0 1
34 192 0 1
35 192 0 1
37 192 0 1
39 192 0 1
40 192 0 1
42 192 0 1
43 192 0 1
47 192 0 1
48 192 0 1
49 192 0 1
50 192 0 1
53 192 0 1
54 192 0 1
56 192 0 1
63 192 0 1
75 192 0 1
78 192 0 1
80 192 0 1
81 192 0 1
1 193 0 1
3 193 0 1
12 193 0 1
14 193 0 1
22 193 0 1
23 193 0 1
25 193 0 1
29 193 0 1
30 193 0 1
31 193 0 1
33 193 0 1
35 193 0 1
37 193 0 1
39 193 0 1
40 193 0 1
42 193 0 1
43 193 0 1
45 193 0 1
48 193 0 1
49 193 0 1
53 193 0 1
54 193 0 1
70 193 0 1
72 193 0 1
75 193 0 1
76 193 0 1
78 193 0 1
79 193 0 1
80 193 0 1
81 193 0 1
1 194 0 1
12 194 0 1
23 194 0 1
28 194 0 1
30 194 0 1
31 194 0 1
32 194 0 1
36 194 0 1
38 194 0 1
39 194 0 1
40 194 0 1
44 194 0 1
45 194 0 1
48 194 0 1
51 194 0 1
54 194 0 1
70 194 0 1
71 194 0 1
72 194 0 1
74 194 0 1
75 194 0 1
76 194 0 1
79 194 0 1
81 194 0 1
16 195 0 1
20 195 0 1
21 195 0 1
28 195 0 1
32 195 0 1
36 195 0 1
38 195 0 1
41 195 0 1
44 195 0 1
45 195 0 1
46 195 0 1
51 195 0 1
55 195 0 1
69 195 0 1
71 195 0 1
73 195 0 1
74 195 0 1
77 195 0 1
12 196 0 1
16 196 0 1
23 196 0 1
28 196 0 1
31 196 0 1
32 196 0 1
36 196 0 1
38 196 0 1
41 196 0 1
44 196 0 1
45 196 0 1
46 196 0 1
51 196 0 1
55 196 0 1
61 196 0 1
62 196 0 1
69 196 0 1
70 196 0 1
71 196 0 1
72 196 0 1
73 196 0 1
74 196 0 1
76 196 0 1
77 196 0 1
79 196 0 1
16 197 0 1
17 197 0 1
18 197 0 1
20 197 0 1
21 197 0 1
28 197 0 1
32 197 0 1
36 197 0 1
38 197 0 1
41 197 0 1
44 197 0 1
45 197 0 1
46 197 0 1
51 197 0 1
55 197 0 1
69 197 0 1
73 197 0 1
74 197 0 1
77 197 0 1
12 198 0 1
16 198 0 1
18 198 0 1
19 198 0 1
21 198 0 1
23 198 0 1
28 198 0 1
31 198 0 1
32 198 0 1
36 198 0 1
38 198 0 1
39 198 0 1
41 198 0 1
44 198 0 1
45 198 0 1
46 198 0 1
51 198 0 1
55 198 0 1
70 198 0 1
71 198 0 1
73 198 0 1
74 198 0 1
76 198 0 1
77 198 0 1
79 198 0 1
12 199 0 1
16 199 0 1
17 199 0 1
18 199 0 1
19 199 0 1
20 199 0 1
21 199 0 1
28 199 0 1
31 199 0 1
32 199 0 1
36 199 0 1
38 199 0 1
41 199 0 1
44 199 0 1
45 199 0 1
46 199 0 1
51 199 0 1
55 199 0 1
71 199 0 1
73 199 0 1
74 199 0 1
77 199 0 1
79 199 0 1
16 200 0 1
17 200 0 1
20 200 0 1
21 200 0 1
28 200 0 1
36 200 0 1
41 200 0 1
44 200 0 1
46 200 0 1
55 200 0 1
73 200 0 1
77 200 0 1
16 201 0 1
17 201 0 1
20 201 0 1
21 201 0 1
28 201 0 1
32 201 0 1
36 201 0 1
38 201 0 1
41 201 0 1
44 201 0 1
45 201 0 1
46 201 0 1
51 201 0 1
55 201 0 1
69 201 0 1
73 201 0 1
74 201 0 1
77 201 0 1
1 202 0 1
6 202 0 1
7 202 0 1
12 202 0 1
16 202 0 1
17 202 0 1
18 202 0 1
19 202 0 1
20 202 0 1
21 202 0 1
22 202 0 1
23 202 0 1
28 202 0 1
30 202 0 1
31 202 0 1
32 202 0 1
36 202 0 1
38 202 0 1
39 202 0 1
40 202 0 1
41 202 0 1
44 202 0 1
45 202 0 1
46 202 0 1
51 202 0 1
54 202 0 1
55 202 0 1
61 202 0 1
62 202 0 1
69 202 0 1
70 202 0 1
71 202 0 1
72 202 0 1
73 202 0 1
74 202 0 1
75 202 0 1
76 202 0 1
77 202 0 1
79 202 0 1
81 202 0 1
7 203 0 1
16 203 0 1
17 203 0 1
18 203 0 1
20 203 0 1
21 203 0 1
28 203 0 1
32 203 0 1
36 203 0 1
38 203 0 1
41 203 0 1
44 203 0 1
46 203 0 1
51 203 0 1
55 203 0 1
73 203 0 1
16 204 0 1
17 204 0 1
20 204 0 1
21 204 0 1
28 204 0 1
32 204 0 1
36 204 0 1
41 204 0 1
44 204 0 1
46 204 0 1
55 204 0 1
73 204 0 1
16 205 0 1
17 205 0 1
18 205 0 1
20 205 0 1
21 205 0 1
28 205 0 1
32 205 0 1
36 205 0 1
38 205 0 1
41 205 0 1
44 205 0 1
46 205 0 1
51 205 0 1
55 205 0 1
73 205 0 1
6 206 0 1
7 206 0 1
12 206 0 1
16 206 0 1
17 206 0 1
18 206 0 1
19 206 0 1
20 206 0 1
21 206 0 1
23 206 0 1
28 206 0 1
31 206 0 1
32 206 0 1
36 206 0 1
38 206 0 1
41 206 0 1
44 206 0 1
45 206 0 1
46 206 0 1
51 206 0 1
55 206 0 1
74 206 0 1
1 207 0 1
3 207 0 1
5 207 0 1
8 207 0 1
10 207 0 1
11 207 0 1
13 207 0 1
14 207 0 1
15 207 0 1
22 207 0 1
24 207 0 1
25 207 0 1
26 207 0 1
27 207 0 1
29 207 0 1
30 207 0 1
33 207 0 1
34 207 0 1
35 207 0 1
37 207 0 1
39 207 0 1
40 207 0 1
42 207 0 1
43 207 0 1
47 207 0 1
48 207 0 1
49 207 0 1
50 207 0 1
52 207 0 1
53 207 0 1
54 207 0 1
56 207 0 1
3 208 0 1
4 208 0 1
5 208 0 1
8 208 0 1
10 208 0 1
11 208 0 1
13 208 0 1
14 208 0 1
15 208 0 1
22 208 0 1
24 208 0 1
25 208 0 1
26 208 0 1
27 208 0 1
29 208 0 1
33 208 0 1
34 208 0 1
35 208 0 1
37 208 0 1
40 208 0 1
42 208 0 1
43 208 0 1
47 208 0 1
48 208 0 1
49 208 0 1
50 208 0 1
52 208 0 1
53 208 0 1
56 208 0 1
7 209 0 1
12 209 0 1
16 209 0 1
17 209 0 1
18 209 0 1
19 209 0 1
20 209 0 1
21 209 0 1
28 209 0 1
31 209 0 1
32 209 0 1
36 209 0 1
38 209 0 1
41 209 0 1
44 209 0 1
45 209 0 1
46 209 0 1
51 209 0 1
55 209 0 1
73 209 0 1
74 209 0 1
77 209 0 1
28 210 0 1
36 210 0 1
41 210 0 1
44 210 0 1
46 210 0 1
57 210 0 1
58 210 0 1
60 210 0 1
69 210 0 1
71 210 0 1
73 210 0 1
74 210 0 1
77 210 0 1
139 210 0 1
140 210 0 1
141 210 0 1
152 210 0 1
3 211 0 1
29 211 0 1
30 211 0 1
35 211 0 1
39 211 0 1
40 211 0 1
42 211 0 1
43 211 0 1
45 211 0 1
48 211 0 1
63 211 0 1
65 211 0 1
66 211 0 1
67 211 0 1
68 211 0 1
70 211 0 1
72 211 0 1
75 211 0 1
76 211 0 1
78 211 0 1
79 211 0 1
80 211 0 1
81 211 0 1
144 211 0 1
145 211 0 1
146 211 0 1
148 211 0 1
149 211 0 1
3 212 0 1
29 212 0 1
30 212 0 1
35 212 0 1
37 212 0 1
39 212 0 1
40 212 0 1
42 212 0 1
43 212 0 1
47 212 0 1
48 212 0 1
49 212 0 1
59 212 0 1
63 212 0 1
64 212 0 1
65 212 0 1
66 212 0 1
67 212 0 1
68 212 0 1
70 212 0 1
72 212 0 1
75 212 0 1
76 212 0 1
78 212 0 1
79 212 0 1
80 212 0 1
81 212 0 1
82 212 0 1
142 212 0 1
144 212 0 1
145 212 0 1
148 212 0 1
149 212 0 1
2 213 0 1
28 213 0 1
36 213 0 1
41 213 0 1
44 213 0 1
45 213 0 1
46 213 0 1
51 213 0 1
57 213 0 1
58 213 0 1
60 213 0 1
61 213 0 1
62 213 0 1
69 213 0 1
70 213 0 1
71 213 0 1
73 213 0 1
74 213 0 1
77 213 0 1
86 213 0 1
141 213 0 1
152 213 0 1
28 214 0 1
36 214 0 1
41 214 0 1
44 214 0 1
45 214 0 1
46 214 0 1
51 214 0 1
57 214 0 1
58 214 0 1
60 214 0 1
61 214 0 1
62 214 0 1
66 214 0 1
69 214 0 1
70 214 0 1
71 214 0 1
73 214 0 1
74 214 0 1
77 214 0 1
79 214 0 1
85 214 0 1
86 214 0 1
141 214 0 1
152 214 0 1
28 215 0 1
32 215 0 1
36 215 0 1
38 215 0 1
41 215 0 1
44 215 0 1
45 215 0 1
46 215 0 1
51 215 0 1
55 215 0 1
57 215 0 1
58 215 0 1
60 215 0 1
61 215 0 1
62 215 0 1
66 215 0 1
69 215 0 1
70 215 0 1
71 215 0 1
72 215 0 1
73 215 0 1
74 215 0 1
77 215 0 1
79 215 0 1
23 216 0 1
28 216 0 1
31 216 0 1
32 216 0 1
36 216 0 1
38 216 0 1
39 216 0 1
41 216 0 1
44 216 0 1
45 216 0 1
46 216 0 1
51 216 0 1
60 216 0 1
61 216 0 1
62 216 0 1
66 216 0 1
67 216 0 1
68 216 0 1
69 216 0 1
70 216 0 1
71 216 0 1
72 216 0 1
73 216 0 1
74 216 0 1
75 216 0 1
76 216 0 1
77 216 0 1
79 216 0 1
81 216 0 1
145 216 0 1
146 216 0 1
3 217 0 1
23 217 0 1
25 217 0 1
29 217 0 1
30 217 0 1
31 217 0 1
33 217 0 1
35 217 0 1
39 217 0 1
40 217 0 1
42 217 0 1
45 217 0 1
48 217 0 1
63 217 0 1
65 217 0 1
66 217 0 1
67 217 0 1
68 217 0 1
70 217 0 1
72 217 0 1
75 217 0 1
76 217 0 1
78 217 0 1
79 217 0 1
80 217 0 1
81 217 0 1
145 217 0 1
148 217 0 1
3 218 0 1
23 218 0 1
25 218 0 1
27 218 0 1
29 218 0 1
30 218 0 1
33 218 0 1
35 218 0 1
37 218 0 1
39 218 0 1
40 218 0 1
42 218 0 1
43 218 0 1
47 218 0 1
48 218 0 1
49 218 0 1
50 218 0 1
54 218 0 1
59 218 0 1
63 218 0 1
64 218 0 1
65 218 0 1
67 218 0 1
68 218 0 1
72 218 0 1
75 218 0 1
76 218 0 1
78 218 0 1
80 218 0 1
81 218 0 1
144 218 0 1
148 218 0 1
149 218 0 1
2 219 0 1
41 219 0 1
46 219 0 1
57 219 0 1
58 219 0 1
69 219 0 1
73 219 0 1
77 219 0 1
139 219 0 1
140 219 0 1
141 219 0 1
150 219 0 1
152 219 0 1
2 220 0 1
41 220 0 1
46 220 0 1
57 220 0 1
58 220 0 1
69 220 0 1
73 220 0 1
74 220 0 1
77 220 0 1
139 220 0 1
140 220 0 1
141 220 0 1
150 220 0 1
152 220 0 1
2 221 0 1
28 221 0 1
36 221 0 1
41 221 0 1
44 221 0 1
45 221 0 1
46 221 0 1
51 221 0 1
57 221 0 1
58 221 0 1
60 221 0 1
61 221 0 1
62 221 0 1
69 221 0 1
70 221 0 1
71 221 0 1
73 221 0 1
74 221 0 1
77 221 0 1
79 221 0 1
85 221 0 1
86 221 0 1
88 221 0 1
90 221 0 1
141 221 0 1
152 221 0 1
2 222 0 1
41 222 0 1
46 222 0 1
57 222 0 1
58 222 0 1
60 222 0 1
69 222 0 1
71 222 0 1
73 222 0 1
74 222 0 1
77 222 0 1
139 222 0 1
140 222 0 1
141 222 0 1
150 222 0 1
152 222 0 1
39 223 0 1
40 223 0 1
45 223 0 1
48 223 0 1
61 223 0 1
62 223 0 1
63 223 0 1
65 223 0 1
66 223 0 1
67 223 0 1
68 223 0 1
70 223 0 1
72 223 0 1
75 223 0 1
76 223 0 1
78 223 0 1
79 223 0 1
80 223 0 1
81 223 0 1
82 223 0 1
83 223 0 1
87 223 0 1
91 223 0 1
144 223 0 1
145 223 0 1
146 223 0 1
148 223 0 1
149 223 0 1
151 223 0 1
3 224 0 1
29 224 0 1
40 224 0 1
42 224 0 1
43 224 0 1
47 224 0 1
48 224 0 1
59 224 0 1
63 224 0 1
64 224 0 1
65 224 0 1
66 224 0 1
67 224 0 1
68 224 0 1
70 224 0 1
72 224 0 1
75 224 0 1
76 224 0 1
78 224 0 1
80 224 0 1
81 224 0 1
82 224 0 1
87 224 0 1
91 224 0 1
129 224 0 1
142 224 0 1
143 224 0 1
144 224 0 1
145 224 0 1
146 224 0 1
148 224 0 1
149 224 0 1
61 225 0 1
62 225 0 1
63 225 0 1
65 225 0 1
66 225 0 1
67 225 0 1
68 225 0 1
70 225 0 1
72 225 0 1
75 225 0 1
76 225 0 1
78 225 0 1
79 225 0 1
81 225 0 1
82 225 0 1
83 225 0 1
84 225 0 1
87 225 0 1
89 225 0 1
91 225 0 1
93 225 0 1
129 225 0 1
134 225 0 1
144 225 0 1
145 225 0 1
146 225 0 1
148 225 0 1
149 225 0 1
151 225 0 1
45 226 0 1
60 226 0 1
61 226 0 1
62 226 0 1
66 226 0 1
67 226 0 1
68 226 0 1
69 226 0 1
70 226 0 1
71 226 0 1
72 226 0 1
74 226 0 1
75 226 0 1
76 226 0 1
77 226 0 1
79 226 0 1
81 226 0 1
82 226 0 1
83 226 0 1
84 226 0 1
85 226 0 1
86 226 0 1
87 226 0 1
88 226 0 1
89 226 0 1
90 226 0 1
91 226 0 1
128 226 0 1
130 226 0 1
135 226 0 1
137 226 0 1
145 226 0 1
146 226 0 1
148 226 0 1
151 226 0 1
3 227 0 1
59 227 0 1
63 227 0 1
64 227 0 1
65 227 0 1
68 227 0 1
78 227 0 1
80 227 0 1
82 227 0 1
92 227 0 1
93 227 0 1
99 227 0 1
103 227 0 1
104 227 0 1
127 227 0 1
129 227 0 1
132 227 0 1
133 227 0 1
134 227 0 1
142 227 0 1
143 227 0 1
144 227 0 1
147 227 0 1
148 227 0 1
149 227 0 1
3 228 0 1
59 228 0 1
63 228 0 1
64 228 0 1
65 228 0 1
67 228 0 1
68 228 0 1
72 228 0 1
78 228 0 1
80 228 0 1
81 228 0 1
82 228 0 1
87 228 0 1
91 228 0 1
92 228 0 1
93 228 0 1
99 228 0 1
102 228 0 1
103 228 0 1
104 228 0 1
127 228 0 1
129 228 0 1
132 228 0 1
133 228 0 1
134 228 0 1
142 228 0 1
143 228 0 1
144 228 0 1
147 228 0 1
148 228 0 1
149 228 0 1
2 229 0 1
46 229 0 1
57 229 0 1
58 229 0 1
60 229 0 1
61 229 0 1
62 229 0 1
66 229 0 1
67 229 0 1
69 229 0 1
70 229 0 1
71 229 0 1
72 229 0 1
73 229 0 1
74 229 0 1
77 229 0 1
79 229 0 1
83 229 0 1
84 229 0 1
85 229 0 1
86 229 0 1
87 229 0 1
88 229 0 1
89 229 0 1
90 229 0 1
128 229 0 1
130 229 0 1
135 229 0 1
136 229 0 1
137 229 0 1
138 229 0 1
141 229 0 1
145 229 0 1
146 229 0 1
151 229 0 1
152 229 0 1
2 230 0 1
46 230 0 1
57 230 0 1
58 230 0 1
60 230 0 1
61 230 0 1
62 230 0 1
69 230 0 1
70 230 0 1
71 230 0 1
73 230 0 1
74 230 0 1
77 230 0 1
84 230 0 1
85 230 0 1
86 230 0 1
88 230 0 1
89 230 0 1
90 230 0 1
96 230 0 1
128 230 0 1
130 230 0 1
135 230 0 1
136 230 0 1
137 230 0 1
138 230 0 1
140 230 0 1
141 230 0 1
146 230 0 1
151 230 0 1
152 230 0 1
2 231 0 1
57 231 0 1
58 231 0 1
96 231 0 1
100 231 0 1
131 231 0 1
139 231 0 1
140 231 0 1
141 231 0 1
150 231 0 1
152 231 0 1
2 232 0 1
57 232 0 1
58 232 0 1
69 232 0 1
86 232 0 1
90 232 0 1
96 232 0 1
100 232 0 1
131 232 0 1
136 232 0 1
138 232 0 1
139 232 0 1
140 232 0 1
141 232 0 1
150 232 0 1
152 232 0 1
3 233 0 1
59 233 0 1
63 233 0 1
64 233 0 1
65 233 0 1
68 233 0 1
82 233 0 1
91 233 0 1
92 233 0 1
93 233 0 1
98 233 0 1
99 233 0 1
102 233 0 1
103 233 0 1
104 233 0 1
118 233 0 1
121 233 0 1
122 233 0 1
124 233 0 1
127 233 0 1
129 233 0 1
132 233 0 1
133 233 0 1
134 233 0 1
142 233 0 1
143 233 0 1
144 233 0 1
147 233 0 1
148 233 0 1
149 233 0 1
67 234 0 1
68 234 0 1
82 234 0 1
83 234 0 1
84 234 0 1
87 234 0 1
89 234 0 1
91 234 0 1
92 234 0 1
93 234 0 1
97 234 0 1
101 234 0 1
102 234 0 1
103 234 0 1
104 234 0 1
105 234 0 1
109 234 0 1
112 234 0 1
114 234 0 1
115 234 0 1
118 234 0 1
121 234 0 1
124 234 0 1
126 234 0 1
128 234 0 1
129 234 0 1
133 234 0 1
134 234 0 1
135 234 0 1
137 234 0 1
144 234 0 1
145 234 0 1
146 234 0 1
148 234 0 1
149 234 0 1
151 234 0 1
3 235 0 1
59 235 0 1
64 235 0 1
92 235 0 1
93 235 0 1
98 235 0 1
99 235 0 1
103 235 0 1
104 235 0 1
106 235 0 1
118 235 0 1
121 235 0 1
122 235 0 1
124 235 0 1
127 235 0 1
129 235 0 1
132 235 0 1
133 235 0 1
134 235 0 1
142 235 0 1
143 235 0 1
144 235 0 1
147 235 0 1
149 235 0 1
2 236 0 1
60 236 0 1
83 236 0 1
84 236 0 1
85 236 0 1
86 236 0 1
87 236 0 1
88 236 0 1
89 236 0 1
90 236 0 1
91 236 0 1
97 236 0 1
101 236 0 1
105 236 0 1
107 236 0 1
110 236 0 1
111 236 0 1
113 236 0 1
114 236 0 1
115 236 0 1
117 236 0 1
119 236 0 1
125 236 0 1
126 236 0 1
128 236 0 1
130 236 0 1
135 236 0 1
136 236 0 1
137 236 0 1
138 236 0 1
145 236 0 1
146 236 0 1
151 236 0 1
2 237 0 1
60 237 0 1
84 237 0 1
85 237 0 1
86 237 0 1
88 237 0 1
89 237 0 1
90 237 0 1
94 237 0 1
96 237 0 1
97 237 0 1
100 237 0 1
105 237 0 1
108 237 0 1
110 237 0 1
111 237 0 1
113 237 0 1
115 237 0 1
116 237 0 1
117 237 0 1
119 237 0 1
120 237 0 1
123 237 0 1
125 237 0 1
128 237 0 1
130 237 0 1
135 237 0 1
136 237 0 1
137 237 0 1
138 237 0 1
141 237 0 1
152 237 0 1
3 238 0 1
59 238 0 1
92 238 0 1
98 238 0 1
99 238 0 1
104 238 0 1
106 238 0 1
121 238 0 1
122 238 0 1
127 238 0 1
129 238 0 1
132 238 0 1
133 238 0 1
142 238 0 1
143 238 0 1
144 238 0 1
147 238 0 1
3 239 0 1
59 239 0 1
64 239 0 1
92 239 0 1
93 239 0 1
98 239 0 1
99 239 0 1
103 239 0 1
104 239 0 1
106 239 0 1
121 239 0 1
122 239 0 1
127 239 0 1
129 239 0 1
132 239 0 1
133 239 0 1
142 239 0 1
143 239 0 1
144 239 0 1
147 239 0 1
149 239 0 1
3 240 0 1
92 240 0 1
98 240 0 1
99 240 0 1
106 240 0 1
122 240 0 1
127 240 0 1
132 240 0 1
133 240 0 1
142 240 0 1
143 240 0 1
147 240 0 1
3 241 0 1
92 241 0 1
98 241 0 1
99 241 0 1
103 241 0 1
104 241 0 1
106 241 0 1
121 241 0 1
122 241 0 1
127 241 0 1
129 241 0 1
132 241 0 1
133 241 0 1
142 241 0 1
143 241 0 1
144 241 0 1
147 241 0 1
2 242 0 1
85 242 0 1
86 242 0 1
88 242 0 1
89 242 0 1
90 242 0 1
94 242 0 1
96 242 0 1
97 242 0 1
100 242 0 1
105 242 0 1
107 242 0 1
108 242 0 1
110 242 0 1
111 242 0 1
113 242 0 1
115 242 0 1
116 242 0 1
117 242 0 1
119 242 0 1
120 242 0 1
123 242 0 1
125 242 0 1
128 242 0 1
130 242 0 1
135 242 0 1
136 242 0 1
137 242 0 1
138 242 0 1
141 242 0 1
152 242 0 1
2 243 0 1
84 243 0 1
85 243 0 1
86 243 0 1
88 243 0 1
89 243 0 1
90 243 0 1
94 243 0 1
96 243 0 1
97 243 0 1
100 243 0 1
105 243 0 1
107 243 0 1
108 243 0 1
110 243 0 1
111 243 0 1
113 243 0 1
115 243 0 1
116 243 0 1
117 243 0 1
119 243 0 1
120 243 0 1
123 243 0 1
125 243 0 1
128 243 0 1
130 243 0 1
135 243 0 1
136 243 0 1
137 243 0 1
138 243 0 1
141 243 0 1
152 243 0 1
82 244 0 1
83 244 0 1
84 244 0 1
85 244 0 1
87 244 0 1
88 244 0 1
89 244 0 1
91 244 0 1
93 244 0 1
97 244 0 1
101 244 0 1
102 244 0 1
103 244 0 1
105 244 0 1
107 244 0 1
109 244 0 1
110 244 0 1
112 244 0 1
114 244 0 1
115 244 0 1
117 244 0 1
118 244 0 1
124 244 0 1
125 244 0 1
126 244 0 1
128 244 0 1
129 244 0 1
130 244 0 1
134 244 0 1
135 244 0 1
137 244 0 1
145 244 0 1
146 244 0 1
148 244 0 1
149 244 0 1
151 244 0 1
91 245 0 1
92 245 0 1
93 245 0 1
98 245 0 1
99 245 0 1
101 245 0 1
102 245 0 1
103 245 0 1
104 245 0 1
106 245 0 1
109 245 0 1
118 245 0 1
121 245 0 1
122 245 0 1
124 245 0 1
127 245 0 1
129 245 0 1
132 245 0 1
133 245 0 1
134 245 0 1
142 245 0 1
144 245 0 1
147 245 0 1
149 245 0 1
2 246 0 1
83 246 0 1
84 246 0 1
85 246 0 1
86 246 0 1
88 246 0 1
89 246 0 1
90 246 0 1
94 246 0 1
96 246 0 1
97 246 0 1
101 246 0 1
105 246 0 1
107 246 0 1
108 246 0 1
110 246 0 1
111 246 0 1
113 246 0 1
114 246 0 1
115 246 0 1
117 246 0 1
119 246 0 1
125 246 0 1
126 246 0 1
128 246 0 1
130 246 0 1
135 246 0 1
136 246 0 1
137 246 0 1
138 246 0 1
151 246 0 1
152 246 0 1
60 247 0 1
61 247 0 1
62 247 0 1
66 247 0 1
67 247 0 1
68 247 0 1
70 247 0 1
71 247 0 1
72 247 0 1
82 247 0 1
83 247 0 1
84 247 0 1
85 247 0 1
86 247 0 1
87 247 0 1
88 247 0 1
89 247 0 1
90 247 0 1
91 247 0 1
93 247 0 1
97 247 0 1
101 247 0 1
102 247 0 1
103 247 0 1
105 247 0 1
128 247 0 1
129 247 0 1
130 247 0 1
134 247 0 1
135 247 0 1
137 247 0 1
145 247 0 1
146 247 0 1
148 247 0 1
149 247 0 1
151 247 0 1
3 248 0 1
59 248 0 1
63 248 0 1
64 248 0 1
80 248 0 1
92 248 0 1
98 248 0 1
99 248 0 1
127 248 0 1
132 248 0 1
133 248 0 1
142 248 0 1
143 248 0 1
144 248 0 1
147 248 0 1
59 249 0 1
63 249 0 1
65 249 0 1
66 249 0 1
67 249 0 1
68 249 0 1
72 249 0 1
81 249 0 1
82 249 0 1
83 249 0 1
84 249 0 1
87 249 0 1
91 249 0 1
92 249 0 1
93 249 0 1
97 249 0 1
101 249 0 1
102 249 0 1
103 249 0 1
104 249 0 1
118 249 0 1
129 249 0 1
133 249 0 1
134 249 0 1
142 249 0 1
144 249 0 1
145 249 0 1
146 249 0 1
148 249 0 1
149 249 0 1
151 249 0 1
62 250 0 1
65 250 0 1
66 250 0 1
67 250 0 1
68 250 0 1
70 250 0 1
72 250 0 1
82 250 0 1
83 250 0 1
84 250 0 1
85 250 0 1
87 250 0 1
88 250 0 1
89 250 0 1
91 250 0 1
92 250 0 1
93 250 0 1
97 250 0 1
101 250 0 1
102 250 0 1
103 250 0 1
104 250 0 1
128 250 0 1
129 250 0 1
134 250 0 1
135 250 0 1
137 250 0 1
144 250 0 1
145 250 0 1
146 250 0 1
148 250 0 1
149 250 0 1
151 250 0 1
3 251 0 1
59 251 0 1
63 251 0 1
64 251 0 1
80 251 0 1
92 251 0 1
98 251 0 1
99 251 0 1
122 251 0 1
127 251 0 1
129 251 0 1
132 251 0 1
133 251 0 1
142 251 0 1
143 251 0 1
144 251 0 1
147 251 0 1
3 252 0 1
59 252 0 1
63 252 0 1
64 252 0 1
65 252 0 1
67 252 0 1
68 252 0 1
80 252 0 1
82 252 0 1
91 252 0 1
92 252 0 1
93 252 0 1
98 252 0 1
99 252 0 1
102 252 0 1
103 252 0 1
104 252 0 1
127 252 0 1
129 252 0 1
132 252 0 1
133 252 0 1
134 252 0 1
142 252 0 1
143 252 0 1
144 252 0 1
147 252 0 1
148 252 0 1
149 252 0 1
3 253 0 1
59 253 0 1
64 253 0 1
80 253 0 1
98 253 0 1
99 253 0 1
122 253 0 1
127 253 0 1
132 253 0 1
133 253 0 1
142 253 0 1
143 253 0 1
144 253 0 1
147 253 0 1
65 254 0 1
66 254 0 1
67 254 0 1
68 254 0 1
72 254 0 1
82 254 0 1
83 254 0 1
84 254 0 1
87 254 0 1
91 254 0 1
92 254 0 1
93 254 0 1
97 254 0 1
101 254 0 1
102 254 0 1
103 254 0 1
104 254 0 1
114 254 0 1
118 254 0 1
121 254 0 1
128 254 0 1
129 254 0 1
133 254 0 1
134 254 0 1
135 254 0 1
144 254 0 1
145 254 0 1
146 254 0 1
148 254 0 1
149 254 0 1
151 254 0 1
3 255 0 1
59 255 0 1
63 255 0 1
64 255 0 1
65 255 0 1
80 255 0 1
92 255 0 1
93 255 0 1
98 255 0 1
99 255 0 1
103 255 0 1
104 255 0 1
106 255 0 1
121 255 0 1
122 255 0 1
127 255 0 1
129 255 0 1
132 255 0 1
133 255 0 1
134 255 0 1
142 255 0 1
143 255 0 1
144 255 0 1
147 255 0 1
149 255 0 1
92 256 0 1
98 256 0 1
99 256 0 1
103 256 0 1
104 256 0 1
106 256 0 1
109 256 0 1
118 256 0 1
121 256 0 1
122 256 0 1
124 256 0 1
127 256 0 1
129 256 0 1
132 256 0 1
133 256 0 1
2 257 0 1
94 257 0 1
95 257 0 1
96 257 0 1
100 257 0 1
108 257 0 1
111 257 0 1
116 257 0 1
119 257 0 1
120 257 0 1
123 257 0 1
131 257 0 1
138 257 0 1
2 258 0 1
94 258 0 1
95 258 0 1
96 258 0 1
100 258 0 1
116 258 0 1
120 258 0 1
123 258 0 1
92 259 0 1
93 259 0 1
99 259 0 1
101 259 0 1
102 259 0 1
103 259 0 1
104 259 0 1
106 259 0 1
109 259 0 1
112 259 0 1
114 259 0 1
118 259 0 1
121 259 0 1
122 259 0 1
124 259 0 1
126 259 0 1
2 260 0 1
94 260 0 1
95 260 0 1
96 260 0 1
100 260 0 1
108 260 0 1
110 260 0 1
111 260 0 1
113 260 0 1
116 260 0 1
117 260 0 1
119 260 0 1
120 260 0 1
123 260 0 1
125 260 0 1
130 260 0 1
136 260 0 1
138 260 0 1
92 261 0 1
93 261 0 1
98 261 0 1
99 261 0 1
101 261 0 1
102 261 0 1
103 261 0 1
104 261 0 1
106 261 0 1
109 261 0 1
112 261 0 1
114 261 0 1
118 261 0 1
121 261 0 1
122 261 0 1
124 261 0 1
129 261 0 1
133 261 0 1
92 262 0 1
93 262 0 1
99 262 0 1
101 262 0 1
102 262 0 1
103 262 0 1
104 262 0 1
106 262 0 1
109 262 0 1
112 262 0 1
114 262 0 1
118 262 0 1
121 262 0 1
122 262 0 1
124 262 0 1
126 262 0 1
129 262 0 1
134 262 0 1
92 263 0 1
93 263 0 1
97 263 0 1
101 263 0 1
102 263 0 1
103 263 0 1
104 263 0 1
105 263 0 1
107 263 0 1
109 263 0 1
110 263 0 1
112 263 0 1
114 263 0 1
115 263 0 1
117 263 0 1
118 263 0 1
121 263 0 1
124 263 0 1
125 263 0 1
126 263 0 1
129 263 0 1
134 263 0 1
97 264 0 1
101 264 0 1
102 264 0 1
105 264 0 1
107 264 0 1
108 264 0 1
110 264 0 1
111 264 0 1
112 264 0 1
113 264 0 1
114 264 0 1
115 264 0 1
117 264 0 1
118 264 0 1
119 264 0 1
125 264 0 1
126 264 0 1
128 264 0 1
130 264 0 1
135 264 0 1
136 264 0 1
137 264 0 1
91 265 0 1
93 265 0 1
97 265 0 1
101 265 0 1
102 265 0 1
103 265 0 1
104 265 0 1
105 265 0 1
107 265 0 1
109 265 0 1
110 265 0 1
112 265 0 1
114 265 0 1
115 265 0 1
117 265 0 1
118 265 0 1
121 265 0 1
124 265 0 1
125 265 0 1
126 265 0 1
129 265 0 1
134 265 0 1
135 265 0 1
137 265 0 1
93 266 0 1
97 266 0 1
101 266 0 1
102 266 0 1
103 266 0 1
105 266 0 1
107 266 0 1
109 266 0 1
110 266 0 1
111 266 0 1
112 266 0 1
113 266 0 1
114 266 0 1
115 266 0 1
117 266 0 1
118 266 0 1
121 266 0 1
124 266 0 1
125 266 0 1
126 266 0 1
128 266 0 1
134 266 0 1
135 266 0 1
137 266 0 1
92 267 0 1
98 267 0 1
99 267 0 1
103 267 0 1
104 267 0 1
106 267 0 1
109 267 0 1
112 267 0 1
118 267 0 1
121 267 0 1
122 267 0 1
124 267 0 1
133 267 0 1
2 268 0 1
94 268 0 1
95 268 0 1
96 268 0 1
100 268 0 1
108 268 0 1
110 268 0 1
111 268 0 1
113 268 0 1
116 268 0 1
119 268 0 1
120 268 0 1
123 268 0 1
136 268 0 1
138 268 0 1
92 269 0 1
93 269 0 1
97 269 0 1
101 269 0 1
102 269 0 1
103 269 0 1
104 269 0 1
107 269 0 1
109 269 0 1
110 269 0 1
112 269 0 1
114 269 0 1
115 269 0 1
118 269 0 1
121 269 0 1
124 269 0 1
125 269 0 1
126 269 0 1
134 269 0 1
92 270 0 1
93 270 0 1
99 270 0 1
101 270 0 1
102 270 0 1
103 270 0 1
104 270 0 1
106 270 0 1
109 270 0 1
112 270 0 1
114 270 0 1
118 270 0 1
121 270 0 1
122 270 0 1
124 270 0 1
129 270 0 1
133 270 0 1
134 270 0 1
2 271 0 1
86 271 0 1
90 271 0 1
94 271 0 1
95 271 0 1
96 271 0 1
100 271 0 1
108 271 0 1
110 271 0 1
111 271 0 1
113 271 0 1
116 271 0 1
117 271 0 1
119 271 0 1
120 271 0 1
123 271 0 1
130 271 0 1
131 271 0 1
136 271 0 1
138 271 0 1
141 271 0 1
152 271 0 1
82 272 0 1
87 272 0 1
91 272 0 1
92 272 0 1
93 272 0 1
97 272 0 1
99 272 0 1
101 272 0 1
102 272 0 1
103 272 0 1
104 272 0 1
105 272 0 1
107 272 0 1
109 272 0 1
112 272 0 1
114 272 0 1
115 272 0 1
118 272 0 1
121 272 0 1
124 272 0 1
126 272 0 1
129 272 0 1
134 272 0 1
149 272 0 1
2 273 0 1
85 273 0 1
86 273 0 1
88 273 0 1
89 273 0 1
90 273 0 1
94 273 0 1
96 273 0 1
97 273 0 1
100 273 0 1
105 273 0 1
107 273 0 1
108 273 0 1
110 273 0 1
111 273 0 1
113 273 0 1
115 273 0 1
116 273 0 1
117 273 0 1
119 273 0 1
120 273 0 1
123 273 0 1
125 273 0 1
128 273 0 1
130 273 0 1
135 273 0 1
136 273 0 1
137 273 0 1
138 273 0 1
152 273 0 1
82 274 0 1
83 274 0 1
84 274 0 1
85 274 0 1
87 274 0 1
88 274 0 1
89 274 0 1
91 274 0 1
93 274 0 1
97 274 0 1
101 274 0 1
102 274 0 1
103 274 0 1
104 274 0 1
105 274 0 1
107 274 0 1
109 274 0 1
110 274 0 1
111 274 0 1
112 274 0 1
113 274 0 1
114 274 0 1
115 274 0 1
117 274 0 1
118 274 0 1
124 274 0 1
125 274 0 1
126 274 0 1
128 274 0 1
129 274 0 1
130 274 0 1
134 274 0 1
135 274 0 1
137 274 0 1
146 274 0 1
151 274 0 1
2 275 0 1
85 275 0 1
86 275 0 1
88 275 0 1
90 275 0 1
94 275 0 1
95 275 0 1
96 275 0 1
100 275 0 1
105 275 0 1
108 275 0 1
110 275 0 1
111 275 0 1
113 275 0 1
116 275 0 1
117 275 0 1
119 275 0 1
120 275 0 1
123 275 0 1
125 275 0 1
128 275 0 1
130 275 0 1
136 275 0 1
137 275 0 1
138 275 0 1
141 275 0 1
152 275 0 1
91 276 0 1
92 276 0 1
93 276 0 1
98 276 0 1
99 276 0 1
101 276 0 1
102 276 0 1
103 276 0 1
104 276 0 1
106 276 0 1
109 276 0 1
112 276 0 1
118 276 0 1
121 276 0 1
122 276 0 1
124 276 0 1
127 276 0 1
129 276 0 1
132 276 0 1
133 276 0 1
134 276 0 1
149 276 0 1
2 277 0 1
86 277 0 1
88 277 0 1
90 277 0 1
94 277 0 1
95 277 0 1
96 277 0 1
100 277 0 1
105 277 0 1
107 277 0 1
108 277 0 1
110 277 0 1
111 277 0 1
113 277 0 1
116 277 0 1
117 277 0 1
119 277 0 1
120 277 0 1
123 277 0 1
125 277 0 1
128 277 0 1
130 277 0 1
136 277 0 1
137 277 0 1
138 277 0 1
152 277 0 1
2 278 0 1
84 278 0 1
85 278 0 1
86 278 0 1
88 278 0 1
89 278 0 1
90 278 0 1
94 278 0 1
97 278 0 1
105 278 0 1
107 278 0 1
108 278 0 1
110 278 0 1
111 278 0 1
113 278 0 1
114 278 0 1
115 278 0 1
117 278 0 1
119 278 0 1
120 278 0 1
125 278 0 1
126 278 0 1
128 278 0 1
130 278 0 1
135 278 0 1
136 278 0 1
137 278 0 1
138 278 0 1
82 279 0 1
83 279 0 1
84 279 0 1
87 279 0 1
89 279 0 1
91 279 0 1
93 279 0 1
97 279 0 1
101 279 0 1
102 279 0 1
103 279 0 1
104 279 0 1
105 279 0 1
107 279 0 1
109 279 0 1
110 279 0 1
111 279 0 1
112 279 0 1
114 279 0 1
115 279 0 1
117 279 0 1
118 279 0 1
121 279 0 1
124 279 0 1
125 279 0 1
126 279 0 1
128 279 0 1
129 279 0 1
130 279 0 1
134 279 0 1
135 279 0 1
137 279 0 1
82 280 0 1
83 280 0 1
87 280 0 1
91 280 0 1
92 280 0 1
93 280 0 1
97 280 0 1
101 280 0 1
102 280 0 1
103 280 0 1
104 280 0 1
105 280 0 1
107 280 0 1
109 280 0 1
110 280 0 1
112 280 0 1
114 280 0 1
115 280 0 1
117 280 0 1
118 280 0 1
121 280 0 1
124 280 0 1
125 280 0 1
126 280 0 1
128 280 0 1
129 280 0 1
134 280 0 1
135 280 0 1
137 280 0 1
2 281 0 1
86 281 0 1
88 281 0 1
89 281 0 1
90 281 0 1
94 281 0 1
96 281 0 1
97 281 0 1
105 281 0 1
107 281 0 1
108 281 0 1
110 281 0 1
111 281 0 1
113 281 0 1
115 281 0 1
116 281 0 1
117 281 0 1
119 281 0 1
120 281 0 1
123 281 0 1
125 281 0 1
126 281 0 1
128 281 0 1
130 281 0 1
135 281 0 1
136 281 0 1
137 281 0 1
138 281 0 1
2 282 0 1
86 282 0 1
90 282 0 1
94 282 0 1
95 282 0 1
96 282 0 1
97 282 0 1
100 282 0 1
105 282 0 1
107 282 0 1
108 282 0 1
110 282 0 1
111 282 0 1
113 282 0 1
115 282 0 1
116 282 0 1
117 282 0 1
119 282 0 1
120 282 0 1
123 282 0 1
125 282 0 1
128 282 0 1
130 282 0 1
135 282 0 1
136 282 0 1
137 282 0 1
138 282 0 1
2 283 0 1
41 283 0 1
44 283 0 1
45 283 0 1
46 283 0 1
51 283 0 1
57 283 0 1
58 283 0 1
60 283 0 1
61 283 0 1
62 283 0 1
69 283 0 1
70 283 0 1
71 283 0 1
73 283 0 1
74 283 0 1
77 283 0 1
84 283 0 1
85 283 0 1
86 283 0 1
88 283 0 1
89 283 0 1
90 283 0 1
130 283 0 1
140 283 0 1
141 283 0 1
152 283 0 1
44 284 0 1
45 284 0 1
46 284 0 1
51 284 0 1
60 284 0 1
61 284 0 1
62 284 0 1
66 284 0 1
67 284 0 1
68 284 0 1
69 284 0 1
70 284 0 1
71 284 0 1
72 284 0 1
73 284 0 1
74 284 0 1
76 284 0 1
77 284 0 1
79 284 0 1
81 284 0 1
82 284 0 1
83 284 0 1
84 284 0 1
85 284 0 1
86 284 0 1
87 284 0 1
88 284 0 1
89 284 0 1
90 284 0 1
91 284 0 1
128 284 0 1
130 284 0 1
135 284 0 1
145 284 0 1
146 284 0 1
148 284 0 1
151 284 0 1
2 285 0 1
41 285 0 1
44 285 0 1
45 285 0 1
46 285 0 1
51 285 0 1
57 285 0 1
58 285 0 1
60 285 0 1
61 285 0 1
62 285 0 1
66 285 0 1
67 285 0 1
69 285 0 1
70 285 0 1
71 285 0 1
72 285 0 1
73 285 0 1
74 285 0 1
77 285 0 1
79 285 0 1
83 285 0 1
84 285 0 1
85 285 0 1
86 285 0 1
88 285 0 1
89 285 0 1
90 285 0 1
128 285 0 1
130 285 0 1
135 285 0 1
141 285 0 1
145 285 0 1
146 285 0 1
151 285 0 1
152 285 0 1
3 286 0 1
14 286 0 1
24 286 0 1
25 286 0 1
26 286 0 1
27 286 0 1
29 286 0 1
33 286 0 1
34 286 0 1
35 286 0 1
37 286 0 1
40 286 0 1
42 286 0 1
43 286 0 1
47 286 0 1
48 286 0 1
49 286 0 1
50 286 0 1
52 286 0 1
53 286 0 1
56 286 0 1
63 286 0 1
64 286 0 1
78 286 0 1
80 286 0 1
143 286 0 1
3 287 0 1
14 287 0 1
24 287 0 1
25 287 0 1
26 287 0 1
27 287 0 1
29 287 0 1
30 287 0 1
33 287 0 1
34 287 0 1
35 287 0 1
37 287 0 1
39 287 0 1
40 287 0 1
42 287 0 1
43 287 0 1
47 287 0 1
48 287 0 1
49 287 0 1
50 287 0 1
52 287 0 1
53 287 0 1
54 287 0 1
56 287 0 1
59 287 0 1
63 287 0 1
64 287 0 1
65 287 0 1
75 287 0 1
78 287 0 1
80 287 0 1
81 287 0 1
3 288 0 1
14 288 0 1
22 288 0 1
23 288 0 1
25 288 0 1
26 288 0 1
27 288 0 1
29 288 0 1
30 288 0 1
33 288 0 1
34 288 0 1
35 288 0 1
37 288 0 1
39 288 0 1
40 288 0 1
42 288 0 1
43 288 0 1
47 288 0 1
48 288 0 1
49 288 0 1
50 288 0 1
53 288 0 1
54 288 0 1
63 288 0 1
64 288 0 1
65 288 0 1
68 288 0 1
75 288 0 1
76 288 0 1
78 288 0 1
80 288 0 1
81 288 0 1
16 289 0 1
20 289 0 1
21 289 0 1
28 289 0 1
32 289 0 1
36 289 0 1
38 289 0 1
41 289 0 1
44 289 0 1
45 289 0 1
46 289 0 1
51 289 0 1
55 289 0 1
57 289 0 1
61 289 0 1
69 289 0 1
70 289 0 1
71 289 0 1
73 289 0 1
74 289 0 1
77 289 0 1
79 289 0 1
12 290 0 1
23 290 0 1
28 290 0 1
30 290 0 1
31 290 0 1
32 290 0 1
36 290 0 1
38 290 0 1
39 290 0 1
41 290 0 1
44 290 0 1
45 290 0 1
46 290 0 1
51 290 0 1
55 290 0 1
61 290 0 1
62 290 0 1
66 290 0 1
69 290 0 1
70 290 0 1
71 290 0 1
72 290 0 1
73 290 0 1
74 290 0 1
75 290 0 1
76 290 0 1
77 290 0 1
79 290 0 1
81 290 0 1
12 291 0 1
23 291 0 1
28 291 0 1
31 291 0 1
32 291 0 1
36 291 0 1
38 291 0 1
39 291 0 1
41 291 0 1
44 291 0 1
45 291 0 1
46 291 0 1
51 291 0 1
55 291 0 1
61 291 0 1
62 291 0 1
66 291 0 1
69 291 0 1
70 291 0 1
71 291 0 1
72 291 0 1
73 291 0 1
74 291 0 1
76 291 0 1
77 291 0 1
79 291 0 1
16 292 0 1
28 292 0 1
31 292 0 1
32 292 0 1
36 292 0 1
38 292 0 1
41 292 0 1
44 292 0 1
45 292 0 1
46 292 0 1
51 292 0 1
55 292 0 1
61 292 0 1
62 292 0 1
69 292 0 1
70 292 0 1
71 292 0 1
73 292 0 1
74 292 0 1
77 292 0 1
79 292 0 1
3 293 0 1
24 293 0 1
25 293 0 1
26 293 0 1
27 293 0 1
29 293 0 1
33 293 0 1
34 293 0 1
35 293 0 1
37 293 0 1
40 293 0 1
42 293 0 1
43 293 0 1
47 293 0 1
48 293 0 1
49 293 0 1
50 293 0 1
52 293 0 1
53 293 0 1
56 293 0 1
59 293 0 1
63 293 0 1
64 293 0 1
65 293 0 1
75 293 0 1
78 293 0 1
80 293 0 1
143 293 0 1
3 294 0 1
14 294 0 1
25 294 0 1
26 294 0 1
27 294 0 1
29 294 0 1
30 294 0 1
33 294 0 1
34 294 0 1
35 294 0 1
37 294 0 1
39 294 0 1
40 294 0 1
42 294 0 1
43 294 0 1
47 294 0 1
48 294 0 1
49 294 0 1
50 294 0 1
53 294 0 1
54 294 0 1
56 294 0 1
59 294 0 1
63 294 0 1
64 294 0 1
65 294 0 1
68 294 0 1
75 294 0 1
78 294 0 1
80 294 0 1
81 294 0 1
144 294 0 1
12 295 0 1
23 295 0 1
28 295 0 1
30 295 0 1
31 295 0 1
32 295 0 1
36 295 0 1
38 295 0 1
39 295 0 1
40 295 0 1
41 295 0 1
44 295 0 1
45 295 0 1
46 295 0 1
51 295 0 1
61 295 0 1
62 295 0 1
66 295 0 1
67 295 0 1
70 295 0 1
71 295 0 1
72 295 0 1
74 295 0 1
75 295 0 1
76 295 0 1
77 295 0 1
79 295 0 1
81 295 0 1
28 296 0 1
31 296 0 1
32 296 0 1
36 296 0 1
38 296 0 1
41 296 0 1
44 296 0 1
45 296 0 1
46 296 0 1
51 296 0 1
55 296 0 1
60 296 0 1
61 296 0 1
62 296 0 1
66 296 0 1
69 296 0 1
70 296 0 1
71 296 0 1
72 296 0 1
73 296 0 1
74 296 0 1
76 296 0 1
77 296 0 1
79 296 0 1
28 297 0 1
32 297 0 1
36 297 0 1
38 297 0 1
41 297 0 1
44 297 0 1
45 297 0 1
46 297 0 1
51 297 0 1
55 297 0 1
57 297 0 1
58 297 0 1
69 297 0 1
71 297 0 1
73 297 0 1
74 297 0 1
77 297 0 1
