1 2 0 0
1 3 0 0
2 3 0 0
1 4 0 0
2 4 0 0
3 4 0 0
1 5 0 0
2 5 0 0
3 5 0 0
4 5 0 0
1 6 0 0
2 6 0 0
3 6 0 0
4 6 0 0
5 6 0 0
1 7 0 0
2 7 0 0
3 7 0 0
4 7 0 0
5 7 0 0
6 7 0 0
1 8 0 0
2 8 0 0
3 8 0 0
4 8 0 0
5 8 0 0
6 8 0 0
7 8 0 0
1 9 0 0
2 9 0 0
3 9 0 0
4 9 0 0
5 9 0 0
6 9 0 0
7 9 0 0
8 9 0 0
1 10 0 0
2 10 0 0
3 10 0 0
4 10 0 0
5 10 0 0
6 10 0 0
7 10 0 0
8 10 0 0
9 10 0 0
1 11 0 0
2 12 0 0
8 12 0 0
9 12 0 0
10 12 0 0
1 13 0 0
7 13 0 0
1 14 0 0
6 14 0 0
7 14 0 0
8 14 0 0
13 14 0 0
1 15 0 0
2 15 0 0
6 15 0 0
7 15 0 0
8 15 0 0
9 15 0 0
10 15 0 0
12 15 0 0
13 15 0 0
14 15 0 0
1 16 0 0
13 16 0 0
12 17 0 0
14 17 0 0
15 17 0 0
1 18 0 0
13 18 0 0
16 18 0 0
17 19 0 0
13 21 0 0
17 21 0 0
18 21 0 0
19 21 0 0
20 22 0 0
18 23 0 0
19 23 0 0
21 23 0 0
1 24 0 0
11 24 0 0
16 24 0 0
18 24 0 0
23 24 0 0
1 25 0 0
11 25 0 0
22 25 0 0
24 25 0 0
1 26 0 0
16 26 0 0
18 26 0 0
23 26 0 0
24 26 0 0
25 26 0 0
16 27 0 0
18 27 0 0
23 27 0 0
24 27 0 0
25 27 0 0
26 27 0 0
11 28 0 0
22 28 0 0
24 28 0 0
25 28 0 0
26 28 0 0
27 28 0 0
1 29 0 0
13 29 0 0
14 29 0 0
15 29 0 0
16 29 0 0
18 29 0 0
19 29 0 0
21 29 0 0
23 29 0 0
26 29 0 0
1 30 0 0
16 30 0 0
18 30 0 0
23 30 0 0
24 30 0 0
26 30 0 0
27 30 0 0
28 30 0 0
29 30 0 0
1 31 0 0
13 31 0 0
16 31 0 0
18 31 0 0
23 31 0 0
24 31 0 0
26 31 0 0
27 31 0 0
29 31 0 0
30 31 0 0
1 32 0 0
11 32 0 0
16 32 0 0
18 32 0 0
24 32 0 0
25 32 0 0
26 32 0 0
27 32 0 0
28 32 0 0
30 32 0 0
31 32 0 0
1 33 0 0
11 33 0 0
22 33 0 0
25 33 0 0
28 33 0 0
32 33 0 0
1 34 0 0
11 34 0 0
22 34 0 0
24 34 0 0
25 34 0 0
28 34 0 0
32 34 0 0
33 34 0 0
1 35 0 0
11 35 0 0
22 35 0 0
24 35 0 0
25 35 0 0
27 35 0 0
28 35 0 0
32 35 0 0
33 35 0 0
34 35 0 0
12 36 0 0
13 36 0 0
14 36 0 0
15 36 0 0
17 36 0 0
19 36 0 0
21 36 0 0
1 37 0 0
13 37 0 0
14 37 0 0
15 37 0 0
16 37 0 0
18 37 0 0
19 37 0 0
21 37 0 0
23 37 0 0
29 37 0 0
30 37 0 0
31 37 0 0
36 37 0 0
1 38 0 0
11 38 0 0
16 38 0 0
22 38 0 0
24 38 0 0
25 38 0 0
26 38 0 0
27 38 0 0
28 38 0 0
30 38 0 0
31 38 0 0
32 38 0 0
33 38 0 0
34 38 0 0
35 38 0 0
1 39 0 0
11 39 0 0
16 39 0 0
18 39 0 0
24 39 0 0
25 39 0 0
26 39 0 0
27 39 0 0
28 39 0 0
30 39 0 0
31 39 0 0
32 39 0 0
34 39 0 0
35 39 0 0
38 39 0 0
1 40 0 0
11 40 0 0
22 40 0 0
24 40 0 0
25 40 0 0
28 40 0 0
32 40 0 0
33 40 0 0
34 40 0 0
35 40 0 0
38 40 0 0
39 40 0 0
1 41 0 0
2 41 0 0
8 41 0 0
10 41 0 0
12 41 0 0
13 41 0 0
14 41 0 0
15 41 0 0
17 41 0 0
36 41 0 0
1 42 0 0
2 42 0 0
8 42 0 0
10 42 0 0
12 42 0 0
13 42 0 0
14 42 0 0
15 42 0 0
17 42 0 0
21 42 0 0
29 42 0 0
36 42 0 0
37 42 0 0
41 42 0 0
1 43 0 0
13 43 0 0
14 43 0 0
15 43 0 0
17 43 0 0
19 43 0 0
21 43 0 0
29 43 0 0
36 43 0 0
37 43 0 0
41 43 0 0
42 43 0 0
1 44 0 0
13 44 0 0
14 44 0 0
15 44 0 0
16 44 0 0
18 44 0 0
21 44 0 0
23 44 0 0
26 44 0 0
29 44 0 0
30 44 0 0
31 44 0 0
37 44 0 0
42 44 0 0
43 44 0 0
1 45 0 0
13 45 0 0
16 45 0 0
18 45 0 0
23 45 0 0
24 45 0 0
26 45 0 0
27 45 0 0
29 45 0 0
30 45 0 0
31 45 0 0
32 45 0 0
37 45 0 0
39 45 0 0
44 45 0 0
1 46 0 0
11 46 0 0
16 46 0 0
18 46 0 0
24 46 0 0
25 46 0 0
26 46 0 0
27 46 0 0
28 46 0 0
30 46 0 0
31 46 0 0
32 46 0 0
34 46 0 0
35 46 0 0
38 46 0 0
39 46 0 0
40 46 0 0
45 46 0 0
1 47 0 0
13 47 0 0
14 47 0 0
16 47 0 0
18 47 0 0
21 47 0 0
23 47 0 0
26 47 0 0
27 47 0 0
29 47 0 0
30 47 0 0
31 47 0 0
37 47 0 0
43 47 0 0
44 47 0 0
45 47 0 0
1 48 0 0
13 48 0 0
14 48 0 0
16 48 0 0
18 48 0 0
23 48 0 0
24 48 0 0
26 48 0 0
27 48 0 0
29 48 0 0
30 48 0 0
31 48 0 0
37 48 0 0
39 48 0 0
43 48 0 0
44 48 0 0
45 48 0 0
46 48 0 0
47 48 0 0
1 49 0 0
16 49 0 0
18 49 0 0
24 49 0 0
26 49 0 0
27 49 0 0
29 49 0 0
30 49 0 0
31 49 0 0
32 49 0 0
38 49 0 0
39 49 0 0
44 49 0 0
45 49 0 0
46 49 0 0
47 49 0 0
48 49 0 0
1 50 0 0
11 50 0 0
16 50 0 0
18 50 0 0
24 50 0 0
25 50 0 0
26 50 0 0
27 50 0 0
28 50 0 0
30 50 0 0
31 50 0 0
32 50 0 0
35 50 0 0
38 50 0 0
39 50 0 0
44 50 0 0
45 50 0 0
46 50 0 0
47 50 0 0
48 50 0 0
49 50 0 0
1 51 0 0
11 51 0 0
16 51 0 0
18 51 0 0
24 51 0 0
25 51 0 0
26 51 0 0
27 51 0 0
28 51 0 0
30 51 0 0
31 51 0 0
32 51 0 0
33 51 0 0
34 51 0 0
35 51 0 0
38 51 0 0
39 51 0 0
40 51 0 0
45 51 0 0
46 51 0 0
49 51 0 0
50 51 0 0
1 52 0 0
11 52 0 0
22 52 0 0
24 52 0 0
25 52 0 0
28 52 0 0
32 52 0 0
33 52 0 0
34 52 0 0
35 52 0 0
38 52 0 0
39 52 0 0
40 52 0 0
46 52 0 0
50 52 0 0
51 52 0 0
1 53 0 0
11 53 0 0
16 53 0 0
18 53 0 0
24 53 0 0
25 53 0 0
26 53 0 0
27 53 0 0
28 53 0 0
30 53 0 0
31 53 0 0
32 53 0 0
34 53 0 0
35 53 0 0
38 53 0 0
39 53 0 0
40 53 0 0
45 53 0 0
46 53 0 0
47 53 0 0
48 53 0 0
49 53 0 0
50 53 0 0
51 53 0 0
52 53 0 0
1 54 0 0
13 54 0 0
14 54 0 0
15 54 0 0
16 54 0 0
18 54 0 0
23 54 0 0
24 54 0 0
26 54 0 0
27 54 0 0
29 54 0 0
30 54 0 0
31 54 0 0
37 54 0 0
39 54 0 0
43 54 0 0
44 54 0 0
45 54 0 0
47 54 0 0
48 54 0 0
49 54 0 0
50 54 0 0
53 54 0 0
1 55 0 0
11 55 0 0
16 55 0 0
22 55 0 0
24 55 0 0
25 55 0 0
26 55 0 0
27 55 0 0
28 55 0 0
30 55 0 0
32 55 0 0
33 55 0 0
34 55 0 0
35 55 0 0
38 55 0 0
39 55 0 0
40 55 0 0
46 55 0 0
49 55 0 0
50 55 0 0
51 55 0 0
52 55 0 0
53 55 0 0
1 56 0 0
13 56 0 0
14 56 0 0
15 56 0 0
17 56 0 0
19 56 0 0
21 56 0 0
29 56 0 0
36 56 0 0
37 56 0 0
41 56 0 0
42 56 0 0
43 56 0 0
44 56 0 0
47 56 0 0
54 56 0 0
1 57 0 0
13 57 0 0
16 57 0 0
18 57 0 0
23 57 0 0
24 57 0 0
26 57 0 0
27 57 0 0
29 57 0 0
30 57 0 0
31 57 0 0
32 57 0 0
37 57 0 0
39 57 0 0
43 57 0 0
44 57 0 0
45 57 0 0
46 57 0 0
47 57 0 0
48 57 0 0
49 57 0 0
50 57 0 0
51 57 0 0
53 57 0 0
54 57 0 0
1 58 0 0
11 58 0 0
16 58 0 0
18 58 0 0
24 58 0 0
25 58 0 0
26 58 0 0
27 58 0 0
28 58 0 0
30 58 0 0
31 58 0 0
32 58 0 0
34 58 0 0
35 58 0 0
38 58 0 0
39 58 0 0
40 58 0 0
45 58 0 0
46 58 0 0
47 58 0 0
48 58 0 0
49 58 0 0
50 58 0 0
51 58 0 0
52 58 0 0
53 58 0 0
54 58 0 0
55 58 0 0
57 58 0 0
1 59 0 0
3 59 0 0
4 59 0 0
5 59 0 0
6 59 0 0
7 59 0 0
8 59 0 0
9 59 0 0
10 59 0 0
13 59 0 0
14 59 0 0
15 59 0 0
17 59 0 0
29 59 0 0
36 59 0 0
37 59 0 0
41 59 0 0
42 59 0 0
43 59 0 0
44 59 0 0
47 59 0 0
48 59 0 0
54 59 0 0
56 59 0 0
2 60 0 0
5 60 0 0
8 60 0 0
9 60 0 0
10 60 0 0
12 60 0 0
17 60 0 0
36 60 0 0
41 60 0 0
1 61 0 0
11 61 0 0
16 61 0 0
18 61 0 0
24 61 0 0
26 61 0 0
27 61 0 0
30 61 0 0
31 61 0 0
32 61 0 0
38 61 0 0
39 61 0 0
45 61 0 0
46 61 0 0
47 61 0 0
48 61 0 0
49 61 0 0
50 61 0 0
51 61 0 0
53 61 0 0
54 61 0 0
55 61 0 0
57 61 0 0
58 61 0 0
1 62 0 0
11 62 0 0
16 62 0 0
24 62 0 0
26 62 0 0
30 62 0 0
31 62 0 0
32 62 0 0
35 62 0 0
38 62 0 0
39 62 0 0
40 62 0 0
45 62 0 0
46 62 0 0
48 62 0 0
49 62 0 0
50 62 0 0
51 62 0 0
52 62 0 0
53 62 0 0
54 62 0 0
55 62 0 0
57 62 0 0
58 62 0 0
61 62 0 0
1 63 0 0
11 63 0 0
16 63 0 0
24 63 0 0
25 63 0 0
26 63 0 0
27 63 0 0
28 63 0 0
30 63 0 0
31 63 0 0
32 63 0 0
33 63 0 0
34 63 0 0
35 63 0 0
38 63 0 0
39 63 0 0
40 63 0 0
45 63 0 0
46 63 0 0
49 63 0 0
50 63 0 0
51 63 0 0
52 63 0 0
53 63 0 0
55 63 0 0
57 63 0 0
58 63 0 0
61 63 0 0
62 63 0 0
1 64 0 0
2 64 0 0
3 64 0 0
4 64 0 0
5 64 0 0
6 64 0 0
7 64 0 0
8 64 0 0
9 64 0 0
10 64 0 0
12 64 0 0
14 64 0 0
15 64 0 0
17 64 0 0
36 64 0 0
41 64 0 0
42 64 0 0
56 64 0 0
59 64 0 0
60 64 0 0
1 65 0 0
13 65 0 0
16 65 0 0
18 65 0 0
24 65 0 0
26 65 0 0
27 65 0 0
29 65 0 0
30 65 0 0
31 65 0 0
32 65 0 0
37 65 0 0
39 65 0 0
44 65 0 0
45 65 0 0
46 65 0 0
47 65 0 0
48 65 0 0
49 65 0 0
50 65 0 0
51 65 0 0
53 65 0 0
54 65 0 0
57 65 0 0
58 65 0 0
59 65 0 0
61 65 0 0
62 65 0 0
63 65 0 0
1 66 0 0
13 66 0 0
14 66 0 0
16 66 0 0
18 66 0 0
26 66 0 0
29 66 0 0
30 66 0 0
31 66 0 0
37 66 0 0
43 66 0 0
44 66 0 0
45 66 0 0
47 66 0 0
48 66 0 0
49 66 0 0
50 66 0 0
53 66 0 0
54 66 0 0
57 66 0 0
58 66 0 0
59 66 0 0
61 66 0 0
62 66 0 0
65 66 0 0
1 67 0 0
2 67 0 0
4 67 0 0
5 67 0 0
8 67 0 0
9 67 0 0
10 67 0 0
12 67 0 0
15 67 0 0
17 67 0 0
36 67 0 0
41 67 0 0
42 67 0 0
60 67 0 0
64 67 0 0
1 68 0 0
11 68 0 0
22 68 0 0
25 68 0 0
28 68 0 0
32 68 0 0
33 68 0 0
34 68 0 0
35 68 0 0
38 68 0 0
39 68 0 0
40 68 0 0
46 68 0 0
51 68 0 0
52 68 0 0
53 68 0 0
55 68 0 0
58 68 0 0
61 68 0 0
62 68 0 0
63 68 0 0
1 69 0 0
2 69 0 0
3 69 0 0
4 69 0 0
5 69 0 0
6 69 0 0
7 69 0 0
8 69 0 0
9 69 0 0
10 69 0 0
12 69 0 0
13 69 0 0
14 69 0 0
15 69 0 0
17 69 0 0
36 69 0 0
41 69 0 0
42 69 0 0
43 69 0 0
56 69 0 0
59 69 0 0
60 69 0 0
64 69 0 0
67 69 0 0
1 70 0 0
13 70 0 0
14 70 0 0
15 70 0 0
16 70 0 0
18 70 0 0
26 70 0 0
29 70 0 0
30 70 0 0
31 70 0 0
37 70 0 0
43 70 0 0
44 70 0 0
45 70 0 0
47 70 0 0
48 70 0 0
49 70 0 0
50 70 0 0
54 70 0 0
56 70 0 0
57 70 0 0
59 70 0 0
61 70 0 0
65 70 0 0
66 70 0 0
1 71 0 0
13 71 0 0
16 71 0 0
18 71 0 0
24 71 0 0
26 71 0 0
27 71 0 0
29 71 0 0
30 71 0 0
31 71 0 0
32 71 0 0
37 71 0 0
39 71 0 0
44 71 0 0
45 71 0 0
46 71 0 0
47 71 0 0
48 71 0 0
49 71 0 0
50 71 0 0
51 71 0 0
53 71 0 0
54 71 0 0
57 71 0 0
58 71 0 0
61 71 0 0
62 71 0 0
63 71 0 0
65 71 0 0
66 71 0 0
70 71 0 0
1 72 0 0
2 72 0 0
3 72 0 0
4 72 0 0
5 72 0 0
6 72 0 0
7 72 0 0
8 72 0 0
9 72 0 0
10 72 0 0
12 72 0 0
13 72 0 0
14 72 0 0
15 72 0 0
17 72 0 0
29 72 0 0
36 72 0 0
37 72 0 0
41 72 0 0
42 72 0 0
43 72 0 0
44 72 0 0
56 72 0 0
59 72 0 0
64 72 0 0
67 72 0 0
69 72 0 0
70 72 0 0
1 73 0 0
13 73 0 0
14 73 0 0
16 73 0 0
18 73 0 0
24 73 0 0
26 73 0 0
27 73 0 0
29 73 0 0
30 73 0 0
31 73 0 0
32 73 0 0
37 73 0 0
39 73 0 0
43 73 0 0
44 73 0 0
45 73 0 0
46 73 0 0
47 73 0 0
48 73 0 0
49 73 0 0
50 73 0 0
51 73 0 0
53 73 0 0
54 73 0 0
57 73 0 0
58 73 0 0
59 73 0 0
61 73 0 0
62 73 0 0
63 73 0 0
65 73 0 0
66 73 0 0
70 73 0 0
71 73 0 0
1 74 0 0
11 74 0 0
16 74 0 0
18 74 0 0
24 74 0 0
25 74 0 0
26 74 0 0
27 74 0 0
28 74 0 0
30 74 0 0
31 74 0 0
32 74 0 0
35 74 0 0
38 74 0 0
39 74 0 0
40 74 0 0
45 74 0 0
46 74 0 0
48 74 0 0
49 74 0 0
50 74 0 0
51 74 0 0
52 74 0 0
53 74 0 0
54 74 0 0
55 74 0 0
57 74 0 0
58 74 0 0
61 74 0 0
62 74 0 0
63 74 0 0
65 74 0 0
66 74 0 0
68 74 0 0
71 74 0 0
73 74 0 0
1 75 0 0
6 75 0 0
7 75 0 0
8 75 0 0
13 75 0 0
14 75 0 0
15 75 0 0
29 75 0 0
36 75 0 0
37 75 0 0
41 75 0 0
42 75 0 0
43 75 0 0
44 75 0 0
47 75 0 0
48 75 0 0
54 75 0 0
56 75 0 0
57 75 0 0
59 75 0 0
65 75 0 0
66 75 0 0
69 75 0 0
70 75 0 0
71 75 0 0
72 75 0 0
73 75 0 0
1 76 0 0
3 76 0 0
6 76 0 0
7 76 0 0
8 76 0 0
13 76 0 0
14 76 0 0
15 76 0 0
29 76 0 0
37 76 0 0
42 76 0 0
43 76 0 0
44 76 0 0
47 76 0 0
48 76 0 0
54 76 0 0
56 76 0 0
59 76 0 0
65 76 0 0
66 76 0 0
69 76 0 0
70 76 0 0
71 76 0 0
72 76 0 0
73 76 0 0
75 76 0 0
1 77 0 0
3 77 0 0
6 77 0 0
7 77 0 0
8 77 0 0
13 77 0 0
14 77 0 0
15 77 0 0
16 77 0 0
29 77 0 0
37 77 0 0
43 77 0 0
44 77 0 0
45 77 0 0
47 77 0 0
48 77 0 0
54 77 0 0
56 77 0 0
57 77 0 0
59 77 0 0
65 77 0 0
66 77 0 0
70 77 0 0
71 77 0 0
72 77 0 0
73 77 0 0
75 77 0 0
76 77 0 0
1 78 0 0
11 78 0 0
33 78 0 0
40 78 0 0
51 78 0 0
52 78 0 0
55 78 0 0
63 78 0 0
68 78 0 0
1 79 0 0
3 79 0 0
6 79 0 0
7 79 0 0
8 79 0 0
13 79 0 0
14 79 0 0
15 79 0 0
16 79 0 0
29 79 0 0
37 79 0 0
42 79 0 0
43 79 0 0
44 79 0 0
45 79 0 0
47 79 0 0
48 79 0 0
54 79 0 0
56 79 0 0
57 79 0 0
59 79 0 0
65 79 0 0
66 79 0 0
69 79 0 0
70 79 0 0
71 79 0 0
72 79 0 0
73 79 0 0
75 79 0 0
76 79 0 0
77 79 0 0
2 80 0 0
4 80 0 0
5 80 0 0
8 80 0 0
9 80 0 0
10 80 0 0
12 80 0 0
41 80 0 0
60 80 0 0
64 80 0 0
67 80 0 0
69 80 0 0
1 81 0 0
11 81 0 0
16 81 0 0
30 81 0 0
32 81 0 0
34 81 0 0
35 81 0 0
38 81 0 0
39 81 0 0
40 81 0 0
46 81 0 0
49 81 0 0
50 81 0 0
51 81 0 0
52 81 0 0
53 81 0 0
55 81 0 0
58 81 0 0
61 81 0 0
62 81 0 0
63 81 0 0
68 81 0 0
71 81 0 0
74 81 0 0
78 81 0 0
1 82 0 0
2 82 0 0
3 82 0 0
4 82 0 0
5 82 0 0
6 82 0 0
7 82 0 0
8 82 0 0
9 82 0 0
10 82 0 0
12 82 0 0
14 82 0 0
15 82 0 0
17 82 0 0
36 82 0 0
41 82 0 0
42 82 0 0
56 82 0 0
59 82 0 0
60 82 0 0
64 82 0 0
67 82 0 0
69 82 0 0
72 82 0 0
80 82 0 0
1 83 0 0
3 83 0 0
6 83 0 0
7 83 0 0
8 83 0 0
13 83 0 0
14 83 0 0
15 83 0 0
29 83 0 0
37 83 0 0
41 83 0 0
42 83 0 0
43 83 0 0
44 83 0 0
47 83 0 0
48 83 0 0
54 83 0 0
56 83 0 0
59 83 0 0
65 83 0 0
66 83 0 0
69 83 0 0
70 83 0 0
72 83 0 0
73 83 0 0
75 83 0 0
76 83 0 0
77 83 0 0
79 83 0 0
1 84 0 0
11 84 0 0
25 84 0 0
33 84 0 0
34 84 0 0
35 84 0 0
38 84 0 0
40 84 0 0
46 84 0 0
51 84 0 0
52 84 0 0
55 84 0 0
62 84 0 0
63 84 0 0
68 84 0 0
78 84 0 0
81 84 0 0
1 85 0 0
2 85 0 0
3 85 0 0
4 85 0 0
5 85 0 0
6 85 0 0
7 85 0 0
8 85 0 0
9 85 0 0
10 85 0 0
12 85 0 0
13 85 0 0
14 85 0 0
15 85 0 0
17 85 0 0
29 85 0 0
36 85 0 0
37 85 0 0
41 85 0 0
42 85 0 0
43 85 0 0
44 85 0 0
54 85 0 0
56 85 0 0
59 85 0 0
64 85 0 0
67 85 0 0
69 85 0 0
70 85 0 0
72 85 0 0
75 85 0 0
76 85 0 0
77 85 0 0
79 85 0 0
80 85 0 0
82 85 0 0
83 85 0 0
1 86 0 0
2 86 0 0
3 86 0 0
4 86 0 0
5 86 0 0
6 86 0 0
7 86 0 0
8 86 0 0
9 86 0 0
10 86 0 0
12 86 0 0
13 86 0 0
14 86 0 0
15 86 0 0
17 86 0 0
36 86 0 0
41 86 0 0
42 86 0 0
43 86 0 0
56 86 0 0
59 86 0 0
60 86 0 0
64 86 0 0
67 86 0 0
69 86 0 0
72 86 0 0
75 86 0 0
76 86 0 0
79 86 0 0
80 86 0 0
82 86 0 0
83 86 0 0
85 86 0 0
1 87 0 0
2 87 0 0
3 87 0 0
4 87 0 0
5 87 0 0
6 87 0 0
8 87 0 0
9 87 0 0
10 87 0 0
12 87 0 0
15 87 0 0
17 87 0 0
36 87 0 0
41 87 0 0
42 87 0 0
59 87 0 0
60 87 0 0
64 87 0 0
67 87 0 0
69 87 0 0
72 87 0 0
80 87 0 0
82 87 0 0
85 87 0 0
86 87 0 0
1 88 0 0
6 88 0 0
7 88 0 0
8 88 0 0
13 88 0 0
14 88 0 0
15 88 0 0
16 88 0 0
18 88 0 0
29 88 0 0
30 88 0 0
31 88 0 0
37 88 0 0
42 88 0 0
43 88 0 0
44 88 0 0
45 88 0 0
47 88 0 0
48 88 0 0
49 88 0 0
54 88 0 0
56 88 0 0
57 88 0 0
59 88 0 0
61 88 0 0
65 88 0 0
66 88 0 0
69 88 0 0
70 88 0 0
71 88 0 0
72 88 0 0
73 88 0 0
75 88 0 0
76 88 0 0
77 88 0 0
79 88 0 0
83 88 0 0
85 88 0 0
86 88 0 0
15 93 0 1
17 93 0 1
19 93 0 1
21 93 0 1
29 93 0 1
36 93 0 1
37 93 0 1
41 93 0 1
42 93 0 1
43 93 0 1
56 93 0 1
20 94 0 1
22 94 0 1
24 94 0 1
25 94 0 1
26 94 0 1
27 94 0 1
28 94 0 1
32 94 0 1
35 94 0 1
38 94 0 1
39 94 0 1
18 95 0 1
23 95 0 1
24 95 0 1
25 95 0 1
26 95 0 1
27 95 0 1
28 95 0 1
30 95 0 1
31 95 0 1
32 95 0 1
38 95 0 1
39 95 0 1
58 95 0 1
17 96 0 1
36 96 0 1
19 97 0 1
21 97 0 1
23 97 0 1
20 98 0 1
19 99 0 1
21 99 0 1
23 99 0 1
19 100 0 1
21 100 0 1
19 103 0 1
21 103 0 1
19 104 0 1
21 104 0 1
23 105 0 1
19 106 0 1
20 108 0 1
19 110 0 1
19 111 0 1
23 117 0 1
20 123 0 1
20 129 0 1
20 130 0 1
20 136 0 1
20 144 0 1
20 146 0 1
