2 3 0 0
2 4 0 0
3 4 0 0
1 5 0 0
2 5 0 0
3 5 0 0
4 5 0 0
1 6 0 0
1 7 0 0
5 7 0 0
2 8 0 0
3 8 0 0
4 8 0 0
5 8 0 0
1 9 0 0
2 9 0 0
4 9 0 0
5 9 0 0
7 9 0 0
2 10 0 0
3 10 0 0
4 10 0 0
5 10 0 0
8 10 0 0
2 11 0 0
3 11 0 0
4 11 0 0
5 11 0 0
8 11 0 0
10 11 0 0
2 12 0 0
3 12 0 0
4 12 0 0
5 12 0 0
8 12 0 0
10 12 0 0
11 12 0 0
2 13 0 0
3 13 0 0
4 13 0 0
5 13 0 0
8 13 0 0
10 13 0 0
11 13 0 0
12 13 0 0
3 14 0 0
4 14 0 0
5 14 0 0
10 14 0 0
11 14 0 0
12 14 0 0
13 14 0 0
1 15 0 0
7 15 0 0
9 15 0 0
14 15 0 0
1 16 0 0
7 16 0 0
15 16 0 0
1 17 0 0
7 17 0 0
15 17 0 0
16 17 0 0
1 18 0 0
15 18 0 0
16 18 0 0
17 18 0 0
1 19 0 0
15 19 0 0
16 19 0 0
17 19 0 0
18 19 0 0
12 20 0 0
13 20 0 0
14 20 0 0
15 20 0 0
1 21 0 0
1 22 0 0
21 22 0 0
1 23 0 0
21 23 0 0
22 23 0 0
1 24 0 0
17 24 0 0
18 24 0 0
19 24 0 0
23 24 0 0
15 25 0 0
16 25 0 0
17 25 0 0
18 25 0 0
19 25 0 0
24 25 0 0
1 26 0 0
18 26 0 0
19 26 0 0
23 26 0 0
24 26 0 0
25 26 0 0
1 27 0 0
19 27 0 0
23 27 0 0
24 27 0 0
26 27 0 0
24 28 0 0
25 28 0 0
26 28 0 0
14 31 0 0
15 31 0 0
20 31 0 0
30 31 0 0
1 32 0 0
21 32 0 0
22 32 0 0
23 32 0 0
27 32 0 0
1 33 0 0
22 33 0 0
23 33 0 0
24 33 0 0
26 33 0 0
27 33 0 0
29 33 0 0
32 33 0 0
1 34 0 0
18 34 0 0
19 34 0 0
23 34 0 0
24 34 0 0
25 34 0 0
26 34 0 0
27 34 0 0
28 34 0 0
33 34 0 0
1 35 0 0
21 35 0 0
22 35 0 0
23 35 0 0
27 35 0 0
29 35 0 0
32 35 0 0
33 35 0 0
1 36 0 0
21 36 0 0
22 36 0 0
23 36 0 0
24 36 0 0
26 36 0 0
27 36 0 0
29 36 0 0
32 36 0 0
33 36 0 0
34 36 0 0
35 36 0 0
1 37 0 0
21 37 0 0
22 37 0 0
23 37 0 0
29 37 0 0
32 37 0 0
33 37 0 0
35 37 0 0
36 37 0 0
1 38 0 0
21 38 0 0
22 38 0 0
23 38 0 0
24 38 0 0
26 38 0 0
27 38 0 0
29 38 0 0
32 38 0 0
33 38 0 0
34 38 0 0
35 38 0 0
36 38 0 0
37 38 0 0
15 39 0 0
16 39 0 0
17 39 0 0
18 39 0 0
24 39 0 0
25 39 0 0
28 39 0 0
31 39 0 0
34 39 0 0
1 40 0 0
15 40 0 0
16 40 0 0
17 40 0 0
18 40 0 0
19 40 0 0
24 40 0 0
25 40 0 0
26 40 0 0
34 40 0 0
39 40 0 0
14 41 0 0
15 41 0 0
16 41 0 0
17 41 0 0
18 41 0 0
19 41 0 0
20 41 0 0
25 41 0 0
31 41 0 0
39 41 0 0
40 41 0 0
1 42 0 0
21 42 0 0
22 42 0 0
23 42 0 0
27 42 0 0
32 42 0 0
33 42 0 0
35 42 0 0
36 42 0 0
37 42 0 0
38 42 0 0
1 43 0 0
21 43 0 0
22 43 0 0
23 43 0 0
24 43 0 0
26 43 0 0
27 43 0 0
32 43 0 0
33 43 0 0
34 43 0 0
35 43 0 0
36 43 0 0
37 43 0 0
38 43 0 0
42 43 0 0
1 44 0 0
18 44 0 0
19 44 0 0
23 44 0 0
24 44 0 0
25 44 0 0
26 44 0 0
27 44 0 0
33 44 0 0
34 44 0 0
36 44 0 0
38 44 0 0
40 44 0 0
42 44 0 0
43 44 0 0
15 45 0 0
16 45 0 0
17 45 0 0
18 45 0 0
19 45 0 0
24 45 0 0
25 45 0 0
31 45 0 0
34 45 0 0
39 45 0 0
40 45 0 0
41 45 0 0
1 46 0 0
21 46 0 0
22 46 0 0
23 46 0 0
24 46 0 0
26 46 0 0
27 46 0 0
32 46 0 0
33 46 0 0
34 46 0 0
35 46 0 0
36 46 0 0
37 46 0 0
38 46 0 0
42 46 0 0
43 46 0 0
44 46 0 0
1 47 0 0
21 47 0 0
22 47 0 0
23 47 0 0
24 47 0 0
26 47 0 0
27 47 0 0
32 47 0 0
33 47 0 0
34 47 0 0
35 47 0 0
36 47 0 0
37 47 0 0
38 47 0 0
42 47 0 0
43 47 0 0
44 47 0 0
46 47 0 0
1 48 0 0
6 48 0 0
16 48 0 0
17 48 0 0
18 48 0 0
19 48 0 0
23 48 0 0
24 48 0 0
25 48 0 0
26 48 0 0
27 48 0 0
33 48 0 0
34 48 0 0
36 48 0 0
38 48 0 0
40 48 0 0
42 48 0 0
43 48 0 0
44 48 0 0
45 48 0 0
46 48 0 0
47 48 0 0
1 49 0 0
21 49 0 0
22 49 0 0
23 49 0 0
27 49 0 0
32 49 0 0
33 49 0 0
35 49 0 0
36 49 0 0
37 49 0 0
38 49 0 0
42 49 0 0
43 49 0 0
44 49 0 0
46 49 0 0
47 49 0 0
48 49 0 0
4 50 0 0
5 50 0 0
9 50 0 0
11 50 0 0
12 50 0 0
14 50 0 0
15 50 0 0
16 50 0 0
17 50 0 0
20 50 0 0
31 50 0 0
41 50 0 0
45 50 0 0
3 51 0 0
4 51 0 0
5 51 0 0
10 51 0 0
11 51 0 0
12 51 0 0
13 51 0 0
14 51 0 0
20 51 0 0
31 51 0 0
50 51 0 0
3 52 0 0
4 52 0 0
5 52 0 0
10 52 0 0
11 52 0 0
12 52 0 0
13 52 0 0
14 52 0 0
15 52 0 0
20 52 0 0
31 52 0 0
41 52 0 0
50 52 0 0
51 52 0 0
1 53 0 0
6 53 0 0
18 53 0 0
19 53 0 0
22 53 0 0
23 53 0 0
24 53 0 0
26 53 0 0
27 53 0 0
32 53 0 0
33 53 0 0
34 53 0 0
35 53 0 0
36 53 0 0
38 53 0 0
42 53 0 0
43 53 0 0
44 53 0 0
46 53 0 0
47 53 0 0
48 53 0 0
49 53 0 0
1 54 0 0
7 54 0 0
14 54 0 0
15 54 0 0
16 54 0 0
17 54 0 0
18 54 0 0
19 54 0 0
20 54 0 0
25 54 0 0
31 54 0 0
39 54 0 0
40 54 0 0
41 54 0 0
45 54 0 0
50 54 0 0
51 54 0 0
52 54 0 0
1 55 0 0
15 55 0 0
16 55 0 0
17 55 0 0
18 55 0 0
19 55 0 0
24 55 0 0
25 55 0 0
26 55 0 0
27 55 0 0
33 55 0 0
34 55 0 0
40 55 0 0
44 55 0 0
45 55 0 0
47 55 0 0
48 55 0 0
53 55 0 0
5 56 0 0
10 56 0 0
11 56 0 0
12 56 0 0
13 56 0 0
14 56 0 0
20 56 0 0
31 56 0 0
50 56 0 0
51 56 0 0
52 56 0 0
54 56 0 0
1 57 0 0
18 57 0 0
19 57 0 0
23 57 0 0
24 57 0 0
26 57 0 0
27 57 0 0
33 57 0 0
34 57 0 0
35 57 0 0
36 57 0 0
38 57 0 0
42 57 0 0
43 57 0 0
44 57 0 0
46 57 0 0
47 57 0 0
48 57 0 0
49 57 0 0
53 57 0 0
55 57 0 0
1 58 0 0
21 58 0 0
22 58 0 0
23 58 0 0
24 58 0 0
26 58 0 0
27 58 0 0
32 58 0 0
33 58 0 0
34 58 0 0
35 58 0 0
36 58 0 0
37 58 0 0
38 58 0 0
42 58 0 0
43 58 0 0
44 58 0 0
46 58 0 0
47 58 0 0
48 58 0 0
49 58 0 0
53 58 0 0
57 58 0 0
1 59 0 0
19 59 0 0
21 59 0 0
22 59 0 0
23 59 0 0
24 59 0 0
26 59 0 0
27 59 0 0
32 59 0 0
33 59 0 0
34 59 0 0
35 59 0 0
36 59 0 0
38 59 0 0
42 59 0 0
43 59 0 0
44 59 0 0
46 59 0 0
47 59 0 0
48 59 0 0
49 59 0 0
53 59 0 0
55 59 0 0
57 59 0 0
58 59 0 0
1 60 0 0
7 60 0 0
9 60 0 0
15 60 0 0
16 60 0 0
17 60 0 0
18 60 0 0
19 60 0 0
25 60 0 0
40 60 0 0
41 60 0 0
45 60 0 0
48 60 0 0
54 60 0 0
55 60 0 0
1 61 0 0
7 61 0 0
9 61 0 0
15 61 0 0
16 61 0 0
17 61 0 0
18 61 0 0
19 61 0 0
25 61 0 0
40 61 0 0
41 61 0 0
45 61 0 0
48 61 0 0
50 61 0 0
54 61 0 0
55 61 0 0
60 61 0 0
1 62 0 0
6 62 0 0
23 62 0 0
24 62 0 0
27 62 0 0
33 62 0 0
42 62 0 0
43 62 0 0
44 62 0 0
46 62 0 0
47 62 0 0
48 62 0 0
49 62 0 0
53 62 0 0
55 62 0 0
57 62 0 0
58 62 0 0
59 62 0 0
1 63 0 0
6 63 0 0
18 63 0 0
19 63 0 0
23 63 0 0
24 63 0 0
26 63 0 0
27 63 0 0
42 63 0 0
43 63 0 0
44 63 0 0
46 63 0 0
47 63 0 0
48 63 0 0
49 63 0 0
53 63 0 0
55 63 0 0
57 63 0 0
58 63 0 0
59 63 0 0
62 63 0 0
1 64 0 0
7 64 0 0
15 64 0 0
16 64 0 0
17 64 0 0
18 64 0 0
19 64 0 0
24 64 0 0
25 64 0 0
40 64 0 0
41 64 0 0
44 64 0 0
45 64 0 0
48 64 0 0
53 64 0 0
54 64 0 0
55 64 0 0
57 64 0 0
60 64 0 0
61 64 0 0
63 64 0 0
2 65 0 0
3 65 0 0
4 65 0 0
5 65 0 0
7 65 0 0
8 65 0 0
9 65 0 0
10 65 0 0
11 65 0 0
12 65 0 0
13 65 0 0
14 65 0 0
15 65 0 0
20 65 0 0
41 65 0 0
50 65 0 0
51 65 0 0
52 65 0 0
54 65 0 0
56 65 0 0
2 66 0 0
3 66 0 0
4 66 0 0
5 66 0 0
8 66 0 0
9 66 0 0
10 66 0 0
11 66 0 0
12 66 0 0
13 66 0 0
14 66 0 0
20 66 0 0
50 66 0 0
51 66 0 0
52 66 0 0
54 66 0 0
56 66 0 0
65 66 0 0
2 67 0 0
3 67 0 0
4 67 0 0
5 67 0 0
8 67 0 0
10 67 0 0
11 67 0 0
12 67 0 0
13 67 0 0
14 67 0 0
20 67 0 0
50 67 0 0
51 67 0 0
52 67 0 0
56 67 0 0
65 67 0 0
66 67 0 0
1 68 0 0
7 68 0 0
9 68 0 0
15 68 0 0
16 68 0 0
17 68 0 0
18 68 0 0
19 68 0 0
25 68 0 0
40 68 0 0
41 68 0 0
45 68 0 0
50 68 0 0
54 68 0 0
55 68 0 0
60 68 0 0
61 68 0 0
64 68 0 0
65 68 0 0
1 69 0 0
7 69 0 0
15 69 0 0
16 69 0 0
17 69 0 0
18 69 0 0
19 69 0 0
24 69 0 0
25 69 0 0
40 69 0 0
41 69 0 0
44 69 0 0
45 69 0 0
48 69 0 0
54 69 0 0
55 69 0 0
60 69 0 0
61 69 0 0
63 69 0 0
64 69 0 0
68 69 0 0
1 70 0 0
7 70 0 0
9 70 0 0
15 70 0 0
16 70 0 0
17 70 0 0
18 70 0 0
19 70 0 0
25 70 0 0
40 70 0 0
41 70 0 0
45 70 0 0
48 70 0 0
54 70 0 0
55 70 0 0
60 70 0 0
61 70 0 0
64 70 0 0
68 70 0 0
69 70 0 0
1 71 0 0
6 71 0 0
16 71 0 0
17 71 0 0
18 71 0 0
19 71 0 0
24 71 0 0
25 71 0 0
26 71 0 0
27 71 0 0
34 71 0 0
40 71 0 0
44 71 0 0
45 71 0 0
47 71 0 0
48 71 0 0
53 71 0 0
55 71 0 0
57 71 0 0
59 71 0 0
60 71 0 0
61 71 0 0
62 71 0 0
63 71 0 0
64 71 0 0
68 71 0 0
69 71 0 0
70 71 0 0
2 72 0 0
3 72 0 0
4 72 0 0
5 72 0 0
8 72 0 0
10 72 0 0
11 72 0 0
12 72 0 0
13 72 0 0
14 72 0 0
20 72 0 0
50 72 0 0
51 72 0 0
52 72 0 0
56 72 0 0
65 72 0 0
66 72 0 0
67 72 0 0
1 73 0 0
2 73 0 0
3 73 0 0
4 73 0 0
5 73 0 0
7 73 0 0
9 73 0 0
10 73 0 0
11 73 0 0
12 73 0 0
13 73 0 0
14 73 0 0
15 73 0 0
16 73 0 0
20 73 0 0
31 73 0 0
41 73 0 0
50 73 0 0
51 73 0 0
52 73 0 0
54 73 0 0
56 73 0 0
61 73 0 0
65 73 0 0
66 73 0 0
67 73 0 0
68 73 0 0
72 73 0 0
1 74 0 0
4 74 0 0
5 74 0 0
7 74 0 0
9 74 0 0
14 74 0 0
15 74 0 0
16 74 0 0
17 74 0 0
18 74 0 0
20 74 0 0
41 74 0 0
45 74 0 0
50 74 0 0
51 74 0 0
52 74 0 0
54 74 0 0
56 74 0 0
60 74 0 0
61 74 0 0
65 74 0 0
66 74 0 0
67 74 0 0
68 74 0 0
69 74 0 0
70 74 0 0
72 74 0 0
73 74 0 0
1 75 0 0
6 75 0 0
19 75 0 0
23 75 0 0
24 75 0 0
26 75 0 0
27 75 0 0
33 75 0 0
42 75 0 0
43 75 0 0
44 75 0 0
46 75 0 0
47 75 0 0
48 75 0 0
49 75 0 0
53 75 0 0
55 75 0 0
57 75 0 0
58 75 0 0
59 75 0 0
62 75 0 0
63 75 0 0
64 75 0 0
71 75 0 0
1 76 0 0
6 76 0 0
17 76 0 0
18 76 0 0
19 76 0 0
23 76 0 0
24 76 0 0
26 76 0 0
27 76 0 0
33 76 0 0
34 76 0 0
40 76 0 0
43 76 0 0
44 76 0 0
46 76 0 0
47 76 0 0
48 76 0 0
49 76 0 0
53 76 0 0
55 76 0 0
57 76 0 0
58 76 0 0
59 76 0 0
60 76 0 0
62 76 0 0
63 76 0 0
64 76 0 0
69 76 0 0
70 76 0 0
71 76 0 0
75 76 0 0
1 77 0 0
6 77 0 0
21 77 0 0
22 77 0 0
23 77 0 0
27 77 0 0
32 77 0 0
33 77 0 0
35 77 0 0
36 77 0 0
37 77 0 0
38 77 0 0
42 77 0 0
43 77 0 0
44 77 0 0
46 77 0 0
47 77 0 0
48 77 0 0
49 77 0 0
53 77 0 0
57 77 0 0
58 77 0 0
59 77 0 0
62 77 0 0
63 77 0 0
75 77 0 0
76 77 0 0
1 78 0 0
6 78 0 0
19 78 0 0
21 78 0 0
22 78 0 0
23 78 0 0
24 78 0 0
26 78 0 0
27 78 0 0
32 78 0 0
33 78 0 0
34 78 0 0
35 78 0 0
36 78 0 0
38 78 0 0
42 78 0 0
43 78 0 0
44 78 0 0
46 78 0 0
47 78 0 0
48 78 0 0
49 78 0 0
53 78 0 0
55 78 0 0
57 78 0 0
58 78 0 0
59 78 0 0
62 78 0 0
63 78 0 0
71 78 0 0
75 78 0 0
76 78 0 0
77 78 0 0
1 79 0 0
6 79 0 0
16 79 0 0
17 79 0 0
18 79 0 0
19 79 0 0
23 79 0 0
24 79 0 0
25 79 0 0
26 79 0 0
27 79 0 0
33 79 0 0
34 79 0 0
40 79 0 0
43 79 0 0
44 79 0 0
47 79 0 0
48 79 0 0
53 79 0 0
55 79 0 0
57 79 0 0
58 79 0 0
59 79 0 0
60 79 0 0
62 79 0 0
63 79 0 0
64 79 0 0
69 79 0 0
70 79 0 0
71 79 0 0
75 79 0 0
76 79 0 0
77 79 0 0
78 79 0 0
1 80 0 0
7 80 0 0
9 80 0 0
15 80 0 0
16 80 0 0
17 80 0 0
18 80 0 0
19 80 0 0
25 80 0 0
39 80 0 0
40 80 0 0
41 80 0 0
45 80 0 0
48 80 0 0
50 80 0 0
54 80 0 0
55 80 0 0
60 80 0 0
61 80 0 0
64 80 0 0
68 80 0 0
69 80 0 0
70 80 0 0
71 80 0 0
73 80 0 0
74 80 0 0
76 80 0 0
79 80 0 0
1 81 0 0
4 81 0 0
5 81 0 0
7 81 0 0
9 81 0 0
11 81 0 0
12 81 0 0
14 81 0 0
15 81 0 0
16 81 0 0
17 81 0 0
20 81 0 0
31 81 0 0
41 81 0 0
45 81 0 0
50 81 0 0
51 81 0 0
52 81 0 0
54 81 0 0
56 81 0 0
61 81 0 0
65 81 0 0
66 81 0 0
67 81 0 0
68 81 0 0
70 81 0 0
72 81 0 0
73 81 0 0
74 81 0 0
80 81 0 0
2 82 0 0
3 82 0 0
4 82 0 0
5 82 0 0
8 82 0 0
10 82 0 0
11 82 0 0
12 82 0 0
13 82 0 0
14 82 0 0
51 82 0 0
52 82 0 0
56 82 0 0
65 82 0 0
66 82 0 0
67 82 0 0
72 82 0 0
2 83 0 0
3 83 0 0
4 83 0 0
5 83 0 0
8 83 0 0
10 83 0 0
11 83 0 0
12 83 0 0
13 83 0 0
14 83 0 0
20 83 0 0
50 83 0 0
51 83 0 0
52 83 0 0
56 83 0 0
65 83 0 0
66 83 0 0
67 83 0 0
72 83 0 0
73 83 0 0
74 83 0 0
81 83 0 0
82 83 0 0
2 84 0 0
3 84 0 0
4 84 0 0
5 84 0 0
7 84 0 0
8 84 0 0
9 84 0 0
10 84 0 0
11 84 0 0
12 84 0 0
13 84 0 0
14 84 0 0
20 84 0 0
50 84 0 0
51 84 0 0
52 84 0 0
56 84 0 0
65 84 0 0
66 84 0 0
67 84 0 0
72 84 0 0
73 84 0 0
74 84 0 0
81 84 0 0
82 84 0 0
83 84 0 0
1 85 0 0
7 85 0 0
15 85 0 0
16 85 0 0
17 85 0 0
18 85 0 0
19 85 0 0
40 85 0 0
48 85 0 0
53 85 0 0
55 85 0 0
57 85 0 0
60 85 0 0
61 85 0 0
63 85 0 0
64 85 0 0
68 85 0 0
69 85 0 0
70 85 0 0
71 85 0 0
75 85 0 0
76 85 0 0
79 85 0 0
80 85 0 0
2 86 0 0
3 86 0 0
4 86 0 0
5 86 0 0
7 86 0 0
8 86 0 0
9 86 0 0
10 86 0 0
11 86 0 0
12 86 0 0
13 86 0 0
14 86 0 0
20 86 0 0
50 86 0 0
51 86 0 0
52 86 0 0
56 86 0 0
65 86 0 0
66 86 0 0
67 86 0 0
72 86 0 0
73 86 0 0
74 86 0 0
81 86 0 0
82 86 0 0
83 86 0 0
84 86 0 0
1 87 0 0
5 87 0 0
7 87 0 0
9 87 0 0
15 87 0 0
16 87 0 0
17 87 0 0
18 87 0 0
19 87 0 0
41 87 0 0
50 87 0 0
54 87 0 0
60 87 0 0
61 87 0 0
64 87 0 0
65 87 0 0
68 87 0 0
69 87 0 0
70 87 0 0
73 87 0 0
74 87 0 0
80 87 0 0
81 87 0 0
85 87 0 0
86 87 0 0
1 88 0 0
2 88 0 0
3 88 0 0
4 88 0 0
5 88 0 0
7 88 0 0
9 88 0 0
10 88 0 0
11 88 0 0
12 88 0 0
14 88 0 0
15 88 0 0
16 88 0 0
17 88 0 0
18 88 0 0
20 88 0 0
41 88 0 0
50 88 0 0
51 88 0 0
52 88 0 0
54 88 0 0
56 88 0 0
60 88 0 0
61 88 0 0
65 88 0 0
66 88 0 0
67 88 0 0
68 88 0 0
69 88 0 0
70 88 0 0
73 88 0 0
74 88 0 0
80 88 0 0
81 88 0 0
83 88 0 0
84 88 0 0
86 88 0 0
87 88 0 0
1 89 0 0
2 89 0 0
3 89 0 0
4 89 0 0
5 89 0 0
7 89 0 0
8 89 0 0
9 89 0 0
10 89 0 0
11 89 0 0
12 89 0 0
13 89 0 0
14 89 0 0
15 89 0 0
16 89 0 0
20 89 0 0
41 89 0 0
50 89 0 0
51 89 0 0
52 89 0 0
54 89 0 0
56 89 0 0
61 89 0 0
65 89 0 0
66 89 0 0
67 89 0 0
68 89 0 0
70 89 0 0
72 89 0 0
73 89 0 0
74 89 0 0
80 89 0 0
81 89 0 0
82 89 0 0
83 89 0 0
84 89 0 0
86 89 0 0
87 89 0 0
88 89 0 0
1 90 0 0
4 90 0 0
5 90 0 0
7 90 0 0
9 90 0 0
14 90 0 0
15 90 0 0
16 90 0 0
17 90 0 0
18 90 0 0
19 90 0 0
20 90 0 0
25 90 0 0
40 90 0 0
41 90 0 0
45 90 0 0
50 90 0 0
52 90 0 0
54 90 0 0
60 90 0 0
61 90 0 0
64 90 0 0
65 90 0 0
66 90 0 0
68 90 0 0
69 90 0 0
70 90 0 0
71 90 0 0
73 90 0 0
74 90 0 0
80 90 0 0
81 90 0 0
84 90 0 0
85 90 0 0
86 90 0 0
87 90 0 0
88 90 0 0
89 90 0 0
1 91 0 0
7 91 0 0
9 91 0 0
15 91 0 0
16 91 0 0
17 91 0 0
18 91 0 0
19 91 0 0
40 91 0 0
48 91 0 0
54 91 0 0
55 91 0 0
60 91 0 0
61 91 0 0
64 91 0 0
68 91 0 0
69 91 0 0
70 91 0 0
71 91 0 0
74 91 0 0
76 91 0 0
79 91 0 0
80 91 0 0
85 91 0 0
87 91 0 0
88 91 0 0
90 91 0 0
2 92 0 0
3 92 0 0
4 92 0 0
5 92 0 0
8 92 0 0
10 92 0 0
11 92 0 0
12 92 0 0
13 92 0 0
14 92 0 0
20 92 0 0
50 92 0 0
51 92 0 0
52 92 0 0
56 92 0 0
65 92 0 0
66 92 0 0
67 92 0 0
72 92 0 0
73 92 0 0
82 92 0 0
83 92 0 0
84 92 0 0
86 92 0 0
88 92 0 0
89 92 0 0
1 93 0 0
7 93 0 0
9 93 0 0
15 93 0 0
16 93 0 0
17 93 0 0
18 93 0 0
19 93 0 0
40 93 0 0
41 93 0 0
45 93 0 0
50 93 0 0
54 93 0 0
55 93 0 0
60 93 0 0
61 93 0 0
64 93 0 0
68 93 0 0
69 93 0 0
70 93 0 0
71 93 0 0
73 93 0 0
74 93 0 0
80 93 0 0
81 93 0 0
85 93 0 0
87 93 0 0
88 93 0 0
89 93 0 0
90 93 0 0
91 93 0 0
2 94 0 0
3 94 0 0
4 94 0 0
5 94 0 0
8 94 0 0
9 94 0 0
10 94 0 0
11 94 0 0
12 94 0 0
13 94 0 0
14 94 0 0
20 94 0 0
50 94 0 0
51 94 0 0
52 94 0 0
56 94 0 0
65 94 0 0
66 94 0 0
67 94 0 0
72 94 0 0
73 94 0 0
74 94 0 0
81 94 0 0
82 94 0 0
83 94 0 0
84 94 0 0
86 94 0 0
88 94 0 0
89 94 0 0
90 94 0 0
92 94 0 0
1 95 0 0
2 95 0 0
3 95 0 0
4 95 0 0
5 95 0 0
7 95 0 0
9 95 0 0
10 95 0 0
11 95 0 0
12 95 0 0
13 95 0 0
14 95 0 0
15 95 0 0
16 95 0 0
20 95 0 0
41 95 0 0
50 95 0 0
51 95 0 0
52 95 0 0
54 95 0 0
56 95 0 0
61 95 0 0
65 95 0 0
66 95 0 0
67 95 0 0
68 95 0 0
72 95 0 0
73 95 0 0
74 95 0 0
81 95 0 0
83 95 0 0
84 95 0 0
86 95 0 0
87 95 0 0
88 95 0 0
89 95 0 0
90 95 0 0
92 95 0 0
93 95 0 0
94 95 0 0
1 96 0 0
7 96 0 0
9 96 0 0
15 96 0 0
16 96 0 0
17 96 0 0
18 96 0 0
19 96 0 0
40 96 0 0
41 96 0 0
44 96 0 0
45 96 0 0
48 96 0 0
53 96 0 0
54 96 0 0
55 96 0 0
60 96 0 0
61 96 0 0
63 96 0 0
64 96 0 0
68 96 0 0
69 96 0 0
70 96 0 0
71 96 0 0
74 96 0 0
76 96 0 0
79 96 0 0
80 96 0 0
81 96 0 0
85 96 0 0
87 96 0 0
88 96 0 0
89 96 0 0
90 96 0 0
91 96 0 0
93 96 0 0
2 97 0 0
3 97 0 0
4 97 0 0
5 97 0 0
7 97 0 0
8 97 0 0
9 97 0 0
10 97 0 0
11 97 0 0
12 97 0 0
13 97 0 0
14 97 0 0
15 97 0 0
20 97 0 0
50 97 0 0
51 97 0 0
52 97 0 0
54 97 0 0
56 97 0 0
65 97 0 0
66 97 0 0
67 97 0 0
72 97 0 0
73 97 0 0
74 97 0 0
81 97 0 0
82 97 0 0
83 97 0 0
84 97 0 0
86 97 0 0
88 97 0 0
89 97 0 0
90 97 0 0
92 97 0 0
94 97 0 0
95 97 0 0
1 98 0 0
6 98 0 0
7 98 0 0
15 98 0 0
16 98 0 0
17 98 0 0
18 98 0 0
19 98 0 0
24 98 0 0
40 98 0 0
44 98 0 0
45 98 0 0
48 98 0 0
53 98 0 0
55 98 0 0
57 98 0 0
59 98 0 0
60 98 0 0
61 98 0 0
62 98 0 0
63 98 0 0
64 98 0 0
68 98 0 0
69 98 0 0
70 98 0 0
71 98 0 0
75 98 0 0
76 98 0 0
78 98 0 0
79 98 0 0
80 98 0 0
85 98 0 0
87 98 0 0
90 98 0 0
91 98 0 0
93 98 0 0
96 98 0 0
30 100 0 1
13 101 0 1
14 101 0 1
20 101 0 1
51 101 0 1
52 101 0 1
56 101 0 1
66 101 0 1
67 101 0 1
72 101 0 1
14 102 0 1
15 102 0 1
16 102 0 1
20 102 0 1
31 102 0 1
39 102 0 1
41 102 0 1
45 102 0 1
50 102 0 1
51 102 0 1
52 102 0 1
54 102 0 1
56 102 0 1
65 102 0 1
66 102 0 1
73 102 0 1
74 102 0 1
81 102 0 1
90 102 0 1
15 103 0 1
16 103 0 1
17 103 0 1
18 103 0 1
20 103 0 1
25 103 0 1
28 103 0 1
31 103 0 1
39 103 0 1
40 103 0 1
41 103 0 1
45 103 0 1
50 103 0 1
54 103 0 1
68 103 0 1
80 103 0 1
90 103 0 1
20 104 0 1
31 104 0 1
51 104 0 1
52 104 0 1
56 104 0 1
20 105 0 1
30 105 0 1
31 105 0 1
52 105 0 1
56 105 0 1
30 107 0 1
20 108 0 1
25 108 0 1
30 108 0 1
31 108 0 1
39 108 0 1
41 108 0 1
45 108 0 1
20 109 0 1
30 109 0 1
31 109 0 1
26 110 0 1
27 110 0 1
28 110 0 1
29 110 0 1
33 110 0 1
34 110 0 1
36 110 0 1
38 110 0 1
25 111 0 1
28 111 0 1
34 111 0 1
39 111 0 1
25 112 0 1
26 112 0 1
28 112 0 1
29 112 0 1
34 112 0 1
39 112 0 1
30 113 0 1
31 113 0 1
30 114 0 1
31 114 0 1
30 115 0 1
31 115 0 1
25 116 0 1
28 116 0 1
30 116 0 1
31 116 0 1
39 116 0 1
40 116 0 1
41 116 0 1
45 116 0 1
30 117 0 1
31 117 0 1
28 118 0 1
30 118 0 1
39 118 0 1
30 119 0 1
31 119 0 1
39 119 0 1
28 120 0 1
30 121 0 1
30 122 0 1
31 122 0 1
30 123 0 1
30 124 0 1
30 125 0 1
29 126 0 1
33 126 0 1
36 126 0 1
38 126 0 1
28 127 0 1
29 127 0 1
34 127 0 1
30 128 0 1
31 128 0 1
30 129 0 1
31 129 0 1
39 129 0 1
28 130 0 1
30 130 0 1
39 130 0 1
30 131 0 1
30 132 0 1
31 132 0 1
28 133 0 1
30 133 0 1
39 133 0 1
28 134 0 1
39 134 0 1
30 135 0 1
31 135 0 1
30 136 0 1
30 137 0 1
30 138 0 1
30 139 0 1
29 140 0 1
30 141 0 1
28 142 0 1
28 143 0 1
29 143 0 1
30 144 0 1
28 145 0 1
30 145 0 1
30 146 0 1
28 147 0 1
28 148 0 1
30 149 0 1
30 150 0 1
28 151 0 1
29 151 0 1
28 152 0 1
30 154 0 1
30 155 0 1
28 156 0 1
30 157 0 1
29 159 0 1
29 160 0 1
30 162 0 1
29 165 0 1
30 167 0 1
28 168 0 1
29 173 0 1
30 194 0 1
