1 4 0 0
1 5 0 0
4 5 0 0
1 6 0 0
4 6 0 0
5 6 0 0
2 7 0 0
4 7 0 0
1 8 0 0
2 8 0 0
4 8 0 0
5 8 0 0
7 8 0 0
1 9 0 0
2 9 0 0
4 9 0 0
7 9 0 0
8 9 0 0
3 10 0 0
1 11 0 0
4 11 0 0
5 11 0 0
6 11 0 0
8 11 0 0
9 11 0 0
2 12 0 0
7 12 0 0
8 12 0 0
9 12 0 0
3 13 0 0
10 13 0 0
3 14 0 0
10 14 0 0
13 14 0 0
1 15 0 0
4 15 0 0
5 15 0 0
6 15 0 0
8 15 0 0
11 15 0 0
2 16 0 0
7 16 0 0
8 16 0 0
9 16 0 0
12 16 0 0
1 17 0 0
3 17 0 0
6 17 0 0
10 17 0 0
13 17 0 0
14 17 0 0
1 18 0 0
4 18 0 0
5 18 0 0
7 18 0 0
8 18 0 0
9 18 0 0
11 18 0 0
15 18 0 0
1 19 0 0
4 19 0 0
5 19 0 0
7 19 0 0
8 19 0 0
9 19 0 0
11 19 0 0
15 19 0 0
16 19 0 0
18 19 0 0
1 20 0 0
4 20 0 0
5 20 0 0
8 20 0 0
9 20 0 0
11 20 0 0
15 20 0 0
18 20 0 0
19 20 0 0
1 21 0 0
6 21 0 0
10 21 0 0
14 21 0 0
17 21 0 0
1 22 0 0
6 22 0 0
15 22 0 0
20 22 0 0
21 22 0 0
1 23 0 0
5 23 0 0
11 23 0 0
15 23 0 0
18 23 0 0
20 23 0 0
21 23 0 0
22 23 0 0
1 24 0 0
10 24 0 0
13 24 0 0
14 24 0 0
17 24 0 0
21 24 0 0
22 24 0 0
1 25 0 0
11 25 0 0
15 25 0 0
18 25 0 0
19 25 0 0
20 25 0 0
22 25 0 0
23 25 0 0
1 26 0 0
15 26 0 0
18 26 0 0
20 26 0 0
22 26 0 0
23 26 0 0
25 26 0 0
13 27 0 0
14 27 0 0
17 27 0 0
21 27 0 0
22 27 0 0
24 27 0 0
1 28 0 0
3 28 0 0
10 28 0 0
13 28 0 0
14 28 0 0
17 28 0 0
21 28 0 0
22 28 0 0
24 28 0 0
27 28 0 0
1 29 0 0
4 29 0 0
5 29 0 0
6 29 0 0
11 29 0 0
15 29 0 0
18 29 0 0
20 29 0 0
21 29 0 0
22 29 0 0
23 29 0 0
25 29 0 0
26 29 0 0
1 30 0 0
3 30 0 0
6 30 0 0
10 30 0 0
13 30 0 0
14 30 0 0
17 30 0 0
21 30 0 0
22 30 0 0
23 30 0 0
24 30 0 0
27 30 0 0
28 30 0 0
29 30 0 0
1 31 0 0
5 31 0 0
6 31 0 0
15 31 0 0
17 31 0 0
21 31 0 0
22 31 0 0
23 31 0 0
24 31 0 0
25 31 0 0
26 31 0 0
27 31 0 0
28 31 0 0
29 31 0 0
30 31 0 0
2 32 0 0
12 32 0 0
16 32 0 0
1 33 0 0
5 33 0 0
6 33 0 0
11 33 0 0
15 33 0 0
18 33 0 0
19 33 0 0
20 33 0 0
21 33 0 0
22 33 0 0
23 33 0 0
25 33 0 0
26 33 0 0
29 33 0 0
30 33 0 0
31 33 0 0
1 34 0 0
5 34 0 0
6 34 0 0
10 34 0 0
14 34 0 0
15 34 0 0
17 34 0 0
21 34 0 0
22 34 0 0
23 34 0 0
24 34 0 0
27 34 0 0
28 34 0 0
29 34 0 0
30 34 0 0
31 34 0 0
33 34 0 0
1 35 0 0
3 35 0 0
6 35 0 0
10 35 0 0
13 35 0 0
14 35 0 0
17 35 0 0
21 35 0 0
22 35 0 0
24 35 0 0
27 35 0 0
28 35 0 0
29 35 0 0
30 35 0 0
31 35 0 0
34 35 0 0
1 36 0 0
4 36 0 0
5 36 0 0
6 36 0 0
11 36 0 0
15 36 0 0
17 36 0 0
20 36 0 0
21 36 0 0
22 36 0 0
23 36 0 0
24 36 0 0
25 36 0 0
26 36 0 0
28 36 0 0
29 36 0 0
30 36 0 0
31 36 0 0
33 36 0 0
34 36 0 0
35 36 0 0
2 37 0 0
7 37 0 0
8 37 0 0
9 37 0 0
12 37 0 0
16 37 0 0
19 37 0 0
32 37 0 0
2 38 0 0
7 38 0 0
8 38 0 0
9 38 0 0
12 38 0 0
16 38 0 0
18 38 0 0
19 38 0 0
32 38 0 0
37 38 0 0
2 39 0 0
7 39 0 0
9 39 0 0
12 39 0 0
16 39 0 0
32 39 0 0
37 39 0 0
38 39 0 0
2 40 0 0
7 40 0 0
8 40 0 0
9 40 0 0
12 40 0 0
16 40 0 0
18 40 0 0
19 40 0 0
20 40 0 0
32 40 0 0
37 40 0 0
38 40 0 0
39 40 0 0
1 41 0 0
4 41 0 0
7 41 0 0
8 41 0 0
9 41 0 0
11 41 0 0
12 41 0 0
15 41 0 0
16 41 0 0
18 41 0 0
19 41 0 0
20 41 0 0
25 41 0 0
37 41 0 0
38 41 0 0
40 41 0 0
1 42 0 0
3 42 0 0
6 42 0 0
10 42 0 0
13 42 0 0
14 42 0 0
17 42 0 0
21 42 0 0
22 42 0 0
24 42 0 0
27 42 0 0
28 42 0 0
30 42 0 0
31 42 0 0
34 42 0 0
35 42 0 0
36 42 0 0
1 43 0 0
5 43 0 0
6 43 0 0
11 43 0 0
15 43 0 0
17 43 0 0
21 43 0 0
22 43 0 0
23 43 0 0
24 43 0 0
25 43 0 0
26 43 0 0
27 43 0 0
28 43 0 0
29 43 0 0
30 43 0 0
31 43 0 0
33 43 0 0
34 43 0 0
35 43 0 0
36 43 0 0
42 43 0 0
24 44 0 0
27 44 0 0
28 44 0 0
24 45 0 0
27 45 0 0
28 45 0 0
30 45 0 0
44 45 0 0
21 46 0 0
24 46 0 0
27 46 0 0
28 46 0 0
30 46 0 0
44 46 0 0
45 46 0 0
2 47 0 0
32 47 0 0
1 48 0 0
20 48 0 0
22 48 0 0
23 48 0 0
25 48 0 0
26 48 0 0
29 48 0 0
31 48 0 0
33 48 0 0
22 49 0 0
23 49 0 0
25 49 0 0
26 49 0 0
33 49 0 0
48 49 0 0
24 50 0 0
27 50 0 0
44 50 0 0
45 50 0 0
46 50 0 0
22 51 0 0
24 51 0 0
27 51 0 0
31 51 0 0
46 51 0 0
48 51 0 0
49 51 0 0
50 51 0 0
22 52 0 0
24 52 0 0
27 52 0 0
28 52 0 0
30 52 0 0
31 52 0 0
44 52 0 0
45 52 0 0
46 52 0 0
50 52 0 0
51 52 0 0
1 53 0 0
21 53 0 0
22 53 0 0
23 53 0 0
25 53 0 0
26 53 0 0
29 53 0 0
30 53 0 0
31 53 0 0
33 53 0 0
48 53 0 0
49 53 0 0
51 53 0 0
52 53 0 0
1 54 0 0
21 54 0 0
22 54 0 0
23 54 0 0
24 54 0 0
25 54 0 0
26 54 0 0
27 54 0 0
28 54 0 0
29 54 0 0
30 54 0 0
31 54 0 0
33 54 0 0
43 54 0 0
45 54 0 0
46 54 0 0
48 54 0 0
49 54 0 0
50 54 0 0
51 54 0 0
52 54 0 0
53 54 0 0
20 55 0 0
25 55 0 0
26 55 0 0
48 55 0 0
49 55 0 0
49 56 0 0
55 56 0 0
32 57 0 0
47 57 0 0
56 57 0 0
27 58 0 0
44 58 0 0
45 58 0 0
46 58 0 0
50 58 0 0
52 58 0 0
24 59 0 0
27 59 0 0
44 59 0 0
45 59 0 0
46 59 0 0
50 59 0 0
52 59 0 0
58 59 0 0
25 60 0 0
26 60 0 0
48 60 0 0
49 60 0 0
53 60 0 0
55 60 0 0
56 60 0 0
22 61 0 0
23 61 0 0
25 61 0 0
26 61 0 0
31 61 0 0
33 61 0 0
48 61 0 0
49 61 0 0
50 61 0 0
51 61 0 0
52 61 0 0
53 61 0 0
54 61 0 0
60 61 0 0
20 62 0 0
25 62 0 0
26 62 0 0
40 62 0 0
41 62 0 0
48 62 0 0
49 62 0 0
55 62 0 0
56 62 0 0
60 62 0 0
1 63 0 0
15 63 0 0
20 63 0 0
22 63 0 0
23 63 0 0
25 63 0 0
26 63 0 0
29 63 0 0
31 63 0 0
33 63 0 0
36 63 0 0
43 63 0 0
48 63 0 0
49 63 0 0
51 63 0 0
53 63 0 0
54 63 0 0
55 63 0 0
56 63 0 0
60 63 0 0
61 63 0 0
62 63 0 0
1 64 0 0
6 64 0 0
17 64 0 0
21 64 0 0
22 64 0 0
23 64 0 0
24 64 0 0
25 64 0 0
26 64 0 0
27 64 0 0
28 64 0 0
29 64 0 0
30 64 0 0
31 64 0 0
33 64 0 0
34 64 0 0
35 64 0 0
36 64 0 0
42 64 0 0
43 64 0 0
44 64 0 0
45 64 0 0
46 64 0 0
48 64 0 0
49 64 0 0
50 64 0 0
51 64 0 0
52 64 0 0
53 64 0 0
54 64 0 0
59 64 0 0
61 64 0 0
63 64 0 0
20 65 0 0
37 65 0 0
38 65 0 0
39 65 0 0
40 65 0 0
41 65 0 0
55 65 0 0
56 65 0 0
60 65 0 0
62 65 0 0
2 66 0 0
32 66 0 0
37 66 0 0
39 66 0 0
47 66 0 0
57 66 0 0
1 67 0 0
18 67 0 0
19 67 0 0
20 67 0 0
25 67 0 0
26 67 0 0
38 67 0 0
40 67 0 0
41 67 0 0
55 67 0 0
56 67 0 0
60 67 0 0
62 67 0 0
63 67 0 0
65 67 0 0
1 68 0 0
18 68 0 0
19 68 0 0
20 68 0 0
25 68 0 0
26 68 0 0
33 68 0 0
38 68 0 0
40 68 0 0
41 68 0 0
48 68 0 0
49 68 0 0
55 68 0 0
56 68 0 0
60 68 0 0
62 68 0 0
63 68 0 0
65 68 0 0
67 68 0 0
1 69 0 0
15 69 0 0
18 69 0 0
19 69 0 0
20 69 0 0
22 69 0 0
23 69 0 0
25 69 0 0
26 69 0 0
29 69 0 0
33 69 0 0
41 69 0 0
48 69 0 0
49 69 0 0
53 69 0 0
55 69 0 0
56 69 0 0
60 69 0 0
61 69 0 0
62 69 0 0
63 69 0 0
65 69 0 0
67 69 0 0
68 69 0 0
1 70 0 0
15 70 0 0
20 70 0 0
21 70 0 0
22 70 0 0
23 70 0 0
24 70 0 0
25 70 0 0
26 70 0 0
27 70 0 0
28 70 0 0
29 70 0 0
30 70 0 0
31 70 0 0
33 70 0 0
34 70 0 0
35 70 0 0
36 70 0 0
42 70 0 0
43 70 0 0
48 70 0 0
49 70 0 0
51 70 0 0
52 70 0 0
53 70 0 0
54 70 0 0
61 70 0 0
63 70 0 0
64 70 0 0
69 70 0 0
2 71 0 0
32 71 0 0
37 71 0 0
38 71 0 0
39 71 0 0
40 71 0 0
47 71 0 0
56 71 0 0
57 71 0 0
65 71 0 0
66 71 0 0
67 71 0 0
20 72 0 0
40 72 0 0
41 72 0 0
55 72 0 0
56 72 0 0
60 72 0 0
62 72 0 0
63 72 0 0
65 72 0 0
67 72 0 0
68 72 0 0
69 72 0 0
71 72 0 0
21 73 0 0
22 73 0 0
24 73 0 0
27 73 0 0
28 73 0 0
30 73 0 0
31 73 0 0
35 73 0 0
42 73 0 0
44 73 0 0
45 73 0 0
46 73 0 0
50 73 0 0
51 73 0 0
52 73 0 0
54 73 0 0
58 73 0 0
59 73 0 0
64 73 0 0
21 74 0 0
22 74 0 0
24 74 0 0
27 74 0 0
28 74 0 0
30 74 0 0
31 74 0 0
34 74 0 0
35 74 0 0
42 74 0 0
44 74 0 0
45 74 0 0
46 74 0 0
50 74 0 0
51 74 0 0
52 74 0 0
54 74 0 0
58 74 0 0
59 74 0 0
61 74 0 0
64 74 0 0
70 74 0 0
73 74 0 0
1 75 0 0
21 75 0 0
22 75 0 0
23 75 0 0
24 75 0 0
25 75 0 0
26 75 0 0
27 75 0 0
28 75 0 0
29 75 0 0
30 75 0 0
31 75 0 0
33 75 0 0
34 75 0 0
35 75 0 0
36 75 0 0
42 75 0 0
43 75 0 0
48 75 0 0
49 75 0 0
50 75 0 0
51 75 0 0
52 75 0 0
53 75 0 0
54 75 0 0
61 75 0 0
63 75 0 0
64 75 0 0
69 75 0 0
70 75 0 0
73 75 0 0
74 75 0 0
21 76 0 0
22 76 0 0
24 76 0 0
27 76 0 0
28 76 0 0
30 76 0 0
31 76 0 0
34 76 0 0
35 76 0 0
42 76 0 0
44 76 0 0
45 76 0 0
46 76 0 0
50 76 0 0
51 76 0 0
52 76 0 0
53 76 0 0
54 76 0 0
58 76 0 0
59 76 0 0
61 76 0 0
64 76 0 0
70 76 0 0
73 76 0 0
74 76 0 0
75 76 0 0
1 77 0 0
20 77 0 0
21 77 0 0
22 77 0 0
23 77 0 0
25 77 0 0
26 77 0 0
29 77 0 0
30 77 0 0
31 77 0 0
33 77 0 0
36 77 0 0
43 77 0 0
48 77 0 0
49 77 0 0
51 77 0 0
53 77 0 0
54 77 0 0
60 77 0 0
61 77 0 0
63 77 0 0
64 77 0 0
68 77 0 0
69 77 0 0
70 77 0 0
75 77 0 0
32 78 0 0
38 78 0 0
39 78 0 0
40 78 0 0
41 78 0 0
55 78 0 0
56 78 0 0
57 78 0 0
60 78 0 0
62 78 0 0
65 78 0 0
67 78 0 0
68 78 0 0
71 78 0 0
72 78 0 0
20 79 0 0
25 79 0 0
40 79 0 0
41 79 0 0
55 79 0 0
56 79 0 0
60 79 0 0
62 79 0 0
63 79 0 0
65 79 0 0
67 79 0 0
68 79 0 0
69 79 0 0
71 79 0 0
72 79 0 0
78 79 0 0
44 80 0 0
45 80 0 0
46 80 0 0
50 80 0 0
51 80 0 0
52 80 0 0
54 80 0 0
58 80 0 0
59 80 0 0
64 80 0 0
73 80 0 0
74 80 0 0
76 80 0 0
47 81 0 0
57 81 0 0
66 81 0 0
71 81 0 0
47 82 0 0
56 82 0 0
57 82 0 0
71 82 0 0
78 82 0 0
81 82 0 0
48 83 0 0
49 83 0 0
55 83 0 0
56 83 0 0
60 83 0 0
62 83 0 0
63 83 0 0
68 83 0 0
72 83 0 0
78 83 0 0
79 83 0 0
48 84 0 0
49 84 0 0
51 84 0 0
53 84 0 0
54 84 0 0
55 84 0 0
60 84 0 0
61 84 0 0
63 84 0 0
77 84 0 0
83 84 0 0
48 85 0 0
49 85 0 0
50 85 0 0
51 85 0 0
52 85 0 0
53 85 0 0
54 85 0 0
61 85 0 0
75 85 0 0
77 85 0 0
84 85 0 0
44 86 0 0
45 86 0 0
46 86 0 0
50 86 0 0
52 86 0 0
58 86 0 0
59 86 0 0
80 86 0 0
56 87 0 0
81 87 0 0
82 87 0 0
50 88 0 0
58 88 0 0
59 88 0 0
80 88 0 0
86 88 0 0
58 89 0 0
80 89 0 0
86 89 0 0
88 89 0 0
49 90 0 0
55 90 0 0
60 90 0 0
61 90 0 0
83 90 0 0
84 90 0 0
85 90 0 0
45 91 0 0
50 91 0 0
52 91 0 0
58 91 0 0
59 91 0 0
80 91 0 0
86 91 0 0
88 91 0 0
89 91 0 0
46 92 0 0
50 92 0 0
51 92 0 0
52 92 0 0
58 92 0 0
59 92 0 0
80 92 0 0
86 92 0 0
88 92 0 0
89 92 0 0
91 92 0 0
49 93 0 0
51 93 0 0
53 93 0 0
54 93 0 0
61 93 0 0
84 93 0 0
85 93 0 0
90 93 0 0
49 94 0 0
50 94 0 0
51 94 0 0
54 94 0 0
61 94 0 0
84 94 0 0
85 94 0 0
90 94 0 0
92 94 0 0
93 94 0 0
50 95 0 0
51 95 0 0
52 95 0 0
61 95 0 0
80 95 0 0
85 95 0 0
86 95 0 0
91 95 0 0
92 95 0 0
93 95 0 0
94 95 0 0
55 96 0 0
56 96 0 0
60 96 0 0
62 96 0 0
72 96 0 0
78 96 0 0
79 96 0 0
82 96 0 0
83 96 0 0
87 96 0 0
90 96 0 0
48 97 0 0
49 97 0 0
51 97 0 0
53 97 0 0
54 97 0 0
55 97 0 0
56 97 0 0
60 97 0 0
61 97 0 0
62 97 0 0
63 97 0 0
77 97 0 0
83 97 0 0
84 97 0 0
85 97 0 0
90 97 0 0
93 97 0 0
94 97 0 0
96 97 0 0
48 98 0 0
49 98 0 0
51 98 0 0
53 98 0 0
54 98 0 0
60 98 0 0
61 98 0 0
77 98 0 0
84 98 0 0
85 98 0 0
90 98 0 0
93 98 0 0
94 98 0 0
95 98 0 0
97 98 0 0
47 99 0 0
56 99 0 0
57 99 0 0
81 99 0 0
82 99 0 0
87 99 0 0
96 99 0 0
49 100 0 0
55 100 0 0
56 100 0 0
60 100 0 0
62 100 0 0
72 100 0 0
83 100 0 0
84 100 0 0
90 100 0 0
96 100 0 0
97 100 0 0
98 100 0 0
55 101 0 0
56 101 0 0
60 101 0 0
62 101 0 0
72 101 0 0
83 101 0 0
87 101 0 0
90 101 0 0
96 101 0 0
97 101 0 0
99 101 0 0
100 101 0 0
48 102 0 0
49 102 0 0
51 102 0 0
53 102 0 0
54 102 0 0
55 102 0 0
60 102 0 0
61 102 0 0
83 102 0 0
84 102 0 0
85 102 0 0
90 102 0 0
93 102 0 0
94 102 0 0
97 102 0 0
98 102 0 0
100 102 0 0
101 102 0 0
48 103 0 0
49 103 0 0
51 103 0 0
53 103 0 0
54 103 0 0
61 103 0 0
84 103 0 0
85 103 0 0
90 103 0 0
93 103 0 0
94 103 0 0
95 103 0 0
97 103 0 0
98 103 0 0
102 103 0 0
50 104 0 0
80 104 0 0
86 104 0 0
88 104 0 0
89 104 0 0
91 104 0 0
92 104 0 0
95 104 0 0
50 105 0 0
51 105 0 0
61 105 0 0
80 105 0 0
85 105 0 0
86 105 0 0
91 105 0 0
92 105 0 0
93 105 0 0
94 105 0 0
95 105 0 0
98 105 0 0
103 105 0 0
104 105 0 0
55 106 0 0
56 106 0 0
60 106 0 0
83 106 0 0
87 106 0 0
90 106 0 0
96 106 0 0
97 106 0 0
100 106 0 0
101 106 0 0
50 107 0 0
51 107 0 0
61 107 0 0
80 107 0 0
85 107 0 0
86 107 0 0
92 107 0 0
93 107 0 0
94 107 0 0
95 107 0 0
98 107 0 0
102 107 0 0
103 107 0 0
104 107 0 0
105 107 0 0
49 108 0 0
60 108 0 0
61 108 0 0
83 108 0 0
84 108 0 0
85 108 0 0
90 108 0 0
93 108 0 0
94 108 0 0
97 108 0 0
98 108 0 0
100 108 0 0
101 108 0 0
102 108 0 0
103 108 0 0
106 108 0 0
107 108 0 0
49 109 0 0
51 109 0 0
61 109 0 0
84 109 0 0
85 109 0 0
90 109 0 0
93 109 0 0
94 109 0 0
95 109 0 0
97 109 0 0
98 109 0 0
100 109 0 0
102 109 0 0
103 109 0 0
105 109 0 0
107 109 0 0
108 109 0 0
48 110 0 0
49 110 0 0
55 110 0 0
56 110 0 0
60 110 0 0
61 110 0 0
83 110 0 0
84 110 0 0
85 110 0 0
90 110 0 0
93 110 0 0
94 110 0 0
96 110 0 0
97 110 0 0
98 110 0 0
100 110 0 0
101 110 0 0
102 110 0 0
103 110 0 0
106 110 0 0
108 110 0 0
109 110 0 0
81 111 0 0
87 111 0 0
99 111 0 0
87 112 0 0
96 112 0 0
99 112 0 0
100 112 0 0
101 112 0 0
106 112 0 0
110 112 0 0
111 112 0 0
80 113 0 0
86 113 0 0
88 113 0 0
89 113 0 0
91 113 0 0
92 113 0 0
104 113 0 0
85 114 0 0
90 114 0 0
93 114 0 0
94 114 0 0
95 114 0 0
98 114 0 0
102 114 0 0
103 114 0 0
105 114 0 0
107 114 0 0
108 114 0 0
109 114 0 0
110 114 0 0
90 115 0 0
93 115 0 0
97 115 0 0
98 115 0 0
100 115 0 0
101 115 0 0
102 115 0 0
106 115 0 0
108 115 0 0
109 115 0 0
110 115 0 0
112 115 0 0
114 115 0 0
106 116 0 0
112 116 0 0
115 116 0 0
106 117 0 0
110 117 0 0
112 117 0 0
115 117 0 0
116 117 0 0
108 118 0 0
109 118 0 0
110 118 0 0
114 118 0 0
115 118 0 0
117 118 0 0
88 119 0 0
89 119 0 0
91 119 0 0
104 119 0 0
113 119 0 0
88 120 0 0
89 120 0 0
92 120 0 0
104 120 0 0
105 120 0 0
113 120 0 0
119 120 0 0
88 121 0 0
89 121 0 0
104 121 0 0
113 121 0 0
119 121 0 0
120 121 0 0
105 122 0 0
107 122 0 0
109 122 0 0
114 122 0 0
115 122 0 0
118 122 0 0
108 123 0 0
109 123 0 0
110 123 0 0
112 123 0 0
114 123 0 0
115 123 0 0
116 123 0 0
117 123 0 0
118 123 0 0
122 123 0 0
86 124 0 0
88 124 0 0
89 124 0 0
91 124 0 0
92 124 0 0
104 124 0 0
113 124 0 0
119 124 0 0
120 124 0 0
121 124 0 0
93 125 0 0
94 125 0 0
95 125 0 0
103 125 0 0
105 125 0 0
107 125 0 0
108 125 0 0
109 125 0 0
114 125 0 0
118 125 0 0
122 125 0 0
123 125 0 0
90 126 0 0
93 126 0 0
94 126 0 0
98 126 0 0
102 126 0 0
103 126 0 0
105 126 0 0
107 126 0 0
108 126 0 0
109 126 0 0
110 126 0 0
114 126 0 0
115 126 0 0
118 126 0 0
122 126 0 0
123 126 0 0
125 126 0 0
83 127 0 0
90 127 0 0
96 127 0 0
97 127 0 0
100 127 0 0
101 127 0 0
102 127 0 0
106 127 0 0
108 127 0 0
109 127 0 0
110 127 0 0
112 127 0 0
115 127 0 0
116 127 0 0
117 127 0 0
118 127 0 0
123 127 0 0
126 127 0 0
86 128 0 0
88 128 0 0
89 128 0 0
91 128 0 0
92 128 0 0
104 128 0 0
113 128 0 0
119 128 0 0
120 128 0 0
121 128 0 0
124 128 0 0
80 129 0 0
86 129 0 0
88 129 0 0
89 129 0 0
91 129 0 0
92 129 0 0
95 129 0 0
104 129 0 0
105 129 0 0
107 129 0 0
113 129 0 0
114 129 0 0
119 129 0 0
120 129 0 0
121 129 0 0
124 129 0 0
125 129 0 0
128 129 0 0
93 130 0 0
94 130 0 0
95 130 0 0
98 130 0 0
103 130 0 0
104 130 0 0
105 130 0 0
107 130 0 0
108 130 0 0
109 130 0 0
114 130 0 0
118 130 0 0
120 130 0 0
122 130 0 0
125 130 0 0
126 130 0 0
129 130 0 0
90 131 0 0
93 131 0 0
97 131 0 0
100 131 0 0
102 131 0 0
106 131 0 0
108 131 0 0
109 131 0 0
110 131 0 0
112 131 0 0
114 131 0 0
115 131 0 0
116 131 0 0
117 131 0 0
118 131 0 0
122 131 0 0
123 131 0 0
125 131 0 0
126 131 0 0
127 131 0 0
130 131 0 0
87 132 0 0
96 132 0 0
100 132 0 0
101 132 0 0
106 132 0 0
110 132 0 0
112 132 0 0
115 132 0 0
116 132 0 0
117 132 0 0
118 132 0 0
123 132 0 0
127 132 0 0
131 132 0 0
87 133 0 0
111 133 0 0
112 133 0 0
87 134 0 0
111 134 0 0
112 134 0 0
116 134 0 0
117 134 0 0
132 134 0 0
133 134 0 0
87 135 0 0
106 135 0 0
111 135 0 0
112 135 0 0
116 135 0 0
117 135 0 0
127 135 0 0
132 135 0 0
133 135 0 0
134 135 0 0
87 136 0 0
101 136 0 0
106 136 0 0
110 136 0 0
111 136 0 0
112 136 0 0
116 136 0 0
117 136 0 0
127 136 0 0
132 136 0 0
133 136 0 0
134 136 0 0
135 136 0 0
88 137 0 0
89 137 0 0
91 137 0 0
92 137 0 0
104 137 0 0
113 137 0 0
119 137 0 0
120 137 0 0
121 137 0 0
124 137 0 0
128 137 0 0
129 137 0 0
88 138 0 0
89 138 0 0
91 138 0 0
92 138 0 0
95 138 0 0
104 138 0 0
105 138 0 0
107 138 0 0
113 138 0 0
114 138 0 0
119 138 0 0
120 138 0 0
121 138 0 0
122 138 0 0
124 138 0 0
125 138 0 0
128 138 0 0
129 138 0 0
130 138 0 0
137 138 0 0
113 139 0 0
119 139 0 0
120 139 0 0
121 139 0 0
124 139 0 0
128 139 0 0
129 139 0 0
137 139 0 0
138 139 0 0
119 140 0 0
120 140 0 0
121 140 0 0
124 140 0 0
138 140 0 0
139 140 0 0
133 141 0 0
116 142 0 0
133 142 0 0
134 142 0 0
135 142 0 0
141 142 0 0
119 143 0 0
120 143 0 0
122 143 0 0
138 143 0 0
139 143 0 0
140 143 0 0
116 144 0 0
117 144 0 0
133 144 0 0
134 144 0 0
135 144 0 0
136 144 0 0
141 144 0 0
142 144 0 0
118 145 0 0
122 145 0 0
123 145 0 0
126 145 0 0
131 145 0 0
120 146 0 0
138 146 0 0
139 146 0 0
140 146 0 0
143 146 0 0
141 147 0 0
142 147 0 0
144 147 0 0
116 148 0 0
117 148 0 0
132 148 0 0
135 148 0 0
136 148 0 0
141 148 0 0
142 148 0 0
144 148 0 0
147 148 0 0
122 149 0 0
140 149 0 0
143 149 0 0
145 149 0 0
146 149 0 0
116 150 0 0
117 150 0 0
118 150 0 0
123 150 0 0
132 150 0 0
145 150 0 0
148 150 0 0
116 151 0 0
117 151 0 0
123 151 0 0
144 151 0 0
145 151 0 0
148 151 0 0
150 151 0 0
113 152 0 0
119 152 0 0
120 152 0 0
121 152 0 0
124 152 0 0
128 152 0 0
129 152 0 0
137 152 0 0
138 152 0 0
139 152 0 0
140 152 0 0
143 152 0 0
146 152 0 0
149 152 0 0
112 153 0 0
116 153 0 0
117 153 0 0
123 153 0 0
127 153 0 0
132 153 0 0
133 153 0 0
134 153 0 0
135 153 0 0
136 153 0 0
141 153 0 0
142 153 0 0
144 153 0 0
147 153 0 0
148 153 0 0
150 153 0 0
151 153 0 0
119 154 0 0
120 154 0 0
121 154 0 0
124 154 0 0
129 154 0 0
137 154 0 0
138 154 0 0
139 154 0 0
140 154 0 0
143 154 0 0
146 154 0 0
149 154 0 0
152 154 0 0
117 155 0 0
118 155 0 0
122 155 0 0
123 155 0 0
125 155 0 0
126 155 0 0
131 155 0 0
145 155 0 0
149 155 0 0
150 155 0 0
151 155 0 0
111 156 0 0
112 156 0 0
116 156 0 0
117 156 0 0
132 156 0 0
133 156 0 0
134 156 0 0
135 156 0 0
136 156 0 0
141 156 0 0
142 156 0 0
144 156 0 0
147 156 0 0
148 156 0 0
151 156 0 0
153 156 0 0
116 157 0 0
117 157 0 0
132 157 0 0
133 157 0 0
134 157 0 0
135 157 0 0
136 157 0 0
141 157 0 0
142 157 0 0
144 157 0 0
147 157 0 0
148 157 0 0
151 157 0 0
153 157 0 0
156 157 0 0
111 158 0 0
112 158 0 0
116 158 0 0
117 158 0 0
132 158 0 0
133 158 0 0
134 158 0 0
135 158 0 0
136 158 0 0
141 158 0 0
142 158 0 0
144 158 0 0
147 158 0 0
148 158 0 0
153 158 0 0
156 158 0 0
157 158 0 0
104 159 0 0
113 159 0 0
119 159 0 0
120 159 0 0
121 159 0 0
124 159 0 0
128 159 0 0
129 159 0 0
137 159 0 0
138 159 0 0
139 159 0 0
140 159 0 0
143 159 0 0
146 159 0 0
149 159 0 0
152 159 0 0
154 159 0 0
112 160 0 0
115 160 0 0
116 160 0 0
117 160 0 0
123 160 0 0
127 160 0 0
131 160 0 0
132 160 0 0
134 160 0 0
135 160 0 0
136 160 0 0
144 160 0 0
148 160 0 0
150 160 0 0
151 160 0 0
153 160 0 0
156 160 0 0
157 160 0 0
158 160 0 0
113 161 0 0
119 161 0 0
120 161 0 0
121 161 0 0
124 161 0 0
128 161 0 0
129 161 0 0
137 161 0 0
138 161 0 0
139 161 0 0
140 161 0 0
143 161 0 0
152 161 0 0
154 161 0 0
159 161 0 0
114 162 0 0
115 162 0 0
116 162 0 0
117 162 0 0
118 162 0 0
122 162 0 0
123 162 0 0
125 162 0 0
126 162 0 0
127 162 0 0
130 162 0 0
131 162 0 0
132 162 0 0
145 162 0 0
149 162 0 0
150 162 0 0
151 162 0 0
153 162 0 0
155 162 0 0
160 162 0 0
113 163 0 0
119 163 0 0
120 163 0 0
121 163 0 0
124 163 0 0
128 163 0 0
129 163 0 0
137 163 0 0
138 163 0 0
139 163 0 0
140 163 0 0
143 163 0 0
146 163 0 0
152 163 0 0
154 163 0 0
159 163 0 0
161 163 0 0
114 164 0 0
115 164 0 0
118 164 0 0
122 164 0 0
123 164 0 0
125 164 0 0
126 164 0 0
130 164 0 0
131 164 0 0
143 164 0 0
145 164 0 0
146 164 0 0
149 164 0 0
155 164 0 0
162 164 0 0
114 165 0 0
115 165 0 0
117 165 0 0
118 165 0 0
122 165 0 0
123 165 0 0
125 165 0 0
126 165 0 0
127 165 0 0
130 165 0 0
131 165 0 0
140 165 0 0
143 165 0 0
145 165 0 0
146 165 0 0
149 165 0 0
150 165 0 0
151 165 0 0
154 165 0 0
155 165 0 0
162 165 0 0
164 165 0 0
115 166 0 0
116 166 0 0
117 166 0 0
118 166 0 0
122 166 0 0
123 166 0 0
126 166 0 0
127 166 0 0
131 166 0 0
132 166 0 0
145 166 0 0
148 166 0 0
150 166 0 0
151 166 0 0
153 166 0 0
155 166 0 0
160 166 0 0
162 166 0 0
164 166 0 0
165 166 0 0
111 167 0 0
133 167 0 0
134 167 0 0
135 167 0 0
136 167 0 0
141 167 0 0
142 167 0 0
144 167 0 0
147 167 0 0
148 167 0 0
153 167 0 0
156 167 0 0
157 167 0 0
158 167 0 0
49 168 0 0
61 168 0 0
84 168 0 0
85 168 0 0
90 168 0 0
93 168 0 0
94 168 0 0
95 168 0 0
97 168 0 0
98 168 0 0
100 168 0 0
102 168 0 0
103 168 0 0
105 168 0 0
107 168 0 0
108 168 0 0
109 168 0 0
110 168 0 0
114 168 0 0
115 168 0 0
118 168 0 0
122 168 0 0
123 168 0 0
125 168 0 0
126 168 0 0
127 168 0 0
130 168 0 0
131 168 0 0
162 168 0 0
165 168 0 0
80 169 0 0
86 169 0 0
88 169 0 0
89 169 0 0
91 169 0 0
92 169 0 0
95 169 0 0
104 169 0 0
105 169 0 0
113 169 0 0
119 169 0 0
120 169 0 0
121 169 0 0
124 169 0 0
128 169 0 0
129 169 0 0
137 169 0 0
138 169 0 0
159 169 0 0
163 169 0 0
80 170 0 0
85 170 0 0
86 170 0 0
88 170 0 0
89 170 0 0
91 170 0 0
92 170 0 0
93 170 0 0
94 170 0 0
95 170 0 0
103 170 0 0
104 170 0 0
105 170 0 0
107 170 0 0
109 170 0 0
113 170 0 0
114 170 0 0
119 170 0 0
120 170 0 0
122 170 0 0
124 170 0 0
125 170 0 0
128 170 0 0
129 170 0 0
130 170 0 0
138 170 0 0
159 170 0 0
169 170 0 0
51 171 0 0
61 171 0 0
84 171 0 0
85 171 0 0
90 171 0 0
92 171 0 0
93 171 0 0
94 171 0 0
95 171 0 0
97 171 0 0
98 171 0 0
102 171 0 0
103 171 0 0
104 171 0 0
105 171 0 0
107 171 0 0
108 171 0 0
109 171 0 0
110 171 0 0
114 171 0 0
118 171 0 0
122 171 0 0
125 171 0 0
126 171 0 0
129 171 0 0
130 171 0 0
131 171 0 0
138 171 0 0
164 171 0 0
168 171 0 0
170 171 0 0
60 172 0 0
83 172 0 0
84 172 0 0
90 172 0 0
93 172 0 0
96 172 0 0
97 172 0 0
98 172 0 0
100 172 0 0
101 172 0 0
102 172 0 0
106 172 0 0
108 172 0 0
109 172 0 0
110 172 0 0
112 172 0 0
115 172 0 0
116 172 0 0
117 172 0 0
118 172 0 0
123 172 0 0
126 172 0 0
127 172 0 0
131 172 0 0
132 172 0 0
135 172 0 0
136 172 0 0
160 172 0 0
162 172 0 0
166 172 0 0
168 172 0 0
80 173 0 0
86 173 0 0
88 173 0 0
89 173 0 0
91 173 0 0
92 173 0 0
104 173 0 0
113 173 0 0
119 173 0 0
120 173 0 0
121 173 0 0
124 173 0 0
128 173 0 0
129 173 0 0
137 173 0 0
138 173 0 0
159 173 0 0
161 173 0 0
163 173 0 0
169 173 0 0
170 173 0 0
84 174 0 0
90 174 0 0
93 174 0 0
94 174 0 0
97 174 0 0
98 174 0 0
100 174 0 0
101 174 0 0
102 174 0 0
103 174 0 0
106 174 0 0
108 174 0 0
109 174 0 0
110 174 0 0
112 174 0 0
114 174 0 0
115 174 0 0
116 174 0 0
117 174 0 0
118 174 0 0
122 174 0 0
123 174 0 0
125 174 0 0
126 174 0 0
127 174 0 0
131 174 0 0
132 174 0 0
160 174 0 0
162 174 0 0
164 174 0 0
165 174 0 0
166 174 0 0
168 174 0 0
171 174 0 0
172 174 0 0
80 175 0 0
86 175 0 0
88 175 0 0
89 175 0 0
91 175 0 0
92 175 0 0
94 175 0 0
95 175 0 0
104 175 0 0
105 175 0 0
107 175 0 0
113 175 0 0
114 175 0 0
119 175 0 0
120 175 0 0
121 175 0 0
124 175 0 0
125 175 0 0
128 175 0 0
129 175 0 0
130 175 0 0
137 175 0 0
138 175 0 0
152 175 0 0
159 175 0 0
161 175 0 0
163 175 0 0
169 175 0 0
170 175 0 0
171 175 0 0
173 175 0 0
80 176 0 0
86 176 0 0
88 176 0 0
89 176 0 0
91 176 0 0
92 176 0 0
104 176 0 0
113 176 0 0
119 176 0 0
120 176 0 0
121 176 0 0
124 176 0 0
128 176 0 0
129 176 0 0
137 176 0 0
138 176 0 0
159 176 0 0
161 176 0 0
163 176 0 0
169 176 0 0
170 176 0 0
173 176 0 0
175 176 0 0
80 177 0 0
86 177 0 0
88 177 0 0
89 177 0 0
91 177 0 0
92 177 0 0
95 177 0 0
104 177 0 0
105 177 0 0
107 177 0 0
113 177 0 0
119 177 0 0
120 177 0 0
121 177 0 0
124 177 0 0
128 177 0 0
129 177 0 0
137 177 0 0
138 177 0 0
159 177 0 0
161 177 0 0
163 177 0 0
169 177 0 0
170 177 0 0
173 177 0 0
175 177 0 0
176 177 0 0
85 178 0 0
92 178 0 0
93 178 0 0
94 178 0 0
95 178 0 0
98 178 0 0
103 178 0 0
104 178 0 0
105 178 0 0
107 178 0 0
109 178 0 0
114 178 0 0
118 178 0 0
119 178 0 0
120 178 0 0
122 178 0 0
125 178 0 0
126 178 0 0
129 178 0 0
130 178 0 0
138 178 0 0
159 178 0 0
164 178 0 0
168 178 0 0
170 178 0 0
171 178 0 0
175 178 0 0
177 178 0 0
80 179 0 0
85 179 0 0
86 179 0 0
91 179 0 0
92 179 0 0
93 179 0 0
94 179 0 0
95 179 0 0
103 179 0 0
104 179 0 0
105 179 0 0
107 179 0 0
109 179 0 0
113 179 0 0
114 179 0 0
119 179 0 0
120 179 0 0
122 179 0 0
124 179 0 0
125 179 0 0
126 179 0 0
129 179 0 0
130 179 0 0
138 179 0 0
159 179 0 0
169 179 0 0
170 179 0 0
171 179 0 0
173 179 0 0
175 179 0 0
176 179 0 0
177 179 0 0
178 179 0 0
47 180 0 0
56 180 0 0
57 180 0 0
65 180 0 0
66 180 0 0
71 180 0 0
72 180 0 0
78 180 0 0
79 180 0 0
81 180 0 0
82 180 0 0
87 180 0 0
96 180 0 0
99 180 0 0
101 180 0 0
106 180 0 0
49 181 0 0
55 181 0 0
56 181 0 0
60 181 0 0
62 181 0 0
63 181 0 0
65 181 0 0
67 181 0 0
68 181 0 0
69 181 0 0
72 181 0 0
78 181 0 0
79 181 0 0
82 181 0 0
83 181 0 0
84 181 0 0
90 181 0 0
96 181 0 0
97 181 0 0
100 181 0 0
101 181 0 0
106 181 0 0
110 181 0 0
172 181 0 0
180 181 0 0
22 182 0 0
23 182 0 0
26 182 0 0
48 182 0 0
49 182 0 0
51 182 0 0
53 182 0 0
54 182 0 0
60 182 0 0
61 182 0 0
63 182 0 0
64 182 0 0
69 182 0 0
70 182 0 0
75 182 0 0
77 182 0 0
84 182 0 0
85 182 0 0
90 182 0 0
93 182 0 0
94 182 0 0
95 182 0 0
97 182 0 0
98 182 0 0
100 182 0 0
102 182 0 0
103 182 0 0
107 182 0 0
108 182 0 0
109 182 0 0
110 182 0 0
168 182 0 0
171 182 0 0
1 183 0 0
20 183 0 0
22 183 0 0
23 183 0 0
25 183 0 0
26 183 0 0
29 183 0 0
33 183 0 0
48 183 0 0
49 183 0 0
51 183 0 0
53 183 0 0
54 183 0 0
55 183 0 0
56 183 0 0
60 183 0 0
61 183 0 0
62 183 0 0
63 183 0 0
65 183 0 0
67 183 0 0
68 183 0 0
69 183 0 0
70 183 0 0
72 183 0 0
75 183 0 0
77 183 0 0
78 183 0 0
79 183 0 0
83 183 0 0
84 183 0 0
85 183 0 0
90 183 0 0
93 183 0 0
96 183 0 0
97 183 0 0
98 183 0 0
100 183 0 0
101 183 0 0
102 183 0 0
103 183 0 0
106 183 0 0
108 183 0 0
109 183 0 0
110 183 0 0
168 183 0 0
172 183 0 0
181 183 0 0
182 183 0 0
46 184 0 0
49 184 0 0
50 184 0 0
51 184 0 0
52 184 0 0
53 184 0 0
54 184 0 0
61 184 0 0
64 184 0 0
70 184 0 0
73 184 0 0
74 184 0 0
75 184 0 0
76 184 0 0
77 184 0 0
80 184 0 0
84 184 0 0
85 184 0 0
86 184 0 0
92 184 0 0
93 184 0 0
94 184 0 0
95 184 0 0
98 184 0 0
102 184 0 0
103 184 0 0
104 184 0 0
105 184 0 0
107 184 0 0
109 184 0 0
170 184 0 0
171 184 0 0
178 184 0 0
182 184 0 0
26 185 0 0
48 185 0 0
49 185 0 0
51 185 0 0
53 185 0 0
54 185 0 0
55 185 0 0
56 185 0 0
60 185 0 0
61 185 0 0
62 185 0 0
63 185 0 0
68 185 0 0
69 185 0 0
75 185 0 0
77 185 0 0
83 185 0 0
84 185 0 0
85 185 0 0
90 185 0 0
93 185 0 0
94 185 0 0
96 185 0 0
97 185 0 0
98 185 0 0
100 185 0 0
101 185 0 0
102 185 0 0
103 185 0 0
106 185 0 0
108 185 0 0
109 185 0 0
110 185 0 0
168 185 0 0
172 185 0 0
174 185 0 0
181 185 0 0
182 185 0 0
183 185 0 0
184 185 0 0
55 186 0 0
56 186 0 0
60 186 0 0
62 186 0 0
65 186 0 0
67 186 0 0
68 186 0 0
72 186 0 0
78 186 0 0
79 186 0 0
82 186 0 0
83 186 0 0
87 186 0 0
96 186 0 0
97 186 0 0
99 186 0 0
100 186 0 0
101 186 0 0
106 186 0 0
110 186 0 0
172 186 0 0
180 186 0 0
181 186 0 0
183 186 0 0
185 186 0 0
3 187 0 1
10 187 0 1
13 187 0 1
14 187 0 1
17 187 0 1
21 187 0 1
24 187 0 1
27 187 0 1
28 187 0 1
30 187 0 1
31 187 0 1
34 187 0 1
35 187 0 1
42 187 0 1
44 187 0 1
45 187 0 1
46 187 0 1
50 187 0 1
52 187 0 1
54 187 0 1
58 187 0 1
59 187 0 1
64 187 0 1
73 187 0 1
74 187 0 1
76 187 0 1
80 187 0 1
1 188 0 1
3 188 0 1
6 188 0 1
10 188 0 1
13 188 0 1
14 188 0 1
17 188 0 1
21 188 0 1
24 188 0 1
27 188 0 1
28 188 0 1
30 188 0 1
31 188 0 1
34 188 0 1
35 188 0 1
36 188 0 1
42 188 0 1
43 188 0 1
64 188 0 1
3 189 0 1
6 189 0 1
10 189 0 1
13 189 0 1
14 189 0 1
17 189 0 1
21 189 0 1
24 189 0 1
27 189 0 1
28 189 0 1
30 189 0 1
31 189 0 1
34 189 0 1
35 189 0 1
42 189 0 1
43 189 0 1
64 189 0 1
1 190 0 1
4 190 0 1
5 190 0 1
7 190 0 1
8 190 0 1
9 190 0 1
11 190 0 1
15 190 0 1
18 190 0 1
19 190 0 1
20 190 0 1
38 190 0 1
40 190 0 1
41 190 0 1
1 191 0 1
2 191 0 1
4 191 0 1
7 191 0 1
8 191 0 1
9 191 0 1
11 191 0 1
12 191 0 1
15 191 0 1
16 191 0 1
18 191 0 1
19 191 0 1
20 191 0 1
37 191 0 1
38 191 0 1
40 191 0 1
41 191 0 1
1 192 0 1
3 192 0 1
5 192 0 1
6 192 0 1
10 192 0 1
15 192 0 1
17 192 0 1
21 192 0 1
22 192 0 1
24 192 0 1
28 192 0 1
29 192 0 1
30 192 0 1
31 192 0 1
34 192 0 1
35 192 0 1
36 192 0 1
42 192 0 1
43 192 0 1
64 192 0 1
1 193 0 1
3 193 0 1
5 193 0 1
6 193 0 1
10 193 0 1
14 193 0 1
17 193 0 1
21 193 0 1
24 193 0 1
28 193 0 1
30 193 0 1
31 193 0 1
34 193 0 1
35 193 0 1
36 193 0 1
42 193 0 1
43 193 0 1
64 193 0 1
1 194 0 1
5 194 0 1
6 194 0 1
10 194 0 1
11 194 0 1
15 194 0 1
17 194 0 1
21 194 0 1
22 194 0 1
28 194 0 1
29 194 0 1
30 194 0 1
31 194 0 1
34 194 0 1
35 194 0 1
36 194 0 1
42 194 0 1
43 194 0 1
64 194 0 1
1 195 0 1
4 195 0 1
5 195 0 1
6 195 0 1
8 195 0 1
11 195 0 1
15 195 0 1
18 195 0 1
19 195 0 1
20 195 0 1
22 195 0 1
23 195 0 1
25 195 0 1
26 195 0 1
29 195 0 1
31 195 0 1
33 195 0 1
34 195 0 1
36 195 0 1
41 195 0 1
43 195 0 1
1 196 0 1
4 196 0 1
5 196 0 1
6 196 0 1
11 196 0 1
15 196 0 1
17 196 0 1
18 196 0 1
20 196 0 1
21 196 0 1
22 196 0 1
23 196 0 1
25 196 0 1
29 196 0 1
30 196 0 1
31 196 0 1
33 196 0 1
34 196 0 1
35 196 0 1
36 196 0 1
42 196 0 1
43 196 0 1
64 196 0 1
1 197 0 1
4 197 0 1
5 197 0 1
8 197 0 1
9 197 0 1
11 197 0 1
15 197 0 1
18 197 0 1
19 197 0 1
20 197 0 1
23 197 0 1
25 197 0 1
26 197 0 1
29 197 0 1
33 197 0 1
36 197 0 1
38 197 0 1
40 197 0 1
41 197 0 1
68 197 0 1
69 197 0 1
1 198 0 1
2 198 0 1
4 198 0 1
7 198 0 1
8 198 0 1
9 198 0 1
11 198 0 1
12 198 0 1
15 198 0 1
16 198 0 1
18 198 0 1
19 198 0 1
20 198 0 1
37 198 0 1
38 198 0 1
40 198 0 1
41 198 0 1
67 198 0 1
68 198 0 1
1 199 0 1
4 199 0 1
5 199 0 1
6 199 0 1
11 199 0 1
15 199 0 1
17 199 0 1
18 199 0 1
20 199 0 1
21 199 0 1
22 199 0 1
23 199 0 1
25 199 0 1
26 199 0 1
28 199 0 1
29 199 0 1
30 199 0 1
31 199 0 1
33 199 0 1
34 199 0 1
35 199 0 1
36 199 0 1
42 199 0 1
43 199 0 1
64 199 0 1
70 199 0 1
75 199 0 1
1 200 0 1
4 200 0 1
5 200 0 1
6 200 0 1
11 200 0 1
15 200 0 1
18 200 0 1
19 200 0 1
20 200 0 1
21 200 0 1
22 200 0 1
23 200 0 1
25 200 0 1
26 200 0 1
29 200 0 1
31 200 0 1
33 200 0 1
34 200 0 1
35 200 0 1
36 200 0 1
43 200 0 1
64 200 0 1
1 201 0 1
5 201 0 1
6 201 0 1
10 201 0 1
15 201 0 1
17 201 0 1
21 201 0 1
22 201 0 1
23 201 0 1
24 201 0 1
27 201 0 1
28 201 0 1
29 201 0 1
30 201 0 1
31 201 0 1
33 201 0 1
34 201 0 1
35 201 0 1
36 201 0 1
42 201 0 1
43 201 0 1
64 201 0 1
70 201 0 1
2 202 0 1
12 202 0 1
16 202 0 1
32 202 0 1
37 202 0 1
38 202 0 1
39 202 0 1
40 202 0 1
47 202 0 1
57 202 0 1
66 202 0 1
71 202 0 1
2 203 0 1
7 203 0 1
9 203 0 1
12 203 0 1
16 203 0 1
32 203 0 1
37 203 0 1
38 203 0 1
39 203 0 1
40 203 0 1
41 203 0 1
65 203 0 1
66 203 0 1
67 203 0 1
71 203 0 1
72 203 0 1
78 203 0 1
2 204 0 1
7 204 0 1
8 204 0 1
9 204 0 1
12 204 0 1
16 204 0 1
18 204 0 1
19 204 0 1
20 204 0 1
32 204 0 1
37 204 0 1
38 204 0 1
39 204 0 1
40 204 0 1
41 204 0 1
62 204 0 1
65 204 0 1
67 204 0 1
68 204 0 1
71 204 0 1
72 204 0 1
78 204 0 1
79 204 0 1
1 205 0 1
4 205 0 1
5 205 0 1
8 205 0 1
9 205 0 1
11 205 0 1
15 205 0 1
18 205 0 1
19 205 0 1
20 205 0 1
22 205 0 1
23 205 0 1
25 205 0 1
26 205 0 1
29 205 0 1
31 205 0 1
33 205 0 1
36 205 0 1
40 205 0 1
41 205 0 1
43 205 0 1
48 205 0 1
62 205 0 1
63 205 0 1
67 205 0 1
68 205 0 1
69 205 0 1
70 205 0 1
77 205 0 1
79 205 0 1
183 205 0 1
1 206 0 1
4 206 0 1
5 206 0 1
7 206 0 1
8 206 0 1
9 206 0 1
11 206 0 1
15 206 0 1
16 206 0 1
18 206 0 1
19 206 0 1
20 206 0 1
23 206 0 1
25 206 0 1
26 206 0 1
29 206 0 1
33 206 0 1
38 206 0 1
40 206 0 1
41 206 0 1
55 206 0 1
62 206 0 1
63 206 0 1
65 206 0 1
67 206 0 1
68 206 0 1
69 206 0 1
72 206 0 1
78 206 0 1
79 206 0 1
183 206 0 1
3 207 0 1
10 207 0 1
13 207 0 1
14 207 0 1
17 207 0 1
21 207 0 1
24 207 0 1
27 207 0 1
28 207 0 1
30 207 0 1
31 207 0 1
34 207 0 1
35 207 0 1
42 207 0 1
43 207 0 1
45 207 0 1
46 207 0 1
64 207 0 1
73 207 0 1
74 207 0 1
76 207 0 1
1 208 0 1
2 208 0 1
4 208 0 1
7 208 0 1
8 208 0 1
9 208 0 1
11 208 0 1
12 208 0 1
16 208 0 1
18 208 0 1
19 208 0 1
20 208 0 1
37 208 0 1
38 208 0 1
39 208 0 1
40 208 0 1
41 208 0 1
65 208 0 1
67 208 0 1
68 208 0 1
72 208 0 1
3 209 0 1
10 209 0 1
13 209 0 1
14 209 0 1
17 209 0 1
21 209 0 1
24 209 0 1
27 209 0 1
28 209 0 1
30 209 0 1
34 209 0 1
35 209 0 1
42 209 0 1
64 209 0 1
73 209 0 1
74 209 0 1
3 210 0 1
10 210 0 1
13 210 0 1
14 210 0 1
17 210 0 1
21 210 0 1
24 210 0 1
27 210 0 1
28 210 0 1
30 210 0 1
34 210 0 1
35 210 0 1
42 210 0 1
64 210 0 1
73 210 0 1
74 210 0 1
76 210 0 1
3 211 0 1
10 211 0 1
13 211 0 1
14 211 0 1
17 211 0 1
21 211 0 1
24 211 0 1
27 211 0 1
28 211 0 1
30 211 0 1
31 211 0 1
34 211 0 1
35 211 0 1
42 211 0 1
43 211 0 1
64 211 0 1
73 211 0 1
74 211 0 1
76 211 0 1
1 212 0 1
3 212 0 1
6 212 0 1
10 212 0 1
13 212 0 1
14 212 0 1
17 212 0 1
21 212 0 1
22 212 0 1
24 212 0 1
27 212 0 1
28 212 0 1
30 212 0 1
31 212 0 1
34 212 0 1
35 212 0 1
36 212 0 1
42 212 0 1
43 212 0 1
64 212 0 1
74 212 0 1
76 212 0 1
1 213 0 1
4 213 0 1
5 213 0 1
7 213 0 1
8 213 0 1
9 213 0 1
11 213 0 1
12 213 0 1
15 213 0 1
16 213 0 1
18 213 0 1
19 213 0 1
20 213 0 1
25 213 0 1
26 213 0 1
33 213 0 1
37 213 0 1
38 213 0 1
40 213 0 1
41 213 0 1
62 213 0 1
65 213 0 1
67 213 0 1
68 213 0 1
69 213 0 1
72 213 0 1
78 213 0 1
79 213 0 1
1 214 0 1
5 214 0 1
6 214 0 1
11 214 0 1
15 214 0 1
17 214 0 1
21 214 0 1
22 214 0 1
23 214 0 1
24 214 0 1
25 214 0 1
26 214 0 1
27 214 0 1
28 214 0 1
29 214 0 1
30 214 0 1
31 214 0 1
33 214 0 1
34 214 0 1
35 214 0 1
36 214 0 1
42 214 0 1
43 214 0 1
63 214 0 1
64 214 0 1
70 214 0 1
75 214 0 1
1 215 0 1
4 215 0 1
5 215 0 1
7 215 0 1
8 215 0 1
9 215 0 1
11 215 0 1
15 215 0 1
18 215 0 1
19 215 0 1
20 215 0 1
23 215 0 1
25 215 0 1
26 215 0 1
29 215 0 1
33 215 0 1
38 215 0 1
40 215 0 1
41 215 0 1
62 215 0 1
63 215 0 1
65 215 0 1
67 215 0 1
68 215 0 1
69 215 0 1
72 215 0 1
79 215 0 1
1 216 0 1
4 216 0 1
5 216 0 1
6 216 0 1
8 216 0 1
9 216 0 1
11 216 0 1
15 216 0 1
18 216 0 1
19 216 0 1
20 216 0 1
22 216 0 1
23 216 0 1
25 216 0 1
26 216 0 1
29 216 0 1
31 216 0 1
33 216 0 1
36 216 0 1
41 216 0 1
43 216 0 1
63 216 0 1
67 216 0 1
68 216 0 1
69 216 0 1
3 217 0 1
10 217 0 1
13 217 0 1
14 217 0 1
17 217 0 1
24 217 0 1
27 217 0 1
28 217 0 1
30 217 0 1
35 217 0 1
42 217 0 1
44 217 0 1
45 217 0 1
46 217 0 1
73 217 0 1
74 217 0 1
3 218 0 1
10 218 0 1
13 218 0 1
14 218 0 1
17 218 0 1
21 218 0 1
24 218 0 1
27 218 0 1
28 218 0 1
30 218 0 1
31 218 0 1
34 218 0 1
35 218 0 1
42 218 0 1
46 218 0 1
64 218 0 1
73 218 0 1
74 218 0 1
76 218 0 1
1 219 0 1
2 219 0 1
4 219 0 1
7 219 0 1
8 219 0 1
9 219 0 1
11 219 0 1
12 219 0 1
16 219 0 1
18 219 0 1
19 219 0 1
20 219 0 1
37 219 0 1
38 219 0 1
39 219 0 1
40 219 0 1
41 219 0 1
56 219 0 1
62 219 0 1
65 219 0 1
67 219 0 1
68 219 0 1
69 219 0 1
71 219 0 1
72 219 0 1
78 219 0 1
79 219 0 1
1 220 0 1
4 220 0 1
5 220 0 1
8 220 0 1
9 220 0 1
11 220 0 1
15 220 0 1
18 220 0 1
19 220 0 1
20 220 0 1
22 220 0 1
23 220 0 1
25 220 0 1
26 220 0 1
29 220 0 1
33 220 0 1
36 220 0 1
40 220 0 1
41 220 0 1
43 220 0 1
62 220 0 1
63 220 0 1
65 220 0 1
67 220 0 1
68 220 0 1
69 220 0 1
77 220 0 1
79 220 0 1
1 221 0 1
3 221 0 1
6 221 0 1
10 221 0 1
14 221 0 1
17 221 0 1
21 221 0 1
22 221 0 1
23 221 0 1
24 221 0 1
27 221 0 1
28 221 0 1
29 221 0 1
30 221 0 1
31 221 0 1
33 221 0 1
34 221 0 1
35 221 0 1
36 221 0 1
42 221 0 1
43 221 0 1
54 221 0 1
64 221 0 1
70 221 0 1
73 221 0 1
74 221 0 1
75 221 0 1
76 221 0 1
1 222 0 1
19 222 0 1
20 222 0 1
23 222 0 1
25 222 0 1
26 222 0 1
29 222 0 1
33 222 0 1
40 222 0 1
41 222 0 1
48 222 0 1
49 222 0 1
55 222 0 1
56 222 0 1
60 222 0 1
62 222 0 1
63 222 0 1
65 222 0 1
67 222 0 1
68 222 0 1
69 222 0 1
72 222 0 1
77 222 0 1
78 222 0 1
79 222 0 1
83 222 0 1
84 222 0 1
96 222 0 1
97 222 0 1
100 222 0 1
181 222 0 1
182 222 0 1
183 222 0 1
185 222 0 1
186 222 0 1
13 223 0 1
14 223 0 1
21 223 0 1
24 223 0 1
27 223 0 1
28 223 0 1
30 223 0 1
35 223 0 1
42 223 0 1
44 223 0 1
45 223 0 1
46 223 0 1
50 223 0 1
52 223 0 1
54 223 0 1
58 223 0 1
59 223 0 1
64 223 0 1
73 223 0 1
74 223 0 1
76 223 0 1
80 223 0 1
1 224 0 1
21 224 0 1
22 224 0 1
23 224 0 1
24 224 0 1
27 224 0 1
28 224 0 1
29 224 0 1
30 224 0 1
31 224 0 1
33 224 0 1
34 224 0 1
35 224 0 1
42 224 0 1
43 224 0 1
45 224 0 1
46 224 0 1
50 224 0 1
51 224 0 1
52 224 0 1
53 224 0 1
54 224 0 1
59 224 0 1
61 224 0 1
63 224 0 1
64 224 0 1
70 224 0 1
73 224 0 1
74 224 0 1
75 224 0 1
76 224 0 1
77 224 0 1
80 224 0 1
182 224 0 1
184 224 0 1
1 225 0 1
21 225 0 1
22 225 0 1
23 225 0 1
24 225 0 1
25 225 0 1
26 225 0 1
27 225 0 1
28 225 0 1
29 225 0 1
30 225 0 1
31 225 0 1
33 225 0 1
34 225 0 1
35 225 0 1
36 225 0 1
42 225 0 1
43 225 0 1
48 225 0 1
49 225 0 1
50 225 0 1
51 225 0 1
52 225 0 1
53 225 0 1
54 225 0 1
61 225 0 1
63 225 0 1
64 225 0 1
70 225 0 1
73 225 0 1
74 225 0 1
75 225 0 1
76 225 0 1
77 225 0 1
84 225 0 1
85 225 0 1
182 225 0 1
183 225 0 1
184 225 0 1
185 225 0 1
2 226 0 1
32 226 0 1
38 226 0 1
39 226 0 1
40 226 0 1
47 226 0 1
55 226 0 1
56 226 0 1
57 226 0 1
62 226 0 1
65 226 0 1
66 226 0 1
67 226 0 1
68 226 0 1
71 226 0 1
72 226 0 1
78 226 0 1
79 226 0 1
81 226 0 1
82 226 0 1
96 226 0 1
180 226 0 1
181 226 0 1
186 226 0 1
2 227 0 1
32 227 0 1
37 227 0 1
39 227 0 1
40 227 0 1
47 227 0 1
56 227 0 1
57 227 0 1
62 227 0 1
65 227 0 1
66 227 0 1
67 227 0 1
68 227 0 1
71 227 0 1
72 227 0 1
78 227 0 1
79 227 0 1
81 227 0 1
82 227 0 1
180 227 0 1
181 227 0 1
186 227 0 1
2 228 0 1
12 228 0 1
16 228 0 1
32 228 0 1
37 228 0 1
38 228 0 1
39 228 0 1
40 228 0 1
47 228 0 1
56 228 0 1
57 228 0 1
65 228 0 1
66 228 0 1
67 228 0 1
71 228 0 1
72 228 0 1
78 228 0 1
79 228 0 1
81 228 0 1
82 228 0 1
180 228 0 1
1 229 0 1
15 229 0 1
18 229 0 1
19 229 0 1
20 229 0 1
22 229 0 1
23 229 0 1
25 229 0 1
26 229 0 1
29 229 0 1
33 229 0 1
40 229 0 1
41 229 0 1
48 229 0 1
49 229 0 1
55 229 0 1
56 229 0 1
60 229 0 1
62 229 0 1
63 229 0 1
65 229 0 1
67 229 0 1
68 229 0 1
69 229 0 1
72 229 0 1
77 229 0 1
78 229 0 1
79 229 0 1
181 229 0 1
183 229 0 1
1 230 0 1
18 230 0 1
19 230 0 1
20 230 0 1
23 230 0 1
25 230 0 1
26 230 0 1
33 230 0 1
38 230 0 1
40 230 0 1
41 230 0 1
48 230 0 1
55 230 0 1
56 230 0 1
60 230 0 1
62 230 0 1
63 230 0 1
65 230 0 1
67 230 0 1
68 230 0 1
69 230 0 1
72 230 0 1
78 230 0 1
79 230 0 1
181 230 0 1
183 230 0 1
2 231 0 1
7 231 0 1
12 231 0 1
16 231 0 1
32 231 0 1
37 231 0 1
38 231 0 1
39 231 0 1
40 231 0 1
41 231 0 1
47 231 0 1
56 231 0 1
57 231 0 1
62 231 0 1
65 231 0 1
66 231 0 1
67 231 0 1
71 231 0 1
72 231 0 1
78 231 0 1
79 231 0 1
180 231 0 1
1 232 0 1
5 232 0 1
11 232 0 1
15 232 0 1
18 232 0 1
20 232 0 1
21 232 0 1
22 232 0 1
23 232 0 1
25 232 0 1
26 232 0 1
29 232 0 1
30 232 0 1
31 232 0 1
33 232 0 1
34 232 0 1
36 232 0 1
43 232 0 1
48 232 0 1
49 232 0 1
53 232 0 1
54 232 0 1
61 232 0 1
63 232 0 1
64 232 0 1
68 232 0 1
69 232 0 1
70 232 0 1
75 232 0 1
77 232 0 1
182 232 0 1
183 232 0 1
1 233 0 1
15 233 0 1
18 233 0 1
19 233 0 1
20 233 0 1
22 233 0 1
23 233 0 1
25 233 0 1
26 233 0 1
29 233 0 1
33 233 0 1
41 233 0 1
48 233 0 1
49 233 0 1
53 233 0 1
55 233 0 1
56 233 0 1
60 233 0 1
62 233 0 1
63 233 0 1
65 233 0 1
67 233 0 1
68 233 0 1
69 233 0 1
70 233 0 1
72 233 0 1
77 233 0 1
78 233 0 1
79 233 0 1
183 233 0 1
10 234 0 1
13 234 0 1
14 234 0 1
17 234 0 1
21 234 0 1
24 234 0 1
27 234 0 1
28 234 0 1
30 234 0 1
31 234 0 1
34 234 0 1
35 234 0 1
42 234 0 1
44 234 0 1
45 234 0 1
46 234 0 1
50 234 0 1
52 234 0 1
54 234 0 1
58 234 0 1
59 234 0 1
64 234 0 1
73 234 0 1
74 234 0 1
76 234 0 1
1 235 0 1
14 235 0 1
17 235 0 1
21 235 0 1
22 235 0 1
24 235 0 1
27 235 0 1
28 235 0 1
30 235 0 1
31 235 0 1
34 235 0 1
35 235 0 1
42 235 0 1
43 235 0 1
44 235 0 1
45 235 0 1
46 235 0 1
50 235 0 1
51 235 0 1
52 235 0 1
53 235 0 1
54 235 0 1
58 235 0 1
59 235 0 1
61 235 0 1
64 235 0 1
70 235 0 1
73 235 0 1
74 235 0 1
75 235 0 1
76 235 0 1
184 235 0 1
20 236 0 1
32 236 0 1
37 236 0 1
38 236 0 1
39 236 0 1
40 236 0 1
41 236 0 1
55 236 0 1
56 236 0 1
57 236 0 1
60 236 0 1
62 236 0 1
65 236 0 1
66 236 0 1
67 236 0 1
68 236 0 1
69 236 0 1
71 236 0 1
72 236 0 1
78 236 0 1
79 236 0 1
180 236 0 1
181 236 0 1
183 236 0 1
186 236 0 1
2 237 0 1
7 237 0 1
9 237 0 1
12 237 0 1
16 237 0 1
32 237 0 1
37 237 0 1
38 237 0 1
39 237 0 1
40 237 0 1
47 237 0 1
57 237 0 1
65 237 0 1
66 237 0 1
67 237 0 1
71 237 0 1
72 237 0 1
78 237 0 1
2 238 0 1
7 238 0 1
9 238 0 1
12 238 0 1
16 238 0 1
32 238 0 1
37 238 0 1
38 238 0 1
39 238 0 1
40 238 0 1
41 238 0 1
47 238 0 1
56 238 0 1
57 238 0 1
62 238 0 1
65 238 0 1
66 238 0 1
67 238 0 1
68 238 0 1
71 238 0 1
72 238 0 1
78 238 0 1
79 238 0 1
1 239 0 1
4 239 0 1
5 239 0 1
8 239 0 1
9 239 0 1
11 239 0 1
15 239 0 1
18 239 0 1
19 239 0 1
20 239 0 1
22 239 0 1
23 239 0 1
25 239 0 1
26 239 0 1
29 239 0 1
33 239 0 1
36 239 0 1
38 239 0 1
40 239 0 1
41 239 0 1
48 239 0 1
55 239 0 1
56 239 0 1
60 239 0 1
62 239 0 1
63 239 0 1
65 239 0 1
67 239 0 1
68 239 0 1
69 239 0 1
70 239 0 1
72 239 0 1
77 239 0 1
78 239 0 1
79 239 0 1
183 239 0 1
1 240 0 1
4 240 0 1
7 240 0 1
8 240 0 1
9 240 0 1
11 240 0 1
12 240 0 1
15 240 0 1
16 240 0 1
18 240 0 1
19 240 0 1
20 240 0 1
25 240 0 1
26 240 0 1
33 240 0 1
37 240 0 1
38 240 0 1
40 240 0 1
41 240 0 1
55 240 0 1
56 240 0 1
62 240 0 1
63 240 0 1
65 240 0 1
67 240 0 1
68 240 0 1
69 240 0 1
71 240 0 1
72 240 0 1
78 240 0 1
79 240 0 1
183 240 0 1
1 241 0 1
5 241 0 1
6 241 0 1
11 241 0 1
15 241 0 1
18 241 0 1
20 241 0 1
21 241 0 1
22 241 0 1
23 241 0 1
24 241 0 1
25 241 0 1
26 241 0 1
29 241 0 1
30 241 0 1
31 241 0 1
33 241 0 1
34 241 0 1
35 241 0 1
36 241 0 1
43 241 0 1
48 241 0 1
53 241 0 1
54 241 0 1
61 241 0 1
63 241 0 1
64 241 0 1
69 241 0 1
70 241 0 1
75 241 0 1
77 241 0 1
183 241 0 1
1 242 0 1
4 242 0 1
7 242 0 1
8 242 0 1
9 242 0 1
11 242 0 1
15 242 0 1
18 242 0 1
19 242 0 1
20 242 0 1
23 242 0 1
25 242 0 1
26 242 0 1
29 242 0 1
33 242 0 1
38 242 0 1
40 242 0 1
41 242 0 1
48 242 0 1
55 242 0 1
56 242 0 1
60 242 0 1
62 242 0 1
63 242 0 1
65 242 0 1
67 242 0 1
68 242 0 1
69 242 0 1
72 242 0 1
77 242 0 1
78 242 0 1
79 242 0 1
183 242 0 1
2 243 0 1
7 243 0 1
8 243 0 1
9 243 0 1
12 243 0 1
16 243 0 1
18 243 0 1
19 243 0 1
20 243 0 1
32 243 0 1
37 243 0 1
38 243 0 1
39 243 0 1
40 243 0 1
41 243 0 1
47 243 0 1
55 243 0 1
56 243 0 1
57 243 0 1
62 243 0 1
65 243 0 1
66 243 0 1
67 243 0 1
68 243 0 1
69 243 0 1
71 243 0 1
72 243 0 1
78 243 0 1
79 243 0 1
180 243 0 1
181 243 0 1
22 244 0 1
23 244 0 1
25 244 0 1
26 244 0 1
48 244 0 1
49 244 0 1
51 244 0 1
53 244 0 1
54 244 0 1
60 244 0 1
61 244 0 1
63 244 0 1
64 244 0 1
69 244 0 1
70 244 0 1
75 244 0 1
77 244 0 1
84 244 0 1
85 244 0 1
90 244 0 1
93 244 0 1
94 244 0 1
95 244 0 1
97 244 0 1
98 244 0 1
102 244 0 1
103 244 0 1
107 244 0 1
108 244 0 1
109 244 0 1
110 244 0 1
168 244 0 1
182 244 0 1
183 244 0 1
184 244 0 1
185 244 0 1
22 245 0 1
24 245 0 1
27 245 0 1
30 245 0 1
45 245 0 1
46 245 0 1
49 245 0 1
50 245 0 1
51 245 0 1
52 245 0 1
53 245 0 1
54 245 0 1
59 245 0 1
61 245 0 1
64 245 0 1
70 245 0 1
73 245 0 1
74 245 0 1
75 245 0 1
76 245 0 1
77 245 0 1
80 245 0 1
85 245 0 1
86 245 0 1
92 245 0 1
93 245 0 1
94 245 0 1
95 245 0 1
98 245 0 1
103 245 0 1
105 245 0 1
107 245 0 1
182 245 0 1
184 245 0 1
22 246 0 1
23 246 0 1
25 246 0 1
26 246 0 1
48 246 0 1
49 246 0 1
51 246 0 1
53 246 0 1
54 246 0 1
55 246 0 1
56 246 0 1
60 246 0 1
61 246 0 1
62 246 0 1
63 246 0 1
68 246 0 1
69 246 0 1
70 246 0 1
75 246 0 1
77 246 0 1
83 246 0 1
84 246 0 1
85 246 0 1
90 246 0 1
93 246 0 1
94 246 0 1
97 246 0 1
98 246 0 1
100 246 0 1
102 246 0 1
103 246 0 1
108 246 0 1
109 246 0 1
110 246 0 1
168 246 0 1
181 246 0 1
182 246 0 1
183 246 0 1
185 246 0 1
44 247 0 1
45 247 0 1
46 247 0 1
50 247 0 1
51 247 0 1
52 247 0 1
58 247 0 1
59 247 0 1
80 247 0 1
86 247 0 1
88 247 0 1
89 247 0 1
91 247 0 1
92 247 0 1
95 247 0 1
104 247 0 1
105 247 0 1
107 247 0 1
113 247 0 1
128 247 0 1
129 247 0 1
169 247 0 1
170 247 0 1
173 247 0 1
175 247 0 1
176 247 0 1
177 247 0 1
179 247 0 1
184 247 0 1
45 248 0 1
46 248 0 1
50 248 0 1
51 248 0 1
52 248 0 1
53 248 0 1
54 248 0 1
58 248 0 1
59 248 0 1
61 248 0 1
64 248 0 1
73 248 0 1
76 248 0 1
80 248 0 1
85 248 0 1
86 248 0 1
88 248 0 1
91 248 0 1
92 248 0 1
93 248 0 1
94 248 0 1
95 248 0 1
98 248 0 1
103 248 0 1
104 248 0 1
105 248 0 1
107 248 0 1
109 248 0 1
169 248 0 1
170 248 0 1
171 248 0 1
175 248 0 1
177 248 0 1
178 248 0 1
179 248 0 1
182 248 0 1
184 248 0 1
49 249 0 1
55 249 0 1
56 249 0 1
60 249 0 1
62 249 0 1
68 249 0 1
72 249 0 1
79 249 0 1
83 249 0 1
84 249 0 1
90 249 0 1
96 249 0 1
97 249 0 1
100 249 0 1
101 249 0 1
102 249 0 1
106 249 0 1
108 249 0 1
110 249 0 1
112 249 0 1
115 249 0 1
127 249 0 1
168 249 0 1
172 249 0 1
174 249 0 1
181 249 0 1
183 249 0 1
185 249 0 1
186 249 0 1
48 250 0 1
49 250 0 1
50 250 0 1
51 250 0 1
52 250 0 1
53 250 0 1
54 250 0 1
61 250 0 1
75 250 0 1
77 250 0 1
84 250 0 1
85 250 0 1
90 250 0 1
93 250 0 1
94 250 0 1
95 250 0 1
97 250 0 1
98 250 0 1
102 250 0 1
103 250 0 1
105 250 0 1
107 250 0 1
108 250 0 1
109 250 0 1
110 250 0 1
114 250 0 1
168 250 0 1
170 250 0 1
171 250 0 1
178 250 0 1
179 250 0 1
182 250 0 1
183 250 0 1
184 250 0 1
185 250 0 1
46 251 0 1
49 251 0 1
50 251 0 1
51 251 0 1
52 251 0 1
53 251 0 1
54 251 0 1
61 251 0 1
64 251 0 1
76 251 0 1
80 251 0 1
84 251 0 1
85 251 0 1
86 251 0 1
92 251 0 1
93 251 0 1
94 251 0 1
95 251 0 1
97 251 0 1
98 251 0 1
102 251 0 1
103 251 0 1
104 251 0 1
105 251 0 1
107 251 0 1
109 251 0 1
114 251 0 1
168 251 0 1
170 251 0 1
171 251 0 1
175 251 0 1
178 251 0 1
179 251 0 1
182 251 0 1
184 251 0 1
46 252 0 1
49 252 0 1
50 252 0 1
51 252 0 1
52 252 0 1
53 252 0 1
54 252 0 1
61 252 0 1
80 252 0 1
85 252 0 1
86 252 0 1
91 252 0 1
92 252 0 1
93 252 0 1
94 252 0 1
95 252 0 1
98 252 0 1
102 252 0 1
103 252 0 1
104 252 0 1
105 252 0 1
107 252 0 1
109 252 0 1
114 252 0 1
130 252 0 1
168 252 0 1
170 252 0 1
171 252 0 1
175 252 0 1
178 252 0 1
179 252 0 1
182 252 0 1
184 252 0 1
47 253 0 1
56 253 0 1
57 253 0 1
66 253 0 1
71 253 0 1
72 253 0 1
78 253 0 1
81 253 0 1
82 253 0 1
87 253 0 1
96 253 0 1
99 253 0 1
101 253 0 1
180 253 0 1
181 253 0 1
186 253 0 1
45 254 0 1
46 254 0 1
49 254 0 1
50 254 0 1
51 254 0 1
52 254 0 1
53 254 0 1
54 254 0 1
58 254 0 1
59 254 0 1
61 254 0 1
64 254 0 1
73 254 0 1
74 254 0 1
75 254 0 1
76 254 0 1
80 254 0 1
84 254 0 1
85 254 0 1
86 254 0 1
91 254 0 1
92 254 0 1
93 254 0 1
94 254 0 1
95 254 0 1
98 254 0 1
103 254 0 1
104 254 0 1
105 254 0 1
107 254 0 1
109 254 0 1
170 254 0 1
171 254 0 1
175 254 0 1
178 254 0 1
179 254 0 1
182 254 0 1
184 254 0 1
47 255 0 1
55 255 0 1
56 255 0 1
57 255 0 1
60 255 0 1
62 255 0 1
65 255 0 1
66 255 0 1
67 255 0 1
71 255 0 1
72 255 0 1
78 255 0 1
79 255 0 1
81 255 0 1
82 255 0 1
83 255 0 1
87 255 0 1
96 255 0 1
99 255 0 1
100 255 0 1
101 255 0 1
106 255 0 1
180 255 0 1
181 255 0 1
186 255 0 1
44 256 0 1
45 256 0 1
46 256 0 1
50 256 0 1
52 256 0 1
58 256 0 1
59 256 0 1
64 256 0 1
73 256 0 1
74 256 0 1
76 256 0 1
80 256 0 1
86 256 0 1
88 256 0 1
89 256 0 1
91 256 0 1
92 256 0 1
104 256 0 1
169 256 0 1
173 256 0 1
184 256 0 1
27 257 0 1
44 257 0 1
45 257 0 1
46 257 0 1
50 257 0 1
51 257 0 1
52 257 0 1
54 257 0 1
58 257 0 1
59 257 0 1
64 257 0 1
73 257 0 1
74 257 0 1
76 257 0 1
80 257 0 1
86 257 0 1
88 257 0 1
89 257 0 1
91 257 0 1
92 257 0 1
95 257 0 1
104 257 0 1
169 257 0 1
175 257 0 1
184 257 0 1
24 258 0 1
27 258 0 1
44 258 0 1
45 258 0 1
46 258 0 1
50 258 0 1
51 258 0 1
52 258 0 1
54 258 0 1
58 258 0 1
59 258 0 1
61 258 0 1
64 258 0 1
73 258 0 1
74 258 0 1
76 258 0 1
80 258 0 1
86 258 0 1
88 258 0 1
89 258 0 1
91 258 0 1
92 258 0 1
95 258 0 1
104 258 0 1
105 258 0 1
107 258 0 1
169 258 0 1
170 258 0 1
175 258 0 1
184 258 0 1
25 259 0 1
26 259 0 1
48 259 0 1
49 259 0 1
51 259 0 1
53 259 0 1
54 259 0 1
55 259 0 1
56 259 0 1
60 259 0 1
61 259 0 1
62 259 0 1
63 259 0 1
68 259 0 1
69 259 0 1
70 259 0 1
75 259 0 1
77 259 0 1
79 259 0 1
83 259 0 1
84 259 0 1
85 259 0 1
90 259 0 1
93 259 0 1
94 259 0 1
96 259 0 1
97 259 0 1
98 259 0 1
100 259 0 1
101 259 0 1
102 259 0 1
103 259 0 1
106 259 0 1
108 259 0 1
109 259 0 1
110 259 0 1
168 259 0 1
172 259 0 1
181 259 0 1
182 259 0 1
183 259 0 1
185 259 0 1
186 259 0 1
48 260 0 1
49 260 0 1
55 260 0 1
56 260 0 1
60 260 0 1
62 260 0 1
63 260 0 1
65 260 0 1
67 260 0 1
68 260 0 1
69 260 0 1
72 260 0 1
78 260 0 1
79 260 0 1
83 260 0 1
84 260 0 1
90 260 0 1
96 260 0 1
97 260 0 1
100 260 0 1
101 260 0 1
102 260 0 1
106 260 0 1
108 260 0 1
110 260 0 1
172 260 0 1
181 260 0 1
182 260 0 1
183 260 0 1
185 260 0 1
186 260 0 1
22 261 0 1
48 261 0 1
49 261 0 1
50 261 0 1
51 261 0 1
52 261 0 1
53 261 0 1
54 261 0 1
61 261 0 1
63 261 0 1
64 261 0 1
70 261 0 1
75 261 0 1
76 261 0 1
77 261 0 1
84 261 0 1
85 261 0 1
90 261 0 1
93 261 0 1
94 261 0 1
95 261 0 1
97 261 0 1
98 261 0 1
102 261 0 1
103 261 0 1
105 261 0 1
107 261 0 1
108 261 0 1
109 261 0 1
168 261 0 1
171 261 0 1
182 261 0 1
183 261 0 1
184 261 0 1
185 261 0 1
44 262 0 1
45 262 0 1
46 262 0 1
50 262 0 1
52 262 0 1
58 262 0 1
59 262 0 1
64 262 0 1
73 262 0 1
74 262 0 1
76 262 0 1
80 262 0 1
86 262 0 1
88 262 0 1
89 262 0 1
91 262 0 1
92 262 0 1
95 262 0 1
104 262 0 1
169 262 0 1
170 262 0 1
173 262 0 1
175 262 0 1
177 262 0 1
184 262 0 1
44 263 0 1
45 263 0 1
46 263 0 1
50 263 0 1
52 263 0 1
58 263 0 1
59 263 0 1
73 263 0 1
80 263 0 1
86 263 0 1
88 263 0 1
89 263 0 1
91 263 0 1
92 263 0 1
104 263 0 1
113 263 0 1
169 263 0 1
173 263 0 1
175 263 0 1
176 263 0 1
177 263 0 1
24 264 0 1
27 264 0 1
28 264 0 1
30 264 0 1
44 264 0 1
45 264 0 1
46 264 0 1
50 264 0 1
52 264 0 1
54 264 0 1
58 264 0 1
59 264 0 1
64 264 0 1
73 264 0 1
74 264 0 1
76 264 0 1
80 264 0 1
86 264 0 1
88 264 0 1
91 264 0 1
92 264 0 1
21 265 0 1
24 265 0 1
27 265 0 1
28 265 0 1
30 265 0 1
44 265 0 1
45 265 0 1
46 265 0 1
50 265 0 1
51 265 0 1
52 265 0 1
54 265 0 1
58 265 0 1
59 265 0 1
61 265 0 1
64 265 0 1
73 265 0 1
74 265 0 1
75 265 0 1
76 265 0 1
80 265 0 1
86 265 0 1
88 265 0 1
91 265 0 1
92 265 0 1
95 265 0 1
184 265 0 1
55 266 0 1
56 266 0 1
57 266 0 1
60 266 0 1
62 266 0 1
65 266 0 1
67 266 0 1
68 266 0 1
69 266 0 1
71 266 0 1
72 266 0 1
78 266 0 1
79 266 0 1
82 266 0 1
83 266 0 1
96 266 0 1
99 266 0 1
100 266 0 1
101 266 0 1
180 266 0 1
181 266 0 1
183 266 0 1
186 266 0 1
32 267 0 1
47 267 0 1
55 267 0 1
56 267 0 1
57 267 0 1
60 267 0 1
62 267 0 1
65 267 0 1
66 267 0 1
67 267 0 1
68 267 0 1
71 267 0 1
72 267 0 1
78 267 0 1
79 267 0 1
81 267 0 1
82 267 0 1
83 267 0 1
87 267 0 1
96 267 0 1
99 267 0 1
100 267 0 1
101 267 0 1
106 267 0 1
180 267 0 1
181 267 0 1
186 267 0 1
24 268 0 1
27 268 0 1
28 268 0 1
30 268 0 1
44 268 0 1
45 268 0 1
46 268 0 1
50 268 0 1
52 268 0 1
54 268 0 1
58 268 0 1
59 268 0 1
64 268 0 1
73 268 0 1
74 268 0 1
76 268 0 1
80 268 0 1
86 268 0 1
88 268 0 1
91 268 0 1
92 268 0 1
184 268 0 1
21 269 0 1
22 269 0 1
24 269 0 1
27 269 0 1
28 269 0 1
30 269 0 1
31 269 0 1
44 269 0 1
45 269 0 1
46 269 0 1
50 269 0 1
51 269 0 1
52 269 0 1
53 269 0 1
54 269 0 1
59 269 0 1
61 269 0 1
64 269 0 1
70 269 0 1
73 269 0 1
74 269 0 1
75 269 0 1
76 269 0 1
77 269 0 1
80 269 0 1
85 269 0 1
95 269 0 1
103 269 0 1
182 269 0 1
184 269 0 1
1 270 0 1
22 270 0 1
23 270 0 1
25 270 0 1
26 270 0 1
29 270 0 1
31 270 0 1
33 270 0 1
48 270 0 1
49 270 0 1
51 270 0 1
53 270 0 1
54 270 0 1
55 270 0 1
60 270 0 1
61 270 0 1
63 270 0 1
64 270 0 1
68 270 0 1
69 270 0 1
70 270 0 1
75 270 0 1
77 270 0 1
84 270 0 1
85 270 0 1
90 270 0 1
93 270 0 1
97 270 0 1
98 270 0 1
102 270 0 1
103 270 0 1
110 270 0 1
182 270 0 1
183 270 0 1
184 270 0 1
185 270 0 1
1 271 0 1
22 271 0 1
23 271 0 1
25 271 0 1
26 271 0 1
29 271 0 1
31 271 0 1
33 271 0 1
48 271 0 1
49 271 0 1
51 271 0 1
52 271 0 1
53 271 0 1
54 271 0 1
60 271 0 1
61 271 0 1
63 271 0 1
64 271 0 1
69 271 0 1
70 271 0 1
75 271 0 1
76 271 0 1
77 271 0 1
84 271 0 1
85 271 0 1
90 271 0 1
93 271 0 1
94 271 0 1
97 271 0 1
98 271 0 1
102 271 0 1
103 271 0 1
109 271 0 1
182 271 0 1
183 271 0 1
184 271 0 1
185 271 0 1
24 272 0 1
27 272 0 1
44 272 0 1
45 272 0 1
46 272 0 1
50 272 0 1
52 272 0 1
58 272 0 1
59 272 0 1
64 272 0 1
73 272 0 1
74 272 0 1
76 272 0 1
80 272 0 1
86 272 0 1
88 272 0 1
91 272 0 1
92 272 0 1
24 273 0 1
27 273 0 1
44 273 0 1
45 273 0 1
46 273 0 1
50 273 0 1
51 273 0 1
52 273 0 1
54 273 0 1
58 273 0 1
59 273 0 1
64 273 0 1
73 273 0 1
74 273 0 1
76 273 0 1
80 273 0 1
86 273 0 1
88 273 0 1
91 273 0 1
92 273 0 1
104 273 0 1
184 273 0 1
22 274 0 1
24 274 0 1
27 274 0 1
30 274 0 1
31 274 0 1
44 274 0 1
45 274 0 1
46 274 0 1
49 274 0 1
50 274 0 1
51 274 0 1
52 274 0 1
53 274 0 1
54 274 0 1
58 274 0 1
59 274 0 1
61 274 0 1
64 274 0 1
70 274 0 1
73 274 0 1
74 274 0 1
75 274 0 1
76 274 0 1
77 274 0 1
80 274 0 1
85 274 0 1
86 274 0 1
91 274 0 1
92 274 0 1
93 274 0 1
94 274 0 1
95 274 0 1
98 274 0 1
103 274 0 1
105 274 0 1
107 274 0 1
182 274 0 1
184 274 0 1
32 275 0 1
47 275 0 1
56 275 0 1
57 275 0 1
65 275 0 1
66 275 0 1
67 275 0 1
71 275 0 1
72 275 0 1
78 275 0 1
79 275 0 1
81 275 0 1
82 275 0 1
87 275 0 1
96 275 0 1
99 275 0 1
180 275 0 1
181 275 0 1
186 275 0 1
21 276 0 1
24 276 0 1
27 276 0 1
28 276 0 1
30 276 0 1
42 276 0 1
44 276 0 1
45 276 0 1
46 276 0 1
50 276 0 1
51 276 0 1
52 276 0 1
54 276 0 1
58 276 0 1
59 276 0 1
64 276 0 1
73 276 0 1
74 276 0 1
76 276 0 1
80 276 0 1
184 276 0 1
13 277 0 1
24 277 0 1
27 277 0 1
28 277 0 1
30 277 0 1
44 277 0 1
45 277 0 1
46 277 0 1
50 277 0 1
52 277 0 1
58 277 0 1
59 277 0 1
64 277 0 1
73 277 0 1
74 277 0 1
76 277 0 1
80 277 0 1
2 278 0 1
32 278 0 1
39 278 0 1
40 278 0 1
47 278 0 1
55 278 0 1
56 278 0 1
57 278 0 1
60 278 0 1
62 278 0 1
65 278 0 1
66 278 0 1
67 278 0 1
68 278 0 1
71 278 0 1
72 278 0 1
78 278 0 1
79 278 0 1
81 278 0 1
82 278 0 1
83 278 0 1
96 278 0 1
99 278 0 1
180 278 0 1
181 278 0 1
186 278 0 1
1 279 0 1
21 279 0 1
22 279 0 1
23 279 0 1
24 279 0 1
25 279 0 1
26 279 0 1
27 279 0 1
29 279 0 1
30 279 0 1
31 279 0 1
33 279 0 1
36 279 0 1
43 279 0 1
48 279 0 1
49 279 0 1
50 279 0 1
51 279 0 1
52 279 0 1
53 279 0 1
54 279 0 1
61 279 0 1
63 279 0 1
64 279 0 1
69 279 0 1
70 279 0 1
73 279 0 1
74 279 0 1
75 279 0 1
76 279 0 1
77 279 0 1
84 279 0 1
85 279 0 1
97 279 0 1
98 279 0 1
103 279 0 1
182 279 0 1
183 279 0 1
184 279 0 1
185 279 0 1
32 280 0 1
39 280 0 1
40 280 0 1
41 280 0 1
47 280 0 1
55 280 0 1
56 280 0 1
57 280 0 1
60 280 0 1
62 280 0 1
65 280 0 1
66 280 0 1
67 280 0 1
68 280 0 1
71 280 0 1
72 280 0 1
78 280 0 1
79 280 0 1
81 280 0 1
82 280 0 1
83 280 0 1
96 280 0 1
99 280 0 1
180 280 0 1
181 280 0 1
183 280 0 1
186 280 0 1
20 281 0 1
41 281 0 1
48 281 0 1
55 281 0 1
56 281 0 1
60 281 0 1
62 281 0 1
63 281 0 1
65 281 0 1
67 281 0 1
68 281 0 1
69 281 0 1
71 281 0 1
72 281 0 1
78 281 0 1
79 281 0 1
83 281 0 1
96 281 0 1
97 281 0 1
100 281 0 1
101 281 0 1
180 281 0 1
181 281 0 1
183 281 0 1
185 281 0 1
186 281 0 1
1 282 0 1
20 282 0 1
22 282 0 1
23 282 0 1
25 282 0 1
26 282 0 1
29 282 0 1
31 282 0 1
33 282 0 1
48 282 0 1
49 282 0 1
51 282 0 1
53 282 0 1
54 282 0 1
55 282 0 1
56 282 0 1
60 282 0 1
61 282 0 1
62 282 0 1
63 282 0 1
67 282 0 1
68 282 0 1
69 282 0 1
70 282 0 1
72 282 0 1
75 282 0 1
77 282 0 1
79 282 0 1
83 282 0 1
84 282 0 1
85 282 0 1
90 282 0 1
97 282 0 1
98 282 0 1
100 282 0 1
102 282 0 1
110 282 0 1
181 282 0 1
182 282 0 1
183 282 0 1
185 282 0 1
2 283 0 1
32 283 0 1
47 283 0 1
56 283 0 1
57 283 0 1
65 283 0 1
66 283 0 1
71 283 0 1
72 283 0 1
78 283 0 1
81 283 0 1
82 283 0 1
99 283 0 1
180 283 0 1
80 284 0 1
86 284 0 1
88 284 0 1
89 284 0 1
91 284 0 1
92 284 0 1
104 284 0 1
113 284 0 1
119 284 0 1
120 284 0 1
121 284 0 1
124 284 0 1
128 284 0 1
129 284 0 1
137 284 0 1
138 284 0 1
159 284 0 1
161 284 0 1
169 284 0 1
170 284 0 1
173 284 0 1
175 284 0 1
176 284 0 1
177 284 0 1
50 285 0 1
58 285 0 1
59 285 0 1
80 285 0 1
86 285 0 1
88 285 0 1
89 285 0 1
91 285 0 1
92 285 0 1
95 285 0 1
104 285 0 1
105 285 0 1
107 285 0 1
113 285 0 1
119 285 0 1
120 285 0 1
121 285 0 1
124 285 0 1
128 285 0 1
129 285 0 1
137 285 0 1
138 285 0 1
169 285 0 1
170 285 0 1
173 285 0 1
175 285 0 1
176 285 0 1
177 285 0 1
179 285 0 1
86 286 0 1
88 286 0 1
89 286 0 1
91 286 0 1
92 286 0 1
104 286 0 1
105 286 0 1
113 286 0 1
119 286 0 1
120 286 0 1
121 286 0 1
124 286 0 1
128 286 0 1
129 286 0 1
137 286 0 1
138 286 0 1
139 286 0 1
152 286 0 1
154 286 0 1
159 286 0 1
161 286 0 1
163 286 0 1
169 286 0 1
170 286 0 1
173 286 0 1
175 286 0 1
176 286 0 1
177 286 0 1
179 286 0 1
81 287 0 1
87 287 0 1
111 287 0 1
112 287 0 1
133 287 0 1
134 287 0 1
135 287 0 1
136 287 0 1
156 287 0 1
157 287 0 1
158 287 0 1
167 287 0 1
85 288 0 1
92 288 0 1
93 288 0 1
94 288 0 1
95 288 0 1
98 288 0 1
102 288 0 1
103 288 0 1
104 288 0 1
105 288 0 1
107 288 0 1
108 288 0 1
109 288 0 1
114 288 0 1
118 288 0 1
120 288 0 1
122 288 0 1
125 288 0 1
126 288 0 1
129 288 0 1
130 288 0 1
138 288 0 1
164 288 0 1
168 288 0 1
170 288 0 1
171 288 0 1
175 288 0 1
177 288 0 1
178 288 0 1
179 288 0 1
184 288 0 1
81 289 0 1
87 289 0 1
96 289 0 1
99 289 0 1
101 289 0 1
106 289 0 1
111 289 0 1
112 289 0 1
116 289 0 1
117 289 0 1
127 289 0 1
132 289 0 1
133 289 0 1
134 289 0 1
135 289 0 1
136 289 0 1
153 289 0 1
156 289 0 1
157 289 0 1
158 289 0 1
160 289 0 1
167 289 0 1
172 289 0 1
83 290 0 1
84 290 0 1
90 290 0 1
93 290 0 1
96 290 0 1
97 290 0 1
98 290 0 1
100 290 0 1
101 290 0 1
102 290 0 1
106 290 0 1
108 290 0 1
109 290 0 1
110 290 0 1
112 290 0 1
115 290 0 1
116 290 0 1
117 290 0 1
118 290 0 1
123 290 0 1
126 290 0 1
127 290 0 1
131 290 0 1
132 290 0 1
136 290 0 1
160 290 0 1
162 290 0 1
165 290 0 1
166 290 0 1
168 290 0 1
172 290 0 1
174 290 0 1
81 291 0 1
82 291 0 1
87 291 0 1
96 291 0 1
99 291 0 1
100 291 0 1
101 291 0 1
106 291 0 1
111 291 0 1
112 291 0 1
116 291 0 1
117 291 0 1
127 291 0 1
132 291 0 1
133 291 0 1
134 291 0 1
135 291 0 1
136 291 0 1
156 291 0 1
158 291 0 1
160 291 0 1
167 291 0 1
172 291 0 1
87 292 0 1
96 292 0 1
99 292 0 1
100 292 0 1
101 292 0 1
106 292 0 1
110 292 0 1
111 292 0 1
112 292 0 1
116 292 0 1
117 292 0 1
127 292 0 1
132 292 0 1
133 292 0 1
134 292 0 1
135 292 0 1
136 292 0 1
153 292 0 1
158 292 0 1
160 292 0 1
172 292 0 1
84 293 0 1
85 293 0 1
90 293 0 1
93 293 0 1
94 293 0 1
97 293 0 1
98 293 0 1
102 293 0 1
103 293 0 1
105 293 0 1
107 293 0 1
108 293 0 1
109 293 0 1
110 293 0 1
114 293 0 1
115 293 0 1
118 293 0 1
122 293 0 1
123 293 0 1
125 293 0 1
126 293 0 1
127 293 0 1
130 293 0 1
131 293 0 1
155 293 0 1
162 293 0 1
164 293 0 1
165 293 0 1
166 293 0 1
168 293 0 1
171 293 0 1
172 293 0 1
174 293 0 1
178 293 0 1
179 293 0 1
81 294 0 1
82 294 0 1
87 294 0 1
99 294 0 1
111 294 0 1
133 294 0 1
134 294 0 1
135 294 0 1
180 294 0 1
80 295 0 1
86 295 0 1
88 295 0 1
89 295 0 1
91 295 0 1
92 295 0 1
95 295 0 1
104 295 0 1
105 295 0 1
107 295 0 1
113 295 0 1
119 295 0 1
120 295 0 1
121 295 0 1
124 295 0 1
128 295 0 1
129 295 0 1
137 295 0 1
138 295 0 1
159 295 0 1
163 295 0 1
169 295 0 1
170 295 0 1
171 295 0 1
173 295 0 1
175 295 0 1
176 295 0 1
177 295 0 1
178 295 0 1
179 295 0 1
81 296 0 1
82 296 0 1
87 296 0 1
99 296 0 1
111 296 0 1
112 296 0 1
133 296 0 1
134 296 0 1
135 296 0 1
136 296 0 1
180 296 0 1
50 297 0 1
80 297 0 1
85 297 0 1
86 297 0 1
88 297 0 1
89 297 0 1
91 297 0 1
92 297 0 1
93 297 0 1
94 297 0 1
95 297 0 1
103 297 0 1
104 297 0 1
105 297 0 1
107 297 0 1
113 297 0 1
114 297 0 1
119 297 0 1
120 297 0 1
124 297 0 1
125 297 0 1
128 297 0 1
129 297 0 1
130 297 0 1
137 297 0 1
138 297 0 1
159 297 0 1
169 297 0 1
170 297 0 1
171 297 0 1
173 297 0 1
175 297 0 1
176 297 0 1
177 297 0 1
178 297 0 1
179 297 0 1
184 297 0 1
55 298 0 1
56 298 0 1
60 298 0 1
83 298 0 1
87 298 0 1
90 298 0 1
96 298 0 1
97 298 0 1
99 298 0 1
100 298 0 1
101 298 0 1
106 298 0 1
108 298 0 1
110 298 0 1
112 298 0 1
115 298 0 1
116 298 0 1
117 298 0 1
123 298 0 1
127 298 0 1
131 298 0 1
132 298 0 1
134 298 0 1
135 298 0 1
136 298 0 1
160 298 0 1
168 298 0 1
172 298 0 1
174 298 0 1
180 298 0 1
181 298 0 1
183 298 0 1
186 298 0 1
50 299 0 1
80 299 0 1
86 299 0 1
88 299 0 1
89 299 0 1
91 299 0 1
92 299 0 1
94 299 0 1
95 299 0 1
104 299 0 1
105 299 0 1
107 299 0 1
113 299 0 1
114 299 0 1
119 299 0 1
120 299 0 1
121 299 0 1
124 299 0 1
125 299 0 1
128 299 0 1
129 299 0 1
130 299 0 1
137 299 0 1
138 299 0 1
159 299 0 1
169 299 0 1
170 299 0 1
171 299 0 1
173 299 0 1
175 299 0 1
176 299 0 1
177 299 0 1
178 299 0 1
179 299 0 1
184 299 0 1
49 300 0 1
51 300 0 1
61 300 0 1
84 300 0 1
85 300 0 1
90 300 0 1
93 300 0 1
94 300 0 1
95 300 0 1
97 300 0 1
98 300 0 1
102 300 0 1
103 300 0 1
105 300 0 1
107 300 0 1
108 300 0 1
109 300 0 1
110 300 0 1
114 300 0 1
115 300 0 1
118 300 0 1
122 300 0 1
125 300 0 1
126 300 0 1
130 300 0 1
131 300 0 1
168 300 0 1
170 300 0 1
171 300 0 1
172 300 0 1
174 300 0 1
178 300 0 1
179 300 0 1
182 300 0 1
184 300 0 1
185 300 0 1
81 301 0 1
82 301 0 1
87 301 0 1
96 301 0 1
99 301 0 1
101 301 0 1
106 301 0 1
111 301 0 1
112 301 0 1
132 301 0 1
133 301 0 1
134 301 0 1
135 301 0 1
136 301 0 1
158 301 0 1
172 301 0 1
180 301 0 1
186 301 0 1
83 302 0 1
84 302 0 1
85 302 0 1
90 302 0 1
93 302 0 1
94 302 0 1
96 302 0 1
97 302 0 1
98 302 0 1
100 302 0 1
101 302 0 1
102 302 0 1
103 302 0 1
106 302 0 1
108 302 0 1
109 302 0 1
110 302 0 1
112 302 0 1
114 302 0 1
115 302 0 1
116 302 0 1
117 302 0 1
118 302 0 1
122 302 0 1
123 302 0 1
125 302 0 1
126 302 0 1
127 302 0 1
131 302 0 1
132 302 0 1
160 302 0 1
162 302 0 1
165 302 0 1
166 302 0 1
168 302 0 1
171 302 0 1
172 302 0 1
174 302 0 1
183 302 0 1
185 302 0 1
56 303 0 1
81 303 0 1
82 303 0 1
83 303 0 1
87 303 0 1
96 303 0 1
99 303 0 1
100 303 0 1
101 303 0 1
106 303 0 1
110 303 0 1
111 303 0 1
112 303 0 1
116 303 0 1
117 303 0 1
127 303 0 1
132 303 0 1
133 303 0 1
134 303 0 1
135 303 0 1
136 303 0 1
158 303 0 1
160 303 0 1
172 303 0 1
180 303 0 1
181 303 0 1
186 303 0 1
81 304 0 1
82 304 0 1
87 304 0 1
96 304 0 1
99 304 0 1
100 304 0 1
101 304 0 1
106 304 0 1
111 304 0 1
112 304 0 1
116 304 0 1
117 304 0 1
127 304 0 1
132 304 0 1
133 304 0 1
134 304 0 1
135 304 0 1
136 304 0 1
158 304 0 1
160 304 0 1
172 304 0 1
186 304 0 1
83 305 0 1
87 305 0 1
90 305 0 1
96 305 0 1
97 305 0 1
99 305 0 1
100 305 0 1
101 305 0 1
106 305 0 1
108 305 0 1
110 305 0 1
112 305 0 1
115 305 0 1
116 305 0 1
117 305 0 1
123 305 0 1
127 305 0 1
131 305 0 1
132 305 0 1
134 305 0 1
135 305 0 1
136 305 0 1
153 305 0 1
158 305 0 1
160 305 0 1
166 305 0 1
172 305 0 1
174 305 0 1
181 305 0 1
186 305 0 1
80 306 0 1
86 306 0 1
88 306 0 1
89 306 0 1
91 306 0 1
92 306 0 1
94 306 0 1
95 306 0 1
104 306 0 1
105 306 0 1
107 306 0 1
113 306 0 1
114 306 0 1
119 306 0 1
120 306 0 1
121 306 0 1
122 306 0 1
124 306 0 1
125 306 0 1
128 306 0 1
129 306 0 1
130 306 0 1
137 306 0 1
138 306 0 1
140 306 0 1
143 306 0 1
152 306 0 1
154 306 0 1
159 306 0 1
161 306 0 1
163 306 0 1
169 306 0 1
170 306 0 1
171 306 0 1
173 306 0 1
175 306 0 1
176 306 0 1
177 306 0 1
178 306 0 1
179 306 0 1
81 307 0 1
87 307 0 1
99 307 0 1
111 307 0 1
112 307 0 1
116 307 0 1
132 307 0 1
133 307 0 1
134 307 0 1
135 307 0 1
136 307 0 1
144 307 0 1
153 307 0 1
156 307 0 1
157 307 0 1
158 307 0 1
167 307 0 1
87 308 0 1
106 308 0 1
111 308 0 1
112 308 0 1
116 308 0 1
117 308 0 1
127 308 0 1
132 308 0 1
133 308 0 1
134 308 0 1
135 308 0 1
136 308 0 1
144 308 0 1
153 308 0 1
156 308 0 1
157 308 0 1
158 308 0 1
160 308 0 1
167 308 0 1
172 308 0 1
90 309 0 1
100 309 0 1
101 309 0 1
106 309 0 1
108 309 0 1
110 309 0 1
112 309 0 1
115 309 0 1
116 309 0 1
117 309 0 1
118 309 0 1
123 309 0 1
126 309 0 1
127 309 0 1
131 309 0 1
132 309 0 1
134 309 0 1
135 309 0 1
136 309 0 1
153 309 0 1
160 309 0 1
162 309 0 1
166 309 0 1
168 309 0 1
172 309 0 1
174 309 0 1
90 310 0 1
93 310 0 1
94 310 0 1
95 310 0 1
97 310 0 1
98 310 0 1
102 310 0 1
103 310 0 1
105 310 0 1
107 310 0 1
108 310 0 1
109 310 0 1
110 310 0 1
114 310 0 1
115 310 0 1
118 310 0 1
122 310 0 1
123 310 0 1
125 310 0 1
126 310 0 1
127 310 0 1
130 310 0 1
131 310 0 1
155 310 0 1
162 310 0 1
164 310 0 1
165 310 0 1
166 310 0 1
168 310 0 1
170 310 0 1
171 310 0 1
172 310 0 1
174 310 0 1
178 310 0 1
179 310 0 1
90 311 0 1
100 311 0 1
101 311 0 1
106 311 0 1
108 311 0 1
109 311 0 1
110 311 0 1
112 311 0 1
115 311 0 1
116 311 0 1
117 311 0 1
118 311 0 1
123 311 0 1
126 311 0 1
127 311 0 1
131 311 0 1
132 311 0 1
135 311 0 1
136 311 0 1
150 311 0 1
153 311 0 1
155 311 0 1
160 311 0 1
162 311 0 1
165 311 0 1
166 311 0 1
168 311 0 1
172 311 0 1
174 311 0 1
90 312 0 1
93 312 0 1
94 312 0 1
95 312 0 1
98 312 0 1
102 312 0 1
103 312 0 1
105 312 0 1
107 312 0 1
108 312 0 1
109 312 0 1
110 312 0 1
114 312 0 1
115 312 0 1
118 312 0 1
122 312 0 1
123 312 0 1
125 312 0 1
126 312 0 1
130 312 0 1
131 312 0 1
145 312 0 1
155 312 0 1
162 312 0 1
164 312 0 1
165 312 0 1
166 312 0 1
168 312 0 1
170 312 0 1
171 312 0 1
172 312 0 1
174 312 0 1
178 312 0 1
179 312 0 1
93 313 0 1
94 313 0 1
95 313 0 1
103 313 0 1
104 313 0 1
105 313 0 1
107 313 0 1
109 313 0 1
114 313 0 1
118 313 0 1
119 313 0 1
120 313 0 1
122 313 0 1
124 313 0 1
125 313 0 1
126 313 0 1
129 313 0 1
130 313 0 1
138 313 0 1
140 313 0 1
143 313 0 1
152 313 0 1
154 313 0 1
159 313 0 1
164 313 0 1
165 313 0 1
168 313 0 1
170 313 0 1
171 313 0 1
175 313 0 1
177 313 0 1
178 313 0 1
179 313 0 1
111 314 0 1
133 314 0 1
134 314 0 1
135 314 0 1
141 314 0 1
142 314 0 1
144 314 0 1
147 314 0 1
156 314 0 1
157 314 0 1
158 314 0 1
167 314 0 1
113 315 0 1
119 315 0 1
120 315 0 1
121 315 0 1
124 315 0 1
128 315 0 1
129 315 0 1
137 315 0 1
138 315 0 1
139 315 0 1
140 315 0 1
143 315 0 1
146 315 0 1
152 315 0 1
154 315 0 1
159 315 0 1
161 315 0 1
163 315 0 1
173 315 0 1
175 315 0 1
176 315 0 1
177 315 0 1
113 316 0 1
119 316 0 1
120 316 0 1
121 316 0 1
124 316 0 1
128 316 0 1
129 316 0 1
137 316 0 1
138 316 0 1
139 316 0 1
140 316 0 1
143 316 0 1
146 316 0 1
149 316 0 1
152 316 0 1
154 316 0 1
159 316 0 1
161 316 0 1
163 316 0 1
173 316 0 1
175 316 0 1
176 316 0 1
177 316 0 1
179 316 0 1
113 317 0 1
119 317 0 1
120 317 0 1
121 317 0 1
124 317 0 1
128 317 0 1
129 317 0 1
137 317 0 1
138 317 0 1
139 317 0 1
140 317 0 1
143 317 0 1
146 317 0 1
149 317 0 1
152 317 0 1
154 317 0 1
159 317 0 1
161 317 0 1
163 317 0 1
175 317 0 1
176 317 0 1
177 317 0 1
114 318 0 1
119 318 0 1
120 318 0 1
121 318 0 1
122 318 0 1
124 318 0 1
125 318 0 1
129 318 0 1
130 318 0 1
137 318 0 1
138 318 0 1
139 318 0 1
140 318 0 1
143 318 0 1
146 318 0 1
149 318 0 1
152 318 0 1
154 318 0 1
159 318 0 1
161 318 0 1
163 318 0 1
164 318 0 1
165 318 0 1
170 318 0 1
171 318 0 1
175 318 0 1
177 318 0 1
178 318 0 1
179 318 0 1
113 319 0 1
119 319 0 1
120 319 0 1
121 319 0 1
124 319 0 1
128 319 0 1
129 319 0 1
137 319 0 1
138 319 0 1
139 319 0 1
140 319 0 1
143 319 0 1
146 319 0 1
149 319 0 1
152 319 0 1
154 319 0 1
159 319 0 1
161 319 0 1
163 319 0 1
175 319 0 1
177 319 0 1
179 319 0 1
111 320 0 1
112 320 0 1
116 320 0 1
133 320 0 1
134 320 0 1
135 320 0 1
136 320 0 1
141 320 0 1
142 320 0 1
144 320 0 1
147 320 0 1
148 320 0 1
153 320 0 1
156 320 0 1
157 320 0 1
158 320 0 1
167 320 0 1
113 321 0 1
119 321 0 1
120 321 0 1
121 321 0 1
122 321 0 1
124 321 0 1
125 321 0 1
128 321 0 1
129 321 0 1
130 321 0 1
137 321 0 1
138 321 0 1
139 321 0 1
140 321 0 1
143 321 0 1
146 321 0 1
149 321 0 1
152 321 0 1
154 321 0 1
159 321 0 1
161 321 0 1
163 321 0 1
164 321 0 1
165 321 0 1
175 321 0 1
177 321 0 1
178 321 0 1
179 321 0 1
112 322 0 1
115 322 0 1
116 322 0 1
117 322 0 1
118 322 0 1
123 322 0 1
127 322 0 1
131 322 0 1
132 322 0 1
135 322 0 1
136 322 0 1
145 322 0 1
148 322 0 1
150 322 0 1
151 322 0 1
153 322 0 1
155 322 0 1
156 322 0 1
157 322 0 1
160 322 0 1
162 322 0 1
165 322 0 1
166 322 0 1
172 322 0 1
174 322 0 1
111 323 0 1
112 323 0 1
116 323 0 1
117 323 0 1
132 323 0 1
133 323 0 1
134 323 0 1
135 323 0 1
136 323 0 1
141 323 0 1
142 323 0 1
144 323 0 1
147 323 0 1
148 323 0 1
153 323 0 1
156 323 0 1
157 323 0 1
158 323 0 1
160 323 0 1
167 323 0 1
115 324 0 1
116 324 0 1
117 324 0 1
118 324 0 1
123 324 0 1
126 324 0 1
127 324 0 1
131 324 0 1
132 324 0 1
136 324 0 1
145 324 0 1
148 324 0 1
150 324 0 1
151 324 0 1
153 324 0 1
155 324 0 1
160 324 0 1
162 324 0 1
164 324 0 1
165 324 0 1
166 324 0 1
172 324 0 1
174 324 0 1
111 325 0 1
112 325 0 1
116 325 0 1
117 325 0 1
127 325 0 1
132 325 0 1
133 325 0 1
134 325 0 1
135 325 0 1
136 325 0 1
141 325 0 1
142 325 0 1
144 325 0 1
147 325 0 1
148 325 0 1
150 325 0 1
151 325 0 1
153 325 0 1
156 325 0 1
157 325 0 1
158 325 0 1
160 325 0 1
167 325 0 1
172 325 0 1
112 326 0 1
115 326 0 1
116 326 0 1
117 326 0 1
123 326 0 1
127 326 0 1
131 326 0 1
132 326 0 1
134 326 0 1
135 326 0 1
136 326 0 1
142 326 0 1
144 326 0 1
148 326 0 1
150 326 0 1
151 326 0 1
153 326 0 1
156 326 0 1
157 326 0 1
158 326 0 1
160 326 0 1
166 326 0 1
167 326 0 1
172 326 0 1
104 327 0 1
105 327 0 1
113 327 0 1
114 327 0 1
119 327 0 1
120 327 0 1
121 327 0 1
122 327 0 1
124 327 0 1
125 327 0 1
128 327 0 1
129 327 0 1
130 327 0 1
137 327 0 1
138 327 0 1
139 327 0 1
140 327 0 1
143 327 0 1
146 327 0 1
149 327 0 1
152 327 0 1
154 327 0 1
159 327 0 1
161 327 0 1
163 327 0 1
164 327 0 1
165 327 0 1
169 327 0 1
170 327 0 1
171 327 0 1
173 327 0 1
175 327 0 1
176 327 0 1
177 327 0 1
178 327 0 1
179 327 0 1
105 328 0 1
107 328 0 1
114 328 0 1
118 328 0 1
119 328 0 1
120 328 0 1
122 328 0 1
125 328 0 1
126 328 0 1
129 328 0 1
130 328 0 1
138 328 0 1
140 328 0 1
143 328 0 1
145 328 0 1
146 328 0 1
149 328 0 1
152 328 0 1
154 328 0 1
155 328 0 1
159 328 0 1
163 328 0 1
164 328 0 1
165 328 0 1
170 328 0 1
171 328 0 1
175 328 0 1
178 328 0 1
179 328 0 1
112 329 0 1
116 329 0 1
117 329 0 1
123 329 0 1
127 329 0 1
132 329 0 1
133 329 0 1
134 329 0 1
135 329 0 1
136 329 0 1
142 329 0 1
144 329 0 1
147 329 0 1
148 329 0 1
150 329 0 1
151 329 0 1
153 329 0 1
156 329 0 1
157 329 0 1
158 329 0 1
160 329 0 1
166 329 0 1
167 329 0 1
172 329 0 1
110 330 0 1
112 330 0 1
115 330 0 1
116 330 0 1
117 330 0 1
118 330 0 1
123 330 0 1
126 330 0 1
127 330 0 1
131 330 0 1
132 330 0 1
135 330 0 1
136 330 0 1
145 330 0 1
148 330 0 1
150 330 0 1
151 330 0 1
153 330 0 1
155 330 0 1
160 330 0 1
162 330 0 1
164 330 0 1
165 330 0 1
166 330 0 1
172 330 0 1
174 330 0 1
114 331 0 1
118 331 0 1
120 331 0 1
122 331 0 1
125 331 0 1
126 331 0 1
129 331 0 1
130 331 0 1
138 331 0 1
140 331 0 1
143 331 0 1
145 331 0 1
146 331 0 1
149 331 0 1
152 331 0 1
154 331 0 1
155 331 0 1
159 331 0 1
162 331 0 1
163 331 0 1
164 331 0 1
165 331 0 1
170 331 0 1
171 331 0 1
178 331 0 1
179 331 0 1
105 332 0 1
114 332 0 1
119 332 0 1
120 332 0 1
122 332 0 1
124 332 0 1
125 332 0 1
126 332 0 1
129 332 0 1
130 332 0 1
138 332 0 1
140 332 0 1
143 332 0 1
146 332 0 1
149 332 0 1
152 332 0 1
154 332 0 1
159 332 0 1
161 332 0 1
163 332 0 1
164 332 0 1
165 332 0 1
170 332 0 1
171 332 0 1
175 332 0 1
177 332 0 1
178 332 0 1
179 332 0 1
111 333 0 1
112 333 0 1
116 333 0 1
117 333 0 1
127 333 0 1
132 333 0 1
133 333 0 1
134 333 0 1
135 333 0 1
136 333 0 1
141 333 0 1
142 333 0 1
144 333 0 1
147 333 0 1
148 333 0 1
151 333 0 1
153 333 0 1
156 333 0 1
157 333 0 1
158 333 0 1
160 333 0 1
167 333 0 1
133 334 0 1
134 334 0 1
141 334 0 1
142 334 0 1
144 334 0 1
147 334 0 1
148 334 0 1
153 334 0 1
156 334 0 1
157 334 0 1
158 334 0 1
167 334 0 1
116 335 0 1
133 335 0 1
134 335 0 1
135 335 0 1
141 335 0 1
142 335 0 1
144 335 0 1
147 335 0 1
148 335 0 1
151 335 0 1
153 335 0 1
156 335 0 1
157 335 0 1
158 335 0 1
160 335 0 1
167 335 0 1
117 336 0 1
118 336 0 1
122 336 0 1
123 336 0 1
131 336 0 1
145 336 0 1
149 336 0 1
150 336 0 1
151 336 0 1
155 336 0 1
162 336 0 1
164 336 0 1
165 336 0 1
166 336 0 1
133 337 0 1
134 337 0 1
141 337 0 1
142 337 0 1
144 337 0 1
147 337 0 1
148 337 0 1
153 337 0 1
156 337 0 1
157 337 0 1
158 337 0 1
167 337 0 1
116 338 0 1
117 338 0 1
134 338 0 1
135 338 0 1
141 338 0 1
142 338 0 1
144 338 0 1
147 338 0 1
148 338 0 1
150 338 0 1
151 338 0 1
153 338 0 1
156 338 0 1
157 338 0 1
158 338 0 1
160 338 0 1
167 338 0 1
116 339 0 1
117 339 0 1
123 339 0 1
132 339 0 1
142 339 0 1
144 339 0 1
145 339 0 1
148 339 0 1
150 339 0 1
151 339 0 1
153 339 0 1
155 339 0 1
156 339 0 1
157 339 0 1
160 339 0 1
162 339 0 1
165 339 0 1
166 339 0 1
116 340 0 1
117 340 0 1
118 340 0 1
123 340 0 1
132 340 0 1
145 340 0 1
148 340 0 1
150 340 0 1
151 340 0 1
153 340 0 1
155 340 0 1
160 340 0 1
162 340 0 1
164 340 0 1
165 340 0 1
166 340 0 1
118 341 0 1
122 341 0 1
123 341 0 1
126 341 0 1
143 341 0 1
145 341 0 1
146 341 0 1
149 341 0 1
150 341 0 1
151 341 0 1
155 341 0 1
162 341 0 1
164 341 0 1
165 341 0 1
166 341 0 1
116 342 0 1
117 342 0 1
135 342 0 1
141 342 0 1
142 342 0 1
144 342 0 1
147 342 0 1
148 342 0 1
150 342 0 1
151 342 0 1
153 342 0 1
156 342 0 1
157 342 0 1
158 342 0 1
160 342 0 1
167 342 0 1
116 343 0 1
117 343 0 1
141 343 0 1
142 343 0 1
144 343 0 1
147 343 0 1
148 343 0 1
150 343 0 1
151 343 0 1
153 343 0 1
156 343 0 1
157 343 0 1
158 343 0 1
160 343 0 1
167 343 0 1
116 344 0 1
117 344 0 1
132 344 0 1
142 344 0 1
144 344 0 1
147 344 0 1
148 344 0 1
150 344 0 1
151 344 0 1
153 344 0 1
156 344 0 1
157 344 0 1
158 344 0 1
160 344 0 1
162 344 0 1
166 344 0 1
122 345 0 1
140 345 0 1
143 345 0 1
145 345 0 1
146 345 0 1
149 345 0 1
154 345 0 1
155 345 0 1
162 345 0 1
164 345 0 1
165 345 0 1
120 346 0 1
138 346 0 1
139 346 0 1
140 346 0 1
143 346 0 1
146 346 0 1
149 346 0 1
152 346 0 1
154 346 0 1
159 346 0 1
161 346 0 1
163 346 0 1
165 346 0 1
119 347 0 1
120 347 0 1
121 347 0 1
138 347 0 1
139 347 0 1
140 347 0 1
143 347 0 1
146 347 0 1
149 347 0 1
152 347 0 1
154 347 0 1
159 347 0 1
161 347 0 1
163 347 0 1
113 348 0 1
119 348 0 1
120 348 0 1
121 348 0 1
124 348 0 1
128 348 0 1
129 348 0 1
137 348 0 1
138 348 0 1
139 348 0 1
140 348 0 1
143 348 0 1
146 348 0 1
149 348 0 1
152 348 0 1
154 348 0 1
159 348 0 1
161 348 0 1
163 348 0 1
119 349 0 1
120 349 0 1
121 349 0 1
124 349 0 1
129 349 0 1
137 349 0 1
138 349 0 1
139 349 0 1
140 349 0 1
143 349 0 1
146 349 0 1
149 349 0 1
152 349 0 1
154 349 0 1
159 349 0 1
161 349 0 1
163 349 0 1
165 349 0 1
116 350 0 1
117 350 0 1
132 350 0 1
133 350 0 1
134 350 0 1
135 350 0 1
136 350 0 1
141 350 0 1
142 350 0 1
144 350 0 1
147 350 0 1
148 350 0 1
151 350 0 1
153 350 0 1
156 350 0 1
157 350 0 1
158 350 0 1
160 350 0 1
167 350 0 1
111 351 0 1
133 351 0 1
134 351 0 1
135 351 0 1
141 351 0 1
142 351 0 1
144 351 0 1
147 351 0 1
153 351 0 1
156 351 0 1
157 351 0 1
158 351 0 1
167 351 0 1
114 352 0 1
119 352 0 1
120 352 0 1
122 352 0 1
124 352 0 1
125 352 0 1
129 352 0 1
130 352 0 1
138 352 0 1
139 352 0 1
140 352 0 1
143 352 0 1
145 352 0 1
146 352 0 1
149 352 0 1
152 352 0 1
154 352 0 1
155 352 0 1
159 352 0 1
163 352 0 1
164 352 0 1
165 352 0 1
178 352 0 1
179 352 0 1
119 353 0 1
120 353 0 1
121 353 0 1
122 353 0 1
124 353 0 1
125 353 0 1
129 353 0 1
130 353 0 1
137 353 0 1
138 353 0 1
139 353 0 1
140 353 0 1
143 353 0 1
146 353 0 1
149 353 0 1
152 353 0 1
154 353 0 1
159 353 0 1
161 353 0 1
163 353 0 1
164 353 0 1
165 353 0 1
114 354 0 1
118 354 0 1
122 354 0 1
123 354 0 1
125 354 0 1
126 354 0 1
130 354 0 1
131 354 0 1
140 354 0 1
143 354 0 1
145 354 0 1
146 354 0 1
149 354 0 1
152 354 0 1
154 354 0 1
155 354 0 1
162 354 0 1
164 354 0 1
165 354 0 1
116 355 0 1
117 355 0 1
118 355 0 1
123 355 0 1
127 355 0 1
131 355 0 1
132 355 0 1
136 355 0 1
144 355 0 1
145 355 0 1
148 355 0 1
150 355 0 1
151 355 0 1
153 355 0 1
155 355 0 1
156 355 0 1
157 355 0 1
160 355 0 1
162 355 0 1
165 355 0 1
166 355 0 1
116 356 0 1
117 356 0 1
123 356 0 1
127 356 0 1
132 356 0 1
134 356 0 1
135 356 0 1
136 356 0 1
142 356 0 1
144 356 0 1
147 356 0 1
148 356 0 1
150 356 0 1
151 356 0 1
153 356 0 1
156 356 0 1
157 356 0 1
158 356 0 1
160 356 0 1
162 356 0 1
166 356 0 1
119 357 0 1
120 357 0 1
121 357 0 1
122 357 0 1
124 357 0 1
138 357 0 1
139 357 0 1
140 357 0 1
143 357 0 1
146 357 0 1
149 357 0 1
152 357 0 1
154 357 0 1
159 357 0 1
161 357 0 1
163 357 0 1
164 357 0 1
165 357 0 1
118 358 0 1
122 358 0 1
123 358 0 1
125 358 0 1
126 358 0 1
140 358 0 1
143 358 0 1
145 358 0 1
146 358 0 1
149 358 0 1
154 358 0 1
155 358 0 1
162 358 0 1
164 358 0 1
165 358 0 1
166 358 0 1
119 359 0 1
120 359 0 1
121 359 0 1
124 359 0 1
129 359 0 1
137 359 0 1
138 359 0 1
139 359 0 1
140 359 0 1
143 359 0 1
146 359 0 1
149 359 0 1
152 359 0 1
154 359 0 1
159 359 0 1
161 359 0 1
163 359 0 1
94 360 0 1
95 360 0 1
105 360 0 1
107 360 0 1
109 360 0 1
114 360 0 1
118 360 0 1
119 360 0 1
120 360 0 1
122 360 0 1
125 360 0 1
126 360 0 1
129 360 0 1
130 360 0 1
138 360 0 1
140 360 0 1
143 360 0 1
145 360 0 1
146 360 0 1
149 360 0 1
152 360 0 1
154 360 0 1
155 360 0 1
159 360 0 1
162 360 0 1
164 360 0 1
165 360 0 1
168 360 0 1
170 360 0 1
171 360 0 1
175 360 0 1
178 360 0 1
179 360 0 1
87 361 0 1
111 361 0 1
112 361 0 1
116 361 0 1
132 361 0 1
133 361 0 1
134 361 0 1
135 361 0 1
136 361 0 1
141 361 0 1
142 361 0 1
144 361 0 1
147 361 0 1
153 361 0 1
156 361 0 1
157 361 0 1
158 361 0 1
160 361 0 1
167 361 0 1
87 362 0 1
106 362 0 1
111 362 0 1
112 362 0 1
116 362 0 1
117 362 0 1
127 362 0 1
132 362 0 1
133 362 0 1
134 362 0 1
135 362 0 1
136 362 0 1
142 362 0 1
144 362 0 1
148 362 0 1
153 362 0 1
156 362 0 1
157 362 0 1
158 362 0 1
160 362 0 1
167 362 0 1
172 362 0 1
90 363 0 1
97 363 0 1
100 363 0 1
102 363 0 1
106 363 0 1
108 363 0 1
109 363 0 1
110 363 0 1
112 363 0 1
115 363 0 1
116 363 0 1
117 363 0 1
118 363 0 1
122 363 0 1
123 363 0 1
125 363 0 1
126 363 0 1
127 363 0 1
131 363 0 1
132 363 0 1
136 363 0 1
145 363 0 1
150 363 0 1
153 363 0 1
155 363 0 1
160 363 0 1
162 363 0 1
164 363 0 1
165 363 0 1
166 363 0 1
168 363 0 1
172 363 0 1
174 363 0 1
94 364 0 1
95 364 0 1
104 364 0 1
105 364 0 1
107 364 0 1
113 364 0 1
114 364 0 1
119 364 0 1
120 364 0 1
122 364 0 1
124 364 0 1
125 364 0 1
126 364 0 1
129 364 0 1
130 364 0 1
137 364 0 1
138 364 0 1
140 364 0 1
143 364 0 1
146 364 0 1
152 364 0 1
154 364 0 1
159 364 0 1
163 364 0 1
164 364 0 1
165 364 0 1
169 364 0 1
170 364 0 1
171 364 0 1
173 364 0 1
175 364 0 1
177 364 0 1
178 364 0 1
179 364 0 1
100 365 0 1
106 365 0 1
108 365 0 1
110 365 0 1
112 365 0 1
115 365 0 1
116 365 0 1
117 365 0 1
118 365 0 1
123 365 0 1
126 365 0 1
127 365 0 1
131 365 0 1
132 365 0 1
135 365 0 1
136 365 0 1
150 365 0 1
151 365 0 1
153 365 0 1
155 365 0 1
160 365 0 1
162 365 0 1
165 365 0 1
166 365 0 1
168 365 0 1
172 365 0 1
174 365 0 1
89 366 0 1
95 366 0 1
104 366 0 1
105 366 0 1
107 366 0 1
113 366 0 1
114 366 0 1
119 366 0 1
120 366 0 1
121 366 0 1
122 366 0 1
124 366 0 1
125 366 0 1
128 366 0 1
129 366 0 1
130 366 0 1
137 366 0 1
138 366 0 1
139 366 0 1
140 366 0 1
143 366 0 1
146 366 0 1
149 366 0 1
152 366 0 1
154 366 0 1
159 366 0 1
161 366 0 1
163 366 0 1
164 366 0 1
165 366 0 1
169 366 0 1
170 366 0 1
171 366 0 1
173 366 0 1
175 366 0 1
176 366 0 1
177 366 0 1
178 366 0 1
179 366 0 1
93 367 0 1
94 367 0 1
105 367 0 1
107 367 0 1
108 367 0 1
109 367 0 1
110 367 0 1
114 367 0 1
115 367 0 1
118 367 0 1
122 367 0 1
123 367 0 1
125 367 0 1
126 367 0 1
130 367 0 1
131 367 0 1
138 367 0 1
143 367 0 1
145 367 0 1
149 367 0 1
155 367 0 1
162 367 0 1
164 367 0 1
165 367 0 1
166 367 0 1
168 367 0 1
170 367 0 1
171 367 0 1
174 367 0 1
178 367 0 1
179 367 0 1
108 368 0 1
109 368 0 1
110 368 0 1
114 368 0 1
115 368 0 1
117 368 0 1
118 368 0 1
122 368 0 1
123 368 0 1
125 368 0 1
126 368 0 1
127 368 0 1
130 368 0 1
131 368 0 1
143 368 0 1
145 368 0 1
146 368 0 1
149 368 0 1
150 368 0 1
155 368 0 1
162 368 0 1
164 368 0 1
165 368 0 1
166 368 0 1
168 368 0 1
171 368 0 1
172 368 0 1
174 368 0 1
178 368 0 1
179 368 0 1
87 369 0 1
111 369 0 1
112 369 0 1
116 369 0 1
117 369 0 1
132 369 0 1
133 369 0 1
134 369 0 1
135 369 0 1
136 369 0 1
141 369 0 1
142 369 0 1
144 369 0 1
147 369 0 1
148 369 0 1
153 369 0 1
156 369 0 1
157 369 0 1
158 369 0 1
160 369 0 1
167 369 0 1
95 370 0 1
104 370 0 1
105 370 0 1
107 370 0 1
113 370 0 1
114 370 0 1
119 370 0 1
120 370 0 1
121 370 0 1
122 370 0 1
124 370 0 1
125 370 0 1
126 370 0 1
128 370 0 1
129 370 0 1
130 370 0 1
137 370 0 1
138 370 0 1
139 370 0 1
140 370 0 1
143 370 0 1
146 370 0 1
149 370 0 1
152 370 0 1
154 370 0 1
159 370 0 1
161 370 0 1
163 370 0 1
164 370 0 1
165 370 0 1
169 370 0 1
170 370 0 1
171 370 0 1
173 370 0 1
175 370 0 1
177 370 0 1
178 370 0 1
179 370 0 1
106 371 0 1
108 371 0 1
110 371 0 1
112 371 0 1
115 371 0 1
116 371 0 1
117 371 0 1
118 371 0 1
122 371 0 1
123 371 0 1
126 371 0 1
127 371 0 1
131 371 0 1
132 371 0 1
135 371 0 1
136 371 0 1
145 371 0 1
148 371 0 1
150 371 0 1
151 371 0 1
153 371 0 1
155 371 0 1
160 371 0 1
162 371 0 1
164 371 0 1
165 371 0 1
166 371 0 1
168 371 0 1
172 371 0 1
174 371 0 1
47 372 0 1
57 372 0 1
81 372 0 1
82 372 0 1
87 372 0 1
99 372 0 1
111 372 0 1
133 372 0 1
180 372 0 1
50 373 0 1
51 373 0 1
52 373 0 1
54 373 0 1
59 373 0 1
61 373 0 1
80 373 0 1
85 373 0 1
86 373 0 1
88 373 0 1
89 373 0 1
91 373 0 1
92 373 0 1
93 373 0 1
94 373 0 1
95 373 0 1
103 373 0 1
104 373 0 1
105 373 0 1
107 373 0 1
109 373 0 1
113 373 0 1
114 373 0 1
120 373 0 1
124 373 0 1
125 373 0 1
128 373 0 1
129 373 0 1
130 373 0 1
138 373 0 1
169 373 0 1
170 373 0 1
171 373 0 1
173 373 0 1
175 373 0 1
176 373 0 1
177 373 0 1
178 373 0 1
179 373 0 1
184 373 0 1
47 374 0 1
55 374 0 1
56 374 0 1
57 374 0 1
60 374 0 1
62 374 0 1
72 374 0 1
78 374 0 1
81 374 0 1
82 374 0 1
83 374 0 1
87 374 0 1
96 374 0 1
99 374 0 1
100 374 0 1
101 374 0 1
106 374 0 1
110 374 0 1
111 374 0 1
112 374 0 1
116 374 0 1
127 374 0 1
132 374 0 1
133 374 0 1
134 374 0 1
135 374 0 1
136 374 0 1
158 374 0 1
172 374 0 1
180 374 0 1
181 374 0 1
186 374 0 1
44 375 0 1
45 375 0 1
46 375 0 1
50 375 0 1
52 375 0 1
58 375 0 1
59 375 0 1
80 375 0 1
86 375 0 1
88 375 0 1
89 375 0 1
91 375 0 1
92 375 0 1
104 375 0 1
113 375 0 1
124 375 0 1
128 375 0 1
129 375 0 1
137 375 0 1
169 375 0 1
170 375 0 1
173 375 0 1
175 375 0 1
176 375 0 1
177 375 0 1
49 376 0 1
50 376 0 1
51 376 0 1
52 376 0 1
53 376 0 1
54 376 0 1
61 376 0 1
80 376 0 1
84 376 0 1
85 376 0 1
90 376 0 1
92 376 0 1
93 376 0 1
94 376 0 1
95 376 0 1
97 376 0 1
98 376 0 1
102 376 0 1
103 376 0 1
104 376 0 1
105 376 0 1
107 376 0 1
108 376 0 1
109 376 0 1
110 376 0 1
114 376 0 1
125 376 0 1
126 376 0 1
130 376 0 1
168 376 0 1
170 376 0 1
171 376 0 1
175 376 0 1
178 376 0 1
179 376 0 1
182 376 0 1
184 376 0 1
185 376 0 1
55 377 0 1
56 377 0 1
60 377 0 1
72 377 0 1
81 377 0 1
82 377 0 1
83 377 0 1
87 377 0 1
90 377 0 1
96 377 0 1
97 377 0 1
99 377 0 1
100 377 0 1
101 377 0 1
106 377 0 1
110 377 0 1
112 377 0 1
115 377 0 1
127 377 0 1
132 377 0 1
134 377 0 1
135 377 0 1
136 377 0 1
172 377 0 1
180 377 0 1
181 377 0 1
183 377 0 1
186 377 0 1
56 378 0 1
57 378 0 1
81 378 0 1
82 378 0 1
87 378 0 1
96 378 0 1
99 378 0 1
101 378 0 1
106 378 0 1
111 378 0 1
112 378 0 1
133 378 0 1
134 378 0 1
135 378 0 1
136 378 0 1
180 378 0 1
181 378 0 1
186 378 0 1
48 379 0 1
49 379 0 1
51 379 0 1
53 379 0 1
60 379 0 1
61 379 0 1
83 379 0 1
84 379 0 1
85 379 0 1
90 379 0 1
93 379 0 1
94 379 0 1
95 379 0 1
97 379 0 1
98 379 0 1
100 379 0 1
102 379 0 1
103 379 0 1
105 379 0 1
107 379 0 1
108 379 0 1
109 379 0 1
110 379 0 1
114 379 0 1
115 379 0 1
118 379 0 1
125 379 0 1
126 379 0 1
127 379 0 1
130 379 0 1
131 379 0 1
168 379 0 1
171 379 0 1
172 379 0 1
174 379 0 1
178 379 0 1
182 379 0 1
183 379 0 1
184 379 0 1
185 379 0 1
49 380 0 1
50 380 0 1
51 380 0 1
52 380 0 1
54 380 0 1
61 380 0 1
80 380 0 1
84 380 0 1
85 380 0 1
90 380 0 1
92 380 0 1
93 380 0 1
94 380 0 1
95 380 0 1
97 380 0 1
98 380 0 1
102 380 0 1
103 380 0 1
104 380 0 1
105 380 0 1
107 380 0 1
108 380 0 1
109 380 0 1
114 380 0 1
122 380 0 1
125 380 0 1
126 380 0 1
129 380 0 1
130 380 0 1
138 380 0 1
168 380 0 1
170 380 0 1
171 380 0 1
175 380 0 1
178 380 0 1
179 380 0 1
182 380 0 1
184 380 0 1
