1 3 0 0
4 5 0 0
1 6 0 0
3 6 0 0
3 7 0 0
6 7 0 0
4 8 0 0
5 8 0 0
4 9 0 0
5 9 0 0
8 9 0 0
1 10 0 0
3 10 0 0
6 10 0 0
7 10 0 0
1 11 0 0
3 11 0 0
6 11 0 0
10 11 0 0
3 12 0 0
6 12 0 0
7 12 0 0
10 12 0 0
1 13 0 0
3 13 0 0
6 13 0 0
7 13 0 0
10 13 0 0
11 13 0 0
12 13 0 0
4 14 0 0
5 14 0 0
8 14 0 0
9 14 0 0
4 15 0 0
5 15 0 0
8 15 0 0
9 15 0 0
14 15 0 0
3 16 0 0
7 16 0 0
12 16 0 0
13 16 0 0
4 17 0 0
5 17 0 0
8 17 0 0
9 17 0 0
14 17 0 0
15 17 0 0
1 18 0 0
3 18 0 0
6 18 0 0
10 18 0 0
11 18 0 0
13 18 0 0
1 19 0 0
3 19 0 0
6 19 0 0
7 19 0 0
10 19 0 0
11 19 0 0
13 19 0 0
18 19 0 0
1 20 0 0
3 20 0 0
6 20 0 0
7 20 0 0
10 20 0 0
11 20 0 0
12 20 0 0
13 20 0 0
16 20 0 0
18 20 0 0
19 20 0 0
3 21 0 0
6 21 0 0
7 21 0 0
10 21 0 0
12 21 0 0
13 21 0 0
16 21 0 0
19 21 0 0
20 21 0 0
1 22 0 0
3 22 0 0
6 22 0 0
10 22 0 0
11 22 0 0
13 22 0 0
18 22 0 0
19 22 0 0
20 22 0 0
21 22 0 0
5 23 0 0
8 23 0 0
9 23 0 0
14 23 0 0
15 23 0 0
17 23 0 0
3 24 0 0
7 24 0 0
10 24 0 0
12 24 0 0
13 24 0 0
16 24 0 0
20 24 0 0
21 24 0 0
3 25 0 0
6 25 0 0
7 25 0 0
10 25 0 0
12 25 0 0
13 25 0 0
16 25 0 0
19 25 0 0
20 25 0 0
21 25 0 0
22 25 0 0
24 25 0 0
1 26 0 0
3 26 0 0
6 26 0 0
7 26 0 0
10 26 0 0
11 26 0 0
12 26 0 0
13 26 0 0
16 26 0 0
18 26 0 0
19 26 0 0
20 26 0 0
21 26 0 0
22 26 0 0
24 26 0 0
25 26 0 0
1 27 0 0
3 27 0 0
6 27 0 0
7 27 0 0
10 27 0 0
11 27 0 0
13 27 0 0
18 27 0 0
19 27 0 0
20 27 0 0
21 27 0 0
22 27 0 0
25 27 0 0
26 27 0 0
1 28 0 0
3 28 0 0
6 28 0 0
7 28 0 0
10 28 0 0
11 28 0 0
12 28 0 0
13 28 0 0
18 28 0 0
19 28 0 0
20 28 0 0
21 28 0 0
22 28 0 0
24 28 0 0
25 28 0 0
26 28 0 0
27 28 0 0
4 29 0 0
5 29 0 0
8 29 0 0
9 29 0 0
14 29 0 0
15 29 0 0
17 29 0 0
23 29 0 0
4 30 0 0
5 30 0 0
8 30 0 0
9 30 0 0
14 30 0 0
15 30 0 0
17 30 0 0
23 30 0 0
29 30 0 0
3 31 0 0
7 31 0 0
12 31 0 0
13 31 0 0
16 31 0 0
20 31 0 0
21 31 0 0
23 31 0 0
24 31 0 0
25 31 0 0
26 31 0 0
3 32 0 0
7 32 0 0
10 32 0 0
12 32 0 0
13 32 0 0
16 32 0 0
20 32 0 0
21 32 0 0
24 32 0 0
25 32 0 0
26 32 0 0
27 32 0 0
28 32 0 0
31 32 0 0
4 33 0 0
8 33 0 0
14 33 0 0
15 33 0 0
17 33 0 0
23 33 0 0
29 33 0 0
30 33 0 0
15 34 0 0
16 34 0 0
17 34 0 0
23 34 0 0
24 34 0 0
31 34 0 0
33 34 0 0
4 35 0 0
14 35 0 0
15 35 0 0
17 35 0 0
29 35 0 0
30 35 0 0
33 35 0 0
1 36 0 0
3 36 0 0
11 36 0 0
18 36 0 0
19 36 0 0
20 36 0 0
22 36 0 0
26 36 0 0
27 36 0 0
28 36 0 0
3 37 0 0
12 37 0 0
16 37 0 0
20 37 0 0
21 37 0 0
24 37 0 0
25 37 0 0
26 37 0 0
31 37 0 0
32 37 0 0
34 37 0 0
3 38 0 0
12 38 0 0
13 38 0 0
16 38 0 0
20 38 0 0
21 38 0 0
24 38 0 0
25 38 0 0
26 38 0 0
28 38 0 0
31 38 0 0
32 38 0 0
34 38 0 0
37 38 0 0
1 39 0 0
3 39 0 0
18 39 0 0
19 39 0 0
22 39 0 0
27 39 0 0
36 39 0 0
1 40 0 0
3 40 0 0
6 40 0 0
10 40 0 0
11 40 0 0
13 40 0 0
18 40 0 0
19 40 0 0
20 40 0 0
21 40 0 0
22 40 0 0
25 40 0 0
26 40 0 0
27 40 0 0
28 40 0 0
36 40 0 0
38 40 0 0
39 40 0 0
4 41 0 0
5 41 0 0
8 41 0 0
9 41 0 0
14 41 0 0
15 41 0 0
17 41 0 0
23 41 0 0
29 41 0 0
30 41 0 0
33 41 0 0
34 41 0 0
35 41 0 0
1 42 0 0
3 42 0 0
6 42 0 0
10 42 0 0
11 42 0 0
13 42 0 0
18 42 0 0
19 42 0 0
20 42 0 0
22 42 0 0
26 42 0 0
27 42 0 0
28 42 0 0
36 42 0 0
39 42 0 0
40 42 0 0
3 43 0 0
7 43 0 0
10 43 0 0
12 43 0 0
13 43 0 0
16 43 0 0
20 43 0 0
21 43 0 0
24 43 0 0
25 43 0 0
26 43 0 0
28 43 0 0
31 43 0 0
32 43 0 0
34 43 0 0
37 43 0 0
38 43 0 0
40 43 0 0
3 44 0 0
6 44 0 0
7 44 0 0
10 44 0 0
12 44 0 0
13 44 0 0
16 44 0 0
19 44 0 0
20 44 0 0
21 44 0 0
22 44 0 0
24 44 0 0
25 44 0 0
26 44 0 0
27 44 0 0
28 44 0 0
31 44 0 0
32 44 0 0
37 44 0 0
38 44 0 0
40 44 0 0
42 44 0 0
43 44 0 0
4 45 0 0
8 45 0 0
9 45 0 0
14 45 0 0
15 45 0 0
17 45 0 0
29 45 0 0
30 45 0 0
33 45 0 0
35 45 0 0
41 45 0 0
8 46 0 0
14 46 0 0
15 46 0 0
17 46 0 0
23 46 0 0
29 46 0 0
30 46 0 0
33 46 0 0
34 46 0 0
35 46 0 0
41 46 0 0
45 46 0 0
1 47 0 0
3 47 0 0
11 47 0 0
18 47 0 0
19 47 0 0
22 47 0 0
27 47 0 0
36 47 0 0
39 47 0 0
40 47 0 0
42 47 0 0
1 48 0 0
3 48 0 0
11 48 0 0
18 48 0 0
19 48 0 0
22 48 0 0
27 48 0 0
28 48 0 0
36 48 0 0
39 48 0 0
40 48 0 0
42 48 0 0
47 48 0 0
3 49 0 0
7 49 0 0
12 49 0 0
13 49 0 0
16 49 0 0
20 49 0 0
21 49 0 0
24 49 0 0
25 49 0 0
26 49 0 0
31 49 0 0
32 49 0 0
34 49 0 0
37 49 0 0
38 49 0 0
43 49 0 0
44 49 0 0
3 50 0 0
12 50 0 0
16 50 0 0
20 50 0 0
21 50 0 0
23 50 0 0
24 50 0 0
25 50 0 0
26 50 0 0
31 50 0 0
32 50 0 0
34 50 0 0
37 50 0 0
38 50 0 0
43 50 0 0
44 50 0 0
49 50 0 0
3 51 0 0
7 51 0 0
10 51 0 0
12 51 0 0
13 51 0 0
16 51 0 0
18 51 0 0
19 51 0 0
20 51 0 0
21 51 0 0
22 51 0 0
24 51 0 0
25 51 0 0
26 51 0 0
27 51 0 0
28 51 0 0
31 51 0 0
32 51 0 0
36 51 0 0
37 51 0 0
38 51 0 0
40 51 0 0
42 51 0 0
43 51 0 0
44 51 0 0
49 51 0 0
50 51 0 0
33 52 0 0
35 52 0 0
45 52 0 0
1 53 0 0
3 53 0 0
36 53 0 0
39 53 0 0
42 53 0 0
47 53 0 0
48 53 0 0
33 54 0 0
35 54 0 0
41 54 0 0
45 54 0 0
46 54 0 0
52 54 0 0
33 55 0 0
35 55 0 0
41 55 0 0
45 55 0 0
46 55 0 0
52 55 0 0
54 55 0 0
14 56 0 0
15 56 0 0
17 56 0 0
33 56 0 0
34 56 0 0
35 56 0 0
41 56 0 0
45 56 0 0
46 56 0 0
52 56 0 0
54 56 0 0
55 56 0 0
3 57 0 0
16 57 0 0
21 57 0 0
37 57 0 0
38 57 0 0
43 57 0 0
44 57 0 0
49 57 0 0
50 57 0 0
51 57 0 0
1 58 0 0
3 58 0 0
22 58 0 0
36 58 0 0
39 58 0 0
40 58 0 0
42 58 0 0
47 58 0 0
48 58 0 0
53 58 0 0
3 59 0 0
20 59 0 0
21 59 0 0
36 59 0 0
37 59 0 0
38 59 0 0
40 59 0 0
42 59 0 0
43 59 0 0
44 59 0 0
49 59 0 0
51 59 0 0
57 59 0 0
3 60 0 0
36 60 0 0
37 60 0 0
38 60 0 0
40 60 0 0
42 60 0 0
43 60 0 0
44 60 0 0
49 60 0 0
51 60 0 0
57 60 0 0
59 60 0 0
3 61 0 0
51 61 0 0
57 61 0 0
59 61 0 0
60 61 0 0
3 62 0 0
36 62 0 0
51 62 0 0
57 62 0 0
58 62 0 0
59 62 0 0
60 62 0 0
61 62 0 0
3 63 0 0
36 63 0 0
39 63 0 0
42 63 0 0
47 63 0 0
48 63 0 0
53 63 0 0
58 63 0 0
62 63 0 0
3 64 0 0
37 64 0 0
38 64 0 0
51 64 0 0
57 64 0 0
59 64 0 0
60 64 0 0
61 64 0 0
62 64 0 0
3 65 0 0
36 65 0 0
39 65 0 0
42 65 0 0
51 65 0 0
53 65 0 0
58 65 0 0
59 65 0 0
60 65 0 0
61 65 0 0
62 65 0 0
63 65 0 0
64 65 0 0
3 66 0 0
36 66 0 0
38 66 0 0
42 66 0 0
51 66 0 0
57 66 0 0
58 66 0 0
59 66 0 0
60 66 0 0
61 66 0 0
62 66 0 0
63 66 0 0
64 66 0 0
65 66 0 0
3 67 0 0
36 67 0 0
39 67 0 0
40 67 0 0
42 67 0 0
51 67 0 0
53 67 0 0
57 67 0 0
58 67 0 0
59 67 0 0
60 67 0 0
61 67 0 0
62 67 0 0
63 67 0 0
64 67 0 0
65 67 0 0
66 67 0 0
3 68 0 0
36 68 0 0
39 68 0 0
42 68 0 0
47 68 0 0
48 68 0 0
53 68 0 0
58 68 0 0
62 68 0 0
63 68 0 0
65 68 0 0
66 68 0 0
67 68 0 0
3 69 0 0
36 69 0 0
39 69 0 0
53 69 0 0
58 69 0 0
62 69 0 0
63 69 0 0
65 69 0 0
67 69 0 0
68 69 0 0
3 70 0 0
37 70 0 0
38 70 0 0
51 70 0 0
57 70 0 0
59 70 0 0
60 70 0 0
61 70 0 0
62 70 0 0
64 70 0 0
65 70 0 0
66 70 0 0
67 70 0 0
3 72 0 0
60 72 0 0
61 72 0 0
62 72 0 0
63 72 0 0
64 72 0 0
65 72 0 0
66 72 0 0
67 72 0 0
68 72 0 0
70 72 0 0
3 73 0 0
59 73 0 0
60 73 0 0
61 73 0 0
62 73 0 0
64 73 0 0
65 73 0 0
66 73 0 0
67 73 0 0
68 73 0 0
70 73 0 0
72 73 0 0
3 74 0 0
57 74 0 0
59 74 0 0
60 74 0 0
61 74 0 0
62 74 0 0
64 74 0 0
65 74 0 0
66 74 0 0
67 74 0 0
68 74 0 0
70 74 0 0
72 74 0 0
73 74 0 0
3 75 0 0
53 75 0 0
58 75 0 0
60 75 0 0
61 75 0 0
62 75 0 0
63 75 0 0
64 75 0 0
65 75 0 0
66 75 0 0
67 75 0 0
68 75 0 0
69 75 0 0
72 75 0 0
73 75 0 0
74 75 0 0
52 76 0 0
54 76 0 0
55 76 0 0
56 76 0 0
71 76 0 0
70 77 0 0
71 77 0 0
71 78 0 0
76 78 0 0
2 79 0 0
61 79 0 0
62 79 0 0
65 79 0 0
66 79 0 0
67 79 0 0
72 79 0 0
73 79 0 0
74 79 0 0
75 79 0 0
61 80 0 0
62 80 0 0
64 80 0 0
65 80 0 0
66 80 0 0
67 80 0 0
70 80 0 0
72 80 0 0
73 80 0 0
74 80 0 0
75 80 0 0
79 80 0 0
71 81 0 0
76 81 0 0
78 81 0 0
71 82 0 0
76 82 0 0
77 82 0 0
78 82 0 0
81 82 0 0
71 83 0 0
76 83 0 0
78 83 0 0
81 83 0 0
82 83 0 0
3 84 0 0
60 84 0 0
61 84 0 0
62 84 0 0
64 84 0 0
65 84 0 0
66 84 0 0
67 84 0 0
68 84 0 0
70 84 0 0
72 84 0 0
73 84 0 0
74 84 0 0
75 84 0 0
79 84 0 0
80 84 0 0
71 85 0 0
76 85 0 0
77 85 0 0
78 85 0 0
81 85 0 0
82 85 0 0
83 85 0 0
2 86 0 0
72 86 0 0
75 86 0 0
79 86 0 0
84 86 0 0
71 87 0 0
78 87 0 0
81 87 0 0
82 87 0 0
83 87 0 0
85 87 0 0
2 88 0 0
86 88 0 0
82 89 0 0
87 89 0 0
89 90 0 0
73 91 0 0
79 91 0 0
80 91 0 0
84 91 0 0
90 91 0 0
77 92 0 0
82 92 0 0
85 92 0 0
87 92 0 0
89 92 0 0
90 92 0 0
89 93 0 0
90 93 0 0
91 93 0 0
92 93 0 0
72 94 0 0
73 94 0 0
79 94 0 0
80 94 0 0
84 94 0 0
90 94 0 0
91 94 0 0
93 94 0 0
82 95 0 0
85 95 0 0
87 95 0 0
89 95 0 0
90 95 0 0
92 95 0 0
93 95 0 0
2 96 0 0
79 96 0 0
80 96 0 0
84 96 0 0
86 96 0 0
91 96 0 0
94 96 0 0
2 97 0 0
79 97 0 0
86 97 0 0
88 97 0 0
96 97 0 0
2 98 0 0
72 98 0 0
73 98 0 0
74 98 0 0
75 98 0 0
79 98 0 0
80 98 0 0
84 98 0 0
86 98 0 0
91 98 0 0
94 98 0 0
96 98 0 0
97 98 0 0
71 99 0 0
76 99 0 0
78 99 0 0
81 99 0 0
82 99 0 0
83 99 0 0
85 99 0 0
87 99 0 0
95 99 0 0
71 100 0 0
76 100 0 0
78 100 0 0
81 100 0 0
82 100 0 0
83 100 0 0
85 100 0 0
87 100 0 0
99 100 0 0
2 101 0 0
72 101 0 0
73 101 0 0
74 101 0 0
75 101 0 0
79 101 0 0
80 101 0 0
84 101 0 0
86 101 0 0
91 101 0 0
94 101 0 0
96 101 0 0
97 101 0 0
98 101 0 0
72 102 0 0
73 102 0 0
74 102 0 0
79 102 0 0
80 102 0 0
84 102 0 0
90 102 0 0
91 102 0 0
93 102 0 0
94 102 0 0
96 102 0 0
98 102 0 0
101 102 0 0
71 103 0 0
77 103 0 0
78 103 0 0
81 103 0 0
82 103 0 0
83 103 0 0
85 103 0 0
87 103 0 0
89 103 0 0
90 103 0 0
92 103 0 0
93 103 0 0
95 103 0 0
99 103 0 0
100 103 0 0
71 104 0 0
76 104 0 0
78 104 0 0
81 104 0 0
82 104 0 0
83 104 0 0
85 104 0 0
87 104 0 0
89 104 0 0
92 104 0 0
95 104 0 0
99 104 0 0
100 104 0 0
103 104 0 0
2 105 0 0
86 105 0 0
88 105 0 0
96 105 0 0
97 105 0 0
101 105 0 0
2 106 0 0
88 106 0 0
96 106 0 0
97 106 0 0
105 106 0 0
2 107 0 0
96 107 0 0
97 107 0 0
105 107 0 0
106 107 0 0
2 108 0 0
86 108 0 0
88 108 0 0
94 108 0 0
96 108 0 0
97 108 0 0
98 108 0 0
101 108 0 0
105 108 0 0
106 108 0 0
107 108 0 0
2 109 0 0
86 109 0 0
88 109 0 0
97 109 0 0
105 109 0 0
106 109 0 0
107 109 0 0
108 109 0 0
2 110 0 0
86 110 0 0
88 110 0 0
96 110 0 0
97 110 0 0
98 110 0 0
101 110 0 0
105 110 0 0
106 110 0 0
107 110 0 0
108 110 0 0
109 110 0 0
2 111 0 0
86 111 0 0
91 111 0 0
94 111 0 0
96 111 0 0
97 111 0 0
98 111 0 0
101 111 0 0
102 111 0 0
105 111 0 0
106 111 0 0
107 111 0 0
108 111 0 0
109 111 0 0
110 111 0 0
89 112 0 0
90 112 0 0
91 112 0 0
92 112 0 0
93 112 0 0
94 112 0 0
95 112 0 0
102 112 0 0
2 113 0 0
86 113 0 0
88 113 0 0
96 113 0 0
97 113 0 0
98 113 0 0
101 113 0 0
105 113 0 0
106 113 0 0
107 113 0 0
108 113 0 0
109 113 0 0
110 113 0 0
111 113 0 0
3 114 0 0
51 114 0 0
57 114 0 0
59 114 0 0
60 114 0 0
61 114 0 0
62 114 0 0
64 114 0 0
65 114 0 0
66 114 0 0
67 114 0 0
70 114 0 0
72 114 0 0
73 114 0 0
74 114 0 0
75 114 0 0
77 114 0 0
79 114 0 0
80 114 0 0
84 114 0 0
3 115 0 0
53 115 0 0
58 115 0 0
62 115 0 0
63 115 0 0
65 115 0 0
66 115 0 0
67 115 0 0
68 115 0 0
69 115 0 0
72 115 0 0
73 115 0 0
74 115 0 0
75 115 0 0
79 115 0 0
84 115 0 0
3 116 0 0
36 116 0 0
39 116 0 0
53 116 0 0
58 116 0 0
62 116 0 0
63 116 0 0
65 116 0 0
66 116 0 0
67 116 0 0
68 116 0 0
69 116 0 0
72 116 0 0
73 116 0 0
75 116 0 0
84 116 0 0
115 116 0 0
52 117 0 0
54 117 0 0
55 117 0 0
56 117 0 0
76 117 0 0
78 117 0 0
81 117 0 0
83 117 0 0
99 117 0 0
100 117 0 0
3 118 0 0
53 118 0 0
58 118 0 0
61 118 0 0
62 118 0 0
63 118 0 0
65 118 0 0
66 118 0 0
67 118 0 0
68 118 0 0
69 118 0 0
72 118 0 0
73 118 0 0
74 118 0 0
75 118 0 0
79 118 0 0
80 118 0 0
84 118 0 0
86 118 0 0
98 118 0 0
101 118 0 0
114 118 0 0
115 118 0 0
116 118 0 0
14 119 0 0
15 119 0 0
17 119 0 0
29 119 0 0
30 119 0 0
33 119 0 0
35 119 0 0
41 119 0 0
45 119 0 0
46 119 0 0
52 119 0 0
54 119 0 0
55 119 0 0
56 119 0 0
117 119 0 0
3 120 0 0
16 120 0 0
20 120 0 0
21 120 0 0
24 120 0 0
26 120 0 0
31 120 0 0
32 120 0 0
34 120 0 0
37 120 0 0
38 120 0 0
43 120 0 0
44 120 0 0
49 120 0 0
50 120 0 0
51 120 0 0
57 120 0 0
59 120 0 0
60 120 0 0
61 120 0 0
64 120 0 0
66 120 0 0
70 120 0 0
114 120 0 0
3 121 0 0
12 121 0 0
13 121 0 0
16 121 0 0
19 121 0 0
20 121 0 0
21 121 0 0
22 121 0 0
24 121 0 0
25 121 0 0
26 121 0 0
27 121 0 0
28 121 0 0
31 121 0 0
32 121 0 0
36 121 0 0
37 121 0 0
38 121 0 0
40 121 0 0
42 121 0 0
43 121 0 0
44 121 0 0
49 121 0 0
50 121 0 0
51 121 0 0
57 121 0 0
59 121 0 0
60 121 0 0
61 121 0 0
62 121 0 0
64 121 0 0
65 121 0 0
66 121 0 0
67 121 0 0
70 121 0 0
114 121 0 0
120 121 0 0
14 122 0 0
15 122 0 0
17 122 0 0
23 122 0 0
29 122 0 0
30 122 0 0
33 122 0 0
34 122 0 0
35 122 0 0
41 122 0 0
45 122 0 0
46 122 0 0
52 122 0 0
54 122 0 0
55 122 0 0
56 122 0 0
119 122 0 0
1 123 0 0
3 123 0 0
18 123 0 0
19 123 0 0
20 123 0 0
22 123 0 0
26 123 0 0
27 123 0 0
28 123 0 0
36 123 0 0
39 123 0 0
40 123 0 0
42 123 0 0
47 123 0 0
48 123 0 0
51 123 0 0
53 123 0 0
58 123 0 0
60 123 0 0
62 123 0 0
63 123 0 0
65 123 0 0
66 123 0 0
67 123 0 0
68 123 0 0
69 123 0 0
115 123 0 0
116 123 0 0
118 123 0 0
121 123 0 0
1 124 0 0
3 124 0 0
18 124 0 0
19 124 0 0
20 124 0 0
22 124 0 0
26 124 0 0
27 124 0 0
28 124 0 0
36 124 0 0
39 124 0 0
40 124 0 0
42 124 0 0
44 124 0 0
47 124 0 0
48 124 0 0
51 124 0 0
53 124 0 0
58 124 0 0
59 124 0 0
60 124 0 0
61 124 0 0
62 124 0 0
63 124 0 0
64 124 0 0
65 124 0 0
66 124 0 0
67 124 0 0
68 124 0 0
69 124 0 0
115 124 0 0
116 124 0 0
121 124 0 0
123 124 0 0
3 125 0 0
12 125 0 0
16 125 0 0
20 125 0 0
21 125 0 0
24 125 0 0
25 125 0 0
26 125 0 0
31 125 0 0
32 125 0 0
37 125 0 0
38 125 0 0
40 125 0 0
43 125 0 0
44 125 0 0
49 125 0 0
50 125 0 0
51 125 0 0
57 125 0 0
59 125 0 0
60 125 0 0
61 125 0 0
64 125 0 0
66 125 0 0
70 125 0 0
114 125 0 0
120 125 0 0
121 125 0 0
3 126 0 0
13 126 0 0
16 126 0 0
18 126 0 0
19 126 0 0
20 126 0 0
21 126 0 0
22 126 0 0
25 126 0 0
26 126 0 0
27 126 0 0
28 126 0 0
32 126 0 0
36 126 0 0
37 126 0 0
38 126 0 0
40 126 0 0
42 126 0 0
43 126 0 0
44 126 0 0
49 126 0 0
51 126 0 0
57 126 0 0
59 126 0 0
60 126 0 0
61 126 0 0
62 126 0 0
64 126 0 0
65 126 0 0
66 126 0 0
67 126 0 0
70 126 0 0
114 126 0 0
120 126 0 0
121 126 0 0
123 126 0 0
124 126 0 0
125 126 0 0
1 127 0 0
3 127 0 0
11 127 0 0
18 127 0 0
19 127 0 0
22 127 0 0
27 127 0 0
28 127 0 0
36 127 0 0
39 127 0 0
40 127 0 0
42 127 0 0
47 127 0 0
48 127 0 0
51 127 0 0
53 127 0 0
58 127 0 0
60 127 0 0
61 127 0 0
62 127 0 0
63 127 0 0
65 127 0 0
66 127 0 0
67 127 0 0
68 127 0 0
69 127 0 0
75 127 0 0
115 127 0 0
116 127 0 0
118 127 0 0
123 127 0 0
124 127 0 0
126 127 0 0
16 128 0 0
31 128 0 0
34 128 0 0
37 128 0 0
38 128 0 0
43 128 0 0
46 128 0 0
49 128 0 0
50 128 0 0
51 128 0 0
57 128 0 0
70 128 0 0
77 128 0 0
120 128 0 0
121 128 0 0
122 128 0 0
125 128 0 0
3 129 0 0
16 129 0 0
20 129 0 0
21 129 0 0
31 129 0 0
32 129 0 0
37 129 0 0
38 129 0 0
43 129 0 0
44 129 0 0
49 129 0 0
50 129 0 0
51 129 0 0
57 129 0 0
59 129 0 0
60 129 0 0
61 129 0 0
62 129 0 0
64 129 0 0
66 129 0 0
67 129 0 0
70 129 0 0
114 129 0 0
120 129 0 0
121 129 0 0
125 129 0 0
126 129 0 0
128 129 0 0
1 130 0 0
3 130 0 0
18 130 0 0
19 130 0 0
22 130 0 0
36 130 0 0
39 130 0 0
40 130 0 0
42 130 0 0
47 130 0 0
48 130 0 0
53 130 0 0
58 130 0 0
62 130 0 0
63 130 0 0
65 130 0 0
66 130 0 0
67 130 0 0
68 130 0 0
69 130 0 0
75 130 0 0
115 130 0 0
116 130 0 0
118 130 0 0
123 130 0 0
124 130 0 0
127 130 0 0
3 131 0 0
16 131 0 0
20 131 0 0
21 131 0 0
26 131 0 0
32 131 0 0
37 131 0 0
38 131 0 0
40 131 0 0
42 131 0 0
43 131 0 0
44 131 0 0
49 131 0 0
50 131 0 0
51 131 0 0
57 131 0 0
59 131 0 0
60 131 0 0
61 131 0 0
62 131 0 0
64 131 0 0
65 131 0 0
66 131 0 0
67 131 0 0
70 131 0 0
74 131 0 0
114 131 0 0
120 131 0 0
121 131 0 0
124 131 0 0
125 131 0 0
126 131 0 0
128 131 0 0
129 131 0 0
2 132 0 1
86 132 0 1
87 132 0 1
89 132 0 1
90 132 0 1
91 132 0 1
92 132 0 1
93 132 0 1
94 132 0 1
95 132 0 1
96 132 0 1
97 132 0 1
98 132 0 1
101 132 0 1
102 132 0 1
103 132 0 1
105 132 0 1
106 132 0 1
107 132 0 1
108 132 0 1
109 132 0 1
110 132 0 1
111 132 0 1
112 132 0 1
113 132 0 1
78 133 0 1
81 133 0 1
82 133 0 1
83 133 0 1
87 133 0 1
89 133 0 1
92 133 0 1
95 133 0 1
99 133 0 1
100 133 0 1
103 133 0 1
104 133 0 1
3 134 0 1
6 134 0 1
7 134 0 1
10 134 0 1
12 134 0 1
13 134 0 1
16 134 0 1
20 134 0 1
21 134 0 1
24 134 0 1
25 134 0 1
26 134 0 1
27 134 0 1
28 134 0 1
31 134 0 1
32 134 0 1
43 134 0 1
44 134 0 1
49 134 0 1
51 134 0 1
3 135 0 1
6 135 0 1
7 135 0 1
10 135 0 1
12 135 0 1
13 135 0 1
16 135 0 1
20 135 0 1
21 135 0 1
24 135 0 1
25 135 0 1
26 135 0 1
28 135 0 1
31 135 0 1
32 135 0 1
43 135 0 1
44 135 0 1
49 135 0 1
50 135 0 1
4 136 0 1
5 136 0 1
8 136 0 1
9 136 0 1
14 136 0 1
15 136 0 1
17 136 0 1
23 136 0 1
29 136 0 1
30 136 0 1
41 136 0 1
46 136 0 1
4 137 0 1
5 137 0 1
8 137 0 1
9 137 0 1
14 137 0 1
15 137 0 1
17 137 0 1
23 137 0 1
29 137 0 1
30 137 0 1
33 137 0 1
35 137 0 1
41 137 0 1
45 137 0 1
4 138 0 1
5 138 0 1
8 138 0 1
9 138 0 1
14 138 0 1
15 138 0 1
17 138 0 1
23 138 0 1
29 138 0 1
30 138 0 1
41 138 0 1
46 138 0 1
4 139 0 1
5 139 0 1
8 139 0 1
9 139 0 1
14 139 0 1
15 139 0 1
17 139 0 1
23 139 0 1
29 139 0 1
30 139 0 1
41 139 0 1
46 139 0 1
7 140 0 1
12 140 0 1
13 140 0 1
16 140 0 1
20 140 0 1
21 140 0 1
23 140 0 1
24 140 0 1
25 140 0 1
26 140 0 1
31 140 0 1
32 140 0 1
34 140 0 1
43 140 0 1
44 140 0 1
49 140 0 1
50 140 0 1
7 141 0 1
12 141 0 1
16 141 0 1
17 141 0 1
21 141 0 1
23 141 0 1
24 141 0 1
25 141 0 1
31 141 0 1
32 141 0 1
43 141 0 1
49 141 0 1
50 141 0 1
12 142 0 1
15 142 0 1
16 142 0 1
17 142 0 1
23 142 0 1
24 142 0 1
31 142 0 1
32 142 0 1
34 142 0 1
41 142 0 1
43 142 0 1
49 142 0 1
50 142 0 1
4 143 0 1
5 143 0 1
8 143 0 1
9 143 0 1
14 143 0 1
15 143 0 1
17 143 0 1
23 143 0 1
29 143 0 1
30 143 0 1
33 143 0 1
41 143 0 1
45 143 0 1
46 143 0 1
5 144 0 1
8 144 0 1
9 144 0 1
14 144 0 1
15 144 0 1
17 144 0 1
23 144 0 1
29 144 0 1
30 144 0 1
31 144 0 1
34 144 0 1
41 144 0 1
46 144 0 1
3 145 0 1
6 145 0 1
7 145 0 1
10 145 0 1
12 145 0 1
13 145 0 1
16 145 0 1
19 145 0 1
20 145 0 1
21 145 0 1
22 145 0 1
24 145 0 1
25 145 0 1
26 145 0 1
27 145 0 1
28 145 0 1
31 145 0 1
32 145 0 1
37 145 0 1
38 145 0 1
40 145 0 1
43 145 0 1
44 145 0 1
49 145 0 1
50 145 0 1
51 145 0 1
121 145 0 1
8 146 0 1
12 146 0 1
14 146 0 1
15 146 0 1
16 146 0 1
17 146 0 1
23 146 0 1
24 146 0 1
31 146 0 1
34 146 0 1
41 146 0 1
46 146 0 1
50 146 0 1
4 147 0 1
5 147 0 1
8 147 0 1
9 147 0 1
14 147 0 1
15 147 0 1
17 147 0 1
23 147 0 1
29 147 0 1
30 147 0 1
33 147 0 1
41 147 0 1
45 147 0 1
46 147 0 1
122 147 0 1
12 148 0 1
15 148 0 1
16 148 0 1
17 148 0 1
23 148 0 1
24 148 0 1
31 148 0 1
32 148 0 1
34 148 0 1
41 148 0 1
46 148 0 1
49 148 0 1
50 148 0 1
1 149 0 1
3 149 0 1
6 149 0 1
7 149 0 1
10 149 0 1
11 149 0 1
12 149 0 1
13 149 0 1
18 149 0 1
19 149 0 1
20 149 0 1
21 149 0 1
22 149 0 1
25 149 0 1
26 149 0 1
27 149 0 1
28 149 0 1
32 149 0 1
36 149 0 1
38 149 0 1
40 149 0 1
42 149 0 1
43 149 0 1
44 149 0 1
48 149 0 1
51 149 0 1
121 149 0 1
123 149 0 1
124 149 0 1
125 149 0 1
126 149 0 1
127 149 0 1
131 149 0 1
4 150 0 1
8 150 0 1
9 150 0 1
14 150 0 1
15 150 0 1
17 150 0 1
29 150 0 1
30 150 0 1
33 150 0 1
35 150 0 1
41 150 0 1
45 150 0 1
46 150 0 1
52 150 0 1
54 150 0 1
55 150 0 1
56 150 0 1
119 150 0 1
122 150 0 1
15 151 0 1
16 151 0 1
17 151 0 1
23 151 0 1
24 151 0 1
31 151 0 1
32 151 0 1
34 151 0 1
37 151 0 1
38 151 0 1
41 151 0 1
43 151 0 1
46 151 0 1
49 151 0 1
50 151 0 1
120 151 0 1
122 151 0 1
125 151 0 1
128 151 0 1
129 151 0 1
14 152 0 1
15 152 0 1
16 152 0 1
17 152 0 1
23 152 0 1
30 152 0 1
31 152 0 1
33 152 0 1
34 152 0 1
37 152 0 1
41 152 0 1
46 152 0 1
49 152 0 1
50 152 0 1
56 152 0 1
122 152 0 1
128 152 0 1
14 153 0 1
15 153 0 1
16 153 0 1
17 153 0 1
23 153 0 1
24 153 0 1
31 153 0 1
33 153 0 1
34 153 0 1
37 153 0 1
41 153 0 1
43 153 0 1
46 153 0 1
49 153 0 1
50 153 0 1
56 153 0 1
122 153 0 1
128 153 0 1
3 154 0 1
7 154 0 1
12 154 0 1
16 154 0 1
17 154 0 1
20 154 0 1
21 154 0 1
23 154 0 1
24 154 0 1
25 154 0 1
26 154 0 1
31 154 0 1
32 154 0 1
34 154 0 1
37 154 0 1
38 154 0 1
41 154 0 1
43 154 0 1
44 154 0 1
46 154 0 1
49 154 0 1
50 154 0 1
51 154 0 1
57 154 0 1
120 154 0 1
121 154 0 1
125 154 0 1
128 154 0 1
129 154 0 1
131 154 0 1
3 155 0 1
7 155 0 1
12 155 0 1
13 155 0 1
16 155 0 1
20 155 0 1
21 155 0 1
24 155 0 1
25 155 0 1
26 155 0 1
31 155 0 1
32 155 0 1
34 155 0 1
37 155 0 1
38 155 0 1
43 155 0 1
44 155 0 1
49 155 0 1
50 155 0 1
51 155 0 1
57 155 0 1
59 155 0 1
60 155 0 1
120 155 0 1
121 155 0 1
125 155 0 1
126 155 0 1
128 155 0 1
129 155 0 1
131 155 0 1
4 156 0 1
5 156 0 1
8 156 0 1
9 156 0 1
14 156 0 1
15 156 0 1
17 156 0 1
23 156 0 1
29 156 0 1
30 156 0 1
33 156 0 1
35 156 0 1
41 156 0 1
45 156 0 1
46 156 0 1
54 156 0 1
56 156 0 1
119 156 0 1
122 156 0 1
7 157 0 1
12 157 0 1
16 157 0 1
17 157 0 1
21 157 0 1
23 157 0 1
24 157 0 1
25 157 0 1
26 157 0 1
31 157 0 1
32 157 0 1
34 157 0 1
37 157 0 1
38 157 0 1
43 157 0 1
44 157 0 1
49 157 0 1
50 157 0 1
51 157 0 1
12 158 0 1
15 158 0 1
16 158 0 1
17 158 0 1
23 158 0 1
24 158 0 1
31 158 0 1
32 158 0 1
34 158 0 1
37 158 0 1
41 158 0 1
43 158 0 1
46 158 0 1
49 158 0 1
50 158 0 1
5 159 0 1
8 159 0 1
9 159 0 1
12 159 0 1
14 159 0 1
15 159 0 1
16 159 0 1
17 159 0 1
23 159 0 1
24 159 0 1
29 159 0 1
30 159 0 1
31 159 0 1
32 159 0 1
33 159 0 1
34 159 0 1
37 159 0 1
41 159 0 1
43 159 0 1
46 159 0 1
49 159 0 1
50 159 0 1
122 159 0 1
128 159 0 1
3 160 0 1
6 160 0 1
7 160 0 1
10 160 0 1
12 160 0 1
13 160 0 1
16 160 0 1
19 160 0 1
20 160 0 1
21 160 0 1
22 160 0 1
24 160 0 1
25 160 0 1
26 160 0 1
27 160 0 1
28 160 0 1
31 160 0 1
32 160 0 1
37 160 0 1
38 160 0 1
40 160 0 1
43 160 0 1
44 160 0 1
49 160 0 1
50 160 0 1
51 160 0 1
120 160 0 1
121 160 0 1
125 160 0 1
126 160 0 1
131 160 0 1
7 161 0 1
12 161 0 1
16 161 0 1
17 161 0 1
20 161 0 1
21 161 0 1
23 161 0 1
24 161 0 1
25 161 0 1
26 161 0 1
31 161 0 1
32 161 0 1
34 161 0 1
37 161 0 1
38 161 0 1
43 161 0 1
44 161 0 1
49 161 0 1
50 161 0 1
51 161 0 1
120 161 0 1
121 161 0 1
125 161 0 1
128 161 0 1
1 162 0 1
3 162 0 1
36 162 0 1
39 162 0 1
42 162 0 1
47 162 0 1
48 162 0 1
53 162 0 1
58 162 0 1
63 162 0 1
65 162 0 1
67 162 0 1
68 162 0 1
69 162 0 1
75 162 0 1
115 162 0 1
116 162 0 1
118 162 0 1
123 162 0 1
124 162 0 1
127 162 0 1
130 162 0 1
1 163 0 1
3 163 0 1
36 163 0 1
39 163 0 1
42 163 0 1
47 163 0 1
48 163 0 1
53 163 0 1
58 163 0 1
62 163 0 1
63 163 0 1
65 163 0 1
67 163 0 1
68 163 0 1
69 163 0 1
75 163 0 1
115 163 0 1
116 163 0 1
118 163 0 1
123 163 0 1
124 163 0 1
127 163 0 1
130 163 0 1
33 164 0 1
34 164 0 1
41 164 0 1
46 164 0 1
54 164 0 1
55 164 0 1
56 164 0 1
71 164 0 1
76 164 0 1
77 164 0 1
85 164 0 1
122 164 0 1
128 164 0 1
33 165 0 1
34 165 0 1
35 165 0 1
41 165 0 1
46 165 0 1
52 165 0 1
54 165 0 1
55 165 0 1
56 165 0 1
71 165 0 1
76 165 0 1
117 165 0 1
119 165 0 1
122 165 0 1
128 165 0 1
14 166 0 1
15 166 0 1
17 166 0 1
30 166 0 1
33 166 0 1
34 166 0 1
35 166 0 1
41 166 0 1
45 166 0 1
46 166 0 1
52 166 0 1
54 166 0 1
55 166 0 1
56 166 0 1
76 166 0 1
117 166 0 1
119 166 0 1
122 166 0 1
128 166 0 1
3 167 0 1
16 167 0 1
20 167 0 1
21 167 0 1
24 167 0 1
31 167 0 1
32 167 0 1
34 167 0 1
37 167 0 1
38 167 0 1
43 167 0 1
44 167 0 1
49 167 0 1
50 167 0 1
51 167 0 1
57 167 0 1
59 167 0 1
60 167 0 1
61 167 0 1
64 167 0 1
66 167 0 1
70 167 0 1
114 167 0 1
120 167 0 1
121 167 0 1
125 167 0 1
126 167 0 1
128 167 0 1
129 167 0 1
131 167 0 1
16 168 0 1
34 168 0 1
37 168 0 1
38 168 0 1
41 168 0 1
43 168 0 1
46 168 0 1
49 168 0 1
50 168 0 1
56 168 0 1
57 168 0 1
70 168 0 1
77 168 0 1
120 168 0 1
122 168 0 1
125 168 0 1
128 168 0 1
129 168 0 1
131 168 0 1
14 169 0 1
15 169 0 1
17 169 0 1
33 169 0 1
34 169 0 1
35 169 0 1
41 169 0 1
46 169 0 1
52 169 0 1
54 169 0 1
55 169 0 1
56 169 0 1
71 169 0 1
76 169 0 1
119 169 0 1
122 169 0 1
128 169 0 1
14 170 0 1
33 170 0 1
35 170 0 1
41 170 0 1
45 170 0 1
46 170 0 1
52 170 0 1
54 170 0 1
55 170 0 1
56 170 0 1
71 170 0 1
76 170 0 1
117 170 0 1
119 170 0 1
122 170 0 1
33 171 0 1
34 171 0 1
41 171 0 1
46 171 0 1
50 171 0 1
55 171 0 1
56 171 0 1
71 171 0 1
76 171 0 1
77 171 0 1
122 171 0 1
128 171 0 1
15 172 0 1
17 172 0 1
33 172 0 1
34 172 0 1
35 172 0 1
41 172 0 1
45 172 0 1
46 172 0 1
52 172 0 1
54 172 0 1
55 172 0 1
56 172 0 1
71 172 0 1
76 172 0 1
117 172 0 1
119 172 0 1
122 172 0 1
3 173 0 1
39 173 0 1
53 173 0 1
58 173 0 1
63 173 0 1
65 173 0 1
67 173 0 1
68 173 0 1
69 173 0 1
75 173 0 1
115 173 0 1
116 173 0 1
118 173 0 1
127 173 0 1
130 173 0 1
3 174 0 1
53 174 0 1
58 174 0 1
63 174 0 1
65 174 0 1
68 174 0 1
69 174 0 1
75 174 0 1
115 174 0 1
116 174 0 1
118 174 0 1
127 174 0 1
130 174 0 1
33 175 0 1
35 175 0 1
52 175 0 1
54 175 0 1
55 175 0 1
56 175 0 1
71 175 0 1
76 175 0 1
78 175 0 1
81 175 0 1
83 175 0 1
85 175 0 1
99 175 0 1
117 175 0 1
119 175 0 1
122 175 0 1
33 176 0 1
35 176 0 1
52 176 0 1
54 176 0 1
55 176 0 1
56 176 0 1
71 176 0 1
76 176 0 1
78 176 0 1
81 176 0 1
82 176 0 1
83 176 0 1
85 176 0 1
99 176 0 1
117 176 0 1
119 176 0 1
122 176 0 1
55 177 0 1
56 177 0 1
71 177 0 1
76 177 0 1
77 177 0 1
81 177 0 1
82 177 0 1
85 177 0 1
122 177 0 1
128 177 0 1
37 178 0 1
57 178 0 1
59 178 0 1
60 178 0 1
61 178 0 1
64 178 0 1
70 178 0 1
71 178 0 1
77 178 0 1
85 178 0 1
114 178 0 1
120 178 0 1
125 178 0 1
128 178 0 1
129 178 0 1
131 178 0 1
3 179 0 1
57 179 0 1
59 179 0 1
60 179 0 1
61 179 0 1
62 179 0 1
64 179 0 1
66 179 0 1
70 179 0 1
73 179 0 1
74 179 0 1
77 179 0 1
80 179 0 1
84 179 0 1
114 179 0 1
120 179 0 1
121 179 0 1
125 179 0 1
128 179 0 1
129 179 0 1
131 179 0 1
3 180 0 1
36 180 0 1
53 180 0 1
58 180 0 1
60 180 0 1
61 180 0 1
62 180 0 1
63 180 0 1
65 180 0 1
66 180 0 1
67 180 0 1
68 180 0 1
69 180 0 1
72 180 0 1
73 180 0 1
74 180 0 1
75 180 0 1
79 180 0 1
80 180 0 1
84 180 0 1
98 180 0 1
114 180 0 1
115 180 0 1
116 180 0 1
118 180 0 1
123 180 0 1
124 180 0 1
127 180 0 1
130 180 0 1
56 181 0 1
71 181 0 1
76 181 0 1
77 181 0 1
81 181 0 1
82 181 0 1
85 181 0 1
99 181 0 1
103 181 0 1
128 181 0 1
3 182 0 1
37 182 0 1
38 182 0 1
49 182 0 1
51 182 0 1
57 182 0 1
59 182 0 1
60 182 0 1
61 182 0 1
64 182 0 1
66 182 0 1
70 182 0 1
74 182 0 1
77 182 0 1
114 182 0 1
120 182 0 1
121 182 0 1
125 182 0 1
126 182 0 1
128 182 0 1
129 182 0 1
131 182 0 1
3 183 0 1
34 183 0 1
37 183 0 1
38 183 0 1
49 183 0 1
50 183 0 1
51 183 0 1
57 183 0 1
59 183 0 1
60 183 0 1
61 183 0 1
64 183 0 1
66 183 0 1
70 183 0 1
77 183 0 1
114 183 0 1
120 183 0 1
121 183 0 1
125 183 0 1
126 183 0 1
128 183 0 1
129 183 0 1
131 183 0 1
33 184 0 1
35 184 0 1
45 184 0 1
46 184 0 1
52 184 0 1
54 184 0 1
55 184 0 1
56 184 0 1
71 184 0 1
76 184 0 1
78 184 0 1
117 184 0 1
119 184 0 1
122 184 0 1
34 185 0 1
46 185 0 1
56 185 0 1
71 185 0 1
76 185 0 1
77 185 0 1
85 185 0 1
122 185 0 1
128 185 0 1
33 186 0 1
34 186 0 1
46 186 0 1
52 186 0 1
54 186 0 1
55 186 0 1
56 186 0 1
71 186 0 1
76 186 0 1
77 186 0 1
85 186 0 1
117 186 0 1
119 186 0 1
122 186 0 1
128 186 0 1
33 187 0 1
35 187 0 1
45 187 0 1
46 187 0 1
52 187 0 1
54 187 0 1
55 187 0 1
56 187 0 1
71 187 0 1
76 187 0 1
78 187 0 1
81 187 0 1
117 187 0 1
119 187 0 1
122 187 0 1
3 188 0 1
37 188 0 1
38 188 0 1
51 188 0 1
57 188 0 1
59 188 0 1
60 188 0 1
61 188 0 1
62 188 0 1
64 188 0 1
65 188 0 1
66 188 0 1
67 188 0 1
70 188 0 1
72 188 0 1
73 188 0 1
74 188 0 1
75 188 0 1
79 188 0 1
80 188 0 1
84 188 0 1
114 188 0 1
120 188 0 1
121 188 0 1
125 188 0 1
126 188 0 1
129 188 0 1
131 188 0 1
33 189 0 1
35 189 0 1
46 189 0 1
52 189 0 1
54 189 0 1
55 189 0 1
56 189 0 1
71 189 0 1
76 189 0 1
78 189 0 1
81 189 0 1
82 189 0 1
85 189 0 1
117 189 0 1
119 189 0 1
122 189 0 1
3 190 0 1
37 190 0 1
38 190 0 1
57 190 0 1
59 190 0 1
60 190 0 1
61 190 0 1
64 190 0 1
66 190 0 1
70 190 0 1
77 190 0 1
114 190 0 1
120 190 0 1
121 190 0 1
125 190 0 1
128 190 0 1
129 190 0 1
131 190 0 1
34 191 0 1
56 191 0 1
71 191 0 1
76 191 0 1
77 191 0 1
81 191 0 1
82 191 0 1
85 191 0 1
122 191 0 1
128 191 0 1
3 192 0 1
16 192 0 1
20 192 0 1
21 192 0 1
24 192 0 1
31 192 0 1
32 192 0 1
34 192 0 1
37 192 0 1
38 192 0 1
43 192 0 1
44 192 0 1
49 192 0 1
50 192 0 1
51 192 0 1
57 192 0 1
59 192 0 1
60 192 0 1
64 192 0 1
70 192 0 1
120 192 0 1
121 192 0 1
125 192 0 1
126 192 0 1
128 192 0 1
129 192 0 1
131 192 0 1
4 193 0 1
5 193 0 1
8 193 0 1
9 193 0 1
14 193 0 1
15 193 0 1
17 193 0 1
23 193 0 1
29 193 0 1
30 193 0 1
33 193 0 1
34 193 0 1
35 193 0 1
41 193 0 1
45 193 0 1
46 193 0 1
52 193 0 1
54 193 0 1
55 193 0 1
56 193 0 1
119 193 0 1
122 193 0 1
14 194 0 1
15 194 0 1
17 194 0 1
29 194 0 1
30 194 0 1
33 194 0 1
35 194 0 1
41 194 0 1
45 194 0 1
46 194 0 1
52 194 0 1
54 194 0 1
55 194 0 1
56 194 0 1
76 194 0 1
117 194 0 1
119 194 0 1
122 194 0 1
14 195 0 1
15 195 0 1
16 195 0 1
17 195 0 1
31 195 0 1
33 195 0 1
34 195 0 1
37 195 0 1
41 195 0 1
46 195 0 1
49 195 0 1
50 195 0 1
55 195 0 1
56 195 0 1
77 195 0 1
119 195 0 1
120 195 0 1
122 195 0 1
125 195 0 1
128 195 0 1
129 195 0 1
2 196 0 1
75 196 0 1
86 196 0 1
88 196 0 1
97 196 0 1
98 196 0 1
101 196 0 1
108 196 0 1
109 196 0 1
110 196 0 1
113 196 0 1
115 196 0 1
116 196 0 1
118 196 0 1
2 197 0 1
62 197 0 1
63 197 0 1
65 197 0 1
67 197 0 1
68 197 0 1
69 197 0 1
72 197 0 1
73 197 0 1
74 197 0 1
75 197 0 1
79 197 0 1
84 197 0 1
86 197 0 1
88 197 0 1
97 197 0 1
98 197 0 1
101 197 0 1
113 197 0 1
115 197 0 1
116 197 0 1
118 197 0 1
71 198 0 1
77 198 0 1
81 198 0 1
82 198 0 1
85 198 0 1
87 198 0 1
89 198 0 1
90 198 0 1
92 198 0 1
93 198 0 1
95 198 0 1
99 198 0 1
103 198 0 1
104 198 0 1
71 199 0 1
77 199 0 1
82 199 0 1
85 199 0 1
89 199 0 1
90 199 0 1
92 199 0 1
93 199 0 1
95 199 0 1
103 199 0 1
104 199 0 1
61 200 0 1
62 200 0 1
64 200 0 1
66 200 0 1
67 200 0 1
70 200 0 1
72 200 0 1
73 200 0 1
74 200 0 1
75 200 0 1
77 200 0 1
79 200 0 1
80 200 0 1
84 200 0 1
91 200 0 1
93 200 0 1
94 200 0 1
96 200 0 1
98 200 0 1
101 200 0 1
102 200 0 1
114 200 0 1
2 201 0 1
62 201 0 1
65 201 0 1
67 201 0 1
68 201 0 1
69 201 0 1
72 201 0 1
73 201 0 1
74 201 0 1
75 201 0 1
79 201 0 1
80 201 0 1
84 201 0 1
86 201 0 1
88 201 0 1
94 201 0 1
96 201 0 1
97 201 0 1
98 201 0 1
101 201 0 1
113 201 0 1
115 201 0 1
116 201 0 1
118 201 0 1
2 202 0 1
62 202 0 1
65 202 0 1
66 202 0 1
67 202 0 1
72 202 0 1
73 202 0 1
74 202 0 1
75 202 0 1
79 202 0 1
80 202 0 1
84 202 0 1
86 202 0 1
88 202 0 1
94 202 0 1
96 202 0 1
97 202 0 1
98 202 0 1
101 202 0 1
102 202 0 1
113 202 0 1
115 202 0 1
116 202 0 1
118 202 0 1
70 203 0 1
77 203 0 1
80 203 0 1
82 203 0 1
85 203 0 1
89 203 0 1
90 203 0 1
91 203 0 1
92 203 0 1
93 203 0 1
94 203 0 1
95 203 0 1
102 203 0 1
103 203 0 1
112 203 0 1
114 203 0 1
71 204 0 1
77 204 0 1
81 204 0 1
82 204 0 1
85 204 0 1
87 204 0 1
89 204 0 1
90 204 0 1
92 204 0 1
93 204 0 1
95 204 0 1
99 204 0 1
103 204 0 1
104 204 0 1
112 204 0 1
76 205 0 1
78 205 0 1
81 205 0 1
83 205 0 1
87 205 0 1
99 205 0 1
100 205 0 1
104 205 0 1
117 205 0 1
76 206 0 1
78 206 0 1
81 206 0 1
82 206 0 1
83 206 0 1
87 206 0 1
99 206 0 1
100 206 0 1
103 206 0 1
104 206 0 1
71 207 0 1
76 207 0 1
78 207 0 1
81 207 0 1
82 207 0 1
83 207 0 1
85 207 0 1
87 207 0 1
89 207 0 1
92 207 0 1
95 207 0 1
99 207 0 1
100 207 0 1
103 207 0 1
104 207 0 1
2 208 0 1
72 208 0 1
73 208 0 1
75 208 0 1
79 208 0 1
80 208 0 1
84 208 0 1
86 208 0 1
91 208 0 1
94 208 0 1
96 208 0 1
97 208 0 1
98 208 0 1
101 208 0 1
102 208 0 1
105 208 0 1
108 208 0 1
110 208 0 1
111 208 0 1
113 208 0 1
72 209 0 1
73 209 0 1
74 209 0 1
79 209 0 1
80 209 0 1
84 209 0 1
86 209 0 1
91 209 0 1
93 209 0 1
94 209 0 1
96 209 0 1
97 209 0 1
98 209 0 1
101 209 0 1
102 209 0 1
108 209 0 1
111 209 0 1
113 209 0 1
79 210 0 1
80 210 0 1
89 210 0 1
90 210 0 1
91 210 0 1
92 210 0 1
93 210 0 1
94 210 0 1
95 210 0 1
96 210 0 1
102 210 0 1
112 210 0 1
71 211 0 1
77 211 0 1
81 211 0 1
82 211 0 1
83 211 0 1
85 211 0 1
87 211 0 1
89 211 0 1
90 211 0 1
92 211 0 1
93 211 0 1
95 211 0 1
99 211 0 1
100 211 0 1
103 211 0 1
104 211 0 1
112 211 0 1
76 212 0 1
78 212 0 1
81 212 0 1
83 212 0 1
87 212 0 1
99 212 0 1
100 212 0 1
104 212 0 1
117 212 0 1
2 213 0 1
3 213 0 1
53 213 0 1
62 213 0 1
63 213 0 1
65 213 0 1
67 213 0 1
68 213 0 1
69 213 0 1
72 213 0 1
73 213 0 1
75 213 0 1
79 213 0 1
84 213 0 1
86 213 0 1
88 213 0 1
97 213 0 1
98 213 0 1
101 213 0 1
108 213 0 1
109 213 0 1
110 213 0 1
113 213 0 1
115 213 0 1
116 213 0 1
118 213 0 1
61 214 0 1
70 214 0 1
72 214 0 1
73 214 0 1
74 214 0 1
77 214 0 1
79 214 0 1
80 214 0 1
84 214 0 1
90 214 0 1
91 214 0 1
92 214 0 1
93 214 0 1
94 214 0 1
96 214 0 1
98 214 0 1
101 214 0 1
102 214 0 1
112 214 0 1
114 214 0 1
72 215 0 1
73 215 0 1
74 215 0 1
75 215 0 1
79 215 0 1
80 215 0 1
84 215 0 1
91 215 0 1
93 215 0 1
94 215 0 1
96 215 0 1
98 215 0 1
101 215 0 1
102 215 0 1
111 215 0 1
77 216 0 1
79 216 0 1
80 216 0 1
89 216 0 1
90 216 0 1
91 216 0 1
92 216 0 1
93 216 0 1
94 216 0 1
95 216 0 1
96 216 0 1
102 216 0 1
112 216 0 1
71 217 0 1
76 217 0 1
78 217 0 1
81 217 0 1
82 217 0 1
83 217 0 1
85 217 0 1
87 217 0 1
89 217 0 1
92 217 0 1
95 217 0 1
99 217 0 1
100 217 0 1
103 217 0 1
104 217 0 1
76 218 0 1
78 218 0 1
81 218 0 1
82 218 0 1
83 218 0 1
87 218 0 1
99 218 0 1
100 218 0 1
103 218 0 1
104 218 0 1
117 218 0 1
71 219 0 1
77 219 0 1
82 219 0 1
85 219 0 1
89 219 0 1
90 219 0 1
92 219 0 1
93 219 0 1
95 219 0 1
102 219 0 1
103 219 0 1
104 219 0 1
112 219 0 1
77 220 0 1
80 220 0 1
85 220 0 1
89 220 0 1
90 220 0 1
91 220 0 1
92 220 0 1
93 220 0 1
94 220 0 1
95 220 0 1
102 220 0 1
103 220 0 1
112 220 0 1
71 221 0 1
77 221 0 1
82 221 0 1
85 221 0 1
89 221 0 1
90 221 0 1
91 221 0 1
92 221 0 1
93 221 0 1
94 221 0 1
95 221 0 1
102 221 0 1
103 221 0 1
104 221 0 1
112 221 0 1
64 222 0 1
70 222 0 1
71 222 0 1
77 222 0 1
80 222 0 1
82 222 0 1
85 222 0 1
92 222 0 1
93 222 0 1
102 222 0 1
103 222 0 1
114 222 0 1
71 223 0 1
76 223 0 1
77 223 0 1
78 223 0 1
81 223 0 1
82 223 0 1
83 223 0 1
85 223 0 1
87 223 0 1
92 223 0 1
95 223 0 1
99 223 0 1
100 223 0 1
103 223 0 1
104 223 0 1
117 223 0 1
71 224 0 1
76 224 0 1
77 224 0 1
81 224 0 1
82 224 0 1
85 224 0 1
87 224 0 1
92 224 0 1
95 224 0 1
99 224 0 1
103 224 0 1
104 224 0 1
2 225 0 1
3 225 0 1
61 225 0 1
62 225 0 1
63 225 0 1
65 225 0 1
66 225 0 1
67 225 0 1
68 225 0 1
69 225 0 1
72 225 0 1
73 225 0 1
74 225 0 1
75 225 0 1
79 225 0 1
80 225 0 1
84 225 0 1
86 225 0 1
94 225 0 1
96 225 0 1
97 225 0 1
98 225 0 1
101 225 0 1
102 225 0 1
114 225 0 1
115 225 0 1
116 225 0 1
118 225 0 1
52 226 0 1
54 226 0 1
55 226 0 1
56 226 0 1
71 226 0 1
76 226 0 1
77 226 0 1
78 226 0 1
81 226 0 1
82 226 0 1
83 226 0 1
85 226 0 1
99 226 0 1
100 226 0 1
103 226 0 1
104 226 0 1
117 226 0 1
122 226 0 1
3 227 0 1
53 227 0 1
58 227 0 1
61 227 0 1
62 227 0 1
63 227 0 1
65 227 0 1
66 227 0 1
67 227 0 1
68 227 0 1
69 227 0 1
72 227 0 1
73 227 0 1
74 227 0 1
75 227 0 1
79 227 0 1
80 227 0 1
84 227 0 1
86 227 0 1
98 227 0 1
101 227 0 1
115 227 0 1
116 227 0 1
118 227 0 1
127 227 0 1
130 227 0 1
56 228 0 1
71 228 0 1
76 228 0 1
77 228 0 1
78 228 0 1
81 228 0 1
82 228 0 1
83 228 0 1
85 228 0 1
99 228 0 1
103 228 0 1
104 228 0 1
117 228 0 1
3 229 0 1
57 229 0 1
59 229 0 1
60 229 0 1
61 229 0 1
62 229 0 1
64 229 0 1
65 229 0 1
66 229 0 1
67 229 0 1
70 229 0 1
72 229 0 1
73 229 0 1
74 229 0 1
75 229 0 1
77 229 0 1
79 229 0 1
80 229 0 1
84 229 0 1
91 229 0 1
94 229 0 1
98 229 0 1
101 229 0 1
102 229 0 1
114 229 0 1
118 229 0 1
129 229 0 1
131 229 0 1
3 230 0 1
57 230 0 1
59 230 0 1
60 230 0 1
61 230 0 1
62 230 0 1
64 230 0 1
65 230 0 1
66 230 0 1
67 230 0 1
70 230 0 1
72 230 0 1
73 230 0 1
74 230 0 1
75 230 0 1
79 230 0 1
80 230 0 1
84 230 0 1
94 230 0 1
98 230 0 1
101 230 0 1
102 230 0 1
114 230 0 1
118 230 0 1
129 230 0 1
131 230 0 1
3 231 0 1
57 231 0 1
59 231 0 1
60 231 0 1
61 231 0 1
62 231 0 1
64 231 0 1
66 231 0 1
67 231 0 1
70 231 0 1
72 231 0 1
73 231 0 1
74 231 0 1
75 231 0 1
77 231 0 1
79 231 0 1
80 231 0 1
84 231 0 1
91 231 0 1
92 231 0 1
93 231 0 1
94 231 0 1
102 231 0 1
114 231 0 1
120 231 0 1
121 231 0 1
125 231 0 1
128 231 0 1
129 231 0 1
131 231 0 1
57 232 0 1
59 232 0 1
60 232 0 1
61 232 0 1
64 232 0 1
66 232 0 1
70 232 0 1
74 232 0 1
77 232 0 1
80 232 0 1
85 232 0 1
114 232 0 1
128 232 0 1
129 232 0 1
131 232 0 1
52 233 0 1
54 233 0 1
55 233 0 1
56 233 0 1
71 233 0 1
76 233 0 1
78 233 0 1
81 233 0 1
82 233 0 1
83 233 0 1
85 233 0 1
99 233 0 1
100 233 0 1
104 233 0 1
117 233 0 1
3 234 0 1
53 234 0 1
58 234 0 1
61 234 0 1
62 234 0 1
63 234 0 1
64 234 0 1
65 234 0 1
66 234 0 1
67 234 0 1
68 234 0 1
69 234 0 1
72 234 0 1
73 234 0 1
74 234 0 1
75 234 0 1
79 234 0 1
80 234 0 1
84 234 0 1
86 234 0 1
94 234 0 1
98 234 0 1
101 234 0 1
114 234 0 1
115 234 0 1
116 234 0 1
118 234 0 1
52 235 0 1
54 235 0 1
55 235 0 1
56 235 0 1
71 235 0 1
76 235 0 1
78 235 0 1
81 235 0 1
82 235 0 1
83 235 0 1
85 235 0 1
87 235 0 1
99 235 0 1
100 235 0 1
103 235 0 1
104 235 0 1
117 235 0 1
52 236 0 1
55 236 0 1
56 236 0 1
71 236 0 1
76 236 0 1
78 236 0 1
81 236 0 1
82 236 0 1
83 236 0 1
85 236 0 1
87 236 0 1
99 236 0 1
100 236 0 1
103 236 0 1
104 236 0 1
117 236 0 1
70 237 0 1
71 237 0 1
77 237 0 1
82 237 0 1
85 237 0 1
92 237 0 1
103 237 0 1
114 237 0 1
71 238 0 1
76 238 0 1
77 238 0 1
78 238 0 1
81 238 0 1
82 238 0 1
83 238 0 1
85 238 0 1
87 238 0 1
99 238 0 1
100 238 0 1
103 238 0 1
104 238 0 1
117 238 0 1
2 239 0 1
86 239 0 1
88 239 0 1
94 239 0 1
96 239 0 1
97 239 0 1
98 239 0 1
101 239 0 1
105 239 0 1
106 239 0 1
107 239 0 1
108 239 0 1
109 239 0 1
110 239 0 1
111 239 0 1
113 239 0 1
2 240 0 1
79 240 0 1
80 240 0 1
86 240 0 1
91 240 0 1
94 240 0 1
96 240 0 1
97 240 0 1
98 240 0 1
101 240 0 1
102 240 0 1
105 240 0 1
106 240 0 1
107 240 0 1
108 240 0 1
110 240 0 1
111 240 0 1
113 240 0 1
82 241 0 1
85 241 0 1
87 241 0 1
89 241 0 1
90 241 0 1
92 241 0 1
93 241 0 1
95 241 0 1
99 241 0 1
103 241 0 1
104 241 0 1
112 241 0 1
78 242 0 1
81 242 0 1
82 242 0 1
83 242 0 1
87 242 0 1
89 242 0 1
92 242 0 1
95 242 0 1
99 242 0 1
100 242 0 1
103 242 0 1
104 242 0 1
89 243 0 1
90 243 0 1
91 243 0 1
92 243 0 1
93 243 0 1
94 243 0 1
96 243 0 1
101 243 0 1
102 243 0 1
111 243 0 1
112 243 0 1
89 244 0 1
90 244 0 1
91 244 0 1
92 244 0 1
93 244 0 1
95 244 0 1
103 244 0 1
112 244 0 1
78 245 0 1
81 245 0 1
82 245 0 1
83 245 0 1
87 245 0 1
89 245 0 1
95 245 0 1
99 245 0 1
100 245 0 1
103 245 0 1
104 245 0 1
78 246 0 1
83 246 0 1
87 246 0 1
99 246 0 1
100 246 0 1
103 246 0 1
104 246 0 1
90 247 0 1
91 247 0 1
93 247 0 1
94 247 0 1
96 247 0 1
98 247 0 1
101 247 0 1
102 247 0 1
105 247 0 1
107 247 0 1
108 247 0 1
111 247 0 1
112 247 0 1
82 248 0 1
87 248 0 1
89 248 0 1
90 248 0 1
92 248 0 1
95 248 0 1
99 248 0 1
100 248 0 1
103 248 0 1
104 248 0 1
112 248 0 1
89 249 0 1
90 249 0 1
91 249 0 1
92 249 0 1
93 249 0 1
94 249 0 1
95 249 0 1
96 249 0 1
102 249 0 1
112 249 0 1
2 250 0 1
79 250 0 1
80 250 0 1
86 250 0 1
91 250 0 1
93 250 0 1
94 250 0 1
96 250 0 1
97 250 0 1
98 250 0 1
101 250 0 1
102 250 0 1
105 250 0 1
106 250 0 1
107 250 0 1
108 250 0 1
110 250 0 1
111 250 0 1
112 250 0 1
113 250 0 1
2 253 0 1
91 253 0 1
94 253 0 1
96 253 0 1
97 253 0 1
101 253 0 1
105 253 0 1
106 253 0 1
107 253 0 1
108 253 0 1
109 253 0 1
110 253 0 1
111 253 0 1
113 253 0 1
2 254 0 1
94 254 0 1
96 254 0 1
97 254 0 1
105 254 0 1
106 254 0 1
107 254 0 1
108 254 0 1
110 254 0 1
111 254 0 1
113 254 0 1
87 255 0 1
89 255 0 1
90 255 0 1
95 255 0 1
89 256 0 1
90 256 0 1
91 256 0 1
92 256 0 1
93 256 0 1
94 256 0 1
96 256 0 1
102 256 0 1
111 256 0 1
112 256 0 1
89 257 0 1
90 257 0 1
92 257 0 1
93 257 0 1
95 257 0 1
103 257 0 1
112 257 0 1
82 258 0 1
87 258 0 1
89 258 0 1
90 258 0 1
92 258 0 1
93 258 0 1
95 258 0 1
103 258 0 1
104 258 0 1
112 258 0 1
82 259 0 1
83 259 0 1
87 259 0 1
89 259 0 1
90 259 0 1
92 259 0 1
95 259 0 1
99 259 0 1
100 259 0 1
103 259 0 1
104 259 0 1
87 260 0 1
99 260 0 1
100 260 0 1
104 260 0 1
2 261 0 1
86 261 0 1
88 261 0 1
91 261 0 1
94 261 0 1
96 261 0 1
97 261 0 1
98 261 0 1
101 261 0 1
105 261 0 1
106 261 0 1
107 261 0 1
108 261 0 1
109 261 0 1
110 261 0 1
111 261 0 1
113 261 0 1
2 262 0 1
86 262 0 1
94 262 0 1
96 262 0 1
97 262 0 1
98 262 0 1
101 262 0 1
105 262 0 1
106 262 0 1
107 262 0 1
108 262 0 1
109 262 0 1
110 262 0 1
111 262 0 1
113 262 0 1
87 263 0 1
87 264 0 1
89 264 0 1
90 264 0 1
92 264 0 1
95 264 0 1
103 264 0 1
104 264 0 1
2 265 0 1
72 265 0 1
79 265 0 1
84 265 0 1
86 265 0 1
88 265 0 1
91 265 0 1
94 265 0 1
96 265 0 1
97 265 0 1
98 265 0 1
101 265 0 1
105 265 0 1
106 265 0 1
107 265 0 1
108 265 0 1
109 265 0 1
110 265 0 1
111 265 0 1
113 265 0 1
76 266 0 1
78 266 0 1
81 266 0 1
82 266 0 1
83 266 0 1
85 266 0 1
87 266 0 1
95 266 0 1
99 266 0 1
100 266 0 1
103 266 0 1
104 266 0 1
71 267 0 1
78 267 0 1
81 267 0 1
82 267 0 1
83 267 0 1
85 267 0 1
87 267 0 1
89 267 0 1
90 267 0 1
92 267 0 1
93 267 0 1
95 267 0 1
99 267 0 1
100 267 0 1
103 267 0 1
104 267 0 1
112 267 0 1
79 268 0 1
80 268 0 1
89 268 0 1
90 268 0 1
91 268 0 1
92 268 0 1
93 268 0 1
94 268 0 1
95 268 0 1
96 268 0 1
101 268 0 1
102 268 0 1
112 268 0 1
82 269 0 1
85 269 0 1
87 269 0 1
89 269 0 1
90 269 0 1
92 269 0 1
93 269 0 1
95 269 0 1
103 269 0 1
104 269 0 1
112 269 0 1
71 270 0 1
78 270 0 1
81 270 0 1
82 270 0 1
83 270 0 1
85 270 0 1
87 270 0 1
89 270 0 1
90 270 0 1
92 270 0 1
95 270 0 1
99 270 0 1
100 270 0 1
103 270 0 1
104 270 0 1
78 271 0 1
81 271 0 1
82 271 0 1
83 271 0 1
85 271 0 1
87 271 0 1
89 271 0 1
92 271 0 1
95 271 0 1
99 271 0 1
100 271 0 1
103 271 0 1
104 271 0 1
78 272 0 1
81 272 0 1
83 272 0 1
87 272 0 1
99 272 0 1
100 272 0 1
104 272 0 1
2 273 0 1
79 273 0 1
80 273 0 1
90 273 0 1
91 273 0 1
93 273 0 1
94 273 0 1
96 273 0 1
97 273 0 1
98 273 0 1
101 273 0 1
102 273 0 1
105 273 0 1
107 273 0 1
108 273 0 1
111 273 0 1
112 273 0 1
113 273 0 1
79 274 0 1
80 274 0 1
90 274 0 1
91 274 0 1
93 274 0 1
94 274 0 1
96 274 0 1
98 274 0 1
101 274 0 1
102 274 0 1
111 274 0 1
112 274 0 1
82 275 0 1
89 275 0 1
90 275 0 1
91 275 0 1
92 275 0 1
93 275 0 1
95 275 0 1
102 275 0 1
103 275 0 1
112 275 0 1
82 276 0 1
85 276 0 1
87 276 0 1
89 276 0 1
90 276 0 1
92 276 0 1
93 276 0 1
95 276 0 1
99 276 0 1
103 276 0 1
104 276 0 1
112 276 0 1
78 277 0 1
81 277 0 1
82 277 0 1
83 277 0 1
87 277 0 1
89 277 0 1
95 277 0 1
99 277 0 1
100 277 0 1
103 277 0 1
104 277 0 1
80 278 0 1
89 278 0 1
90 278 0 1
91 278 0 1
92 278 0 1
93 278 0 1
94 278 0 1
95 278 0 1
96 278 0 1
102 278 0 1
112 278 0 1
