1 2 0 0
2 3 0 0
2 4 0 0
3 4 0 0
2 5 0 0
4 5 0 0
2 6 0 0
3 6 0 0
4 6 0 0
2 7 0 0
4 7 0 0
5 7 0 0
2 8 0 0
4 8 0 0
5 8 0 0
6 8 0 0
7 8 0 0
2 9 0 0
4 9 0 0
5 9 0 0
7 9 0 0
8 9 0 0
2 10 0 0
3 10 0 0
4 10 0 0
5 10 0 0
6 10 0 0
7 10 0 0
8 10 0 0
9 10 0 0
2 11 0 0
3 11 0 0
4 11 0 0
5 11 0 0
6 11 0 0
7 11 0 0
8 11 0 0
9 11 0 0
10 11 0 0
2 12 0 0
4 12 0 0
5 12 0 0
7 12 0 0
8 12 0 0
9 12 0 0
10 12 0 0
11 12 0 0
2 13 0 0
3 13 0 0
4 13 0 0
6 13 0 0
11 13 0 0
2 14 0 0
3 14 0 0
4 14 0 0
6 14 0 0
10 14 0 0
11 14 0 0
13 14 0 0
2 15 0 0
3 15 0 0
4 15 0 0
5 15 0 0
6 15 0 0
7 15 0 0
8 15 0 0
9 15 0 0
10 15 0 0
11 15 0 0
12 15 0 0
14 15 0 0
2 16 0 0
3 16 0 0
4 16 0 0
5 16 0 0
6 16 0 0
7 16 0 0
8 16 0 0
9 16 0 0
10 16 0 0
11 16 0 0
12 16 0 0
13 16 0 0
14 16 0 0
15 16 0 0
2 17 0 0
3 17 0 0
4 17 0 0
6 17 0 0
10 17 0 0
11 17 0 0
13 17 0 0
14 17 0 0
15 17 0 0
16 17 0 0
2 18 0 0
3 18 0 0
4 18 0 0
5 18 0 0
6 18 0 0
7 18 0 0
8 18 0 0
9 18 0 0
10 18 0 0
11 18 0 0
12 18 0 0
13 18 0 0
14 18 0 0
15 18 0 0
16 18 0 0
17 18 0 0
2 19 0 0
4 19 0 0
5 19 0 0
6 19 0 0
7 19 0 0
8 19 0 0
9 19 0 0
10 19 0 0
11 19 0 0
12 19 0 0
15 19 0 0
16 19 0 0
18 19 0 0
1 20 0 0
2 20 0 0
5 20 0 0
7 20 0 0
8 20 0 0
9 20 0 0
12 20 0 0
19 20 0 0
20 21 0 0
21 22 0 0
1 23 0 0
2 23 0 0
5 23 0 0
7 23 0 0
8 23 0 0
9 23 0 0
10 23 0 0
11 23 0 0
12 23 0 0
15 23 0 0
16 23 0 0
18 23 0 0
19 23 0 0
20 23 0 0
2 24 0 0
3 24 0 0
4 24 0 0
6 24 0 0
10 24 0 0
11 24 0 0
13 24 0 0
14 24 0 0
15 24 0 0
16 24 0 0
17 24 0 0
18 24 0 0
1 25 0 0
2 25 0 0
5 25 0 0
7 25 0 0
8 25 0 0
9 25 0 0
10 25 0 0
12 25 0 0
15 25 0 0
16 25 0 0
18 25 0 0
19 25 0 0
20 25 0 0
23 25 0 0
1 26 0 0
2 26 0 0
5 26 0 0
7 26 0 0
8 26 0 0
9 26 0 0
12 26 0 0
15 26 0 0
18 26 0 0
19 26 0 0
20 26 0 0
23 26 0 0
25 26 0 0
21 27 0 0
22 27 0 0
2 28 0 0
13 28 0 0
17 28 0 0
24 28 0 0
1 29 0 0
2 29 0 0
19 29 0 0
20 29 0 0
23 29 0 0
25 29 0 0
26 29 0 0
1 30 0 0
20 30 0 0
21 30 0 0
22 30 0 0
27 30 0 0
1 31 0 0
2 31 0 0
20 31 0 0
21 31 0 0
22 31 0 0
23 31 0 0
25 31 0 0
26 31 0 0
27 31 0 0
29 31 0 0
30 31 0 0
2 32 0 0
13 32 0 0
14 32 0 0
17 32 0 0
24 32 0 0
28 32 0 0
1 33 0 0
2 33 0 0
7 33 0 0
19 33 0 0
20 33 0 0
23 33 0 0
25 33 0 0
26 33 0 0
29 33 0 0
30 33 0 0
31 33 0 0
21 34 0 0
22 34 0 0
27 34 0 0
30 34 0 0
21 35 0 0
22 35 0 0
27 35 0 0
30 35 0 0
31 35 0 0
34 35 0 0
1 36 0 0
20 36 0 0
21 36 0 0
22 36 0 0
26 36 0 0
27 36 0 0
30 36 0 0
31 36 0 0
33 36 0 0
34 36 0 0
35 36 0 0
1 37 0 0
2 37 0 0
7 37 0 0
8 37 0 0
19 37 0 0
20 37 0 0
21 37 0 0
23 37 0 0
25 37 0 0
26 37 0 0
29 37 0 0
30 37 0 0
31 37 0 0
33 37 0 0
36 37 0 0
2 38 0 0
6 38 0 0
13 38 0 0
14 38 0 0
17 38 0 0
24 38 0 0
28 38 0 0
32 38 0 0
1 39 0 0
2 39 0 0
5 39 0 0
7 39 0 0
8 39 0 0
19 39 0 0
20 39 0 0
21 39 0 0
22 39 0 0
23 39 0 0
25 39 0 0
26 39 0 0
27 39 0 0
29 39 0 0
30 39 0 0
31 39 0 0
33 39 0 0
35 39 0 0
36 39 0 0
37 39 0 0
1 40 0 0
20 40 0 0
21 40 0 0
22 40 0 0
27 40 0 0
30 40 0 0
31 40 0 0
34 40 0 0
35 40 0 0
36 40 0 0
37 40 0 0
39 40 0 0
1 41 0 0
2 41 0 0
5 41 0 0
7 41 0 0
8 41 0 0
19 41 0 0
20 41 0 0
23 41 0 0
25 41 0 0
26 41 0 0
29 41 0 0
30 41 0 0
31 41 0 0
33 41 0 0
36 41 0 0
37 41 0 0
39 41 0 0
40 41 0 0
1 42 0 0
2 42 0 0
20 42 0 0
21 42 0 0
22 42 0 0
23 42 0 0
25 42 0 0
26 42 0 0
27 42 0 0
29 42 0 0
30 42 0 0
31 42 0 0
33 42 0 0
35 42 0 0
36 42 0 0
37 42 0 0
39 42 0 0
40 42 0 0
41 42 0 0
2 43 0 0
13 43 0 0
14 43 0 0
16 43 0 0
17 43 0 0
18 43 0 0
24 43 0 0
28 43 0 0
32 43 0 0
38 43 0 0
1 44 0 0
2 44 0 0
20 44 0 0
21 44 0 0
22 44 0 0
23 44 0 0
25 44 0 0
26 44 0 0
27 44 0 0
29 44 0 0
30 44 0 0
31 44 0 0
33 44 0 0
35 44 0 0
36 44 0 0
37 44 0 0
39 44 0 0
40 44 0 0
41 44 0 0
42 44 0 0
1 45 0 0
2 45 0 0
20 45 0 0
21 45 0 0
22 45 0 0
25 45 0 0
26 45 0 0
27 45 0 0
30 45 0 0
31 45 0 0
33 45 0 0
35 45 0 0
36 45 0 0
37 45 0 0
39 45 0 0
40 45 0 0
41 45 0 0
42 45 0 0
44 45 0 0
34 46 0 0
2 47 0 0
24 47 0 0
28 47 0 0
32 47 0 0
38 47 0 0
43 47 0 0
1 48 0 0
2 48 0 0
20 48 0 0
26 48 0 0
27 48 0 0
29 48 0 0
30 48 0 0
31 48 0 0
33 48 0 0
35 48 0 0
36 48 0 0
37 48 0 0
39 48 0 0
40 48 0 0
41 48 0 0
42 48 0 0
44 48 0 0
45 48 0 0
2 49 0 0
24 49 0 0
28 49 0 0
32 49 0 0
38 49 0 0
43 49 0 0
47 49 0 0
46 50 0 0
2 51 0 0
28 51 0 0
47 51 0 0
49 51 0 0
1 52 0 0
2 52 0 0
29 52 0 0
48 52 0 0
2 53 0 0
49 53 0 0
51 53 0 0
52 53 0 0
2 54 0 0
28 54 0 0
32 54 0 0
38 54 0 0
43 54 0 0
47 54 0 0
49 54 0 0
51 54 0 0
53 54 0 0
1 55 0 0
2 55 0 0
29 55 0 0
31 55 0 0
33 55 0 0
41 55 0 0
48 55 0 0
52 55 0 0
1 56 0 0
2 56 0 0
29 56 0 0
49 56 0 0
51 56 0 0
52 56 0 0
53 56 0 0
54 56 0 0
55 56 0 0
50 57 0 0
1 58 0 0
2 58 0 0
55 58 0 0
57 58 0 0
50 59 0 0
57 59 0 0
58 59 0 0
60 61 0 0
60 62 0 0
61 62 0 0
59 63 0 0
60 63 0 0
61 63 0 0
62 63 0 0
59 64 0 0
60 64 0 0
61 64 0 0
62 64 0 0
63 64 0 0
50 65 0 0
57 65 0 0
59 65 0 0
63 65 0 0
64 65 0 0
2 66 0 0
52 66 0 0
53 66 0 0
55 66 0 0
56 66 0 0
2 67 0 0
52 67 0 0
53 67 0 0
56 67 0 0
66 67 0 0
2 68 0 0
51 68 0 0
52 68 0 0
53 68 0 0
54 68 0 0
56 68 0 0
66 68 0 0
67 68 0 0
50 69 0 0
57 69 0 0
59 69 0 0
63 69 0 0
64 69 0 0
65 69 0 0
50 70 0 0
57 70 0 0
59 70 0 0
60 70 0 0
62 70 0 0
63 70 0 0
64 70 0 0
65 70 0 0
69 70 0 0
2 71 0 0
51 71 0 0
52 71 0 0
53 71 0 0
54 71 0 0
56 71 0 0
66 71 0 0
67 71 0 0
68 71 0 0
1 72 0 0
2 72 0 0
48 72 0 0
52 72 0 0
55 72 0 0
58 72 0 0
66 72 0 0
1 73 0 0
2 73 0 0
52 73 0 0
55 73 0 0
56 73 0 0
66 73 0 0
67 73 0 0
71 73 0 0
72 73 0 0
2 74 0 0
47 74 0 0
49 74 0 0
51 74 0 0
53 74 0 0
54 74 0 0
56 74 0 0
67 74 0 0
68 74 0 0
71 74 0 0
1 75 0 0
2 75 0 0
51 75 0 0
52 75 0 0
53 75 0 0
54 75 0 0
55 75 0 0
56 75 0 0
66 75 0 0
67 75 0 0
68 75 0 0
71 75 0 0
73 75 0 0
74 75 0 0
2 76 0 0
28 76 0 0
32 76 0 0
38 76 0 0
47 76 0 0
49 76 0 0
51 76 0 0
53 76 0 0
54 76 0 0
68 76 0 0
71 76 0 0
74 76 0 0
1 77 0 0
2 77 0 0
49 77 0 0
51 77 0 0
52 77 0 0
53 77 0 0
54 77 0 0
56 77 0 0
66 77 0 0
67 77 0 0
68 77 0 0
71 77 0 0
73 77 0 0
74 77 0 0
75 77 0 0
76 77 0 0
1 78 0 0
2 78 0 0
48 78 0 0
55 78 0 0
57 78 0 0
58 78 0 0
72 78 0 0
73 78 0 0
1 79 0 0
2 79 0 0
48 79 0 0
52 79 0 0
55 79 0 0
58 79 0 0
66 79 0 0
72 79 0 0
73 79 0 0
78 79 0 0
1 80 0 0
2 80 0 0
48 80 0 0
52 80 0 0
55 80 0 0
56 80 0 0
58 80 0 0
66 80 0 0
67 80 0 0
72 80 0 0
73 80 0 0
75 80 0 0
77 80 0 0
78 80 0 0
79 80 0 0
2 81 0 0
47 81 0 0
49 81 0 0
51 81 0 0
53 81 0 0
54 81 0 0
56 81 0 0
67 81 0 0
68 81 0 0
71 81 0 0
74 81 0 0
75 81 0 0
76 81 0 0
77 81 0 0
2 82 0 0
49 82 0 0
51 82 0 0
52 82 0 0
53 82 0 0
54 82 0 0
56 82 0 0
66 82 0 0
67 82 0 0
68 82 0 0
71 82 0 0
74 82 0 0
75 82 0 0
76 82 0 0
77 82 0 0
81 82 0 0
1 83 0 0
2 83 0 0
52 83 0 0
53 83 0 0
55 83 0 0
56 83 0 0
66 83 0 0
67 83 0 0
68 83 0 0
71 83 0 0
72 83 0 0
73 83 0 0
75 83 0 0
77 83 0 0
79 83 0 0
80 83 0 0
81 83 0 0
82 83 0 0
1 84 0 0
2 84 0 0
51 84 0 0
52 84 0 0
53 84 0 0
54 84 0 0
55 84 0 0
56 84 0 0
66 84 0 0
67 84 0 0
68 84 0 0
71 84 0 0
73 84 0 0
74 84 0 0
75 84 0 0
76 84 0 0
77 84 0 0
79 84 0 0
80 84 0 0
81 84 0 0
82 84 0 0
83 84 0 0
1 85 0 0
2 85 0 0
48 85 0 0
52 85 0 0
55 85 0 0
56 85 0 0
58 85 0 0
66 85 0 0
67 85 0 0
72 85 0 0
73 85 0 0
75 85 0 0
78 85 0 0
79 85 0 0
80 85 0 0
83 85 0 0
84 85 0 0
1 86 0 0
2 86 0 0
29 86 0 0
31 86 0 0
33 86 0 0
37 86 0 0
39 86 0 0
41 86 0 0
42 86 0 0
44 86 0 0
45 86 0 0
48 86 0 0
52 86 0 0
55 86 0 0
56 86 0 0
72 86 0 0
73 86 0 0
75 86 0 0
77 86 0 0
78 86 0 0
79 86 0 0
80 86 0 0
83 86 0 0
84 86 0 0
85 86 0 0
1 87 0 0
2 87 0 0
27 87 0 0
30 87 0 0
31 87 0 0
33 87 0 0
36 87 0 0
37 87 0 0
39 87 0 0
40 87 0 0
41 87 0 0
42 87 0 0
44 87 0 0
45 87 0 0
48 87 0 0
55 87 0 0
57 87 0 0
58 87 0 0
72 87 0 0
78 87 0 0
79 87 0 0
80 87 0 0
85 87 0 0
86 87 0 0
2 88 0 0
28 88 0 0
32 88 0 0
38 88 0 0
43 88 0 0
47 88 0 0
49 88 0 0
51 88 0 0
53 88 0 0
54 88 0 0
74 88 0 0
76 88 0 0
81 88 0 0
82 88 0 0
34 89 0 0
46 89 0 0
50 89 0 0
57 89 0 0
59 89 0 0
65 89 0 0
69 89 0 0
70 89 0 0
1 90 0 0
2 90 0 0
29 90 0 0
30 90 0 0
31 90 0 0
33 90 0 0
36 90 0 0
37 90 0 0
39 90 0 0
40 90 0 0
41 90 0 0
42 90 0 0
44 90 0 0
45 90 0 0
48 90 0 0
52 90 0 0
55 90 0 0
58 90 0 0
72 90 0 0
73 90 0 0
78 90 0 0
79 90 0 0
80 90 0 0
85 90 0 0
86 90 0 0
87 90 0 0
1 91 0 0
2 91 0 0
27 91 0 0
30 91 0 0
31 91 0 0
36 91 0 0
37 91 0 0
40 91 0 0
41 91 0 0
42 91 0 0
44 91 0 0
45 91 0 0
48 91 0 0
55 91 0 0
57 91 0 0
58 91 0 0
72 91 0 0
78 91 0 0
79 91 0 0
80 91 0 0
85 91 0 0
86 91 0 0
87 91 0 0
90 91 0 0
1 92 0 0
2 92 0 0
29 92 0 0
30 92 0 0
31 92 0 0
33 92 0 0
37 92 0 0
41 92 0 0
44 92 0 0
45 92 0 0
48 92 0 0
52 92 0 0
55 92 0 0
58 92 0 0
66 92 0 0
72 92 0 0
73 92 0 0
78 92 0 0
79 92 0 0
80 92 0 0
83 92 0 0
85 92 0 0
86 92 0 0
87 92 0 0
90 92 0 0
91 92 0 0
2 93 0 0
24 93 0 0
28 93 0 0
32 93 0 0
38 93 0 0
43 93 0 0
47 93 0 0
49 93 0 0
51 93 0 0
54 93 0 0
74 93 0 0
76 93 0 0
88 93 0 0
1 94 0 0
2 94 0 0
20 94 0 0
25 94 0 0
26 94 0 0
27 94 0 0
29 94 0 0
30 94 0 0
31 94 0 0
33 94 0 0
36 94 0 0
37 94 0 0
39 94 0 0
40 94 0 0
41 94 0 0
42 94 0 0
44 94 0 0
45 94 0 0
48 94 0 0
55 94 0 0
86 94 0 0
87 94 0 0
90 94 0 0
91 94 0 0
92 94 0 0
2 95 0 0
24 95 0 0
28 95 0 0
32 95 0 0
38 95 0 0
43 95 0 0
47 95 0 0
49 95 0 0
51 95 0 0
54 95 0 0
74 95 0 0
76 95 0 0
88 95 0 0
93 95 0 0
2 96 0 0
13 96 0 0
14 96 0 0
17 96 0 0
24 96 0 0
28 96 0 0
32 96 0 0
38 96 0 0
43 96 0 0
47 96 0 0
49 96 0 0
51 96 0 0
53 96 0 0
54 96 0 0
56 96 0 0
74 96 0 0
75 96 0 0
76 96 0 0
77 96 0 0
81 96 0 0
82 96 0 0
84 96 0 0
88 96 0 0
93 96 0 0
95 96 0 0
1 97 0 0
2 97 0 0
20 97 0 0
21 97 0 0
22 97 0 0
26 97 0 0
27 97 0 0
30 97 0 0
31 97 0 0
33 97 0 0
35 97 0 0
36 97 0 0
37 97 0 0
39 97 0 0
40 97 0 0
41 97 0 0
42 97 0 0
44 97 0 0
45 97 0 0
48 97 0 0
55 97 0 0
86 97 0 0
87 97 0 0
90 97 0 0
91 97 0 0
92 97 0 0
94 97 0 0
1 98 0 0
2 98 0 0
20 98 0 0
23 98 0 0
25 98 0 0
26 98 0 0
29 98 0 0
31 98 0 0
33 98 0 0
37 98 0 0
39 98 0 0
41 98 0 0
42 98 0 0
44 98 0 0
45 98 0 0
48 98 0 0
52 98 0 0
55 98 0 0
56 98 0 0
75 98 0 0
77 98 0 0
86 98 0 0
87 98 0 0
90 98 0 0
92 98 0 0
94 98 0 0
97 98 0 0
21 99 0 1
22 99 0 1
27 99 0 1
34 99 0 1
35 99 0 1
40 99 0 1
46 99 0 1
57 100 0 1
58 100 0 1
59 100 0 1
60 100 0 1
61 100 0 1
62 100 0 1
63 100 0 1
64 100 0 1
65 100 0 1
69 100 0 1
70 100 0 1
72 100 0 1
78 100 0 1
79 100 0 1
80 100 0 1
85 100 0 1
60 101 0 1
66 101 0 1
67 101 0 1
68 101 0 1
71 101 0 1
73 101 0 1
82 101 0 1
83 101 0 1
84 101 0 1
85 101 0 1
21 102 0 1
22 102 0 1
21 104 0 1
5 105 0 1
7 105 0 1
8 105 0 1
9 105 0 1
12 105 0 1
19 105 0 1
20 105 0 1
23 105 0 1
5 106 0 1
7 106 0 1
8 106 0 1
9 106 0 1
12 106 0 1
20 106 0 1
5 108 0 1
7 108 0 1
8 108 0 1
9 108 0 1
12 108 0 1
19 108 0 1
20 108 0 1
23 108 0 1
25 108 0 1
2 109 0 1
5 109 0 1
7 109 0 1
8 109 0 1
9 109 0 1
10 109 0 1
11 109 0 1
12 109 0 1
15 109 0 1
16 109 0 1
18 109 0 1
19 109 0 1
20 109 0 1
23 109 0 1
25 109 0 1
26 109 0 1
29 109 0 1
33 109 0 1
37 109 0 1
39 109 0 1
41 109 0 1
42 109 0 1
44 109 0 1
21 110 0 1
22 110 0 1
27 110 0 1
34 110 0 1
35 110 0 1
36 110 0 1
40 110 0 1
21 111 0 1
22 111 0 1
27 111 0 1
34 111 0 1
35 111 0 1
40 111 0 1
1 112 0 1
7 112 0 1
12 112 0 1
20 112 0 1
21 112 0 1
22 112 0 1
23 112 0 1
25 112 0 1
26 112 0 1
27 112 0 1
30 112 0 1
31 112 0 1
33 112 0 1
35 112 0 1
36 112 0 1
37 112 0 1
39 112 0 1
40 112 0 1
41 112 0 1
42 112 0 1
44 112 0 1
45 112 0 1
48 112 0 1
94 112 0 1
97 112 0 1
34 113 0 1
46 113 0 1
21 114 0 1
22 114 0 1
27 114 0 1
30 114 0 1
34 114 0 1
35 114 0 1
40 114 0 1
46 114 0 1
20 115 0 1
21 115 0 1
22 115 0 1
26 115 0 1
27 115 0 1
30 115 0 1
31 115 0 1
34 115 0 1
35 115 0 1
36 115 0 1
37 115 0 1
39 115 0 1
40 115 0 1
41 115 0 1
42 115 0 1
44 115 0 1
45 115 0 1
94 115 0 1
97 115 0 1
21 116 0 1
22 116 0 1
27 116 0 1
34 116 0 1
35 116 0 1
46 116 0 1
21 117 0 1
22 117 0 1
27 117 0 1
30 117 0 1
34 117 0 1
35 117 0 1
40 117 0 1
46 117 0 1
50 117 0 1
57 117 0 1
89 117 0 1
34 118 0 1
46 118 0 1
50 118 0 1
57 118 0 1
59 118 0 1
65 118 0 1
89 118 0 1
1 119 0 1
21 119 0 1
22 119 0 1
27 119 0 1
30 119 0 1
31 119 0 1
34 119 0 1
35 119 0 1
36 119 0 1
40 119 0 1
42 119 0 1
44 119 0 1
45 119 0 1
48 119 0 1
57 119 0 1
58 119 0 1
78 119 0 1
87 119 0 1
89 119 0 1
90 119 0 1
91 119 0 1
92 119 0 1
94 119 0 1
97 119 0 1
1 120 0 1
21 120 0 1
22 120 0 1
27 120 0 1
30 120 0 1
31 120 0 1
34 120 0 1
35 120 0 1
36 120 0 1
37 120 0 1
39 120 0 1
40 120 0 1
42 120 0 1
44 120 0 1
45 120 0 1
48 120 0 1
57 120 0 1
87 120 0 1
89 120 0 1
90 120 0 1
91 120 0 1
92 120 0 1
94 120 0 1
97 120 0 1
21 121 0 1
22 121 0 1
27 121 0 1
30 121 0 1
31 121 0 1
34 121 0 1
35 121 0 1
36 121 0 1
40 121 0 1
45 121 0 1
46 121 0 1
48 121 0 1
50 121 0 1
57 121 0 1
87 121 0 1
89 121 0 1
91 121 0 1
97 121 0 1
21 122 0 1
22 122 0 1
27 122 0 1
30 122 0 1
34 122 0 1
35 122 0 1
36 122 0 1
40 122 0 1
46 122 0 1
50 122 0 1
57 122 0 1
89 122 0 1
91 122 0 1
97 122 0 1
27 123 0 1
34 123 0 1
35 123 0 1
40 123 0 1
46 123 0 1
50 123 0 1
57 123 0 1
59 123 0 1
89 123 0 1
1 124 0 1
20 124 0 1
21 124 0 1
22 124 0 1
27 124 0 1
30 124 0 1
31 124 0 1
34 124 0 1
35 124 0 1
36 124 0 1
37 124 0 1
39 124 0 1
40 124 0 1
41 124 0 1
42 124 0 1
44 124 0 1
45 124 0 1
48 124 0 1
87 124 0 1
94 124 0 1
97 124 0 1
22 125 0 1
27 125 0 1
34 125 0 1
35 125 0 1
40 125 0 1
46 125 0 1
20 126 0 1
21 126 0 1
22 126 0 1
27 126 0 1
30 126 0 1
31 126 0 1
34 126 0 1
35 126 0 1
36 126 0 1
37 126 0 1
39 126 0 1
40 126 0 1
41 126 0 1
42 126 0 1
44 126 0 1
45 126 0 1
21 127 0 1
22 127 0 1
27 127 0 1
30 127 0 1
34 127 0 1
35 127 0 1
36 127 0 1
40 127 0 1
5 128 0 1
7 128 0 1
8 128 0 1
9 128 0 1
12 128 0 1
19 128 0 1
20 128 0 1
21 128 0 1
22 128 0 1
23 128 0 1
25 128 0 1
26 128 0 1
27 128 0 1
30 128 0 1
31 128 0 1
33 128 0 1
35 128 0 1
36 128 0 1
37 128 0 1
39 128 0 1
40 128 0 1
41 128 0 1
42 128 0 1
44 128 0 1
45 128 0 1
94 128 0 1
97 128 0 1
5 129 0 1
7 129 0 1
8 129 0 1
9 129 0 1
12 129 0 1
19 129 0 1
20 129 0 1
23 129 0 1
25 129 0 1
26 129 0 1
37 129 0 1
39 129 0 1
41 129 0 1
42 129 0 1
5 130 0 1
7 130 0 1
9 130 0 1
12 130 0 1
20 130 0 1
21 130 0 1
22 130 0 1
36 130 0 1
39 130 0 1
40 130 0 1
5 131 0 1
7 131 0 1
8 131 0 1
9 131 0 1
12 131 0 1
19 131 0 1
20 131 0 1
21 131 0 1
22 131 0 1
23 131 0 1
25 131 0 1
26 131 0 1
31 131 0 1
36 131 0 1
37 131 0 1
39 131 0 1
40 131 0 1
41 131 0 1
42 131 0 1
44 131 0 1
45 131 0 1
21 132 0 1
22 132 0 1
27 132 0 1
34 132 0 1
35 132 0 1
36 132 0 1
40 132 0 1
21 133 0 1
22 133 0 1
34 133 0 1
35 133 0 1
40 133 0 1
1 134 0 1
2 134 0 1
31 134 0 1
48 134 0 1
52 134 0 1
55 134 0 1
57 134 0 1
58 134 0 1
72 134 0 1
73 134 0 1
78 134 0 1
79 134 0 1
80 134 0 1
85 134 0 1
86 134 0 1
87 134 0 1
90 134 0 1
91 134 0 1
92 134 0 1
94 134 0 1
97 134 0 1
1 135 0 1
2 135 0 1
27 135 0 1
30 135 0 1
31 135 0 1
40 135 0 1
48 135 0 1
55 135 0 1
57 135 0 1
58 135 0 1
72 135 0 1
78 135 0 1
79 135 0 1
85 135 0 1
87 135 0 1
89 135 0 1
90 135 0 1
91 135 0 1
92 135 0 1
94 135 0 1
97 135 0 1
1 136 0 1
2 136 0 1
30 136 0 1
48 136 0 1
55 136 0 1
57 136 0 1
58 136 0 1
72 136 0 1
78 136 0 1
79 136 0 1
80 136 0 1
85 136 0 1
86 136 0 1
87 136 0 1
90 136 0 1
91 136 0 1
92 136 0 1
94 136 0 1
97 136 0 1
1 137 0 1
48 137 0 1
55 137 0 1
57 137 0 1
58 137 0 1
59 137 0 1
72 137 0 1
78 137 0 1
79 137 0 1
87 137 0 1
89 137 0 1
90 137 0 1
91 137 0 1
92 137 0 1
94 137 0 1
97 137 0 1
50 138 0 1
57 138 0 1
58 138 0 1
59 138 0 1
65 138 0 1
69 138 0 1
70 138 0 1
78 138 0 1
89 138 0 1
91 138 0 1
1 139 0 1
2 139 0 1
48 139 0 1
52 139 0 1
55 139 0 1
58 139 0 1
66 139 0 1
72 139 0 1
73 139 0 1
78 139 0 1
79 139 0 1
80 139 0 1
83 139 0 1
85 139 0 1
86 139 0 1
87 139 0 1
90 139 0 1
91 139 0 1
92 139 0 1
94 139 0 1
1 140 0 1
2 140 0 1
48 140 0 1
55 140 0 1
57 140 0 1
58 140 0 1
59 140 0 1
70 140 0 1
72 140 0 1
78 140 0 1
79 140 0 1
80 140 0 1
85 140 0 1
87 140 0 1
90 140 0 1
91 140 0 1
92 140 0 1
1 141 0 1
48 141 0 1
57 141 0 1
58 141 0 1
59 141 0 1
65 141 0 1
69 141 0 1
70 141 0 1
72 141 0 1
78 141 0 1
87 141 0 1
89 141 0 1
90 141 0 1
91 141 0 1
92 141 0 1
97 141 0 1
1 142 0 1
2 142 0 1
48 142 0 1
55 142 0 1
57 142 0 1
58 142 0 1
59 142 0 1
72 142 0 1
78 142 0 1
79 142 0 1
80 142 0 1
85 142 0 1
87 142 0 1
90 142 0 1
91 142 0 1
92 142 0 1
97 142 0 1
51 143 0 1
53 143 0 1
54 143 0 1
68 143 0 1
71 143 0 1
74 143 0 1
76 143 0 1
77 143 0 1
81 143 0 1
82 143 0 1
84 143 0 1
50 144 0 1
57 144 0 1
59 144 0 1
63 144 0 1
64 144 0 1
65 144 0 1
69 144 0 1
70 144 0 1
89 144 0 1
2 145 0 1
52 145 0 1
55 145 0 1
56 145 0 1
66 145 0 1
67 145 0 1
68 145 0 1
71 145 0 1
72 145 0 1
73 145 0 1
75 145 0 1
77 145 0 1
78 145 0 1
79 145 0 1
80 145 0 1
83 145 0 1
84 145 0 1
85 145 0 1
92 145 0 1
55 146 0 1
57 146 0 1
58 146 0 1
70 146 0 1
72 146 0 1
78 146 0 1
79 146 0 1
80 146 0 1
85 146 0 1
90 146 0 1
91 146 0 1
92 146 0 1
50 147 0 1
59 147 0 1
60 147 0 1
61 147 0 1
62 147 0 1
63 147 0 1
64 147 0 1
65 147 0 1
69 147 0 1
70 147 0 1
89 147 0 1
2 148 0 1
52 148 0 1
53 148 0 1
56 148 0 1
66 148 0 1
67 148 0 1
68 148 0 1
71 148 0 1
73 148 0 1
74 148 0 1
75 148 0 1
77 148 0 1
80 148 0 1
81 148 0 1
82 148 0 1
83 148 0 1
84 148 0 1
85 148 0 1
50 149 0 1
57 149 0 1
58 149 0 1
59 149 0 1
60 149 0 1
63 149 0 1
64 149 0 1
65 149 0 1
69 149 0 1
70 149 0 1
89 149 0 1
57 150 0 1
58 150 0 1
59 150 0 1
60 150 0 1
63 150 0 1
65 150 0 1
69 150 0 1
70 150 0 1
72 150 0 1
78 150 0 1
79 150 0 1
89 150 0 1
57 151 0 1
58 151 0 1
59 151 0 1
69 151 0 1
70 151 0 1
72 151 0 1
78 151 0 1
79 151 0 1
85 151 0 1
92 151 0 1
2 152 0 1
52 152 0 1
55 152 0 1
58 152 0 1
66 152 0 1
72 152 0 1
73 152 0 1
78 152 0 1
79 152 0 1
80 152 0 1
83 152 0 1
85 152 0 1
90 152 0 1
92 152 0 1
57 153 0 1
58 153 0 1
59 153 0 1
60 153 0 1
62 153 0 1
63 153 0 1
64 153 0 1
65 153 0 1
69 153 0 1
70 153 0 1
89 153 0 1
2 154 0 1
52 154 0 1
56 154 0 1
66 154 0 1
67 154 0 1
68 154 0 1
71 154 0 1
72 154 0 1
73 154 0 1
75 154 0 1
77 154 0 1
79 154 0 1
80 154 0 1
82 154 0 1
83 154 0 1
84 154 0 1
85 154 0 1
51 155 0 1
53 155 0 1
54 155 0 1
56 155 0 1
67 155 0 1
68 155 0 1
71 155 0 1
74 155 0 1
75 155 0 1
76 155 0 1
77 155 0 1
81 155 0 1
82 155 0 1
83 155 0 1
84 155 0 1
2 156 0 1
52 156 0 1
55 156 0 1
58 156 0 1
66 156 0 1
67 156 0 1
72 156 0 1
73 156 0 1
75 156 0 1
78 156 0 1
79 156 0 1
80 156 0 1
83 156 0 1
84 156 0 1
85 156 0 1
92 156 0 1
2 157 0 1
52 157 0 1
55 157 0 1
56 157 0 1
66 157 0 1
67 157 0 1
68 157 0 1
72 157 0 1
73 157 0 1
75 157 0 1
77 157 0 1
78 157 0 1
79 157 0 1
80 157 0 1
83 157 0 1
84 157 0 1
85 157 0 1
2 158 0 1
52 158 0 1
53 158 0 1
56 158 0 1
66 158 0 1
67 158 0 1
68 158 0 1
71 158 0 1
73 158 0 1
75 158 0 1
77 158 0 1
79 158 0 1
80 158 0 1
82 158 0 1
83 158 0 1
84 158 0 1
85 158 0 1
57 159 0 1
58 159 0 1
59 159 0 1
60 159 0 1
63 159 0 1
64 159 0 1
65 159 0 1
69 159 0 1
70 159 0 1
78 159 0 1
57 160 0 1
58 160 0 1
72 160 0 1
73 160 0 1
78 160 0 1
79 160 0 1
80 160 0 1
85 160 0 1
92 160 0 1
52 161 0 1
53 161 0 1
56 161 0 1
66 161 0 1
67 161 0 1
68 161 0 1
71 161 0 1
73 161 0 1
74 161 0 1
75 161 0 1
77 161 0 1
81 161 0 1
82 161 0 1
83 161 0 1
84 161 0 1
2 162 0 1
52 162 0 1
53 162 0 1
56 162 0 1
66 162 0 1
67 162 0 1
68 162 0 1
71 162 0 1
73 162 0 1
75 162 0 1
77 162 0 1
80 162 0 1
81 162 0 1
82 162 0 1
83 162 0 1
84 162 0 1
85 162 0 1
51 163 0 1
54 163 0 1
68 163 0 1
71 163 0 1
74 163 0 1
76 163 0 1
81 163 0 1
82 163 0 1
57 164 0 1
58 164 0 1
59 164 0 1
60 164 0 1
63 164 0 1
64 164 0 1
65 164 0 1
69 164 0 1
70 164 0 1
78 164 0 1
58 165 0 1
66 165 0 1
72 165 0 1
73 165 0 1
78 165 0 1
79 165 0 1
80 165 0 1
85 165 0 1
50 166 0 1
57 166 0 1
58 166 0 1
59 166 0 1
65 166 0 1
69 166 0 1
70 166 0 1
72 166 0 1
78 166 0 1
89 166 0 1
91 166 0 1
57 167 0 1
58 167 0 1
59 167 0 1
65 167 0 1
69 167 0 1
70 167 0 1
72 167 0 1
78 167 0 1
79 167 0 1
87 167 0 1
89 167 0 1
90 167 0 1
91 167 0 1
92 167 0 1
1 168 0 1
2 168 0 1
55 168 0 1
57 168 0 1
58 168 0 1
72 168 0 1
73 168 0 1
78 168 0 1
79 168 0 1
80 168 0 1
85 168 0 1
87 168 0 1
90 168 0 1
91 168 0 1
92 168 0 1
1 169 0 1
2 169 0 1
27 169 0 1
30 169 0 1
31 169 0 1
34 169 0 1
35 169 0 1
36 169 0 1
40 169 0 1
42 169 0 1
44 169 0 1
45 169 0 1
48 169 0 1
50 169 0 1
55 169 0 1
57 169 0 1
58 169 0 1
59 169 0 1
72 169 0 1
78 169 0 1
79 169 0 1
86 169 0 1
87 169 0 1
89 169 0 1
90 169 0 1
91 169 0 1
92 169 0 1
94 169 0 1
97 169 0 1
27 170 0 1
30 170 0 1
34 170 0 1
35 170 0 1
40 170 0 1
46 170 0 1
50 170 0 1
57 170 0 1
58 170 0 1
59 170 0 1
65 170 0 1
69 170 0 1
87 170 0 1
89 170 0 1
91 170 0 1
97 170 0 1
68 171 0 1
71 171 0 1
66 172 0 1
72 172 0 1
78 172 0 1
79 172 0 1
85 172 0 1
59 173 0 1
60 173 0 1
61 173 0 1
62 173 0 1
63 173 0 1
64 173 0 1
65 173 0 1
69 173 0 1
70 173 0 1
59 174 0 1
60 174 0 1
61 174 0 1
62 174 0 1
63 174 0 1
64 174 0 1
69 174 0 1
70 174 0 1
60 178 0 1
60 180 0 1
60 181 0 1
61 181 0 1
62 181 0 1
60 182 0 1
68 183 0 1
66 184 0 1
72 184 0 1
73 184 0 1
78 184 0 1
79 184 0 1
85 184 0 1
59 185 0 1
60 185 0 1
61 185 0 1
62 185 0 1
63 185 0 1
64 185 0 1
65 185 0 1
69 185 0 1
70 185 0 1
68 186 0 1
71 186 0 1
60 187 0 1
61 187 0 1
62 187 0 1
63 187 0 1
64 187 0 1
65 187 0 1
69 187 0 1
70 187 0 1
68 188 0 1
60 189 0 1
61 189 0 1
62 189 0 1
63 189 0 1
64 189 0 1
69 189 0 1
70 189 0 1
68 191 0 1
60 192 0 1
61 192 0 1
62 192 0 1
63 192 0 1
64 192 0 1
70 192 0 1
68 193 0 1
71 193 0 1
74 193 0 1
76 193 0 1
81 193 0 1
82 193 0 1
84 193 0 1
66 194 0 1
67 194 0 1
68 194 0 1
71 194 0 1
73 194 0 1
75 194 0 1
77 194 0 1
80 194 0 1
82 194 0 1
83 194 0 1
84 194 0 1
85 194 0 1
66 195 0 1
67 195 0 1
68 195 0 1
71 195 0 1
77 195 0 1
81 195 0 1
82 195 0 1
83 195 0 1
84 195 0 1
58 196 0 1
66 196 0 1
72 196 0 1
73 196 0 1
78 196 0 1
79 196 0 1
80 196 0 1
85 196 0 1
66 197 0 1
67 197 0 1
68 197 0 1
71 197 0 1
73 197 0 1
80 197 0 1
83 197 0 1
84 197 0 1
85 197 0 1
2 198 0 1
52 198 0 1
66 198 0 1
67 198 0 1
68 198 0 1
71 198 0 1
72 198 0 1
73 198 0 1
75 198 0 1
77 198 0 1
78 198 0 1
79 198 0 1
80 198 0 1
83 198 0 1
84 198 0 1
85 198 0 1
2 199 0 1
52 199 0 1
66 199 0 1
67 199 0 1
72 199 0 1
73 199 0 1
78 199 0 1
79 199 0 1
80 199 0 1
83 199 0 1
84 199 0 1
85 199 0 1
59 200 0 1
60 200 0 1
61 200 0 1
62 200 0 1
63 200 0 1
64 200 0 1
65 200 0 1
69 200 0 1
70 200 0 1
58 201 0 1
66 201 0 1
72 201 0 1
73 201 0 1
78 201 0 1
79 201 0 1
80 201 0 1
85 201 0 1
67 202 0 1
68 202 0 1
71 202 0 1
82 202 0 1
84 202 0 1
59 203 0 1
60 203 0 1
61 203 0 1
62 203 0 1
63 203 0 1
64 203 0 1
65 203 0 1
69 203 0 1
70 203 0 1
66 204 0 1
67 204 0 1
68 204 0 1
72 204 0 1
73 204 0 1
79 204 0 1
80 204 0 1
83 204 0 1
84 204 0 1
85 204 0 1
58 205 0 1
60 205 0 1
66 205 0 1
72 205 0 1
73 205 0 1
78 205 0 1
79 205 0 1
85 205 0 1
