1 2 0 0
2 3 0 0
2 4 0 0
3 4 0 0
2 5 0 0
2 6 0 0
3 6 0 0
4 6 0 0
5 6 0 0
2 7 0 0
4 7 0 0
5 7 0 0
6 7 0 0
2 8 0 0
3 8 0 0
4 8 0 0
6 8 0 0
2 9 0 0
5 9 0 0
7 9 0 0
2 10 0 0
5 10 0 0
7 10 0 0
9 10 0 0
2 11 0 0
4 11 0 0
5 11 0 0
6 11 0 0
7 11 0 0
9 11 0 0
10 11 0 0
2 12 0 0
3 12 0 0
4 12 0 0
6 12 0 0
8 12 0 0
2 13 0 0
12 13 0 0
2 14 0 0
3 14 0 0
4 14 0 0
8 14 0 0
12 14 0 0
13 14 0 0
2 15 0 0
4 15 0 0
6 15 0 0
7 15 0 0
8 15 0 0
11 15 0 0
14 15 0 0
2 16 0 0
12 16 0 0
13 16 0 0
2 17 0 0
12 17 0 0
13 17 0 0
14 17 0 0
16 17 0 0
2 18 0 0
4 18 0 0
6 18 0 0
7 18 0 0
11 18 0 0
15 18 0 0
2 19 0 0
3 19 0 0
4 19 0 0
8 19 0 0
12 19 0 0
13 19 0 0
14 19 0 0
17 19 0 0
1 20 0 0
2 20 0 0
1 21 0 0
2 21 0 0
20 21 0 0
1 22 0 0
2 22 0 0
20 22 0 0
21 22 0 0
1 23 0 0
2 23 0 0
20 23 0 0
21 23 0 0
22 23 0 0
1 24 0 0
2 24 0 0
20 24 0 0
21 24 0 0
22 24 0 0
2 25 0 0
1 26 0 0
2 26 0 0
20 26 0 0
21 26 0 0
22 26 0 0
23 26 0 0
1 27 0 0
2 27 0 0
20 27 0 0
21 27 0 0
22 27 0 0
23 27 0 0
24 27 0 0
26 27 0 0
1 28 0 0
2 28 0 0
20 28 0 0
21 28 0 0
22 28 0 0
23 28 0 0
24 28 0 0
26 28 0 0
27 28 0 0
1 29 0 0
2 29 0 0
20 29 0 0
21 29 0 0
22 29 0 0
23 29 0 0
26 29 0 0
27 29 0 0
28 29 0 0
2 30 0 0
25 30 0 0
26 30 0 0
28 30 0 0
1 31 0 0
2 31 0 0
26 31 0 0
27 31 0 0
28 31 0 0
29 31 0 0
30 31 0 0
1 32 0 0
2 32 0 0
21 32 0 0
22 32 0 0
23 32 0 0
26 32 0 0
27 32 0 0
28 32 0 0
29 32 0 0
30 32 0 0
31 32 0 0
2 33 0 0
2 34 0 0
25 34 0 0
26 34 0 0
28 34 0 0
30 34 0 0
31 34 0 0
32 34 0 0
1 35 0 0
2 35 0 0
20 35 0 0
21 35 0 0
22 35 0 0
23 35 0 0
24 35 0 0
26 35 0 0
27 35 0 0
28 35 0 0
29 35 0 0
32 35 0 0
1 36 0 0
2 36 0 0
20 36 0 0
21 36 0 0
22 36 0 0
23 36 0 0
24 36 0 0
26 36 0 0
27 36 0 0
28 36 0 0
29 36 0 0
31 36 0 0
32 36 0 0
35 36 0 0
2 37 0 1
3 37 0 1
4 37 0 1
5 37 0 1
6 37 0 1
7 37 0 1
8 37 0 1
9 37 0 1
10 37 0 1
11 37 0 1
12 37 0 1
13 37 0 1
14 37 0 1
15 37 0 1
16 37 0 1
17 37 0 1
18 37 0 1
19 37 0 1
2 38 0 1
10 38 0 1
2 39 0 1
10 39 0 1
2 40 0 1
5 40 0 1
7 40 0 1
9 40 0 1
10 40 0 1
2 41 0 1
5 41 0 1
9 41 0 1
10 41 0 1
2 42 0 1
2 43 0 1
2 44 0 1
2 45 0 1
13 45 0 1
16 45 0 1
17 45 0 1
2 46 0 1
18 46 0 1
2 47 0 1
14 47 0 1
19 47 0 1
2 48 0 1
14 48 0 1
18 48 0 1
19 48 0 1
2 49 0 1
15 49 0 1
18 49 0 1
2 50 0 1
15 50 0 1
18 50 0 1
2 51 0 1
13 51 0 1
16 51 0 1
17 51 0 1
2 52 0 1
13 52 0 1
14 52 0 1
16 52 0 1
17 52 0 1
19 52 0 1
2 53 0 1
14 53 0 1
15 53 0 1
18 53 0 1
19 53 0 1
2 54 0 1
14 54 0 1
15 54 0 1
18 54 0 1
19 54 0 1
2 55 0 1
15 55 0 1
18 55 0 1
2 56 0 1
14 56 0 1
15 56 0 1
18 56 0 1
19 56 0 1
2 57 0 1
13 57 0 1
16 57 0 1
17 57 0 1
19 57 0 1
2 58 0 1
12 58 0 1
13 58 0 1
14 58 0 1
16 58 0 1
17 58 0 1
19 58 0 1
2 59 0 1
4 59 0 1
6 59 0 1
8 59 0 1
12 59 0 1
14 59 0 1
15 59 0 1
18 59 0 1
19 59 0 1
2 60 0 1
6 60 0 1
7 60 0 1
11 60 0 1
15 60 0 1
18 60 0 1
2 61 0 1
3 61 0 1
4 61 0 1
6 61 0 1
8 61 0 1
11 61 0 1
12 61 0 1
14 61 0 1
15 61 0 1
18 61 0 1
19 61 0 1
2 62 0 1
6 62 0 1
7 62 0 1
11 62 0 1
15 62 0 1
18 62 0 1
2 63 0 1
10 63 0 1
2 64 0 1
12 64 0 1
13 64 0 1
14 64 0 1
17 64 0 1
19 64 0 1
2 65 0 1
3 65 0 1
4 65 0 1
6 65 0 1
8 65 0 1
12 65 0 1
14 65 0 1
15 65 0 1
18 65 0 1
19 65 0 1
2 66 0 1
5 66 0 1
6 66 0 1
7 66 0 1
9 66 0 1
10 66 0 1
11 66 0 1
15 66 0 1
18 66 0 1
2 67 0 1
5 67 0 1
7 67 0 1
9 67 0 1
10 67 0 1
11 67 0 1
2 68 0 1
3 68 0 1
4 68 0 1
5 68 0 1
6 68 0 1
7 68 0 1
8 68 0 1
11 68 0 1
14 68 0 1
15 68 0 1
18 68 0 1
2 69 0 1
3 69 0 1
4 69 0 1
6 69 0 1
7 69 0 1
8 69 0 1
11 69 0 1
14 69 0 1
15 69 0 1
18 69 0 1
19 69 0 1
2 70 0 1
4 70 0 1
5 70 0 1
6 70 0 1
7 70 0 1
8 70 0 1
11 70 0 1
15 70 0 1
18 70 0 1
2 71 0 1
9 71 0 1
10 71 0 1
2 72 0 1
3 72 0 1
8 72 0 1
12 72 0 1
13 72 0 1
14 72 0 1
16 72 0 1
17 72 0 1
19 72 0 1
2 73 0 1
3 73 0 1
4 73 0 1
6 73 0 1
8 73 0 1
12 73 0 1
13 73 0 1
14 73 0 1
15 73 0 1
17 73 0 1
18 73 0 1
19 73 0 1
2 74 0 1
3 74 0 1
4 74 0 1
6 74 0 1
8 74 0 1
12 74 0 1
14 74 0 1
15 74 0 1
18 74 0 1
19 74 0 1
2 75 0 1
5 75 0 1
9 75 0 1
10 75 0 1
2 76 0 1
3 76 0 1
4 76 0 1
5 76 0 1
6 76 0 1
7 76 0 1
8 76 0 1
11 76 0 1
12 76 0 1
14 76 0 1
15 76 0 1
18 76 0 1
19 76 0 1
2 77 0 1
5 77 0 1
6 77 0 1
7 77 0 1
9 77 0 1
10 77 0 1
11 77 0 1
15 77 0 1
18 77 0 1
2 78 0 1
4 78 0 1
5 78 0 1
6 78 0 1
7 78 0 1
9 78 0 1
10 78 0 1
11 78 0 1
15 78 0 1
18 78 0 1
