2 4 0 0
1 5 0 0
6 7 0 0
1 8 0 0
5 8 0 0
1 9 0 0
5 9 0 0
8 9 0 0
1 10 0 0
5 10 0 0
8 10 0 0
9 10 0 0
7 11 0 0
6 12 0 0
7 12 0 0
1 13 0 0
8 13 0 0
9 13 0 0
10 13 0 0
6 14 0 0
7 14 0 0
11 14 0 0
12 14 0 0
6 15 0 0
7 15 0 0
11 15 0 0
12 15 0 0
14 15 0 0
1 16 0 0
5 16 0 0
8 16 0 0
9 16 0 0
10 16 0 0
13 16 0 0
1 17 0 0
8 17 0 0
9 17 0 0
10 17 0 0
13 17 0 0
16 17 0 0
11 18 0 0
14 18 0 0
15 18 0 0
1 19 0 0
5 19 0 0
8 19 0 0
9 19 0 0
10 19 0 0
13 19 0 0
16 19 0 0
17 19 0 0
11 20 0 0
14 20 0 0
15 20 0 0
18 20 0 0
1 21 0 0
5 21 0 0
8 21 0 0
9 21 0 0
10 21 0 0
13 21 0 0
16 21 0 0
17 21 0 0
19 21 0 0
1 22 0 0
5 22 0 0
8 22 0 0
9 22 0 0
10 22 0 0
13 22 0 0
16 22 0 0
17 22 0 0
19 22 0 0
21 22 0 0
1 23 0 0
5 23 0 0
8 23 0 0
9 23 0 0
10 23 0 0
13 23 0 0
16 23 0 0
17 23 0 0
19 23 0 0
21 23 0 0
22 23 0 0
11 24 0 0
14 24 0 0
15 24 0 0
18 24 0 0
20 24 0 0
1 25 0 0
5 25 0 0
8 25 0 0
9 25 0 0
10 25 0 0
13 25 0 0
16 25 0 0
17 25 0 0
19 25 0 0
21 25 0 0
22 25 0 0
23 25 0 0
1 26 0 0
5 26 0 0
8 26 0 0
9 26 0 0
10 26 0 0
13 26 0 0
16 26 0 0
17 26 0 0
19 26 0 0
21 26 0 0
22 26 0 0
23 26 0 0
25 26 0 0
11 27 0 0
18 27 0 0
20 27 0 0
24 27 0 0
1 28 0 0
13 28 0 0
16 28 0 0
19 28 0 0
21 28 0 0
22 28 0 0
23 28 0 0
25 28 0 0
17 29 0 0
1 30 0 0
13 30 0 0
16 30 0 0
17 30 0 0
19 30 0 0
21 30 0 0
22 30 0 0
23 30 0 0
26 30 0 0
28 30 0 0
29 30 0 0
1 31 0 0
17 31 0 0
19 31 0 0
22 31 0 0
29 31 0 0
30 31 0 0
1 32 0 0
13 32 0 0
16 32 0 0
19 32 0 0
21 32 0 0
23 32 0 0
28 32 0 0
30 32 0 0
1 33 0 0
13 33 0 0
16 33 0 0
19 33 0 0
23 33 0 0
28 33 0 0
29 33 0 0
30 33 0 0
32 33 0 0
13 34 0 0
16 34 0 0
17 34 0 0
19 34 0 0
22 34 0 0
28 34 0 0
29 34 0 0
30 34 0 0
31 34 0 0
32 34 0 0
33 34 0 0
1 35 0 0
13 35 0 0
16 35 0 0
17 35 0 0
19 35 0 0
28 35 0 0
29 35 0 0
30 35 0 0
31 35 0 0
32 35 0 0
33 35 0 0
34 35 0 0
28 37 0 0
30 37 0 0
32 37 0 0
33 37 0 0
34 37 0 0
35 37 0 0
28 38 0 0
29 38 0 0
30 38 0 0
31 38 0 0
32 38 0 0
33 38 0 0
34 38 0 0
35 38 0 0
37 38 0 0
29 39 0 0
30 39 0 0
31 39 0 0
34 39 0 0
35 39 0 0
38 39 0 0
13 40 0 0
16 40 0 0
19 40 0 0
28 40 0 0
29 40 0 0
30 40 0 0
31 40 0 0
32 40 0 0
33 40 0 0
34 40 0 0
35 40 0 0
37 40 0 0
38 40 0 0
39 40 0 0
13 41 0 0
19 41 0 0
28 41 0 0
29 41 0 0
30 41 0 0
31 41 0 0
32 41 0 0
33 41 0 0
34 41 0 0
35 41 0 0
37 41 0 0
38 41 0 0
39 41 0 0
40 41 0 0
13 42 0 0
19 42 0 0
28 42 0 0
29 42 0 0
30 42 0 0
32 42 0 0
33 42 0 0
34 42 0 0
35 42 0 0
37 42 0 0
38 42 0 0
39 42 0 0
40 42 0 0
41 42 0 0
28 43 0 0
32 43 0 0
33 43 0 0
34 43 0 0
35 43 0 0
37 43 0 0
38 43 0 0
40 43 0 0
41 43 0 0
42 43 0 0
4 44 0 0
36 44 0 0
4 45 0 0
29 45 0 0
38 45 0 0
39 45 0 0
44 45 0 0
4 46 0 0
29 46 0 0
34 46 0 0
35 46 0 0
38 46 0 0
39 46 0 0
40 46 0 0
41 46 0 0
42 46 0 0
43 46 0 0
45 46 0 0
4 47 0 0
29 47 0 0
31 47 0 0
34 47 0 0
35 47 0 0
38 47 0 0
39 47 0 0
41 47 0 0
44 47 0 0
45 47 0 0
46 47 0 0
29 48 0 0
36 48 0 0
39 48 0 0
44 48 0 0
45 48 0 0
47 48 0 0
28 49 0 0
30 49 0 0
32 49 0 0
33 49 0 0
34 49 0 0
35 49 0 0
37 49 0 0
38 49 0 0
39 49 0 0
40 49 0 0
41 49 0 0
42 49 0 0
43 49 0 0
46 49 0 0
36 50 0 0
44 50 0 0
45 50 0 0
47 50 0 0
48 50 0 0
28 51 0 0
29 51 0 0
30 51 0 0
32 51 0 0
33 51 0 0
34 51 0 0
35 51 0 0
37 51 0 0
38 51 0 0
39 51 0 0
40 51 0 0
41 51 0 0
42 51 0 0
43 51 0 0
45 51 0 0
46 51 0 0
47 51 0 0
49 51 0 0
4 52 0 0
29 52 0 0
30 52 0 0
31 52 0 0
33 52 0 0
34 52 0 0
35 52 0 0
37 52 0 0
38 52 0 0
39 52 0 0
40 52 0 0
41 52 0 0
42 52 0 0
43 52 0 0
45 52 0 0
46 52 0 0
47 52 0 0
49 52 0 0
51 52 0 0
6 53 0 0
7 53 0 0
12 53 0 0
14 53 0 0
15 53 0 0
18 53 0 0
1 54 0 0
8 54 0 0
13 54 0 0
16 54 0 0
17 54 0 0
19 54 0 0
21 54 0 0
22 54 0 0
23 54 0 0
25 54 0 0
26 54 0 0
28 54 0 0
30 54 0 0
32 54 0 0
33 54 0 0
34 54 0 0
35 54 0 0
37 54 0 0
40 54 0 0
41 54 0 0
42 54 0 0
49 54 0 0
6 55 0 0
7 55 0 0
12 55 0 0
14 55 0 0
15 55 0 0
18 55 0 0
53 55 0 0
11 56 0 0
14 56 0 0
15 56 0 0
18 56 0 0
20 56 0 0
24 56 0 0
36 56 0 0
53 56 0 0
55 56 0 0
3 57 0 0
3 58 0 0
57 58 0 0
2 59 0 0
4 59 0 0
44 59 0 0
45 59 0 0
46 59 0 0
47 59 0 0
48 59 0 0
50 59 0 0
52 59 0 0
38 60 0 0
43 60 0 0
46 60 0 0
47 60 0 0
49 60 0 0
51 60 0 0
52 60 0 0
4 61 0 0
38 61 0 0
45 61 0 0
46 61 0 0
47 61 0 0
51 61 0 0
52 61 0 0
59 61 0 0
60 61 0 0
2 62 0 0
4 62 0 0
44 62 0 0
45 62 0 0
46 62 0 0
47 62 0 0
48 62 0 0
50 62 0 0
59 62 0 0
61 62 0 0
43 63 0 0
46 63 0 0
51 63 0 0
52 63 0 0
60 63 0 0
61 63 0 0
2 64 0 0
4 64 0 0
44 64 0 0
45 64 0 0
47 64 0 0
48 64 0 0
50 64 0 0
59 64 0 0
62 64 0 0
3 65 0 0
57 65 0 0
58 65 0 0
3 66 0 0
57 66 0 0
58 66 0 0
65 66 0 0
4 67 0 0
46 67 0 0
51 67 0 0
52 67 0 0
60 67 0 0
61 67 0 0
63 67 0 0
2 68 0 0
4 68 0 0
44 68 0 0
58 68 0 0
59 68 0 0
62 68 0 0
64 68 0 0
65 68 0 0
3 69 0 0
36 69 0 0
44 69 0 0
57 69 0 0
58 69 0 0
65 69 0 0
66 69 0 0
68 69 0 0
4 70 0 0
38 70 0 0
39 70 0 0
45 70 0 0
46 70 0 0
47 70 0 0
51 70 0 0
52 70 0 0
59 70 0 0
60 70 0 0
61 70 0 0
62 70 0 0
63 70 0 0
64 70 0 0
67 70 0 0
4 71 0 0
36 71 0 0
44 71 0 0
48 71 0 0
50 71 0 0
58 71 0 0
59 71 0 0
62 71 0 0
64 71 0 0
65 71 0 0
68 71 0 0
69 71 0 0
37 72 0 0
38 72 0 0
42 72 0 0
43 72 0 0
46 72 0 0
49 72 0 0
51 72 0 0
52 72 0 0
60 72 0 0
61 72 0 0
63 72 0 0
67 72 0 0
70 72 0 0
4 73 0 0
38 73 0 0
39 73 0 0
45 73 0 0
46 73 0 0
47 73 0 0
48 73 0 0
50 73 0 0
51 73 0 0
52 73 0 0
59 73 0 0
60 73 0 0
61 73 0 0
62 73 0 0
63 73 0 0
64 73 0 0
67 73 0 0
70 73 0 0
4 74 0 0
36 74 0 0
44 74 0 0
45 74 0 0
47 74 0 0
48 74 0 0
50 74 0 0
59 74 0 0
62 74 0 0
64 74 0 0
68 74 0 0
70 74 0 0
71 74 0 0
73 74 0 0
4 75 0 0
36 75 0 0
44 75 0 0
45 75 0 0
48 75 0 0
50 75 0 0
58 75 0 0
59 75 0 0
62 75 0 0
64 75 0 0
68 75 0 0
69 75 0 0
71 75 0 0
73 75 0 0
74 75 0 0
4 76 0 0
29 76 0 0
38 76 0 0
39 76 0 0
41 76 0 0
45 76 0 0
46 76 0 0
47 76 0 0
48 76 0 0
50 76 0 0
51 76 0 0
52 76 0 0
59 76 0 0
60 76 0 0
61 76 0 0
62 76 0 0
63 76 0 0
64 76 0 0
67 76 0 0
70 76 0 0
73 76 0 0
74 76 0 0
33 77 0 0
34 77 0 0
35 77 0 0
37 77 0 0
38 77 0 0
39 77 0 0
40 77 0 0
41 77 0 0
42 77 0 0
43 77 0 0
45 77 0 0
46 77 0 0
47 77 0 0
49 77 0 0
51 77 0 0
52 77 0 0
60 77 0 0
61 77 0 0
63 77 0 0
67 77 0 0
70 77 0 0
72 77 0 0
73 77 0 0
76 77 0 0
28 78 0 0
29 78 0 0
30 78 0 0
32 78 0 0
33 78 0 0
34 78 0 0
35 78 0 0
37 78 0 0
38 78 0 0
39 78 0 0
40 78 0 0
41 78 0 0
42 78 0 0
43 78 0 0
45 78 0 0
46 78 0 0
47 78 0 0
49 78 0 0
51 78 0 0
52 78 0 0
60 78 0 0
61 78 0 0
63 78 0 0
67 78 0 0
70 78 0 0
72 78 0 0
73 78 0 0
76 78 0 0
77 78 0 0
4 79 0 0
29 79 0 0
38 79 0 0
39 79 0 0
44 79 0 0
45 79 0 0
46 79 0 0
47 79 0 0
48 79 0 0
50 79 0 0
52 79 0 0
59 79 0 0
62 79 0 0
64 79 0 0
70 79 0 0
71 79 0 0
73 79 0 0
74 79 0 0
75 79 0 0
76 79 0 0
3 80 0 0
57 80 0 0
66 80 0 0
4 81 0 0
36 81 0 0
39 81 0 0
44 81 0 0
45 81 0 0
46 81 0 0
47 81 0 0
48 81 0 0
50 81 0 0
52 81 0 0
59 81 0 0
62 81 0 0
64 81 0 0
68 81 0 0
70 81 0 0
71 81 0 0
73 81 0 0
74 81 0 0
75 81 0 0
76 81 0 0
79 81 0 0
3 82 0 0
36 82 0 0
44 82 0 0
57 82 0 0
58 82 0 0
65 82 0 0
66 82 0 0
68 82 0 0
69 82 0 0
71 82 0 0
75 82 0 0
4 83 0 0
36 83 0 0
44 83 0 0
45 83 0 0
47 83 0 0
48 83 0 0
50 83 0 0
59 83 0 0
62 83 0 0
64 83 0 0
68 83 0 0
69 83 0 0
70 83 0 0
71 83 0 0
73 83 0 0
74 83 0 0
75 83 0 0
76 83 0 0
79 83 0 0
81 83 0 0
82 83 0 0
4 84 0 0
34 84 0 0
37 84 0 0
38 84 0 0
39 84 0 0
40 84 0 0
41 84 0 0
42 84 0 0
43 84 0 0
45 84 0 0
46 84 0 0
47 84 0 0
49 84 0 0
51 84 0 0
52 84 0 0
60 84 0 0
61 84 0 0
63 84 0 0
67 84 0 0
70 84 0 0
72 84 0 0
73 84 0 0
76 84 0 0
77 84 0 0
78 84 0 0
2 85 0 0
4 85 0 0
59 85 0 0
62 85 0 0
64 85 0 0
68 85 0 0
73 85 0 0
74 85 0 0
75 85 0 0
81 85 0 0
83 85 0 0
2 86 0 0
3 86 0 0
58 86 0 0
64 86 0 0
65 86 0 0
66 86 0 0
68 86 0 0
69 86 0 0
71 86 0 0
75 86 0 0
82 86 0 0
2 87 0 0
3 87 0 0
4 87 0 0
58 87 0 0
59 87 0 0
62 87 0 0
64 87 0 0
65 87 0 0
68 87 0 0
71 87 0 0
74 87 0 0
75 87 0 0
83 87 0 0
85 87 0 0
86 87 0 0
2 88 0 0
4 88 0 0
59 88 0 0
62 88 0 0
64 88 0 0
68 88 0 0
71 88 0 0
74 88 0 0
75 88 0 0
83 88 0 0
85 88 0 0
86 88 0 0
87 88 0 0
2 89 0 0
4 89 0 0
59 89 0 0
62 89 0 0
64 89 0 0
68 89 0 0
73 89 0 0
74 89 0 0
75 89 0 0
85 89 0 0
87 89 0 0
88 89 0 0
2 90 0 0
3 90 0 0
4 90 0 0
58 90 0 0
64 90 0 0
65 90 0 0
68 90 0 0
71 90 0 0
74 90 0 0
75 90 0 0
85 90 0 0
86 90 0 0
87 90 0 0
88 90 0 0
89 90 0 0
3 91 0 0
57 91 0 0
58 91 0 0
65 91 0 0
66 91 0 0
68 91 0 0
69 91 0 0
86 91 0 0
87 91 0 0
90 91 0 0
3 92 0 0
57 92 0 0
58 92 0 0
65 92 0 0
66 92 0 0
69 92 0 0
82 92 0 0
86 92 0 0
87 92 0 0
90 92 0 0
91 92 0 0
2 93 0 0
4 93 0 0
59 93 0 0
62 93 0 0
64 93 0 0
68 93 0 0
74 93 0 0
75 93 0 0
85 93 0 0
86 93 0 0
87 93 0 0
88 93 0 0
89 93 0 0
90 93 0 0
2 94 0 0
3 94 0 0
4 94 0 0
58 94 0 0
64 94 0 0
65 94 0 0
68 94 0 0
75 94 0 0
85 94 0 0
86 94 0 0
87 94 0 0
88 94 0 0
90 94 0 0
91 94 0 0
92 94 0 0
93 94 0 0
3 95 0 0
57 95 0 0
58 95 0 0
65 95 0 0
66 95 0 0
86 95 0 0
91 95 0 0
92 95 0 0
94 95 0 0
2 96 0 0
4 96 0 0
59 96 0 0
61 96 0 0
62 96 0 0
64 96 0 0
67 96 0 0
70 96 0 0
73 96 0 0
74 96 0 0
75 96 0 0
85 96 0 0
87 96 0 0
88 96 0 0
89 96 0 0
93 96 0 0
2 98 0 0
96 98 0 0
97 98 0 0
2 99 0 0
4 99 0 0
89 99 0 0
96 99 0 0
97 99 0 0
98 99 0 0
2 100 0 0
4 100 0 0
85 100 0 0
88 100 0 0
89 100 0 0
93 100 0 0
96 100 0 0
97 100 0 0
98 100 0 0
99 100 0 0
2 101 0 0
85 101 0 0
86 101 0 0
87 101 0 0
88 101 0 0
89 101 0 0
90 101 0 0
93 101 0 0
94 101 0 0
100 101 0 0
2 102 0 0
3 102 0 0
86 102 0 0
87 102 0 0
90 102 0 0
91 102 0 0
92 102 0 0
93 102 0 0
94 102 0 0
95 102 0 0
101 102 0 0
2 103 0 0
4 103 0 0
85 103 0 0
89 103 0 0
93 103 0 0
96 103 0 0
97 103 0 0
98 103 0 0
99 103 0 0
100 103 0 0
2 104 0 0
4 104 0 0
85 104 0 0
88 104 0 0
89 104 0 0
93 104 0 0
96 104 0 0
97 104 0 0
98 104 0 0
99 104 0 0
100 104 0 0
101 104 0 0
103 104 0 0
3 105 0 0
65 105 0 0
86 105 0 0
87 105 0 0
90 105 0 0
91 105 0 0
92 105 0 0
94 105 0 0
95 105 0 0
102 105 0 0
2 106 0 0
4 106 0 0
64 106 0 0
85 106 0 0
88 106 0 0
89 106 0 0
93 106 0 0
96 106 0 0
98 106 0 0
99 106 0 0
100 106 0 0
101 106 0 0
103 106 0 0
104 106 0 0
2 107 0 0
3 107 0 0
68 107 0 0
86 107 0 0
87 107 0 0
88 107 0 0
90 107 0 0
91 107 0 0
92 107 0 0
93 107 0 0
94 107 0 0
101 107 0 0
102 107 0 0
105 107 0 0
3 108 0 0
86 108 0 0
87 108 0 0
90 108 0 0
91 108 0 0
92 108 0 0
94 108 0 0
95 108 0 0
101 108 0 0
102 108 0 0
105 108 0 0
107 108 0 0
3 109 0 0
86 109 0 0
90 109 0 0
91 109 0 0
92 109 0 0
94 109 0 0
95 109 0 0
102 109 0 0
105 109 0 0
107 109 0 0
108 109 0 0
2 110 0 0
3 110 0 0
4 110 0 0
85 110 0 0
86 110 0 0
87 110 0 0
88 110 0 0
89 110 0 0
90 110 0 0
91 110 0 0
93 110 0 0
94 110 0 0
100 110 0 0
101 110 0 0
102 110 0 0
104 110 0 0
105 110 0 0
106 110 0 0
107 110 0 0
108 110 0 0
109 110 0 0
2 111 0 0
4 111 0 0
85 111 0 0
86 111 0 0
87 111 0 0
88 111 0 0
89 111 0 0
90 111 0 0
93 111 0 0
94 111 0 0
96 111 0 0
99 111 0 0
100 111 0 0
101 111 0 0
102 111 0 0
103 111 0 0
104 111 0 0
106 111 0 0
107 111 0 0
108 111 0 0
110 111 0 0
3 112 0 0
86 112 0 0
87 112 0 0
90 112 0 0
91 112 0 0
92 112 0 0
94 112 0 0
95 112 0 0
101 112 0 0
102 112 0 0
105 112 0 0
107 112 0 0
108 112 0 0
109 112 0 0
110 112 0 0
111 112 0 0
2 113 0 0
4 113 0 0
59 113 0 0
62 113 0 0
64 113 0 0
68 113 0 0
73 113 0 0
74 113 0 0
75 113 0 0
85 113 0 0
86 113 0 0
87 113 0 0
88 113 0 0
89 113 0 0
90 113 0 0
93 113 0 0
94 113 0 0
96 113 0 0
99 113 0 0
100 113 0 0
101 113 0 0
103 113 0 0
104 113 0 0
106 113 0 0
107 113 0 0
110 113 0 0
111 113 0 0
2 114 0 0
4 114 0 0
59 114 0 0
61 114 0 0
62 114 0 0
64 114 0 0
67 114 0 0
73 114 0 0
85 114 0 0
88 114 0 0
89 114 0 0
93 114 0 0
96 114 0 0
97 114 0 0
98 114 0 0
99 114 0 0
100 114 0 0
103 114 0 0
104 114 0 0
106 114 0 0
111 114 0 0
113 114 0 0
2 115 0 0
4 115 0 0
62 115 0 0
64 115 0 0
85 115 0 0
88 115 0 0
89 115 0 0
93 115 0 0
96 115 0 0
97 115 0 0
98 115 0 0
99 115 0 0
100 115 0 0
101 115 0 0
103 115 0 0
104 115 0 0
106 115 0 0
110 115 0 0
111 115 0 0
113 115 0 0
114 115 0 0
2 116 0 0
4 116 0 0
62 116 0 0
64 116 0 0
68 116 0 0
85 116 0 0
86 116 0 0
87 116 0 0
88 116 0 0
89 116 0 0
90 116 0 0
93 116 0 0
94 116 0 0
96 116 0 0
100 116 0 0
101 116 0 0
102 116 0 0
103 116 0 0
104 116 0 0
106 116 0 0
107 116 0 0
110 116 0 0
111 116 0 0
113 116 0 0
114 116 0 0
115 116 0 0
3 117 0 0
58 117 0 0
65 117 0 0
66 117 0 0
86 117 0 0
87 117 0 0
90 117 0 0
91 117 0 0
92 117 0 0
94 117 0 0
95 117 0 0
102 117 0 0
105 117 0 0
107 117 0 0
108 117 0 0
109 117 0 0
110 117 0 0
112 117 0 0
2 118 0 0
3 118 0 0
65 118 0 0
68 118 0 0
86 118 0 0
87 118 0 0
88 118 0 0
90 118 0 0
91 118 0 0
92 118 0 0
93 118 0 0
94 118 0 0
95 118 0 0
101 118 0 0
102 118 0 0
105 118 0 0
107 118 0 0
108 118 0 0
109 118 0 0
110 118 0 0
111 118 0 0
112 118 0 0
113 118 0 0
116 118 0 0
117 118 0 0
2 119 0 0
3 119 0 0
4 119 0 0
64 119 0 0
68 119 0 0
85 119 0 0
86 119 0 0
87 119 0 0
88 119 0 0
89 119 0 0
90 119 0 0
91 119 0 0
93 119 0 0
94 119 0 0
101 119 0 0
102 119 0 0
105 119 0 0
106 119 0 0
107 119 0 0
108 119 0 0
109 119 0 0
110 119 0 0
111 119 0 0
112 119 0 0
113 119 0 0
116 119 0 0
117 119 0 0
118 119 0 0
3 120 0 0
65 120 0 0
86 120 0 0
87 120 0 0
90 120 0 0
91 120 0 0
92 120 0 0
94 120 0 0
95 120 0 0
101 120 0 0
102 120 0 0
105 120 0 0
107 120 0 0
108 120 0 0
109 120 0 0
110 120 0 0
112 120 0 0
117 120 0 0
118 120 0 0
119 120 0 0
2 121 0 0
4 121 0 0
64 121 0 0
68 121 0 0
75 121 0 0
85 121 0 0
86 121 0 0
87 121 0 0
88 121 0 0
89 121 0 0
90 121 0 0
91 121 0 0
93 121 0 0
94 121 0 0
96 121 0 0
100 121 0 0
101 121 0 0
102 121 0 0
103 121 0 0
104 121 0 0
105 121 0 0
106 121 0 0
107 121 0 0
108 121 0 0
110 121 0 0
111 121 0 0
112 121 0 0
113 121 0 0
115 121 0 0
116 121 0 0
117 121 0 0
118 121 0 0
119 121 0 0
120 121 0 0
3 122 0 0
57 122 0 0
58 122 0 0
64 122 0 0
65 122 0 0
66 122 0 0
68 122 0 0
69 122 0 0
71 122 0 0
75 122 0 0
82 122 0 0
83 122 0 0
86 122 0 0
87 122 0 0
88 122 0 0
90 122 0 0
91 122 0 0
92 122 0 0
93 122 0 0
94 122 0 0
95 122 0 0
102 122 0 0
105 122 0 0
107 122 0 0
108 122 0 0
109 122 0 0
112 122 0 0
117 122 0 0
118 122 0 0
119 122 0 0
120 122 0 0
121 122 0 0
2 123 0 0
4 123 0 0
45 123 0 0
46 123 0 0
47 123 0 0
59 123 0 0
60 123 0 0
61 123 0 0
62 123 0 0
63 123 0 0
64 123 0 0
67 123 0 0
70 123 0 0
73 123 0 0
74 123 0 0
76 123 0 0
77 123 0 0
79 123 0 0
81 123 0 0
83 123 0 0
84 123 0 0
85 123 0 0
88 123 0 0
89 123 0 0
93 123 0 0
96 123 0 0
103 123 0 0
104 123 0 0
106 123 0 0
113 123 0 0
114 123 0 0
115 123 0 0
116 123 0 0
2 124 0 0
3 124 0 0
4 124 0 0
44 124 0 0
58 124 0 0
59 124 0 0
62 124 0 0
64 124 0 0
65 124 0 0
68 124 0 0
69 124 0 0
71 124 0 0
74 124 0 0
75 124 0 0
82 124 0 0
83 124 0 0
85 124 0 0
86 124 0 0
87 124 0 0
88 124 0 0
89 124 0 0
90 124 0 0
91 124 0 0
93 124 0 0
94 124 0 0
107 124 0 0
110 124 0 0
113 124 0 0
116 124 0 0
117 124 0 0
118 124 0 0
119 124 0 0
120 124 0 0
121 124 0 0
122 124 0 0
2 125 0 0
4 125 0 0
44 125 0 0
59 125 0 0
62 125 0 0
64 125 0 0
68 125 0 0
71 125 0 0
74 125 0 0
75 125 0 0
81 125 0 0
83 125 0 0
85 125 0 0
86 125 0 0
87 125 0 0
88 125 0 0
89 125 0 0
90 125 0 0
93 125 0 0
94 125 0 0
96 125 0 0
101 125 0 0
106 125 0 0
107 125 0 0
110 125 0 0
111 125 0 0
113 125 0 0
115 125 0 0
116 125 0 0
118 125 0 0
119 125 0 0
121 125 0 0
122 125 0 0
123 125 0 0
124 125 0 0
2 126 0 0
3 126 0 0
4 126 0 0
44 126 0 0
58 126 0 0
59 126 0 0
62 126 0 0
64 126 0 0
65 126 0 0
68 126 0 0
69 126 0 0
71 126 0 0
74 126 0 0
75 126 0 0
82 126 0 0
83 126 0 0
85 126 0 0
86 126 0 0
87 126 0 0
88 126 0 0
89 126 0 0
90 126 0 0
91 126 0 0
93 126 0 0
94 126 0 0
107 126 0 0
108 126 0 0
110 126 0 0
111 126 0 0
113 126 0 0
116 126 0 0
117 126 0 0
118 126 0 0
119 126 0 0
120 126 0 0
121 126 0 0
122 126 0 0
124 126 0 0
125 126 0 0
3 127 0 0
57 127 0 0
58 127 0 0
65 127 0 0
66 127 0 0
69 127 0 0
82 127 0 0
86 127 0 0
90 127 0 0
91 127 0 0
92 127 0 0
94 127 0 0
95 127 0 0
105 127 0 0
108 127 0 0
109 127 0 0
112 127 0 0
117 127 0 0
118 127 0 0
120 127 0 0
122 127 0 0
124 127 0 0
2 128 0 0
4 128 0 0
59 128 0 0
60 128 0 0
61 128 0 0
62 128 0 0
63 128 0 0
64 128 0 0
67 128 0 0
70 128 0 0
73 128 0 0
74 128 0 0
76 128 0 0
81 128 0 0
84 128 0 0
85 128 0 0
88 128 0 0
89 128 0 0
93 128 0 0
96 128 0 0
98 128 0 0
99 128 0 0
100 128 0 0
103 128 0 0
104 128 0 0
106 128 0 0
113 128 0 0
114 128 0 0
115 128 0 0
116 128 0 0
123 128 0 0
125 128 0 0
2 129 0 0
4 129 0 0
59 129 0 0
62 129 0 0
64 129 0 0
68 129 0 0
71 129 0 0
73 129 0 0
74 129 0 0
75 129 0 0
81 129 0 0
83 129 0 0
85 129 0 0
86 129 0 0
87 129 0 0
88 129 0 0
89 129 0 0
90 129 0 0
93 129 0 0
94 129 0 0
96 129 0 0
100 129 0 0
101 129 0 0
103 129 0 0
104 129 0 0
106 129 0 0
107 129 0 0
110 129 0 0
111 129 0 0
113 129 0 0
114 129 0 0
115 129 0 0
116 129 0 0
118 129 0 0
119 129 0 0
121 129 0 0
122 129 0 0
123 129 0 0
124 129 0 0
125 129 0 0
126 129 0 0
128 129 0 0
1 130 0 1
8 130 0 1
9 130 0 1
10 130 0 1
13 130 0 1
16 130 0 1
17 130 0 1
18 130 0 1
19 130 0 1
20 130 0 1
22 130 0 1
24 130 0 1
26 130 0 1
27 130 0 1
29 130 0 1
30 130 0 1
31 130 0 1
11 131 0 1
14 131 0 1
15 131 0 1
18 131 0 1
20 131 0 1
24 131 0 1
27 131 0 1
29 131 0 1
31 131 0 1
36 131 0 1
44 131 0 1
47 131 0 1
48 131 0 1
50 131 0 1
53 131 0 1
55 131 0 1
56 131 0 1
6 132 0 1
7 132 0 1
11 132 0 1
14 132 0 1
15 132 0 1
20 132 0 1
24 132 0 1
1 133 0 1
5 133 0 1
8 133 0 1
9 133 0 1
10 133 0 1
17 133 0 1
22 133 0 1
26 133 0 1
1 134 0 1
9 134 0 1
10 134 0 1
17 134 0 1
22 134 0 1
26 134 0 1
9 135 0 1
10 135 0 1
26 135 0 1
27 135 0 1
27 136 0 1
11 137 0 1
18 137 0 1
20 137 0 1
24 137 0 1
27 137 0 1
6 138 0 1
7 138 0 1
11 138 0 1
14 138 0 1
15 138 0 1
18 138 0 1
20 138 0 1
24 138 0 1
6 139 0 1
7 139 0 1
11 139 0 1
14 139 0 1
15 139 0 1
18 139 0 1
20 139 0 1
24 139 0 1
11 140 0 1
18 140 0 1
20 140 0 1
24 140 0 1
27 140 0 1
11 141 0 1
15 141 0 1
18 141 0 1
20 141 0 1
24 141 0 1
27 141 0 1
1 142 0 1
5 142 0 1
8 142 0 1
9 142 0 1
10 142 0 1
13 142 0 1
16 142 0 1
19 142 0 1
21 142 0 1
22 142 0 1
23 142 0 1
25 142 0 1
26 142 0 1
54 142 0 1
11 143 0 1
18 143 0 1
20 143 0 1
24 143 0 1
27 143 0 1
1 144 0 1
9 144 0 1
10 144 0 1
17 144 0 1
22 144 0 1
26 144 0 1
27 144 0 1
24 145 0 1
27 145 0 1
11 146 0 1
20 146 0 1
24 146 0 1
27 146 0 1
6 147 0 1
7 147 0 1
11 147 0 1
12 147 0 1
14 147 0 1
15 147 0 1
53 147 0 1
55 147 0 1
11 148 0 1
18 148 0 1
20 148 0 1
24 148 0 1
27 148 0 1
1 149 0 1
8 149 0 1
9 149 0 1
10 149 0 1
16 149 0 1
17 149 0 1
19 149 0 1
22 149 0 1
26 149 0 1
11 150 0 1
15 150 0 1
18 150 0 1
20 150 0 1
24 150 0 1
27 150 0 1
1 151 0 1
8 151 0 1
9 151 0 1
10 151 0 1
17 151 0 1
22 151 0 1
26 151 0 1
9 152 0 1
10 152 0 1
17 152 0 1
27 152 0 1
11 153 0 1
20 153 0 1
24 153 0 1
27 153 0 1
1 154 0 1
9 154 0 1
10 154 0 1
17 154 0 1
22 154 0 1
26 154 0 1
27 154 0 1
6 155 0 1
7 155 0 1
11 155 0 1
12 155 0 1
14 155 0 1
15 155 0 1
18 155 0 1
20 155 0 1
24 155 0 1
53 155 0 1
55 155 0 1
11 156 0 1
24 156 0 1
27 156 0 1
11 157 0 1
15 157 0 1
18 157 0 1
20 157 0 1
24 157 0 1
27 157 0 1
56 157 0 1
11 158 0 1
18 158 0 1
20 158 0 1
24 158 0 1
27 158 0 1
24 159 0 1
27 159 0 1
6 160 0 1
7 160 0 1
11 160 0 1
12 160 0 1
14 160 0 1
15 160 0 1
18 160 0 1
20 160 0 1
24 160 0 1
53 160 0 1
55 160 0 1
11 161 0 1
20 161 0 1
24 161 0 1
27 161 0 1
1 162 0 1
5 162 0 1
8 162 0 1
9 162 0 1
10 162 0 1
13 162 0 1
16 162 0 1
17 162 0 1
19 162 0 1
21 162 0 1
22 162 0 1
23 162 0 1
25 162 0 1
26 162 0 1
28 162 0 1
30 162 0 1
32 162 0 1
33 162 0 1
54 162 0 1
1 163 0 1
8 163 0 1
9 163 0 1
10 163 0 1
13 163 0 1
16 163 0 1
17 163 0 1
19 163 0 1
21 163 0 1
22 163 0 1
23 163 0 1
25 163 0 1
26 163 0 1
30 163 0 1
31 163 0 1
54 163 0 1
6 164 0 1
7 164 0 1
11 164 0 1
14 164 0 1
15 164 0 1
18 164 0 1
20 164 0 1
24 164 0 1
53 164 0 1
55 164 0 1
56 164 0 1
6 165 0 1
7 165 0 1
11 165 0 1
14 165 0 1
15 165 0 1
18 165 0 1
20 165 0 1
24 165 0 1
27 165 0 1
53 165 0 1
55 165 0 1
56 165 0 1
1 166 0 1
8 166 0 1
9 166 0 1
10 166 0 1
13 166 0 1
16 166 0 1
17 166 0 1
19 166 0 1
22 166 0 1
23 166 0 1
26 166 0 1
29 166 0 1
30 166 0 1
31 166 0 1
34 166 0 1
54 166 0 1
11 167 0 1
14 167 0 1
15 167 0 1
18 167 0 1
20 167 0 1
24 167 0 1
27 167 0 1
55 167 0 1
56 167 0 1
1 168 0 1
8 168 0 1
9 168 0 1
10 168 0 1
13 168 0 1
16 168 0 1
17 168 0 1
19 168 0 1
22 168 0 1
26 168 0 1
30 168 0 1
31 168 0 1
6 169 0 1
7 169 0 1
11 169 0 1
14 169 0 1
15 169 0 1
18 169 0 1
20 169 0 1
24 169 0 1
53 169 0 1
55 169 0 1
56 169 0 1
6 170 0 1
7 170 0 1
12 170 0 1
14 170 0 1
15 170 0 1
53 170 0 1
55 170 0 1
6 171 0 1
7 171 0 1
11 171 0 1
12 171 0 1
14 171 0 1
15 171 0 1
18 171 0 1
20 171 0 1
24 171 0 1
53 171 0 1
55 171 0 1
56 171 0 1
6 172 0 1
7 172 0 1
11 172 0 1
12 172 0 1
14 172 0 1
15 172 0 1
18 172 0 1
20 172 0 1
24 172 0 1
53 172 0 1
55 172 0 1
56 172 0 1
11 173 0 1
14 173 0 1
15 173 0 1
18 173 0 1
20 173 0 1
24 173 0 1
27 173 0 1
56 173 0 1
11 174 0 1
20 174 0 1
24 174 0 1
27 174 0 1
6 175 0 1
7 175 0 1
11 175 0 1
12 175 0 1
14 175 0 1
15 175 0 1
18 175 0 1
20 175 0 1
24 175 0 1
53 175 0 1
55 175 0 1
56 175 0 1
11 176 0 1
18 176 0 1
20 176 0 1
24 176 0 1
27 176 0 1
56 176 0 1
6 177 0 1
7 177 0 1
11 177 0 1
14 177 0 1
15 177 0 1
18 177 0 1
20 177 0 1
24 177 0 1
27 177 0 1
53 177 0 1
55 177 0 1
56 177 0 1
7 178 0 1
11 178 0 1
14 178 0 1
15 178 0 1
18 178 0 1
20 178 0 1
24 178 0 1
27 178 0 1
53 178 0 1
55 178 0 1
56 178 0 1
6 179 0 1
7 179 0 1
12 179 0 1
14 179 0 1
15 179 0 1
18 179 0 1
20 179 0 1
53 179 0 1
55 179 0 1
11 180 0 1
18 180 0 1
20 180 0 1
24 180 0 1
27 180 0 1
56 180 0 1
1 181 0 1
13 181 0 1
16 181 0 1
17 181 0 1
19 181 0 1
21 181 0 1
22 181 0 1
23 181 0 1
25 181 0 1
28 181 0 1
30 181 0 1
32 181 0 1
33 181 0 1
34 181 0 1
35 181 0 1
37 181 0 1
40 181 0 1
41 181 0 1
42 181 0 1
49 181 0 1
54 181 0 1
1 182 0 1
8 182 0 1
13 182 0 1
16 182 0 1
17 182 0 1
19 182 0 1
21 182 0 1
22 182 0 1
23 182 0 1
25 182 0 1
26 182 0 1
28 182 0 1
29 182 0 1
30 182 0 1
31 182 0 1
32 182 0 1
33 182 0 1
34 182 0 1
35 182 0 1
37 182 0 1
38 182 0 1
40 182 0 1
41 182 0 1
42 182 0 1
54 182 0 1
14 183 0 1
15 183 0 1
18 183 0 1
20 183 0 1
24 183 0 1
53 183 0 1
55 183 0 1
56 183 0 1
1 184 0 1
13 184 0 1
16 184 0 1
17 184 0 1
19 184 0 1
21 184 0 1
22 184 0 1
23 184 0 1
25 184 0 1
26 184 0 1
28 184 0 1
29 184 0 1
30 184 0 1
31 184 0 1
32 184 0 1
33 184 0 1
34 184 0 1
35 184 0 1
37 184 0 1
38 184 0 1
39 184 0 1
40 184 0 1
41 184 0 1
42 184 0 1
49 184 0 1
51 184 0 1
54 184 0 1
78 184 0 1
17 185 0 1
27 185 0 1
29 185 0 1
31 185 0 1
39 185 0 1
47 185 0 1
48 185 0 1
12 186 0 1
14 186 0 1
15 186 0 1
18 186 0 1
20 186 0 1
53 186 0 1
55 186 0 1
56 186 0 1
12 187 0 1
14 187 0 1
15 187 0 1
18 187 0 1
20 187 0 1
53 187 0 1
55 187 0 1
56 187 0 1
1 188 0 1
13 188 0 1
17 188 0 1
19 188 0 1
22 188 0 1
26 188 0 1
29 188 0 1
30 188 0 1
31 188 0 1
34 188 0 1
35 188 0 1
38 188 0 1
39 188 0 1
40 188 0 1
41 188 0 1
47 188 0 1
52 188 0 1
17 189 0 1
27 189 0 1
29 189 0 1
30 189 0 1
31 189 0 1
38 189 0 1
39 189 0 1
47 189 0 1
48 189 0 1
50 189 0 1
15 190 0 1
18 190 0 1
20 190 0 1
24 190 0 1
27 190 0 1
36 190 0 1
56 190 0 1
6 191 0 1
12 191 0 1
14 191 0 1
15 191 0 1
18 191 0 1
20 191 0 1
53 191 0 1
55 191 0 1
56 191 0 1
1 192 0 1
10 192 0 1
13 192 0 1
16 192 0 1
17 192 0 1
19 192 0 1
22 192 0 1
23 192 0 1
26 192 0 1
28 192 0 1
29 192 0 1
30 192 0 1
31 192 0 1
32 192 0 1
33 192 0 1
34 192 0 1
35 192 0 1
38 192 0 1
39 192 0 1
40 192 0 1
41 192 0 1
42 192 0 1
47 192 0 1
52 192 0 1
54 192 0 1
17 193 0 1
22 193 0 1
27 193 0 1
29 193 0 1
30 193 0 1
31 193 0 1
39 193 0 1
47 193 0 1
27 194 0 1
29 194 0 1
31 194 0 1
1 195 0 1
8 195 0 1
9 195 0 1
10 195 0 1
13 195 0 1
16 195 0 1
17 195 0 1
19 195 0 1
21 195 0 1
22 195 0 1
23 195 0 1
26 195 0 1
28 195 0 1
29 195 0 1
30 195 0 1
31 195 0 1
33 195 0 1
34 195 0 1
35 195 0 1
40 195 0 1
41 195 0 1
54 195 0 1
6 196 0 1
7 196 0 1
12 196 0 1
14 196 0 1
15 196 0 1
53 196 0 1
55 196 0 1
1 197 0 1
10 197 0 1
17 197 0 1
22 197 0 1
26 197 0 1
27 197 0 1
29 197 0 1
30 197 0 1
31 197 0 1
34 197 0 1
11 198 0 1
12 198 0 1
14 198 0 1
15 198 0 1
18 198 0 1
20 198 0 1
24 198 0 1
27 198 0 1
53 198 0 1
55 198 0 1
56 198 0 1
11 199 0 1
18 199 0 1
20 199 0 1
24 199 0 1
27 199 0 1
56 199 0 1
11 200 0 1
18 200 0 1
20 200 0 1
24 200 0 1
27 200 0 1
56 200 0 1
6 201 0 1
7 201 0 1
12 201 0 1
14 201 0 1
15 201 0 1
18 201 0 1
20 201 0 1
53 201 0 1
55 201 0 1
56 201 0 1
6 202 0 1
7 202 0 1
11 202 0 1
12 202 0 1
14 202 0 1
15 202 0 1
18 202 0 1
20 202 0 1
24 202 0 1
53 202 0 1
55 202 0 1
56 202 0 1
6 203 0 1
7 203 0 1
11 203 0 1
12 203 0 1
14 203 0 1
15 203 0 1
18 203 0 1
20 203 0 1
24 203 0 1
53 203 0 1
55 203 0 1
56 203 0 1
11 204 0 1
14 204 0 1
15 204 0 1
18 204 0 1
20 204 0 1
24 204 0 1
27 204 0 1
56 204 0 1
1 205 0 1
10 205 0 1
13 205 0 1
16 205 0 1
17 205 0 1
19 205 0 1
22 205 0 1
26 205 0 1
29 205 0 1
30 205 0 1
31 205 0 1
34 205 0 1
35 205 0 1
39 205 0 1
40 205 0 1
41 205 0 1
54 205 0 1
13 206 0 1
19 206 0 1
28 206 0 1
30 206 0 1
32 206 0 1
33 206 0 1
34 206 0 1
35 206 0 1
37 206 0 1
38 206 0 1
40 206 0 1
41 206 0 1
42 206 0 1
43 206 0 1
49 206 0 1
51 206 0 1
52 206 0 1
54 206 0 1
77 206 0 1
78 206 0 1
29 207 0 1
30 207 0 1
31 207 0 1
32 207 0 1
33 207 0 1
34 207 0 1
35 207 0 1
37 207 0 1
38 207 0 1
39 207 0 1
40 207 0 1
41 207 0 1
42 207 0 1
43 207 0 1
45 207 0 1
46 207 0 1
47 207 0 1
49 207 0 1
51 207 0 1
52 207 0 1
70 207 0 1
73 207 0 1
76 207 0 1
77 207 0 1
78 207 0 1
79 207 0 1
84 207 0 1
12 208 0 1
53 208 0 1
55 208 0 1
80 208 0 1
12 209 0 1
53 209 0 1
55 209 0 1
80 209 0 1
12 210 0 1
15 210 0 1
18 210 0 1
36 210 0 1
53 210 0 1
55 210 0 1
56 210 0 1
36 211 0 1
44 211 0 1
48 211 0 1
50 211 0 1
56 211 0 1
79 211 0 1
81 211 0 1
83 211 0 1
36 212 0 1
44 212 0 1
45 212 0 1
47 212 0 1
48 212 0 1
50 212 0 1
79 212 0 1
81 212 0 1
83 212 0 1
12 213 0 1
53 213 0 1
55 213 0 1
56 213 0 1
69 213 0 1
80 213 0 1
82 213 0 1
29 214 0 1
31 214 0 1
36 214 0 1
39 214 0 1
44 214 0 1
45 214 0 1
47 214 0 1
48 214 0 1
50 214 0 1
74 214 0 1
76 214 0 1
79 214 0 1
81 214 0 1
83 214 0 1
18 215 0 1
36 215 0 1
44 215 0 1
48 215 0 1
50 215 0 1
56 215 0 1
71 215 0 1
82 215 0 1
83 215 0 1
29 216 0 1
31 216 0 1
34 216 0 1
38 216 0 1
39 216 0 1
41 216 0 1
44 216 0 1
45 216 0 1
46 216 0 1
47 216 0 1
48 216 0 1
50 216 0 1
51 216 0 1
52 216 0 1
70 216 0 1
76 216 0 1
79 216 0 1
81 216 0 1
83 216 0 1
36 217 0 1
44 217 0 1
48 217 0 1
50 217 0 1
56 217 0 1
71 217 0 1
75 217 0 1
79 217 0 1
81 217 0 1
82 217 0 1
83 217 0 1
36 218 0 1
44 218 0 1
45 218 0 1
47 218 0 1
48 218 0 1
50 218 0 1
56 218 0 1
71 218 0 1
75 218 0 1
79 218 0 1
81 218 0 1
83 218 0 1
29 219 0 1
32 219 0 1
33 219 0 1
34 219 0 1
35 219 0 1
37 219 0 1
38 219 0 1
39 219 0 1
40 219 0 1
41 219 0 1
42 219 0 1
43 219 0 1
45 219 0 1
46 219 0 1
47 219 0 1
49 219 0 1
51 219 0 1
52 219 0 1
60 219 0 1
61 219 0 1
63 219 0 1
67 219 0 1
70 219 0 1
72 219 0 1
73 219 0 1
76 219 0 1
77 219 0 1
78 219 0 1
79 219 0 1
84 219 0 1
3 220 0 1
57 220 0 1
58 220 0 1
65 220 0 1
66 220 0 1
69 220 0 1
80 220 0 1
127 220 0 1
3 221 0 1
57 221 0 1
58 221 0 1
65 221 0 1
66 221 0 1
69 221 0 1
80 221 0 1
82 221 0 1
92 221 0 1
122 221 0 1
127 221 0 1
4 222 0 1
36 222 0 1
44 222 0 1
45 222 0 1
47 222 0 1
48 222 0 1
50 222 0 1
59 222 0 1
62 222 0 1
64 222 0 1
68 222 0 1
70 222 0 1
71 222 0 1
73 222 0 1
74 222 0 1
75 222 0 1
76 222 0 1
79 222 0 1
81 222 0 1
83 222 0 1
85 222 0 1
87 222 0 1
88 222 0 1
89 222 0 1
93 222 0 1
96 222 0 1
113 222 0 1
123 222 0 1
124 222 0 1
125 222 0 1
126 222 0 1
128 222 0 1
129 222 0 1
3 223 0 1
36 223 0 1
44 223 0 1
48 223 0 1
50 223 0 1
58 223 0 1
64 223 0 1
65 223 0 1
68 223 0 1
69 223 0 1
71 223 0 1
74 223 0 1
75 223 0 1
82 223 0 1
83 223 0 1
86 223 0 1
87 223 0 1
88 223 0 1
90 223 0 1
91 223 0 1
94 223 0 1
122 223 0 1
124 223 0 1
125 223 0 1
126 223 0 1
127 223 0 1
4 224 0 1
36 224 0 1
44 224 0 1
48 224 0 1
50 224 0 1
58 224 0 1
59 224 0 1
62 224 0 1
64 224 0 1
65 224 0 1
68 224 0 1
69 224 0 1
71 224 0 1
74 224 0 1
75 224 0 1
79 224 0 1
81 224 0 1
82 224 0 1
83 224 0 1
87 224 0 1
122 224 0 1
124 224 0 1
125 224 0 1
126 224 0 1
43 225 0 1
46 225 0 1
49 225 0 1
51 225 0 1
52 225 0 1
60 225 0 1
61 225 0 1
63 225 0 1
67 225 0 1
70 225 0 1
72 225 0 1
76 225 0 1
77 225 0 1
78 225 0 1
84 225 0 1
4 226 0 1
36 226 0 1
44 226 0 1
50 226 0 1
58 226 0 1
59 226 0 1
62 226 0 1
64 226 0 1
65 226 0 1
68 226 0 1
69 226 0 1
71 226 0 1
74 226 0 1
75 226 0 1
81 226 0 1
82 226 0 1
83 226 0 1
85 226 0 1
86 226 0 1
87 226 0 1
88 226 0 1
90 226 0 1
91 226 0 1
93 226 0 1
94 226 0 1
113 226 0 1
116 226 0 1
118 226 0 1
119 226 0 1
121 226 0 1
122 226 0 1
124 226 0 1
125 226 0 1
126 226 0 1
129 226 0 1
43 227 0 1
60 227 0 1
61 227 0 1
63 227 0 1
67 227 0 1
72 227 0 1
77 227 0 1
78 227 0 1
84 227 0 1
3 228 0 1
4 228 0 1
44 228 0 1
58 228 0 1
64 228 0 1
65 228 0 1
66 228 0 1
68 228 0 1
69 228 0 1
71 228 0 1
74 228 0 1
75 228 0 1
82 228 0 1
83 228 0 1
86 228 0 1
87 228 0 1
88 228 0 1
90 228 0 1
91 228 0 1
92 228 0 1
93 228 0 1
94 228 0 1
107 228 0 1
113 228 0 1
116 228 0 1
117 228 0 1
118 228 0 1
119 228 0 1
120 228 0 1
121 228 0 1
122 228 0 1
124 228 0 1
125 228 0 1
126 228 0 1
127 228 0 1
129 228 0 1
2 229 0 1
3 229 0 1
4 229 0 1
44 229 0 1
58 229 0 1
59 229 0 1
62 229 0 1
64 229 0 1
65 229 0 1
68 229 0 1
69 229 0 1
71 229 0 1
74 229 0 1
75 229 0 1
81 229 0 1
82 229 0 1
83 229 0 1
85 229 0 1
86 229 0 1
87 229 0 1
88 229 0 1
89 229 0 1
90 229 0 1
91 229 0 1
93 229 0 1
94 229 0 1
107 229 0 1
113 229 0 1
116 229 0 1
117 229 0 1
118 229 0 1
119 229 0 1
120 229 0 1
121 229 0 1
122 229 0 1
124 229 0 1
125 229 0 1
126 229 0 1
129 229 0 1
4 230 0 1
38 230 0 1
39 230 0 1
41 230 0 1
42 230 0 1
43 230 0 1
45 230 0 1
46 230 0 1
47 230 0 1
49 230 0 1
51 230 0 1
52 230 0 1
59 230 0 1
60 230 0 1
61 230 0 1
63 230 0 1
67 230 0 1
70 230 0 1
72 230 0 1
73 230 0 1
76 230 0 1
77 230 0 1
78 230 0 1
84 230 0 1
96 230 0 1
123 230 0 1
128 230 0 1
4 231 0 1
38 231 0 1
39 231 0 1
41 231 0 1
45 231 0 1
46 231 0 1
47 231 0 1
51 231 0 1
52 231 0 1
59 231 0 1
60 231 0 1
61 231 0 1
62 231 0 1
63 231 0 1
64 231 0 1
67 231 0 1
70 231 0 1
72 231 0 1
73 231 0 1
76 231 0 1
77 231 0 1
78 231 0 1
79 231 0 1
81 231 0 1
84 231 0 1
89 231 0 1
96 231 0 1
123 231 0 1
128 231 0 1
4 232 0 1
36 232 0 1
44 232 0 1
48 232 0 1
50 232 0 1
58 232 0 1
59 232 0 1
62 232 0 1
64 232 0 1
65 232 0 1
68 232 0 1
69 232 0 1
71 232 0 1
74 232 0 1
75 232 0 1
79 232 0 1
81 232 0 1
82 232 0 1
83 232 0 1
85 232 0 1
86 232 0 1
87 232 0 1
88 232 0 1
90 232 0 1
93 232 0 1
94 232 0 1
113 232 0 1
122 232 0 1
124 232 0 1
125 232 0 1
126 232 0 1
129 232 0 1
3 233 0 1
57 233 0 1
58 233 0 1
65 233 0 1
66 233 0 1
69 233 0 1
80 233 0 1
82 233 0 1
86 233 0 1
91 233 0 1
92 233 0 1
95 233 0 1
122 233 0 1
127 233 0 1
3 234 0 1
36 234 0 1
44 234 0 1
57 234 0 1
58 234 0 1
65 234 0 1
66 234 0 1
68 234 0 1
69 234 0 1
71 234 0 1
75 234 0 1
82 234 0 1
83 234 0 1
86 234 0 1
87 234 0 1
90 234 0 1
91 234 0 1
92 234 0 1
94 234 0 1
95 234 0 1
117 234 0 1
122 234 0 1
124 234 0 1
125 234 0 1
126 234 0 1
127 234 0 1
4 235 0 1
38 235 0 1
39 235 0 1
43 235 0 1
45 235 0 1
46 235 0 1
47 235 0 1
49 235 0 1
51 235 0 1
52 235 0 1
59 235 0 1
60 235 0 1
61 235 0 1
62 235 0 1
63 235 0 1
67 235 0 1
70 235 0 1
72 235 0 1
73 235 0 1
76 235 0 1
77 235 0 1
78 235 0 1
79 235 0 1
84 235 0 1
96 235 0 1
114 235 0 1
123 235 0 1
128 235 0 1
4 236 0 1
38 236 0 1
39 236 0 1
45 236 0 1
46 236 0 1
47 236 0 1
51 236 0 1
52 236 0 1
59 236 0 1
60 236 0 1
61 236 0 1
62 236 0 1
63 236 0 1
64 236 0 1
67 236 0 1
70 236 0 1
73 236 0 1
74 236 0 1
76 236 0 1
77 236 0 1
78 236 0 1
79 236 0 1
81 236 0 1
83 236 0 1
84 236 0 1
85 236 0 1
89 236 0 1
96 236 0 1
113 236 0 1
114 236 0 1
123 236 0 1
128 236 0 1
129 236 0 1
4 237 0 1
36 237 0 1
44 237 0 1
45 237 0 1
47 237 0 1
48 237 0 1
50 237 0 1
59 237 0 1
62 237 0 1
64 237 0 1
68 237 0 1
71 237 0 1
73 237 0 1
74 237 0 1
75 237 0 1
76 237 0 1
79 237 0 1
81 237 0 1
83 237 0 1
4 238 0 1
36 238 0 1
44 238 0 1
45 238 0 1
47 238 0 1
48 238 0 1
50 238 0 1
59 238 0 1
62 238 0 1
64 238 0 1
68 238 0 1
71 238 0 1
73 238 0 1
74 238 0 1
75 238 0 1
79 238 0 1
81 238 0 1
82 238 0 1
83 238 0 1
124 238 0 1
125 238 0 1
126 238 0 1
3 239 0 1
57 239 0 1
66 239 0 1
80 239 0 1
3 240 0 1
57 240 0 1
58 240 0 1
65 240 0 1
66 240 0 1
69 240 0 1
80 240 0 1
82 240 0 1
3 241 0 1
57 241 0 1
58 241 0 1
65 241 0 1
66 241 0 1
69 241 0 1
80 241 0 1
82 241 0 1
3 242 0 1
57 242 0 1
58 242 0 1
65 242 0 1
66 242 0 1
69 242 0 1
80 242 0 1
82 242 0 1
127 242 0 1
3 243 0 1
36 243 0 1
57 243 0 1
58 243 0 1
65 243 0 1
66 243 0 1
69 243 0 1
71 243 0 1
80 243 0 1
82 243 0 1
122 243 0 1
127 243 0 1
2 244 0 1
4 244 0 1
59 244 0 1
60 244 0 1
61 244 0 1
62 244 0 1
63 244 0 1
64 244 0 1
67 244 0 1
70 244 0 1
73 244 0 1
76 244 0 1
78 244 0 1
84 244 0 1
85 244 0 1
88 244 0 1
89 244 0 1
96 244 0 1
97 244 0 1
98 244 0 1
99 244 0 1
100 244 0 1
103 244 0 1
104 244 0 1
106 244 0 1
113 244 0 1
114 244 0 1
115 244 0 1
123 244 0 1
128 244 0 1
129 244 0 1
60 245 0 1
61 245 0 1
63 245 0 1
67 245 0 1
72 245 0 1
77 245 0 1
78 245 0 1
84 245 0 1
97 245 0 1
114 245 0 1
128 245 0 1
4 246 0 1
60 246 0 1
61 246 0 1
63 246 0 1
67 246 0 1
78 246 0 1
89 246 0 1
96 246 0 1
97 246 0 1
98 246 0 1
99 246 0 1
100 246 0 1
103 246 0 1
104 246 0 1
106 246 0 1
114 246 0 1
115 246 0 1
123 246 0 1
128 246 0 1
2 247 0 1
4 247 0 1
59 247 0 1
60 247 0 1
61 247 0 1
62 247 0 1
63 247 0 1
67 247 0 1
70 247 0 1
73 247 0 1
85 247 0 1
89 247 0 1
96 247 0 1
97 247 0 1
98 247 0 1
99 247 0 1
100 247 0 1
103 247 0 1
104 247 0 1
106 247 0 1
113 247 0 1
114 247 0 1
115 247 0 1
123 247 0 1
128 247 0 1
129 247 0 1
60 248 0 1
61 248 0 1
63 248 0 1
67 248 0 1
72 248 0 1
78 248 0 1
97 248 0 1
98 248 0 1
99 248 0 1
3 249 0 1
65 249 0 1
86 249 0 1
90 249 0 1
91 249 0 1
92 249 0 1
94 249 0 1
95 249 0 1
102 249 0 1
105 249 0 1
107 249 0 1
108 249 0 1
109 249 0 1
110 249 0 1
112 249 0 1
117 249 0 1
118 249 0 1
119 249 0 1
120 249 0 1
122 249 0 1
127 249 0 1
2 250 0 1
4 250 0 1
85 250 0 1
89 250 0 1
96 250 0 1
97 250 0 1
98 250 0 1
99 250 0 1
100 250 0 1
103 250 0 1
104 250 0 1
106 250 0 1
113 250 0 1
114 250 0 1
115 250 0 1
123 250 0 1
128 250 0 1
2 251 0 1
3 251 0 1
86 251 0 1
87 251 0 1
88 251 0 1
90 251 0 1
91 251 0 1
93 251 0 1
94 251 0 1
101 251 0 1
102 251 0 1
105 251 0 1
107 251 0 1
108 251 0 1
109 251 0 1
110 251 0 1
111 251 0 1
112 251 0 1
113 251 0 1
116 251 0 1
117 251 0 1
118 251 0 1
119 251 0 1
120 251 0 1
121 251 0 1
122 251 0 1
124 251 0 1
125 251 0 1
126 251 0 1
129 251 0 1
2 252 0 1
4 252 0 1
85 252 0 1
89 252 0 1
96 252 0 1
97 252 0 1
98 252 0 1
99 252 0 1
100 252 0 1
103 252 0 1
104 252 0 1
106 252 0 1
111 252 0 1
113 252 0 1
114 252 0 1
115 252 0 1
128 252 0 1
2 253 0 1
3 253 0 1
86 253 0 1
87 253 0 1
88 253 0 1
90 253 0 1
91 253 0 1
92 253 0 1
93 253 0 1
94 253 0 1
101 253 0 1
102 253 0 1
105 253 0 1
107 253 0 1
108 253 0 1
109 253 0 1
110 253 0 1
111 253 0 1
112 253 0 1
116 253 0 1
117 253 0 1
118 253 0 1
119 253 0 1
120 253 0 1
121 253 0 1
2 254 0 1
4 254 0 1
67 254 0 1
85 254 0 1
89 254 0 1
96 254 0 1
97 254 0 1
98 254 0 1
99 254 0 1
100 254 0 1
103 254 0 1
104 254 0 1
106 254 0 1
113 254 0 1
114 254 0 1
115 254 0 1
123 254 0 1
128 254 0 1
2 255 0 1
4 255 0 1
61 255 0 1
63 255 0 1
67 255 0 1
89 255 0 1
96 255 0 1
97 255 0 1
98 255 0 1
99 255 0 1
100 255 0 1
103 255 0 1
104 255 0 1
106 255 0 1
113 255 0 1
114 255 0 1
115 255 0 1
123 255 0 1
128 255 0 1
63 256 0 1
67 256 0 1
78 256 0 1
97 256 0 1
98 256 0 1
63 257 0 1
67 257 0 1
78 257 0 1
97 257 0 1
98 257 0 1
99 257 0 1
114 257 0 1
63 258 0 1
67 258 0 1
97 258 0 1
98 258 0 1
99 258 0 1
103 258 0 1
114 258 0 1
115 258 0 1
67 259 0 1
97 259 0 1
98 259 0 1
99 259 0 1
103 259 0 1
2 260 0 1
4 260 0 1
67 260 0 1
89 260 0 1
96 260 0 1
97 260 0 1
98 260 0 1
99 260 0 1
100 260 0 1
103 260 0 1
104 260 0 1
106 260 0 1
114 260 0 1
115 260 0 1
123 260 0 1
128 260 0 1
60 261 0 1
61 261 0 1
63 261 0 1
67 261 0 1
72 261 0 1
78 261 0 1
84 261 0 1
96 261 0 1
97 261 0 1
98 261 0 1
99 261 0 1
103 261 0 1
114 261 0 1
123 261 0 1
128 261 0 1
4 262 0 1
60 262 0 1
61 262 0 1
63 262 0 1
67 262 0 1
70 262 0 1
72 262 0 1
73 262 0 1
77 262 0 1
78 262 0 1
84 262 0 1
96 262 0 1
97 262 0 1
98 262 0 1
99 262 0 1
103 262 0 1
104 262 0 1
114 262 0 1
115 262 0 1
123 262 0 1
128 262 0 1
2 263 0 1
4 263 0 1
59 263 0 1
60 263 0 1
61 263 0 1
62 263 0 1
63 263 0 1
64 263 0 1
67 263 0 1
70 263 0 1
73 263 0 1
76 263 0 1
78 263 0 1
84 263 0 1
85 263 0 1
89 263 0 1
96 263 0 1
97 263 0 1
98 263 0 1
99 263 0 1
100 263 0 1
103 263 0 1
104 263 0 1
106 263 0 1
113 263 0 1
114 263 0 1
115 263 0 1
123 263 0 1
128 263 0 1
129 263 0 1
2 264 0 1
4 264 0 1
60 264 0 1
61 264 0 1
63 264 0 1
67 264 0 1
70 264 0 1
73 264 0 1
78 264 0 1
85 264 0 1
89 264 0 1
96 264 0 1
97 264 0 1
98 264 0 1
99 264 0 1
100 264 0 1
103 264 0 1
104 264 0 1
106 264 0 1
113 264 0 1
114 264 0 1
115 264 0 1
123 264 0 1
128 264 0 1
60 265 0 1
61 265 0 1
63 265 0 1
67 265 0 1
72 265 0 1
78 265 0 1
97 265 0 1
98 265 0 1
99 265 0 1
103 265 0 1
114 265 0 1
3 266 0 1
57 266 0 1
58 266 0 1
65 266 0 1
66 266 0 1
68 266 0 1
69 266 0 1
71 266 0 1
75 266 0 1
82 266 0 1
83 266 0 1
86 266 0 1
87 266 0 1
88 266 0 1
90 266 0 1
91 266 0 1
92 266 0 1
94 266 0 1
95 266 0 1
105 266 0 1
107 266 0 1
108 266 0 1
112 266 0 1
117 266 0 1
118 266 0 1
119 266 0 1
120 266 0 1
121 266 0 1
122 266 0 1
124 266 0 1
125 266 0 1
126 266 0 1
127 266 0 1
2 267 0 1
4 267 0 1
45 267 0 1
46 267 0 1
52 267 0 1
59 267 0 1
60 267 0 1
61 267 0 1
62 267 0 1
63 267 0 1
64 267 0 1
67 267 0 1
70 267 0 1
72 267 0 1
73 267 0 1
76 267 0 1
77 267 0 1
78 267 0 1
79 267 0 1
81 267 0 1
84 267 0 1
85 267 0 1
89 267 0 1
96 267 0 1
97 267 0 1
98 267 0 1
99 267 0 1
103 267 0 1
104 267 0 1
106 267 0 1
113 267 0 1
114 267 0 1
115 267 0 1
123 267 0 1
128 267 0 1
129 267 0 1
2 268 0 1
3 268 0 1
4 268 0 1
44 268 0 1
58 268 0 1
62 268 0 1
64 268 0 1
65 268 0 1
68 268 0 1
69 268 0 1
71 268 0 1
74 268 0 1
75 268 0 1
82 268 0 1
83 268 0 1
85 268 0 1
86 268 0 1
87 268 0 1
88 268 0 1
90 268 0 1
91 268 0 1
92 268 0 1
93 268 0 1
94 268 0 1
107 268 0 1
108 268 0 1
113 268 0 1
116 268 0 1
117 268 0 1
118 268 0 1
119 268 0 1
120 268 0 1
121 268 0 1
122 268 0 1
124 268 0 1
125 268 0 1
126 268 0 1
127 268 0 1
129 268 0 1
60 269 0 1
61 269 0 1
63 269 0 1
67 269 0 1
72 269 0 1
77 269 0 1
78 269 0 1
84 269 0 1
60 270 0 1
61 270 0 1
63 270 0 1
67 270 0 1
72 270 0 1
77 270 0 1
78 270 0 1
84 270 0 1
97 270 0 1
98 270 0 1
29 271 0 1
31 271 0 1
36 271 0 1
38 271 0 1
39 271 0 1
44 271 0 1
45 271 0 1
46 271 0 1
47 271 0 1
48 271 0 1
50 271 0 1
52 271 0 1
59 271 0 1
62 271 0 1
64 271 0 1
70 271 0 1
71 271 0 1
73 271 0 1
74 271 0 1
75 271 0 1
76 271 0 1
79 271 0 1
81 271 0 1
83 271 0 1
3 272 0 1
55 272 0 1
57 272 0 1
58 272 0 1
65 272 0 1
66 272 0 1
69 272 0 1
80 272 0 1
82 272 0 1
3 273 0 1
53 273 0 1
55 273 0 1
57 273 0 1
58 273 0 1
69 273 0 1
80 273 0 1
3 274 0 1
18 274 0 1
36 274 0 1
44 274 0 1
48 274 0 1
50 274 0 1
53 274 0 1
55 274 0 1
56 274 0 1
57 274 0 1
58 274 0 1
65 274 0 1
66 274 0 1
68 274 0 1
69 274 0 1
71 274 0 1
74 274 0 1
75 274 0 1
82 274 0 1
83 274 0 1
122 274 0 1
124 274 0 1
3 275 0 1
55 275 0 1
57 275 0 1
80 275 0 1
29 276 0 1
31 276 0 1
34 276 0 1
38 276 0 1
39 276 0 1
41 276 0 1
45 276 0 1
46 276 0 1
47 276 0 1
48 276 0 1
50 276 0 1
51 276 0 1
52 276 0 1
59 276 0 1
70 276 0 1
73 276 0 1
76 276 0 1
77 276 0 1
78 276 0 1
79 276 0 1
81 276 0 1
83 276 0 1
84 276 0 1
36 277 0 1
44 277 0 1
45 277 0 1
47 277 0 1
48 277 0 1
50 277 0 1
71 277 0 1
74 277 0 1
75 277 0 1
79 277 0 1
81 277 0 1
82 277 0 1
83 277 0 1
55 278 0 1
56 278 0 1
57 278 0 1
58 278 0 1
69 278 0 1
80 278 0 1
82 278 0 1
36 279 0 1
55 279 0 1
56 279 0 1
57 279 0 1
58 279 0 1
69 279 0 1
80 279 0 1
82 279 0 1
4 280 0 1
29 280 0 1
31 280 0 1
34 280 0 1
35 280 0 1
38 280 0 1
39 280 0 1
40 280 0 1
41 280 0 1
45 280 0 1
46 280 0 1
47 280 0 1
48 280 0 1
50 280 0 1
51 280 0 1
52 280 0 1
59 280 0 1
60 280 0 1
61 280 0 1
62 280 0 1
70 280 0 1
73 280 0 1
76 280 0 1
77 280 0 1
78 280 0 1
79 280 0 1
81 280 0 1
83 280 0 1
84 280 0 1
36 281 0 1
56 281 0 1
57 281 0 1
58 281 0 1
65 281 0 1
69 281 0 1
80 281 0 1
82 281 0 1
3 282 0 1
57 282 0 1
66 282 0 1
80 282 0 1
3 283 0 1
57 283 0 1
58 283 0 1
66 283 0 1
69 283 0 1
80 283 0 1
36 284 0 1
44 284 0 1
48 284 0 1
50 284 0 1
58 284 0 1
69 284 0 1
71 284 0 1
74 284 0 1
75 284 0 1
82 284 0 1
83 284 0 1
3 285 0 1
36 285 0 1
44 285 0 1
57 285 0 1
58 285 0 1
65 285 0 1
66 285 0 1
69 285 0 1
71 285 0 1
82 285 0 1
3 286 0 1
36 286 0 1
57 286 0 1
58 286 0 1
65 286 0 1
66 286 0 1
69 286 0 1
80 286 0 1
82 286 0 1
127 286 0 1
1 287 0 1
13 287 0 1
16 287 0 1
17 287 0 1
19 287 0 1
21 287 0 1
22 287 0 1
23 287 0 1
28 287 0 1
29 287 0 1
30 287 0 1
31 287 0 1
32 287 0 1
33 287 0 1
34 287 0 1
35 287 0 1
37 287 0 1
38 287 0 1
39 287 0 1
40 287 0 1
41 287 0 1
42 287 0 1
43 287 0 1
49 287 0 1
51 287 0 1
52 287 0 1
54 287 0 1
78 287 0 1
1 288 0 1
13 288 0 1
16 288 0 1
17 288 0 1
19 288 0 1
22 288 0 1
28 288 0 1
29 288 0 1
30 288 0 1
31 288 0 1
32 288 0 1
33 288 0 1
34 288 0 1
35 288 0 1
38 288 0 1
39 288 0 1
40 288 0 1
41 288 0 1
42 288 0 1
46 288 0 1
47 288 0 1
49 288 0 1
51 288 0 1
52 288 0 1
54 288 0 1
78 288 0 1
1 289 0 1
13 289 0 1
16 289 0 1
17 289 0 1
19 289 0 1
21 289 0 1
22 289 0 1
23 289 0 1
28 289 0 1
29 289 0 1
30 289 0 1
31 289 0 1
32 289 0 1
33 289 0 1
34 289 0 1
35 289 0 1
37 289 0 1
38 289 0 1
39 289 0 1
40 289 0 1
41 289 0 1
42 289 0 1
43 289 0 1
49 289 0 1
51 289 0 1
52 289 0 1
54 289 0 1
78 289 0 1
17 290 0 1
29 290 0 1
30 290 0 1
31 290 0 1
34 290 0 1
35 290 0 1
38 290 0 1
39 290 0 1
41 290 0 1
45 290 0 1
46 290 0 1
47 290 0 1
48 290 0 1
50 290 0 1
51 290 0 1
52 290 0 1
79 290 0 1
12 291 0 1
53 291 0 1
55 291 0 1
80 291 0 1
12 292 0 1
14 292 0 1
15 292 0 1
18 292 0 1
53 292 0 1
55 292 0 1
56 292 0 1
18 293 0 1
36 293 0 1
44 293 0 1
48 293 0 1
50 293 0 1
56 293 0 1
29 294 0 1
31 294 0 1
36 294 0 1
38 294 0 1
39 294 0 1
44 294 0 1
45 294 0 1
46 294 0 1
47 294 0 1
48 294 0 1
50 294 0 1
52 294 0 1
76 294 0 1
79 294 0 1
81 294 0 1
83 294 0 1
