1 2 0 0
3 4 0 0
2 5 0 0
5 6 0 0
2 7 0 0
5 7 0 0
6 7 0 0
6 8 0 0
2 9 0 0
5 9 0 0
6 9 0 0
7 9 0 0
8 9 0 0
5 10 0 0
6 10 0 0
7 10 0 0
8 10 0 0
9 10 0 0
5 11 0 0
6 11 0 0
7 11 0 0
8 11 0 0
9 11 0 0
10 11 0 0
4 12 0 0
6 12 0 0
8 12 0 0
8 13 0 0
12 13 0 0
2 14 0 0
5 14 0 0
6 14 0 0
7 14 0 0
8 14 0 0
9 14 0 0
10 14 0 0
11 14 0 0
2 15 0 0
5 15 0 0
7 15 0 0
9 15 0 0
10 15 0 0
14 15 0 0
2 16 0 0
5 16 0 0
6 16 0 0
7 16 0 0
9 16 0 0
10 16 0 0
11 16 0 0
14 16 0 0
15 16 0 0
6 17 0 0
8 17 0 0
11 17 0 0
12 17 0 0
13 17 0 0
2 18 0 0
5 18 0 0
6 18 0 0
7 18 0 0
9 18 0 0
10 18 0 0
11 18 0 0
14 18 0 0
15 18 0 0
16 18 0 0
6 19 0 0
8 19 0 0
9 19 0 0
10 19 0 0
11 19 0 0
12 19 0 0
13 19 0 0
14 19 0 0
17 19 0 0
18 19 0 0
6 20 0 0
8 20 0 0
10 20 0 0
11 20 0 0
12 20 0 0
13 20 0 0
14 20 0 0
17 20 0 0
19 20 0 0
5 21 0 0
6 21 0 0
8 21 0 0
9 21 0 0
10 21 0 0
11 21 0 0
12 21 0 0
14 21 0 0
16 21 0 0
17 21 0 0
18 21 0 0
19 21 0 0
20 21 0 0
6 22 0 0
8 22 0 0
9 22 0 0
10 22 0 0
11 22 0 0
12 22 0 0
13 22 0 0
14 22 0 0
17 22 0 0
18 22 0 0
19 22 0 0
20 22 0 0
21 22 0 0
2 23 0 0
5 23 0 0
6 23 0 0
7 23 0 0
9 23 0 0
10 23 0 0
11 23 0 0
14 23 0 0
15 23 0 0
16 23 0 0
18 23 0 0
6 24 0 0
8 24 0 0
9 24 0 0
10 24 0 0
11 24 0 0
12 24 0 0
13 24 0 0
14 24 0 0
17 24 0 0
19 24 0 0
20 24 0 0
21 24 0 0
22 24 0 0
4 25 0 0
6 25 0 0
8 25 0 0
11 25 0 0
12 25 0 0
13 25 0 0
17 25 0 0
19 25 0 0
20 25 0 0
21 25 0 0
22 25 0 0
24 25 0 0
5 26 0 0
6 26 0 0
8 26 0 0
9 26 0 0
10 26 0 0
11 26 0 0
14 26 0 0
17 26 0 0
18 26 0 0
19 26 0 0
20 26 0 0
21 26 0 0
22 26 0 0
24 26 0 0
25 26 0 0
5 27 0 0
6 27 0 0
8 27 0 0
9 27 0 0
10 27 0 0
11 27 0 0
12 27 0 0
13 27 0 0
14 27 0 0
17 27 0 0
18 27 0 0
19 27 0 0
20 27 0 0
21 27 0 0
22 27 0 0
24 27 0 0
25 27 0 0
26 27 0 0
6 28 0 0
8 28 0 0
10 28 0 0
11 28 0 0
12 28 0 0
13 28 0 0
17 28 0 0
19 28 0 0
20 28 0 0
21 28 0 0
22 28 0 0
24 28 0 0
25 28 0 0
26 28 0 0
27 28 0 0
5 29 0 0
6 29 0 0
8 29 0 0
9 29 0 0
10 29 0 0
11 29 0 0
14 29 0 0
16 29 0 0
17 29 0 0
18 29 0 0
19 29 0 0
20 29 0 0
21 29 0 0
22 29 0 0
23 29 0 0
24 29 0 0
25 29 0 0
26 29 0 0
27 29 0 0
28 29 0 0
8 30 0 0
12 30 0 0
13 30 0 0
17 30 0 0
19 30 0 0
20 30 0 0
21 30 0 0
22 30 0 0
24 30 0 0
2 31 0 0
14 31 0 0
15 31 0 0
18 31 0 0
19 31 0 0
21 31 0 0
22 31 0 0
12 32 0 0
13 32 0 0
20 32 0 0
22 32 0 0
30 32 0 0
31 32 0 0
2 33 0 0
14 33 0 0
15 33 0 0
16 33 0 0
18 33 0 0
31 33 0 0
2 34 0 0
14 34 0 0
15 34 0 0
18 34 0 0
31 34 0 0
33 34 0 0
2 35 0 0
14 35 0 0
15 35 0 0
16 35 0 0
18 35 0 0
31 35 0 0
33 35 0 0
34 35 0 0
2 36 0 0
15 36 0 0
31 36 0 0
33 36 0 0
34 36 0 0
35 36 0 0
2 37 0 0
7 37 0 0
9 37 0 0
10 37 0 0
11 37 0 0
14 37 0 0
15 37 0 0
16 37 0 0
18 37 0 0
19 37 0 0
21 37 0 0
22 37 0 0
31 37 0 0
33 37 0 0
34 37 0 0
35 37 0 0
36 37 0 0
2 38 0 0
7 38 0 0
9 38 0 0
14 38 0 0
15 38 0 0
16 38 0 0
18 38 0 0
21 38 0 0
31 38 0 0
33 38 0 0
34 38 0 0
35 38 0 0
36 38 0 0
37 38 0 0
30 39 0 0
31 39 0 0
32 39 0 0
2 40 0 0
14 40 0 0
15 40 0 0
31 40 0 0
33 40 0 0
34 40 0 0
35 40 0 0
36 40 0 0
37 40 0 0
38 40 0 0
2 41 0 0
14 41 0 0
31 41 0 0
33 41 0 0
34 41 0 0
35 41 0 0
36 41 0 0
37 41 0 0
38 41 0 0
40 41 0 0
30 42 0 0
31 42 0 0
32 42 0 0
39 42 0 0
8 43 0 0
11 43 0 0
12 43 0 0
13 43 0 0
14 43 0 0
17 43 0 0
19 43 0 0
20 43 0 0
21 43 0 0
22 43 0 0
24 43 0 0
25 43 0 0
26 43 0 0
27 43 0 0
28 43 0 0
29 43 0 0
30 43 0 0
32 43 0 0
39 43 0 0
42 43 0 0
2 44 0 0
7 44 0 0
9 44 0 0
14 44 0 0
15 44 0 0
16 44 0 0
18 44 0 0
23 44 0 0
31 44 0 0
33 44 0 0
34 44 0 0
35 44 0 0
36 44 0 0
37 44 0 0
38 44 0 0
40 44 0 0
41 44 0 0
2 45 0 0
7 45 0 0
9 45 0 0
10 45 0 0
11 45 0 0
14 45 0 0
15 45 0 0
16 45 0 0
18 45 0 0
21 45 0 0
23 45 0 0
31 45 0 0
33 45 0 0
34 45 0 0
35 45 0 0
36 45 0 0
37 45 0 0
38 45 0 0
40 45 0 0
41 45 0 0
44 45 0 0
12 46 0 0
13 46 0 0
30 46 0 0
8 47 0 0
12 47 0 0
13 47 0 0
17 47 0 0
19 47 0 0
20 47 0 0
22 47 0 0
24 47 0 0
25 47 0 0
27 47 0 0
28 47 0 0
30 47 0 0
32 47 0 0
39 47 0 0
42 47 0 0
43 47 0 0
46 47 0 0
8 48 0 0
12 48 0 0
13 48 0 0
17 48 0 0
20 48 0 0
24 48 0 0
25 48 0 0
30 48 0 0
32 48 0 0
39 48 0 0
42 48 0 0
43 48 0 0
46 48 0 0
47 48 0 0
2 49 0 0
7 49 0 0
9 49 0 0
10 49 0 0
11 49 0 0
14 49 0 0
15 49 0 0
16 49 0 0
18 49 0 0
21 49 0 0
23 49 0 0
31 49 0 0
33 49 0 0
34 49 0 0
35 49 0 0
36 49 0 0
37 49 0 0
38 49 0 0
40 49 0 0
41 49 0 0
44 49 0 0
45 49 0 0
2 50 0 0
7 50 0 0
9 50 0 0
14 50 0 0
15 50 0 0
16 50 0 0
18 50 0 0
23 50 0 0
31 50 0 0
33 50 0 0
34 50 0 0
35 50 0 0
36 50 0 0
37 50 0 0
38 50 0 0
40 50 0 0
41 50 0 0
44 50 0 0
45 50 0 0
49 50 0 0
51 52 0 0
2 53 0 0
32 53 0 0
39 53 0 0
42 53 0 0
30 54 0 0
32 54 0 0
39 54 0 0
42 54 0 0
53 54 0 0
52 55 0 0
54 55 0 0
32 56 0 0
39 56 0 0
42 56 0 0
53 56 0 0
54 56 0 0
55 56 0 0
1 57 0 0
2 57 0 0
31 57 0 0
33 57 0 0
34 57 0 0
35 57 0 0
36 57 0 0
38 57 0 0
40 57 0 0
41 57 0 0
50 57 0 0
46 58 0 0
51 58 0 0
52 58 0 0
55 58 0 0
30 59 0 0
32 59 0 0
39 59 0 0
42 59 0 0
43 59 0 0
47 59 0 0
48 59 0 0
53 59 0 0
54 59 0 0
55 59 0 0
56 59 0 0
30 60 0 0
31 60 0 0
32 60 0 0
39 60 0 0
42 60 0 0
43 60 0 0
47 60 0 0
53 60 0 0
54 60 0 0
56 60 0 0
59 60 0 0
1 61 0 0
2 61 0 0
30 61 0 0
31 61 0 0
32 61 0 0
34 61 0 0
35 61 0 0
37 61 0 0
39 61 0 0
40 61 0 0
41 61 0 0
42 61 0 0
53 61 0 0
54 61 0 0
56 61 0 0
57 61 0 0
59 61 0 0
60 61 0 0
30 62 0 0
32 62 0 0
39 62 0 0
42 62 0 0
53 62 0 0
54 62 0 0
55 62 0 0
56 62 0 0
59 62 0 0
60 62 0 0
61 62 0 0
46 63 0 0
52 63 0 0
55 63 0 0
58 63 0 0
59 63 0 0
62 63 0 0
1 64 0 0
2 64 0 0
31 64 0 0
33 64 0 0
34 64 0 0
35 64 0 0
36 64 0 0
37 64 0 0
38 64 0 0
40 64 0 0
41 64 0 0
50 64 0 0
57 64 0 0
61 64 0 0
2 65 0 0
31 65 0 0
33 65 0 0
34 65 0 0
35 65 0 0
37 65 0 0
38 65 0 0
39 65 0 0
40 65 0 0
41 65 0 0
42 65 0 0
53 65 0 0
54 65 0 0
57 65 0 0
60 65 0 0
61 65 0 0
64 65 0 0
51 66 0 0
52 66 0 0
51 67 0 0
52 67 0 0
58 67 0 0
66 67 0 0
52 68 0 0
55 68 0 0
58 68 0 0
63 68 0 0
67 68 0 0
2 69 0 0
53 69 0 0
54 69 0 0
56 69 0 0
61 69 0 0
62 69 0 0
52 70 0 0
55 70 0 0
58 70 0 0
63 70 0 0
67 70 0 0
68 70 0 0
2 71 0 0
53 71 0 0
54 71 0 0
56 71 0 0
60 71 0 0
61 71 0 0
62 71 0 0
65 71 0 0
69 71 0 0
2 72 0 0
53 72 0 0
54 72 0 0
56 72 0 0
60 72 0 0
61 72 0 0
62 72 0 0
69 72 0 0
71 72 0 0
1 73 0 0
2 73 0 0
57 73 0 0
61 73 0 0
64 73 0 0
65 73 0 0
71 73 0 0
1 74 0 0
2 74 0 0
53 74 0 0
57 74 0 0
61 74 0 0
64 74 0 0
65 74 0 0
69 74 0 0
71 74 0 0
72 74 0 0
73 74 0 0
2 75 0 0
53 75 0 0
54 75 0 0
56 75 0 0
61 75 0 0
69 75 0 0
71 75 0 0
72 75 0 0
73 75 0 0
74 75 0 0
1 76 0 0
2 76 0 0
57 76 0 0
61 76 0 0
64 76 0 0
71 76 0 0
73 76 0 0
74 76 0 0
75 76 0 0
52 77 0 0
66 77 0 0
67 77 0 0
68 77 0 0
70 77 0 0
2 78 0 0
69 78 0 0
71 78 0 0
72 78 0 0
74 78 0 0
75 78 0 0
2 79 0 0
69 79 0 0
71 79 0 0
72 79 0 0
73 79 0 0
74 79 0 0
75 79 0 0
76 79 0 0
78 79 0 0
2 80 0 0
69 80 0 0
71 80 0 0
72 80 0 0
74 80 0 0
75 80 0 0
76 80 0 0
78 80 0 0
79 80 0 0
1 81 0 0
2 81 0 0
73 81 0 0
74 81 0 0
76 81 0 0
79 81 0 0
80 81 0 0
1 82 0 0
2 82 0 0
69 82 0 0
71 82 0 0
72 82 0 0
73 82 0 0
74 82 0 0
75 82 0 0
76 82 0 0
78 82 0 0
79 82 0 0
80 82 0 0
81 82 0 0
66 83 0 0
67 83 0 0
68 83 0 0
77 83 0 0
68 84 0 0
69 84 0 0
77 84 0 0
78 84 0 0
69 85 0 0
72 85 0 0
75 85 0 0
78 85 0 0
79 85 0 0
80 85 0 0
84 85 0 0
1 86 0 0
2 86 0 0
73 86 0 0
74 86 0 0
76 86 0 0
79 86 0 0
80 86 0 0
81 86 0 0
82 86 0 0
69 87 0 0
72 87 0 0
74 87 0 0
75 87 0 0
76 87 0 0
78 87 0 0
79 87 0 0
80 87 0 0
81 87 0 0
82 87 0 0
85 87 0 0
86 87 0 0
77 88 0 0
83 88 0 0
77 89 0 0
83 89 0 0
84 89 0 0
88 89 0 0
77 90 0 0
83 90 0 0
84 90 0 0
85 90 0 0
88 90 0 0
89 90 0 0
1 91 0 0
79 91 0 0
80 91 0 0
81 91 0 0
82 91 0 0
86 91 0 0
87 91 0 0
78 92 0 0
79 92 0 0
80 92 0 0
82 92 0 0
85 92 0 0
86 92 0 0
87 92 0 0
91 92 0 0
78 93 0 0
79 93 0 0
80 93 0 0
84 93 0 0
85 93 0 0
87 93 0 0
91 93 0 0
92 93 0 0
77 94 0 0
83 94 0 0
88 94 0 0
89 94 0 0
1 95 0 0
74 95 0 0
76 95 0 0
78 95 0 0
79 95 0 0
80 95 0 0
81 95 0 0
82 95 0 0
86 95 0 0
87 95 0 0
91 95 0 0
92 95 0 0
93 95 0 0
1 96 0 0
79 96 0 0
80 96 0 0
81 96 0 0
82 96 0 0
86 96 0 0
87 96 0 0
91 96 0 0
92 96 0 0
95 96 0 0
78 97 0 0
79 97 0 0
80 97 0 0
81 97 0 0
82 97 0 0
85 97 0 0
86 97 0 0
87 97 0 0
91 97 0 0
92 97 0 0
93 97 0 0
95 97 0 0
96 97 0 0
78 98 0 0
79 98 0 0
80 98 0 0
84 98 0 0
85 98 0 0
87 98 0 0
90 98 0 0
91 98 0 0
92 98 0 0
93 98 0 0
95 98 0 0
97 98 0 0
78 99 0 0
80 99 0 0
84 99 0 0
85 99 0 0
90 99 0 0
92 99 0 0
93 99 0 0
97 99 0 0
98 99 0 0
77 100 0 0
83 100 0 0
84 100 0 0
88 100 0 0
89 100 0 0
90 100 0 0
94 100 0 0
69 101 0 0
71 101 0 0
72 101 0 0
74 101 0 0
75 101 0 0
78 101 0 0
79 101 0 0
80 101 0 0
82 101 0 0
84 101 0 0
85 101 0 0
86 101 0 0
87 101 0 0
90 101 0 0
91 101 0 0
92 101 0 0
93 101 0 0
95 101 0 0
96 101 0 0
97 101 0 0
98 101 0 0
99 101 0 0
77 102 0 0
83 102 0 0
88 102 0 0
89 102 0 0
94 102 0 0
100 102 0 0
78 103 0 0
84 103 0 0
85 103 0 0
89 103 0 0
90 103 0 0
92 103 0 0
93 103 0 0
98 103 0 0
99 103 0 0
101 103 0 0
1 104 0 0
81 104 0 0
82 104 0 0
86 104 0 0
91 104 0 0
95 104 0 0
96 104 0 0
75 105 0 0
78 105 0 0
79 105 0 0
80 105 0 0
82 105 0 0
84 105 0 0
85 105 0 0
86 105 0 0
87 105 0 0
91 105 0 0
92 105 0 0
93 105 0 0
95 105 0 0
96 105 0 0
97 105 0 0
98 105 0 0
99 105 0 0
101 105 0 0
103 105 0 0
1 106 0 0
2 106 0 0
57 106 0 0
61 106 0 0
71 106 0 0
73 106 0 0
74 106 0 0
75 106 0 0
76 106 0 0
79 106 0 0
80 106 0 0
81 106 0 0
82 106 0 0
86 106 0 0
87 106 0 0
91 106 0 0
95 106 0 0
96 106 0 0
104 106 0 0
1 107 0 0
2 107 0 0
53 107 0 0
54 107 0 0
56 107 0 0
57 107 0 0
61 107 0 0
64 107 0 0
65 107 0 0
69 107 0 0
71 107 0 0
72 107 0 0
73 107 0 0
74 107 0 0
75 107 0 0
76 107 0 0
78 107 0 0
79 107 0 0
80 107 0 0
81 107 0 0
82 107 0 0
85 107 0 0
86 107 0 0
87 107 0 0
92 107 0 0
95 107 0 0
96 107 0 0
97 107 0 0
98 107 0 0
101 107 0 0
105 107 0 0
106 107 0 0
1 108 0 0
2 108 0 0
61 108 0 0
69 108 0 0
71 108 0 0
72 108 0 0
73 108 0 0
74 108 0 0
75 108 0 0
76 108 0 0
78 108 0 0
79 108 0 0
80 108 0 0
81 108 0 0
82 108 0 0
86 108 0 0
87 108 0 0
95 108 0 0
96 108 0 0
97 108 0 0
101 108 0 0
106 108 0 0
107 108 0 0
1 109 0 0
2 109 0 0
61 109 0 0
69 109 0 0
71 109 0 0
72 109 0 0
73 109 0 0
74 109 0 0
75 109 0 0
76 109 0 0
78 109 0 0
79 109 0 0
80 109 0 0
81 109 0 0
82 109 0 0
86 109 0 0
87 109 0 0
91 109 0 0
92 109 0 0
95 109 0 0
96 109 0 0
97 109 0 0
101 109 0 0
105 109 0 0
106 109 0 0
107 109 0 0
108 109 0 0
2 110 0 0
32 110 0 0
39 110 0 0
42 110 0 0
53 110 0 0
54 110 0 0
56 110 0 0
59 110 0 0
60 110 0 0
61 110 0 0
62 110 0 0
65 110 0 0
69 110 0 0
71 110 0 0
72 110 0 0
74 110 0 0
75 110 0 0
78 110 0 0
79 110 0 0
107 110 0 0
108 110 0 0
2 111 0 0
39 111 0 0
41 111 0 0
42 111 0 0
53 111 0 0
54 111 0 0
56 111 0 0
57 111 0 0
59 111 0 0
60 111 0 0
61 111 0 0
62 111 0 0
64 111 0 0
65 111 0 0
69 111 0 0
71 111 0 0
72 111 0 0
73 111 0 0
74 111 0 0
75 111 0 0
76 111 0 0
78 111 0 0
79 111 0 0
106 111 0 0
107 111 0 0
108 111 0 0
109 111 0 0
110 111 0 0
1 112 0 0
2 112 0 0
35 112 0 0
40 112 0 0
41 112 0 0
57 112 0 0
61 112 0 0
64 112 0 0
65 112 0 0
73 112 0 0
74 112 0 0
76 112 0 0
106 112 0 0
107 112 0 0
108 112 0 0
109 112 0 0
111 112 0 0
51 113 0 0
52 113 0 0
55 113 0 0
58 113 0 0
63 113 0 0
66 113 0 0
67 113 0 0
68 113 0 0
70 113 0 0
77 113 0 0
52 114 0 0
55 114 0 0
58 114 0 0
63 114 0 0
67 114 0 0
68 114 0 0
70 114 0 0
77 114 0 0
113 114 0 0
51 115 0 0
52 115 0 0
55 115 0 0
58 115 0 0
63 115 0 0
66 115 0 0
67 115 0 0
68 115 0 0
70 115 0 0
77 115 0 0
113 115 0 0
114 115 0 0
2 116 0 0
42 116 0 0
53 116 0 0
54 116 0 0
56 116 0 0
59 116 0 0
60 116 0 0
61 116 0 0
62 116 0 0
65 116 0 0
69 116 0 0
71 116 0 0
72 116 0 0
73 116 0 0
74 116 0 0
75 116 0 0
76 116 0 0
78 116 0 0
79 116 0 0
80 116 0 0
82 116 0 0
101 116 0 0
107 116 0 0
108 116 0 0
109 116 0 0
110 116 0 0
111 116 0 0
3 117 0 1
4 117 0 1
3 118 0 1
4 118 0 1
12 118 0 1
13 118 0 1
17 118 0 1
30 118 0 1
43 118 0 1
46 118 0 1
47 118 0 1
48 118 0 1
51 118 0 1
52 118 0 1
55 118 0 1
58 118 0 1
63 118 0 1
66 118 0 1
67 118 0 1
68 118 0 1
70 118 0 1
113 118 0 1
114 118 0 1
115 118 0 1
2 119 0 1
5 119 0 1
6 119 0 1
7 119 0 1
16 119 0 1
23 119 0 1
3 120 0 1
4 120 0 1
12 120 0 1
13 120 0 1
17 120 0 1
25 120 0 1
28 120 0 1
2 121 0 1
5 121 0 1
6 121 0 1
7 121 0 1
15 121 0 1
16 121 0 1
18 121 0 1
23 121 0 1
44 121 0 1
45 121 0 1
50 121 0 1
3 122 0 1
4 123 0 1
6 123 0 1
8 123 0 1
11 123 0 1
12 123 0 1
13 123 0 1
17 123 0 1
19 123 0 1
20 123 0 1
21 123 0 1
22 123 0 1
24 123 0 1
25 123 0 1
26 123 0 1
27 123 0 1
28 123 0 1
29 123 0 1
30 123 0 1
43 123 0 1
47 123 0 1
48 123 0 1
3 124 0 1
4 124 0 1
12 124 0 1
13 124 0 1
25 124 0 1
46 124 0 1
48 124 0 1
2 125 0 1
5 125 0 1
6 125 0 1
7 125 0 1
9 125 0 1
10 125 0 1
15 125 0 1
16 125 0 1
18 125 0 1
23 125 0 1
44 125 0 1
45 125 0 1
3 126 0 1
4 126 0 1
3 127 0 1
4 127 0 1
2 128 0 1
5 128 0 1
6 128 0 1
7 128 0 1
9 128 0 1
10 128 0 1
11 128 0 1
14 128 0 1
15 128 0 1
16 128 0 1
18 128 0 1
23 128 0 1
26 128 0 1
29 128 0 1
44 128 0 1
45 128 0 1
3 129 0 1
4 129 0 1
8 129 0 1
12 129 0 1
13 129 0 1
17 129 0 1
20 129 0 1
24 129 0 1
25 129 0 1
27 129 0 1
28 129 0 1
48 129 0 1
3 130 0 1
4 130 0 1
3 131 0 1
4 131 0 1
8 131 0 1
12 131 0 1
13 131 0 1
17 131 0 1
20 131 0 1
24 131 0 1
25 131 0 1
27 131 0 1
28 131 0 1
43 131 0 1
46 131 0 1
47 131 0 1
48 131 0 1
2 132 0 1
5 132 0 1
6 132 0 1
7 132 0 1
9 132 0 1
10 132 0 1
11 132 0 1
14 132 0 1
15 132 0 1
16 132 0 1
18 132 0 1
19 132 0 1
21 132 0 1
22 132 0 1
23 132 0 1
26 132 0 1
27 132 0 1
29 132 0 1
31 132 0 1
33 132 0 1
34 132 0 1
37 132 0 1
38 132 0 1
44 132 0 1
45 132 0 1
49 132 0 1
50 132 0 1
2 133 0 1
5 133 0 1
6 133 0 1
7 133 0 1
9 133 0 1
10 133 0 1
11 133 0 1
14 133 0 1
15 133 0 1
16 133 0 1
18 133 0 1
19 133 0 1
21 133 0 1
22 133 0 1
23 133 0 1
24 133 0 1
26 133 0 1
27 133 0 1
29 133 0 1
31 133 0 1
33 133 0 1
34 133 0 1
35 133 0 1
37 133 0 1
38 133 0 1
44 133 0 1
45 133 0 1
49 133 0 1
50 133 0 1
4 134 0 1
8 134 0 1
12 134 0 1
13 134 0 1
17 134 0 1
20 134 0 1
24 134 0 1
25 134 0 1
28 134 0 1
30 134 0 1
43 134 0 1
46 134 0 1
47 134 0 1
48 134 0 1
3 135 0 1
4 135 0 1
8 135 0 1
12 135 0 1
13 135 0 1
17 135 0 1
20 135 0 1
25 135 0 1
30 135 0 1
43 135 0 1
46 135 0 1
47 135 0 1
48 135 0 1
3 136 0 1
6 137 0 1
8 137 0 1
9 137 0 1
10 137 0 1
11 137 0 1
12 137 0 1
13 137 0 1
14 137 0 1
17 137 0 1
19 137 0 1
20 137 0 1
21 137 0 1
22 137 0 1
24 137 0 1
25 137 0 1
26 137 0 1
27 137 0 1
28 137 0 1
29 137 0 1
30 137 0 1
32 137 0 1
43 137 0 1
47 137 0 1
48 137 0 1
3 138 0 1
4 138 0 1
12 138 0 1
13 138 0 1
17 138 0 1
46 138 0 1
47 138 0 1
48 138 0 1
3 139 0 1
3 140 0 1
3 141 0 1
4 142 0 1
8 142 0 1
12 142 0 1
13 142 0 1
17 142 0 1
20 142 0 1
24 142 0 1
25 142 0 1
27 142 0 1
28 142 0 1
30 142 0 1
43 142 0 1
46 142 0 1
47 142 0 1
48 142 0 1
3 143 0 1
4 143 0 1
46 143 0 1
3 144 0 1
4 144 0 1
12 144 0 1
13 144 0 1
46 144 0 1
48 144 0 1
2 145 0 1
5 145 0 1
6 145 0 1
7 145 0 1
9 145 0 1
10 145 0 1
11 145 0 1
14 145 0 1
15 145 0 1
16 145 0 1
18 145 0 1
19 145 0 1
21 145 0 1
22 145 0 1
23 145 0 1
26 145 0 1
27 145 0 1
29 145 0 1
37 145 0 1
38 145 0 1
44 145 0 1
45 145 0 1
49 145 0 1
50 145 0 1
3 146 0 1
4 146 0 1
46 146 0 1
3 147 0 1
4 147 0 1
8 147 0 1
12 147 0 1
13 147 0 1
17 147 0 1
20 147 0 1
24 147 0 1
25 147 0 1
28 147 0 1
30 147 0 1
43 147 0 1
46 147 0 1
47 147 0 1
48 147 0 1
2 148 0 1
5 148 0 1
6 148 0 1
7 148 0 1
9 148 0 1
10 148 0 1
11 148 0 1
14 148 0 1
15 148 0 1
16 148 0 1
18 148 0 1
19 148 0 1
21 148 0 1
23 148 0 1
26 148 0 1
29 148 0 1
37 148 0 1
38 148 0 1
44 148 0 1
45 148 0 1
49 148 0 1
50 148 0 1
3 149 0 1
3 150 0 1
4 150 0 1
13 150 0 1
46 150 0 1
48 150 0 1
3 151 0 1
4 151 0 1
8 151 0 1
12 151 0 1
13 151 0 1
17 151 0 1
20 151 0 1
25 151 0 1
30 151 0 1
43 151 0 1
46 151 0 1
47 151 0 1
48 151 0 1
2 152 0 1
9 152 0 1
10 152 0 1
11 152 0 1
14 152 0 1
15 152 0 1
16 152 0 1
18 152 0 1
19 152 0 1
21 152 0 1
22 152 0 1
30 152 0 1
31 152 0 1
32 152 0 1
33 152 0 1
34 152 0 1
35 152 0 1
37 152 0 1
38 152 0 1
39 152 0 1
40 152 0 1
41 152 0 1
42 152 0 1
43 152 0 1
45 152 0 1
49 152 0 1
50 152 0 1
60 152 0 1
61 152 0 1
64 152 0 1
65 152 0 1
8 153 0 1
10 153 0 1
11 153 0 1
12 153 0 1
13 153 0 1
14 153 0 1
17 153 0 1
18 153 0 1
19 153 0 1
20 153 0 1
21 153 0 1
22 153 0 1
27 153 0 1
30 153 0 1
31 153 0 1
32 153 0 1
34 153 0 1
37 153 0 1
38 153 0 1
39 153 0 1
41 153 0 1
42 153 0 1
43 153 0 1
47 153 0 1
48 153 0 1
54 153 0 1
59 153 0 1
60 153 0 1
61 153 0 1
65 153 0 1
12 154 0 1
13 154 0 1
17 154 0 1
20 154 0 1
30 154 0 1
32 154 0 1
39 154 0 1
42 154 0 1
43 154 0 1
46 154 0 1
47 154 0 1
48 154 0 1
55 154 0 1
59 154 0 1
60 154 0 1
61 154 0 1
62 154 0 1
63 154 0 1
8 155 0 1
11 155 0 1
12 155 0 1
13 155 0 1
14 155 0 1
17 155 0 1
19 155 0 1
20 155 0 1
21 155 0 1
22 155 0 1
24 155 0 1
30 155 0 1
31 155 0 1
32 155 0 1
39 155 0 1
42 155 0 1
43 155 0 1
47 155 0 1
48 155 0 1
54 155 0 1
59 155 0 1
60 155 0 1
61 155 0 1
62 155 0 1
2 156 0 1
9 156 0 1
10 156 0 1
11 156 0 1
14 156 0 1
15 156 0 1
16 156 0 1
18 156 0 1
19 156 0 1
20 156 0 1
21 156 0 1
22 156 0 1
24 156 0 1
27 156 0 1
29 156 0 1
30 156 0 1
31 156 0 1
32 156 0 1
33 156 0 1
34 156 0 1
35 156 0 1
37 156 0 1
38 156 0 1
39 156 0 1
40 156 0 1
41 156 0 1
42 156 0 1
43 156 0 1
44 156 0 1
45 156 0 1
49 156 0 1
50 156 0 1
61 156 0 1
65 156 0 1
8 158 0 1
9 158 0 1
10 158 0 1
11 158 0 1
12 158 0 1
13 158 0 1
14 158 0 1
17 158 0 1
18 158 0 1
19 158 0 1
20 158 0 1
21 158 0 1
22 158 0 1
24 158 0 1
27 158 0 1
29 158 0 1
30 158 0 1
31 158 0 1
32 158 0 1
34 158 0 1
37 158 0 1
39 158 0 1
41 158 0 1
42 158 0 1
43 158 0 1
47 158 0 1
48 158 0 1
59 158 0 1
60 158 0 1
61 158 0 1
58 159 0 1
8 160 0 1
10 160 0 1
11 160 0 1
12 160 0 1
13 160 0 1
14 160 0 1
17 160 0 1
19 160 0 1
20 160 0 1
21 160 0 1
22 160 0 1
24 160 0 1
27 160 0 1
30 160 0 1
31 160 0 1
32 160 0 1
39 160 0 1
42 160 0 1
43 160 0 1
47 160 0 1
48 160 0 1
59 160 0 1
60 160 0 1
61 160 0 1
6 161 0 1
8 161 0 1
9 161 0 1
10 161 0 1
11 161 0 1
12 161 0 1
14 161 0 1
17 161 0 1
18 161 0 1
19 161 0 1
20 161 0 1
21 161 0 1
22 161 0 1
24 161 0 1
26 161 0 1
27 161 0 1
28 161 0 1
29 161 0 1
30 161 0 1
31 161 0 1
32 161 0 1
34 161 0 1
37 161 0 1
38 161 0 1
39 161 0 1
41 161 0 1
42 161 0 1
43 161 0 1
45 161 0 1
47 161 0 1
49 161 0 1
61 161 0 1
8 162 0 1
12 162 0 1
13 162 0 1
17 162 0 1
20 162 0 1
30 162 0 1
32 162 0 1
39 162 0 1
42 162 0 1
43 162 0 1
46 162 0 1
47 162 0 1
48 162 0 1
55 162 0 1
58 162 0 1
59 162 0 1
60 162 0 1
62 162 0 1
63 162 0 1
2 163 0 1
6 163 0 1
7 163 0 1
9 163 0 1
10 163 0 1
11 163 0 1
14 163 0 1
15 163 0 1
16 163 0 1
18 163 0 1
19 163 0 1
20 163 0 1
21 163 0 1
22 163 0 1
24 163 0 1
26 163 0 1
27 163 0 1
29 163 0 1
31 163 0 1
33 163 0 1
34 163 0 1
35 163 0 1
37 163 0 1
38 163 0 1
40 163 0 1
41 163 0 1
43 163 0 1
44 163 0 1
45 163 0 1
49 163 0 1
50 163 0 1
61 163 0 1
2 164 0 1
31 164 0 1
33 164 0 1
34 164 0 1
35 164 0 1
36 164 0 1
37 164 0 1
38 164 0 1
40 164 0 1
41 164 0 1
44 164 0 1
45 164 0 1
49 164 0 1
50 164 0 1
57 164 0 1
61 164 0 1
64 164 0 1
65 164 0 1
112 164 0 1
51 165 0 1
52 165 0 1
55 165 0 1
58 165 0 1
63 165 0 1
66 165 0 1
67 165 0 1
68 165 0 1
70 165 0 1
113 165 0 1
114 165 0 1
115 165 0 1
52 166 0 1
55 166 0 1
58 166 0 1
62 166 0 1
63 166 0 1
67 166 0 1
68 166 0 1
70 166 0 1
113 166 0 1
114 166 0 1
115 166 0 1
51 167 0 1
52 167 0 1
55 167 0 1
58 167 0 1
63 167 0 1
66 167 0 1
67 167 0 1
68 167 0 1
70 167 0 1
113 167 0 1
114 167 0 1
115 167 0 1
51 168 0 1
52 168 0 1
58 168 0 1
66 168 0 1
67 168 0 1
113 168 0 1
115 168 0 1
30 169 0 1
32 169 0 1
39 169 0 1
42 169 0 1
46 169 0 1
47 169 0 1
48 169 0 1
53 169 0 1
54 169 0 1
55 169 0 1
56 169 0 1
58 169 0 1
59 169 0 1
60 169 0 1
61 169 0 1
62 169 0 1
63 169 0 1
110 169 0 1
114 169 0 1
46 170 0 1
52 170 0 1
55 170 0 1
58 170 0 1
59 170 0 1
63 170 0 1
70 170 0 1
113 170 0 1
114 170 0 1
115 170 0 1
2 171 0 1
14 171 0 1
31 171 0 1
32 171 0 1
33 171 0 1
34 171 0 1
35 171 0 1
36 171 0 1
37 171 0 1
38 171 0 1
39 171 0 1
40 171 0 1
41 171 0 1
42 171 0 1
44 171 0 1
45 171 0 1
49 171 0 1
50 171 0 1
57 171 0 1
61 171 0 1
64 171 0 1
65 171 0 1
111 171 0 1
112 171 0 1
2 172 0 1
14 172 0 1
21 172 0 1
22 172 0 1
30 172 0 1
31 172 0 1
32 172 0 1
33 172 0 1
34 172 0 1
35 172 0 1
36 172 0 1
37 172 0 1
38 172 0 1
39 172 0 1
40 172 0 1
41 172 0 1
42 172 0 1
43 172 0 1
45 172 0 1
49 172 0 1
50 172 0 1
53 172 0 1
54 172 0 1
56 172 0 1
57 172 0 1
59 172 0 1
60 172 0 1
61 172 0 1
64 172 0 1
65 172 0 1
111 172 0 1
13 173 0 1
30 173 0 1
32 173 0 1
39 173 0 1
42 173 0 1
43 173 0 1
46 173 0 1
47 173 0 1
48 173 0 1
53 173 0 1
54 173 0 1
55 173 0 1
56 173 0 1
58 173 0 1
59 173 0 1
60 173 0 1
61 173 0 1
62 173 0 1
63 173 0 1
51 174 0 1
52 174 0 1
58 174 0 1
13 175 0 1
30 175 0 1
32 175 0 1
39 175 0 1
42 175 0 1
46 175 0 1
47 175 0 1
48 175 0 1
54 175 0 1
55 175 0 1
56 175 0 1
58 175 0 1
59 175 0 1
60 175 0 1
62 175 0 1
63 175 0 1
2 176 0 1
14 176 0 1
22 176 0 1
30 176 0 1
31 176 0 1
32 176 0 1
34 176 0 1
37 176 0 1
39 176 0 1
41 176 0 1
42 176 0 1
43 176 0 1
53 176 0 1
54 176 0 1
56 176 0 1
59 176 0 1
60 176 0 1
61 176 0 1
62 176 0 1
64 176 0 1
65 176 0 1
110 176 0 1
111 176 0 1
13 177 0 1
30 177 0 1
32 177 0 1
39 177 0 1
42 177 0 1
43 177 0 1
46 177 0 1
47 177 0 1
48 177 0 1
53 177 0 1
54 177 0 1
55 177 0 1
56 177 0 1
59 177 0 1
60 177 0 1
61 177 0 1
62 177 0 1
63 177 0 1
110 177 0 1
2 178 0 1
30 178 0 1
31 178 0 1
32 178 0 1
34 178 0 1
35 178 0 1
37 178 0 1
38 178 0 1
39 178 0 1
40 178 0 1
41 178 0 1
42 178 0 1
53 178 0 1
54 178 0 1
56 178 0 1
57 178 0 1
59 178 0 1
60 178 0 1
61 178 0 1
64 178 0 1
65 178 0 1
110 178 0 1
111 178 0 1
116 178 0 1
2 179 0 1
14 179 0 1
31 179 0 1
32 179 0 1
33 179 0 1
34 179 0 1
35 179 0 1
37 179 0 1
38 179 0 1
39 179 0 1
40 179 0 1
41 179 0 1
42 179 0 1
49 179 0 1
50 179 0 1
53 179 0 1
54 179 0 1
57 179 0 1
59 179 0 1
60 179 0 1
61 179 0 1
64 179 0 1
65 179 0 1
111 179 0 1
112 179 0 1
51 180 0 1
52 180 0 1
58 180 0 1
66 180 0 1
67 180 0 1
68 180 0 1
70 180 0 1
113 180 0 1
114 180 0 1
115 180 0 1
39 181 0 1
42 181 0 1
53 181 0 1
54 181 0 1
55 181 0 1
56 181 0 1
59 181 0 1
60 181 0 1
61 181 0 1
62 181 0 1
63 181 0 1
69 181 0 1
71 181 0 1
72 181 0 1
75 181 0 1
78 181 0 1
107 181 0 1
110 181 0 1
111 181 0 1
116 181 0 1
32 182 0 1
39 182 0 1
42 182 0 1
53 182 0 1
54 182 0 1
55 182 0 1
56 182 0 1
58 182 0 1
59 182 0 1
60 182 0 1
61 182 0 1
62 182 0 1
63 182 0 1
68 182 0 1
69 182 0 1
70 182 0 1
71 182 0 1
72 182 0 1
75 182 0 1
110 182 0 1
114 182 0 1
116 182 0 1
51 183 0 1
52 183 0 1
58 183 0 1
66 183 0 1
67 183 0 1
68 183 0 1
113 183 0 1
114 183 0 1
115 183 0 1
52 184 0 1
55 184 0 1
58 184 0 1
63 184 0 1
67 184 0 1
68 184 0 1
70 184 0 1
77 184 0 1
84 184 0 1
113 184 0 1
114 184 0 1
115 184 0 1
1 185 0 1
2 185 0 1
57 185 0 1
61 185 0 1
71 185 0 1
72 185 0 1
73 185 0 1
74 185 0 1
75 185 0 1
76 185 0 1
78 185 0 1
79 185 0 1
80 185 0 1
81 185 0 1
82 185 0 1
86 185 0 1
87 185 0 1
95 185 0 1
96 185 0 1
101 185 0 1
106 185 0 1
107 185 0 1
108 185 0 1
109 185 0 1
111 185 0 1
112 185 0 1
116 185 0 1
68 186 0 1
69 186 0 1
70 186 0 1
77 186 0 1
84 186 0 1
85 186 0 1
90 186 0 1
98 186 0 1
99 186 0 1
100 186 0 1
101 186 0 1
103 186 0 1
114 186 0 1
115 186 0 1
53 187 0 1
54 187 0 1
55 187 0 1
56 187 0 1
61 187 0 1
62 187 0 1
68 187 0 1
69 187 0 1
70 187 0 1
71 187 0 1
72 187 0 1
75 187 0 1
78 187 0 1
79 187 0 1
80 187 0 1
84 187 0 1
85 187 0 1
98 187 0 1
99 187 0 1
101 187 0 1
105 187 0 1
107 187 0 1
110 187 0 1
111 187 0 1
116 187 0 1
51 188 0 1
52 188 0 1
66 188 0 1
67 188 0 1
68 188 0 1
70 188 0 1
77 188 0 1
83 188 0 1
113 188 0 1
114 188 0 1
115 188 0 1
51 189 0 1
52 189 0 1
66 189 0 1
67 189 0 1
68 189 0 1
70 189 0 1
77 189 0 1
83 189 0 1
94 189 0 1
100 189 0 1
102 189 0 1
113 189 0 1
114 189 0 1
115 189 0 1
51 190 0 1
52 190 0 1
66 190 0 1
67 190 0 1
68 190 0 1
70 190 0 1
77 190 0 1
83 190 0 1
113 190 0 1
114 190 0 1
115 190 0 1
51 191 0 1
52 191 0 1
66 191 0 1
67 191 0 1
68 191 0 1
70 191 0 1
77 191 0 1
83 191 0 1
94 191 0 1
100 191 0 1
113 191 0 1
114 191 0 1
115 191 0 1
52 192 0 1
55 192 0 1
67 192 0 1
68 192 0 1
70 192 0 1
77 192 0 1
83 192 0 1
84 192 0 1
100 192 0 1
113 192 0 1
114 192 0 1
115 192 0 1
51 193 0 1
52 193 0 1
66 193 0 1
67 193 0 1
68 193 0 1
70 193 0 1
77 193 0 1
83 193 0 1
94 193 0 1
100 193 0 1
102 193 0 1
113 193 0 1
114 193 0 1
115 193 0 1
52 194 0 1
66 194 0 1
67 194 0 1
68 194 0 1
70 194 0 1
77 194 0 1
83 194 0 1
94 194 0 1
100 194 0 1
113 194 0 1
114 194 0 1
115 194 0 1
52 195 0 1
66 195 0 1
67 195 0 1
68 195 0 1
70 195 0 1
77 195 0 1
83 195 0 1
84 195 0 1
100 195 0 1
113 195 0 1
114 195 0 1
115 195 0 1
68 196 0 1
70 196 0 1
77 196 0 1
84 196 0 1
85 196 0 1
89 196 0 1
90 196 0 1
98 196 0 1
99 196 0 1
100 196 0 1
101 196 0 1
103 196 0 1
77 197 0 1
83 197 0 1
88 197 0 1
89 197 0 1
94 197 0 1
100 197 0 1
102 197 0 1
77 198 0 1
83 198 0 1
84 198 0 1
88 198 0 1
89 198 0 1
90 198 0 1
98 198 0 1
99 198 0 1
100 198 0 1
102 198 0 1
103 198 0 1
84 199 0 1
85 199 0 1
88 199 0 1
89 199 0 1
90 199 0 1
93 199 0 1
98 199 0 1
99 199 0 1
100 199 0 1
101 199 0 1
103 199 0 1
77 200 0 1
83 200 0 1
84 200 0 1
88 200 0 1
89 200 0 1
90 200 0 1
94 200 0 1
100 200 0 1
102 200 0 1
103 200 0 1
66 201 0 1
77 201 0 1
83 201 0 1
88 201 0 1
89 201 0 1
94 201 0 1
100 201 0 1
102 201 0 1
68 202 0 1
77 202 0 1
83 202 0 1
84 202 0 1
85 202 0 1
88 202 0 1
89 202 0 1
90 202 0 1
98 202 0 1
99 202 0 1
100 202 0 1
103 202 0 1
1 203 0 1
2 203 0 1
76 203 0 1
81 203 0 1
82 203 0 1
86 203 0 1
87 203 0 1
91 203 0 1
95 203 0 1
96 203 0 1
97 203 0 1
104 203 0 1
106 203 0 1
108 203 0 1
109 203 0 1
68 204 0 1
77 204 0 1
83 204 0 1
84 204 0 1
88 204 0 1
89 204 0 1
90 204 0 1
94 204 0 1
100 204 0 1
102 204 0 1
68 205 0 1
77 205 0 1
83 205 0 1
84 205 0 1
88 205 0 1
89 205 0 1
90 205 0 1
94 205 0 1
99 205 0 1
100 205 0 1
102 205 0 1
103 205 0 1
68 206 0 1
77 206 0 1
83 206 0 1
84 206 0 1
85 206 0 1
88 206 0 1
89 206 0 1
90 206 0 1
98 206 0 1
99 206 0 1
100 206 0 1
101 206 0 1
103 206 0 1
77 207 0 1
84 207 0 1
85 207 0 1
88 207 0 1
89 207 0 1
90 207 0 1
98 207 0 1
99 207 0 1
100 207 0 1
101 207 0 1
103 207 0 1
1 208 0 1
2 208 0 1
73 208 0 1
74 208 0 1
76 208 0 1
79 208 0 1
81 208 0 1
82 208 0 1
86 208 0 1
87 208 0 1
91 208 0 1
95 208 0 1
96 208 0 1
104 208 0 1
106 208 0 1
107 208 0 1
108 208 0 1
109 208 0 1
112 208 0 1
1 209 0 1
2 209 0 1
73 209 0 1
74 209 0 1
76 209 0 1
81 209 0 1
82 209 0 1
86 209 0 1
87 209 0 1
91 209 0 1
95 209 0 1
96 209 0 1
104 209 0 1
106 209 0 1
107 209 0 1
108 209 0 1
109 209 0 1
66 210 0 1
67 210 0 1
68 210 0 1
77 210 0 1
83 210 0 1
88 210 0 1
89 210 0 1
94 210 0 1
100 210 0 1
102 210 0 1
113 210 0 1
115 210 0 1
66 211 0 1
67 211 0 1
77 211 0 1
83 211 0 1
88 211 0 1
94 211 0 1
100 211 0 1
102 211 0 1
113 211 0 1
115 211 0 1
68 212 0 1
69 212 0 1
70 212 0 1
77 212 0 1
78 212 0 1
84 212 0 1
85 212 0 1
89 212 0 1
90 212 0 1
98 212 0 1
99 212 0 1
100 212 0 1
101 212 0 1
103 212 0 1
114 212 0 1
115 212 0 1
1 213 0 1
2 213 0 1
61 213 0 1
69 213 0 1
71 213 0 1
72 213 0 1
73 213 0 1
74 213 0 1
75 213 0 1
76 213 0 1
78 213 0 1
79 213 0 1
80 213 0 1
81 213 0 1
82 213 0 1
86 213 0 1
87 213 0 1
91 213 0 1
92 213 0 1
95 213 0 1
96 213 0 1
97 213 0 1
101 213 0 1
105 213 0 1
106 213 0 1
107 213 0 1
108 213 0 1
109 213 0 1
111 213 0 1
112 213 0 1
116 213 0 1
52 214 0 1
66 214 0 1
67 214 0 1
68 214 0 1
70 214 0 1
77 214 0 1
83 214 0 1
88 214 0 1
89 214 0 1
94 214 0 1
100 214 0 1
102 214 0 1
113 214 0 1
114 214 0 1
115 214 0 1
52 215 0 1
67 215 0 1
68 215 0 1
70 215 0 1
77 215 0 1
83 215 0 1
84 215 0 1
85 215 0 1
89 215 0 1
90 215 0 1
99 215 0 1
100 215 0 1
101 215 0 1
103 215 0 1
113 215 0 1
114 215 0 1
115 215 0 1
1 216 0 1
2 216 0 1
61 216 0 1
71 216 0 1
73 216 0 1
74 216 0 1
75 216 0 1
76 216 0 1
78 216 0 1
79 216 0 1
80 216 0 1
81 216 0 1
82 216 0 1
86 216 0 1
87 216 0 1
91 216 0 1
95 216 0 1
96 216 0 1
97 216 0 1
101 216 0 1
104 216 0 1
106 216 0 1
107 216 0 1
108 216 0 1
109 216 0 1
111 216 0 1
112 216 0 1
116 216 0 1
2 217 0 1
61 217 0 1
69 217 0 1
71 217 0 1
72 217 0 1
73 217 0 1
74 217 0 1
75 217 0 1
76 217 0 1
78 217 0 1
79 217 0 1
80 217 0 1
82 217 0 1
85 217 0 1
86 217 0 1
87 217 0 1
92 217 0 1
93 217 0 1
95 217 0 1
96 217 0 1
97 217 0 1
98 217 0 1
99 217 0 1
101 217 0 1
105 217 0 1
106 217 0 1
107 217 0 1
108 217 0 1
109 217 0 1
110 217 0 1
111 217 0 1
116 217 0 1
69 218 0 1
71 218 0 1
72 218 0 1
75 218 0 1
78 218 0 1
79 218 0 1
80 218 0 1
84 218 0 1
85 218 0 1
93 218 0 1
98 218 0 1
99 218 0 1
101 218 0 1
103 218 0 1
105 218 0 1
107 218 0 1
110 218 0 1
116 218 0 1
68 219 0 1
70 219 0 1
77 219 0 1
84 219 0 1
85 219 0 1
89 219 0 1
90 219 0 1
98 219 0 1
99 219 0 1
100 219 0 1
101 219 0 1
103 219 0 1
113 219 0 1
114 219 0 1
115 219 0 1
52 220 0 1
67 220 0 1
68 220 0 1
70 220 0 1
77 220 0 1
83 220 0 1
84 220 0 1
88 220 0 1
89 220 0 1
90 220 0 1
100 220 0 1
113 220 0 1
114 220 0 1
115 220 0 1
68 221 0 1
69 221 0 1
70 221 0 1
72 221 0 1
75 221 0 1
78 221 0 1
79 221 0 1
80 221 0 1
84 221 0 1
85 221 0 1
90 221 0 1
93 221 0 1
98 221 0 1
99 221 0 1
101 221 0 1
103 221 0 1
105 221 0 1
67 222 0 1
68 222 0 1
70 222 0 1
77 222 0 1
83 222 0 1
84 222 0 1
88 222 0 1
89 222 0 1
90 222 0 1
99 222 0 1
100 222 0 1
103 222 0 1
113 222 0 1
114 222 0 1
115 222 0 1
66 223 0 1
67 223 0 1
68 223 0 1
70 223 0 1
77 223 0 1
83 223 0 1
88 223 0 1
89 223 0 1
90 223 0 1
94 223 0 1
100 223 0 1
102 223 0 1
113 223 0 1
114 223 0 1
115 223 0 1
67 224 0 1
68 224 0 1
70 224 0 1
77 224 0 1
83 224 0 1
84 224 0 1
85 224 0 1
88 224 0 1
89 224 0 1
90 224 0 1
94 224 0 1
99 224 0 1
100 224 0 1
102 224 0 1
103 224 0 1
113 224 0 1
114 224 0 1
115 224 0 1
68 225 0 1
70 225 0 1
77 225 0 1
83 225 0 1
84 225 0 1
85 225 0 1
88 225 0 1
89 225 0 1
90 225 0 1
98 225 0 1
99 225 0 1
100 225 0 1
101 225 0 1
103 225 0 1
114 225 0 1
115 225 0 1
68 226 0 1
69 226 0 1
70 226 0 1
72 226 0 1
77 226 0 1
78 226 0 1
80 226 0 1
84 226 0 1
85 226 0 1
90 226 0 1
93 226 0 1
98 226 0 1
99 226 0 1
101 226 0 1
103 226 0 1
105 226 0 1
1 227 0 1
2 227 0 1
69 227 0 1
71 227 0 1
72 227 0 1
73 227 0 1
74 227 0 1
75 227 0 1
76 227 0 1
78 227 0 1
79 227 0 1
80 227 0 1
81 227 0 1
82 227 0 1
86 227 0 1
87 227 0 1
91 227 0 1
92 227 0 1
93 227 0 1
95 227 0 1
96 227 0 1
97 227 0 1
98 227 0 1
101 227 0 1
105 227 0 1
106 227 0 1
107 227 0 1
108 227 0 1
109 227 0 1
116 227 0 1
1 228 0 1
2 228 0 1
71 228 0 1
72 228 0 1
73 228 0 1
74 228 0 1
75 228 0 1
76 228 0 1
78 228 0 1
79 228 0 1
80 228 0 1
81 228 0 1
82 228 0 1
86 228 0 1
87 228 0 1
91 228 0 1
92 228 0 1
95 228 0 1
96 228 0 1
97 228 0 1
101 228 0 1
104 228 0 1
105 228 0 1
106 228 0 1
107 228 0 1
108 228 0 1
109 228 0 1
116 228 0 1
2 229 0 1
42 229 0 1
53 229 0 1
54 229 0 1
56 229 0 1
59 229 0 1
60 229 0 1
61 229 0 1
62 229 0 1
65 229 0 1
69 229 0 1
71 229 0 1
72 229 0 1
73 229 0 1
74 229 0 1
75 229 0 1
76 229 0 1
78 229 0 1
79 229 0 1
80 229 0 1
82 229 0 1
101 229 0 1
106 229 0 1
107 229 0 1
108 229 0 1
109 229 0 1
110 229 0 1
111 229 0 1
116 229 0 1
51 230 0 1
52 230 0 1
58 230 0 1
63 230 0 1
66 230 0 1
67 230 0 1
68 230 0 1
70 230 0 1
77 230 0 1
113 230 0 1
114 230 0 1
115 230 0 1
42 231 0 1
53 231 0 1
54 231 0 1
55 231 0 1
56 231 0 1
58 231 0 1
59 231 0 1
60 231 0 1
61 231 0 1
62 231 0 1
63 231 0 1
68 231 0 1
69 231 0 1
70 231 0 1
71 231 0 1
72 231 0 1
75 231 0 1
78 231 0 1
80 231 0 1
84 231 0 1
85 231 0 1
99 231 0 1
101 231 0 1
107 231 0 1
110 231 0 1
114 231 0 1
115 231 0 1
116 231 0 1
39 232 0 1
42 232 0 1
53 232 0 1
54 232 0 1
55 232 0 1
56 232 0 1
59 232 0 1
60 232 0 1
61 232 0 1
62 232 0 1
69 232 0 1
71 232 0 1
72 232 0 1
75 232 0 1
78 232 0 1
79 232 0 1
80 232 0 1
101 232 0 1
107 232 0 1
110 232 0 1
111 232 0 1
116 232 0 1
52 233 0 1
55 233 0 1
56 233 0 1
58 233 0 1
62 233 0 1
63 233 0 1
67 233 0 1
68 233 0 1
70 233 0 1
77 233 0 1
113 233 0 1
114 233 0 1
115 233 0 1
51 234 0 1
52 234 0 1
58 234 0 1
66 234 0 1
67 234 0 1
68 234 0 1
70 234 0 1
77 234 0 1
113 234 0 1
114 234 0 1
115 234 0 1
51 235 0 1
52 235 0 1
58 235 0 1
66 235 0 1
67 235 0 1
68 235 0 1
70 235 0 1
77 235 0 1
83 235 0 1
113 235 0 1
114 235 0 1
115 235 0 1
52 236 0 1
53 236 0 1
54 236 0 1
55 236 0 1
56 236 0 1
58 236 0 1
62 236 0 1
63 236 0 1
67 236 0 1
68 236 0 1
69 236 0 1
70 236 0 1
72 236 0 1
77 236 0 1
84 236 0 1
85 236 0 1
98 236 0 1
99 236 0 1
100 236 0 1
101 236 0 1
110 236 0 1
113 236 0 1
114 236 0 1
115 236 0 1
2 237 0 1
9 237 0 1
11 237 0 1
14 237 0 1
15 237 0 1
16 237 0 1
18 237 0 1
19 237 0 1
21 237 0 1
22 237 0 1
31 237 0 1
33 237 0 1
34 237 0 1
35 237 0 1
36 237 0 1
37 237 0 1
38 237 0 1
40 237 0 1
41 237 0 1
42 237 0 1
44 237 0 1
45 237 0 1
49 237 0 1
50 237 0 1
57 237 0 1
61 237 0 1
64 237 0 1
65 237 0 1
51 238 0 1
58 238 0 1
12 239 0 1
13 239 0 1
17 239 0 1
20 239 0 1
30 239 0 1
32 239 0 1
39 239 0 1
42 239 0 1
43 239 0 1
46 239 0 1
47 239 0 1
48 239 0 1
53 239 0 1
54 239 0 1
55 239 0 1
56 239 0 1
59 239 0 1
60 239 0 1
61 239 0 1
62 239 0 1
63 239 0 1
12 240 0 1
13 240 0 1
30 240 0 1
32 240 0 1
39 240 0 1
43 240 0 1
46 240 0 1
47 240 0 1
48 240 0 1
55 240 0 1
58 240 0 1
59 240 0 1
60 240 0 1
62 240 0 1
63 240 0 1
46 241 0 1
48 241 0 1
55 241 0 1
58 241 0 1
63 241 0 1
2 242 0 1
10 242 0 1
11 242 0 1
14 242 0 1
18 242 0 1
19 242 0 1
21 242 0 1
22 242 0 1
30 242 0 1
31 242 0 1
32 242 0 1
33 242 0 1
34 242 0 1
35 242 0 1
37 242 0 1
38 242 0 1
39 242 0 1
40 242 0 1
41 242 0 1
42 242 0 1
43 242 0 1
45 242 0 1
49 242 0 1
50 242 0 1
60 242 0 1
61 242 0 1
64 242 0 1
65 242 0 1
51 243 0 1
58 243 0 1
51 244 0 1
58 244 0 1
2 245 0 1
11 245 0 1
14 245 0 1
18 245 0 1
19 245 0 1
20 245 0 1
21 245 0 1
22 245 0 1
30 245 0 1
31 245 0 1
32 245 0 1
34 245 0 1
35 245 0 1
37 245 0 1
38 245 0 1
39 245 0 1
40 245 0 1
41 245 0 1
42 245 0 1
43 245 0 1
47 245 0 1
49 245 0 1
53 245 0 1
54 245 0 1
56 245 0 1
59 245 0 1
60 245 0 1
61 245 0 1
62 245 0 1
64 245 0 1
65 245 0 1
111 245 0 1
12 246 0 1
13 246 0 1
30 246 0 1
46 246 0 1
47 246 0 1
48 246 0 1
55 246 0 1
58 246 0 1
59 246 0 1
62 246 0 1
63 246 0 1
51 247 0 1
58 247 0 1
12 248 0 1
13 248 0 1
30 248 0 1
32 248 0 1
39 248 0 1
42 248 0 1
43 248 0 1
46 248 0 1
47 248 0 1
48 248 0 1
53 248 0 1
54 248 0 1
55 248 0 1
56 248 0 1
59 248 0 1
60 248 0 1
61 248 0 1
62 248 0 1
63 248 0 1
