1 2 0 0
1 3 0 0
1 4 0 0
2 4 0 0
1 5 0 0
3 5 0 0
3 6 0 0
5 6 0 0
1 7 0 0
2 7 0 0
4 7 0 0
3 8 0 0
5 8 0 0
6 8 0 0
1 9 0 0
2 9 0 0
3 9 0 0
4 9 0 0
5 9 0 0
6 9 0 0
7 9 0 0
8 9 0 0
1 10 0 0
2 10 0 0
4 10 0 0
7 10 0 0
9 10 0 0
1 11 0 0
3 11 0 0
5 11 0 0
6 11 0 0
8 11 0 0
9 11 0 0
10 11 0 0
1 12 0 0
2 12 0 0
3 12 0 0
5 12 0 0
7 12 0 0
8 12 0 0
9 12 0 0
10 12 0 0
11 12 0 0
1 13 0 0
2 13 0 0
4 13 0 0
7 13 0 0
10 13 0 0
3 14 0 0
5 14 0 0
6 14 0 0
8 14 0 0
11 14 0 0
1 15 0 0
3 15 0 0
5 15 0 0
6 15 0 0
8 15 0 0
9 15 0 0
11 15 0 0
12 15 0 0
14 15 0 0
1 16 0 0
2 16 0 0
4 16 0 0
7 16 0 0
10 16 0 0
13 16 0 0
1 17 0 0
2 17 0 0
4 17 0 0
7 17 0 0
9 17 0 0
10 17 0 0
12 17 0 0
13 17 0 0
16 17 0 0
1 18 0 0
2 18 0 0
4 18 0 0
7 18 0 0
10 18 0 0
13 18 0 0
16 18 0 0
17 18 0 0
1 19 0 0
9 19 0 0
10 19 0 0
11 19 0 0
12 19 0 0
15 19 0 0
17 19 0 0
18 19 0 0
1 20 0 0
2 20 0 0
4 20 0 0
7 20 0 0
9 20 0 0
10 20 0 0
11 20 0 0
12 20 0 0
13 20 0 0
15 20 0 0
16 20 0 0
17 20 0 0
18 20 0 0
19 20 0 0
1 21 0 0
4 21 0 0
7 21 0 0
10 21 0 0
13 21 0 0
16 21 0 0
17 21 0 0
18 21 0 0
19 21 0 0
20 21 0 0
6 22 0 0
8 22 0 0
11 22 0 0
14 22 0 0
15 22 0 0
19 22 0 0
1 23 0 0
9 23 0 0
10 23 0 0
11 23 0 0
12 23 0 0
15 23 0 0
17 23 0 0
18 23 0 0
19 23 0 0
20 23 0 0
21 23 0 0
1 24 0 0
7 24 0 0
9 24 0 0
10 24 0 0
12 24 0 0
13 24 0 0
16 24 0 0
17 24 0 0
18 24 0 0
19 24 0 0
20 24 0 0
21 24 0 0
23 24 0 0
1 25 0 0
2 25 0 0
4 25 0 0
7 25 0 0
10 25 0 0
13 25 0 0
16 25 0 0
17 25 0 0
18 25 0 0
20 25 0 0
21 25 0 0
24 25 0 0
3 26 0 0
5 26 0 0
6 26 0 0
8 26 0 0
9 26 0 0
11 26 0 0
12 26 0 0
14 26 0 0
15 26 0 0
22 26 0 0
1 27 0 0
3 27 0 0
5 27 0 0
6 27 0 0
8 27 0 0
9 27 0 0
11 27 0 0
12 27 0 0
14 27 0 0
15 27 0 0
19 27 0 0
20 27 0 0
22 27 0 0
23 27 0 0
26 27 0 0
1 28 0 0
2 28 0 0
4 28 0 0
7 28 0 0
9 28 0 0
10 28 0 0
12 28 0 0
13 28 0 0
16 28 0 0
17 28 0 0
18 28 0 0
19 28 0 0
20 28 0 0
21 28 0 0
23 28 0 0
24 28 0 0
25 28 0 0
1 29 0 0
3 29 0 0
5 29 0 0
6 29 0 0
8 29 0 0
9 29 0 0
10 29 0 0
11 29 0 0
12 29 0 0
14 29 0 0
15 29 0 0
17 29 0 0
19 29 0 0
20 29 0 0
22 29 0 0
23 29 0 0
24 29 0 0
26 29 0 0
27 29 0 0
28 29 0 0
1 30 0 0
2 30 0 0
4 30 0 0
7 30 0 0
9 30 0 0
10 30 0 0
12 30 0 0
13 30 0 0
16 30 0 0
17 30 0 0
18 30 0 0
19 30 0 0
20 30 0 0
21 30 0 0
23 30 0 0
24 30 0 0
25 30 0 0
28 30 0 0
29 30 0 0
1 31 0 0
3 31 0 0
5 31 0 0
7 31 0 0
8 31 0 0
9 31 0 0
10 31 0 0
11 31 0 0
12 31 0 0
14 31 0 0
15 31 0 0
17 31 0 0
19 31 0 0
20 31 0 0
21 31 0 0
22 31 0 0
23 31 0 0
24 31 0 0
26 31 0 0
27 31 0 0
28 31 0 0
29 31 0 0
30 31 0 0
1 32 0 0
2 32 0 0
4 32 0 0
7 32 0 0
9 32 0 0
10 32 0 0
11 32 0 0
12 32 0 0
15 32 0 0
16 32 0 0
17 32 0 0
18 32 0 0
19 32 0 0
20 32 0 0
21 32 0 0
23 32 0 0
24 32 0 0
27 32 0 0
28 32 0 0
29 32 0 0
30 32 0 0
31 32 0 0
3 33 0 0
5 33 0 0
6 33 0 0
8 33 0 0
9 33 0 0
11 33 0 0
12 33 0 0
14 33 0 0
15 33 0 0
19 33 0 0
22 33 0 0
26 33 0 0
27 33 0 0
29 33 0 0
31 33 0 0
32 33 0 0
13 35 0 0
16 35 0 0
17 35 0 0
18 35 0 0
21 35 0 0
24 35 0 0
14 36 0 0
15 36 0 0
19 36 0 0
20 36 0 0
22 36 0 0
23 36 0 0
31 36 0 0
33 36 0 0
14 37 0 0
15 37 0 0
22 37 0 0
26 37 0 0
27 37 0 0
31 37 0 0
33 37 0 0
36 37 0 0
14 38 0 0
22 38 0 0
26 38 0 0
33 38 0 0
34 38 0 0
36 38 0 0
37 38 0 0
1 39 0 0
16 39 0 0
17 39 0 0
18 39 0 0
19 39 0 0
20 39 0 0
21 39 0 0
23 39 0 0
24 39 0 0
28 39 0 0
30 39 0 0
31 39 0 0
32 39 0 0
35 39 0 0
36 39 0 0
14 40 0 0
15 40 0 0
19 40 0 0
20 40 0 0
22 40 0 0
23 40 0 0
27 40 0 0
31 40 0 0
33 40 0 0
36 40 0 0
37 40 0 0
38 40 0 0
17 41 0 0
18 41 0 0
19 41 0 0
20 41 0 0
21 41 0 0
23 41 0 0
24 41 0 0
31 41 0 0
36 41 0 0
39 41 0 0
40 41 0 0
14 42 0 0
22 42 0 0
26 42 0 0
33 42 0 0
34 42 0 0
37 42 0 0
38 42 0 0
1 43 0 0
13 43 0 0
16 43 0 0
17 43 0 0
18 43 0 0
19 43 0 0
20 43 0 0
21 43 0 0
23 43 0 0
24 43 0 0
25 43 0 0
28 43 0 0
30 43 0 0
32 43 0 0
35 43 0 0
39 43 0 0
41 43 0 0
1 44 0 0
16 44 0 0
17 44 0 0
18 44 0 0
19 44 0 0
20 44 0 0
21 44 0 0
23 44 0 0
24 44 0 0
28 44 0 0
30 44 0 0
31 44 0 0
32 44 0 0
35 44 0 0
36 44 0 0
39 44 0 0
41 44 0 0
43 44 0 0
14 45 0 0
22 45 0 0
26 45 0 0
34 45 0 0
37 45 0 0
38 45 0 0
42 45 0 0
14 46 0 0
15 46 0 0
19 46 0 0
22 46 0 0
23 46 0 0
26 46 0 0
27 46 0 0
31 46 0 0
33 46 0 0
36 46 0 0
37 46 0 0
38 46 0 0
40 46 0 0
42 46 0 0
45 46 0 0
1 47 0 0
15 47 0 0
17 47 0 0
18 47 0 0
19 47 0 0
20 47 0 0
21 47 0 0
23 47 0 0
24 47 0 0
28 47 0 0
29 47 0 0
30 47 0 0
31 47 0 0
32 47 0 0
36 47 0 0
39 47 0 0
40 47 0 0
41 47 0 0
43 47 0 0
44 47 0 0
46 47 0 0
6 48 0 0
14 48 0 0
15 48 0 0
22 48 0 0
26 48 0 0
27 48 0 0
33 48 0 0
36 48 0 0
37 48 0 0
38 48 0 0
40 48 0 0
42 48 0 0
45 48 0 0
46 48 0 0
1 49 0 0
13 49 0 0
16 49 0 0
17 49 0 0
18 49 0 0
21 49 0 0
24 49 0 0
25 49 0 0
28 49 0 0
30 49 0 0
35 49 0 0
39 49 0 0
43 49 0 0
44 49 0 0
1 50 0 0
7 50 0 0
13 50 0 0
16 50 0 0
17 50 0 0
18 50 0 0
20 50 0 0
21 50 0 0
24 50 0 0
25 50 0 0
28 50 0 0
30 50 0 0
35 50 0 0
39 50 0 0
41 50 0 0
43 50 0 0
44 50 0 0
49 50 0 0
6 51 0 0
8 51 0 0
11 51 0 0
14 51 0 0
15 51 0 0
19 51 0 0
22 51 0 0
26 51 0 0
27 51 0 0
29 51 0 0
31 51 0 0
33 51 0 0
36 51 0 0
37 51 0 0
38 51 0 0
40 51 0 0
42 51 0 0
45 51 0 0
46 51 0 0
48 51 0 0
1 52 0 0
7 52 0 0
13 52 0 0
16 52 0 0
17 52 0 0
18 52 0 0
20 52 0 0
21 52 0 0
23 52 0 0
24 52 0 0
25 52 0 0
28 52 0 0
30 52 0 0
32 52 0 0
35 52 0 0
39 52 0 0
41 52 0 0
43 52 0 0
44 52 0 0
47 52 0 0
49 52 0 0
50 52 0 0
1 53 0 0
9 53 0 0
11 53 0 0
12 53 0 0
14 53 0 0
15 53 0 0
17 53 0 0
19 53 0 0
20 53 0 0
21 53 0 0
22 53 0 0
23 53 0 0
24 53 0 0
27 53 0 0
29 53 0 0
31 53 0 0
32 53 0 0
33 53 0 0
36 53 0 0
37 53 0 0
39 53 0 0
40 53 0 0
41 53 0 0
43 53 0 0
44 53 0 0
46 53 0 0
47 53 0 0
48 53 0 0
51 53 0 0
1 54 0 0
9 54 0 0
11 54 0 0
12 54 0 0
15 54 0 0
16 54 0 0
17 54 0 0
18 54 0 0
19 54 0 0
20 54 0 0
21 54 0 0
23 54 0 0
24 54 0 0
27 54 0 0
28 54 0 0
29 54 0 0
30 54 0 0
31 54 0 0
32 54 0 0
36 54 0 0
39 54 0 0
40 54 0 0
41 54 0 0
43 54 0 0
44 54 0 0
46 54 0 0
47 54 0 0
50 54 0 0
52 54 0 0
53 54 0 0
1 55 0 0
11 55 0 0
12 55 0 0
14 55 0 0
15 55 0 0
19 55 0 0
20 55 0 0
22 55 0 0
23 55 0 0
26 55 0 0
27 55 0 0
29 55 0 0
31 55 0 0
32 55 0 0
33 55 0 0
36 55 0 0
37 55 0 0
38 55 0 0
39 55 0 0
40 55 0 0
41 55 0 0
42 55 0 0
44 55 0 0
46 55 0 0
47 55 0 0
48 55 0 0
51 55 0 0
53 55 0 0
54 55 0 0
1 56 0 0
3 56 0 0
5 56 0 0
6 56 0 0
8 56 0 0
9 56 0 0
11 56 0 0
12 56 0 0
14 56 0 0
15 56 0 0
19 56 0 0
20 56 0 0
22 56 0 0
23 56 0 0
24 56 0 0
26 56 0 0
27 56 0 0
29 56 0 0
31 56 0 0
32 56 0 0
33 56 0 0
36 56 0 0
37 56 0 0
38 56 0 0
39 56 0 0
40 56 0 0
41 56 0 0
42 56 0 0
44 56 0 0
45 56 0 0
46 56 0 0
47 56 0 0
48 56 0 0
51 56 0 0
53 56 0 0
54 56 0 0
55 56 0 0
1 57 0 0
7 57 0 0
9 57 0 0
10 57 0 0
11 57 0 0
12 57 0 0
13 57 0 0
15 57 0 0
16 57 0 0
17 57 0 0
18 57 0 0
19 57 0 0
20 57 0 0
21 57 0 0
23 57 0 0
24 57 0 0
25 57 0 0
27 57 0 0
28 57 0 0
29 57 0 0
30 57 0 0
31 57 0 0
32 57 0 0
36 57 0 0
39 57 0 0
40 57 0 0
41 57 0 0
43 57 0 0
44 57 0 0
47 57 0 0
49 57 0 0
50 57 0 0
52 57 0 0
53 57 0 0
54 57 0 0
55 57 0 0
56 57 0 0
1 58 0 0
12 58 0 0
13 58 0 0
16 58 0 0
17 58 0 0
18 58 0 0
19 58 0 0
20 58 0 0
21 58 0 0
23 58 0 0
24 58 0 0
25 58 0 0
28 58 0 0
29 58 0 0
30 58 0 0
31 58 0 0
32 58 0 0
35 58 0 0
39 58 0 0
41 58 0 0
43 58 0 0
44 58 0 0
47 58 0 0
49 58 0 0
50 58 0 0
52 58 0 0
53 58 0 0
54 58 0 0
55 58 0 0
56 58 0 0
57 58 0 0
1 59 0 0
12 59 0 0
15 59 0 0
16 59 0 0
17 59 0 0
18 59 0 0
19 59 0 0
20 59 0 0
21 59 0 0
23 59 0 0
24 59 0 0
28 59 0 0
29 59 0 0
30 59 0 0
31 59 0 0
32 59 0 0
36 59 0 0
39 59 0 0
41 59 0 0
43 59 0 0
44 59 0 0
47 59 0 0
49 59 0 0
50 59 0 0
52 59 0 0
53 59 0 0
54 59 0 0
55 59 0 0
56 59 0 0
57 59 0 0
58 59 0 0
1 60 0 0
11 60 0 0
12 60 0 0
15 60 0 0
17 60 0 0
18 60 0 0
19 60 0 0
20 60 0 0
21 60 0 0
23 60 0 0
24 60 0 0
27 60 0 0
29 60 0 0
30 60 0 0
31 60 0 0
32 60 0 0
36 60 0 0
39 60 0 0
40 60 0 0
41 60 0 0
43 60 0 0
44 60 0 0
46 60 0 0
47 60 0 0
52 60 0 0
53 60 0 0
54 60 0 0
55 60 0 0
56 60 0 0
57 60 0 0
58 60 0 0
59 60 0 0
1 61 0 0
13 61 0 0
16 61 0 0
17 61 0 0
18 61 0 0
20 61 0 0
21 61 0 0
23 61 0 0
24 61 0 0
25 61 0 0
28 61 0 0
30 61 0 0
35 61 0 0
39 61 0 0
41 61 0 0
43 61 0 0
44 61 0 0
47 61 0 0
49 61 0 0
50 61 0 0
52 61 0 0
54 61 0 0
57 61 0 0
58 61 0 0
59 61 0 0
60 61 0 0
34 62 0 0
38 62 0 0
45 62 0 0
34 63 0 0
38 63 0 0
42 63 0 0
45 63 0 0
62 63 0 0
36 64 0 0
37 64 0 0
38 64 0 0
40 64 0 0
42 64 0 0
45 64 0 0
46 64 0 0
48 64 0 0
51 64 0 0
55 64 0 0
56 64 0 0
62 64 0 0
63 64 0 0
22 65 0 0
36 65 0 0
37 65 0 0
38 65 0 0
40 65 0 0
42 65 0 0
45 65 0 0
46 65 0 0
48 65 0 0
51 65 0 0
53 65 0 0
55 65 0 0
56 65 0 0
64 65 0 0
36 66 0 0
39 66 0 0
40 66 0 0
41 66 0 0
43 66 0 0
44 66 0 0
47 66 0 0
52 66 0 0
53 66 0 0
54 66 0 0
55 66 0 0
57 66 0 0
58 66 0 0
59 66 0 0
60 66 0 0
61 66 0 0
24 67 0 0
36 67 0 0
39 67 0 0
41 67 0 0
43 67 0 0
44 67 0 0
47 67 0 0
52 67 0 0
53 67 0 0
54 67 0 0
57 67 0 0
58 67 0 0
59 67 0 0
60 67 0 0
61 67 0 0
66 67 0 0
68 69 0 0
36 70 0 0
37 70 0 0
38 70 0 0
40 70 0 0
46 70 0 0
55 70 0 0
64 70 0 0
65 70 0 0
35 71 0 0
39 71 0 0
41 71 0 0
43 71 0 0
47 71 0 0
61 71 0 0
66 71 0 0
67 71 0 0
68 71 0 0
69 71 0 0
36 72 0 0
40 72 0 0
47 72 0 0
53 72 0 0
55 72 0 0
64 72 0 0
65 72 0 0
66 72 0 0
67 72 0 0
70 72 0 0
35 73 0 0
68 73 0 0
69 73 0 0
71 73 0 0
38 74 0 0
64 74 0 0
65 74 0 0
70 74 0 0
72 74 0 0
36 75 0 0
40 75 0 0
47 75 0 0
53 75 0 0
64 75 0 0
65 75 0 0
66 75 0 0
67 75 0 0
70 75 0 0
72 75 0 0
74 75 0 0
39 76 0 0
41 76 0 0
47 76 0 0
66 76 0 0
67 76 0 0
69 76 0 0
71 76 0 0
72 76 0 0
75 76 0 0
36 77 0 0
37 77 0 0
38 77 0 0
40 77 0 0
45 77 0 0
46 77 0 0
53 77 0 0
55 77 0 0
64 77 0 0
65 77 0 0
70 77 0 0
72 77 0 0
74 77 0 0
75 77 0 0
35 78 0 0
39 78 0 0
41 78 0 0
43 78 0 0
44 78 0 0
47 78 0 0
49 78 0 0
50 78 0 0
52 78 0 0
58 78 0 0
59 78 0 0
61 78 0 0
66 78 0 0
67 78 0 0
68 78 0 0
69 78 0 0
71 78 0 0
73 78 0 0
76 78 0 0
37 79 0 0
38 79 0 0
40 79 0 0
42 79 0 0
45 79 0 0
46 79 0 0
48 79 0 0
55 79 0 0
56 79 0 0
62 79 0 0
63 79 0 0
64 79 0 0
65 79 0 0
70 79 0 0
72 79 0 0
74 79 0 0
77 79 0 0
34 80 0 0
38 80 0 0
42 80 0 0
45 80 0 0
62 80 0 0
63 80 0 0
64 80 0 0
65 80 0 0
74 80 0 0
77 80 0 0
79 80 0 0
36 81 0 0
37 81 0 0
40 81 0 0
41 81 0 0
46 81 0 0
47 81 0 0
53 81 0 0
54 81 0 0
55 81 0 0
56 81 0 0
60 81 0 0
64 81 0 0
65 81 0 0
66 81 0 0
67 81 0 0
70 81 0 0
72 81 0 0
74 81 0 0
75 81 0 0
76 81 0 0
77 81 0 0
79 81 0 0
36 82 0 0
37 82 0 0
38 82 0 0
40 82 0 0
46 82 0 0
47 82 0 0
53 82 0 0
55 82 0 0
56 82 0 0
60 82 0 0
64 82 0 0
65 82 0 0
66 82 0 0
70 82 0 0
72 82 0 0
74 82 0 0
75 82 0 0
77 82 0 0
79 82 0 0
81 82 0 0
36 83 0 0
39 83 0 0
40 83 0 0
41 83 0 0
43 83 0 0
44 83 0 0
47 83 0 0
53 83 0 0
54 83 0 0
55 83 0 0
58 83 0 0
59 83 0 0
60 83 0 0
66 83 0 0
67 83 0 0
71 83 0 0
72 83 0 0
75 83 0 0
76 83 0 0
78 83 0 0
81 83 0 0
82 83 0 0
35 84 0 0
49 84 0 0
61 84 0 0
68 84 0 0
69 84 0 0
71 84 0 0
73 84 0 0
78 84 0 0
34 85 0 0
38 85 0 0
45 85 0 0
62 85 0 0
63 85 0 0
64 85 0 0
65 85 0 0
70 85 0 0
74 85 0 0
77 85 0 0
79 85 0 0
80 85 0 0
37 86 0 0
38 86 0 0
45 86 0 0
62 86 0 0
63 86 0 0
64 86 0 0
65 86 0 0
70 86 0 0
72 86 0 0
74 86 0 0
77 86 0 0
79 86 0 0
80 86 0 0
82 86 0 0
85 86 0 0
36 87 0 0
39 87 0 0
40 87 0 0
41 87 0 0
44 87 0 0
47 87 0 0
53 87 0 0
55 87 0 0
59 87 0 0
60 87 0 0
65 87 0 0
66 87 0 0
67 87 0 0
70 87 0 0
71 87 0 0
72 87 0 0
75 87 0 0
76 87 0 0
77 87 0 0
81 87 0 0
82 87 0 0
83 87 0 0
35 88 0 0
39 88 0 0
41 88 0 0
43 88 0 0
44 88 0 0
47 88 0 0
49 88 0 0
52 88 0 0
58 88 0 0
61 88 0 0
66 88 0 0
67 88 0 0
68 88 0 0
69 88 0 0
71 88 0 0
73 88 0 0
76 88 0 0
78 88 0 0
83 88 0 0
84 88 0 0
87 88 0 0
39 89 0 0
41 89 0 0
43 89 0 0
44 89 0 0
47 89 0 0
53 89 0 0
59 89 0 0
66 89 0 0
67 89 0 0
71 89 0 0
72 89 0 0
75 89 0 0
76 89 0 0
78 89 0 0
81 89 0 0
83 89 0 0
87 89 0 0
88 89 0 0
36 90 0 0
40 90 0 0
41 90 0 0
47 90 0 0
53 90 0 0
55 90 0 0
65 90 0 0
66 90 0 0
67 90 0 0
70 90 0 0
71 90 0 0
72 90 0 0
74 90 0 0
75 90 0 0
76 90 0 0
77 90 0 0
81 90 0 0
82 90 0 0
83 90 0 0
87 90 0 0
89 90 0 0
64 91 0 0
65 91 0 0
70 91 0 0
72 91 0 0
74 91 0 0
75 91 0 0
77 91 0 0
79 91 0 0
81 91 0 0
82 91 0 0
86 91 0 0
87 91 0 0
90 91 0 0
65 92 0 0
66 92 0 0
67 92 0 0
70 92 0 0
72 92 0 0
74 92 0 0
75 92 0 0
76 92 0 0
77 92 0 0
81 92 0 0
82 92 0 0
83 92 0 0
87 92 0 0
89 92 0 0
90 92 0 0
91 92 0 0
64 93 0 0
65 93 0 0
70 93 0 0
72 93 0 0
74 93 0 0
75 93 0 0
77 93 0 0
79 93 0 0
81 93 0 0
82 93 0 0
86 93 0 0
87 93 0 0
90 93 0 0
91 93 0 0
92 93 0 0
41 94 0 0
47 94 0 0
53 94 0 0
66 94 0 0
67 94 0 0
70 94 0 0
71 94 0 0
72 94 0 0
75 94 0 0
76 94 0 0
78 94 0 0
81 94 0 0
82 94 0 0
83 94 0 0
87 94 0 0
88 94 0 0
89 94 0 0
90 94 0 0
91 94 0 0
92 94 0 0
64 95 0 0
65 95 0 0
70 95 0 0
72 95 0 0
74 95 0 0
75 95 0 0
77 95 0 0
79 95 0 0
81 95 0 0
82 95 0 0
83 95 0 0
86 95 0 0
87 95 0 0
90 95 0 0
91 95 0 0
92 95 0 0
93 95 0 0
94 95 0 0
64 96 0 0
65 96 0 0
70 96 0 0
72 96 0 0
74 96 0 0
75 96 0 0
77 96 0 0
79 96 0 0
81 96 0 0
82 96 0 0
86 96 0 0
90 96 0 0
91 96 0 0
92 96 0 0
93 96 0 0
95 96 0 0
66 97 0 0
67 97 0 0
68 97 0 0
69 97 0 0
71 97 0 0
73 97 0 0
76 97 0 0
78 97 0 0
83 97 0 0
84 97 0 0
87 97 0 0
88 97 0 0
89 97 0 0
94 97 0 0
66 98 0 0
67 98 0 0
68 98 0 0
69 98 0 0
71 98 0 0
73 98 0 0
76 98 0 0
78 98 0 0
83 98 0 0
84 98 0 0
88 98 0 0
89 98 0 0
94 98 0 0
97 98 0 0
70 99 0 0
74 99 0 0
77 99 0 0
86 99 0 0
91 99 0 0
93 99 0 0
95 99 0 0
96 99 0 0
70 100 0 0
74 100 0 0
91 100 0 0
93 100 0 0
95 100 0 0
96 100 0 0
99 100 0 0
68 101 0 0
69 101 0 0
71 101 0 0
76 101 0 0
97 101 0 0
98 101 0 0
72 102 0 0
75 102 0 0
76 102 0 0
90 102 0 0
91 102 0 0
92 102 0 0
94 102 0 0
95 102 0 0
96 102 0 0
99 102 0 0
72 103 0 0
75 103 0 0
76 103 0 0
92 103 0 0
94 103 0 0
95 103 0 0
97 103 0 0
102 103 0 0
68 104 0 0
69 104 0 0
71 104 0 0
73 104 0 0
78 104 0 0
84 104 0 0
88 104 0 0
97 104 0 0
98 104 0 0
101 104 0 0
68 105 0 0
69 105 0 0
71 105 0 0
73 105 0 0
76 105 0 0
78 105 0 0
84 105 0 0
88 105 0 0
89 105 0 0
94 105 0 0
97 105 0 0
98 105 0 0
101 105 0 0
104 105 0 0
70 106 0 0
72 106 0 0
74 106 0 0
75 106 0 0
76 106 0 0
77 106 0 0
81 106 0 0
82 106 0 0
83 106 0 0
86 106 0 0
87 106 0 0
90 106 0 0
91 106 0 0
92 106 0 0
93 106 0 0
94 106 0 0
95 106 0 0
96 106 0 0
99 106 0 0
100 106 0 0
102 106 0 0
103 106 0 0
70 107 0 0
72 107 0 0
74 107 0 0
75 107 0 0
77 107 0 0
86 107 0 0
91 107 0 0
92 107 0 0
93 107 0 0
95 107 0 0
96 107 0 0
99 107 0 0
100 107 0 0
102 107 0 0
106 107 0 0
70 108 0 0
72 108 0 0
74 108 0 0
75 108 0 0
77 108 0 0
81 108 0 0
86 108 0 0
90 108 0 0
91 108 0 0
92 108 0 0
93 108 0 0
95 108 0 0
96 108 0 0
99 108 0 0
100 108 0 0
102 108 0 0
103 108 0 0
106 108 0 0
107 108 0 0
71 109 0 0
72 109 0 0
75 109 0 0
76 109 0 0
81 109 0 0
83 109 0 0
87 109 0 0
89 109 0 0
90 109 0 0
92 109 0 0
94 109 0 0
95 109 0 0
97 109 0 0
98 109 0 0
101 109 0 0
102 109 0 0
103 109 0 0
105 109 0 0
106 109 0 0
108 109 0 0
71 110 0 0
75 110 0 0
76 110 0 0
83 110 0 0
88 110 0 0
89 110 0 0
90 110 0 0
92 110 0 0
94 110 0 0
97 110 0 0
98 110 0 0
101 110 0 0
102 110 0 0
103 110 0 0
104 110 0 0
105 110 0 0
106 110 0 0
109 110 0 0
70 111 0 0
72 111 0 0
74 111 0 0
75 111 0 0
90 111 0 0
91 111 0 0
92 111 0 0
93 111 0 0
94 111 0 0
95 111 0 0
96 111 0 0
99 111 0 0
100 111 0 0
102 111 0 0
103 111 0 0
106 111 0 0
107 111 0 0
108 111 0 0
109 111 0 0
71 112 0 0
75 112 0 0
76 112 0 0
89 112 0 0
92 112 0 0
94 112 0 0
97 112 0 0
98 112 0 0
101 112 0 0
102 112 0 0
103 112 0 0
105 112 0 0
106 112 0 0
109 112 0 0
110 112 0 0
99 113 0 0
100 113 0 0
107 113 0 0
99 114 0 0
100 114 0 0
113 114 0 0
101 115 0 0
102 115 0 0
103 115 0 0
106 115 0 0
109 115 0 0
110 115 0 0
112 115 0 0
101 116 0 0
102 116 0 0
103 116 0 0
105 116 0 0
109 116 0 0
110 116 0 0
112 116 0 0
115 116 0 0
115 117 0 0
116 117 0 0
115 118 0 0
116 118 0 0
115 119 0 0
116 119 0 0
117 119 0 0
118 119 0 0
101 120 0 0
115 120 0 0
116 120 0 0
118 120 0 0
119 120 0 0
101 121 0 0
103 121 0 0
109 121 0 0
110 121 0 0
112 121 0 0
115 121 0 0
116 121 0 0
117 121 0 0
118 121 0 0
119 121 0 0
120 121 0 0
101 122 0 0
115 122 0 0
116 122 0 0
117 122 0 0
118 122 0 0
119 122 0 0
120 122 0 0
121 122 0 0
101 123 0 0
115 123 0 0
116 123 0 0
117 123 0 0
118 123 0 0
119 123 0 0
120 123 0 0
121 123 0 0
122 123 0 0
95 124 0 0
96 124 0 0
99 124 0 0
100 124 0 0
106 124 0 0
107 124 0 0
108 124 0 0
111 124 0 0
113 124 0 0
114 124 0 0
95 125 0 0
96 125 0 0
99 125 0 0
100 125 0 0
102 125 0 0
103 125 0 0
106 125 0 0
107 125 0 0
108 125 0 0
109 125 0 0
111 125 0 0
117 125 0 0
124 125 0 0
98 126 0 0
101 126 0 0
104 126 0 0
105 126 0 0
110 126 0 0
112 126 0 0
115 126 0 0
116 126 0 0
118 126 0 0
119 126 0 0
120 126 0 0
121 126 0 0
122 126 0 0
123 126 0 0
98 127 0 0
101 127 0 0
103 127 0 0
104 127 0 0
105 127 0 0
109 127 0 0
110 127 0 0
112 127 0 0
115 127 0 0
116 127 0 0
117 127 0 0
118 127 0 0
119 127 0 0
120 127 0 0
121 127 0 0
122 127 0 0
123 127 0 0
126 127 0 0
68 128 0 0
69 128 0 0
71 128 0 0
97 128 0 0
98 128 0 0
101 128 0 0
104 128 0 0
105 128 0 0
110 128 0 0
112 128 0 0
115 128 0 0
116 128 0 0
118 128 0 0
119 128 0 0
120 128 0 0
121 128 0 0
122 128 0 0
123 128 0 0
126 128 0 0
127 128 0 0
92 129 0 0
94 129 0 0
95 129 0 0
102 129 0 0
103 129 0 0
105 129 0 0
106 129 0 0
108 129 0 0
109 129 0 0
110 129 0 0
111 129 0 0
112 129 0 0
115 129 0 0
116 129 0 0
117 129 0 0
119 129 0 0
121 129 0 0
125 129 0 0
127 129 0 0
75 130 0 0
91 130 0 0
92 130 0 0
95 130 0 0
96 130 0 0
99 130 0 0
100 130 0 0
102 130 0 0
103 130 0 0
106 130 0 0
107 130 0 0
108 130 0 0
109 130 0 0
110 130 0 0
111 130 0 0
112 130 0 0
115 130 0 0
117 130 0 0
124 130 0 0
125 130 0 0
129 130 0 0
70 131 0 0
72 131 0 0
74 131 0 0
75 131 0 0
91 131 0 0
92 131 0 0
93 131 0 0
94 131 0 0
95 131 0 0
96 131 0 0
99 131 0 0
100 131 0 0
102 131 0 0
103 131 0 0
106 131 0 0
107 131 0 0
108 131 0 0
109 131 0 0
111 131 0 0
112 131 0 0
124 131 0 0
125 131 0 0
129 131 0 0
130 131 0 0
70 132 0 0
74 132 0 0
91 132 0 0
92 132 0 0
93 132 0 0
95 132 0 0
96 132 0 0
99 132 0 0
100 132 0 0
102 132 0 0
103 132 0 0
106 132 0 0
107 132 0 0
108 132 0 0
111 132 0 0
113 132 0 0
114 132 0 0
124 132 0 0
125 132 0 0
129 132 0 0
130 132 0 0
131 132 0 0
71 133 0 0
76 133 0 0
92 133 0 0
94 133 0 0
97 133 0 0
98 133 0 0
101 133 0 0
102 133 0 0
103 133 0 0
104 133 0 0
105 133 0 0
106 133 0 0
109 133 0 0
110 133 0 0
112 133 0 0
115 133 0 0
116 133 0 0
117 133 0 0
119 133 0 0
120 133 0 0
121 133 0 0
122 133 0 0
123 133 0 0
126 133 0 0
127 133 0 0
128 133 0 0
129 133 0 0
130 133 0 0
72 134 0 0
75 134 0 0
91 134 0 0
92 134 0 0
93 134 0 0
94 134 0 0
95 134 0 0
96 134 0 0
99 134 0 0
100 134 0 0
102 134 0 0
103 134 0 0
106 134 0 0
107 134 0 0
108 134 0 0
109 134 0 0
110 134 0 0
111 134 0 0
112 134 0 0
115 134 0 0
124 134 0 0
125 134 0 0
129 134 0 0
130 134 0 0
131 134 0 0
132 134 0 0
133 134 0 0
75 135 0 0
92 135 0 0
94 135 0 0
95 135 0 0
102 135 0 0
103 135 0 0
106 135 0 0
107 135 0 0
108 135 0 0
109 135 0 0
110 135 0 0
111 135 0 0
112 135 0 0
115 135 0 0
116 135 0 0
117 135 0 0
121 135 0 0
125 135 0 0
127 135 0 0
129 135 0 0
130 135 0 0
131 135 0 0
132 135 0 0
133 135 0 0
134 135 0 0
69 136 0 0
71 136 0 0
76 136 0 0
88 136 0 0
89 136 0 0
94 136 0 0
97 136 0 0
98 136 0 0
101 136 0 0
102 136 0 0
103 136 0 0
104 136 0 0
105 136 0 0
106 136 0 0
109 136 0 0
110 136 0 0
112 136 0 0
115 136 0 0
116 136 0 0
117 136 0 0
118 136 0 0
119 136 0 0
120 136 0 0
121 136 0 0
122 136 0 0
123 136 0 0
126 136 0 0
127 136 0 0
128 136 0 0
129 136 0 0
133 136 0 0
134 136 0 0
135 136 0 0
68 137 0 0
69 137 0 0
97 137 0 0
98 137 0 0
101 137 0 0
104 137 0 0
105 137 0 0
116 137 0 0
118 137 0 0
120 137 0 0
121 137 0 0
122 137 0 0
123 137 0 0
126 137 0 0
127 137 0 0
128 137 0 0
133 137 0 0
136 137 0 0
92 138 0 0
95 138 0 0
102 138 0 0
103 138 0 0
106 138 0 0
107 138 0 0
108 138 0 0
109 138 0 0
110 138 0 0
111 138 0 0
112 138 0 0
115 138 0 0
116 138 0 0
117 138 0 0
121 138 0 0
124 138 0 0
125 138 0 0
129 138 0 0
130 138 0 0
131 138 0 0
132 138 0 0
133 138 0 0
134 138 0 0
135 138 0 0
136 138 0 0
66 139 0 0
70 139 0 0
72 139 0 0
74 139 0 0
75 139 0 0
76 139 0 0
77 139 0 0
81 139 0 0
82 139 0 0
83 139 0 0
87 139 0 0
89 139 0 0
90 139 0 0
91 139 0 0
92 139 0 0
93 139 0 0
94 139 0 0
95 139 0 0
96 139 0 0
99 139 0 0
102 139 0 0
103 139 0 0
106 139 0 0
107 139 0 0
108 139 0 0
109 139 0 0
110 139 0 0
111 139 0 0
112 139 0 0
125 139 0 0
129 139 0 0
130 139 0 0
131 139 0 0
132 139 0 0
133 139 0 0
134 139 0 0
135 139 0 0
136 139 0 0
138 139 0 0
66 140 0 0
67 140 0 0
68 140 0 0
69 140 0 0
71 140 0 0
73 140 0 0
76 140 0 0
78 140 0 0
84 140 0 0
88 140 0 0
89 140 0 0
94 140 0 0
97 140 0 0
98 140 0 0
101 140 0 0
104 140 0 0
105 140 0 0
110 140 0 0
112 140 0 0
126 140 0 0
127 140 0 0
128 140 0 0
133 140 0 0
136 140 0 0
137 140 0 0
66 141 0 0
67 141 0 0
70 141 0 0
71 141 0 0
72 141 0 0
75 141 0 0
76 141 0 0
81 141 0 0
82 141 0 0
83 141 0 0
87 141 0 0
88 141 0 0
89 141 0 0
90 141 0 0
91 141 0 0
92 141 0 0
93 141 0 0
94 141 0 0
95 141 0 0
96 141 0 0
97 141 0 0
98 141 0 0
101 141 0 0
102 141 0 0
103 141 0 0
105 141 0 0
106 141 0 0
107 141 0 0
108 141 0 0
109 141 0 0
110 141 0 0
111 141 0 0
112 141 0 0
115 141 0 0
116 141 0 0
125 141 0 0
129 141 0 0
130 141 0 0
131 141 0 0
132 141 0 0
133 141 0 0
134 141 0 0
135 141 0 0
136 141 0 0
138 141 0 0
139 141 0 0
140 141 0 0
68 142 0 0
69 142 0 0
71 142 0 0
73 142 0 0
78 142 0 0
84 142 0 0
97 142 0 0
98 142 0 0
101 142 0 0
104 142 0 0
105 142 0 0
126 142 0 0
128 142 0 0
136 142 0 0
137 142 0 0
140 142 0 0
68 143 0 0
69 143 0 0
71 143 0 0
73 143 0 0
78 143 0 0
84 143 0 0
88 143 0 0
97 143 0 0
98 143 0 0
101 143 0 0
104 143 0 0
105 143 0 0
126 143 0 0
127 143 0 0
128 143 0 0
136 143 0 0
137 143 0 0
140 143 0 0
142 143 0 0
66 144 0 0
70 144 0 0
72 144 0 0
75 144 0 0
76 144 0 0
81 144 0 0
82 144 0 0
83 144 0 0
87 144 0 0
89 144 0 0
90 144 0 0
91 144 0 0
92 144 0 0
93 144 0 0
94 144 0 0
95 144 0 0
96 144 0 0
102 144 0 0
103 144 0 0
106 144 0 0
107 144 0 0
108 144 0 0
109 144 0 0
110 144 0 0
111 144 0 0
112 144 0 0
125 144 0 0
129 144 0 0
130 144 0 0
131 144 0 0
132 144 0 0
133 144 0 0
134 144 0 0
135 144 0 0
136 144 0 0
138 144 0 0
139 144 0 0
141 144 0 0
64 145 0 0
65 145 0 0
70 145 0 0
72 145 0 0
74 145 0 0
75 145 0 0
77 145 0 0
79 145 0 0
81 145 0 0
82 145 0 0
86 145 0 0
90 145 0 0
91 145 0 0
92 145 0 0
93 145 0 0
95 145 0 0
96 145 0 0
99 145 0 0
100 145 0 0
102 145 0 0
103 145 0 0
106 145 0 0
107 145 0 0
108 145 0 0
109 145 0 0
111 145 0 0
124 145 0 0
125 145 0 0
129 145 0 0
130 145 0 0
131 145 0 0
132 145 0 0
134 145 0 0
135 145 0 0
138 145 0 0
139 145 0 0
141 145 0 0
144 145 0 0
66 146 0 0
67 146 0 0
68 146 0 0
69 146 0 0
71 146 0 0
73 146 0 0
76 146 0 0
78 146 0 0
83 146 0 0
87 146 0 0
88 146 0 0
89 146 0 0
90 146 0 0
92 146 0 0
94 146 0 0
97 146 0 0
98 146 0 0
101 146 0 0
102 146 0 0
103 146 0 0
104 146 0 0
105 146 0 0
106 146 0 0
109 146 0 0
110 146 0 0
112 146 0 0
115 146 0 0
116 146 0 0
121 146 0 0
126 146 0 0
127 146 0 0
128 146 0 0
129 146 0 0
133 146 0 0
134 146 0 0
135 146 0 0
136 146 0 0
137 146 0 0
138 146 0 0
139 146 0 0
140 146 0 0
141 146 0 0
142 146 0 0
143 146 0 0
144 146 0 0
66 147 0 0
67 147 0 0
71 147 0 0
72 147 0 0
75 147 0 0
76 147 0 0
81 147 0 0
83 147 0 0
87 147 0 0
88 147 0 0
89 147 0 0
90 147 0 0
92 147 0 0
94 147 0 0
97 147 0 0
98 147 0 0
101 147 0 0
102 147 0 0
103 147 0 0
105 147 0 0
106 147 0 0
109 147 0 0
110 147 0 0
112 147 0 0
115 147 0 0
116 147 0 0
127 147 0 0
128 147 0 0
129 147 0 0
130 147 0 0
131 147 0 0
133 147 0 0
134 147 0 0
135 147 0 0
136 147 0 0
138 147 0 0
139 147 0 0
140 147 0 0
141 147 0 0
144 147 0 0
146 147 0 0
13 148 0 0
18 148 0 0
21 148 0 0
35 148 0 0
39 148 0 0
43 148 0 0
49 148 0 0
50 148 0 0
52 148 0 0
58 148 0 0
61 148 0 0
68 148 0 0
69 148 0 0
71 148 0 0
73 148 0 0
78 148 0 0
84 148 0 0
88 148 0 0
140 148 0 0
22 149 0 0
36 149 0 0
37 149 0 0
38 149 0 0
40 149 0 0
42 149 0 0
45 149 0 0
46 149 0 0
48 149 0 0
51 149 0 0
53 149 0 0
55 149 0 0
56 149 0 0
62 149 0 0
63 149 0 0
64 149 0 0
65 149 0 0
70 149 0 0
72 149 0 0
74 149 0 0
77 149 0 0
79 149 0 0
80 149 0 0
81 149 0 0
82 149 0 0
85 149 0 0
86 149 0 0
91 149 0 0
93 149 0 0
96 149 0 0
15 150 0 0
19 150 0 0
22 150 0 0
23 150 0 0
36 150 0 0
37 150 0 0
40 150 0 0
41 150 0 0
44 150 0 0
46 150 0 0
47 150 0 0
48 150 0 0
51 150 0 0
53 150 0 0
54 150 0 0
55 150 0 0
56 150 0 0
57 150 0 0
59 150 0 0
60 150 0 0
64 150 0 0
65 150 0 0
66 150 0 0
67 150 0 0
70 150 0 0
72 150 0 0
74 150 0 0
75 150 0 0
77 150 0 0
79 150 0 0
81 150 0 0
82 150 0 0
83 150 0 0
87 150 0 0
89 150 0 0
90 150 0 0
91 150 0 0
92 150 0 0
93 150 0 0
94 150 0 0
95 150 0 0
141 150 0 0
149 150 0 0
13 151 0 0
18 151 0 0
21 151 0 0
24 151 0 0
35 151 0 0
39 151 0 0
41 151 0 0
43 151 0 0
44 151 0 0
49 151 0 0
50 151 0 0
52 151 0 0
57 151 0 0
58 151 0 0
59 151 0 0
61 151 0 0
67 151 0 0
68 151 0 0
69 151 0 0
71 151 0 0
73 151 0 0
78 151 0 0
84 151 0 0
88 151 0 0
97 151 0 0
140 151 0 0
148 151 0 0
34 152 0 0
37 152 0 0
38 152 0 0
42 152 0 0
45 152 0 0
48 152 0 0
62 152 0 0
63 152 0 0
64 152 0 0
65 152 0 0
74 152 0 0
77 152 0 0
79 152 0 0
80 152 0 0
85 152 0 0
86 152 0 0
149 152 0 0
17 153 0 0
18 153 0 0
19 153 0 0
20 153 0 0
21 153 0 0
23 153 0 0
24 153 0 0
35 153 0 0
39 153 0 0
41 153 0 0
43 153 0 0
44 153 0 0
47 153 0 0
49 153 0 0
50 153 0 0
52 153 0 0
53 153 0 0
54 153 0 0
57 153 0 0
58 153 0 0
59 153 0 0
60 153 0 0
61 153 0 0
66 153 0 0
67 153 0 0
71 153 0 0
76 153 0 0
78 153 0 0
81 153 0 0
83 153 0 0
87 153 0 0
88 153 0 0
89 153 0 0
90 153 0 0
94 153 0 0
97 153 0 0
148 153 0 0
150 153 0 0
151 153 0 0
15 154 0 0
19 154 0 0
22 154 0 0
23 154 0 0
31 154 0 0
36 154 0 0
37 154 0 0
38 154 0 0
40 154 0 0
41 154 0 0
46 154 0 0
47 154 0 0
48 154 0 0
51 154 0 0
53 154 0 0
54 154 0 0
55 154 0 0
56 154 0 0
60 154 0 0
64 154 0 0
65 154 0 0
66 154 0 0
70 154 0 0
72 154 0 0
74 154 0 0
75 154 0 0
77 154 0 0
79 154 0 0
81 154 0 0
82 154 0 0
83 154 0 0
86 154 0 0
87 154 0 0
90 154 0 0
91 154 0 0
92 154 0 0
93 154 0 0
94 154 0 0
95 154 0 0
149 154 0 0
150 154 0 0
1 155 0 0
13 155 0 0
16 155 0 0
17 155 0 0
18 155 0 0
19 155 0 0
20 155 0 0
21 155 0 0
23 155 0 0
24 155 0 0
28 155 0 0
30 155 0 0
35 155 0 0
39 155 0 0
41 155 0 0
43 155 0 0
44 155 0 0
47 155 0 0
49 155 0 0
50 155 0 0
52 155 0 0
53 155 0 0
54 155 0 0
57 155 0 0
58 155 0 0
59 155 0 0
60 155 0 0
61 155 0 0
66 155 0 0
67 155 0 0
68 155 0 0
69 155 0 0
71 155 0 0
73 155 0 0
76 155 0 0
78 155 0 0
83 155 0 0
84 155 0 0
87 155 0 0
88 155 0 0
89 155 0 0
90 155 0 0
94 155 0 0
97 155 0 0
98 155 0 0
140 155 0 0
146 155 0 0
148 155 0 0
151 155 0 0
153 155 0 0
13 156 0 0
16 156 0 0
17 156 0 0
18 156 0 0
21 156 0 0
24 156 0 0
25 156 0 0
28 156 0 0
30 156 0 0
35 156 0 0
39 156 0 0
41 156 0 0
43 156 0 0
44 156 0 0
47 156 0 0
49 156 0 0
50 156 0 0
52 156 0 0
54 156 0 0
57 156 0 0
58 156 0 0
59 156 0 0
61 156 0 0
66 156 0 0
67 156 0 0
68 156 0 0
69 156 0 0
71 156 0 0
73 156 0 0
76 156 0 0
78 156 0 0
83 156 0 0
84 156 0 0
88 156 0 0
89 156 0 0
97 156 0 0
140 156 0 0
148 156 0 0
151 156 0 0
153 156 0 0
155 156 0 0
36 157 0 0
37 157 0 0
38 157 0 0
40 157 0 0
41 157 0 0
46 157 0 0
47 157 0 0
48 157 0 0
51 157 0 0
53 157 0 0
54 157 0 0
55 157 0 0
56 157 0 0
60 157 0 0
64 157 0 0
65 157 0 0
66 157 0 0
67 157 0 0
70 157 0 0
72 157 0 0
74 157 0 0
75 157 0 0
77 157 0 0
79 157 0 0
81 157 0 0
82 157 0 0
83 157 0 0
86 157 0 0
87 157 0 0
89 157 0 0
90 157 0 0
91 157 0 0
92 157 0 0
93 157 0 0
94 157 0 0
95 157 0 0
96 157 0 0
139 157 0 0
141 157 0 0
149 157 0 0
150 157 0 0
154 157 0 0
18 158 0 0
21 158 0 0
24 158 0 0
35 158 0 0
39 158 0 0
41 158 0 0
43 158 0 0
44 158 0 0
49 158 0 0
50 158 0 0
52 158 0 0
57 158 0 0
58 158 0 0
59 158 0 0
61 158 0 0
66 158 0 0
67 158 0 0
68 158 0 0
69 158 0 0
71 158 0 0
73 158 0 0
76 158 0 0
78 158 0 0
84 158 0 0
88 158 0 0
89 158 0 0
97 158 0 0
98 158 0 0
140 158 0 0
148 158 0 0
151 158 0 0
153 158 0 0
155 158 0 0
156 158 0 0
23 159 0 0
36 159 0 0
37 159 0 0
39 159 0 0
40 159 0 0
41 159 0 0
44 159 0 0
46 159 0 0
47 159 0 0
51 159 0 0
53 159 0 0
54 159 0 0
55 159 0 0
56 159 0 0
57 159 0 0
59 159 0 0
60 159 0 0
64 159 0 0
65 159 0 0
66 159 0 0
67 159 0 0
70 159 0 0
72 159 0 0
74 159 0 0
75 159 0 0
76 159 0 0
77 159 0 0
81 159 0 0
82 159 0 0
83 159 0 0
87 159 0 0
89 159 0 0
90 159 0 0
91 159 0 0
92 159 0 0
93 159 0 0
94 159 0 0
95 159 0 0
96 159 0 0
139 159 0 0
141 159 0 0
149 159 0 0
150 159 0 0
153 159 0 0
154 159 0 0
157 159 0 0
21 160 0 0
23 160 0 0
24 160 0 0
36 160 0 0
39 160 0 0
41 160 0 0
43 160 0 0
44 160 0 0
47 160 0 0
52 160 0 0
53 160 0 0
54 160 0 0
55 160 0 0
57 160 0 0
58 160 0 0
59 160 0 0
60 160 0 0
61 160 0 0
66 160 0 0
67 160 0 0
71 160 0 0
72 160 0 0
75 160 0 0
76 160 0 0
78 160 0 0
81 160 0 0
83 160 0 0
87 160 0 0
88 160 0 0
89 160 0 0
90 160 0 0
92 160 0 0
94 160 0 0
97 160 0 0
98 160 0 0
140 160 0 0
141 160 0 0
147 160 0 0
150 160 0 0
151 160 0 0
153 160 0 0
155 160 0 0
156 160 0 0
157 160 0 0
158 160 0 0
159 160 0 0
35 161 0 0
39 161 0 0
41 161 0 0
43 161 0 0
49 161 0 0
50 161 0 0
52 161 0 0
61 161 0 0
66 161 0 0
67 161 0 0
68 161 0 0
69 161 0 0
71 161 0 0
73 161 0 0
76 161 0 0
78 161 0 0
84 161 0 0
88 161 0 0
89 161 0 0
97 161 0 0
98 161 0 0
104 161 0 0
105 161 0 0
140 161 0 0
142 161 0 0
143 161 0 0
146 161 0 0
148 161 0 0
151 161 0 0
153 161 0 0
155 161 0 0
156 161 0 0
158 161 0 0
160 161 0 0
34 162 0 1
38 162 0 1
42 162 0 1
45 162 0 1
6 163 0 1
8 163 0 1
14 163 0 1
22 163 0 1
26 163 0 1
33 163 0 1
34 163 0 1
38 163 0 1
42 163 0 1
45 163 0 1
48 163 0 1
51 163 0 1
56 163 0 1
152 163 0 1
34 164 0 1
62 164 0 1
63 164 0 1
64 164 0 1
65 164 0 1
70 164 0 1
74 164 0 1
77 164 0 1
79 164 0 1
80 164 0 1
85 164 0 1
86 164 0 1
91 164 0 1
93 164 0 1
96 164 0 1
99 164 0 1
100 164 0 1
107 164 0 1
113 164 0 1
114 164 0 1
124 164 0 1
145 164 0 1
149 164 0 1
152 164 0 1
1 166 0 1
3 166 0 1
5 166 0 1
6 166 0 1
8 166 0 1
9 166 0 1
11 166 0 1
12 166 0 1
14 166 0 1
15 166 0 1
26 166 0 1
27 166 0 1
29 166 0 1
31 166 0 1
32 166 0 1
33 166 0 1
56 166 0 1
2 167 0 1
4 167 0 1
7 167 0 1
13 167 0 1
16 167 0 1
25 167 0 1
28 167 0 1
1 168 0 1
2 168 0 1
4 168 0 1
7 168 0 1
10 168 0 1
13 168 0 1
16 168 0 1
18 168 0 1
25 168 0 1
28 168 0 1
30 168 0 1
1 169 0 1
2 169 0 1
4 169 0 1
7 169 0 1
10 169 0 1
13 169 0 1
16 169 0 1
17 169 0 1
18 169 0 1
25 169 0 1
28 169 0 1
30 169 0 1
6 171 0 1
8 171 0 1
14 171 0 1
26 171 0 1
1 172 0 1
2 172 0 1
4 172 0 1
7 172 0 1
10 172 0 1
13 172 0 1
16 172 0 1
17 172 0 1
18 172 0 1
20 172 0 1
21 172 0 1
25 172 0 1
28 172 0 1
30 172 0 1
50 172 0 1
1 173 0 1
2 173 0 1
4 173 0 1
7 173 0 1
10 173 0 1
13 173 0 1
16 173 0 1
17 173 0 1
18 173 0 1
25 173 0 1
28 173 0 1
30 173 0 1
3 174 0 1
5 174 0 1
6 174 0 1
8 174 0 1
14 174 0 1
22 174 0 1
26 174 0 1
27 174 0 1
33 174 0 1
56 174 0 1
5 175 0 1
6 175 0 1
8 175 0 1
14 175 0 1
22 175 0 1
26 175 0 1
33 175 0 1
48 175 0 1
13 178 0 1
16 178 0 1
18 178 0 1
21 178 0 1
25 178 0 1
28 178 0 1
35 178 0 1
49 178 0 1
50 178 0 1
52 178 0 1
61 178 0 1
148 178 0 1
151 178 0 1
156 178 0 1
158 178 0 1
161 178 0 1
34 179 0 1
38 179 0 1
45 179 0 1
62 179 0 1
63 179 0 1
80 179 0 1
85 179 0 1
152 179 0 1
14 180 0 1
22 180 0 1
26 180 0 1
33 180 0 1
34 180 0 1
37 180 0 1
38 180 0 1
40 180 0 1
42 180 0 1
45 180 0 1
46 180 0 1
48 180 0 1
51 180 0 1
55 180 0 1
56 180 0 1
63 180 0 1
64 180 0 1
65 180 0 1
77 180 0 1
79 180 0 1
80 180 0 1
86 180 0 1
149 180 0 1
152 180 0 1
154 180 0 1
34 181 0 1
38 181 0 1
42 181 0 1
45 181 0 1
48 181 0 1
62 181 0 1
63 181 0 1
64 181 0 1
79 181 0 1
80 181 0 1
85 181 0 1
149 181 0 1
152 181 0 1
14 182 0 1
22 182 0 1
34 182 0 1
37 182 0 1
38 182 0 1
42 182 0 1
45 182 0 1
48 182 0 1
51 182 0 1
62 182 0 1
63 182 0 1
64 182 0 1
65 182 0 1
79 182 0 1
80 182 0 1
85 182 0 1
86 182 0 1
149 182 0 1
152 182 0 1
14 183 0 1
22 183 0 1
34 183 0 1
38 183 0 1
42 183 0 1
45 183 0 1
48 183 0 1
63 183 0 1
80 183 0 1
149 183 0 1
152 183 0 1
34 184 0 1
38 184 0 1
42 184 0 1
45 184 0 1
152 184 0 1
6 185 0 1
8 185 0 1
14 185 0 1
15 185 0 1
22 185 0 1
26 185 0 1
27 185 0 1
33 185 0 1
36 185 0 1
37 185 0 1
38 185 0 1
40 185 0 1
42 185 0 1
45 185 0 1
46 185 0 1
48 185 0 1
51 185 0 1
53 185 0 1
55 185 0 1
56 185 0 1
64 185 0 1
149 185 0 1
152 185 0 1
154 185 0 1
34 186 0 1
38 186 0 1
42 186 0 1
45 186 0 1
48 186 0 1
63 186 0 1
152 186 0 1
34 187 0 1
38 187 0 1
42 187 0 1
45 187 0 1
62 187 0 1
63 187 0 1
80 187 0 1
152 187 0 1
14 188 0 1
22 188 0 1
34 188 0 1
38 188 0 1
42 188 0 1
45 188 0 1
48 188 0 1
51 188 0 1
63 188 0 1
80 188 0 1
149 188 0 1
152 188 0 1
7 189 0 1
13 189 0 1
16 189 0 1
17 189 0 1
18 189 0 1
21 189 0 1
25 189 0 1
28 189 0 1
35 189 0 1
49 189 0 1
50 189 0 1
52 189 0 1
61 189 0 1
148 189 0 1
151 189 0 1
156 189 0 1
1 190 0 1
4 190 0 1
7 190 0 1
13 190 0 1
16 190 0 1
17 190 0 1
18 190 0 1
21 190 0 1
25 190 0 1
28 190 0 1
30 190 0 1
35 190 0 1
43 190 0 1
49 190 0 1
50 190 0 1
52 190 0 1
58 190 0 1
61 190 0 1
148 190 0 1
156 190 0 1
1 191 0 1
3 191 0 1
5 191 0 1
6 191 0 1
8 191 0 1
9 191 0 1
11 191 0 1
12 191 0 1
14 191 0 1
15 191 0 1
19 191 0 1
20 191 0 1
22 191 0 1
23 191 0 1
26 191 0 1
27 191 0 1
29 191 0 1
31 191 0 1
32 191 0 1
33 191 0 1
36 191 0 1
37 191 0 1
38 191 0 1
40 191 0 1
42 191 0 1
46 191 0 1
48 191 0 1
51 191 0 1
53 191 0 1
54 191 0 1
55 191 0 1
56 191 0 1
60 191 0 1
1 192 0 1
7 192 0 1
13 192 0 1
16 192 0 1
17 192 0 1
18 192 0 1
21 192 0 1
24 192 0 1
25 192 0 1
28 192 0 1
30 192 0 1
35 192 0 1
43 192 0 1
49 192 0 1
50 192 0 1
52 192 0 1
58 192 0 1
61 192 0 1
148 192 0 1
151 192 0 1
155 192 0 1
156 192 0 1
158 192 0 1
161 192 0 1
34 193 0 1
38 193 0 1
42 193 0 1
45 193 0 1
48 193 0 1
152 193 0 1
34 194 0 1
38 194 0 1
42 194 0 1
45 194 0 1
152 194 0 1
6 195 0 1
14 195 0 1
22 195 0 1
26 195 0 1
33 195 0 1
34 195 0 1
37 195 0 1
38 195 0 1
42 195 0 1
45 195 0 1
48 195 0 1
51 195 0 1
56 195 0 1
149 195 0 1
152 195 0 1
1 196 0 1
2 196 0 1
4 196 0 1
7 196 0 1
13 196 0 1
16 196 0 1
17 196 0 1
18 196 0 1
21 196 0 1
25 196 0 1
28 196 0 1
30 196 0 1
35 196 0 1
49 196 0 1
50 196 0 1
52 196 0 1
61 196 0 1
156 196 0 1
3 197 0 1
5 197 0 1
6 197 0 1
8 197 0 1
11 197 0 1
14 197 0 1
15 197 0 1
22 197 0 1
26 197 0 1
27 197 0 1
29 197 0 1
31 197 0 1
33 197 0 1
37 197 0 1
38 197 0 1
42 197 0 1
45 197 0 1
46 197 0 1
48 197 0 1
51 197 0 1
55 197 0 1
56 197 0 1
19 198 0 1
20 198 0 1
21 198 0 1
23 198 0 1
24 198 0 1
36 198 0 1
39 198 0 1
41 198 0 1
43 198 0 1
44 198 0 1
47 198 0 1
52 198 0 1
53 198 0 1
54 198 0 1
55 198 0 1
56 198 0 1
57 198 0 1
58 198 0 1
59 198 0 1
60 198 0 1
61 198 0 1
66 198 0 1
67 198 0 1
71 198 0 1
72 198 0 1
75 198 0 1
76 198 0 1
78 198 0 1
81 198 0 1
83 198 0 1
87 198 0 1
88 198 0 1
89 198 0 1
90 198 0 1
92 198 0 1
94 198 0 1
97 198 0 1
141 198 0 1
150 198 0 1
151 198 0 1
153 198 0 1
154 198 0 1
155 198 0 1
156 198 0 1
157 198 0 1
158 198 0 1
159 198 0 1
160 198 0 1
161 198 0 1
24 199 0 1
35 199 0 1
39 199 0 1
41 199 0 1
43 199 0 1
44 199 0 1
47 199 0 1
49 199 0 1
52 199 0 1
53 199 0 1
54 199 0 1
57 199 0 1
58 199 0 1
59 199 0 1
60 199 0 1
61 199 0 1
66 199 0 1
67 199 0 1
69 199 0 1
71 199 0 1
76 199 0 1
78 199 0 1
81 199 0 1
83 199 0 1
87 199 0 1
88 199 0 1
89 199 0 1
90 199 0 1
94 199 0 1
97 199 0 1
98 199 0 1
140 199 0 1
141 199 0 1
146 199 0 1
147 199 0 1
148 199 0 1
151 199 0 1
153 199 0 1
155 199 0 1
156 199 0 1
158 199 0 1
159 199 0 1
160 199 0 1
161 199 0 1
22 200 0 1
34 200 0 1
37 200 0 1
38 200 0 1
40 200 0 1
42 200 0 1
45 200 0 1
46 200 0 1
48 200 0 1
51 200 0 1
56 200 0 1
62 200 0 1
63 200 0 1
64 200 0 1
65 200 0 1
70 200 0 1
74 200 0 1
77 200 0 1
79 200 0 1
80 200 0 1
82 200 0 1
85 200 0 1
86 200 0 1
91 200 0 1
93 200 0 1
96 200 0 1
149 200 0 1
152 200 0 1
154 200 0 1
157 200 0 1
34 201 0 1
38 201 0 1
42 201 0 1
45 201 0 1
62 201 0 1
63 201 0 1
80 201 0 1
85 201 0 1
86 201 0 1
149 201 0 1
152 201 0 1
35 202 0 1
39 202 0 1
41 202 0 1
43 202 0 1
47 202 0 1
61 202 0 1
66 202 0 1
67 202 0 1
68 202 0 1
69 202 0 1
71 202 0 1
73 202 0 1
76 202 0 1
78 202 0 1
83 202 0 1
84 202 0 1
88 202 0 1
89 202 0 1
94 202 0 1
97 202 0 1
98 202 0 1
101 202 0 1
104 202 0 1
105 202 0 1
110 202 0 1
136 202 0 1
140 202 0 1
141 202 0 1
142 202 0 1
143 202 0 1
146 202 0 1
147 202 0 1
148 202 0 1
151 202 0 1
153 202 0 1
155 202 0 1
156 202 0 1
158 202 0 1
160 202 0 1
161 202 0 1
38 203 0 1
62 203 0 1
63 203 0 1
64 203 0 1
65 203 0 1
70 203 0 1
74 203 0 1
77 203 0 1
79 203 0 1
80 203 0 1
85 203 0 1
86 203 0 1
91 203 0 1
93 203 0 1
95 203 0 1
96 203 0 1
99 203 0 1
100 203 0 1
106 203 0 1
107 203 0 1
108 203 0 1
145 203 0 1
149 203 0 1
152 203 0 1
64 204 0 1
65 204 0 1
70 204 0 1
72 204 0 1
74 204 0 1
75 204 0 1
77 204 0 1
79 204 0 1
81 204 0 1
82 204 0 1
83 204 0 1
86 204 0 1
87 204 0 1
90 204 0 1
91 204 0 1
92 204 0 1
93 204 0 1
94 204 0 1
95 204 0 1
96 204 0 1
99 204 0 1
100 204 0 1
102 204 0 1
106 204 0 1
107 204 0 1
108 204 0 1
111 204 0 1
130 204 0 1
131 204 0 1
132 204 0 1
134 204 0 1
139 204 0 1
141 204 0 1
144 204 0 1
145 204 0 1
149 204 0 1
150 204 0 1
154 204 0 1
157 204 0 1
159 204 0 1
68 205 0 1
69 205 0 1
71 205 0 1
73 205 0 1
78 205 0 1
84 205 0 1
88 205 0 1
97 205 0 1
98 205 0 1
101 205 0 1
104 205 0 1
105 205 0 1
126 205 0 1
128 205 0 1
136 205 0 1
137 205 0 1
140 205 0 1
142 205 0 1
143 205 0 1
146 205 0 1
158 205 0 1
161 205 0 1
66 206 0 1
67 206 0 1
68 206 0 1
69 206 0 1
71 206 0 1
73 206 0 1
76 206 0 1
78 206 0 1
83 206 0 1
84 206 0 1
88 206 0 1
89 206 0 1
94 206 0 1
97 206 0 1
98 206 0 1
101 206 0 1
103 206 0 1
104 206 0 1
105 206 0 1
109 206 0 1
110 206 0 1
112 206 0 1
126 206 0 1
127 206 0 1
128 206 0 1
129 206 0 1
133 206 0 1
136 206 0 1
137 206 0 1
140 206 0 1
141 206 0 1
142 206 0 1
143 206 0 1
146 206 0 1
147 206 0 1
155 206 0 1
158 206 0 1
161 206 0 1
66 207 0 1
67 207 0 1
69 207 0 1
71 207 0 1
76 207 0 1
78 207 0 1
83 207 0 1
87 207 0 1
88 207 0 1
89 207 0 1
90 207 0 1
92 207 0 1
94 207 0 1
97 207 0 1
98 207 0 1
101 207 0 1
102 207 0 1
103 207 0 1
104 207 0 1
105 207 0 1
106 207 0 1
109 207 0 1
110 207 0 1
112 207 0 1
116 207 0 1
126 207 0 1
127 207 0 1
128 207 0 1
129 207 0 1
133 207 0 1
135 207 0 1
136 207 0 1
137 207 0 1
139 207 0 1
140 207 0 1
141 207 0 1
143 207 0 1
144 207 0 1
146 207 0 1
147 207 0 1
155 207 0 1
160 207 0 1
161 207 0 1
41 208 0 1
47 208 0 1
66 208 0 1
67 208 0 1
69 208 0 1
71 208 0 1
72 208 0 1
75 208 0 1
76 208 0 1
78 208 0 1
81 208 0 1
83 208 0 1
87 208 0 1
88 208 0 1
89 208 0 1
90 208 0 1
92 208 0 1
94 208 0 1
97 208 0 1
98 208 0 1
101 208 0 1
102 208 0 1
103 208 0 1
104 208 0 1
105 208 0 1
106 208 0 1
109 208 0 1
110 208 0 1
112 208 0 1
129 208 0 1
133 208 0 1
135 208 0 1
136 208 0 1
139 208 0 1
140 208 0 1
141 208 0 1
144 208 0 1
146 208 0 1
147 208 0 1
153 208 0 1
155 208 0 1
156 208 0 1
158 208 0 1
159 208 0 1
160 208 0 1
161 208 0 1
36 209 0 1
37 209 0 1
38 209 0 1
40 209 0 1
46 209 0 1
53 209 0 1
55 209 0 1
56 209 0 1
64 209 0 1
65 209 0 1
70 209 0 1
72 209 0 1
74 209 0 1
75 209 0 1
77 209 0 1
79 209 0 1
81 209 0 1
82 209 0 1
83 209 0 1
86 209 0 1
87 209 0 1
90 209 0 1
91 209 0 1
92 209 0 1
93 209 0 1
95 209 0 1
96 209 0 1
106 209 0 1
107 209 0 1
108 209 0 1
139 209 0 1
141 209 0 1
144 209 0 1
145 209 0 1
149 209 0 1
150 209 0 1
154 209 0 1
157 209 0 1
159 209 0 1
34 210 0 1
37 210 0 1
38 210 0 1
42 210 0 1
45 210 0 1
62 210 0 1
63 210 0 1
64 210 0 1
65 210 0 1
70 210 0 1
74 210 0 1
77 210 0 1
79 210 0 1
80 210 0 1
82 210 0 1
85 210 0 1
86 210 0 1
91 210 0 1
93 210 0 1
95 210 0 1
96 210 0 1
145 210 0 1
149 210 0 1
152 210 0 1
154 210 0 1
34 211 0 1
38 211 0 1
62 211 0 1
63 211 0 1
79 211 0 1
80 211 0 1
85 211 0 1
86 211 0 1
149 211 0 1
152 211 0 1
34 212 0 1
62 212 0 1
63 212 0 1
80 212 0 1
85 212 0 1
152 212 0 1
34 213 0 1
62 213 0 1
63 213 0 1
80 213 0 1
85 213 0 1
152 213 0 1
15 214 0 1
19 214 0 1
20 214 0 1
21 214 0 1
23 214 0 1
24 214 0 1
31 214 0 1
32 214 0 1
36 214 0 1
39 214 0 1
40 214 0 1
41 214 0 1
43 214 0 1
44 214 0 1
46 214 0 1
47 214 0 1
52 214 0 1
53 214 0 1
54 214 0 1
55 214 0 1
56 214 0 1
57 214 0 1
58 214 0 1
59 214 0 1
60 214 0 1
66 214 0 1
67 214 0 1
72 214 0 1
75 214 0 1
76 214 0 1
81 214 0 1
82 214 0 1
83 214 0 1
87 214 0 1
89 214 0 1
90 214 0 1
94 214 0 1
141 214 0 1
150 214 0 1
153 214 0 1
154 214 0 1
155 214 0 1
156 214 0 1
157 214 0 1
159 214 0 1
160 214 0 1
34 215 0 1
38 215 0 1
42 215 0 1
45 215 0 1
48 215 0 1
62 215 0 1
63 215 0 1
64 215 0 1
79 215 0 1
80 215 0 1
85 215 0 1
86 215 0 1
149 215 0 1
152 215 0 1
74 216 0 1
91 216 0 1
93 216 0 1
95 216 0 1
96 216 0 1
99 216 0 1
100 216 0 1
102 216 0 1
106 216 0 1
107 216 0 1
108 216 0 1
111 216 0 1
113 216 0 1
114 216 0 1
124 216 0 1
125 216 0 1
130 216 0 1
131 216 0 1
132 216 0 1
134 216 0 1
138 216 0 1
145 216 0 1
96 217 0 1
99 217 0 1
100 217 0 1
106 217 0 1
107 217 0 1
108 217 0 1
111 217 0 1
113 217 0 1
114 217 0 1
124 217 0 1
125 217 0 1
130 217 0 1
131 217 0 1
132 217 0 1
145 217 0 1
74 218 0 1
91 218 0 1
93 218 0 1
96 218 0 1
99 218 0 1
100 218 0 1
106 218 0 1
107 218 0 1
108 218 0 1
111 218 0 1
113 218 0 1
114 218 0 1
124 218 0 1
125 218 0 1
131 218 0 1
132 218 0 1
145 218 0 1
95 219 0 1
99 219 0 1
100 219 0 1
102 219 0 1
103 219 0 1
106 219 0 1
107 219 0 1
108 219 0 1
109 219 0 1
111 219 0 1
113 219 0 1
124 219 0 1
125 219 0 1
129 219 0 1
130 219 0 1
131 219 0 1
132 219 0 1
134 219 0 1
135 219 0 1
138 219 0 1
139 219 0 1
141 219 0 1
144 219 0 1
145 219 0 1
101 220 0 1
104 220 0 1
116 220 0 1
118 220 0 1
119 220 0 1
120 220 0 1
121 220 0 1
122 220 0 1
123 220 0 1
126 220 0 1
127 220 0 1
128 220 0 1
136 220 0 1
137 220 0 1
142 220 0 1
143 220 0 1
102 221 0 1
103 221 0 1
106 221 0 1
109 221 0 1
110 221 0 1
112 221 0 1
115 221 0 1
116 221 0 1
117 221 0 1
119 221 0 1
120 221 0 1
121 221 0 1
122 221 0 1
123 221 0 1
125 221 0 1
126 221 0 1
127 221 0 1
129 221 0 1
130 221 0 1
133 221 0 1
134 221 0 1
135 221 0 1
136 221 0 1
138 221 0 1
147 221 0 1
99 222 0 1
100 222 0 1
102 222 0 1
103 222 0 1
106 222 0 1
107 222 0 1
108 222 0 1
109 222 0 1
111 222 0 1
115 222 0 1
117 222 0 1
124 222 0 1
125 222 0 1
129 222 0 1
130 222 0 1
131 222 0 1
132 222 0 1
133 222 0 1
134 222 0 1
135 222 0 1
138 222 0 1
141 222 0 1
144 222 0 1
145 222 0 1
99 223 0 1
100 223 0 1
102 223 0 1
106 223 0 1
107 223 0 1
108 223 0 1
111 223 0 1
113 223 0 1
114 223 0 1
124 223 0 1
125 223 0 1
130 223 0 1
131 223 0 1
132 223 0 1
134 223 0 1
135 223 0 1
138 223 0 1
145 223 0 1
99 224 0 1
100 224 0 1
113 224 0 1
114 224 0 1
124 224 0 1
99 225 0 1
100 225 0 1
106 225 0 1
107 225 0 1
108 225 0 1
111 225 0 1
113 225 0 1
114 225 0 1
124 225 0 1
125 225 0 1
130 225 0 1
131 225 0 1
132 225 0 1
134 225 0 1
145 225 0 1
99 226 0 1
100 226 0 1
102 226 0 1
106 226 0 1
107 226 0 1
108 226 0 1
111 226 0 1
113 226 0 1
114 226 0 1
124 226 0 1
125 226 0 1
130 226 0 1
131 226 0 1
132 226 0 1
134 226 0 1
135 226 0 1
138 226 0 1
145 226 0 1
118 227 0 1
119 227 0 1
120 227 0 1
121 227 0 1
122 227 0 1
123 227 0 1
126 227 0 1
127 227 0 1
128 227 0 1
136 227 0 1
137 227 0 1
116 228 0 1
118 228 0 1
119 228 0 1
120 228 0 1
121 228 0 1
122 228 0 1
123 228 0 1
126 228 0 1
127 228 0 1
128 228 0 1
136 228 0 1
137 228 0 1
115 229 0 1
116 229 0 1
117 229 0 1
118 229 0 1
119 229 0 1
120 229 0 1
121 229 0 1
122 229 0 1
123 229 0 1
126 229 0 1
127 229 0 1
129 229 0 1
133 229 0 1
136 229 0 1
138 229 0 1
115 230 0 1
116 230 0 1
117 230 0 1
118 230 0 1
119 230 0 1
121 230 0 1
122 230 0 1
123 230 0 1
127 230 0 1
129 230 0 1
133 230 0 1
136 230 0 1
138 230 0 1
113 231 0 1
114 231 0 1
113 232 0 1
114 232 0 1
117 232 0 1
124 232 0 1
125 232 0 1
130 232 0 1
132 232 0 1
138 232 0 1
101 233 0 1
102 233 0 1
103 233 0 1
109 233 0 1
110 233 0 1
112 233 0 1
115 233 0 1
116 233 0 1
117 233 0 1
118 233 0 1
119 233 0 1
120 233 0 1
121 233 0 1
122 233 0 1
123 233 0 1
126 233 0 1
127 233 0 1
128 233 0 1
129 233 0 1
133 233 0 1
135 233 0 1
136 233 0 1
138 233 0 1
102 234 0 1
103 234 0 1
106 234 0 1
109 234 0 1
115 234 0 1
116 234 0 1
117 234 0 1
119 234 0 1
121 234 0 1
125 234 0 1
129 234 0 1
130 234 0 1
131 234 0 1
132 234 0 1
133 234 0 1
134 234 0 1
135 234 0 1
136 234 0 1
138 234 0 1
99 235 0 1
100 235 0 1
113 235 0 1
114 235 0 1
124 235 0 1
132 235 0 1
102 236 0 1
103 236 0 1
106 236 0 1
111 236 0 1
115 236 0 1
117 236 0 1
124 236 0 1
125 236 0 1
129 236 0 1
130 236 0 1
131 236 0 1
132 236 0 1
134 236 0 1
135 236 0 1
138 236 0 1
99 237 0 1
100 237 0 1
102 237 0 1
106 237 0 1
108 237 0 1
111 237 0 1
113 237 0 1
114 237 0 1
124 237 0 1
125 237 0 1
129 237 0 1
130 237 0 1
131 237 0 1
132 237 0 1
134 237 0 1
135 237 0 1
138 237 0 1
99 238 0 1
100 238 0 1
107 238 0 1
111 238 0 1
113 238 0 1
114 238 0 1
124 238 0 1
125 238 0 1
130 238 0 1
131 238 0 1
132 238 0 1
134 238 0 1
99 239 0 1
100 239 0 1
113 239 0 1
114 239 0 1
124 239 0 1
125 239 0 1
130 239 0 1
131 239 0 1
132 239 0 1
102 240 0 1
103 240 0 1
109 240 0 1
115 240 0 1
116 240 0 1
117 240 0 1
119 240 0 1
121 240 0 1
122 240 0 1
125 240 0 1
127 240 0 1
129 240 0 1
130 240 0 1
131 240 0 1
133 240 0 1
134 240 0 1
135 240 0 1
136 240 0 1
138 240 0 1
100 241 0 1
113 241 0 1
114 241 0 1
124 241 0 1
125 241 0 1
130 241 0 1
131 241 0 1
132 241 0 1
134 241 0 1
138 241 0 1
102 242 0 1
103 242 0 1
106 242 0 1
115 242 0 1
117 242 0 1
124 242 0 1
125 242 0 1
129 242 0 1
130 242 0 1
131 242 0 1
132 242 0 1
134 242 0 1
135 242 0 1
138 242 0 1
102 243 0 1
111 243 0 1
113 243 0 1
117 243 0 1
124 243 0 1
125 243 0 1
129 243 0 1
130 243 0 1
131 243 0 1
132 243 0 1
134 243 0 1
135 243 0 1
138 243 0 1
102 244 0 1
115 244 0 1
116 244 0 1
117 244 0 1
119 244 0 1
125 244 0 1
129 244 0 1
130 244 0 1
131 244 0 1
134 244 0 1
135 244 0 1
138 244 0 1
113 245 0 1
114 245 0 1
124 245 0 1
96 246 0 1
99 246 0 1
100 246 0 1
102 246 0 1
106 246 0 1
107 246 0 1
108 246 0 1
111 246 0 1
113 246 0 1
114 246 0 1
124 246 0 1
125 246 0 1
130 246 0 1
131 246 0 1
132 246 0 1
134 246 0 1
138 246 0 1
145 246 0 1
99 247 0 1
100 247 0 1
107 247 0 1
108 247 0 1
113 247 0 1
114 247 0 1
124 247 0 1
125 247 0 1
132 247 0 1
145 247 0 1
99 248 0 1
100 248 0 1
107 248 0 1
113 248 0 1
114 248 0 1
124 248 0 1
132 248 0 1
64 249 0 1
65 249 0 1
70 249 0 1
74 249 0 1
77 249 0 1
79 249 0 1
85 249 0 1
86 249 0 1
91 249 0 1
93 249 0 1
95 249 0 1
96 249 0 1
99 249 0 1
100 249 0 1
106 249 0 1
107 249 0 1
108 249 0 1
111 249 0 1
124 249 0 1
125 249 0 1
131 249 0 1
132 249 0 1
145 249 0 1
62 250 0 1
63 250 0 1
80 250 0 1
85 250 0 1
86 250 0 1
62 251 0 1
63 251 0 1
64 251 0 1
65 251 0 1
70 251 0 1
74 251 0 1
77 251 0 1
79 251 0 1
80 251 0 1
85 251 0 1
86 251 0 1
91 251 0 1
93 251 0 1
95 251 0 1
96 251 0 1
99 251 0 1
100 251 0 1
106 251 0 1
107 251 0 1
108 251 0 1
111 251 0 1
113 251 0 1
114 251 0 1
124 251 0 1
131 251 0 1
132 251 0 1
145 251 0 1
149 251 0 1
70 252 0 1
74 252 0 1
77 252 0 1
79 252 0 1
85 252 0 1
86 252 0 1
91 252 0 1
93 252 0 1
95 252 0 1
96 252 0 1
99 252 0 1
100 252 0 1
106 252 0 1
107 252 0 1
108 252 0 1
111 252 0 1
113 252 0 1
124 252 0 1
125 252 0 1
131 252 0 1
132 252 0 1
145 252 0 1
70 253 0 1
74 253 0 1
77 253 0 1
85 253 0 1
86 253 0 1
91 253 0 1
93 253 0 1
95 253 0 1
96 253 0 1
99 253 0 1
100 253 0 1
106 253 0 1
107 253 0 1
108 253 0 1
111 253 0 1
113 253 0 1
114 253 0 1
124 253 0 1
131 253 0 1
132 253 0 1
145 253 0 1
