3 4 0 0
3 5 0 0
4 5 0 0
2 6 0 0
3 7 0 0
3 8 0 0
4 8 0 0
5 8 0 0
2 9 0 0
6 9 0 0
3 10 0 0
4 10 0 0
5 10 0 0
8 10 0 0
6 11 0 0
7 11 0 0
4 12 0 0
8 12 0 0
10 12 0 0
4 13 0 0
5 13 0 0
8 13 0 0
10 13 0 0
12 13 0 0
7 14 0 0
11 14 0 0
2 15 0 0
6 15 0 0
9 15 0 0
3 16 0 0
4 16 0 0
5 16 0 0
7 16 0 0
8 16 0 0
10 16 0 0
13 16 0 0
3 17 0 0
4 17 0 0
5 17 0 0
8 17 0 0
10 17 0 0
12 17 0 0
13 17 0 0
16 17 0 0
2 18 0 0
6 18 0 0
9 18 0 0
11 18 0 0
15 18 0 0
6 19 0 0
9 19 0 0
11 19 0 0
14 19 0 0
18 19 0 0
3 20 0 0
4 20 0 0
5 20 0 0
7 20 0 0
8 20 0 0
10 20 0 0
13 20 0 0
16 20 0 0
17 20 0 0
4 21 0 0
5 21 0 0
8 21 0 0
10 21 0 0
12 21 0 0
13 21 0 0
16 21 0 0
17 21 0 0
2 22 0 0
6 22 0 0
9 22 0 0
15 22 0 0
18 22 0 0
19 22 0 0
2 23 0 0
6 23 0 0
9 23 0 0
15 23 0 0
18 23 0 0
19 23 0 0
22 23 0 0
3 24 0 0
4 24 0 0
5 24 0 0
7 24 0 0
8 24 0 0
10 24 0 0
13 24 0 0
16 24 0 0
17 24 0 0
20 24 0 0
21 24 0 0
2 25 0 0
6 25 0 0
9 25 0 0
11 25 0 0
15 25 0 0
18 25 0 0
19 25 0 0
22 25 0 0
23 25 0 0
7 26 0 0
11 26 0 0
14 26 0 0
18 26 0 0
19 26 0 0
25 26 0 0
7 27 0 0
11 27 0 0
14 27 0 0
19 27 0 0
20 27 0 0
26 27 0 0
8 28 0 0
10 28 0 0
12 28 0 0
13 28 0 0
16 28 0 0
17 28 0 0
20 28 0 0
21 28 0 0
24 28 0 0
7 29 0 0
14 29 0 0
16 29 0 0
20 29 0 0
24 29 0 0
26 29 0 0
27 29 0 0
28 29 0 0
11 30 0 0
14 30 0 0
18 30 0 0
19 30 0 0
22 30 0 0
23 30 0 0
25 30 0 0
26 30 0 0
7 31 0 0
14 31 0 0
20 31 0 0
24 31 0 0
26 31 0 0
27 31 0 0
29 31 0 0
11 32 0 0
14 32 0 0
18 32 0 0
19 32 0 0
25 32 0 0
26 32 0 0
27 32 0 0
30 32 0 0
31 32 0 0
9 33 0 0
11 33 0 0
18 33 0 0
19 33 0 0
22 33 0 0
23 33 0 0
25 33 0 0
30 33 0 0
32 33 0 0
2 34 0 0
6 34 0 0
9 34 0 0
15 34 0 0
18 34 0 0
22 34 0 0
23 34 0 0
25 34 0 0
33 34 0 0
2 35 0 0
6 35 0 0
9 35 0 0
15 35 0 0
18 35 0 0
19 35 0 0
22 35 0 0
23 35 0 0
25 35 0 0
30 35 0 0
32 35 0 0
33 35 0 0
34 35 0 0
2 36 0 0
6 36 0 0
9 36 0 0
11 36 0 0
15 36 0 0
18 36 0 0
19 36 0 0
22 36 0 0
23 36 0 0
25 36 0 0
30 36 0 0
33 36 0 0
34 36 0 0
35 36 0 0
2 37 0 0
6 37 0 0
9 37 0 0
11 37 0 0
15 37 0 0
18 37 0 0
19 37 0 0
22 37 0 0
23 37 0 0
25 37 0 0
26 37 0 0
30 37 0 0
32 37 0 0
33 37 0 0
34 37 0 0
35 37 0 0
36 37 0 0
4 38 0 0
8 38 0 0
10 38 0 0
12 38 0 0
13 38 0 0
17 38 0 0
21 38 0 0
28 38 0 0
2 39 0 0
6 39 0 0
9 39 0 0
15 39 0 0
18 39 0 0
22 39 0 0
23 39 0 0
25 39 0 0
33 39 0 0
34 39 0 0
35 39 0 0
36 39 0 0
37 39 0 0
4 40 0 0
8 40 0 0
10 40 0 0
12 40 0 0
13 40 0 0
16 40 0 0
17 40 0 0
20 40 0 0
21 40 0 0
24 40 0 0
28 40 0 0
38 40 0 0
7 41 0 0
11 41 0 0
14 41 0 0
18 41 0 0
19 41 0 0
25 41 0 0
26 41 0 0
27 41 0 0
30 41 0 0
31 41 0 0
32 41 0 0
33 41 0 0
37 41 0 0
7 42 0 0
11 42 0 0
14 42 0 0
19 42 0 0
25 42 0 0
26 42 0 0
27 42 0 0
29 42 0 0
30 42 0 0
31 42 0 0
32 42 0 0
33 42 0 0
37 42 0 0
41 42 0 0
3 43 0 0
5 43 0 0
7 43 0 0
8 43 0 0
10 43 0 0
13 43 0 0
16 43 0 0
17 43 0 0
20 43 0 0
24 43 0 0
27 43 0 0
28 43 0 0
29 43 0 0
31 43 0 0
40 43 0 0
28 44 0 0
38 44 0 0
40 44 0 0
43 44 0 0
33 45 0 0
35 45 0 0
39 45 0 0
1 46 0 0
29 46 0 0
31 46 0 0
43 46 0 0
44 47 0 0
1 48 0 0
29 48 0 0
43 48 0 0
46 48 0 0
30 49 0 0
33 49 0 0
35 49 0 0
45 49 0 0
33 50 0 0
35 50 0 0
45 50 0 0
49 50 0 0
1 51 0 0
29 51 0 0
31 51 0 0
43 51 0 0
46 51 0 0
48 51 0 0
33 52 0 0
34 52 0 0
35 52 0 0
39 52 0 0
45 52 0 0
49 52 0 0
50 52 0 0
1 53 0 0
28 53 0 0
40 53 0 0
43 53 0 0
44 53 0 0
46 53 0 0
47 53 0 0
48 53 0 0
51 53 0 0
35 54 0 0
45 54 0 0
49 54 0 0
50 54 0 0
52 54 0 0
1 55 0 0
29 55 0 0
31 55 0 0
43 55 0 0
46 55 0 0
48 55 0 0
51 55 0 0
53 55 0 0
15 56 0 0
22 56 0 0
23 56 0 0
33 56 0 0
34 56 0 0
35 56 0 0
36 56 0 0
37 56 0 0
39 56 0 0
45 56 0 0
49 56 0 0
50 56 0 0
52 56 0 0
54 56 0 0
12 57 0 0
13 57 0 0
17 57 0 0
28 57 0 0
38 57 0 0
40 57 0 0
43 57 0 0
44 57 0 0
47 57 0 0
53 57 0 0
12 58 0 0
13 58 0 0
17 58 0 0
28 58 0 0
38 58 0 0
40 58 0 0
43 58 0 0
44 58 0 0
47 58 0 0
53 58 0 0
57 58 0 0
1 59 0 0
14 59 0 0
27 59 0 0
29 59 0 0
31 59 0 0
32 59 0 0
41 59 0 0
42 59 0 0
43 59 0 0
46 59 0 0
48 59 0 0
51 59 0 0
55 59 0 0
18 60 0 0
19 60 0 0
22 60 0 0
23 60 0 0
25 60 0 0
30 60 0 0
32 60 0 0
33 60 0 0
34 60 0 0
35 60 0 0
36 60 0 0
37 60 0 0
39 60 0 0
45 60 0 0
49 60 0 0
50 60 0 0
52 60 0 0
54 60 0 0
56 60 0 0
22 61 0 0
33 61 0 0
34 61 0 0
35 61 0 0
36 61 0 0
39 61 0 0
45 61 0 0
49 61 0 0
50 61 0 0
52 61 0 0
54 61 0 0
56 61 0 0
60 61 0 0
13 62 0 0
28 62 0 0
38 62 0 0
40 62 0 0
43 62 0 0
44 62 0 0
46 62 0 0
47 62 0 0
48 62 0 0
53 62 0 0
55 62 0 0
57 62 0 0
58 62 0 0
22 63 0 0
23 63 0 0
30 63 0 0
33 63 0 0
34 63 0 0
35 63 0 0
36 63 0 0
37 63 0 0
39 63 0 0
45 63 0 0
49 63 0 0
50 63 0 0
52 63 0 0
54 63 0 0
56 63 0 0
60 63 0 0
61 63 0 0
1 64 0 0
24 64 0 0
28 64 0 0
29 64 0 0
40 64 0 0
43 64 0 0
44 64 0 0
46 64 0 0
47 64 0 0
48 64 0 0
51 64 0 0
53 64 0 0
55 64 0 0
57 64 0 0
58 64 0 0
59 64 0 0
62 64 0 0
1 65 0 0
29 65 0 0
31 65 0 0
43 65 0 0
46 65 0 0
48 65 0 0
51 65 0 0
53 65 0 0
55 65 0 0
58 65 0 0
59 65 0 0
62 65 0 0
64 65 0 0
1 66 0 0
29 66 0 0
31 66 0 0
42 66 0 0
43 66 0 0
46 66 0 0
48 66 0 0
51 66 0 0
53 66 0 0
55 66 0 0
59 66 0 0
64 66 0 0
65 66 0 0
10 67 0 0
12 67 0 0
13 67 0 0
17 67 0 0
21 67 0 0
28 67 0 0
38 67 0 0
40 67 0 0
43 67 0 0
44 67 0 0
47 67 0 0
53 67 0 0
57 67 0 0
58 67 0 0
62 67 0 0
64 67 0 0
10 68 0 0
12 68 0 0
13 68 0 0
16 68 0 0
17 68 0 0
20 68 0 0
21 68 0 0
24 68 0 0
28 68 0 0
29 68 0 0
38 68 0 0
40 68 0 0
43 68 0 0
44 68 0 0
47 68 0 0
53 68 0 0
57 68 0 0
58 68 0 0
62 68 0 0
64 68 0 0
65 68 0 0
67 68 0 0
7 69 0 0
14 69 0 0
20 69 0 0
24 69 0 0
26 69 0 0
27 69 0 0
29 69 0 0
31 69 0 0
32 69 0 0
41 69 0 0
42 69 0 0
43 69 0 0
46 69 0 0
48 69 0 0
51 69 0 0
55 69 0 0
59 69 0 0
64 69 0 0
65 69 0 0
66 69 0 0
14 70 0 0
19 70 0 0
26 70 0 0
27 70 0 0
29 70 0 0
31 70 0 0
32 70 0 0
41 70 0 0
42 70 0 0
43 70 0 0
46 70 0 0
48 70 0 0
51 70 0 0
55 70 0 0
59 70 0 0
65 70 0 0
66 70 0 0
69 70 0 0
2 71 0 0
6 71 0 0
9 71 0 0
15 71 0 0
18 71 0 0
19 71 0 0
22 71 0 0
23 71 0 0
25 71 0 0
30 71 0 0
32 71 0 0
33 71 0 0
34 71 0 0
35 71 0 0
36 71 0 0
37 71 0 0
39 71 0 0
45 71 0 0
49 71 0 0
50 71 0 0
52 71 0 0
54 71 0 0
56 71 0 0
60 71 0 0
61 71 0 0
63 71 0 0
10 72 0 0
12 72 0 0
13 72 0 0
16 72 0 0
17 72 0 0
21 72 0 0
24 72 0 0
28 72 0 0
38 72 0 0
40 72 0 0
43 72 0 0
44 72 0 0
47 72 0 0
53 72 0 0
57 72 0 0
58 72 0 0
62 72 0 0
64 72 0 0
67 72 0 0
68 72 0 0
18 73 0 0
19 73 0 0
22 73 0 0
23 73 0 0
25 73 0 0
30 73 0 0
32 73 0 0
33 73 0 0
35 73 0 0
36 73 0 0
37 73 0 0
41 73 0 0
42 73 0 0
45 73 0 0
49 73 0 0
50 73 0 0
52 73 0 0
54 73 0 0
56 73 0 0
60 73 0 0
63 73 0 0
71 73 0 0
12 74 0 0
13 74 0 0
17 74 0 0
21 74 0 0
28 74 0 0
38 74 0 0
40 74 0 0
43 74 0 0
44 74 0 0
47 74 0 0
53 74 0 0
57 74 0 0
58 74 0 0
62 74 0 0
67 74 0 0
68 74 0 0
72 74 0 0
1 75 0 0
14 75 0 0
20 75 0 0
24 75 0 0
27 75 0 0
29 75 0 0
31 75 0 0
32 75 0 0
41 75 0 0
42 75 0 0
43 75 0 0
46 75 0 0
48 75 0 0
51 75 0 0
53 75 0 0
55 75 0 0
59 75 0 0
64 75 0 0
65 75 0 0
66 75 0 0
69 75 0 0
70 75 0 0
18 76 0 0
19 76 0 0
23 76 0 0
25 76 0 0
30 76 0 0
32 76 0 0
33 76 0 0
35 76 0 0
36 76 0 0
37 76 0 0
41 76 0 0
42 76 0 0
45 76 0 0
49 76 0 0
50 76 0 0
56 76 0 0
60 76 0 0
63 76 0 0
71 76 0 0
73 76 0 0
44 77 0 0
47 77 0 0
45 78 0 0
49 78 0 0
50 78 0 0
52 78 0 0
54 78 0 0
60 78 0 0
63 78 0 0
71 78 0 0
45 79 0 0
49 79 0 0
50 79 0 0
54 79 0 0
60 79 0 0
63 79 0 0
76 79 0 0
78 79 0 0
1 80 0 0
51 80 0 0
59 80 0 0
66 80 0 0
78 80 0 0
79 80 0 0
1 81 0 0
46 81 0 0
48 81 0 0
51 81 0 0
55 81 0 0
59 81 0 0
66 81 0 0
79 81 0 0
80 81 0 0
44 82 0 0
47 82 0 0
53 82 0 0
57 82 0 0
58 82 0 0
62 82 0 0
74 82 0 0
77 82 0 0
44 83 0 0
47 83 0 0
53 83 0 0
62 83 0 0
77 83 0 0
82 83 0 0
1 84 0 0
46 84 0 0
48 84 0 0
51 84 0 0
55 84 0 0
59 84 0 0
66 84 0 0
79 84 0 0
80 84 0 0
81 84 0 0
45 85 0 0
49 85 0 0
50 85 0 0
52 85 0 0
54 85 0 0
60 85 0 0
63 85 0 0
71 85 0 0
78 85 0 0
79 85 0 0
45 86 0 0
49 86 0 0
50 86 0 0
52 86 0 0
54 86 0 0
63 86 0 0
71 86 0 0
78 86 0 0
79 86 0 0
85 86 0 0
49 87 0 0
50 87 0 0
63 87 0 0
78 87 0 0
79 87 0 0
80 87 0 0
81 87 0 0
85 87 0 0
86 87 0 0
1 88 0 0
51 88 0 0
55 88 0 0
79 88 0 0
80 88 0 0
81 88 0 0
84 88 0 0
87 88 0 0
1 89 0 0
46 89 0 0
48 89 0 0
51 89 0 0
55 89 0 0
59 89 0 0
66 89 0 0
80 89 0 0
81 89 0 0
84 89 0 0
88 89 0 0
44 90 0 0
47 90 0 0
53 90 0 0
62 90 0 0
77 90 0 0
82 90 0 0
83 90 0 0
1 91 0 0
44 91 0 0
47 91 0 0
48 91 0 0
53 91 0 0
55 91 0 0
62 91 0 0
77 91 0 0
82 91 0 0
83 91 0 0
90 91 0 0
78 92 0 0
79 92 0 0
85 92 0 0
86 92 0 0
87 92 0 0
47 93 0 0
77 93 0 0
82 93 0 0
83 93 0 0
90 93 0 0
91 93 0 0
77 94 0 0
82 94 0 0
83 94 0 0
90 94 0 0
91 94 0 0
93 94 0 0
92 95 0 0
80 96 0 0
81 96 0 0
84 96 0 0
88 96 0 0
89 96 0 0
1 97 0 0
80 97 0 0
84 97 0 0
88 97 0 0
89 97 0 0
96 97 0 0
80 98 0 0
87 98 0 0
88 98 0 0
96 98 0 0
97 98 0 0
1 99 0 0
90 99 0 0
91 99 0 0
93 99 0 0
94 99 0 0
77 100 0 0
83 100 0 0
90 100 0 0
91 100 0 0
93 100 0 0
94 100 0 0
99 100 0 0
77 101 0 0
90 101 0 0
91 101 0 0
93 101 0 0
94 101 0 0
99 101 0 0
100 101 0 0
90 102 0 0
91 102 0 0
93 102 0 0
94 102 0 0
99 102 0 0
100 102 0 0
101 102 0 0
77 103 0 0
82 103 0 0
83 103 0 0
90 103 0 0
91 103 0 0
93 103 0 0
94 103 0 0
99 103 0 0
100 103 0 0
101 103 0 0
102 103 0 0
1 104 0 0
82 104 0 0
83 104 0 0
90 104 0 0
91 104 0 0
93 104 0 0
94 104 0 0
99 104 0 0
100 104 0 0
101 104 0 0
102 104 0 0
103 104 0 0
78 105 0 0
79 105 0 0
80 105 0 0
81 105 0 0
85 105 0 0
87 105 0 0
88 105 0 0
92 105 0 0
96 105 0 0
97 105 0 0
98 105 0 0
78 106 0 0
79 106 0 0
80 106 0 0
81 106 0 0
84 106 0 0
87 106 0 0
88 106 0 0
89 106 0 0
96 106 0 0
97 106 0 0
98 106 0 0
105 106 0 0
77 107 0 0
82 107 0 0
83 107 0 0
90 107 0 0
91 107 0 0
93 107 0 0
94 107 0 0
99 107 0 0
100 107 0 0
101 107 0 0
102 107 0 0
103 107 0 0
104 107 0 0
1 108 0 0
90 108 0 0
91 108 0 0
93 108 0 0
94 108 0 0
97 108 0 0
99 108 0 0
100 108 0 0
101 108 0 0
102 108 0 0
103 108 0 0
104 108 0 0
107 108 0 0
1 109 0 0
77 109 0 0
82 109 0 0
83 109 0 0
90 109 0 0
91 109 0 0
93 109 0 0
94 109 0 0
99 109 0 0
100 109 0 0
101 109 0 0
102 109 0 0
103 109 0 0
104 109 0 0
107 109 0 0
108 109 0 0
1 110 0 0
84 110 0 0
88 110 0 0
89 110 0 0
91 110 0 0
96 110 0 0
97 110 0 0
99 110 0 0
100 110 0 0
102 110 0 0
104 110 0 0
108 110 0 0
109 110 0 0
1 111 0 0
80 111 0 0
81 111 0 0
84 111 0 0
88 111 0 0
89 111 0 0
96 111 0 0
97 111 0 0
98 111 0 0
106 111 0 0
108 111 0 0
110 111 0 0
1 112 0 0
80 112 0 0
81 112 0 0
84 112 0 0
88 112 0 0
89 112 0 0
96 112 0 0
97 112 0 0
98 112 0 0
105 112 0 0
106 112 0 0
110 112 0 0
111 112 0 0
79 113 0 0
80 113 0 0
81 113 0 0
84 113 0 0
87 113 0 0
88 113 0 0
96 113 0 0
97 113 0 0
98 113 0 0
105 113 0 0
106 113 0 0
111 113 0 0
112 113 0 0
1 114 0 0
80 114 0 0
81 114 0 0
84 114 0 0
88 114 0 0
89 114 0 0
96 114 0 0
97 114 0 0
98 114 0 0
106 114 0 0
108 114 0 0
110 114 0 0
111 114 0 0
112 114 0 0
113 114 0 0
93 115 0 0
94 115 0 0
99 115 0 0
100 115 0 0
101 115 0 0
102 115 0 0
103 115 0 0
104 115 0 0
107 115 0 0
109 115 0 0
96 116 0 0
97 116 0 0
98 116 0 0
106 116 0 0
110 116 0 0
111 116 0 0
112 116 0 0
113 116 0 0
114 116 0 0
96 117 0 0
97 117 0 0
99 117 0 0
102 117 0 0
104 117 0 0
108 117 0 0
110 117 0 0
111 117 0 0
112 117 0 0
114 117 0 0
116 117 0 0
96 118 0 0
97 118 0 0
98 118 0 0
105 118 0 0
106 118 0 0
111 118 0 0
112 118 0 0
113 118 0 0
114 118 0 0
116 118 0 0
117 118 0 0
95 119 0 0
95 120 0 0
119 120 0 0
99 121 0 0
100 121 0 0
101 121 0 0
102 121 0 0
103 121 0 0
107 121 0 0
109 121 0 0
115 121 0 0
97 122 0 0
99 122 0 0
102 122 0 0
108 122 0 0
110 122 0 0
111 122 0 0
114 122 0 0
116 122 0 0
117 122 0 0
96 123 0 0
97 123 0 0
98 123 0 0
110 123 0 0
111 123 0 0
112 123 0 0
114 123 0 0
116 123 0 0
117 123 0 0
118 123 0 0
122 123 0 0
103 124 0 0
115 124 0 0
121 124 0 0
96 125 0 0
97 125 0 0
114 125 0 0
116 125 0 0
117 125 0 0
118 125 0 0
122 125 0 0
123 125 0 0
97 126 0 0
108 126 0 0
110 126 0 0
114 126 0 0
116 126 0 0
117 126 0 0
118 126 0 0
122 126 0 0
123 126 0 0
125 126 0 0
99 127 0 0
101 127 0 0
102 127 0 0
115 127 0 0
117 127 0 0
121 127 0 0
122 127 0 0
124 127 0 0
126 127 0 0
116 128 0 0
117 128 0 0
118 128 0 0
122 128 0 0
123 128 0 0
125 128 0 0
126 128 0 0
127 128 0 0
96 129 0 0
98 129 0 0
105 129 0 0
106 129 0 0
113 129 0 0
116 129 0 0
118 129 0 0
119 129 0 0
120 129 0 0
96 130 0 0
97 130 0 0
98 130 0 0
105 130 0 0
106 130 0 0
112 130 0 0
113 130 0 0
116 130 0 0
118 130 0 0
120 130 0 0
123 130 0 0
125 130 0 0
129 130 0 0
96 131 0 0
97 131 0 0
108 131 0 0
110 131 0 0
111 131 0 0
112 131 0 0
114 131 0 0
116 131 0 0
117 131 0 0
118 131 0 0
122 131 0 0
123 131 0 0
125 131 0 0
126 131 0 0
128 131 0 0
97 132 0 0
99 132 0 0
102 132 0 0
104 132 0 0
108 132 0 0
109 132 0 0
110 132 0 0
111 132 0 0
114 132 0 0
116 132 0 0
117 132 0 0
122 132 0 0
123 132 0 0
125 132 0 0
126 132 0 0
127 132 0 0
128 132 0 0
131 132 0 0
94 133 0 0
99 133 0 0
100 133 0 0
101 133 0 0
102 133 0 0
103 133 0 0
104 133 0 0
107 133 0 0
108 133 0 0
109 133 0 0
110 133 0 0
115 133 0 0
117 133 0 0
121 133 0 0
122 133 0 0
124 133 0 0
126 133 0 0
127 133 0 0
131 133 0 0
132 133 0 0
96 134 0 0
97 134 0 0
98 134 0 0
106 134 0 0
110 134 0 0
111 134 0 0
112 134 0 0
113 134 0 0
114 134 0 0
116 134 0 0
117 134 0 0
118 134 0 0
122 134 0 0
123 134 0 0
125 134 0 0
126 134 0 0
128 134 0 0
129 134 0 0
130 134 0 0
131 134 0 0
132 134 0 0
96 135 0 0
97 135 0 0
98 135 0 0
105 135 0 0
106 135 0 0
112 135 0 0
113 135 0 0
114 135 0 0
116 135 0 0
118 135 0 0
120 135 0 0
123 135 0 0
125 135 0 0
129 135 0 0
130 135 0 0
131 135 0 0
134 135 0 0
97 136 0 0
99 136 0 0
108 136 0 0
110 136 0 0
111 136 0 0
114 136 0 0
116 136 0 0
117 136 0 0
122 136 0 0
123 136 0 0
125 136 0 0
126 136 0 0
127 136 0 0
128 136 0 0
131 136 0 0
132 136 0 0
133 136 0 0
134 136 0 0
93 137 0 0
94 137 0 0
99 137 0 0
100 137 0 0
101 137 0 0
102 137 0 0
103 137 0 0
104 137 0 0
107 137 0 0
108 137 0 0
109 137 0 0
115 137 0 0
121 137 0 0
124 137 0 0
127 137 0 0
133 137 0 0
77 138 0 0
93 138 0 0
94 138 0 0
99 138 0 0
100 138 0 0
101 138 0 0
102 138 0 0
103 138 0 0
104 138 0 0
107 138 0 0
109 138 0 0
115 138 0 0
121 138 0 0
124 138 0 0
127 138 0 0
133 138 0 0
137 138 0 0
1 139 0 0
94 139 0 0
99 139 0 0
100 139 0 0
101 139 0 0
102 139 0 0
104 139 0 0
107 139 0 0
108 139 0 0
109 139 0 0
110 139 0 0
111 139 0 0
114 139 0 0
117 139 0 0
121 139 0 0
122 139 0 0
126 139 0 0
127 139 0 0
131 139 0 0
132 139 0 0
133 139 0 0
136 139 0 0
137 139 0 0
138 139 0 0
77 140 0 0
93 140 0 0
94 140 0 0
99 140 0 0
100 140 0 0
101 140 0 0
102 140 0 0
103 140 0 0
104 140 0 0
107 140 0 0
109 140 0 0
115 140 0 0
121 140 0 0
124 140 0 0
127 140 0 0
133 140 0 0
137 140 0 0
138 140 0 0
92 141 0 0
95 141 0 0
96 141 0 0
98 141 0 0
105 141 0 0
106 141 0 0
113 141 0 0
118 141 0 0
119 141 0 0
120 141 0 0
129 141 0 0
130 141 0 0
135 141 0 0
96 142 0 0
97 142 0 0
98 142 0 0
105 142 0 0
106 142 0 0
111 142 0 0
112 142 0 0
113 142 0 0
114 142 0 0
116 142 0 0
118 142 0 0
123 142 0 0
125 142 0 0
129 142 0 0
130 142 0 0
131 142 0 0
134 142 0 0
135 142 0 0
141 142 0 0
45 143 0 0
49 143 0 0
50 143 0 0
52 143 0 0
54 143 0 0
78 143 0 0
85 143 0 0
86 143 0 0
92 143 0 0
95 143 0 0
1 144 0 0
80 144 0 0
81 144 0 0
84 144 0 0
88 144 0 0
89 144 0 0
96 144 0 0
97 144 0 0
98 144 0 0
105 144 0 0
106 144 0 0
110 144 0 0
111 144 0 0
112 144 0 0
113 144 0 0
114 144 0 0
116 144 0 0
118 144 0 0
142 144 0 0
1 145 0 0
48 145 0 0
51 145 0 0
55 145 0 0
80 145 0 0
81 145 0 0
84 145 0 0
88 145 0 0
89 145 0 0
96 145 0 0
97 145 0 0
108 145 0 0
110 145 0 0
111 145 0 0
112 145 0 0
114 145 0 0
139 145 0 0
144 145 0 0
44 146 0 0
47 146 0 0
53 146 0 0
62 146 0 0
77 146 0 0
82 146 0 0
83 146 0 0
90 146 0 0
91 146 0 0
93 146 0 0
94 146 0 0
99 146 0 0
100 146 0 0
101 146 0 0
102 146 0 0
103 146 0 0
104 146 0 0
107 146 0 0
108 146 0 0
109 146 0 0
137 146 0 0
138 146 0 0
139 146 0 0
140 146 0 0
1 147 0 0
44 147 0 0
47 147 0 0
48 147 0 0
53 147 0 0
62 147 0 0
77 147 0 0
82 147 0 0
83 147 0 0
90 147 0 0
91 147 0 0
93 147 0 0
94 147 0 0
99 147 0 0
100 147 0 0
101 147 0 0
102 147 0 0
103 147 0 0
104 147 0 0
107 147 0 0
108 147 0 0
109 147 0 0
110 147 0 0
133 147 0 0
137 147 0 0
138 147 0 0
139 147 0 0
140 147 0 0
145 147 0 0
146 147 0 0
1 148 0 0
47 148 0 0
48 148 0 0
53 148 0 0
55 148 0 0
62 148 0 0
77 148 0 0
82 148 0 0
83 148 0 0
90 148 0 0
91 148 0 0
93 148 0 0
94 148 0 0
99 148 0 0
100 148 0 0
101 148 0 0
102 148 0 0
103 148 0 0
104 148 0 0
107 148 0 0
108 148 0 0
109 148 0 0
110 148 0 0
139 148 0 0
145 148 0 0
146 148 0 0
147 148 0 0
1 149 0 0
48 149 0 0
51 149 0 0
55 149 0 0
80 149 0 0
81 149 0 0
84 149 0 0
88 149 0 0
89 149 0 0
96 149 0 0
97 149 0 0
98 149 0 0
106 149 0 0
108 149 0 0
110 149 0 0
111 149 0 0
112 149 0 0
114 149 0 0
144 149 0 0
145 149 0 0
148 149 0 0
78 150 0 0
79 150 0 0
80 150 0 0
81 150 0 0
85 150 0 0
86 150 0 0
87 150 0 0
88 150 0 0
92 150 0 0
96 150 0 0
98 150 0 0
105 150 0 0
106 150 0 0
112 150 0 0
113 150 0 0
144 150 0 0
1 151 0 0
79 151 0 0
80 151 0 0
81 151 0 0
84 151 0 0
87 151 0 0
88 151 0 0
89 151 0 0
96 151 0 0
97 151 0 0
98 151 0 0
105 151 0 0
106 151 0 0
110 151 0 0
111 151 0 0
112 151 0 0
113 151 0 0
114 151 0 0
144 151 0 0
145 151 0 0
149 151 0 0
150 151 0 0
47 152 0 0
77 152 0 0
82 152 0 0
83 152 0 0
90 152 0 0
91 152 0 0
93 152 0 0
94 152 0 0
99 152 0 0
100 152 0 0
101 152 0 0
102 152 0 0
103 152 0 0
104 152 0 0
107 152 0 0
109 152 0 0
137 152 0 0
138 152 0 0
140 152 0 0
146 152 0 0
147 152 0 0
148 152 0 0
54 153 0 0
78 153 0 0
85 153 0 0
86 153 0 0
92 153 0 0
95 153 0 0
143 153 0 0
50 154 0 0
54 154 0 0
78 154 0 0
79 154 0 0
85 154 0 0
86 154 0 0
87 154 0 0
92 154 0 0
95 154 0 0
143 154 0 0
150 154 0 0
153 154 0 0
1 155 0 0
48 155 0 0
55 155 0 0
80 155 0 0
81 155 0 0
84 155 0 0
88 155 0 0
89 155 0 0
91 155 0 0
96 155 0 0
97 155 0 0
99 155 0 0
104 155 0 0
108 155 0 0
110 155 0 0
111 155 0 0
112 155 0 0
114 155 0 0
117 155 0 0
131 155 0 0
139 155 0 0
144 155 0 0
145 155 0 0
147 155 0 0
148 155 0 0
149 155 0 0
151 155 0 0
47 156 0 0
77 156 0 0
82 156 0 0
83 156 0 0
90 156 0 0
91 156 0 0
93 156 0 0
94 156 0 0
99 156 0 0
100 156 0 0
101 156 0 0
102 156 0 0
103 156 0 0
104 156 0 0
107 156 0 0
108 156 0 0
109 156 0 0
115 156 0 0
137 156 0 0
138 156 0 0
139 156 0 0
140 156 0 0
146 156 0 0
147 156 0 0
148 156 0 0
152 156 0 0
1 157 0 0
80 157 0 0
81 157 0 0
84 157 0 0
88 157 0 0
89 157 0 0
96 157 0 0
97 157 0 0
98 157 0 0
106 157 0 0
108 157 0 0
110 157 0 0
111 157 0 0
112 157 0 0
113 157 0 0
114 157 0 0
116 157 0 0
117 157 0 0
118 157 0 0
131 157 0 0
134 157 0 0
142 157 0 0
144 157 0 0
145 157 0 0
149 157 0 0
151 157 0 0
155 157 0 0
1 158 0 0
48 158 0 0
53 158 0 0
82 158 0 0
83 158 0 0
90 158 0 0
91 158 0 0
93 158 0 0
94 158 0 0
99 158 0 0
100 158 0 0
101 158 0 0
102 158 0 0
103 158 0 0
104 158 0 0
107 158 0 0
108 158 0 0
109 158 0 0
110 158 0 0
111 158 0 0
137 158 0 0
138 158 0 0
139 158 0 0
145 158 0 0
146 158 0 0
147 158 0 0
148 158 0 0
149 158 0 0
152 158 0 0
155 158 0 0
156 158 0 0
157 158 0 0
44 159 0 0
47 159 0 0
53 159 0 0
57 159 0 0
58 159 0 0
62 159 0 0
67 159 0 0
72 159 0 0
74 159 0 0
77 159 0 0
82 159 0 0
83 159 0 0
90 159 0 0
91 159 0 0
93 159 0 0
94 159 0 0
146 159 0 0
147 159 0 0
152 159 0 0
156 159 0 0
45 160 0 0
49 160 0 0
50 160 0 0
52 160 0 0
54 160 0 0
56 160 0 0
60 160 0 0
61 160 0 0
63 160 0 0
71 160 0 0
73 160 0 0
76 160 0 0
78 160 0 0
79 160 0 0
85 160 0 0
86 160 0 0
87 160 0 0
92 160 0 0
105 160 0 0
143 160 0 0
150 160 0 0
153 160 0 0
154 160 0 0
45 161 0 0
49 161 0 0
50 161 0 0
52 161 0 0
54 161 0 0
60 161 0 0
63 161 0 0
71 161 0 0
73 161 0 0
76 161 0 0
78 161 0 0
79 161 0 0
80 161 0 0
85 161 0 0
86 161 0 0
87 161 0 0
88 161 0 0
92 161 0 0
105 161 0 0
150 161 0 0
154 161 0 0
160 161 0 0
1 162 0 0
46 162 0 0
48 162 0 0
51 162 0 0
53 162 0 0
55 162 0 0
59 162 0 0
64 162 0 0
65 162 0 0
66 162 0 0
69 162 0 0
70 162 0 0
75 162 0 0
80 162 0 0
81 162 0 0
84 162 0 0
88 162 0 0
89 162 0 0
91 162 0 0
108 162 0 0
110 162 0 0
111 162 0 0
112 162 0 0
144 162 0 0
145 162 0 0
147 162 0 0
148 162 0 0
149 162 0 0
151 162 0 0
155 162 0 0
157 162 0 0
158 162 0 0
45 163 0 0
49 163 0 0
50 163 0 0
52 163 0 0
54 163 0 0
56 163 0 0
60 163 0 0
61 163 0 0
63 163 0 0
71 163 0 0
73 163 0 0
76 163 0 0
78 163 0 0
79 163 0 0
85 163 0 0
86 163 0 0
87 163 0 0
92 163 0 0
143 163 0 0
150 163 0 0
153 163 0 0
154 163 0 0
160 163 0 0
161 163 0 0
33 164 0 0
45 164 0 0
49 164 0 0
50 164 0 0
52 164 0 0
54 164 0 0
56 164 0 0
60 164 0 0
61 164 0 0
63 164 0 0
71 164 0 0
73 164 0 0
76 164 0 0
78 164 0 0
79 164 0 0
85 164 0 0
86 164 0 0
87 164 0 0
92 164 0 0
143 164 0 0
150 164 0 0
154 164 0 0
160 164 0 0
161 164 0 0
163 164 0 0
1 165 0 0
43 165 0 0
46 165 0 0
48 165 0 0
51 165 0 0
53 165 0 0
55 165 0 0
58 165 0 0
59 165 0 0
62 165 0 0
64 165 0 0
65 165 0 0
66 165 0 0
69 165 0 0
75 165 0 0
84 165 0 0
89 165 0 0
90 165 0 0
91 165 0 0
145 165 0 0
146 165 0 0
147 165 0 0
148 165 0 0
149 165 0 0
155 165 0 0
157 165 0 0
158 165 0 0
162 165 0 0
1 166 0 0
28 166 0 0
40 166 0 0
43 166 0 0
44 166 0 0
46 166 0 0
47 166 0 0
48 166 0 0
53 166 0 0
55 166 0 0
57 166 0 0
58 166 0 0
62 166 0 0
64 166 0 0
65 166 0 0
67 166 0 0
68 166 0 0
72 166 0 0
74 166 0 0
77 166 0 0
82 166 0 0
83 166 0 0
90 166 0 0
91 166 0 0
93 166 0 0
94 166 0 0
104 166 0 0
107 166 0 0
108 166 0 0
109 166 0 0
146 166 0 0
147 166 0 0
148 166 0 0
152 166 0 0
156 166 0 0
158 166 0 0
159 166 0 0
162 166 0 0
165 166 0 0
44 167 0 0
47 167 0 0
53 167 0 0
57 167 0 0
58 167 0 0
62 167 0 0
64 167 0 0
72 167 0 0
74 167 0 0
77 167 0 0
82 167 0 0
83 167 0 0
90 167 0 0
91 167 0 0
93 167 0 0
94 167 0 0
107 167 0 0
109 167 0 0
146 167 0 0
147 167 0 0
148 167 0 0
152 167 0 0
156 167 0 0
158 167 0 0
159 167 0 0
165 167 0 0
166 167 0 0
45 168 0 0
49 168 0 0
50 168 0 0
52 168 0 0
54 168 0 0
56 168 0 0
60 168 0 0
61 168 0 0
63 168 0 0
71 168 0 0
78 168 0 0
79 168 0 0
85 168 0 0
86 168 0 0
87 168 0 0
92 168 0 0
143 168 0 0
150 168 0 0
153 168 0 0
154 168 0 0
160 168 0 0
161 168 0 0
163 168 0 0
164 168 0 0
45 169 0 0
49 169 0 0
50 169 0 0
52 169 0 0
54 169 0 0
56 169 0 0
60 169 0 0
61 169 0 0
63 169 0 0
71 169 0 0
78 169 0 0
79 169 0 0
85 169 0 0
86 169 0 0
87 169 0 0
92 169 0 0
143 169 0 0
150 169 0 0
153 169 0 0
154 169 0 0
160 169 0 0
161 169 0 0
163 169 0 0
164 169 0 0
168 169 0 0
44 170 0 0
47 170 0 0
53 170 0 0
57 170 0 0
58 170 0 0
62 170 0 0
74 170 0 0
77 170 0 0
82 170 0 0
83 170 0 0
90 170 0 0
91 170 0 0
93 170 0 0
94 170 0 0
103 170 0 0
107 170 0 0
109 170 0 0
146 170 0 0
147 170 0 0
152 170 0 0
156 170 0 0
159 170 0 0
166 170 0 0
167 170 0 0
1 171 0 0
44 171 0 0
46 171 0 0
47 171 0 0
48 171 0 0
51 171 0 0
53 171 0 0
55 171 0 0
57 171 0 0
58 171 0 0
62 171 0 0
64 171 0 0
65 171 0 0
66 171 0 0
77 171 0 0
82 171 0 0
83 171 0 0
89 171 0 0
90 171 0 0
91 171 0 0
93 171 0 0
94 171 0 0
99 171 0 0
100 171 0 0
104 171 0 0
107 171 0 0
108 171 0 0
109 171 0 0
110 171 0 0
145 171 0 0
146 171 0 0
147 171 0 0
148 171 0 0
149 171 0 0
152 171 0 0
155 171 0 0
156 171 0 0
157 171 0 0
158 171 0 0
159 171 0 0
162 171 0 0
165 171 0 0
166 171 0 0
167 171 0 0
170 171 0 0
44 172 0 0
47 172 0 0
53 172 0 0
57 172 0 0
58 172 0 0
62 172 0 0
74 172 0 0
77 172 0 0
82 172 0 0
83 172 0 0
90 172 0 0
91 172 0 0
93 172 0 0
94 172 0 0
103 172 0 0
107 172 0 0
109 172 0 0
146 172 0 0
147 172 0 0
148 172 0 0
152 172 0 0
156 172 0 0
158 172 0 0
159 172 0 0
166 172 0 0
167 172 0 0
170 172 0 0
171 172 0 0
1 173 0 0
46 173 0 0
48 173 0 0
51 173 0 0
53 173 0 0
55 173 0 0
59 173 0 0
62 173 0 0
64 173 0 0
65 173 0 0
66 173 0 0
75 173 0 0
84 173 0 0
88 173 0 0
89 173 0 0
90 173 0 0
91 173 0 0
94 173 0 0
99 173 0 0
104 173 0 0
108 173 0 0
109 173 0 0
110 173 0 0
111 173 0 0
114 173 0 0
144 173 0 0
145 173 0 0
146 173 0 0
147 173 0 0
148 173 0 0
149 173 0 0
155 173 0 0
157 173 0 0
158 173 0 0
162 173 0 0
165 173 0 0
166 173 0 0
167 173 0 0
171 173 0 0
172 173 0 0
3 174 0 1
5 174 0 1
7 174 0 1
10 174 0 1
11 174 0 1
14 174 0 1
16 174 0 1
17 174 0 1
19 174 0 1
20 174 0 1
24 174 0 1
26 174 0 1
27 174 0 1
28 174 0 1
29 174 0 1
31 174 0 1
32 174 0 1
41 174 0 1
42 174 0 1
43 174 0 1
46 174 0 1
59 174 0 1
64 174 0 1
65 174 0 1
66 174 0 1
68 174 0 1
69 174 0 1
70 174 0 1
75 174 0 1
1 175 0 1
30 175 0 1
31 175 0 1
32 175 0 1
33 175 0 1
41 175 0 1
42 175 0 1
46 175 0 1
48 175 0 1
49 175 0 1
50 175 0 1
51 175 0 1
55 175 0 1
59 175 0 1
60 175 0 1
63 175 0 1
65 175 0 1
66 175 0 1
69 175 0 1
70 175 0 1
71 175 0 1
73 175 0 1
75 175 0 1
76 175 0 1
78 175 0 1
79 175 0 1
80 175 0 1
81 175 0 1
84 175 0 1
85 175 0 1
87 175 0 1
88 175 0 1
89 175 0 1
105 175 0 1
106 175 0 1
144 175 0 1
145 175 0 1
149 175 0 1
150 175 0 1
151 175 0 1
157 175 0 1
160 175 0 1
161 175 0 1
162 175 0 1
164 175 0 1
92 176 0 1
95 176 0 1
98 176 0 1
105 176 0 1
106 176 0 1
113 176 0 1
116 176 0 1
118 176 0 1
119 176 0 1
120 176 0 1
123 176 0 1
125 176 0 1
129 176 0 1
130 176 0 1
134 176 0 1
135 176 0 1
141 176 0 1
142 176 0 1
153 176 0 1
154 176 0 1
3 177 0 1
4 177 0 1
5 177 0 1
7 177 0 1
8 177 0 1
10 177 0 1
13 177 0 1
16 177 0 1
17 177 0 1
20 177 0 1
21 177 0 1
24 177 0 1
28 177 0 1
40 177 0 1
43 177 0 1
3 178 0 1
4 178 0 1
5 178 0 1
7 178 0 1
8 178 0 1
10 178 0 1
13 178 0 1
16 178 0 1
17 178 0 1
20 178 0 1
21 178 0 1
24 178 0 1
43 178 0 1
6 179 0 1
11 179 0 1
14 179 0 1
18 179 0 1
19 179 0 1
25 179 0 1
26 179 0 1
27 179 0 1
37 179 0 1
41 179 0 1
42 179 0 1
3 180 0 1
7 180 0 1
11 180 0 1
14 180 0 1
20 180 0 1
26 180 0 1
27 180 0 1
31 180 0 1
41 180 0 1
2 181 0 1
6 181 0 1
9 181 0 1
15 181 0 1
18 181 0 1
22 181 0 1
23 181 0 1
25 181 0 1
34 181 0 1
35 181 0 1
36 181 0 1
37 181 0 1
39 181 0 1
71 181 0 1
2 182 0 1
6 182 0 1
9 182 0 1
11 182 0 1
18 182 0 1
19 182 0 1
22 182 0 1
23 182 0 1
25 182 0 1
26 182 0 1
30 182 0 1
35 182 0 1
36 182 0 1
37 182 0 1
41 182 0 1
71 182 0 1
2 183 0 1
6 183 0 1
9 183 0 1
15 183 0 1
18 183 0 1
22 183 0 1
23 183 0 1
25 183 0 1
34 183 0 1
35 183 0 1
36 183 0 1
37 183 0 1
39 183 0 1
71 183 0 1
3 184 0 1
5 184 0 1
7 184 0 1
14 184 0 1
16 184 0 1
20 184 0 1
24 184 0 1
26 184 0 1
27 184 0 1
29 184 0 1
31 184 0 1
43 184 0 1
7 185 0 1
11 185 0 1
14 185 0 1
18 185 0 1
19 185 0 1
25 185 0 1
26 185 0 1
27 185 0 1
32 185 0 1
37 185 0 1
41 185 0 1
42 185 0 1
6 186 0 1
9 186 0 1
11 186 0 1
14 186 0 1
18 186 0 1
19 186 0 1
22 186 0 1
23 186 0 1
25 186 0 1
26 186 0 1
27 186 0 1
30 186 0 1
32 186 0 1
33 186 0 1
35 186 0 1
36 186 0 1
37 186 0 1
41 186 0 1
42 186 0 1
3 187 0 1
4 187 0 1
5 187 0 1
8 187 0 1
10 187 0 1
12 187 0 1
13 187 0 1
16 187 0 1
17 187 0 1
20 187 0 1
21 187 0 1
24 187 0 1
28 187 0 1
29 187 0 1
38 187 0 1
40 187 0 1
43 187 0 1
67 187 0 1
68 187 0 1
72 187 0 1
7 188 0 1
11 188 0 1
14 188 0 1
18 188 0 1
19 188 0 1
25 188 0 1
26 188 0 1
27 188 0 1
30 188 0 1
31 188 0 1
32 188 0 1
37 188 0 1
41 188 0 1
42 188 0 1
69 188 0 1
70 188 0 1
3 189 0 1
5 189 0 1
7 189 0 1
10 189 0 1
14 189 0 1
16 189 0 1
20 189 0 1
24 189 0 1
26 189 0 1
27 189 0 1
29 189 0 1
31 189 0 1
43 189 0 1
69 189 0 1
2 190 0 1
6 190 0 1
9 190 0 1
11 190 0 1
15 190 0 1
18 190 0 1
19 190 0 1
22 190 0 1
23 190 0 1
25 190 0 1
26 190 0 1
30 190 0 1
32 190 0 1
33 190 0 1
34 190 0 1
35 190 0 1
36 190 0 1
37 190 0 1
41 190 0 1
42 190 0 1
71 190 0 1
73 190 0 1
7 191 0 1
11 191 0 1
14 191 0 1
18 191 0 1
19 191 0 1
25 191 0 1
26 191 0 1
27 191 0 1
30 191 0 1
31 191 0 1
32 191 0 1
37 191 0 1
41 191 0 1
42 191 0 1
70 191 0 1
7 192 0 1
11 192 0 1
14 192 0 1
19 192 0 1
26 192 0 1
27 192 0 1
29 192 0 1
31 192 0 1
32 192 0 1
41 192 0 1
42 192 0 1
69 192 0 1
70 192 0 1
3 193 0 1
5 193 0 1
7 193 0 1
10 193 0 1
14 193 0 1
16 193 0 1
17 193 0 1
20 193 0 1
24 193 0 1
27 193 0 1
29 193 0 1
31 193 0 1
43 193 0 1
69 193 0 1
4 194 0 1
5 194 0 1
8 194 0 1
10 194 0 1
12 194 0 1
13 194 0 1
16 194 0 1
17 194 0 1
21 194 0 1
24 194 0 1
28 194 0 1
38 194 0 1
40 194 0 1
43 194 0 1
57 194 0 1
58 194 0 1
67 194 0 1
68 194 0 1
72 194 0 1
74 194 0 1
4 195 0 1
8 195 0 1
10 195 0 1
12 195 0 1
13 195 0 1
17 195 0 1
21 195 0 1
28 195 0 1
38 195 0 1
40 195 0 1
43 195 0 1
44 195 0 1
53 195 0 1
57 195 0 1
58 195 0 1
62 195 0 1
67 195 0 1
68 195 0 1
72 195 0 1
74 195 0 1
166 195 0 1
7 196 0 1
11 196 0 1
14 196 0 1
19 196 0 1
20 196 0 1
26 196 0 1
27 196 0 1
29 196 0 1
30 196 0 1
31 196 0 1
32 196 0 1
41 196 0 1
42 196 0 1
43 196 0 1
46 196 0 1
51 196 0 1
59 196 0 1
65 196 0 1
66 196 0 1
69 196 0 1
70 196 0 1
75 196 0 1
7 197 0 1
14 197 0 1
20 197 0 1
24 197 0 1
26 197 0 1
27 197 0 1
29 197 0 1
31 197 0 1
32 197 0 1
41 197 0 1
42 197 0 1
43 197 0 1
46 197 0 1
51 197 0 1
55 197 0 1
59 197 0 1
64 197 0 1
65 197 0 1
66 197 0 1
69 197 0 1
70 197 0 1
75 197 0 1
8 198 0 1
10 198 0 1
12 198 0 1
13 198 0 1
16 198 0 1
17 198 0 1
20 198 0 1
21 198 0 1
24 198 0 1
28 198 0 1
29 198 0 1
38 198 0 1
40 198 0 1
43 198 0 1
44 198 0 1
53 198 0 1
57 198 0 1
58 198 0 1
62 198 0 1
64 198 0 1
65 198 0 1
67 198 0 1
68 198 0 1
72 198 0 1
74 198 0 1
166 198 0 1
5 199 0 1
8 199 0 1
10 199 0 1
12 199 0 1
13 199 0 1
16 199 0 1
17 199 0 1
20 199 0 1
21 199 0 1
24 199 0 1
28 199 0 1
29 199 0 1
38 199 0 1
40 199 0 1
43 199 0 1
44 199 0 1
46 199 0 1
53 199 0 1
57 199 0 1
58 199 0 1
62 199 0 1
64 199 0 1
65 199 0 1
67 199 0 1
68 199 0 1
72 199 0 1
74 199 0 1
75 199 0 1
166 199 0 1
11 200 0 1
14 200 0 1
18 200 0 1
19 200 0 1
23 200 0 1
25 200 0 1
26 200 0 1
27 200 0 1
30 200 0 1
32 200 0 1
33 200 0 1
35 200 0 1
36 200 0 1
37 200 0 1
41 200 0 1
42 200 0 1
49 200 0 1
60 200 0 1
63 200 0 1
70 200 0 1
71 200 0 1
73 200 0 1
76 200 0 1
6 201 0 1
11 201 0 1
14 201 0 1
18 201 0 1
19 201 0 1
23 201 0 1
25 201 0 1
26 201 0 1
27 201 0 1
30 201 0 1
32 201 0 1
33 201 0 1
35 201 0 1
36 201 0 1
37 201 0 1
41 201 0 1
42 201 0 1
60 201 0 1
63 201 0 1
70 201 0 1
71 201 0 1
73 201 0 1
76 201 0 1
4 202 0 1
5 202 0 1
8 202 0 1
10 202 0 1
12 202 0 1
13 202 0 1
16 202 0 1
17 202 0 1
20 202 0 1
21 202 0 1
24 202 0 1
28 202 0 1
29 202 0 1
38 202 0 1
40 202 0 1
43 202 0 1
44 202 0 1
53 202 0 1
57 202 0 1
58 202 0 1
62 202 0 1
64 202 0 1
67 202 0 1
68 202 0 1
72 202 0 1
74 202 0 1
166 202 0 1
18 203 0 1
19 203 0 1
22 203 0 1
23 203 0 1
25 203 0 1
30 203 0 1
33 203 0 1
34 203 0 1
35 203 0 1
36 203 0 1
37 203 0 1
39 203 0 1
45 203 0 1
49 203 0 1
50 203 0 1
52 203 0 1
54 203 0 1
56 203 0 1
60 203 0 1
61 203 0 1
63 203 0 1
71 203 0 1
73 203 0 1
76 203 0 1
160 203 0 1
161 203 0 1
163 203 0 1
164 203 0 1
168 203 0 1
169 203 0 1
16 204 0 1
20 204 0 1
24 204 0 1
28 204 0 1
29 204 0 1
31 204 0 1
43 204 0 1
46 204 0 1
48 204 0 1
51 204 0 1
53 204 0 1
55 204 0 1
57 204 0 1
58 204 0 1
59 204 0 1
62 204 0 1
64 204 0 1
65 204 0 1
66 204 0 1
68 204 0 1
69 204 0 1
70 204 0 1
72 204 0 1
75 204 0 1
162 204 0 1
165 204 0 1
166 204 0 1
171 204 0 1
173 204 0 1
13 205 0 1
16 205 0 1
17 205 0 1
20 205 0 1
24 205 0 1
28 205 0 1
29 205 0 1
40 205 0 1
43 205 0 1
44 205 0 1
46 205 0 1
47 205 0 1
48 205 0 1
53 205 0 1
55 205 0 1
57 205 0 1
58 205 0 1
59 205 0 1
62 205 0 1
64 205 0 1
65 205 0 1
66 205 0 1
67 205 0 1
68 205 0 1
69 205 0 1
72 205 0 1
74 205 0 1
75 205 0 1
165 205 0 1
166 205 0 1
167 205 0 1
171 205 0 1
173 205 0 1
14 206 0 1
19 206 0 1
25 206 0 1
26 206 0 1
30 206 0 1
31 206 0 1
32 206 0 1
33 206 0 1
35 206 0 1
36 206 0 1
37 206 0 1
41 206 0 1
42 206 0 1
49 206 0 1
59 206 0 1
60 206 0 1
63 206 0 1
69 206 0 1
70 206 0 1
71 206 0 1
73 206 0 1
76 206 0 1
161 206 0 1
164 206 0 1
11 207 0 1
14 207 0 1
18 207 0 1
19 207 0 1
23 207 0 1
25 207 0 1
26 207 0 1
30 207 0 1
32 207 0 1
33 207 0 1
35 207 0 1
36 207 0 1
37 207 0 1
41 207 0 1
42 207 0 1
45 207 0 1
49 207 0 1
50 207 0 1
59 207 0 1
60 207 0 1
63 207 0 1
70 207 0 1
71 207 0 1
73 207 0 1
76 207 0 1
161 207 0 1
164 207 0 1
9 208 0 1
15 208 0 1
18 208 0 1
19 208 0 1
22 208 0 1
23 208 0 1
25 208 0 1
30 208 0 1
33 208 0 1
34 208 0 1
35 208 0 1
36 208 0 1
37 208 0 1
39 208 0 1
45 208 0 1
49 208 0 1
50 208 0 1
52 208 0 1
54 208 0 1
56 208 0 1
60 208 0 1
61 208 0 1
63 208 0 1
71 208 0 1
73 208 0 1
76 208 0 1
163 208 0 1
164 208 0 1
11 209 0 1
14 209 0 1
18 209 0 1
19 209 0 1
25 209 0 1
26 209 0 1
27 209 0 1
30 209 0 1
31 209 0 1
32 209 0 1
33 209 0 1
35 209 0 1
36 209 0 1
37 209 0 1
41 209 0 1
42 209 0 1
59 209 0 1
60 209 0 1
69 209 0 1
70 209 0 1
71 209 0 1
73 209 0 1
76 209 0 1
7 210 0 1
11 210 0 1
14 210 0 1
19 210 0 1
20 210 0 1
26 210 0 1
27 210 0 1
29 210 0 1
30 210 0 1
31 210 0 1
32 210 0 1
41 210 0 1
42 210 0 1
43 210 0 1
46 210 0 1
51 210 0 1
55 210 0 1
59 210 0 1
65 210 0 1
66 210 0 1
69 210 0 1
70 210 0 1
75 210 0 1
12 211 0 1
13 211 0 1
17 211 0 1
21 211 0 1
28 211 0 1
38 211 0 1
40 211 0 1
44 211 0 1
47 211 0 1
53 211 0 1
57 211 0 1
58 211 0 1
62 211 0 1
67 211 0 1
68 211 0 1
72 211 0 1
74 211 0 1
159 211 0 1
166 211 0 1
13 212 0 1
16 212 0 1
17 212 0 1
20 212 0 1
24 212 0 1
28 212 0 1
29 212 0 1
31 212 0 1
40 212 0 1
43 212 0 1
44 212 0 1
46 212 0 1
48 212 0 1
51 212 0 1
53 212 0 1
55 212 0 1
57 212 0 1
58 212 0 1
59 212 0 1
62 212 0 1
64 212 0 1
65 212 0 1
66 212 0 1
67 212 0 1
68 212 0 1
69 212 0 1
72 212 0 1
75 212 0 1
165 212 0 1
166 212 0 1
11 213 0 1
14 213 0 1
19 213 0 1
26 213 0 1
27 213 0 1
29 213 0 1
30 213 0 1
31 213 0 1
32 213 0 1
33 213 0 1
37 213 0 1
41 213 0 1
42 213 0 1
51 213 0 1
59 213 0 1
66 213 0 1
69 213 0 1
70 213 0 1
73 213 0 1
75 213 0 1
76 213 0 1
7 214 0 1
14 214 0 1
20 214 0 1
24 214 0 1
26 214 0 1
27 214 0 1
29 214 0 1
31 214 0 1
32 214 0 1
41 214 0 1
42 214 0 1
43 214 0 1
46 214 0 1
48 214 0 1
51 214 0 1
55 214 0 1
59 214 0 1
64 214 0 1
65 214 0 1
66 214 0 1
69 214 0 1
70 214 0 1
75 214 0 1
162 214 0 1
165 214 0 1
11 215 0 1
14 215 0 1
19 215 0 1
25 215 0 1
26 215 0 1
27 215 0 1
30 215 0 1
31 215 0 1
32 215 0 1
33 215 0 1
35 215 0 1
37 215 0 1
41 215 0 1
42 215 0 1
59 215 0 1
60 215 0 1
69 215 0 1
70 215 0 1
71 215 0 1
73 215 0 1
75 215 0 1
76 215 0 1
14 216 0 1
16 216 0 1
20 216 0 1
24 216 0 1
27 216 0 1
29 216 0 1
31 216 0 1
42 216 0 1
43 216 0 1
46 216 0 1
48 216 0 1
51 216 0 1
53 216 0 1
55 216 0 1
59 216 0 1
64 216 0 1
65 216 0 1
66 216 0 1
68 216 0 1
69 216 0 1
70 216 0 1
75 216 0 1
162 216 0 1
165 216 0 1
10 217 0 1
12 217 0 1
13 217 0 1
16 217 0 1
17 217 0 1
20 217 0 1
24 217 0 1
28 217 0 1
29 217 0 1
38 217 0 1
40 217 0 1
43 217 0 1
44 217 0 1
46 217 0 1
47 217 0 1
48 217 0 1
53 217 0 1
55 217 0 1
57 217 0 1
58 217 0 1
62 217 0 1
64 217 0 1
65 217 0 1
67 217 0 1
68 217 0 1
72 217 0 1
74 217 0 1
75 217 0 1
159 217 0 1
165 217 0 1
166 217 0 1
167 217 0 1
171 217 0 1
172 217 0 1
2 218 0 1
6 218 0 1
9 218 0 1
11 218 0 1
15 218 0 1
18 218 0 1
19 218 0 1
22 218 0 1
23 218 0 1
25 218 0 1
30 218 0 1
32 218 0 1
33 218 0 1
34 218 0 1
35 218 0 1
36 218 0 1
37 218 0 1
39 218 0 1
60 218 0 1
71 218 0 1
73 218 0 1
76 218 0 1
3 219 0 1
4 219 0 1
5 219 0 1
8 219 0 1
10 219 0 1
12 219 0 1
13 219 0 1
16 219 0 1
17 219 0 1
20 219 0 1
21 219 0 1
24 219 0 1
28 219 0 1
29 219 0 1
38 219 0 1
40 219 0 1
43 219 0 1
53 219 0 1
57 219 0 1
58 219 0 1
62 219 0 1
64 219 0 1
65 219 0 1
67 219 0 1
68 219 0 1
72 219 0 1
74 219 0 1
2 220 0 1
6 220 0 1
9 220 0 1
11 220 0 1
15 220 0 1
18 220 0 1
19 220 0 1
22 220 0 1
23 220 0 1
25 220 0 1
26 220 0 1
30 220 0 1
32 220 0 1
33 220 0 1
34 220 0 1
35 220 0 1
36 220 0 1
37 220 0 1
39 220 0 1
41 220 0 1
42 220 0 1
60 220 0 1
63 220 0 1
71 220 0 1
73 220 0 1
76 220 0 1
6 221 0 1
11 221 0 1
14 221 0 1
18 221 0 1
19 221 0 1
22 221 0 1
23 221 0 1
25 221 0 1
26 221 0 1
27 221 0 1
30 221 0 1
32 221 0 1
33 221 0 1
35 221 0 1
36 221 0 1
37 221 0 1
41 221 0 1
42 221 0 1
60 221 0 1
71 221 0 1
73 221 0 1
76 221 0 1
7 222 0 1
11 222 0 1
14 222 0 1
19 222 0 1
25 222 0 1
26 222 0 1
27 222 0 1
29 222 0 1
30 222 0 1
31 222 0 1
32 222 0 1
33 222 0 1
37 222 0 1
41 222 0 1
42 222 0 1
59 222 0 1
69 222 0 1
70 222 0 1
73 222 0 1
75 222 0 1
76 222 0 1
7 223 0 1
11 223 0 1
14 223 0 1
19 223 0 1
20 223 0 1
26 223 0 1
27 223 0 1
29 223 0 1
30 223 0 1
31 223 0 1
32 223 0 1
41 223 0 1
42 223 0 1
59 223 0 1
69 223 0 1
70 223 0 1
75 223 0 1
3 224 0 1
5 224 0 1
7 224 0 1
10 224 0 1
14 224 0 1
16 224 0 1
17 224 0 1
20 224 0 1
24 224 0 1
27 224 0 1
28 224 0 1
29 224 0 1
31 224 0 1
43 224 0 1
59 224 0 1
64 224 0 1
65 224 0 1
68 224 0 1
69 224 0 1
70 224 0 1
75 224 0 1
3 225 0 1
5 225 0 1
7 225 0 1
8 225 0 1
10 225 0 1
13 225 0 1
16 225 0 1
17 225 0 1
20 225 0 1
24 225 0 1
27 225 0 1
28 225 0 1
29 225 0 1
31 225 0 1
40 225 0 1
43 225 0 1
58 225 0 1
64 225 0 1
65 225 0 1
68 225 0 1
69 225 0 1
72 225 0 1
75 225 0 1
6 226 0 1
11 226 0 1
14 226 0 1
18 226 0 1
19 226 0 1
23 226 0 1
25 226 0 1
26 226 0 1
27 226 0 1
30 226 0 1
32 226 0 1
33 226 0 1
35 226 0 1
36 226 0 1
37 226 0 1
41 226 0 1
42 226 0 1
60 226 0 1
70 226 0 1
71 226 0 1
73 226 0 1
76 226 0 1
11 227 0 1
14 227 0 1
18 227 0 1
19 227 0 1
25 227 0 1
26 227 0 1
27 227 0 1
30 227 0 1
31 227 0 1
32 227 0 1
33 227 0 1
35 227 0 1
36 227 0 1
37 227 0 1
41 227 0 1
42 227 0 1
59 227 0 1
69 227 0 1
70 227 0 1
71 227 0 1
73 227 0 1
76 227 0 1
3 228 0 1
7 228 0 1
11 228 0 1
14 228 0 1
16 228 0 1
20 228 0 1
24 228 0 1
26 228 0 1
27 228 0 1
29 228 0 1
31 228 0 1
32 228 0 1
41 228 0 1
42 228 0 1
43 228 0 1
59 228 0 1
65 228 0 1
66 228 0 1
69 228 0 1
70 228 0 1
75 228 0 1
3 229 0 1
5 229 0 1
7 229 0 1
8 229 0 1
10 229 0 1
13 229 0 1
16 229 0 1
17 229 0 1
20 229 0 1
21 229 0 1
24 229 0 1
28 229 0 1
29 229 0 1
31 229 0 1
40 229 0 1
43 229 0 1
57 229 0 1
58 229 0 1
62 229 0 1
64 229 0 1
65 229 0 1
67 229 0 1
68 229 0 1
69 229 0 1
72 229 0 1
75 229 0 1
45 230 0 1
49 230 0 1
50 230 0 1
52 230 0 1
54 230 0 1
56 230 0 1
60 230 0 1
61 230 0 1
63 230 0 1
71 230 0 1
78 230 0 1
79 230 0 1
85 230 0 1
86 230 0 1
87 230 0 1
92 230 0 1
143 230 0 1
150 230 0 1
153 230 0 1
154 230 0 1
160 230 0 1
161 230 0 1
163 230 0 1
164 230 0 1
168 230 0 1
169 230 0 1
45 231 0 1
49 231 0 1
50 231 0 1
52 231 0 1
54 231 0 1
56 231 0 1
60 231 0 1
61 231 0 1
63 231 0 1
71 231 0 1
73 231 0 1
76 231 0 1
78 231 0 1
79 231 0 1
85 231 0 1
86 231 0 1
87 231 0 1
92 231 0 1
105 231 0 1
143 231 0 1
150 231 0 1
153 231 0 1
154 231 0 1
160 231 0 1
161 231 0 1
163 231 0 1
164 231 0 1
168 231 0 1
169 231 0 1
1 232 0 1
51 232 0 1
55 232 0 1
59 232 0 1
66 232 0 1
70 232 0 1
79 232 0 1
80 232 0 1
81 232 0 1
84 232 0 1
87 232 0 1
88 232 0 1
89 232 0 1
105 232 0 1
106 232 0 1
112 232 0 1
144 232 0 1
145 232 0 1
149 232 0 1
150 232 0 1
151 232 0 1
155 232 0 1
157 232 0 1
161 232 0 1
162 232 0 1
45 233 0 1
49 233 0 1
50 233 0 1
54 233 0 1
60 233 0 1
63 233 0 1
71 233 0 1
73 233 0 1
76 233 0 1
78 233 0 1
79 233 0 1
80 233 0 1
81 233 0 1
85 233 0 1
86 233 0 1
87 233 0 1
88 233 0 1
92 233 0 1
105 233 0 1
106 233 0 1
150 233 0 1
151 233 0 1
154 233 0 1
160 233 0 1
161 233 0 1
163 233 0 1
164 233 0 1
168 233 0 1
169 233 0 1
1 234 0 1
29 234 0 1
43 234 0 1
44 234 0 1
46 234 0 1
47 234 0 1
48 234 0 1
51 234 0 1
53 234 0 1
55 234 0 1
57 234 0 1
58 234 0 1
59 234 0 1
62 234 0 1
64 234 0 1
65 234 0 1
66 234 0 1
68 234 0 1
69 234 0 1
72 234 0 1
75 234 0 1
89 234 0 1
90 234 0 1
91 234 0 1
146 234 0 1
147 234 0 1
148 234 0 1
162 234 0 1
165 234 0 1
166 234 0 1
167 234 0 1
171 234 0 1
172 234 0 1
173 234 0 1
1 235 0 1
46 235 0 1
48 235 0 1
51 235 0 1
55 235 0 1
59 235 0 1
65 235 0 1
66 235 0 1
69 235 0 1
70 235 0 1
75 235 0 1
80 235 0 1
81 235 0 1
84 235 0 1
88 235 0 1
89 235 0 1
144 235 0 1
145 235 0 1
149 235 0 1
151 235 0 1
157 235 0 1
162 235 0 1
165 235 0 1
173 235 0 1
30 236 0 1
32 236 0 1
33 236 0 1
45 236 0 1
49 236 0 1
50 236 0 1
54 236 0 1
60 236 0 1
63 236 0 1
71 236 0 1
73 236 0 1
76 236 0 1
78 236 0 1
79 236 0 1
80 236 0 1
81 236 0 1
85 236 0 1
87 236 0 1
88 236 0 1
150 236 0 1
151 236 0 1
160 236 0 1
161 236 0 1
163 236 0 1
164 236 0 1
168 236 0 1
169 236 0 1
30 237 0 1
33 237 0 1
35 237 0 1
45 237 0 1
49 237 0 1
50 237 0 1
52 237 0 1
54 237 0 1
56 237 0 1
60 237 0 1
61 237 0 1
63 237 0 1
71 237 0 1
73 237 0 1
76 237 0 1
78 237 0 1
79 237 0 1
85 237 0 1
86 237 0 1
87 237 0 1
150 237 0 1
160 237 0 1
161 237 0 1
163 237 0 1
164 237 0 1
168 237 0 1
169 237 0 1
30 238 0 1
32 238 0 1
33 238 0 1
35 238 0 1
37 238 0 1
45 238 0 1
49 238 0 1
50 238 0 1
52 238 0 1
54 238 0 1
56 238 0 1
60 238 0 1
63 238 0 1
71 238 0 1
73 238 0 1
76 238 0 1
78 238 0 1
79 238 0 1
80 238 0 1
85 238 0 1
87 238 0 1
160 238 0 1
161 238 0 1
163 238 0 1
164 238 0 1
168 238 0 1
169 238 0 1
1 239 0 1
29 239 0 1
31 239 0 1
32 239 0 1
41 239 0 1
42 239 0 1
46 239 0 1
48 239 0 1
51 239 0 1
55 239 0 1
59 239 0 1
65 239 0 1
66 239 0 1
69 239 0 1
70 239 0 1
75 239 0 1
80 239 0 1
81 239 0 1
84 239 0 1
88 239 0 1
89 239 0 1
144 239 0 1
149 239 0 1
151 239 0 1
162 239 0 1
165 239 0 1
173 239 0 1
1 240 0 1
29 240 0 1
31 240 0 1
32 240 0 1
42 240 0 1
43 240 0 1
46 240 0 1
48 240 0 1
51 240 0 1
53 240 0 1
55 240 0 1
59 240 0 1
64 240 0 1
65 240 0 1
66 240 0 1
69 240 0 1
70 240 0 1
75 240 0 1
80 240 0 1
81 240 0 1
84 240 0 1
88 240 0 1
89 240 0 1
145 240 0 1
149 240 0 1
162 240 0 1
165 240 0 1
171 240 0 1
173 240 0 1
30 241 0 1
32 241 0 1
33 241 0 1
35 241 0 1
45 241 0 1
49 241 0 1
50 241 0 1
54 241 0 1
59 241 0 1
60 241 0 1
63 241 0 1
70 241 0 1
71 241 0 1
73 241 0 1
76 241 0 1
78 241 0 1
79 241 0 1
80 241 0 1
81 241 0 1
85 241 0 1
87 241 0 1
88 241 0 1
150 241 0 1
160 241 0 1
161 241 0 1
163 241 0 1
164 241 0 1
168 241 0 1
169 241 0 1
1 242 0 1
24 242 0 1
28 242 0 1
29 242 0 1
40 242 0 1
43 242 0 1
44 242 0 1
46 242 0 1
47 242 0 1
48 242 0 1
51 242 0 1
53 242 0 1
55 242 0 1
57 242 0 1
58 242 0 1
59 242 0 1
62 242 0 1
64 242 0 1
65 242 0 1
66 242 0 1
67 242 0 1
68 242 0 1
69 242 0 1
72 242 0 1
74 242 0 1
75 242 0 1
162 242 0 1
165 242 0 1
166 242 0 1
167 242 0 1
171 242 0 1
172 242 0 1
173 242 0 1
1 243 0 1
28 243 0 1
29 243 0 1
31 243 0 1
43 243 0 1
46 243 0 1
48 243 0 1
51 243 0 1
53 243 0 1
55 243 0 1
57 243 0 1
58 243 0 1
59 243 0 1
62 243 0 1
64 243 0 1
65 243 0 1
66 243 0 1
68 243 0 1
69 243 0 1
70 243 0 1
72 243 0 1
75 243 0 1
162 243 0 1
165 243 0 1
166 243 0 1
171 243 0 1
173 243 0 1
1 244 0 1
29 244 0 1
31 244 0 1
43 244 0 1
46 244 0 1
48 244 0 1
51 244 0 1
53 244 0 1
55 244 0 1
58 244 0 1
59 244 0 1
62 244 0 1
64 244 0 1
65 244 0 1
66 244 0 1
68 244 0 1
69 244 0 1
70 244 0 1
75 244 0 1
84 244 0 1
89 244 0 1
162 244 0 1
165 244 0 1
166 244 0 1
171 244 0 1
173 244 0 1
18 245 0 1
22 245 0 1
23 245 0 1
25 245 0 1
30 245 0 1
33 245 0 1
34 245 0 1
35 245 0 1
36 245 0 1
37 245 0 1
39 245 0 1
45 245 0 1
49 245 0 1
50 245 0 1
52 245 0 1
54 245 0 1
56 245 0 1
60 245 0 1
61 245 0 1
63 245 0 1
71 245 0 1
73 245 0 1
76 245 0 1
78 245 0 1
79 245 0 1
85 245 0 1
160 245 0 1
161 245 0 1
163 245 0 1
164 245 0 1
168 245 0 1
169 245 0 1
19 246 0 1
25 246 0 1
30 246 0 1
32 246 0 1
33 246 0 1
35 246 0 1
36 246 0 1
37 246 0 1
41 246 0 1
42 246 0 1
45 246 0 1
49 246 0 1
50 246 0 1
52 246 0 1
54 246 0 1
56 246 0 1
59 246 0 1
60 246 0 1
63 246 0 1
70 246 0 1
71 246 0 1
73 246 0 1
76 246 0 1
78 246 0 1
79 246 0 1
80 246 0 1
85 246 0 1
87 246 0 1
160 246 0 1
161 246 0 1
163 246 0 1
164 246 0 1
168 246 0 1
169 246 0 1
12 247 0 1
13 247 0 1
28 247 0 1
38 247 0 1
40 247 0 1
44 247 0 1
47 247 0 1
53 247 0 1
57 247 0 1
58 247 0 1
62 247 0 1
67 247 0 1
68 247 0 1
72 247 0 1
74 247 0 1
82 247 0 1
83 247 0 1
159 247 0 1
166 247 0 1
167 247 0 1
170 247 0 1
172 247 0 1
13 248 0 1
24 248 0 1
28 248 0 1
29 248 0 1
40 248 0 1
43 248 0 1
44 248 0 1
46 248 0 1
47 248 0 1
48 248 0 1
53 248 0 1
55 248 0 1
57 248 0 1
58 248 0 1
62 248 0 1
64 248 0 1
65 248 0 1
67 248 0 1
68 248 0 1
72 248 0 1
74 248 0 1
75 248 0 1
159 248 0 1
165 248 0 1
166 248 0 1
167 248 0 1
171 248 0 1
172 248 0 1
173 248 0 1
1 249 0 1
16 249 0 1
20 249 0 1
24 249 0 1
28 249 0 1
29 249 0 1
31 249 0 1
40 249 0 1
43 249 0 1
44 249 0 1
46 249 0 1
48 249 0 1
51 249 0 1
53 249 0 1
55 249 0 1
57 249 0 1
58 249 0 1
59 249 0 1
62 249 0 1
64 249 0 1
65 249 0 1
66 249 0 1
67 249 0 1
68 249 0 1
69 249 0 1
72 249 0 1
74 249 0 1
75 249 0 1
162 249 0 1
165 249 0 1
166 249 0 1
167 249 0 1
171 249 0 1
173 249 0 1
1 250 0 1
14 250 0 1
19 250 0 1
26 250 0 1
27 250 0 1
29 250 0 1
30 250 0 1
31 250 0 1
32 250 0 1
33 250 0 1
37 250 0 1
41 250 0 1
42 250 0 1
46 250 0 1
49 250 0 1
51 250 0 1
55 250 0 1
59 250 0 1
60 250 0 1
63 250 0 1
65 250 0 1
66 250 0 1
69 250 0 1
70 250 0 1
71 250 0 1
73 250 0 1
75 250 0 1
76 250 0 1
79 250 0 1
80 250 0 1
81 250 0 1
84 250 0 1
88 250 0 1
160 250 0 1
161 250 0 1
162 250 0 1
164 250 0 1
1 251 0 1
14 251 0 1
29 251 0 1
30 251 0 1
31 251 0 1
32 251 0 1
41 251 0 1
42 251 0 1
46 251 0 1
48 251 0 1
51 251 0 1
55 251 0 1
59 251 0 1
65 251 0 1
66 251 0 1
69 251 0 1
70 251 0 1
75 251 0 1
76 251 0 1
80 251 0 1
81 251 0 1
84 251 0 1
88 251 0 1
162 251 0 1
30 252 0 1
33 252 0 1
34 252 0 1
35 252 0 1
36 252 0 1
37 252 0 1
39 252 0 1
45 252 0 1
49 252 0 1
50 252 0 1
52 252 0 1
54 252 0 1
56 252 0 1
60 252 0 1
61 252 0 1
63 252 0 1
71 252 0 1
73 252 0 1
76 252 0 1
78 252 0 1
79 252 0 1
85 252 0 1
86 252 0 1
160 252 0 1
161 252 0 1
163 252 0 1
164 252 0 1
168 252 0 1
169 252 0 1
13 253 0 1
28 253 0 1
38 253 0 1
40 253 0 1
43 253 0 1
44 253 0 1
47 253 0 1
53 253 0 1
57 253 0 1
58 253 0 1
62 253 0 1
64 253 0 1
67 253 0 1
68 253 0 1
72 253 0 1
74 253 0 1
82 253 0 1
83 253 0 1
90 253 0 1
159 253 0 1
166 253 0 1
167 253 0 1
170 253 0 1
171 253 0 1
172 253 0 1
30 254 0 1
33 254 0 1
35 254 0 1
36 254 0 1
37 254 0 1
45 254 0 1
49 254 0 1
50 254 0 1
52 254 0 1
54 254 0 1
56 254 0 1
60 254 0 1
61 254 0 1
63 254 0 1
71 254 0 1
73 254 0 1
76 254 0 1
78 254 0 1
79 254 0 1
85 254 0 1
86 254 0 1
87 254 0 1
160 254 0 1
161 254 0 1
163 254 0 1
164 254 0 1
168 254 0 1
169 254 0 1
30 255 0 1
32 255 0 1
33 255 0 1
35 255 0 1
37 255 0 1
41 255 0 1
42 255 0 1
45 255 0 1
49 255 0 1
50 255 0 1
59 255 0 1
60 255 0 1
63 255 0 1
70 255 0 1
71 255 0 1
73 255 0 1
76 255 0 1
78 255 0 1
79 255 0 1
80 255 0 1
81 255 0 1
87 255 0 1
160 255 0 1
161 255 0 1
164 255 0 1
1 256 0 1
14 256 0 1
29 256 0 1
31 256 0 1
32 256 0 1
41 256 0 1
42 256 0 1
46 256 0 1
48 256 0 1
51 256 0 1
55 256 0 1
59 256 0 1
65 256 0 1
66 256 0 1
69 256 0 1
70 256 0 1
75 256 0 1
80 256 0 1
81 256 0 1
84 256 0 1
88 256 0 1
89 256 0 1
162 256 0 1
165 256 0 1
47 257 0 1
77 257 0 1
82 257 0 1
83 257 0 1
90 257 0 1
91 257 0 1
93 257 0 1
94 257 0 1
99 257 0 1
100 257 0 1
101 257 0 1
102 257 0 1
103 257 0 1
104 257 0 1
107 257 0 1
109 257 0 1
115 257 0 1
137 257 0 1
138 257 0 1
140 257 0 1
146 257 0 1
147 257 0 1
148 257 0 1
152 257 0 1
156 257 0 1
158 257 0 1
159 257 0 1
166 257 0 1
167 257 0 1
170 257 0 1
171 257 0 1
172 257 0 1
49 258 0 1
50 258 0 1
78 258 0 1
79 258 0 1
80 258 0 1
81 258 0 1
85 258 0 1
86 258 0 1
87 258 0 1
88 258 0 1
92 258 0 1
96 258 0 1
98 258 0 1
105 258 0 1
106 258 0 1
113 258 0 1
141 258 0 1
150 258 0 1
151 258 0 1
154 258 0 1
160 258 0 1
161 258 0 1
163 258 0 1
164 258 0 1
168 258 0 1
169 258 0 1
78 259 0 1
79 259 0 1
85 259 0 1
86 259 0 1
87 259 0 1
92 259 0 1
95 259 0 1
98 259 0 1
105 259 0 1
106 259 0 1
113 259 0 1
119 259 0 1
120 259 0 1
129 259 0 1
130 259 0 1
141 259 0 1
142 259 0 1
143 259 0 1
150 259 0 1
153 259 0 1
154 259 0 1
160 259 0 1
168 259 0 1
169 259 0 1
1 260 0 1
89 260 0 1
91 260 0 1
94 260 0 1
97 260 0 1
99 260 0 1
100 260 0 1
101 260 0 1
102 260 0 1
104 260 0 1
107 260 0 1
108 260 0 1
109 260 0 1
110 260 0 1
111 260 0 1
112 260 0 1
114 260 0 1
116 260 0 1
117 260 0 1
122 260 0 1
131 260 0 1
132 260 0 1
133 260 0 1
136 260 0 1
139 260 0 1
144 260 0 1
145 260 0 1
146 260 0 1
147 260 0 1
148 260 0 1
149 260 0 1
155 260 0 1
157 260 0 1
158 260 0 1
162 260 0 1
171 260 0 1
173 260 0 1
78 261 0 1
79 261 0 1
80 261 0 1
81 261 0 1
85 261 0 1
87 261 0 1
88 261 0 1
92 261 0 1
96 261 0 1
97 261 0 1
98 261 0 1
105 261 0 1
106 261 0 1
112 261 0 1
113 261 0 1
114 261 0 1
116 261 0 1
118 261 0 1
129 261 0 1
130 261 0 1
134 261 0 1
135 261 0 1
141 261 0 1
142 261 0 1
144 261 0 1
150 261 0 1
151 261 0 1
49 262 0 1
50 262 0 1
54 262 0 1
78 262 0 1
79 262 0 1
85 262 0 1
86 262 0 1
87 262 0 1
92 262 0 1
95 262 0 1
98 262 0 1
105 262 0 1
106 262 0 1
113 262 0 1
141 262 0 1
143 262 0 1
150 262 0 1
153 262 0 1
154 262 0 1
160 262 0 1
161 262 0 1
163 262 0 1
164 262 0 1
168 262 0 1
169 262 0 1
1 263 0 1
78 263 0 1
79 263 0 1
80 263 0 1
81 263 0 1
84 263 0 1
85 263 0 1
87 263 0 1
88 263 0 1
89 263 0 1
92 263 0 1
96 263 0 1
97 263 0 1
98 263 0 1
105 263 0 1
106 263 0 1
112 263 0 1
113 263 0 1
114 263 0 1
141 263 0 1
142 263 0 1
144 263 0 1
149 263 0 1
150 263 0 1
151 263 0 1
157 263 0 1
160 263 0 1
161 263 0 1
164 263 0 1
169 263 0 1
50 264 0 1
78 264 0 1
79 264 0 1
85 264 0 1
86 264 0 1
87 264 0 1
92 264 0 1
95 264 0 1
105 264 0 1
141 264 0 1
143 264 0 1
150 264 0 1
153 264 0 1
154 264 0 1
160 264 0 1
161 264 0 1
163 264 0 1
164 264 0 1
168 264 0 1
169 264 0 1
78 265 0 1
79 265 0 1
80 265 0 1
81 265 0 1
85 265 0 1
86 265 0 1
87 265 0 1
88 265 0 1
92 265 0 1
96 265 0 1
98 265 0 1
105 265 0 1
106 265 0 1
112 265 0 1
113 265 0 1
141 265 0 1
142 265 0 1
144 265 0 1
150 265 0 1
151 265 0 1
154 265 0 1
160 265 0 1
161 265 0 1
164 265 0 1
168 265 0 1
169 265 0 1
78 266 0 1
79 266 0 1
80 266 0 1
85 266 0 1
86 266 0 1
87 266 0 1
88 266 0 1
92 266 0 1
98 266 0 1
105 266 0 1
106 266 0 1
113 266 0 1
141 266 0 1
143 266 0 1
150 266 0 1
151 266 0 1
153 266 0 1
154 266 0 1
160 266 0 1
161 266 0 1
163 266 0 1
164 266 0 1
168 266 0 1
169 266 0 1
1 267 0 1
53 267 0 1
77 267 0 1
82 267 0 1
83 267 0 1
90 267 0 1
91 267 0 1
93 267 0 1
94 267 0 1
99 267 0 1
100 267 0 1
101 267 0 1
102 267 0 1
103 267 0 1
104 267 0 1
107 267 0 1
108 267 0 1
109 267 0 1
110 267 0 1
133 267 0 1
137 267 0 1
138 267 0 1
139 267 0 1
140 267 0 1
146 267 0 1
147 267 0 1
148 267 0 1
152 267 0 1
155 267 0 1
156 267 0 1
158 267 0 1
165 267 0 1
166 267 0 1
167 267 0 1
171 267 0 1
172 267 0 1
173 267 0 1
78 268 0 1
79 268 0 1
80 268 0 1
85 268 0 1
86 268 0 1
87 268 0 1
92 268 0 1
98 268 0 1
105 268 0 1
106 268 0 1
113 268 0 1
141 268 0 1
143 268 0 1
150 268 0 1
153 268 0 1
154 268 0 1
160 268 0 1
161 268 0 1
163 268 0 1
164 268 0 1
168 268 0 1
169 268 0 1
78 269 0 1
79 269 0 1
80 269 0 1
81 269 0 1
84 269 0 1
85 269 0 1
87 269 0 1
88 269 0 1
92 269 0 1
96 269 0 1
97 269 0 1
98 269 0 1
105 269 0 1
106 269 0 1
112 269 0 1
113 269 0 1
130 269 0 1
141 269 0 1
142 269 0 1
144 269 0 1
150 269 0 1
151 269 0 1
154 269 0 1
160 269 0 1
161 269 0 1
164 269 0 1
169 269 0 1
1 270 0 1
79 270 0 1
80 270 0 1
81 270 0 1
84 270 0 1
87 270 0 1
88 270 0 1
89 270 0 1
96 270 0 1
97 270 0 1
98 270 0 1
105 270 0 1
106 270 0 1
110 270 0 1
111 270 0 1
112 270 0 1
113 270 0 1
114 270 0 1
116 270 0 1
118 270 0 1
130 270 0 1
134 270 0 1
142 270 0 1
144 270 0 1
145 270 0 1
149 270 0 1
150 270 0 1
151 270 0 1
155 270 0 1
157 270 0 1
162 270 0 1
78 271 0 1
79 271 0 1
85 271 0 1
86 271 0 1
87 271 0 1
92 271 0 1
95 271 0 1
98 271 0 1
105 271 0 1
106 271 0 1
113 271 0 1
129 271 0 1
141 271 0 1
143 271 0 1
150 271 0 1
153 271 0 1
154 271 0 1
160 271 0 1
161 271 0 1
163 271 0 1
164 271 0 1
168 271 0 1
169 271 0 1
86 272 0 1
92 272 0 1
95 272 0 1
119 272 0 1
120 272 0 1
141 272 0 1
143 272 0 1
153 272 0 1
154 272 0 1
87 273 0 1
92 273 0 1
96 273 0 1
98 273 0 1
105 273 0 1
106 273 0 1
113 273 0 1
118 273 0 1
119 273 0 1
120 273 0 1
129 273 0 1
130 273 0 1
134 273 0 1
135 273 0 1
141 273 0 1
142 273 0 1
150 273 0 1
78 274 0 1
85 274 0 1
86 274 0 1
87 274 0 1
92 274 0 1
95 274 0 1
105 274 0 1
113 274 0 1
119 274 0 1
120 274 0 1
129 274 0 1
130 274 0 1
141 274 0 1
143 274 0 1
150 274 0 1
153 274 0 1
154 274 0 1
168 274 0 1
169 274 0 1
1 275 0 1
89 275 0 1
91 275 0 1
96 275 0 1
97 275 0 1
99 275 0 1
100 275 0 1
101 275 0 1
102 275 0 1
104 275 0 1
108 275 0 1
109 275 0 1
110 275 0 1
111 275 0 1
112 275 0 1
114 275 0 1
116 275 0 1
117 275 0 1
122 275 0 1
123 275 0 1
125 275 0 1
126 275 0 1
131 275 0 1
132 275 0 1
133 275 0 1
134 275 0 1
136 275 0 1
139 275 0 1
144 275 0 1
145 275 0 1
147 275 0 1
148 275 0 1
149 275 0 1
155 275 0 1
157 275 0 1
158 275 0 1
171 275 0 1
173 275 0 1
78 276 0 1
79 276 0 1
80 276 0 1
85 276 0 1
86 276 0 1
87 276 0 1
88 276 0 1
92 276 0 1
96 276 0 1
97 276 0 1
98 276 0 1
105 276 0 1
106 276 0 1
112 276 0 1
113 276 0 1
114 276 0 1
116 276 0 1
118 276 0 1
119 276 0 1
120 276 0 1
129 276 0 1
130 276 0 1
134 276 0 1
135 276 0 1
141 276 0 1
142 276 0 1
144 276 0 1
150 276 0 1
151 276 0 1
153 276 0 1
154 276 0 1
85 277 0 1
86 277 0 1
92 277 0 1
95 277 0 1
119 277 0 1
120 277 0 1
141 277 0 1
143 277 0 1
153 277 0 1
154 277 0 1
168 277 0 1
1 278 0 1
80 278 0 1
81 278 0 1
84 278 0 1
88 278 0 1
89 278 0 1
96 278 0 1
97 278 0 1
98 278 0 1
105 278 0 1
106 278 0 1
110 278 0 1
111 278 0 1
112 278 0 1
113 278 0 1
114 278 0 1
116 278 0 1
117 278 0 1
118 278 0 1
123 278 0 1
125 278 0 1
126 278 0 1
130 278 0 1
131 278 0 1
132 278 0 1
134 278 0 1
135 278 0 1
136 278 0 1
142 278 0 1
144 278 0 1
145 278 0 1
149 278 0 1
151 278 0 1
155 278 0 1
157 278 0 1
77 279 0 1
90 279 0 1
93 279 0 1
94 279 0 1
99 279 0 1
100 279 0 1
101 279 0 1
102 279 0 1
103 279 0 1
104 279 0 1
107 279 0 1
108 279 0 1
109 279 0 1
115 279 0 1
121 279 0 1
127 279 0 1
133 279 0 1
137 279 0 1
138 279 0 1
139 279 0 1
140 279 0 1
146 279 0 1
147 279 0 1
148 279 0 1
152 279 0 1
156 279 0 1
158 279 0 1
85 280 0 1
86 280 0 1
87 280 0 1
92 280 0 1
95 280 0 1
98 280 0 1
105 280 0 1
106 280 0 1
113 280 0 1
119 280 0 1
120 280 0 1
129 280 0 1
130 280 0 1
135 280 0 1
141 280 0 1
142 280 0 1
143 280 0 1
150 280 0 1
153 280 0 1
154 280 0 1
93 281 0 1
94 281 0 1
99 281 0 1
100 281 0 1
101 281 0 1
102 281 0 1
103 281 0 1
104 281 0 1
107 281 0 1
108 281 0 1
109 281 0 1
110 281 0 1
115 281 0 1
117 281 0 1
121 281 0 1
122 281 0 1
126 281 0 1
127 281 0 1
131 281 0 1
132 281 0 1
133 281 0 1
136 281 0 1
137 281 0 1
138 281 0 1
139 281 0 1
140 281 0 1
146 281 0 1
147 281 0 1
148 281 0 1
155 281 0 1
156 281 0 1
158 281 0 1
94 282 0 1
99 282 0 1
100 282 0 1
101 282 0 1
102 282 0 1
104 282 0 1
107 282 0 1
108 282 0 1
109 282 0 1
110 282 0 1
111 282 0 1
114 282 0 1
117 282 0 1
121 282 0 1
122 282 0 1
126 282 0 1
127 282 0 1
128 282 0 1
131 282 0 1
132 282 0 1
133 282 0 1
136 282 0 1
137 282 0 1
138 282 0 1
139 282 0 1
146 282 0 1
147 282 0 1
148 282 0 1
155 282 0 1
158 282 0 1
92 283 0 1
96 283 0 1
97 283 0 1
98 283 0 1
105 283 0 1
106 283 0 1
112 283 0 1
113 283 0 1
114 283 0 1
116 283 0 1
118 283 0 1
119 283 0 1
120 283 0 1
123 283 0 1
129 283 0 1
130 283 0 1
134 283 0 1
135 283 0 1
141 283 0 1
142 283 0 1
150 283 0 1
92 284 0 1
95 284 0 1
96 284 0 1
98 284 0 1
105 284 0 1
106 284 0 1
113 284 0 1
118 284 0 1
119 284 0 1
120 284 0 1
129 284 0 1
130 284 0 1
135 284 0 1
141 284 0 1
142 284 0 1
150 284 0 1
96 285 0 1
97 285 0 1
98 285 0 1
105 285 0 1
106 285 0 1
111 285 0 1
112 285 0 1
113 285 0 1
114 285 0 1
116 285 0 1
118 285 0 1
123 285 0 1
125 285 0 1
129 285 0 1
130 285 0 1
131 285 0 1
134 285 0 1
135 285 0 1
141 285 0 1
142 285 0 1
144 285 0 1
151 285 0 1
157 285 0 1
85 286 0 1
86 286 0 1
92 286 0 1
95 286 0 1
105 286 0 1
119 286 0 1
120 286 0 1
129 286 0 1
130 286 0 1
141 286 0 1
143 286 0 1
150 286 0 1
153 286 0 1
154 286 0 1
168 286 0 1
1 287 0 1
89 287 0 1
96 287 0 1
97 287 0 1
99 287 0 1
102 287 0 1
104 287 0 1
108 287 0 1
110 287 0 1
111 287 0 1
112 287 0 1
114 287 0 1
116 287 0 1
117 287 0 1
118 287 0 1
122 287 0 1
123 287 0 1
125 287 0 1
126 287 0 1
128 287 0 1
131 287 0 1
132 287 0 1
133 287 0 1
134 287 0 1
136 287 0 1
139 287 0 1
144 287 0 1
145 287 0 1
147 287 0 1
148 287 0 1
149 287 0 1
155 287 0 1
157 287 0 1
158 287 0 1
173 287 0 1
99 288 0 1
100 288 0 1
101 288 0 1
102 288 0 1
103 288 0 1
107 288 0 1
109 288 0 1
115 288 0 1
121 288 0 1
124 288 0 1
127 288 0 1
133 288 0 1
137 288 0 1
138 288 0 1
140 288 0 1
92 289 0 1
95 289 0 1
119 289 0 1
120 289 0 1
129 289 0 1
130 289 0 1
141 289 0 1
95 290 0 1
98 290 0 1
105 290 0 1
113 290 0 1
118 290 0 1
119 290 0 1
120 290 0 1
129 290 0 1
130 290 0 1
135 290 0 1
141 290 0 1
142 290 0 1
96 291 0 1
98 291 0 1
105 291 0 1
106 291 0 1
113 291 0 1
116 291 0 1
118 291 0 1
119 291 0 1
120 291 0 1
123 291 0 1
129 291 0 1
130 291 0 1
134 291 0 1
135 291 0 1
141 291 0 1
142 291 0 1
94 292 0 1
99 292 0 1
100 292 0 1
101 292 0 1
102 292 0 1
103 292 0 1
104 292 0 1
107 292 0 1
108 292 0 1
109 292 0 1
115 292 0 1
121 292 0 1
122 292 0 1
124 292 0 1
127 292 0 1
132 292 0 1
133 292 0 1
137 292 0 1
138 292 0 1
139 292 0 1
140 292 0 1
99 293 0 1
100 293 0 1
101 293 0 1
102 293 0 1
104 293 0 1
108 293 0 1
109 293 0 1
110 293 0 1
114 293 0 1
116 293 0 1
117 293 0 1
121 293 0 1
122 293 0 1
123 293 0 1
125 293 0 1
126 293 0 1
127 293 0 1
128 293 0 1
131 293 0 1
132 293 0 1
133 293 0 1
136 293 0 1
139 293 0 1
95 294 0 1
119 294 0 1
120 294 0 1
129 294 0 1
141 294 0 1
96 295 0 1
97 295 0 1
108 295 0 1
110 295 0 1
111 295 0 1
114 295 0 1
116 295 0 1
117 295 0 1
118 295 0 1
122 295 0 1
123 295 0 1
125 295 0 1
126 295 0 1
128 295 0 1
131 295 0 1
132 295 0 1
134 295 0 1
135 295 0 1
136 295 0 1
139 295 0 1
101 296 0 1
115 296 0 1
121 296 0 1
124 296 0 1
127 296 0 1
133 296 0 1
137 296 0 1
138 296 0 1
140 296 0 1
95 297 0 1
119 297 0 1
120 297 0 1
95 298 0 1
119 298 0 1
120 298 0 1
129 298 0 1
141 298 0 1
116 299 0 1
118 299 0 1
123 299 0 1
125 299 0 1
126 299 0 1
128 299 0 1
129 299 0 1
130 299 0 1
131 299 0 1
134 299 0 1
135 299 0 1
136 299 0 1
142 299 0 1
117 300 0 1
121 300 0 1
122 300 0 1
123 300 0 1
125 300 0 1
126 300 0 1
127 300 0 1
128 300 0 1
131 300 0 1
132 300 0 1
133 300 0 1
136 300 0 1
139 300 0 1
95 301 0 1
119 301 0 1
120 301 0 1
129 301 0 1
141 301 0 1
93 302 0 1
99 302 0 1
100 302 0 1
101 302 0 1
102 302 0 1
103 302 0 1
104 302 0 1
107 302 0 1
109 302 0 1
115 302 0 1
121 302 0 1
124 302 0 1
127 302 0 1
133 302 0 1
137 302 0 1
138 302 0 1
139 302 0 1
140 302 0 1
99 303 0 1
100 303 0 1
101 303 0 1
102 303 0 1
103 303 0 1
104 303 0 1
107 303 0 1
108 303 0 1
109 303 0 1
115 303 0 1
117 303 0 1
121 303 0 1
122 303 0 1
124 303 0 1
126 303 0 1
127 303 0 1
128 303 0 1
131 303 0 1
132 303 0 1
133 303 0 1
136 303 0 1
137 303 0 1
138 303 0 1
139 303 0 1
140 303 0 1
96 304 0 1
98 304 0 1
113 304 0 1
116 304 0 1
118 304 0 1
120 304 0 1
123 304 0 1
125 304 0 1
129 304 0 1
130 304 0 1
134 304 0 1
135 304 0 1
141 304 0 1
142 304 0 1
96 305 0 1
97 305 0 1
98 305 0 1
113 305 0 1
114 305 0 1
116 305 0 1
118 305 0 1
123 305 0 1
125 305 0 1
126 305 0 1
128 305 0 1
129 305 0 1
130 305 0 1
131 305 0 1
134 305 0 1
135 305 0 1
141 305 0 1
142 305 0 1
99 306 0 1
100 306 0 1
101 306 0 1
102 306 0 1
108 306 0 1
117 306 0 1
121 306 0 1
122 306 0 1
123 306 0 1
125 306 0 1
126 306 0 1
127 306 0 1
128 306 0 1
131 306 0 1
132 306 0 1
133 306 0 1
136 306 0 1
139 306 0 1
99 307 0 1
100 307 0 1
101 307 0 1
102 307 0 1
107 307 0 1
108 307 0 1
109 307 0 1
115 307 0 1
117 307 0 1
121 307 0 1
122 307 0 1
123 307 0 1
124 307 0 1
125 307 0 1
126 307 0 1
127 307 0 1
128 307 0 1
131 307 0 1
132 307 0 1
133 307 0 1
136 307 0 1
137 307 0 1
139 307 0 1
99 308 0 1
100 308 0 1
101 308 0 1
102 308 0 1
103 308 0 1
107 308 0 1
115 308 0 1
121 308 0 1
124 308 0 1
127 308 0 1
133 308 0 1
137 308 0 1
138 308 0 1
139 308 0 1
140 308 0 1
95 309 0 1
119 309 0 1
120 309 0 1
129 309 0 1
130 309 0 1
141 309 0 1
96 310 0 1
98 310 0 1
113 310 0 1
116 310 0 1
118 310 0 1
120 310 0 1
123 310 0 1
125 310 0 1
129 310 0 1
130 310 0 1
134 310 0 1
135 310 0 1
141 310 0 1
142 310 0 1
101 311 0 1
102 311 0 1
103 311 0 1
107 311 0 1
115 311 0 1
121 311 0 1
124 311 0 1
127 311 0 1
133 311 0 1
137 311 0 1
138 311 0 1
140 311 0 1
95 312 0 1
119 312 0 1
120 312 0 1
129 312 0 1
141 312 0 1
96 313 0 1
97 313 0 1
98 313 0 1
114 313 0 1
116 313 0 1
117 313 0 1
118 313 0 1
123 313 0 1
125 313 0 1
126 313 0 1
128 313 0 1
129 313 0 1
130 313 0 1
131 313 0 1
134 313 0 1
135 313 0 1
136 313 0 1
142 313 0 1
96 314 0 1
98 314 0 1
113 314 0 1
116 314 0 1
118 314 0 1
123 314 0 1
125 314 0 1
129 314 0 1
130 314 0 1
131 314 0 1
134 314 0 1
135 314 0 1
141 314 0 1
142 314 0 1
99 315 0 1
101 315 0 1
102 315 0 1
115 315 0 1
117 315 0 1
121 315 0 1
122 315 0 1
124 315 0 1
125 315 0 1
126 315 0 1
127 315 0 1
128 315 0 1
131 315 0 1
132 315 0 1
133 315 0 1
136 315 0 1
137 315 0 1
139 315 0 1
98 316 0 1
116 316 0 1
118 316 0 1
123 316 0 1
125 316 0 1
126 316 0 1
128 316 0 1
129 316 0 1
130 316 0 1
131 316 0 1
134 316 0 1
135 316 0 1
141 316 0 1
142 316 0 1
98 317 0 1
116 317 0 1
118 317 0 1
120 317 0 1
123 317 0 1
125 317 0 1
129 317 0 1
130 317 0 1
134 317 0 1
135 317 0 1
141 317 0 1
142 317 0 1
93 318 0 1
94 318 0 1
99 318 0 1
100 318 0 1
101 318 0 1
102 318 0 1
103 318 0 1
104 318 0 1
107 318 0 1
108 318 0 1
109 318 0 1
115 318 0 1
121 318 0 1
124 318 0 1
127 318 0 1
133 318 0 1
137 318 0 1
138 318 0 1
139 318 0 1
140 318 0 1
146 318 0 1
147 318 0 1
152 318 0 1
156 318 0 1
158 318 0 1
92 319 0 1
95 319 0 1
119 319 0 1
120 319 0 1
129 319 0 1
130 319 0 1
141 319 0 1
153 319 0 1
154 319 0 1
86 320 0 1
92 320 0 1
95 320 0 1
119 320 0 1
120 320 0 1
129 320 0 1
141 320 0 1
143 320 0 1
153 320 0 1
154 320 0 1
96 321 0 1
97 321 0 1
98 321 0 1
108 321 0 1
110 321 0 1
111 321 0 1
112 321 0 1
114 321 0 1
116 321 0 1
117 321 0 1
118 321 0 1
122 321 0 1
123 321 0 1
125 321 0 1
126 321 0 1
128 321 0 1
131 321 0 1
132 321 0 1
134 321 0 1
135 321 0 1
136 321 0 1
139 321 0 1
142 321 0 1
144 321 0 1
145 321 0 1
149 321 0 1
155 321 0 1
157 321 0 1
94 322 0 1
99 322 0 1
100 322 0 1
101 322 0 1
102 322 0 1
104 322 0 1
107 322 0 1
108 322 0 1
109 322 0 1
110 322 0 1
111 322 0 1
114 322 0 1
115 322 0 1
117 322 0 1
121 322 0 1
122 322 0 1
125 322 0 1
126 322 0 1
127 322 0 1
128 322 0 1
131 322 0 1
132 322 0 1
133 322 0 1
136 322 0 1
137 322 0 1
139 322 0 1
147 322 0 1
158 322 0 1
93 323 0 1
94 323 0 1
99 323 0 1
100 323 0 1
101 323 0 1
102 323 0 1
103 323 0 1
104 323 0 1
107 323 0 1
108 323 0 1
109 323 0 1
110 323 0 1
115 323 0 1
117 323 0 1
121 323 0 1
122 323 0 1
124 323 0 1
126 323 0 1
127 323 0 1
131 323 0 1
132 323 0 1
133 323 0 1
136 323 0 1
137 323 0 1
138 323 0 1
139 323 0 1
140 323 0 1
147 323 0 1
156 323 0 1
158 323 0 1
96 324 0 1
97 324 0 1
98 324 0 1
105 324 0 1
106 324 0 1
110 324 0 1
111 324 0 1
112 324 0 1
113 324 0 1
114 324 0 1
116 324 0 1
117 324 0 1
118 324 0 1
122 324 0 1
123 324 0 1
125 324 0 1
126 324 0 1
128 324 0 1
130 324 0 1
131 324 0 1
132 324 0 1
134 324 0 1
135 324 0 1
136 324 0 1
142 324 0 1
144 324 0 1
145 324 0 1
155 324 0 1
157 324 0 1
96 325 0 1
97 325 0 1
98 325 0 1
105 325 0 1
106 325 0 1
111 325 0 1
112 325 0 1
113 325 0 1
114 325 0 1
116 325 0 1
118 325 0 1
120 325 0 1
123 325 0 1
125 325 0 1
129 325 0 1
130 325 0 1
131 325 0 1
134 325 0 1
135 325 0 1
141 325 0 1
142 325 0 1
92 326 0 1
95 326 0 1
119 326 0 1
120 326 0 1
129 326 0 1
130 326 0 1
135 326 0 1
141 326 0 1
96 327 0 1
98 327 0 1
105 327 0 1
106 327 0 1
113 327 0 1
116 327 0 1
118 327 0 1
119 327 0 1
120 327 0 1
129 327 0 1
130 327 0 1
134 327 0 1
135 327 0 1
141 327 0 1
142 327 0 1
98 328 0 1
105 328 0 1
106 328 0 1
113 328 0 1
118 328 0 1
119 328 0 1
120 328 0 1
129 328 0 1
130 328 0 1
134 328 0 1
135 328 0 1
141 328 0 1
142 328 0 1
45 329 0 1
49 329 0 1
50 329 0 1
52 329 0 1
54 329 0 1
60 329 0 1
63 329 0 1
71 329 0 1
78 329 0 1
79 329 0 1
80 329 0 1
85 329 0 1
86 329 0 1
87 329 0 1
92 329 0 1
105 329 0 1
106 329 0 1
143 329 0 1
150 329 0 1
153 329 0 1
154 329 0 1
160 329 0 1
161 329 0 1
163 329 0 1
164 329 0 1
168 329 0 1
169 329 0 1
44 330 0 1
47 330 0 1
53 330 0 1
62 330 0 1
77 330 0 1
82 330 0 1
83 330 0 1
90 330 0 1
91 330 0 1
93 330 0 1
94 330 0 1
103 330 0 1
107 330 0 1
109 330 0 1
146 330 0 1
147 330 0 1
152 330 0 1
156 330 0 1
159 330 0 1
166 330 0 1
167 330 0 1
170 330 0 1
171 330 0 1
172 330 0 1
1 331 0 1
44 331 0 1
47 331 0 1
48 331 0 1
53 331 0 1
58 331 0 1
62 331 0 1
77 331 0 1
82 331 0 1
83 331 0 1
90 331 0 1
91 331 0 1
93 331 0 1
94 331 0 1
99 331 0 1
100 331 0 1
101 331 0 1
102 331 0 1
103 331 0 1
104 331 0 1
107 331 0 1
108 331 0 1
109 331 0 1
146 331 0 1
147 331 0 1
148 331 0 1
152 331 0 1
156 331 0 1
158 331 0 1
159 331 0 1
165 331 0 1
166 331 0 1
167 331 0 1
170 331 0 1
171 331 0 1
172 331 0 1
173 331 0 1
44 332 0 1
47 332 0 1
53 332 0 1
62 332 0 1
77 332 0 1
82 332 0 1
83 332 0 1
90 332 0 1
91 332 0 1
93 332 0 1
94 332 0 1
100 332 0 1
101 332 0 1
103 332 0 1
104 332 0 1
107 332 0 1
109 332 0 1
138 332 0 1
146 332 0 1
147 332 0 1
148 332 0 1
152 332 0 1
156 332 0 1
158 332 0 1
159 332 0 1
166 332 0 1
167 332 0 1
170 332 0 1
171 332 0 1
172 332 0 1
49 333 0 1
78 333 0 1
79 333 0 1
80 333 0 1
81 333 0 1
84 333 0 1
85 333 0 1
87 333 0 1
88 333 0 1
89 333 0 1
92 333 0 1
96 333 0 1
98 333 0 1
105 333 0 1
106 333 0 1
112 333 0 1
113 333 0 1
144 333 0 1
150 333 0 1
151 333 0 1
160 333 0 1
161 333 0 1
164 333 0 1
169 333 0 1
1 334 0 1
78 334 0 1
79 334 0 1
80 334 0 1
81 334 0 1
84 334 0 1
85 334 0 1
87 334 0 1
88 334 0 1
89 334 0 1
96 334 0 1
97 334 0 1
98 334 0 1
105 334 0 1
106 334 0 1
111 334 0 1
112 334 0 1
113 334 0 1
114 334 0 1
144 334 0 1
145 334 0 1
149 334 0 1
150 334 0 1
151 334 0 1
157 334 0 1
160 334 0 1
161 334 0 1
162 334 0 1
164 334 0 1
1 335 0 1
45 335 0 1
49 335 0 1
50 335 0 1
51 335 0 1
59 335 0 1
60 335 0 1
63 335 0 1
71 335 0 1
73 335 0 1
76 335 0 1
78 335 0 1
79 335 0 1
80 335 0 1
81 335 0 1
84 335 0 1
85 335 0 1
86 335 0 1
87 335 0 1
88 335 0 1
89 335 0 1
92 335 0 1
96 335 0 1
98 335 0 1
105 335 0 1
106 335 0 1
112 335 0 1
113 335 0 1
144 335 0 1
149 335 0 1
150 335 0 1
151 335 0 1
157 335 0 1
160 335 0 1
161 335 0 1
162 335 0 1
163 335 0 1
164 335 0 1
168 335 0 1
169 335 0 1
45 336 0 1
49 336 0 1
50 336 0 1
52 336 0 1
54 336 0 1
61 336 0 1
63 336 0 1
71 336 0 1
78 336 0 1
85 336 0 1
86 336 0 1
87 336 0 1
92 336 0 1
143 336 0 1
153 336 0 1
154 336 0 1
160 336 0 1
161 336 0 1
163 336 0 1
164 336 0 1
168 336 0 1
169 336 0 1
49 337 0 1
50 337 0 1
54 337 0 1
63 337 0 1
78 337 0 1
79 337 0 1
80 337 0 1
85 337 0 1
86 337 0 1
87 337 0 1
88 337 0 1
92 337 0 1
98 337 0 1
105 337 0 1
106 337 0 1
113 337 0 1
143 337 0 1
150 337 0 1
151 337 0 1
153 337 0 1
154 337 0 1
160 337 0 1
161 337 0 1
163 337 0 1
164 337 0 1
168 337 0 1
169 337 0 1
1 338 0 1
46 338 0 1
48 338 0 1
53 338 0 1
55 338 0 1
82 338 0 1
89 338 0 1
90 338 0 1
91 338 0 1
93 338 0 1
94 338 0 1
99 338 0 1
100 338 0 1
101 338 0 1
102 338 0 1
104 338 0 1
107 338 0 1
108 338 0 1
109 338 0 1
110 338 0 1
111 338 0 1
139 338 0 1
145 338 0 1
146 338 0 1
147 338 0 1
148 338 0 1
149 338 0 1
155 338 0 1
156 338 0 1
157 338 0 1
158 338 0 1
162 338 0 1
165 338 0 1
166 338 0 1
167 338 0 1
171 338 0 1
172 338 0 1
173 338 0 1
