1 3 0 0
2 3 0 0
4 5 0 0
4 7 0 0
5 7 0 0
6 7 0 0
5 8 0 0
6 8 0 0
7 8 0 0
9 10 0 0
11 12 0 0
5 13 0 0
6 13 0 0
7 13 0 0
8 13 0 0
5 14 0 0
6 14 0 0
7 14 0 0
8 14 0 0
13 14 0 0
2 15 0 0
5 15 0 0
7 15 0 0
8 15 0 0
13 15 0 0
14 15 0 0
9 16 0 0
10 16 0 0
2 17 0 0
6 17 0 0
11 17 0 0
12 17 0 0
2 18 0 0
5 18 0 0
6 18 0 0
7 18 0 0
8 18 0 0
13 18 0 0
14 18 0 0
15 18 0 0
2 19 0 0
6 19 0 0
12 19 0 0
13 19 0 0
14 19 0 0
17 19 0 0
18 19 0 0
11 20 0 0
12 20 0 0
11 21 0 0
12 21 0 0
17 21 0 0
19 21 0 0
9 22 0 0
10 22 0 0
16 22 0 0
20 22 0 0
2 23 0 0
6 23 0 0
12 23 0 0
13 23 0 0
14 23 0 0
17 23 0 0
18 23 0 0
19 23 0 0
21 23 0 0
2 24 0 0
11 24 0 0
12 24 0 0
17 24 0 0
19 24 0 0
20 24 0 0
21 24 0 0
23 24 0 0
11 25 0 0
12 25 0 0
20 25 0 0
21 25 0 0
22 25 0 0
24 25 0 0
2 26 0 0
6 26 0 0
7 26 0 0
8 26 0 0
13 26 0 0
14 26 0 0
17 26 0 0
18 26 0 0
19 26 0 0
23 26 0 0
9 27 0 0
10 27 0 0
16 27 0 0
20 27 0 0
22 27 0 0
25 27 0 0
3 28 0 0
11 28 0 0
12 28 0 0
20 28 0 0
21 28 0 0
22 28 0 0
24 28 0 0
25 28 0 0
27 28 0 0
2 29 0 0
3 29 0 0
11 29 0 0
12 29 0 0
17 29 0 0
20 29 0 0
21 29 0 0
24 29 0 0
25 29 0 0
28 29 0 0
2 30 0 0
11 30 0 0
12 30 0 0
17 30 0 0
19 30 0 0
21 30 0 0
23 30 0 0
24 30 0 0
25 30 0 0
28 30 0 0
29 30 0 0
11 31 0 0
12 31 0 0
17 31 0 0
20 31 0 0
21 31 0 0
22 31 0 0
24 31 0 0
25 31 0 0
27 31 0 0
28 31 0 0
29 31 0 0
30 31 0 0
2 32 0 0
5 32 0 0
7 32 0 0
8 32 0 0
13 32 0 0
14 32 0 0
15 32 0 0
18 32 0 0
26 32 0 0
2 33 0 0
6 33 0 0
7 33 0 0
8 33 0 0
13 33 0 0
14 33 0 0
15 33 0 0
18 33 0 0
19 33 0 0
23 33 0 0
26 33 0 0
32 33 0 0
3 34 0 0
9 34 0 0
16 34 0 0
20 34 0 0
22 34 0 0
25 34 0 0
27 34 0 0
28 34 0 0
29 34 0 0
31 34 0 0
2 35 0 0
3 35 0 0
11 35 0 0
12 35 0 0
17 35 0 0
19 35 0 0
20 35 0 0
21 35 0 0
24 35 0 0
25 35 0 0
28 35 0 0
29 35 0 0
30 35 0 0
31 35 0 0
2 36 0 0
6 36 0 0
7 36 0 0
8 36 0 0
13 36 0 0
14 36 0 0
15 36 0 0
18 36 0 0
19 36 0 0
23 36 0 0
26 36 0 0
32 36 0 0
33 36 0 0
2 37 0 0
7 37 0 0
8 37 0 0
13 37 0 0
14 37 0 0
15 37 0 0
18 37 0 0
19 37 0 0
23 37 0 0
26 37 0 0
32 37 0 0
33 37 0 0
36 37 0 0
2 38 0 0
17 38 0 0
18 38 0 0
19 38 0 0
23 38 0 0
26 38 0 0
32 38 0 0
33 38 0 0
36 38 0 0
37 38 0 0
1 39 0 0
9 39 0 0
16 39 0 0
22 39 0 0
27 39 0 0
34 39 0 0
1 40 0 0
9 40 0 0
10 40 0 0
16 40 0 0
22 40 0 0
27 40 0 0
34 40 0 0
39 40 0 0
1 41 0 0
9 41 0 0
10 41 0 0
16 41 0 0
20 41 0 0
22 41 0 0
25 41 0 0
27 41 0 0
28 41 0 0
34 41 0 0
39 41 0 0
40 41 0 0
2 42 0 0
6 42 0 0
8 42 0 0
13 42 0 0
14 42 0 0
17 42 0 0
18 42 0 0
19 42 0 0
23 42 0 0
26 42 0 0
32 42 0 0
33 42 0 0
36 42 0 0
37 42 0 0
38 42 0 0
2 43 0 0
7 43 0 0
8 43 0 0
13 43 0 0
14 43 0 0
15 43 0 0
18 43 0 0
26 43 0 0
32 43 0 0
33 43 0 0
36 43 0 0
37 43 0 0
38 43 0 0
42 43 0 0
2 44 0 0
7 44 0 0
8 44 0 0
13 44 0 0
14 44 0 0
15 44 0 0
18 44 0 0
19 44 0 0
23 44 0 0
26 44 0 0
32 44 0 0
33 44 0 0
36 44 0 0
37 44 0 0
38 44 0 0
42 44 0 0
43 44 0 0
2 45 0 0
14 45 0 0
17 45 0 0
18 45 0 0
19 45 0 0
21 45 0 0
23 45 0 0
24 45 0 0
26 45 0 0
30 45 0 0
33 45 0 0
35 45 0 0
36 45 0 0
37 45 0 0
38 45 0 0
42 45 0 0
43 45 0 0
44 45 0 0
2 46 0 0
11 46 0 0
12 46 0 0
17 46 0 0
19 46 0 0
21 46 0 0
23 46 0 0
24 46 0 0
25 46 0 0
29 46 0 0
30 46 0 0
31 46 0 0
35 46 0 0
38 46 0 0
42 46 0 0
45 46 0 0
2 47 0 0
3 47 0 0
11 47 0 0
12 47 0 0
17 47 0 0
19 47 0 0
21 47 0 0
23 47 0 0
24 47 0 0
25 47 0 0
28 47 0 0
29 47 0 0
30 47 0 0
31 47 0 0
35 47 0 0
38 47 0 0
45 47 0 0
46 47 0 0
3 48 0 0
11 48 0 0
20 48 0 0
22 48 0 0
24 48 0 0
25 48 0 0
27 48 0 0
28 48 0 0
29 48 0 0
30 48 0 0
31 48 0 0
34 48 0 0
35 48 0 0
41 48 0 0
46 48 0 0
47 48 0 0
2 49 0 0
8 49 0 0
13 49 0 0
14 49 0 0
15 49 0 0
17 49 0 0
18 49 0 0
19 49 0 0
23 49 0 0
26 49 0 0
32 49 0 0
33 49 0 0
36 49 0 0
37 49 0 0
38 49 0 0
42 49 0 0
43 49 0 0
44 49 0 0
45 49 0 0
2 50 0 0
13 50 0 0
14 50 0 0
17 50 0 0
18 50 0 0
19 50 0 0
23 50 0 0
26 50 0 0
32 50 0 0
33 50 0 0
36 50 0 0
37 50 0 0
38 50 0 0
42 50 0 0
43 50 0 0
44 50 0 0
45 50 0 0
46 50 0 0
47 50 0 0
49 50 0 0
2 51 0 0
17 51 0 0
19 51 0 0
21 51 0 0
23 51 0 0
24 51 0 0
26 51 0 0
29 51 0 0
30 51 0 0
35 51 0 0
36 51 0 0
38 51 0 0
42 51 0 0
44 51 0 0
45 51 0 0
46 51 0 0
47 51 0 0
49 51 0 0
50 51 0 0
2 52 0 0
11 52 0 0
12 52 0 0
17 52 0 0
19 52 0 0
21 52 0 0
23 52 0 0
24 52 0 0
26 52 0 0
29 52 0 0
30 52 0 0
35 52 0 0
38 52 0 0
42 52 0 0
45 52 0 0
46 52 0 0
47 52 0 0
49 52 0 0
50 52 0 0
51 52 0 0
2 53 0 0
3 53 0 0
11 53 0 0
12 53 0 0
17 53 0 0
20 53 0 0
21 53 0 0
24 53 0 0
25 53 0 0
28 53 0 0
29 53 0 0
30 53 0 0
31 53 0 0
35 53 0 0
46 53 0 0
47 53 0 0
48 53 0 0
51 53 0 0
52 53 0 0
3 54 0 0
11 54 0 0
20 54 0 0
22 54 0 0
24 54 0 0
25 54 0 0
27 54 0 0
28 54 0 0
29 54 0 0
30 54 0 0
31 54 0 0
34 54 0 0
35 54 0 0
40 54 0 0
41 54 0 0
47 54 0 0
48 54 0 0
53 54 0 0
1 55 0 0
3 55 0 0
16 55 0 0
20 55 0 0
22 55 0 0
25 55 0 0
27 55 0 0
28 55 0 0
29 55 0 0
31 55 0 0
34 55 0 0
39 55 0 0
40 55 0 0
41 55 0 0
48 55 0 0
53 55 0 0
54 55 0 0
2 56 0 0
5 56 0 0
7 56 0 0
8 56 0 0
13 56 0 0
14 56 0 0
15 56 0 0
18 56 0 0
26 56 0 0
32 56 0 0
33 56 0 0
36 56 0 0
37 56 0 0
38 56 0 0
42 56 0 0
43 56 0 0
44 56 0 0
49 56 0 0
50 56 0 0
2 57 0 0
8 57 0 0
13 57 0 0
15 57 0 0
18 57 0 0
32 57 0 0
33 57 0 0
36 57 0 0
37 57 0 0
43 57 0 0
44 57 0 0
49 57 0 0
56 57 0 0
2 58 0 0
7 58 0 0
8 58 0 0
13 58 0 0
15 58 0 0
18 58 0 0
26 58 0 0
32 58 0 0
33 58 0 0
36 58 0 0
37 58 0 0
38 58 0 0
42 58 0 0
43 58 0 0
44 58 0 0
49 58 0 0
50 58 0 0
56 58 0 0
57 58 0 0
2 59 0 0
17 59 0 0
19 59 0 0
23 59 0 0
26 59 0 0
30 59 0 0
33 59 0 0
36 59 0 0
37 59 0 0
38 59 0 0
42 59 0 0
44 59 0 0
45 59 0 0
46 59 0 0
47 59 0 0
49 59 0 0
50 59 0 0
51 59 0 0
52 59 0 0
1 60 0 0
9 60 0 0
10 60 0 0
16 60 0 0
22 60 0 0
27 60 0 0
34 60 0 0
39 60 0 0
40 60 0 0
41 60 0 0
55 60 0 0
1 61 0 0
3 61 0 0
20 61 0 0
22 61 0 0
25 61 0 0
27 61 0 0
28 61 0 0
29 61 0 0
31 61 0 0
34 61 0 0
35 61 0 0
39 61 0 0
40 61 0 0
41 61 0 0
47 61 0 0
48 61 0 0
53 61 0 0
54 61 0 0
55 61 0 0
60 61 0 0
1 62 0 0
3 62 0 0
16 62 0 0
20 62 0 0
22 62 0 0
25 62 0 0
27 62 0 0
28 62 0 0
31 62 0 0
34 62 0 0
39 62 0 0
40 62 0 0
41 62 0 0
48 62 0 0
54 62 0 0
55 62 0 0
60 62 0 0
61 62 0 0
1 63 0 0
3 63 0 0
16 63 0 0
22 63 0 0
27 63 0 0
34 63 0 0
39 63 0 0
40 63 0 0
41 63 0 0
54 63 0 0
55 63 0 0
60 63 0 0
61 63 0 0
62 63 0 0
1 64 0 0
3 64 0 0
16 64 0 0
20 64 0 0
22 64 0 0
25 64 0 0
27 64 0 0
28 64 0 0
31 64 0 0
34 64 0 0
39 64 0 0
40 64 0 0
41 64 0 0
48 64 0 0
54 64 0 0
55 64 0 0
60 64 0 0
61 64 0 0
62 64 0 0
63 64 0 0
2 65 0 0
3 65 0 0
17 65 0 0
20 65 0 0
24 65 0 0
25 65 0 0
28 65 0 0
29 65 0 0
30 65 0 0
31 65 0 0
34 65 0 0
35 65 0 0
46 65 0 0
47 65 0 0
48 65 0 0
51 65 0 0
52 65 0 0
53 65 0 0
54 65 0 0
55 65 0 0
61 65 0 0
62 65 0 0
64 65 0 0
2 66 0 0
18 66 0 0
23 66 0 0
26 66 0 0
32 66 0 0
33 66 0 0
36 66 0 0
37 66 0 0
38 66 0 0
42 66 0 0
43 66 0 0
44 66 0 0
45 66 0 0
49 66 0 0
50 66 0 0
51 66 0 0
56 66 0 0
57 66 0 0
58 66 0 0
59 66 0 0
2 67 0 0
17 67 0 0
19 67 0 0
23 67 0 0
26 67 0 0
30 67 0 0
33 67 0 0
35 67 0 0
36 67 0 0
37 67 0 0
38 67 0 0
42 67 0 0
44 67 0 0
45 67 0 0
46 67 0 0
47 67 0 0
49 67 0 0
50 67 0 0
51 67 0 0
52 67 0 0
53 67 0 0
59 67 0 0
66 67 0 0
1 68 0 0
3 68 0 0
20 68 0 0
22 68 0 0
25 68 0 0
27 68 0 0
28 68 0 0
29 68 0 0
31 68 0 0
34 68 0 0
35 68 0 0
40 68 0 0
41 68 0 0
47 68 0 0
48 68 0 0
53 68 0 0
54 68 0 0
55 68 0 0
61 68 0 0
62 68 0 0
63 68 0 0
64 68 0 0
65 68 0 0
1 69 0 0
3 69 0 0
16 69 0 0
22 69 0 0
27 69 0 0
28 69 0 0
34 69 0 0
39 69 0 0
40 69 0 0
41 69 0 0
48 69 0 0
54 69 0 0
55 69 0 0
60 69 0 0
61 69 0 0
62 69 0 0
63 69 0 0
64 69 0 0
65 69 0 0
68 69 0 0
1 70 0 0
3 70 0 0
16 70 0 0
22 70 0 0
27 70 0 0
34 70 0 0
39 70 0 0
40 70 0 0
41 70 0 0
55 70 0 0
60 70 0 0
61 70 0 0
62 70 0 0
63 70 0 0
64 70 0 0
68 70 0 0
69 70 0 0
1 71 0 0
3 71 0 0
16 71 0 0
22 71 0 0
27 71 0 0
28 71 0 0
34 71 0 0
39 71 0 0
40 71 0 0
41 71 0 0
48 71 0 0
54 71 0 0
55 71 0 0
60 71 0 0
61 71 0 0
62 71 0 0
63 71 0 0
64 71 0 0
65 71 0 0
68 71 0 0
69 71 0 0
70 71 0 0
1 72 0 0
3 72 0 0
16 72 0 0
22 72 0 0
27 72 0 0
28 72 0 0
34 72 0 0
39 72 0 0
40 72 0 0
41 72 0 0
48 72 0 0
54 72 0 0
55 72 0 0
60 72 0 0
61 72 0 0
62 72 0 0
63 72 0 0
64 72 0 0
65 72 0 0
68 72 0 0
69 72 0 0
70 72 0 0
71 72 0 0
2 73 0 0
8 73 0 0
13 73 0 0
14 73 0 0
15 73 0 0
18 73 0 0
19 73 0 0
23 73 0 0
26 73 0 0
32 73 0 0
33 73 0 0
36 73 0 0
37 73 0 0
38 73 0 0
42 73 0 0
43 73 0 0
44 73 0 0
45 73 0 0
49 73 0 0
50 73 0 0
51 73 0 0
56 73 0 0
57 73 0 0
58 73 0 0
59 73 0 0
66 73 0 0
67 73 0 0
1 74 0 0
3 74 0 0
16 74 0 0
27 74 0 0
34 74 0 0
39 74 0 0
40 74 0 0
41 74 0 0
54 74 0 0
55 74 0 0
60 74 0 0
61 74 0 0
62 74 0 0
63 74 0 0
64 74 0 0
68 74 0 0
69 74 0 0
70 74 0 0
71 74 0 0
72 74 0 0
1 75 0 0
3 75 0 0
16 75 0 0
22 75 0 0
27 75 0 0
28 75 0 0
34 75 0 0
39 75 0 0
40 75 0 0
41 75 0 0
48 75 0 0
54 75 0 0
55 75 0 0
60 75 0 0
61 75 0 0
62 75 0 0
63 75 0 0
64 75 0 0
65 75 0 0
68 75 0 0
69 75 0 0
70 75 0 0
71 75 0 0
72 75 0 0
74 75 0 0
1 76 0 0
3 76 0 0
55 76 0 0
62 76 0 0
63 76 0 0
64 76 0 0
68 76 0 0
69 76 0 0
70 76 0 0
71 76 0 0
72 76 0 0
74 76 0 0
75 76 0 0
1 77 0 0
39 77 0 0
40 77 0 0
60 77 0 0
63 77 0 0
69 77 0 0
70 77 0 0
71 77 0 0
72 77 0 0
74 77 0 0
75 77 0 0
76 77 0 0
1 78 0 0
3 78 0 0
34 78 0 0
41 78 0 0
48 78 0 0
54 78 0 0
55 78 0 0
61 78 0 0
62 78 0 0
63 78 0 0
64 78 0 0
65 78 0 0
68 78 0 0
69 78 0 0
70 78 0 0
71 78 0 0
72 78 0 0
74 78 0 0
75 78 0 0
76 78 0 0
1 79 0 0
3 79 0 0
39 79 0 0
40 79 0 0
41 79 0 0
54 79 0 0
55 79 0 0
60 79 0 0
61 79 0 0
62 79 0 0
63 79 0 0
64 79 0 0
65 79 0 0
68 79 0 0
69 79 0 0
70 79 0 0
71 79 0 0
72 79 0 0
74 79 0 0
75 79 0 0
76 79 0 0
77 79 0 0
78 79 0 0
1 80 0 0
3 80 0 0
39 80 0 0
54 80 0 0
55 80 0 0
60 80 0 0
61 80 0 0
62 80 0 0
63 80 0 0
64 80 0 0
65 80 0 0
68 80 0 0
69 80 0 0
70 80 0 0
71 80 0 0
72 80 0 0
74 80 0 0
75 80 0 0
76 80 0 0
77 80 0 0
78 80 0 0
79 80 0 0
1 81 0 0
2 81 0 0
3 81 0 0
47 81 0 0
48 81 0 0
53 81 0 0
54 81 0 0
61 81 0 0
65 81 0 0
68 81 0 0
76 81 0 0
78 81 0 0
79 81 0 0
80 81 0 0
1 82 0 0
3 82 0 0
39 82 0 0
60 82 0 0
63 82 0 0
69 82 0 0
70 82 0 0
71 82 0 0
72 82 0 0
74 82 0 0
75 82 0 0
76 82 0 0
77 82 0 0
79 82 0 0
80 82 0 0
2 83 0 0
3 83 0 0
35 83 0 0
38 83 0 0
45 83 0 0
46 83 0 0
47 83 0 0
50 83 0 0
51 83 0 0
52 83 0 0
53 83 0 0
59 83 0 0
65 83 0 0
67 83 0 0
81 83 0 0
2 84 0 0
3 84 0 0
29 84 0 0
30 84 0 0
35 84 0 0
38 84 0 0
46 84 0 0
47 84 0 0
48 84 0 0
51 84 0 0
52 84 0 0
53 84 0 0
59 84 0 0
65 84 0 0
67 84 0 0
81 84 0 0
83 84 0 0
1 85 0 0
2 85 0 0
3 85 0 0
35 85 0 0
38 85 0 0
45 85 0 0
46 85 0 0
47 85 0 0
48 85 0 0
50 85 0 0
51 85 0 0
52 85 0 0
53 85 0 0
59 85 0 0
65 85 0 0
67 85 0 0
68 85 0 0
76 85 0 0
78 85 0 0
80 85 0 0
81 85 0 0
83 85 0 0
84 85 0 0
1 86 0 0
3 86 0 0
16 86 0 0
27 86 0 0
34 86 0 0
39 86 0 0
40 86 0 0
41 86 0 0
54 86 0 0
55 86 0 0
60 86 0 0
61 86 0 0
62 86 0 0
63 86 0 0
64 86 0 0
68 86 0 0
69 86 0 0
70 86 0 0
71 86 0 0
72 86 0 0
74 86 0 0
75 86 0 0
76 86 0 0
77 86 0 0
78 86 0 0
79 86 0 0
80 86 0 0
82 86 0 0
2 87 0 0
3 87 0 0
28 87 0 0
29 87 0 0
30 87 0 0
31 87 0 0
35 87 0 0
46 87 0 0
47 87 0 0
48 87 0 0
51 87 0 0
52 87 0 0
53 87 0 0
54 87 0 0
61 87 0 0
65 87 0 0
67 87 0 0
68 87 0 0
78 87 0 0
81 87 0 0
83 87 0 0
84 87 0 0
85 87 0 0
2 88 0 0
3 88 0 0
17 88 0 0
21 88 0 0
23 88 0 0
24 88 0 0
28 88 0 0
29 88 0 0
30 88 0 0
31 88 0 0
35 88 0 0
38 88 0 0
45 88 0 0
46 88 0 0
47 88 0 0
48 88 0 0
50 88 0 0
51 88 0 0
52 88 0 0
53 88 0 0
54 88 0 0
59 88 0 0
61 88 0 0
65 88 0 0
67 88 0 0
68 88 0 0
78 88 0 0
81 88 0 0
83 88 0 0
84 88 0 0
85 88 0 0
87 88 0 0
1 89 0 0
2 89 0 0
3 89 0 0
25 89 0 0
28 89 0 0
29 89 0 0
30 89 0 0
31 89 0 0
34 89 0 0
35 89 0 0
41 89 0 0
46 89 0 0
47 89 0 0
48 89 0 0
51 89 0 0
52 89 0 0
53 89 0 0
54 89 0 0
55 89 0 0
61 89 0 0
62 89 0 0
64 89 0 0
65 89 0 0
68 89 0 0
69 89 0 0
71 89 0 0
72 89 0 0
74 89 0 0
75 89 0 0
76 89 0 0
78 89 0 0
79 89 0 0
80 89 0 0
81 89 0 0
83 89 0 0
84 89 0 0
85 89 0 0
86 89 0 0
87 89 0 0
88 89 0 0
1 90 0 0
3 90 0 0
27 90 0 0
28 90 0 0
29 90 0 0
31 90 0 0
34 90 0 0
35 90 0 0
39 90 0 0
40 90 0 0
41 90 0 0
47 90 0 0
48 90 0 0
53 90 0 0
54 90 0 0
55 90 0 0
60 90 0 0
61 90 0 0
62 90 0 0
63 90 0 0
64 90 0 0
65 90 0 0
68 90 0 0
69 90 0 0
70 90 0 0
71 90 0 0
72 90 0 0
74 90 0 0
75 90 0 0
76 90 0 0
78 90 0 0
79 90 0 0
80 90 0 0
81 90 0 0
84 90 0 0
85 90 0 0
86 90 0 0
87 90 0 0
88 90 0 0
89 90 0 0
1 91 0 0
3 91 0 0
27 91 0 0
34 91 0 0
39 91 0 0
40 91 0 0
41 91 0 0
48 91 0 0
54 91 0 0
55 91 0 0
60 91 0 0
61 91 0 0
62 91 0 0
63 91 0 0
64 91 0 0
65 91 0 0
68 91 0 0
69 91 0 0
70 91 0 0
71 91 0 0
72 91 0 0
74 91 0 0
75 91 0 0
76 91 0 0
77 91 0 0
78 91 0 0
79 91 0 0
80 91 0 0
82 91 0 0
86 91 0 0
89 91 0 0
90 91 0 0
2 92 0 0
3 92 0 0
29 92 0 0
35 92 0 0
46 92 0 0
47 92 0 0
48 92 0 0
51 92 0 0
52 92 0 0
53 92 0 0
54 92 0 0
65 92 0 0
67 92 0 0
68 92 0 0
78 92 0 0
81 92 0 0
83 92 0 0
84 92 0 0
85 92 0 0
87 92 0 0
88 92 0 0
89 92 0 0
90 92 0 0
2 93 0 0
3 93 0 0
28 93 0 0
29 93 0 0
35 93 0 0
46 93 0 0
47 93 0 0
48 93 0 0
51 93 0 0
52 93 0 0
53 93 0 0
54 93 0 0
61 93 0 0
65 93 0 0
68 93 0 0
78 93 0 0
81 93 0 0
83 93 0 0
84 93 0 0
85 93 0 0
87 93 0 0
88 93 0 0
89 93 0 0
90 93 0 0
92 93 0 0
2 94 0 0
3 94 0 0
29 94 0 0
35 94 0 0
46 94 0 0
47 94 0 0
48 94 0 0
53 94 0 0
54 94 0 0
55 94 0 0
61 94 0 0
64 94 0 0
65 94 0 0
68 94 0 0
76 94 0 0
78 94 0 0
79 94 0 0
80 94 0 0
81 94 0 0
83 94 0 0
84 94 0 0
85 94 0 0
87 94 0 0
88 94 0 0
89 94 0 0
90 94 0 0
92 94 0 0
93 94 0 0
1 95 0 0
3 95 0 0
16 95 0 0
39 95 0 0
40 95 0 0
41 95 0 0
55 95 0 0
60 95 0 0
62 95 0 0
63 95 0 0
64 95 0 0
69 95 0 0
70 95 0 0
71 95 0 0
72 95 0 0
74 95 0 0
75 95 0 0
76 95 0 0
77 95 0 0
78 95 0 0
79 95 0 0
80 95 0 0
82 95 0 0
86 95 0 0
90 95 0 0
91 95 0 0
2 96 0 0
3 96 0 0
29 96 0 0
35 96 0 0
46 96 0 0
47 96 0 0
48 96 0 0
51 96 0 0
52 96 0 0
53 96 0 0
54 96 0 0
61 96 0 0
65 96 0 0
67 96 0 0
68 96 0 0
78 96 0 0
80 96 0 0
81 96 0 0
83 96 0 0
84 96 0 0
85 96 0 0
87 96 0 0
88 96 0 0
89 96 0 0
90 96 0 0
92 96 0 0
93 96 0 0
94 96 0 0
4 103 0 1
4 106 0 1
4 110 0 1
4 111 0 1
4 113 0 1
4 116 0 1
5 116 0 1
7 116 0 1
4 117 0 1
5 117 0 1
6 117 0 1
7 117 0 1
8 117 0 1
13 117 0 1
14 117 0 1
18 117 0 1
6 118 0 1
11 118 0 1
12 118 0 1
19 118 0 1
21 118 0 1
11 119 0 1
12 119 0 1
21 119 0 1
24 119 0 1
9 120 0 1
10 120 0 1
20 120 0 1
22 120 0 1
27 120 0 1
11 121 0 1
12 121 0 1
20 121 0 1
21 121 0 1
24 121 0 1
25 121 0 1
28 121 0 1
29 121 0 1
30 121 0 1
31 121 0 1
9 122 0 1
10 122 0 1
16 122 0 1
20 122 0 1
22 122 0 1
25 122 0 1
27 122 0 1
28 122 0 1
34 122 0 1
40 122 0 1
41 122 0 1
55 122 0 1
11 123 0 1
20 123 0 1
22 123 0 1
25 123 0 1
27 123 0 1
28 123 0 1
31 123 0 1
34 123 0 1
11 124 0 1
12 124 0 1
20 124 0 1
21 124 0 1
11 125 0 1
12 125 0 1
20 125 0 1
22 125 0 1
25 125 0 1
9 126 0 1
10 126 0 1
9 127 0 1
10 127 0 1
11 128 0 1
20 128 0 1
22 128 0 1
9 129 0 1
10 129 0 1
20 129 0 1
22 129 0 1
4 130 0 1
5 130 0 1
7 130 0 1
12 132 0 1
6 133 0 1
9 134 0 1
10 134 0 1
4 135 0 1
5 135 0 1
6 135 0 1
7 135 0 1
8 135 0 1
13 135 0 1
14 135 0 1
6 136 0 1
12 136 0 1
9 137 0 1
11 140 0 1
12 140 0 1
11 141 0 1
12 141 0 1
21 141 0 1
11 142 0 1
12 142 0 1
9 143 0 1
10 143 0 1
20 144 0 1
4 146 0 1
5 146 0 1
4 147 0 1
6 147 0 1
4 157 0 1
4 159 0 1
4 161 0 1
4 162 0 1
4 169 0 1
4 172 0 1
4 173 0 1
4 175 0 1
4 180 0 1
4 181 0 1
4 186 0 1
