1 4 0 0
1 5 0 0
4 5 0 0
1 6 0 0
4 6 0 0
5 6 0 0
1 7 0 0
4 7 0 0
5 7 0 0
6 7 0 0
3 8 0 0
4 8 0 0
3 9 0 0
4 9 0 0
5 9 0 0
7 9 0 0
8 9 0 0
1 11 0 0
4 11 0 0
5 11 0 0
6 11 0 0
7 11 0 0
9 11 0 0
1 12 0 0
4 12 0 0
5 12 0 0
6 12 0 0
7 12 0 0
8 12 0 0
9 12 0 0
11 12 0 0
3 13 0 0
4 13 0 0
8 13 0 0
9 13 0 0
11 13 0 0
12 13 0 0
3 14 0 0
8 14 0 0
9 14 0 0
10 14 0 0
13 14 0 0
1 15 0 0
4 15 0 0
5 15 0 0
6 15 0 0
7 15 0 0
11 15 0 0
12 15 0 0
1 16 0 0
4 16 0 0
5 16 0 0
6 16 0 0
7 16 0 0
9 16 0 0
11 16 0 0
12 16 0 0
15 16 0 0
1 17 0 0
4 17 0 0
5 17 0 0
7 17 0 0
8 17 0 0
9 17 0 0
11 17 0 0
12 17 0 0
13 17 0 0
15 17 0 0
16 17 0 0
1 18 0 0
4 18 0 0
5 18 0 0
6 18 0 0
7 18 0 0
8 18 0 0
9 18 0 0
11 18 0 0
12 18 0 0
13 18 0 0
15 18 0 0
16 18 0 0
17 18 0 0
3 19 0 0
8 19 0 0
9 19 0 0
10 19 0 0
13 19 0 0
14 19 0 0
3 20 0 0
4 20 0 0
5 20 0 0
8 20 0 0
9 20 0 0
11 20 0 0
12 20 0 0
13 20 0 0
14 20 0 0
16 20 0 0
17 20 0 0
18 20 0 0
19 20 0 0
3 21 0 0
8 21 0 0
10 21 0 0
13 21 0 0
14 21 0 0
19 21 0 0
1 22 0 0
3 22 0 0
4 22 0 0
5 22 0 0
7 22 0 0
8 22 0 0
9 22 0 0
11 22 0 0
12 22 0 0
13 22 0 0
15 22 0 0
16 22 0 0
17 22 0 0
18 22 0 0
19 22 0 0
20 22 0 0
3 23 0 0
8 23 0 0
9 23 0 0
12 23 0 0
13 23 0 0
14 23 0 0
17 23 0 0
18 23 0 0
19 23 0 0
20 23 0 0
21 23 0 0
22 23 0 0
3 24 0 0
8 24 0 0
10 24 0 0
13 24 0 0
14 24 0 0
19 24 0 0
21 24 0 0
23 24 0 0
1 25 0 0
1 26 0 0
11 26 0 0
12 26 0 0
15 26 0 0
16 26 0 0
25 26 0 0
1 27 0 0
25 27 0 0
1 28 0 0
6 28 0 0
7 28 0 0
11 28 0 0
15 28 0 0
16 28 0 0
25 28 0 0
26 28 0 0
27 28 0 0
3 29 0 0
8 29 0 0
13 29 0 0
14 29 0 0
19 29 0 0
20 29 0 0
21 29 0 0
22 29 0 0
23 29 0 0
24 29 0 0
1 30 0 0
6 30 0 0
15 30 0 0
25 30 0 0
26 30 0 0
27 30 0 0
28 30 0 0
1 31 0 0
4 31 0 0
5 31 0 0
6 31 0 0
7 31 0 0
11 31 0 0
12 31 0 0
13 31 0 0
15 31 0 0
16 31 0 0
17 31 0 0
18 31 0 0
20 31 0 0
22 31 0 0
25 31 0 0
26 31 0 0
28 31 0 0
30 31 0 0
10 32 0 0
14 32 0 0
21 32 0 0
24 32 0 0
29 32 0 0
3 33 0 0
8 33 0 0
10 33 0 0
14 33 0 0
19 33 0 0
21 33 0 0
23 33 0 0
24 33 0 0
29 33 0 0
32 33 0 0
1 34 0 0
4 34 0 0
5 34 0 0
6 34 0 0
7 34 0 0
9 34 0 0
11 34 0 0
12 34 0 0
13 34 0 0
15 34 0 0
16 34 0 0
17 34 0 0
18 34 0 0
20 34 0 0
22 34 0 0
23 34 0 0
25 34 0 0
26 34 0 0
28 34 0 0
31 34 0 0
3 35 0 0
10 35 0 0
14 35 0 0
19 35 0 0
21 35 0 0
24 35 0 0
29 35 0 0
32 35 0 0
33 35 0 0
10 36 0 0
14 36 0 0
19 36 0 0
21 36 0 0
24 36 0 0
29 36 0 0
32 36 0 0
33 36 0 0
35 36 0 0
1 37 0 0
4 37 0 0
5 37 0 0
6 37 0 0
7 37 0 0
11 37 0 0
12 37 0 0
15 37 0 0
16 37 0 0
17 37 0 0
18 37 0 0
22 37 0 0
25 37 0 0
26 37 0 0
28 37 0 0
30 37 0 0
31 37 0 0
34 37 0 0
1 38 0 0
4 38 0 0
5 38 0 0
7 38 0 0
8 38 0 0
9 38 0 0
11 38 0 0
12 38 0 0
13 38 0 0
15 38 0 0
16 38 0 0
17 38 0 0
18 38 0 0
20 38 0 0
22 38 0 0
23 38 0 0
26 38 0 0
31 38 0 0
34 38 0 0
37 38 0 0
3 39 0 0
4 39 0 0
5 39 0 0
8 39 0 0
9 39 0 0
11 39 0 0
12 39 0 0
13 39 0 0
15 39 0 0
16 39 0 0
17 39 0 0
18 39 0 0
19 39 0 0
20 39 0 0
22 39 0 0
23 39 0 0
29 39 0 0
31 39 0 0
34 39 0 0
37 39 0 0
38 39 0 0
1 40 0 0
4 40 0 0
5 40 0 0
6 40 0 0
7 40 0 0
11 40 0 0
12 40 0 0
15 40 0 0
16 40 0 0
17 40 0 0
18 40 0 0
22 40 0 0
25 40 0 0
26 40 0 0
28 40 0 0
30 40 0 0
31 40 0 0
34 40 0 0
37 40 0 0
38 40 0 0
39 40 0 0
3 41 0 0
4 41 0 0
5 41 0 0
7 41 0 0
8 41 0 0
9 41 0 0
11 41 0 0
12 41 0 0
13 41 0 0
15 41 0 0
16 41 0 0
17 41 0 0
18 41 0 0
19 41 0 0
20 41 0 0
22 41 0 0
23 41 0 0
29 41 0 0
31 41 0 0
34 41 0 0
37 41 0 0
38 41 0 0
39 41 0 0
40 41 0 0
3 42 0 0
4 42 0 0
5 42 0 0
8 42 0 0
9 42 0 0
11 42 0 0
12 42 0 0
13 42 0 0
16 42 0 0
17 42 0 0
18 42 0 0
19 42 0 0
20 42 0 0
22 42 0 0
23 42 0 0
29 42 0 0
31 42 0 0
34 42 0 0
37 42 0 0
38 42 0 0
39 42 0 0
40 42 0 0
41 42 0 0
1 43 0 0
4 43 0 0
5 43 0 0
6 43 0 0
7 43 0 0
11 43 0 0
12 43 0 0
15 43 0 0
16 43 0 0
18 43 0 0
25 43 0 0
26 43 0 0
27 43 0 0
28 43 0 0
30 43 0 0
31 43 0 0
34 43 0 0
37 43 0 0
38 43 0 0
40 43 0 0
1 44 0 0
4 44 0 0
5 44 0 0
6 44 0 0
7 44 0 0
9 44 0 0
11 44 0 0
12 44 0 0
13 44 0 0
15 44 0 0
16 44 0 0
17 44 0 0
18 44 0 0
20 44 0 0
22 44 0 0
26 44 0 0
28 44 0 0
31 44 0 0
34 44 0 0
37 44 0 0
38 44 0 0
39 44 0 0
40 44 0 0
41 44 0 0
42 44 0 0
43 44 0 0
3 45 0 0
8 45 0 0
9 45 0 0
10 45 0 0
12 45 0 0
13 45 0 0
14 45 0 0
17 45 0 0
18 45 0 0
19 45 0 0
20 45 0 0
21 45 0 0
22 45 0 0
23 45 0 0
24 45 0 0
29 45 0 0
33 45 0 0
35 45 0 0
38 45 0 0
39 45 0 0
41 45 0 0
42 45 0 0
10 46 0 0
14 46 0 0
21 46 0 0
24 46 0 0
32 46 0 0
33 46 0 0
35 46 0 0
36 46 0 0
3 47 0 0
8 47 0 0
10 47 0 0
14 47 0 0
19 47 0 0
21 47 0 0
23 47 0 0
24 47 0 0
29 47 0 0
32 47 0 0
33 47 0 0
35 47 0 0
36 47 0 0
45 47 0 0
46 47 0 0
1 48 0 0
4 48 0 0
5 48 0 0
7 48 0 0
8 48 0 0
9 48 0 0
11 48 0 0
12 48 0 0
13 48 0 0
15 48 0 0
16 48 0 0
17 48 0 0
18 48 0 0
20 48 0 0
22 48 0 0
23 48 0 0
26 48 0 0
31 48 0 0
34 48 0 0
37 48 0 0
38 48 0 0
39 48 0 0
40 48 0 0
41 48 0 0
42 48 0 0
44 48 0 0
45 48 0 0
3 49 0 0
8 49 0 0
9 49 0 0
12 49 0 0
13 49 0 0
14 49 0 0
17 49 0 0
18 49 0 0
19 49 0 0
20 49 0 0
21 49 0 0
22 49 0 0
23 49 0 0
24 49 0 0
29 49 0 0
31 49 0 0
33 49 0 0
34 49 0 0
38 49 0 0
39 49 0 0
41 49 0 0
42 49 0 0
45 49 0 0
47 49 0 0
48 49 0 0
3 50 0 0
8 50 0 0
9 50 0 0
10 50 0 0
13 50 0 0
14 50 0 0
19 50 0 0
20 50 0 0
21 50 0 0
23 50 0 0
24 50 0 0
29 50 0 0
32 50 0 0
33 50 0 0
35 50 0 0
36 50 0 0
39 50 0 0
42 50 0 0
45 50 0 0
46 50 0 0
47 50 0 0
49 50 0 0
10 51 0 0
14 51 0 0
19 51 0 0
21 51 0 0
24 51 0 0
29 51 0 0
32 51 0 0
33 51 0 0
35 51 0 0
36 51 0 0
45 51 0 0
46 51 0 0
47 51 0 0
50 51 0 0
3 52 0 0
8 52 0 0
10 52 0 0
13 52 0 0
14 52 0 0
19 52 0 0
21 52 0 0
23 52 0 0
24 52 0 0
29 52 0 0
32 52 0 0
33 52 0 0
35 52 0 0
36 52 0 0
45 52 0 0
46 52 0 0
47 52 0 0
49 52 0 0
50 52 0 0
51 52 0 0
25 53 0 0
26 53 0 0
28 53 0 0
30 53 0 0
31 53 0 0
34 53 0 0
37 53 0 0
40 53 0 0
43 53 0 0
48 53 0 0
1 54 0 0
2 54 0 0
25 54 0 0
27 54 0 0
28 54 0 0
30 54 0 0
43 54 0 0
1 55 0 0
25 55 0 0
26 55 0 0
28 55 0 0
30 55 0 0
31 55 0 0
34 55 0 0
37 55 0 0
40 55 0 0
43 55 0 0
53 55 0 0
54 55 0 0
32 56 0 0
46 56 0 0
51 56 0 0
26 57 0 0
31 57 0 0
34 57 0 0
38 57 0 0
48 57 0 0
53 57 0 0
55 57 0 0
1 58 0 0
2 58 0 0
25 58 0 0
27 58 0 0
28 58 0 0
30 58 0 0
54 58 0 0
55 58 0 0
1 59 0 0
25 59 0 0
26 59 0 0
28 59 0 0
30 59 0 0
31 59 0 0
34 59 0 0
43 59 0 0
53 59 0 0
54 59 0 0
55 59 0 0
57 59 0 0
58 59 0 0
26 60 0 0
31 60 0 0
53 60 0 0
55 60 0 0
57 60 0 0
59 60 0 0
26 61 0 0
31 61 0 0
53 61 0 0
55 61 0 0
57 61 0 0
59 61 0 0
60 61 0 0
2 62 0 0
25 62 0 0
53 62 0 0
54 62 0 0
55 62 0 0
58 62 0 0
59 62 0 0
60 62 0 0
61 62 0 0
2 63 0 0
25 63 0 0
26 63 0 0
31 63 0 0
53 63 0 0
54 63 0 0
55 63 0 0
57 63 0 0
58 63 0 0
59 63 0 0
60 63 0 0
61 63 0 0
62 63 0 0
53 64 0 0
55 64 0 0
57 64 0 0
59 64 0 0
60 64 0 0
61 64 0 0
63 64 0 0
2 65 0 0
25 65 0 0
53 65 0 0
54 65 0 0
55 65 0 0
58 65 0 0
59 65 0 0
60 65 0 0
61 65 0 0
62 65 0 0
63 65 0 0
64 65 0 0
26 66 0 0
53 66 0 0
55 66 0 0
57 66 0 0
59 66 0 0
60 66 0 0
61 66 0 0
62 66 0 0
63 66 0 0
64 66 0 0
65 66 0 0
26 67 0 0
31 67 0 0
34 67 0 0
53 67 0 0
55 67 0 0
57 67 0 0
59 67 0 0
60 67 0 0
61 67 0 0
62 67 0 0
63 67 0 0
64 67 0 0
65 67 0 0
66 67 0 0
1 68 0 0
2 68 0 0
25 68 0 0
27 68 0 0
28 68 0 0
30 68 0 0
54 68 0 0
55 68 0 0
58 68 0 0
59 68 0 0
62 68 0 0
63 68 0 0
65 68 0 0
66 68 0 0
1 69 0 0
25 69 0 0
26 69 0 0
27 69 0 0
28 69 0 0
30 69 0 0
31 69 0 0
43 69 0 0
53 69 0 0
54 69 0 0
55 69 0 0
57 69 0 0
58 69 0 0
59 69 0 0
60 69 0 0
61 69 0 0
62 69 0 0
63 69 0 0
64 69 0 0
65 69 0 0
66 69 0 0
67 69 0 0
68 69 0 0
1 70 0 0
2 70 0 0
25 70 0 0
26 70 0 0
27 70 0 0
28 70 0 0
30 70 0 0
31 70 0 0
53 70 0 0
54 70 0 0
55 70 0 0
58 70 0 0
59 70 0 0
60 70 0 0
61 70 0 0
62 70 0 0
63 70 0 0
65 70 0 0
66 70 0 0
67 70 0 0
68 70 0 0
69 70 0 0
1 71 0 0
2 71 0 0
25 71 0 0
27 71 0 0
54 71 0 0
58 71 0 0
62 71 0 0
65 71 0 0
68 71 0 0
70 71 0 0
1 72 0 0
2 72 0 0
25 72 0 0
27 72 0 0
30 72 0 0
54 72 0 0
58 72 0 0
59 72 0 0
62 72 0 0
63 72 0 0
65 72 0 0
68 72 0 0
69 72 0 0
70 72 0 0
71 72 0 0
29 73 0 0
31 73 0 0
57 73 0 0
64 73 0 0
67 73 0 0
1 74 0 0
2 74 0 0
25 74 0 0
27 74 0 0
30 74 0 0
54 74 0 0
55 74 0 0
58 74 0 0
59 74 0 0
62 74 0 0
63 74 0 0
65 74 0 0
66 74 0 0
68 74 0 0
69 74 0 0
70 74 0 0
71 74 0 0
72 74 0 0
1 75 0 0
2 75 0 0
25 75 0 0
26 75 0 0
27 75 0 0
28 75 0 0
30 75 0 0
31 75 0 0
53 75 0 0
54 75 0 0
55 75 0 0
58 75 0 0
59 75 0 0
60 75 0 0
61 75 0 0
62 75 0 0
63 75 0 0
65 75 0 0
66 75 0 0
67 75 0 0
68 75 0 0
69 75 0 0
70 75 0 0
71 75 0 0
72 75 0 0
74 75 0 0
25 76 0 0
26 76 0 0
30 76 0 0
31 76 0 0
53 76 0 0
54 76 0 0
55 76 0 0
57 76 0 0
58 76 0 0
59 76 0 0
60 76 0 0
61 76 0 0
62 76 0 0
63 76 0 0
64 76 0 0
65 76 0 0
66 76 0 0
67 76 0 0
68 76 0 0
69 76 0 0
70 76 0 0
72 76 0 0
74 76 0 0
75 76 0 0
2 77 0 0
25 77 0 0
26 77 0 0
28 77 0 0
30 77 0 0
31 77 0 0
53 77 0 0
54 77 0 0
55 77 0 0
58 77 0 0
59 77 0 0
60 77 0 0
61 77 0 0
62 77 0 0
63 77 0 0
64 77 0 0
65 77 0 0
66 77 0 0
67 77 0 0
68 77 0 0
69 77 0 0
70 77 0 0
71 77 0 0
72 77 0 0
74 77 0 0
75 77 0 0
76 77 0 0
1 78 0 0
2 78 0 0
25 78 0 0
27 78 0 0
54 78 0 0
58 78 0 0
62 78 0 0
63 78 0 0
65 78 0 0
68 78 0 0
69 78 0 0
70 78 0 0
71 78 0 0
72 78 0 0
74 78 0 0
75 78 0 0
76 78 0 0
77 78 0 0
53 79 0 0
55 79 0 0
57 79 0 0
59 79 0 0
60 79 0 0
61 79 0 0
62 79 0 0
63 79 0 0
64 79 0 0
65 79 0 0
66 79 0 0
67 79 0 0
69 79 0 0
70 79 0 0
75 79 0 0
76 79 0 0
77 79 0 0
2 80 0 0
25 80 0 0
27 80 0 0
54 80 0 0
55 80 0 0
58 80 0 0
59 80 0 0
61 80 0 0
62 80 0 0
63 80 0 0
65 80 0 0
66 80 0 0
68 80 0 0
69 80 0 0
70 80 0 0
71 80 0 0
72 80 0 0
74 80 0 0
75 80 0 0
76 80 0 0
77 80 0 0
78 80 0 0
2 81 0 0
53 81 0 0
55 81 0 0
59 81 0 0
60 81 0 0
61 81 0 0
62 81 0 0
63 81 0 0
64 81 0 0
65 81 0 0
66 81 0 0
67 81 0 0
68 81 0 0
69 81 0 0
70 81 0 0
74 81 0 0
75 81 0 0
76 81 0 0
77 81 0 0
78 81 0 0
79 81 0 0
80 81 0 0
2 82 0 0
54 82 0 0
58 82 0 0
59 82 0 0
60 82 0 0
61 82 0 0
62 82 0 0
63 82 0 0
65 82 0 0
66 82 0 0
68 82 0 0
69 82 0 0
70 82 0 0
71 82 0 0
72 82 0 0
74 82 0 0
75 82 0 0
76 82 0 0
77 82 0 0
78 82 0 0
79 82 0 0
80 82 0 0
81 82 0 0
2 83 0 0
62 83 0 0
63 83 0 0
65 83 0 0
78 83 0 0
80 83 0 0
81 83 0 0
82 83 0 0
84 85 0 0
60 86 0 0
64 86 0 0
79 86 0 0
2 87 0 0
62 87 0 0
63 87 0 0
65 87 0 0
66 87 0 0
78 87 0 0
80 87 0 0
81 87 0 0
82 87 0 0
83 87 0 0
2 88 0 0
62 88 0 0
63 88 0 0
65 88 0 0
66 88 0 0
79 88 0 0
80 88 0 0
81 88 0 0
82 88 0 0
83 88 0 0
87 88 0 0
2 89 0 0
60 89 0 0
61 89 0 0
62 89 0 0
63 89 0 0
64 89 0 0
65 89 0 0
66 89 0 0
79 89 0 0
81 89 0 0
82 89 0 0
83 89 0 0
86 89 0 0
87 89 0 0
88 89 0 0
2 90 0 0
63 90 0 0
65 90 0 0
66 90 0 0
79 90 0 0
80 90 0 0
81 90 0 0
82 90 0 0
83 90 0 0
87 90 0 0
88 90 0 0
89 90 0 0
86 91 0 0
89 91 0 0
2 92 0 0
91 93 0 0
91 94 0 0
93 94 0 0
86 95 0 0
91 95 0 0
93 95 0 0
94 95 0 0
86 96 0 0
91 96 0 0
93 96 0 0
94 96 0 0
95 96 0 0
86 97 0 0
91 97 0 0
93 97 0 0
94 97 0 0
95 97 0 0
96 97 0 0
2 98 0 0
87 98 0 0
88 98 0 0
90 98 0 0
92 98 0 0
2 99 0 0
92 99 0 0
98 99 0 0
88 100 0 0
89 100 0 0
90 100 0 0
91 100 0 0
93 100 0 0
97 100 0 0
98 100 0 0
2 101 0 0
92 101 0 0
98 101 0 0
99 101 0 0
91 102 0 0
93 102 0 0
94 102 0 0
95 102 0 0
96 102 0 0
97 102 0 0
100 102 0 0
2 103 0 0
92 103 0 0
98 103 0 0
99 103 0 0
101 103 0 0
92 104 0 0
98 104 0 0
99 104 0 0
100 104 0 0
101 104 0 0
103 104 0 0
93 105 0 0
97 105 0 0
100 105 0 0
102 105 0 0
103 105 0 0
104 105 0 0
91 106 0 0
93 106 0 0
94 106 0 0
95 106 0 0
96 106 0 0
97 106 0 0
102 106 0 0
91 107 0 0
93 107 0 0
94 107 0 0
95 107 0 0
96 107 0 0
97 107 0 0
102 107 0 0
106 107 0 0
93 108 0 0
97 108 0 0
98 108 0 0
100 108 0 0
102 108 0 0
103 108 0 0
104 108 0 0
105 108 0 0
86 109 0 0
89 109 0 0
91 109 0 0
93 109 0 0
94 109 0 0
95 109 0 0
96 109 0 0
97 109 0 0
100 109 0 0
102 109 0 0
105 109 0 0
106 109 0 0
107 109 0 0
108 109 0 0
2 110 0 0
83 110 0 0
87 110 0 0
88 110 0 0
90 110 0 0
92 110 0 0
98 110 0 0
99 110 0 0
100 110 0 0
101 110 0 0
103 110 0 0
104 110 0 0
108 110 0 0
2 111 0 0
87 111 0 0
88 111 0 0
89 111 0 0
90 111 0 0
93 111 0 0
98 111 0 0
99 111 0 0
100 111 0 0
101 111 0 0
103 111 0 0
104 111 0 0
105 111 0 0
108 111 0 0
109 111 0 0
110 111 0 0
2 112 0 0
83 112 0 0
87 112 0 0
88 112 0 0
89 112 0 0
90 112 0 0
92 112 0 0
98 112 0 0
99 112 0 0
100 112 0 0
101 112 0 0
103 112 0 0
104 112 0 0
108 112 0 0
110 112 0 0
111 112 0 0
2 113 0 0
66 113 0 0
79 113 0 0
81 113 0 0
82 113 0 0
83 113 0 0
86 113 0 0
87 113 0 0
88 113 0 0
89 113 0 0
90 113 0 0
91 113 0 0
93 113 0 0
96 113 0 0
97 113 0 0
100 113 0 0
108 113 0 0
109 113 0 0
111 113 0 0
112 113 0 0
86 114 0 0
88 114 0 0
89 114 0 0
90 114 0 0
91 114 0 0
93 114 0 0
94 114 0 0
95 114 0 0
96 114 0 0
97 114 0 0
100 114 0 0
106 114 0 0
109 114 0 0
111 114 0 0
113 114 0 0
2 115 0 0
81 115 0 0
82 115 0 0
83 115 0 0
87 115 0 0
88 115 0 0
89 115 0 0
90 115 0 0
98 115 0 0
100 115 0 0
101 115 0 0
104 115 0 0
108 115 0 0
110 115 0 0
111 115 0 0
112 115 0 0
113 115 0 0
114 115 0 0
2 116 0 0
81 116 0 0
82 116 0 0
83 116 0 0
87 116 0 0
88 116 0 0
89 116 0 0
90 116 0 0
91 116 0 0
93 116 0 0
97 116 0 0
98 116 0 0
100 116 0 0
104 116 0 0
105 116 0 0
108 116 0 0
109 116 0 0
110 116 0 0
111 116 0 0
112 116 0 0
113 116 0 0
114 116 0 0
115 116 0 0
2 117 0 0
82 117 0 0
83 117 0 0
87 117 0 0
88 117 0 0
89 117 0 0
90 117 0 0
92 117 0 0
98 117 0 0
99 117 0 0
101 117 0 0
103 117 0 0
110 117 0 0
111 117 0 0
112 117 0 0
113 117 0 0
115 117 0 0
116 117 0 0
86 118 0 0
89 118 0 0
90 118 0 0
91 118 0 0
93 118 0 0
94 118 0 0
95 118 0 0
96 118 0 0
97 118 0 0
100 118 0 0
102 118 0 0
106 118 0 0
107 118 0 0
108 118 0 0
109 118 0 0
111 118 0 0
113 118 0 0
114 118 0 0
115 118 0 0
116 118 0 0
2 119 0 0
82 119 0 0
83 119 0 0
87 119 0 0
88 119 0 0
89 119 0 0
90 119 0 0
92 119 0 0
98 119 0 0
99 119 0 0
100 119 0 0
101 119 0 0
103 119 0 0
104 119 0 0
108 119 0 0
110 119 0 0
111 119 0 0
112 119 0 0
113 119 0 0
114 119 0 0
115 119 0 0
116 119 0 0
117 119 0 0
118 119 0 0
86 120 0 0
87 120 0 0
88 120 0 0
89 120 0 0
90 120 0 0
91 120 0 0
93 120 0 0
96 120 0 0
97 120 0 0
100 120 0 0
108 120 0 0
109 120 0 0
111 120 0 0
112 120 0 0
113 120 0 0
114 120 0 0
115 120 0 0
116 120 0 0
118 120 0 0
119 120 0 0
86 121 0 0
88 121 0 0
89 121 0 0
90 121 0 0
91 121 0 0
93 121 0 0
95 121 0 0
96 121 0 0
97 121 0 0
100 121 0 0
102 121 0 0
104 121 0 0
105 121 0 0
106 121 0 0
108 121 0 0
109 121 0 0
111 121 0 0
112 121 0 0
113 121 0 0
114 121 0 0
115 121 0 0
116 121 0 0
118 121 0 0
119 121 0 0
120 121 0 0
2 122 0 0
83 122 0 0
87 122 0 0
88 122 0 0
90 122 0 0
92 122 0 0
98 122 0 0
99 122 0 0
101 122 0 0
103 122 0 0
104 122 0 0
110 122 0 0
111 122 0 0
112 122 0 0
115 122 0 0
116 122 0 0
117 122 0 0
119 122 0 0
2 123 0 0
83 123 0 0
87 123 0 0
88 123 0 0
92 123 0 0
98 123 0 0
99 123 0 0
101 123 0 0
103 123 0 0
110 123 0 0
111 123 0 0
112 123 0 0
117 123 0 0
119 123 0 0
122 123 0 0
53 124 0 0
59 124 0 0
60 124 0 0
61 124 0 0
62 124 0 0
63 124 0 0
64 124 0 0
65 124 0 0
66 124 0 0
67 124 0 0
69 124 0 0
70 124 0 0
75 124 0 0
76 124 0 0
77 124 0 0
79 124 0 0
81 124 0 0
82 124 0 0
86 124 0 0
87 124 0 0
88 124 0 0
89 124 0 0
90 124 0 0
113 124 0 0
114 124 0 0
115 124 0 0
116 124 0 0
120 124 0 0
121 124 0 0
2 125 0 0
54 125 0 0
58 125 0 0
62 125 0 0
63 125 0 0
65 125 0 0
66 125 0 0
68 125 0 0
69 125 0 0
70 125 0 0
71 125 0 0
72 125 0 0
74 125 0 0
75 125 0 0
76 125 0 0
77 125 0 0
78 125 0 0
80 125 0 0
81 125 0 0
82 125 0 0
83 125 0 0
87 125 0 0
88 125 0 0
89 125 0 0
90 125 0 0
112 125 0 0
115 125 0 0
117 125 0 0
119 125 0 0
124 125 0 0
2 126 0 0
53 126 0 0
55 126 0 0
59 126 0 0
60 126 0 0
61 126 0 0
62 126 0 0
63 126 0 0
64 126 0 0
65 126 0 0
66 126 0 0
67 126 0 0
69 126 0 0
70 126 0 0
75 126 0 0
76 126 0 0
77 126 0 0
79 126 0 0
80 126 0 0
81 126 0 0
82 126 0 0
83 126 0 0
87 126 0 0
88 126 0 0
89 126 0 0
90 126 0 0
113 126 0 0
114 126 0 0
115 126 0 0
116 126 0 0
119 126 0 0
120 126 0 0
121 126 0 0
124 126 0 0
125 126 0 0
2 127 0 0
59 127 0 0
60 127 0 0
61 127 0 0
62 127 0 0
63 127 0 0
64 127 0 0
65 127 0 0
66 127 0 0
67 127 0 0
69 127 0 0
70 127 0 0
75 127 0 0
76 127 0 0
77 127 0 0
79 127 0 0
80 127 0 0
81 127 0 0
82 127 0 0
83 127 0 0
87 127 0 0
88 127 0 0
89 127 0 0
90 127 0 0
112 127 0 0
113 127 0 0
114 127 0 0
115 127 0 0
116 127 0 0
117 127 0 0
119 127 0 0
120 127 0 0
121 127 0 0
124 127 0 0
125 127 0 0
126 127 0 0
2 128 0 0
60 128 0 0
61 128 0 0
62 128 0 0
63 128 0 0
65 128 0 0
66 128 0 0
68 128 0 0
69 128 0 0
70 128 0 0
72 128 0 0
74 128 0 0
75 128 0 0
76 128 0 0
77 128 0 0
78 128 0 0
79 128 0 0
80 128 0 0
81 128 0 0
82 128 0 0
83 128 0 0
87 128 0 0
88 128 0 0
89 128 0 0
90 128 0 0
110 128 0 0
111 128 0 0
112 128 0 0
113 128 0 0
114 128 0 0
115 128 0 0
116 128 0 0
117 128 0 0
119 128 0 0
120 128 0 0
121 128 0 0
122 128 0 0
123 128 0 0
124 128 0 0
125 128 0 0
126 128 0 0
127 128 0 0
1 129 0 0
2 129 0 0
25 129 0 0
27 129 0 0
30 129 0 0
54 129 0 0
58 129 0 0
62 129 0 0
68 129 0 0
70 129 0 0
71 129 0 0
72 129 0 0
74 129 0 0
75 129 0 0
78 129 0 0
80 129 0 0
125 129 0 0
1 130 0 0
2 130 0 0
25 130 0 0
26 130 0 0
27 130 0 0
28 130 0 0
30 130 0 0
43 130 0 0
54 130 0 0
55 130 0 0
58 130 0 0
59 130 0 0
62 130 0 0
63 130 0 0
65 130 0 0
68 130 0 0
69 130 0 0
70 130 0 0
71 130 0 0
72 130 0 0
74 130 0 0
75 130 0 0
76 130 0 0
77 130 0 0
78 130 0 0
80 130 0 0
129 130 0 0
1 131 0 0
2 131 0 0
25 131 0 0
27 131 0 0
28 131 0 0
30 131 0 0
43 131 0 0
54 131 0 0
58 131 0 0
62 131 0 0
65 131 0 0
68 131 0 0
69 131 0 0
70 131 0 0
71 131 0 0
72 131 0 0
74 131 0 0
75 131 0 0
77 131 0 0
78 131 0 0
80 131 0 0
129 131 0 0
130 131 0 0
1 132 0 0
2 132 0 0
25 132 0 0
26 132 0 0
27 132 0 0
28 132 0 0
30 132 0 0
43 132 0 0
54 132 0 0
55 132 0 0
58 132 0 0
59 132 0 0
62 132 0 0
63 132 0 0
68 132 0 0
69 132 0 0
70 132 0 0
71 132 0 0
72 132 0 0
74 132 0 0
75 132 0 0
76 132 0 0
77 132 0 0
78 132 0 0
80 132 0 0
129 132 0 0
130 132 0 0
131 132 0 0
1 133 0 0
2 133 0 0
25 133 0 0
26 133 0 0
27 133 0 0
28 133 0 0
30 133 0 0
43 133 0 0
54 133 0 0
55 133 0 0
58 133 0 0
59 133 0 0
62 133 0 0
63 133 0 0
65 133 0 0
68 133 0 0
69 133 0 0
70 133 0 0
71 133 0 0
72 133 0 0
74 133 0 0
75 133 0 0
76 133 0 0
77 133 0 0
78 133 0 0
80 133 0 0
129 133 0 0
130 133 0 0
131 133 0 0
132 133 0 0
1 134 0 0
6 134 0 0
11 134 0 0
15 134 0 0
16 134 0 0
25 134 0 0
26 134 0 0
27 134 0 0
28 134 0 0
30 134 0 0
31 134 0 0
34 134 0 0
37 134 0 0
40 134 0 0
43 134 0 0
44 134 0 0
53 134 0 0
54 134 0 0
55 134 0 0
57 134 0 0
58 134 0 0
59 134 0 0
60 134 0 0
61 134 0 0
62 134 0 0
63 134 0 0
65 134 0 0
66 134 0 0
67 134 0 0
68 134 0 0
69 134 0 0
70 134 0 0
72 134 0 0
74 134 0 0
75 134 0 0
76 134 0 0
77 134 0 0
129 134 0 0
130 134 0 0
131 134 0 0
132 134 0 0
133 134 0 0
10 135 0 0
24 135 0 0
32 135 0 0
33 135 0 0
35 135 0 0
36 135 0 0
46 135 0 0
47 135 0 0
51 135 0 0
52 135 0 0
56 135 0 0
1 136 0 0
11 136 0 0
12 136 0 0
25 136 0 0
26 136 0 0
28 136 0 0
30 136 0 0
31 136 0 0
34 136 0 0
37 136 0 0
38 136 0 0
40 136 0 0
43 136 0 0
44 136 0 0
48 136 0 0
53 136 0 0
55 136 0 0
57 136 0 0
59 136 0 0
60 136 0 0
61 136 0 0
62 136 0 0
63 136 0 0
64 136 0 0
65 136 0 0
66 136 0 0
67 136 0 0
69 136 0 0
70 136 0 0
75 136 0 0
76 136 0 0
77 136 0 0
79 136 0 0
133 136 0 0
134 136 0 0
1 137 0 0
11 137 0 0
12 137 0 0
25 137 0 0
26 137 0 0
28 137 0 0
31 137 0 0
34 137 0 0
37 137 0 0
38 137 0 0
39 137 0 0
40 137 0 0
41 137 0 0
43 137 0 0
44 137 0 0
48 137 0 0
53 137 0 0
55 137 0 0
57 137 0 0
59 137 0 0
60 137 0 0
61 137 0 0
63 137 0 0
64 137 0 0
66 137 0 0
67 137 0 0
69 137 0 0
70 137 0 0
73 137 0 0
75 137 0 0
76 137 0 0
77 137 0 0
79 137 0 0
134 137 0 0
136 137 0 0
12 138 0 0
13 138 0 0
22 138 0 0
29 138 0 0
31 138 0 0
34 138 0 0
37 138 0 0
38 138 0 0
39 138 0 0
41 138 0 0
42 138 0 0
44 138 0 0
45 138 0 0
48 138 0 0
49 138 0 0
53 138 0 0
57 138 0 0
60 138 0 0
64 138 0 0
67 138 0 0
73 138 0 0
136 138 0 0
137 138 0 0
1 139 0 0
25 139 0 0
26 139 0 0
27 139 0 0
28 139 0 0
30 139 0 0
31 139 0 0
34 139 0 0
37 139 0 0
40 139 0 0
43 139 0 0
53 139 0 0
54 139 0 0
55 139 0 0
58 139 0 0
59 139 0 0
60 139 0 0
61 139 0 0
62 139 0 0
63 139 0 0
65 139 0 0
66 139 0 0
67 139 0 0
68 139 0 0
69 139 0 0
70 139 0 0
72 139 0 0
74 139 0 0
75 139 0 0
76 139 0 0
77 139 0 0
78 139 0 0
80 139 0 0
81 139 0 0
129 139 0 0
130 139 0 0
131 139 0 0
132 139 0 0
133 139 0 0
134 139 0 0
136 139 0 0
137 139 0 0
10 140 0 0
24 140 0 0
29 140 0 0
32 140 0 0
33 140 0 0
35 140 0 0
36 140 0 0
46 140 0 0
47 140 0 0
50 140 0 0
51 140 0 0
52 140 0 0
56 140 0 0
135 140 0 0
1 141 0 0
25 141 0 0
26 141 0 0
28 141 0 0
30 141 0 0
31 141 0 0
34 141 0 0
37 141 0 0
40 141 0 0
43 141 0 0
44 141 0 0
53 141 0 0
54 141 0 0
55 141 0 0
57 141 0 0
59 141 0 0
60 141 0 0
61 141 0 0
62 141 0 0
63 141 0 0
64 141 0 0
65 141 0 0
66 141 0 0
67 141 0 0
68 141 0 0
69 141 0 0
70 141 0 0
75 141 0 0
76 141 0 0
77 141 0 0
79 141 0 0
81 141 0 0
126 141 0 0
130 141 0 0
133 141 0 0
134 141 0 0
136 141 0 0
137 141 0 0
138 141 0 0
139 141 0 0
1 142 0 0
2 142 0 0
25 142 0 0
26 142 0 0
27 142 0 0
28 142 0 0
30 142 0 0
31 142 0 0
34 142 0 0
40 142 0 0
43 142 0 0
53 142 0 0
54 142 0 0
55 142 0 0
57 142 0 0
58 142 0 0
59 142 0 0
60 142 0 0
61 142 0 0
62 142 0 0
63 142 0 0
65 142 0 0
66 142 0 0
67 142 0 0
68 142 0 0
69 142 0 0
70 142 0 0
71 142 0 0
72 142 0 0
74 142 0 0
75 142 0 0
76 142 0 0
77 142 0 0
78 142 0 0
79 142 0 0
80 142 0 0
81 142 0 0
82 142 0 0
124 142 0 0
126 142 0 0
127 142 0 0
129 142 0 0
130 142 0 0
131 142 0 0
132 142 0 0
133 142 0 0
134 142 0 0
136 142 0 0
137 142 0 0
139 142 0 0
141 142 0 0
84 143 0 1
85 143 0 1
86 143 0 1
91 143 0 1
93 143 0 1
94 143 0 1
95 143 0 1
96 143 0 1
97 143 0 1
102 143 0 1
106 143 0 1
107 143 0 1
109 143 0 1
118 143 0 1
57 144 0 1
60 144 0 1
61 144 0 1
64 144 0 1
66 144 0 1
67 144 0 1
73 144 0 1
79 144 0 1
86 144 0 1
89 144 0 1
91 144 0 1
109 144 0 1
113 144 0 1
114 144 0 1
118 144 0 1
120 144 0 1
121 144 0 1
124 144 0 1
126 144 0 1
127 144 0 1
24 145 0 1
29 145 0 1
32 145 0 1
33 145 0 1
36 145 0 1
45 145 0 1
46 145 0 1
47 145 0 1
49 145 0 1
50 145 0 1
51 145 0 1
52 145 0 1
56 145 0 1
73 145 0 1
84 145 0 1
85 145 0 1
86 145 0 1
135 145 0 1
138 145 0 1
140 145 0 1
3 146 0 1
8 146 0 1
9 146 0 1
10 146 0 1
14 146 0 1
19 146 0 1
21 146 0 1
23 146 0 1
24 146 0 1
29 146 0 1
32 146 0 1
33 146 0 1
35 146 0 1
36 146 0 1
45 146 0 1
46 146 0 1
47 146 0 1
49 146 0 1
50 146 0 1
51 146 0 1
52 146 0 1
3 147 0 1
8 147 0 1
10 147 0 1
14 147 0 1
19 147 0 1
21 147 0 1
24 147 0 1
32 147 0 1
33 147 0 1
35 147 0 1
36 147 0 1
45 147 0 1
46 147 0 1
47 147 0 1
50 147 0 1
51 147 0 1
52 147 0 1
10 148 0 1
14 148 0 1
21 148 0 1
24 148 0 1
32 148 0 1
33 148 0 1
35 148 0 1
36 148 0 1
46 148 0 1
47 148 0 1
50 148 0 1
51 148 0 1
52 148 0 1
135 148 0 1
10 149 0 1
14 149 0 1
21 149 0 1
24 149 0 1
32 149 0 1
33 149 0 1
35 149 0 1
36 149 0 1
46 149 0 1
47 149 0 1
51 149 0 1
52 149 0 1
135 149 0 1
3 150 0 1
8 150 0 1
9 150 0 1
10 150 0 1
13 150 0 1
14 150 0 1
19 150 0 1
20 150 0 1
21 150 0 1
23 150 0 1
24 150 0 1
29 150 0 1
32 150 0 1
33 150 0 1
35 150 0 1
36 150 0 1
45 150 0 1
46 150 0 1
47 150 0 1
49 150 0 1
50 150 0 1
51 150 0 1
52 150 0 1
3 151 0 1
8 151 0 1
10 151 0 1
14 151 0 1
19 151 0 1
21 151 0 1
23 151 0 1
24 151 0 1
29 151 0 1
32 151 0 1
33 151 0 1
35 151 0 1
36 151 0 1
45 151 0 1
46 151 0 1
47 151 0 1
50 151 0 1
51 151 0 1
52 151 0 1
3 152 0 1
10 152 0 1
14 152 0 1
19 152 0 1
21 152 0 1
24 152 0 1
32 152 0 1
33 152 0 1
35 152 0 1
36 152 0 1
45 152 0 1
46 152 0 1
47 152 0 1
50 152 0 1
51 152 0 1
52 152 0 1
3 153 0 1
8 153 0 1
10 153 0 1
14 153 0 1
19 153 0 1
21 153 0 1
23 153 0 1
24 153 0 1
29 153 0 1
32 153 0 1
33 153 0 1
35 153 0 1
36 153 0 1
45 153 0 1
46 153 0 1
47 153 0 1
50 153 0 1
51 153 0 1
52 153 0 1
3 154 0 1
10 154 0 1
14 154 0 1
19 154 0 1
21 154 0 1
24 154 0 1
29 154 0 1
32 154 0 1
33 154 0 1
35 154 0 1
36 154 0 1
45 154 0 1
46 154 0 1
47 154 0 1
50 154 0 1
51 154 0 1
52 154 0 1
3 155 0 1
8 155 0 1
9 155 0 1
10 155 0 1
13 155 0 1
14 155 0 1
19 155 0 1
20 155 0 1
21 155 0 1
22 155 0 1
23 155 0 1
24 155 0 1
29 155 0 1
32 155 0 1
33 155 0 1
35 155 0 1
36 155 0 1
39 155 0 1
42 155 0 1
45 155 0 1
46 155 0 1
47 155 0 1
49 155 0 1
50 155 0 1
51 155 0 1
52 155 0 1
140 155 0 1
3 156 0 1
8 156 0 1
9 156 0 1
12 156 0 1
13 156 0 1
17 156 0 1
18 156 0 1
19 156 0 1
20 156 0 1
22 156 0 1
23 156 0 1
24 156 0 1
29 156 0 1
31 156 0 1
33 156 0 1
34 156 0 1
38 156 0 1
39 156 0 1
41 156 0 1
42 156 0 1
44 156 0 1
45 156 0 1
48 156 0 1
49 156 0 1
50 156 0 1
52 156 0 1
73 156 0 1
138 156 0 1
8 157 0 1
9 157 0 1
11 157 0 1
12 157 0 1
13 157 0 1
17 157 0 1
18 157 0 1
20 157 0 1
22 157 0 1
23 157 0 1
24 157 0 1
29 157 0 1
31 157 0 1
34 157 0 1
37 157 0 1
38 157 0 1
39 157 0 1
41 157 0 1
42 157 0 1
44 157 0 1
45 157 0 1
48 157 0 1
49 157 0 1
50 157 0 1
57 157 0 1
73 157 0 1
137 157 0 1
138 157 0 1
1 158 0 1
2 158 0 1
25 158 0 1
26 158 0 1
27 158 0 1
28 158 0 1
30 158 0 1
31 158 0 1
40 158 0 1
43 158 0 1
53 158 0 1
54 158 0 1
55 158 0 1
58 158 0 1
59 158 0 1
61 158 0 1
62 158 0 1
63 158 0 1
65 158 0 1
66 158 0 1
68 158 0 1
69 158 0 1
70 158 0 1
71 158 0 1
72 158 0 1
74 158 0 1
75 158 0 1
76 158 0 1
77 158 0 1
78 158 0 1
80 158 0 1
129 158 0 1
130 158 0 1
131 158 0 1
132 158 0 1
133 158 0 1
134 158 0 1
136 158 0 1
137 158 0 1
139 158 0 1
141 158 0 1
142 158 0 1
11 159 0 1
12 159 0 1
13 159 0 1
22 159 0 1
26 159 0 1
29 159 0 1
31 159 0 1
34 159 0 1
37 159 0 1
38 159 0 1
39 159 0 1
41 159 0 1
42 159 0 1
44 159 0 1
45 159 0 1
48 159 0 1
49 159 0 1
53 159 0 1
57 159 0 1
64 159 0 1
67 159 0 1
73 159 0 1
136 159 0 1
137 159 0 1
138 159 0 1
3 160 0 1
8 160 0 1
9 160 0 1
12 160 0 1
13 160 0 1
14 160 0 1
17 160 0 1
18 160 0 1
19 160 0 1
20 160 0 1
22 160 0 1
23 160 0 1
24 160 0 1
29 160 0 1
31 160 0 1
33 160 0 1
34 160 0 1
38 160 0 1
39 160 0 1
41 160 0 1
42 160 0 1
45 160 0 1
48 160 0 1
49 160 0 1
50 160 0 1
52 160 0 1
73 160 0 1
138 160 0 1
3 161 0 1
8 161 0 1
9 161 0 1
12 161 0 1
13 161 0 1
14 161 0 1
17 161 0 1
19 161 0 1
20 161 0 1
21 161 0 1
22 161 0 1
23 161 0 1
24 161 0 1
29 161 0 1
31 161 0 1
33 161 0 1
34 161 0 1
35 161 0 1
38 161 0 1
39 161 0 1
41 161 0 1
42 161 0 1
45 161 0 1
47 161 0 1
48 161 0 1
49 161 0 1
50 161 0 1
51 161 0 1
52 161 0 1
73 161 0 1
138 161 0 1
10 162 0 1
14 162 0 1
19 162 0 1
21 162 0 1
23 162 0 1
24 162 0 1
29 162 0 1
32 162 0 1
33 162 0 1
35 162 0 1
36 162 0 1
45 162 0 1
46 162 0 1
47 162 0 1
49 162 0 1
50 162 0 1
51 162 0 1
52 162 0 1
56 162 0 1
135 162 0 1
140 162 0 1
3 163 0 1
8 163 0 1
9 163 0 1
12 163 0 1
13 163 0 1
14 163 0 1
17 163 0 1
18 163 0 1
19 163 0 1
20 163 0 1
21 163 0 1
22 163 0 1
23 163 0 1
24 163 0 1
29 163 0 1
31 163 0 1
33 163 0 1
34 163 0 1
38 163 0 1
39 163 0 1
41 163 0 1
42 163 0 1
44 163 0 1
45 163 0 1
47 163 0 1
48 163 0 1
49 163 0 1
50 163 0 1
52 163 0 1
138 163 0 1
3 164 0 1
8 164 0 1
10 164 0 1
13 164 0 1
14 164 0 1
19 164 0 1
21 164 0 1
23 164 0 1
24 164 0 1
29 164 0 1
32 164 0 1
33 164 0 1
35 164 0 1
36 164 0 1
45 164 0 1
46 164 0 1
47 164 0 1
49 164 0 1
50 164 0 1
51 164 0 1
52 164 0 1
135 164 0 1
140 164 0 1
10 165 0 1
14 165 0 1
19 165 0 1
21 165 0 1
24 165 0 1
29 165 0 1
32 165 0 1
33 165 0 1
35 165 0 1
36 165 0 1
45 165 0 1
46 165 0 1
47 165 0 1
50 165 0 1
51 165 0 1
52 165 0 1
135 165 0 1
140 165 0 1
24 166 0 1
32 166 0 1
33 166 0 1
36 166 0 1
46 166 0 1
51 166 0 1
56 166 0 1
135 166 0 1
140 166 0 1
24 167 0 1
29 167 0 1
32 167 0 1
33 167 0 1
45 167 0 1
47 167 0 1
49 167 0 1
50 167 0 1
51 167 0 1
52 167 0 1
56 167 0 1
73 167 0 1
135 167 0 1
140 167 0 1
26 168 0 1
28 168 0 1
31 168 0 1
34 168 0 1
37 168 0 1
38 168 0 1
40 168 0 1
44 168 0 1
48 168 0 1
53 168 0 1
55 168 0 1
57 168 0 1
59 168 0 1
60 168 0 1
61 168 0 1
63 168 0 1
64 168 0 1
66 168 0 1
67 168 0 1
69 168 0 1
73 168 0 1
75 168 0 1
76 168 0 1
77 168 0 1
79 168 0 1
134 168 0 1
136 168 0 1
137 168 0 1
138 168 0 1
139 168 0 1
141 168 0 1
142 168 0 1
24 169 0 1
29 169 0 1
33 169 0 1
45 169 0 1
49 169 0 1
50 169 0 1
52 169 0 1
73 169 0 1
138 169 0 1
140 169 0 1
29 170 0 1
31 170 0 1
34 170 0 1
38 170 0 1
39 170 0 1
42 170 0 1
48 170 0 1
49 170 0 1
53 170 0 1
57 170 0 1
64 170 0 1
67 170 0 1
73 170 0 1
137 170 0 1
138 170 0 1
11 171 0 1
12 171 0 1
22 171 0 1
26 171 0 1
31 171 0 1
34 171 0 1
37 171 0 1
38 171 0 1
39 171 0 1
40 171 0 1
41 171 0 1
42 171 0 1
44 171 0 1
48 171 0 1
49 171 0 1
53 171 0 1
55 171 0 1
57 171 0 1
60 171 0 1
61 171 0 1
64 171 0 1
67 171 0 1
73 171 0 1
136 171 0 1
137 171 0 1
138 171 0 1
141 171 0 1
13 172 0 1
23 172 0 1
24 172 0 1
29 172 0 1
31 172 0 1
33 172 0 1
39 172 0 1
41 172 0 1
42 172 0 1
45 172 0 1
48 172 0 1
49 172 0 1
50 172 0 1
52 172 0 1
57 172 0 1
73 172 0 1
138 172 0 1
10 173 0 1
21 173 0 1
24 173 0 1
29 173 0 1
32 173 0 1
33 173 0 1
35 173 0 1
36 173 0 1
45 173 0 1
46 173 0 1
47 173 0 1
50 173 0 1
51 173 0 1
52 173 0 1
56 173 0 1
135 173 0 1
140 173 0 1
12 174 0 1
13 174 0 1
22 174 0 1
29 174 0 1
31 174 0 1
34 174 0 1
38 174 0 1
39 174 0 1
41 174 0 1
42 174 0 1
44 174 0 1
45 174 0 1
48 174 0 1
49 174 0 1
53 174 0 1
57 174 0 1
64 174 0 1
67 174 0 1
73 174 0 1
136 174 0 1
137 174 0 1
138 174 0 1
12 175 0 1
26 175 0 1
31 175 0 1
34 175 0 1
37 175 0 1
38 175 0 1
39 175 0 1
40 175 0 1
41 175 0 1
44 175 0 1
48 175 0 1
53 175 0 1
55 175 0 1
57 175 0 1
59 175 0 1
60 175 0 1
61 175 0 1
64 175 0 1
66 175 0 1
67 175 0 1
69 175 0 1
73 175 0 1
76 175 0 1
79 175 0 1
134 175 0 1
136 175 0 1
137 175 0 1
138 175 0 1
139 175 0 1
141 175 0 1
142 175 0 1
24 176 0 1
29 176 0 1
31 176 0 1
33 176 0 1
39 176 0 1
42 176 0 1
45 176 0 1
48 176 0 1
49 176 0 1
50 176 0 1
52 176 0 1
57 176 0 1
73 176 0 1
138 176 0 1
26 177 0 1
29 177 0 1
31 177 0 1
34 177 0 1
37 177 0 1
38 177 0 1
39 177 0 1
41 177 0 1
42 177 0 1
44 177 0 1
48 177 0 1
49 177 0 1
53 177 0 1
55 177 0 1
57 177 0 1
60 177 0 1
61 177 0 1
64 177 0 1
67 177 0 1
73 177 0 1
136 177 0 1
137 177 0 1
138 177 0 1
141 177 0 1
2 178 0 1
25 178 0 1
54 178 0 1
55 178 0 1
58 178 0 1
59 178 0 1
61 178 0 1
62 178 0 1
63 178 0 1
65 178 0 1
66 178 0 1
68 178 0 1
69 178 0 1
70 178 0 1
71 178 0 1
72 178 0 1
74 178 0 1
75 178 0 1
76 178 0 1
77 178 0 1
78 178 0 1
80 178 0 1
81 178 0 1
82 178 0 1
83 178 0 1
87 178 0 1
88 178 0 1
124 178 0 1
125 178 0 1
126 178 0 1
127 178 0 1
128 178 0 1
129 178 0 1
130 178 0 1
131 178 0 1
132 178 0 1
133 178 0 1
134 178 0 1
139 178 0 1
141 178 0 1
142 178 0 1
2 179 0 1
25 179 0 1
26 179 0 1
28 179 0 1
30 179 0 1
31 179 0 1
53 179 0 1
54 179 0 1
55 179 0 1
57 179 0 1
58 179 0 1
59 179 0 1
60 179 0 1
61 179 0 1
62 179 0 1
63 179 0 1
64 179 0 1
65 179 0 1
66 179 0 1
67 179 0 1
68 179 0 1
69 179 0 1
70 179 0 1
72 179 0 1
74 179 0 1
75 179 0 1
76 179 0 1
77 179 0 1
78 179 0 1
79 179 0 1
80 179 0 1
81 179 0 1
82 179 0 1
124 179 0 1
125 179 0 1
126 179 0 1
127 179 0 1
128 179 0 1
130 179 0 1
131 179 0 1
132 179 0 1
133 179 0 1
134 179 0 1
136 179 0 1
137 179 0 1
139 179 0 1
141 179 0 1
142 179 0 1
73 180 0 1
138 180 0 1
57 181 0 1
60 181 0 1
64 181 0 1
67 181 0 1
73 181 0 1
138 181 0 1
56 182 0 1
135 182 0 1
140 182 0 1
56 183 0 1
135 183 0 1
140 183 0 1
57 184 0 1
60 184 0 1
64 184 0 1
67 184 0 1
73 184 0 1
137 184 0 1
138 184 0 1
26 185 0 1
31 185 0 1
53 185 0 1
55 185 0 1
57 185 0 1
59 185 0 1
60 185 0 1
61 185 0 1
62 185 0 1
63 185 0 1
64 185 0 1
65 185 0 1
66 185 0 1
67 185 0 1
68 185 0 1
69 185 0 1
70 185 0 1
75 185 0 1
76 185 0 1
77 185 0 1
79 185 0 1
80 185 0 1
81 185 0 1
82 185 0 1
89 185 0 1
124 185 0 1
125 185 0 1
126 185 0 1
127 185 0 1
128 185 0 1
134 185 0 1
136 185 0 1
137 185 0 1
139 185 0 1
141 185 0 1
142 185 0 1
53 186 0 1
57 186 0 1
60 186 0 1
61 186 0 1
64 186 0 1
66 186 0 1
67 186 0 1
73 186 0 1
79 186 0 1
86 186 0 1
124 186 0 1
136 186 0 1
137 186 0 1
138 186 0 1
25 187 0 1
26 187 0 1
28 187 0 1
31 187 0 1
34 187 0 1
37 187 0 1
53 187 0 1
55 187 0 1
57 187 0 1
59 187 0 1
60 187 0 1
61 187 0 1
62 187 0 1
63 187 0 1
64 187 0 1
65 187 0 1
66 187 0 1
67 187 0 1
69 187 0 1
70 187 0 1
75 187 0 1
76 187 0 1
77 187 0 1
79 187 0 1
81 187 0 1
124 187 0 1
126 187 0 1
134 187 0 1
136 187 0 1
137 187 0 1
138 187 0 1
139 187 0 1
141 187 0 1
142 187 0 1
31 188 0 1
34 188 0 1
48 188 0 1
53 188 0 1
57 188 0 1
60 188 0 1
61 188 0 1
64 188 0 1
66 188 0 1
67 188 0 1
73 188 0 1
79 188 0 1
136 188 0 1
137 188 0 1
138 188 0 1
141 188 0 1
24 189 0 1
32 189 0 1
33 189 0 1
36 189 0 1
46 189 0 1
51 189 0 1
56 189 0 1
135 189 0 1
140 189 0 1
29 190 0 1
31 190 0 1
34 190 0 1
39 190 0 1
48 190 0 1
49 190 0 1
53 190 0 1
57 190 0 1
60 190 0 1
64 190 0 1
67 190 0 1
73 190 0 1
136 190 0 1
137 190 0 1
138 190 0 1
24 191 0 1
29 191 0 1
32 191 0 1
33 191 0 1
46 191 0 1
51 191 0 1
52 191 0 1
56 191 0 1
135 191 0 1
140 191 0 1
26 192 0 1
31 192 0 1
34 192 0 1
53 192 0 1
55 192 0 1
57 192 0 1
59 192 0 1
60 192 0 1
61 192 0 1
63 192 0 1
64 192 0 1
66 192 0 1
67 192 0 1
69 192 0 1
73 192 0 1
76 192 0 1
79 192 0 1
124 192 0 1
126 192 0 1
134 192 0 1
136 192 0 1
137 192 0 1
138 192 0 1
141 192 0 1
142 192 0 1
25 193 0 1
26 193 0 1
28 193 0 1
30 193 0 1
31 193 0 1
53 193 0 1
55 193 0 1
57 193 0 1
59 193 0 1
60 193 0 1
61 193 0 1
62 193 0 1
63 193 0 1
64 193 0 1
65 193 0 1
66 193 0 1
67 193 0 1
68 193 0 1
69 193 0 1
70 193 0 1
74 193 0 1
75 193 0 1
76 193 0 1
77 193 0 1
79 193 0 1
80 193 0 1
81 193 0 1
82 193 0 1
124 193 0 1
126 193 0 1
127 193 0 1
128 193 0 1
130 193 0 1
133 193 0 1
134 193 0 1
136 193 0 1
137 193 0 1
139 193 0 1
141 193 0 1
142 193 0 1
31 194 0 1
53 194 0 1
57 194 0 1
60 194 0 1
64 194 0 1
67 194 0 1
73 194 0 1
79 194 0 1
136 194 0 1
137 194 0 1
138 194 0 1
29 195 0 1
73 195 0 1
138 195 0 1
29 196 0 1
57 196 0 1
64 196 0 1
67 196 0 1
73 196 0 1
138 196 0 1
32 197 0 1
56 197 0 1
135 197 0 1
140 197 0 1
57 198 0 1
60 198 0 1
61 198 0 1
63 198 0 1
64 198 0 1
66 198 0 1
67 198 0 1
73 198 0 1
76 198 0 1
79 198 0 1
81 198 0 1
86 198 0 1
89 198 0 1
90 198 0 1
113 198 0 1
114 198 0 1
118 198 0 1
120 198 0 1
124 198 0 1
126 198 0 1
127 198 0 1
56 199 0 1
84 199 0 1
85 199 0 1
73 200 0 1
86 200 0 1
53 201 0 1
57 201 0 1
60 201 0 1
61 201 0 1
63 201 0 1
64 201 0 1
66 201 0 1
67 201 0 1
73 201 0 1
76 201 0 1
79 201 0 1
81 201 0 1
86 201 0 1
89 201 0 1
113 201 0 1
114 201 0 1
124 201 0 1
126 201 0 1
127 201 0 1
56 202 0 1
85 202 0 1
135 202 0 1
140 202 0 1
56 203 0 1
85 203 0 1
135 203 0 1
140 203 0 1
57 204 0 1
64 204 0 1
73 204 0 1
86 204 0 1
138 204 0 1
53 205 0 1
55 205 0 1
57 205 0 1
59 205 0 1
60 205 0 1
61 205 0 1
62 205 0 1
63 205 0 1
64 205 0 1
65 205 0 1
66 205 0 1
67 205 0 1
69 205 0 1
70 205 0 1
75 205 0 1
76 205 0 1
77 205 0 1
79 205 0 1
80 205 0 1
81 205 0 1
82 205 0 1
87 205 0 1
88 205 0 1
89 205 0 1
90 205 0 1
113 205 0 1
124 205 0 1
125 205 0 1
126 205 0 1
127 205 0 1
128 205 0 1
141 205 0 1
142 205 0 1
56 206 0 1
84 206 0 1
85 206 0 1
135 206 0 1
140 206 0 1
56 207 0 1
84 207 0 1
85 207 0 1
140 207 0 1
53 208 0 1
57 208 0 1
60 208 0 1
61 208 0 1
64 208 0 1
66 208 0 1
67 208 0 1
73 208 0 1
76 208 0 1
79 208 0 1
81 208 0 1
86 208 0 1
89 208 0 1
124 208 0 1
126 208 0 1
137 208 0 1
138 208 0 1
2 209 0 1
60 209 0 1
61 209 0 1
62 209 0 1
63 209 0 1
65 209 0 1
66 209 0 1
77 209 0 1
79 209 0 1
80 209 0 1
81 209 0 1
82 209 0 1
83 209 0 1
87 209 0 1
88 209 0 1
89 209 0 1
90 209 0 1
110 209 0 1
111 209 0 1
112 209 0 1
113 209 0 1
114 209 0 1
115 209 0 1
116 209 0 1
117 209 0 1
119 209 0 1
120 209 0 1
121 209 0 1
122 209 0 1
124 209 0 1
125 209 0 1
126 209 0 1
127 209 0 1
128 209 0 1
84 210 0 1
85 210 0 1
86 211 0 1
91 211 0 1
95 211 0 1
60 212 0 1
61 212 0 1
64 212 0 1
66 212 0 1
79 212 0 1
81 212 0 1
86 212 0 1
89 212 0 1
90 212 0 1
91 212 0 1
95 212 0 1
96 212 0 1
97 212 0 1
109 212 0 1
113 212 0 1
114 212 0 1
115 212 0 1
116 212 0 1
118 212 0 1
120 212 0 1
121 212 0 1
124 212 0 1
126 212 0 1
127 212 0 1
84 213 0 1
85 213 0 1
84 214 0 1
85 214 0 1
86 215 0 1
89 215 0 1
91 215 0 1
93 215 0 1
94 215 0 1
95 215 0 1
96 215 0 1
97 215 0 1
100 215 0 1
102 215 0 1
106 215 0 1
107 215 0 1
109 215 0 1
113 215 0 1
114 215 0 1
116 215 0 1
118 215 0 1
120 215 0 1
121 215 0 1
124 215 0 1
86 216 0 1
91 216 0 1
93 216 0 1
94 216 0 1
95 216 0 1
96 216 0 1
97 216 0 1
106 216 0 1
107 216 0 1
109 216 0 1
113 216 0 1
114 216 0 1
118 216 0 1
86 217 0 1
91 217 0 1
93 217 0 1
94 217 0 1
95 217 0 1
96 217 0 1
97 217 0 1
102 217 0 1
106 217 0 1
107 217 0 1
109 217 0 1
113 217 0 1
114 217 0 1
118 217 0 1
120 217 0 1
121 217 0 1
84 218 0 1
85 218 0 1
84 219 0 1
85 219 0 1
84 220 0 1
85 220 0 1
64 221 0 1
79 221 0 1
86 221 0 1
89 221 0 1
91 221 0 1
95 221 0 1
96 221 0 1
97 221 0 1
109 221 0 1
113 221 0 1
114 221 0 1
118 221 0 1
120 221 0 1
121 221 0 1
124 221 0 1
126 221 0 1
64 222 0 1
86 222 0 1
91 222 0 1
94 222 0 1
95 222 0 1
96 222 0 1
97 222 0 1
109 222 0 1
114 222 0 1
118 222 0 1
86 223 0 1
91 223 0 1
95 223 0 1
96 223 0 1
84 224 0 1
85 224 0 1
84 225 0 1
85 225 0 1
2 226 0 1
83 226 0 1
87 226 0 1
88 226 0 1
92 226 0 1
98 226 0 1
99 226 0 1
101 226 0 1
103 226 0 1
104 226 0 1
110 226 0 1
111 226 0 1
112 226 0 1
115 226 0 1
117 226 0 1
119 226 0 1
122 226 0 1
123 226 0 1
84 227 0 1
85 227 0 1
84 228 0 1
85 228 0 1
88 229 0 1
89 229 0 1
90 229 0 1
91 229 0 1
93 229 0 1
96 229 0 1
97 229 0 1
100 229 0 1
102 229 0 1
104 229 0 1
105 229 0 1
106 229 0 1
108 229 0 1
109 229 0 1
110 229 0 1
111 229 0 1
112 229 0 1
113 229 0 1
114 229 0 1
115 229 0 1
116 229 0 1
118 229 0 1
119 229 0 1
120 229 0 1
121 229 0 1
86 230 0 1
91 230 0 1
93 230 0 1
94 230 0 1
95 230 0 1
96 230 0 1
97 230 0 1
102 230 0 1
106 230 0 1
107 230 0 1
109 230 0 1
113 230 0 1
114 230 0 1
118 230 0 1
120 230 0 1
121 230 0 1
2 231 0 1
83 231 0 1
87 231 0 1
88 231 0 1
90 231 0 1
92 231 0 1
98 231 0 1
99 231 0 1
100 231 0 1
101 231 0 1
103 231 0 1
104 231 0 1
105 231 0 1
108 231 0 1
110 231 0 1
111 231 0 1
112 231 0 1
113 231 0 1
115 231 0 1
116 231 0 1
117 231 0 1
119 231 0 1
120 231 0 1
122 231 0 1
123 231 0 1
86 232 0 1
89 232 0 1
90 232 0 1
91 232 0 1
93 232 0 1
94 232 0 1
95 232 0 1
96 232 0 1
97 232 0 1
100 232 0 1
102 232 0 1
104 232 0 1
105 232 0 1
106 232 0 1
107 232 0 1
108 232 0 1
109 232 0 1
111 232 0 1
113 232 0 1
114 232 0 1
115 232 0 1
116 232 0 1
118 232 0 1
120 232 0 1
121 232 0 1
93 233 0 1
98 233 0 1
100 233 0 1
101 233 0 1
102 233 0 1
103 233 0 1
104 233 0 1
105 233 0 1
108 233 0 1
110 233 0 1
111 233 0 1
94 234 0 1
95 234 0 1
96 234 0 1
106 234 0 1
107 234 0 1
91 235 0 1
93 235 0 1
94 235 0 1
95 235 0 1
96 235 0 1
97 235 0 1
102 235 0 1
106 235 0 1
107 235 0 1
109 235 0 1
90 236 0 1
91 236 0 1
93 236 0 1
94 236 0 1
95 236 0 1
96 236 0 1
97 236 0 1
100 236 0 1
102 236 0 1
104 236 0 1
105 236 0 1
106 236 0 1
107 236 0 1
108 236 0 1
109 236 0 1
111 236 0 1
113 236 0 1
114 236 0 1
115 236 0 1
116 236 0 1
118 236 0 1
119 236 0 1
120 236 0 1
121 236 0 1
89 237 0 1
90 237 0 1
91 237 0 1
93 237 0 1
96 237 0 1
97 237 0 1
100 237 0 1
102 237 0 1
104 237 0 1
105 237 0 1
106 237 0 1
107 237 0 1
108 237 0 1
109 237 0 1
111 237 0 1
112 237 0 1
113 237 0 1
114 237 0 1
115 237 0 1
116 237 0 1
118 237 0 1
119 237 0 1
120 237 0 1
121 237 0 1
2 238 0 1
87 238 0 1
88 238 0 1
90 238 0 1
92 238 0 1
98 238 0 1
99 238 0 1
100 238 0 1
101 238 0 1
103 238 0 1
104 238 0 1
105 238 0 1
108 238 0 1
110 238 0 1
111 238 0 1
112 238 0 1
113 238 0 1
115 238 0 1
116 238 0 1
117 238 0 1
119 238 0 1
120 238 0 1
121 238 0 1
122 238 0 1
123 238 0 1
2 239 0 1
92 239 0 1
98 239 0 1
99 239 0 1
101 239 0 1
103 239 0 1
104 239 0 1
110 239 0 1
111 239 0 1
112 239 0 1
117 239 0 1
119 239 0 1
122 239 0 1
123 239 0 1
2 240 0 1
90 240 0 1
92 240 0 1
93 240 0 1
98 240 0 1
99 240 0 1
100 240 0 1
101 240 0 1
103 240 0 1
104 240 0 1
105 240 0 1
108 240 0 1
110 240 0 1
111 240 0 1
112 240 0 1
113 240 0 1
114 240 0 1
115 240 0 1
116 240 0 1
117 240 0 1
118 240 0 1
119 240 0 1
120 240 0 1
121 240 0 1
122 240 0 1
2 241 0 1
92 241 0 1
98 241 0 1
99 241 0 1
100 241 0 1
101 241 0 1
103 241 0 1
104 241 0 1
105 241 0 1
108 241 0 1
110 241 0 1
111 241 0 1
112 241 0 1
115 241 0 1
116 241 0 1
117 241 0 1
119 241 0 1
122 241 0 1
123 241 0 1
2 242 0 1
92 242 0 1
98 242 0 1
99 242 0 1
100 242 0 1
101 242 0 1
103 242 0 1
104 242 0 1
105 242 0 1
108 242 0 1
110 242 0 1
111 242 0 1
112 242 0 1
113 242 0 1
115 242 0 1
116 242 0 1
117 242 0 1
119 242 0 1
120 242 0 1
121 242 0 1
122 242 0 1
123 242 0 1
84 243 0 1
85 243 0 1
86 244 0 1
91 244 0 1
93 244 0 1
94 244 0 1
95 244 0 1
96 244 0 1
97 244 0 1
102 244 0 1
106 244 0 1
107 244 0 1
109 244 0 1
114 244 0 1
118 244 0 1
86 245 0 1
91 245 0 1
93 245 0 1
94 245 0 1
95 245 0 1
96 245 0 1
97 245 0 1
102 245 0 1
106 245 0 1
107 245 0 1
109 245 0 1
113 245 0 1
114 245 0 1
118 245 0 1
120 245 0 1
121 245 0 1
73 246 0 1
86 246 0 1
84 247 0 1
85 247 0 1
84 248 0 1
85 248 0 1
64 249 0 1
73 249 0 1
86 249 0 1
57 250 0 1
60 250 0 1
61 250 0 1
64 250 0 1
66 250 0 1
67 250 0 1
73 250 0 1
79 250 0 1
86 250 0 1
91 250 0 1
95 250 0 1
114 250 0 1
118 250 0 1
124 250 0 1
137 250 0 1
138 250 0 1
84 251 0 1
85 251 0 1
60 252 0 1
61 252 0 1
64 252 0 1
66 252 0 1
79 252 0 1
81 252 0 1
86 252 0 1
89 252 0 1
90 252 0 1
91 252 0 1
109 252 0 1
113 252 0 1
114 252 0 1
116 252 0 1
118 252 0 1
120 252 0 1
121 252 0 1
124 252 0 1
126 252 0 1
127 252 0 1
128 252 0 1
60 253 0 1
61 253 0 1
64 253 0 1
66 253 0 1
79 253 0 1
86 253 0 1
89 253 0 1
91 253 0 1
109 253 0 1
113 253 0 1
114 253 0 1
118 253 0 1
120 253 0 1
121 253 0 1
124 253 0 1
126 253 0 1
85 254 0 1
86 254 0 1
95 254 0 1
