3 4 0 0
2 5 0 0
3 5 0 0
4 5 0 0
1 6 0 0
3 6 0 0
4 6 0 0
5 6 0 0
2 7 0 0
4 7 0 0
5 7 0 0
6 7 0 0
1 8 0 0
3 8 0 0
4 8 0 0
5 8 0 0
6 8 0 0
7 8 0 0
1 9 0 0
2 9 0 0
4 9 0 0
5 9 0 0
6 9 0 0
7 9 0 0
8 9 0 0
1 10 0 0
3 10 0 0
4 10 0 0
5 10 0 0
6 10 0 0
7 10 0 0
8 10 0 0
9 10 0 0
1 11 0 0
3 11 0 0
4 11 0 0
5 11 0 0
6 11 0 0
10 11 0 0
1 12 0 0
2 12 0 0
5 12 0 0
6 12 0 0
7 12 0 0
8 12 0 0
9 12 0 0
10 12 0 0
1 13 0 0
3 13 0 0
4 13 0 0
5 13 0 0
6 13 0 0
8 13 0 0
10 13 0 0
11 13 0 0
1 14 0 0
3 14 0 0
4 14 0 0
5 14 0 0
6 14 0 0
7 14 0 0
8 14 0 0
9 14 0 0
10 14 0 0
11 14 0 0
12 14 0 0
13 14 0 0
1 15 0 0
3 15 0 0
4 15 0 0
5 15 0 0
6 15 0 0
8 15 0 0
9 15 0 0
10 15 0 0
11 15 0 0
12 15 0 0
13 15 0 0
14 15 0 0
1 16 0 0
3 16 0 0
4 16 0 0
5 16 0 0
6 16 0 0
7 16 0 0
8 16 0 0
9 16 0 0
10 16 0 0
11 16 0 0
12 16 0 0
13 16 0 0
14 16 0 0
15 16 0 0
1 17 0 0
3 17 0 0
4 17 0 0
5 17 0 0
6 17 0 0
7 17 0 0
8 17 0 0
9 17 0 0
10 17 0 0
11 17 0 0
12 17 0 0
13 17 0 0
14 17 0 0
15 17 0 0
16 17 0 0
1 18 0 0
3 18 0 0
4 18 0 0
5 18 0 0
6 18 0 0
7 18 0 0
8 18 0 0
9 18 0 0
10 18 0 0
11 18 0 0
12 18 0 0
13 18 0 0
14 18 0 0
15 18 0 0
16 18 0 0
17 18 0 0
1 19 0 0
3 19 0 0
4 19 0 0
5 19 0 0
6 19 0 0
7 19 0 0
8 19 0 0
9 19 0 0
10 19 0 0
11 19 0 0
12 19 0 0
13 19 0 0
14 19 0 0
15 19 0 0
16 19 0 0
17 19 0 0
18 19 0 0
1 20 0 0
3 20 0 0
4 20 0 0
5 20 0 0
6 20 0 0
7 20 0 0
8 20 0 0
9 20 0 0
10 20 0 0
11 20 0 0
12 20 0 0
13 20 0 0
14 20 0 0
15 20 0 0
16 20 0 0
17 20 0 0
18 20 0 0
19 20 0 0
1 21 0 0
3 21 0 0
4 21 0 0
5 21 0 0
6 21 0 0
7 21 0 0
8 21 0 0
9 21 0 0
10 21 0 0
12 21 0 0
13 21 0 0
14 21 0 0
15 21 0 0
16 21 0 0
17 21 0 0
18 21 0 0
19 21 0 0
20 21 0 0
1 22 0 0
6 22 0 0
8 22 0 0
9 22 0 0
10 22 0 0
11 22 0 0
12 22 0 0
13 22 0 0
14 22 0 0
15 22 0 0
16 22 0 0
17 22 0 0
18 22 0 0
19 22 0 0
20 22 0 0
21 22 0 0
1 23 0 0
9 23 0 0
10 23 0 0
12 23 0 0
14 23 0 0
16 23 0 0
22 23 0 0
1 24 0 0
9 24 0 0
10 24 0 0
12 24 0 0
14 24 0 0
15 24 0 0
16 24 0 0
17 24 0 0
20 24 0 0
22 24 0 0
23 24 0 0
1 25 0 0
5 25 0 0
6 25 0 0
7 25 0 0
8 25 0 0
9 25 0 0
10 25 0 0
12 25 0 0
13 25 0 0
14 25 0 0
15 25 0 0
16 25 0 0
17 25 0 0
18 25 0 0
19 25 0 0
20 25 0 0
21 25 0 0
22 25 0 0
23 25 0 0
24 25 0 0
1 26 0 0
9 26 0 0
10 26 0 0
12 26 0 0
14 26 0 0
15 26 0 0
16 26 0 0
17 26 0 0
20 26 0 0
21 26 0 0
22 26 0 0
23 26 0 0
24 26 0 0
25 26 0 0
1 27 0 0
9 27 0 0
10 27 0 0
12 27 0 0
14 27 0 0
16 27 0 0
20 27 0 0
22 27 0 0
23 27 0 0
24 27 0 0
25 27 0 0
26 27 0 0
2 28 0 0
7 28 0 0
9 28 0 0
12 28 0 0
14 28 0 0
21 28 0 0
23 28 0 0
24 28 0 0
25 28 0 0
26 28 0 0
27 28 0 0
1 29 0 0
4 29 0 0
5 29 0 0
6 29 0 0
7 29 0 0
8 29 0 0
9 29 0 0
10 29 0 0
11 29 0 0
12 29 0 0
13 29 0 0
14 29 0 0
15 29 0 0
16 29 0 0
17 29 0 0
18 29 0 0
19 29 0 0
20 29 0 0
21 29 0 0
22 29 0 0
23 29 0 0
24 29 0 0
25 29 0 0
26 29 0 0
27 29 0 0
1 30 0 0
5 30 0 0
6 30 0 0
7 30 0 0
8 30 0 0
9 30 0 0
10 30 0 0
12 30 0 0
14 30 0 0
16 30 0 0
18 30 0 0
20 30 0 0
21 30 0 0
22 30 0 0
23 30 0 0
24 30 0 0
25 30 0 0
26 30 0 0
27 30 0 0
28 30 0 0
29 30 0 0
1 31 0 0
3 31 0 0
4 31 0 0
5 31 0 0
6 31 0 0
7 31 0 0
8 31 0 0
9 31 0 0
10 31 0 0
11 31 0 0
12 31 0 0
13 31 0 0
14 31 0 0
15 31 0 0
16 31 0 0
17 31 0 0
18 31 0 0
19 31 0 0
20 31 0 0
21 31 0 0
22 31 0 0
23 31 0 0
24 31 0 0
25 31 0 0
26 31 0 0
27 31 0 0
29 31 0 0
30 31 0 0
1 32 0 0
4 32 0 0
5 32 0 0
6 32 0 0
7 32 0 0
8 32 0 0
9 32 0 0
10 32 0 0
12 32 0 0
13 32 0 0
14 32 0 0
15 32 0 0
16 32 0 0
17 32 0 0
18 32 0 0
19 32 0 0
20 32 0 0
21 32 0 0
22 32 0 0
23 32 0 0
24 32 0 0
25 32 0 0
26 32 0 0
27 32 0 0
28 32 0 0
29 32 0 0
30 32 0 0
31 32 0 0
1 33 0 0
3 33 0 0
4 33 0 0
6 33 0 0
9 33 0 0
10 33 0 0
11 33 0 0
13 33 0 0
14 33 0 0
15 33 0 0
16 33 0 0
17 33 0 0
18 33 0 0
19 33 0 0
20 33 0 0
21 33 0 0
22 33 0 0
23 33 0 0
24 33 0 0
25 33 0 0
26 33 0 0
29 33 0 0
31 33 0 0
32 33 0 0
1 34 0 0
3 34 0 0
4 34 0 0
5 34 0 0
6 34 0 0
8 34 0 0
9 34 0 0
10 34 0 0
11 34 0 0
12 34 0 0
13 34 0 0
14 34 0 0
15 34 0 0
16 34 0 0
17 34 0 0
18 34 0 0
19 34 0 0
20 34 0 0
21 34 0 0
22 34 0 0
23 34 0 0
24 34 0 0
25 34 0 0
26 34 0 0
27 34 0 0
29 34 0 0
31 34 0 0
32 34 0 0
33 34 0 0
1 35 0 0
5 35 0 0
6 35 0 0
7 35 0 0
8 35 0 0
9 35 0 0
10 35 0 0
11 35 0 0
12 35 0 0
13 35 0 0
14 35 0 0
15 35 0 0
16 35 0 0
17 35 0 0
18 35 0 0
19 35 0 0
20 35 0 0
21 35 0 0
22 35 0 0
23 35 0 0
24 35 0 0
25 35 0 0
26 35 0 0
27 35 0 0
29 35 0 0
30 35 0 0
31 35 0 0
32 35 0 0
33 35 0 0
34 35 0 0
1 36 0 0
23 36 0 0
24 36 0 0
26 36 0 0
27 36 0 0
1 37 0 0
23 37 0 0
24 37 0 0
25 37 0 0
26 37 0 0
27 37 0 0
36 37 0 0
1 38 0 0
22 38 0 0
23 38 0 0
24 38 0 0
25 38 0 0
26 38 0 0
27 38 0 0
33 38 0 0
36 38 0 0
37 38 0 0
1 39 0 0
22 39 0 0
23 39 0 0
24 39 0 0
25 39 0 0
26 39 0 0
27 39 0 0
33 39 0 0
36 39 0 0
37 39 0 0
38 39 0 0
1 40 0 0
23 40 0 0
24 40 0 0
25 40 0 0
26 40 0 0
27 40 0 0
36 40 0 0
37 40 0 0
38 40 0 0
39 40 0 0
1 41 0 0
23 41 0 0
24 41 0 0
26 41 0 0
27 41 0 0
36 41 0 0
37 41 0 0
38 41 0 0
39 41 0 0
40 41 0 0
1 42 0 0
23 42 0 0
24 42 0 0
36 42 0 0
37 42 0 0
38 42 0 0
39 42 0 0
40 42 0 0
41 42 0 0
1 43 0 0
22 43 0 0
23 43 0 0
24 43 0 0
25 43 0 0
26 43 0 0
27 43 0 0
29 43 0 0
31 43 0 0
32 43 0 0
33 43 0 0
35 43 0 0
36 43 0 0
37 43 0 0
38 43 0 0
39 43 0 0
40 43 0 0
41 43 0 0
42 43 0 0
1 44 0 0
22 44 0 0
23 44 0 0
24 44 0 0
25 44 0 0
26 44 0 0
27 44 0 0
29 44 0 0
33 44 0 0
35 44 0 0
36 44 0 0
37 44 0 0
38 44 0 0
39 44 0 0
40 44 0 0
41 44 0 0
42 44 0 0
43 44 0 0
1 45 0 0
10 45 0 0
12 45 0 0
14 45 0 0
16 45 0 0
22 45 0 0
23 45 0 0
24 45 0 0
25 45 0 0
26 45 0 0
27 45 0 0
29 45 0 0
30 45 0 0
31 45 0 0
32 45 0 0
33 45 0 0
34 45 0 0
35 45 0 0
36 45 0 0
37 45 0 0
38 45 0 0
39 45 0 0
40 45 0 0
41 45 0 0
42 45 0 0
43 45 0 0
44 45 0 0
1 46 0 0
9 46 0 0
10 46 0 0
12 46 0 0
14 46 0 0
16 46 0 0
22 46 0 0
23 46 0 0
24 46 0 0
25 46 0 0
26 46 0 0
27 46 0 0
28 46 0 0
29 46 0 0
30 46 0 0
31 46 0 0
32 46 0 0
34 46 0 0
35 46 0 0
36 46 0 0
37 46 0 0
38 46 0 0
39 46 0 0
40 46 0 0
41 46 0 0
42 46 0 0
43 46 0 0
44 46 0 0
45 46 0 0
1 47 0 0
9 47 0 0
10 47 0 0
12 47 0 0
13 47 0 0
14 47 0 0
15 47 0 0
16 47 0 0
17 47 0 0
20 47 0 0
22 47 0 0
23 47 0 0
24 47 0 0
25 47 0 0
26 47 0 0
27 47 0 0
29 47 0 0
30 47 0 0
31 47 0 0
32 47 0 0
33 47 0 0
34 47 0 0
35 47 0 0
37 47 0 0
38 47 0 0
39 47 0 0
40 47 0 0
41 47 0 0
42 47 0 0
43 47 0 0
44 47 0 0
45 47 0 0
46 47 0 0
1 48 0 0
16 48 0 0
22 48 0 0
23 48 0 0
24 48 0 0
25 48 0 0
26 48 0 0
27 48 0 0
29 48 0 0
31 48 0 0
32 48 0 0
33 48 0 0
34 48 0 0
35 48 0 0
37 48 0 0
38 48 0 0
39 48 0 0
40 48 0 0
41 48 0 0
42 48 0 0
43 48 0 0
44 48 0 0
45 48 0 0
46 48 0 0
47 48 0 0
1 49 0 0
1 50 0 0
37 50 0 0
40 50 0 0
41 50 0 0
42 50 0 0
49 50 0 0
36 51 0 0
37 51 0 0
49 51 0 0
50 51 0 0
1 52 0 0
36 52 0 0
37 52 0 0
38 52 0 0
39 52 0 0
40 52 0 0
41 52 0 0
42 52 0 0
49 52 0 0
50 52 0 0
51 52 0 0
1 53 0 0
38 53 0 0
39 53 0 0
40 53 0 0
41 53 0 0
42 53 0 0
50 53 0 0
52 53 0 0
1 54 0 0
40 54 0 0
41 54 0 0
42 54 0 0
49 54 0 0
50 54 0 0
51 54 0 0
52 54 0 0
53 54 0 0
49 55 0 0
50 55 0 0
51 55 0 0
49 56 0 0
51 56 0 0
55 56 0 0
49 57 0 0
50 57 0 0
51 57 0 0
54 57 0 0
55 57 0 0
56 57 0 0
1 58 0 0
50 58 0 0
52 58 0 0
53 58 0 0
54 58 0 0
49 59 0 0
50 59 0 0
51 59 0 0
54 59 0 0
55 59 0 0
56 59 0 0
57 59 0 0
1 60 0 0
58 60 0 0
1 61 0 0
50 61 0 0
52 61 0 0
53 61 0 0
54 61 0 0
58 61 0 0
59 61 0 0
60 61 0 0
1 62 0 0
50 62 0 0
52 62 0 0
53 62 0 0
54 62 0 0
58 62 0 0
60 62 0 0
61 62 0 0
1 63 0 0
49 63 0 0
50 63 0 0
52 63 0 0
53 63 0 0
54 63 0 0
55 63 0 0
56 63 0 0
57 63 0 0
58 63 0 0
59 63 0 0
61 63 0 0
62 63 0 0
1 64 0 0
49 64 0 0
50 64 0 0
52 64 0 0
53 64 0 0
54 64 0 0
57 64 0 0
58 64 0 0
59 64 0 0
60 64 0 0
61 64 0 0
62 64 0 0
63 64 0 0
55 65 0 0
56 65 0 0
57 65 0 0
59 65 0 0
63 65 0 0
1 66 0 0
55 66 0 0
56 66 0 0
57 66 0 0
58 66 0 0
59 66 0 0
61 66 0 0
62 66 0 0
63 66 0 0
64 66 0 0
65 66 0 0
1 67 0 0
58 67 0 0
59 67 0 0
61 67 0 0
62 67 0 0
63 67 0 0
64 67 0 0
65 67 0 0
66 67 0 0
1 68 0 0
58 68 0 0
59 68 0 0
60 68 0 0
61 68 0 0
62 68 0 0
63 68 0 0
64 68 0 0
66 68 0 0
67 68 0 0
1 69 0 0
49 69 0 0
50 69 0 0
54 69 0 0
55 69 0 0
56 69 0 0
57 69 0 0
58 69 0 0
59 69 0 0
61 69 0 0
62 69 0 0
63 69 0 0
64 69 0 0
65 69 0 0
66 69 0 0
67 69 0 0
68 69 0 0
1 70 0 0
50 70 0 0
53 70 0 0
54 70 0 0
57 70 0 0
58 70 0 0
59 70 0 0
60 70 0 0
61 70 0 0
62 70 0 0
63 70 0 0
64 70 0 0
66 70 0 0
67 70 0 0
68 70 0 0
69 70 0 0
1 71 0 0
54 71 0 0
58 71 0 0
60 71 0 0
61 71 0 0
62 71 0 0
63 71 0 0
64 71 0 0
66 71 0 0
67 71 0 0
68 71 0 0
69 71 0 0
70 71 0 0
1 72 0 0
54 72 0 0
57 72 0 0
58 72 0 0
59 72 0 0
61 72 0 0
62 72 0 0
63 72 0 0
64 72 0 0
65 72 0 0
66 72 0 0
67 72 0 0
68 72 0 0
69 72 0 0
70 72 0 0
71 72 0 0
1 73 0 0
54 73 0 0
57 73 0 0
58 73 0 0
59 73 0 0
61 73 0 0
62 73 0 0
63 73 0 0
64 73 0 0
65 73 0 0
66 73 0 0
67 73 0 0
68 73 0 0
69 73 0 0
70 73 0 0
71 73 0 0
72 73 0 0
1 74 0 0
54 74 0 0
58 74 0 0
60 74 0 0
61 74 0 0
62 74 0 0
63 74 0 0
64 74 0 0
66 74 0 0
67 74 0 0
68 74 0 0
69 74 0 0
70 74 0 0
71 74 0 0
72 74 0 0
73 74 0 0
1 75 0 0
42 75 0 0
49 75 0 0
50 75 0 0
51 75 0 0
52 75 0 0
53 75 0 0
54 75 0 0
57 75 0 0
58 75 0 0
59 75 0 0
60 75 0 0
61 75 0 0
62 75 0 0
63 75 0 0
64 75 0 0
66 75 0 0
68 75 0 0
69 75 0 0
70 75 0 0
71 75 0 0
72 75 0 0
73 75 0 0
74 75 0 0
1 76 0 0
49 76 0 0
50 76 0 0
51 76 0 0
52 76 0 0
53 76 0 0
54 76 0 0
55 76 0 0
56 76 0 0
57 76 0 0
58 76 0 0
59 76 0 0
61 76 0 0
62 76 0 0
63 76 0 0
64 76 0 0
66 76 0 0
68 76 0 0
69 76 0 0
70 76 0 0
71 76 0 0
72 76 0 0
73 76 0 0
74 76 0 0
75 76 0 0
1 77 0 0
36 77 0 0
37 77 0 0
38 77 0 0
39 77 0 0
40 77 0 0
41 77 0 0
42 77 0 0
43 77 0 0
44 77 0 0
45 77 0 0
46 77 0 0
49 77 0 0
50 77 0 0
51 77 0 0
52 77 0 0
53 77 0 0
54 77 0 0
75 77 0 0
76 77 0 0
1 78 0 0
23 78 0 0
36 78 0 0
37 78 0 0
38 78 0 0
39 78 0 0
40 78 0 0
41 78 0 0
42 78 0 0
43 78 0 0
44 78 0 0
45 78 0 0
46 78 0 0
47 78 0 0
48 78 0 0
49 78 0 0
50 78 0 0
51 78 0 0
52 78 0 0
53 78 0 0
54 78 0 0
75 78 0 0
77 78 0 0
1 79 0 0
36 79 0 0
37 79 0 0
38 79 0 0
39 79 0 0
40 79 0 0
41 79 0 0
42 79 0 0
43 79 0 0
44 79 0 0
45 79 0 0
48 79 0 0
49 79 0 0
50 79 0 0
51 79 0 0
52 79 0 0
53 79 0 0
54 79 0 0
75 79 0 0
76 79 0 0
77 79 0 0
78 79 0 0
1 80 0 0
36 80 0 0
37 80 0 0
38 80 0 0
39 80 0 0
40 80 0 0
41 80 0 0
42 80 0 0
43 80 0 0
44 80 0 0
45 80 0 0
48 80 0 0
50 80 0 0
52 80 0 0
53 80 0 0
54 80 0 0
58 80 0 0
62 80 0 0
75 80 0 0
76 80 0 0
77 80 0 0
78 80 0 0
79 80 0 0
2 83 0 1
2 87 0 1
28 87 0 1
2 90 0 1
28 90 0 1
28 93 0 1
28 96 0 1
2 99 0 1
36 108 0 1
37 108 0 1
51 108 0 1
51 123 0 1
55 123 0 1
56 123 0 1
51 126 0 1
49 131 0 1
55 131 0 1
56 131 0 1
57 131 0 1
59 131 0 1
65 131 0 1
55 132 0 1
56 132 0 1
56 133 0 1
55 138 0 1
56 138 0 1
57 138 0 1
59 138 0 1
63 138 0 1
65 138 0 1
66 138 0 1
67 138 0 1
69 138 0 1
72 138 0 1
73 138 0 1
55 139 0 1
56 139 0 1
57 139 0 1
59 139 0 1
65 139 0 1
55 140 0 1
56 140 0 1
65 140 0 1
56 142 0 1
65 142 0 1
55 150 0 1
56 150 0 1
65 150 0 1
55 156 0 1
56 156 0 1
57 156 0 1
59 156 0 1
65 156 0 1
49 159 0 1
50 159 0 1
51 159 0 1
55 159 0 1
56 159 0 1
57 159 0 1
59 159 0 1
76 159 0 1
49 161 0 1
51 161 0 1
55 161 0 1
56 161 0 1
57 161 0 1
59 161 0 1
55 162 0 1
56 162 0 1
36 164 0 1
37 164 0 1
51 164 0 1
77 164 0 1
