1 3 0 0
2 3 0 0
2 4 0 0
4 5 0 0
4 6 0 0
5 6 0 0
1 7 0 0
3 7 0 0
4 8 0 0
5 8 0 0
6 8 0 0
2 9 0 0
3 9 0 0
1 10 0 0
2 10 0 0
3 10 0 0
7 10 0 0
9 10 0 0
4 11 0 0
5 11 0 0
6 11 0 0
8 11 0 0
2 12 0 0
4 12 0 0
8 12 0 0
9 12 0 0
11 12 0 0
4 13 0 0
5 13 0 0
6 13 0 0
8 13 0 0
11 13 0 0
12 13 0 0
4 14 0 0
5 14 0 0
6 14 0 0
8 14 0 0
11 14 0 0
13 14 0 0
2 15 0 0
4 15 0 0
9 15 0 0
11 15 0 0
12 15 0 0
1 16 0 0
3 16 0 0
7 16 0 0
10 16 0 0
1 17 0 0
2 17 0 0
3 17 0 0
7 17 0 0
9 17 0 0
10 17 0 0
15 17 0 0
16 17 0 0
2 18 0 0
4 18 0 0
8 18 0 0
9 18 0 0
11 18 0 0
12 18 0 0
15 18 0 0
17 18 0 0
4 19 0 0
5 19 0 0
6 19 0 0
8 19 0 0
11 19 0 0
12 19 0 0
13 19 0 0
14 19 0 0
18 19 0 0
2 20 0 0
4 20 0 0
6 20 0 0
8 20 0 0
9 20 0 0
11 20 0 0
12 20 0 0
13 20 0 0
15 20 0 0
18 20 0 0
19 20 0 0
1 21 0 0
3 21 0 0
7 21 0 0
16 21 0 0
1 22 0 0
2 22 0 0
3 22 0 0
7 22 0 0
10 22 0 0
16 22 0 0
17 22 0 0
21 22 0 0
4 23 0 0
5 23 0 0
6 23 0 0
8 23 0 0
11 23 0 0
13 23 0 0
14 23 0 0
19 23 0 0
4 24 0 0
5 24 0 0
6 24 0 0
8 24 0 0
11 24 0 0
12 24 0 0
13 24 0 0
14 24 0 0
15 24 0 0
18 24 0 0
19 24 0 0
20 24 0 0
23 24 0 0
4 25 0 0
5 25 0 0
6 25 0 0
8 25 0 0
11 25 0 0
12 25 0 0
13 25 0 0
14 25 0 0
15 25 0 0
18 25 0 0
19 25 0 0
20 25 0 0
23 25 0 0
24 25 0 0
4 26 0 0
5 26 0 0
6 26 0 0
8 26 0 0
11 26 0 0
13 26 0 0
14 26 0 0
19 26 0 0
20 26 0 0
23 26 0 0
24 26 0 0
25 26 0 0
2 27 0 0
4 27 0 0
8 27 0 0
9 27 0 0
11 27 0 0
12 27 0 0
13 27 0 0
15 27 0 0
18 27 0 0
19 27 0 0
20 27 0 0
24 27 0 0
25 27 0 0
4 28 0 0
5 28 0 0
6 28 0 0
8 28 0 0
11 28 0 0
13 28 0 0
14 28 0 0
19 28 0 0
20 28 0 0
23 28 0 0
24 28 0 0
25 28 0 0
26 28 0 0
1 29 0 0
2 29 0 0
3 29 0 0
7 29 0 0
9 29 0 0
10 29 0 0
16 29 0 0
17 29 0 0
22 29 0 0
2 30 0 0
3 30 0 0
9 30 0 0
10 30 0 0
15 30 0 0
17 30 0 0
18 30 0 0
22 30 0 0
29 30 0 0
1 31 0 0
3 31 0 0
7 31 0 0
16 31 0 0
21 31 0 0
22 31 0 0
1 32 0 0
3 32 0 0
7 32 0 0
16 32 0 0
21 32 0 0
22 32 0 0
31 32 0 0
4 33 0 0
5 33 0 0
6 33 0 0
8 33 0 0
11 33 0 0
12 33 0 0
13 33 0 0
14 33 0 0
15 33 0 0
18 33 0 0
19 33 0 0
20 33 0 0
23 33 0 0
24 33 0 0
25 33 0 0
26 33 0 0
27 33 0 0
28 33 0 0
1 34 0 0
3 34 0 0
7 34 0 0
10 34 0 0
16 34 0 0
17 34 0 0
21 34 0 0
22 34 0 0
29 34 0 0
31 34 0 0
32 34 0 0
2 35 0 0
3 35 0 0
4 35 0 0
9 35 0 0
12 35 0 0
15 35 0 0
17 35 0 0
18 35 0 0
20 35 0 0
27 35 0 0
29 35 0 0
30 35 0 0
2 36 0 0
3 36 0 0
9 36 0 0
10 36 0 0
15 36 0 0
17 36 0 0
18 36 0 0
29 36 0 0
30 36 0 0
35 36 0 0
2 37 0 0
3 37 0 0
9 37 0 0
10 37 0 0
17 37 0 0
22 37 0 0
29 37 0 0
30 37 0 0
34 37 0 0
35 37 0 0
36 37 0 0
1 38 0 0
2 38 0 0
3 38 0 0
7 38 0 0
10 38 0 0
16 38 0 0
17 38 0 0
22 38 0 0
29 38 0 0
30 38 0 0
31 38 0 0
34 38 0 0
36 38 0 0
37 38 0 0
1 39 0 0
3 39 0 0
7 39 0 0
10 39 0 0
16 39 0 0
17 39 0 0
21 39 0 0
22 39 0 0
29 39 0 0
30 39 0 0
31 39 0 0
32 39 0 0
34 39 0 0
37 39 0 0
38 39 0 0
1 40 0 0
2 40 0 0
3 40 0 0
9 40 0 0
10 40 0 0
17 40 0 0
22 40 0 0
29 40 0 0
30 40 0 0
34 40 0 0
35 40 0 0
36 40 0 0
37 40 0 0
38 40 0 0
39 40 0 0
2 41 0 0
4 41 0 0
12 41 0 0
15 41 0 0
27 41 0 0
33 41 0 0
35 41 0 0
4 42 0 0
12 42 0 0
13 42 0 0
15 42 0 0
33 42 0 0
41 42 0 0
2 43 0 0
4 43 0 0
12 43 0 0
15 43 0 0
35 43 0 0
36 43 0 0
37 43 0 0
41 43 0 0
42 43 0 0
1 44 0 0
3 44 0 0
16 44 0 0
21 44 0 0
31 44 0 0
32 44 0 0
34 44 0 0
39 44 0 0
2 45 0 0
4 45 0 0
12 45 0 0
15 45 0 0
18 45 0 0
27 45 0 0
33 45 0 0
35 45 0 0
41 45 0 0
42 45 0 0
43 45 0 0
4 46 0 0
13 46 0 0
14 46 0 0
19 46 0 0
26 46 0 0
28 46 0 0
33 46 0 0
41 46 0 0
42 46 0 0
43 46 0 0
45 46 0 0
4 47 0 0
13 47 0 0
14 47 0 0
33 47 0 0
41 47 0 0
42 47 0 0
43 47 0 0
45 47 0 0
46 47 0 0
1 48 0 0
3 48 0 0
16 48 0 0
31 48 0 0
32 48 0 0
34 48 0 0
38 48 0 0
39 48 0 0
44 48 0 0
4 49 0 0
46 49 0 0
47 49 0 0
44 50 0 0
48 50 0 0
4 51 0 0
41 51 0 0
42 51 0 0
43 51 0 0
45 51 0 0
47 51 0 0
4 52 0 0
41 52 0 0
42 52 0 0
43 52 0 0
45 52 0 0
46 52 0 0
47 52 0 0
51 52 0 0
4 53 0 0
42 53 0 0
46 53 0 0
47 53 0 0
49 53 0 0
44 54 0 0
48 54 0 0
50 54 0 0
44 55 0 0
48 55 0 0
50 55 0 0
54 55 0 0
38 56 0 0
48 56 0 0
54 56 0 0
4 57 0 0
41 57 0 0
42 57 0 0
43 57 0 0
45 57 0 0
46 57 0 0
47 57 0 0
51 57 0 0
52 57 0 0
53 57 0 0
4 58 0 0
41 58 0 0
42 58 0 0
43 58 0 0
45 58 0 0
46 58 0 0
47 58 0 0
49 58 0 0
51 58 0 0
52 58 0 0
53 58 0 0
57 58 0 0
4 59 0 0
41 59 0 0
42 59 0 0
43 59 0 0
45 59 0 0
51 59 0 0
52 59 0 0
57 59 0 0
58 59 0 0
44 60 0 0
48 60 0 0
50 60 0 0
54 60 0 0
55 60 0 0
44 61 0 0
48 61 0 0
50 61 0 0
54 61 0 0
55 61 0 0
60 61 0 0
48 62 0 0
56 62 0 0
4 63 0 0
42 63 0 0
46 63 0 0
47 63 0 0
49 63 0 0
52 63 0 0
53 63 0 0
57 63 0 0
58 63 0 0
41 64 0 0
43 64 0 0
45 64 0 0
51 64 0 0
52 64 0 0
59 64 0 0
62 64 0 0
4 65 0 0
41 65 0 0
42 65 0 0
43 65 0 0
45 65 0 0
46 65 0 0
47 65 0 0
49 65 0 0
51 65 0 0
52 65 0 0
53 65 0 0
57 65 0 0
58 65 0 0
59 65 0 0
63 65 0 0
41 66 0 0
51 66 0 0
52 66 0 0
57 66 0 0
58 66 0 0
59 66 0 0
63 66 0 0
64 66 0 0
65 66 0 0
50 67 0 0
61 67 0 0
51 68 0 0
52 68 0 0
64 68 0 0
66 68 0 0
49 69 0 0
53 69 0 0
63 69 0 0
50 70 0 0
54 70 0 0
55 70 0 0
56 70 0 0
60 70 0 0
61 70 0 0
62 70 0 0
67 70 0 0
49 71 0 0
53 71 0 0
63 71 0 0
65 71 0 0
69 71 0 0
4 72 0 0
49 72 0 0
52 72 0 0
53 72 0 0
57 72 0 0
58 72 0 0
63 72 0 0
65 72 0 0
66 72 0 0
69 72 0 0
71 72 0 0
49 73 0 0
52 73 0 0
53 73 0 0
57 73 0 0
58 73 0 0
63 73 0 0
65 73 0 0
66 73 0 0
69 73 0 0
71 73 0 0
72 73 0 0
51 74 0 0
52 74 0 0
57 74 0 0
58 74 0 0
59 74 0 0
63 74 0 0
64 74 0 0
65 74 0 0
66 74 0 0
68 74 0 0
69 74 0 0
71 74 0 0
72 74 0 0
73 74 0 0
49 75 0 0
52 75 0 0
53 75 0 0
58 75 0 0
63 75 0 0
65 75 0 0
66 75 0 0
69 75 0 0
71 75 0 0
72 75 0 0
73 75 0 0
74 75 0 0
51 76 0 0
52 76 0 0
57 76 0 0
58 76 0 0
63 76 0 0
65 76 0 0
66 76 0 0
68 76 0 0
69 76 0 0
71 76 0 0
72 76 0 0
73 76 0 0
74 76 0 0
75 76 0 0
4 77 0 0
46 77 0 0
47 77 0 0
49 77 0 0
52 77 0 0
53 77 0 0
57 77 0 0
58 77 0 0
63 77 0 0
65 77 0 0
69 77 0 0
71 77 0 0
72 77 0 0
73 77 0 0
74 77 0 0
75 77 0 0
76 77 0 0
44 78 0 0
48 78 0 0
50 78 0 0
54 78 0 0
55 78 0 0
56 78 0 0
60 78 0 0
61 78 0 0
62 78 0 0
67 78 0 0
70 78 0 0
43 79 0 0
51 79 0 0
52 79 0 0
59 79 0 0
64 79 0 0
66 79 0 0
68 79 0 0
74 79 0 0
4 80 0 0
42 80 0 0
46 80 0 0
47 80 0 0
49 80 0 0
51 80 0 0
52 80 0 0
53 80 0 0
57 80 0 0
58 80 0 0
63 80 0 0
65 80 0 0
66 80 0 0
69 80 0 0
71 80 0 0
72 80 0 0
73 80 0 0
74 80 0 0
75 80 0 0
76 80 0 0
77 80 0 0
41 81 0 0
42 81 0 0
43 81 0 0
47 81 0 0
51 81 0 0
52 81 0 0
57 81 0 0
58 81 0 0
59 81 0 0
63 81 0 0
64 81 0 0
65 81 0 0
66 81 0 0
68 81 0 0
72 81 0 0
73 81 0 0
74 81 0 0
75 81 0 0
76 81 0 0
77 81 0 0
79 81 0 0
80 81 0 0
41 82 0 0
42 82 0 0
47 82 0 0
51 82 0 0
52 82 0 0
57 82 0 0
58 82 0 0
59 82 0 0
63 82 0 0
64 82 0 0
65 82 0 0
66 82 0 0
68 82 0 0
69 82 0 0
71 82 0 0
72 82 0 0
73 82 0 0
74 82 0 0
75 82 0 0
76 82 0 0
77 82 0 0
79 82 0 0
80 82 0 0
81 82 0 0
4 83 0 0
47 83 0 0
49 83 0 0
51 83 0 0
52 83 0 0
53 83 0 0
57 83 0 0
58 83 0 0
63 83 0 0
65 83 0 0
66 83 0 0
69 83 0 0
71 83 0 0
72 83 0 0
73 83 0 0
74 83 0 0
75 83 0 0
76 83 0 0
77 83 0 0
80 83 0 0
81 83 0 0
82 83 0 0
41 84 0 0
42 84 0 0
47 84 0 0
49 84 0 0
51 84 0 0
52 84 0 0
53 84 0 0
57 84 0 0
58 84 0 0
59 84 0 0
63 84 0 0
65 84 0 0
66 84 0 0
68 84 0 0
69 84 0 0
71 84 0 0
72 84 0 0
73 84 0 0
74 84 0 0
75 84 0 0
76 84 0 0
77 84 0 0
80 84 0 0
81 84 0 0
82 84 0 0
83 84 0 0
4 85 0 0
47 85 0 0
49 85 0 0
52 85 0 0
53 85 0 0
57 85 0 0
58 85 0 0
63 85 0 0
65 85 0 0
69 85 0 0
71 85 0 0
72 85 0 0
73 85 0 0
74 85 0 0
75 85 0 0
76 85 0 0
77 85 0 0
80 85 0 0
81 85 0 0
82 85 0 0
83 85 0 0
84 85 0 0
69 86 0 0
71 86 0 0
72 86 0 0
73 86 0 0
75 86 0 0
85 86 0 0
67 87 0 0
70 87 0 0
68 88 0 0
69 88 0 0
71 88 0 0
73 88 0 0
74 88 0 0
75 88 0 0
76 88 0 0
82 88 0 0
67 89 0 0
70 89 0 0
78 89 0 0
87 89 0 0
67 90 0 0
87 90 0 0
89 90 0 0
67 91 0 0
70 91 0 0
87 91 0 0
89 91 0 0
90 91 0 0
86 92 0 0
88 92 0 0
88 93 0 0
92 93 0 0
87 94 0 0
89 94 0 0
90 94 0 0
91 94 0 0
87 95 0 0
90 95 0 0
91 95 0 0
94 95 0 0
87 96 0 0
90 96 0 0
91 96 0 0
94 96 0 0
95 96 0 0
87 97 0 0
89 97 0 0
90 97 0 0
91 97 0 0
94 97 0 0
95 97 0 0
96 97 0 0
89 98 0 0
90 98 0 0
91 98 0 0
94 98 0 0
95 98 0 0
96 98 0 0
97 98 0 0
92 99 0 0
93 99 0 0
92 100 0 0
93 100 0 0
99 100 0 0
94 101 0 0
95 101 0 0
96 101 0 0
97 101 0 0
98 101 0 0
90 102 0 0
91 102 0 0
94 102 0 0
95 102 0 0
96 102 0 0
97 102 0 0
98 102 0 0
101 102 0 0
92 103 0 0
93 103 0 0
99 103 0 0
100 103 0 0
90 104 0 0
91 104 0 0
94 104 0 0
95 104 0 0
96 104 0 0
97 104 0 0
98 104 0 0
101 104 0 0
102 104 0 0
90 105 0 0
91 105 0 0
94 105 0 0
95 105 0 0
96 105 0 0
97 105 0 0
98 105 0 0
101 105 0 0
102 105 0 0
104 105 0 0
90 106 0 0
91 106 0 0
94 106 0 0
95 106 0 0
96 106 0 0
97 106 0 0
98 106 0 0
101 106 0 0
102 106 0 0
104 106 0 0
105 106 0 0
90 107 0 0
91 107 0 0
94 107 0 0
95 107 0 0
96 107 0 0
97 107 0 0
98 107 0 0
101 107 0 0
102 107 0 0
104 107 0 0
105 107 0 0
106 107 0 0
90 108 0 0
91 108 0 0
94 108 0 0
95 108 0 0
96 108 0 0
97 108 0 0
98 108 0 0
101 108 0 0
102 108 0 0
104 108 0 0
105 108 0 0
106 108 0 0
107 108 0 0
89 109 0 0
94 109 0 0
97 109 0 0
98 109 0 0
101 109 0 0
67 110 0 0
89 110 0 0
90 110 0 0
91 110 0 0
94 110 0 0
95 110 0 0
97 110 0 0
98 110 0 0
101 110 0 0
104 110 0 0
105 110 0 0
109 110 0 0
67 111 0 0
87 111 0 0
89 111 0 0
90 111 0 0
91 111 0 0
94 111 0 0
95 111 0 0
96 111 0 0
97 111 0 0
98 111 0 0
101 111 0 0
102 111 0 0
104 111 0 0
105 111 0 0
106 111 0 0
107 111 0 0
108 111 0 0
109 111 0 0
110 111 0 0
67 112 0 0
87 112 0 0
89 112 0 0
90 112 0 0
91 112 0 0
94 112 0 0
95 112 0 0
96 112 0 0
97 112 0 0
98 112 0 0
101 112 0 0
102 112 0 0
104 112 0 0
105 112 0 0
106 112 0 0
107 112 0 0
108 112 0 0
110 112 0 0
111 112 0 0
88 113 0 0
93 113 0 0
87 114 0 0
90 114 0 0
91 114 0 0
94 114 0 0
95 114 0 0
96 114 0 0
97 114 0 0
98 114 0 0
101 114 0 0
102 114 0 0
104 114 0 0
105 114 0 0
106 114 0 0
107 114 0 0
108 114 0 0
111 114 0 0
112 114 0 0
49 115 0 0
69 115 0 0
71 115 0 0
72 115 0 0
73 115 0 0
75 115 0 0
76 115 0 0
77 115 0 0
80 115 0 0
83 115 0 0
85 115 0 0
86 115 0 0
52 116 0 0
65 116 0 0
66 116 0 0
68 116 0 0
69 116 0 0
71 116 0 0
72 116 0 0
73 116 0 0
74 116 0 0
75 116 0 0
76 116 0 0
77 116 0 0
80 116 0 0
81 116 0 0
82 116 0 0
83 116 0 0
84 116 0 0
85 116 0 0
86 116 0 0
88 116 0 0
115 116 0 0
49 117 0 0
69 117 0 0
71 117 0 0
72 117 0 0
73 117 0 0
75 117 0 0
77 117 0 0
80 117 0 0
85 117 0 0
86 117 0 0
115 117 0 0
116 117 0 0
67 118 0 0
70 118 0 0
78 118 0 0
87 118 0 0
89 118 0 0
90 118 0 0
91 118 0 0
94 118 0 0
97 118 0 0
109 118 0 0
110 118 0 0
111 118 0 0
112 118 0 0
31 119 0 0
32 119 0 0
34 119 0 0
44 119 0 0
48 119 0 0
50 119 0 0
54 119 0 0
55 119 0 0
60 119 0 0
61 119 0 0
78 119 0 0
31 120 0 0
32 120 0 0
34 120 0 0
39 120 0 0
44 120 0 0
48 120 0 0
50 120 0 0
54 120 0 0
55 120 0 0
60 120 0 0
61 120 0 0
78 120 0 0
119 120 0 0
34 121 0 0
38 121 0 0
39 121 0 0
44 121 0 0
48 121 0 0
50 121 0 0
54 121 0 0
55 121 0 0
56 121 0 0
60 121 0 0
61 121 0 0
62 121 0 0
78 121 0 0
119 121 0 0
120 121 0 0
4 122 0 0
15 122 0 0
35 122 0 0
41 122 0 0
42 122 0 0
43 122 0 0
45 122 0 0
47 122 0 0
51 122 0 0
52 122 0 0
57 122 0 0
58 122 0 0
59 122 0 0
64 122 0 0
65 122 0 0
66 122 0 0
79 122 0 0
81 122 0 0
82 122 0 0
2 123 0 0
35 123 0 0
36 123 0 0
37 123 0 0
38 123 0 0
40 123 0 0
43 123 0 0
56 123 0 0
59 123 0 0
62 123 0 0
64 123 0 0
79 123 0 0
122 123 0 0
4 124 0 0
42 124 0 0
46 124 0 0
47 124 0 0
49 124 0 0
52 124 0 0
53 124 0 0
57 124 0 0
58 124 0 0
63 124 0 0
65 124 0 0
72 124 0 0
77 124 0 0
80 124 0 0
83 124 0 0
84 124 0 0
85 124 0 0
4 125 0 0
35 125 0 0
41 125 0 0
42 125 0 0
43 125 0 0
45 125 0 0
51 125 0 0
52 125 0 0
57 125 0 0
59 125 0 0
64 125 0 0
65 125 0 0
66 125 0 0
79 125 0 0
81 125 0 0
82 125 0 0
122 125 0 0
123 125 0 0
34 126 0 0
39 126 0 0
44 126 0 0
48 126 0 0
50 126 0 0
54 126 0 0
55 126 0 0
56 126 0 0
60 126 0 0
61 126 0 0
78 126 0 0
119 126 0 0
120 126 0 0
121 126 0 0
3 127 0 0
34 127 0 0
38 127 0 0
39 127 0 0
40 127 0 0
44 127 0 0
48 127 0 0
50 127 0 0
54 127 0 0
55 127 0 0
56 127 0 0
60 127 0 0
61 127 0 0
62 127 0 0
70 127 0 0
78 127 0 0
119 127 0 0
120 127 0 0
121 127 0 0
123 127 0 0
126 127 0 0
34 128 0 0
38 128 0 0
39 128 0 0
44 128 0 0
48 128 0 0
50 128 0 0
54 128 0 0
55 128 0 0
56 128 0 0
60 128 0 0
61 128 0 0
62 128 0 0
70 128 0 0
78 128 0 0
119 128 0 0
120 128 0 0
121 128 0 0
126 128 0 0
127 128 0 0
1 129 0 0
2 129 0 0
3 129 0 0
10 129 0 0
16 129 0 0
17 129 0 0
22 129 0 0
29 129 0 0
30 129 0 0
34 129 0 0
35 129 0 0
36 129 0 0
37 129 0 0
38 129 0 0
39 129 0 0
40 129 0 0
48 129 0 0
56 129 0 0
62 129 0 0
123 129 0 0
127 129 0 0
128 129 0 0
1 130 0 0
3 130 0 0
7 130 0 0
16 130 0 0
21 130 0 0
22 130 0 0
31 130 0 0
32 130 0 0
34 130 0 0
38 130 0 0
39 130 0 0
40 130 0 0
44 130 0 0
48 130 0 0
54 130 0 0
55 130 0 0
60 130 0 0
61 130 0 0
119 130 0 0
120 130 0 0
121 130 0 0
126 130 0 0
127 130 0 0
128 130 0 0
129 130 0 0
2 131 0 0
4 131 0 0
9 131 0 0
12 131 0 0
15 131 0 0
18 131 0 0
20 131 0 0
25 131 0 0
27 131 0 0
30 131 0 0
33 131 0 0
35 131 0 0
36 131 0 0
37 131 0 0
41 131 0 0
42 131 0 0
43 131 0 0
45 131 0 0
57 131 0 0
59 131 0 0
64 131 0 0
122 131 0 0
123 131 0 0
125 131 0 0
1 132 0 0
3 132 0 0
7 132 0 0
10 132 0 0
16 132 0 0
21 132 0 0
22 132 0 0
31 132 0 0
32 132 0 0
34 132 0 0
38 132 0 0
39 132 0 0
44 132 0 0
48 132 0 0
50 132 0 0
54 132 0 0
55 132 0 0
60 132 0 0
61 132 0 0
119 132 0 0
120 132 0 0
121 132 0 0
126 132 0 0
127 132 0 0
128 132 0 0
130 132 0 0
1 133 0 0
3 133 0 0
7 133 0 0
16 133 0 0
21 133 0 0
22 133 0 0
31 133 0 0
32 133 0 0
34 133 0 0
38 133 0 0
39 133 0 0
44 133 0 0
48 133 0 0
50 133 0 0
54 133 0 0
55 133 0 0
60 133 0 0
61 133 0 0
119 133 0 0
120 133 0 0
121 133 0 0
126 133 0 0
127 133 0 0
128 133 0 0
130 133 0 0
132 133 0 0
2 134 0 0
4 134 0 0
8 134 0 0
9 134 0 0
11 134 0 0
12 134 0 0
13 134 0 0
15 134 0 0
18 134 0 0
19 134 0 0
20 134 0 0
24 134 0 0
25 134 0 0
27 134 0 0
33 134 0 0
35 134 0 0
36 134 0 0
41 134 0 0
42 134 0 0
43 134 0 0
45 134 0 0
46 134 0 0
47 134 0 0
51 134 0 0
57 134 0 0
58 134 0 0
59 134 0 0
65 134 0 0
122 134 0 0
125 134 0 0
131 134 0 0
4 135 0 0
5 135 0 0
6 135 0 0
8 135 0 0
11 135 0 0
13 135 0 0
14 135 0 0
19 135 0 0
23 135 0 0
24 135 0 0
25 135 0 0
26 135 0 0
28 135 0 0
33 135 0 0
41 135 0 0
42 135 0 0
46 135 0 0
47 135 0 0
49 135 0 0
53 135 0 0
57 135 0 0
58 135 0 0
63 135 0 0
65 135 0 0
124 135 0 0
134 135 0 0
2 136 0 0
3 136 0 0
4 136 0 0
9 136 0 0
12 136 0 0
15 136 0 0
17 136 0 0
18 136 0 0
29 136 0 0
30 136 0 0
35 136 0 0
36 136 0 0
37 136 0 0
40 136 0 0
41 136 0 0
43 136 0 0
45 136 0 0
59 136 0 0
64 136 0 0
122 136 0 0
123 136 0 0
125 136 0 0
129 136 0 0
131 136 0 0
134 136 0 0
1 137 0 0
3 137 0 0
7 137 0 0
16 137 0 0
21 137 0 0
22 137 0 0
31 137 0 0
32 137 0 0
34 137 0 0
38 137 0 0
39 137 0 0
44 137 0 0
48 137 0 0
54 137 0 0
55 137 0 0
56 137 0 0
60 137 0 0
61 137 0 0
119 137 0 0
120 137 0 0
121 137 0 0
126 137 0 0
127 137 0 0
128 137 0 0
129 137 0 0
130 137 0 0
132 137 0 0
133 137 0 0
1 138 0 0
3 138 0 0
7 138 0 0
16 138 0 0
17 138 0 0
21 138 0 0
22 138 0 0
29 138 0 0
31 138 0 0
32 138 0 0
34 138 0 0
37 138 0 0
38 138 0 0
39 138 0 0
40 138 0 0
44 138 0 0
48 138 0 0
54 138 0 0
55 138 0 0
56 138 0 0
61 138 0 0
62 138 0 0
119 138 0 0
120 138 0 0
121 138 0 0
126 138 0 0
127 138 0 0
128 138 0 0
129 138 0 0
130 138 0 0
132 138 0 0
133 138 0 0
137 138 0 0
1 139 0 0
3 139 0 0
16 139 0 0
21 139 0 0
31 139 0 0
32 139 0 0
34 139 0 0
38 139 0 0
39 139 0 0
44 139 0 0
48 139 0 0
50 139 0 0
54 139 0 0
55 139 0 0
56 139 0 0
60 139 0 0
61 139 0 0
119 139 0 0
120 139 0 0
121 139 0 0
126 139 0 0
127 139 0 0
128 139 0 0
130 139 0 0
132 139 0 0
133 139 0 0
137 139 0 0
138 139 0 0
2 140 0 0
4 140 0 0
12 140 0 0
15 140 0 0
18 140 0 0
27 140 0 0
29 140 0 0
30 140 0 0
35 140 0 0
36 140 0 0
37 140 0 0
40 140 0 0
41 140 0 0
42 140 0 0
43 140 0 0
45 140 0 0
51 140 0 0
59 140 0 0
64 140 0 0
122 140 0 0
123 140 0 0
125 140 0 0
131 140 0 0
134 140 0 0
136 140 0 0
1 141 0 0
3 141 0 0
7 141 0 0
16 141 0 0
21 141 0 0
22 141 0 0
31 141 0 0
32 141 0 0
34 141 0 0
38 141 0 0
39 141 0 0
40 141 0 0
44 141 0 0
48 141 0 0
50 141 0 0
54 141 0 0
55 141 0 0
56 141 0 0
60 141 0 0
61 141 0 0
62 141 0 0
78 141 0 0
119 141 0 0
120 141 0 0
121 141 0 0
126 141 0 0
127 141 0 0
128 141 0 0
129 141 0 0
130 141 0 0
132 141 0 0
133 141 0 0
137 141 0 0
138 141 0 0
139 141 0 0
2 142 0 0
4 142 0 0
9 142 0 0
12 142 0 0
15 142 0 0
17 142 0 0
18 142 0 0
29 142 0 0
30 142 0 0
35 142 0 0
36 142 0 0
37 142 0 0
40 142 0 0
41 142 0 0
43 142 0 0
45 142 0 0
51 142 0 0
59 142 0 0
64 142 0 0
79 142 0 0
122 142 0 0
123 142 0 0
125 142 0 0
129 142 0 0
131 142 0 0
134 142 0 0
136 142 0 0
140 142 0 0
43 143 0 1
51 143 0 1
56 143 0 1
59 143 0 1
62 143 0 1
64 143 0 1
66 143 0 1
67 143 0 1
68 143 0 1
70 143 0 1
74 143 0 1
76 143 0 1
78 143 0 1
79 143 0 1
81 143 0 1
82 143 0 1
84 143 0 1
88 143 0 1
89 143 0 1
94 143 0 1
98 143 0 1
101 143 0 1
109 143 0 1
110 143 0 1
113 143 0 1
116 143 0 1
118 143 0 1
122 143 0 1
123 143 0 1
125 143 0 1
127 143 0 1
128 143 0 1
136 143 0 1
140 143 0 1
142 143 0 1
1 144 0 1
2 144 0 1
3 144 0 1
9 144 0 1
10 144 0 1
17 144 0 1
22 144 0 1
29 144 0 1
30 144 0 1
34 144 0 1
35 144 0 1
36 144 0 1
37 144 0 1
38 144 0 1
39 144 0 1
40 144 0 1
43 144 0 1
56 144 0 1
62 144 0 1
123 144 0 1
127 144 0 1
129 144 0 1
131 144 0 1
136 144 0 1
138 144 0 1
140 144 0 1
142 144 0 1
2 145 0 1
3 145 0 1
17 145 0 1
29 145 0 1
30 145 0 1
34 145 0 1
35 145 0 1
36 145 0 1
37 145 0 1
38 145 0 1
39 145 0 1
40 145 0 1
43 145 0 1
56 145 0 1
62 145 0 1
64 145 0 1
123 145 0 1
125 145 0 1
127 145 0 1
129 145 0 1
131 145 0 1
136 145 0 1
138 145 0 1
140 145 0 1
142 145 0 1
34 146 0 1
44 146 0 1
48 146 0 1
50 146 0 1
54 146 0 1
55 146 0 1
56 146 0 1
60 146 0 1
61 146 0 1
70 146 0 1
78 146 0 1
119 146 0 1
120 146 0 1
121 146 0 1
126 146 0 1
127 146 0 1
128 146 0 1
130 146 0 1
132 146 0 1
133 146 0 1
137 146 0 1
138 146 0 1
139 146 0 1
141 146 0 1
4 147 0 1
46 147 0 1
47 147 0 1
49 147 0 1
53 147 0 1
58 147 0 1
63 147 0 1
65 147 0 1
72 147 0 1
77 147 0 1
80 147 0 1
83 147 0 1
85 147 0 1
124 147 0 1
135 147 0 1
4 148 0 1
42 148 0 1
46 148 0 1
47 148 0 1
49 148 0 1
52 148 0 1
53 148 0 1
57 148 0 1
58 148 0 1
63 148 0 1
65 148 0 1
71 148 0 1
72 148 0 1
73 148 0 1
75 148 0 1
77 148 0 1
80 148 0 1
81 148 0 1
82 148 0 1
83 148 0 1
84 148 0 1
85 148 0 1
124 148 0 1
135 148 0 1
4 149 0 1
15 149 0 1
35 149 0 1
41 149 0 1
42 149 0 1
43 149 0 1
45 149 0 1
47 149 0 1
51 149 0 1
52 149 0 1
57 149 0 1
58 149 0 1
59 149 0 1
64 149 0 1
65 149 0 1
66 149 0 1
79 149 0 1
81 149 0 1
82 149 0 1
84 149 0 1
122 149 0 1
123 149 0 1
125 149 0 1
131 149 0 1
134 149 0 1
136 149 0 1
140 149 0 1
142 149 0 1
2 150 0 1
4 150 0 1
35 150 0 1
36 150 0 1
37 150 0 1
40 150 0 1
41 150 0 1
43 150 0 1
45 150 0 1
51 150 0 1
59 150 0 1
62 150 0 1
64 150 0 1
79 150 0 1
122 150 0 1
123 150 0 1
125 150 0 1
129 150 0 1
131 150 0 1
134 150 0 1
136 150 0 1
140 150 0 1
142 150 0 1
34 151 0 1
37 151 0 1
38 151 0 1
39 151 0 1
40 151 0 1
48 151 0 1
56 151 0 1
62 151 0 1
64 151 0 1
78 151 0 1
121 151 0 1
123 151 0 1
126 151 0 1
127 151 0 1
128 151 0 1
129 151 0 1
130 151 0 1
136 151 0 1
137 151 0 1
138 151 0 1
139 151 0 1
141 151 0 1
142 151 0 1
35 152 0 1
36 152 0 1
37 152 0 1
38 152 0 1
40 152 0 1
43 152 0 1
56 152 0 1
59 152 0 1
62 152 0 1
64 152 0 1
79 152 0 1
122 152 0 1
123 152 0 1
125 152 0 1
127 152 0 1
128 152 0 1
129 152 0 1
131 152 0 1
136 152 0 1
140 152 0 1
142 152 0 1
34 153 0 1
38 153 0 1
39 153 0 1
40 153 0 1
48 153 0 1
54 153 0 1
56 153 0 1
62 153 0 1
70 153 0 1
78 153 0 1
121 153 0 1
123 153 0 1
126 153 0 1
127 153 0 1
128 153 0 1
129 153 0 1
130 153 0 1
132 153 0 1
137 153 0 1
138 153 0 1
139 153 0 1
141 153 0 1
2 154 0 1
3 154 0 1
29 154 0 1
34 154 0 1
36 154 0 1
37 154 0 1
38 154 0 1
39 154 0 1
40 154 0 1
43 154 0 1
48 154 0 1
56 154 0 1
62 154 0 1
64 154 0 1
78 154 0 1
121 154 0 1
123 154 0 1
127 154 0 1
128 154 0 1
129 154 0 1
136 154 0 1
138 154 0 1
140 154 0 1
141 154 0 1
142 154 0 1
3 155 0 1
29 155 0 1
34 155 0 1
36 155 0 1
37 155 0 1
38 155 0 1
39 155 0 1
40 155 0 1
48 155 0 1
56 155 0 1
62 155 0 1
78 155 0 1
121 155 0 1
123 155 0 1
127 155 0 1
128 155 0 1
129 155 0 1
130 155 0 1
136 155 0 1
137 155 0 1
138 155 0 1
139 155 0 1
141 155 0 1
142 155 0 1
1 156 0 1
3 156 0 1
29 156 0 1
34 156 0 1
37 156 0 1
38 156 0 1
39 156 0 1
40 156 0 1
44 156 0 1
48 156 0 1
54 156 0 1
56 156 0 1
62 156 0 1
78 156 0 1
120 156 0 1
121 156 0 1
123 156 0 1
126 156 0 1
127 156 0 1
128 156 0 1
129 156 0 1
130 156 0 1
132 156 0 1
137 156 0 1
138 156 0 1
139 156 0 1
141 156 0 1
2 157 0 1
3 157 0 1
15 157 0 1
17 157 0 1
29 157 0 1
30 157 0 1
35 157 0 1
36 157 0 1
37 157 0 1
38 157 0 1
40 157 0 1
41 157 0 1
43 157 0 1
45 157 0 1
56 157 0 1
59 157 0 1
62 157 0 1
64 157 0 1
79 157 0 1
122 157 0 1
123 157 0 1
125 157 0 1
129 157 0 1
131 157 0 1
134 157 0 1
136 157 0 1
140 157 0 1
142 157 0 1
1 158 0 1
2 158 0 1
3 158 0 1
10 158 0 1
16 158 0 1
17 158 0 1
22 158 0 1
29 158 0 1
30 158 0 1
34 158 0 1
36 158 0 1
37 158 0 1
38 158 0 1
39 158 0 1
40 158 0 1
44 158 0 1
48 158 0 1
56 158 0 1
62 158 0 1
78 158 0 1
121 158 0 1
123 158 0 1
126 158 0 1
127 158 0 1
128 158 0 1
129 158 0 1
130 158 0 1
132 158 0 1
136 158 0 1
137 158 0 1
138 158 0 1
139 158 0 1
141 158 0 1
142 158 0 1
1 159 0 1
3 159 0 1
16 159 0 1
29 159 0 1
34 159 0 1
37 159 0 1
38 159 0 1
39 159 0 1
40 159 0 1
44 159 0 1
48 159 0 1
50 159 0 1
54 159 0 1
55 159 0 1
56 159 0 1
60 159 0 1
61 159 0 1
62 159 0 1
78 159 0 1
119 159 0 1
120 159 0 1
121 159 0 1
123 159 0 1
126 159 0 1
127 159 0 1
128 159 0 1
129 159 0 1
130 159 0 1
132 159 0 1
133 159 0 1
137 159 0 1
138 159 0 1
139 159 0 1
141 159 0 1
4 160 0 1
41 160 0 1
42 160 0 1
43 160 0 1
45 160 0 1
46 160 0 1
47 160 0 1
51 160 0 1
52 160 0 1
57 160 0 1
58 160 0 1
59 160 0 1
63 160 0 1
64 160 0 1
65 160 0 1
66 160 0 1
68 160 0 1
73 160 0 1
74 160 0 1
76 160 0 1
79 160 0 1
80 160 0 1
81 160 0 1
82 160 0 1
83 160 0 1
84 160 0 1
122 160 0 1
125 160 0 1
131 160 0 1
134 160 0 1
140 160 0 1
142 160 0 1
44 161 0 1
48 161 0 1
50 161 0 1
54 161 0 1
55 161 0 1
56 161 0 1
60 161 0 1
61 161 0 1
62 161 0 1
67 161 0 1
70 161 0 1
78 161 0 1
119 161 0 1
120 161 0 1
121 161 0 1
126 161 0 1
127 161 0 1
128 161 0 1
130 161 0 1
132 161 0 1
133 161 0 1
137 161 0 1
138 161 0 1
139 161 0 1
141 161 0 1
41 162 0 1
43 162 0 1
45 162 0 1
51 162 0 1
56 162 0 1
59 162 0 1
62 162 0 1
64 162 0 1
66 162 0 1
68 162 0 1
79 162 0 1
81 162 0 1
122 162 0 1
123 162 0 1
125 162 0 1
131 162 0 1
136 162 0 1
140 162 0 1
142 162 0 1
56 163 0 1
62 163 0 1
64 163 0 1
78 163 0 1
79 163 0 1
123 163 0 1
127 163 0 1
128 163 0 1
142 163 0 1
48 164 0 1
56 164 0 1
62 164 0 1
64 164 0 1
70 164 0 1
78 164 0 1
121 164 0 1
123 164 0 1
127 164 0 1
128 164 0 1
129 164 0 1
141 164 0 1
4 165 0 1
41 165 0 1
42 165 0 1
43 165 0 1
45 165 0 1
51 165 0 1
52 165 0 1
57 165 0 1
58 165 0 1
59 165 0 1
64 165 0 1
65 165 0 1
66 165 0 1
68 165 0 1
74 165 0 1
76 165 0 1
79 165 0 1
81 165 0 1
82 165 0 1
83 165 0 1
84 165 0 1
122 165 0 1
125 165 0 1
134 165 0 1
140 165 0 1
142 165 0 1
48 166 0 1
50 166 0 1
54 166 0 1
56 166 0 1
61 166 0 1
62 166 0 1
67 166 0 1
70 166 0 1
78 166 0 1
121 166 0 1
123 166 0 1
126 166 0 1
127 166 0 1
128 166 0 1
141 166 0 1
44 167 0 1
48 167 0 1
50 167 0 1
54 167 0 1
55 167 0 1
56 167 0 1
60 167 0 1
61 167 0 1
62 167 0 1
67 167 0 1
70 167 0 1
78 167 0 1
119 167 0 1
120 167 0 1
121 167 0 1
126 167 0 1
127 167 0 1
128 167 0 1
138 167 0 1
139 167 0 1
141 167 0 1
4 168 0 1
41 168 0 1
42 168 0 1
43 168 0 1
45 168 0 1
46 168 0 1
47 168 0 1
51 168 0 1
52 168 0 1
57 168 0 1
58 168 0 1
59 168 0 1
64 168 0 1
65 168 0 1
66 168 0 1
74 168 0 1
76 168 0 1
79 168 0 1
80 168 0 1
81 168 0 1
82 168 0 1
83 168 0 1
84 168 0 1
122 168 0 1
125 168 0 1
131 168 0 1
134 168 0 1
140 168 0 1
142 168 0 1
4 169 0 1
41 169 0 1
42 169 0 1
43 169 0 1
45 169 0 1
46 169 0 1
47 169 0 1
51 169 0 1
52 169 0 1
57 169 0 1
58 169 0 1
59 169 0 1
63 169 0 1
64 169 0 1
65 169 0 1
66 169 0 1
73 169 0 1
74 169 0 1
76 169 0 1
79 169 0 1
80 169 0 1
81 169 0 1
82 169 0 1
83 169 0 1
84 169 0 1
122 169 0 1
125 169 0 1
131 169 0 1
134 169 0 1
140 169 0 1
142 169 0 1
41 170 0 1
43 170 0 1
45 170 0 1
51 170 0 1
52 170 0 1
57 170 0 1
59 170 0 1
62 170 0 1
64 170 0 1
66 170 0 1
79 170 0 1
81 170 0 1
82 170 0 1
122 170 0 1
123 170 0 1
125 170 0 1
131 170 0 1
134 170 0 1
136 170 0 1
140 170 0 1
142 170 0 1
44 171 0 1
48 171 0 1
50 171 0 1
54 171 0 1
55 171 0 1
56 171 0 1
60 171 0 1
61 171 0 1
62 171 0 1
67 171 0 1
70 171 0 1
78 171 0 1
119 171 0 1
120 171 0 1
121 171 0 1
126 171 0 1
127 171 0 1
128 171 0 1
130 171 0 1
132 171 0 1
133 171 0 1
137 171 0 1
138 171 0 1
139 171 0 1
141 171 0 1
44 172 0 1
48 172 0 1
50 172 0 1
54 172 0 1
55 172 0 1
56 172 0 1
60 172 0 1
61 172 0 1
62 172 0 1
70 172 0 1
78 172 0 1
119 172 0 1
120 172 0 1
121 172 0 1
126 172 0 1
127 172 0 1
128 172 0 1
130 172 0 1
132 172 0 1
137 172 0 1
138 172 0 1
139 172 0 1
141 172 0 1
48 173 0 1
54 173 0 1
56 173 0 1
62 173 0 1
70 173 0 1
78 173 0 1
121 173 0 1
123 173 0 1
126 173 0 1
127 173 0 1
128 173 0 1
129 173 0 1
138 173 0 1
141 173 0 1
43 174 0 1
45 174 0 1
51 174 0 1
56 174 0 1
59 174 0 1
62 174 0 1
64 174 0 1
79 174 0 1
122 174 0 1
123 174 0 1
125 174 0 1
129 174 0 1
131 174 0 1
136 174 0 1
140 174 0 1
142 174 0 1
4 175 0 1
47 175 0 1
49 175 0 1
51 175 0 1
52 175 0 1
53 175 0 1
57 175 0 1
58 175 0 1
63 175 0 1
65 175 0 1
66 175 0 1
69 175 0 1
71 175 0 1
72 175 0 1
73 175 0 1
74 175 0 1
75 175 0 1
76 175 0 1
77 175 0 1
80 175 0 1
81 175 0 1
82 175 0 1
83 175 0 1
84 175 0 1
85 175 0 1
86 175 0 1
115 175 0 1
116 175 0 1
117 175 0 1
124 175 0 1
56 176 0 1
62 176 0 1
67 176 0 1
70 176 0 1
78 176 0 1
89 176 0 1
118 176 0 1
121 176 0 1
127 176 0 1
128 176 0 1
50 177 0 1
54 177 0 1
55 177 0 1
60 177 0 1
61 177 0 1
67 177 0 1
70 177 0 1
78 177 0 1
87 177 0 1
89 177 0 1
90 177 0 1
91 177 0 1
118 177 0 1
50 178 0 1
54 178 0 1
55 178 0 1
60 178 0 1
61 178 0 1
67 178 0 1
70 178 0 1
78 178 0 1
87 178 0 1
89 178 0 1
90 178 0 1
91 178 0 1
112 178 0 1
118 178 0 1
51 179 0 1
52 179 0 1
57 179 0 1
59 179 0 1
64 179 0 1
65 179 0 1
66 179 0 1
68 179 0 1
74 179 0 1
76 179 0 1
79 179 0 1
81 179 0 1
82 179 0 1
83 179 0 1
84 179 0 1
116 179 0 1
122 179 0 1
125 179 0 1
51 180 0 1
52 180 0 1
57 180 0 1
59 180 0 1
64 180 0 1
65 180 0 1
66 180 0 1
68 180 0 1
74 180 0 1
76 180 0 1
79 180 0 1
81 180 0 1
82 180 0 1
83 180 0 1
84 180 0 1
88 180 0 1
116 180 0 1
125 180 0 1
50 181 0 1
54 181 0 1
55 181 0 1
60 181 0 1
61 181 0 1
67 181 0 1
70 181 0 1
78 181 0 1
87 181 0 1
89 181 0 1
91 181 0 1
118 181 0 1
126 181 0 1
128 181 0 1
51 182 0 1
59 182 0 1
64 182 0 1
66 182 0 1
68 182 0 1
74 182 0 1
79 182 0 1
81 182 0 1
4 183 0 1
41 183 0 1
42 183 0 1
43 183 0 1
45 183 0 1
46 183 0 1
47 183 0 1
49 183 0 1
51 183 0 1
52 183 0 1
53 183 0 1
57 183 0 1
58 183 0 1
59 183 0 1
63 183 0 1
65 183 0 1
66 183 0 1
68 183 0 1
71 183 0 1
72 183 0 1
73 183 0 1
74 183 0 1
75 183 0 1
76 183 0 1
77 183 0 1
79 183 0 1
80 183 0 1
81 183 0 1
82 183 0 1
83 183 0 1
84 183 0 1
85 183 0 1
116 183 0 1
122 183 0 1
124 183 0 1
125 183 0 1
44 184 0 1
48 184 0 1
50 184 0 1
54 184 0 1
55 184 0 1
56 184 0 1
60 184 0 1
61 184 0 1
62 184 0 1
67 184 0 1
70 184 0 1
78 184 0 1
118 184 0 1
119 184 0 1
120 184 0 1
121 184 0 1
126 184 0 1
127 184 0 1
128 184 0 1
139 184 0 1
141 184 0 1
44 185 0 1
48 185 0 1
50 185 0 1
54 185 0 1
55 185 0 1
60 185 0 1
61 185 0 1
67 185 0 1
70 185 0 1
78 185 0 1
118 185 0 1
119 185 0 1
120 185 0 1
121 185 0 1
126 185 0 1
127 185 0 1
128 185 0 1
132 185 0 1
141 185 0 1
41 186 0 1
43 186 0 1
45 186 0 1
51 186 0 1
52 186 0 1
57 186 0 1
59 186 0 1
64 186 0 1
65 186 0 1
66 186 0 1
68 186 0 1
74 186 0 1
76 186 0 1
79 186 0 1
81 186 0 1
82 186 0 1
84 186 0 1
122 186 0 1
123 186 0 1
125 186 0 1
140 186 0 1
142 186 0 1
43 187 0 1
51 187 0 1
56 187 0 1
59 187 0 1
62 187 0 1
64 187 0 1
68 187 0 1
79 187 0 1
122 187 0 1
123 187 0 1
125 187 0 1
142 187 0 1
56 188 0 1
62 188 0 1
64 188 0 1
70 188 0 1
78 188 0 1
79 188 0 1
123 188 0 1
127 188 0 1
128 188 0 1
48 189 0 1
50 189 0 1
54 189 0 1
55 189 0 1
56 189 0 1
60 189 0 1
61 189 0 1
62 189 0 1
67 189 0 1
70 189 0 1
78 189 0 1
89 189 0 1
118 189 0 1
119 189 0 1
120 189 0 1
121 189 0 1
126 189 0 1
127 189 0 1
128 189 0 1
48 190 0 1
50 190 0 1
54 190 0 1
55 190 0 1
56 190 0 1
61 190 0 1
62 190 0 1
67 190 0 1
70 190 0 1
78 190 0 1
89 190 0 1
118 190 0 1
121 190 0 1
126 190 0 1
127 190 0 1
128 190 0 1
56 191 0 1
62 191 0 1
67 191 0 1
70 191 0 1
78 191 0 1
89 191 0 1
118 191 0 1
121 191 0 1
123 191 0 1
127 191 0 1
128 191 0 1
67 192 0 1
70 192 0 1
78 192 0 1
87 192 0 1
89 192 0 1
90 192 0 1
91 192 0 1
94 192 0 1
110 192 0 1
111 192 0 1
112 192 0 1
114 192 0 1
118 192 0 1
67 193 0 1
70 193 0 1
78 193 0 1
89 193 0 1
109 193 0 1
110 193 0 1
111 193 0 1
118 193 0 1
51 194 0 1
52 194 0 1
66 194 0 1
68 194 0 1
69 194 0 1
71 194 0 1
72 194 0 1
73 194 0 1
74 194 0 1
75 194 0 1
76 194 0 1
80 194 0 1
81 194 0 1
82 194 0 1
83 194 0 1
84 194 0 1
88 194 0 1
113 194 0 1
116 194 0 1
50 195 0 1
56 195 0 1
61 195 0 1
62 195 0 1
67 195 0 1
70 195 0 1
78 195 0 1
87 195 0 1
89 195 0 1
91 195 0 1
118 195 0 1
128 195 0 1
51 196 0 1
52 196 0 1
59 196 0 1
64 196 0 1
66 196 0 1
68 196 0 1
74 196 0 1
76 196 0 1
79 196 0 1
81 196 0 1
82 196 0 1
84 196 0 1
51 197 0 1
59 197 0 1
64 197 0 1
66 197 0 1
68 197 0 1
74 197 0 1
76 197 0 1
79 197 0 1
81 197 0 1
82 197 0 1
51 198 0 1
52 198 0 1
65 198 0 1
66 198 0 1
68 198 0 1
69 198 0 1
71 198 0 1
72 198 0 1
73 198 0 1
74 198 0 1
75 198 0 1
76 198 0 1
77 198 0 1
80 198 0 1
81 198 0 1
82 198 0 1
83 198 0 1
84 198 0 1
85 198 0 1
88 198 0 1
116 198 0 1
50 199 0 1
61 199 0 1
67 199 0 1
70 199 0 1
78 199 0 1
87 199 0 1
89 199 0 1
90 199 0 1
91 199 0 1
110 199 0 1
111 199 0 1
112 199 0 1
118 199 0 1
51 200 0 1
52 200 0 1
59 200 0 1
64 200 0 1
66 200 0 1
68 200 0 1
74 200 0 1
76 200 0 1
79 200 0 1
81 200 0 1
82 200 0 1
83 200 0 1
84 200 0 1
88 200 0 1
116 200 0 1
51 201 0 1
64 201 0 1
66 201 0 1
68 201 0 1
74 201 0 1
76 201 0 1
79 201 0 1
81 201 0 1
82 201 0 1
51 202 0 1
52 202 0 1
65 202 0 1
66 202 0 1
68 202 0 1
71 202 0 1
73 202 0 1
74 202 0 1
75 202 0 1
76 202 0 1
79 202 0 1
80 202 0 1
81 202 0 1
82 202 0 1
83 202 0 1
84 202 0 1
88 202 0 1
113 202 0 1
116 202 0 1
67 203 0 1
70 203 0 1
87 203 0 1
89 203 0 1
90 203 0 1
91 203 0 1
94 203 0 1
95 203 0 1
96 203 0 1
97 203 0 1
98 203 0 1
101 203 0 1
104 203 0 1
105 203 0 1
106 203 0 1
109 203 0 1
110 203 0 1
111 203 0 1
112 203 0 1
114 203 0 1
118 203 0 1
67 204 0 1
70 204 0 1
87 204 0 1
89 204 0 1
90 204 0 1
91 204 0 1
94 204 0 1
95 204 0 1
97 204 0 1
98 204 0 1
109 204 0 1
110 204 0 1
111 204 0 1
112 204 0 1
118 204 0 1
69 205 0 1
71 205 0 1
72 205 0 1
73 205 0 1
75 205 0 1
76 205 0 1
85 205 0 1
86 205 0 1
88 205 0 1
92 205 0 1
93 205 0 1
115 205 0 1
116 205 0 1
117 205 0 1
69 206 0 1
71 206 0 1
73 206 0 1
75 206 0 1
85 206 0 1
86 206 0 1
88 206 0 1
92 206 0 1
93 206 0 1
115 206 0 1
116 206 0 1
117 206 0 1
69 207 0 1
71 207 0 1
73 207 0 1
74 207 0 1
75 207 0 1
76 207 0 1
85 207 0 1
86 207 0 1
88 207 0 1
92 207 0 1
93 207 0 1
113 207 0 1
115 207 0 1
116 207 0 1
117 207 0 1
67 208 0 1
87 208 0 1
89 208 0 1
90 208 0 1
91 208 0 1
94 208 0 1
95 208 0 1
96 208 0 1
97 208 0 1
98 208 0 1
101 208 0 1
102 208 0 1
104 208 0 1
105 208 0 1
106 208 0 1
107 208 0 1
108 208 0 1
109 208 0 1
110 208 0 1
111 208 0 1
112 208 0 1
114 208 0 1
118 208 0 1
69 209 0 1
71 209 0 1
85 209 0 1
86 209 0 1
88 209 0 1
92 209 0 1
93 209 0 1
99 209 0 1
100 209 0 1
103 209 0 1
115 209 0 1
116 209 0 1
117 209 0 1
69 210 0 1
71 210 0 1
75 210 0 1
86 210 0 1
88 210 0 1
92 210 0 1
93 210 0 1
99 210 0 1
100 210 0 1
103 210 0 1
113 210 0 1
115 210 0 1
116 210 0 1
117 210 0 1
68 211 0 1
88 211 0 1
113 211 0 1
69 212 0 1
71 212 0 1
73 212 0 1
74 212 0 1
75 212 0 1
76 212 0 1
86 212 0 1
88 212 0 1
92 212 0 1
93 212 0 1
100 212 0 1
113 212 0 1
115 212 0 1
116 212 0 1
117 212 0 1
69 213 0 1
71 213 0 1
75 213 0 1
85 213 0 1
86 213 0 1
88 213 0 1
92 213 0 1
93 213 0 1
100 213 0 1
115 213 0 1
116 213 0 1
117 213 0 1
68 214 0 1
88 214 0 1
113 214 0 1
67 215 0 1
87 215 0 1
89 215 0 1
90 215 0 1
91 215 0 1
94 215 0 1
95 215 0 1
97 215 0 1
98 215 0 1
101 215 0 1
104 215 0 1
105 215 0 1
109 215 0 1
110 215 0 1
111 215 0 1
112 215 0 1
118 215 0 1
68 216 0 1
88 216 0 1
92 216 0 1
93 216 0 1
113 216 0 1
116 216 0 1
89 217 0 1
90 217 0 1
91 217 0 1
94 217 0 1
95 217 0 1
96 217 0 1
97 217 0 1
98 217 0 1
101 217 0 1
102 217 0 1
104 217 0 1
105 217 0 1
106 217 0 1
107 217 0 1
108 217 0 1
109 217 0 1
110 217 0 1
111 217 0 1
112 217 0 1
114 217 0 1
118 217 0 1
86 218 0 1
92 218 0 1
93 218 0 1
99 218 0 1
100 218 0 1
103 218 0 1
115 218 0 1
117 218 0 1
92 219 0 1
93 219 0 1
99 219 0 1
100 219 0 1
103 219 0 1
92 220 0 1
93 220 0 1
99 220 0 1
100 220 0 1
103 220 0 1
113 220 0 1
93 221 0 1
100 221 0 1
103 221 0 1
113 221 0 1
94 222 0 1
98 222 0 1
101 222 0 1
109 222 0 1
113 223 0 1
94 224 0 1
97 224 0 1
98 224 0 1
101 224 0 1
109 224 0 1
110 224 0 1
94 225 0 1
97 225 0 1
98 225 0 1
101 225 0 1
104 225 0 1
105 225 0 1
109 225 0 1
110 225 0 1
111 225 0 1
88 226 0 1
93 226 0 1
100 226 0 1
103 226 0 1
113 226 0 1
86 227 0 1
92 227 0 1
93 227 0 1
99 227 0 1
100 227 0 1
103 227 0 1
117 227 0 1
88 228 0 1
93 228 0 1
113 228 0 1
91 229 0 1
94 229 0 1
95 229 0 1
96 229 0 1
97 229 0 1
98 229 0 1
101 229 0 1
102 229 0 1
104 229 0 1
105 229 0 1
106 229 0 1
107 229 0 1
108 229 0 1
109 229 0 1
110 229 0 1
111 229 0 1
112 229 0 1
114 229 0 1
88 230 0 1
92 230 0 1
93 230 0 1
99 230 0 1
100 230 0 1
103 230 0 1
113 230 0 1
94 231 0 1
97 231 0 1
98 231 0 1
101 231 0 1
109 231 0 1
110 231 0 1
88 232 0 1
93 232 0 1
100 232 0 1
103 232 0 1
113 232 0 1
88 233 0 1
92 233 0 1
93 233 0 1
100 233 0 1
103 233 0 1
113 233 0 1
69 234 0 1
86 234 0 1
88 234 0 1
92 234 0 1
93 234 0 1
99 234 0 1
100 234 0 1
103 234 0 1
115 234 0 1
117 234 0 1
67 235 0 1
89 235 0 1
94 235 0 1
97 235 0 1
98 235 0 1
101 235 0 1
109 235 0 1
110 235 0 1
111 235 0 1
118 235 0 1
69 236 0 1
71 236 0 1
86 236 0 1
88 236 0 1
92 236 0 1
93 236 0 1
99 236 0 1
100 236 0 1
103 236 0 1
115 236 0 1
116 236 0 1
117 236 0 1
88 237 0 1
92 237 0 1
93 237 0 1
100 237 0 1
103 237 0 1
113 237 0 1
116 237 0 1
68 238 0 1
88 238 0 1
93 238 0 1
113 238 0 1
116 238 0 1
67 239 0 1
89 239 0 1
91 239 0 1
94 239 0 1
95 239 0 1
97 239 0 1
98 239 0 1
101 239 0 1
104 239 0 1
105 239 0 1
109 239 0 1
110 239 0 1
111 239 0 1
112 239 0 1
118 239 0 1
89 240 0 1
90 240 0 1
91 240 0 1
94 240 0 1
95 240 0 1
97 240 0 1
98 240 0 1
101 240 0 1
102 240 0 1
104 240 0 1
105 240 0 1
106 240 0 1
108 240 0 1
109 240 0 1
110 240 0 1
111 240 0 1
112 240 0 1
114 240 0 1
118 240 0 1
88 241 0 1
92 241 0 1
93 241 0 1
100 241 0 1
103 241 0 1
113 241 0 1
116 241 0 1
86 242 0 1
88 242 0 1
92 242 0 1
93 242 0 1
99 242 0 1
100 242 0 1
103 242 0 1
113 242 0 1
88 243 0 1
93 243 0 1
113 243 0 1
88 244 0 1
92 244 0 1
93 244 0 1
99 244 0 1
100 244 0 1
103 244 0 1
113 244 0 1
116 244 0 1
69 245 0 1
71 245 0 1
72 245 0 1
73 245 0 1
74 245 0 1
75 245 0 1
76 245 0 1
80 245 0 1
82 245 0 1
83 245 0 1
84 245 0 1
85 245 0 1
86 245 0 1
88 245 0 1
92 245 0 1
93 245 0 1
113 245 0 1
115 245 0 1
116 245 0 1
117 245 0 1
69 246 0 1
71 246 0 1
72 246 0 1
73 246 0 1
74 246 0 1
75 246 0 1
76 246 0 1
77 246 0 1
83 246 0 1
85 246 0 1
86 246 0 1
88 246 0 1
92 246 0 1
93 246 0 1
115 246 0 1
116 246 0 1
117 246 0 1
66 247 0 1
68 247 0 1
69 247 0 1
71 247 0 1
73 247 0 1
74 247 0 1
75 247 0 1
76 247 0 1
81 247 0 1
82 247 0 1
83 247 0 1
84 247 0 1
88 247 0 1
93 247 0 1
113 247 0 1
116 247 0 1
66 248 0 1
69 248 0 1
71 248 0 1
72 248 0 1
73 248 0 1
74 248 0 1
75 248 0 1
76 248 0 1
77 248 0 1
80 248 0 1
81 248 0 1
82 248 0 1
83 248 0 1
84 248 0 1
85 248 0 1
86 248 0 1
88 248 0 1
92 248 0 1
93 248 0 1
113 248 0 1
115 248 0 1
116 248 0 1
117 248 0 1
67 249 0 1
70 249 0 1
89 249 0 1
94 249 0 1
109 249 0 1
110 249 0 1
111 249 0 1
118 249 0 1
66 250 0 1
68 250 0 1
69 250 0 1
71 250 0 1
72 250 0 1
73 250 0 1
74 250 0 1
75 250 0 1
76 250 0 1
80 250 0 1
81 250 0 1
82 250 0 1
83 250 0 1
84 250 0 1
85 250 0 1
86 250 0 1
88 250 0 1
93 250 0 1
113 250 0 1
115 250 0 1
116 250 0 1
117 250 0 1
51 251 0 1
52 251 0 1
66 251 0 1
68 251 0 1
73 251 0 1
74 251 0 1
76 251 0 1
79 251 0 1
81 251 0 1
82 251 0 1
83 251 0 1
84 251 0 1
88 251 0 1
113 251 0 1
116 251 0 1
67 252 0 1
70 252 0 1
87 252 0 1
89 252 0 1
90 252 0 1
91 252 0 1
94 252 0 1
95 252 0 1
97 252 0 1
98 252 0 1
109 252 0 1
110 252 0 1
111 252 0 1
112 252 0 1
114 252 0 1
118 252 0 1
69 253 0 1
71 253 0 1
72 253 0 1
73 253 0 1
75 253 0 1
76 253 0 1
85 253 0 1
86 253 0 1
88 253 0 1
92 253 0 1
93 253 0 1
115 253 0 1
116 253 0 1
117 253 0 1
67 254 0 1
70 254 0 1
89 254 0 1
94 254 0 1
97 254 0 1
98 254 0 1
109 254 0 1
110 254 0 1
111 254 0 1
118 254 0 1
67 255 0 1
70 255 0 1
89 255 0 1
91 255 0 1
94 255 0 1
97 255 0 1
98 255 0 1
109 255 0 1
110 255 0 1
111 255 0 1
112 255 0 1
118 255 0 1
67 256 0 1
70 256 0 1
87 256 0 1
89 256 0 1
90 256 0 1
91 256 0 1
94 256 0 1
95 256 0 1
96 256 0 1
97 256 0 1
98 256 0 1
105 256 0 1
109 256 0 1
110 256 0 1
111 256 0 1
112 256 0 1
114 256 0 1
118 256 0 1
66 257 0 1
68 257 0 1
73 257 0 1
74 257 0 1
75 257 0 1
76 257 0 1
82 257 0 1
88 257 0 1
93 257 0 1
113 257 0 1
116 257 0 1
69 258 0 1
71 258 0 1
72 258 0 1
73 258 0 1
74 258 0 1
75 258 0 1
76 258 0 1
85 258 0 1
86 258 0 1
88 258 0 1
92 258 0 1
93 258 0 1
113 258 0 1
115 258 0 1
116 258 0 1
117 258 0 1
