1 2 0 0
3 4 0 0
6 7 0 0
3 8 0 0
4 8 0 0
5 9 0 0
5 10 0 0
9 10 0 0
3 11 0 0
4 11 0 0
6 11 0 0
7 11 0 0
8 11 0 0
1 12 0 0
6 12 0 0
7 12 0 0
6 13 0 0
7 13 0 0
11 13 0 0
12 13 0 0
6 14 0 0
7 14 0 0
12 14 0 0
13 14 0 0
1 15 0 0
6 15 0 0
7 15 0 0
12 15 0 0
14 15 0 0
3 16 0 0
4 16 0 0
8 16 0 0
11 16 0 0
1 17 0 0
5 17 0 0
9 17 0 0
10 17 0 0
15 17 0 0
6 18 0 0
7 18 0 0
11 18 0 0
12 18 0 0
13 18 0 0
14 18 0 0
15 18 0 0
3 19 0 0
4 19 0 0
8 19 0 0
11 19 0 0
13 19 0 0
16 19 0 0
18 19 0 0
1 20 0 0
10 20 0 0
12 20 0 0
15 20 0 0
17 20 0 0
1 21 0 0
6 21 0 0
7 21 0 0
12 21 0 0
13 21 0 0
14 21 0 0
15 21 0 0
18 21 0 0
1 22 0 0
10 22 0 0
15 22 0 0
17 22 0 0
20 22 0 0
1 23 0 0
2 23 0 0
5 23 0 0
9 23 0 0
10 23 0 0
17 23 0 0
20 23 0 0
22 23 0 0
1 24 0 0
6 24 0 0
7 24 0 0
12 24 0 0
14 24 0 0
15 24 0 0
18 24 0 0
20 24 0 0
21 24 0 0
22 24 0 0
1 25 0 0
12 25 0 0
14 25 0 0
15 25 0 0
17 25 0 0
20 25 0 0
21 25 0 0
22 25 0 0
23 25 0 0
24 25 0 0
1 26 0 0
5 26 0 0
10 26 0 0
12 26 0 0
15 26 0 0
17 26 0 0
20 26 0 0
22 26 0 0
23 26 0 0
24 26 0 0
25 26 0 0
1 27 0 0
5 27 0 0
9 27 0 0
10 27 0 0
15 27 0 0
17 27 0 0
20 27 0 0
22 27 0 0
23 27 0 0
24 27 0 0
25 27 0 0
26 27 0 0
1 28 0 0
5 28 0 0
9 28 0 0
10 28 0 0
17 28 0 0
20 28 0 0
22 28 0 0
23 28 0 0
25 28 0 0
26 28 0 0
27 28 0 0
2 29 0 0
5 29 0 0
9 29 0 0
10 29 0 0
17 29 0 0
22 29 0 0
23 29 0 0
27 29 0 0
28 29 0 0
1 30 0 0
2 30 0 0
5 30 0 0
9 30 0 0
10 30 0 0
17 30 0 0
20 30 0 0
22 30 0 0
23 30 0 0
26 30 0 0
27 30 0 0
28 30 0 0
29 30 0 0
5 31 0 0
9 31 0 0
10 31 0 0
17 31 0 0
23 31 0 0
27 31 0 0
28 31 0 0
29 31 0 0
30 31 0 0
5 32 0 0
9 32 0 0
10 32 0 0
17 32 0 0
20 32 0 0
22 32 0 0
23 32 0 0
26 32 0 0
27 32 0 0
28 32 0 0
29 32 0 0
30 32 0 0
31 32 0 0
6 33 0 0
7 33 0 0
8 33 0 0
11 33 0 0
13 33 0 0
14 33 0 0
18 33 0 0
19 33 0 0
21 33 0 0
1 34 0 0
6 34 0 0
7 34 0 0
11 34 0 0
12 34 0 0
13 34 0 0
14 34 0 0
15 34 0 0
18 34 0 0
21 34 0 0
24 34 0 0
25 34 0 0
33 34 0 0
1 35 0 0
6 35 0 0
7 35 0 0
12 35 0 0
14 35 0 0
15 35 0 0
17 35 0 0
18 35 0 0
20 35 0 0
21 35 0 0
22 35 0 0
24 35 0 0
25 35 0 0
26 35 0 0
27 35 0 0
34 35 0 0
6 36 0 0
7 36 0 0
11 36 0 0
12 36 0 0
13 36 0 0
14 36 0 0
18 36 0 0
19 36 0 0
21 36 0 0
33 36 0 0
34 36 0 0
1 37 0 0
6 37 0 0
12 37 0 0
14 37 0 0
15 37 0 0
17 37 0 0
20 37 0 0
21 37 0 0
22 37 0 0
23 37 0 0
24 37 0 0
25 37 0 0
26 37 0 0
27 37 0 0
34 37 0 0
35 37 0 0
1 38 0 0
5 38 0 0
10 38 0 0
12 38 0 0
14 38 0 0
15 38 0 0
17 38 0 0
20 38 0 0
21 38 0 0
22 38 0 0
23 38 0 0
24 38 0 0
25 38 0 0
26 38 0 0
27 38 0 0
28 38 0 0
30 38 0 0
34 38 0 0
35 38 0 0
37 38 0 0
1 39 0 0
6 39 0 0
7 39 0 0
12 39 0 0
14 39 0 0
15 39 0 0
18 39 0 0
20 39 0 0
21 39 0 0
24 39 0 0
25 39 0 0
26 39 0 0
33 39 0 0
34 39 0 0
35 39 0 0
36 39 0 0
37 39 0 0
38 39 0 0
1 40 0 0
5 40 0 0
9 40 0 0
10 40 0 0
12 40 0 0
15 40 0 0
17 40 0 0
20 40 0 0
22 40 0 0
23 40 0 0
24 40 0 0
25 40 0 0
26 40 0 0
27 40 0 0
28 40 0 0
29 40 0 0
30 40 0 0
32 40 0 0
35 40 0 0
37 40 0 0
38 40 0 0
39 40 0 0
1 41 0 0
5 41 0 0
9 41 0 0
10 41 0 0
17 41 0 0
20 41 0 0
22 41 0 0
23 41 0 0
26 41 0 0
27 41 0 0
28 41 0 0
29 41 0 0
30 41 0 0
31 41 0 0
32 41 0 0
38 41 0 0
40 41 0 0
1 42 0 0
6 42 0 0
7 42 0 0
12 42 0 0
13 42 0 0
14 42 0 0
15 42 0 0
18 42 0 0
20 42 0 0
21 42 0 0
24 42 0 0
25 42 0 0
26 42 0 0
33 42 0 0
34 42 0 0
35 42 0 0
36 42 0 0
37 42 0 0
38 42 0 0
39 42 0 0
8 43 0 0
19 43 0 0
2 44 0 0
29 44 0 0
30 44 0 0
31 44 0 0
41 44 0 0
2 45 0 0
23 45 0 0
28 45 0 0
29 45 0 0
30 45 0 0
31 45 0 0
41 45 0 0
44 45 0 0
1 46 0 0
2 46 0 0
17 46 0 0
20 46 0 0
22 46 0 0
23 46 0 0
25 46 0 0
26 46 0 0
27 46 0 0
28 46 0 0
29 46 0 0
30 46 0 0
32 46 0 0
37 46 0 0
38 46 0 0
40 46 0 0
41 46 0 0
45 46 0 0
1 47 0 0
15 47 0 0
20 47 0 0
21 47 0 0
22 47 0 0
24 47 0 0
25 47 0 0
26 47 0 0
34 47 0 0
35 47 0 0
37 47 0 0
38 47 0 0
39 47 0 0
40 47 0 0
42 47 0 0
46 47 0 0
1 48 0 0
18 48 0 0
20 48 0 0
21 48 0 0
24 48 0 0
25 48 0 0
34 48 0 0
35 48 0 0
36 48 0 0
37 48 0 0
38 48 0 0
39 48 0 0
42 48 0 0
47 48 0 0
1 49 0 0
2 49 0 0
20 49 0 0
21 49 0 0
22 49 0 0
24 49 0 0
25 49 0 0
26 49 0 0
34 49 0 0
35 49 0 0
37 49 0 0
38 49 0 0
39 49 0 0
42 49 0 0
46 49 0 0
47 49 0 0
48 49 0 0
1 50 0 0
21 50 0 0
24 50 0 0
25 50 0 0
34 50 0 0
36 50 0 0
37 50 0 0
39 50 0 0
42 50 0 0
47 50 0 0
48 50 0 0
49 50 0 0
1 51 0 0
20 51 0 0
21 51 0 0
24 51 0 0
25 51 0 0
26 51 0 0
34 51 0 0
35 51 0 0
37 51 0 0
38 51 0 0
39 51 0 0
42 51 0 0
47 51 0 0
48 51 0 0
49 51 0 0
50 51 0 0
1 52 0 0
2 52 0 0
20 52 0 0
22 52 0 0
23 52 0 0
26 52 0 0
27 52 0 0
28 52 0 0
29 52 0 0
30 52 0 0
40 52 0 0
41 52 0 0
44 52 0 0
45 52 0 0
46 52 0 0
49 52 0 0
2 53 0 0
9 53 0 0
10 53 0 0
17 53 0 0
22 53 0 0
23 53 0 0
27 53 0 0
28 53 0 0
29 53 0 0
30 53 0 0
31 53 0 0
32 53 0 0
40 53 0 0
41 53 0 0
44 53 0 0
45 53 0 0
46 53 0 0
52 53 0 0
1 54 0 0
6 54 0 0
7 54 0 0
12 54 0 0
13 54 0 0
14 54 0 0
15 54 0 0
18 54 0 0
21 54 0 0
24 54 0 0
25 54 0 0
33 54 0 0
34 54 0 0
35 54 0 0
36 54 0 0
37 54 0 0
39 54 0 0
42 54 0 0
47 54 0 0
48 54 0 0
49 54 0 0
50 54 0 0
51 54 0 0
1 55 0 0
12 55 0 0
14 55 0 0
15 55 0 0
17 55 0 0
20 55 0 0
21 55 0 0
22 55 0 0
23 55 0 0
24 55 0 0
25 55 0 0
26 55 0 0
27 55 0 0
28 55 0 0
34 55 0 0
35 55 0 0
37 55 0 0
38 55 0 0
39 55 0 0
40 55 0 0
42 55 0 0
46 55 0 0
47 55 0 0
48 55 0 0
49 55 0 0
50 55 0 0
51 55 0 0
52 55 0 0
54 55 0 0
1 56 0 0
2 56 0 0
9 56 0 0
10 56 0 0
17 56 0 0
20 56 0 0
22 56 0 0
23 56 0 0
26 56 0 0
27 56 0 0
28 56 0 0
29 56 0 0
30 56 0 0
31 56 0 0
32 56 0 0
38 56 0 0
40 56 0 0
41 56 0 0
44 56 0 0
45 56 0 0
46 56 0 0
52 56 0 0
53 56 0 0
55 56 0 0
1 57 0 0
2 57 0 0
10 57 0 0
17 57 0 0
20 57 0 0
22 57 0 0
23 57 0 0
25 57 0 0
26 57 0 0
27 57 0 0
28 57 0 0
29 57 0 0
30 57 0 0
31 57 0 0
32 57 0 0
37 57 0 0
38 57 0 0
40 57 0 0
41 57 0 0
44 57 0 0
45 57 0 0
46 57 0 0
47 57 0 0
49 57 0 0
52 57 0 0
53 57 0 0
55 57 0 0
56 57 0 0
8 58 0 0
16 58 0 0
19 58 0 0
43 58 0 0
1 59 0 0
12 59 0 0
14 59 0 0
15 59 0 0
18 59 0 0
21 59 0 0
24 59 0 0
25 59 0 0
33 59 0 0
34 59 0 0
35 59 0 0
36 59 0 0
37 59 0 0
38 59 0 0
39 59 0 0
42 59 0 0
47 59 0 0
48 59 0 0
49 59 0 0
50 59 0 0
51 59 0 0
54 59 0 0
55 59 0 0
8 60 0 0
11 60 0 0
13 60 0 0
18 60 0 0
19 60 0 0
33 60 0 0
34 60 0 0
36 60 0 0
43 60 0 0
54 60 0 0
58 60 0 0
1 61 0 0
12 61 0 0
14 61 0 0
15 61 0 0
20 61 0 0
21 61 0 0
22 61 0 0
24 61 0 0
25 61 0 0
26 61 0 0
27 61 0 0
34 61 0 0
35 61 0 0
37 61 0 0
38 61 0 0
39 61 0 0
40 61 0 0
42 61 0 0
46 61 0 0
47 61 0 0
48 61 0 0
49 61 0 0
50 61 0 0
51 61 0 0
54 61 0 0
55 61 0 0
57 61 0 0
59 61 0 0
1 62 0 0
2 62 0 0
10 62 0 0
15 62 0 0
17 62 0 0
20 62 0 0
22 62 0 0
23 62 0 0
24 62 0 0
25 62 0 0
26 62 0 0
27 62 0 0
28 62 0 0
30 62 0 0
35 62 0 0
37 62 0 0
38 62 0 0
39 62 0 0
40 62 0 0
41 62 0 0
42 62 0 0
46 62 0 0
47 62 0 0
48 62 0 0
49 62 0 0
51 62 0 0
52 62 0 0
55 62 0 0
56 62 0 0
57 62 0 0
59 62 0 0
61 62 0 0
1 63 0 0
2 63 0 0
10 63 0 0
17 63 0 0
20 63 0 0
22 63 0 0
23 63 0 0
25 63 0 0
26 63 0 0
27 63 0 0
28 63 0 0
29 63 0 0
30 63 0 0
31 63 0 0
32 63 0 0
38 63 0 0
40 63 0 0
41 63 0 0
44 63 0 0
45 63 0 0
46 63 0 0
52 63 0 0
53 63 0 0
55 63 0 0
56 63 0 0
57 63 0 0
62 63 0 0
1 64 0 0
2 64 0 0
10 64 0 0
17 64 0 0
20 64 0 0
22 64 0 0
23 64 0 0
24 64 0 0
25 64 0 0
26 64 0 0
27 64 0 0
28 64 0 0
29 64 0 0
30 64 0 0
32 64 0 0
35 64 0 0
37 64 0 0
38 64 0 0
40 64 0 0
41 64 0 0
46 64 0 0
47 64 0 0
49 64 0 0
52 64 0 0
53 64 0 0
55 64 0 0
56 64 0 0
57 64 0 0
61 64 0 0
62 64 0 0
63 64 0 0
43 65 0 0
58 65 0 0
48 66 0 0
49 66 0 0
50 66 0 0
51 66 0 0
54 66 0 0
59 66 0 0
60 66 0 0
1 67 0 0
2 67 0 0
20 67 0 0
46 67 0 0
47 67 0 0
48 67 0 0
49 67 0 0
51 67 0 0
52 67 0 0
55 67 0 0
57 67 0 0
61 67 0 0
62 67 0 0
63 67 0 0
64 67 0 0
1 68 0 0
2 68 0 0
46 68 0 0
47 68 0 0
48 68 0 0
49 68 0 0
50 68 0 0
51 68 0 0
52 68 0 0
55 68 0 0
57 68 0 0
61 68 0 0
62 68 0 0
64 68 0 0
67 68 0 0
1 69 0 0
2 69 0 0
20 69 0 0
46 69 0 0
47 69 0 0
48 69 0 0
49 69 0 0
50 69 0 0
51 69 0 0
52 69 0 0
55 69 0 0
57 69 0 0
59 69 0 0
61 69 0 0
62 69 0 0
64 69 0 0
67 69 0 0
68 69 0 0
1 70 0 0
2 70 0 0
21 70 0 0
47 70 0 0
48 70 0 0
49 70 0 0
50 70 0 0
51 70 0 0
54 70 0 0
55 70 0 0
59 70 0 0
61 70 0 0
62 70 0 0
66 70 0 0
67 70 0 0
68 70 0 0
69 70 0 0
1 71 0 0
21 71 0 0
24 71 0 0
34 71 0 0
42 71 0 0
47 71 0 0
48 71 0 0
49 71 0 0
50 71 0 0
51 71 0 0
54 71 0 0
55 71 0 0
59 71 0 0
60 71 0 0
61 71 0 0
66 71 0 0
68 71 0 0
69 71 0 0
70 71 0 0
1 72 0 0
2 72 0 0
20 72 0 0
21 72 0 0
24 72 0 0
25 72 0 0
34 72 0 0
39 72 0 0
42 72 0 0
47 72 0 0
48 72 0 0
49 72 0 0
50 72 0 0
51 72 0 0
54 72 0 0
55 72 0 0
59 72 0 0
61 72 0 0
62 72 0 0
64 72 0 0
66 72 0 0
67 72 0 0
68 72 0 0
69 72 0 0
70 72 0 0
71 72 0 0
1 73 0 0
2 73 0 0
20 73 0 0
21 73 0 0
22 73 0 0
24 73 0 0
25 73 0 0
26 73 0 0
34 73 0 0
37 73 0 0
42 73 0 0
46 73 0 0
47 73 0 0
48 73 0 0
49 73 0 0
50 73 0 0
51 73 0 0
52 73 0 0
54 73 0 0
55 73 0 0
57 73 0 0
59 73 0 0
61 73 0 0
62 73 0 0
64 73 0 0
67 73 0 0
68 73 0 0
69 73 0 0
70 73 0 0
71 73 0 0
72 73 0 0
1 74 0 0
2 74 0 0
17 74 0 0
20 74 0 0
22 74 0 0
23 74 0 0
24 74 0 0
25 74 0 0
26 74 0 0
27 74 0 0
28 74 0 0
30 74 0 0
35 74 0 0
37 74 0 0
38 74 0 0
39 74 0 0
40 74 0 0
41 74 0 0
45 74 0 0
46 74 0 0
47 74 0 0
48 74 0 0
49 74 0 0
51 74 0 0
52 74 0 0
53 74 0 0
55 74 0 0
56 74 0 0
57 74 0 0
61 74 0 0
62 74 0 0
63 74 0 0
64 74 0 0
67 74 0 0
68 74 0 0
69 74 0 0
70 74 0 0
72 74 0 0
73 74 0 0
1 75 0 0
2 75 0 0
10 75 0 0
17 75 0 0
20 75 0 0
22 75 0 0
23 75 0 0
26 75 0 0
27 75 0 0
28 75 0 0
29 75 0 0
30 75 0 0
31 75 0 0
32 75 0 0
40 75 0 0
41 75 0 0
44 75 0 0
45 75 0 0
46 75 0 0
52 75 0 0
53 75 0 0
55 75 0 0
56 75 0 0
57 75 0 0
62 75 0 0
63 75 0 0
64 75 0 0
67 75 0 0
68 75 0 0
74 75 0 0
1 76 0 0
21 76 0 0
34 76 0 0
47 76 0 0
48 76 0 0
49 76 0 0
50 76 0 0
51 76 0 0
54 76 0 0
59 76 0 0
61 76 0 0
66 76 0 0
68 76 0 0
69 76 0 0
70 76 0 0
71 76 0 0
72 76 0 0
73 76 0 0
1 77 0 0
2 77 0 0
20 77 0 0
21 77 0 0
24 77 0 0
46 77 0 0
47 77 0 0
48 77 0 0
49 77 0 0
50 77 0 0
51 77 0 0
54 77 0 0
55 77 0 0
59 77 0 0
61 77 0 0
62 77 0 0
64 77 0 0
66 77 0 0
67 77 0 0
68 77 0 0
69 77 0 0
70 77 0 0
71 77 0 0
72 77 0 0
73 77 0 0
74 77 0 0
76 77 0 0
1 78 0 0
2 78 0 0
20 78 0 0
22 78 0 0
23 78 0 0
28 78 0 0
30 78 0 0
44 78 0 0
45 78 0 0
46 78 0 0
52 78 0 0
53 78 0 0
56 78 0 0
57 78 0 0
62 78 0 0
63 78 0 0
64 78 0 0
67 78 0 0
68 78 0 0
74 78 0 0
75 78 0 0
1 79 0 0
2 79 0 0
20 79 0 0
22 79 0 0
23 79 0 0
26 79 0 0
46 79 0 0
47 79 0 0
49 79 0 0
51 79 0 0
52 79 0 0
55 79 0 0
56 79 0 0
57 79 0 0
61 79 0 0
62 79 0 0
63 79 0 0
64 79 0 0
67 79 0 0
68 79 0 0
69 79 0 0
70 79 0 0
72 79 0 0
73 79 0 0
74 79 0 0
75 79 0 0
77 79 0 0
78 79 0 0
1 80 0 0
2 80 0 0
20 80 0 0
22 80 0 0
23 80 0 0
27 80 0 0
28 80 0 0
30 80 0 0
44 80 0 0
45 80 0 0
46 80 0 0
52 80 0 0
53 80 0 0
56 80 0 0
57 80 0 0
62 80 0 0
63 80 0 0
64 80 0 0
67 80 0 0
68 80 0 0
69 80 0 0
73 80 0 0
74 80 0 0
75 80 0 0
78 80 0 0
79 80 0 0
66 81 0 0
70 81 0 0
71 81 0 0
76 81 0 0
66 82 0 0
70 82 0 0
71 82 0 0
76 82 0 0
77 82 0 0
81 82 0 0
1 83 0 0
2 83 0 0
67 83 0 0
68 83 0 0
69 83 0 0
70 83 0 0
72 83 0 0
73 83 0 0
74 83 0 0
77 83 0 0
79 83 0 0
82 83 0 0
1 84 0 0
2 84 0 0
67 84 0 0
68 84 0 0
69 84 0 0
70 84 0 0
74 84 0 0
77 84 0 0
79 84 0 0
80 84 0 0
83 84 0 0
66 85 0 0
70 85 0 0
76 85 0 0
81 85 0 0
82 85 0 0
83 85 0 0
66 86 0 0
70 86 0 0
81 86 0 0
82 86 0 0
85 86 0 0
2 87 0 0
67 87 0 0
68 87 0 0
74 87 0 0
75 87 0 0
78 87 0 0
79 87 0 0
80 87 0 0
84 87 0 0
66 88 0 0
70 88 0 0
81 88 0 0
82 88 0 0
85 88 0 0
86 88 0 0
2 89 0 0
87 89 0 0
90 91 0 0
88 92 0 0
90 92 0 0
91 92 0 0
81 93 0 0
82 93 0 0
85 93 0 0
86 93 0 0
88 93 0 0
92 93 0 0
2 94 0 0
87 94 0 0
89 94 0 0
70 95 0 0
81 95 0 0
82 95 0 0
83 95 0 0
85 95 0 0
86 95 0 0
88 95 0 0
93 95 0 0
2 96 0 0
70 96 0 0
83 96 0 0
84 96 0 0
85 96 0 0
95 96 0 0
2 97 0 0
70 97 0 0
81 97 0 0
82 97 0 0
83 97 0 0
84 97 0 0
85 97 0 0
86 97 0 0
93 97 0 0
95 97 0 0
96 97 0 0
90 98 0 0
91 98 0 0
92 98 0 0
2 99 0 0
83 99 0 0
84 99 0 0
87 99 0 0
94 99 0 0
95 99 0 0
96 99 0 0
97 99 0 0
2 100 0 0
83 100 0 0
84 100 0 0
85 100 0 0
93 100 0 0
95 100 0 0
96 100 0 0
97 100 0 0
99 100 0 0
81 101 0 0
86 101 0 0
88 101 0 0
90 101 0 0
91 101 0 0
92 101 0 0
93 101 0 0
98 101 0 0
81 102 0 0
82 102 0 0
85 102 0 0
86 102 0 0
88 102 0 0
92 102 0 0
93 102 0 0
95 102 0 0
97 102 0 0
101 102 0 0
81 103 0 0
82 103 0 0
85 103 0 0
86 103 0 0
88 103 0 0
93 103 0 0
95 103 0 0
96 103 0 0
97 103 0 0
100 103 0 0
101 103 0 0
102 103 0 0
2 104 0 0
83 104 0 0
84 104 0 0
95 104 0 0
96 104 0 0
97 104 0 0
99 104 0 0
100 104 0 0
103 104 0 0
2 105 0 0
83 105 0 0
84 105 0 0
87 105 0 0
94 105 0 0
96 105 0 0
97 105 0 0
99 105 0 0
100 105 0 0
104 105 0 0
2 106 0 0
89 106 0 0
94 106 0 0
93 107 0 0
95 107 0 0
97 107 0 0
100 107 0 0
101 107 0 0
102 107 0 0
103 107 0 0
93 108 0 0
95 108 0 0
96 108 0 0
97 108 0 0
100 108 0 0
102 108 0 0
103 108 0 0
104 108 0 0
107 108 0 0
101 109 0 0
102 109 0 0
107 109 0 0
106 110 0 0
107 111 0 0
108 111 0 0
109 111 0 0
2 112 0 0
94 112 0 0
106 112 0 0
110 112 0 0
2 113 0 0
96 113 0 0
99 113 0 0
100 113 0 0
104 113 0 0
105 113 0 0
108 113 0 0
110 113 0 0
112 113 0 0
2 114 0 0
94 114 0 0
99 114 0 0
104 114 0 0
105 114 0 0
106 114 0 0
110 114 0 0
112 114 0 0
113 114 0 0
106 115 0 0
110 115 0 0
112 115 0 0
114 115 0 0
2 116 0 0
94 116 0 0
106 116 0 0
110 116 0 0
112 116 0 0
113 116 0 0
114 116 0 0
115 116 0 0
93 117 0 0
95 117 0 0
100 117 0 0
102 117 0 0
103 117 0 0
107 117 0 0
108 117 0 0
109 117 0 0
111 117 0 0
2 118 0 0
99 118 0 0
100 118 0 0
104 118 0 0
105 118 0 0
108 118 0 0
111 118 0 0
112 118 0 0
113 118 0 0
114 118 0 0
116 118 0 0
88 119 0 0
92 119 0 0
93 119 0 0
95 119 0 0
101 119 0 0
102 119 0 0
103 119 0 0
107 119 0 0
108 119 0 0
109 119 0 0
111 119 0 0
117 119 0 0
85 120 0 0
86 120 0 0
93 120 0 0
95 120 0 0
97 120 0 0
100 120 0 0
101 120 0 0
102 120 0 0
103 120 0 0
107 120 0 0
108 120 0 0
109 120 0 0
111 120 0 0
117 120 0 0
119 120 0 0
2 121 0 0
94 121 0 0
99 121 0 0
100 121 0 0
104 121 0 0
105 121 0 0
106 121 0 0
110 121 0 0
112 121 0 0
113 121 0 0
114 121 0 0
115 121 0 0
116 121 0 0
118 121 0 0
2 122 0 0
94 122 0 0
99 122 0 0
100 122 0 0
104 122 0 0
105 122 0 0
106 122 0 0
110 122 0 0
112 122 0 0
113 122 0 0
114 122 0 0
115 122 0 0
116 122 0 0
118 122 0 0
121 122 0 0
2 123 0 0
94 123 0 0
96 123 0 0
99 123 0 0
100 123 0 0
104 123 0 0
105 123 0 0
110 123 0 0
112 123 0 0
113 123 0 0
114 123 0 0
116 123 0 0
118 123 0 0
121 123 0 0
122 123 0 0
2 124 0 0
87 124 0 0
89 124 0 0
94 124 0 0
106 124 0 0
110 124 0 0
112 124 0 0
114 124 0 0
115 124 0 0
116 124 0 0
121 124 0 0
122 124 0 0
2 125 0 0
87 125 0 0
89 125 0 0
94 125 0 0
99 125 0 0
104 125 0 0
105 125 0 0
106 125 0 0
110 125 0 0
112 125 0 0
113 125 0 0
114 125 0 0
115 125 0 0
116 125 0 0
118 125 0 0
121 125 0 0
122 125 0 0
123 125 0 0
124 125 0 0
88 126 0 0
90 126 0 0
91 126 0 0
92 126 0 0
93 126 0 0
98 126 0 0
101 126 0 0
102 126 0 0
109 126 0 0
119 126 0 0
2 127 0 0
81 127 0 0
82 127 0 0
83 127 0 0
84 127 0 0
85 127 0 0
86 127 0 0
93 127 0 0
95 127 0 0
96 127 0 0
97 127 0 0
99 127 0 0
100 127 0 0
102 127 0 0
103 127 0 0
104 127 0 0
105 127 0 0
107 127 0 0
108 127 0 0
111 127 0 0
113 127 0 0
117 127 0 0
118 127 0 0
119 127 0 0
120 127 0 0
123 127 0 0
81 128 0 0
82 128 0 0
85 128 0 0
86 128 0 0
88 128 0 0
93 128 0 0
95 128 0 0
96 128 0 0
97 128 0 0
100 128 0 0
101 128 0 0
102 128 0 0
103 128 0 0
104 128 0 0
107 128 0 0
108 128 0 0
111 128 0 0
117 128 0 0
119 128 0 0
120 128 0 0
127 128 0 0
2 129 0 0
87 129 0 0
89 129 0 0
94 129 0 0
99 129 0 0
104 129 0 0
105 129 0 0
106 129 0 0
112 129 0 0
113 129 0 0
114 129 0 0
115 129 0 0
116 129 0 0
121 129 0 0
122 129 0 0
123 129 0 0
124 129 0 0
125 129 0 0
2 130 0 0
83 130 0 0
84 130 0 0
94 130 0 0
95 130 0 0
96 130 0 0
97 130 0 0
99 130 0 0
100 130 0 0
104 130 0 0
105 130 0 0
108 130 0 0
113 130 0 0
114 130 0 0
118 130 0 0
121 130 0 0
122 130 0 0
123 130 0 0
125 130 0 0
127 130 0 0
128 130 0 0
129 130 0 0
2 131 0 0
83 131 0 0
84 131 0 0
87 131 0 0
94 131 0 0
96 131 0 0
97 131 0 0
99 131 0 0
100 131 0 0
104 131 0 0
105 131 0 0
110 131 0 0
112 131 0 0
113 131 0 0
114 131 0 0
116 131 0 0
118 131 0 0
121 131 0 0
122 131 0 0
123 131 0 0
124 131 0 0
125 131 0 0
127 131 0 0
129 131 0 0
130 131 0 0
81 132 0 0
82 132 0 0
85 132 0 0
86 132 0 0
88 132 0 0
93 132 0 0
95 132 0 0
96 132 0 0
97 132 0 0
100 132 0 0
101 132 0 0
102 132 0 0
103 132 0 0
107 132 0 0
108 132 0 0
109 132 0 0
111 132 0 0
117 132 0 0
119 132 0 0
120 132 0 0
126 132 0 0
127 132 0 0
128 132 0 0
88 133 0 0
90 133 0 0
91 133 0 0
92 133 0 0
98 133 0 0
101 133 0 0
102 133 0 0
109 133 0 0
119 133 0 0
126 133 0 0
2 134 0 0
87 134 0 0
89 134 0 0
94 134 0 0
105 134 0 0
106 134 0 0
110 134 0 0
112 134 0 0
113 134 0 0
114 134 0 0
115 134 0 0
116 134 0 0
121 134 0 0
122 134 0 0
123 134 0 0
124 134 0 0
125 134 0 0
129 134 0 0
131 134 0 0
2 135 0 0
87 135 0 0
94 135 0 0
99 135 0 0
104 135 0 0
105 135 0 0
106 135 0 0
110 135 0 0
112 135 0 0
113 135 0 0
114 135 0 0
115 135 0 0
116 135 0 0
118 135 0 0
121 135 0 0
122 135 0 0
123 135 0 0
124 135 0 0
125 135 0 0
129 135 0 0
130 135 0 0
131 135 0 0
134 135 0 0
85 136 0 0
86 136 0 0
93 136 0 0
95 136 0 0
96 136 0 0
97 136 0 0
99 136 0 0
100 136 0 0
102 136 0 0
103 136 0 0
104 136 0 0
107 136 0 0
108 136 0 0
111 136 0 0
117 136 0 0
119 136 0 0
120 136 0 0
127 136 0 0
128 136 0 0
130 136 0 0
131 136 0 0
132 136 0 0
2 137 0 0
70 137 0 0
81 137 0 0
82 137 0 0
83 137 0 0
84 137 0 0
85 137 0 0
86 137 0 0
88 137 0 0
93 137 0 0
95 137 0 0
96 137 0 0
97 137 0 0
99 137 0 0
100 137 0 0
102 137 0 0
103 137 0 0
104 137 0 0
105 137 0 0
108 137 0 0
120 137 0 0
127 137 0 0
128 137 0 0
130 137 0 0
132 137 0 0
136 137 0 0
2 138 0 0
87 138 0 0
89 138 0 0
94 138 0 0
106 138 0 0
124 138 0 0
125 138 0 0
129 138 0 0
134 138 0 0
135 138 0 0
2 139 0 0
84 139 0 0
87 139 0 0
89 139 0 0
94 139 0 0
99 139 0 0
104 139 0 0
105 139 0 0
106 139 0 0
114 139 0 0
121 139 0 0
122 139 0 0
123 139 0 0
124 139 0 0
125 139 0 0
129 139 0 0
130 139 0 0
131 139 0 0
134 139 0 0
135 139 0 0
138 139 0 0
1 140 0 0
2 140 0 0
67 140 0 0
68 140 0 0
69 140 0 0
70 140 0 0
83 140 0 0
84 140 0 0
85 140 0 0
87 140 0 0
94 140 0 0
95 140 0 0
96 140 0 0
97 140 0 0
99 140 0 0
100 140 0 0
104 140 0 0
105 140 0 0
121 140 0 0
123 140 0 0
125 140 0 0
127 140 0 0
128 140 0 0
129 140 0 0
130 140 0 0
131 140 0 0
135 140 0 0
136 140 0 0
137 140 0 0
139 140 0 0
81 141 0 0
82 141 0 0
85 141 0 0
86 141 0 0
88 141 0 0
90 141 0 0
92 141 0 0
93 141 0 0
98 141 0 0
101 141 0 0
102 141 0 0
103 141 0 0
119 141 0 0
126 141 0 0
132 141 0 0
133 141 0 0
2 142 0 0
87 142 0 0
89 142 0 0
94 142 0 0
99 142 0 0
105 142 0 0
121 142 0 0
124 142 0 0
125 142 0 0
129 142 0 0
131 142 0 0
134 142 0 0
135 142 0 0
138 142 0 0
139 142 0 0
140 142 0 0
2 143 0 0
67 143 0 0
68 143 0 0
69 143 0 0
70 143 0 0
82 143 0 0
83 143 0 0
84 143 0 0
85 143 0 0
86 143 0 0
95 143 0 0
96 143 0 0
97 143 0 0
99 143 0 0
100 143 0 0
103 143 0 0
104 143 0 0
105 143 0 0
127 143 0 0
128 143 0 0
130 143 0 0
131 143 0 0
132 143 0 0
136 143 0 0
137 143 0 0
140 143 0 0
2 144 0 0
67 144 0 0
68 144 0 0
69 144 0 0
70 144 0 0
83 144 0 0
84 144 0 0
85 144 0 0
95 144 0 0
96 144 0 0
97 144 0 0
99 144 0 0
100 144 0 0
103 144 0 0
104 144 0 0
105 144 0 0
127 144 0 0
128 144 0 0
130 144 0 0
131 144 0 0
136 144 0 0
137 144 0 0
140 144 0 0
143 144 0 0
2 145 0 0
87 145 0 0
89 145 0 0
94 145 0 0
106 145 0 0
121 145 0 0
124 145 0 0
125 145 0 0
129 145 0 0
131 145 0 0
134 145 0 0
135 145 0 0
138 145 0 0
139 145 0 0
142 145 0 0
2 146 0 0
70 146 0 0
81 146 0 0
82 146 0 0
83 146 0 0
84 146 0 0
85 146 0 0
86 146 0 0
93 146 0 0
95 146 0 0
96 146 0 0
97 146 0 0
99 146 0 0
100 146 0 0
102 146 0 0
103 146 0 0
104 146 0 0
105 146 0 0
108 146 0 0
120 146 0 0
127 146 0 0
128 146 0 0
130 146 0 0
131 146 0 0
132 146 0 0
136 146 0 0
137 146 0 0
140 146 0 0
143 146 0 0
144 146 0 0
70 147 0 0
81 147 0 0
82 147 0 0
83 147 0 0
85 147 0 0
86 147 0 0
88 147 0 0
93 147 0 0
95 147 0 0
96 147 0 0
97 147 0 0
100 147 0 0
102 147 0 0
103 147 0 0
104 147 0 0
107 147 0 0
108 147 0 0
119 147 0 0
120 147 0 0
127 147 0 0
128 147 0 0
132 147 0 0
136 147 0 0
137 147 0 0
140 147 0 0
141 147 0 0
143 147 0 0
144 147 0 0
146 147 0 0
2 148 0 0
68 148 0 0
70 148 0 0
83 148 0 0
84 148 0 0
87 148 0 0
94 148 0 0
95 148 0 0
96 148 0 0
97 148 0 0
99 148 0 0
100 148 0 0
104 148 0 0
105 148 0 0
113 148 0 0
121 148 0 0
122 148 0 0
123 148 0 0
125 148 0 0
127 148 0 0
129 148 0 0
130 148 0 0
131 148 0 0
135 148 0 0
137 148 0 0
139 148 0 0
140 148 0 0
142 148 0 0
143 148 0 0
144 148 0 0
146 148 0 0
2 149 0 0
83 149 0 0
84 149 0 0
87 149 0 0
94 149 0 0
96 149 0 0
97 149 0 0
99 149 0 0
100 149 0 0
104 149 0 0
105 149 0 0
113 149 0 0
114 149 0 0
121 149 0 0
122 149 0 0
123 149 0 0
125 149 0 0
127 149 0 0
129 149 0 0
130 149 0 0
131 149 0 0
134 149 0 0
135 149 0 0
137 149 0 0
139 149 0 0
140 149 0 0
142 149 0 0
143 149 0 0
144 149 0 0
145 149 0 0
146 149 0 0
148 149 0 0
65 150 0 0
90 150 0 0
65 151 0 0
66 151 0 0
70 151 0 0
71 151 0 0
76 151 0 0
81 151 0 0
82 151 0 0
85 151 0 0
86 151 0 0
88 151 0 0
90 151 0 0
92 151 0 0
93 151 0 0
101 151 0 0
102 151 0 0
141 151 0 0
147 151 0 0
2 152 0 0
44 152 0 0
45 152 0 0
75 152 0 0
78 152 0 0
80 152 0 0
87 152 0 0
89 152 0 0
94 152 0 0
124 152 0 0
129 152 0 0
138 152 0 0
139 152 0 0
142 152 0 0
145 152 0 0
149 152 0 0
1 153 0 0
2 153 0 0
46 153 0 0
49 153 0 0
52 153 0 0
67 153 0 0
68 153 0 0
69 153 0 0
70 153 0 0
72 153 0 0
73 153 0 0
74 153 0 0
75 153 0 0
77 153 0 0
78 153 0 0
79 153 0 0
80 153 0 0
83 153 0 0
84 153 0 0
87 153 0 0
96 153 0 0
99 153 0 0
139 153 0 0
140 153 0 0
142 153 0 0
143 153 0 0
144 153 0 0
148 153 0 0
149 153 0 0
2 154 0 0
44 154 0 0
45 154 0 0
52 154 0 0
74 154 0 0
75 154 0 0
78 154 0 0
79 154 0 0
80 154 0 0
87 154 0 0
89 154 0 0
94 154 0 0
138 154 0 0
139 154 0 0
142 154 0 0
145 154 0 0
152 154 0 0
153 154 0 0
50 155 0 0
66 155 0 0
70 155 0 0
71 155 0 0
76 155 0 0
81 155 0 0
82 155 0 0
85 155 0 0
86 155 0 0
88 155 0 0
93 155 0 0
95 155 0 0
102 155 0 0
137 155 0 0
141 155 0 0
146 155 0 0
147 155 0 0
151 155 0 0
1 156 0 0
2 156 0 0
52 156 0 0
67 156 0 0
68 156 0 0
74 156 0 0
75 156 0 0
78 156 0 0
79 156 0 0
80 156 0 0
83 156 0 0
84 156 0 0
87 156 0 0
89 156 0 0
94 156 0 0
129 156 0 0
138 156 0 0
139 156 0 0
140 156 0 0
142 156 0 0
145 156 0 0
148 156 0 0
149 156 0 0
152 156 0 0
153 156 0 0
154 156 0 0
1 157 0 0
2 157 0 0
47 157 0 0
48 157 0 0
49 157 0 0
50 157 0 0
51 157 0 0
66 157 0 0
67 157 0 0
68 157 0 0
69 157 0 0
70 157 0 0
71 157 0 0
72 157 0 0
73 157 0 0
74 157 0 0
76 157 0 0
77 157 0 0
79 157 0 0
81 157 0 0
82 157 0 0
83 157 0 0
84 157 0 0
85 157 0 0
86 157 0 0
88 157 0 0
93 157 0 0
95 157 0 0
96 157 0 0
97 157 0 0
99 157 0 0
100 157 0 0
103 157 0 0
104 157 0 0
105 157 0 0
127 157 0 0
128 157 0 0
130 157 0 0
132 157 0 0
137 157 0 0
140 157 0 0
143 157 0 0
144 157 0 0
146 157 0 0
147 157 0 0
148 157 0 0
149 157 0 0
151 157 0 0
153 157 0 0
155 157 0 0
66 158 0 0
70 158 0 0
71 158 0 0
76 158 0 0
81 158 0 0
82 158 0 0
85 158 0 0
86 158 0 0
88 158 0 0
93 158 0 0
95 158 0 0
102 158 0 0
103 158 0 0
137 158 0 0
141 158 0 0
146 158 0 0
147 158 0 0
151 158 0 0
155 158 0 0
157 158 0 0
8 159 0 1
19 159 0 1
43 159 0 1
58 159 0 1
60 159 0 1
65 159 0 1
66 159 0 1
81 159 0 1
82 159 0 1
86 159 0 1
88 159 0 1
90 159 0 1
91 159 0 1
92 159 0 1
98 159 0 1
101 159 0 1
126 159 0 1
133 159 0 1
141 159 0 1
150 159 0 1
151 159 0 1
155 159 0 1
158 159 0 1
5 160 0 1
9 160 0 1
10 160 0 1
17 160 0 1
29 160 0 1
31 160 0 1
32 160 0 1
41 160 0 1
5 161 0 1
9 161 0 1
10 161 0 1
17 161 0 1
27 161 0 1
28 161 0 1
29 161 0 1
30 161 0 1
31 161 0 1
32 161 0 1
40 161 0 1
41 161 0 1
3 162 0 1
4 162 0 1
8 162 0 1
11 162 0 1
16 162 0 1
19 162 0 1
6 163 0 1
7 163 0 1
12 163 0 1
13 163 0 1
14 163 0 1
15 163 0 1
18 163 0 1
24 163 0 1
25 163 0 1
33 163 0 1
34 163 0 1
35 163 0 1
36 163 0 1
37 163 0 1
38 163 0 1
39 163 0 1
42 163 0 1
6 164 0 1
7 164 0 1
11 164 0 1
12 164 0 1
13 164 0 1
14 164 0 1
18 164 0 1
33 164 0 1
34 164 0 1
36 164 0 1
42 164 0 1
5 165 0 1
10 165 0 1
12 165 0 1
14 165 0 1
15 165 0 1
17 165 0 1
24 165 0 1
25 165 0 1
26 165 0 1
27 165 0 1
35 165 0 1
37 165 0 1
38 165 0 1
39 165 0 1
40 165 0 1
42 165 0 1
5 166 0 1
6 166 0 1
7 166 0 1
12 166 0 1
14 166 0 1
15 166 0 1
18 166 0 1
24 166 0 1
25 166 0 1
26 166 0 1
34 166 0 1
35 166 0 1
37 166 0 1
38 166 0 1
39 166 0 1
40 166 0 1
42 166 0 1
6 167 0 1
7 167 0 1
12 167 0 1
14 167 0 1
15 167 0 1
18 167 0 1
24 167 0 1
25 167 0 1
34 167 0 1
35 167 0 1
37 167 0 1
38 167 0 1
39 167 0 1
42 167 0 1
3 168 0 1
4 168 0 1
8 168 0 1
11 168 0 1
16 168 0 1
19 168 0 1
5 169 0 1
9 169 0 1
10 169 0 1
17 169 0 1
22 169 0 1
23 169 0 1
26 169 0 1
27 169 0 1
28 169 0 1
29 169 0 1
30 169 0 1
31 169 0 1
32 169 0 1
40 169 0 1
41 169 0 1
5 170 0 1
10 170 0 1
12 170 0 1
14 170 0 1
15 170 0 1
17 170 0 1
20 170 0 1
22 170 0 1
24 170 0 1
25 170 0 1
26 170 0 1
27 170 0 1
28 170 0 1
35 170 0 1
37 170 0 1
38 170 0 1
39 170 0 1
40 170 0 1
41 170 0 1
42 170 0 1
6 171 0 1
7 171 0 1
12 171 0 1
13 171 0 1
14 171 0 1
15 171 0 1
18 171 0 1
21 171 0 1
24 171 0 1
25 171 0 1
33 171 0 1
34 171 0 1
35 171 0 1
36 171 0 1
37 171 0 1
39 171 0 1
42 171 0 1
54 171 0 1
3 172 0 1
4 172 0 1
6 172 0 1
7 172 0 1
8 172 0 1
11 172 0 1
13 172 0 1
16 172 0 1
18 172 0 1
19 172 0 1
33 172 0 1
36 172 0 1
3 173 0 1
4 173 0 1
8 173 0 1
11 173 0 1
13 173 0 1
16 173 0 1
19 173 0 1
33 173 0 1
3 174 0 1
4 174 0 1
8 174 0 1
11 174 0 1
16 174 0 1
19 174 0 1
43 174 0 1
58 174 0 1
5 175 0 1
9 175 0 1
10 175 0 1
17 175 0 1
20 175 0 1
22 175 0 1
23 175 0 1
26 175 0 1
27 175 0 1
28 175 0 1
29 175 0 1
30 175 0 1
31 175 0 1
32 175 0 1
38 175 0 1
40 175 0 1
41 175 0 1
46 175 0 1
53 175 0 1
56 175 0 1
57 175 0 1
62 175 0 1
63 175 0 1
64 175 0 1
75 175 0 1
3 176 0 1
4 176 0 1
6 176 0 1
7 176 0 1
8 176 0 1
11 176 0 1
13 176 0 1
16 176 0 1
18 176 0 1
19 176 0 1
21 176 0 1
33 176 0 1
34 176 0 1
36 176 0 1
43 176 0 1
54 176 0 1
60 176 0 1
6 177 0 1
7 177 0 1
8 177 0 1
11 177 0 1
13 177 0 1
14 177 0 1
18 177 0 1
19 177 0 1
21 177 0 1
33 177 0 1
34 177 0 1
36 177 0 1
42 177 0 1
54 177 0 1
59 177 0 1
60 177 0 1
1 178 0 1
5 178 0 1
9 178 0 1
10 178 0 1
12 178 0 1
15 178 0 1
17 178 0 1
20 178 0 1
22 178 0 1
23 178 0 1
24 178 0 1
25 178 0 1
26 178 0 1
27 178 0 1
28 178 0 1
29 178 0 1
30 178 0 1
32 178 0 1
35 178 0 1
37 178 0 1
38 178 0 1
39 178 0 1
40 178 0 1
41 178 0 1
46 178 0 1
55 178 0 1
56 178 0 1
57 178 0 1
61 178 0 1
62 178 0 1
63 178 0 1
64 178 0 1
74 178 0 1
75 178 0 1
1 179 0 1
6 179 0 1
7 179 0 1
12 179 0 1
13 179 0 1
14 179 0 1
15 179 0 1
18 179 0 1
20 179 0 1
21 179 0 1
24 179 0 1
25 179 0 1
26 179 0 1
33 179 0 1
34 179 0 1
35 179 0 1
36 179 0 1
37 179 0 1
38 179 0 1
39 179 0 1
42 179 0 1
47 179 0 1
48 179 0 1
51 179 0 1
54 179 0 1
55 179 0 1
59 179 0 1
61 179 0 1
5 180 0 1
9 180 0 1
10 180 0 1
17 180 0 1
20 180 0 1
22 180 0 1
23 180 0 1
26 180 0 1
27 180 0 1
28 180 0 1
29 180 0 1
30 180 0 1
31 180 0 1
32 180 0 1
38 180 0 1
40 180 0 1
41 180 0 1
46 180 0 1
53 180 0 1
56 180 0 1
57 180 0 1
62 180 0 1
63 180 0 1
64 180 0 1
74 180 0 1
75 180 0 1
1 181 0 1
6 181 0 1
7 181 0 1
12 181 0 1
14 181 0 1
15 181 0 1
18 181 0 1
20 181 0 1
21 181 0 1
24 181 0 1
25 181 0 1
26 181 0 1
33 181 0 1
34 181 0 1
35 181 0 1
36 181 0 1
37 181 0 1
38 181 0 1
39 181 0 1
40 181 0 1
42 181 0 1
47 181 0 1
48 181 0 1
49 181 0 1
50 181 0 1
51 181 0 1
54 181 0 1
55 181 0 1
59 181 0 1
61 181 0 1
62 181 0 1
3 182 0 1
4 182 0 1
7 182 0 1
8 182 0 1
11 182 0 1
13 182 0 1
16 182 0 1
19 182 0 1
33 182 0 1
36 182 0 1
58 182 0 1
60 182 0 1
3 183 0 1
4 183 0 1
8 183 0 1
11 183 0 1
13 183 0 1
16 183 0 1
19 183 0 1
58 183 0 1
5 184 0 1
9 184 0 1
10 184 0 1
17 184 0 1
23 184 0 1
27 184 0 1
28 184 0 1
29 184 0 1
30 184 0 1
31 184 0 1
32 184 0 1
40 184 0 1
41 184 0 1
53 184 0 1
1 185 0 1
5 185 0 1
6 185 0 1
10 185 0 1
12 185 0 1
14 185 0 1
15 185 0 1
17 185 0 1
20 185 0 1
22 185 0 1
24 185 0 1
25 185 0 1
26 185 0 1
27 185 0 1
28 185 0 1
34 185 0 1
35 185 0 1
37 185 0 1
38 185 0 1
39 185 0 1
40 185 0 1
42 185 0 1
55 185 0 1
5 186 0 1
9 186 0 1
10 186 0 1
12 186 0 1
15 186 0 1
17 186 0 1
20 186 0 1
22 186 0 1
23 186 0 1
25 186 0 1
26 186 0 1
27 186 0 1
28 186 0 1
29 186 0 1
30 186 0 1
31 186 0 1
32 186 0 1
35 186 0 1
37 186 0 1
38 186 0 1
40 186 0 1
41 186 0 1
57 186 0 1
6 187 0 1
7 187 0 1
12 187 0 1
14 187 0 1
15 187 0 1
18 187 0 1
20 187 0 1
21 187 0 1
24 187 0 1
25 187 0 1
26 187 0 1
34 187 0 1
35 187 0 1
37 187 0 1
38 187 0 1
39 187 0 1
40 187 0 1
42 187 0 1
55 187 0 1
61 187 0 1
3 188 0 1
4 188 0 1
8 188 0 1
11 188 0 1
16 188 0 1
19 188 0 1
58 188 0 1
3 189 0 1
4 189 0 1
6 189 0 1
7 189 0 1
8 189 0 1
11 189 0 1
13 189 0 1
16 189 0 1
18 189 0 1
19 189 0 1
33 189 0 1
34 189 0 1
36 189 0 1
60 189 0 1
3 190 0 1
4 190 0 1
6 190 0 1
7 190 0 1
8 190 0 1
11 190 0 1
12 190 0 1
13 190 0 1
14 190 0 1
18 190 0 1
19 190 0 1
21 190 0 1
33 190 0 1
34 190 0 1
36 190 0 1
42 190 0 1
5 191 0 1
9 191 0 1
10 191 0 1
17 191 0 1
28 191 0 1
29 191 0 1
30 191 0 1
31 191 0 1
32 191 0 1
41 191 0 1
53 191 0 1
56 191 0 1
3 192 0 1
4 192 0 1
6 192 0 1
7 192 0 1
8 192 0 1
11 192 0 1
13 192 0 1
16 192 0 1
18 192 0 1
19 192 0 1
33 192 0 1
36 192 0 1
60 192 0 1
3 193 0 1
4 193 0 1
6 193 0 1
7 193 0 1
8 193 0 1
11 193 0 1
13 193 0 1
16 193 0 1
18 193 0 1
19 193 0 1
33 193 0 1
34 193 0 1
36 193 0 1
60 193 0 1
1 194 0 1
5 194 0 1
9 194 0 1
10 194 0 1
12 194 0 1
15 194 0 1
17 194 0 1
20 194 0 1
22 194 0 1
23 194 0 1
24 194 0 1
25 194 0 1
26 194 0 1
27 194 0 1
28 194 0 1
30 194 0 1
32 194 0 1
35 194 0 1
37 194 0 1
38 194 0 1
39 194 0 1
40 194 0 1
41 194 0 1
55 194 0 1
56 194 0 1
57 194 0 1
62 194 0 1
64 194 0 1
3 195 0 1
4 195 0 1
8 195 0 1
11 195 0 1
16 195 0 1
19 195 0 1
58 195 0 1
6 196 0 1
7 196 0 1
11 196 0 1
12 196 0 1
13 196 0 1
14 196 0 1
15 196 0 1
18 196 0 1
21 196 0 1
24 196 0 1
25 196 0 1
33 196 0 1
34 196 0 1
35 196 0 1
36 196 0 1
37 196 0 1
38 196 0 1
39 196 0 1
42 196 0 1
48 196 0 1
54 196 0 1
55 196 0 1
59 196 0 1
61 196 0 1
5 197 0 1
9 197 0 1
10 197 0 1
17 197 0 1
22 197 0 1
23 197 0 1
27 197 0 1
28 197 0 1
29 197 0 1
30 197 0 1
31 197 0 1
32 197 0 1
40 197 0 1
41 197 0 1
53 197 0 1
56 197 0 1
57 197 0 1
63 197 0 1
75 197 0 1
1 198 0 1
5 198 0 1
9 198 0 1
10 198 0 1
12 198 0 1
15 198 0 1
17 198 0 1
20 198 0 1
22 198 0 1
23 198 0 1
24 198 0 1
25 198 0 1
26 198 0 1
27 198 0 1
28 198 0 1
29 198 0 1
30 198 0 1
32 198 0 1
35 198 0 1
37 198 0 1
38 198 0 1
40 198 0 1
41 198 0 1
46 198 0 1
55 198 0 1
56 198 0 1
57 198 0 1
62 198 0 1
63 198 0 1
64 198 0 1
1 199 0 1
5 199 0 1
10 199 0 1
12 199 0 1
14 199 0 1
15 199 0 1
17 199 0 1
20 199 0 1
22 199 0 1
23 199 0 1
24 199 0 1
25 199 0 1
26 199 0 1
27 199 0 1
28 199 0 1
30 199 0 1
32 199 0 1
35 199 0 1
37 199 0 1
38 199 0 1
39 199 0 1
40 199 0 1
41 199 0 1
42 199 0 1
55 199 0 1
56 199 0 1
57 199 0 1
61 199 0 1
62 199 0 1
64 199 0 1
74 199 0 1
1 200 0 1
6 200 0 1
7 200 0 1
12 200 0 1
14 200 0 1
15 200 0 1
18 200 0 1
20 200 0 1
21 200 0 1
24 200 0 1
25 200 0 1
26 200 0 1
34 200 0 1
35 200 0 1
37 200 0 1
38 200 0 1
39 200 0 1
40 200 0 1
42 200 0 1
47 200 0 1
54 200 0 1
55 200 0 1
59 200 0 1
61 200 0 1
62 200 0 1
2 201 0 1
9 201 0 1
23 201 0 1
28 201 0 1
29 201 0 1
30 201 0 1
31 201 0 1
32 201 0 1
41 201 0 1
44 201 0 1
45 201 0 1
52 201 0 1
53 201 0 1
56 201 0 1
57 201 0 1
63 201 0 1
75 201 0 1
78 201 0 1
152 201 0 1
1 202 0 1
12 202 0 1
14 202 0 1
15 202 0 1
17 202 0 1
20 202 0 1
21 202 0 1
22 202 0 1
23 202 0 1
24 202 0 1
25 202 0 1
26 202 0 1
27 202 0 1
28 202 0 1
34 202 0 1
35 202 0 1
37 202 0 1
38 202 0 1
39 202 0 1
40 202 0 1
42 202 0 1
46 202 0 1
47 202 0 1
48 202 0 1
49 202 0 1
50 202 0 1
51 202 0 1
52 202 0 1
54 202 0 1
55 202 0 1
56 202 0 1
57 202 0 1
59 202 0 1
61 202 0 1
62 202 0 1
63 202 0 1
64 202 0 1
67 202 0 1
68 202 0 1
69 202 0 1
70 202 0 1
72 202 0 1
73 202 0 1
74 202 0 1
75 202 0 1
77 202 0 1
79 202 0 1
80 202 0 1
3 203 0 1
8 203 0 1
11 203 0 1
16 203 0 1
19 203 0 1
43 203 0 1
58 203 0 1
60 203 0 1
65 203 0 1
3 204 0 1
8 204 0 1
16 204 0 1
19 204 0 1
43 204 0 1
58 204 0 1
60 204 0 1
65 204 0 1
2 205 0 1
9 205 0 1
10 205 0 1
17 205 0 1
23 205 0 1
27 205 0 1
28 205 0 1
29 205 0 1
30 205 0 1
31 205 0 1
32 205 0 1
41 205 0 1
44 205 0 1
45 205 0 1
53 205 0 1
56 205 0 1
57 205 0 1
63 205 0 1
75 205 0 1
1 206 0 1
12 206 0 1
14 206 0 1
15 206 0 1
17 206 0 1
20 206 0 1
21 206 0 1
22 206 0 1
23 206 0 1
24 206 0 1
25 206 0 1
26 206 0 1
27 206 0 1
28 206 0 1
34 206 0 1
35 206 0 1
37 206 0 1
38 206 0 1
39 206 0 1
40 206 0 1
42 206 0 1
46 206 0 1
47 206 0 1
48 206 0 1
49 206 0 1
50 206 0 1
51 206 0 1
54 206 0 1
55 206 0 1
57 206 0 1
59 206 0 1
61 206 0 1
62 206 0 1
64 206 0 1
72 206 0 1
73 206 0 1
74 206 0 1
3 207 0 1
6 207 0 1
7 207 0 1
8 207 0 1
11 207 0 1
13 207 0 1
16 207 0 1
18 207 0 1
19 207 0 1
21 207 0 1
33 207 0 1
34 207 0 1
36 207 0 1
43 207 0 1
54 207 0 1
58 207 0 1
60 207 0 1
2 208 0 1
5 208 0 1
9 208 0 1
10 208 0 1
17 208 0 1
20 208 0 1
22 208 0 1
23 208 0 1
26 208 0 1
27 208 0 1
28 208 0 1
29 208 0 1
30 208 0 1
31 208 0 1
32 208 0 1
40 208 0 1
41 208 0 1
44 208 0 1
45 208 0 1
46 208 0 1
52 208 0 1
53 208 0 1
56 208 0 1
57 208 0 1
62 208 0 1
63 208 0 1
64 208 0 1
74 208 0 1
75 208 0 1
78 208 0 1
80 208 0 1
1 209 0 1
5 209 0 1
9 209 0 1
10 209 0 1
17 209 0 1
20 209 0 1
22 209 0 1
23 209 0 1
25 209 0 1
26 209 0 1
27 209 0 1
28 209 0 1
29 209 0 1
30 209 0 1
31 209 0 1
32 209 0 1
38 209 0 1
40 209 0 1
41 209 0 1
44 209 0 1
45 209 0 1
46 209 0 1
52 209 0 1
53 209 0 1
55 209 0 1
56 209 0 1
57 209 0 1
62 209 0 1
63 209 0 1
64 209 0 1
74 209 0 1
75 209 0 1
78 209 0 1
79 209 0 1
80 209 0 1
1 210 0 1
12 210 0 1
14 210 0 1
15 210 0 1
18 210 0 1
20 210 0 1
21 210 0 1
22 210 0 1
23 210 0 1
24 210 0 1
25 210 0 1
26 210 0 1
27 210 0 1
34 210 0 1
35 210 0 1
37 210 0 1
38 210 0 1
39 210 0 1
40 210 0 1
42 210 0 1
46 210 0 1
47 210 0 1
48 210 0 1
49 210 0 1
50 210 0 1
51 210 0 1
54 210 0 1
55 210 0 1
57 210 0 1
59 210 0 1
61 210 0 1
62 210 0 1
64 210 0 1
69 210 0 1
71 210 0 1
72 210 0 1
73 210 0 1
74 210 0 1
77 210 0 1
3 211 0 1
4 211 0 1
8 211 0 1
11 211 0 1
13 211 0 1
16 211 0 1
19 211 0 1
33 211 0 1
36 211 0 1
43 211 0 1
58 211 0 1
60 211 0 1
6 212 0 1
7 212 0 1
11 212 0 1
12 212 0 1
13 212 0 1
14 212 0 1
15 212 0 1
18 212 0 1
19 212 0 1
21 212 0 1
24 212 0 1
25 212 0 1
33 212 0 1
34 212 0 1
35 212 0 1
36 212 0 1
37 212 0 1
39 212 0 1
42 212 0 1
47 212 0 1
48 212 0 1
49 212 0 1
50 212 0 1
51 212 0 1
54 212 0 1
59 212 0 1
60 212 0 1
61 212 0 1
71 212 0 1
72 212 0 1
76 212 0 1
3 213 0 1
4 213 0 1
8 213 0 1
11 213 0 1
16 213 0 1
19 213 0 1
43 213 0 1
58 213 0 1
3 214 0 1
4 214 0 1
8 214 0 1
11 214 0 1
16 214 0 1
19 214 0 1
43 214 0 1
58 214 0 1
60 214 0 1
65 214 0 1
1 215 0 1
5 215 0 1
9 215 0 1
10 215 0 1
17 215 0 1
20 215 0 1
22 215 0 1
23 215 0 1
25 215 0 1
26 215 0 1
27 215 0 1
28 215 0 1
29 215 0 1
30 215 0 1
31 215 0 1
32 215 0 1
35 215 0 1
37 215 0 1
38 215 0 1
40 215 0 1
41 215 0 1
45 215 0 1
46 215 0 1
47 215 0 1
52 215 0 1
53 215 0 1
55 215 0 1
56 215 0 1
57 215 0 1
61 215 0 1
62 215 0 1
63 215 0 1
64 215 0 1
73 215 0 1
74 215 0 1
75 215 0 1
78 215 0 1
79 215 0 1
80 215 0 1
1 216 0 1
12 216 0 1
14 216 0 1
15 216 0 1
17 216 0 1
20 216 0 1
21 216 0 1
22 216 0 1
23 216 0 1
24 216 0 1
25 216 0 1
26 216 0 1
27 216 0 1
28 216 0 1
34 216 0 1
35 216 0 1
37 216 0 1
38 216 0 1
39 216 0 1
40 216 0 1
42 216 0 1
46 216 0 1
47 216 0 1
48 216 0 1
49 216 0 1
50 216 0 1
51 216 0 1
52 216 0 1
54 216 0 1
55 216 0 1
57 216 0 1
59 216 0 1
61 216 0 1
62 216 0 1
63 216 0 1
64 216 0 1
69 216 0 1
70 216 0 1
71 216 0 1
72 216 0 1
73 216 0 1
74 216 0 1
75 216 0 1
77 216 0 1
79 216 0 1
3 217 0 1
8 217 0 1
11 217 0 1
13 217 0 1
16 217 0 1
18 217 0 1
19 217 0 1
33 217 0 1
34 217 0 1
36 217 0 1
43 217 0 1
54 217 0 1
58 217 0 1
60 217 0 1
8 218 0 1
16 218 0 1
19 218 0 1
43 218 0 1
58 218 0 1
60 218 0 1
65 218 0 1
150 218 0 1
8 219 0 1
16 219 0 1
19 219 0 1
43 219 0 1
58 219 0 1
60 219 0 1
65 219 0 1
150 219 0 1
1 220 0 1
12 220 0 1
14 220 0 1
15 220 0 1
20 220 0 1
21 220 0 1
22 220 0 1
23 220 0 1
24 220 0 1
25 220 0 1
26 220 0 1
27 220 0 1
34 220 0 1
35 220 0 1
37 220 0 1
38 220 0 1
39 220 0 1
40 220 0 1
42 220 0 1
46 220 0 1
47 220 0 1
48 220 0 1
49 220 0 1
50 220 0 1
51 220 0 1
52 220 0 1
54 220 0 1
55 220 0 1
57 220 0 1
59 220 0 1
61 220 0 1
62 220 0 1
63 220 0 1
64 220 0 1
67 220 0 1
68 220 0 1
69 220 0 1
70 220 0 1
71 220 0 1
72 220 0 1
73 220 0 1
74 220 0 1
76 220 0 1
77 220 0 1
79 220 0 1
1 221 0 1
2 221 0 1
10 221 0 1
17 221 0 1
20 221 0 1
22 221 0 1
23 221 0 1
24 221 0 1
25 221 0 1
26 221 0 1
27 221 0 1
28 221 0 1
29 221 0 1
30 221 0 1
32 221 0 1
35 221 0 1
37 221 0 1
38 221 0 1
40 221 0 1
41 221 0 1
46 221 0 1
47 221 0 1
49 221 0 1
52 221 0 1
53 221 0 1
55 221 0 1
56 221 0 1
57 221 0 1
61 221 0 1
62 221 0 1
63 221 0 1
64 221 0 1
67 221 0 1
68 221 0 1
69 221 0 1
72 221 0 1
73 221 0 1
74 221 0 1
75 221 0 1
77 221 0 1
78 221 0 1
79 221 0 1
80 221 0 1
3 222 0 1
8 222 0 1
11 222 0 1
13 222 0 1
16 222 0 1
19 222 0 1
33 222 0 1
36 222 0 1
43 222 0 1
58 222 0 1
60 222 0 1
65 222 0 1
1 223 0 1
2 223 0 1
10 223 0 1
17 223 0 1
20 223 0 1
22 223 0 1
23 223 0 1
24 223 0 1
25 223 0 1
26 223 0 1
27 223 0 1
28 223 0 1
29 223 0 1
30 223 0 1
32 223 0 1
37 223 0 1
38 223 0 1
40 223 0 1
41 223 0 1
45 223 0 1
46 223 0 1
47 223 0 1
49 223 0 1
52 223 0 1
53 223 0 1
55 223 0 1
56 223 0 1
57 223 0 1
61 223 0 1
62 223 0 1
63 223 0 1
64 223 0 1
67 223 0 1
68 223 0 1
69 223 0 1
73 223 0 1
74 223 0 1
75 223 0 1
78 223 0 1
79 223 0 1
80 223 0 1
8 224 0 1
11 224 0 1
16 224 0 1
19 224 0 1
43 224 0 1
58 224 0 1
60 224 0 1
65 224 0 1
18 225 0 1
19 225 0 1
21 225 0 1
33 225 0 1
34 225 0 1
36 225 0 1
42 225 0 1
43 225 0 1
48 225 0 1
49 225 0 1
50 225 0 1
51 225 0 1
54 225 0 1
59 225 0 1
60 225 0 1
66 225 0 1
70 225 0 1
71 225 0 1
72 225 0 1
76 225 0 1
155 225 0 1
18 226 0 1
21 226 0 1
24 226 0 1
33 226 0 1
34 226 0 1
36 226 0 1
39 226 0 1
42 226 0 1
43 226 0 1
47 226 0 1
48 226 0 1
49 226 0 1
50 226 0 1
51 226 0 1
54 226 0 1
59 226 0 1
60 226 0 1
61 226 0 1
66 226 0 1
70 226 0 1
71 226 0 1
72 226 0 1
76 226 0 1
77 226 0 1
155 226 0 1
8 227 0 1
11 227 0 1
19 227 0 1
21 227 0 1
33 227 0 1
34 227 0 1
36 227 0 1
43 227 0 1
48 227 0 1
50 227 0 1
54 227 0 1
58 227 0 1
60 227 0 1
65 227 0 1
66 227 0 1
71 227 0 1
76 227 0 1
151 227 0 1
9 228 0 1
10 228 0 1
17 228 0 1
23 228 0 1
28 228 0 1
29 228 0 1
30 228 0 1
31 228 0 1
32 228 0 1
41 228 0 1
44 228 0 1
45 228 0 1
53 228 0 1
56 228 0 1
63 228 0 1
75 228 0 1
3 229 0 1
4 229 0 1
8 229 0 1
11 229 0 1
16 229 0 1
19 229 0 1
43 229 0 1
58 229 0 1
60 229 0 1
1 230 0 1
5 230 0 1
9 230 0 1
10 230 0 1
15 230 0 1
17 230 0 1
20 230 0 1
22 230 0 1
23 230 0 1
25 230 0 1
26 230 0 1
27 230 0 1
28 230 0 1
29 230 0 1
30 230 0 1
31 230 0 1
32 230 0 1
35 230 0 1
37 230 0 1
38 230 0 1
40 230 0 1
41 230 0 1
46 230 0 1
52 230 0 1
53 230 0 1
55 230 0 1
56 230 0 1
57 230 0 1
62 230 0 1
63 230 0 1
64 230 0 1
74 230 0 1
75 230 0 1
1 231 0 1
5 231 0 1
10 231 0 1
12 231 0 1
14 231 0 1
15 231 0 1
17 231 0 1
20 231 0 1
22 231 0 1
23 231 0 1
24 231 0 1
25 231 0 1
26 231 0 1
27 231 0 1
28 231 0 1
30 231 0 1
32 231 0 1
34 231 0 1
35 231 0 1
37 231 0 1
38 231 0 1
39 231 0 1
40 231 0 1
41 231 0 1
42 231 0 1
46 231 0 1
47 231 0 1
49 231 0 1
55 231 0 1
56 231 0 1
57 231 0 1
61 231 0 1
62 231 0 1
63 231 0 1
64 231 0 1
74 231 0 1
75 231 0 1
1 232 0 1
5 232 0 1
6 232 0 1
10 232 0 1
12 232 0 1
14 232 0 1
15 232 0 1
17 232 0 1
20 232 0 1
21 232 0 1
22 232 0 1
23 232 0 1
24 232 0 1
25 232 0 1
26 232 0 1
27 232 0 1
28 232 0 1
34 232 0 1
35 232 0 1
37 232 0 1
38 232 0 1
39 232 0 1
40 232 0 1
41 232 0 1
42 232 0 1
46 232 0 1
47 232 0 1
48 232 0 1
49 232 0 1
51 232 0 1
54 232 0 1
55 232 0 1
57 232 0 1
59 232 0 1
61 232 0 1
62 232 0 1
63 232 0 1
64 232 0 1
74 232 0 1
3 233 0 1
4 233 0 1
8 233 0 1
11 233 0 1
13 233 0 1
16 233 0 1
19 233 0 1
33 233 0 1
36 233 0 1
43 233 0 1
58 233 0 1
60 233 0 1
3 234 0 1
4 234 0 1
8 234 0 1
11 234 0 1
16 234 0 1
19 234 0 1
43 234 0 1
58 234 0 1
60 234 0 1
1 235 0 1
2 235 0 1
44 235 0 1
45 235 0 1
46 235 0 1
52 235 0 1
56 235 0 1
57 235 0 1
63 235 0 1
64 235 0 1
67 235 0 1
68 235 0 1
74 235 0 1
75 235 0 1
78 235 0 1
79 235 0 1
80 235 0 1
84 235 0 1
87 235 0 1
89 235 0 1
139 235 0 1
142 235 0 1
152 235 0 1
153 235 0 1
154 235 0 1
156 235 0 1
1 236 0 1
2 236 0 1
46 236 0 1
47 236 0 1
49 236 0 1
51 236 0 1
52 236 0 1
57 236 0 1
62 236 0 1
64 236 0 1
67 236 0 1
68 236 0 1
69 236 0 1
70 236 0 1
72 236 0 1
73 236 0 1
74 236 0 1
75 236 0 1
77 236 0 1
78 236 0 1
79 236 0 1
80 236 0 1
83 236 0 1
84 236 0 1
87 236 0 1
140 236 0 1
143 236 0 1
144 236 0 1
148 236 0 1
149 236 0 1
153 236 0 1
156 236 0 1
157 236 0 1
48 237 0 1
49 237 0 1
50 237 0 1
51 237 0 1
59 237 0 1
66 237 0 1
69 237 0 1
70 237 0 1
71 237 0 1
72 237 0 1
73 237 0 1
76 237 0 1
77 237 0 1
81 237 0 1
82 237 0 1
85 237 0 1
86 237 0 1
88 237 0 1
137 237 0 1
151 237 0 1
155 237 0 1
157 237 0 1
158 237 0 1
43 238 0 1
48 238 0 1
50 238 0 1
51 238 0 1
60 238 0 1
66 238 0 1
70 238 0 1
71 238 0 1
72 238 0 1
76 238 0 1
81 238 0 1
82 238 0 1
85 238 0 1
86 238 0 1
88 238 0 1
141 238 0 1
151 238 0 1
155 238 0 1
157 238 0 1
158 238 0 1
43 239 0 1
50 239 0 1
60 239 0 1
65 239 0 1
66 239 0 1
70 239 0 1
71 239 0 1
76 239 0 1
81 239 0 1
82 239 0 1
85 239 0 1
86 239 0 1
88 239 0 1
141 239 0 1
151 239 0 1
155 239 0 1
158 239 0 1
43 240 0 1
60 240 0 1
65 240 0 1
66 240 0 1
71 240 0 1
76 240 0 1
81 240 0 1
82 240 0 1
86 240 0 1
88 240 0 1
141 240 0 1
150 240 0 1
151 240 0 1
155 240 0 1
158 240 0 1
43 241 0 1
58 241 0 1
65 241 0 1
150 241 0 1
21 242 0 1
48 242 0 1
49 242 0 1
50 242 0 1
51 242 0 1
54 242 0 1
59 242 0 1
60 242 0 1
66 242 0 1
70 242 0 1
71 242 0 1
72 242 0 1
76 242 0 1
77 242 0 1
81 242 0 1
82 242 0 1
85 242 0 1
86 242 0 1
88 242 0 1
151 242 0 1
155 242 0 1
157 242 0 1
158 242 0 1
43 243 0 1
48 243 0 1
50 243 0 1
54 243 0 1
60 243 0 1
66 243 0 1
70 243 0 1
71 243 0 1
76 243 0 1
81 243 0 1
82 243 0 1
86 243 0 1
88 243 0 1
151 243 0 1
155 243 0 1
158 243 0 1
43 244 0 1
60 244 0 1
65 244 0 1
66 244 0 1
76 244 0 1
81 244 0 1
82 244 0 1
88 244 0 1
141 244 0 1
150 244 0 1
151 244 0 1
155 244 0 1
158 244 0 1
19 245 0 1
34 245 0 1
36 245 0 1
43 245 0 1
50 245 0 1
54 245 0 1
60 245 0 1
65 245 0 1
66 245 0 1
71 245 0 1
76 245 0 1
151 245 0 1
155 245 0 1
158 245 0 1
19 246 0 1
43 246 0 1
58 246 0 1
60 246 0 1
65 246 0 1
66 246 0 1
71 246 0 1
151 246 0 1
155 246 0 1
8 247 0 1
19 247 0 1
43 247 0 1
58 247 0 1
60 247 0 1
65 247 0 1
150 247 0 1
1 248 0 1
2 248 0 1
20 248 0 1
22 248 0 1
23 248 0 1
25 248 0 1
26 248 0 1
27 248 0 1
28 248 0 1
29 248 0 1
30 248 0 1
40 248 0 1
41 248 0 1
44 248 0 1
45 248 0 1
46 248 0 1
47 248 0 1
49 248 0 1
52 248 0 1
53 248 0 1
55 248 0 1
56 248 0 1
57 248 0 1
61 248 0 1
62 248 0 1
63 248 0 1
64 248 0 1
67 248 0 1
68 248 0 1
69 248 0 1
73 248 0 1
74 248 0 1
75 248 0 1
78 248 0 1
79 248 0 1
80 248 0 1
153 248 0 1
154 248 0 1
156 248 0 1
1 249 0 1
21 249 0 1
24 249 0 1
34 249 0 1
42 249 0 1
47 249 0 1
48 249 0 1
49 249 0 1
50 249 0 1
51 249 0 1
54 249 0 1
59 249 0 1
60 249 0 1
61 249 0 1
66 249 0 1
69 249 0 1
70 249 0 1
71 249 0 1
72 249 0 1
73 249 0 1
76 249 0 1
77 249 0 1
81 249 0 1
82 249 0 1
151 249 0 1
155 249 0 1
157 249 0 1
158 249 0 1
21 250 0 1
34 250 0 1
36 250 0 1
42 250 0 1
47 250 0 1
48 250 0 1
49 250 0 1
50 250 0 1
51 250 0 1
54 250 0 1
59 250 0 1
60 250 0 1
61 250 0 1
66 250 0 1
70 250 0 1
71 250 0 1
72 250 0 1
73 250 0 1
76 250 0 1
77 250 0 1
81 250 0 1
82 250 0 1
151 250 0 1
155 250 0 1
157 250 0 1
158 250 0 1
19 251 0 1
21 251 0 1
33 251 0 1
34 251 0 1
36 251 0 1
43 251 0 1
48 251 0 1
49 251 0 1
50 251 0 1
51 251 0 1
54 251 0 1
59 251 0 1
60 251 0 1
66 251 0 1
70 251 0 1
71 251 0 1
72 251 0 1
76 251 0 1
81 251 0 1
151 251 0 1
155 251 0 1
158 251 0 1
19 252 0 1
43 252 0 1
58 252 0 1
60 252 0 1
65 252 0 1
66 252 0 1
71 252 0 1
76 252 0 1
81 252 0 1
151 252 0 1
155 252 0 1
158 252 0 1
19 253 0 1
21 253 0 1
34 253 0 1
43 253 0 1
48 253 0 1
50 253 0 1
51 253 0 1
54 253 0 1
59 253 0 1
60 253 0 1
65 253 0 1
66 253 0 1
70 253 0 1
71 253 0 1
72 253 0 1
76 253 0 1
81 253 0 1
82 253 0 1
88 253 0 1
151 253 0 1
155 253 0 1
157 253 0 1
158 253 0 1
8 254 0 1
16 254 0 1
19 254 0 1
43 254 0 1
58 254 0 1
60 254 0 1
65 254 0 1
150 254 0 1
1 255 0 1
2 255 0 1
20 255 0 1
22 255 0 1
23 255 0 1
26 255 0 1
27 255 0 1
28 255 0 1
29 255 0 1
30 255 0 1
41 255 0 1
44 255 0 1
45 255 0 1
46 255 0 1
52 255 0 1
53 255 0 1
56 255 0 1
57 255 0 1
62 255 0 1
63 255 0 1
64 255 0 1
67 255 0 1
68 255 0 1
74 255 0 1
75 255 0 1
78 255 0 1
79 255 0 1
80 255 0 1
87 255 0 1
152 255 0 1
153 255 0 1
154 255 0 1
156 255 0 1
21 256 0 1
34 256 0 1
47 256 0 1
48 256 0 1
49 256 0 1
50 256 0 1
51 256 0 1
54 256 0 1
59 256 0 1
60 256 0 1
61 256 0 1
66 256 0 1
69 256 0 1
70 256 0 1
71 256 0 1
72 256 0 1
73 256 0 1
76 256 0 1
77 256 0 1
81 256 0 1
82 256 0 1
85 256 0 1
86 256 0 1
151 256 0 1
155 256 0 1
157 256 0 1
158 256 0 1
21 257 0 1
34 257 0 1
43 257 0 1
48 257 0 1
49 257 0 1
50 257 0 1
51 257 0 1
54 257 0 1
59 257 0 1
60 257 0 1
66 257 0 1
70 257 0 1
71 257 0 1
72 257 0 1
76 257 0 1
77 257 0 1
81 257 0 1
82 257 0 1
151 257 0 1
155 257 0 1
157 257 0 1
158 257 0 1
43 258 0 1
58 258 0 1
65 258 0 1
150 258 0 1
2 259 0 1
66 259 0 1
68 259 0 1
69 259 0 1
70 259 0 1
71 259 0 1
72 259 0 1
76 259 0 1
77 259 0 1
81 259 0 1
82 259 0 1
83 259 0 1
84 259 0 1
85 259 0 1
86 259 0 1
88 259 0 1
93 259 0 1
95 259 0 1
96 259 0 1
97 259 0 1
100 259 0 1
102 259 0 1
103 259 0 1
127 259 0 1
128 259 0 1
132 259 0 1
137 259 0 1
140 259 0 1
141 259 0 1
143 259 0 1
144 259 0 1
146 259 0 1
147 259 0 1
151 259 0 1
155 259 0 1
157 259 0 1
158 259 0 1
65 260 0 1
66 260 0 1
81 260 0 1
82 260 0 1
85 260 0 1
86 260 0 1
88 260 0 1
90 260 0 1
92 260 0 1
93 260 0 1
101 260 0 1
102 260 0 1
126 260 0 1
141 260 0 1
150 260 0 1
151 260 0 1
155 260 0 1
158 260 0 1
2 261 0 1
87 261 0 1
89 261 0 1
94 261 0 1
106 261 0 1
124 261 0 1
125 261 0 1
129 261 0 1
134 261 0 1
135 261 0 1
138 261 0 1
139 261 0 1
142 261 0 1
145 261 0 1
152 261 0 1
154 261 0 1
156 261 0 1
66 262 0 1
70 262 0 1
81 262 0 1
82 262 0 1
85 262 0 1
86 262 0 1
88 262 0 1
92 262 0 1
93 262 0 1
95 262 0 1
97 262 0 1
101 262 0 1
102 262 0 1
103 262 0 1
119 262 0 1
120 262 0 1
126 262 0 1
127 262 0 1
128 262 0 1
132 262 0 1
136 262 0 1
137 262 0 1
141 262 0 1
143 262 0 1
146 262 0 1
147 262 0 1
151 262 0 1
155 262 0 1
157 262 0 1
158 262 0 1
81 263 0 1
82 263 0 1
85 263 0 1
86 263 0 1
88 263 0 1
90 263 0 1
91 263 0 1
92 263 0 1
93 263 0 1
95 263 0 1
98 263 0 1
101 263 0 1
102 263 0 1
103 263 0 1
119 263 0 1
120 263 0 1
126 263 0 1
128 263 0 1
132 263 0 1
133 263 0 1
141 263 0 1
147 263 0 1
151 263 0 1
155 263 0 1
158 263 0 1
2 264 0 1
66 264 0 1
70 264 0 1
81 264 0 1
82 264 0 1
83 264 0 1
85 264 0 1
86 264 0 1
88 264 0 1
93 264 0 1
95 264 0 1
96 264 0 1
97 264 0 1
100 264 0 1
102 264 0 1
103 264 0 1
104 264 0 1
119 264 0 1
120 264 0 1
127 264 0 1
128 264 0 1
132 264 0 1
136 264 0 1
137 264 0 1
140 264 0 1
141 264 0 1
143 264 0 1
144 264 0 1
146 264 0 1
147 264 0 1
151 264 0 1
155 264 0 1
157 264 0 1
158 264 0 1
65 265 0 1
88 265 0 1
90 265 0 1
91 265 0 1
92 265 0 1
98 265 0 1
101 265 0 1
126 265 0 1
133 265 0 1
141 265 0 1
150 265 0 1
151 265 0 1
90 266 0 1
91 266 0 1
92 266 0 1
98 266 0 1
101 266 0 1
126 266 0 1
133 266 0 1
141 266 0 1
150 266 0 1
88 267 0 1
90 267 0 1
91 267 0 1
92 267 0 1
98 267 0 1
101 267 0 1
126 267 0 1
133 267 0 1
141 267 0 1
150 267 0 1
151 267 0 1
90 268 0 1
91 268 0 1
92 268 0 1
98 268 0 1
101 268 0 1
126 268 0 1
133 268 0 1
141 268 0 1
150 268 0 1
81 269 0 1
86 269 0 1
88 269 0 1
90 269 0 1
91 269 0 1
92 269 0 1
93 269 0 1
98 269 0 1
101 269 0 1
102 269 0 1
119 269 0 1
126 269 0 1
133 269 0 1
141 269 0 1
151 269 0 1
158 269 0 1
1 270 0 1
2 270 0 1
67 270 0 1
68 270 0 1
69 270 0 1
70 270 0 1
72 270 0 1
76 270 0 1
77 270 0 1
81 270 0 1
82 270 0 1
83 270 0 1
84 270 0 1
85 270 0 1
86 270 0 1
95 270 0 1
96 270 0 1
97 270 0 1
99 270 0 1
100 270 0 1
103 270 0 1
104 270 0 1
105 270 0 1
127 270 0 1
128 270 0 1
130 270 0 1
137 270 0 1
140 270 0 1
143 270 0 1
144 270 0 1
146 270 0 1
147 270 0 1
148 270 0 1
149 270 0 1
153 270 0 1
155 270 0 1
157 270 0 1
1 271 0 1
2 271 0 1
67 271 0 1
68 271 0 1
69 271 0 1
70 271 0 1
77 271 0 1
79 271 0 1
83 271 0 1
84 271 0 1
85 271 0 1
95 271 0 1
96 271 0 1
97 271 0 1
99 271 0 1
100 271 0 1
104 271 0 1
105 271 0 1
127 271 0 1
130 271 0 1
131 271 0 1
137 271 0 1
140 271 0 1
143 271 0 1
144 271 0 1
146 271 0 1
147 271 0 1
148 271 0 1
149 271 0 1
153 271 0 1
157 271 0 1
66 272 0 1
70 272 0 1
76 272 0 1
81 272 0 1
82 272 0 1
83 272 0 1
85 272 0 1
86 272 0 1
88 272 0 1
93 272 0 1
95 272 0 1
96 272 0 1
97 272 0 1
100 272 0 1
102 272 0 1
103 272 0 1
127 272 0 1
128 272 0 1
132 272 0 1
136 272 0 1
137 272 0 1
140 272 0 1
141 272 0 1
143 272 0 1
144 272 0 1
146 272 0 1
147 272 0 1
151 272 0 1
155 272 0 1
157 272 0 1
158 272 0 1
66 273 0 1
70 273 0 1
81 273 0 1
82 273 0 1
85 273 0 1
86 273 0 1
88 273 0 1
92 273 0 1
93 273 0 1
95 273 0 1
97 273 0 1
101 273 0 1
102 273 0 1
103 273 0 1
119 273 0 1
126 273 0 1
127 273 0 1
128 273 0 1
132 273 0 1
136 273 0 1
137 273 0 1
141 273 0 1
143 273 0 1
146 273 0 1
147 273 0 1
151 273 0 1
155 273 0 1
157 273 0 1
158 273 0 1
66 274 0 1
81 274 0 1
82 274 0 1
85 274 0 1
86 274 0 1
88 274 0 1
90 274 0 1
92 274 0 1
93 274 0 1
98 274 0 1
101 274 0 1
102 274 0 1
126 274 0 1
133 274 0 1
141 274 0 1
150 274 0 1
151 274 0 1
155 274 0 1
158 274 0 1
65 275 0 1
90 275 0 1
91 275 0 1
92 275 0 1
98 275 0 1
101 275 0 1
126 275 0 1
133 275 0 1
141 275 0 1
150 275 0 1
151 275 0 1
81 276 0 1
86 276 0 1
88 276 0 1
90 276 0 1
91 276 0 1
92 276 0 1
93 276 0 1
98 276 0 1
101 276 0 1
102 276 0 1
126 276 0 1
133 276 0 1
141 276 0 1
150 276 0 1
151 276 0 1
155 276 0 1
158 276 0 1
2 277 0 1
87 277 0 1
89 277 0 1
94 277 0 1
105 277 0 1
106 277 0 1
110 277 0 1
112 277 0 1
114 277 0 1
115 277 0 1
116 277 0 1
121 277 0 1
122 277 0 1
123 277 0 1
124 277 0 1
125 277 0 1
129 277 0 1
130 277 0 1
131 277 0 1
134 277 0 1
135 277 0 1
138 277 0 1
139 277 0 1
142 277 0 1
145 277 0 1
149 277 0 1
152 277 0 1
2 278 0 1
87 278 0 1
89 278 0 1
94 278 0 1
99 278 0 1
104 278 0 1
105 278 0 1
106 278 0 1
112 278 0 1
113 278 0 1
114 278 0 1
116 278 0 1
121 278 0 1
122 278 0 1
123 278 0 1
124 278 0 1
125 278 0 1
129 278 0 1
130 278 0 1
131 278 0 1
134 278 0 1
135 278 0 1
138 278 0 1
139 278 0 1
140 278 0 1
142 278 0 1
145 278 0 1
148 278 0 1
149 278 0 1
152 278 0 1
154 278 0 1
156 278 0 1
2 279 0 1
70 279 0 1
81 279 0 1
82 279 0 1
83 279 0 1
84 279 0 1
85 279 0 1
86 279 0 1
88 279 0 1
93 279 0 1
95 279 0 1
96 279 0 1
97 279 0 1
99 279 0 1
100 279 0 1
102 279 0 1
103 279 0 1
104 279 0 1
105 279 0 1
107 279 0 1
108 279 0 1
117 279 0 1
119 279 0 1
120 279 0 1
127 279 0 1
128 279 0 1
130 279 0 1
131 279 0 1
132 279 0 1
136 279 0 1
137 279 0 1
140 279 0 1
143 279 0 1
144 279 0 1
146 279 0 1
147 279 0 1
148 279 0 1
149 279 0 1
155 279 0 1
157 279 0 1
158 279 0 1
88 280 0 1
90 280 0 1
91 280 0 1
92 280 0 1
98 280 0 1
101 280 0 1
126 280 0 1
133 280 0 1
141 280 0 1
81 281 0 1
82 281 0 1
83 281 0 1
85 281 0 1
86 281 0 1
88 281 0 1
93 281 0 1
95 281 0 1
96 281 0 1
97 281 0 1
100 281 0 1
102 281 0 1
103 281 0 1
104 281 0 1
107 281 0 1
108 281 0 1
117 281 0 1
119 281 0 1
120 281 0 1
127 281 0 1
128 281 0 1
132 281 0 1
136 281 0 1
137 281 0 1
140 281 0 1
141 281 0 1
143 281 0 1
144 281 0 1
146 281 0 1
147 281 0 1
155 281 0 1
157 281 0 1
158 281 0 1
81 282 0 1
86 282 0 1
88 282 0 1
90 282 0 1
91 282 0 1
92 282 0 1
93 282 0 1
98 282 0 1
101 282 0 1
102 282 0 1
119 282 0 1
126 282 0 1
132 282 0 1
133 282 0 1
141 282 0 1
151 282 0 1
158 282 0 1
88 283 0 1
90 283 0 1
91 283 0 1
92 283 0 1
93 283 0 1
98 283 0 1
101 283 0 1
102 283 0 1
119 283 0 1
126 283 0 1
133 283 0 1
141 283 0 1
151 283 0 1
81 284 0 1
82 284 0 1
85 284 0 1
86 284 0 1
88 284 0 1
90 284 0 1
91 284 0 1
92 284 0 1
93 284 0 1
95 284 0 1
98 284 0 1
101 284 0 1
102 284 0 1
103 284 0 1
107 284 0 1
109 284 0 1
119 284 0 1
120 284 0 1
126 284 0 1
128 284 0 1
132 284 0 1
133 284 0 1
141 284 0 1
147 284 0 1
151 284 0 1
155 284 0 1
158 284 0 1
81 285 0 1
82 285 0 1
85 285 0 1
86 285 0 1
88 285 0 1
93 285 0 1
95 285 0 1
96 285 0 1
97 285 0 1
100 285 0 1
101 285 0 1
102 285 0 1
103 285 0 1
107 285 0 1
108 285 0 1
117 285 0 1
119 285 0 1
120 285 0 1
127 285 0 1
128 285 0 1
132 285 0 1
136 285 0 1
137 285 0 1
141 285 0 1
143 285 0 1
146 285 0 1
147 285 0 1
151 285 0 1
155 285 0 1
157 285 0 1
158 285 0 1
81 286 0 1
82 286 0 1
85 286 0 1
86 286 0 1
88 286 0 1
92 286 0 1
93 286 0 1
95 286 0 1
97 286 0 1
100 286 0 1
101 286 0 1
102 286 0 1
103 286 0 1
107 286 0 1
108 286 0 1
109 286 0 1
117 286 0 1
119 286 0 1
120 286 0 1
126 286 0 1
127 286 0 1
128 286 0 1
132 286 0 1
136 286 0 1
137 286 0 1
141 286 0 1
146 286 0 1
147 286 0 1
151 286 0 1
155 286 0 1
157 286 0 1
158 286 0 1
81 287 0 1
82 287 0 1
85 287 0 1
86 287 0 1
88 287 0 1
90 287 0 1
92 287 0 1
93 287 0 1
95 287 0 1
98 287 0 1
101 287 0 1
102 287 0 1
103 287 0 1
107 287 0 1
109 287 0 1
119 287 0 1
120 287 0 1
126 287 0 1
127 287 0 1
128 287 0 1
132 287 0 1
133 287 0 1
136 287 0 1
141 287 0 1
147 287 0 1
151 287 0 1
158 287 0 1
88 288 0 1
90 288 0 1
91 288 0 1
92 288 0 1
93 288 0 1
98 288 0 1
101 288 0 1
102 288 0 1
109 288 0 1
119 288 0 1
126 288 0 1
133 288 0 1
141 288 0 1
151 288 0 1
2 289 0 1
94 289 0 1
106 289 0 1
110 289 0 1
112 289 0 1
114 289 0 1
115 289 0 1
116 289 0 1
121 289 0 1
122 289 0 1
124 289 0 1
125 289 0 1
129 289 0 1
134 289 0 1
135 289 0 1
2 290 0 1
94 290 0 1
105 290 0 1
106 290 0 1
110 290 0 1
112 290 0 1
113 290 0 1
114 290 0 1
115 290 0 1
116 290 0 1
121 290 0 1
122 290 0 1
123 290 0 1
124 290 0 1
125 290 0 1
129 290 0 1
131 290 0 1
134 290 0 1
135 290 0 1
138 290 0 1
139 290 0 1
142 290 0 1
145 290 0 1
149 290 0 1
86 291 0 1
93 291 0 1
95 291 0 1
97 291 0 1
101 291 0 1
102 291 0 1
103 291 0 1
107 291 0 1
108 291 0 1
109 291 0 1
111 291 0 1
117 291 0 1
119 291 0 1
120 291 0 1
126 291 0 1
127 291 0 1
128 291 0 1
132 291 0 1
136 291 0 1
137 291 0 1
146 291 0 1
147 291 0 1
88 292 0 1
92 292 0 1
93 292 0 1
95 292 0 1
101 292 0 1
102 292 0 1
103 292 0 1
107 292 0 1
108 292 0 1
109 292 0 1
111 292 0 1
117 292 0 1
119 292 0 1
120 292 0 1
126 292 0 1
128 292 0 1
132 292 0 1
133 292 0 1
136 292 0 1
141 292 0 1
147 292 0 1
93 293 0 1
95 293 0 1
97 293 0 1
100 293 0 1
101 293 0 1
102 293 0 1
103 293 0 1
107 293 0 1
108 293 0 1
109 293 0 1
111 293 0 1
117 293 0 1
119 293 0 1
120 293 0 1
126 293 0 1
127 293 0 1
128 293 0 1
132 293 0 1
136 293 0 1
137 293 0 1
146 293 0 1
147 293 0 1
2 294 0 1
96 294 0 1
97 294 0 1
99 294 0 1
100 294 0 1
104 294 0 1
105 294 0 1
108 294 0 1
113 294 0 1
114 294 0 1
116 294 0 1
118 294 0 1
121 294 0 1
122 294 0 1
123 294 0 1
125 294 0 1
127 294 0 1
129 294 0 1
130 294 0 1
131 294 0 1
135 294 0 1
136 294 0 1
140 294 0 1
143 294 0 1
148 294 0 1
149 294 0 1
2 295 0 1
95 295 0 1
96 295 0 1
97 295 0 1
99 295 0 1
100 295 0 1
103 295 0 1
104 295 0 1
105 295 0 1
107 295 0 1
108 295 0 1
111 295 0 1
113 295 0 1
114 295 0 1
117 295 0 1
118 295 0 1
120 295 0 1
121 295 0 1
122 295 0 1
123 295 0 1
127 295 0 1
128 295 0 1
130 295 0 1
131 295 0 1
132 295 0 1
135 295 0 1
136 295 0 1
137 295 0 1
140 295 0 1
143 295 0 1
144 295 0 1
146 295 0 1
148 295 0 1
149 295 0 1
2 296 0 1
95 296 0 1
96 296 0 1
97 296 0 1
99 296 0 1
100 296 0 1
103 296 0 1
104 296 0 1
105 296 0 1
107 296 0 1
108 296 0 1
111 296 0 1
113 296 0 1
114 296 0 1
117 296 0 1
118 296 0 1
120 296 0 1
122 296 0 1
123 296 0 1
127 296 0 1
128 296 0 1
130 296 0 1
131 296 0 1
132 296 0 1
136 296 0 1
143 296 0 1
146 296 0 1
148 296 0 1
149 296 0 1
93 297 0 1
95 297 0 1
101 297 0 1
102 297 0 1
103 297 0 1
107 297 0 1
108 297 0 1
109 297 0 1
111 297 0 1
117 297 0 1
119 297 0 1
120 297 0 1
126 297 0 1
127 297 0 1
128 297 0 1
132 297 0 1
133 297 0 1
136 297 0 1
147 297 0 1
92 298 0 1
93 298 0 1
95 298 0 1
101 298 0 1
102 298 0 1
103 298 0 1
107 298 0 1
108 298 0 1
109 298 0 1
111 298 0 1
117 298 0 1
119 298 0 1
120 298 0 1
126 298 0 1
128 298 0 1
132 298 0 1
133 298 0 1
136 298 0 1
106 299 0 1
110 299 0 1
112 299 0 1
114 299 0 1
115 299 0 1
116 299 0 1
121 299 0 1
122 299 0 1
123 299 0 1
124 299 0 1
125 299 0 1
129 299 0 1
131 299 0 1
134 299 0 1
135 299 0 1
2 300 0 1
110 300 0 1
112 300 0 1
113 300 0 1
114 300 0 1
115 300 0 1
116 300 0 1
118 300 0 1
121 300 0 1
122 300 0 1
123 300 0 1
125 300 0 1
129 300 0 1
130 300 0 1
131 300 0 1
134 300 0 1
135 300 0 1
2 301 0 1
105 301 0 1
108 301 0 1
110 301 0 1
111 301 0 1
112 301 0 1
113 301 0 1
114 301 0 1
116 301 0 1
118 301 0 1
121 301 0 1
122 301 0 1
123 301 0 1
130 301 0 1
131 301 0 1
135 301 0 1
2 302 0 1
106 302 0 1
110 302 0 1
112 302 0 1
113 302 0 1
114 302 0 1
115 302 0 1
116 302 0 1
118 302 0 1
121 302 0 1
122 302 0 1
123 302 0 1
124 302 0 1
125 302 0 1
129 302 0 1
131 302 0 1
134 302 0 1
135 302 0 1
108 303 0 1
111 303 0 1
113 303 0 1
114 303 0 1
117 303 0 1
118 303 0 1
121 303 0 1
122 303 0 1
123 303 0 1
130 303 0 1
131 303 0 1
107 305 0 1
108 305 0 1
111 305 0 1
113 305 0 1
117 305 0 1
118 305 0 1
120 305 0 1
123 305 0 1
127 305 0 1
136 305 0 1
107 306 0 1
108 306 0 1
109 306 0 1
111 306 0 1
113 306 0 1
117 306 0 1
118 306 0 1
119 306 0 1
120 306 0 1
127 306 0 1
128 306 0 1
132 306 0 1
136 306 0 1
107 307 0 1
109 307 0 1
111 307 0 1
117 307 0 1
119 307 0 1
120 307 0 1
126 307 0 1
133 307 0 1
101 308 0 1
107 308 0 1
109 308 0 1
119 308 0 1
120 308 0 1
126 308 0 1
133 308 0 1
91 309 0 1
98 309 0 1
109 309 0 1
133 309 0 1
98 310 0 1
109 310 0 1
126 310 0 1
133 310 0 1
107 311 0 1
108 311 0 1
109 311 0 1
111 311 0 1
117 311 0 1
119 311 0 1
120 311 0 1
128 311 0 1
136 311 0 1
107 312 0 1
108 312 0 1
109 312 0 1
111 312 0 1
117 312 0 1
119 312 0 1
120 312 0 1
132 312 0 1
136 312 0 1
107 313 0 1
108 313 0 1
109 313 0 1
111 313 0 1
117 313 0 1
119 313 0 1
120 313 0 1
109 314 0 1
133 314 0 1
2 315 0 1
94 315 0 1
105 315 0 1
106 315 0 1
110 315 0 1
112 315 0 1
113 315 0 1
114 315 0 1
115 315 0 1
116 315 0 1
118 315 0 1
121 315 0 1
122 315 0 1
123 315 0 1
124 315 0 1
125 315 0 1
129 315 0 1
130 315 0 1
131 315 0 1
134 315 0 1
135 315 0 1
139 315 0 1
149 315 0 1
2 316 0 1
99 316 0 1
100 316 0 1
104 316 0 1
105 316 0 1
110 316 0 1
112 316 0 1
113 316 0 1
114 316 0 1
116 316 0 1
118 316 0 1
121 316 0 1
122 316 0 1
123 316 0 1
125 316 0 1
127 316 0 1
129 316 0 1
130 316 0 1
131 316 0 1
135 316 0 1
149 316 0 1
92 317 0 1
98 317 0 1
101 317 0 1
102 317 0 1
107 317 0 1
109 317 0 1
119 317 0 1
120 317 0 1
126 317 0 1
133 317 0 1
93 318 0 1
95 318 0 1
102 318 0 1
103 318 0 1
107 318 0 1
108 318 0 1
109 318 0 1
111 318 0 1
117 318 0 1
119 318 0 1
120 318 0 1
127 318 0 1
128 318 0 1
132 318 0 1
136 318 0 1
95 319 0 1
96 319 0 1
97 319 0 1
99 319 0 1
100 319 0 1
103 319 0 1
104 319 0 1
105 319 0 1
107 319 0 1
108 319 0 1
111 319 0 1
113 319 0 1
114 319 0 1
117 319 0 1
118 319 0 1
120 319 0 1
122 319 0 1
123 319 0 1
127 319 0 1
128 319 0 1
130 319 0 1
131 319 0 1
132 319 0 1
136 319 0 1
2 320 0 1
99 320 0 1
100 320 0 1
104 320 0 1
105 320 0 1
108 320 0 1
111 320 0 1
113 320 0 1
114 320 0 1
116 320 0 1
117 320 0 1
118 320 0 1
121 320 0 1
122 320 0 1
123 320 0 1
127 320 0 1
130 320 0 1
131 320 0 1
135 320 0 1
136 320 0 1
149 320 0 1
91 321 0 1
92 321 0 1
98 321 0 1
101 321 0 1
109 321 0 1
119 321 0 1
126 321 0 1
133 321 0 1
2 322 0 1
95 322 0 1
96 322 0 1
97 322 0 1
99 322 0 1
100 322 0 1
104 322 0 1
105 322 0 1
107 322 0 1
108 322 0 1
111 322 0 1
113 322 0 1
114 322 0 1
117 322 0 1
118 322 0 1
120 322 0 1
121 322 0 1
122 322 0 1
123 322 0 1
127 322 0 1
128 322 0 1
130 322 0 1
131 322 0 1
136 322 0 1
149 322 0 1
93 323 0 1
95 323 0 1
101 323 0 1
102 323 0 1
103 323 0 1
107 323 0 1
108 323 0 1
109 323 0 1
111 323 0 1
117 323 0 1
119 323 0 1
120 323 0 1
126 323 0 1
127 323 0 1
128 323 0 1
132 323 0 1
136 323 0 1
90 324 0 1
91 324 0 1
92 324 0 1
98 324 0 1
101 324 0 1
109 324 0 1
126 324 0 1
133 324 0 1
2 325 0 1
93 325 0 1
95 325 0 1
96 325 0 1
97 325 0 1
99 325 0 1
100 325 0 1
102 325 0 1
103 325 0 1
104 325 0 1
105 325 0 1
107 325 0 1
108 325 0 1
111 325 0 1
113 325 0 1
117 325 0 1
118 325 0 1
119 325 0 1
120 325 0 1
122 325 0 1
123 325 0 1
127 325 0 1
128 325 0 1
130 325 0 1
131 325 0 1
132 325 0 1
136 325 0 1
137 325 0 1
140 325 0 1
143 325 0 1
144 325 0 1
146 325 0 1
147 325 0 1
148 325 0 1
149 325 0 1
92 326 0 1
93 326 0 1
98 326 0 1
101 326 0 1
102 326 0 1
103 326 0 1
107 326 0 1
109 326 0 1
117 326 0 1
119 326 0 1
120 326 0 1
126 326 0 1
132 326 0 1
133 326 0 1
91 327 0 1
98 327 0 1
126 327 0 1
133 327 0 1
2 328 0 1
105 328 0 1
106 328 0 1
110 328 0 1
112 328 0 1
113 328 0 1
114 328 0 1
115 328 0 1
116 328 0 1
118 328 0 1
121 328 0 1
122 328 0 1
123 328 0 1
124 328 0 1
125 328 0 1
129 328 0 1
130 328 0 1
131 328 0 1
134 328 0 1
135 328 0 1
149 328 0 1
95 329 0 1
103 329 0 1
107 329 0 1
108 329 0 1
109 329 0 1
111 329 0 1
117 329 0 1
118 329 0 1
119 329 0 1
120 329 0 1
127 329 0 1
128 329 0 1
132 329 0 1
136 329 0 1
93 330 0 1
102 330 0 1
103 330 0 1
107 330 0 1
108 330 0 1
109 330 0 1
111 330 0 1
117 330 0 1
119 330 0 1
120 330 0 1
128 330 0 1
132 330 0 1
136 330 0 1
100 331 0 1
103 331 0 1
107 331 0 1
108 331 0 1
111 331 0 1
113 331 0 1
117 331 0 1
118 331 0 1
119 331 0 1
120 331 0 1
127 331 0 1
128 331 0 1
132 331 0 1
136 331 0 1
2 332 0 1
104 332 0 1
105 332 0 1
110 332 0 1
112 332 0 1
113 332 0 1
114 332 0 1
116 332 0 1
118 332 0 1
121 332 0 1
122 332 0 1
123 332 0 1
125 332 0 1
129 332 0 1
130 332 0 1
131 332 0 1
134 332 0 1
135 332 0 1
149 332 0 1
100 333 0 1
104 333 0 1
105 333 0 1
107 333 0 1
108 333 0 1
111 333 0 1
113 333 0 1
114 333 0 1
117 333 0 1
118 333 0 1
120 333 0 1
121 333 0 1
122 333 0 1
123 333 0 1
127 333 0 1
130 333 0 1
131 333 0 1
136 333 0 1
2 334 0 1
87 334 0 1
89 334 0 1
94 334 0 1
106 334 0 1
110 334 0 1
112 334 0 1
114 334 0 1
115 334 0 1
116 334 0 1
121 334 0 1
122 334 0 1
124 334 0 1
125 334 0 1
129 334 0 1
131 334 0 1
134 334 0 1
135 334 0 1
138 334 0 1
139 334 0 1
142 334 0 1
145 334 0 1
90 335 0 1
91 335 0 1
92 335 0 1
98 335 0 1
101 335 0 1
109 335 0 1
126 335 0 1
133 335 0 1
141 335 0 1
81 336 0 1
85 336 0 1
86 336 0 1
88 336 0 1
93 336 0 1
95 336 0 1
96 336 0 1
97 336 0 1
100 336 0 1
102 336 0 1
103 336 0 1
104 336 0 1
107 336 0 1
108 336 0 1
111 336 0 1
117 336 0 1
119 336 0 1
120 336 0 1
127 336 0 1
128 336 0 1
130 336 0 1
132 336 0 1
136 336 0 1
137 336 0 1
140 336 0 1
143 336 0 1
144 336 0 1
146 336 0 1
147 336 0 1
2 337 0 1
87 337 0 1
89 337 0 1
94 337 0 1
99 337 0 1
105 337 0 1
106 337 0 1
110 337 0 1
112 337 0 1
113 337 0 1
114 337 0 1
115 337 0 1
116 337 0 1
118 337 0 1
121 337 0 1
122 337 0 1
123 337 0 1
124 337 0 1
125 337 0 1
129 337 0 1
130 337 0 1
131 337 0 1
134 337 0 1
135 337 0 1
138 337 0 1
139 337 0 1
140 337 0 1
142 337 0 1
145 337 0 1
148 337 0 1
149 337 0 1
2 338 0 1
87 338 0 1
89 338 0 1
94 338 0 1
106 338 0 1
110 338 0 1
112 338 0 1
114 338 0 1
115 338 0 1
116 338 0 1
121 338 0 1
122 338 0 1
123 338 0 1
124 338 0 1
125 338 0 1
129 338 0 1
131 338 0 1
134 338 0 1
135 338 0 1
138 338 0 1
139 338 0 1
142 338 0 1
145 338 0 1
149 338 0 1
2 339 0 1
95 339 0 1
96 339 0 1
97 339 0 1
99 339 0 1
100 339 0 1
103 339 0 1
104 339 0 1
105 339 0 1
107 339 0 1
108 339 0 1
111 339 0 1
113 339 0 1
114 339 0 1
117 339 0 1
118 339 0 1
120 339 0 1
121 339 0 1
122 339 0 1
123 339 0 1
127 339 0 1
128 339 0 1
130 339 0 1
131 339 0 1
132 339 0 1
135 339 0 1
136 339 0 1
137 339 0 1
140 339 0 1
143 339 0 1
144 339 0 1
146 339 0 1
147 339 0 1
148 339 0 1
149 339 0 1
88 340 0 1
90 340 0 1
91 340 0 1
92 340 0 1
93 340 0 1
98 340 0 1
101 340 0 1
102 340 0 1
103 340 0 1
107 340 0 1
109 340 0 1
119 340 0 1
120 340 0 1
126 340 0 1
132 340 0 1
133 340 0 1
141 340 0 1
88 341 0 1
90 341 0 1
91 341 0 1
92 341 0 1
93 341 0 1
98 341 0 1
101 341 0 1
102 341 0 1
109 341 0 1
119 341 0 1
126 341 0 1
133 341 0 1
141 341 0 1
90 342 0 1
91 342 0 1
92 342 0 1
98 342 0 1
101 342 0 1
109 342 0 1
126 342 0 1
133 342 0 1
85 343 0 1
93 343 0 1
95 343 0 1
96 343 0 1
97 343 0 1
99 343 0 1
100 343 0 1
102 343 0 1
103 343 0 1
104 343 0 1
105 343 0 1
107 343 0 1
108 343 0 1
111 343 0 1
113 343 0 1
117 343 0 1
118 343 0 1
119 343 0 1
120 343 0 1
127 343 0 1
128 343 0 1
130 343 0 1
131 343 0 1
132 343 0 1
136 343 0 1
137 343 0 1
140 343 0 1
143 343 0 1
144 343 0 1
146 343 0 1
147 343 0 1
148 343 0 1
86 344 0 1
88 344 0 1
92 344 0 1
93 344 0 1
95 344 0 1
101 344 0 1
102 344 0 1
103 344 0 1
107 344 0 1
108 344 0 1
109 344 0 1
111 344 0 1
117 344 0 1
119 344 0 1
120 344 0 1
126 344 0 1
127 344 0 1
128 344 0 1
132 344 0 1
133 344 0 1
136 344 0 1
141 344 0 1
147 344 0 1
90 345 0 1
91 345 0 1
92 345 0 1
93 345 0 1
98 345 0 1
101 345 0 1
102 345 0 1
109 345 0 1
119 345 0 1
126 345 0 1
133 345 0 1
141 345 0 1
85 346 0 1
86 346 0 1
88 346 0 1
93 346 0 1
95 346 0 1
96 346 0 1
97 346 0 1
100 346 0 1
101 346 0 1
102 346 0 1
103 346 0 1
104 346 0 1
107 346 0 1
108 346 0 1
109 346 0 1
111 346 0 1
117 346 0 1
119 346 0 1
120 346 0 1
127 346 0 1
128 346 0 1
132 346 0 1
136 346 0 1
137 346 0 1
143 346 0 1
146 346 0 1
147 346 0 1
66 347 0 1
70 347 0 1
71 347 0 1
76 347 0 1
81 347 0 1
82 347 0 1
85 347 0 1
86 347 0 1
88 347 0 1
93 347 0 1
95 347 0 1
102 347 0 1
137 347 0 1
141 347 0 1
147 347 0 1
151 347 0 1
155 347 0 1
157 347 0 1
158 347 0 1
66 348 0 1
70 348 0 1
71 348 0 1
76 348 0 1
81 348 0 1
82 348 0 1
85 348 0 1
86 348 0 1
88 348 0 1
93 348 0 1
141 348 0 1
147 348 0 1
151 348 0 1
155 348 0 1
157 348 0 1
158 348 0 1
48 349 0 1
49 349 0 1
50 349 0 1
51 349 0 1
66 349 0 1
69 349 0 1
70 349 0 1
71 349 0 1
72 349 0 1
73 349 0 1
76 349 0 1
77 349 0 1
81 349 0 1
82 349 0 1
83 349 0 1
85 349 0 1
86 349 0 1
88 349 0 1
95 349 0 1
137 349 0 1
141 349 0 1
143 349 0 1
146 349 0 1
147 349 0 1
151 349 0 1
155 349 0 1
157 349 0 1
158 349 0 1
66 350 0 1
70 350 0 1
71 350 0 1
76 350 0 1
81 350 0 1
82 350 0 1
85 350 0 1
86 350 0 1
88 350 0 1
141 350 0 1
151 350 0 1
155 350 0 1
158 350 0 1
