1 2 0 0
1 3 0 0
2 3 0 0
2 4 0 0
3 4 0 0
5 6 0 0
5 7 0 0
6 7 0 0
5 8 0 0
6 8 0 0
7 8 0 0
5 9 0 0
6 9 0 0
7 9 0 0
8 9 0 0
1 11 0 0
10 11 0 0
1 12 0 0
10 12 0 0
11 12 0 0
1 13 0 0
2 13 0 0
12 13 0 0
1 14 0 0
11 14 0 0
12 14 0 0
13 14 0 0
1 15 0 0
10 15 0 0
11 15 0 0
12 15 0 0
13 15 0 0
14 15 0 0
1 16 0 0
10 16 0 0
11 16 0 0
12 16 0 0
13 16 0 0
14 16 0 0
15 16 0 0
1 17 0 0
10 17 0 0
11 17 0 0
12 17 0 0
13 17 0 0
14 17 0 0
15 17 0 0
16 17 0 0
1 18 0 0
10 18 0 0
11 18 0 0
12 18 0 0
14 18 0 0
15 18 0 0
16 18 0 0
17 18 0 0
1 19 0 0
18 19 0 0
1 20 0 0
2 20 0 0
12 20 0 0
13 20 0 0
14 20 0 0
15 20 0 0
16 20 0 0
17 20 0 0
18 20 0 0
1 21 0 0
2 21 0 0
12 21 0 0
13 21 0 0
14 21 0 0
15 21 0 0
16 21 0 0
17 21 0 0
20 21 0 0
1 22 0 0
2 22 0 0
11 22 0 0
12 22 0 0
13 22 0 0
14 22 0 0
15 22 0 0
16 22 0 0
17 22 0 0
18 22 0 0
20 22 0 0
21 22 0 0
13 23 0 0
21 23 0 0
1 24 0 0
10 24 0 0
11 24 0 0
12 24 0 0
13 24 0 0
14 24 0 0
15 24 0 0
16 24 0 0
17 24 0 0
18 24 0 0
20 24 0 0
21 24 0 0
22 24 0 0
1 25 0 0
2 25 0 0
12 25 0 0
13 25 0 0
14 25 0 0
15 25 0 0
16 25 0 0
17 25 0 0
20 25 0 0
21 25 0 0
22 25 0 0
23 25 0 0
24 25 0 0
1 26 0 0
2 26 0 0
12 26 0 0
13 26 0 0
14 26 0 0
15 26 0 0
16 26 0 0
17 26 0 0
18 26 0 0
20 26 0 0
21 26 0 0
22 26 0 0
23 26 0 0
24 26 0 0
25 26 0 0
1 27 0 0
10 27 0 0
11 27 0 0
12 27 0 0
13 27 0 0
14 27 0 0
15 27 0 0
16 27 0 0
17 27 0 0
18 27 0 0
19 27 0 0
20 27 0 0
21 27 0 0
22 27 0 0
24 27 0 0
25 27 0 0
26 27 0 0
1 28 0 0
10 28 0 0
11 28 0 0
14 28 0 0
15 28 0 0
16 28 0 0
17 28 0 0
18 28 0 0
19 28 0 0
20 28 0 0
22 28 0 0
24 28 0 0
25 28 0 0
26 28 0 0
27 28 0 0
1 29 0 0
2 29 0 0
11 29 0 0
12 29 0 0
13 29 0 0
14 29 0 0
15 29 0 0
16 29 0 0
17 29 0 0
18 29 0 0
20 29 0 0
21 29 0 0
22 29 0 0
24 29 0 0
25 29 0 0
26 29 0 0
27 29 0 0
28 29 0 0
2 30 0 0
13 30 0 0
14 30 0 0
20 30 0 0
21 30 0 0
23 30 0 0
25 30 0 0
26 30 0 0
1 31 0 0
10 31 0 0
11 31 0 0
12 31 0 0
13 31 0 0
14 31 0 0
15 31 0 0
16 31 0 0
17 31 0 0
18 31 0 0
20 31 0 0
21 31 0 0
22 31 0 0
24 31 0 0
25 31 0 0
26 31 0 0
27 31 0 0
28 31 0 0
29 31 0 0
1 32 0 0
2 32 0 0
12 32 0 0
13 32 0 0
14 32 0 0
15 32 0 0
16 32 0 0
17 32 0 0
18 32 0 0
20 32 0 0
21 32 0 0
22 32 0 0
23 32 0 0
24 32 0 0
25 32 0 0
26 32 0 0
27 32 0 0
28 32 0 0
29 32 0 0
30 32 0 0
31 32 0 0
1 33 0 0
11 33 0 0
15 33 0 0
16 33 0 0
18 33 0 0
19 33 0 0
22 33 0 0
24 33 0 0
27 33 0 0
28 33 0 0
29 33 0 0
31 33 0 0
1 34 0 0
2 34 0 0
3 34 0 0
4 34 0 0
13 34 0 0
14 34 0 0
15 34 0 0
16 34 0 0
20 34 0 0
21 34 0 0
22 34 0 0
24 34 0 0
25 34 0 0
26 34 0 0
27 34 0 0
28 34 0 0
29 34 0 0
31 34 0 0
32 34 0 0
33 34 0 0
1 35 0 0
2 35 0 0
3 35 0 0
14 35 0 0
16 35 0 0
18 35 0 0
20 35 0 0
21 35 0 0
22 35 0 0
24 35 0 0
25 35 0 0
26 35 0 0
27 35 0 0
28 35 0 0
29 35 0 0
31 35 0 0
32 35 0 0
33 35 0 0
34 35 0 0
19 36 0 0
2 37 0 0
4 37 0 0
13 37 0 0
20 37 0 0
21 37 0 0
23 37 0 0
25 37 0 0
26 37 0 0
30 37 0 0
32 37 0 0
34 37 0 0
1 38 0 0
2 38 0 0
3 38 0 0
4 38 0 0
13 38 0 0
14 38 0 0
20 38 0 0
21 38 0 0
22 38 0 0
24 38 0 0
25 38 0 0
26 38 0 0
29 38 0 0
30 38 0 0
31 38 0 0
32 38 0 0
34 38 0 0
35 38 0 0
37 38 0 0
1 39 0 0
2 39 0 0
3 39 0 0
4 39 0 0
14 39 0 0
20 39 0 0
21 39 0 0
22 39 0 0
24 39 0 0
25 39 0 0
26 39 0 0
27 39 0 0
28 39 0 0
29 39 0 0
31 39 0 0
32 39 0 0
33 39 0 0
34 39 0 0
35 39 0 0
37 39 0 0
38 39 0 0
1 40 0 0
2 40 0 0
3 40 0 0
14 40 0 0
16 40 0 0
20 40 0 0
21 40 0 0
22 40 0 0
24 40 0 0
25 40 0 0
26 40 0 0
27 40 0 0
28 40 0 0
29 40 0 0
31 40 0 0
32 40 0 0
33 40 0 0
34 40 0 0
35 40 0 0
38 40 0 0
39 40 0 0
19 41 0 0
33 41 0 0
36 41 0 0
1 42 0 0
3 42 0 0
15 42 0 0
16 42 0 0
18 42 0 0
19 42 0 0
22 42 0 0
24 42 0 0
27 42 0 0
28 42 0 0
29 42 0 0
31 42 0 0
33 42 0 0
34 42 0 0
35 42 0 0
39 42 0 0
40 42 0 0
41 42 0 0
1 43 0 0
2 43 0 0
3 43 0 0
13 43 0 0
14 43 0 0
15 43 0 0
16 43 0 0
17 43 0 0
18 43 0 0
20 43 0 0
21 43 0 0
22 43 0 0
24 43 0 0
25 43 0 0
26 43 0 0
27 43 0 0
28 43 0 0
29 43 0 0
31 43 0 0
32 43 0 0
33 43 0 0
34 43 0 0
35 43 0 0
38 43 0 0
39 43 0 0
40 43 0 0
42 43 0 0
1 44 0 0
2 44 0 0
13 44 0 0
14 44 0 0
15 44 0 0
16 44 0 0
17 44 0 0
20 44 0 0
21 44 0 0
22 44 0 0
23 44 0 0
24 44 0 0
25 44 0 0
26 44 0 0
29 44 0 0
30 44 0 0
31 44 0 0
32 44 0 0
34 44 0 0
35 44 0 0
37 44 0 0
38 44 0 0
39 44 0 0
40 44 0 0
43 44 0 0
1 45 0 0
16 45 0 0
18 45 0 0
19 45 0 0
22 45 0 0
24 45 0 0
27 45 0 0
28 45 0 0
31 45 0 0
33 45 0 0
35 45 0 0
36 45 0 0
40 45 0 0
41 45 0 0
42 45 0 0
43 45 0 0
1 46 0 0
2 46 0 0
13 46 0 0
14 46 0 0
15 46 0 0
16 46 0 0
17 46 0 0
18 46 0 0
20 46 0 0
21 46 0 0
22 46 0 0
24 46 0 0
25 46 0 0
26 46 0 0
27 46 0 0
28 46 0 0
29 46 0 0
31 46 0 0
32 46 0 0
33 46 0 0
34 46 0 0
35 46 0 0
38 46 0 0
39 46 0 0
40 46 0 0
42 46 0 0
43 46 0 0
44 46 0 0
45 46 0 0
1 47 0 0
2 47 0 0
12 47 0 0
13 47 0 0
14 47 0 0
15 47 0 0
16 47 0 0
17 47 0 0
18 47 0 0
20 47 0 0
21 47 0 0
22 47 0 0
24 47 0 0
25 47 0 0
26 47 0 0
27 47 0 0
28 47 0 0
29 47 0 0
30 47 0 0
31 47 0 0
32 47 0 0
33 47 0 0
34 47 0 0
35 47 0 0
37 47 0 0
38 47 0 0
39 47 0 0
40 47 0 0
42 47 0 0
43 47 0 0
44 47 0 0
46 47 0 0
1 48 0 0
19 48 0 0
28 48 0 0
33 48 0 0
36 48 0 0
41 48 0 0
42 48 0 0
45 48 0 0
1 49 0 0
2 49 0 0
3 49 0 0
4 49 0 0
13 49 0 0
14 49 0 0
15 49 0 0
16 49 0 0
17 49 0 0
18 49 0 0
20 49 0 0
21 49 0 0
22 49 0 0
24 49 0 0
25 49 0 0
26 49 0 0
27 49 0 0
28 49 0 0
29 49 0 0
30 49 0 0
31 49 0 0
32 49 0 0
33 49 0 0
34 49 0 0
35 49 0 0
37 49 0 0
38 49 0 0
39 49 0 0
40 49 0 0
42 49 0 0
43 49 0 0
44 49 0 0
46 49 0 0
47 49 0 0
1 50 0 0
2 50 0 0
3 50 0 0
13 50 0 0
14 50 0 0
15 50 0 0
16 50 0 0
17 50 0 0
18 50 0 0
20 50 0 0
21 50 0 0
22 50 0 0
24 50 0 0
25 50 0 0
26 50 0 0
27 50 0 0
28 50 0 0
29 50 0 0
31 50 0 0
32 50 0 0
33 50 0 0
34 50 0 0
35 50 0 0
38 50 0 0
39 50 0 0
40 50 0 0
42 50 0 0
43 50 0 0
44 50 0 0
45 50 0 0
46 50 0 0
47 50 0 0
49 50 0 0
2 51 0 0
3 51 0 0
4 51 0 0
37 51 0 0
38 51 0 0
1 52 0 0
2 52 0 0
3 52 0 0
4 52 0 0
34 52 0 0
35 52 0 0
38 52 0 0
39 52 0 0
40 52 0 0
42 52 0 0
43 52 0 0
46 52 0 0
47 52 0 0
49 52 0 0
50 52 0 0
1 53 0 0
2 53 0 0
3 53 0 0
34 53 0 0
35 53 0 0
38 53 0 0
39 53 0 0
40 53 0 0
42 53 0 0
43 53 0 0
45 53 0 0
46 53 0 0
49 53 0 0
50 53 0 0
52 53 0 0
1 54 0 0
2 54 0 0
3 54 0 0
4 54 0 0
22 54 0 0
34 54 0 0
35 54 0 0
38 54 0 0
39 54 0 0
40 54 0 0
42 54 0 0
43 54 0 0
46 54 0 0
47 54 0 0
49 54 0 0
50 54 0 0
52 54 0 0
53 54 0 0
1 55 0 0
2 55 0 0
3 55 0 0
4 55 0 0
20 55 0 0
34 55 0 0
35 55 0 0
37 55 0 0
38 55 0 0
39 55 0 0
40 55 0 0
43 55 0 0
44 55 0 0
46 55 0 0
47 55 0 0
49 55 0 0
50 55 0 0
51 55 0 0
52 55 0 0
53 55 0 0
54 55 0 0
2 56 0 0
3 56 0 0
4 56 0 0
37 56 0 0
38 56 0 0
49 56 0 0
51 56 0 0
55 56 0 0
2 57 0 0
3 57 0 0
4 57 0 0
37 57 0 0
38 57 0 0
51 57 0 0
55 57 0 0
56 57 0 0
1 58 0 0
3 58 0 0
36 58 0 0
41 58 0 0
42 58 0 0
45 58 0 0
48 58 0 0
52 58 0 0
53 58 0 0
54 58 0 0
1 59 0 0
3 59 0 0
34 59 0 0
35 59 0 0
39 59 0 0
40 59 0 0
42 59 0 0
43 59 0 0
45 59 0 0
50 59 0 0
52 59 0 0
53 59 0 0
54 59 0 0
55 59 0 0
58 59 0 0
1 60 0 0
2 60 0 0
3 60 0 0
4 60 0 0
34 60 0 0
35 60 0 0
38 60 0 0
39 60 0 0
40 60 0 0
43 60 0 0
49 60 0 0
50 60 0 0
52 60 0 0
53 60 0 0
54 60 0 0
55 60 0 0
56 60 0 0
58 60 0 0
59 60 0 0
3 61 0 0
19 61 0 0
36 61 0 0
41 61 0 0
42 61 0 0
45 61 0 0
48 61 0 0
53 61 0 0
58 61 0 0
59 61 0 0
3 62 0 0
19 62 0 0
36 62 0 0
41 62 0 0
45 62 0 0
48 62 0 0
58 62 0 0
61 62 0 0
2 63 0 0
3 63 0 0
4 63 0 0
20 63 0 0
21 63 0 0
25 63 0 0
30 63 0 0
32 63 0 0
37 63 0 0
38 63 0 0
44 63 0 0
47 63 0 0
49 63 0 0
51 63 0 0
55 63 0 0
56 63 0 0
57 63 0 0
19 64 0 0
36 64 0 0
41 64 0 0
45 64 0 0
48 64 0 0
58 64 0 0
61 64 0 0
62 64 0 0
1 65 0 0
2 65 0 0
3 65 0 0
4 65 0 0
13 65 0 0
14 65 0 0
20 65 0 0
21 65 0 0
22 65 0 0
24 65 0 0
25 65 0 0
26 65 0 0
27 65 0 0
28 65 0 0
29 65 0 0
31 65 0 0
32 65 0 0
34 65 0 0
35 65 0 0
37 65 0 0
38 65 0 0
39 65 0 0
40 65 0 0
42 65 0 0
43 65 0 0
44 65 0 0
46 65 0 0
47 65 0 0
49 65 0 0
50 65 0 0
51 65 0 0
52 65 0 0
53 65 0 0
54 65 0 0
55 65 0 0
56 65 0 0
57 65 0 0
59 65 0 0
60 65 0 0
63 65 0 0
1 66 0 0
2 66 0 0
3 66 0 0
4 66 0 0
20 66 0 0
21 66 0 0
22 66 0 0
24 66 0 0
26 66 0 0
27 66 0 0
28 66 0 0
29 66 0 0
31 66 0 0
32 66 0 0
33 66 0 0
34 66 0 0
35 66 0 0
38 66 0 0
39 66 0 0
40 66 0 0
42 66 0 0
43 66 0 0
44 66 0 0
45 66 0 0
46 66 0 0
47 66 0 0
49 66 0 0
50 66 0 0
52 66 0 0
53 66 0 0
54 66 0 0
55 66 0 0
58 66 0 0
59 66 0 0
60 66 0 0
65 66 0 0
1 67 0 0
2 67 0 0
3 67 0 0
14 67 0 0
16 67 0 0
18 67 0 0
19 67 0 0
20 67 0 0
21 67 0 0
22 67 0 0
24 67 0 0
26 67 0 0
27 67 0 0
28 67 0 0
29 67 0 0
31 67 0 0
32 67 0 0
33 67 0 0
34 67 0 0
35 67 0 0
36 67 0 0
38 67 0 0
39 67 0 0
40 67 0 0
41 67 0 0
42 67 0 0
43 67 0 0
45 67 0 0
46 67 0 0
47 67 0 0
48 67 0 0
49 67 0 0
50 67 0 0
52 67 0 0
53 67 0 0
54 67 0 0
55 67 0 0
58 67 0 0
59 67 0 0
60 67 0 0
61 67 0 0
62 67 0 0
64 67 0 0
65 67 0 0
66 67 0 0
2 68 0 0
3 68 0 0
4 68 0 0
20 68 0 0
21 68 0 0
23 68 0 0
25 68 0 0
26 68 0 0
30 68 0 0
32 68 0 0
34 68 0 0
37 68 0 0
38 68 0 0
39 68 0 0
44 68 0 0
47 68 0 0
49 68 0 0
50 68 0 0
51 68 0 0
55 68 0 0
56 68 0 0
57 68 0 0
60 68 0 0
63 68 0 0
65 68 0 0
1 69 0 0
3 69 0 0
19 69 0 0
33 69 0 0
36 69 0 0
41 69 0 0
42 69 0 0
45 69 0 0
48 69 0 0
52 69 0 0
53 69 0 0
58 69 0 0
59 69 0 0
61 69 0 0
62 69 0 0
64 69 0 0
66 69 0 0
67 69 0 0
1 70 0 0
2 70 0 0
3 70 0 0
19 70 0 0
20 70 0 0
22 70 0 0
24 70 0 0
27 70 0 0
28 70 0 0
29 70 0 0
31 70 0 0
33 70 0 0
34 70 0 0
35 70 0 0
38 70 0 0
39 70 0 0
40 70 0 0
41 70 0 0
42 70 0 0
43 70 0 0
45 70 0 0
46 70 0 0
47 70 0 0
48 70 0 0
49 70 0 0
50 70 0 0
52 70 0 0
53 70 0 0
54 70 0 0
55 70 0 0
58 70 0 0
59 70 0 0
60 70 0 0
65 70 0 0
66 70 0 0
67 70 0 0
69 70 0 0
36 71 0 0
41 71 0 0
48 71 0 0
58 71 0 0
61 71 0 0
62 71 0 0
64 71 0 0
67 71 0 0
69 71 0 0
2 72 0 0
3 72 0 0
4 72 0 0
21 72 0 0
30 72 0 0
37 72 0 0
38 72 0 0
44 72 0 0
49 72 0 0
51 72 0 0
55 72 0 0
56 72 0 0
57 72 0 0
63 72 0 0
65 72 0 0
68 72 0 0
3 73 0 0
19 73 0 0
36 73 0 0
41 73 0 0
42 73 0 0
45 73 0 0
48 73 0 0
58 73 0 0
61 73 0 0
62 73 0 0
64 73 0 0
67 73 0 0
69 73 0 0
71 73 0 0
1 74 0 0
2 74 0 0
3 74 0 0
4 74 0 0
20 74 0 0
21 74 0 0
22 74 0 0
29 74 0 0
31 74 0 0
32 74 0 0
33 74 0 0
34 74 0 0
35 74 0 0
37 74 0 0
38 74 0 0
39 74 0 0
40 74 0 0
42 74 0 0
43 74 0 0
44 74 0 0
46 74 0 0
47 74 0 0
49 74 0 0
50 74 0 0
52 74 0 0
53 74 0 0
54 74 0 0
55 74 0 0
56 74 0 0
57 74 0 0
58 74 0 0
59 74 0 0
60 74 0 0
63 74 0 0
65 74 0 0
66 74 0 0
67 74 0 0
68 74 0 0
70 74 0 0
72 74 0 0
1 75 0 0
2 75 0 0
3 75 0 0
4 75 0 0
20 75 0 0
22 75 0 0
28 75 0 0
31 75 0 0
33 75 0 0
34 75 0 0
35 75 0 0
38 75 0 0
39 75 0 0
40 75 0 0
42 75 0 0
43 75 0 0
45 75 0 0
46 75 0 0
47 75 0 0
49 75 0 0
50 75 0 0
52 75 0 0
53 75 0 0
54 75 0 0
55 75 0 0
58 75 0 0
59 75 0 0
60 75 0 0
65 75 0 0
66 75 0 0
67 75 0 0
69 75 0 0
70 75 0 0
74 75 0 0
1 76 0 0
2 76 0 0
3 76 0 0
19 76 0 0
22 76 0 0
28 76 0 0
33 76 0 0
34 76 0 0
35 76 0 0
39 76 0 0
40 76 0 0
41 76 0 0
42 76 0 0
43 76 0 0
45 76 0 0
46 76 0 0
47 76 0 0
48 76 0 0
49 76 0 0
50 76 0 0
52 76 0 0
53 76 0 0
54 76 0 0
55 76 0 0
58 76 0 0
59 76 0 0
60 76 0 0
61 76 0 0
62 76 0 0
65 76 0 0
66 76 0 0
67 76 0 0
69 76 0 0
70 76 0 0
73 76 0 0
74 76 0 0
75 76 0 0
3 77 0 0
53 77 0 0
58 77 0 0
59 77 0 0
61 77 0 0
62 77 0 0
67 77 0 0
69 77 0 0
73 77 0 0
76 77 0 0
2 78 0 0
3 78 0 0
4 78 0 0
51 78 0 0
56 78 0 0
57 78 0 0
63 78 0 0
68 78 0 0
72 78 0 0
2 79 0 0
3 79 0 0
4 79 0 0
38 79 0 0
52 79 0 0
53 79 0 0
54 79 0 0
55 79 0 0
56 79 0 0
57 79 0 0
59 79 0 0
60 79 0 0
65 79 0 0
68 79 0 0
74 79 0 0
75 79 0 0
3 80 0 0
77 80 0 0
3 81 0 0
58 81 0 0
61 81 0 0
62 81 0 0
69 81 0 0
73 81 0 0
77 81 0 0
80 81 0 0
3 82 0 0
58 82 0 0
69 82 0 0
77 82 0 0
80 82 0 0
81 82 0 0
3 83 0 0
77 83 0 0
80 83 0 0
81 83 0 0
82 83 0 0
3 84 0 0
4 84 0 0
54 84 0 0
60 84 0 0
74 84 0 0
79 84 0 0
82 84 0 0
3 85 0 0
41 85 0 0
52 85 0 0
53 85 0 0
54 85 0 0
58 85 0 0
59 85 0 0
60 85 0 0
61 85 0 0
62 85 0 0
64 85 0 0
66 85 0 0
67 85 0 0
69 85 0 0
70 85 0 0
73 85 0 0
74 85 0 0
75 85 0 0
76 85 0 0
77 85 0 0
81 85 0 0
82 85 0 0
83 85 0 0
2 86 0 0
3 86 0 0
4 86 0 0
37 86 0 0
51 86 0 0
56 86 0 0
57 86 0 0
63 86 0 0
68 86 0 0
72 86 0 0
78 86 0 0
2 87 0 0
3 87 0 0
4 87 0 0
34 87 0 0
35 87 0 0
37 87 0 0
38 87 0 0
39 87 0 0
40 87 0 0
49 87 0 0
50 87 0 0
51 87 0 0
52 87 0 0
53 87 0 0
54 87 0 0
55 87 0 0
56 87 0 0
57 87 0 0
59 87 0 0
60 87 0 0
63 87 0 0
65 87 0 0
66 87 0 0
67 87 0 0
68 87 0 0
70 87 0 0
72 87 0 0
74 87 0 0
75 87 0 0
76 87 0 0
79 87 0 0
84 87 0 0
2 88 0 0
3 88 0 0
4 88 0 0
37 88 0 0
38 88 0 0
51 88 0 0
55 88 0 0
56 88 0 0
57 88 0 0
63 88 0 0
65 88 0 0
68 88 0 0
72 88 0 0
78 88 0 0
79 88 0 0
86 88 0 0
87 88 0 0
1 89 0 0
3 89 0 0
35 89 0 0
40 89 0 0
41 89 0 0
42 89 0 0
52 89 0 0
53 89 0 0
54 89 0 0
58 89 0 0
59 89 0 0
60 89 0 0
61 89 0 0
62 89 0 0
64 89 0 0
66 89 0 0
67 89 0 0
69 89 0 0
70 89 0 0
73 89 0 0
74 89 0 0
75 89 0 0
76 89 0 0
77 89 0 0
81 89 0 0
82 89 0 0
84 89 0 0
85 89 0 0
87 89 0 0
1 90 0 0
3 90 0 0
35 90 0 0
39 90 0 0
40 90 0 0
42 90 0 0
52 90 0 0
53 90 0 0
54 90 0 0
55 90 0 0
58 90 0 0
59 90 0 0
60 90 0 0
61 90 0 0
65 90 0 0
66 90 0 0
67 90 0 0
69 90 0 0
70 90 0 0
74 90 0 0
75 90 0 0
76 90 0 0
77 90 0 0
79 90 0 0
81 90 0 0
82 90 0 0
84 90 0 0
85 90 0 0
87 90 0 0
89 90 0 0
2 91 0 0
3 91 0 0
4 91 0 0
34 91 0 0
35 91 0 0
38 91 0 0
39 91 0 0
40 91 0 0
49 91 0 0
50 91 0 0
52 91 0 0
53 91 0 0
54 91 0 0
55 91 0 0
58 91 0 0
59 91 0 0
60 91 0 0
65 91 0 0
66 91 0 0
67 91 0 0
70 91 0 0
74 91 0 0
75 91 0 0
76 91 0 0
79 91 0 0
84 91 0 0
85 91 0 0
87 91 0 0
89 91 0 0
90 91 0 0
2 92 0 0
3 92 0 0
4 92 0 0
34 92 0 0
35 92 0 0
38 92 0 0
39 92 0 0
40 92 0 0
49 92 0 0
50 92 0 0
52 92 0 0
53 92 0 0
54 92 0 0
55 92 0 0
56 92 0 0
57 92 0 0
59 92 0 0
60 92 0 0
65 92 0 0
66 92 0 0
67 92 0 0
68 92 0 0
70 92 0 0
74 92 0 0
75 92 0 0
76 92 0 0
79 92 0 0
84 92 0 0
87 92 0 0
88 92 0 0
89 92 0 0
90 92 0 0
91 92 0 0
2 93 0 0
3 93 0 0
4 93 0 0
51 93 0 0
55 93 0 0
56 93 0 0
57 93 0 0
63 93 0 0
68 93 0 0
72 93 0 0
78 93 0 0
79 93 0 0
86 93 0 0
87 93 0 0
88 93 0 0
2 94 0 0
3 94 0 0
4 94 0 0
38 94 0 0
39 94 0 0
51 94 0 0
52 94 0 0
53 94 0 0
54 94 0 0
55 94 0 0
56 94 0 0
57 94 0 0
60 94 0 0
63 94 0 0
65 94 0 0
66 94 0 0
68 94 0 0
72 94 0 0
74 94 0 0
75 94 0 0
79 94 0 0
84 94 0 0
86 94 0 0
87 94 0 0
88 94 0 0
91 94 0 0
92 94 0 0
93 94 0 0
2 95 0 0
3 95 0 0
4 95 0 0
37 95 0 0
51 95 0 0
55 95 0 0
56 95 0 0
57 95 0 0
63 95 0 0
65 95 0 0
68 95 0 0
72 95 0 0
74 95 0 0
78 95 0 0
79 95 0 0
86 95 0 0
87 95 0 0
88 95 0 0
92 95 0 0
93 95 0 0
94 95 0 0
10 96 0 1
11 96 0 1
12 96 0 1
13 96 0 1
14 96 0 1
15 96 0 1
16 96 0 1
17 96 0 1
18 96 0 1
23 96 0 1
24 96 0 1
25 96 0 1
26 96 0 1
5 97 0 1
6 97 0 1
7 97 0 1
8 97 0 1
5 100 0 1
6 100 0 1
7 100 0 1
8 100 0 1
5 101 0 1
6 101 0 1
7 101 0 1
8 101 0 1
5 104 0 1
6 104 0 1
7 104 0 1
8 104 0 1
9 104 0 1
5 105 0 1
6 105 0 1
7 105 0 1
8 105 0 1
9 105 0 1
5 106 0 1
6 106 0 1
7 106 0 1
8 106 0 1
9 106 0 1
5 107 0 1
6 107 0 1
7 107 0 1
8 107 0 1
9 107 0 1
10 108 0 1
10 109 0 1
11 109 0 1
10 110 0 1
11 110 0 1
5 111 0 1
6 111 0 1
7 111 0 1
8 111 0 1
9 111 0 1
5 112 0 1
6 112 0 1
7 112 0 1
8 112 0 1
9 112 0 1
5 113 0 1
6 113 0 1
7 113 0 1
8 113 0 1
9 113 0 1
5 114 0 1
6 114 0 1
7 114 0 1
8 114 0 1
9 114 0 1
10 115 0 1
10 116 0 1
11 116 0 1
10 117 0 1
5 118 0 1
6 118 0 1
7 118 0 1
8 118 0 1
9 118 0 1
7 119 0 1
8 119 0 1
9 119 0 1
10 119 0 1
11 119 0 1
12 120 0 1
13 120 0 1
17 120 0 1
23 120 0 1
10 121 0 1
11 121 0 1
12 121 0 1
13 121 0 1
14 121 0 1
15 121 0 1
16 121 0 1
17 121 0 1
18 121 0 1
24 121 0 1
26 121 0 1
27 121 0 1
29 121 0 1
10 122 0 1
11 122 0 1
12 122 0 1
14 122 0 1
15 122 0 1
16 122 0 1
17 122 0 1
18 122 0 1
24 122 0 1
27 122 0 1
31 122 0 1
12 123 0 1
13 123 0 1
14 123 0 1
15 123 0 1
16 123 0 1
17 123 0 1
24 123 0 1
26 123 0 1
10 124 0 1
11 124 0 1
12 124 0 1
13 124 0 1
14 124 0 1
15 124 0 1
16 124 0 1
17 124 0 1
18 124 0 1
24 124 0 1
26 124 0 1
7 125 0 1
8 125 0 1
9 125 0 1
10 126 0 1
11 126 0 1
18 126 0 1
19 126 0 1
27 126 0 1
28 126 0 1
33 126 0 1
7 127 0 1
8 127 0 1
9 127 0 1
12 128 0 1
13 128 0 1
14 128 0 1
15 128 0 1
17 128 0 1
21 128 0 1
23 128 0 1
24 128 0 1
25 128 0 1
26 128 0 1
30 128 0 1
32 128 0 1
12 129 0 1
13 129 0 1
23 129 0 1
25 129 0 1
30 129 0 1
12 130 0 1
13 130 0 1
14 130 0 1
15 130 0 1
17 130 0 1
23 130 0 1
24 130 0 1
25 130 0 1
26 130 0 1
30 130 0 1
32 130 0 1
12 131 0 1
13 131 0 1
14 131 0 1
17 131 0 1
23 131 0 1
25 131 0 1
26 131 0 1
30 131 0 1
13 132 0 1
23 132 0 1
25 132 0 1
30 132 0 1
8 133 0 1
9 133 0 1
9 134 0 1
10 134 0 1
11 134 0 1
19 134 0 1
33 134 0 1
45 134 0 1
7 135 0 1
8 135 0 1
9 135 0 1
19 135 0 1
13 136 0 1
21 136 0 1
23 136 0 1
25 136 0 1
26 136 0 1
30 136 0 1
37 136 0 1
44 136 0 1
19 137 0 1
33 137 0 1
36 137 0 1
41 137 0 1
42 137 0 1
45 137 0 1
48 137 0 1
67 137 0 1
69 137 0 1
73 137 0 1
19 138 0 1
36 138 0 1
41 138 0 1
48 138 0 1
64 138 0 1
69 138 0 1
71 138 0 1
73 138 0 1
13 139 0 1
21 139 0 1
23 139 0 1
25 139 0 1
30 139 0 1
37 139 0 1
44 139 0 1
1 140 0 1
10 140 0 1
11 140 0 1
12 140 0 1
14 140 0 1
15 140 0 1
16 140 0 1
17 140 0 1
18 140 0 1
19 140 0 1
20 140 0 1
22 140 0 1
24 140 0 1
26 140 0 1
27 140 0 1
28 140 0 1
29 140 0 1
31 140 0 1
32 140 0 1
33 140 0 1
34 140 0 1
35 140 0 1
40 140 0 1
42 140 0 1
43 140 0 1
45 140 0 1
46 140 0 1
47 140 0 1
49 140 0 1
50 140 0 1
67 140 0 1
1 141 0 1
10 141 0 1
11 141 0 1
18 141 0 1
19 141 0 1
28 141 0 1
33 141 0 1
41 141 0 1
42 141 0 1
45 141 0 1
48 141 0 1
67 141 0 1
9 142 0 1
19 142 0 1
36 142 0 1
45 142 0 1
48 142 0 1
9 143 0 1
9 144 0 1
19 144 0 1
48 144 0 1
36 146 0 1
41 146 0 1
48 146 0 1
61 146 0 1
62 146 0 1
64 146 0 1
69 146 0 1
71 146 0 1
73 146 0 1
36 147 0 1
41 147 0 1
48 147 0 1
62 147 0 1
64 147 0 1
71 147 0 1
73 147 0 1
36 148 0 1
64 148 0 1
71 148 0 1
19 149 0 1
33 149 0 1
36 149 0 1
41 149 0 1
45 149 0 1
48 149 0 1
62 149 0 1
64 149 0 1
67 149 0 1
69 149 0 1
71 149 0 1
73 149 0 1
2 150 0 1
13 150 0 1
21 150 0 1
23 150 0 1
25 150 0 1
30 150 0 1
37 150 0 1
44 150 0 1
63 150 0 1
68 150 0 1
72 150 0 1
1 151 0 1
19 151 0 1
33 151 0 1
36 151 0 1
41 151 0 1
42 151 0 1
45 151 0 1
48 151 0 1
61 151 0 1
62 151 0 1
64 151 0 1
67 151 0 1
69 151 0 1
71 151 0 1
73 151 0 1
19 152 0 1
36 152 0 1
41 152 0 1
45 152 0 1
48 152 0 1
61 152 0 1
62 152 0 1
64 152 0 1
67 152 0 1
69 152 0 1
71 152 0 1
73 152 0 1
19 153 0 1
36 153 0 1
41 153 0 1
48 153 0 1
62 153 0 1
64 153 0 1
69 153 0 1
71 153 0 1
73 153 0 1
36 154 0 1
41 154 0 1
48 154 0 1
62 154 0 1
64 154 0 1
71 154 0 1
73 154 0 1
36 155 0 1
62 155 0 1
64 155 0 1
71 155 0 1
71 156 0 1
71 157 0 1
36 158 0 1
41 158 0 1
61 158 0 1
62 158 0 1
64 158 0 1
69 158 0 1
71 158 0 1
73 158 0 1
80 158 0 1
81 158 0 1
82 158 0 1
83 158 0 1
36 159 0 1
62 159 0 1
64 159 0 1
71 159 0 1
64 160 0 1
71 160 0 1
3 161 0 1
41 161 0 1
58 161 0 1
59 161 0 1
61 161 0 1
62 161 0 1
64 161 0 1
67 161 0 1
69 161 0 1
71 161 0 1
73 161 0 1
76 161 0 1
77 161 0 1
80 161 0 1
81 161 0 1
82 161 0 1
83 161 0 1
85 161 0 1
89 161 0 1
90 161 0 1
80 162 0 1
3 163 0 1
58 163 0 1
61 163 0 1
62 163 0 1
69 163 0 1
71 163 0 1
73 163 0 1
77 163 0 1
80 163 0 1
81 163 0 1
82 163 0 1
83 163 0 1
85 163 0 1
62 164 0 1
64 164 0 1
71 164 0 1
80 164 0 1
83 164 0 1
80 165 0 1
81 165 0 1
82 165 0 1
83 165 0 1
80 166 0 1
80 167 0 1
3 168 0 1
62 168 0 1
71 168 0 1
77 168 0 1
80 168 0 1
81 168 0 1
82 168 0 1
83 168 0 1
80 169 0 1
81 169 0 1
83 169 0 1
3 170 0 1
77 170 0 1
80 170 0 1
81 170 0 1
82 170 0 1
83 170 0 1
85 170 0 1
3 171 0 1
77 171 0 1
80 171 0 1
81 171 0 1
82 171 0 1
83 171 0 1
80 172 0 1
80 173 0 1
83 173 0 1
36 174 0 1
41 174 0 1
48 174 0 1
61 174 0 1
62 174 0 1
64 174 0 1
69 174 0 1
71 174 0 1
73 174 0 1
36 175 0 1
62 175 0 1
64 175 0 1
71 175 0 1
73 175 0 1
71 176 0 1
71 178 0 1
19 179 0 1
36 179 0 1
41 179 0 1
48 179 0 1
61 179 0 1
62 179 0 1
64 179 0 1
67 179 0 1
69 179 0 1
71 179 0 1
73 179 0 1
36 180 0 1
41 180 0 1
62 180 0 1
64 180 0 1
71 180 0 1
73 180 0 1
36 181 0 1
41 181 0 1
62 181 0 1
64 181 0 1
71 181 0 1
73 181 0 1
36 182 0 1
41 182 0 1
48 182 0 1
61 182 0 1
62 182 0 1
64 182 0 1
69 182 0 1
71 182 0 1
73 182 0 1
13 183 0 1
23 183 0 1
25 183 0 1
30 183 0 1
9 184 0 1
19 184 0 1
45 184 0 1
12 185 0 1
13 185 0 1
14 185 0 1
15 185 0 1
17 185 0 1
20 185 0 1
21 185 0 1
23 185 0 1
24 185 0 1
25 185 0 1
26 185 0 1
30 185 0 1
32 185 0 1
44 185 0 1
47 185 0 1
8 186 0 1
9 186 0 1
19 186 0 1
9 187 0 1
7 188 0 1
8 188 0 1
9 188 0 1
9 189 0 1
9 190 0 1
9 192 0 1
9 193 0 1
19 193 0 1
48 193 0 1
5 194 0 1
6 194 0 1
7 194 0 1
8 194 0 1
9 194 0 1
10 195 0 1
11 195 0 1
10 196 0 1
11 196 0 1
12 196 0 1
15 196 0 1
16 196 0 1
17 196 0 1
18 196 0 1
5 197 0 1
6 197 0 1
7 197 0 1
8 197 0 1
9 197 0 1
10 198 0 1
11 198 0 1
12 198 0 1
15 198 0 1
16 198 0 1
17 198 0 1
18 198 0 1
10 199 0 1
11 199 0 1
16 199 0 1
18 199 0 1
10 200 0 1
12 200 0 1
15 200 0 1
16 200 0 1
17 200 0 1
10 201 0 1
11 201 0 1
12 201 0 1
15 201 0 1
16 201 0 1
17 201 0 1
18 201 0 1
24 201 0 1
27 201 0 1
7 202 0 1
8 202 0 1
9 202 0 1
10 202 0 1
11 202 0 1
