1 2 0 0
1 3 0 0
2 3 0 0
4 5 0 0
4 7 0 0
5 7 0 0
4 8 0 0
5 8 0 0
7 8 0 0
6 9 0 0
4 10 0 0
5 10 0 0
7 10 0 0
8 10 0 0
4 11 0 0
5 11 0 0
7 11 0 0
8 11 0 0
10 11 0 0
6 12 0 0
9 12 0 0
13 14 0 0
13 15 0 0
14 15 0 0
13 16 0 0
14 16 0 0
13 17 0 0
14 17 0 0
15 17 0 0
16 17 0 0
3 18 0 0
12 18 0 0
3 19 0 0
12 19 0 0
14 19 0 0
15 19 0 0
18 19 0 0
13 20 0 0
14 20 0 0
15 20 0 0
16 20 0 0
17 20 0 0
19 20 0 0
3 21 0 0
12 21 0 0
14 21 0 0
15 21 0 0
17 21 0 0
18 21 0 0
19 21 0 0
20 21 0 0
13 22 0 0
14 22 0 0
15 22 0 0
17 22 0 0
19 22 0 0
20 22 0 0
21 22 0 0
13 23 0 0
14 23 0 0
15 23 0 0
16 23 0 0
17 23 0 0
19 23 0 0
20 23 0 0
21 23 0 0
22 23 0 0
2 25 0 0
13 25 0 0
14 25 0 0
15 25 0 0
16 25 0 0
17 25 0 0
20 25 0 0
22 25 0 0
23 25 0 0
1 26 0 0
2 26 0 0
3 26 0 0
15 26 0 0
18 26 0 0
19 26 0 0
20 26 0 0
21 26 0 0
22 26 0 0
23 26 0 0
2 27 0 0
13 27 0 0
14 27 0 0
15 27 0 0
16 27 0 0
17 27 0 0
20 27 0 0
21 27 0 0
22 27 0 0
23 27 0 0
25 27 0 0
26 27 0 0
2 28 0 0
13 28 0 0
14 28 0 0
15 28 0 0
16 28 0 0
17 28 0 0
19 28 0 0
20 28 0 0
21 28 0 0
22 28 0 0
23 28 0 0
25 28 0 0
26 28 0 0
27 28 0 0
2 29 0 0
3 29 0 0
14 29 0 0
15 29 0 0
17 29 0 0
19 29 0 0
20 29 0 0
21 29 0 0
22 29 0 0
23 29 0 0
25 29 0 0
26 29 0 0
27 29 0 0
28 29 0 0
1 30 0 0
2 30 0 0
3 30 0 0
14 30 0 0
15 30 0 0
17 30 0 0
19 30 0 0
20 30 0 0
21 30 0 0
22 30 0 0
23 30 0 0
25 30 0 0
26 30 0 0
27 30 0 0
28 30 0 0
29 30 0 0
2 31 0 0
14 31 0 0
15 31 0 0
16 31 0 0
17 31 0 0
19 31 0 0
20 31 0 0
21 31 0 0
22 31 0 0
23 31 0 0
25 31 0 0
26 31 0 0
27 31 0 0
28 31 0 0
29 31 0 0
30 31 0 0
3 32 0 0
12 32 0 0
18 32 0 0
19 32 0 0
21 32 0 0
26 32 0 0
13 33 0 0
14 33 0 0
15 33 0 0
16 33 0 0
17 33 0 0
20 33 0 0
22 33 0 0
23 33 0 0
25 33 0 0
27 33 0 0
28 33 0 0
29 33 0 0
30 33 0 0
31 33 0 0
3 34 0 0
12 34 0 0
15 34 0 0
18 34 0 0
19 34 0 0
21 34 0 0
22 34 0 0
26 34 0 0
29 34 0 0
30 34 0 0
32 34 0 0
2 35 0 0
13 35 0 0
14 35 0 0
15 35 0 0
16 35 0 0
17 35 0 0
19 35 0 0
20 35 0 0
21 35 0 0
22 35 0 0
23 35 0 0
25 35 0 0
26 35 0 0
27 35 0 0
28 35 0 0
29 35 0 0
30 35 0 0
31 35 0 0
33 35 0 0
2 36 0 0
3 36 0 0
13 36 0 0
14 36 0 0
15 36 0 0
16 36 0 0
17 36 0 0
19 36 0 0
20 36 0 0
21 36 0 0
22 36 0 0
23 36 0 0
25 36 0 0
26 36 0 0
27 36 0 0
28 36 0 0
29 36 0 0
30 36 0 0
31 36 0 0
33 36 0 0
34 36 0 0
35 36 0 0
2 37 0 0
3 37 0 0
12 37 0 0
14 37 0 0
15 37 0 0
17 37 0 0
18 37 0 0
19 37 0 0
20 37 0 0
21 37 0 0
22 37 0 0
23 37 0 0
25 37 0 0
26 37 0 0
27 37 0 0
28 37 0 0
29 37 0 0
30 37 0 0
31 37 0 0
32 37 0 0
33 37 0 0
34 37 0 0
35 37 0 0
36 37 0 0
3 38 0 0
12 38 0 0
18 38 0 0
19 38 0 0
26 38 0 0
32 38 0 0
34 38 0 0
37 38 0 0
3 39 0 0
18 39 0 0
19 39 0 0
26 39 0 0
32 39 0 0
34 39 0 0
37 39 0 0
38 39 0 0
3 40 0 0
12 40 0 0
18 40 0 0
19 40 0 0
21 40 0 0
26 40 0 0
32 40 0 0
34 40 0 0
36 40 0 0
37 40 0 0
38 40 0 0
39 40 0 0
2 41 0 0
13 41 0 0
14 41 0 0
15 41 0 0
16 41 0 0
17 41 0 0
20 41 0 0
21 41 0 0
22 41 0 0
23 41 0 0
25 41 0 0
27 41 0 0
28 41 0 0
29 41 0 0
30 41 0 0
31 41 0 0
33 41 0 0
35 41 0 0
36 41 0 0
37 41 0 0
1 42 0 0
2 42 0 0
3 42 0 0
14 42 0 0
15 42 0 0
18 42 0 0
19 42 0 0
20 42 0 0
21 42 0 0
22 42 0 0
23 42 0 0
26 42 0 0
28 42 0 0
29 42 0 0
30 42 0 0
31 42 0 0
32 42 0 0
34 42 0 0
36 42 0 0
37 42 0 0
38 42 0 0
39 42 0 0
40 42 0 0
1 43 0 0
2 43 0 0
3 43 0 0
14 43 0 0
15 43 0 0
19 43 0 0
20 43 0 0
21 43 0 0
22 43 0 0
23 43 0 0
25 43 0 0
26 43 0 0
27 43 0 0
28 43 0 0
29 43 0 0
30 43 0 0
31 43 0 0
32 43 0 0
33 43 0 0
34 43 0 0
35 43 0 0
36 43 0 0
37 43 0 0
40 43 0 0
41 43 0 0
42 43 0 0
1 44 0 0
2 44 0 0
3 44 0 0
26 44 0 0
29 44 0 0
30 44 0 0
36 44 0 0
37 44 0 0
40 44 0 0
42 44 0 0
43 44 0 0
1 45 0 0
2 45 0 0
3 45 0 0
26 45 0 0
27 45 0 0
28 45 0 0
29 45 0 0
30 45 0 0
31 45 0 0
34 45 0 0
36 45 0 0
37 45 0 0
40 45 0 0
42 45 0 0
43 45 0 0
44 45 0 0
1 46 0 0
2 46 0 0
3 46 0 0
26 46 0 0
29 46 0 0
30 46 0 0
32 46 0 0
34 46 0 0
36 46 0 0
37 46 0 0
38 46 0 0
39 46 0 0
40 46 0 0
42 46 0 0
43 46 0 0
44 46 0 0
45 46 0 0
2 47 0 0
16 47 0 0
25 47 0 0
27 47 0 0
28 47 0 0
31 47 0 0
33 47 0 0
35 47 0 0
41 47 0 0
2 48 0 0
25 48 0 0
27 48 0 0
28 48 0 0
29 48 0 0
31 48 0 0
33 48 0 0
35 48 0 0
41 48 0 0
47 48 0 0
1 49 0 0
2 49 0 0
3 49 0 0
26 49 0 0
28 49 0 0
29 49 0 0
30 49 0 0
31 49 0 0
34 49 0 0
36 49 0 0
37 49 0 0
40 49 0 0
42 49 0 0
43 49 0 0
44 49 0 0
45 49 0 0
46 49 0 0
24 50 0 0
1 51 0 0
2 51 0 0
3 51 0 0
20 51 0 0
21 51 0 0
22 51 0 0
23 51 0 0
25 51 0 0
26 51 0 0
27 51 0 0
28 51 0 0
29 51 0 0
30 51 0 0
31 51 0 0
33 51 0 0
35 51 0 0
36 51 0 0
37 51 0 0
41 51 0 0
42 51 0 0
43 51 0 0
44 51 0 0
45 51 0 0
46 51 0 0
48 51 0 0
49 51 0 0
2 52 0 0
16 52 0 0
20 52 0 0
22 52 0 0
23 52 0 0
25 52 0 0
26 52 0 0
27 52 0 0
28 52 0 0
29 52 0 0
30 52 0 0
31 52 0 0
33 52 0 0
35 52 0 0
36 52 0 0
37 52 0 0
41 52 0 0
43 52 0 0
45 52 0 0
47 52 0 0
48 52 0 0
51 52 0 0
1 53 0 0
2 53 0 0
20 53 0 0
22 53 0 0
23 53 0 0
25 53 0 0
26 53 0 0
27 53 0 0
28 53 0 0
29 53 0 0
30 53 0 0
31 53 0 0
33 53 0 0
35 53 0 0
36 53 0 0
37 53 0 0
41 53 0 0
42 53 0 0
43 53 0 0
44 53 0 0
45 53 0 0
47 53 0 0
48 53 0 0
49 53 0 0
51 53 0 0
52 53 0 0
1 54 0 0
3 54 0 0
19 54 0 0
26 54 0 0
32 54 0 0
34 54 0 0
37 54 0 0
38 54 0 0
39 54 0 0
40 54 0 0
42 54 0 0
43 54 0 0
44 54 0 0
45 54 0 0
46 54 0 0
49 54 0 0
51 54 0 0
2 55 0 0
16 55 0 0
17 55 0 0
20 55 0 0
22 55 0 0
23 55 0 0
25 55 0 0
26 55 0 0
27 55 0 0
28 55 0 0
29 55 0 0
30 55 0 0
31 55 0 0
33 55 0 0
35 55 0 0
36 55 0 0
37 55 0 0
41 55 0 0
43 55 0 0
45 55 0 0
47 55 0 0
48 55 0 0
51 55 0 0
52 55 0 0
53 55 0 0
1 56 0 0
2 56 0 0
3 56 0 0
19 56 0 0
20 56 0 0
21 56 0 0
22 56 0 0
23 56 0 0
25 56 0 0
26 56 0 0
27 56 0 0
28 56 0 0
29 56 0 0
30 56 0 0
31 56 0 0
33 56 0 0
34 56 0 0
35 56 0 0
36 56 0 0
37 56 0 0
41 56 0 0
42 56 0 0
43 56 0 0
44 56 0 0
45 56 0 0
46 56 0 0
49 56 0 0
51 56 0 0
52 56 0 0
53 56 0 0
54 56 0 0
55 56 0 0
24 57 0 0
50 57 0 0
1 58 0 0
2 58 0 0
3 58 0 0
19 58 0 0
21 58 0 0
26 58 0 0
28 58 0 0
29 58 0 0
30 58 0 0
31 58 0 0
32 58 0 0
34 58 0 0
36 58 0 0
37 58 0 0
38 58 0 0
39 58 0 0
40 58 0 0
42 58 0 0
43 58 0 0
44 58 0 0
45 58 0 0
46 58 0 0
49 58 0 0
51 58 0 0
53 58 0 0
54 58 0 0
56 58 0 0
1 59 0 0
2 59 0 0
20 59 0 0
23 59 0 0
25 59 0 0
26 59 0 0
27 59 0 0
28 59 0 0
29 59 0 0
30 59 0 0
31 59 0 0
33 59 0 0
35 59 0 0
36 59 0 0
37 59 0 0
41 59 0 0
43 59 0 0
45 59 0 0
47 59 0 0
48 59 0 0
49 59 0 0
51 59 0 0
52 59 0 0
53 59 0 0
55 59 0 0
56 59 0 0
58 59 0 0
2 60 0 0
27 60 0 0
47 60 0 0
48 60 0 0
52 60 0 0
53 60 0 0
55 60 0 0
59 60 0 0
47 61 0 0
50 61 0 0
57 61 0 0
60 61 0 0
2 62 0 0
47 62 0 0
48 62 0 0
57 62 0 0
60 62 0 0
61 62 0 0
61 64 0 0
63 64 0 0
57 65 0 0
61 65 0 0
62 65 0 0
63 65 0 0
64 65 0 0
61 66 0 0
62 66 0 0
63 66 0 0
64 66 0 0
65 66 0 0
1 67 0 0
2 67 0 0
3 67 0 0
44 67 0 0
45 67 0 0
46 67 0 0
49 67 0 0
58 67 0 0
1 68 0 0
2 68 0 0
3 68 0 0
44 68 0 0
49 68 0 0
51 68 0 0
67 68 0 0
60 69 0 0
61 69 0 0
62 69 0 0
64 69 0 0
65 69 0 0
66 69 0 0
66 70 0 0
69 70 0 0
2 71 0 0
69 71 0 0
70 71 0 0
2 72 0 0
70 72 0 0
71 72 0 0
2 73 0 0
69 73 0 0
70 73 0 0
71 73 0 0
72 73 0 0
1 74 0 0
3 74 0 0
67 74 0 0
1 75 0 0
2 75 0 0
67 75 0 0
68 75 0 0
74 75 0 0
2 76 0 0
67 76 0 0
68 76 0 0
71 76 0 0
72 76 0 0
75 76 0 0
2 77 0 0
68 77 0 0
70 77 0 0
71 77 0 0
72 77 0 0
73 77 0 0
76 77 0 0
1 78 0 0
3 78 0 0
67 78 0 0
74 78 0 0
75 78 0 0
61 79 0 0
62 79 0 0
63 79 0 0
64 79 0 0
65 79 0 0
66 79 0 0
69 79 0 0
70 79 0 0
1 80 0 0
2 80 0 0
60 80 0 0
67 80 0 0
68 80 0 0
71 80 0 0
72 80 0 0
75 80 0 0
76 80 0 0
77 80 0 0
2 81 0 0
47 81 0 0
60 81 0 0
61 81 0 0
62 81 0 0
66 81 0 0
69 81 0 0
70 81 0 0
71 81 0 0
72 81 0 0
73 81 0 0
77 81 0 0
79 81 0 0
80 81 0 0
2 82 0 0
47 82 0 0
48 82 0 0
60 82 0 0
62 82 0 0
68 82 0 0
70 82 0 0
71 82 0 0
72 82 0 0
73 82 0 0
76 82 0 0
77 82 0 0
80 82 0 0
81 82 0 0
63 83 0 0
64 83 0 0
65 83 0 0
79 83 0 0
1 84 0 0
2 84 0 0
3 84 0 0
44 84 0 0
67 84 0 0
68 84 0 0
74 84 0 0
75 84 0 0
76 84 0 0
78 84 0 0
80 84 0 0
2 85 0 0
60 85 0 0
68 85 0 0
70 85 0 0
71 85 0 0
72 85 0 0
73 85 0 0
76 85 0 0
77 85 0 0
80 85 0 0
81 85 0 0
82 85 0 0
2 86 0 0
60 86 0 0
68 86 0 0
70 86 0 0
71 86 0 0
72 86 0 0
73 86 0 0
75 86 0 0
76 86 0 0
77 86 0 0
80 86 0 0
81 86 0 0
82 86 0 0
85 86 0 0
1 87 0 0
3 87 0 0
44 87 0 0
67 87 0 0
74 87 0 0
75 87 0 0
78 87 0 0
84 87 0 0
1 88 0 0
2 88 0 0
3 88 0 0
67 88 0 0
68 88 0 0
75 88 0 0
76 88 0 0
78 88 0 0
80 88 0 0
82 88 0 0
84 88 0 0
85 88 0 0
86 88 0 0
87 88 0 0
2 89 0 0
60 89 0 0
61 89 0 0
62 89 0 0
65 89 0 0
66 89 0 0
69 89 0 0
70 89 0 0
71 89 0 0
72 89 0 0
73 89 0 0
77 89 0 0
79 89 0 0
81 89 0 0
82 89 0 0
85 89 0 0
86 89 0 0
63 90 0 0
64 90 0 0
65 90 0 0
66 90 0 0
79 90 0 0
83 90 0 0
61 91 0 0
63 91 0 0
64 91 0 0
65 91 0 0
66 91 0 0
69 91 0 0
79 91 0 0
83 91 0 0
90 91 0 0
61 92 0 0
62 92 0 0
63 92 0 0
64 92 0 0
65 92 0 0
66 92 0 0
69 92 0 0
79 92 0 0
83 92 0 0
89 92 0 0
90 92 0 0
91 92 0 0
2 93 0 0
60 93 0 0
62 93 0 0
66 93 0 0
69 93 0 0
70 93 0 0
71 93 0 0
72 93 0 0
73 93 0 0
76 93 0 0
77 93 0 0
80 93 0 0
81 93 0 0
82 93 0 0
85 93 0 0
86 93 0 0
89 93 0 0
1 94 0 0
2 94 0 0
3 94 0 0
67 94 0 0
68 94 0 0
74 94 0 0
75 94 0 0
76 94 0 0
78 94 0 0
80 94 0 0
84 94 0 0
87 94 0 0
88 94 0 0
1 95 0 0
2 95 0 0
67 95 0 0
68 95 0 0
75 95 0 0
76 95 0 0
77 95 0 0
80 95 0 0
82 95 0 0
84 95 0 0
85 95 0 0
86 95 0 0
88 95 0 0
93 95 0 0
94 95 0 0
1 96 0 0
2 96 0 0
67 96 0 0
68 96 0 0
75 96 0 0
76 96 0 0
78 96 0 0
80 96 0 0
82 96 0 0
84 96 0 0
85 96 0 0
86 96 0 0
87 96 0 0
88 96 0 0
94 96 0 0
95 96 0 0
1 97 0 0
2 97 0 0
3 97 0 0
44 97 0 0
45 97 0 0
46 97 0 0
49 97 0 0
54 97 0 0
58 97 0 0
67 97 0 0
68 97 0 0
74 97 0 0
75 97 0 0
78 97 0 0
84 97 0 0
87 97 0 0
88 97 0 0
94 97 0 0
96 97 0 0
1 98 0 0
3 98 0 0
44 98 0 0
46 98 0 0
54 98 0 0
67 98 0 0
74 98 0 0
78 98 0 0
84 98 0 0
87 98 0 0
94 98 0 0
97 98 0 0
1 99 0 0
2 99 0 0
3 99 0 0
44 99 0 0
45 99 0 0
46 99 0 0
49 99 0 0
51 99 0 0
54 99 0 0
58 99 0 0
67 99 0 0
68 99 0 0
75 99 0 0
76 99 0 0
78 99 0 0
80 99 0 0
84 99 0 0
86 99 0 0
87 99 0 0
88 99 0 0
94 99 0 0
95 99 0 0
96 99 0 0
97 99 0 0
98 99 0 0
2 100 0 0
47 100 0 0
57 100 0 0
60 100 0 0
61 100 0 0
62 100 0 0
64 100 0 0
65 100 0 0
66 100 0 0
69 100 0 0
79 100 0 0
81 100 0 0
89 100 0 0
91 100 0 0
92 100 0 0
93 100 0 0
2 101 0 0
47 101 0 0
60 101 0 0
61 101 0 0
62 101 0 0
65 101 0 0
66 101 0 0
69 101 0 0
70 101 0 0
71 101 0 0
79 101 0 0
81 101 0 0
82 101 0 0
89 101 0 0
91 101 0 0
92 101 0 0
93 101 0 0
100 101 0 0
2 102 0 0
47 102 0 0
48 102 0 0
60 102 0 0
61 102 0 0
62 102 0 0
65 102 0 0
66 102 0 0
69 102 0 0
70 102 0 0
71 102 0 0
73 102 0 0
79 102 0 0
81 102 0 0
82 102 0 0
89 102 0 0
92 102 0 0
93 102 0 0
100 102 0 0
101 102 0 0
2 103 0 0
47 103 0 0
48 103 0 0
52 103 0 0
57 103 0 0
60 103 0 0
61 103 0 0
62 103 0 0
65 103 0 0
66 103 0 0
69 103 0 0
79 103 0 0
81 103 0 0
82 103 0 0
89 103 0 0
93 103 0 0
100 103 0 0
101 103 0 0
102 103 0 0
1 104 0 0
2 104 0 0
3 104 0 0
26 104 0 0
29 104 0 0
30 104 0 0
31 104 0 0
37 104 0 0
42 104 0 0
43 104 0 0
44 104 0 0
45 104 0 0
46 104 0 0
49 104 0 0
51 104 0 0
52 104 0 0
53 104 0 0
54 104 0 0
55 104 0 0
56 104 0 0
58 104 0 0
59 104 0 0
67 104 0 0
68 104 0 0
75 104 0 0
80 104 0 0
84 104 0 0
87 104 0 0
88 104 0 0
94 104 0 0
95 104 0 0
96 104 0 0
97 104 0 0
99 104 0 0
2 105 0 0
27 105 0 0
47 105 0 0
48 105 0 0
52 105 0 0
55 105 0 0
59 105 0 0
60 105 0 0
61 105 0 0
62 105 0 0
66 105 0 0
69 105 0 0
81 105 0 0
82 105 0 0
85 105 0 0
89 105 0 0
93 105 0 0
100 105 0 0
101 105 0 0
102 105 0 0
103 105 0 0
1 106 0 0
2 106 0 0
3 106 0 0
26 106 0 0
27 106 0 0
28 106 0 0
29 106 0 0
30 106 0 0
31 106 0 0
36 106 0 0
43 106 0 0
44 106 0 0
45 106 0 0
46 106 0 0
49 106 0 0
51 106 0 0
52 106 0 0
53 106 0 0
54 106 0 0
55 106 0 0
56 106 0 0
58 106 0 0
59 106 0 0
67 106 0 0
68 106 0 0
80 106 0 0
84 106 0 0
85 106 0 0
86 106 0 0
88 106 0 0
95 106 0 0
96 106 0 0
99 106 0 0
104 106 0 0
24 107 0 0
47 107 0 0
50 107 0 0
57 107 0 0
61 107 0 0
62 107 0 0
64 107 0 0
65 107 0 0
66 107 0 0
69 107 0 0
79 107 0 0
100 107 0 0
101 107 0 0
102 107 0 0
103 107 0 0
105 107 0 0
2 108 0 0
25 108 0 0
27 108 0 0
28 108 0 0
29 108 0 0
30 108 0 0
31 108 0 0
33 108 0 0
35 108 0 0
36 108 0 0
41 108 0 0
47 108 0 0
48 108 0 0
51 108 0 0
52 108 0 0
53 108 0 0
55 108 0 0
56 108 0 0
59 108 0 0
60 108 0 0
68 108 0 0
80 108 0 0
81 108 0 0
82 108 0 0
85 108 0 0
86 108 0 0
103 108 0 0
104 108 0 0
105 108 0 0
106 108 0 0
1 109 0 0
2 109 0 0
3 109 0 0
26 109 0 0
27 109 0 0
28 109 0 0
29 109 0 0
30 109 0 0
31 109 0 0
36 109 0 0
37 109 0 0
42 109 0 0
43 109 0 0
44 109 0 0
45 109 0 0
46 109 0 0
49 109 0 0
51 109 0 0
52 109 0 0
53 109 0 0
54 109 0 0
55 109 0 0
56 109 0 0
58 109 0 0
59 109 0 0
67 109 0 0
68 109 0 0
80 109 0 0
84 109 0 0
88 109 0 0
96 109 0 0
97 109 0 0
99 109 0 0
104 109 0 0
106 109 0 0
108 109 0 0
1 110 0 0
2 110 0 0
3 110 0 0
26 110 0 0
29 110 0 0
30 110 0 0
31 110 0 0
37 110 0 0
42 110 0 0
43 110 0 0
44 110 0 0
45 110 0 0
46 110 0 0
49 110 0 0
51 110 0 0
53 110 0 0
54 110 0 0
56 110 0 0
58 110 0 0
59 110 0 0
67 110 0 0
68 110 0 0
84 110 0 0
87 110 0 0
88 110 0 0
97 110 0 0
98 110 0 0
99 110 0 0
104 110 0 0
106 110 0 0
109 110 0 0
1 111 0 0
2 111 0 0
3 111 0 0
26 111 0 0
27 111 0 0
28 111 0 0
29 111 0 0
30 111 0 0
31 111 0 0
43 111 0 0
44 111 0 0
45 111 0 0
46 111 0 0
47 111 0 0
48 111 0 0
49 111 0 0
51 111 0 0
52 111 0 0
53 111 0 0
55 111 0 0
56 111 0 0
58 111 0 0
59 111 0 0
60 111 0 0
68 111 0 0
80 111 0 0
82 111 0 0
85 111 0 0
86 111 0 0
88 111 0 0
95 111 0 0
96 111 0 0
99 111 0 0
104 111 0 0
106 111 0 0
108 111 0 0
109 111 0 0
110 111 0 0
2 112 0 0
47 112 0 0
48 112 0 0
50 112 0 0
57 112 0 0
60 112 0 0
61 112 0 0
62 112 0 0
63 112 0 0
64 112 0 0
65 112 0 0
66 112 0 0
69 112 0 0
79 112 0 0
81 112 0 0
89 112 0 0
91 112 0 0
92 112 0 0
100 112 0 0
101 112 0 0
102 112 0 0
103 112 0 0
105 112 0 0
107 112 0 0
2 113 0 0
47 113 0 0
48 113 0 0
50 113 0 0
57 113 0 0
60 113 0 0
61 113 0 0
62 113 0 0
65 113 0 0
66 113 0 0
69 113 0 0
79 113 0 0
81 113 0 0
82 113 0 0
89 113 0 0
93 113 0 0
100 113 0 0
101 113 0 0
102 113 0 0
103 113 0 0
105 113 0 0
107 113 0 0
112 113 0 0
2 114 0 0
47 114 0 0
48 114 0 0
52 114 0 0
59 114 0 0
60 114 0 0
61 114 0 0
62 114 0 0
65 114 0 0
66 114 0 0
68 114 0 0
69 114 0 0
70 114 0 0
71 114 0 0
72 114 0 0
73 114 0 0
76 114 0 0
77 114 0 0
79 114 0 0
80 114 0 0
81 114 0 0
82 114 0 0
85 114 0 0
86 114 0 0
89 114 0 0
93 114 0 0
95 114 0 0
100 114 0 0
101 114 0 0
102 114 0 0
103 114 0 0
105 114 0 0
107 114 0 0
108 114 0 0
111 114 0 0
112 114 0 0
113 114 0 0
6 115 0 1
7 115 0 1
9 115 0 1
10 115 0 1
12 115 0 1
13 115 0 1
14 115 0 1
15 115 0 1
19 115 0 1
20 115 0 1
21 115 0 1
22 115 0 1
36 115 0 1
3 116 0 1
6 116 0 1
9 116 0 1
12 116 0 1
14 116 0 1
15 116 0 1
18 116 0 1
19 116 0 1
20 116 0 1
21 116 0 1
22 116 0 1
26 116 0 1
32 116 0 1
34 116 0 1
36 116 0 1
37 116 0 1
38 116 0 1
39 116 0 1
40 116 0 1
42 116 0 1
7 117 0 1
10 117 0 1
11 117 0 1
13 117 0 1
16 117 0 1
17 117 0 1
20 117 0 1
24 117 0 1
33 117 0 1
4 118 0 1
5 118 0 1
7 118 0 1
8 118 0 1
10 118 0 1
11 118 0 1
4 119 0 1
5 119 0 1
7 119 0 1
8 119 0 1
10 119 0 1
11 119 0 1
6 120 0 1
9 120 0 1
4 121 0 1
5 121 0 1
7 121 0 1
10 121 0 1
7 122 0 1
10 122 0 1
4 126 0 1
5 126 0 1
8 126 0 1
10 126 0 1
11 126 0 1
4 127 0 1
5 127 0 1
7 127 0 1
8 127 0 1
10 127 0 1
11 127 0 1
6 128 0 1
9 128 0 1
12 128 0 1
4 129 0 1
7 129 0 1
10 129 0 1
7 130 0 1
10 130 0 1
4 131 0 1
5 131 0 1
7 131 0 1
8 131 0 1
10 131 0 1
11 131 0 1
7 132 0 1
10 132 0 1
6 133 0 1
9 133 0 1
12 133 0 1
6 134 0 1
9 134 0 1
12 134 0 1
4 135 0 1
5 135 0 1
7 135 0 1
8 135 0 1
10 135 0 1
11 135 0 1
4 136 0 1
5 136 0 1
7 136 0 1
8 136 0 1
10 136 0 1
11 136 0 1
13 137 0 1
14 137 0 1
15 137 0 1
16 137 0 1
17 137 0 1
20 137 0 1
22 137 0 1
23 137 0 1
36 137 0 1
6 138 0 1
12 138 0 1
13 138 0 1
14 138 0 1
15 138 0 1
17 138 0 1
19 138 0 1
20 138 0 1
21 138 0 1
22 138 0 1
23 138 0 1
36 138 0 1
37 138 0 1
13 139 0 1
14 139 0 1
15 139 0 1
17 139 0 1
19 139 0 1
20 139 0 1
21 139 0 1
22 139 0 1
23 139 0 1
35 139 0 1
36 139 0 1
13 140 0 1
14 140 0 1
15 140 0 1
17 140 0 1
19 140 0 1
20 140 0 1
21 140 0 1
22 140 0 1
23 140 0 1
36 140 0 1
7 141 0 1
10 141 0 1
13 141 0 1
7 142 0 1
10 142 0 1
11 142 0 1
13 143 0 1
14 143 0 1
15 143 0 1
17 143 0 1
20 143 0 1
36 143 0 1
13 144 0 1
14 144 0 1
15 144 0 1
17 144 0 1
20 144 0 1
6 145 0 1
9 145 0 1
12 145 0 1
14 146 0 1
15 146 0 1
20 146 0 1
36 146 0 1
6 147 0 1
9 147 0 1
12 147 0 1
18 147 0 1
4 148 0 1
5 148 0 1
7 148 0 1
8 148 0 1
10 148 0 1
11 148 0 1
4 149 0 1
5 149 0 1
7 149 0 1
8 149 0 1
10 149 0 1
11 149 0 1
6 150 0 1
12 150 0 1
14 150 0 1
15 150 0 1
19 150 0 1
20 150 0 1
21 150 0 1
36 150 0 1
13 151 0 1
14 151 0 1
15 151 0 1
17 151 0 1
20 151 0 1
36 151 0 1
13 152 0 1
14 152 0 1
15 152 0 1
17 152 0 1
19 152 0 1
20 152 0 1
22 152 0 1
23 152 0 1
36 152 0 1
13 153 0 1
14 153 0 1
15 153 0 1
16 153 0 1
17 153 0 1
20 153 0 1
22 153 0 1
23 153 0 1
25 153 0 1
27 153 0 1
28 153 0 1
33 153 0 1
35 153 0 1
36 153 0 1
41 153 0 1
3 154 0 1
12 154 0 1
18 154 0 1
19 154 0 1
21 154 0 1
26 154 0 1
32 154 0 1
34 154 0 1
36 154 0 1
37 154 0 1
38 154 0 1
39 154 0 1
40 154 0 1
42 154 0 1
13 155 0 1
14 155 0 1
16 155 0 1
17 155 0 1
20 155 0 1
23 155 0 1
25 155 0 1
27 155 0 1
33 155 0 1
35 155 0 1
41 155 0 1
10 156 0 1
11 156 0 1
13 156 0 1
16 156 0 1
17 156 0 1
33 156 0 1
3 157 0 1
9 157 0 1
12 157 0 1
14 157 0 1
15 157 0 1
18 157 0 1
19 157 0 1
21 157 0 1
22 157 0 1
26 157 0 1
32 157 0 1
34 157 0 1
36 157 0 1
37 157 0 1
38 157 0 1
39 157 0 1
40 157 0 1
42 157 0 1
43 157 0 1
8 158 0 1
11 158 0 1
24 158 0 1
10 159 0 1
11 159 0 1
24 159 0 1
10 160 0 1
13 160 0 1
16 160 0 1
17 160 0 1
20 160 0 1
24 160 0 1
25 160 0 1
33 160 0 1
35 160 0 1
41 160 0 1
3 161 0 1
12 161 0 1
18 161 0 1
19 161 0 1
26 161 0 1
32 161 0 1
34 161 0 1
37 161 0 1
38 161 0 1
39 161 0 1
40 161 0 1
42 161 0 1
54 161 0 1
58 161 0 1
13 162 0 1
16 162 0 1
17 162 0 1
20 162 0 1
24 162 0 1
25 162 0 1
27 162 0 1
33 162 0 1
35 162 0 1
41 162 0 1
16 163 0 1
17 163 0 1
24 163 0 1
25 163 0 1
27 163 0 1
33 163 0 1
35 163 0 1
41 163 0 1
47 163 0 1
48 163 0 1
50 163 0 1
52 163 0 1
57 163 0 1
103 163 0 1
105 163 0 1
107 163 0 1
108 163 0 1
112 163 0 1
113 163 0 1
114 163 0 1
24 164 0 1
47 164 0 1
50 164 0 1
57 164 0 1
103 164 0 1
107 164 0 1
112 164 0 1
113 164 0 1
16 165 0 1
24 165 0 1
47 165 0 1
50 165 0 1
57 165 0 1
103 165 0 1
107 165 0 1
112 165 0 1
24 166 0 1
50 166 0 1
57 166 0 1
107 166 0 1
112 166 0 1
13 167 0 1
16 167 0 1
17 167 0 1
24 167 0 1
25 167 0 1
33 167 0 1
35 167 0 1
41 167 0 1
47 167 0 1
50 167 0 1
57 167 0 1
107 167 0 1
13 168 0 1
16 168 0 1
17 168 0 1
20 168 0 1
23 168 0 1
25 168 0 1
27 168 0 1
28 168 0 1
31 168 0 1
33 168 0 1
35 168 0 1
41 168 0 1
47 168 0 1
48 168 0 1
52 168 0 1
55 168 0 1
11 169 0 1
24 169 0 1
50 169 0 1
57 169 0 1
107 169 0 1
13 170 0 1
16 170 0 1
17 170 0 1
20 170 0 1
24 170 0 1
25 170 0 1
27 170 0 1
33 170 0 1
35 170 0 1
41 170 0 1
47 170 0 1
48 170 0 1
52 170 0 1
55 170 0 1
13 171 0 1
16 171 0 1
17 171 0 1
24 171 0 1
25 171 0 1
27 171 0 1
33 171 0 1
35 171 0 1
41 171 0 1
47 171 0 1
48 171 0 1
52 171 0 1
103 171 0 1
107 171 0 1
24 172 0 1
50 172 0 1
57 172 0 1
16 173 0 1
24 173 0 1
47 173 0 1
50 173 0 1
57 173 0 1
107 173 0 1
24 174 0 1
50 174 0 1
57 174 0 1
107 174 0 1
24 175 0 1
50 175 0 1
57 175 0 1
107 175 0 1
112 175 0 1
2 176 0 1
25 176 0 1
27 176 0 1
33 176 0 1
41 176 0 1
47 176 0 1
48 176 0 1
52 176 0 1
55 176 0 1
59 176 0 1
60 176 0 1
61 176 0 1
62 176 0 1
66 176 0 1
81 176 0 1
100 176 0 1
101 176 0 1
102 176 0 1
103 176 0 1
105 176 0 1
107 176 0 1
108 176 0 1
112 176 0 1
113 176 0 1
114 176 0 1
57 177 0 1
61 177 0 1
62 177 0 1
63 177 0 1
64 177 0 1
65 177 0 1
66 177 0 1
69 177 0 1
79 177 0 1
83 177 0 1
90 177 0 1
91 177 0 1
92 177 0 1
100 177 0 1
101 177 0 1
107 177 0 1
112 177 0 1
50 178 0 1
57 178 0 1
61 178 0 1
62 178 0 1
63 178 0 1
64 178 0 1
65 178 0 1
66 178 0 1
69 178 0 1
79 178 0 1
81 178 0 1
83 178 0 1
89 178 0 1
90 178 0 1
91 178 0 1
92 178 0 1
100 178 0 1
101 178 0 1
102 178 0 1
103 178 0 1
105 178 0 1
107 178 0 1
112 178 0 1
113 178 0 1
114 178 0 1
50 179 0 1
57 179 0 1
61 179 0 1
62 179 0 1
63 179 0 1
64 179 0 1
65 179 0 1
66 179 0 1
69 179 0 1
79 179 0 1
83 179 0 1
90 179 0 1
91 179 0 1
92 179 0 1
100 179 0 1
101 179 0 1
102 179 0 1
103 179 0 1
107 179 0 1
112 179 0 1
113 179 0 1
114 179 0 1
2 180 0 1
47 180 0 1
48 180 0 1
57 180 0 1
60 180 0 1
61 180 0 1
62 180 0 1
65 180 0 1
66 180 0 1
69 180 0 1
79 180 0 1
81 180 0 1
82 180 0 1
89 180 0 1
92 180 0 1
93 180 0 1
100 180 0 1
101 180 0 1
102 180 0 1
103 180 0 1
105 180 0 1
107 180 0 1
112 180 0 1
113 180 0 1
114 180 0 1
1 181 0 1
3 181 0 1
44 181 0 1
67 181 0 1
68 181 0 1
74 181 0 1
75 181 0 1
78 181 0 1
84 181 0 1
87 181 0 1
88 181 0 1
94 181 0 1
96 181 0 1
97 181 0 1
98 181 0 1
99 181 0 1
104 181 0 1
110 181 0 1
1 182 0 1
2 182 0 1
67 182 0 1
68 182 0 1
75 182 0 1
76 182 0 1
77 182 0 1
80 182 0 1
82 182 0 1
84 182 0 1
85 182 0 1
86 182 0 1
88 182 0 1
93 182 0 1
94 182 0 1
95 182 0 1
96 182 0 1
99 182 0 1
104 182 0 1
106 182 0 1
109 182 0 1
111 182 0 1
114 182 0 1
61 183 0 1
63 183 0 1
64 183 0 1
65 183 0 1
66 183 0 1
69 183 0 1
79 183 0 1
83 183 0 1
90 183 0 1
91 183 0 1
92 183 0 1
100 183 0 1
112 183 0 1
2 184 0 1
47 184 0 1
48 184 0 1
60 184 0 1
61 184 0 1
62 184 0 1
65 184 0 1
66 184 0 1
69 184 0 1
70 184 0 1
71 184 0 1
72 184 0 1
73 184 0 1
77 184 0 1
79 184 0 1
81 184 0 1
82 184 0 1
85 184 0 1
86 184 0 1
89 184 0 1
92 184 0 1
93 184 0 1
100 184 0 1
101 184 0 1
102 184 0 1
103 184 0 1
105 184 0 1
107 184 0 1
112 184 0 1
113 184 0 1
114 184 0 1
63 185 0 1
64 185 0 1
65 185 0 1
79 185 0 1
83 185 0 1
90 185 0 1
91 185 0 1
92 185 0 1
67 186 0 1
74 186 0 1
75 186 0 1
78 186 0 1
84 186 0 1
87 186 0 1
94 186 0 1
97 186 0 1
98 186 0 1
61 187 0 1
64 187 0 1
65 187 0 1
66 187 0 1
69 187 0 1
70 187 0 1
71 187 0 1
73 187 0 1
79 187 0 1
81 187 0 1
83 187 0 1
89 187 0 1
90 187 0 1
91 187 0 1
92 187 0 1
100 187 0 1
101 187 0 1
102 187 0 1
66 188 0 1
69 188 0 1
70 188 0 1
71 188 0 1
72 188 0 1
73 188 0 1
77 188 0 1
79 188 0 1
81 188 0 1
82 188 0 1
86 188 0 1
89 188 0 1
92 188 0 1
93 188 0 1
100 188 0 1
101 188 0 1
102 188 0 1
114 188 0 1
2 189 0 1
68 189 0 1
71 189 0 1
72 189 0 1
75 189 0 1
76 189 0 1
77 189 0 1
80 189 0 1
82 189 0 1
84 189 0 1
85 189 0 1
86 189 0 1
88 189 0 1
93 189 0 1
94 189 0 1
95 189 0 1
96 189 0 1
99 189 0 1
114 189 0 1
63 190 0 1
64 190 0 1
65 190 0 1
79 190 0 1
83 190 0 1
90 190 0 1
91 190 0 1
92 190 0 1
61 191 0 1
62 191 0 1
63 191 0 1
64 191 0 1
65 191 0 1
66 191 0 1
69 191 0 1
79 191 0 1
83 191 0 1
90 191 0 1
91 191 0 1
92 191 0 1
100 191 0 1
101 191 0 1
112 191 0 1
61 192 0 1
62 192 0 1
63 192 0 1
64 192 0 1
65 192 0 1
66 192 0 1
69 192 0 1
70 192 0 1
79 192 0 1
81 192 0 1
83 192 0 1
89 192 0 1
90 192 0 1
91 192 0 1
92 192 0 1
100 192 0 1
101 192 0 1
102 192 0 1
107 192 0 1
112 192 0 1
113 192 0 1
114 192 0 1
61 193 0 1
63 193 0 1
64 193 0 1
65 193 0 1
66 193 0 1
69 193 0 1
79 193 0 1
83 193 0 1
90 193 0 1
91 193 0 1
92 193 0 1
100 193 0 1
112 193 0 1
2 194 0 1
60 194 0 1
61 194 0 1
62 194 0 1
65 194 0 1
66 194 0 1
69 194 0 1
70 194 0 1
71 194 0 1
72 194 0 1
73 194 0 1
77 194 0 1
79 194 0 1
81 194 0 1
82 194 0 1
85 194 0 1
86 194 0 1
89 194 0 1
92 194 0 1
93 194 0 1
100 194 0 1
101 194 0 1
102 194 0 1
103 194 0 1
105 194 0 1
112 194 0 1
113 194 0 1
114 194 0 1
63 195 0 1
64 195 0 1
65 195 0 1
66 195 0 1
69 195 0 1
79 195 0 1
83 195 0 1
90 195 0 1
91 195 0 1
92 195 0 1
100 195 0 1
24 196 0 1
47 196 0 1
48 196 0 1
50 196 0 1
57 196 0 1
60 196 0 1
61 196 0 1
62 196 0 1
65 196 0 1
66 196 0 1
69 196 0 1
100 196 0 1
101 196 0 1
102 196 0 1
103 196 0 1
105 196 0 1
107 196 0 1
112 196 0 1
113 196 0 1
114 196 0 1
24 197 0 1
50 197 0 1
57 197 0 1
61 197 0 1
63 197 0 1
64 197 0 1
65 197 0 1
83 197 0 1
107 197 0 1
112 197 0 1
24 198 0 1
47 198 0 1
50 198 0 1
57 198 0 1
61 198 0 1
62 198 0 1
65 198 0 1
66 198 0 1
69 198 0 1
100 198 0 1
101 198 0 1
102 198 0 1
103 198 0 1
105 198 0 1
107 198 0 1
112 198 0 1
113 198 0 1
114 198 0 1
24 199 0 1
50 199 0 1
57 199 0 1
61 199 0 1
62 199 0 1
63 199 0 1
64 199 0 1
65 199 0 1
100 199 0 1
107 199 0 1
112 199 0 1
113 199 0 1
24 200 0 1
50 200 0 1
57 200 0 1
61 200 0 1
63 200 0 1
64 200 0 1
65 200 0 1
66 200 0 1
100 200 0 1
107 200 0 1
112 200 0 1
24 201 0 1
47 201 0 1
50 201 0 1
57 201 0 1
61 201 0 1
62 201 0 1
103 201 0 1
105 201 0 1
107 201 0 1
112 201 0 1
113 201 0 1
114 201 0 1
2 202 0 1
16 202 0 1
24 202 0 1
25 202 0 1
27 202 0 1
31 202 0 1
33 202 0 1
35 202 0 1
41 202 0 1
47 202 0 1
48 202 0 1
50 202 0 1
52 202 0 1
53 202 0 1
55 202 0 1
57 202 0 1
59 202 0 1
60 202 0 1
61 202 0 1
62 202 0 1
103 202 0 1
105 202 0 1
107 202 0 1
108 202 0 1
112 202 0 1
113 202 0 1
114 202 0 1
16 203 0 1
24 203 0 1
33 203 0 1
47 203 0 1
48 203 0 1
50 203 0 1
57 203 0 1
61 203 0 1
62 203 0 1
103 203 0 1
105 203 0 1
107 203 0 1
112 203 0 1
113 203 0 1
114 203 0 1
24 204 0 1
50 204 0 1
57 204 0 1
107 204 0 1
112 204 0 1
24 205 0 1
50 205 0 1
57 205 0 1
24 206 0 1
50 206 0 1
57 206 0 1
107 206 0 1
112 206 0 1
24 207 0 1
47 207 0 1
50 207 0 1
57 207 0 1
61 207 0 1
62 207 0 1
103 207 0 1
105 207 0 1
107 207 0 1
112 207 0 1
113 207 0 1
114 207 0 1
10 208 0 1
11 208 0 1
16 208 0 1
24 208 0 1
50 208 0 1
57 208 0 1
107 208 0 1
10 209 0 1
11 209 0 1
24 209 0 1
50 209 0 1
11 210 0 1
13 210 0 1
16 210 0 1
17 210 0 1
24 210 0 1
33 210 0 1
13 211 0 1
14 211 0 1
15 211 0 1
16 211 0 1
17 211 0 1
20 211 0 1
22 211 0 1
23 211 0 1
25 211 0 1
27 211 0 1
28 211 0 1
29 211 0 1
31 211 0 1
33 211 0 1
35 211 0 1
36 211 0 1
41 211 0 1
52 211 0 1
53 211 0 1
55 211 0 1
11 212 0 1
24 212 0 1
50 212 0 1
57 212 0 1
4 213 0 1
5 213 0 1
8 213 0 1
10 213 0 1
11 213 0 1
6 214 0 1
9 214 0 1
12 214 0 1
18 214 0 1
19 214 0 1
32 214 0 1
34 214 0 1
37 214 0 1
38 214 0 1
39 214 0 1
40 214 0 1
6 215 0 1
12 215 0 1
14 215 0 1
15 215 0 1
18 215 0 1
19 215 0 1
20 215 0 1
21 215 0 1
22 215 0 1
34 215 0 1
36 215 0 1
37 215 0 1
13 216 0 1
14 216 0 1
15 216 0 1
16 216 0 1
17 216 0 1
20 216 0 1
22 216 0 1
23 216 0 1
33 216 0 1
35 216 0 1
36 216 0 1
7 217 0 1
10 217 0 1
13 217 0 1
16 217 0 1
17 217 0 1
20 217 0 1
7 218 0 1
10 218 0 1
13 218 0 1
14 218 0 1
15 218 0 1
16 218 0 1
17 218 0 1
20 218 0 1
23 218 0 1
35 218 0 1
6 219 0 1
9 219 0 1
12 219 0 1
18 219 0 1
19 219 0 1
32 219 0 1
34 219 0 1
38 219 0 1
39 219 0 1
40 219 0 1
5 220 0 1
8 220 0 1
10 220 0 1
11 220 0 1
13 221 0 1
14 221 0 1
15 221 0 1
16 221 0 1
17 221 0 1
19 221 0 1
20 221 0 1
21 221 0 1
22 221 0 1
23 221 0 1
33 221 0 1
35 221 0 1
36 221 0 1
37 221 0 1
12 222 0 1
14 222 0 1
15 222 0 1
17 222 0 1
19 222 0 1
20 222 0 1
21 222 0 1
22 222 0 1
23 222 0 1
34 222 0 1
35 222 0 1
36 222 0 1
37 222 0 1
43 222 0 1
6 223 0 1
12 223 0 1
14 223 0 1
15 223 0 1
18 223 0 1
19 223 0 1
20 223 0 1
21 223 0 1
22 223 0 1
32 223 0 1
34 223 0 1
36 223 0 1
37 223 0 1
42 223 0 1
3 224 0 1
6 224 0 1
9 224 0 1
12 224 0 1
18 224 0 1
19 224 0 1
32 224 0 1
34 224 0 1
37 224 0 1
38 224 0 1
39 224 0 1
40 224 0 1
7 225 0 1
8 225 0 1
10 225 0 1
11 225 0 1
24 225 0 1
8 226 0 1
10 226 0 1
11 226 0 1
3 227 0 1
6 227 0 1
9 227 0 1
12 227 0 1
18 227 0 1
19 227 0 1
21 227 0 1
32 227 0 1
34 227 0 1
37 227 0 1
38 227 0 1
39 227 0 1
40 227 0 1
10 228 0 1
13 228 0 1
16 228 0 1
17 228 0 1
20 228 0 1
23 228 0 1
33 228 0 1
35 228 0 1
6 229 0 1
12 229 0 1
14 229 0 1
15 229 0 1
18 229 0 1
19 229 0 1
20 229 0 1
21 229 0 1
22 229 0 1
26 229 0 1
32 229 0 1
34 229 0 1
36 229 0 1
37 229 0 1
40 229 0 1
42 229 0 1
43 229 0 1
