1 2 0 0
1 3 0 0
4 5 0 0
6 8 0 0
6 9 0 0
8 9 0 0
6 10 0 0
8 10 0 0
9 10 0 0
6 11 0 0
8 11 0 0
9 11 0 0
10 11 0 0
3 12 0 0
3 13 0 0
3 14 0 0
12 14 0 0
3 15 0 0
12 15 0 0
14 15 0 0
3 16 0 0
12 16 0 0
13 16 0 0
14 16 0 0
15 16 0 0
3 17 0 0
12 17 0 0
13 17 0 0
14 17 0 0
15 17 0 0
16 17 0 0
3 18 0 0
12 18 0 0
13 18 0 0
14 18 0 0
15 18 0 0
16 18 0 0
17 18 0 0
3 19 0 0
12 19 0 0
14 19 0 0
15 19 0 0
17 19 0 0
3 20 0 0
12 20 0 0
14 20 0 0
15 20 0 0
16 20 0 0
17 20 0 0
18 20 0 0
19 20 0 0
3 21 0 0
8 21 0 0
12 21 0 0
13 21 0 0
14 21 0 0
15 21 0 0
16 21 0 0
17 21 0 0
18 21 0 0
20 21 0 0
3 22 0 0
12 22 0 0
14 22 0 0
15 22 0 0
16 22 0 0
17 22 0 0
19 22 0 0
20 22 0 0
3 23 0 0
12 23 0 0
14 23 0 0
15 23 0 0
16 23 0 0
17 23 0 0
18 23 0 0
19 23 0 0
20 23 0 0
21 23 0 0
22 23 0 0
2 24 0 0
3 25 0 0
14 25 0 0
19 25 0 0
20 25 0 0
22 25 0 0
23 25 0 0
2 26 0 0
24 26 0 0
3 27 0 0
13 27 0 0
16 27 0 0
17 27 0 0
18 27 0 0
21 27 0 0
3 28 0 0
12 28 0 0
14 28 0 0
15 28 0 0
16 28 0 0
17 28 0 0
18 28 0 0
19 28 0 0
20 28 0 0
21 28 0 0
22 28 0 0
23 28 0 0
25 28 0 0
3 29 0 0
13 29 0 0
16 29 0 0
17 29 0 0
18 29 0 0
21 29 0 0
27 29 0 0
3 30 0 0
12 30 0 0
13 30 0 0
14 30 0 0
15 30 0 0
16 30 0 0
17 30 0 0
18 30 0 0
20 30 0 0
21 30 0 0
23 30 0 0
27 30 0 0
28 30 0 0
29 30 0 0
3 31 0 0
13 31 0 0
16 31 0 0
18 31 0 0
21 31 0 0
27 31 0 0
29 31 0 0
30 31 0 0
3 32 0 0
13 32 0 0
18 32 0 0
21 32 0 0
27 32 0 0
29 32 0 0
30 32 0 0
31 32 0 0
2 33 0 0
24 33 0 0
26 33 0 0
3 34 0 0
13 34 0 0
16 34 0 0
17 34 0 0
18 34 0 0
21 34 0 0
27 34 0 0
29 34 0 0
30 34 0 0
31 34 0 0
32 34 0 0
2 35 0 0
24 35 0 0
26 35 0 0
33 35 0 0
3 36 0 0
19 36 0 0
22 36 0 0
25 36 0 0
28 36 0 0
3 37 0 0
14 37 0 0
15 37 0 0
17 37 0 0
19 37 0 0
20 37 0 0
22 37 0 0
23 37 0 0
25 37 0 0
28 37 0 0
36 37 0 0
3 38 0 0
21 38 0 0
27 38 0 0
29 38 0 0
30 38 0 0
31 38 0 0
32 38 0 0
34 38 0 0
1 39 0 0
2 39 0 0
24 39 0 0
26 39 0 0
33 39 0 0
35 39 0 0
1 40 0 0
2 40 0 0
24 40 0 0
26 40 0 0
33 40 0 0
35 40 0 0
39 40 0 0
1 41 0 0
2 41 0 0
24 41 0 0
26 41 0 0
33 41 0 0
35 41 0 0
39 41 0 0
40 41 0 0
1 42 0 0
2 42 0 0
24 42 0 0
26 42 0 0
33 42 0 0
35 42 0 0
39 42 0 0
40 42 0 0
41 42 0 0
1 43 0 0
2 43 0 0
25 43 0 0
36 43 0 0
39 43 0 0
40 43 0 0
41 43 0 0
1 44 0 0
2 44 0 0
24 44 0 0
26 44 0 0
33 44 0 0
35 44 0 0
39 44 0 0
40 44 0 0
41 44 0 0
42 44 0 0
43 44 0 0
1 45 0 0
3 45 0 0
19 45 0 0
22 45 0 0
25 45 0 0
28 45 0 0
36 45 0 0
37 45 0 0
43 45 0 0
1 46 0 0
2 46 0 0
24 46 0 0
26 46 0 0
33 46 0 0
35 46 0 0
39 46 0 0
40 46 0 0
41 46 0 0
42 46 0 0
43 46 0 0
44 46 0 0
1 47 0 0
2 47 0 0
26 47 0 0
33 47 0 0
35 47 0 0
36 47 0 0
39 47 0 0
40 47 0 0
41 47 0 0
42 47 0 0
43 47 0 0
44 47 0 0
45 47 0 0
46 47 0 0
1 48 0 0
3 48 0 0
25 48 0 0
36 48 0 0
39 48 0 0
43 48 0 0
45 48 0 0
47 48 0 0
3 49 0 0
3 50 0 0
49 50 0 0
3 51 0 0
49 51 0 0
50 51 0 0
3 52 0 0
49 52 0 0
50 52 0 0
51 52 0 0
1 53 0 0
3 53 0 0
48 53 0 0
51 53 0 0
52 53 0 0
3 54 0 0
38 54 0 0
49 54 0 0
50 54 0 0
51 54 0 0
52 54 0 0
1 55 0 0
3 55 0 0
45 55 0 0
48 55 0 0
51 55 0 0
52 55 0 0
53 55 0 0
3 56 0 0
38 56 0 0
49 56 0 0
50 56 0 0
51 56 0 0
52 56 0 0
53 56 0 0
54 56 0 0
55 56 0 0
3 57 0 0
48 57 0 0
50 57 0 0
51 57 0 0
52 57 0 0
53 57 0 0
54 57 0 0
55 57 0 0
56 57 0 0
1 58 0 0
2 58 0 0
39 58 0 0
42 58 0 0
44 58 0 0
46 58 0 0
47 58 0 0
1 59 0 0
2 59 0 0
39 59 0 0
44 59 0 0
46 59 0 0
47 59 0 0
48 59 0 0
58 59 0 0
3 60 0 0
49 60 0 0
50 60 0 0
51 60 0 0
52 60 0 0
53 60 0 0
54 60 0 0
55 60 0 0
56 60 0 0
57 60 0 0
3 61 0 0
49 61 0 0
50 61 0 0
51 61 0 0
52 61 0 0
53 61 0 0
54 61 0 0
55 61 0 0
56 61 0 0
57 61 0 0
60 61 0 0
1 62 0 0
3 62 0 0
45 62 0 0
48 62 0 0
51 62 0 0
52 62 0 0
53 62 0 0
55 62 0 0
56 62 0 0
57 62 0 0
60 62 0 0
61 62 0 0
1 63 0 0
3 63 0 0
45 63 0 0
48 63 0 0
52 63 0 0
53 63 0 0
55 63 0 0
57 63 0 0
60 63 0 0
61 63 0 0
62 63 0 0
1 64 0 0
3 64 0 0
45 64 0 0
48 64 0 0
52 64 0 0
53 64 0 0
55 64 0 0
57 64 0 0
59 64 0 0
61 64 0 0
62 64 0 0
63 64 0 0
3 65 0 0
38 65 0 0
49 65 0 0
50 65 0 0
51 65 0 0
54 65 0 0
56 65 0 0
60 65 0 0
61 65 0 0
3 66 0 0
38 66 0 0
49 66 0 0
50 66 0 0
51 66 0 0
52 66 0 0
53 66 0 0
54 66 0 0
55 66 0 0
56 66 0 0
57 66 0 0
60 66 0 0
61 66 0 0
65 66 0 0
3 67 0 0
49 67 0 0
50 67 0 0
51 67 0 0
52 67 0 0
53 67 0 0
54 67 0 0
55 67 0 0
56 67 0 0
57 67 0 0
60 67 0 0
61 67 0 0
62 67 0 0
63 67 0 0
65 67 0 0
66 67 0 0
1 68 0 0
3 68 0 0
48 68 0 0
51 68 0 0
52 68 0 0
53 68 0 0
55 68 0 0
56 68 0 0
57 68 0 0
60 68 0 0
61 68 0 0
62 68 0 0
63 68 0 0
64 68 0 0
67 68 0 0
1 69 0 0
2 69 0 0
24 69 0 0
33 69 0 0
35 69 0 0
39 69 0 0
40 69 0 0
41 69 0 0
42 69 0 0
43 69 0 0
44 69 0 0
46 69 0 0
47 69 0 0
58 69 0 0
59 69 0 0
3 70 0 0
30 70 0 0
34 70 0 0
38 70 0 0
49 70 0 0
50 70 0 0
51 70 0 0
52 70 0 0
54 70 0 0
56 70 0 0
57 70 0 0
60 70 0 0
61 70 0 0
65 70 0 0
66 70 0 0
67 70 0 0
3 71 0 0
37 71 0 0
49 71 0 0
50 71 0 0
51 71 0 0
52 71 0 0
53 71 0 0
54 71 0 0
55 71 0 0
56 71 0 0
57 71 0 0
60 71 0 0
61 71 0 0
62 71 0 0
63 71 0 0
66 71 0 0
67 71 0 0
68 71 0 0
70 71 0 0
1 72 0 0
3 72 0 0
25 72 0 0
28 72 0 0
37 72 0 0
45 72 0 0
48 72 0 0
50 72 0 0
51 72 0 0
52 72 0 0
53 72 0 0
55 72 0 0
56 72 0 0
57 72 0 0
60 72 0 0
61 72 0 0
62 72 0 0
63 72 0 0
64 72 0 0
66 72 0 0
67 72 0 0
68 72 0 0
70 72 0 0
71 72 0 0
1 73 0 0
3 73 0 0
25 73 0 0
36 73 0 0
37 73 0 0
45 73 0 0
48 73 0 0
51 73 0 0
52 73 0 0
53 73 0 0
55 73 0 0
56 73 0 0
57 73 0 0
60 73 0 0
61 73 0 0
62 73 0 0
63 73 0 0
64 73 0 0
66 73 0 0
67 73 0 0
68 73 0 0
71 73 0 0
72 73 0 0
1 74 0 0
3 74 0 0
25 74 0 0
36 74 0 0
43 74 0 0
45 74 0 0
47 74 0 0
48 74 0 0
52 74 0 0
53 74 0 0
55 74 0 0
57 74 0 0
62 74 0 0
63 74 0 0
64 74 0 0
68 74 0 0
71 74 0 0
72 74 0 0
73 74 0 0
3 75 0 0
34 75 0 0
38 75 0 0
49 75 0 0
50 75 0 0
51 75 0 0
54 75 0 0
56 75 0 0
60 75 0 0
65 75 0 0
66 75 0 0
70 75 0 0
1 76 0 0
2 76 0 0
39 76 0 0
40 76 0 0
43 76 0 0
44 76 0 0
45 76 0 0
46 76 0 0
47 76 0 0
48 76 0 0
58 76 0 0
59 76 0 0
62 76 0 0
63 76 0 0
64 76 0 0
68 76 0 0
69 76 0 0
74 76 0 0
1 77 0 0
3 77 0 0
25 77 0 0
36 77 0 0
45 77 0 0
48 77 0 0
51 77 0 0
52 77 0 0
53 77 0 0
55 77 0 0
57 77 0 0
60 77 0 0
61 77 0 0
62 77 0 0
63 77 0 0
64 77 0 0
67 77 0 0
68 77 0 0
71 77 0 0
72 77 0 0
73 77 0 0
74 77 0 0
76 77 0 0
3 78 0 0
38 78 0 0
49 78 0 0
50 78 0 0
51 78 0 0
52 78 0 0
54 78 0 0
56 78 0 0
57 78 0 0
60 78 0 0
61 78 0 0
65 78 0 0
66 78 0 0
67 78 0 0
70 78 0 0
71 78 0 0
72 78 0 0
73 78 0 0
75 78 0 0
3 79 0 0
38 79 0 0
49 79 0 0
50 79 0 0
51 79 0 0
52 79 0 0
53 79 0 0
54 79 0 0
55 79 0 0
56 79 0 0
57 79 0 0
60 79 0 0
61 79 0 0
62 79 0 0
65 79 0 0
66 79 0 0
67 79 0 0
68 79 0 0
70 79 0 0
71 79 0 0
72 79 0 0
73 79 0 0
75 79 0 0
77 79 0 0
78 79 0 0
1 80 0 0
3 80 0 0
45 80 0 0
48 80 0 0
51 80 0 0
52 80 0 0
53 80 0 0
55 80 0 0
56 80 0 0
57 80 0 0
60 80 0 0
61 80 0 0
62 80 0 0
63 80 0 0
64 80 0 0
66 80 0 0
67 80 0 0
68 80 0 0
70 80 0 0
71 80 0 0
72 80 0 0
73 80 0 0
74 80 0 0
77 80 0 0
78 80 0 0
79 80 0 0
3 81 0 0
38 81 0 0
49 81 0 0
50 81 0 0
51 81 0 0
54 81 0 0
56 81 0 0
60 81 0 0
61 81 0 0
65 81 0 0
66 81 0 0
67 81 0 0
70 81 0 0
71 81 0 0
75 81 0 0
78 81 0 0
79 81 0 0
3 82 0 0
21 82 0 0
27 82 0 0
29 82 0 0
30 82 0 0
31 82 0 0
32 82 0 0
34 82 0 0
38 82 0 0
49 82 0 0
50 82 0 0
51 82 0 0
54 82 0 0
56 82 0 0
60 82 0 0
61 82 0 0
65 82 0 0
66 82 0 0
67 82 0 0
70 82 0 0
71 82 0 0
72 82 0 0
75 82 0 0
78 82 0 0
79 82 0 0
81 82 0 0
1 83 0 0
2 83 0 0
3 83 0 0
25 83 0 0
36 83 0 0
37 83 0 0
39 83 0 0
40 83 0 0
43 83 0 0
44 83 0 0
45 83 0 0
47 83 0 0
48 83 0 0
53 83 0 0
55 83 0 0
58 83 0 0
59 83 0 0
62 83 0 0
63 83 0 0
64 83 0 0
68 83 0 0
69 83 0 0
72 83 0 0
73 83 0 0
74 83 0 0
76 83 0 0
77 83 0 0
80 83 0 0
1 84 0 0
2 84 0 0
24 84 0 0
26 84 0 0
33 84 0 0
35 84 0 0
39 84 0 0
40 84 0 0
41 84 0 0
42 84 0 0
43 84 0 0
44 84 0 0
46 84 0 0
47 84 0 0
58 84 0 0
59 84 0 0
69 84 0 0
76 84 0 0
1 85 0 0
2 85 0 0
24 85 0 0
26 85 0 0
33 85 0 0
35 85 0 0
39 85 0 0
40 85 0 0
41 85 0 0
42 85 0 0
44 85 0 0
46 85 0 0
47 85 0 0
58 85 0 0
59 85 0 0
69 85 0 0
84 85 0 0
1 86 0 0
2 86 0 0
35 86 0 0
36 86 0 0
39 86 0 0
40 86 0 0
41 86 0 0
42 86 0 0
43 86 0 0
44 86 0 0
45 86 0 0
46 86 0 0
47 86 0 0
48 86 0 0
58 86 0 0
59 86 0 0
63 86 0 0
64 86 0 0
69 86 0 0
74 86 0 0
76 86 0 0
83 86 0 0
84 86 0 0
85 86 0 0
1 87 0 0
2 87 0 0
24 87 0 0
26 87 0 0
33 87 0 0
35 87 0 0
39 87 0 0
40 87 0 0
41 87 0 0
42 87 0 0
43 87 0 0
44 87 0 0
46 87 0 0
47 87 0 0
48 87 0 0
58 87 0 0
59 87 0 0
64 87 0 0
69 87 0 0
74 87 0 0
76 87 0 0
83 87 0 0
84 87 0 0
85 87 0 0
86 87 0 0
1 88 0 0
2 88 0 0
24 88 0 0
26 88 0 0
33 88 0 0
35 88 0 0
39 88 0 0
40 88 0 0
41 88 0 0
42 88 0 0
43 88 0 0
44 88 0 0
46 88 0 0
47 88 0 0
58 88 0 0
59 88 0 0
69 88 0 0
76 88 0 0
83 88 0 0
84 88 0 0
85 88 0 0
86 88 0 0
87 88 0 0
3 89 0 0
18 89 0 0
21 89 0 0
27 89 0 0
28 89 0 0
29 89 0 0
30 89 0 0
31 89 0 0
32 89 0 0
34 89 0 0
38 89 0 0
49 89 0 0
50 89 0 0
51 89 0 0
54 89 0 0
56 89 0 0
60 89 0 0
61 89 0 0
65 89 0 0
66 89 0 0
67 89 0 0
70 89 0 0
71 89 0 0
72 89 0 0
75 89 0 0
78 89 0 0
79 89 0 0
81 89 0 0
82 89 0 0
1 90 0 0
3 90 0 0
22 90 0 0
25 90 0 0
28 90 0 0
36 90 0 0
37 90 0 0
43 90 0 0
45 90 0 0
48 90 0 0
53 90 0 0
55 90 0 0
57 90 0 0
61 90 0 0
62 90 0 0
63 90 0 0
64 90 0 0
68 90 0 0
71 90 0 0
72 90 0 0
73 90 0 0
74 90 0 0
76 90 0 0
77 90 0 0
80 90 0 0
83 90 0 0
86 90 0 0
3 91 0 0
28 91 0 0
30 91 0 0
37 91 0 0
38 91 0 0
49 91 0 0
50 91 0 0
51 91 0 0
52 91 0 0
54 91 0 0
55 91 0 0
56 91 0 0
57 91 0 0
60 91 0 0
61 91 0 0
62 91 0 0
65 91 0 0
66 91 0 0
67 91 0 0
70 91 0 0
71 91 0 0
72 91 0 0
73 91 0 0
75 91 0 0
77 91 0 0
78 91 0 0
79 91 0 0
80 91 0 0
81 91 0 0
82 91 0 0
89 91 0 0
3 92 0 0
27 92 0 0
29 92 0 0
30 92 0 0
31 92 0 0
32 92 0 0
34 92 0 0
38 92 0 0
49 92 0 0
50 92 0 0
54 92 0 0
65 92 0 0
66 92 0 0
70 92 0 0
75 92 0 0
78 92 0 0
81 92 0 0
82 92 0 0
89 92 0 0
3 93 0 0
27 93 0 0
30 93 0 0
32 93 0 0
34 93 0 0
38 93 0 0
49 93 0 0
50 93 0 0
51 93 0 0
52 93 0 0
54 93 0 0
55 93 0 0
56 93 0 0
57 93 0 0
60 93 0 0
61 93 0 0
65 93 0 0
66 93 0 0
67 93 0 0
70 93 0 0
71 93 0 0
72 93 0 0
73 93 0 0
75 93 0 0
78 93 0 0
79 93 0 0
80 93 0 0
81 93 0 0
82 93 0 0
89 93 0 0
91 93 0 0
92 93 0 0
1 94 0 0
3 94 0 0
22 94 0 0
25 94 0 0
28 94 0 0
36 94 0 0
37 94 0 0
45 94 0 0
48 94 0 0
51 94 0 0
52 94 0 0
53 94 0 0
55 94 0 0
56 94 0 0
57 94 0 0
60 94 0 0
61 94 0 0
62 94 0 0
63 94 0 0
64 94 0 0
67 94 0 0
68 94 0 0
71 94 0 0
72 94 0 0
73 94 0 0
74 94 0 0
77 94 0 0
79 94 0 0
80 94 0 0
83 94 0 0
90 94 0 0
91 94 0 0
93 94 0 0
7 95 0 1
4 96 0 1
5 96 0 1
10 96 0 1
7 97 0 1
6 98 0 1
9 98 0 1
11 98 0 1
6 99 0 1
9 99 0 1
11 99 0 1
6 100 0 1
11 100 0 1
4 101 0 1
5 101 0 1
6 101 0 1
4 102 0 1
5 102 0 1
7 102 0 1
4 103 0 1
5 103 0 1
7 103 0 1
4 104 0 1
5 104 0 1
6 104 0 1
4 105 0 1
5 105 0 1
6 105 0 1
9 105 0 1
10 105 0 1
11 105 0 1
4 106 0 1
5 106 0 1
4 107 0 1
5 107 0 1
7 108 0 1
4 109 0 1
6 109 0 1
9 109 0 1
10 109 0 1
11 109 0 1
4 110 0 1
5 110 0 1
4 112 0 1
6 112 0 1
9 112 0 1
10 112 0 1
11 112 0 1
4 113 0 1
5 113 0 1
4 114 0 1
5 114 0 1
7 115 0 1
5 116 0 1
7 116 0 1
7 117 0 1
4 118 0 1
5 118 0 1
6 118 0 1
4 119 0 1
5 119 0 1
6 119 0 1
8 119 0 1
9 119 0 1
10 119 0 1
11 119 0 1
4 120 0 1
5 120 0 1
6 120 0 1
10 120 0 1
4 121 0 1
5 121 0 1
7 121 0 1
5 122 0 1
7 122 0 1
4 123 0 1
5 123 0 1
7 123 0 1
4 124 0 1
5 124 0 1
5 125 0 1
7 125 0 1
4 126 0 1
5 126 0 1
6 126 0 1
9 126 0 1
10 126 0 1
11 126 0 1
6 127 0 1
8 127 0 1
9 127 0 1
10 127 0 1
11 127 0 1
4 128 0 1
5 128 0 1
6 128 0 1
9 128 0 1
10 128 0 1
11 128 0 1
6 129 0 1
8 129 0 1
9 129 0 1
10 129 0 1
11 129 0 1
6 130 0 1
8 130 0 1
9 130 0 1
10 130 0 1
11 130 0 1
12 130 0 1
16 130 0 1
21 130 0 1
5 131 0 1
8 131 0 1
10 131 0 1
12 131 0 1
14 131 0 1
15 131 0 1
16 131 0 1
17 131 0 1
21 131 0 1
7 132 0 1
6 134 0 1
8 134 0 1
9 134 0 1
10 134 0 1
11 134 0 1
12 134 0 1
5 135 0 1
6 135 0 1
8 135 0 1
9 135 0 1
10 135 0 1
11 135 0 1
12 135 0 1
15 135 0 1
16 135 0 1
21 135 0 1
5 136 0 1
12 136 0 1
14 136 0 1
5 137 0 1
12 137 0 1
7 138 0 1
7 139 0 1
5 140 0 1
7 140 0 1
7 142 0 1
5 143 0 1
12 143 0 1
14 143 0 1
5 144 0 1
8 144 0 1
10 144 0 1
12 144 0 1
14 144 0 1
15 144 0 1
16 144 0 1
7 145 0 1
8 146 0 1
9 146 0 1
10 146 0 1
11 146 0 1
12 146 0 1
13 146 0 1
15 146 0 1
16 146 0 1
17 146 0 1
18 146 0 1
21 146 0 1
7 147 0 1
5 149 0 1
12 149 0 1
14 149 0 1
15 149 0 1
16 149 0 1
17 149 0 1
20 149 0 1
7 150 0 1
7 151 0 1
5 152 0 1
7 152 0 1
12 152 0 1
14 152 0 1
24 153 0 1
26 153 0 1
33 153 0 1
26 154 0 1
3 155 0 1
12 155 0 1
14 155 0 1
15 155 0 1
16 155 0 1
17 155 0 1
19 155 0 1
20 155 0 1
22 155 0 1
23 155 0 1
28 155 0 1
3 156 0 1
8 156 0 1
9 156 0 1
10 156 0 1
13 156 0 1
16 156 0 1
18 156 0 1
21 156 0 1
27 156 0 1
29 156 0 1
30 156 0 1
31 156 0 1
3 157 0 1
8 157 0 1
9 157 0 1
10 157 0 1
12 157 0 1
13 157 0 1
14 157 0 1
15 157 0 1
16 157 0 1
17 157 0 1
18 157 0 1
20 157 0 1
21 157 0 1
29 157 0 1
30 157 0 1
31 157 0 1
3 158 0 1
8 158 0 1
12 158 0 1
14 158 0 1
15 158 0 1
16 158 0 1
17 158 0 1
18 158 0 1
19 158 0 1
20 158 0 1
21 158 0 1
23 158 0 1
28 158 0 1
3 159 0 1
8 159 0 1
10 159 0 1
12 159 0 1
13 159 0 1
14 159 0 1
15 159 0 1
16 159 0 1
17 159 0 1
18 159 0 1
20 159 0 1
21 159 0 1
23 159 0 1
29 159 0 1
30 159 0 1
31 159 0 1
3 160 0 1
12 160 0 1
14 160 0 1
15 160 0 1
16 160 0 1
17 160 0 1
18 160 0 1
19 160 0 1
20 160 0 1
21 160 0 1
22 160 0 1
23 160 0 1
28 160 0 1
26 161 0 1
3 162 0 1
12 162 0 1
14 162 0 1
15 162 0 1
17 162 0 1
19 162 0 1
20 162 0 1
22 162 0 1
23 162 0 1
28 162 0 1
3 163 0 1
13 163 0 1
15 163 0 1
16 163 0 1
17 163 0 1
18 163 0 1
21 163 0 1
27 163 0 1
29 163 0 1
30 163 0 1
31 163 0 1
32 163 0 1
34 163 0 1
3 164 0 1
12 164 0 1
14 164 0 1
15 164 0 1
16 164 0 1
17 164 0 1
18 164 0 1
19 164 0 1
20 164 0 1
22 164 0 1
23 164 0 1
25 164 0 1
28 164 0 1
36 164 0 1
37 164 0 1
2 165 0 1
24 165 0 1
26 165 0 1
33 165 0 1
35 165 0 1
39 165 0 1
40 165 0 1
41 165 0 1
42 165 0 1
43 165 0 1
44 165 0 1
46 165 0 1
47 165 0 1
84 165 0 1
86 165 0 1
87 165 0 1
88 165 0 1
3 166 0 1
14 166 0 1
17 166 0 1
19 166 0 1
20 166 0 1
22 166 0 1
23 166 0 1
25 166 0 1
28 166 0 1
36 166 0 1
37 166 0 1
45 166 0 1
48 166 0 1
71 166 0 1
72 166 0 1
73 166 0 1
74 166 0 1
77 166 0 1
80 166 0 1
83 166 0 1
90 166 0 1
91 166 0 1
94 166 0 1
3 167 0 1
19 167 0 1
22 167 0 1
23 167 0 1
25 167 0 1
28 167 0 1
36 167 0 1
37 167 0 1
43 167 0 1
45 167 0 1
47 167 0 1
48 167 0 1
74 167 0 1
83 167 0 1
90 167 0 1
94 167 0 1
2 168 0 1
24 168 0 1
26 168 0 1
33 168 0 1
35 168 0 1
36 168 0 1
39 168 0 1
40 168 0 1
41 168 0 1
42 168 0 1
43 168 0 1
44 168 0 1
45 168 0 1
46 168 0 1
47 168 0 1
69 168 0 1
83 168 0 1
84 168 0 1
86 168 0 1
87 168 0 1
88 168 0 1
25 169 0 1
26 169 0 1
35 169 0 1
36 169 0 1
39 169 0 1
40 169 0 1
41 169 0 1
43 169 0 1
44 169 0 1
45 169 0 1
46 169 0 1
47 169 0 1
48 169 0 1
83 169 0 1
86 169 0 1
87 169 0 1
88 169 0 1
90 169 0 1
25 170 0 1
26 170 0 1
35 170 0 1
36 170 0 1
39 170 0 1
40 170 0 1
41 170 0 1
43 170 0 1
44 170 0 1
45 170 0 1
46 170 0 1
47 170 0 1
83 170 0 1
86 170 0 1
87 170 0 1
88 170 0 1
3 171 0 1
14 171 0 1
19 171 0 1
20 171 0 1
22 171 0 1
23 171 0 1
25 171 0 1
28 171 0 1
36 171 0 1
37 171 0 1
43 171 0 1
45 171 0 1
3 172 0 1
12 172 0 1
14 172 0 1
17 172 0 1
19 172 0 1
20 172 0 1
22 172 0 1
23 172 0 1
25 172 0 1
28 172 0 1
36 172 0 1
37 172 0 1
45 172 0 1
3 173 0 1
12 173 0 1
14 173 0 1
15 173 0 1
16 173 0 1
17 173 0 1
19 173 0 1
20 173 0 1
22 173 0 1
23 173 0 1
25 173 0 1
28 173 0 1
36 173 0 1
37 173 0 1
45 173 0 1
19 174 0 1
22 174 0 1
25 174 0 1
36 174 0 1
37 174 0 1
43 174 0 1
45 174 0 1
47 174 0 1
83 174 0 1
3 175 0 1
12 175 0 1
14 175 0 1
15 175 0 1
17 175 0 1
19 175 0 1
20 175 0 1
22 175 0 1
23 175 0 1
25 175 0 1
28 175 0 1
36 175 0 1
37 175 0 1
45 175 0 1
24 176 0 1
26 176 0 1
33 176 0 1
35 176 0 1
39 176 0 1
40 176 0 1
41 176 0 1
42 176 0 1
43 176 0 1
44 176 0 1
46 176 0 1
47 176 0 1
88 176 0 1
19 177 0 1
22 177 0 1
25 177 0 1
36 177 0 1
39 177 0 1
40 177 0 1
43 177 0 1
44 177 0 1
45 177 0 1
47 177 0 1
83 177 0 1
24 178 0 1
26 178 0 1
33 178 0 1
35 178 0 1
40 178 0 1
41 178 0 1
42 178 0 1
44 178 0 1
24 179 0 1
26 179 0 1
33 179 0 1
35 179 0 1
40 179 0 1
41 179 0 1
42 179 0 1
44 179 0 1
46 179 0 1
2 180 0 1
24 180 0 1
26 180 0 1
33 180 0 1
35 180 0 1
40 180 0 1
41 180 0 1
42 180 0 1
44 180 0 1
46 180 0 1
24 181 0 1
26 181 0 1
33 181 0 1
35 181 0 1
39 181 0 1
40 181 0 1
41 181 0 1
42 181 0 1
43 181 0 1
44 181 0 1
46 181 0 1
47 181 0 1
88 181 0 1
19 182 0 1
25 182 0 1
36 182 0 1
40 182 0 1
43 182 0 1
44 182 0 1
47 182 0 1
3 183 0 1
8 183 0 1
12 183 0 1
13 183 0 1
15 183 0 1
16 183 0 1
17 183 0 1
18 183 0 1
21 183 0 1
27 183 0 1
29 183 0 1
30 183 0 1
31 183 0 1
32 183 0 1
34 183 0 1
3 184 0 1
12 184 0 1
14 184 0 1
15 184 0 1
19 184 0 1
20 184 0 1
22 184 0 1
23 184 0 1
25 184 0 1
28 184 0 1
36 184 0 1
37 184 0 1
14 185 0 1
19 185 0 1
22 185 0 1
25 185 0 1
28 185 0 1
36 185 0 1
37 185 0 1
12 186 0 1
14 186 0 1
19 186 0 1
20 186 0 1
22 186 0 1
23 186 0 1
25 186 0 1
28 186 0 1
36 186 0 1
37 186 0 1
26 187 0 1
35 187 0 1
36 187 0 1
40 187 0 1
41 187 0 1
43 187 0 1
44 187 0 1
47 187 0 1
24 188 0 1
26 188 0 1
33 188 0 1
35 188 0 1
7 189 0 1
19 189 0 1
22 189 0 1
36 189 0 1
43 189 0 1
24 190 0 1
26 190 0 1
33 190 0 1
35 190 0 1
40 190 0 1
41 190 0 1
42 190 0 1
24 191 0 1
26 191 0 1
33 191 0 1
35 191 0 1
40 191 0 1
41 191 0 1
42 191 0 1
26 192 0 1
33 192 0 1
35 192 0 1
40 192 0 1
41 192 0 1
24 193 0 1
26 193 0 1
33 193 0 1
35 193 0 1
40 193 0 1
41 193 0 1
42 193 0 1
19 194 0 1
22 194 0 1
25 194 0 1
36 194 0 1
43 194 0 1
26 195 0 1
33 195 0 1
35 195 0 1
40 195 0 1
41 195 0 1
43 195 0 1
44 195 0 1
47 195 0 1
7 196 0 1
19 196 0 1
12 197 0 1
14 197 0 1
15 197 0 1
19 197 0 1
20 197 0 1
22 197 0 1
3 198 0 1
8 198 0 1
9 198 0 1
10 198 0 1
11 198 0 1
12 198 0 1
14 198 0 1
15 198 0 1
16 198 0 1
17 198 0 1
18 198 0 1
20 198 0 1
21 198 0 1
3 199 0 1
8 199 0 1
9 199 0 1
10 199 0 1
11 199 0 1
12 199 0 1
13 199 0 1
14 199 0 1
15 199 0 1
16 199 0 1
17 199 0 1
18 199 0 1
21 199 0 1
8 200 0 1
9 200 0 1
10 200 0 1
11 200 0 1
13 200 0 1
16 200 0 1
18 200 0 1
21 200 0 1
7 202 0 1
14 202 0 1
19 202 0 1
22 202 0 1
7 204 0 1
8 205 0 1
9 205 0 1
10 205 0 1
11 205 0 1
13 205 0 1
21 205 0 1
31 205 0 1
3 206 0 1
8 206 0 1
9 206 0 1
10 206 0 1
11 206 0 1
12 206 0 1
13 206 0 1
14 206 0 1
15 206 0 1
16 206 0 1
17 206 0 1
18 206 0 1
20 206 0 1
21 206 0 1
7 207 0 1
7 209 0 1
7 210 0 1
3 211 0 1
8 211 0 1
9 211 0 1
10 211 0 1
12 211 0 1
13 211 0 1
15 211 0 1
16 211 0 1
17 211 0 1
18 211 0 1
21 211 0 1
30 211 0 1
31 211 0 1
3 212 0 1
8 212 0 1
10 212 0 1
12 212 0 1
14 212 0 1
15 212 0 1
16 212 0 1
17 212 0 1
18 212 0 1
20 212 0 1
21 212 0 1
23 212 0 1
26 213 0 1
7 214 0 1
7 215 0 1
7 216 0 1
5 217 0 1
6 217 0 1
8 217 0 1
9 217 0 1
10 217 0 1
11 217 0 1
7 218 0 1
4 219 0 1
5 219 0 1
6 219 0 1
8 219 0 1
9 219 0 1
10 219 0 1
11 219 0 1
5 221 0 1
7 221 0 1
4 222 0 1
5 222 0 1
7 222 0 1
7 224 0 1
7 225 0 1
7 226 0 1
7 227 0 1
5 228 0 1
6 228 0 1
8 228 0 1
9 228 0 1
10 228 0 1
11 228 0 1
12 228 0 1
